{
    "pred_cam": [
        6.518742561340332,
        -0.16255246102809906,
        -0.027758359909057617
    ],
    "pred_mano_params": {
        "global_orient": [
            [
                [
                    -0.6017430424690247,
                    -0.7507424354553223,
                    0.27256396412849426
                ],
                [
                    -0.025483394041657448,
                    -0.32304319739341736,
                    -0.9460411071777344
                ],
                [
                    0.7982831597328186,
                    -0.5762194991111755,
                    0.17525753378868103
                ]
            ]
        ],
        "hand_pose": [
            [
                [
                    0.7373695969581604,
                    -0.6224873661994934,
                    -0.2622887194156647
                ],
                [
                    0.591690182685852,
                    0.7825328707695007,
                    -0.19376538693904877
                ],
                [
                    0.32586607336997986,
                    -0.012316932901740074,
                    0.9453356266021729
                ]
            ],
            [
                [
                    0.9730160236358643,
                    -0.21149501204490662,
                    0.09224750101566315
                ],
                [
                    0.22916793823242188,
                    0.9323552250862122,
                    -0.2796351909637451
                ],
                [
                    -0.026865988969802856,
                    0.29322972893714905,
                    0.9556644558906555
                ]
            ],
            [
                [
                    0.86264967918396,
                    -0.4999335706233978,
                    0.07682441920042038
                ],
                [
                    0.49178534746170044,
                    0.864521861076355,
                    0.10367821902036667
                ],
                [
                    -0.11824861168861389,
                    -0.05165685713291168,
                    0.9916394948959351
                ]
            ],
            [
                [
                    0.615827739238739,
                    -0.7688014507293701,
                    -0.17233863472938538
                ],
                [
                    0.7691332101821899,
                    0.6340489983558655,
                    -0.08009939640760422
                ],
                [
                    0.1708516776561737,
                    -0.08322395384311676,
                    0.98177570104599
                ]
            ],
            [
                [
                    0.9966966509819031,
                    -0.04580693319439888,
                    -0.0670645534992218
                ],
                [
                    0.06006011366844177,
                    0.9715752601623535,
                    0.22898492217063904
                ],
                [
                    0.05466916412115097,
                    -0.23225638270378113,
                    0.9711169600486755
                ]
            ],
            [
                [
                    0.8904024362564087,
                    -0.4550972580909729,
                    -0.00837184302508831
                ],
                [
                    0.4551543593406677,
                    0.8903847932815552,
                    0.0070319646038115025
                ],
                [
                    0.004253933671861887,
                    -0.010071758180856705,
                    0.9999402761459351
                ]
            ],
            [
                [
                    0.6162469983100891,
                    -0.7587087750434875,
                    0.21118853986263275
                ],
                [
                    0.6350241303443909,
                    0.6373047828674316,
                    0.43656259775161743
                ],
                [
                    -0.46581536531448364,
                    -0.13492056727409363,
                    0.8745355606079102
                ]
            ],
            [
                [
                    0.9794790148735046,
                    -0.11309143155813217,
                    -0.16682708263397217
                ],
                [
                    0.10055884718894958,
                    0.9915648698806763,
                    -0.08177457004785538
                ],
                [
                    0.17466787993907928,
                    0.06332053244113922,
                    0.9825893044471741
                ]
            ],
            [
                [
                    0.9967762231826782,
                    -0.07304523885250092,
                    -0.03319083899259567
                ],
                [
                    0.07923158258199692,
                    0.8310321569442749,
                    0.5505524277687073
                ],
                [
                    -0.01263252180069685,
                    -0.5514072775840759,
                    0.8341405987739563
                ]
            ],
            [
                [
                    0.6555660963058472,
                    -0.753142237663269,
                    0.05486204847693443
                ],
                [
                    0.7548328638076782,
                    0.6515049934387207,
                    -0.07595114409923553
                ],
                [
                    0.021459119394421577,
                    0.09120266884565353,
                    0.9956011176109314
                ]
            ],
            [
                [
                    0.998523473739624,
                    -0.053942080587148666,
                    0.006412399932742119
                ],
                [
                    0.04692418500781059,
                    0.9159830212593079,
                    0.39846357703208923
                ],
                [
                    -0.027367593720555305,
                    -0.3975743353366852,
                    0.917161762714386
                ]
            ],
            [
                [
                    0.8054933547973633,
                    -0.5808948874473572,
                    -0.11722432076931
                ],
                [
                    0.5922098755836487,
                    0.7818303108215332,
                    0.19500963389873505
                ],
                [
                    -0.02163057029247284,
                    -0.22650037705898285,
                    0.973770797252655
                ]
            ],
            [
                [
                    0.8818646669387817,
                    -0.16426700353622437,
                    -0.4419625401496887
                ],
                [
                    -0.3210519850254059,
                    0.47728243470191956,
                    -0.8180017471313477
                ],
                [
                    0.34531170129776,
                    0.8632599711418152,
                    0.36816027760505676
                ]
            ],
            [
                [
                    0.802402138710022,
                    -0.4755171835422516,
                    -0.360602468252182
                ],
                [
                    0.5967562198638916,
                    0.6451196074485779,
                    0.477182000875473
                ],
                [
                    0.005723441485315561,
                    -0.5980836749076843,
                    0.8014131784439087
                ]
            ],
            [
                [
                    0.849143385887146,
                    0.48226529359817505,
                    -0.21535024046897888
                ],
                [
                    -0.5053164958953857,
                    0.8604369163513184,
                    -0.06560152024030685
                ],
                [
                    0.1536579579114914,
                    0.1645251214504242,
                    0.9743309020996094
                ]
            ]
        ],
        "betas": [
            -0.03909289836883545,
            -0.18304958939552307,
            -0.11015674471855164,
            -0.01219150424003601,
            0.04432162642478943,
            -0.006568755954504013,
            0.01377028226852417,
            -0.0518280565738678,
            0.027343496680259705,
            -0.02565944194793701
        ]
    },
    "pred_cam_t": [
        -0.16255246102809906,
        -0.027758359909057617,
        5.992336750030518
    ],
    "focal_length": [
        5000.0,
        5000.0
    ],
    "pred_keypoints_3d": [
        [
            0.09598767012357712,
            0.006411442998796701,
            0.006248438730835915
        ],
        [
            0.12913867831230164,
            -0.012390878051519394,
            0.00048533547669649124
        ],
        [
            0.15622839331626892,
            -0.010089041665196419,
            -0.014091419987380505
        ],
        [
            0.1750054955482483,
            0.0034086573868989944,
            -0.02837909758090973
        ],
        [
            0.1917705535888672,
            0.013881082646548748,
            -0.059470344334840775
        ],
        [
            0.1585845649242401,
            -0.009081274271011353,
            -0.057608142495155334
        ],
        [
            0.1851717084646225,
            0.00520684290677309,
            -0.07127309590578079
        ],
        [
            0.20369982719421387,
            0.017637111246585846,
            -0.07179353386163712
        ],
        [
            0.22199630737304688,
            0.03147261589765549,
            -0.06163829565048218
        ],
        [
            0.1532805860042572,
            0.012604068964719772,
            -0.0691896304488182
        ],
        [
            0.17901475727558136,
            0.030714351683855057,
            -0.07388503104448318
        ],
        [
            0.19746753573417664,
            0.045032065361738205,
            -0.07250812649726868
        ],
        [
            0.21748358011245728,
            0.05912382900714874,
            -0.06394346803426743
        ],
        [
            0.14102262258529663,
            0.03506019711494446,
            -0.06160719692707062
        ],
        [
            0.16668209433555603,
            0.04712136089801788,
            -0.06760061532258987
        ],
        [
            0.18761256337165833,
            0.060530439019203186,
            -0.06577380001544952
        ],
        [
            0.20662932097911835,
            0.07162455469369888,
            -0.052748121321201324
        ],
        [
            0.13324807584285736,
            0.052288711071014404,
            -0.050774917006492615
        ],
        [
            0.1526697874069214,
            0.06073296442627907,
            -0.052521951496601105
        ],
        [
            0.16907921433448792,
            0.0704914927482605,
            -0.052581071853637695
        ],
        [
            0.18860484659671783,
            0.07987590879201889,
            -0.046843912452459335
        ]
    ],
    "pred_vertices": [
        [
            0.14148898422718048,
            -0.0015075947158038616,
            -0.02089431881904602
        ],
        [
            0.13456782698631287,
            -0.00016329344362020493,
            -0.01130293682217598
        ],
        [
            0.14202338457107544,
            -0.001317380927503109,
            -0.0146755650639534
        ],
        [
            0.14812180399894714,
            -0.005305256694555283,
            -0.022921018302440643
        ],
        [
            0.14199011027812958,
            0.00143450777977705,
            0.005660243332386017
        ],
        [
            0.14436474442481995,
            -0.008129536174237728,
            0.013030529022216797
        ],
        [
            0.15826940536499023,
            -0.0062088146805763245,
            0.0014888569712638855
        ],
        [
            0.15368936955928802,
            0.002815790707245469,
            -0.0015353262424468994
        ],
        [
            0.15220654010772705,
            -0.007894120179116726,
            -0.025982566177845
        ],
        [
            0.14870217442512512,
            -0.0018027839250862598,
            -0.017278682440519333
        ],
        [
            0.15087610483169556,
            -0.008642476052045822,
            -0.02759474143385887
        ],
        [
            0.1508857011795044,
            -0.018657676875591278,
            -0.03925883769989014
        ],
        [
            0.15412914752960205,
            -0.014087583869695663,
            -0.03535206615924835
        ],
        [
            0.15266454219818115,
            -0.020970134064555168,
            -0.047510407865047455
        ],
        [
            0.14160194993019104,
            -0.023521535098552704,
            -0.039159417152404785
        ],
        [
            0.145304337143898,
            -0.02134876511991024,
            -0.053354762494564056
        ],
        [
            0.1206061914563179,
            -0.008508099243044853,
            -0.04472524672746658
        ],
        [
            0.11441810429096222,
            0.0035262517631053925,
            -0.04452723264694214
        ],
        [
            0.12455069273710251,
            0.006142774596810341,
            -0.058652982115745544
        ],
        [
            0.1305330991744995,
            -0.006028470583260059,
            -0.05691690370440483
        ],
        [
            0.11603870987892151,
            0.02362869679927826,
            -0.05094386637210846
        ],
        [
            0.12118358910083771,
            0.014153488911688328,
            -0.05592646822333336
        ],
        [
            0.11011703312397003,
            0.011219474487006664,
            -0.04267195612192154
        ],
        [
            0.10627539455890656,
            0.019872009754180908,
            -0.03875090926885605
        ],
        [
            0.13196641206741333,
            0.009441494010388851,
            -0.017891857773065567
        ],
        [
            0.1257369965314865,
            0.009685670025646687,
            -0.008424386382102966
        ],
        [
            0.12781129777431488,
            0.004685415420681238,
            -0.00945274531841278
        ],
        [
            0.1345132440328598,
            0.004757343791425228,
            -0.018451057374477386
        ],
        [
            0.15589170157909393,
            -0.00919204019010067,
            -0.026589611545205116
        ],
        [
            0.1466936469078064,
            -0.021433914080262184,
            -0.025110822170972824
        ],
        [
            0.14806166291236877,
            -0.015590358525514603,
            -0.028809325769543648
        ],
        [
            0.155985027551651,
            -0.0038916151970624924,
            -0.02517254650592804
        ],
        [
            0.11362839490175247,
            0.020199958235025406,
            0.015393868088722229
        ],
        [
            0.10257735103368759,
            0.015725886449217796,
            0.021772854030132294
        ],
        [
            0.10417303442955017,
            0.009985681623220444,
            0.021941304206848145
        ],
        [
            0.11360476911067963,
            0.015044281259179115,
            0.015877358615398407
        ],
        [
            0.12106525897979736,
            -0.006541782990098,
            0.022620193660259247
        ],
        [
            0.10959261655807495,
            -0.007581534795463085,
            0.0239877849817276
        ],
        [
            0.10319552570581436,
            -0.019257182255387306,
            0.023819677531719208
        ],
        [
            0.11405640095472336,
            -0.020759008824825287,
            0.01995888352394104
        ],
        [
            0.133496955037117,
            -0.007294907234609127,
            0.018825426697731018
        ],
        [
            0.1292749047279358,
            -0.02019128017127514,
            0.01850488781929016
        ],
        [
            0.14372499287128448,
            -0.019490763545036316,
            0.012007385492324829
        ],
        [
            0.15958929061889648,
            -0.015107639133930206,
            -0.000646643340587616
        ],
        [
            0.0968523770570755,
            0.02701704204082489,
            0.019691549241542816
        ],
        [
            0.10444317013025284,
            0.032108139246702194,
            0.015084244310855865
        ],
        [
            0.19256846606731415,
            0.005536969751119614,
            -0.06194964796304703
        ],
        [
            0.19050171971321106,
            0.011038964614272118,
            -0.06210104003548622
        ],
        [
            0.18646618723869324,
            0.008117590099573135,
            -0.059841085225343704
        ],
        [
            0.18925507366657257,
            0.003127044066786766,
            -0.06056279316544533
        ],
        [
            0.08682049065828323,
            0.03453513979911804,
            0.003816060721874237
        ],
        [
            0.08054493367671967,
            0.030490590259432793,
            -0.002930760383605957
        ],
        [
            0.0769428089261055,
            0.03079209476709366,
            0.0034191831946372986
        ],
        [
            0.0831465870141983,
            0.03270898386836052,
            0.010195858776569366
        ],
        [
            0.09173031151294708,
            0.036885928362607956,
            -0.004595622420310974
        ],
        [
            0.08613037317991257,
            0.029823344200849533,
            -0.011351995170116425
        ],
        [
            0.19308970868587494,
            0.000851435586810112,
            -0.07375224679708481
        ],
        [
            0.19459035992622375,
            0.00029952824115753174,
            -0.06885930150747299
        ],
        [
            0.1901293694972992,
            -0.0025491025298833847,
            -0.06886989623308182
        ],
        [
            0.18754234910011292,
            -0.0015684152022004128,
            -0.07332167029380798
        ],
        [
            0.1533365398645401,
            -0.00878366082906723,
            -0.0314159132540226
        ],
        [
            0.14844611287117004,
            -0.0020372122526168823,
            -0.028671331703662872
        ],
        [
            0.1621977537870407,
            -0.007431080099195242,
            -0.04569094628095627
        ],
        [
            0.156248077750206,
            -0.004748526029288769,
            -0.040119484066963196
        ],
        [
            0.15720918774604797,
            -0.011564860120415688,
            -0.039557069540023804
        ],
        [
            0.16159452497959137,
            -0.013456779532134533,
            -0.045170895755290985
        ],
        [
            0.14344070851802826,
            0.014844968914985657,
            -0.03711969777941704
        ],
        [
            0.13667474687099457,
            0.013303413055837154,
            -0.02767506241798401
        ],
        [
            0.14012013375759125,
            0.00786103866994381,
            -0.02900133654475212
        ],
        [
            0.14876538515090942,
            0.008241288363933563,
            -0.0387750118970871
        ],
        [
            0.13245433568954468,
            0.026511315256357193,
            -0.024902701377868652
        ],
        [
            0.13905666768550873,
            0.026802340522408485,
            -0.03472739830613136
        ],
        [
            0.13582009077072144,
            0.034219346940517426,
            -0.031979598104953766
        ],
        [
            0.1324804276227951,
            0.03301584720611572,
            -0.024882014840841293
        ],
        [
            0.15035906434059143,
            0.02375219389796257,
            -0.051496248692274094
        ],
        [
            0.15314900875091553,
            0.023745598271489143,
            -0.05677245557308197
        ],
        [
            0.15367570519447327,
            0.027904143556952477,
            -0.05610479786992073
        ],
        [
            0.1489103138446808,
            0.02707977034151554,
            -0.05059666931629181
        ],
        [
            0.07267744839191437,
            0.03029131516814232,
            0.00908738374710083
        ],
        [
            0.07961846888065338,
            0.030020255595445633,
            0.016004756093025208
        ],
        [
            0.11065027862787247,
            0.04270130768418312,
            -0.041722752153873444
        ],
        [
            0.11113220453262329,
            0.04905455559492111,
            -0.03256014361977577
        ],
        [
            0.11866918206214905,
            0.05393236130475998,
            -0.042178597301244736
        ],
        [
            0.11583894491195679,
            0.045810312032699585,
            -0.05022076889872551
        ],
        [
            0.07853765040636063,
            0.022160394117236137,
            -0.008735816925764084
        ],
        [
            0.07339131832122803,
            0.024075187742710114,
            -0.003118544816970825
        ],
        [
            0.19031578302383423,
            0.004832378588616848,
            -0.07760642468929291
        ],
        [
            0.1845308393239975,
            0.0026856865733861923,
            -0.07618501037359238
        ],
        [
            0.1353054791688919,
            -0.02892604097723961,
            0.006267189979553223
        ],
        [
            0.15624025464057922,
            -0.022789515554904938,
            -0.005349759012460709
        ],
        [
            0.11768049001693726,
            -0.028528597205877304,
            0.011643916368484497
        ],
        [
            0.10509049892425537,
            -0.026489153504371643,
            0.013277318328619003
        ],
        [
            0.09569791704416275,
            -0.025814250111579895,
            0.016643546521663666
        ],
        [
            0.15648208558559418,
            0.0009193723089993,
            -0.04337886720895767
        ],
        [
            0.14153815805912018,
            0.0031366217881441116,
            -0.025768879801034927
        ],
        [
            0.13002164661884308,
            0.01407913863658905,
            -0.017168082296848297
        ],
        [
            0.12477055191993713,
            0.0442131906747818,
            -0.013913329690694809
        ],
        [
            0.11937817186117172,
            0.042521581053733826,
            -0.0050236135721206665
        ],
        [
            0.1254051774740219,
            0.034178249537944794,
            -0.007819857448339462
        ],
        [
            0.12842455506324768,
            0.037228286266326904,
            -0.015436220914125443
        ],
        [
            0.11768707633018494,
            0.052924126386642456,
            -0.02613178640604019
        ],
        [
            0.12496598064899445,
            0.050667207688093185,
            -0.023695725947618484
        ],
        [
            0.12921114265918732,
            0.052326750010252,
            -0.03097744658589363
        ],
        [
            0.12333675473928452,
            0.055612824857234955,
            -0.03456965461373329
        ],
        [
            0.1596776396036148,
            -0.015274370089173317,
            -0.02597135305404663
        ],
        [
            0.14707092940807343,
            -0.026450296863913536,
            -0.02054593339562416
        ],
        [
            0.09473864734172821,
            0.03516632318496704,
            0.01084233820438385
        ],
        [
            0.09103815257549286,
            0.031019123271107674,
            0.016357645392417908
        ],
        [
            0.08486344665288925,
            0.02768503874540329,
            0.021202169358730316
        ],
        [
            0.12048367410898209,
            0.013645455241203308,
            0.004395678639411926
        ],
        [
            0.11374649405479431,
            0.011411886662244797,
            0.01643056422472
        ],
        [
            0.11607372015714645,
            0.007433339022099972,
            0.01673170179128647
        ],
        [
            0.12060409039258957,
            0.010091488249599934,
            0.003779463469982147
        ],
        [
            0.13080361485481262,
            0.0029823044314980507,
            -0.00030991435050964355
        ],
        [
            0.13000167906284332,
            0.0017456277273595333,
            0.012615397572517395
        ],
        [
            0.1398267298936844,
            0.004347413778305054,
            -0.005638834089040756
        ],
        [
            0.10545764118432999,
            0.001943571143783629,
            0.023567944765090942
        ],
        [
            0.0970270186662674,
            0.007122243754565716,
            0.028741896152496338
        ],
        [
            0.09859045594930649,
            -0.0016539281932637095,
            0.028885312378406525
        ],
        [
            0.09327028691768646,
            0.016059841960668564,
            0.027369476854801178
        ],
        [
            0.08918051421642303,
            0.02356467954814434,
            0.024924233555793762
        ],
        [
            0.06600696593523026,
            0.0244082473218441,
            0.001144319772720337
        ],
        [
            0.0996958315372467,
            -0.009756086394190788,
            0.027430608868598938
        ],
        [
            0.1618877798318863,
            0.002114166971296072,
            -0.007229559123516083
        ],
        [
            0.16841790080070496,
            0.003071000799536705,
            -0.012469302862882614
        ],
        [
            0.1626264452934265,
            0.005681673064827919,
            -0.015970230102539062
        ],
        [
            0.1562451273202896,
            0.0044840057380497456,
            -0.012239869683980942
        ],
        [
            0.1573515236377716,
            -0.020207958295941353,
            -0.055536381900310516
        ],
        [
            0.1611076146364212,
            -0.01771240122616291,
            -0.049109913408756256
        ],
        [
            0.1560240089893341,
            -0.017904825508594513,
            -0.04164820909500122
        ],
        [
            0.11851142346858978,
            0.02687891386449337,
            0.007109120488166809
        ],
        [
            0.11064085364341736,
            0.036736927926540375,
            0.007416807115077972
        ],
        [
            0.16203224658966064,
            -0.0017523989081382751,
            -0.048977117985486984
        ],
        [
            0.1827096790075302,
            -0.0038421773351728916,
            -0.0736270472407341
        ],
        [
            0.1854289323091507,
            -0.005369042046368122,
            -0.06860527396202087
        ],
        [
            0.17039157450199127,
            -0.014410187490284443,
            -0.062072597444057465
        ],
        [
            0.16790682077407837,
            -0.012488913722336292,
            -0.06822368502616882
        ],
        [
            0.16259756684303284,
            0.0030941274017095566,
            -0.05811221897602081
        ],
        [
            0.16387315094470978,
            -0.00014522881247103214,
            -0.0519685223698616
        ],
        [
            0.1646663397550583,
            0.0012263653334230185,
            -0.05392754077911377
        ],
        [
            0.1639927178621292,
            0.005796521902084351,
            -0.05861561745405197
        ],
        [
            0.1489935666322708,
            0.034908875823020935,
            -0.05217695236206055
        ],
        [
            0.1450134962797165,
            0.0339641273021698,
            -0.04715357720851898
        ],
        [
            0.14299309253692627,
            -0.0017320248298346996,
            -0.06641092896461487
        ],
        [
            0.14405128359794617,
            -0.015174119733273983,
            -0.06603634357452393
        ],
        [
            0.13598397374153137,
            -0.016549119725823402,
            -0.05586765706539154
        ],
        [
            0.14021672308444977,
            0.021346403285861015,
            -0.035371582955121994
        ],
        [
            0.14596159756183624,
            0.023417534306645393,
            -0.04379957914352417
        ],
        [
            0.14429642260074615,
            0.027143480256199837,
            -0.04316963255405426
        ],
        [
            0.15705561637878418,
            0.004164546728134155,
            -0.04687545448541641
        ],
        [
            0.16077175736427307,
            0.003169202944263816,
            -0.05237720534205437
        ],
        [
            0.15792042016983032,
            0.006884146481752396,
            -0.051837481558322906
        ],
        [
            0.15399453043937683,
            0.008577946573495865,
            -0.04609949141740799
        ],
        [
            0.10299605131149292,
            0.045019298791885376,
            -0.022916916757822037
        ],
        [
            0.11064761877059937,
            0.049938641488552094,
            -0.015637297183275223
        ],
        [
            0.19422636926174164,
            0.0018316935747861862,
            -0.06447897851467133
        ],
        [
            0.19045597314834595,
            -0.0008628387004137039,
            -0.06396158039569855
        ],
        [
            0.1336931586265564,
            0.01969013549387455,
            -0.026116997003555298
        ],
        [
            0.1277889907360077,
            -0.01719195954501629,
            -0.04321052134037018
        ],
        [
            0.12816396355628967,
            0.019146278500556946,
            -0.0161069855093956
        ],
        [
            0.13047409057617188,
            0.03751138225197792,
            -0.05990742892026901
        ],
        [
            0.13588429987430573,
            0.04254518449306488,
            -0.05541136860847473
        ],
        [
            0.14054685831069946,
            0.04273589700460434,
            -0.05825534835457802
        ],
        [
            0.13822625577449799,
            0.039885085076093674,
            -0.06330423802137375
        ],
        [
            0.176026850938797,
            0.012658782303333282,
            -0.06513086706399918
        ],
        [
            0.17925429344177246,
            0.010837257839739323,
            -0.060606762766838074
        ],
        [
            0.18333274126052856,
            0.01306205429136753,
            -0.06205650046467781
        ],
        [
            0.1807757019996643,
            0.014916030690073967,
            -0.06690403074026108
        ],
        [
            0.16537819802761078,
            -0.005211643874645233,
            -0.04935447871685028
        ],
        [
            0.1662074625492096,
            -0.01151434425264597,
            -0.04913176968693733
        ],
        [
            0.17022116482257843,
            -0.008036384359002113,
            -0.05190093442797661
        ],
        [
            0.1677681803703308,
            -0.0025993604212999344,
            -0.052372273057699203
        ],
        [
            0.16612094640731812,
            -0.015685541555285454,
            -0.05345778912305832
        ],
        [
            0.1709459125995636,
            -0.01274547353386879,
            -0.05601121112704277
        ],
        [
            0.17453405261039734,
            0.010980075225234032,
            -0.071195587515831
        ],
        [
            0.1758156567811966,
            0.005541008431464434,
            -0.07615494728088379
        ],
        [
            0.16193787753582,
            -0.0004799456219188869,
            -0.0714106559753418
        ],
        [
            0.16362862288951874,
            0.005410859361290932,
            -0.06619368493556976
        ],
        [
            0.09595510363578796,
            0.016008034348487854,
            -0.028194140642881393
        ],
        [
            0.09385848790407181,
            0.02636730670928955,
            -0.024642642587423325
        ],
        [
            0.10395370423793793,
            0.03052113763988018,
            -0.03521323949098587
        ],
        [
            0.11292874068021774,
            0.03498246520757675,
            -0.04648324102163315
        ],
        [
            0.12243343889713287,
            0.038138873875141144,
            -0.05638768523931503
        ],
        [
            0.12350715696811676,
            0.027067795395851135,
            -0.06186552345752716
        ],
        [
            0.10208770632743835,
            0.03738860785961151,
            -0.031157653778791428
        ],
        [
            0.15655943751335144,
            0.0036472887732088566,
            -0.06350716203451157
        ],
        [
            0.15258529782295227,
            -0.0038142865523695946,
            -0.0678623765707016
        ],
        [
            0.15127503871917725,
            0.001260216347873211,
            -0.06662821769714355
        ],
        [
            0.12741199135780334,
            0.02636718936264515,
            -0.014395147562026978
        ],
        [
            0.1862354278564453,
            -0.004169515334069729,
            -0.063564233481884
        ],
        [
            0.08751020580530167,
            -0.019587645307183266,
            -0.003250572830438614
        ],
        [
            0.08055601269006729,
            -0.008580363355576992,
            -0.007782697677612305
        ],
        [
            0.0876268595457077,
            -0.009276793338358402,
            -0.012962564826011658
        ],
        [
            0.09645673632621765,
            -0.021440884098410606,
            -0.00731934979557991
        ],
        [
            0.18282318115234375,
            0.005552063696086407,
            -0.05803466588258743
        ],
        [
            0.18558336794376373,
            -4.132464528083801e-05,
            -0.05883267521858215
        ],
        [
            0.14370448887348175,
            0.040301382541656494,
            -0.0466984361410141
        ],
        [
            0.14699602127075195,
            0.040223654359579086,
            -0.051818881183862686
        ],
        [
            0.14540715515613556,
            0.043281760066747665,
            -0.05386720225214958
        ],
        [
            0.14372120797634125,
            0.04566027224063873,
            -0.048213861882686615
        ],
        [
            0.09256739914417267,
            0.03113866038620472,
            -0.02130906656384468
        ],
        [
            0.12586840987205505,
            0.05718695744872093,
            -0.045619264245033264
        ],
        [
            0.1226816475391388,
            0.04971884936094284,
            -0.05359162390232086
        ],
        [
            0.08513761311769485,
            0.022349856793880463,
            -0.015629496425390244
        ],
        [
            0.08637170493602753,
            0.01326318271458149,
            -0.019035764038562775
        ],
        [
            0.0793415904045105,
            0.011869029141962528,
            -0.012396559119224548
        ],
        [
            0.13426554203033447,
            0.017226766794919968,
            -0.06674611568450928
        ],
        [
            0.09954052418470383,
            0.008893824182450771,
            -0.03162092715501785
        ],
        [
            0.08954841643571854,
            0.006654990836977959,
            -0.02124961093068123
        ],
        [
            0.0812658742070198,
            0.00468133669346571,
            -0.013444650918245316
        ],
        [
            0.0747462585568428,
            0.0038397684693336487,
            -0.00828373059630394
        ],
        [
            0.07339536398649216,
            0.011835802346467972,
            -0.007578104734420776
        ],
        [
            0.17915187776088715,
            0.0007401355542242527,
            -0.07600510865449905
        ],
        [
            0.18144726753234863,
            0.008541249670088291,
            -0.0770682543516159
        ],
        [
            0.06537993997335434,
            0.011846187524497509,
            -0.0032670870423316956
        ],
        [
            0.06771617382764816,
            0.002879454754292965,
            -0.003746308386325836
        ],
        [
            0.09352867305278778,
            -0.0015608128160238266,
            -0.022507168352603912
        ],
        [
            0.099622443318367,
            -0.011578995734453201,
            -0.022546716034412384
        ],
        [
            0.10318399965763092,
            0.0009958352893590927,
            -0.03234244883060455
        ],
        [
            0.10961057245731354,
            -0.00862204097211361,
            -0.03353281319141388
        ],
        [
            0.13278381526470184,
            0.006698701065033674,
            -0.06954609602689743
        ],
        [
            0.19686947762966156,
            0.019851909950375557,
            -0.07787824422121048
        ],
        [
            0.1863090693950653,
            0.015643756836652756,
            -0.07578051835298538
        ],
        [
            0.18609429895877838,
            0.01730217970907688,
            -0.07021867483854294
        ],
        [
            0.19557473063468933,
            0.022065026685595512,
            -0.0744256004691124
        ],
        [
            0.17989128828048706,
            0.013415802270174026,
            -0.07256999611854553
        ],
        [
            0.18741576373577118,
            0.010736742988228798,
            -0.07854440808296204
        ],
        [
            0.11913920938968658,
            -0.019747979938983917,
            -0.030368316918611526
        ],
        [
            0.16084793210029602,
            0.006735482253134251,
            -0.05701238289475441
        ],
        [
            0.11197996139526367,
            -0.024255912750959396,
            -0.015665359795093536
        ],
        [
            0.13347981870174408,
            -0.027168821543455124,
            -0.02983774244785309
        ],
        [
            0.13088670372962952,
            -0.029851937666535378,
            -0.01768380030989647
        ],
        [
            0.10665518045425415,
            -0.029155313968658447,
            0.000546187162399292
        ],
        [
            0.12482263147830963,
            -0.03247164189815521,
            -0.003263331949710846
        ],
        [
            0.08827375620603561,
            -0.025163479149341583,
            0.008023019880056381
        ],
        [
            0.09640073031187057,
            -0.026181913912296295,
            0.00325973704457283
