{
    "pred_cam": [
        6.552846431732178,
        -0.15958133339881897,
        -0.03444705158472061
    ],
    "pred_mano_params": {
        "global_orient": [
            [
                [
                    -0.5782172083854675,
                    -0.7586061358451843,
                    0.3003024160861969
                ],
                [
                    -0.029206812381744385,
                    -0.34858882427215576,
                    -0.9368205070495605
                ],
                [
                    0.815359890460968,
                    -0.5504566431045532,
                    0.17940358817577362
                ]
            ]
        ],
        "hand_pose": [
            [
                [
                    0.7497801780700684,
                    -0.60722815990448,
                    -0.2628757953643799
                ],
                [
                    0.583524227142334,
                    0.7941040992736816,
                    -0.1699945330619812
                ],
                [
                    0.31197619438171387,
                    -0.02593587338924408,
                    0.9497358202934265
                ]
            ],
            [
                [
                    0.959969699382782,
                    -0.2550557851791382,
                    0.11577843129634857
                ],
                [
                    0.27798980474472046,
                    0.9182145595550537,
                    -0.28214123845100403
                ],
                [
                    -0.034347690641880035,
                    0.3030322790145874,
                    0.9523610472679138
                ]
            ],
            [
                [
                    0.8343859314918518,
                    -0.5433292388916016,
                    0.09270074963569641
                ],
                [
                    0.5289821028709412,
                    0.8366246223449707,
                    0.14225775003433228
                ],
                [
                    -0.15484851598739624,
                    -0.06966083496809006,
                    0.9854792952537537
                ]
            ],
            [
                [
                    0.6003482937812805,
                    -0.7656635046005249,
                    -0.23095737397670746
                ],
                [
                    0.7757026553153992,
                    0.6277638077735901,
                    -0.06479185819625854
                ],
                [
                    0.19459545612335205,
                    -0.14025655388832092,
                    0.9708041548728943
                ]
            ],
            [
                [
                    0.997637927532196,
                    -0.0488257110118866,
                    -0.048317983746528625
                ],
                [
                    0.05874013155698776,
                    0.9710399508476257,
                    0.23158398270606995
                ],
                [
                    0.035611435770988464,
                    -0.23387517035007477,
                    0.9716143012046814
                ]
            ],
            [
                [
                    0.8914236426353455,
                    -0.453059583902359,
                    0.01004694402217865
                ],
                [
                    0.4531460404396057,
                    0.8913881182670593,
                    -0.009268442168831825
                ],
                [
                    -0.00475657032802701,
                    0.0128148403018713,
                    0.999906599521637
                ]
            ],
            [
                [
                    0.5740382671356201,
                    -0.7899168729782104,
                    0.21566519141197205
                ],
                [
                    0.6286711692810059,
                    0.5939235091209412,
                    0.5020233392715454
                ],
                [
                    -0.5246453285217285,
                    -0.1525980681180954,
                    0.8375328183174133
                ]
            ],
            [
                [
                    0.9762569665908813,
                    -0.11879006773233414,
                    -0.1811387687921524
                ],
                [
                    0.09569940716028214,
                    0.9867119789123535,
                    -0.13130484521389008
                ],
                [
                    0.19432953000068665,
                    0.11085239797830582,
                    0.9746525883674622
                ]
            ],
            [
                [
                    0.9987501502037048,
                    0.020514070987701416,
                    -0.04557904228568077
                ],
                [
                    0.009169253520667553,
                    0.8212217092514038,
                    0.5705356001853943
                ],
                [
                    0.04913455247879028,
                    -0.570240318775177,
                    0.8200072050094604
                ]
            ],
            [
                [
                    0.6358444094657898,
                    -0.77012699842453,
                    0.05105157569050789
                ],
                [
                    0.7717044949531555,
                    0.63322913646698,
                    -0.05910174548625946
                ],
                [
                    0.013188506476581097,
                    0.07697625458240509,
                    0.9969456791877747
                ]
            ],
            [
                [
                    0.9989399909973145,
                    -0.03820383921265602,
                    0.02567867562174797
                ],
                [
                    0.024128608405590057,
                    0.9096412658691406,
                    0.4146932363510132
                ],
                [
                    -0.039201267063617706,
                    -0.4136340618133545,
                    0.9095988273620605
                ]
            ],
            [
                [
                    0.822795569896698,
                    -0.558412492275238,
                    -0.10574936866760254
                ],
                [
                    0.5681096315383911,
                    0.8028345108032227,
                    0.180853933095932
                ],
                [
                    -0.016091862693428993,
                    -0.20888304710388184,
                    0.9778081774711609
                ]
            ],
            [
                [
                    0.8938808441162109,
                    -0.24201679229736328,
                    -0.3773658573627472
                ],
                [
                    -0.2567349672317505,
                    0.4137064218521118,
                    -0.8734610676765442
                ],
                [
                    0.3675108850002289,
                    0.8776530623435974,
                    0.30767008662223816
                ]
            ],
            [
                [
                    0.8087581992149353,
                    -0.5132826566696167,
                    -0.2871429920196533
                ],
                [
                    0.5811991691589355,
                    0.6226971745491028,
                    0.5238853096961975
                ],
                [
                    -0.09009812772274017,
                    -0.590583860874176,
                    0.8019309043884277
                ]
            ],
            [
                [
                    0.8572397828102112,
                    0.46393150091171265,
                    -0.22339995205402374
                ],
                [
                    -0.4916902780532837,
                    0.8663535714149475,
                    -0.08759067207574844
                ],
                [
                    0.15290728211402893,
                    0.18492978811264038,
                    0.9707833528518677
                ]
            ]
        ],
        "betas": [
            -0.02542749047279358,
            -0.18027999997138977,
            -0.11817276477813721,
            -0.012308448553085327,
            0.045365750789642334,
            -0.011522319167852402,
            -0.003963291645050049,
            -0.05396220088005066,
            0.027191609144210815,
            -0.013129323720932007
        ]
    },
    "pred_cam_t": [
        -0.15958133339881897,
        -0.03444705158472061,
        5.9611496925354
    ],
    "focal_length": [
        5000.0,
        5000.0
    ],
    "pred_keypoints_3d": [
        [
            0.09592145681381226,
            0.006408655550330877,
            0.006245288997888565
        ],
        [
            0.12931877374649048,
            -0.011650120839476585,
            -0.00021584006026387215
        ],
        [
            0.15663424134254456,
            -0.006263861898332834,
            -0.013462446630001068
        ],
        [
            0.1764158308506012,
            0.008000819012522697,
            -0.025439471006393433
        ],
        [
            0.19646739959716797,
            0.020187456160783768,
            -0.053812313824892044
        ],
        [
            0.1570034623146057,
            -0.008422404527664185,
            -0.05911364033818245
        ],
        [
            0.1828690469264984,
            0.005811580456793308,
            -0.07411997020244598
        ],
        [
            0.20140279829502106,
            0.01822943240404129,
            -0.07448317110538483
        ],
        [
            0.2193455994129181,
            0.03112652152776718,
            -0.06289704144001007
        ],
        [
            0.1508580446243286,
            0.012955814599990845,
            -0.0707995593547821
        ],
        [
            0.17550989985466003,
            0.03242340311408043,
            -0.07576890289783478
        ],
        [
            0.19363075494766235,
            0.04716070741415024,
            -0.07455560564994812
        ],
        [
            0.21383874118328094,
            0.06119249388575554,
            -0.06644413620233536
        ],
        [
            0.13829143345355988,
            0.03519035875797272,
            -0.06316046416759491
        ],
        [
            0.1636471003293991,
            0.047786861658096313,
            -0.06922119110822678
        ],
        [
            0.18459928035736084,
            0.06118563190102577,
            -0.06775819510221481
        ],
        [
            0.20429092645645142,
            0.07239203155040741,
            -0.055867940187454224
        ],
        [
            0.13041995465755463,
            0.052354998886585236,
            -0.05234857648611069
        ],
        [
            0.15016382932662964,
            0.060089170932769775,
            -0.0535639151930809
        ],
        [
            0.16676056385040283,
            0.06951213628053665,
            -0.05372672528028488
        ],
        [
            0.18696263432502747,
            0.07979966700077057,
            -0.049283094704151154
        ]
    ],
    "pred_vertices": [
        [
            0.14096707105636597,
            -0.00068236468359828,
            -0.02207683026790619
        ],
        [
            0.13416239619255066,
            0.0005895211361348629,
            -0.012353390455245972
        ],
        [
            0.14149989187717438,
            0.00019925599917769432,
            -0.015341237187385559
        ],
        [
            0.14768697321414948,
            -0.00404487457126379,
            -0.024018369615077972
        ],
        [
            0.1407044231891632,
            0.0035638813860714436,
            0.005446121096611023
        ],
        [
            0.1435987949371338,
            -0.005711103789508343,
            0.012940362095832825
        ],
        [
            0.15750911831855774,
            -0.0025144151877611876,
            0.0022282972931861877
        ],
        [
            0.1523643583059311,
            0.0061167823150753975,
            -0.0009913444519042969
        ],
        [
            0.1519363969564438,
            -0.0060556065291166306,
            -0.026783373206853867
        ],
        [
            0.14817284047603607,
            0.00044715404510498047,
            -0.017621036618947983
        ],
        [
            0.15114544332027435,
            -0.006189804989844561,
            -0.028010183945298195
        ],
        [
            0.1508004367351532,
            -0.017216945067048073,
            -0.040118735283613205
        ],
        [
            0.1537000685930252,
            -0.012778212316334248,
            -0.03646418824791908
        ],
        [
            0.15207675099372864,
            -0.01995910331606865,
            -0.04856634512543678
        ],
        [
            0.14181822538375854,
            -0.02231774479150772,
            -0.03982654958963394
        ],
        [
            0.14459973573684692,
            -0.020625382661819458,
            -0.05424323305487633
        ],
        [
            0.11954712867736816,
            -0.008575716987252235,
            -0.045201875269412994
        ],
        [
            0.11297169327735901,
            0.0032848622649908066,
            -0.044965215027332306
        ],
        [
            0.12261223793029785,
            0.0059604402631521225,
            -0.05944342538714409
        ],
        [
            0.12899300456047058,
            -0.006020968779921532,
            -0.05769088491797447
        ],
        [
            0.11391101032495499,
            0.02334544062614441,
            -0.05177455395460129
        ],
        [
            0.1191425770521164,
            0.013917968608438969,
            -0.05672277882695198
        ],
        [
            0.1085422933101654,
            0.01088709942996502,
            -0.04309377074241638
        ],
        [
            0.10460589826107025,
            0.019494101405143738,
            -0.03920334205031395
        ],
        [
            0.13112351298332214,
            0.00996037945151329,
            -0.01896868273615837
        ],
        [
            0.1251935511827469,
            0.010087369941174984,
            -0.009453926235437393
        ],
        [
            0.12739451229572296,
            0.005053216591477394,
            -0.010592568665742874
        ],
        [
            0.1338232010602951,
            0.005325302481651306,
            -0.019583504647016525
        ],
        [
            0.15736013650894165,
            -0.00556265190243721,
            -0.025957141071558
        ],
        [
            0.14777234196662903,
            -0.018857616931200027,
            -0.025298234075307846
        ],
        [
            0.14885109663009644,
            -0.013095440343022346,
            -0.029144475236535072
        ],
        [
            0.15701620280742645,
            -0.0002944283187389374,
            -0.024595296010375023
        ],
        [
            0.11345039308071136,
            0.020721495151519775,
            0.014689221978187561
        ],
        [
            0.10268828272819519,
            0.016082145273685455,
            0.02143038809299469
        ],
        [
            0.10440398752689362,
            0.010370725765824318,
            0.021616220474243164
        ],
        [
            0.11353868246078491,
            0.015518979169428349,
            0.015199899673461914
        ],
        [
            0.12119390070438385,
            -0.005636340938508511,
            0.02192837744951248
        ],
        [
            0.11016866564750671,
            -0.007062285207211971,
            0.023675858974456787
        ],
        [
            0.10420458018779755,
            -0.018772615119814873,
            0.023895926773548126
        ],
        [
            0.11496132612228394,
            -0.019891511648893356,
            0.0198119655251503
        ],
        [
            0.13300228118896484,
            -0.005754103884100914,
            0.018230177462100983
        ],
        [
            0.12975585460662842,
            -0.018620463088154793,
            0.018150992691516876
        ],
        [
            0.14377407729625702,
            -0.01695762574672699,
            0.012035839259624481
        ],
        [
            0.15964838862419128,
            -0.011217507533729076,
            0.0002465099096298218
        ],
        [
            0.09664252400398254,
            0.027186382561922073,
            0.019352704286575317
        ],
        [
            0.1039825826883316,
            0.03238961473107338,
            0.014479286968708038
        ],
        [
            0.19033755362033844,
            0.00610416941344738,
            -0.06468270719051361
        ],
        [
            0.18829506635665894,
            0.011625083163380623,
            -0.06476466357707977
        ],
        [
            0.18443715572357178,
            0.008778355084359646,
            -0.06245403736829758
        ],
        [
            0.18717966973781586,
            0.0037753116339445114,
            -0.06323926895856857
        ],
        [
            0.08600732684135437,
            0.03422358259558678,
            0.003687933087348938
        ],
        [
            0.07965966314077377,
            0.029934540390968323,
            -0.002811126410961151
        ],
        [
            0.07622531801462173,
            0.03023533895611763,
            0.003621131181716919
        ],
        [
            0.08255412429571152,
            0.03239962458610535,
            0.010182693600654602
        ],
        [
            0.09061633050441742,
            0.0365775004029274,
            -0.004882298409938812
        ],
        [
            0.08502060920000076,
            0.029291357845067978,
            -0.011369816958904266
        ],
        [
            0.190679132938385,
            0.001464097760617733,
            -0.07652580738067627
        ],
        [
            0.19224992394447327,
            0.0008915150538086891,
            -0.07165738195180893
        ],
        [
            0.18783074617385864,
            -0.0019110431894659996,
            -0.07157731056213379
        ],
        [
            0.18513979017734528,
            -0.0009307004511356354,
            -0.0759497582912445
        ],
        [
            0.15266740322113037,
            -0.0077176447957754135,
            -0.03272705152630806
        ],
        [
            0.14761359989643097,
            -0.0011889990419149399,
            -0.03001498058438301
        ],
        [
            0.160979226231575,
            -0.006574677769094706,
            -0.04736601561307907
        ],
        [
            0.1550922691822052,
            -0.003901424817740917,
            -0.04163074865937233
        ],
        [
            0.1562832146883011,
            -0.010635824874043465,
            -0.04098847135901451
        ],
        [
            0.1605117917060852,
            -0.012582716532051563,
            -0.046759746968746185
        ],
        [
            0.14186814427375793,
            0.01537884958088398,
            -0.038524314761161804
        ],
        [
            0.13541708886623383,
            0.01380990818142891,
            -0.028884928673505783
        ],
        [
            0.13897383213043213,
            0.00843712966889143,
            -0.030248098075389862
        ],
        [
            0.14730505645275116,
            0.008889024145901203,
            -0.04024657979607582
        ],
        [
            0.13095930218696594,
            0.02692893147468567,
            -0.026152033358812332
        ],
        [
            0.1372448056936264,
            0.027232229709625244,
            -0.03615201264619827
        ],
        [
            0.13389375805854797,
            0.034583475440740585,
            -0.03338804841041565
        ],
        [
            0.13081996142864227,
            0.033418282866477966,
            -0.026203129440546036
        ],
        [
            0.14817216992378235,
            0.02410999871790409,
            -0.05310310423374176
        ],
        [
            0.15085579454898834,
            0.023890167474746704,
            -0.05823124945163727
        ],
        [
            0.15123668313026428,
            0.02823728322982788,
            -0.05770813673734665
        ],
        [
            0.14664573967456818,
            0.027463311329483986,
            -0.05220945179462433
        ],
        [
            0.0721287727355957,
            0.029711106792092323,
            0.009405367076396942
        ],
        [
            0.07925136387348175,
            0.029707476496696472,
            0.016117766499519348
        ],
        [
            0.1083235964179039,
            0.04241960495710373,
            -0.042691733688116074
        ],
        [
            0.1088612973690033,
            0.048842500895261765,
            -0.03359987959265709
        ],
        [
            0.1161450743675232,
            0.053766120225191116,
            -0.04349030554294586
        ],
        [
            0.11325888335704803,
            0.04554031416773796,
            -0.05144394189119339
        ],
        [
            0.07770208269357681,
            0.021490279585123062,
            -0.00843445211648941
        ],
        [
            0.07266855239868164,
            0.023351047188043594,
            -0.0027104616165161133
        ],
        [
            0.18784646689891815,
            0.005469338968396187,
            -0.08029862493276596
        ],
        [
            0.18206258118152618,
            0.003320721909403801,
            -0.0787254199385643
        ],
        [
            0.13623687624931335,
            -0.02700786106288433,
            0.006147034466266632
        ],
        [
            0.15715676546096802,
            -0.019165650010108948,
            -0.004659600555896759
        ],
        [
            0.11870954185724258,
            -0.027668185532093048,
            0.01155111938714981
        ],
        [
            0.1061234250664711,
            -0.02612769417464733,
            0.01338619738817215
        ],
        [
            0.09678295254707336,
            -0.025650713592767715,
            0.016992293298244476
        ],
        [
            0.15508730709552765,
            0.0017090719193220139,
            -0.04495811462402344
        ],
        [
            0.1406344771385193,
            0.0038084108382463455,
            -0.027016066014766693
        ],
        [
            0.1290660947561264,
            0.014566872268915176,
            -0.01822216808795929
        ],
        [
            0.12314024567604065,
            0.04457468166947365,
            -0.015188176184892654
        ],
        [
            0.11806084215641022,
            0.04288533702492714,
            -0.006151124835014343
        ],
        [
            0.12421704828739166,
            0.034657157957553864,
            -0.008993886411190033
        ],
        [
            0.12693168222904205,
            0.037663377821445465,
            -0.016713272780179977
        ],
        [
            0.11547939479351044,
            0.05293978378176689,
            -0.027359701693058014
        ],
        [
            0.12285452336072922,
            0.0508815161883831,
            -0.025038737803697586
        ],
        [
            0.1268199384212494,
            0.05249506235122681,
            -0.03235737234354019
        ],
        [
            0.12085377424955368,
            0.055618274956941605,
            -0.03594892844557762
        ],
        [
            0.161522775888443,
            -0.011379813775420189,
            -0.024901965633034706
        ],
        [
            0.14839045703411102,
            -0.023694604635238647,
            -0.020494181662797928
        ],
        [
            0.09409169107675552,
            0.035147182643413544,
            0.010468274354934692
        ],
        [
            0.09064643830060959,
            0.03099478781223297,
            0.016133584082126617
        ],
        [
            0.08468681573867798,
            0.027581196278333664,
            0.021191798150539398
        ],
        [
            0.12012789398431778,
            0.014052293263375759,
            0.0034499317407608032
        ],
        [
            0.11373995244503021,
            0.011841687373816967,
            0.015738457441329956
        ],
        [
            0.11604367196559906,
            0.007857591845095158,
            0.01590394228696823
        ],
        [
            0.12026884406805038,
            0.010374794714152813,
            0.0027236193418502808
        ],
        [
            0.12992987036705017,
            0.003757515922188759,
            -0.001247897744178772
        ],
        [
            0.12913618981838226,
            0.0027070241048932076,
            0.011701531708240509
        ],
        [
            0.13864342868328094,
            0.006156275048851967,
            -0.005922149866819382
        ],
        [
            0.10587123036384583,
            0.0023515531793236732,
            0.023253411054611206
        ],
        [
            0.09752097725868225,
            0.007436839863657951,
            0.02865462750196457
        ],
        [
            0.09928670525550842,
            -0.001297470647841692,
            0.028848469257354736
        ],
        [
            0.09352725744247437,
            0.01625933311879635,
            0.027275294065475464
        ],
        [
            0.08920245617628098,
            0.023623086512088776,
            0.024844706058502197
        ],
        [
            0.06539937853813171,
            0.023564565926790237,
            0.0017410144209861755
        ],
        [
            0.10056418180465698,
            -0.009371224790811539,
            0.02747935801744461
        ],
        [
            0.16095899045467377,
            0.006072486750781536,
            -0.006074279546737671
        ],
        [
            0.1682710498571396,
            0.007386688143014908,
            -0.010504748672246933
        ],
        [
            0.16262668371200562,
            0.009683839976787567,
            -0.014628898352384567
        ],
        [
            0.1554684042930603,
            0.008095145225524902,
            -0.011527258902788162
        ],
        [
            0.15619847178459167,
            -0.019418945536017418,
            -0.056883931159973145
        ],
        [
            0.16004213690757751,
            -0.016839168965816498,
            -0.05062387138605118
        ],
        [
            0.1553553342819214,
            -0.01685802824795246,
            -0.04287753999233246
        ],
        [
            0.11793716251850128,
            0.027407202869653702,
            0.006200581789016724
        ],
        [
            0.10984398424625397,
            0.03706201910972595,
            0.006591916084289551
        ],
        [
            0.16063664853572845,
            -0.0009462324669584632,
            -0.050703082233667374
        ],
        [
            0.18037493526935577,
            -0.003225702792406082,
            -0.07612612843513489
        ],
        [
            0.18324579298496246,
            -0.004724884405732155,
            -0.07118023931980133
        ],
        [
            0.16864483058452606,
            -0.013754005543887615,
            -0.06413847208023071
        ],
        [
            0.16589874029159546,
            -0.01188298687338829,
            -0.07018808275461197
        ],
        [
            0.16090959310531616,
            0.003733382560312748,
            -0.05997943878173828
        ],
        [
            0.16245974600315094,
            0.0005751261487603188,
            -0.0538187101483345
        ],
        [
            0.1631888598203659,
            0.0019006298389285803,
            -0.05583399161696434
        ],
        [
            0.16228756308555603,
            0.0064348261803388596,
            -0.06051536649465561
        ],
        [
            0.14652836322784424,
            0.035232774913311005,
            -0.05373593419790268
        ],
        [
            0.14269548654556274,
            0.03427419438958168,
            -0.048682801425457
        ],
        [
            0.14099331200122833,
            -0.00156412273645401,
            -0.06761807948350906
        ],
        [
            0.14239118993282318,
            -0.014893333427608013,
            -0.0670199990272522
        ],
        [
            0.13496901094913483,
            -0.016251850873231888,
            -0.05663325637578964
        ],
        [
            0.13852861523628235,
            0.02181205153465271,
            -0.03676799312233925
        ],
        [
            0.14397428929805756,
            0.023880688473582268,
            -0.04535842686891556
        ],
        [
            0.1422274261713028,
            0.027561360970139503,
            -0.04471190273761749
        ],
        [
            0.15548434853553772,
            0.0049078818410634995,
            -0.04850965365767479
        ],
        [
            0.15916365385055542,
            0.0038977046497166157,
            -0.05411521717905998
        ],
        [
            0.15616434812545776,
            0.00749933160841465,
            -0.05356227606534958
        ],
        [
            0.15231692790985107,
            0.009234176948666573,
            -0.047713980078697205
        ],
        [
            0.10112494975328445,
            0.044740427285432816,
            -0.023643478751182556
        ],
        [
            0.10884451866149902,
            0.049931902438402176,
            -0.01663189008831978
        ],
        [
            0.1919526904821396,
            0.002405485138297081,
            -0.06725581735372543
        ],
        [
            0.18829818069934845,
            -0.0002172216773033142,
            -0.06667038053274155
        ],
        [
            0.1323269158601761,
            0.020132901147007942,
            -0.027320493012666702
        ],
        [
            0.12727025151252747,
            -0.01691751554608345,
            -0.04380203038454056
        ],
        [
            0.12711897492408752,
            0.01959908753633499,
            -0.017163682729005814
        ],
        [
            0.12782227993011475,
            0.03744572401046753,
            -0.061155784875154495
        ],
        [
            0.1332462877035141,
            0.042538344860076904,
            -0.05667382851243019
        ],
        [
            0.13782651722431183,
            0.0428764671087265,
            -0.05954200401902199
        ],
        [
            0.1354697048664093,
            0.03999849781394005,
            -0.06456304341554642
        ],
        [
            0.17393828928470612,
            0.013286287896335125,
            -0.06746397167444229
        ],
        [
            0.17733056843280792,
            0.011505156755447388,
            -0.06306593120098114
        ],
        [
            0.18125425279140472,
            0.013712460175156593,
            -0.06458699703216553
        ],
        [
            0.17858609557151794,
            0.015566573478281498,
            -0.06938891112804413
        ],
        [
            0.16410736739635468,
            -0.004458022303879261,
            -0.05124298483133316
        ],
        [
            0.1649821251630783,
            -0.010730541311204433,
            -0.051000066101551056
        ],
        [
            0.16886892914772034,
            -0.007316171657294035,
            -0.054005276411771774
        ],
        [
            0.16637295484542847,
            -0.0019024836365133524,
            -0.05439656227827072
        ],
        [
            0.1647835075855255,
            -0.01494758203625679,
            -0.05531622841954231
        ],
        [
            0.16943933069705963,
            -0.01204635202884674,
            -0.0581202507019043
        ],
        [
            0.1722433865070343,
            0.011615158058702946,
            -0.07345296442508698
        ],
        [
            0.17340201139450073,
            0.006174897309392691,
            -0.07841308414936066
        ],
        [
            0.1597466766834259,
            8.991500362753868e-05,
            -0.07318039238452911
        ],
        [
            0.16159288585186005,
            0.0060053979977965355,
            -0.0680694505572319
        ],
        [
            0.09469190984964371,
            0.015519107691943645,
            -0.028292253613471985
        ],
        [
            0.09244872629642487,
            0.025857800617814064,
            -0.0248250775039196
        ],
        [
            0.1021282970905304,
            0.030122023075819016,
            -0.03576304763555527
        ],
        [
            0.11068182438611984,
            0.03467872738838196,
            -0.04740432649850845
        ],
        [
            0.11981166899204254,
            0.037942662835121155,
            -0.05764303356409073
        ],
        [
            0.12098817527294159,
            0.02683459222316742,
            -0.06295561790466309
        ],
        [
            0.10020402073860168,
            0.036992430686950684,
            -0.03174908459186554
        ],
        [
            0.15460877120494843,
            0.00403145095333457,
            -0.06535691022872925
        ],
        [
            0.15057823061943054,
            -0.003382850904017687,
            -0.06935975700616837
        ],
        [
            0.14927226305007935,
            0.0016199559904634953,
            -0.06828811019659042
        ],
        [
            0.1262364685535431,
            0.026817232370376587,
            -0.015517890453338623
        ],
        [
            0.18423771858215332,
            -0.003496580757200718,
            -0.06618041545152664
        ],
        [
            0.08790809661149979,
            -0.0199350006878376,
            -0.0027258768677711487
        ],
        [
            0.08051110059022903,
            -0.009148189797997475,
            -0.00714314728975296
        ],
        [
            0.08746302127838135,
            -0.009749832563102245,
            -0.012515746057033539
        ],
        [
            0.09686870872974396,
            -0.02163313329219818,
            -0.007058128714561462
        ],
        [
            0.18102914094924927,
            0.006246969103813171,
            -0.06061829999089241
        ],
        [
            0.183742493391037,
            0.0006546350196003914,
            -0.06146494671702385
        ],
        [
            0.14129476249217987,
            0.040544621646404266,
            -0.048125769942998886
        ],
        [
            0.14446528255939484,
            0.0405162088572979,
            -0.05329423025250435
        ],
        [
            0.1427573561668396,
            0.04352599009871483,
            -0.05523676797747612
        ],
        [
            0.1411832869052887,
            0.04579892382025719,
            -0.04951755702495575
        ],
        [
            0.0911339819431305,
            0.03063669241964817,
            -0.021525893360376358
        ],
        [
            0.12354067713022232,
            0.05716639384627342,
            -0.04683373123407364
        ],
        [
            0.12019059807062149,
            0.049521349370479584,
            -0.05482963100075722
        ],
        [
            0.08409618586301804,
            0.02174956351518631,
            -0.015509486198425293
        ],
        [
            0.08545292913913727,
            0.01266362052410841,
            -0.018825333565473557
        ],
        [
            0.07865338027477264,
            0.011188496835529804,
            -0.01197628304362297
        ],
        [
            0.13181589543819427,
            0.017174873501062393,
            -0.06785706430673599
        ],
        [
            0.09835311770439148,
            0.008454727940261364,
            -0.03171110153198242
        ],
        [
            0.08872298151254654,
            0.006113647483289242,
            -0.021038398146629333
        ],
        [
            0.08072078973054886,
            0.004048967733979225,
            -0.01298096776008606
        ],
        [
            0.0743742361664772,
            0.0031148623675107956,
            -0.007636386901140213
        ],
        [
            0.07285187393426895,
            0.011074594222009182,
            -0.0069970786571502686
        ],
        [
            0.176740363240242,
            0.0013483488000929356,
            -0.07837244123220444
        ],
        [
            0.17898231744766235,
            0.009224740788340569,
            -0.07955293357372284
        ],
        [
            0.06496652215719223,
            0.01094637531787157,
            -0.0024738311767578125
        ],
        [
            0.06750673055648804,
            0.0020429426804184914,
            -0.002899177372455597
        ],
        [
            0.09287239611148834,
            -0.002016758546233177,
            -0.022297341376543045
        ],
        [
            0.09930779784917831,
            -0.011889468878507614,
            -0.022446386516094208
        ],
        [
            0.10216742008924484,
            0.0006396789103746414,
            -0.03243447467684746
        ],
        [
            0.1088547557592392,
            -0.00882283691316843,
            -0.03370945155620575
        ],
        [
            0.1304539293050766,
            0.006581061519682407,
            -0.0706188976764679
        ],
        [
            0.1945079267024994,
            0.02054419182240963,
            -0.08047129213809967
        ],
        [
            0.1839514523744583,
            0.016341472044587135,
            -0.07837507128715515
        ],
        [
            0.18381115794181824,
            0.01793348416686058,
            -0.07279433310031891
        ],
        [
            0.19323652982711792,
            0.022697312757372856,
            -0.07698097825050354
        ],
        [
            0.17755815386772156,
            0.014097290113568306,
            -0.07502450793981552
        ],
        [
            0.18497848510742188,
            0.01143434178084135,
            -0.08115552365779877
        ],
        [
            0.1190948635339737,
            -0.01954326406121254,
            -0.030739203095436096
        ],
        [
            0.15909992158412933,
            0.0071940491907298565,
            -0.05891663581132889
        ],
        [
            0.11254241317510605,
            -0.024067580699920654,
            -0.015858378261327744
        ],
        [
            0.1341456025838852,
            -0.026000332087278366,
            -0.030326995998620987
        ],
        [
            0.13191726803779602,
            -0.02855747938156128,
            -0.018012575805187225
        ],
        [
            0.10764732956886292,
            -0.028899218887090683,
            0.000627472996711731
        ],
        [
            0.12608584761619568,
            -0.03134593740105629,
            -0.0034083835780620575
        ],
        [
            0.08914004266262054,
            -0.02531624585390091,
            0.008596979081630707
        ],
        [
            0.09722993522882462,
            -0.026200268417596817,
            0.0035906806588172913
        ],
