{
    "pred_cam": [
        7.992612361907959,
        0.05817411094903946,
        -0.05955702066421509
    ],
    "pred_mano_params": {
        "global_orient": [
            [
                [
                    0.6893846988677979,
                    -0.5092344284057617,
                    -0.5151981115341187
                ],
                [
                    -0.7214179039001465,
                    -0.5470486283302307,
                    -0.424610435962677
                ],
                [
                    -0.06561216711997986,
                    0.6643930673599243,
                    -0.7444977760314941
                ]
            ]
        ],
        "hand_pose": [
            [
                [
                    0.6934331655502319,
                    -0.5954211950302124,
                    -0.4057389199733734
                ],
                [
                    0.5861943960189819,
                    0.7936402559280396,
                    -0.1628228724002838
                ],
                [
                    0.4189589023590088,
                    -0.1249350905418396,
                    0.8993690609931946
                ]
            ],
            [
                [
                    0.9880643486976624,
                    -0.15356352925300598,
                    -0.012123835273087025
                ],
                [
                    0.14069725573062897,
                    0.9317148327827454,
                    -0.3348309397697449
                ],
                [
                    0.06271376460790634,
                    0.3291287422180176,
                    0.9422001838684082
                ]
            ],
            [
                [
                    0.9490402340888977,
                    -0.290258526802063,
                    0.12277060747146606
                ],
                [
                    0.29924002289772034,
                    0.9521576166152954,
                    -0.06205851957201958
                ],
                [
                    -0.09888395667076111,
                    0.09563391655683517,
                    0.9904928803443909
                ]
            ],
            [
                [
                    0.4063040614128113,
                    -0.8760478496551514,
                    -0.25972533226013184
                ],
                [
                    0.909938633441925,
                    0.4138188660144806,
                    0.027670282870531082
                ],
                [
                    0.08323873579502106,
                    -0.24757665395736694,
                    0.9652860760688782
                ]
            ],
            [
                [
                    0.987963855266571,
                    0.027742281556129456,
                    -0.15217703580856323
                ],
                [
                    0.0045419055968523026,
                    0.9781590104103088,
                    0.20780809223651886
                ],
                [
                    0.15461842715740204,
                    -0.20599804818630219,
                    0.9662597179412842
                ]
            ],
            [
                [
                    0.9125754833221436,
                    -0.1967562586069107,
                    0.35845911502838135
                ],
                [
                    0.20465333759784698,
                    0.9787006378173828,
                    0.01619107462465763
                ],
                [
                    -0.35400983691215515,
                    0.05858428031206131,
                    0.9334050416946411
                ]
            ],
            [
                [
                    0.334963858127594,
                    -0.9291830658912659,
                    0.15626248717308044
                ],
                [
                    0.5977274775505066,
                    0.33775100111961365,
                    0.7270805239677429
                ],
                [
                    -0.7283687591552734,
                    -0.1501433253288269,
                    0.6685326099395752
                ]
            ],
            [
                [
                    0.9602283835411072,
                    -0.19112896919250488,
                    -0.20354613661766052
                ],
                [
                    0.19672246277332306,
                    0.9804311394691467,
                    0.0074174413457512856
                ],
                [
                    0.1981452852487564,
                    -0.04716455563902855,
                    0.9790371656417847
                ]
            ],
            [
                [
                    0.9762246608734131,
                    0.05077328905463219,
                    0.21073082089424133
                ],
                [
                    -0.12846128642559052,
                    0.9185764789581299,
                    0.37378475069999695
                ],
                [
                    -0.17459408938884735,
                    -0.39196866750717163,
                    0.9032593965530396
                ]
            ],
            [
                [
                    0.3325217366218567,
                    -0.9403679966926575,
                    0.07167497277259827
                ],
                [
                    0.9112340807914734,
                    0.33994626998901367,
                    0.23257030546665192
                ],
                [
                    -0.24306732416152954,
                    -0.01202200073748827,
                    0.9699349403381348
                ]
            ],
            [
                [
                    0.9879170656204224,
                    -0.0020356138702481985,
                    -0.1549701988697052
                ],
                [
                    0.046963877975940704,
                    0.9568324089050293,
                    0.2868206799030304
                ],
                [
                    0.14769665896892548,
                    -0.29063302278518677,
                    0.9453666806221008
                ]
            ],
            [
                [
                    0.8699946403503418,
                    -0.2738196551799774,
                    0.41003891825675964
                ],
                [
                    0.18469367921352386,
                    0.9520513415336609,
                    0.24389828741550446
                ],
                [
                    -0.4571622908115387,
                    -0.136458620429039,
                    0.8788523077964783
                ]
            ],
            [
                [
                    0.9187379479408264,
                    -0.008989491499960423,
                    -0.3947654068470001
                ],
                [
                    -0.3314219117164612,
                    0.5259356498718262,
                    -0.7832950949668884
                ],
                [
                    0.2146625965833664,
                    0.8504769206047058,
                    0.48021772503852844
                ]
            ],
            [
                [
                    0.8878363370895386,
                    -0.38904815912246704,
                    -0.2457398772239685
                ],
                [
                    0.45763567090034485,
                    0.8023698925971985,
                    0.3831084668636322
                ],
                [
                    0.048126641660928726,
                    -0.4525969624519348,
                    0.8904154896736145
                ]
            ],
            [
                [
                    0.9880365133285522,
                    0.15349213778972626,
                    -0.014966711401939392
                ],
                [
                    -0.1469545066356659,
                    0.9076075553894043,
                    -0.39325928688049316
                ],
                [
                    -0.04677831009030342,
                    0.39075398445129395,
                    0.9193057417869568
                ]
            ]
        ],
        "betas": [
            0.08777718245983124,
            -0.03083893656730652,
            -0.006589531898498535,
            0.060388654470443726,
            -0.06587612628936768,
            -0.10124320536851883,
            -0.029692143201828003,
            -0.00013349950313568115,
            -0.028163716197013855,
            -0.01452675461769104
        ]
    },
    "pred_cam_t": [
        -0.05817411094903946,
        -0.05955702066421509,
        4.887325763702393
    ],
    "focal_length": [
        5000.0,
        5000.0
    ],
    "pred_keypoints_3d": [
        [
            0.09525179862976074,
            0.006351468153297901,
            0.006151089444756508
        ],
        [
            0.07340812683105469,
            0.021235894411802292,
            -0.021691476926207542
        ],
        [
            0.05638856813311577,
            0.0439629927277565,
            -0.033423010259866714
        ],
        [
            0.04635617882013321,
            0.0690537840127945,
            -0.0337948203086853
        ],
        [
            0.03255823999643326,
            0.10209023207426071,
            -0.03857197239995003
        ],
        [
            0.02691011130809784,
            0.06374490261077881,
            -0.006797940470278263
        ],
        [
            0.023593541234731674,
            0.09642896801233292,
            -0.006843850947916508
        ],
        [
            0.028812341392040253,
            0.11781051009893417,
            -0.008942167274653912
        ],
        [
            0.038316529244184494,
            0.1402938961982727,
            -0.015215050429105759
        ],
        [
            0.03282696381211281,
            0.07658743858337402,
            0.013854196295142174
        ],
        [
            0.042359359562397,
            0.10451140254735947,
            0.0025849612429738045
        ],
        [
            0.05363236367702484,
            0.1232735812664032,
            -0.005051124840974808
        ],
        [
            0.05864209309220314,
            0.14367720484733582,
            -0.019745618104934692
        ],
        [
            0.054887644946575165,
            0.07851207256317139,
            0.02860584296286106
        ],
        [
            0.05915717035531998,
            0.10041342675685883,
            0.01056734099984169
        ],
        [
            0.07129111886024475,
            0.11795419454574585,
            -0.0018831277266144753
        ],
        [
            0.0756949782371521,
            0.1320134997367859,
            -0.021923501044511795
        ],
        [
            0.07521826773881912,
            0.07943473756313324,
            0.036089763045310974
        ],
        [
            0.07755566388368607,
            0.09377194195985794,
            0.020891543477773666
        ],
        [
            0.08444785326719284,
            0.10548276454210281,
            0.007794658653438091
        ],
        [
            0.08834208548069,
            0.11646418273448944,
            -0.010289106518030167
        ]
    ],
    "pred_vertices": [
        [
            0.06168452650308609,
            0.04389467090368271,
            -0.012768534012138844
        ],
        [
            0.07046495378017426,
            0.03700189292430878,
            -0.013174071907997131
        ],
        [
            0.06474272161722183,
            0.042610976845026016,
            -0.017667878419160843
        ],
        [
            0.05595388635993004,
            0.04703091084957123,
            -0.018315758556127548
        ],
        [
            0.08183799684047699,
            0.03747200965881348,
            -0.027342991903424263
        ],
        [
            0.08198046684265137,
            0.03008110448718071,
            -0.0371498167514801
        ],
        [
            0.07095993310213089,
            0.043077483773231506,
            -0.04022839665412903
        ],
        [
            0.07384972274303436,
            0.04747091978788376,
            -0.03121793456375599
        ],
        [
            0.05014495924115181,
            0.04907410964369774,
            -0.021014781668782234
        ],
        [
            0.060177672654390335,
            0.04767569899559021,
            -0.02132159285247326
        ],
        [
            0.04686067998409271,
            0.04727599769830704,
            -0.02018330991268158
        ],
        [
            0.03429655358195305,
            0.04563456401228905,
            -0.017786851152777672
        ],
        [
            0.04005388170480728,
            0.049888692796230316,
            -0.01952727884054184
        ],
        [
            0.02718488499522209,
            0.04869198799133301,
            -0.014864168129861355
        ],
        [
            0.03326663374900818,
            0.03567381203174591,
            -0.013991881161928177
        ],
        [
            0.024028964340686798,
            0.04512510448694229,
            -0.006743855308741331
        ],
        [
            0.043221306055784225,
            0.03222843259572983,
            0.011360871605575085
        ],
        [
            0.05195729061961174,
            0.0349118709564209,
            0.021361157298088074
        ],
        [
            0.040836725383996964,
            0.04879853129386902,
            0.02439449541270733
        ],
        [
            0.0336909219622612,
            0.04511195421218872,
            0.01309061050415039
        ],
        [
            0.05919357389211655,
            0.050725918263196945,
            0.034412771463394165
        ],
        [
            0.048641785979270935,
            0.05032862722873688,
            0.02896767668426037
        ],
        [
            0.058941423892974854,
            0.03580155968666077,
            0.026934392750263214
        ],
        [
            0.06794717907905579,
            0.036880698055028915,
            0.03160172700881958
        ],
        [
            0.07296161353588104,
            0.04244589805603027,
            -0.0025129499845206738
        ],
        [
            0.08132922649383545,
            0.03518310934305191,
            -0.003543742001056671
        ],
        [
            0.07686924934387207,
            0.034292131662368774,
            -0.006803775206208229
        ],
        [
            0.06904420256614685,
            0.04174676910042763,
            -0.006205378100275993
        ],
        [
            0.04507953301072121,
            0.047227539122104645,
            -0.02648961916565895
        ],
        [
            0.04285642132163048,
            0.03428701311349869,
            -0.025602933019399643
        ],
        [
            0.04252300783991814,
            0.040550440549850464,
            -0.02149186283349991
        ],
        [
            0.048516348004341125,
            0.05088932812213898,
            -0.02414390817284584
        ],
        [
            0.10779125988483429,
            0.024449985474348068,
            -0.0037647802382707596
        ],
        [
            0.11168798804283142,
            0.011626183986663818,
            -0.0023089777678251266
        ],
        [
            0.10798715054988861,
            0.009370334446430206,
            -0.006287216208875179
        ],
        [
            0.10499075800180435,
            0.02131318673491478,
            -0.006494023837149143
        ],
        [
            0.09512442350387573,
            0.01169900968670845,
            -0.025712380185723305
        ],
        [
            0.09768222272396088,
            0.0022104382514953613,
            -0.019510673359036446
        ],
        [
            0.09124825894832611,
            -0.009592972695827484,
            -0.020961366593837738
        ],
        [
            0.08558087050914764,
            -0.0015474185347557068,
            -0.026501832529902458
        ],
        [
            0.08923812210559845,
            0.021552983671426773,
            -0.032338593155145645
        ],
        [
            0.08220875263214111,
            0.009985402226448059,
            -0.03542131930589676
        ],
        [
            0.07524039596319199,
            0.021917574107646942,
            -0.04150877892971039
        ],
        [
            0.06467865407466888,
            0.03789154440164566,
            -0.04461139440536499
        ],
        [
            0.11811532080173492,
            0.01479463279247284,
            0.008230693638324738
        ],
        [
            0.11659514158964157,
            0.024877924472093582,
            0.008338339626789093
        ],
        [
            0.02894752286374569,
            0.10034221410751343,
            -0.016835149377584457
        ],
        [
            0.03303058445453644,
            0.10119470953941345,
            -0.01269291341304779
        ],
        [
            0.03314048424363136,
            0.09518922120332718,
            -0.013692745938897133
        ],
        [
            0.028685446828603745,
            0.0954606682062149,
            -0.01728171482682228
        ],
        [
            0.11265331506729126,
            0.017158515751361847,
            0.027482690289616585
        ],
        [
            0.10608582198619843,
            0.012396864593029022,
            0.0333544984459877
        ],
        [
            0.11163750290870667,
            0.007845789194107056,
            0.03233759105205536
        ],
        [
            0.11692395806312561,
            0.01129046082496643,
            0.025434523820877075
        ],
        [
            0.10697698593139648,
            0.024888120591640472,
            0.03015723265707493
        ],
        [
            0.09837452322244644,
            0.018870100378990173,
            0.03407655283808708
        ],
        [
            0.017679400742053986,
            0.10146135836839676,
            -0.011559532023966312
        ],
        [
            0.020269744098186493,
            0.10124362260103226,
            -0.015955939888954163
        ],
        [
            0.01895814761519432,
            0.09588740766048431,
            -0.015059558674693108
        ],
        [
            0.017072204500436783,
            0.09533252567052841,
            -0.010056178085505962
        ],
        [
            0.047128237783908844,
            0.051419202238321304,
            -0.018274206668138504
        ],
        [
            0.054590221494436264,
            0.05105742812156677,
            -0.013073473237454891
        ],
        [
            0.0358474925160408,
            0.06322809308767319,
            -0.015518952161073685
        ],
        [
            0.04304976388812065,
            0.05880383402109146,
            -0.013050831854343414
        ],
        [
            0.038755640387535095,
            0.055269744247198105,
            -0.017481565475463867
        ],
        [
            0.03239063173532486,
            0.05920381471514702,
            -0.018154092133045197
        ],
        [
            0.05999443307518959,
            0.060065463185310364,
            0.003433284815400839
        ],
        [
            0.06727208197116852,
            0.05125068873167038,
            0.0017835432663559914
        ],
        [
            0.06220720335841179,
            0.05096583813428879,
            -0.0023893718607723713
        ],
        [
            0.05367691442370415,
            0.06059148162603378,
            -0.0023920685052871704
        ],
        [
            0.07844225317239761,
            0.05498860776424408,
            0.009482638910412788
        ],
        [
            0.07012542337179184,
            0.06297551840543747,
            0.01086865272372961
        ],
        [
            0.07748156785964966,
            0.06392168998718262,
            0.015111967921257019
        ],
        [
            0.08258979022502899,
            0.05872282385826111,
            0.012699414975941181
        ],
        [
            0.05358397960662842,
            0.07440418004989624,
            0.011314047500491142
        ],
        [
            0.049428731203079224,
            0.07704091817140579,
            0.011674635112285614
        ],
        [
            0.052534960210323334,
            0.07845203578472137,
            0.01281670667231083
        ],
        [
            0.0567668080329895,
            0.07478523254394531,
            0.013273402117192745
        ],
        [
            0.11632857471704483,
            0.002579532563686371,
            0.03170605003833771
        ],
        [
            0.12022388726472855,
            0.005212903022766113,
            0.023144962266087532
        ],
        [
            0.07917074114084244,
            0.05486792325973511,
            0.04233821481466293
        ],
        [
            0.09007604420185089,
            0.055468976497650146,
            0.03988922759890556
        ],
        [
            0.08442860841751099,
            0.06747788190841675,
            0.04227317124605179
        ],
        [
            0.07335901260375977,
            0.06376664340496063,
            0.04529103636741638
        ],
        [
            0.09682045876979828,
            0.007920503616333008,
            0.033814068883657455
        ],
        [
            0.10308898985385895,
            0.0034283697605133057,
            0.03501179814338684
        ],
        [
            0.01833239570260048,
            0.10197516530752182,
            -0.005411735735833645
        ],
        [
            0.018617011606693268,
            0.09562703967094421,
            -0.004319699946790934
        ],
        [
            0.06700495630502701,
            0.011768456548452377,
            -0.037018679082393646
        ],
        [
            0.05730234086513519,
            0.03161720186471939,
            -0.04342883080244064
        ],
        [
            0.0742860808968544,
            -0.0012246817350387573,
            -0.02781910076737404
        ],
        [
            0.07875343412160873,
            -0.009281270205974579,
            -0.019572388380765915
        ],
        [
            0.0830829069018364,
            -0.016627013683319092,
            -0.015168207697570324
        ],
        [
            0.044219329953193665,
            0.06325238943099976,
            -0.00868256762623787
        ],
        [
            0.061328183859586716,
            0.048181094229221344,
            -0.007498227991163731
        ],
        [
            0.07679465413093567,
            0.043517932295799255,
            0.0006066085770726204
        ],
        [
            0.09920568764209747,
            0.05615260452032089,
            0.017347153276205063
        ],
        [
            0.10568813979625702,
            0.04844779893755913,
            0.015094956383109093
        ],
        [
            0.09730441868305206,
            0.048826664686203,
            0.00841306522488594
        ],
        [
            0.09304257482290268,
            0.05520343407988548,
            0.012213977985084057
        ],
        [
            0.09649518877267838,
            0.060196034610271454,
            0.03368477523326874
        ],
        [
            0.09590733051300049,
            0.06306081265211105,
            0.02616693824529648
        ],
        [
            0.09100447595119476,
            0.06899195164442062,
            0.028122220188379288
        ],
        [
            0.09082332253456116,
            0.0685318112373352,
            0.035893067717552185
        ],
        [
            0.04258503019809723,
            0.044941093772649765,
            -0.032974131405353546
        ],
        [
            0.04412267357110977,
            0.02940964698791504,
            -0.030647052451968193
        ],
        [
            0.11694928258657455,
            0.02099400758743286,
            0.0186631977558136
        ],
        [
            0.11908832937479019,
            0.014019303023815155,
            0.015938859432935715
        ],
        [
            0.12177016586065292,
            0.0059480443596839905,
            0.015607243403792381
        ],
        [
            0.09439622610807419,
            0.02947245165705681,
            -0.005232604220509529
        ],
        [
            0.10317479074001312,
            0.019189130514860153,
            -0.008615356869995594
        ],
        [
            0.10050896555185318,
            0.018623586744070053,
            -0.012202255427837372
        ],
        [
            0.09169448167085648,
            0.02795470505952835,
            -0.006610596552491188
        ],
        [
            0.08103874325752258,
            0.03317210078239441,
            -0.015289295464754105
        ],
        [
            0.0905577689409256,
            0.027367599308490753,
            -0.022127626463770866
        ],
        [
            0.07479431480169296,
            0.0418119877576828,
            -0.0188298299908638
        ],
        [
            0.10403913259506226,
            0.005050919950008392,
            -0.011997679248452187
        ],
        [
            0.11252325773239136,
            0.0001947060227394104,
            -0.0068871034309268
        ],
        [
            0.10688627511262894,
            -0.003919750452041626,
            -0.012336370535194874
        ],
        [
            0.11774143576622009,
            0.003187723457813263,
            0.0007844436913728714
        ],
        [
            0.12125670909881592,
            0.0054268017411231995,
            0.008604892529547215
        ],
        [
            0.10777135193347931,
            -0.003139309585094452,
            0.03762645274400711
        ],
        [
            0.10047834366559982,
            -0.007503412663936615,
            -0.01619519665837288
        ],
        [
            0.06735303997993469,
            0.0536143034696579,
            -0.033767275512218475
        ],
        [
            0.061893031001091,
            0.05934290960431099,
            -0.03503238782286644
        ],
        [
            0.060426708310842514,
            0.058674052357673645,
            -0.027746127918362617
        ],
        [
            0.06480652838945389,
            0.05342143028974533,
            -0.02593909576535225
        ],
        [
            0.021088095381855965,
            0.055745214223861694,
            -0.012335866689682007
        ],
        [
            0.02667928859591484,
            0.05772637575864792,
            -0.01751798205077648
        ],
        [
            0.03305821120738983,
            0.0511736162006855,
            -0.018803920596837997
        ],
        [
            0.10501258820295334,
            0.03465260565280914,
            0.0009530019015073776
        ],
        [
            0.11278852075338364,
            0.03464687615633011,
            0.01089414767920971
        ],
        [
            0.03731616586446762,
            0.06727322936058044,
            -0.010910090059041977
        ],
        [
            0.015923738479614258,
            0.09031573683023453,
            -0.007958305068314075
        ],
        [
            0.017647527158260345,
            0.09022814780473709,
            -0.013694306835532188
        ],
        [
            0.018058346584439278,
            0.07159298658370972,
            -0.013214697130024433
        ],
        [
            0.015811052173376083,
            0.07274880260229111,
            -0.0068145799450576305
        ],
        [
            0.03433258831501007,
            0.0730179026722908,
            -0.003366799559444189
        ],
        [
            0.03613157197833061,
            0.07029522955417633,
            -0.009608535096049309
        ],
        [
            0.03583544120192528,
            0.07221212983131409,
            -0.008062710985541344
        ],
        [
            0.03618201985955238,
            0.07557402551174164,
            -0.0024044187739491463
        ],
        [
            0.061010219156742096,
            0.0779937207698822,
            0.016859669238328934
        ],
        [
            0.06456194818019867,
            0.07470668107271194,
            0.01708982326090336
        ],
        [
            0.027359971776604652,
            0.059857264161109924,
            0.012431216426193714
        ],
        [
            0.01917899399995804,
            0.052510328590869904,
            0.004899660125374794
        ],
        [
            0.02695353887975216,
            0.042138829827308655,
            0.003395632840692997
        ],
        [
            0.06597498059272766,
            0.06092967092990875,
            0.007767662405967712
        ],
        [
            0.05997423082590103,
            0.0688866376876831,
            0.009748580865561962
        ],
        [
            0.06314864009618759,
            0.06952082365751266,
            0.012279650196433067
        ],
        [
            0.04362178593873978,
            0.06663232296705246,
            -0.005487646907567978
        ],
        [
            0.03834620863199234,
            0.07019924372434616,
            -0.005636774934828281
        ],
        [
            0.041369881480932236,
            0.07034720480442047,
            -0.0017749257385730743
        ],
        [
            0.047496497631073,
            0.06687283515930176,
            -0.0015366827137768269
        ],
        [
            0.0962960422039032,
            0.04395637661218643,
            0.03747357428073883
        ],
        [
            0.10372786968946457,
            0.04996544122695923,
            0.030671756714582443
        ],
        [
            0.02434708923101425,
            0.10059796273708344,
            -0.017939642071723938
        ],
        [
            0.02337757498025894,
            0.09551042318344116,
            -0.01768474280834198
        ],
        [
            0.07300010323524475,
            0.05230722948908806,
            0.005992725491523743
        ],
        [
            0.03762064874172211,
            0.03149241954088211,
            0.0013214931823313236
        ],
        [
            0.0811084657907486,
            0.044810596853494644,
            0.0036854101344943047
        ],
        [
            0.059912074357271194,
            0.07280398905277252,
            0.03534875437617302
        ],
        [
            0.06590288877487183,
            0.07716640830039978,
            0.03089207038283348
        ],
        [
            0.06464854627847672,
            0.08076221495866776,
            0.02820124849677086
        ],
        [
            0.05957004800438881,
            0.08023317158222198,
            0.031225871294736862
        ],
        [
            0.03455770015716553,
            0.09058281779289246,
            -0.0018822858110070229
        ],
        [
            0.035586174577474594,
            0.09079959243535995,
            -0.00766986608505249
        ],
        [
            0.035763420164585114,
            0.09560725092887878,
            -0.008043705485761166
        ],
        [
            0.034403953701257706,
            0.09571665525436401,
            -0.0025150266010314226
        ],
        [
            0.034023530781269073,
            0.06793555617332458,
            -0.014484339393675327
        ],
        [
            0.029683917760849,
            0.06512415409088135,
            -0.017914094030857086
        ],
        [
            0.029413094744086266,
            0.07114530354738235,
            -0.0169718936085701
        ],
        [
            0.03348984196782112,
            0.07217858731746674,
            -0.012708082795143127
        ],
        [
            0.02382640540599823,
            0.06436500698328018,
            -0.016911184415221214
        ],
        [
            0.023172786459326744,
            0.0707654058933258,
            -0.016772810369729996
        ],
        [
            0.029527967795729637,
            0.09035557508468628,
            0.002136027440428734
        ],
        [
            0.022064954042434692,
            0.09013060480356216,
            0.0021098260767757893
        ],
        [
            0.023314842954277992,
            0.07521838694810867,
            0.0044655585661530495
        ],
        [
            0.030906779691576958,
            0.07767254114151001,
            0.002706211293116212
        ],
        [
            0.07533007115125656,
            0.023456983268260956,
            0.030401106923818588
        ],
        [
            0.08485407382249832,
            0.026887673884630203,
            0.034896817058324814
        ],
        [
            0.0776381641626358,
            0.04032181575894356,
            0.03651662915945053
        ],
        [
            0.07018676400184631,
            0.05372074991464615,
            0.039510078728199005
        ],
        [
            0.06297765672206879,
            0.06612671166658401,
            0.04051372781395912
        ],
        [
            0.05180748924612999,
            0.06239095330238342,
            0.03745920583605766
        ],
        [
            0.0854131206870079,
            0.041649699211120605,
            0.03888339549303055
        ],
        [
            0.03103877417743206,
            0.07077018916606903,
            0.004002156667411327
        ],
        [
            0.024125928059220314,
            0.06572897732257843,
            0.006149141117930412
        ],
        [
            0.027948392555117607,
            0.06751599162817001,
            0.008225610479712486
        ],
        [
            0.08708885312080383,
            0.047922588884830475,
            0.0068241627886891365
        ],
        [
            0.021637462079524994,
            0.08981753885746002,
            -0.016842706128954887
        ],
        [
            0.07333779335021973,
            -0.012212857604026794,
            0.004355176351964474
        ],
        [
            0.0779159665107727,
            -0.009167209267616272,
            0.016794167459011078
        ],
        [
            0.07237168401479721,
            -0.002707280218601227,
            0.014695053920149803
        ],
        [
            0.06767910718917847,
            -0.005584746599197388,
            -4.889117553830147e-05
        ],
        [
            0.032831016927957535,
            0.09014520049095154,
            -0.013931995257735252
        ],
        [
            0.02782842516899109,
            0.0898352786898613,
            -0.01763698272407055
        ],
        [
            0.06970872730016708,
            0.07722312211990356,
            0.019990652799606323
        ],
        [
            0.0656747967004776,
            0.08009941130876541,
            0.019733022898435593
        ],
        [
            0.06722252070903778,
            0.08117987215518951,
            0.022306304425001144
        ],
        [
            0.07240057736635208,
            0.08022544533014297,
            0.022422881796956062
        ],
        [
            0.09061684459447861,
            0.027680285274982452,
            0.03621318191289902
        ],
        [
            0.08367007225751877,
            0.07646746933460236,
            0.03889404237270355
        ],
        [
            0.0726132020354271,
            0.07270815223455429,
            0.04258636385202408
        ],
        [
            0.09064030647277832,
            0.015150561928749084,
            0.03344719111919403
        ],
        [
            0.0821644589304924,
            0.011809222400188446,
            0.030082201585173607
        ],
        [
            0.08744309842586517,
            0.0036322996020317078,
            0.030332334339618683
        ],
        [
            0.040752146393060684,
            0.06534929573535919,
            0.027693767100572586
        ],
        [
            0.0676949992775917,
            0.022991549223661423,
            0.026409156620502472
        ],
        [
            0.07582272589206696,
            0.010941766202449799,
            0.02596099302172661
        ],
        [
            0.08186504244804382,
            0.0011423379182815552,
            0.026059456169605255
        ],
        [
            0.08625562489032745,
            -0.005855761468410492,
            0.02709953673183918
        ],
        [
            0.09203603863716125,
            -0.002339661121368408,
            0.03153461217880249
        ],
        [
            0.018230095505714417,
            0.09041392803192139,
            -0.0021830364130437374
        ],
        [
            0.022784069180488586,
            0.09609011560678482,
            0.0006765478756278753
        ],
        [
            0.09665660560131073,
            -0.009576849639415741,
            0.034352801740169525
        ],
        [
            0.09026055037975311,
            -0.013033494353294373,
            0.02867446467280388
        ],
        [
            0.06906460225582123,
            0.009398728609085083,
            0.019935550168156624
        ],
        [
            0.06175919622182846,
            0.007752671837806702,
            0.011173482984304428
        ],
        [
            0.061572033911943436,
            0.02119174599647522,
            0.020486507564783096
        ],
        [
            0.05356050282716751,
            0.020463258028030396,
            0.012225220911204815
        ],
        [
            0.03149142861366272,
            0.05917692184448242,
            0.02558980882167816
        ],
        [
            0.02705342508852482,
            0.11464106291532516,
            -0.00041141000110656023
        ],
        [
            0.027816345915198326,
            0.10317899286746979,
            0.0010689226910471916
        ],
        [
            0.03285650536417961,
            0.10245908051729202,
            -0.0016469531692564487
        ],
        [
            0.03122974932193756,
            0.11394758522510529,
            -0.000647558132186532
        ],
        [
            0.029651280492544174,
            0.09584419429302216,
            0.0009241360821761191
        ],
        [
            0.022286856546998024,
            0.10254213213920593,
            -0.0002257992746308446
        ],
        [
            0.04734721779823303,
            0.019336044788360596,
            -0.0013862503692507744
        ],
        [
            0.03682729974389076,
            0.0732530876994133,
            -0.001196123193949461
        ],
        [
            0.057119376957416534,
            0.006322100758552551,
            -0.006971388123929501
        ],
        [
            0.03991353511810303,
            0.024215228855609894,
            -0.015553344041109085
        ],
        [
            0.048384636640548706,
            0.01637451723217964,
            -0.02168296091258526
        ],
        [
            0.06741407513618469,
            -0.005788229405879974,
            -0.014680832624435425
        ],
        [
            0.05941031873226166,
            0.005663800984621048,
            -0.026417411863803864
        ],
        [
            0.07819922268390656,
            -0.0187278613448143,
            -0.005198695696890354
        ],
        [
            0.07279609888792038,
            -0.012022003531455994,
            -0.008232397958636284
        ],
        [
            0.05251522362232208,
