{
    "pred_cam": [
        8.685798645019531,
        0.12885934114456177,
        -0.05148287117481232
    ],
    "pred_mano_params": {
        "global_orient": [
            [
                [
                    -0.4846990704536438,
                    -0.1652485877275467,
                    -0.858929455280304
                ],
                [
                    -0.5329837203025818,
                    -0.7228264808654785,
                    0.43982982635498047
                ],
                [
                    -0.6935381889343262,
                    0.6709805130958557,
                    0.2622785270214081
                ]
            ]
        ],
        "hand_pose": [
            [
                [
                    0.5876544117927551,
                    -0.8088592886924744,
                    -0.020221810787916183
                ],
                [
                    0.8088750243186951,
                    0.5866938829421997,
                    0.03887743875384331
                ],
                [
                    -0.019582364708185196,
                    -0.03920341655611992,
                    0.9990392923355103
                ]
            ],
            [
                [
                    0.4583841562271118,
                    -0.8641350269317627,
                    0.2077370136976242
                ],
                [
                    0.8799092769622803,
                    0.4083569645881653,
                    -0.24290785193443298
                ],
                [
                    0.12507431209087372,
                    0.29413485527038574,
                    0.9475447535514832
                ]
            ],
            [
                [
                    0.8630352020263672,
                    -0.49078434705734253,
                    0.1195867508649826
                ],
                [
                    0.4907931983470917,
                    0.8707090616226196,
                    0.03142934292554855
                ],
                [
                    -0.11955028772354126,
                    0.031567737460136414,
                    0.9923262000083923
                ]
            ],
            [
                [
                    0.4967902600765228,
                    -0.8591711521148682,
                    -0.12257418036460876
                ],
                [
                    0.8655067086219788,
                    0.4800533652305603,
                    0.14299276471138
                ],
                [
                    -0.06401310116052628,
                    -0.17712616920471191,
                    0.9821041822433472
                ]
            ],
            [
                [
                    0.7083496451377869,
                    -0.6778607368469238,
                    -0.19683906435966492
                ],
                [
                    0.7057569622993469,
                    0.6849536895751953,
                    0.18095731735229492
                ],
                [
                    0.012161782011389732,
                    -0.26710158586502075,
                    0.9635916352272034
                ]
            ],
            [
                [
                    0.8148407936096191,
                    -0.5796290636062622,
                    0.00803986843675375
                ],
                [
                    0.5791893601417542,
                    0.8146393299102783,
                    0.03004046157002449
                ],
                [
                    -0.02396191656589508,
                    -0.019821586087346077,
                    0.9995163679122925
                ]
            ],
            [
                [
                    0.5417624115943909,
                    -0.8271138072013855,
                    0.14958687126636505
                ],
                [
                    0.7673187255859375,
                    0.5593223571777344,
                    0.3136565089225769
                ],
                [
                    -0.34309694170951843,
                    -0.0551464706659317,
                    0.9376797080039978
                ]
            ],
            [
                [
                    0.6537612080574036,
                    -0.7501285672187805,
                    -0.09951596707105637
                ],
                [
                    0.5625807046890259,
                    0.39387449622154236,
                    0.7268877625465393
                ],
                [
                    -0.5060624480247498,
                    -0.5311967730522156,
                    0.6795077323913574
                ]
            ],
            [
                [
                    0.8808020353317261,
                    -0.4709242582321167,
                    0.04917420074343681
                ],
                [
                    0.3792751729488373,
                    0.7639036774635315,
                    0.5221124887466431
                ],
                [
                    -0.2834398150444031,
                    -0.44122716784477234,
                    0.8514577746391296
                ]
            ],
            [
                [
                    0.612777590751648,
                    -0.7879101037979126,
                    0.06083889678120613
                ],
                [
                    0.7891013026237488,
                    0.6142259836196899,
                    0.00676089758053422
                ],
                [
                    -0.04269580915570259,
                    0.04386511817574501,
                    0.9981247782707214
                ]
            ],
            [
                [
                    0.6792052388191223,
                    -0.7172818183898926,
                    -0.15552166104316711
                ],
                [
                    0.6820838451385498,
                    0.5386350750923157,
                    0.4946046471595764
                ],
                [
                    -0.27100151777267456,
                    -0.4420168995857239,
                    0.8550900816917419
                ]
            ],
            [
                [
                    0.7653805017471313,
                    -0.6435748934745789,
                    -0.0020186665933579206
                ],
                [
                    0.6192757487297058,
                    0.7356212735176086,
                    0.274515837430954
                ],
                [
                    -0.17518652975559235,
                    -0.2113591581583023,
                    0.9615805149078369
                ]
            ],
            [
                [
                    0.9519153237342834,
                    0.2541694939136505,
                    0.1710408478975296
                ],
                [
                    -0.11952178180217743,
                    0.8221646547317505,
                    -0.5565606355667114
                ],
                [
                    -0.28208452463150024,
                    0.5093555450439453,
                    0.8130099177360535
                ]
            ],
            [
                [
                    0.9808546900749207,
                    -0.1901499181985855,
                    -0.0420369952917099
                ],
                [
                    0.18033859133720398,
                    0.8054290413856506,
                    0.5645901560783386
                ],
                [
                    -0.07349896430969238,
                    -0.5613617897033691,
                    0.824300229549408
                ]
            ],
            [
                [
                    0.7710052132606506,
                    -0.5910916924476624,
                    -0.23698435723781586
                ],
                [
                    0.284584105014801,
                    0.6527066826820374,
                    -0.7021295428276062
                ],
                [
                    0.5697042346000671,
                    0.4739035367965698,
                    0.6714555621147156
                ]
            ]
        ],
        "betas": [
            -0.135451078414917,
            -0.07625553011894226,
            0.004380911588668823,
            0.006248146295547485,
            -0.012251466512680054,
            -0.00925413891673088,
            0.0027110278606414795,
            0.04008784890174866,
            -0.026201635599136353,
            -0.02187192440032959
        ]
    },
    "pred_cam_t": [
        -0.12885934114456177,
        -0.05148287117481232,
        4.497283458709717
    ],
    "focal_length": [
        5000.0,
        5000.0
    ],
    "pred_keypoints_3d": [
        [
            0.09630228579044342,
            0.006441966164857149,
            0.006231825798749924
        ],
        [
            0.08826969563961029,
            0.0421307235956192,
            0.01935746520757675
        ],
        [
            0.07503073662519455,
            0.06837928295135498,
            0.029245013371109962
        ],
        [
            0.06787827610969543,
            0.09140503406524658,
            0.041956037282943726
        ],
        [
            0.07876738905906677,
            0.12380880117416382,
            0.03985873609781265
        ],
        [
            0.12228142470121384,
            0.06661104410886765,
            0.06968139111995697
        ],
        [
            0.13484470546245575,
            0.09730132669210434,
            0.06986154615879059
        ],
        [
            0.13469915091991425,
            0.10436272621154785,
            0.04868819937109947
        ],
        [
            0.12954072654247284,
            0.1025824323296547,
            0.024328172206878662
        ],
        [
            0.14566515386104584,
            0.056807808578014374,
            0.07041558623313904
        ],
        [
            0.1613859087228775,
            0.08348380774259567,
            0.0626605674624443
        ],
        [
            0.16051970422267914,
            0.09490116685628891,
            0.04222521185874939
        ],
        [
            0.15095938742160797,
            0.10044758021831512,
            0.019073419272899628
        ],
        [
            0.15995752811431885,
            0.04133376479148865,
            0.05358486622571945
        ],
        [
            0.17616473138332367,
            0.06541676074266434,
            0.051789384335279465
        ],
        [
            0.17587478458881378,
            0.07828889787197113,
            0.030394434928894043
        ],
        [
            0.16374430060386658,
            0.08489435911178589,
            0.009247474372386932
        ],
        [
            0.16894400119781494,
            0.031407710164785385,
            0.03613879159092903
        ],
        [
            0.18227815628051758,
            0.04714391753077507,
            0.03090260550379753
        ],
        [
            0.17580239474773407,
            0.05594150349497795,
            0.015231180936098099
        ],
        [
            0.16003790497779846,
            0.05905252695083618,
            0.004155281465500593
        ]
    ],
    "pred_vertices": [
        [
            0.10856577008962631,
            0.054193370044231415,
            0.03417849540710449
        ],
        [
            0.10411040484905243,
            0.05143650993704796,
            0.02590116858482361
        ],
        [
            0.09933222085237503,
            0.062410928308963776,
            0.0297921821475029
        ],
        [
            0.10425776988267899,
            0.06369025260210037,
            0.03809361159801483
        ],
        [
            0.09119833260774612,
            0.05829261243343353,
            0.00915750116109848
        ],
        [
            0.08070337772369385,
            0.05529256910085678,
            0.004839189350605011
        ],
        [
            0.07698449492454529,
            0.06921867281198502,
            0.013380885124206543
        ],
        [
            0.08573784679174423,
            0.07154958695173264,
            0.015646956861019135
        ],
        [
            0.09886752814054489,
            0.07058533281087875,
            0.04305592551827431
        ],
        [
            0.09529224783182144,
            0.07075703889131546,
            0.033228691667318344
        ],
        [
            0.09173770248889923,
            0.07072577625513077,
            0.04676119238138199
        ],
        [
            0.09700753539800644,
            0.06574961543083191,
            0.05886484682559967
        ],
        [
            0.10258591175079346,
            0.06822656840085983,
            0.05296296998858452
        ],
        [
            0.1026792898774147,
            0.06504559516906738,
            0.06636413931846619
        ],
        [
            0.09186971932649612,
            0.05530644208192825,
            0.06062133610248566
        ],
        [
            0.10443835705518723,
            0.05706009641289711,
            0.07228364050388336
        ],
        [
            0.1101609319448471,
            0.02984095737338066,
            0.058818891644477844
        ],
        [
            0.11973345279693604,
            0.02163561061024666,
            0.05327705666422844
        ],
        [
            0.13048338890075684,
            0.030180595815181732,
            0.06502892822027206
        ],
        [
            0.11988592892885208,
            0.03851006552577019,
            0.06887568533420563
        ],
        [
            0.1408872753381729,
            0.019275303930044174,
            0.04994599521160126
        ],
        [
            0.13569806516170502,
            0.02566467970609665,
            0.05875472351908684
        ],
        [
            0.12496496737003326,
            0.016163673251867294,
            0.04811069369316101
        ],
        [
            0.1301838904619217,
            0.011101793497800827,
            0.04070107638835907
        ],
        [
            0.11650590598583221,
            0.04033498466014862,
            0.026119261980056763
        ],
        [
            0.1124182865023613,
            0.035550035536289215,
            0.01791531592607498
        ],
        [
            0.1093774139881134,
            0.04037468135356903,
            0.02158350497484207
        ],
        [
            0.11311399191617966,
            0.04451389238238335,
            0.028901852667331696
        ],
        [
            0.07698706537485123,
            0.07035224139690399,
            0.044609107077121735
        ],
        [
            0.07877122610807419,
            0.060069382190704346,
            0.04615776240825653
        ],
        [
            0.08524778485298157,
            0.06456614285707474,
            0.04932655021548271
        ],
        [
            0.08091095089912415,
            0.07413964718580246,
            0.04350981116294861
        ],
        [
            0.10790686309337616,
            0.02229127287864685,
            -0.008394613862037659
        ],
        [
            0.09896250814199448,
            0.012612234801054,
            -0.012024566531181335
        ],
        [
            0.0943012461066246,
            0.015250824391841888,
            -0.009581953287124634
        ],
        [
            0.10374656319618225,
            0.02326105907559395,
            -0.006283670663833618
        ],
        [
            0.08185665309429169,
            0.032689642161130905,
            -0.001992352306842804
        ],
        [
            0.0793173611164093,
            0.022400546818971634,
            -0.0031251907348632812
        ],
        [
            0.06689435988664627,
            0.017446152865886688,
            0.002169407904148102
        ],
        [
            0.06854166090488434,
            0.02596038207411766,
            0.0064394548535346985
        ],
        [
            0.08212536573410034,
            0.04421320930123329,
            0.000826716423034668
        ],
        [
            0.07025690376758575,
            0.038363371044397354,
            0.006191276013851166
        ],
        [
            0.07127156853675842,
            0.04966101422905922,
            0.00865957885980606
        ],
        [
            0.06973173469305038,
            0.0633338987827301,
            0.016341064125299454
        ],
        [
            0.10879704356193542,
            0.00477239117026329,
            -0.015187054872512817
        ],
        [
            0.11678946018218994,
            0.011033393442630768,
            -0.01346830278635025
        ],
        [
            0.12486983090639114,
            0.09334306418895721,
            0.05934586748480797
        ],
        [
            0.13008204102516174,
            0.09095629304647446,
            0.05677606165409088
        ],
        [
            0.12877969443798065,
            0.08940930664539337,
            0.05763343349099159
        ],
        [
            0.12423814088106155,
            0.09196535497903824,
            0.06028454750776291
        ],
        [
            0.12066024541854858,
            -0.00768294557929039,
            -0.0041751861572265625
        ],
        [
            0.11889307200908661,
            -0.013704124838113785,
            0.0038384534418582916
        ],
        [
            0.11566482484340668,
            -0.016869768500328064,
            -0.001961052417755127
        ],
        [
            0.11552850902080536,
            -0.010535202920436859,
            -0.009043261408805847
        ],
        [
            0.12738622725009918,
            -0.0038421638309955597,
            0.0022581368684768677
        ],
        [
            0.12306369841098785,
            -0.008628617972135544,
            0.011648241430521011
        ],
        [
            0.12836822867393494,
            0.10226021707057953,
            0.0681506022810936
        ],
        [
            0.12441983073949814,
            0.10025863349437714,
            0.0650918260216713
        ],
        [
            0.12431320548057556,
            0.09768480062484741,
            0.06882154941558838
        ],
        [
            0.12857386469841003,
            0.09822550415992737,
            0.07237124443054199
        ],
        [
            0.10815911740064621,
            0.06537199765443802,
            0.04651118442416191
        ],
        [
            0.11331502348184586,
            0.05862487480044365,
            0.040900398045778275
        ],
        [
            0.1190536618232727,
            0.06926406174898148,
            0.057718951255083084
        ],
        [
            0.11791570484638214,
            0.06471645087003708,
            0.052105218172073364
        ],
        [
            0.11134915798902512,
            0.06704197824001312,
            0.054673828184604645
        ],
        [
            0.11300262808799744,
            0.06993228942155838,
            0.05988233536481857
        ],
        [
            0.13164734840393066,
            0.04884801805019379,
            0.04071153700351715
        ],
        [
            0.1248999759554863,
            0.04318467527627945,
            0.03298910707235336
        ],
        [
            0.12131061404943466,
            0.04761265218257904,
            0.03666077181696892
        ],
        [
            0.12749557197093964,
            0.05511985719203949,
            0.04508812725543976
        ],
        [
            0.13460436463356018,
            0.03683479130268097,
            0.024596627801656723
        ],
        [
            0.14038203656673431,
            0.042566925287246704,
            0.03321558237075806
        ],
        [
            0.14517688751220703,
            0.03819858655333519,
            0.027462713420391083
        ],
        [
            0.14037393033504486,
            0.035680510103702545,
            0.021661970764398575
        ],
        [
            0.14722907543182373,
            0.0530690923333168,
            0.04936777427792549
        ],
        [
            0.14965687692165375,
            0.05580421909689903,
            0.053615354001522064
        ],
        [
            0.15305575728416443,
            0.055819083005189896,
            0.051389388740062714
        ],
        [
            0.14934387803077698,
            0.05123709887266159,
            0.04705164581537247
        ],
        [
            0.11190810054540634,
            -0.02055516093969345,
            -0.006819762289524078
        ],
        [
            0.109921395778656,
            -0.0131029412150383,
            -0.013072345405817032
        ],
        [
            0.15277349948883057,
            0.010930333286523819,
            0.033118415623903275
        ],
        [
            0.15440404415130615,
            0.010967206209897995,
            0.021864082664251328
        ],
        [
            0.16469472646713257,
            0.016527149826288223,
            0.0284951850771904
        ],
        [
            0.16055266559123993,
            0.014705698937177658,
            0.039655886590480804
        ],
        [
            0.11370746791362762,
            -0.014679312705993652,
            0.012890085577964783
        ],
        [
            0.1119489073753357,
            -0.019727017730474472,
            0.00705232098698616
        ],
        [
            0.13485363125801086,
            0.10203254967927933,
            0.06946051865816116
        ],
        [
            0.1349865198135376,
            0.09785541146993637,
            0.07328588515520096
        ],
        [
            0.06687922775745392,
            0.0405234657227993,
            0.01833275705575943
        ],
        [
            0.06625784933567047,
            0.05764203518629074,
            0.023160140961408615
        ],
        [
            0.06668031215667725,
            0.027101952582597733,
            0.015867561101913452
        ],
        [
            0.06634029746055603,
            0.01743628829717636,
            0.014213472604751587
        ],
        [
            0.0633348673582077,
            0.010309353470802307,
            0.011184655129909515
        ],
        [
            0.1247687116265297,
            0.06338208168745041,
            0.05239040032029152
        ],
        [
            0.11585310846567154,
            0.0506286583840847,
            0.035965822637081146
        ],
        [
            0.11980500817298889,
            0.037343814969062805,
            0.023308325558900833
        ],
        [
            0.1441124975681305,
            0.02685375139117241,
            0.006870821118354797
        ],
        [
            0.13768818974494934,
            0.022484490647912025,
            -0.00030661746859550476
        ],
        [
            0.13261011242866516,
            0.029772687703371048,
            0.005866046994924545
        ],
        [
            0.1392284333705902,
            0.0316389724612236,
            0.01130383089184761
        ],
        [
            0.1561814695596695,
            0.017195310443639755,
            0.01421080157160759
        ],
        [
            0.1543089896440506,
            0.025018062442541122,
            0.012884877622127533
        ],
        [
            0.15991824865341187,
            0.028102144598960876,
            0.018723007291555405
        ],
        [
            0.16353420913219452,
            0.021321430802345276,
            0.020760968327522278
        ],
        [
            0.06974754482507706,
            0.06852100789546967,
            0.042701564729213715
        ],
        [
            0.07276716083288193,
            0.05701726675033569,
            0.04194885492324829
        ],
        [
            0.11957146227359772,
            0.0005732998251914978,
            -0.01088843122124672
        ],
        [
            0.11274521797895432,
            -0.0019457042217254639,
            -0.013902783393859863
        ],
        [
            0.10650388151407242,
            -0.007072418928146362,
            -0.0167706161737442
        ],
        [
            0.10963685065507889,
            0.03013502061367035,
            0.004718087613582611
        ],
        [
            0.1009405255317688,
            0.024113785475492477,
            -0.0049175843596458435
        ],
        [
            0.09840081632137299,
            0.02736036852002144,
            -0.0030401647090911865
        ],
        [
            0.10800483822822571,
            0.031682878732681274,
            0.007334105670452118
        ],
        [
            0.10167603194713593,
            0.049076564610004425,
            0.01515747606754303
        ],
        [
            0.09525200724601746,
            0.043993331491947174,
            0.0037338361144065857
        ],
        [
            0.09733213484287262,
            0.06171472370624542,
            0.019489694386720657
        ],
        [
            0.08707666397094727,
            0.01781640201807022,
            -0.007375940680503845
        ],
        [
            0.08725731074810028,
            0.009289618581533432,
            -0.014549463987350464
        ],
        [
            0.0797194242477417,
            0.012239634990692139,
            -0.01076815277338028
        ],
        [
            0.09506784379482269,
            0.0038429126143455505,
            -0.01724603772163391
        ],
        [
            0.10200724750757217,
            -0.0017905570566654205,
            -0.018335826694965363
        ],
        [
            0.10895881056785583,
            -0.02674565464258194,
            0.0031003355979919434
        ],
        [
            0.07324846088886261,
            0.014222562313079834,
            -0.005613118410110474
        ],
        [
            0.08102922886610031,
            0.07801438868045807,
            0.021533429622650146
        ],
        [
            0.07630959898233414,
            0.08282642066478729,
            0.026169463992118835
        ],
        [
            0.0819566622376442,
            0.08196211606264114,
            0.031615618616342545
        ],
        [
            0.08637771755456924,
            0.07753472030162811,
            0.02806171402335167
        ],
        [
            0.10903646051883698,
            0.06771738082170486,
            0.0722014307975769
        ],
        [
            0.109671451151371,
            0.07058809697628021,
            0.0651346743106842
        ],
        [
            0.1045527532696724,
            0.0678662657737732,
            0.059598423540592194
        ],
        [
            0.11826261132955551,
            0.02532302588224411,
            -0.004134818911552429
        ],
        [
            0.12543438374996185,
            0.015781614929437637,
            -0.008776240050792694
        ],
        [
            0.12540081143379211,
            0.06860082596540451,
            0.0578850582242012
        ],
        [
            0.1276983618736267,
            0.0942222997546196,
            0.07521192729473114
        ],
        [
            0.12273440510034561,
            0.09418947249650955,
            0.07151832431554794
        ],
        [
            0.11567696183919907,
            0.07795433700084686,
            0.07345876842737198
        ],
        [
            0.12103103846311569,
            0.07734642922878265,
            0.07825294137001038
        ],
        [
            0.1325322389602661,
            0.07008690387010574,
            0.06303628534078598
        ],
        [
            0.1265435516834259,
            0.07089149951934814,
            0.05890433490276337
        ],
        [
            0.1275462955236435,
            0.07207383215427399,
            0.05931016057729721
        ],
        [
            0.13404467701911926,
            0.07281675189733505,
            0.061201196163892746
        ],
        [
            0.15674275159835815,
            0.05013488605618477,
            0.044901616871356964
        ],
        [
            0.15324850380420685,
            0.04641798138618469,
            0.04091097414493561
        ],
        [
            0.130716934800148,
            0.04953685402870178,
            0.07503113895654678
        ],
        [
            0.1184985488653183,
            0.053581565618515015,
            0.0810374915599823
        ],
        [
            0.10967466980218887,
            0.04627049341797829,
            0.07279986143112183
        ],
        [
            0.13604401051998138,
            0.04465799033641815,
            0.03624185547232628
        ],
        [
            0.14263349771499634,
            0.04932728782296181,
            0.04277981072664261
        ],
        [
            0.14534679055213928,
            0.047094836831092834,
            0.04053251072764397
        ],
        [
            0.12920823693275452,
            0.06327269971370697,
            0.05394161492586136
        ],
        [
            0.13129475712776184,
            0.06705976277589798,
            0.05886790156364441
        ],
        [
            0.13371779024600983,
            0.06322068721055984,
            0.057115644216537476
        ],
        [
            0.1319589912891388,
            0.05962542071938515,
            0.05136594548821449
        ],
        [
            0.14489784836769104,
            0.004452429711818695,
            0.015019353479146957
        ],
        [
            0.1474461704492569,
            0.011704869568347931,
            0.0060758329927921295
        ],
        [
            0.123042531311512,
            0.09685628861188889,
            0.06212547421455383
        ],
        [
            0.12255965173244476,
            0.09515166282653809,
            0.0643574595451355
        ],
        [
            0.12932495772838593,
            0.03920760378241539,
            0.02873603254556656
        ],
        [
            0.10202348977327347,
            0.03872184827923775,
            0.06126658245921135
        ],
        [
            0.12344686686992645,
            0.03463481366634369,
            0.0200657919049263
        ],
        [
            0.16024526953697205,
            0.030911952257156372,
            0.05124645680189133
        ],
        [
            0.16434043645858765,
            0.03597491234540939,
            0.04470127820968628
        ],
        [
            0.1659073382616043,
            0.04041473567485809,
            0.046509623527526855
        ],
        [
            0.1651088297367096,
            0.03834015876054764,
            0.05237952619791031
        ],
        [
            0.13941411674022675,
            0.08525082468986511,
            0.0605301633477211
        ],
        [
            0.13448745012283325,
            0.08654730021953583,
            0.0571572408080101
        ],
        [
            0.13494931161403656,
            0.08774411678314209,
            0.05743299424648285
        ],
        [
            0.1404360830783844,
            0.08817651122808456,
            0.06027982011437416
        ],
        [
            0.12063602358102798,
            0.07169921696186066,
            0.0587548166513443
        ],
        [
            0.1151897981762886,
            0.07284832000732422,
            0.0614195391535759
        ],
        [
            0.1170375719666481,
            0.07612104713916779,
            0.06118200346827507
        ],
        [
            0.12266845256090164,
            0.0742965117096901,
            0.05923517048358917
        ],
        [
            0.11228655278682709,
            0.0732516273856163,
            0.06712997704744339
        ],
        [
            0.11426376551389694,
            0.07718376070261002,
            0.06716632843017578
        ],
        [
            0.1420586258172989,
            0.08643964678049088,
            0.0664789155125618
        ],
        [
            0.1397828310728073,
            0.09023731201887131,
            0.07298620790243149
        ],
        [
            0.13499292731285095,
            0.07354623079299927,
            0.07532025873661041
        ],
        [
            0.1376454085111618,
            0.07423174381256104,
            0.06786008924245834
        ],
        [
            0.1201406717300415,
            0.0022589415311813354,
            0.033013179898262024
        ],
        [
            0.12735144793987274,
            -0.0013729184865951538,
            0.025156434625387192
        ],
        [
            0.13764093816280365,
            0.007126741111278534,
            0.03272812068462372
        ],
        [
            0.14842110872268677,
            0.014408856630325317,
            0.040867410600185394
        ],
        [
            0.1575995534658432,
            0.022674130275845528,
            0.04836709797382355
        ],
        [
            0.15039470791816711,
            0.02536889910697937,
            0.05815812200307846
        ],
        [
            0.14161670207977295,
            0.00431123748421669,
            0.025951918214559555
        ],
        [
            0.1350114345550537,
            0.06137065216898918,
            0.06903521716594696
        ],
        [
            0.1311112493276596,
            0.06116151809692383,
            0.07602819800376892
        ],
        [
            0.1342579424381256,
            0.05644203722476959,
            0.07330220937728882
        ],
        [
            0.1289433240890503,
            0.03271954506635666,
            0.015268053859472275
        ],
        [
            0.12083648145198822,
            0.09299197793006897,
            0.06639491766691208
        ],
        [
            0.07626309245824814,
            0.000995539128780365,
            0.026329398155212402
        ],
        [
            0.0864281952381134,
            -0.007387414574623108,
            0.025782860815525055
        ],
        [
            0.08953389525413513,
            -0.0007243826985359192,
            0.03070550411939621
        ],
        [
            0.0784546285867691,
            0.009026996791362762,
            0.030560415238142014
        ],
        [
            0.12760744988918304,
            0.08897741883993149,
            0.057088710367679596
        ],
        [
            0.12227316945791245,
            0.0908459722995758,
            0.06051435321569443
        ],
        [
            0.15867935121059418,
            0.044041700661182404,
            0.0376620776951313
        ],
        [
            0.16115255653858185,
            0.04736317694187164,
            0.042086564004421234
        ],
        [
            0.1645459085702896,
            0.045281365513801575,
            0.04244062304496765
        ],
        [
            0.16468577086925507,
            0.04324082285165787,
            0.0365963876247406
        ],
        [
            0.12986546754837036,
            -0.0032135136425495148,
            0.019954822957515717
        ],
        [
            0.1710052788257599,
            0.022814398631453514,
            0.030200472101569176
        ],
        [
            0.16731467843055725,
            0.020967308431863785,
            0.04084145277738571
        ],
        [
            0.11815720051527023,
            -0.008640732616186142,
            0.018925249576568604
        ],
        [
            0.11184889078140259,
            -0.006081659346818924,
            0.026079948991537094
        ],
        [
            0.10636718571186066,
            -0.01237240806221962,
            0.020845912396907806
        ],
        [
            0.14593729376792908,
            0.03744767606258392,
            0.0665973499417305
        ],
        [
            0.11601711064577103,
            0.00683312863111496,
            0.03928972780704498
        ],
        [
            0.10754577070474625,
            -0.0019259527325630188,
            0.03101477026939392
        ],
        [
            0.10079190135002136,
            -0.009246520698070526,
            0.02497052401304245
        ],
        [
            0.09656237810850143,
            -0.015239819884300232,
            0.02079983428120613
        ],
        [
            0.10309679806232452,
            -0.017968282103538513,
            0.01662479341030121
        ],
        [
            0.13411974906921387,
            0.09272569417953491,
            0.07532062381505966
        ],
        [
            0.1416245549917221,
            0.09557655453681946,
            0.07065670937299728
        ],
        [
            0.09969161450862885,
            -0.025572724640369415,
            0.01276729628443718
        ],
        [
            0.09239073097705841,
            -0.021724432706832886,
            0.0171859972178936
        ],
        [
            0.10156760364770889,
            0.003328923135995865,
            0.03579679876565933
        ],
        [
            0.09418275952339172,
            0.010537277907133102,
            0.040165409445762634
        ],
        [
            0.10999816656112671,
            0.01178884506225586,
            0.0434434749186039
        ],
        [
            0.10324561595916748,
            0.01957700401544571,
            0.04874708503484726
        ],
        [
            0.1379135549068451,
            0.037509799003601074,
            0.07455891370773315
        ],
        [
            0.14293542504310608,
            0.10382135212421417,
            0.0537271685898304
        ],
        [
            0.14389395713806152,
            0.09635361284017563,
            0.062215983867645264
        ],
        [
            0.1415897011756897,
            0.09203790128231049,
            0.05875352770090103
        ],
        [
            0.14305345714092255,
            0.09993444383144379,
            0.051746830344200134
        ],
        [
            0.14310778677463531,
            0.09080751985311508,
            0.06486871093511581
        ],
        [
            0.1416037529706955,
            0.09973631054162979,
            0.0665595531463623
        ],
        [
            0.09301412850618362,
            0.030425839126110077,
            0.05051941052079201
        ],
        [
            0.13553091883659363,
            0.06555845588445663,
            0.061648644506931305
        ],
        [
            0.08208544552326202,
            0.0229274183511734,
            0.038761403411626816
        ],
        [
            0.0838133692741394,
            0.045930519700050354,
            0.05290393531322479
        ],
        [
            0.07614265382289886,
            0.04124881327152252,
            0.04203184321522713
        ],
        [
            0.0702650174498558,
            0.017484165728092194,
            0.02634964883327484
        ],
        [
            0.06869613379240036,
            0.03256729245185852,
            0.029742427170276642
        ],
        [
            0.06640184670686722,
            0.003035500645637512,
            0.01867818832397461
        ],
        [
            0.0695517361164093,
            0.009494394063949585,
            0.02315312996506691
        ],
        [
            0.06756924092769623,
            0.047712381929159164,
            0.03141320124268532
        ],
        [
            0.12781813740730286,
            0.09629270434379578,
            0.051364656537771225
        ],
        [
            0.13360071182250977,
            0.09416567534208298,
            0.05030953511595726
        ],
        [
            0.0727122575044632,
