{
    "pred_cam": [
        8.139513969421387,
        0.05038490146398544,
        -0.0597790852189064
    ],
    "pred_mano_params": {
        "global_orient": [
            [
                [
                    0.7261978983879089,
                    -0.3065560758113861,
                    -0.6153534650802612
                ],
                [
                    -0.642515242099762,
                    -0.6210464835166931,
                    -0.44886013865470886
                ],
                [
                    -0.2445623129606247,
                    0.7213352918624878,
                    -0.6479696035385132
                ]
            ]
        ],
        "hand_pose": [
            [
                [
                    0.8342854380607605,
                    -0.5089671015739441,
                    -0.21194379031658173
                ],
                [
                    0.5000282526016235,
                    0.8604453802108765,
                    -0.09800762683153152
                ],
                [
                    0.2322487235069275,
                    -0.02421153336763382,
                    0.9723550081253052
                ]
            ],
            [
                [
                    0.9259441494941711,
                    -0.37602728605270386,
                    0.03508375585079193
                ],
                [
                    0.36427783966064453,
                    0.864760160446167,
                    -0.3456755578517914
                ],
                [
                    0.09964440017938614,
                    0.33285653591156006,
                    0.9376980066299438
                ]
            ],
            [
                [
                    0.9251587390899658,
                    -0.34618091583251953,
                    0.15569233894348145
                ],
                [
                    0.34227660298347473,
                    0.9381539225578308,
                    0.05209510773420334
                ],
                [
                    -0.16409771144390106,
                    0.005093601066619158,
                    0.9864309430122375
                ]
            ],
            [
                [
                    0.5015967488288879,
                    -0.8485794067382812,
                    -0.16826675832271576
                ],
                [
                    0.8628832697868347,
                    0.5046755075454712,
                    0.027112631127238274
                ],
                [
                    0.0619128979742527,
                    -0.15879417955875397,
                    0.9853686094284058
                ]
            ],
            [
                [
                    0.9469699859619141,
                    -0.2231365442276001,
                    -0.23120978474617004
                ],
                [
                    0.26301518082618713,
                    0.9516268968582153,
                    0.15883682668209076
                ],
                [
                    0.1845831722021103,
                    -0.21122536063194275,
                    0.9598504304885864
                ]
            ],
            [
                [
                    0.8852962851524353,
                    -0.28258857131004333,
                    0.36931583285331726
                ],
                [
                    0.28008970618247986,
                    0.9579943418502808,
                    0.06161629781126976
                ],
                [
                    -0.37121453881263733,
                    0.04889288172125816,
                    0.9272589683532715
                ]
            ],
            [
                [
                    0.27989083528518677,
                    -0.9552127718925476,
                    -0.09607110917568207
                ],
                [
                    0.6482092142105103,
                    0.1142164096236229,
                    0.7528474926948547
                ],
                [
                    -0.7081566452980042,
                    -0.2729893624782562,
                    0.6511458158493042
                ]
            ],
            [
                [
                    0.9424603581428528,
                    -0.24482367932796478,
                    -0.22766166925430298
                ],
                [
                    0.17890463769435883,
                    0.9445980191230774,
                    -0.2751866281032562
                ],
                [
                    0.28242096304893494,
                    0.21862275898456573,
                    0.9340462684631348
                ]
            ],
            [
                [
                    0.9526229500770569,
                    0.2366056591272354,
                    0.1911209374666214
                ],
                [
                    -0.2995152473449707,
                    0.839078962802887,
                    0.4541332721710205
                ],
                [
                    -0.05291510745882988,
                    -0.48986148834228516,
                    0.8701928853988647
                ]
            ],
            [
                [
                    0.3331296443939209,
                    -0.9398146271705627,
                    0.07598122209310532
                ],
                [
                    0.8979281783103943,
                    0.34080082178115845,
                    0.2785314619541168
                ],
                [
                    -0.28766241669654846,
                    -0.02456139586865902,
                    0.9574168920516968
                ]
            ],
            [
                [
                    0.9794167280197144,
                    -0.038745008409023285,
                    -0.19809511303901672
                ],
                [
                    0.09194817394018173,
                    0.9593057632446289,
                    0.2669791877269745
                ],
                [
                    0.1796896904706955,
                    -0.27969837188720703,
                    0.9431226253509521
                ]
            ],
            [
                [
                    0.8834797143936157,
                    -0.1952432096004486,
                    0.4258446991443634
                ],
                [
                    0.10879085212945938,
                    0.9696691632270813,
                    0.21887511014938354
                ],
                [
                    -0.455662339925766,
                    -0.14704370498657227,
                    0.8779237270355225
                ]
            ],
            [
                [
                    0.8600553870201111,
                    -0.2003176212310791,
                    -0.4692307710647583
                ],
                [
                    -0.3536747395992279,
                    0.4287802577018738,
                    -0.8313011527061462
                ],
                [
                    0.36772117018699646,
                    0.8809201717376709,
                    0.29792749881744385
                ]
            ],
            [
                [
                    0.9230557680130005,
                    -0.3500377833843231,
                    -0.15950456261634827
                ],
                [
                    0.3816368877887726,
                    0.7814078330993652,
                    0.49371567368507385
                ],
                [
                    -0.04818100109696388,
                    -0.5165998935699463,
                    0.8548703193664551
                ]
            ],
            [
                [
                    0.9775118827819824,
                    0.21086464822292328,
                    -0.0025996111799031496
                ],
                [
                    -0.1929289549589157,
                    0.8892538547515869,
                    -0.4147361218929291
                ],
                [
                    -0.08514145761728287,
                    0.4059109687805176,
                    0.9099380970001221
                ]
            ]
        ],
        "betas": [
            0.10163718461990356,
            0.024255692958831787,
            -0.0589766800403595,
            -0.007875293493270874,
            -0.1362587809562683,
            -0.16985559463500977,
            -0.06743931770324707,
            0.04352828860282898,
            -0.005735665559768677,
            0.023940622806549072
        ]
    },
    "pred_cam_t": [
        -0.05038490146398544,
        -0.0597790852189064,
        4.799119472503662
    ],
    "focal_length": [
        5000.0,
        5000.0
    ],
    "pred_keypoints_3d": [
        [
            0.09515538066625595,
            0.006334078498184681,
            0.006144057959318161
        ],
        [
            0.06678175926208496,
            0.019919538870453835,
            -0.015752479434013367
        ],
        [
            0.049800001084804535,
            0.04542672261595726,
            -0.0181119404733181
        ],
        [
            0.03929753974080086,
            0.0698690116405487,
            -0.013300222344696522
        ],
        [
            0.022921092808246613,
            0.1022556945681572,
            -0.011369168758392334
        ],
        [
            0.020570136606693268,
            0.05658930167555809,
            0.010553106665611267
        ],
        [
            0.00635746493935585,
            0.08617652952671051,
            0.011988806538283825
        ],
        [
            0.0077237351797521114,
            0.10760452598333359,
            0.006664468441158533
        ],
        [
            0.013071519322693348,
            0.1289111077785492,
            -0.005058594048023224
        ],
        [
            0.02937440574169159,
            0.06920533627271652,
            0.03025544434785843
        ],
        [
            0.030229851603507996,
            0.09925777465105057,
            0.02043476141989231
        ],
        [
            0.03983571380376816,
            0.11774545907974243,
            0.010217481292784214
        ],
        [
            0.043123237788677216,
            0.1353015899658203,
            -0.008014187216758728
        ],
        [
            0.053749099373817444,
            0.07288629561662674,
            0.04028957709670067
        ],
        [
            0.05127772316336632,
            0.09513071924448013,
            0.02231403812766075
        ],
        [
            0.059409886598587036,
            0.11368635296821594,
            0.00812279712408781
        ],
        [
            0.05774115025997162,
            0.12951326370239258,
            -0.011098720133304596
        ],
        [
            0.0749962329864502,
            0.07565077394247055,
            0.043549034744501114
        ],
        [
            0.0762019008398056,
            0.0889158695936203,
            0.027271896600723267
        ],
        [
            0.08105777949094772,
            0.10170844197273254,
            0.014261849224567413
        ],
        [
            0.08204604685306549,
            0.11724136769771576,
            -0.003127317875623703
        ]
    ],
    "pred_vertices": [
        [
            0.05563772842288017,
            0.04050822556018829,
            -0.00295201875269413
        ],
        [
            0.0653449222445488,
            0.03395429998636246,
            -0.00529375858604908
        ],
        [
            0.0598355196416378,
            0.03960622102022171,
            -0.006851548328995705
        ],
        [
            0.049445025622844696,
            0.043424636125564575,
            -0.006363600492477417
        ],
        [
            0.07512816786766052,
            0.037570711225271225,
            -0.019740624353289604
        ],
        [
            0.07319086790084839,
            0.03197726607322693,
            -0.03015156462788582
        ],
        [
            0.062309928238391876,
            0.045411642640829086,
            -0.028112996369600296
        ],
        [
            0.06700018793344498,
            0.0484309159219265,
            -0.01951644942164421
        ],
        [
            0.0440177358686924,
            0.04563549533486366,
            -0.006790490821003914
        ],
        [
            0.05512037128210068,
            0.045318279415369034,
            -0.008107732981443405
        ],
        [
            0.04187348484992981,
            0.04464238882064819,
            -0.004535028710961342
        ],
        [
            0.028635412454605103,
            0.04072178900241852,
            -0.0014900825917720795
        ],
        [
            0.0331651046872139,
            0.0451832190155983,
            -0.004390047863125801
        ],
        [
            0.021521713584661484,
            0.04236195608973503,
            0.0022102915681898594
        ],
        [
            0.028981715440750122,
            0.030885951593518257,
            0.0015733647160232067
        ],
        [
            0.020450344309210777,
            0.03804577514529228,
            0.010294237174093723
        ],
        [
            0.043213434517383575,
            0.026415549218654633,
            0.023112520575523376
        ],
        [
            0.053519874811172485,
            0.0295412540435791,
            0.03133932128548622
        ],
        [
            0.04211771488189697,
            0.04196017235517502,
            0.03726041316986084
        ],
        [
            0.0332646369934082,
            0.03801209107041359,
            0.027364442124962807
        ],
        [
            0.06172074005007744,
            0.04556569829583168,
            0.04361573979258537
        ],
        [
            0.050453878939151764,
            0.04420666769146919,
            0.040292538702487946
        ],
        [
            0.06133776903152466,
            0.030960921198129654,
            0.03540968522429466
        ],
        [
            0.07091104984283447,
            0.03281163051724434,
            0.03824881091713905
        ],
        [
            0.06831388175487518,
            0.04003477096557617,
            0.004339130595326424
        ],
        [
            0.07690996676683426,
            0.033552370965480804,
            0.0010825712233781815
        ],
        [
            0.07215708494186401,
            0.03191142529249191,
            -0.0012381188571453094
        ],
        [
            0.06389448046684265,
            0.03894665837287903,
            0.001513095572590828
        ],
        [
            0.039789002388715744,
            0.04686768352985382,
            -0.008884014561772346
        ],
        [
            0.0373922660946846,
            0.032692763954401016,
            -0.01015346311032772
        ],
        [
            0.03763265907764435,
            0.03814849257469177,
            -0.005500525236129761
        ],
        [
            0.0435895174741745,
            0.050366438925266266,
            -0.0068720486015081406
        ],
        [
            0.10361224412918091,
            0.025909967720508575,
            -0.004939800128340721
        ],
        [
            0.10894039273262024,
            0.013539541512727737,
            -0.004997927695512772
        ],
        [
            0.10473470389842987,
            0.011047620326280594,
            -0.008320614695549011
        ],
        [
            0.10059855878353119,
            0.022511642426252365,
            -0.00735023058950901
        ],
        [
            0.0881674587726593,
            0.013125881552696228,
            -0.0247760359197855
        ],
        [
            0.09255897998809814,
            0.00358571857213974,
            -0.019898410886526108
        ],
        [
            0.0871158242225647,
            -0.008388005197048187,
            -0.020659375935792923
        ],
        [
            0.07978230714797974,
            -0.0001742243766784668,
            -0.02458890527486801
        ],
        [
            0.08099360764026642,
            0.02290356159210205,
            -0.028715824708342552
        ],
        [
            0.07393655180931091,
            0.011973846703767776,
            -0.03139306977391243
        ],
        [
            0.06572559475898743,
            0.02458905056118965,
            -0.033912256360054016
        ],
        [
            0.05523422360420227,
            0.04079637676477432,
            -0.03151280805468559
        ],
        [
            0.11702609062194824,
            0.016933538019657135,
            0.004203572869300842
        ],
        [
            0.1146019771695137,
            0.026789173483848572,
            0.005183372646570206
        ],
        [
            0.010251901112496853,
            0.08978749811649323,
            0.00045692455023527145
        ],
        [
            0.014608287252485752,
            0.09193621575832367,
            0.0038888007402420044
        ],
        [
            0.015886032953858376,
            0.08678996562957764,
            0.003182012587785721
        ],
        [
            0.011166603304445744,
            0.0855625569820404,
            0.00027365703135728836
        ],
        [
            0.11536940932273865,
            0.017968304455280304,
            0.024181252345442772
        ],
        [
            0.1106145828962326,
            0.01234552264213562,
            0.03092305362224579
        ],
        [
            0.11621871590614319,
            0.008430637419223785,
            0.028575342148542404
        ],
        [
            0.11964471638202667,
            0.012654699385166168,
            0.02100933901965618
        ],
        [
            0.10966555774211884,
            0.02494938299059868,
            0.028366906568408012
        ],
        [
            0.10266183316707611,
            0.017945215106010437,
            0.03354030102491379
        ],
        [
            -0.00031288526952266693,
            0.08898444473743439,
            0.007272930815815926
        ],
        [
            0.001697333063930273,
            0.08892563730478287,
            0.0025363604072481394
        ],
        [
            0.001911373808979988,
            0.08371572196483612,
            0.003903835080564022
        ],
        [
            0.0008012233301997185,
            0.0830536037683487,
            0.009156289510428905
        ],
        [
            0.03964582830667496,
            0.047020040452480316,
            -0.004926055669784546
        ],
        [
            0.04766550660133362,
            0.04707568883895874,
            -0.0016248393803834915
        ],
        [
            0.02764800190925598,
            0.05799856036901474,
            0.0005698772147297859
        ],
        [
            0.035604849457740784,
            0.05376773700118065,
            0.0010049575939774513
        ],
        [
            0.031104035675525665,
            0.050021085888147354,
            -0.0025590164586901665
        ],
        [
            0.024299664422869682,
            0.05329058691859245,
            -0.0016742022708058357
        ],
        [
            0.055210795253515244,
            0.05599521845579147,
            0.01372363232076168
        ],
        [
            0.06279511749744415,
            0.04805302247405052,
            0.010174814611673355
        ],
        [
            0.05704372376203537,
            0.04737461358308792,
            0.007109683007001877
        ],
        [
            0.04779975116252899,
            0.05610111728310585,
            0.009328805841505527
        ],
        [
            0.07491046190261841,
            0.05262070894241333,
            0.015590177848935127
        ],
        [
            0.06634195148944855,
            0.05959756672382355,
            0.019059594720602036
        ],
        [
            0.074306920170784,
            0.06108536571264267,
            0.021677257493138313
        ],
        [
            0.07926254719495773,
            0.05662182718515396,
            0.01804075390100479
        ],
        [
            0.04935707524418831,
            0.06945373117923737,
            0.023541154339909554
        ],
        [
            0.04514680057764053,
            0.07215756922960281,
            0.025173373520374298
        ],
        [
            0.04803825914859772,
            0.07311578840017319,
            0.025605684146285057
        ],
        [
            0.05273466929793358,
            0.06992119550704956,
            0.024775100871920586
        ],
        [
            0.12113288789987564,
            0.0037038251757621765,
            0.026727452874183655
        ],
        [
            0.12294819205999374,
            0.007044680416584015,
            0.017772817984223366
        ],
        [
            0.0823676660656929,
            0.051513344049453735,
            0.04749723896384239
        ],
        [
            0.09232114255428314,
            0.05313393846154213,
            0.04282856732606888
        ],
        [
            0.08641562610864639,
            0.06435024738311768,
            0.046422991901636124
        ],
        [
            0.07658392190933228,
            0.059770211577415466,
            0.05187862366437912
        ],
        [
            0.10213066637516022,
            0.006936937570571899,
            0.032930538058280945
        ],
        [
            0.10887642204761505,
            0.0030770599842071533,
            0.03259800374507904
        ],
        [
            0.001026366837322712,
            0.09013770520687103,
            0.01326742023229599
        ],
        [
            0.002862045541405678,
            0.08414576947689056,
            0.014677343890070915
        ],
        [
            0.05843209847807884,
            0.013523876667022705,
            -0.029336407780647278
        ],
        [
            0.0481816828250885,
            0.0341765396296978,
            -0.029894467443227768
        ],
        [
            0.06793510913848877,
            -0.0004225224256515503,
            -0.023698242381215096
        ],
        [
            0.0747704952955246,
            -0.00903216004371643,
            -0.017042456194758415
        ],
        [
            0.08079314231872559,
            -0.016394034028053284,
            -0.01386629231274128
        ],
        [
            0.03716985508799553,
            0.05834788456559181,
            0.005342857912182808
        ],
        [
            0.05548684298992157,
            0.044678688049316406,
            0.0022032633423805237
        ],
        [
            0.07256942987442017,
            0.04143346846103668,
            0.006660971790552139
        ],
        [
            0.0966239720582962,
            0.05560702458024025,
            0.019110655412077904
        ],
        [
            0.10316445678472519,
            0.048761531710624695,
            0.015229867771267891
        ],
        [
            0.09362809360027313,
            0.04854249581694603,
            0.0104067362844944
        ],
        [
            0.0896739810705185,
            0.05423849821090698,
            0.015279386192560196
        ],
        [
            0.09694388508796692,
            0.058665040880441666,
            0.03567581623792648
        ],
        [
            0.09464457631111145,
            0.0616508424282074,
            0.028617970645427704
        ],
        [
            0.08985471725463867,
            0.06667204946279526,
            0.031372830271720886
        ],
        [
            0.09124381840229034,
            0.06603071838617325,
            0.03894786536693573
        ],
        [
            0.036132365465164185,
            0.045474790036678314,
            -0.0148872509598732
        ],
        [
            0.037778910249471664,
            0.028901293873786926,
            -0.015758628025650978
        ],
        [
            0.11741691082715988,
            0.02256666123867035,
            0.014967704191803932
        ],
        [
            0.11960265785455704,
            0.015966035425662994,
            0.0114841777831316
        ],
        [
            0.12286722660064697,
            0.0082302987575531,
            0.010151619091629982
        ],
        [
            0.08973225951194763,
            0.029287971556186676,
            -0.0036394186317920685
        ],
        [
            0.09854181855916977,
            0.02019670605659485,
            -0.009309843182563782
        ],
        [
            0.09522880613803864,
            0.01936359331011772,
            -0.012463109567761421
        ],
        [
            0.0869404673576355,
            0.02724193036556244,
            -0.004699677228927612
        ],
        [
            0.07601573318243027,
            0.03077104315161705,
            -0.00958838127553463
        ],
        [
            0.08396498113870621,
            0.026928065344691277,
            -0.01895182393491268
        ],
        [
            0.07023149728775024,
            0.03980095684528351,
            -0.009446194395422935
        ],
        [
            0.100043386220932,
            0.006578344851732254,
            -0.013464439660310745
        ],
        [
            0.10986695438623428,
            0.0024183765053749084,
            -0.010285034775733948
        ],
        [
            0.103633351624012,
            -0.0019867047667503357,
            -0.014754202216863632
        ],
        [
            0.11621423065662384,
            0.005628280341625214,
            -0.0036622341722249985
        ],
        [
            0.12100669741630554,
            0.007928825914859772,
            0.0033872295171022415
        ],
        [
            0.11456049233675003,
            -0.003069251775741577,
            0.03383621200919151
        ],
        [
            0.0969625785946846,
            -0.00592891126871109,
            -0.017533976584672928
        ],
        [
            0.060258351266384125,
            0.05501880869269371,
            -0.0193694569170475
        ],
        [
            0.054411761462688446,
            0.06107836216688156,
            -0.01879047602415085
        ],
        [
            0.054524343460798264,
            0.059497151523828506,
            -0.01149672269821167
        ],
        [
            0.05947480723261833,
            0.05373694375157356,
            -0.011347256600856781
        ],
        [
            0.014916902408003807,
            0.047537025064229965,
            0.00586578156799078
        ],
        [
            0.019093941897153854,
            0.05076565966010094,
            -2.237549051642418e-05
        ],
        [
            0.026002617552876472,
            0.04550832882523537,
            -0.0027332035824656487
        ],
        [
            0.10091249644756317,
            0.03557364642620087,
            0.0008199214935302734
        ],
        [
            0.11049197614192963,
            0.03599252924323082,
            0.00896049290895462
        ],
        [
            0.029155798256397247,
            0.06241429224610329,
            0.00515927467495203
        ],
        [
            0.0013138549402356148,
            0.07817535102367401,
            0.01129336841404438
        ],
        [
            0.0022941292263567448,
            0.0782315656542778,
            0.005385157652199268
        ],
        [
            0.007971012033522129,
            0.06131722033023834,
            0.006050765514373779
        ],
        [
            0.00649731932207942,
            0.06190832331776619,
            0.012703954242169857
        ],
        [
            0.0256032831966877,
            0.06783236563205719,
            0.013294019736349583
        ],
        [
            0.026625659316778183,
            0.06567884981632233,
            0.006863335147500038
        ],
        [
            0.02549460344016552,
            0.06753943860530853,
            0.008343834429979324
        ],
        [
            0.02559763938188553,
            0.07101195305585861,
            0.01387104019522667
        ],
        [
            0.057271309196949005,
            0.07329118251800537,
            0.027451490983366966
        ],
        [
            0.0611841082572937,
            0.07045093923807144,
            0.026705879718065262
        ],
        [
            0.025457413867115974,
            0.05192182585597038,
            0.028880711644887924
        ],
        [
            0.01696142554283142,
            0.043661922216415405,
            0.022459711879491806
        ],
        [
            0.025299422442913055,
            0.03494149446487427,
            0.01919461227953434
        ],
        [
            0.061843518167734146,
            0.057276248931884766,
            0.016797581687569618
        ],
        [
            0.05566614121198654,
            0.06450556218624115,
            0.020363815128803253
        ],
        [
            0.05922406166791916,
            0.06532441079616547,
            0.022182807326316833
        ],
        [
            0.03679853677749634,
            0.06153997406363487,
            0.00880227331072092
        ],
        [
            0.030853912234306335,
            0.06520085781812668,
            0.010214081034064293
        ],
        [
            0.03504771739244461,
            0.06468398123979568,
            0.01306163053959608
        ],
        [
            0.04134680703282356,
            0.06169740483164787,
            0.011772396042943
        ],
        [
            0.0989687591791153,
            0.04248747602105141,
            0.038714468479156494
        ],
        [
            0.10427737981081009,
            0.049441467970609665,
            0.030926881358027458
        ],
        [
            0.005585279315710068,
            0.08897895365953445,
            2.6188325136899948e-05
        ],
        [
            0.005987714044749737,
            0.08430144190788269,
            0.0006137611344456673
        ],
        [
            0.06914186477661133,
            0.04952976852655411,
            0.013170167803764343
        ],
        [
            0.0359153188765049,
            0.025791682302951813,
            0.014596530236303806
        ],
        [
            0.0772709995508194,
            0.043070223182439804,
            0.00884062610566616
        ],
        [
            0.060736414045095444,
            0.06766980141401291,
            0.04531567543745041
        ],
        [
            0.06527843326330185,
            0.07271389663219452,
            0.03955356776714325
        ],
        [
            0.06310101598501205,
            0.07618167996406555,
            0.03759411722421646
        ],
        [
            0.05886298790574074,
            0.07505740970373154,
            0.04172174632549286
        ],
        [
            0.019734954461455345,
            0.08419264853000641,
            0.014673680067062378
        ],
        [
            0.019868923351168633,
            0.08445621281862259,
            0.008861415088176727
        ],
        [
            0.018930397927761078,
            0.08827105164527893,
            0.008362440392374992
        ],
        [
            0.018261078745126724,
            0.08852054178714752,
            0.01408289186656475
        ],
        [
            0.02437300607562065,
            0.06270098686218262,
            0.0023584505543112755
        ],
        [
            0.020315490663051605,
            0.05871857702732086,
            -0.0004479018971323967
        ],
        [
            0.018308056518435478,
            0.06430397927761078,
            0.0006658905185759068
        ],
        [
            0.022529903799295425,
            0.06662187725305557,
            0.004197471775114536
        ],
        [
            0.014794384129345417,
            0.0563860647380352,
            0.0014327280223369598
        ],
        [
            0.012503968551754951,
            0.06199338287115097,
            0.0017476052744314075
        ],
        [
            0.01569938100874424,
            0.0828353762626648,
            0.019407765939831734
        ],
        [
            0.008679697290062904,
            0.08059161901473999,
            0.020367542281746864
        ],
        [
            0.014700926840305328,
            0.06698624044656754,
            0.022488843649625778
        ],
        [
            0.02070574462413788,
            0.0714748278260231,
            0.019698457792401314
        ],
        [
            0.07911136746406555,
            0.020280778408050537,
            0.034817036241292953
        ],
        [
            0.08894449472427368,
            0.02448975294828415,
            0.037503570318222046
        ],
        [
            0.08098988234996796,
            0.037066567689180374,
            0.04129330441355705
        ],
        [
            0.07312656939029694,
            0.04958723112940788,
            0.04644172266125679
        ],
        [
            0.06526775658130646,
            0.06125980615615845,
            0.0494600348174572
        ],
        [
            0.05415019765496254,
            0.056287676095962524,
            0.04875648394227028
        ],
        [
            0.0889032632112503,
            0.03907455876469612,
            0.04214337468147278
        ],
        [
            0.02603995054960251,
            0.0638892650604248,
            0.02083050273358822
        ],
        [
            0.019487561658024788,
            0.05765780061483383,
            0.023705270141363144
        ],
        [
            0.02443159557878971,
            0.05970818176865578,
            0.025307035073637962
        ],
        [
            0.08344635367393494,
            0.04665340855717659,
            0.010866714641451836
        ],
        [
            0.005807272624224424,
            0.07885028421878815,
            0.0016904568765312433
        ],
        [
            0.07493365556001663,
            -0.014111801981925964,
            0.007515210658311844
        ],
        [
            0.08184970915317535,
            -0.011232443153858185,
            0.018991587683558464
        ],
        [
            0.07540363073348999,
            -0.005312144756317139,
            0.018414432182908058
        ],
        [
            0.06773261725902557,
            -0.00778864324092865,
            0.004650338552892208
        ],
        [
            0.016572274267673492,
            0.08279477804899216,
            0.0030632358975708485
        ],
        [
            0.011534205637872219,
            0.08064385503530502,
            8.974457159638405e-05
        ],
        [
            0.06657976657152176,
            0.07329188287258148,
            0.02829885110259056
        ],
        [
            0.06228537857532501,
            0.07582805305719376,
            0.029194146394729614
        ],
        [
            0.06425026804208755,
            0.0769718587398529,
            0.03129841759800911
        ],
        [
            0.0695410743355751,
            0.07633393257856369,
            0.03004583716392517
        ],
        [
            0.09473426640033722,
            0.025816764682531357,
            0.03770248219370842
        ],
        [
            0.08494297415018082,
            0.07295682281255722,
            0.0432850681245327
        ],
        [
            0.07487595081329346,
            0.0687846913933754,
            0.04925915226340294
        ],
        [
            0.0953771322965622,
            0.013488508760929108,
            0.03423876687884331
        ],
        [
            0.08677838742733002,
            0.009438693523406982,
            0.03245004266500473
        ],
        [
            0.09271614253520966,
            0.0018651559948921204,
            0.031138086691498756
        ],
        [
            0.04107435420155525,
            0.058267123997211456,
            0.041556909680366516
        ],
        [
            0.07092626392841339,
            0.019176460802555084,
            0.032396603375673294
        ],
        [
            0.07986022531986237,
            0.008086375892162323,
            0.029627952724695206
        ],
        [
            0.08666937053203583,
            -0.0010009706020355225,
            0.02792288549244404
        ],
        [
            0.09177368134260178,
            -0.007531449198722839,
            0.02765124849975109
        ],
        [
            0.09796182811260223,
            -0.0036341920495033264,
            0.031040802597999573
        ],
        [
            0.0042420122772455215,
            0.07933959364891052,
            0.016642741858959198
        ],
        [
            0.007515165954828262,
            0.08630577474832535,
            0.01904468610882759
        ],
        [
            0.10369080305099487,
            -0.010453552007675171,
            0.03242582827806473
        ],
        [
            0.09664137661457062,
            -0.014300070703029633,
            0.027950290590524673
        ],
        [
            0.07220277190208435,
            0.006110861897468567,
            0.024970976635813713
        ],
        [
            0.06328664720058441,
            0.004171460866928101,
            0.017717158421874046
        ],
        [
            0.06393644213676453,
            0.016987688839435577,
            0.027733217924833298
        ],
        [
            0.054475851356983185,
            0.015810199081897736,
            0.021188409999012947
        ],
        [
            0.03233591467142105,
            0.05110207945108414,
            0.04078247398138046
        ],
        [
            0.007758035324513912,
            0.10509945452213287,
            0.015651186928153038
        ],
        [
            0.010880785994231701,
            0.09436971694231033,
            0.018157826736569405
        ],
        [
            0.015530901029706001,
            0.0943058580160141,
            0.01471760030835867
        ],
        [
            0.011890863068401814,
            0.10513144731521606,
            0.01476727332919836
        ],
        [
            0.01422465406358242,
            0.08782607316970825,
            0.018240870907902718
        ],
        [
            0.005558246746659279,
            0.09236185997724533,
            0.017779482528567314
        ],
        [
            0.04565076157450676,
            0.01503639668226242,
            0.00918886810541153
        ],
        [
            0.030480265617370605,
            0.0674649178981781,
            0.01491745188832283
        ],
        [
            0.05476208031177521,
            0.0037215687334537506,
            0.0007688645273447037
        ],
        [
            0.03579090163111687,
            0.02074289694428444,
            -0.0020456109195947647
        ],
        [
            0.04310053586959839,
            0.014620341360569,
            -0.010349616408348083
        ],
        [
            0.06414933502674103,
            -0.006661657243967056,
            -0.009868642315268517
        ],
        [
            0.05309279263019562,
            0.005584750324487686,
            -0.018481997773051262
        ],
        [
            0.07832809537649155,
            -0.019552774727344513,
            -0.0032386397942900658
        ],
        [
            0.07160729914903641,
            -0.013074226677417755,
            -0.004852342419326305
        ],
        [
            0.04478557035326958,
            0.02119779959321022,
            -0.023227907717227936
        ],
        [
