{
    "pred_cam": [
        6.659875869750977,
        -0.047290489077568054,
        -0.020225422456860542
    ],
    "pred_mano_params": {
        "global_orient": [
            [
                [
                    0.9430807828903198,
                    0.2776793837547302,
                    -0.1830102950334549
                ],
                [
                    0.19516561925411224,
                    -0.9076869487762451,
                    -0.3715035319328308
                ],
                [
                    -0.26927489042282104,
                    0.31464052200317383,
                    -0.9102156162261963
                ]
            ]
        ],
        "hand_pose": [
            [
                [
                    0.667738676071167,
                    -0.7222798466682434,
                    -0.18010233342647552
                ],
                [
                    0.7002909779548645,
                    0.6915557384490967,
                    -0.17704017460346222
                ],
                [
                    0.25242334604263306,
                    -0.007907464168965816,
                    0.9675846099853516
                ]
            ],
            [
                [
                    0.6989237666130066,
                    -0.7034783959388733,
                    0.12893299758434296
                ],
                [
                    0.7035967111587524,
                    0.6439864039421082,
                    -0.30038851499557495
                ],
                [
                    0.1282857358455658,
                    0.3006655275821686,
                    0.9450624585151672
                ]
            ],
            [
                [
                    0.8704617023468018,
                    -0.4815669357776642,
                    0.10192976146936417
                ],
                [
                    0.46821218729019165,
                    0.8739336729049683,
                    0.13045045733451843
                ],
                [
                    -0.1519004851579666,
                    -0.065827377140522,
                    0.986201286315918
                ]
            ],
            [
                [
                    0.14640000462532043,
                    -0.943189263343811,
                    -0.29826346039772034
                ],
                [
                    0.9869003295898438,
                    0.1599193662405014,
                    -0.02129676192998886
                ],
                [
                    0.06778498739004135,
                    -0.2912384569644928,
                    0.9542459845542908
                ]
            ],
            [
                [
                    0.818209171295166,
                    -0.5287273526191711,
                    -0.2257900834083557
                ],
                [
                    0.5625501275062561,
                    0.8173089027404785,
                    0.12467354536056519
                ],
                [
                    0.11862193793058395,
                    -0.22902725636959076,
                    0.96616530418396
                ]
            ],
            [
                [
                    0.8595635294914246,
                    -0.49964091181755066,
                    0.10728228092193604
                ],
                [
                    0.5012191534042358,
                    0.8652124404907227,
                    0.013663443736732006
                ],
                [
                    -0.09964878857135773,
                    0.04202733933925629,
                    0.9941346645355225
                ]
            ],
            [
                [
                    0.16042302548885345,
                    -0.9453113079071045,
                    -0.28399115800857544
                ],
                [
                    0.6033751368522644,
                    -0.13378238677978516,
                    0.7861557006835938
                ],
                [
                    -0.7811548709869385,
                    -0.29747065901756287,
                    0.5489155650138855
                ]
            ],
            [
                [
                    0.9253698587417603,
                    -0.37080487608909607,
                    -0.07870469242334366
                ],
                [
                    0.3686933219432831,
                    0.9286732077598572,
                    -0.04039030894637108
                ],
                [
                    0.08806785941123962,
                    0.008358083665370941,
                    0.9960795044898987
                ]
            ],
            [
                [
                    0.9878931641578674,
                    0.15287713706493378,
                    0.02637379616498947
                ],
                [
                    -0.14496980607509613,
                    0.8491934537887573,
                    0.5077934265136719
                ],
                [
                    0.05523354932665825,
                    -0.5054691433906555,
                    0.8610749840736389
                ]
            ],
            [
                [
                    0.000669146073050797,
                    -0.9935764074325562,
                    -0.11316139996051788
                ],
                [
                    0.9585562348365784,
                    -0.03160272166132927,
                    0.2831452786922455
                ],
                [
                    -0.2849026620388031,
                    -0.10866102576255798,
                    0.9523776769638062
                ]
            ],
            [
                [
                    0.9199005365371704,
                    -0.37477290630340576,
                    -0.11544804275035858
                ],
                [
                    0.38461947441101074,
                    0.804824709892273,
                    0.4520231783390045
                ],
                [
                    -0.07649058103561401,
                    -0.46021994948387146,
                    0.8845036625862122
                ]
            ],
            [
                [
                    0.9130575656890869,
                    -0.3874194920063019,
                    0.12740501761436462
                ],
                [
                    0.3518027365207672,
                    0.9062291383743286,
                    0.23448596894741058
                ],
                [
                    -0.20630255341529846,
                    -0.16927775740623474,
                    0.9637346267700195
                ]
            ],
            [
                [
                    0.9585347175598145,
                    -0.09485793858766556,
                    -0.2687249779701233
                ],
                [
                    -0.22043144702911377,
                    0.35084640979766846,
                    -0.9101190567016602
                ],
                [
                    0.1806131899356842,
                    0.9316161870956421,
                    0.3153887987136841
                ]
            ],
            [
                [
                    0.9233079552650452,
                    -0.3691822290420532,
                    0.10586316883563995
                ],
                [
                    0.2646641731262207,
                    0.8113647103309631,
                    0.5211911201477051
                ],
                [
                    -0.2783081531524658,
                    -0.45320165157318115,
                    0.8468487858772278
                ]
            ],
            [
                [
                    0.9666683673858643,
                    -0.02149215340614319,
                    -0.25512799620628357
                ],
                [
                    -0.09826365113258362,
                    0.8890159726142883,
                    -0.4472077786922455
                ],
                [
                    0.23642432689666748,
                    0.45737144351005554,
                    0.8572717308998108
                ]
            ]
        ],
        "betas": [
            -0.09025651216506958,
            -0.02840062975883484,
            -0.00919884443283081,
            0.0048036277294158936,
            -0.01577603816986084,
            -0.030788298696279526,
            0.04128986597061157,
            -0.05275195837020874,
            0.002957955002784729,
            -0.05356353521347046
        ]
    },
    "pred_cam_t": [
        -0.047290489077568054,
        -0.020225422456860542,
        5.865349769592285
    ],
    "focal_length": [
        5000.0,
        5000.0
    ],
    "pred_keypoints_3d": [
        [
            0.09611684083938599,
            0.006412838585674763,
            0.006215223111212254
        ],
        [
            0.06422282755374908,
            0.0062659624963998795,
            -0.015809867531061172
        ],
        [
            0.03468426689505577,
            0.014983883127570152,
            -0.018710315227508545
        ],
        [
            0.009465985000133514,
            0.025200359523296356,
            -0.0189164150506258
        ],
        [
            -0.022090811282396317,
            0.040748804807662964,
            -0.011991394683718681
        ],
        [
            0.007387392222881317,
            -0.01384992990642786,
            0.009514476172626019
        ],
        [
            -0.020991843193769455,
            0.002201640047132969,
            0.015406586229801178
        ],
        [
            -0.023018183186650276,
            0.024360038340091705,
            0.014253166504204273
        ],
        [
            -0.01585382968187332,
            0.047382891178131104,
            0.0083843395113945
        ],
        [
            0.006627269089221954,
            -0.009566850028932095,
            0.03446507081389427
        ],
        [
            -0.004766913130879402,
            0.020147159695625305,
            0.03340299054980278
        ],
        [
            0.0026810402050614357,
            0.04120015725493431,
            0.026532622054219246
        ],
        [
            0.014903953298926353,
            0.05905252322554588,
            0.012797914445400238
        ],
        [
            0.022478945553302765,
            0.003939363174140453,
            0.051520124077796936
        ],
        [
            0.012482094578444958,
            0.028652649372816086,
            0.04011748731136322
        ],
        [
            0.01976100727915764,
            0.04848913103342056,
            0.026924438774585724
        ],
        [
            0.027950141578912735,
            0.0638437271118164,
            0.008407220244407654
        ],
        [
            0.03611850365996361,
            0.018139127641916275,
            0.061231356114149094
        ],
        [
            0.030055563896894455,
            0.034199975430965424,
            0.04876137152314186
        ],
        [
            0.030828682705760002,
            0.048408590257167816,
            0.036110781133174896
        ],
        [
            0.03182876482605934,
            0.06473501026630402,
            0.01940738409757614
        ]
    ],
    "pred_vertices": [
        [
            0.0415966734290123,
            0.005673469975590706,
            0.00010884739458560944
        ],
        [
            0.05198350548744202,
            0.008823426440358162,
            -0.0018682293593883514
        ],
        [
            0.04337325692176819,
            0.009899070486426353,
            -0.003971795551478863
        ],
        [
            0.03415258973836899,
            0.005142541602253914,
            -0.004288339056074619
        ],
        [
            0.05758346617221832,
            0.024719858542084694,
            -0.010085327550768852
        ],
        [
            0.06148454546928406,
            0.02538287825882435,
            -0.0216110460460186
        ],
        [
            0.045189738273620605,
            0.027108483016490936,
            -0.020977968350052834
        ],
        [
            0.04457101970911026,
            0.027145225554704666,
            -0.01071649044752121
        ],
        [
            0.027755573391914368,
            0.00358426570892334,
            -0.0066754622384905815
        ],
        [
            0.03567095845937729,
            0.01139250211417675,
            -0.005518672987818718
        ],
        [
            0.02584744617342949,
            0.0012484975159168243,
            -0.00792042724788189
        ],
        [
            0.021398164331912994,
            -0.012070480734109879,
            -0.00788811407983303
        ],
        [
            0.02175242267549038,
            -0.00525323860347271,
            -0.006424044258892536
        ],
        [
            0.01635037362575531,
            -0.017840994521975517,
            -0.004608573392033577
        ],
        [
            0.029097024351358414,
            -0.019427478313446045,
            -0.008837344124913216
        ],
        [
            0.01882966235280037,
            -0.025399137288331985,
            0.0007725618779659271
        ],
        [
            0.045607633888721466,
            -0.023653849959373474,
            0.01506816316395998
        ],
        [
            0.05166251212358475,
            -0.01879824697971344,
            0.026620477437973022
        ],
        [
            0.03471402823925018,
            -0.021646946668624878,
            0.03407469764351845
        ],
        [
            0.03026229701936245,
            -0.025279155001044273,
            0.02107326313853264
        ],
        [
            0.04708873853087425,
            -0.00949915498495102,
            0.04661782458424568
        ],
        [
            0.03948339447379112,
            -0.016146156936883926,
            0.03996720165014267
        ],
        [
            0.0567132830619812,
            -0.014657380059361458,
            0.033072348684072495
        ],
        [
            0.06259293109178543,
            -0.008540797978639603,
            0.0389978252351284
        ],
        [
            0.05264192074537277,
            0.010288160294294357,
            0.010484272614121437
        ],
        [
            0.06275467574596405,
            0.013282445259392262,
            0.007476210594177246
        ],
        [
            0.05957317724823952,
            0.010027216747403145,
            0.003428291529417038
        ],
        [
            0.04962880536913872,
            0.007999748922884464,
            0.0062089841812849045
        ],
        [
            0.02389802224934101,
            0.005554279312491417,
            -0.01655256375670433
        ],
        [
            0.03300090506672859,
            -0.0057840729132294655,
            -0.01890319027006626
        ],
        [
            0.02811856009066105,
            -0.004783315118402243,
            -0.01287033036351204
        ],
        [
            0.02307989075779915,
            0.008810163475573063,
            -0.01206846721470356
        ],
        [
            0.08740652352571487,
            0.029305920004844666,
            0.006194896996021271
        ],
        [
            0.0999487116932869,
            0.025141432881355286,
            0.0027117952704429626
        ],
        [
            0.09835444390773773,
            0.022305062040686607,
            -0.0023031067103147507
        ],
        [
            0.08731503039598465,
            0.026178335770964622,
            0.002047751098871231
        ],
        [
            0.08435466140508652,
            0.019747557118535042,
            -0.019308606162667274
        ],
        [
            0.0942123532295227,
            0.014757849276065826,
            -0.018332960084080696
        ],
        [
            0.09868734329938889,
            0.0043747201561927795,
            -0.025416918098926544
        ],
        [
            0.087867870926857,
            0.006467629224061966,
            -0.02739039994776249
        ],
        [
            0.07258182018995285,
            0.023113958537578583,
            -0.020683925598859787
        ],
        [
            0.07562454044818878,
            0.013574378564953804,
            -0.02995043247938156
        ],
        [
            0.06257028877735138,
            0.018308939412236214,
            -0.03034275211393833
        ],
        [
            0.044957175850868225,
            0.021961530670523643,
            -0.02863861620426178
        ],
        [
            0.10423228144645691,
            0.028298629447817802,
            0.014467645436525345
        ],
        [
            0.09563812613487244,
            0.032409630715847015,
            0.018577218055725098
        ],
        [
            -0.014198517426848412,
            0.010149180889129639,
            0.005946005694568157
        ],
        [
            -0.01167150679975748,
            0.012324323877692223,
            0.01114119403064251
        ],
        [
            -0.009267207235097885,
            0.009726152755320072,
            0.009891466237604618
        ],
        [
            -0.012273037806153297,
            0.007820626720786095,
            0.005255138035863638
        ],
        [
            0.10413078963756561,
            0.018565086647868156,
            0.03245457261800766
        ],
        [
            0.10524731129407883,
            0.008833227679133415,
            0.03496558219194412
        ],
        [
            0.11183403432369232,
            0.011212019249796867,
            0.032797135412693024
        ],
        [
            0.11065682768821716,
            0.01959487795829773,
            0.028612853959202766
        ],
        [
            0.09556304663419724,
            0.017137933522462845,
            0.03756198287010193
        ],
        [
            0.09584525972604752,
            0.005807454697787762,
            0.037450604140758514
        ],
        [
            -0.02552400529384613,
            0.0046396274119615555,
            0.008797558955848217
        ],
        [
            -0.022408880293369293,
            0.006583869457244873,
            0.004968270193785429
        ],
        [
            -0.020771296694874763,
            0.0018309056758880615,
            0.005220463033765554
        ],
        [
            -0.02285679429769516,
            -0.0008551031351089478,
            0.009621387347579002
        ],
        [
            0.02572580613195896,
            0.00015041418373584747,
            -0.003495362587273121
        ],
        [
            0.032061222940683365,
            0.003801317885518074,
            0.002049090340733528
        ],
        [
            0.01195219811052084,
            -0.0038154497742652893,
            0.003246242180466652
        ],
        [
            0.01946212537586689,
            -0.0014727776870131493,
            0.00402340292930603
        ],
        [
            0.01846201717853546,
            -0.004966242238879204,
            -0.0019598789513111115
        ],
        [
            0.012232038192451,
            -0.007515611592680216,
            -0.0016792574897408485
        ],
        [
            0.0331512987613678,
            0.006912723649293184,
            0.021626032888889313
        ],
        [
            0.043793611228466034,
            0.00879831425845623,
            0.017397131770849228
        ],
        [
            0.03974514827132225,
            0.0060669491067528725,
            0.012791899032890797
        ],
        [
            0.027359267696738243,
            0.0041853757575154305,
            0.01571202278137207
        ],
        [
            0.04987765848636627,
            0.01696985960006714,
            0.02732892893254757
        ],
        [
            0.03921092674136162,
            0.013858534395694733,
            0.030863044783473015
        ],
        [
            0.04423067346215248,
            0.01875319890677929,
            0.035917509347200394
        ],
        [
            0.05046221613883972,
            0.021112482994794846,
            0.03225967660546303
        ],
        [
            0.020382605493068695,
            0.006193720735609531,
            0.03381888195872307
        ],
        [
            0.01672619767487049,
            0.0033385122660547495,
            0.03454408794641495
        ],
        [
            0.018108591437339783,
            0.0060944873839616776,
            0.03615935146808624
        ],
        [
            0.022575916722416878,
            0.008285452611744404,
            0.03595840558409691
        ],
        [
            0.1185452789068222,
            0.012405218556523323,
            0.030599320307374
        ],
        [
            0.11671866476535797,
            0.019849760457873344,
            0.02439843863248825
        ],
        [
            0.05852118879556656,
            0.006068048533052206,
            0.058052729815244675
        ],
        [
            0.06440115720033646,
            0.01584148220717907,
            0.05704175680875778
        ],
        [
            0.052439890801906586,
            0.01726890727877617,
            0.06268901377916336
        ],
        [
            0.048661600798368454,
            0.005119116976857185,
            0.06369338929653168
        ],
        [
            0.10309121012687683,
            -0.0010213206987828016,
            0.03236827999353409
        ],
        [
            0.11063775420188904,
            0.001208720961585641,
            0.032332003116607666
        ],
        [
            -0.02619186043739319,
            0.004056036472320557,
            0.015210380777716637
        ],
        [
            -0.02311309240758419,
            -0.0010530529543757439,
            0.015919890254735947
        ],
        [
            0.0648021250963211,
            0.004495963454246521,
            -0.033111412078142166
        ],
        [
            0.044414132833480835,
            0.012476926669478416,
            -0.032478053122758865
        ],
        [
            0.08047101646661758,
            -0.001425398513674736,
            -0.030077891424298286
        ],
        [
            0.09107759594917297,
            -0.005671859718859196,
            -0.025707654654979706
        ],
        [
            0.10032960027456284,
            -0.007811157964169979,
            -0.024213260039687157
        ],
        [
            0.018037518486380577,
            0.00022511836141347885,
            0.010227357968688011
        ],
        [
            0.03985745087265968,
            0.00570819154381752,
            0.006810501217842102
        ],
        [
            0.05508849397301674,
            0.012860563583672047,
            0.014278065413236618
        ],
        [
            0.06371970474720001,
            0.03150605410337448,
            0.03755968064069748
        ],
        [
            0.0728166326880455,
            0.03351110219955444,
            0.03319818899035454
        ],
        [
            0.06566301733255386,
            0.02937447652220726,
            0.026143474504351616
        ],
        [
            0.05930594354867935,
            0.027908509597182274,
            0.03165533393621445
        ],
        [
            0.06333869695663452,
            0.02565428428351879,
            0.05389997363090515
        ],
        [
            0.05905911698937416,
            0.029325688257813454,
            0.04796011000871658
        ],
        [
            0.05259348079562187,
            0.027908578515052795,
            0.050864119082689285
        ],
        [
            0.05442647635936737,
            0.024886401370167732,
            0.057916682213544846
        ],
        [
            0.02466437965631485,
            0.006091843359172344,
            -0.02403690293431282
        ],
        [
            0.03737460821866989,
            -0.004773967899382114,
            -0.024875912815332413
        ],
        [
            0.10152298212051392,
            0.02705557644367218,
            0.026507189497351646
        ],
        [
            0.10744090378284454,
            0.02604062296450138,
            0.021349679678678513
        ],
        [
            0.1151311844587326,
            0.024031102657318115,
            0.01798674464225769
        ],
        [
            0.07474609464406967,
            0.021269304677844048,
            0.005243062973022461
        ],
        [
            0.08723197132349014,
            0.024122821167111397,
            -0.0009321924299001694
        ],
        [
            0.08514703065156937,
            0.022572513669729233,
            -0.004509316757321358
        ],
        [
            0.07375887036323547,
            0.018304046243429184,
            0.003094814717769623
        ],
        [
            0.06163204833865166,
            0.015249935910105705,
            -0.002909064292907715
        ],
        [
            0.07090531289577484,
            0.022308258339762688,
            -0.009414628148078918
        ],
        [
            0.051040686666965485,
            0.017954004928469658,
            -0.002783355303108692
        ],
        [
            0.09774590283632278,
            0.018677517771720886,
            -0.00967281125485897
        ],
        [
            0.10797020047903061,
            0.021312441676855087,
            -0.006097864359617233
        ],
        [
            0.10620942711830139,
            0.01651129126548767,
            -0.01343299075961113
        ],
        [
            0.11088263988494873,
            0.024421002715826035,
            0.00279100239276886
        ],
        [
            0.11337178200483322,
            0.02571970596909523,
            0.01129283756017685
        ],
        [
            0.11919213086366653,
            0.0006099068559706211,
            0.032548002898693085
        ],
        [
            0.10397548973560333,
            0.010960672050714493,
            -0.01924610510468483
        ],
        [
            0.03543180599808693,
            0.027605446055531502,
            -0.01243532169610262
        ],
        [
            0.027237216010689735,
            0.028887808322906494,
            -0.014942700043320656
        ],
        [
            0.02567119523882866,
            0.023708201944828033,
            -0.009151371195912361
        ],
        [
            0.03341365233063698,
            0.021946987137198448,
            -0.0062808627262711525
        ],
        [
            0.00871015340089798,
            -0.019887853413820267,
            -0.0007372793043032289
        ],
        [
            0.009923813864588737,
            -0.012663065455853939,
            -0.0031715580262243748
        ],
        [
            0.01742144487798214,
            -0.010755058377981186,
            -0.005952612962573767
        ],
        [
            0.07916179299354553,
            0.030811481177806854,
            0.014418359845876694
        ],
        [
            0.0865243524312973,
            0.033565111458301544,
            0.02450624108314514
        ],
        [
            0.010650700889527798,
            -0.0021621687337756157,
            0.00939253531396389
        ],
        [
            -0.020233694463968277,
            -0.005470948293805122,
            0.009987367317080498
        ],
        [
            -0.01811058446764946,
            -0.0028358716517686844,
            0.004790290258824825
        ],
        [
            -0.003802675986662507,
            -0.013545870780944824,
            0.0017917616060003638
        ],
        [
            -0.0063017187640070915,
            -0.01690514385700226,
            0.00757064763456583
        ],
        [
            0.0053946999832987785,
            -0.0040046945214271545,
            0.01742592640221119
        ],
        [
            0.007990285754203796,
            -0.0018348493613302708,
            0.011119132861495018
        ],
        [
            0.006635530851781368,
            -0.0016143065877258778,
            0.01255102176219225
        ],
        [
            0.0042263478972017765,
            -0.0015865899622440338,
            0.018872464075684547
        ],
        [
            0.025088487192988396,
            0.010500551201403141,
            0.04046586900949478
        ],
        [
            0.028434598818421364,
            0.012880724854767323,
            0.040108129382133484
        ],
        [
            0.01476999744772911,
            -0.02205101028084755,
            0.02573241852223873
        ],
        [
            0.013076813891530037,
            -0.030179062858223915,
            0.01426759548485279
        ],
        [
            0.025527631863951683,
            -0.028739754110574722,
            0.009487349539995193
        ],
        [
            0.037329208105802536,
            0.010597915388643742,
            0.026686936616897583
        ],
        [
            0.02819722332060337,
            0.009176801890134811,
            0.030968621373176575
        ],
        [
            0.030384909361600876,
            0.011146053671836853,
            0.033847879618406296
        ],
        [
            0.015901565551757812,
            0.00045483093708753586,
            0.014385534450411797
        ],
        [
            0.009842059575021267,
            -0.0017154216766357422,
            0.015417378395795822
        ],
        [
            0.012604916468262672,
            -0.0007608812302350998,
            0.018774090334773064
        ],
        [
            0.019078953191637993,
            0.002258959226310253,
            0.01826881431043148
        ],
        [
            0.07637850940227509,
            0.01576557755470276,
            0.05100594088435173
        ],
        [
            0.07463393360376358,
            0.027196571230888367,
            0.04802332818508148
        ],
        [
            -0.018173817545175552,
            0.008338578045368195,
            0.003880725707858801
        ],
        [
            -0.01655052974820137,
            0.004886407405138016,
            0.003518600482493639
        ],
        [
            0.04763080179691315,
            0.012447208166122437,
            0.022369258105754852
        ],
        [
            0.03959972783923149,
            -0.024712273851037025,
            0.004443787969648838
        ],
        [
            0.05758000910282135,
            0.015941131860017776,
            0.018154839053750038
        ],
        [
            0.031115518882870674,
            0.0032517886720597744,
            0.05586676672101021
        ],
        [
            0.03078526258468628,
            0.011573226191103458,
            0.053709547966718674
        ],
        [
            0.02874092385172844,
            0.012673505581915379,
            0.05207185447216034
        ],
        [
            0.026308219879865646,
            0.008352928794920444,
            0.054186202585697174
        ],
        [
            -0.0075002326630055904,
            0.00574492895975709,
            0.021395429968833923
        ],
        [
            -0.006520869210362434,
            0.008454102091491222,
            0.01610005460679531
        ],
        [
            -0.008340074680745602,
            0.01014233659952879,
            0.016151100397109985
        ],
        [
            -0.010387233458459377,
            0.008227987214922905,
            0.02153172343969345
        ],
        [
            0.008339082822203636,
            -0.002855994738638401,
            0.005245200823992491
        ],
        [
            0.007310112938284874,
            -0.006296104751527309,
            -4.642922431230545e-05
        ],
        [
            0.0035953056067228317,
            -0.0036487807519733906,
            0.0018127476796507835
        ],
        [
            0.005320240743458271,
            -0.0015967306680977345,
            0.0073805274441838264
        ],
        [
            0.004577898886054754,
            -0.01156534906476736,
            -0.001372023019939661
        ],
        [
            0.00011264649219810963,
            -0.008797221817076206,
            -0.00017085159197449684
        ],
        [
            -0.011330125853419304,
            0.0012666871771216393,
            0.024172600358724594
        ],
        [
            -0.016880474984645844,
            -0.00349110784009099,
            0.021944504231214523
        ],
        [
            -0.0035191411152482033,
            -0.013451818376779556,
            0.02140123024582863
        ],
        [
            -0.0007138652727007866,
            -0.0061578452587127686,
            0.022773010656237602
        ],
        [
            0.077172189950943,
            -0.00905773788690567,
            0.03312971442937851
        ],
        [
            0.08159080892801285,
            -0.0012458981946110725,
            0.03990543633699417
        ],
        [
            0.06722485274076462,
            -0.0007567466236650944,
            0.046232614666223526
        ],
        [
            0.052884019911289215,
            -0.0008517829701304436,
            0.053851813077926636
        ],
        [
            0.03904988244175911,
            -0.00027709873393177986,
            0.05895429477095604
        ],
        [
            0.034094758331775665,
            -0.010130912065505981,
            0.05344018712639809
        ],
        [
            0.07167185097932816,
            0.005403292365372181,
            0.04992546886205673
        ],
        [
            0.007664977107197046,
            -0.010479032061994076,
            0.022591061890125275
        ],
        [
            0.005840987898409367,
            -0.018949290737509727,
            0.02133110910654068
        ],
        [
            0.008551061153411865,
            -0.015686966478824615,
            0.024734631180763245
        ],
        [
            0.059714049100875854,
            0.021266672760248184,
            0.02304220385849476
        ],
        [
            -0.014620683155953884,
            0.0007925871759653091,
            0.0026921064127236605
        ],
        [
            0.0960935428738594,
            -0.020133601501584053,
            -0.005897842347621918
        ],
        [
            0.09997241944074631,
            -0.01921139284968376,
            0.007352819666266441
        ],
        [
            0.09114554524421692,
            -0.019542202353477478,
            0.007433156482875347
        ],
        [
            0.086347296833992,
            -0.01954091154038906,
            -0.008022792637348175
        ],
        [
            -0.007707717828452587,
            0.008272108621895313,
            0.009052994661033154
        ],
        [
            -0.010282130911946297,
            0.005349930375814438,
            0.003816152224317193
        ],
        [
            0.030732348561286926,
            0.01749451458454132,
            0.043858591467142105
        ],
        [
            0.027513843029737473,
            0.014466130174696445,
            0.044168870896101
        ],
        [
            0.02983563020825386,
            0.015554195269942284,
            0.046615052968263626
        ],
        [
            0.03153173252940178,
            0.019475921988487244,
            0.047279972583055496
        ],
        [
            0.08490221202373505,
            0.003362867049872875,
            0.04221104830503464
        ],
        [
            0.0451774001121521,
            0.023479212075471878,
            0.06244388967752457
        ],
        [
            0.04064285010099411,
            0.011576453223824501,
            0.0637211799621582
        ],
        [
            0.09370602667331696,
            -0.0020896252244710922,
            0.03430715203285217
        ],
        [
            0.0901804193854332,
            -0.009422908537089825,
            0.028749993070960045
        ],
        [
            0.0996926799416542,
            -0.00949444342404604,
            0.026182303205132484
        ],
        [
            0.02272402122616768,
            -0.013456896878778934,
            0.043783195316791534
        ],
        [
            0.07180280983448029,
            -0.01403618324548006,
            0.028305286541581154
        ],
        [
            0.08587628602981567,
            -0.013545041903853416,
            0.023821447044610977
        ],
        [
            0.0970381647348404,
            -0.013817241415381432,
            0.02053845301270485
        ],
        [
            0.10529840737581253,
            -0.014249357394874096,
            0.019123109057545662
        ],
        [
            0.1073383316397667,
            -0.009371551685035229,
            0.02537909708917141
        ],
        [
            -0.019493602216243744,
            -0.005215867422521114,
            0.01639927178621292
        ],
        [
            -0.020714208483695984,
            0.0012140767648816109,
            0.02234376035630703
        ],
        [
            0.11640521883964539,
            -0.010432448238134384,
            0.025524960830807686
        ],
        [
            0.11361026018857956,
            -0.015344304963946342,
            0.018102314323186874
        ],
        [
            0.08136172592639923,
            -0.01773657277226448,
            0.01687590219080448
        ],
        [
            0.07561156898736954,
            -0.021319478750228882,
            0.007061957381665707
        ],
        [
            0.06788089871406555,
            -0.017816349864006042,
            0.021313324570655823
        ],
        [
            0.061246488243341446,
            -0.021718597039580345,
            0.012309759855270386
        ],
        [
            0.02095375396311283,
            -0.023781245574355125,
            0.03841383382678032
        ],
        [
            -0.024594921618700027,
            0.01971636340022087,
            0.022533593699336052
        ],
        [
            -0.019642869010567665,
            0.009688986465334892,
            0.024177957326173782
        ],
        [
            -0.014366911724209785,
            0.011631865054368973,
            0.02228877879679203
        ],
        [
            -0.020396066829562187,
            0.02066774107515812,
            0.0228878241032362
        ],
        [
            -0.014725570566952229,
            0.005075586959719658,
            0.024088244885206223
        ],
        [
            -0.023808222264051437,
            0.006459539756178856,
            0.021728895604610443
        ],
        [
            0.05416084825992584,
            -0.02218843623995781,
            -0.001856217160820961
        ],
        [
            0.008209933526813984,
            -0.003331015817821026,
            0.019817018881440163
        ],
        [
            0.06856782734394073,
            -0.018988216295838356,
            -0.011098623275756836
        ],
        [
            0.04152989387512207,
            -0.019274326041340828,
            -0.014027289114892483
        ],
        [
            0.0516759529709816,
            -0.014074091799557209,
            -0.021451352164149284
        ],
        [
            0.08251821994781494,
            -0.014211470261216164,
            -0.021681392565369606
        ],
        [
            0.06605123728513718,
            -0.009214520454406738,
            -0.028529999777674675
        ],
        [
            0.10148391872644424,
            -0.016281435266137123,
