{
    "pred_cam": [
        6.673255920410156,
        -0.15801793336868286,
        -0.05037985369563103
    ],
    "pred_mano_params": {
        "global_orient": [
            [
                [
                    -0.6904404163360596,
                    -0.5759326219558716,
                    0.4377140998840332
                ],
                [
                    -0.2007824182510376,
                    -0.4287396967411041,
                    -0.8808341026306152
                ],
                [
                    0.6949665546417236,
                    -0.6960487365722656,
                    0.18038207292556763
                ]
            ]
        ],
        "hand_pose": [
            [
                [
                    0.8162723183631897,
                    -0.5295535326004028,
                    -0.23080883920192719
                ],
                [
                    0.49626895785331726,
                    0.8473453521728516,
                    -0.18900525569915771
                ],
                [
                    0.29566317796707153,
                    0.03973646089434624,
                    0.9544655680656433
                ]
            ],
            [
                [
                    0.9524146914482117,
                    -0.27099791169166565,
                    0.1395220160484314
                ],
                [
                    0.29857107996940613,
                    0.9215635657310486,
                    -0.24814508855342865
                ],
                [
                    -0.06133159250020981,
                    0.2779942750930786,
                    0.9586228132247925
                ]
            ],
            [
                [
                    0.8108739852905273,
                    -0.5776340365409851,
                    0.09392758458852768
                ],
                [
                    0.555728018283844,
                    0.8103355765342712,
                    0.18580250442028046
                ],
                [
                    -0.18343870341777802,
                    -0.09846420586109161,
                    0.9780874848365784
                ]
            ],
            [
                [
                    0.7205677032470703,
                    -0.6738227009773254,
                    -0.16353939473628998
                ],
                [
                    0.6744032502174377,
                    0.7358782887458801,
                    -0.0605255551636219
                ],
                [
                    0.16112859547138214,
                    -0.06667874753475189,
                    0.984678328037262
                ]
            ],
            [
                [
                    0.9909321665763855,
                    -0.11052164435386658,
                    -0.07640992850065231
                ],
                [
                    0.12620313465595245,
                    0.9607597589492798,
                    0.2470090687274933
                ],
                [
                    0.04611172154545784,
                    -0.25441238284111023,
                    0.9659959077835083
                ]
            ],
            [
                [
                    0.8784075379371643,
                    -0.47717610001564026,
                    0.026517219841480255
                ],
                [
                    0.4775392413139343,
                    0.8785616159439087,
                    -0.009258714504539967
                ],
                [
                    -0.01887897402048111,
                    0.02079593762755394,
                    0.9996054768562317
                ]
            ],
            [
                [
                    0.7039396166801453,
                    -0.6733002066612244,
                    0.22613230347633362
                ],
                [
                    0.5746762752532959,
                    0.727023720741272,
                    0.375744104385376
                ],
                [
                    -0.41739216446876526,
                    -0.13454829156398773,
                    0.8987104892730713
                ]
            ],
            [
                [
                    0.9782191514968872,
                    -0.10300488770008087,
                    -0.18021449446678162
                ],
                [
                    0.08844669163227081,
                    0.9922695159912109,
                    -0.08705376088619232
                ],
                [
                    0.18778832256793976,
                    0.06921827793121338,
                    0.9797675013542175
                ]
            ],
            [
                [
                    0.9965890645980835,
                    -0.07056397199630737,
                    -0.04278786480426788
                ],
                [
                    0.08248308300971985,
                    0.835574746131897,
                    0.5431495308876038
                ],
                [
                    -0.002574370475485921,
                    -0.5448262095451355,
                    0.8385449647903442
                ]
            ],
            [
                [
                    0.6974717378616333,
                    -0.7165382504463196,
                    0.010298502631485462
                ],
                [
                    0.714571475982666,
                    0.6943297982215881,
                    -0.08540359884500504
                ],
                [
                    0.05404439568519592,
                    0.06692561507225037,
                    0.9962931871414185
                ]
            ],
            [
                [
                    0.9996222853660583,
                    0.01556447520852089,
                    0.022650355473160744
                ],
                [
                    -0.023263320326805115,
                    0.9180240035057068,
                    0.3958417773246765
                ],
                [
                    -0.014632495120167732,
                    -0.3962191939353943,
                    0.9180393218994141
                ]
            ],
            [
                [
                    0.855638861656189,
                    -0.5111514925956726,
                    -0.08127924799919128
                ],
                [
                    0.5169364213943481,
                    0.8361945152282715,
                    0.18318171799182892
                ],
                [
                    -0.025668339803814888,
                    -0.19875359535217285,
                    0.9797133207321167
                ]
            ],
            [
                [
                    0.8707900643348694,
                    -0.244253471493721,
                    -0.42669063806533813
                ],
                [
                    -0.30046188831329346,
                    0.4225701093673706,
                    -0.85507732629776
                ],
                [
                    0.3891623020172119,
                    0.8727971315383911,
                    0.29458099603652954
                ]
            ],
            [
                [
                    0.8694928884506226,
                    -0.4465380311012268,
                    -0.21115365624427795
                ],
                [
                    0.47576412558555603,
                    0.6421944499015808,
                    0.6010281443595886
                ],
                [
                    -0.13278020918369293,
                    -0.6230490207672119,
                    0.7708302736282349
                ]
            ],
            [
                [
                    0.8791486620903015,
                    0.45869654417037964,
                    -0.12920981645584106
                ],
                [
                    -0.4642226994037628,
                    0.8855963349342346,
                    -0.01471057627350092
                ],
                [
                    0.1076800525188446,
                    0.07291490584611893,
                    0.9915081858634949
                ]
            ]
        ],
        "betas": [
            -0.07252863049507141,
            -0.19082233309745789,
            -0.07159307599067688,
            -0.05762234330177307,
            0.016376137733459473,
            -0.0003701634705066681,
            0.005929380655288696,
            -0.03696897625923157,
            0.003102213144302368,
            -0.03692379593849182
        ]
    },
    "pred_cam_t": [
        -0.15801793336868286,
        -0.05037985369563103,
        5.8535895347595215
    ],
    "focal_length": [
        5000.0,
        5000.0
    ],
    "pred_keypoints_3d": [
        [
            0.09610883891582489,
            0.006420480087399483,
            0.006262187846004963
        ],
        [
            0.1330173909664154,
            -0.004873316735029221,
            0.004986274521797895
        ],
        [
            0.1601324826478958,
            0.006586151197552681,
            -0.0043430938385427
        ],
        [
            0.1797827035188675,
            0.022595031186938286,
            -0.014228872954845428
        ],
        [
            0.2034216970205307,
            0.03350846469402313,
            -0.04026780650019646
        ],
        [
            0.16910162568092346,
            0.008250899612903595,
            -0.04779919609427452
        ],
        [
            0.19384512305259705,
            0.026401028037071228,
            -0.06032281741499901
        ],
        [
            0.21030983328819275,
            0.04136115312576294,
            -0.05848196521401405
        ],
        [
            0.22438189387321472,
            0.055785492062568665,
            -0.04394024237990379
        ],
        [
            0.16106435656547546,
            0.029194606468081474,
            -0.059306155890226364
        ],
        [
            0.18342635035514832,
            0.051508236676454544,
            -0.06359419971704483
        ],
        [
            0.19898498058319092,
            0.06871643662452698,
            -0.06032596901059151
        ],
        [
            0.2159527689218521,
            0.08487585186958313,
            -0.04933561012148857
        ],
        [
            0.14336922764778137,
            0.04820636659860611,
            -0.05288643389940262
        ],
        [
            0.16600506007671356,
            0.06613273918628693,
            -0.05611937493085861
        ],
        [
            0.1834210306406021,
            0.08384615182876587,
            -0.053596071898937225
        ],
        [
            0.20032203197479248,
            0.09933239221572876,
            -0.0420755073428154
        ],
        [
            0.13064080476760864,
            0.06277310103178024,
            -0.042723722755908966
        ],
        [
            0.14754213392734528,
            0.07566242665052414,
            -0.043781694024801254
        ],
        [
            0.16098876297473907,
            0.08924099802970886,
            -0.04350679740309715
        ],
        [
            0.17727401852607727,
            0.10339425504207611,
            -0.03742600977420807
        ]
    ],
    "pred_vertices": [
        [
            0.1456206738948822,
            0.009867955930531025,
            -0.013826899230480194
        ],
        [
            0.13702204823493958,
            0.009060555137693882,
            -0.005332492291927338
        ],
        [
            0.14457862079143524,
            0.010349187068641186,
            -0.007393326610326767
        ],
        [
            0.15296299755573273,
            0.007976111024618149,
            -0.014881256967782974
        ],
        [
            0.14051248133182526,
            0.012119704857468605,
            0.01287134736776352
        ],
        [
            0.14393316209316254,
            0.0031191399320960045,
            0.020222827792167664
        ],
        [
            0.15817151963710785,
            0.009502412751317024,
            0.01148921623826027
        ],
        [
            0.15243346989154816,
            0.017305966466665268,
            0.00778617337346077
        ],
        [
            0.15793155133724213,
            0.007079656235873699,
            -0.017373699694871902
        ],
        [
            0.1514899879693985,
            0.012119092978537083,
            -0.00896427035331726
        ],
        [
            0.1575695425271988,
            0.006803193129599094,
            -0.019372310489416122
        ],
        [
            0.16119998693466187,
            -0.0031455005519092083,
            -0.031089287251234055
        ],
        [
            0.16266921162605286,
            0.0015101491007953882,
            -0.026594186201691628
        ],
        [
            0.16446590423583984,
            -0.004865047987550497,
            -0.038962479680776596
        ],
        [
            0.15338997542858124,
            -0.009822813794016838,
            -0.03262361139059067
        ],
        [
            0.1581994593143463,
            -0.006421388126909733,
            -0.04572615772485733
        ],
        [
            0.13041150569915771,
            0.00025958381593227386,
            -0.04083840176463127
        ],
        [
            0.12180183827877045,
            0.010752731934189796,
            -0.041154734790325165
        ],
        [
            0.13303834199905396,
            0.016284925863146782,
            -0.05320647731423378
        ],
        [
            0.1411447823047638,
            0.005484157241880894,
            -0.05103283375501633
        ],
        [
            0.12003837525844574,
            0.031132768839597702,
            -0.04633736610412598
        ],
        [
            0.12771950662136078,
            0.023274675011634827,
            -0.05085168033838272
        ],
        [
            0.11574339121580124,
            0.017292149364948273,
            -0.03970378637313843
        ],
        [
            0.10963788628578186,
            0.024709835648536682,
            -0.0360732339322567
        ],
        [
            0.13377614319324493,
            0.018320683389902115,
            -0.011959794908761978
        ],
        [
            0.12636126577854156,
            0.016551615670323372,
            -0.003578558564186096
        ],
        [
            0.12951277196407318,
            0.012064083479344845,
            -0.004473373293876648
        ],
        [
            0.13729634881019592,
            0.014280559495091438,
            -0.012294385582208633
        ],
        [
            0.16265255212783813,
            0.007343020290136337,
            -0.017088407650589943
        ],
        [
            0.1557728499174118,
            -0.006751172244548798,
            -0.017693636938929558
        ],
        [
            0.15654665231704712,
            -0.0005334280431270599,
            -0.021168177947402
        ],
        [
            0.16154147684574127,
            0.012661801651120186,
            -0.015785999596118927
        ],
        [
            0.10899761319160461,
            0.02285810559988022,
            0.018560949712991714
        ],
        [
            0.0982964038848877,
            0.015792135149240494,
            0.022966988384723663
        ],
        [
            0.10102768242359161,
            0.010462911799550056,
            0.023149825632572174
        ],
        [
            0.11000210791826248,
            0.017706172540783882,
            0.018818877637386322
        ],
        [
            0.12056662142276764,
            -0.0021841153502464294,
            0.02578556165099144
        ],
        [
            0.10970541834831238,
            -0.005789345130324364,
            0.025331545621156693
        ],
        [
            0.10610474646091461,
            -0.018352588638663292,
            0.023768339306116104
        ],
        [
            0.11752462387084961,
            -0.017086150124669075,
            0.021649587899446487
        ],
        [
            0.13280318677425385,
            0.0003367103636264801,
            0.024069570004940033
        ],
        [
            0.1320316195487976,
            -0.012848451733589172,
            0.02263740450143814
        ],
        [
            0.14612391591072083,
            -0.007829609327018261,
            0.018835965543985367
        ],
        [
            0.1614973247051239,
            0.0012057628482580185,
            0.009538058191537857
        ],
        [
            0.0906737744808197,
            0.025834795087575912,
            0.020467471331357956
        ],
        [
            0.09761898964643478,
            0.032692648470401764,
            0.017287854105234146
        ],
        [
            0.19994217157363892,
            0.02770925872027874,
            -0.05011262744665146
        ],
        [
            0.19711828231811523,
            0.0328698456287384,
            -0.05048658326268196
        ],
        [
            0.1936115026473999,
            0.029623109847307205,
            -0.04875393956899643
        ],
        [
            0.19714531302452087,
            0.02506156452000141,
            -0.0490989051759243
        ],
        [
            0.08163995295763016,
            0.03225698322057724,
            0.0035157538950443268
        ],
        [
            0.07736619561910629,
            0.027488593012094498,
            -0.004285432398319244
        ],
        [
            0.07291136682033539,
            0.026612121611833572,
            0.0014519169926643372
        ],
        [
            0.07755733281373978,
            0.0292794369161129,
            0.009184975177049637
        ],
        [
            0.08711913228034973,
            0.03612673655152321,
            -0.003947358578443527
        ],
        [
            0.08412455767393112,
            0.028541797772049904,
            -0.011769816279411316
        ],
        [
            0.20262305438518524,
            0.02330690622329712,
            -0.06181403994560242
        ],
        [
            0.20357784628868103,
            0.02293451875448227,
            -0.056758373975753784
        ],
        [
            0.19977664947509766,
            0.01957092061638832,
            -0.057221975177526474
        ],
        [
            0.19762596487998962,
            0.020173367112874985,
            -0.061923086643218994
        ],
        [
            0.1601727306842804,
            0.005985802970826626,
            -0.022657280787825584
        ],
        [
            0.1536523401737213,
            0.011241219937801361,
            -0.020479869097471237
        ],
        [
            0.17097166180610657,
            0.010157573036849499,
            -0.035672083497047424
        ],
        [
            0.16351860761642456,
            0.01095968671143055,
            -0.03069330006837845
        ],
        [
            0.16581235826015472,
            0.004531513899564743,
            -0.030186841264367104
        ],
        [
            0.17144952714443207,
            0.00397680327296257,
            -0.035354409366846085
        ],
        [
            0.14653001725673676,
            0.0272666048258543,
            -0.02900225855410099
        ],
        [
            0.1389291137456894,
            0.02373579330742359,
            -0.020759981125593185
        ],
        [
            0.14359481632709503,
            0.01919616013765335,
            -0.021742992103099823
        ],
        [
            0.15331850945949554,
            0.021999742835760117,
            -0.030064651742577553
        ],
        [
            0.13168780505657196,
            0.03563246130943298,
            -0.018184609711170197
        ],
        [
            0.13945811986923218,
            0.03794783353805542,
            -0.026871781796216965
        ],
        [
            0.13440923392772675,
            0.04439804330468178,
            -0.02439086139202118
        ],
        [
            0.13036087155342102,
            0.04202040657401085,
            -0.017928380519151688
        ],
        [
            0.15359456837177277,
            0.03854144737124443,
            -0.0418149009346962
        ],
        [
            0.15733322501182556,
            0.03961187228560448,
            -0.04693271592259407
        ],
        [
            0.15662628412246704,
            0.043525684624910355,
            -0.04628966376185417
        ],
        [
            0.1513063609600067,
            0.041359979659318924,
            -0.04119664430618286
        ],
        [
            0.06808403879404068,
            0.024860840290784836,
            0.006382826715707779
        ],
        [
            0.07388143986463547,
            0.025531291961669922,
            0.014283031225204468
        ],
        [
            0.10956799983978271,
            0.048025764524936676,
            -0.037243492901325226
        ],
        [
            0.10746312141418457,
            0.05383364111185074,
            -0.027923472225666046
        ],
        [
            0.1150243878364563,
            0.06074078381061554,
            -0.03597676008939743
        ],
        [
            0.11509604752063751,
            0.05265802517533302,
            -0.04445095360279083
        ],
        [
            0.07800591737031937,
            0.01931488700211048,
            -0.010651916265487671
        ],
        [
            0.07181357592344284,
            0.019759774208068848,
            -0.0058204904198646545
        ],
        [
            0.19976550340652466,
            0.026885390281677246,
            -0.06596480309963226
        ],
        [
            0.19433939456939697,
            0.023943010717630386,
            -0.06515391170978546
        ],
        [
            0.14152340590953827,
            -0.01881254091858864,
            0.011286091059446335
        ],
        [
            0.16106638312339783,
            -0.0068191830068826675,
            0.004091445356607437
        ],
        [
            0.12404833734035492,
            -0.023297123610973358,
            0.013688452541828156
        ],
        [
            0.11117243021726608,
            -0.02429957687854767,
            0.013341378420591354
        ],
        [
            0.10136178880929947,
            -0.025840632617473602,
            0.015233051031827927
        ],
        [
            0.16310586035251617,
            0.016841750591993332,
            -0.033699147403240204
        ],
        [
            0.14548611640930176,
            0.014651646837592125,
            -0.018496181815862656
        ],
        [
            0.13081610202789307,
            0.022423245012760162,
            -0.011369269341230392
        ],
        [
            0.1189817413687706,
            0.05065702646970749,
            -0.007818952202796936
        ],
        [
            0.11281195282936096,
            0.0472799688577652,
            9.877234697341919e-05
        ],
        [
            0.12079551815986633,
            0.04053451865911484,
            -0.002078581601381302
        ],
        [
            0.12419025599956512,
            0.044668860733509064,
            -0.009046107530593872
        ],
        [
            0.11210735887289047,
            0.05856013670563698,
            -0.02050957828760147
        ],
        [
            0.11931896209716797,
            0.0577063113451004,
            -0.01718180999159813
        ],
        [
            0.12427282333374023,
            0.060779720544815063,
            -0.02374354377388954
        ],
        [
            0.11830893158912659,
            0.06293658912181854,
            -0.0278327614068985
        ],
        [
            0.16718238592147827,
            0.001967143267393112,
            -0.015380015596747398
        ],
        [
            0.15634167194366455,
            -0.011705754324793816,
            -0.012991108000278473
        ],
        [
            0.08817947655916214,
            0.034001655876636505,
            0.011713553220033646
        ],
        [
            0.08468163758516312,
            0.028801018372178078,
            0.016430169343948364
        ],
        [
            0.07871320843696594,
            0.023945815861225128,
            0.020138859748840332
        ],
        [
            0.1186177134513855,
            0.018439266830682755,
            0.00844135507941246
        ],
        [
            0.11082761734724045,
            0.014077436178922653,
            0.019223060458898544
        ],
        [
            0.11383284628391266,
            0.010561789385974407,
            0.019684888422489166
        ],
        [
            0.119544118642807,
            0.014897426590323448,
            0.007671035826206207
        ],
        [
            0.13068975508213043,
            0.010519207455217838,
            0.005078054964542389
        ],
        [
            0.12833073735237122,
            0.008341895416378975,
            0.017677057534456253
        ],
        [
            0.13946044445037842,
            0.015010138973593712,
            0.001489490270614624
        ],
        [
            0.10374220460653305,
            0.0027012471109628677,
            0.02461070567369461
        ],
        [
            0.09372269362211227,
            0.005743149667978287,
            0.028651751577854156
        ],
        [
            0.09707923233509064,
            -0.0025391913950443268,
            0.028692223131656647
        ],
        [
            0.0884026288986206,
            0.013829706236720085,
            0.027065828442573547
        ],
        [
            0.08322272449731827,
            0.0205279141664505,
            0.02432282269001007
        ],
        [
            0.06398791819810867,
            0.018288061022758484,
            -0.0027199648320674896
        ],
        [
            0.1001046672463417,
            -0.010114679113030434,
            0.027142658829689026
        ],
        [
            0.16152238845825195,
            0.01898104138672352,
            0.003523644059896469
        ],
        [
            0.16944344341754913,
            0.021117590367794037,
            -0.00035019218921661377
        ],
        [
            0.16429758071899414,
            0.022942805662751198,
            -0.005232993513345718
        ],
        [
            0.15679581463336945,
            0.020595449954271317,
            -0.0026589930057525635
        ],
        [
            0.16985352337360382,
            -0.003125423099845648,
            -0.046400368213653564
        ],
        [
            0.17228078842163086,
            -0.00013446644879877567,
            -0.03950639069080353
        ],
        [
            0.16626319289207458,
            -0.0016490998677909374,
            -0.03261470049619675
        ],
        [
            0.11350508034229279,
            0.030962202697992325,
            0.011362563818693161
        ],
        [
            0.10374733805656433,
            0.039001837372779846,
            0.010829843580722809
        ],
        [
            0.17018882930278778,
            0.015914587303996086,
            -0.03897899016737938
        ],
        [
            0.19343173503875732,
            0.017204364761710167,
            -0.06254676729440689
        ],
        [
            0.1958303451538086,
            0.016200795769691467,
            -0.057265058159828186
        ],
        [
            0.1822957843542099,
            0.005019862204790115,
            -0.05194607004523277
        ],
        [
            0.18004673719406128,
            0.006401600781828165,
            -0.05830007791519165
        ],
        [
            0.17115303874015808,
            0.020966237410902977,
            -0.04851652309298515
        ],
        [
            0.1723751425743103,
            0.01799718476831913,
            -0.042323097586631775
        ],
        [
            0.17325927317142487,
            0.01946825347840786,
            -0.04447082057595253
        ],
        [
            0.17225845158100128,
            0.023777024820446968,
            -0.0493096224963665
        ],
        [
            0.1499931514263153,
            0.04900909215211868,
            -0.04277798905968666
        ],
        [
            0.14558255672454834,
            0.04704754054546356,
            -0.03822173923254013
        ],
        [
            0.1535268872976303,
            0.012712524272501469,
            -0.058455273509025574
        ],
        [
            0.15718524158000946,
            -0.00034400448203086853,
            -0.05804916471242905
        ],
        [
            0.14853806793689728,
            -0.003545149229466915,
            -0.04947928711771965
        ],
        [
            0.1418045312166214,
            0.03287140652537346,
            -0.02752414532005787
        ],
        [
            0.1481805145740509,
            0.036677777767181396,
            -0.034899912774562836
        ],
        [
            0.1457040160894394,
            0.03995238617062569,
            -0.03444299101829529
        ],
        [
            0.1635042130947113,
            0.020356306806206703,
            -0.03702548146247864
        ],
        [
            0.1683257669210434,
            0.020598705857992172,
            -0.04232710599899292
        ],
        [
            0.16448697447776794,
            0.023510009050369263,
            -0.04176373407244682
        ],
        [
            0.15940460562705994,
            0.023910220712423325,
            -0.03652282804250717
        ],
        [
            0.09898951649665833,
            0.04759999364614487,
            -0.019915279000997543
        ],
        [
            0.10432478785514832,
            0.05349641293287277,
            -0.011404082179069519
        ],
        [
            0.20244884490966797,
            0.024332111701369286,
            -0.05243001878261566
        ],
        [
            0.19932737946510315,
            0.02130311354994774,
            -0.05230071395635605
        ],
        [
            0.13448674976825714,
            0.029282277449965477,
            -0.019441459327936172
        ],
        [
            0.13910670578479767,
            -0.006691742688417435,
            -0.038552239537239075
        ],
        [
            0.1278088241815567,
            0.02693607285618782,
            -0.01041381061077118
        ],
        [
            0.13215123116970062,
            0.048204608261585236,
            -0.052665285766124725
        ],
        [
            0.13564948737621307,
            0.05391375347971916,
            -0.04754195362329483
        ],
        [
            0.14057372510433197,
            0.0551467202603817,
            -0.049768418073654175
        ],
        [
            0.13948094844818115,
            0.05227506160736084,
            -0.055165909230709076
        ],
        [
            0.1833176612854004,
            0.03247475251555443,
            -0.05503333732485771
        ],
        [
            0.18635299801826477,
            0.03131354972720146,
            -0.05021673068404198
        ],
        [
            0.19000548124313354,
            0.03401003032922745,
            -0.051393985748291016
        ],
        [
            0.18775469064712524,
            0.035435520112514496,
            -0.05657375603914261
        ],
        [
            0.17450293898582458,
            0.013236281462013721,
            -0.03958507254719734
        ],
        [
            0.17635050415992737,
            0.007076659705489874,
            -0.0392177551984787
        ],
        [
            0.18011103570461273,
            0.011322695761919022,
            -0.04193422198295593
        ],
        [
            0.176818385720253,
            0.016231009736657143,
            -0.04265858232975006
        ],
        [
            0.17752240598201752,
            0.0029997052624821663,
            -0.043688852339982986
        ],
        [
            0.18202701210975647,
            0.006791311781853437,
            -0.04588908329606056
        ],
        [
            0.1826915293931961,
            0.030554912984371185,
            -0.061174165457487106
        ],
        [
            0.1853526532649994,
            0.02538548782467842,
            -0.06587942689657211
        ],
        [
            0.17241257429122925,
            0.01715756580233574,
            -0.06212186813354492
        ],
        [
            0.17260970175266266,
            0.02320639230310917,
            -0.05689939484000206
        ],
        [
            0.09895040094852448,
            0.018134532496333122,
            -0.027423586696386337
        ],
        [
            0.09423046559095383,
            0.02761172503232956,
            -0.023838695138692856
        ],
        [
            0.10465101897716522,
            0.034416813403367996,
            -0.032492734491825104
        ],
        [
            0.11398947238922119,
            0.041291479021310806,
            -0.041915278881788254
        ],
        [
            0.12390071898698807,
            0.046953536570072174,
            -0.04997280612587929
        ],
        [
            0.12802088260650635,
            0.03674499690532684,
            -0.05579504370689392
        ],
        [
            0.10084232687950134,
            0.040485747158527374,
            -0.028504628688097
        ],
        [
            0.1654171496629715,
            0.020527096465229988,
            -0.054393138736486435
        ],
        [
            0.16339890658855438,
            0.012324651703238487,
            -0.05907744914293289
        ],
        [
            0.16082800924777985,
            0.01728164032101631,
            -0.05803821608424187
        ],
        [
            0.12532790005207062,
            0.033739808946847916,
            -0.00856463611125946
        ],
        [
            0.19597892463207245,
            0.017600547522306442,
            -0.05216699093580246
        ],
        [
            0.09486298263072968,
            -0.020136160776019096,
            -0.005466468632221222
        ],
        [
            0.08633726835250854,
            -0.010470680892467499,
            -0.010589245706796646
        ],
        [
            0.09407806396484375,
            -0.009365545585751534,
            -0.014640435576438904
        ],
        [
            0.1046045646071434,
            -0.019843116402626038,
            -0.008183572441339493
        ],
        [
            0.19053514301776886,
            0.026738600805401802,
            -0.04721880704164505
        ],
        [
            0.19421380758285522,
            0.021635789424180984,
            -0.04761901870369911
        ],
        [
            0.1428542286157608,
            0.052967946976423264,
            -0.03790722042322159
        ],
        [
            0.14674752950668335,
            0.05369793251156807,
            -0.04256006330251694
        ],
        [
            0.14476516842842102,
            0.056435566395521164,
            -0.044761933386325836
        ],
        [
            0.14185836911201477,
            0.05823799595236778,
            -0.039426133036613464
        ],
        [
            0.09151139855384827,
            0.031793951988220215,
            -0.020551323890686035
        ],
        [
            0.12140930444002151,
            0.06551604717969894,
            -0.03865361958742142
        ],
        [
            0.12091784924268723,
            0.05806315317749977,
            -0.04692411422729492
        ],
        [
            0.08534174412488937,
            0.02130582369863987,
            -0.01644279435276985
        ],
        [
            0.08893319219350815,
            0.012886743992567062,
            -0.019972778856754303
        ],
        [
            0.08147486299276352,
            0.009641377255320549,
            -0.014545183628797531
        ],
        [
            0.14117634296417236,
            0.02963210642337799,
            -0.059557195752859116
        ],
        [
            0.1044064536690712,
            0.012127179652452469,
            -0.03054555132985115
        ],
        [
            0.0937219113111496,
            0.007207881659269333,
            -0.02191983535885811
        ],
        [
            0.08501121401786804,
            0.003057943657040596,
            -0.015556834638118744
        ],
        [
            0.07814163714647293,
            0.0005616545677185059,
            -0.011488571763038635
        ],
        [
            0.07503403723239899,
            0.00807284563779831,
            -0.010699838399887085
        ],
        [
            0.18942156434059143,
            0.021151326596736908,
            -0.06535428762435913
        ],
        [
            0.19047929346561432,
            0.02929668501019478,
            -0.06651562452316284
        ],
        [
            0.06665568798780441,
            0.006160210818052292,
            -0.007655248045921326
        ],
        [
            0.07088778167963028,
            -0.0021129772067070007,
            -0.008105270564556122
        ],
        [
            0.09948566555976868,
            5.5028125643730164e-05,
            -0.02286496013402939
        ],
        [
            0.10763527452945709,
            -0.008531065657734871,
            -0.02236180379986763
        ],
        [
            0.10970894247293472,
            0.005181640386581421,
            -0.030989112332463264
        ],
        [
            0.11819547414779663,
            -0.00285312719643116,
            -0.03154107928276062
        ],
        [
            0.14222164452075958,
            0.01914137229323387,
            -0.06246897205710411
        ],
        [
            0.20386867225170135,
            0.04279021918773651,
            -0.06524267792701721
        ],
        [
            0.1939653754234314,
            0.03701901435852051,
            -0.06464997678995132
        ],
        [
            0.1928429901599884,
            0.03849436715245247,
            -0.05913757532835007
        ],
        [
            0.2018888145685196,
            0.04464549943804741,
            -0.061907216906547546
        ],
        [
            0.18771930038928986,
            0.03385056182742119,
            -0.06229713186621666
        ],
        [
            0.19611281156539917,
            0.032352153211832047,
            -0.06724526733160019
        ],
        [
            0.12954387068748474,
            -0.011844469234347343,
            -0.02738168090581894
        ],
        [
            0.16830433905124664,
            0.024297989904880524,
            -0.046985987573862076
        ],
        [
            0.12164830416440964,
            -0.01870700903236866,
            -0.014173679053783417
        ],
        [
            0.1450478881597519,
            -0.0155988410115242,
            -0.024866459891200066
        ],
        [
            0.1413666307926178,
            -0.019475482404232025,
            -0.013314522802829742
        ],
        [
            0.1152564138174057,
            -0.0256996750831604,
            0.0009353905916213989
        ],
        [
            0.1341058313846588,
            -0.024384988471865654,
            -5.5868178606033325e-05
        ],
        [
            0.09523331373929977,
            -0.026181450113654137,
            0.005605645477771759
        ],
        [
            0.10411674529314041,
            -0.025170613080263138,
            0.0020998306572437286
        ],
        [
