{
    "pred_cam": [
        8.23742961883545,
        0.05389787256717682,
        -0.0459931418299675
    ],
    "pred_mano_params": {
        "global_orient": [
            [
                [
                    0.6785627007484436,
                    -0.1931641548871994,
                    -0.7086890339851379
                ],
                [
                    -0.679380476474762,
                    -0.531863808631897,
                    -0.5055323839187622
                ],
                [
                    -0.2792752981185913,
                    0.8245050311088562,
                    -0.4921348989009857
                ]
            ]
        ],
        "hand_pose": [
            [
                [
                    0.7909865379333496,
                    -0.5324324369430542,
                    -0.3014233112335205
                ],
                [
                    0.5388199687004089,
                    0.8395838141441345,
                    -0.06908006966114044
                ],
                [
                    0.2898505926132202,
                    -0.10777147859334946,
                    0.9509847164154053
                ]
            ],
            [
                [
                    0.9197338223457336,
                    -0.3925001919269562,
                    0.005769591312855482
                ],
                [
                    0.37216153740882874,
                    0.8672119379043579,
                    -0.33081597089767456
                ],
                [
                    0.12484187632799149,
                    0.3064098358154297,
                    0.9436776041984558
                ]
            ],
            [
                [
                    0.9140280485153198,
                    -0.3862694501876831,
                    0.12388983368873596
                ],
                [
                    0.38991060853004456,
                    0.9208354353904724,
                    -0.005638728849589825
                ],
                [
                    -0.1119040846824646,
                    0.05345991253852844,
                    0.9922799468040466
                ]
            ],
            [
                [
                    0.30212169885635376,
                    -0.8999354839324951,
                    -0.31438586115837097
                ],
                [
                    0.951339602470398,
                    0.305615097284317,
                    0.03939921781420708
                ],
                [
                    0.06062428653240204,
                    -0.310991108417511,
                    0.9484772086143494
                ]
            ],
            [
                [
                    0.9773185849189758,
                    -0.11100978404283524,
                    -0.18034742772579193
                ],
                [
                    0.14256048202514648,
                    0.9746135473251343,
                    0.17264103889465332
                ],
                [
                    0.15660421550273895,
                    -0.194435715675354,
                    0.9683335423469543
                ]
            ],
            [
                [
                    0.9398240447044373,
                    -0.26057329773902893,
                    0.22098052501678467
                ],
                [
                    0.26824283599853516,
                    0.9633389115333557,
                    -0.004890083335340023
                ],
                [
                    -0.21160492300987244,
                    0.06387224793434143,
                    0.9752659797668457
                ]
            ],
            [
                [
                    0.35490328073501587,
                    -0.931257426738739,
                    0.08248217403888702
                ],
                [
                    0.7773007154464722,
                    0.3429458439350128,
                    0.5274388790130615
                ],
                [
                    -0.5194682478904724,
                    -0.12307631224393845,
                    0.8455796837806702
                ]
            ],
            [
                [
                    0.9735055565834045,
                    -0.17733925580978394,
                    -0.14435230195522308
                ],
                [
                    0.19795024394989014,
                    0.9696086645126343,
                    0.1437874585390091
                ],
                [
                    0.11446606367826462,
                    -0.1685524880886078,
                    0.9790237545967102
                ]
            ],
            [
                [
                    0.9888274073600769,
                    0.028795991092920303,
                    0.14625664055347443
                ],
                [
                    -0.07924108952283859,
                    0.9325917959213257,
                    0.35212695598602295
                ],
                [
                    -0.12625791132450104,
                    -0.3597823977470398,
                    0.9244541525840759
                ]
            ],
            [
                [
                    0.21212777495384216,
                    -0.9771008491516113,
                    0.016607921570539474
                ],
                [
                    0.9606517553329468,
                    0.21161465346813202,
                    0.17990975081920624
                ],
                [
                    -0.17930443584918976,
                    -0.022209424525499344,
                    0.9835429787635803
                ]
            ],
            [
                [
                    0.9874300360679626,
                    -0.06518445163965225,
                    -0.14398938417434692
                ],
                [
                    0.10606756061315536,
                    0.9486854076385498,
                    0.2979021668434143
                ],
                [
                    0.11718203127384186,
                    -0.30943015217781067,
                    0.9436744451522827
                ]
            ],
            [
                [
                    0.9222602248191833,
                    -0.27727997303009033,
                    0.2693546712398529
                ],
                [
                    0.239389106631279,
                    0.9567577838897705,
                    0.1652495563030243
                ],
                [
                    -0.3035275638103485,
                    -0.08792252093553543,
                    0.9487574696540833
                ]
            ],
            [
                [
                    0.9428117275238037,
                    0.1397329866886139,
                    -0.30262330174446106
                ],
                [
                    -0.32045140862464905,
                    0.629856288433075,
                    -0.7075251936912537
                ],
                [
                    0.09174462407827377,
                    0.7640390396118164,
                    0.6386135220527649
                ]
            ],
            [
                [
                    0.8721114993095398,
                    -0.39260926842689514,
                    -0.2920263409614563
                ],
                [
                    0.4725911319255829,
                    0.8305214643478394,
                    0.2947738766670227
                ],
                [
                    0.1268031895160675,
                    -0.39508476853370667,
                    0.9098509550094604
                ]
            ],
            [
                [
                    0.9628995656967163,
                    -0.21272294223308563,
                    -0.16605214774608612
                ],
                [
                    0.0808827131986618,
                    0.8145350217819214,
                    -0.5744481682777405
                ],
                [
                    0.257453590631485,
                    0.5397051572799683,
                    0.8015210032463074
                ]
            ]
        ],
        "betas": [
            0.051456451416015625,
            0.02969968318939209,
            -0.009044170379638672,
            0.0412924587726593,
            -0.01587235927581787,
            -0.10010545700788498,
            -0.014029055833816528,
            -0.06211647391319275,
            -0.02287924289703369,
            0.008258163928985596
        ]
    },
    "pred_cam_t": [
        -0.05389787256717682,
        -0.0459931418299675,
        4.742074012756348
    ],
    "focal_length": [
        5000.0,
        5000.0
    ],
    "pred_keypoints_3d": [
        [
            0.09542714059352875,
            0.006366420537233353,
            0.006154870148748159
        ],
        [
            0.06390252709388733,
            0.01796330325305462,
            -0.012633958831429482
        ],
        [
            0.038580819964408875,
            0.03354095667600632,
            -0.02053384855389595
        ],
        [
            0.02444392628967762,
            0.05659296363592148,
            -0.019519416615366936
        ],
        [
            0.01860804483294487,
            0.09118564426898956,
            -0.020603656768798828
        ],
        [
            0.02219359576702118,
            0.05841780826449394,
            0.01625639759004116
        ],
        [
            0.011061913333833218,
            0.0894136130809784,
            0.01625863090157509
        ],
        [
            0.01352405920624733,
            0.10971947014331818,
            0.007752800360321999
        ],
        [
            0.019984055310487747,
            0.12841030955314636,
            -0.007610160857439041
        ],
        [
            0.03403467684984207,
            0.07298530638217926,
            0.03295676410198212
        ],
        [
            0.0388188473880291,
            0.09879440069198608,
            0.015299467369914055
        ],
        [
            0.04795774817466736,
            0.11366480588912964,
            -9.271316230297089e-06
        ],
        [
            0.0529332272708416,
            0.12860436737537384,
            -0.020329251885414124
        ],
        [
            0.05975142493844032,
            0.07729943096637726,
            0.03872498869895935
        ],
        [
            0.059558313339948654,
            0.09746474027633667,
            0.018278496339917183
        ],
        [
            0.06882375478744507,
            0.1119857057929039,
            0.000534912571310997
        ],
        [
            0.07216176390647888,
            0.12369155138731003,
            -0.02143985405564308
        ],
        [
            0.0813269168138504,
            0.08004835247993469,
            0.038303639739751816
        ],
        [
            0.08149391412734985,
            0.096263587474823,
            0.024881135672330856
        ],
        [
            0.08596133440732956,
            0.10797441005706787,
            0.010735513642430305
        ],
        [
            0.0874834731221199,
            0.11963757127523422,
            -0.0070484355092048645
        ]
    ],
    "pred_vertices": [
        [
            0.053728457540273666,
            0.040593355894088745,
            -0.001335490494966507
        ],
        [
            0.061821602284908295,
            0.03471764922142029,
            -0.004942908883094788
        ],
        [
            0.05309002846479416,
            0.038798119872808456,
            -0.008197007700800896
        ],
        [
            0.04546402394771576,
            0.042656365782022476,
            -0.005044395104050636
        ],
        [
            0.06584557890892029,
            0.033088505268096924,
            -0.02336869388818741
        ],
        [
            0.06395697593688965,
            0.02391420491039753,
            -0.03164659067988396
        ],
        [
            0.04987788200378418,
            0.03399786725640297,
            -0.03215133026242256
        ],
        [
            0.05464368313550949,
            0.04048889875411987,
            -0.025382988154888153
        ],
        [
            0.03807736933231354,
            0.04330917075276375,
            -0.006055545061826706
        ],
        [
            0.0461982786655426,
            0.042205747216939926,
            -0.010678038001060486
        ],
        [
            0.034847937524318695,
            0.04006855934858322,
            -0.004279019311070442
        ],
        [
            0.025691483169794083,
            0.03895831108093262,
            0.003386612981557846
        ],
        [
            0.030238840728998184,
            0.04401358589529991,
            -0.00039322301745414734
        ],
        [
            0.020455162972211838,
            0.04221823439002037,
            0.008878776803612709
        ],
        [
            0.027356049045920372,
            0.0290346909314394,
            0.007975218817591667
        ],
        [
            0.021004468202590942,
            0.03896363452076912,
            0.017826730385422707
        ],
        [
            0.04652124643325806,
            0.029144253581762314,
            0.02871330827474594
        ],
        [
            0.05797450989484787,
            0.033121928572654724,
            0.03481428325176239
        ],
        [
            0.04739231616258621,
            0.04660577327013016,
            0.04118356108665466
        ],
        [
            0.037098228931427,
            0.04159398004412651,
            0.03325168043375015
        ],
        [
            0.06802941113710403,
            0.050309646874666214,
            0.04379313439130783
        ],
        [
            0.056204430758953094,
            0.04892975464463234,
            0.04253831505775452
        ],
        [
            0.06642654538154602,
            0.03483343869447708,
            0.0374736562371254
        ],
        [
            0.0764436274766922,
            0.03680064529180527,
            0.03854003921151161
        ],
        [
            0.06847875565290451,
            0.04046287760138512,
            0.0045731887221336365
        ],
        [
            0.07656712830066681,
            0.03395582363009453,
            0.000945456326007843
        ],
        [
            0.07117004692554474,
            0.03292790427803993,
            -0.000568639487028122
        ],
        [
            0.06348834186792374,
            0.039378583431243896,
            0.0025036558508872986
        ],
        [
            0.030248194932937622,
            0.03670114651322365,
            -0.009888017550110817
        ],
        [
            0.031338855624198914,
            0.025439713150262833,
            -0.006825394928455353
        ],
        [
            0.03144780546426773,
            0.03239087760448456,
            -0.0033885985612869263
        ],
        [
            0.03341775760054588,
            0.0411168709397316,
            -0.00938049703836441
        ],
        [
            0.102079838514328,
            0.024616733193397522,
            -0.008364390581846237
        ],
        [
            0.1072913408279419,
            0.012169480323791504,
            -0.007924862205982208
        ],
        [
            0.10262490808963776,
            0.009459927678108215,
            -0.010212991386651993
        ],
        [
            0.09878887236118317,
            0.02125680074095726,
            -0.00971575640141964
        ],
        [
            0.0832340270280838,
            0.009175978600978851,
            -0.023797718808054924
        ],
        [
            0.08898389339447021,
            0.0006487928330898285,
            -0.01837051473557949
        ],
        [
            0.08349037170410156,
            -0.01196916401386261,
            -0.016890259459614754
        ],
        [
            0.07551771402359009,
            -0.005247533321380615,
            -0.020149828866124153
        ],
        [
            0.07394708693027496,
            0.01741282269358635,
            -0.02879178524017334
        ],
        [
            0.06796612590551376,
            0.0045118629932403564,
            -0.02801458165049553
        ],
        [
            0.05772245675325394,
            0.014048386365175247,
            -0.032254233956336975
        ],
        [
            0.04367980360984802,
            0.02694159746170044,
            -0.03329438343644142
        ],
        [
            0.11677978187799454,
            0.01645077019929886,
            -0.0004932805895805359
        ],
        [
            0.11457587778568268,
            0.026401910930871964,
            -0.0002489835023880005
        ],
        [
            0.012454548850655556,
            0.09111127257347107,
            0.0037627816200256348
        ],
        [
            0.017724817618727684,
            0.09300895780324936,
            0.005886701866984367
        ],
        [
            0.018282799050211906,
            0.08778342604637146,
            0.005618146620690823
        ],
        [
            0.01285624410957098,
            0.08681522309780121,
            0.003980040550231934
        ],
        [
            0.11838534474372864,
            0.019737757742404938,
            0.019375374540686607
        ],
        [
            0.11473944783210754,
            0.014944717288017273,
            0.027433577924966812
        ],
        [
            0.11993642151355743,
            0.010697320103645325,
            0.024652551859617233
        ],
        [
            0.12212462723255157,
            0.014030829071998596,
            0.016156870871782303
        ],
        [
            0.11340252310037613,
            0.027261704206466675,
            0.02360648475587368
        ],
        [
            0.107265904545784,
            0.020956389605998993,
            0.030636951327323914
        ],
        [
            0.0037016961723566055,
            0.09275339543819427,
            0.012743433006107807
        ],
        [
            0.004541976843029261,
            0.09180158376693726,
            0.0077241756953299046
        ],
        [
            0.004468903876841068,
            0.08674666285514832,
            0.009795159101486206
        ],
        [
            0.004523167852312326,
            0.08696703612804413,
            0.015278596431016922
        ],
        [
            0.037551362067461014,
            0.046505168080329895,
            -0.0015675723552703857
        ],
        [
            0.04666115716099739,
            0.047131262719631195,
            0.000811481848359108
        ],
        [
            0.02745821699500084,
            0.05819262936711311,
            0.004996028728783131
        ],
        [
            0.03544297814369202,
            0.0541493184864521,
            0.0047667426988482475
        ],
        [
            0.03008097968995571,
            0.04997298866510391,
            0.0022227512672543526
        ],
        [
            0.023606128990650177,
            0.053437575697898865,
            0.003896798938512802
        ],
        [
            0.05704770237207413,
            0.057521749287843704,
            0.014115145429968834
        ],
        [
            0.06398190557956696,
            0.049099113792181015,
            0.010288255289196968
        ],
        [
            0.057767972350120544,
            0.0482291653752327,
            0.008205126971006393
        ],
        [
            0.04902192950248718,
            0.057255711406469345,
            0.010904266498982906
        ],
        [
            0.07686369121074677,
            0.0540800467133522,
            0.013322357088327408
        ],
        [
            0.06893354654312134,
            0.06159520894289017,
            0.01730288378894329
        ],
        [
            0.07723870128393173,
            0.06334740668535233,
            0.018583809956908226
        ],
        [
            0.08156704902648926,
            0.058319300413131714,
            0.014677878469228745
        ],
        [
            0.05258509889245033,
            0.07180727273225784,
            0.023275893181562424
        ],
        [
            0.04862644895911217,
            0.07368430495262146,
            0.024900687858462334
        ],
        [
            0.05222272872924805,
            0.07565520703792572,
            0.024664059281349182
        ],
        [
            0.0562429204583168,
            0.07256421446800232,
            0.023903150111436844
        ],
        [
            0.12453842908143997,
            0.005717858672142029,
            0.02258683554828167
        ],
        [
            0.12490079551935196,
            0.008038148283958435,
            0.013073191046714783
        ],
        [
            0.08931736648082733,
            0.05611420422792435,
            0.04374120011925697
        ],
        [
            0.0985931009054184,
            0.057331737130880356,
            0.0374654158949852
        ],
        [
            0.093377023935318,
            0.06882910430431366,
            0.0416182205080986
        ],
        [
            0.08426454663276672,
            0.06471362709999084,
            0.04849638789892197
        ],
        [
            0.10662788897752762,
            0.009900413453578949,
            0.03141609951853752
        ],
        [
            0.11327874660491943,
            0.005906641483306885,
            0.03043500706553459
        ],
        [
            0.006501330062747002,
            0.09443937242031097,
            0.01812158152461052
        ],
        [
            0.00792236253619194,
            0.0885443314909935,
            0.020067954435944557
        ],
        [
            0.0535636730492115,
            0.004049129784107208,
            -0.023951444774866104
        ],
        [
            0.038689929991960526,
            0.020094193518161774,
            -0.028603319078683853
        ],
        [
            0.06509382277727127,
            -0.0061283111572265625,
            -0.017054343596100807
        ],
        [
            0.07276170700788498,
            -0.01261986792087555,
            -0.010820964351296425
        ],
        [
            0.07875113189220428,
            -0.019123993813991547,
            -0.008207365870475769
        ],
        [
            0.03782704472541809,
            0.05909397825598717,
            0.008287652395665646
        ],
        [
            0.0552915558218956,
            0.045094043016433716,
            0.003801267594099045
        ],
        [
            0.07309883832931519,
            0.04193488135933876,
            0.006080310791730881
        ],
        [
            0.09894806146621704,
            0.057158004492521286,
            0.013112278655171394
        ],
        [
            0.10482999682426453,
            0.04969355836510658,
            0.008983947336673737
        ],
        [
            0.09459856897592545,
            0.049090780317783356,
            0.0057480186223983765
        ],
        [
            0.0914471298456192,
            0.05546584352850914,
            0.010574126616120338
        ],
        [
            0.10196363180875778,
            0.062089379876852036,
            0.02920873463153839
        ],
        [
            0.09843967854976654,
            0.06445609033107758,
            0.022290030494332314
        ],
        [
            0.09409800171852112,
            0.07019291818141937,
            0.02580762282013893
        ],
        [
            0.09688889980316162,
            0.07004860043525696,
            0.03323648124933243
        ],
        [
            0.026157665997743607,
            0.03287504240870476,
            -0.01473735086619854
        ],
        [
            0.031567297875881195,
            0.019732553511857986,
            -0.011494744569063187
        ],
        [
            0.11891767382621765,
            0.023249007761478424,
            0.009428132325410843
        ],
        [
            0.12051372230052948,
            0.016255520284175873,
            0.006394974887371063
        ],
        [
            0.1235821396112442,
            0.008368805050849915,
            0.005439255386590958
        ],
        [
            0.08869081735610962,
            0.029021162539720535,
            -0.005048863589763641
        ],
        [
            0.09654241800308228,
            0.019004985690116882,
            -0.010898953303694725
        ],
        [
            0.09279552102088928,
            0.018182504922151566,
            -0.013251852244138718
        ],
        [
            0.08581007272005081,
            0.027579188346862793,
            -0.00527166947722435
        ],
        [
            0.07083436101675034,
            0.03173905611038208,
            -0.010917093604803085
        ],
        [
            0.07816547900438309,
            0.02541772648692131,
            -0.02009054832160473
        ],
        [
            0.06127346679568291,
            0.03844273090362549,
            -0.013466332107782364
        ],
        [
            0.0973278358578682,
            0.004545480012893677,
            -0.013914868235588074
        ],
        [
            0.10742700099945068,
            0.0005515366792678833,
            -0.012090478092432022
        ],
        [
            0.10060231387615204,
            -0.0043114349246025085,
            -0.014984209090471268
        ],
        [
            0.11477360129356384,
            0.004381611943244934,
            -0.0068954043090343475
        ],
        [
            0.12064534425735474,
            0.007352784276008606,
            -0.0009067244827747345
        ],
        [
            0.11914148926734924,
            -0.00015547126531600952,
            0.031452883034944534
        ],
        [
            0.09355092793703079,
            -0.008658170700073242,
            -0.01605933904647827
        ],
        [
            0.04661666229367256,
            0.04453276842832565,
            -0.025975745171308517
        ],
        [
            0.04041226953268051,
            0.04863540828227997,
            -0.025634106248617172
        ],
        [
            0.04171127825975418,
            0.049077488481998444,
            -0.018109794706106186
        ],
        [
            0.046898629516363144,
            0.045459043234586716,
            -0.017655760049819946
        ],
        [
            0.01521294005215168,
            0.04880185052752495,
            0.013501535169780254
        ],
        [
            0.01843251660466194,
            0.051206886768341064,
            0.006585279013961554
        ],
        [
            0.02434718608856201,
            0.04509268328547478,
            0.003025464713573456
        ],
        [
            0.10031183809041977,
            0.034918300807476044,
            -0.003398258239030838
        ],
        [
            0.1111266016960144,
            0.03607819229364395,
            0.003088325262069702
        ],
        [
            0.029919032007455826,
            0.06296691298484802,
            0.008578041568398476
        ],
        [
            0.005206353962421417,
            0.08212597668170929,
            0.017892733216285706
        ],
        [
            0.004801531787961721,
            0.08125772327184677,
            0.011893246322870255
        ],
        [
            0.009438439272344112,
            0.06363760679960251,
            0.01360257901251316
        ],
        [
            0.009461939334869385,
            0.06523165851831436,
            0.020339757204055786
        ],
        [
            0.028374075889587402,
            0.06929975748062134,
            0.016387134790420532
        ],
        [
            0.028064873069524765,
            0.0662911981344223,
            0.010039599612355232
        ],
        [
            0.02755637839436531,
            0.06830906122922897,
            0.011432609520852566
        ],
        [
            0.029182594269514084,
            0.07239647209644318,
            0.016367532312870026
        ],
        [
            0.06153174862265587,
            0.07573531568050385,
            0.025858690962195396
        ],
        [
            0.06476757675409317,
            0.07317246496677399,
            0.02488194778561592
        ],
        [
            0.02975459396839142,
            0.056035831570625305,
            0.03429190814495087
        ],
        [
            0.02020169049501419,
            0.0471184141933918,
            0.03034219890832901
        ],
        [
            0.02769031561911106,
            0.03721252828836441,
            0.026532256975769997
        ],
        [
            0.06411442160606384,
            0.059061385691165924,
            0.015986735001206398
        ],
        [
            0.058541439473629,
            0.06671597808599472,
            0.019697828218340874
        ],
        [
            0.06235110014677048,
            0.06774134188890457,
            0.02089867740869522
        ],
        [
            0.03807748854160309,
            0.06264951825141907,
            0.011359530501067638
        ],
        [
            0.032512374222278595,
            0.06632932275533676,
            0.012971527874469757
        ],
        [
            0.036857087165117264,
            0.06627670675516129,
            0.015583757311105728
        ],
        [
            0.04303009808063507,
            0.06318166106939316,
            0.013680222444236279
        ],
        [
            0.10446161031723022,
            0.04609785974025726,
            0.03345590457320213
        ],
        [
            0.10844966024160385,
            0.052138373255729675,
            0.024183645844459534
        ],
        [
            0.007731665391474962,
            0.09095650911331177,
            0.004461625590920448
        ],
        [
            0.007741209585219622,
            0.08631613105535507,
            0.005608852952718735
        ],
        [
            0.07075735926628113,
            0.05080576241016388,
            0.01213441975414753
        ],
        [
            0.03782109171152115,
            0.027082666754722595,
            0.021323978900909424
        ],
        [
            0.07812845706939697,
            0.04370037466287613,
            0.00735977478325367
        ],
        [
            0.06712592393159866,
            0.0724952444434166,
            0.043421145528554916
        ],
        [
            0.07100874185562134,
            0.07734138518571854,
            0.0369073785841465
        ],
        [
            0.0690205842256546,
            0.07981300354003906,
            0.034944888204336166
        ],
        [
            0.06529049575328827,
            0.0792279988527298,
            0.03939497098326683
        ],
        [
            0.024572640657424927,
            0.08628185838460922,
            0.016399182379245758
        ],
        [
            0.023420482873916626,
            0.08574941754341125,
            0.010649556294083595
        ],
        [
            0.022570956498384476,
            0.08951300382614136,
            0.009824739769101143
        ],
        [
            0.02327858842909336,
            0.0905894935131073,
            0.015486078336834908
        ],
        [
            0.024752050638198853,
            0.06300213187932968,
            0.006485205143690109
        ],
        [
            0.020026125013828278,
            0.059067290276288986,
            0.005078061483800411
        ],
        [
            0.018610328435897827,
            0.06487202644348145,
            0.005781916901469231
        ],
        [
            0.023690328001976013,
            0.06719759106636047,
            0.008067041635513306
        ],
        [
            0.014860589057207108,
            0.05737154930830002,
            0.008291312493383884
        ],
        [
            0.013009458780288696,
            0.06329973042011261,
            0.008385292254388332
        ],
        [
            0.02154015377163887,
            0.0860527753829956,
            0.022063570097088814
        ],
        [
            0.014690671116113663,
            0.08485937118530273,
            0.024816779419779778
        ],
        [
            0.020028313621878624,
            0.07063306123018265,
            0.027638103812932968
        ],
        [
            0.025748901069164276,
            0.07409530878067017,
            0.02305416576564312
        ],
        [
            0.08404272049665451,
            0.023792147636413574,
            0.03530795872211456
        ],
        [
            0.0942603126168251,
            0.028130773454904556,
            0.035949062556028366
        ],
        [
            0.0869847983121872,
            0.04117616266012192,
            0.03948422521352768
        ],
        [
            0.07995519787073135,
            0.05425243452191353,
            0.04443124309182167
        ],
        [
            0.0724487379193306,
            0.06631755828857422,
            0.04748360812664032
        ],
        [
            0.06110573187470436,
            0.06186581030488014,
            0.048840783536434174
        ],
        [
            0.09500029683113098,
            0.04316943138837814,
            0.03881562128663063
        ],
        [
            0.029107749462127686,
            0.06639356911182404,
            0.024665672332048416
        ],
        [
            0.023655306547880173,
            0.06137770414352417,
            0.029378607869148254
        ],
        [
            0.0281179528683424,
            0.06350728869438171,
            0.029783885926008224
        ],
        [
            0.0845707356929779,
            0.04741215333342552,
            0.007997345179319382
        ],
        [
            0.007508208975195885,
            0.080935038626194,
            0.007430211175233126
        ],
        [
            0.07613345235586166,
            -0.013804107904434204,
            0.013228792697191238
        ],
        [
            0.08438102900981903,
            -0.009559325873851776,
            0.023004524409770966
        ],
        [
            0.07793615013360977,
            -0.003603532910346985,
            0.022802194580435753
        ],
        [
            0.06891745328903198,
            -0.007940463721752167,
            0.011018184944987297
        ],
        [
            0.01875072345137596,
            0.08374319970607758,
            0.005920883268117905
        ],
        [
            0.01293141208589077,
            0.0818154364824295,
            0.004387028981000185
        ],
        [
            0.07045537233352661,
            0.07625960558652878,
            0.025821849703788757
        ],
        [
            0.06676524877548218,
            0.0782749354839325,
            0.02693038061261177
        ],
        [
            0.06952525675296783,
            0.07951225340366364,
            0.02875431254506111
        ],
        [
            0.07383175194263458,
            0.07976970076560974,
            0.027168944478034973
        ],
        [
            0.1000581681728363,
            0.02939385175704956,
            0.03504983335733414
        ],
        [
            0.0908789336681366,
            0.07720038294792175,
            0.039378732442855835
        ],
        [
            0.0819840058684349,
            0.07343236356973648,
            0.04635928198695183
        ],
        [
            0.10012269020080566,
            0.01669231802225113,
            0.033005647361278534
        ],
        [
            0.091285839676857,
            0.012582391500473022,
            0.03302939608693123
        ],
        [
            0.09699120372533798,
            0.004773914813995361,
            0.03170544654130936
        ],
        [
            0.04721324145793915,
            0.06357692182064056,
            0.0433102622628212
        ],
        [
            0.07551243901252747,
            0.02255946770310402,
            0.03434981033205986
        ],
        [
            0.08395569026470184,
            0.01102031022310257,
            0.03149642422795296
        ],
        [
            0.09045664966106415,
            0.001626238226890564,
            0.029815131798386574
        ],
        [
            0.0955270528793335,
            -0.005002699792385101,
            0.029482783749699593
        ],
        [
            0.10221396386623383,
            -0.0008096769452095032,
            0.03140950947999954
        ],
        [
            0.00937848724424839,
            0.08370296657085419,
            0.022333424538373947
        ],
        [
            0.013692181557416916,
            0.09056875109672546,
            0.022925570607185364
        ],
        [
            0.10814747959375381,
            -0.007533237338066101,
            0.03267412632703781
        ],
        [
            0.10044650733470917,
            -0.011789917945861816,
            0.02980656549334526
        ],
        [
            0.07562392950057983,
            0.008631289005279541,
            0.02836446650326252
        ],
        [
            0.06601119041442871,
            0.005887441337108612,
            0.022957751527428627
        ],
        [
            0.06782394647598267,
            0.01996966451406479,
            0.031076310202479362
        ],
        [
            0.05753403902053833,
            0.018148154020309448,
            0.026288405060768127
        ],
        [
            0.0382116474211216,
            0.056708578020334244,
            0.04528922587633133
        ],
        [
            0.015341836027801037,
            0.10846355557441711,
            0.016850922256708145
        ],
        [
            0.017643438652157784,
            0.09775207191705704,
            0.020200883969664574
        ],
        [
            0.021379860118031502,
            0.09656289219856262,
            0.015897277742624283
        ],
        [
            0.019205866381525993,
            0.10768547654151917,
            0.01519048772752285
        ],
        [
            0.020229270681738853,
            0.09099694341421127,
            0.020475048571825027
        ],
        [
            0.012175820767879486,
            0.09656057506799698,
            0.021217944100499153
        ],
        [
            0.047179803252220154,
            0.015310034155845642,
            0.015938490629196167
        ],
        [
            0.03230763226747513,
            0.06878809630870819,
            0.017671028152108192
        ],
        [
            0.055875856429338455,
            0.002394162118434906,
            0.008018645457923412
        ],
        [
            0.03440466523170471,
            0.017608605325222015,
            0.004884817637503147
        ],
        [
            0.04121812433004379,
            0.009528066962957382,
            -0.003294575959444046
        ],
        [
            0.06394903361797333,
            -0.009676218032836914,
            -0.002108117565512657
        ],
        [
            0.051323335617780685,
            -0.0008453316986560822,
            -0.010702589526772499
        ],
        [
            0.07787127792835236,
            -0.02073199301958084,
            0.00287802517414093
        ],
        [
            0.07141703367233276,
            -0.014747753739356995,
            0.001906018704175949
        ],
        [
            0.03948121890425682,
            0.010484792292118073,
            -0.0179191492497921
        ],
        [
            0.01523960568010807,
