{
    "pred_cam": [
        6.640353679656982,
        -0.15837900340557098,
        -0.048273127526044846
    ],
    "pred_mano_params": {
        "global_orient": [
            [
                [
                    -0.6924900412559509,
                    -0.5777256488800049,
                    0.4320771396160126
                ],
                [
                    -0.20607712864875793,
                    -0.4155559241771698,
                    -0.8859151005744934
                ],
                [
                    0.691368043422699,
                    -0.7025285959243774,
                    0.1687122881412506
                ]
            ]
        ],
        "hand_pose": [
            [
                [
                    0.7914674878120422,
                    -0.5682792663574219,
                    -0.2250286340713501
                ],
                [
                    0.5361791849136353,
                    0.8222782015800476,
                    -0.19071029126644135
                ],
                [
                    0.29341286420822144,
                    0.030285319313406944,
                    0.9555059671401978
                ]
            ],
            [
                [
                    0.9635537266731262,
                    -0.23518487811088562,
                    0.12748470902442932
                ],
                [
                    0.2613958418369293,
                    0.9290724992752075,
                    -0.26171836256980896
                ],
                [
                    -0.0568903349339962,
                    0.28550365567207336,
                    0.9566876292228699
                ]
            ],
            [
                [
                    0.7964138984680176,
                    -0.5962234139442444,
                    0.10120570659637451
                ],
                [
                    0.5731201171875,
                    0.7975279092788696,
                    0.18836858868598938
                ],
                [
                    -0.19302411377429962,
                    -0.09201634675264359,
                    0.9768699407577515
                ]
            ],
            [
                [
                    0.7079280614852905,
                    -0.6863434314727783,
                    -0.16664470732212067
                ],
                [
                    0.6863284111022949,
                    0.7241938710212708,
                    -0.06705630570650101
                ],
                [
                    0.16670674085617065,
                    -0.06690195202827454,
                    0.9837341904640198
                ]
            ],
            [
                [
                    0.9945595860481262,
                    -0.07910922169685364,
                    -0.067770816385746
                ],
                [
                    0.09380768239498138,
                    0.9630391597747803,
                    0.2524987459182739
                ],
                [
                    0.045290976762771606,
                    -0.25748246908187866,
                    0.9652208685874939
                ]
            ],
            [
                [
                    0.8808233737945557,
                    -0.47287237644195557,
                    0.023282166570425034
                ],
                [
                    0.47318652272224426,
                    0.8809022903442383,
                    -0.01028265617787838
                ],
                [
                    -0.015646928921341896,
                    0.020074009895324707,
                    0.9996761679649353
                ]
            ],
            [
                [
                    0.7031154632568359,
                    -0.6729847192764282,
                    0.22960883378982544
                ],
                [
                    0.5784187912940979,
                    0.729121208190918,
                    0.3658059537410736
                ],
                [
                    -0.41359448432922363,
                    -0.1243937611579895,
                    0.901923418045044
                ]
            ],
            [
                [
                    0.9789811968803406,
                    -0.08697205036878586,
                    -0.18447701632976532
                ],
                [
                    0.07325085997581482,
                    0.9941040873527527,
                    -0.0799454003572464
                ],
                [
                    0.19034238159656525,
                    0.06475193798542023,
                    0.9795799851417542
                ]
            ],
            [
                [
                    0.9950755834579468,
                    -0.09130412340164185,
                    -0.03857573866844177
                ],
                [
                    0.09801220148801804,
                    0.8483965992927551,
                    0.520208477973938
                ],
                [
                    -0.01476966217160225,
                    -0.5214276313781738,
                    0.8531676530838013
                ]
            ],
            [
                [
                    0.707650899887085,
                    -0.7065086960792542,
                    0.008695749565958977
                ],
                [
                    0.7037845253944397,
                    0.7037254571914673,
                    -0.09725181758403778
                ],
                [
                    0.06258983165025711,
                    0.0749402791261673,
                    0.9952218532562256
                ]
            ],
            [
                [
                    0.9992738366127014,
                    0.023666981607675552,
                    0.029862508177757263
                ],
                [
                    -0.03353258967399597,
                    0.9184043407440186,
                    0.39421936869621277
                ],
                [
                    -0.01809587888419628,
                    -0.39493444561958313,
                    0.918531060218811
                ]
            ],
            [
                [
                    0.864513635635376,
                    -0.49760788679122925,
                    -0.07072892785072327
                ],
                [
                    0.501815140247345,
                    0.8466501832008362,
                    0.17710162699222565
                ],
                [
                    -0.02824450470507145,
                    -0.1885996162891388,
                    0.981647789478302
                ]
            ],
            [
                [
                    0.8450025320053101,
                    -0.22445690631866455,
                    -0.4853760004043579
                ],
                [
                    -0.35720059275627136,
                    0.43855899572372437,
                    -0.824665904045105
                ],
                [
                    0.3979679048061371,
                    0.8702213764190674,
                    0.29040732979774475
                ]
            ],
            [
                [
                    0.847232460975647,
                    -0.4655417501926422,
                    -0.2558673322200775
                ],
                [
                    0.5194823741912842,
                    0.625369668006897,
                    0.5822807550430298
                ],
                [
                    -0.11106432229280472,
                    -0.6262456774711609,
                    0.7716742157936096
                ]
            ],
            [
                [
                    0.861910343170166,
                    0.4910214841365814,
                    -0.12652496993541718
                ],
                [
                    -0.49486517906188965,
                    0.8689689636230469,
                    0.0012097994331270456
                ],
                [
                    0.11054030060768127,
                    0.061570052057504654,
                    0.9919627904891968
                ]
            ]
        ],
        "betas": [
            -0.06987735629081726,
            -0.1774252951145172,
            -0.07466864585876465,
            -0.042361944913864136,
            0.021257102489471436,
            -0.012148234993219376,
            0.0035611987113952637,
            -0.04096147418022156,
            0.003631502389907837,
            -0.03289604187011719
        ]
    },
    "pred_cam_t": [
        -0.15837900340557098,
        -0.048273127526044846,
        5.882593154907227
    ],
    "focal_length": [
        5000.0,
        5000.0
    ],
    "pred_keypoints_3d": [
        [
            0.0960957258939743,
            0.006420777644962072,
            0.006255560088902712
        ],
        [
            0.13294383883476257,
            -0.005075611639767885,
            0.0048721409402787685
        ],
        [
            0.15955816209316254,
            0.005999125074595213,
            -0.006222669500857592
        ],
        [
            0.17799314856529236,
            0.02268250472843647,
            -0.017268717288970947
        ],
        [
            0.19865837693214417,
            0.03385345637798309,
            -0.04569126293063164
        ],
        [
            0.16916915774345398,
            0.008542846888303757,
            -0.04769474267959595
        ],
        [
            0.19440366327762604,
            0.02712879702448845,
            -0.05847664549946785
        ],
        [
            0.21089205145835876,
            0.04200825095176697,
            -0.05624138563871384
        ],
        [
            0.2245173156261444,
            0.05595874786376953,
            -0.04086790233850479
        ],
        [
            0.16126057505607605,
            0.02968904934823513,
            -0.05891495198011398
        ],
        [
            0.18361681699752808,
            0.05213344097137451,
            -0.06237775459885597
        ],
        [
            0.19923914968967438,
            0.06929583847522736,
            -0.05922515317797661
        ],
        [
            0.21634584665298462,
            0.08548850566148758,
            -0.048488784581422806
        ],
        [
            0.14367222785949707,
            0.0487164631485939,
            -0.05224321037530899
        ],
        [
            0.16626471281051636,
            0.06662639230489731,
            -0.0556953027844429
        ],
        [
            0.18382149934768677,
            0.08424162119626999,
            -0.053573619574308395
        ],
        [
            0.2012159526348114,
            0.09979045391082764,
            -0.04291239753365517
        ],
        [
            0.13102780282497406,
            0.06321791559457779,
            -0.04189438372850418
        ],
        [
            0.1479463279247284,
            0.0760829970240593,
            -0.04283802583813667
        ],
        [
            0.161386638879776,
            0.08966398984193802,
            -0.04262920096516609
        ],
        [
            0.17757418751716614,
            0.10357453674077988,
            -0.03665100783109665
        ]
    ],
    "pred_vertices": [
        [
            0.14538785815238953,
            0.009733246639370918,
            -0.01372797042131424
        ],
        [
            0.13666394352912903,
            0.008812989108264446,
            -0.005185682326555252
        ],
        [
            0.14403873682022095,
            0.00996334571391344,
            -0.007681719958782196
        ],
        [
            0.15255406498908997,
            0.0077191805467009544,
            -0.014983810484409332
        ],
        [
            0.14095595479011536,
            0.011698201298713684,
            0.012308701872825623
        ],
        [
            0.14471107721328735,
            0.00261679757386446,
            0.019431758671998978
        ],
        [
            0.15871988236904144,
            0.008980050683021545,
            0.009758450090885162
        ],
        [
            0.1526748239994049,
            0.01682252064347267,
            0.006464917212724686
        ],
        [
            0.15727786719799042,
            0.006717351730912924,
            -0.01777227595448494
        ],
        [
            0.15082523226737976,
            0.011613985523581505,
            -0.009602103382349014
        ],
        [
            0.1565394401550293,
            0.006427060812711716,
            -0.020042628049850464
        ],
        [
            0.16055166721343994,
            -0.0032466561533510685,
            -0.03151717036962509
        ],
        [
            0.16224777698516846,
            0.0013830214738845825,
            -0.026820993050932884
        ],
        [
            0.16409079730510712,
            -0.004800092428922653,
            -0.03925730660557747
        ],
        [
            0.15270499885082245,
            -0.009840716607868671,
            -0.03311418741941452
        ],
        [
            0.15788640081882477,
            -0.0062148794531822205,
            -0.04606365039944649
        ],
        [
            0.13035345077514648,
            0.0006683021783828735,
            -0.0408950001001358
        ],
        [
            0.12186207622289658,
            0.011237658560276031,
            -0.04106958210468292
        ],
        [
            0.13315698504447937,
            0.016865553334355354,
            -0.05305539071559906
        ],
        [
            0.14117568731307983,
            0.005980738438665867,
            -0.05106037110090256
        ],
        [
            0.12022793292999268,
            0.03168737515807152,
            -0.045932576060295105
        ],
        [
            0.1278681755065918,
            0.023845650255680084,
            -0.05056701600551605
        ],
        [
            0.115841805934906,
            0.017792141065001488,
            -0.03952780365943909
        ],
        [
            0.10977444052696228,
            0.025196446105837822,
            -0.0357988178730011
        ],
        [
            0.13382409512996674,
            0.0183258019387722,
            -0.011723525822162628
        ],
        [
            0.12634392082691193,
            0.01647549867630005,
            -0.0032726749777793884
        ],
        [
            0.12935063242912292,
            0.01194001268595457,
            -0.004127562046051025
        ],
        [
            0.13724295794963837,
            0.01424109935760498,
            -0.012082356959581375
        ],
        [
            0.16120994091033936,
            0.007136484608054161,
            -0.018761202692985535
        ],
        [
            0.1548188328742981,
            -0.007053408771753311,
            -0.018784891813993454
        ],
        [
            0.15545038878917694,
            -0.0008256342262029648,
            -0.022023465484380722
        ],
        [
            0.1601172834634781,
            0.012378174811601639,
            -0.01723245158791542
        ],
        [
            0.10906842350959778,
            0.022615619003772736,
            0.01879965141415596
        ],
        [
            0.09832405298948288,
            0.015562457963824272,
            0.023101497441530228
        ],
        [
            0.10103653371334076,
            0.010224878787994385,
            0.023235462605953217
        ],
        [
            0.11005990952253342,
            0.017468318343162537,
            0.019045434892177582
        ],
        [
            0.12093105912208557,
            -0.002520035021007061,
            0.025876671075820923
        ],
        [
            0.10978813469409943,
            -0.006050383672118187,
            0.02529582753777504
        ],
        [
            0.10604599863290787,
            -0.01859886944293976,
            0.023486338555812836
        ],
        [
            0.11762212961912155,
            -0.01738876663148403,
            0.021357569843530655
        ],
        [
            0.13345284759998322,
            -5.782023072242737e-05,
            0.023890603333711624
        ],
        [
            0.13246828317642212,
            -0.013273864984512329,
            0.02220834046602249
        ],
        [
            0.14688816666603088,
            -0.00832819938659668,
            0.017770718783140182
        ],
        [
            0.16207362711429596,
            0.0007515959441661835,
            0.007481645792722702
        ],
        [
            0.09076318144798279,
            0.025676680728793144,
            0.020716924220323563
        ],
        [
            0.09774884581565857,
            0.03252989798784256,
            0.017635364085435867
        ],
        [
            0.2003200501203537,
            0.028257006779313087,
            -0.04822269082069397
        ],
        [
            0.19751518964767456,
            0.03342464566230774,
            -0.04859069734811783
        ],
        [
            0.19386056065559387,
            0.030028479173779488,
            -0.046952784061431885
        ],
        [
            0.1974107027053833,
            0.02549269050359726,
            -0.04731883481144905
        ],
        [
            0.08178570121526718,
            0.032378025352954865,
            0.003844205290079117
        ],
        [
            0.07749100029468536,
            0.027740569785237312,
            -0.004027482122182846
        ],
        [
            0.07302463054656982,
            0.026816703379154205,
            0.0016908757388591766
        ],
        [
            0.07767746597528458,
            0.029353100806474686,
            0.009465102106332779
        ],
        [
            0.08729884028434753,
            0.03631158173084259,
            -0.0035542771220207214
        ],
        [
            0.08426564931869507,
            0.02885102666914463,
            -0.011488229036331177
        ],
        [
            0.20321360230445862,
            0.02402874082326889,
            -0.05991985276341438
        ],
        [
            0.20406509935855865,
            0.02356775850057602,
            -0.05485227704048157
        ],
        [
            0.20021195709705353,
            0.020183183252811432,
            -0.05546611547470093
        ],
        [
            0.19814851880073547,
            0.02088817209005356,
            -0.06019631400704384
        ],
        [
            0.15997275710105896,
            0.005891361739486456,
            -0.022682907059788704
        ],
        [
            0.1535831093788147,
            0.01120578870177269,
            -0.02036479115486145
        ],
        [
            0.17083679139614105,
            0.01019283477216959,
            -0.035440996289253235
        ],
        [
            0.16351532936096191,
            0.011020136065781116,
            -0.03057153709232807
        ],
        [
            0.1656925082206726,
            0.004544678144156933,
            -0.030187372118234634
        ],
        [
            0.17128506302833557,
            0.004029671661555767,
            -0.03523194044828415
        ],
        [
            0.14668169617652893,
            0.02743365801870823,
            -0.028655312955379486
        ],
        [
            0.13905611634254456,
            0.02384016662836075,
            -0.02046860381960869
        ],
        [
            0.1436724066734314,
            0.019276700913906097,
            -0.021506112068891525
        ],
        [
            0.15343351662158966,
            0.02213703840970993,
            -0.0297836996614933
        ],
        [
            0.13188642263412476,
            0.03574708104133606,
            -0.017735101282596588
        ],
        [
            0.13967831432819366,
            0.03813197463750839,
            -0.026381365954875946
        ],
        [
            0.13467161357402802,
            0.04458366706967354,
            -0.023815952241420746
        ],
        [
            0.1305980384349823,
            0.04214097931981087,
            -0.017393723130226135
        ],
        [
            0.15381023287773132,
            0.038820378482341766,
            -0.041326478123664856
        ],
        [
            0.15752005577087402,
            0.03992157056927681,
            -0.04640856012701988
        ],
        [
            0.1569231003522873,
            0.043933164328336716,
            -0.04575415328145027
        ],
        [
            0.15156704187393188,
            0.04168127849698067,
            -0.04066011309623718
        ],
        [
            0.0681808590888977,
            0.025032561272382736,
            0.0065904781222343445
        ],
        [
            0.07397430390119553,
            0.0255605336278677,
            0.014506049454212189
        ],
        [
            0.10985428839921951,
            0.04852047190070152,
            -0.03663719445466995
        ],
        [
            0.10777072608470917,
            0.054228149354457855,
            -0.02725331112742424
        ],
        [
            0.11535878479480743,
            0.06119730696082115,
            -0.03522772341966629
        ],
        [
            0.11540623009204865,
            0.05321061611175537,
            -0.04377475380897522
        ],
        [
            0.07808452099561691,
            0.019650112837553024,
            -0.010510481894016266
        ],
        [
            0.07189144194126129,
            0.020069103688001633,
            -0.005679875612258911
        ],
        [
            0.20045621693134308,
            0.027681877836585045,
            -0.06407836079597473
        ],
        [
            0.19493550062179565,
            0.0247204527258873,
            -0.06340089440345764
        ],
        [
            0.14185282588005066,
            -0.019190911203622818,
            0.010376304388046265
        ],
        [
            0.16130928695201874,
            -0.007216591387987137,
            0.00208098441362381
        ],
        [
            0.12417736649513245,
            -0.023512039333581924,
            0.013210367411375046
        ],
        [
            0.11113579571247101,
            -0.024420440196990967,
            0.012969885021448135
        ],
        [
            0.1012163758277893,
            -0.025955159217119217,
            0.014842662960290909
        ],
        [
            0.16314083337783813,
            0.016940023750066757,
            -0.03349430859088898
        ],
        [
            0.14548540115356445,
            0.014659458771348,
            -0.018314804881811142
        ],
        [
            0.13091591000556946,
            0.022448740899562836,
            -0.011098567396402359
        ],
        [
            0.11925624310970306,
            0.05071118474006653,
            -0.007181733846664429
        ],
        [
            0.1130511686205864,
            0.047260697931051254,
            0.0006789229810237885
        ],
        [
            0.12099933624267578,
            0.04049781337380409,
            -0.0015807002782821655
        ],
        [
            0.12443079054355621,
            0.04470830410718918,
            -0.008484173566102982
        ],
        [
            0.11243720352649689,
            0.05882979929447174,
            -0.0197761170566082
        ],
        [
            0.1196458637714386,
            0.05788789689540863,
            -0.016453567892313004
        ],
        [
            0.12461848556995392,
            0.06103137880563736,
            -0.022986318916082382
        ],
        [
            0.11865422129631042,
            0.06327573955059052,
            -0.027058672159910202
        ],
        [
            0.16590340435504913,
            0.0018151570111513138,
            -0.017619598656892776
        ],
        [
            0.1556241512298584,
            -0.012071942910552025,
            -0.014351986348628998
        ],
        [
            0.0883253961801529,
            0.03397079184651375,
            0.012069374322891235
        ],
        [
            0.0847923532128334,
            0.028731495141983032,
            0.016710136085748672
        ],
        [
            0.07879014313220978,
            0.02386627346277237,
            0.0203452967107296
        ],
        [
            0.11866609752178192,
            0.018276147544384003,
            0.008777622133493423
        ],
        [
            0.11089543998241425,
            0.013842129148542881,
            0.019466686993837357
        ],
        [
            0.11396004259586334,
            0.010314641520380974,
            0.020000480115413666
        ],
        [
            0.11956988275051117,
            0.01473203580826521,
            0.008103638887405396
        ],
        [
            0.13063932955265045,
            0.010245474986732006,
            0.0052835457026958466
        ],
        [
            0.12874247133731842,
            0.008026009425520897,
            0.017896044999361038
        ],
        [
            0.13927671313285828,
            0.014622827991843224,
            0.001034524291753769
        ],
        [
            0.10375751554965973,
            0.0024496838450431824,
            0.024649925529956818
        ],
        [
            0.09368762373924255,
            0.005474802106618881,
            0.028649382293224335
        ],
        [
            0.09701129794120789,
            -0.002817794680595398,
            0.028597593307495117
        ],
        [
            0.08841398358345032,
            0.01360730454325676,
            0.027160413563251495
        ],
        [
            0.08327522873878479,
            0.020365392789244652,
            0.024490054696798325
        ],
        [
            0.06405600905418396,
            0.018608808517456055,
            -0.00260978564620018
        ],
        [
            0.10000447183847427,
            -0.01038401760160923,
            0.026952363550662994
        ],
        [
            0.16155961155891418,
            0.018459927290678024,
            0.0016826130449771881
        ],
        [
            0.16905535757541656,
            0.02079211361706257,
            -0.0026567690074443817
        ],
        [
            0.16347593069076538,
            0.022565236315131187,
            -0.007006097584962845
        ],
        [
            0.15632686018943787,
            0.02001488395035267,
            -0.004033271223306656
        ],
        [
            0.16970647871494293,
            -0.002864471171051264,
            -0.04642488807439804
        ],
        [
            0.17208462953567505,
            -1.8692342564463615e-05,
            -0.03943098336458206
        ],
        [
            0.16597843170166016,
            -0.0016477745957672596,
            -0.03279321640729904
        ],
        [
            0.11363011598587036,
            0.030786097049713135,
            0.011708464473485947
        ],
        [
            0.10392236709594727,
            0.038888875395059586,
            0.011276323348283768
        ],
        [
            0.17008982598781586,
            0.016000593081116676,
            -0.038614802062511444
        ],
        [
            0.1939329355955124,
            0.017940472811460495,
            -0.0610794872045517
        ],
        [
            0.19619494676589966,
            0.016775451600551605,
            -0.05576738715171814
        ],
        [
            0.18238554894924164,
            0.005372069776058197,
            -0.05119980499148369
        ],
        [
            0.18034562468528748,
            0.0069795818999409676,
            -0.05758783221244812
        ],
        [
            0.1712006777524948,
            0.02128872647881508,
            -0.047857411205768585
        ],
        [
            0.1722424179315567,
            0.01811975985765457,
            -0.04166540503501892
        ],
        [
            0.17315663397312164,
            0.0196446031332016,
            -0.04364320635795593
        ],
        [
            0.1723228096961975,
            0.02412671409547329,
            -0.0483732596039772
        ],
        [
            0.15032339096069336,
            0.0494263730943203,
            -0.042197152972221375
        ],
        [
            0.14588382840156555,
            0.047380659729242325,
            -0.03761881962418556
        ],
        [
            0.15369394421577454,
            0.013292216695845127,
            -0.058354638516902924
        ],
        [
            0.15730619430541992,
            0.0002230452373623848,
            -0.058251362293958664
        ],
        [
            0.14836406707763672,
            -0.0032002562656998634,
            -0.04970419779419899
        ],
        [
            0.14199130237102509,
            0.03304842486977577,
            -0.02710365504026413
        ],
        [
            0.14839568734169006,
            0.036913007497787476,
            -0.034424033015966415
        ],
        [
            0.14594502747058868,
            0.0402047261595726,
            -0.0339214913547039
        ],
        [
            0.1635664403438568,
            0.0205027237534523,
            -0.03675277531147003
        ],
        [
            0.16833581030368805,
            0.02077551931142807,
            -0.04193985089659691
        ],
        [
            0.16459912061691284,
            0.023728584870696068,
            -0.04142158851027489
        ],
        [
            0.1595284789800644,
            0.024095002561807632,
            -0.03620365262031555
        ],
        [
            0.09925780445337296,
            0.0479283332824707,
            -0.019341614097356796
        ],
        [
            0.10462062060832977,
            0.053682029247283936,
            -0.010744288563728333
        ],
        [
            0.20285719633102417,
            0.024903079494833946,
            -0.050533730536699295
        ],
        [
            0.19964826107025146,
            0.0218022670596838,
            -0.05054403841495514
        ],
        [
            0.13464534282684326,
            0.029396535828709602,
            -0.019078120589256287
        ],
        [
            0.13882547616958618,
            -0.006435170769691467,
            -0.03874281793832779
        ],
        [
            0.12794072926044464,
            0.02696920931339264,
            -0.010089684277772903
        ],
        [
            0.1324356645345688,
            0.048749469220638275,
            -0.05204033851623535
        ],
        [
            0.13595879077911377,
            0.05440187081694603,
            -0.04687509313225746
        ],
        [
            0.14087460935115814,
            0.055621735751628876,
            -0.04915112257003784
        ],
        [
            0.13975025713443756,
            0.05277892202138901,
            -0.05457569658756256
        ],
        [
            0.1836613118648529,
            0.03300715982913971,
            -0.05343669280409813
        ],
        [
            0.18655678629875183,
            0.031669363379478455,
            -0.04855884239077568
        ],
        [
            0.1903247982263565,
            0.03449253737926483,
            -0.04956303536891937
        ],
        [
            0.18818987905979156,
            0.03604535758495331,
            -0.05474383383989334
        ],
        [
            0.17427851259708405,
            0.013279733248054981,
            -0.038971707224845886
        ],
        [
            0.17613478004932404,
            0.007136057130992413,
            -0.03872393071651459
        ],
        [
            0.1799076795578003,
            0.011388774961233139,
            -0.041082512587308884
        ],
        [
            0.1766466200351715,
            0.016340918838977814,
            -0.04178610444068909
        ],
        [
            0.17736919224262238,
            0.0031497979070991278,
            -0.04319724068045616
        ],
        [
            0.18192993104457855,
            0.00695869792252779,
            -0.0450986810028553
        ],
        [
            0.18320894241333008,
            0.03125044330954552,
            -0.059648774564266205
        ],
        [
            0.18596869707107544,
            0.02619052864611149,
            -0.06442219763994217
        ],
        [
            0.17287206649780273,
            0.017898162826895714,
            -0.06135327368974686
        ],
        [
            0.17293614149093628,
            0.023819491267204285,
            -0.05594797432422638
        ],
        [
            0.09904026985168457,
            0.018570909276604652,
            -0.02726220153272152
        ],
        [
            0.09437745809555054,
            0.02802509255707264,
            -0.023551415652036667
        ],
        [
            0.10484631359577179,
            0.034882526844739914,
            -0.032089851796627045
        ],
        [
            0.11423499882221222,
            0.0418224036693573,
            -0.04138508439064026
        ],
        [
            0.12419204413890839,
            0.047527432441711426,
            -0.0493355467915535
        ],
        [
            0.1282559335231781,
            0.037360209971666336,
            -0.05526598542928696
        ],
        [
            0.10107415914535522,
            0.040920332074165344,
            -0.02802267298102379
        ],
        [
            0.16559620201587677,
            0.020994439721107483,
            -0.05398048460483551
        ],
        [
            0.16368189454078674,
            0.01297235582023859,
            -0.05880317464470863
        ],
        [
            0.1610381007194519,
            0.017817651852965355,
            -0.05774223059415817
        ],
        [
            0.12550058960914612,
            0.03376378118991852,
            -0.008153371512889862
        ],
        [
            0.1962006390094757,
            0.01800786331295967,
            -0.05064483731985092
        ],
        [
            0.0947004184126854,
            -0.01996157318353653,
            -0.005804598331451416
        ],
        [
            0.08623724430799484,
            -0.01017845794558525,
            -0.010827090591192245
        ],
        [
            0.09399189800024033,
            -0.009068461135029793,
            -0.014848724007606506
        ],
        [
            0.10444042086601257,
            -0.019693316891789436,
            -0.008495159447193146
        ],
        [
            0.19062036275863647,
            0.026976292952895164,
            -0.04557192325592041
        ],
        [
            0.1943148821592331,
            0.021899517625570297,
            -0.046027276664972305
        ],
        [
            0.14317439496517181,
            0.053316015750169754,
            -0.03725479915738106
        ],
        [
            0.14707587659358978,
            0.054111793637275696,
            -0.041946567595005035
        ],
        [
            0.14509020745754242,
            0.05688050389289856,
            -0.044151775538921356
        ],
        [
            0.1421891301870346,
            0.058632031083106995,
            -0.03873865306377411
        ],
        [
            0.0916830524802208,
            0.032177846878767014,
            -0.020207200199365616
        ],
        [
            0.12174825370311737,
            0.06594627350568771,
            -0.0379040390253067
        ],
        [
            0.121249258518219,
            0.05860954523086548,
            -0.04621530696749687
        ],
        [
            0.08543917536735535,
            0.021673882380127907,
            -0.016261793673038483
        ],
        [
            0.08898541331291199,
            0.013284120708703995,
            -0.01989954337477684
        ],
        [
            0.08149838447570801,
            0.010011851787567139,
            -0.01453283429145813
        ],
        [
            0.1413920670747757,
            0.030245281755924225,
            -0.059176474809646606
        ],
        [
            0.10446682572364807,
            0.012573996558785439,
            -0.03045586310327053
        ],
        [
            0.09374423325061798,
            0.00760316476225853,
            -0.021916277706623077
        ],
        [
            0.08499763160943985,
            0.0034219957888126373,
            -0.015624329447746277
        ],
        [
            0.07810601592063904,
            0.0009113103151321411,
            -0.011603739112615585
        ],
        [
            0.07504377514123917,
            0.008430853486061096,
            -0.010718252509832382
        ],
        [
            0.1900000423192978,
            0.021957527846097946,
            -0.06388039141893387
        ],
        [
            0.19113263487815857,
            0.030084634199738503,
            -0.06473230570554733
        ],
        [
            0.0666547417640686,
            0.006530836224555969,
            -0.007710915058851242
        ],
        [
            0.07083543390035629,
            -0.0017626360058784485,
            -0.008269809186458588
        ],
        [
            0.09947115182876587,
            0.0004282630980014801,
            -0.022948097437620163
        ],
        [
            0.10752725601196289,
            -0.008219055831432343,
            -0.02252541109919548
        ],
        [
            0.10973042249679565,
            0.005601139739155769,
            -0.030990106984972954
        ],
        [
            0.11813388764858246,
            -0.0024827979505062103,
            -0.03163440525531769
        ],
        [
            0.14240571856498718,
            0.019805626943707466,
            -0.06229272112250328
        ],
        [
            0.20460918545722961,
            0.04355335235595703,
            -0.0631134882569313
        ],
        [
            0.194671630859375,
            0.037787795066833496,
            -0.06275615841150284
        ],
        [
            0.19342930614948273,
            0.03920421749353409,
            -0.0572526641190052
        ],
        [
            0.20254667103290558,
            0.04537549614906311,
            -0.05981177091598511
        ],
        [
            0.1882888525724411,
            0.03456448018550873,
            -0.06049319729208946
        ],
        [
            0.19686275720596313,
            0.033153288066387177,
            -0.06536272168159485
        ],
        [
            0.12924842536449432,
            -0.011666800826787949,
            -0.027612926438450813
        ],
        [
            0.16842041909694672,
            0.024586616083979607,
            -0.04653510823845863
        ],
        [
            0.12136898934841156,
            -0.018636420369148254,
            -0.014477204531431198
        ],
        [
            0.14439480006694794,
            -0.015665395185351372,
            -0.02543342299759388
        ],
        [
            0.14089450240135193,
            -0.019659990444779396,
            -0.014005549252033234
        ],
        [
            0.11512928456068039,
            -0.025718241930007935,
            0.0005065873265266418
        ],
        [
            0.1339714080095291,
            -0.024578554555773735,
            -0.0007536932826042175
        ],
        [
            0.09503535181283951,
            -0.026150785386562347,
            0.005184497684240341
        ],
        [
            0.1039603129029274,
            -0.02513805963099003,
            0.0017138831317424774
        ],
        [
            0.15130741894245148,
