{
    "pred_cam": [
        10.466872215270996,
        0.12591390311717987,
        -0.04414181038737297
    ],
    "pred_mano_params": {
        "global_orient": [
            [
                [
                    -0.5320315957069397,
                    -0.136416956782341,
                    -0.8356630206108093
                ],
                [
                    -0.5256070494651794,
                    -0.7205551266670227,
                    0.45225822925567627
                ],
                [
                    -0.6638369560241699,
                    0.6798461079597473,
                    0.3116563856601715
                ]
            ]
        ],
        "hand_pose": [
            [
                [
                    0.5908186435699463,
                    -0.8041517734527588,
                    -0.06537032872438431
                ],
                [
                    0.8041518926620483,
                    0.593504786491394,
                    -0.0330422967672348
                ],
                [
                    0.06536862254142761,
                    -0.03304566815495491,
                    0.9973138570785522
                ]
            ],
            [
                [
                    0.3615783154964447,
                    -0.9078651070594788,
                    0.21223129332065582
                ],
                [
                    0.9207020401954651,
                    0.3118332326412201,
                    -0.23466543853282928
                ],
                [
                    0.14686378836631775,
                    0.280251681804657,
                    0.948625385761261
                ]
            ],
            [
                [
                    0.8373364806175232,
                    -0.5293179154396057,
                    0.13671207427978516
                ],
                [
                    0.5278193950653076,
                    0.8478829264640808,
                    0.050011832267045975
                ],
                [
                    -0.1423880010843277,
                    0.030282557010650635,
                    0.9893475770950317
                ]
            ],
            [
                [
                    0.48831525444984436,
                    -0.8516128063201904,
                    -0.19053541123867035
                ],
                [
                    0.872231662273407,
                    0.48319390416145325,
                    0.07573326677083969
                ],
                [
                    0.027570126578211784,
                    -0.2031727284193039,
                    0.9787545800209045
                ]
            ],
            [
                [
                    0.6109094619750977,
                    -0.7621546387672424,
                    -0.21426598727703094
                ],
                [
                    0.7916679978370667,
                    0.5905399322509766,
                    0.15660269558429718
                ],
                [
                    0.007177154533565044,
                    -0.2652975618839264,
                    0.9641398191452026
                ]
            ],
            [
                [
                    0.7882190942764282,
                    -0.615394651889801,
                    0.00041297590360045433
                ],
                [
                    0.6147851943969727,
                    0.7874680161476135,
                    0.043969493359327316
                ],
                [
                    -0.027383793145418167,
                    -0.03440370038151741,
                    0.9990328550338745
                ]
            ],
            [
                [
                    0.5444528460502625,
                    -0.8129029870033264,
                    0.20678462088108063
                ],
                [
                    0.7259027361869812,
                    0.5801589488983154,
                    0.36943313479423523
                ],
                [
                    -0.42028120160102844,
                    -0.05103339999914169,
                    0.9059576988220215
                ]
            ],
            [
                [
                    0.6256300210952759,
                    -0.76463383436203,
                    -0.15466800332069397
                ],
                [
                    0.5984411835670471,
                    0.343215674161911,
                    0.7239276170730591
                ],
                [
                    -0.5004550814628601,
                    -0.5454705357551575,
                    0.6723144054412842
                ]
            ],
            [
                [
                    0.8837417364120483,
                    -0.4662233591079712,
                    0.04045089706778526
                ],
                [
                    0.3761429190635681,
                    0.7590900659561157,
                    0.5313180088996887
                ],
                [
                    -0.27841871976852417,
                    -0.4543325901031494,
                    0.8462061882019043
                ]
            ],
            [
                [
                    0.6065665483474731,
                    -0.7927390933036804,
                    0.06034749373793602
                ],
                [
                    0.7943092584609985,
                    0.6075037121772766,
                    -0.0034713298082351685
                ],
                [
                    -0.03390946611762047,
                    0.05004016309976578,
                    0.9981713891029358
                ]
            ],
            [
                [
                    0.6448091268539429,
                    -0.7441175580024719,
                    -0.17467179894447327
                ],
                [
                    0.7090662717819214,
                    0.4970216453075409,
                    0.5001943707466125
                ],
                [
                    -0.2853877544403076,
                    -0.4463837742805481,
                    0.8481127619743347
                ]
            ],
            [
                [
                    0.7678989768028259,
                    -0.640534520149231,
                    -0.006837144028395414
                ],
                [
                    0.6164685487747192,
                    0.7360632419586182,
                    0.2796023190021515
                ],
                [
                    -0.1740623563528061,
                    -0.2189212143421173,
                    0.9600915908813477
                ]
            ],
            [
                [
                    0.9466560482978821,
                    0.28223326802253723,
                    0.15552093088626862
                ],
                [
                    -0.15323971211910248,
                    0.8188282251358032,
                    -0.5532069802284241
                ],
                [
                    -0.283478319644928,
                    0.49986472725868225,
                    0.8183980584144592
                ]
            ],
            [
                [
                    0.9893640279769897,
                    -0.14292992651462555,
                    0.027014080435037613
                ],
                [
                    0.09805268794298172,
                    0.7924924492835999,
                    0.6019479036331177
                ],
                [
                    -0.10744483023881912,
                    -0.5928968787193298,
                    0.798078179359436
                ]
            ],
            [
                [
                    0.7098369598388672,
                    -0.67967689037323,
                    -0.1848534792661667
                ],
                [
                    0.33720663189888,
                    0.5583252310752869,
                    -0.7580004334449768
                ],
                [
                    0.6184037327766418,
                    0.47572290897369385,
                    0.6255114674568176
                ]
            ]
        ],
        "betas": [
            -0.15718790888786316,
            -0.08812418580055237,
            0.01957911252975464,
            -0.007307320833206177,
            -0.013043880462646484,
            -0.001789335161447525,
            -0.0016866326332092285,
            0.038760170340538025,
            -0.008785173296928406,
            -0.017192214727401733
        ]
    },
    "pred_cam_t": [
        -0.12591390311717987,
        -0.04414181038737297,
        3.7320127487182617
    ],
    "focal_length": [
        5000.0,
        5000.0
    ],
    "pred_keypoints_3d": [
        [
            0.09638525545597076,
            0.006448470987379551,
            0.006243349518626928
        ],
        [
            0.08963154256343842,
            0.04227769002318382,
            0.019802890717983246
        ],
        [
            0.07725052535533905,
            0.06837821006774902,
            0.03114015981554985
        ],
        [
            0.06887509673833847,
            0.08992303162813187,
            0.04561155289411545
        ],
        [
            0.07961016148328781,
            0.12201668322086334,
            0.04209303855895996
        ],
        [
            0.12690570950508118,
            0.0662553459405899,
            0.06809397041797638
        ],
        [
            0.1423199325799942,
            0.09561223536729813,
            0.06678872555494308
        ],
        [
            0.1407732516527176,
            0.1000380665063858,
            0.04494874179363251
        ],
        [
            0.13248589634895325,
            0.09487995505332947,
            0.022055990993976593
        ],
        [
            0.15018250048160553,
            0.05610605701804161,
            0.06747293472290039
        ],
        [
            0.16787675023078918,
            0.08080035448074341,
            0.0575593039393425
        ],
        [
            0.16452762484550476,
            0.0895765870809555,
            0.03607293963432312
        ],
        [
            0.1512376070022583,
            0.09174051880836487,
            0.014276053756475449
        ],
        [
            0.16327214241027832,
            0.04040657728910446,
            0.04983250051736832
        ],
        [
            0.17983600497245789,
            0.06416629254817963,
            0.046816449612379074
        ],
        [
            0.17764858901500702,
            0.07605861127376556,
            0.02494187094271183
        ],
        [
            0.1637098491191864,
            0.08178135007619858,
            0.004635121673345566
        ],
        [
            0.17109830677509308,
            0.030346479266881943,
            0.031869471073150635
        ],
        [
            0.18331198394298553,
            0.04708751291036606,
            0.02689109370112419
        ],
        [
            0.17541928589344025,
            0.05524956434965134,
            0.01149794738739729
        ],
        [
            0.15882670879364014,
            0.05713904649019241,
            0.001213326584547758
        ]
    ],
    "pred_vertices": [
        [
            0.11094832420349121,
            0.05392329767346382,
            0.03350444883108139
        ],
        [
            0.10599001497030258,
            0.05125507712364197,
            0.025583233684301376
        ],
        [
            0.10160844027996063,
            0.06233187019824982,
            0.030091043561697006
        ],
        [
            0.10701503604650497,
            0.06345291435718536,
            0.037833284586668015
        ],
        [
            0.09248359501361847,
            0.05907398462295532,
            0.009976029396057129
        ],
        [
            0.08198551833629608,
            0.05630173161625862,
            0.005954176187515259
        ],
        [
            0.07879207283258438,
            0.06996232271194458,
            0.015244521200656891
        ],
        [
            0.0873548686504364,
            0.0723847895860672,
            0.017516203224658966
        ],
        [
            0.10190288722515106,
            0.07044856995344162,
            0.043449416756629944
        ],
        [
            0.09781314432621002,
            0.0708470344543457,
            0.03418289124965668
        ],
        [
            0.09463232010602951,
            0.07055644690990448,
            0.04797198623418808
        ],
        [
            0.10080579668283463,
            0.06550227850675583,
            0.05910366028547287
        ],
        [
            0.10619890689849854,
            0.06800723820924759,
            0.05279071256518364
        ],
        [
            0.1070195734500885,
            0.06487680971622467,
            0.06609578430652618
        ],
        [
            0.09563013911247253,
            0.05507833510637283,
            0.061045873910188675
        ],
        [
            0.10899053514003754,
            0.056856125593185425,
            0.07189792394638062
        ],
        [
            0.11362187564373016,
            0.02960570901632309,
            0.05799846351146698
        ],
        [
            0.12276681512594223,
            0.021292537450790405,
            0.051907360553741455
        ],
        [
            0.13429592549800873,
            0.02969582937657833,
            0.06302781403064728
        ],
        [
            0.12403307110071182,
            0.0381675586104393,
            0.06749372184276581
        ],
        [
            0.14370884001255035,
            0.01861077919602394,
            0.04736451804637909
        ],
        [
            0.13910126686096191,
            0.025091737508773804,
            0.056464750319719315
        ],
        [
            0.12762627005577087,
            0.0157381072640419,
            0.04644079506397247
        ],
        [
            0.13234391808509827,
            0.010595735162496567,
            0.038731202483177185
        ],
        [
            0.11823344230651855,
            0.040045879781246185,
            0.02490786835551262
        ],
        [
            0.113603375852108,
            0.03531573712825775,
            0.016929402947425842
        ],
        [
            0.11083608120679855,
            0.0401429608464241,
            0.020788181573152542
        ],
        [
            0.11505524814128876,
            0.04424169287085533,
            0.02789561077952385
        ],
        [
            0.07947289198637009,
            0.06939569115638733,
            0.04673755168914795
        ],
        [
            0.0817578136920929,
            0.059735946357250214,
            0.04745879024267197
        ],
        [
            0.08828162401914597,
            0.06418130546808243,
            0.05059937387704849
        ],
        [
            0.08317568898200989,
            0.07343168556690216,
            0.04582890868186951
        ],
        [
            0.10736821591854095,
            0.022160746157169342,
            -0.009084321558475494
        ],
        [
            0.09807180613279343,
            0.01259346678853035,
            -0.012163706123828888
        ],
        [
            0.0935990959405899,
            0.015311863273382187,
            -0.009458392858505249
        ],
        [
            0.10335449874401093,
            0.023203115910291672,
            -0.006738975644111633
        ],
        [
            0.08196983486413956,
            0.0331682413816452,
            -0.0012479275465011597
        ],
        [
            0.07913843542337418,
            0.02277015894651413,
            -0.0021930187940597534
        ],
        [
            0.06695707142353058,
            0.017967864871025085,
            0.003844141960144043
        ],
        [
            0.06904175877571106,
            0.02652784436941147,
            0.0079488605260849
        ],
        [
            0.08276433497667313,
            0.04493815824389458,
            0.0016396939754486084
        ],
        [
            0.07111629843711853,
            0.03909023106098175,
            0.007545635104179382
        ],
        [
            0.07278585433959961,
            0.0505167655646801,
            0.009950004518032074
        ],
        [
            0.07187485694885254,
            0.06354022026062012,
            0.01814548671245575
        ],
        [
            0.10759872198104858,
            0.004599571228027344,
            -0.015898998826742172
        ],
        [
            0.1157841831445694,
            0.010753192007541656,
            -0.014665912836790085
        ],
        [
            0.13102702796459198,
            0.09124044328927994,
            0.05734618753194809
        ],
        [
            0.13589619100093842,
            0.0881609097123146,
            0.0547003373503685
        ],
        [
            0.1346990168094635,
            0.08736849576234818,
            0.0555284209549427
        ],
        [
            0.13050076365470886,
            0.0904078409075737,
            0.05829555541276932
        ],
        [
            0.11991843581199646,
            -0.008052587509155273,
            -0.005583673715591431
        ],
        [
            0.1185302734375,
            -0.014052443206310272,
            0.0025356970727443695
        ],
        [
            0.11491709202528,
            -0.017172031104564667,
            -0.0030680708587169647
        ],
        [
            0.11446060240268707,
            -0.010827973484992981,
            -0.010145846754312515
        ],
        [
            0.12707701325416565,
            -0.004314694553613663,
            0.00045209378004074097
        ],
        [
            0.1232314258813858,
            -0.009038176387548447,
            0.010092314332723618
        ],
        [
            0.13593576848506927,
            0.10064813494682312,
            0.06492030620574951
        ],
        [
            0.1315804421901703,
            0.09869420528411865,
            0.062341589480638504
        ],
        [
            0.13161778450012207,
            0.09662916511297226,
            0.06624272465705872
        ],
        [
            0.13621018826961517,
            0.0971011072397232,
            0.0694638043642044
        ],
        [
            0.11142472922801971,
            0.06512679159641266,
            0.04587096348404884
        ],
        [
            0.1161579042673111,
            0.05834098160266876,
            0.03990389406681061
        ],
        [
            0.1229596957564354,
            0.06906051933765411,
            0.05634017288684845
        ],
        [
            0.1214665025472641,
            0.06442625820636749,
            0.05081181973218918
        ],
        [
            0.1150735467672348,
            0.06686536967754364,
            0.05378662794828415
        ],
        [
            0.1170860230922699,
            0.06989934295415878,
            0.0588635578751564
        ],
        [
            0.1343342512845993,
            0.048342544585466385,
            0.03860975801944733
        ],
        [
            0.12706413865089417,
            0.04278000444173813,
            0.03128773719072342
        ],
        [
            0.12375076115131378,
            0.047256432473659515,
            0.035166434943675995
        ],
        [
            0.13052824139595032,
            0.05468394234776497,
            0.04322033375501633
        ],
        [
            0.1361808329820633,
            0.03627900406718254,
            0.022338904440402985
        ],
        [
            0.14253638684749603,
            0.0419195294380188,
            0.030613966286182404
        ],
        [
            0.1469297707080841,
            0.037470631301403046,
            0.02458598092198372
        ],
        [
            0.14175879955291748,
            0.035038210451602936,
            0.019067570567131042
        ],
        [
            0.15029264986515045,
            0.05237697437405586,
            0.04638923332095146
        ],
        [
            0.15282224118709564,
            0.05495890974998474,
            0.05053330585360527
        ],
        [
            0.15639515221118927,
            0.05496874451637268,
            0.04795367270708084
        ],
        [
            0.15237140655517578,
            0.05049210041761398,
            0.04389473795890808
        ],
        [
            0.11082158982753754,
            -0.02080082893371582,
            -0.007700756192207336
        ],
        [
            0.10858240723609924,
            -0.013313472270965576,
            -0.013842441141605377
        ],
        [
            0.1545153558254242,
            0.010082781314849854,
            0.029852312058210373
        ],
        [
            0.15548786520957947,
            0.010075952857732773,
            0.018493209034204483
        ],
        [
            0.16631004214286804,
            0.015602009370923042,
            0.024552175775170326
        ],
        [
            0.16273540258407593,
            0.013795308768749237,
            0.03595217317342758
        ],
        [
            0.11386159807443619,
            -0.014950219541788101,
            0.011889319866895676
        ],
        [
            0.11168797314167023,
            -0.019976671785116196,
            0.006163641810417175
        ],
        [
            0.1425446718931198,
            0.10002398490905762,
            0.06589892506599426
        ],
        [
            0.14273855090141296,
            0.09633778035640717,
            0.07007384300231934
        ],
        [
            0.068585604429245,
            0.041038211435079575,
            0.01970696449279785
        ],
        [
            0.0686454251408577,
            0.05747289955615997,
            0.02477269619703293
        ],
        [
            0.06778638064861298,
            0.027681030333042145,
            0.017358366400003433
        ],
        [
            0.06712886691093445,
            0.017971280962228775,
            0.015835512429475784
        ],
        [
            0.06381672620773315,
            0.010862641036510468,
            0.013066105544567108
        ],
        [
            0.1282612383365631,
            0.06299033761024475,
            0.050695762038230896
        ],
        [
            0.11829405277967453,
            0.05033145844936371,
            0.03479980304837227
        ],
        [
            0.12132644653320312,
            0.037016384303569794,
            0.02190978080034256
        ],
        [
            0.14451152086257935,
            0.02615313231945038,
            0.0040695928037166595
        ],
        [
            0.13760852813720703,
            0.02188754454255104,
            -0.0027286820113658905
        ],
        [
            0.13299576938152313,
            0.029259996488690376,
            0.003732401877641678
        ],
        [
            0.13995419442653656,
            0.031022457405924797,
            0.008781008422374725
        ],
        [
            0.15689601004123688,
            0.01628539152443409,
            0.010733220726251602
        ],
        [
            0.15504610538482666,
            0.024149682372808456,
            0.009496763348579407
        ],
        [
            0.16107243299484253,
            0.027165688574314117,
            0.01501002162694931
        ],
        [
            0.16474846005439758,
            0.0203726664185524,
            0.016869299113750458
        ],
        [
            0.07234791666269302,
            0.06738611310720444,
            0.04474303126335144
        ],
        [
            0.0757107138633728,
            0.05679308995604515,
            0.04332191124558449
        ],
        [
            0.11856022477149963,
            0.00023347139358520508,
            -0.012240830808877945
        ],
        [
            0.11152289062738419,
            -0.0021863244473934174,
            -0.014847442507743835
        ],
        [
            0.10503602772951126,
            -0.00722493976354599,
            -0.017338939011096954
        ],
        [
            0.10998392105102539,
            0.02998846024274826,
            0.0038925111293792725
        ],
        [
            0.10065098106861115,
            0.024114225059747696,
            -0.005224965512752533
        ],
        [
            0.09828600287437439,
            0.027444157749414444,
            -0.003230869770050049
        ],
        [
            0.10853377729654312,
            0.031565167009830475,
            0.00658021867275238
        ],
        [
            0.10296951234340668,
            0.04919799789786339,
            0.01506005972623825
        ],
        [
            0.09591919928789139,
            0.04441498965024948,
            0.0038497447967529297
        ],
        [
            0.09902361035346985,
            0.06203243136405945,
            0.02015724778175354
        ],
        [
            0.0865563452243805,
            0.01801249012351036,
            -0.006852269172668457
        ],
        [
            0.08617611974477768,
            0.009441990405321121,
            -0.013996675610542297
        ],
        [
            0.0789126455783844,
            0.012515515089035034,
            -0.009785376489162445
        ],
        [
            0.09374105930328369,
            0.003871079534292221,
            -0.017141327261924744
        ],
        [
            0.10052758455276489,
            -0.001869790256023407,
            -0.01863570511341095
        ],
        [
            0.10836206376552582,
            -0.02695333957672119,
            0.002392880618572235
        ],
        [
            0.0727798193693161,
            0.01460501179099083,
            -0.0042637065052986145
        ],
        [
            0.0827288031578064,
            0.07837523519992828,
            0.02407587692141533
        ],
        [
            0.07784483581781387,
            0.08264030516147614,
            0.029081176966428757
        ],
        [
            0.08358718454837799,
            0.08182290196418762,
            0.034525055438280106
        ],
        [
            0.08817656338214874,
            0.07785904407501221,
            0.03054099902510643
        ],
        [
            0.11392848193645477,
            0.06776805222034454,
            0.07146066427230835
        ],
        [
            0.11415721476078033,
            0.07064907997846603,
            0.06432179361581802
        ],
        [
            0.10857415199279785,
            0.06772902607917786,
            0.05917835980653763
        ],
        [
            0.1180068626999855,
            0.02503373846411705,
            -0.005424167960882187
        ],
        [
            0.12476648390293121,
            0.0153699591755867,
            -0.01047813892364502
        ],
        [
            0.129314124584198,
            0.06809931248426437,
            0.05614073947072029
        ],
        [
            0.1351088434457779,
            0.09339113533496857,
            0.07248733937740326
        ],
        [
            0.1298840343952179,
            0.09364780783653259,
            0.06911206990480423
        ],
        [
            0.1216171458363533,
            0.07825350761413574,
            0.07184024155139923
        ],
        [
            0.12716811895370483,
            0.07733415812253952,
            0.07638739794492722
        ],
        [
            0.1371079683303833,
            0.06904662400484085,
            0.06084389612078667
        ],
        [
            0.1308915913105011,
            0.07003270089626312,
            0.05699970945715904
        ],
        [
            0.13213077187538147,
            0.07092562317848206,
            0.05728362500667572
        ],
        [
            0.13879868388175964,
            0.07110017538070679,
            0.05884203687310219
        ],
        [
            0.1597074568271637,
            0.0492561049759388,
            0.04126017540693283
        ],
        [
            0.15587520599365234,
            0.045605603605508804,
            0.03752279281616211
        ],
        [
            0.13531985878944397,
            0.04912947118282318,
            0.07305105775594711
        ],
        [
            0.12354660034179688,
            0.05330406501889229,
            0.07977652549743652
        ],
        [
            0.1141371876001358,
            0.04598762467503548,
            0.07204429805278778
        ],
        [
            0.13840816915035248,
            0.04408029466867447,
            0.03389027714729309
        ],
        [
            0.1454145461320877,
            0.04866350069642067,
            0.04003774747252464
        ],
        [
            0.14797508716583252,
            0.046383246779441833,
            0.03762733191251755
        ],
        [
            0.13279470801353455,
            0.06280069053173065,
            0.05198314040899277
        ],
        [
            0.13522407412528992,
            0.06640677154064178,
            0.056808385998010635
        ],
        [
            0.1374945342540741,
            0.06282002478837967,
            0.05491051450371742
        ],
        [
            0.13540202379226685,
            0.059154212474823,
            0.049232155084609985
        ],
        [
            0.14546573162078857,
            0.0037027299404144287,
            0.012190308421850204
        ],
        [
            0.14758837223052979,
            0.010929111391305923,
            0.0030983872711658478
        ],
        [
            0.12969361245632172,
            0.09515367448329926,
            0.05985525995492935
        ],
        [
            0.129330575466156,
            0.09398986399173737,
            0.06215488910675049
        ],
        [
            0.1311800330877304,
            0.038732483983039856,
            0.026783280074596405
        ],
        [
            0.10571100562810898,
            0.03852201625704765,
            0.060936227440834045
        ],
        [
            0.12473760545253754,
            0.03425992280244827,
            0.018458005040884018
        ],
        [
            0.16326473653316498,
            0.029945332556962967,
            0.047566190361976624
        ],
        [
            0.16691704094409943,
            0.034912608563899994,
            0.04087359830737114
        ],
        [
            0.16874513030052185,
            0.03935234248638153,
            0.04247058555483818
        ],
        [
            0.1683024913072586,
            0.03733526170253754,
            0.048354122787714005
        ],
        [
            0.14522506296634674,
            0.08266621828079224,
            0.05754588544368744
        ],
        [
            0.1401837021112442,
            0.08433008193969727,
            0.05438832566142082
        ],
        [
            0.14072878658771515,
            0.08512061834335327,
            0.05509151145815849
        ],
        [
            0.14649410545825958,
            0.08520076423883438,
            0.05748630315065384
        ],
        [
            0.12503686547279358,
            0.07129175961017609,
            0.057140398770570755
        ],
        [
            0.1197533905506134,
            0.0728631466627121,
            0.06011807173490524
        ],
        [
            0.12210321426391602,
            0.0759369432926178,
            0.05956261232495308
        ],
        [
            0.12745770812034607,
            0.07356739044189453,
            0.05738183110952377
        ],
        [
            0.1173502504825592,
            0.07352258265018463,
            0.06593204289674759
        ],
        [
            0.1197955533862114,
            0.07739455997943878,
            0.06565122306346893
        ],
        [
            0.14836739003658295,
            0.08387935161590576,
            0.06330514699220657
        ],
        [
            0.14683468639850616,
            0.08828724175691605,
            0.0697694718837738
        ],
        [
            0.14067308604717255,
            0.07217945158481598,
            0.0728558674454689
        ],
        [
            0.1429358869791031,
            0.07231184095144272,
            0.0652763620018959
        ],
        [
            0.1217203140258789,
            0.001895606517791748,
            0.031628213822841644
        ],
        [
            0.1284167468547821,
            -0.0018475018441677094,
            0.02335362508893013
        ],
        [
            0.1392768770456314,
            0.006503276526927948,
            0.030329151079058647
        ],
        [
            0.15065710246562958,
            0.013621248304843903,
            0.03786073625087738
        ],
        [
            0.1603744626045227,
            0.02170872874557972,
            0.044851478189229965
        ],
        [
            0.15375211834907532,
            0.024571070447564125,
            0.0550338439643383
        ],
        [
            0.1428176313638687,
            0.003624372184276581,
            0.02331669256091118
        ],
        [
            0.1397148072719574,
            0.06121572107076645,
            0.06681586056947708
        ],
        [
            0.13609568774700165,
            0.06053421273827553,
            0.074028879404068
        ],
        [
            0.13906268775463104,
            0.056345079094171524,
            0.07112013548612595
        ],
        [
            0.129921555519104,
            0.03226609528064728,
            0.013340041041374207
        ],
        [
            0.12757766246795654,
            0.0924082025885582,
            0.0641172006726265
        ],
        [
            0.07745359092950821,
            0.0012984499335289001,
            0.0274963416159153
        ],
        [
            0.08745741844177246,
            -0.007250487804412842,
            0.026386220008134842
        ],
        [
            0.09094426035881042,
            -0.000636659562587738,
            0.03110624849796295
        ],
        [
            0.079998679459095,
            0.009290851652622223,
            0.03154100477695465
        ],
        [
            0.1334942877292633,
            0.0874391421675682,
            0.05454827472567558
        ],
        [
            0.12851467728614807,
            0.08990605920553207,
            0.05825980007648468
        ],
        [
            0.1610615849494934,
            0.04314986988902092,
            0.03396187722682953
        ],
        [
            0.16388271749019623,
            0.046396393328905106,
            0.03823019564151764
        ],
        [
            0.16723433136940002,
            0.044224727898836136,
            0.038431860506534576
        ],
        [
            0.16689179837703705,
            0.04226507246494293,
            0.03265362232923508
        ],
        [
            0.13060054183006287,
            -0.0037271976470947266,
            0.01800333335995674
        ],
        [
            0.17283262312412262,
            0.022151533514261246,
            0.025868916884064674
        ],
        [
            0.1696021556854248,
            0.020093554630875587,
            0.03673485293984413
        ],
        [
            0.118751659989357,
            -0.008975367993116379,
            0.017657797783613205
        ],
        [
            0.11290138214826584,
            -0.006323505192995071,
            0.02517937868833542
        ],
        [
            0.10702227056026459,
            -0.012532666325569153,
            0.02027033269405365
        ],
        [
            0.1498592495918274,
            0.036724645644426346,
            0.06369790434837341
        ],
        [
            0.1180303543806076,
            0.006532385945320129,
            0.0381450429558754
        ],
        [
            0.10894761979579926,
            -0.002101559191942215,
            0.03036436438560486
        ],
        [
            0.10173454880714417,
            -0.009321831166744232,
            0.024723365902900696
        ],
        [
            0.09717820584774017,
            -0.015254803001880646,
            0.02080640196800232
        ],
        [
            0.10342724621295929,
            -0.018085844814777374,
            0.01625187322497368
        ],
        [
            0.1414545625448227,
            0.09136860072612762,
            0.0723428800702095
        ],
        [
            0.14904777705669403,
            0.093315489590168,
            0.06714174896478653
        ],
        [
            0.09968538582324982,
            -0.025644097477197647,
            0.01260041818022728
        ],
        [
            0.09270414710044861,
            -0.021681010723114014,
            0.01744326576590538
        ],
        [
            0.10332832485437393,
            0.003236103802919388,
            0.035499684512615204
        ],
        [
            0.0962936282157898,
            0.010543480515480042,
            0.04026061296463013
        ],
        [
            0.11232230067253113,
            0.011579308658838272,
            0.04264666512608528
        ],
        [
            0.1059814915060997,
            0.019454821944236755,
            0.04833051562309265
        ],
        [
            0.14229793846607208,
            0.03692008927464485,
            0.07215414941310883
        ],
        [
            0.1494029015302658,
            0.09927492588758469,
            0.04933479055762291
        ],
        [
            0.15061654150485992,
            0.09287962317466736,
            0.058471642434597015
        ],
        [
            0.14770755171775818,
            0.08840963244438171,
            0.05570115149021149
        ],
        [
            0.14903707802295685,
            0.09518544375896454,
            0.047841548919677734
        ],
        [
            0.14969098567962646,
            0.08790471404790878,
            0.0616324245929718
        ],
        [
            0.14896641671657562,
            0.09689255803823471,
            0.06263791024684906
        ],
        [
            0.09597350656986237,
            0.03036576136946678,
            0.05066860467195511
        ],
        [
            0.13972139358520508,
            0.06532394140958786,
            0.059369347989559174
        ],
        [
            0.08427657186985016,
            0.023049790412187576,
            0.03946058079600334
        ],
        [
            0.08707238733768463,
            0.04582667350769043,
            0.053657349199056625
        ],
        [
            0.07879506051540375,
            0.04128914698958397,
            0.043105218559503555
        ],
        [
            0.07170534878969193,
            0.017891373485326767,
            0.02767496556043625
        ],
        [
            0.07060100883245468,
            0.03288167715072632,
            0.031074143946170807
        ],
        [
            0.06718988716602325,
            0.0035079792141914368,
            0.020416665822267532
        ],
        [
            0.07069668173789978,
            0.009921468794345856,
            0.0246371291577816
        ],
        [
            0.07003939151763916,
            0.047672025859355927,
            0.03274601697921753
        ],
        [
            0.1334158033132553,
            0.09288455545902252,
            0.04911847785115242
        ],
        [
            0.13898155093193054,
            0.0901573970913887,
            0.04786029830574989
        ],
        [
            0.0735790878534317,
