{
    "pred_cam": [
        8.167218208312988,
        0.05500779300928116,
        -0.04989613592624664
    ],
    "pred_mano_params": {
        "global_orient": [
            [
                [
                    0.6296865344047546,
                    -0.17036601901054382,
                    -0.7579381465911865
                ],
                [
                    -0.7076507806777954,
                    -0.5283223390579224,
                    -0.46915438771247864
                ],
                [
                    -0.320507675409317,
                    0.8317757844924927,
                    -0.4532371163368225
                ]
            ]
        ],
        "hand_pose": [
            [
                [
                    0.7796885967254639,
                    -0.5511509776115417,
                    -0.29718390107154846
                ],
                [
                    0.5584933757781982,
                    0.8267202973365784,
                    -0.06796050071716309
                ],
                [
                    0.283144474029541,
                    -0.1129872277379036,
                    0.9523985981941223
                ]
            ],
            [
                [
                    0.930682897567749,
                    -0.36575862765312195,
                    0.007070173509418964
                ],
                [
                    0.35131752490997314,
                    0.8882142305374146,
                    -0.29605981707572937
                ],
                [
                    0.10200659185647964,
                    0.2780216634273529,
                    0.9551432132720947
                ]
            ],
            [
                [
                    0.9187175631523132,
                    -0.37422603368759155,
                    0.12614643573760986
                ],
                [
                    0.3809486925601959,
                    0.9239962697029114,
                    -0.03330045938491821
                ],
                [
                    -0.10409694164991379,
                    0.07864902913570404,
                    0.9914525151252747
                ]
            ],
            [
                [
                    0.34292376041412354,
                    -0.9009580612182617,
                    -0.2658534646034241
                ],
                [
                    0.9387344717979431,
                    0.33903709053993225,
                    0.06189928203821182
                ],
                [
                    0.034365538507699966,
                    -0.27079251408576965,
                    0.9620242714881897
                ]
            ],
            [
                [
                    0.9832975268363953,
                    -0.08095346391201019,
                    -0.16301076114177704
                ],
                [
                    0.11277557909488678,
                    0.9739801287651062,
                    0.19658172130584717
                ],
                [
                    0.14285528659820557,
                    -0.21168196201324463,
                    0.9668418169021606
                ]
            ],
            [
                [
                    0.947064995765686,
                    -0.24398672580718994,
                    0.2086583524942398
                ],
                [
                    0.25329384207725525,
                    0.9672088027000427,
                    -0.018689142540097237
                ],
                [
                    -0.19725629687309265,
                    0.07055171579122543,
                    0.9778099060058594
                ]
            ],
            [
                [
                    0.40627625584602356,
                    -0.9021364450454712,
                    0.1452222764492035
                ],
                [
                    0.7555783987045288,
                    0.4210536479949951,
                    0.5018119215965271
                ],
                [
                    -0.513849139213562,
                    -0.09414743632078171,
                    0.8526988625526428
                ]
            ],
            [
                [
                    0.9777073860168457,
                    -0.16220764815807343,
                    -0.13333016633987427
                ],
                [
                    0.17986081540584564,
                    0.974633514881134,
                    0.13318994641304016
                ],
                [
                    0.10834363102912903,
                    -0.1542016714811325,
                    0.9820811748504639
                ]
            ],
            [
                [
                    0.988273561000824,
                    0.023515334352850914,
                    0.15087203681468964
                ],
                [
                    -0.07863134145736694,
                    0.9253628253936768,
                    0.37083786725997925
                ],
                [
                    -0.13089101016521454,
                    -0.378352552652359,
                    0.9163606762886047
                ]
            ],
            [
                [
                    0.26945802569389343,
                    -0.9619951248168945,
                    0.04424670711159706
                ],
                [
                    0.9440410733222961,
                    0.2729458212852478,
                    0.18516753613948822
                ],
                [
                    -0.19020721316337585,
                    -0.008124176412820816,
                    0.9817103147506714
                ]
            ],
            [
                [
                    0.9886340498924255,
                    -0.04610350355505943,
                    -0.14309854805469513
                ],
                [
                    0.08701188862323761,
                    0.951671302318573,
                    0.2945348620414734
                ],
                [
                    0.12260366231203079,
                    -0.3036384582519531,
                    0.9448661804199219
                ]
            ],
            [
                [
                    0.9237405061721802,
                    -0.28328463435173035,
                    0.25778552889823914
                ],
                [
                    0.24668799340724945,
                    0.9548825025558472,
                    0.16536179184913635
                ],
                [
                    -0.2929993271827698,
                    -0.089158795773983,
                    0.9519465565681458
                ]
            ],
            [
                [
                    0.9534313678741455,
                    0.15827272832393646,
                    -0.2567456066608429
                ],
                [
                    -0.2952609658241272,
                    0.6635320782661438,
                    -0.6874198913574219
                ],
                [
                    0.06155911460518837,
                    0.731214702129364,
                    0.6793640851974487
                ]
            ],
            [
                [
                    0.8803877830505371,
                    -0.37986674904823303,
                    -0.2839338481426239
                ],
                [
                    0.4592175781726837,
                    0.8323745131492615,
                    0.3102771043777466
                ],
                [
                    0.11847531795501709,
                    -0.4035516679286957,
                    0.9072538614273071
                ]
            ],
            [
                [
                    0.9703153371810913,
                    -0.1552383154630661,
                    -0.18544308841228485
                ],
                [
                    0.03033614344894886,
                    0.8388621807098389,
                    -0.5434979200363159
                ],
                [
                    0.23993287980556488,
                    0.5217387676239014,
                    0.8186701536178589
                ]
            ]
        ],
        "betas": [
            0.0422513484954834,
            0.025120913982391357,
            -0.015070468187332153,
            0.06717494130134583,
            -0.027546048164367676,
            -0.10094287246465683,
            -0.0323215126991272,
            -0.0636618435382843,
            -0.02369675040245056,
            -0.00033217668533325195
        ]
    },
    "pred_cam_t": [
        -0.05500779300928116,
        -0.04989613592624664,
        4.782840251922607
    ],
    "focal_length": [
        5000.0,
        5000.0
    ],
    "pred_keypoints_3d": [
        [
            0.09546627104282379,
            0.006372801493853331,
            0.0061554256826639175
        ],
        [
            0.06348183751106262,
            0.019540192559361458,
            -0.01078609935939312
        ],
        [
            0.03787316381931305,
            0.03496450185775757,
            -0.018151864409446716
        ],
        [
            0.02346165105700493,
            0.05787830054759979,
            -0.01750198006629944
        ],
        [
            0.015190334059298038,
            0.0921420305967331,
            -0.01864171214401722
        ],
        [
            0.025363430380821228,
            0.06166917830705643,
            0.020662475377321243
        ],
        [
            0.01584567129611969,
            0.09320750832557678,
            0.020681001245975494
        ],
        [
            0.01820026896893978,
            0.11340626329183578,
            0.011867610737681389
        ],
        [
            0.023808350786566734,
            0.1321123242378235,
            -0.003928851336240768
        ],
        [
            0.03879978507757187,
            0.07556863874197006,
            0.036723241209983826
        ],
        [
            0.04211648553609848,
            0.10178734362125397,
            0.019332831725478172
        ],
        [
            0.049528975039720535,
            0.11753250658512115,
            0.003959832713007927
        ],
        [
            0.05259525030851364,
            0.1338793933391571,
            -0.01569492369890213
        ],
        [
            0.06498491764068604,
            0.07866153120994568,
            0.04103114455938339
        ],
        [
            0.0631188228726387,
            0.09971418976783752,
            0.02158253639936447
        ],
        [
            0.07068587839603424,
            0.1154094934463501,
            0.00402069091796875
        ],
        [
            0.07230447232723236,
            0.1284436285495758,
            -0.017420027405023575
        ],
        [
            0.08660607784986496,
            0.08042445033788681,
            0.039403580129146576
        ],
        [
            0.08573181927204132,
            0.09759689122438431,
            0.027243951335549355
        ],
        [
            0.08876240998506546,
            0.11060238629579544,
            0.01385333202779293
        ],
        [
            0.08851329982280731,
            0.12361392378807068,
            -0.003134407103061676
        ]
    ],
    "pred_vertices": [
        [
            0.05488203838467598,
            0.042670346796512604,
            0.0010366421192884445
        ],
        [
            0.06234114244580269,
            0.03660768270492554,
            -0.0032176170498132706
        ],
        [
            0.05334948003292084,
            0.04089011624455452,
            -0.0063615720719099045
        ],
        [
            0.04635419696569443,
            0.04508943110704422,
            -0.0023978427052497864
        ],
        [
            0.06506918370723724,
            0.03406545892357826,
            -0.022259574383497238
        ],
        [
            0.06255057454109192,
            0.024688294157385826,
            -0.03012208268046379
        ],
        [
            0.04860985651612282,
            0.034927453845739365,
            -0.030309192836284637
        ],
        [
            0.05373263359069824,
            0.041597381234169006,
            -0.024092402309179306
        ],
        [
            0.038735806941986084,
            0.04597233980894089,
            -0.003249937668442726
        ],
        [
            0.04628138989210129,
            0.04438856989145279,
            -0.008714860305190086
        ],
        [
            0.03524830937385559,
            0.0426986962556839,
            -0.0015352778136730194
        ],
        [
            0.026949334889650345,
            0.04206988960504532,
            0.007174965925514698
        ],
        [
            0.03155932575464249,
            0.04700722172856331,
            0.0032191332429647446
        ],
        [
            0.02234838530421257,
            0.045570991933345795,
            0.013168105855584145
        ],
        [
            0.028534280136227608,
            0.03201531991362572,
            0.011753526516258717
        ],
        [
            0.023272965103387833,
            0.042262062430381775,
            0.02213011309504509
        ],
        [
            0.04900972545146942,
            0.031214140355587006,
            0.031583212316036224
        ],
        [
            0.06097494065761566,
            0.034606169909238815,
            0.0370134599506855
        ],
        [
            0.05143872648477554,
            0.048475027084350586,
            0.04398922249674797
        ],
        [
            0.04044809937477112,
            0.044035863131284714,
            0.036689646542072296
        ],
        [
            0.07235394418239594,
            0.051180414855480194,
            0.045382075011730194
        ],
        [
            0.06042391061782837,
            0.050361331552267075,
            0.044851817190647125
        ],
        [
            0.06964335590600967,
            0.03590111806988716,
            0.0391881950199604
        ],
        [
            0.07978950440883636,
            0.03738966956734657,
            0.039676766842603683
        ],
        [
            0.07005534321069717,
            0.04172196611762047,
            0.006244741380214691
        ],
        [
            0.07761581242084503,
            0.03496500104665756,
            0.002151528373360634
        ],
        [
            0.07203894108533859,
            0.03434727340936661,
            0.0008854679763317108
        ],
        [
            0.06488210707902908,
            0.04094381257891655,
            0.0044286493211984634
        ],
        [
            0.029988475143909454,
            0.03871680796146393,
            -0.007234102115035057
        ],
        [
            0.03133200481534004,
            0.027839958667755127,
            -0.0035876892507076263
        ],
        [
            0.03174909949302673,
            0.03498657047748566,
            -0.00030332431197166443
        ],
        [
            0.03317917883396149,
            0.04319562762975693,
            -0.007055254653096199
        ],
        [
            0.1021173968911171,
            0.024414487183094025,
            -0.00864063948392868
        ],
        [
            0.10677143931388855,
            0.011727742850780487,
            -0.008567020297050476
        ],
        [
            0.10185926407575607,
            0.009259223937988281,
            -0.010591542348265648
        ],
        [
            0.09860582649707794,
            0.02124812826514244,
            -0.009794142097234726
        ],
        [
            0.08167759329080582,
            0.009689759463071823,
            -0.022976163774728775
        ],
        [
            0.08739712089300156,
            0.0010574981570243835,
            -0.017902838066220284
        ],
        [
            0.08141950517892838,
            -0.01137881726026535,
            -0.016175009310245514
        ],
        [
            0.07360485196113586,
            -0.004453748464584351,
            -0.01885279268026352
        ],
        [
            0.07246330380439758,
            0.018040698021650314,
            -0.027588585391640663
        ],
        [
            0.06610269099473953,
            0.005349922925233841,
            -0.02628728188574314
        ],
        [
            0.0561177097260952,
            0.01490190252661705,
            -0.03009187802672386
        ],
        [
            0.04238179326057434,
            0.02780139073729515,
            -0.03081032633781433
        ],
        [
            0.11686358600854874,
            0.015520647168159485,
            -0.001664530485868454
        ],
        [
            0.11513388901948929,
            0.025559622794389725,
            -0.0012415461242198944
        ],
        [
            0.01620793715119362,
            0.09479434788227081,
            0.008311934769153595
        ],
        [
            0.021681711077690125,
            0.09649188816547394,
            0.009996785782277584
        ],
        [
            0.022049566730856895,
            0.09130793064832687,
            0.009874585084617138
        ],
        [
            0.01645725406706333,
            0.09053494781255722,
            0.008637855760753155
        ],
        [
            0.11974693834781647,
            0.018588222563266754,
            0.018106630071997643
        ],
        [
            0.11634756624698639,
            0.013908788561820984,
            0.02635234035551548
        ],
        [
            0.12118309736251831,
            0.009453244507312775,
            0.023257974535226822
        ],
        [
            0.12303678691387177,
            0.012741722166538239,
            0.014655733481049538
        ],
        [
            0.11535253375768661,
            0.026303671300411224,
            0.02263430319726467
        ],
        [
            0.1093401238322258,
            0.020229995250701904,
            0.02999471127986908
        ],
        [
            0.008189234882593155,
            0.09706643968820572,
            0.01782149076461792
        ],
        [
            0.008642341010272503,
            0.09595626592636108,
            0.012798000127077103
        ],
        [
            0.008461370132863522,
            0.09099408984184265,
            0.014984626322984695
        ],
        [
            0.008878646418452263,
            0.09139838069677353,
            0.020408404991030693
        ],
        [
            0.03901437669992447,
            0.04921526089310646,
            0.0017653480172157288
        ],
        [
            0.04833244904875755,
            0.049424536526203156,
            0.0037044622004032135
        ],
        [
            0.0300198495388031,
            0.06119297444820404,
            0.00911944080144167
        ],
        [
            0.037727758288383484,
            0.05686943233013153,
            0.008400083519518375
        ],
        [
            0.03202378377318382,
            0.05295038968324661,
            0.0061196452006697655
        ],
        [
            0.02588462457060814,
            0.056649066507816315,
            0.008193167857825756
        ],
        [
            0.05998063087463379,
            0.05921099707484245,
            0.016502536833286285
        ],
        [
            0.06629754602909088,
            0.05049309879541397,
            0.012247750535607338
        ],
        [
            0.05993363633751869,
            0.0499332994222641,
            0.010518519207835197
        ],
        [
            0.0517779141664505,
            0.059327319264411926,
            0.013761118985712528
        ],
        [
            0.07954934984445572,
            0.05487441271543503,
            0.014569049701094627
        ],
        [
            0.0722043588757515,
            0.06274594366550446,
            0.019020071253180504
        ],
        [
            0.08063740283250809,
            0.0641418918967247,
            0.01984277553856373
        ],
        [
            0.08451101928949356,
            0.05890132114291191,
            0.015684347599744797
        ],
        [
            0.0568067766726017,
            0.07373521476984024,
            0.025993455201387405
        ],
        [
            0.05311940237879753,
            0.0760631188750267,
            0.027896791696548462
        ],
        [
            0.056584715843200684,
            0.07776997238397598,
            0.0274648480117321
        ],
        [
            0.0604887492954731,
            0.07429691404104233,
            0.026428403332829475
        ],
        [
            0.1254265159368515,
            0.004285462200641632,
            0.020908968523144722
        ],
        [
            0.12535208463668823,
            0.006652168929576874,
            0.011390723288059235
        ],
        [
            0.09379357099533081,
            0.05601704493165016,
            0.044112060219049454
        ],
        [
            0.10275334119796753,
            0.05694166570901871,
            0.03735944256186485
        ],
        [
            0.09833458811044693,
            0.06862960010766983,
            0.04196430370211601
        ],
        [
            0.08946934342384338,
            0.06474609673023224,
            0.04913906753063202
        ],
        [
            0.10824109613895416,
            0.009206980466842651,
            0.030780887231230736
        ],
        [
            0.11464244872331619,
            0.004926472902297974,
            0.029403720051050186
        ],
        [
            0.011413373053073883,
            0.09877321124076843,
            0.02292000502347946
        ],
        [
            0.01265641674399376,
            0.09297765791416168,
            0.024911636486649513
        ],
        [
            0.052137091755867004,
            0.005289409309625626,
            -0.021312210708856583
        ],
        [
            0.03756885603070259,
            0.021247632801532745,
            -0.02560526877641678
        ],
        [
            0.06351324915885925,
            -0.004978600889444351,
            -0.015034995973110199
        ],
        [
            0.07114885747432709,
            -0.011640280485153198,
            -0.009379293769598007
        ],
        [
            0.07690434157848358,
            -0.018345355987548828,
            -0.007251963019371033
        ],
        [
            0.04054654762148857,
            0.06166968122124672,
            0.011828478425741196
        ],
        [
            0.057049572467803955,
            0.0469709113240242,
            0.006222032010555267
        ],
        [
            0.07482543587684631,
            0.0429433137178421,
            0.007499232888221741
        ],
        [
            0.10170136392116547,
            0.05695508047938347,
            0.013109289109706879
        ],
        [
            0.10700332373380661,
            0.04922766238451004,
            0.008613966405391693
        ],
        [
            0.09658528864383698,
            0.049117546528577805,
            0.005979906767606735
        ],
        [
            0.09400063008069992,
            0.05561988800764084,
            0.011008992791175842
        ],
        [
            0.10584436357021332,
            0.06164303794503212,
            0.028987249359488487
        ],
        [
            0.10202284157276154,
            0.06426356732845306,
            0.02232898771762848
        ],
        [
            0.09812600165605545,
            0.07030217349529266,
            0.026205288246273994
        ],
        [
            0.10137180984020233,
            0.06988264620304108,
            0.033413611352443695
        ],
        [
            0.02566825971007347,
            0.03463294357061386,
            -0.011745547875761986
        ],
        [
            0.031219372525811195,
            0.02189989760518074,
            -0.008143352344632149
        ],
        [
            0.1198728159070015,
            0.02214064449071884,
            0.008155059069395065
        ],
        [
            0.12097281217575073,
            0.015104345977306366,
            0.005003552883863449
        ],
        [
            0.12361292541027069,
            0.007093153893947601,
            0.0038398653268814087
        ],
        [
            0.08915884792804718,
            0.029505044221878052,
            -0.004516828805208206
        ],
        [
            0.09619757533073425,
            0.01913636550307274,
            -0.010834909975528717
        ],
        [
            0.09228052198886871,
            0.01852606236934662,
            -0.01295829564332962
        ],
        [
            0.08619362860918045,
            0.028300337493419647,
            -0.0045715756714344025
        ],
        [
            0.07080289721488953,
            0.03319215774536133,
            -0.009826764464378357
        ],
        [
            0.07744800299406052,
            0.026258552446961403,
            -0.01920112408697605
        ],
        [
            0.06107311323285103,
            0.03999141603708267,
            -0.012348627671599388
        ],
        [
            0.0961475670337677,
            0.004613965749740601,
            -0.013985823839902878
        ],
        [
            0.10613687336444855,
            0.00014985352754592896,
            -0.01280011236667633
        ],
        [
            0.09894032031297684,
            -0.004387021064758301,
            -0.015316562727093697
        ],
        [
            0.11393953859806061,
            0.0036018788814544678,
            -0.008007321506738663
        ],
        [
            0.1202722117304802,
            0.006257176399230957,
            -0.0023363642394542694
        ],
        [
            0.12027016282081604,
            -0.001399010419845581,
            0.03005310520529747
        ],
        [
            0.09163931012153625,
            -0.008430063724517822,
            -0.015986327081918716
        ],
        [
            0.04557672515511513,
            0.04574204236268997,
            -0.024466749280691147
        ],
        [
            0.03921908512711525,
            0.04986774921417236,
            -0.024008583277463913
        ],
        [
            0.040868133306503296,
            0.05067499727010727,
            -0.016604172065854073
        ],
        [
            0.0462668277323246,
            0.04708356037735939,
            -0.016235537827014923
        ],
        [
            0.017783988267183304,
            0.052394237369298935,
            0.01814228482544422
        ],
        [
            0.020745927467942238,
            0.05465327203273773,
            0.011094005778431892
        ],
        [
            0.026056397706270218,
            0.04831457883119583,
            0.007138336077332497
        ],
        [
            0.10111433267593384,
            0.03474101424217224,
            -0.003535177558660507
        ],
        [
            0.11232678592205048,
            0.035361263900995255,
            0.00232677161693573
        ],
        [
            0.03290002420544624,
            0.06582935899496078,
            0.012555108405649662
        ],
        [
            0.009602075442671776,
            0.08645787835121155,
            0.022937605157494545
        ],
        [
            0.008805548772215843,
            0.08550751209259033,
            0.017017913982272148
        ],
        [
            0.012821870855987072,
            0.06743817031383514,
            0.018496159464120865
        ],
        [
            0.013274403288960457,
            0.06910359859466553,
            0.025214657187461853
        ],
        [
            0.0321308858692646,
            0.0721915066242218,
            0.02034534513950348
        ],
        [
            0.03132610023021698,
            0.06918513774871826,
            0.014021109789609909
        ],
        [
            0.031001940369606018,
            0.07122761011123657,
            0.015375040471553802
        ],
        [
            0.03307086601853371,
            0.07529424130916595,
            0.02016615681350231
        ],
        [
            0.0659429207444191,
            0.07750526815652847,
            0.028062423691153526
        ],
        [
            0.06910888850688934,
            0.0745663046836853,
            0.026934167370200157
        ],
        [
            0.033873554319143295,
            0.05877348780632019,
            0.038234543055295944
        ],
        [
            0.02364257723093033,
            0.050433918833732605,
            0.03480304777622223
        ],
        [
            0.03041680157184601,
            0.04016466811299324,
            0.030497267842292786
        ],
        [
            0.06720791012048721,
            0.06042594462633133,
            0.017969436943531036
        ],
        [
            0.06222182512283325,
            0.06832980364561081,
            0.022033989429473877
        ],
        [
            0.06613737344741821,
            0.06919041275978088,
            0.02303139492869377
        ],
        [
            0.04113897308707237,
            0.06520012021064758,
            0.014892569743096828
        ],
        [
            0.035890255123376846,
            0.0690811350941658,
            0.016811052337288857
        ],
        [
            0.04040291905403137,
            0.06886434555053711,
            0.01918426901102066
        ],
        [
            0.046239905059337616,
            0.06550902128219604,
            0.016912512481212616
        ],
        [
            0.10784997045993805,
            0.045462921261787415,
            0.033001720905303955
        ],
        [
            0.11158322542905807,
            0.0514037050306797,
            0.0235588476061821
        ],
        [
            0.011546438559889793,
            0.0948796421289444,
            0.00934972707182169
        ],
        [
            0.011431930586695671,
            0.09030866622924805,
            0.010616864077746868
        ],
        [
            0.0732402503490448,
            0.051882173866033554,
            0.013712385669350624
        ],
        [
            0.03980109840631485,
            0.029612775892019272,
            0.024681787937879562
        ],
        [
            0.07999926805496216,
            0.04446203634142876,
            0.008502986282110214
        ],
        [
            0.07242964953184128,
            0.07341233640909195,
            0.045377299189567566
        ],
        [
            0.07607503235340118,
            0.07824014872312546,
            0.038826193660497665
        ],
        [
            0.07391995191574097,
            0.08114459365606308,
            0.03691316768527031
        ],
        [
            0.07043246924877167,
            0.08054570853710175,
            0.04161146655678749
        ],
        [
            0.029035534709692,
            0.08959031105041504,
            0.020231163129210472
        ],
        [
            0.0275680311024189,
            0.08900943398475647,
            0.01457010768353939
        ],
        [
            0.026673775166273117,
            0.0929408147931099,
            0.013774891383945942
        ],
        [
            0.0277643334120512,
            0.09410367161035538,
            0.019354501739144325
        ],
        [
            0.027688859030604362,
            0.066029392182827,
            0.01065568346530199
        ],
        [
            0.022709012031555176,
            0.062344569712877274,
            0.009507860988378525
        ],
        [
            0.021629024296998978,
            0.0681617259979248,
            0.010202654637396336
        ],
        [
            0.02692580781877041,
            0.07026708871126175,
            0.012212492525577545
        ],
        [
            0.017642999067902565,
            0.06089000776410103,
            0.012950029224157333
        ],
        [
            0.01609688811004162,
            0.06687921285629272,
            0.013097245246171951
        ],
        [
            0.026294875890016556,
            0.0896269828081131,
            0.026068389415740967
        ],
        [
            0.019570203498005867,
            0.08884628862142563,
            0.029268618673086166
        ],
        [
            0.024433620274066925,
            0.07406668365001678,
            0.03190194442868233
        ],
        [
            0.03006480634212494,
            0.07724468410015106,
            0.02697921171784401
        ],
        [
            0.08657129853963852,
            0.02408459782600403,
            0.035991668701171875
        ],
        [
            0.09699878096580505,
            0.027949754148721695,
            0.03605368733406067
        ],
        [
            0.09055720269680023,
            0.04127119854092598,
            0.0400124154984951
        ],
        [
            0.08446303009986877,
            0.054559607058763504,
            0.04535098746418953
        ],
        [
            0.07773593813180923,
            0.06688634306192398,
            0.048877157270908356
        ],
        [
            0.06630101054906845,
            0.06294155865907669,
            0.050876181572675705
        ],
        [
            0.09859079122543335,
            0.04290813207626343,
            0.03888753801584244
        ],
        [
            0.03327268362045288,
            0.06917035579681396,
            0.02870798483490944
        ],
        [
            0.027741489931941032,
            0.06446827203035355,
            0.03361522778868675
        ],
        [
            0.03241398185491562,
            0.06618815660476685,
            0.03390771150588989
        ],
        [
            0.08663242310285568,
            0.0478753037750721,
            0.008792215958237648
        ],
        [
            0.011254630982875824,
            0.08496586978435516,
            0.012378478422760963
        ],
        [
            0.0757339745759964,
            -0.012967832386493683,
            0.014270568266510963
        ],
        [
            0.08467469364404678,
            -0.009156405925750732,
            0.023549996316432953
        ],
        [
            0.07851240783929825,
            -0.002905145287513733,
            0.02374648116528988
        ],
        [
            0.06872864067554474,
            -0.006768286228179932,
            0.01255668606609106
        ],
        [
            0.0225690845400095,
            0.08714689314365387,
            0.010147844441235065
        ],
        [
            0.016550973057746887,
            0.0855187252163887,
            0.008987407200038433
        ],
        [
            0.07494441419839859,
            0.07746847718954086,
            0.027670860290527344
        ],
        [
            0.07129521667957306,
            0.07987245917320251,
            0.028897102922201157
        ],
        [
            0.07400096207857132,
            0.08113579452037811,
            0.030634263530373573
        ],
        [
            0.07847427576780319,
            0.08099798113107681,
            0.02889275550842285
        ],
        [
            0.10278423130512238,
            0.028950978070497513,
            0.03482352942228317
        ],
        [
            0.09593048691749573,
            0.07714919745922089,
            0.040262654423713684
        ],
        [
            0.08743762969970703,
            0.0734945684671402,
            0.0475393608212471
        ],
        [
            0.1021527647972107,
            0.016275271773338318,
            0.03276031091809273
        ],
        [
            0.093146413564682,
            0.012573868036270142,
            0.03327140212059021
        ],
        [
            0.09840326011180878,
            0.004523336887359619,
            0.03160104155540466
        ],
        [
            0.05214061588048935,
            0.06538276374340057,
            0.046319473534822464
        ],
        [
            0.0779498964548111,
            0.023256372660398483,
            0.03550943732261658
        ],
        [
            0.08567419648170471,
            0.011363647878170013,
            0.03214257210493088
        ],
        [
            0.09163153171539307,
            0.0016928091645240784,
            0.030064180493354797
        ],
        [
            0.09636292606592178,
            -0.00516122579574585,
            0.029421769082546234
        ],
        [
            0.1033395379781723,
            -0.0012890473008155823,
            0.030988896265625954
        ],
        [
            0.014082245528697968,
            0.0879543274641037,
            0.027128105983138084
        ],
        [
            0.018665563315153122,
            0.09472855180501938,
            0.02737247571349144
        ],
        [
            0.10902008414268494,
            -0.008281439542770386,
            0.03187709301710129
        ],
        [
            0.10097313672304153,
            -0.012164898216724396,
            0.029434632509946823
        ],
        [
            0.0770682841539383,
            0.009382449090480804,
            0.029475651681423187
        ],
        [
            0.06708743423223495,
            0.007132254540920258,
            0.02465980127453804
        ],
        [
            0.06996604800224304,
            0.02104545757174492,
            0.032674528658390045
        ],
        [
            0.05935893952846527,
            0.019742876291275024,
            0.028496507555246353
        ],
        [
            0.04299182444810867,
            0.05891167372465134,
            0.04864306002855301
        ],
        [
            0.020721854642033577,
            0.1122027263045311,
            0.02078106999397278
        ],
        [
            0.02279818244278431,
            0.10148239135742188,
            0.02417394146323204
        ],
        [
            0.026168322190642357,
            0.10006508976221085,
            0.019645875319838524
        ],
        [
            0.024425622075796127,
            0.11127451062202454,
            0.01883777603507042
        ],
        [
            0.02503499947488308,
            0.09476322680711746,
            0.02452118508517742
        ],
        [
            0.017349086701869965,
            0.10060547292232513,
            0.02558979019522667
        ],
        [
            0.04834878817200661,
            0.017442017793655396,
            0.018771899864077568
        ],
        [
            0.03625228628516197,
            0.07155679166316986,
            0.021550100296735764
        ],
        [
            0.056088872253894806,
            0.004138622432947159,
            0.010426884517073631
        ],
        [
            0.03500984609127045,
            0.0202099047601223,
            0.008346176706254482
        ],
        [
            0.04109382629394531,
            0.011716727167367935,
            -0.00012260675430297852
        ],
        [
            0.06306114792823792,
            -0.008337736129760742,
            -8.208304643630981e-05
        ],
        [
            0.050431959331035614,
            0.0008049905300140381,
            -0.00789407268166542
        ],
        [
            0.07656824588775635,
            -0.01993405818939209,
            0.0038235001266002655
        ],
        [
            0.07040750235319138,
            -0.01369050145149231,
            0.003337753936648369
        ],
        [
            0.038663823157548904,
            0.012173376977443695,
            -0.014679055660963058
        ],
        [
            0.01927010342478752,
