{
    "pred_cam": [
        6.678614616394043,
        -0.15764141082763672,
        -0.04659734293818474
    ],
    "pred_mano_params": {
        "global_orient": [
            [
                [
                    -0.6497164964675903,
                    -0.598312258720398,
                    0.4689251482486725
                ],
                [
                    -0.23813395202159882,
                    -0.4256216287612915,
                    -0.8730053305625916
                ],
                [
                    0.7219145894050598,
                    -0.6788730025291443,
                    0.13405492901802063
                ]
            ]
        ],
        "hand_pose": [
            [
                [
                    0.7750855088233948,
                    -0.5733745694160461,
                    -0.2654881775379181
                ],
                [
                    0.5399272441864014,
                    0.8192691206932068,
                    -0.19307175278663635
                ],
                [
                    0.32820868492126465,
                    0.006302839145064354,
                    0.9445841908454895
                ]
            ],
            [
                [
                    0.963962972164154,
                    -0.23578466475009918,
                    0.12321100383996964
                ],
                [
                    0.2617691159248352,
                    0.9232630729675293,
                    -0.28118008375167847
                ],
                [
                    -0.0474582239985466,
                    0.30330002307891846,
                    0.9517125487327576
                ]
            ],
            [
                [
                    0.7953405976295471,
                    -0.6009151339530945,
                    0.07958883047103882
                ],
                [
                    0.5832404494285583,
                    0.7944050431251526,
                    0.1695622354745865
                ],
                [
                    -0.1651182770729065,
                    -0.08844030648469925,
                    0.9823005795478821
                ]
            ],
            [
                [
                    0.6722272634506226,
                    -0.719748318195343,
                    -0.17341504991054535
                ],
                [
                    0.7216317653656006,
                    0.6893384456634521,
                    -0.0637180432677269
                ],
                [
                    0.1654026359319687,
                    -0.0823088064789772,
                    0.9827853441238403
                ]
            ],
            [
                [
                    0.998679518699646,
                    -0.005572269205003977,
                    -0.05106891319155693
                ],
                [
                    0.01797434128820896,
                    0.9691665768623352,
                    0.245749831199646
                ],
                [
                    0.04812490940093994,
                    -0.24634328484535217,
                    0.9679869413375854
                ]
            ],
            [
                [
                    0.8977745175361633,
                    -0.44045424461364746,
                    -0.000987156992778182
                ],
                [
                    0.4404503405094147,
                    0.8977727293968201,
                    -0.002765216398984194
                ],
                [
                    0.002104193903505802,
                    0.002047747140750289,
                    0.9999957084655762
                ]
            ],
            [
                [
                    0.6915453672409058,
                    -0.6796675324440002,
                    0.24457527697086334
                ],
                [
                    0.5840385556221008,
                    0.7253572940826416,
                    0.3643566370010376
                ],
                [
                    -0.42504581809043884,
                    -0.10912775248289108,
                    0.8985695242881775
                ]
            ],
            [
                [
                    0.976746678352356,
                    -0.07178103178739548,
                    -0.20202288031578064
                ],
                [
                    0.055545154958963394,
                    0.9948378801345825,
                    -0.08492554724216461
                ],
                [
                    0.2070760428905487,
                    0.07172936201095581,
                    0.9756916761398315
                ]
            ],
            [
                [
                    0.9981818199157715,
                    -0.0434393472969532,
                    -0.04178604111075401
                ],
                [
                    0.05904856324195862,
                    0.8438692092895508,
                    0.5332897901535034
                ],
                [
                    0.012096191756427288,
                    -0.5347875952720642,
                    0.8448999524116516
                ]
            ],
            [
                [
                    0.673854649066925,
                    -0.7385706901550293,
                    0.020813599228858948
                ],
                [
                    0.736632227897644,
                    0.669364869594574,
                    -0.09655904769897461
                ],
                [
                    0.05738379433751106,
                    0.08039873093366623,
                    0.9951096177101135
                ]
            ],
            [
                [
                    0.9967652559280396,
                    0.07151250541210175,
                    0.03667386621236801
                ],
                [
                    -0.08012987673282623,
                    0.9194091558456421,
                    0.38505324721336365
                ],
                [
                    -0.0061821541748940945,
                    -0.386746346950531,
                    0.9221653938293457
                ]
            ],
            [
                [
                    0.870490550994873,
                    -0.48609358072280884,
                    -0.0771966353058815
                ],
                [
                    0.491892009973526,
                    0.8537918329238892,
                    0.17053388059139252
                ],
                [
                    -0.016985563561320305,
                    -0.1864205300807953,
                    0.9823232889175415
                ]
            ],
            [
                [
                    0.8432718515396118,
                    -0.2482961118221283,
                    -0.47669875621795654
                ],
                [
                    -0.3504922688007355,
                    0.4183677136898041,
                    -0.8379282355308533
                ],
                [
                    0.4074896574020386,
                    0.8736804723739624,
                    0.2657718360424042
                ]
            ],
            [
                [
                    0.8433937430381775,
                    -0.4521050453186035,
                    -0.29032424092292786
                ],
                [
                    0.5318193435668945,
                    0.6254815459251404,
                    0.5709124207496643
                ],
                [
                    -0.07651989907026291,
                    -0.6359039545059204,
                    0.7679654359817505
                ]
            ],
            [
                [
                    0.8491653800010681,
                    0.5152602195739746,
                    -0.11586668342351913
                ],
                [
                    -0.517558753490448,
                    0.8555686473846436,
                    0.011629694141447544
                ],
                [
                    0.10512421280145645,
                    0.05009228363633156,
                    0.9931967258453369
                ]
            ]
        ],
        "betas": [
            -0.05920851230621338,
            -0.1918119490146637,
            -0.07170173525810242,
            -0.05154040455818176,
            0.011731654405593872,
            0.004768352955579758,
            0.015240222215652466,
            -0.034559041261672974,
            0.005048811435699463,
            -0.03612545132637024
        ]
    },
    "pred_cam_t": [
        -0.15764141082763672,
        -0.04659734293818474,
        5.848892688751221
    ],
    "focal_length": [
        5000.0,
        5000.0
    ],
    "pred_keypoints_3d": [
        [
            0.09604904055595398,
            0.006413841620087624,
            0.006258430890738964
        ],
        [
            0.13309943675994873,
            -0.003817286342382431,
            0.0028633896727114916
        ],
        [
            0.1584884226322174,
            0.009099151939153671,
            -0.00899877492338419
        ],
        [
            0.17460735142230988,
            0.02749851904809475,
            -0.02086838334798813
        ],
        [
            0.1921451836824417,
            0.03995155543088913,
            -0.05086177587509155
        ],
        [
            0.16615746915340424,
            0.011697433888912201,
            -0.05119204893708229
        ],
        [
            0.1893974244594574,
            0.032304078340530396,
            -0.06270686537027359
        ],
        [
            0.20484399795532227,
            0.04829628765583038,
            -0.060883790254592896
        ],
        [
            0.21769359707832336,
            0.0633711963891983,
            -0.045850180089473724
        ],
        [
            0.15702643990516663,
            0.0326957032084465,
            -0.06169337406754494
        ],
        [
            0.1784355640411377,
            0.05614149197936058,
            -0.06433618813753128
        ],
        [
            0.19359737634658813,
            0.07386709004640579,
            -0.06232066452503204
        ],
        [
            0.21056391298770905,
            0.09145456552505493,
            -0.053574688732624054
        ],
        [
            0.13919520378112793,
            0.05101823806762695,
            -0.05389191210269928
        ],
        [
            0.16113117337226868,
            0.06980499625205994,
            -0.0568837970495224
        ],
        [
            0.178099125623703,
            0.08804497122764587,
            -0.055518072098493576
        ],
        [
            0.19523818790912628,
            0.10454101115465164,
            -0.045861899852752686
        ],
        [
            0.12661151587963104,
            0.06493691354990005,
            -0.0427275188267231
        ],
        [
            0.14317044615745544,
            0.07819097489118576,
            -0.04423261061310768
        ],
        [
            0.15604650974273682,
            0.09227961301803589,
            -0.04479551687836647
        ],
        [
            0.17211101949214935,
            0.10739171504974365,
            -0.04036884009838104
        ]
    ],
    "pred_vertices": [
        [
            0.14408285915851593,
            0.011634672060608864,
            -0.01609928160905838
        ],
        [
            0.13576285541057587,
            0.010260971263051033,
            -0.00716390460729599
        ],
        [
            0.14280062913894653,
            0.011849518865346909,
            -0.009901877492666245
        ],
        [
            0.15116113424301147,
            0.009940698742866516,
            -0.01769154518842697
        ],
        [
            0.1403965801000595,
            0.013301985338330269,
            0.010280035436153412
        ],
        [
            0.1449284553527832,
            0.004341992549598217,
            0.01707526668906212
        ],
        [
            0.1581290066242218,
            0.011705423705279827,
            0.00697910413146019
        ],
        [
            0.15149596333503723,
            0.019221821799874306,
            0.0041405074298381805
        ],
        [
            0.15562939643859863,
            0.009247389622032642,
            -0.02061937004327774
        ],
        [
            0.14929485321044922,
            0.01390566024929285,
            -0.012006562203168869
        ],
        [
            0.1545756459236145,
            0.0090970853343606,
            -0.022698046639561653
        ],
        [
            0.15866589546203613,
            -0.00041245855391025543,
            -0.034701768308877945
        ],
        [
            0.1604500114917755,
            0.004127702210098505,
            -0.03006775863468647
        ],
        [
            0.16196946799755096,
            -0.0018073329702019691,
            -0.042730413377285004
        ],
        [
            0.15105660259723663,
            -0.007240964099764824,
            -0.036014921963214874
        ],
        [
            0.1555248647928238,
            -0.0033316081389784813,
            -0.049276769161224365
        ],
        [
            0.12807270884513855,
            0.002465752884745598,
            -0.042622849345207214
        ],
        [
            0.11923207342624664,
            0.012727033346891403,
            -0.042222026735544205
        ],
        [
            0.1297255903482437,
            0.018907669931650162,
            -0.05476792901754379
        ],
        [
            0.13817963004112244,
            0.00827418640255928,
            -0.053290508687496185
        ],
        [
            0.11669716238975525,
            0.03317933529615402,
            -0.046770621091127396
        ],
        [
            0.12435464560985565,
            0.025670260190963745,
            -0.051897868514060974
        ],
        [
            0.11309002339839935,
            0.01905324123799801,
            -0.04028608649969101
        ],
        [
            0.10698382556438446,
            0.02619248628616333,
            -0.03614931181073189
        ],
        [
            0.13239088654518127,
            0.019795019179582596,
            -0.013404011726379395
        ],
        [
            0.12542855739593506,
            0.017546143382787704,
            -0.004643291234970093
        ],
        [
            0.12852495908737183,
            0.01308511197566986,
            -0.00573309138417244
        ],
        [
            0.13591879606246948,
            0.015825606882572174,
            -0.013998426496982574
        ],
        [
            0.159091055393219,
            0.010508790612220764,
            -0.021579764783382416
        ],
        [
            0.15367089211940765,
            -0.00432182289659977,
            -0.021610548719763756
        ],
        [
            0.1537661850452423,
            0.0019040592014789581,
            -0.024741070345044136
        ],
        [
            0.1577250361442566,
            0.015603544190526009,
            -0.019851678982377052
        ],
        [
            0.1090928316116333,
            0.02284678816795349,
            0.018367812037467957
        ],
        [
            0.09881532937288284,
            0.015386005863547325,
            0.02308659628033638
        ],
        [
            0.10170002281665802,
            0.01013520359992981,
            0.02300136163830757
        ],
        [
            0.11026225984096527,
            0.01771262101829052,
            0.018477752804756165
        ],
        [
            0.12200580537319183,
            -0.001949797384440899,
            0.024435654282569885
        ],
        [
            0.11105896532535553,
            -0.0058618467301130295,
            0.02436506375670433
        ],
        [
            0.107669398188591,
            -0.018454477190971375,
            0.022576432675123215
        ],
        [
            0.11907346546649933,
            -0.016783475875854492,
            0.01991727203130722
        ],
        [
            0.1341269314289093,
            0.001034528948366642,
            0.021926697343587875
        ],
        [
            0.13370871543884277,
            -0.012104680761694908,
            0.020119301974773407
        ],
        [
            0.14764617383480072,
            -0.0064027681946754456,
            0.01514216884970665
        ],
        [
            0.16190344095230103,
            0.003787091001868248,
            0.00434524193406105
        ],
        [
            0.09082704782485962,
            0.025269480422139168,
            0.021245606243610382
        ],
        [
            0.097421795129776,
            0.03239112347364426,
            0.01792013645172119
        ],
        [
            0.1957864910364151,
            0.033587560057640076,
            -0.05269334837794304
        ],
        [
            0.19260887801647186,
            0.038549602031707764,
            -0.0527559332549572
        ],
        [
            0.18930725753307343,
            0.03478283807635307,
            -0.05094819888472557
        ],
        [
            0.19313424825668335,
            0.030536441132426262,
            -0.05166994035243988
        ],
        [
            0.0808110162615776,
            0.03189167380332947,
            0.004950277507305145
        ],
        [
            0.07628483325242996,
            0.02722369134426117,
            -0.002756468951702118
        ],
        [
            0.07214625924825668,
            0.02607421949505806,
            0.0031614601612091064
        ],
        [
            0.07709488272666931,
            0.028656259179115295,
            0.01072603091597557
        ],
        [
            0.0858059674501419,
            0.0361047238111496,
            -0.0026590190827846527
        ],
        [
            0.08262888342142105,
            0.028661010786890984,
            -0.010527353733778
        ],
        [
            0.19821462035179138,
            0.02985311485826969,
            -0.06464304029941559
        ],
        [
            0.19941718876361847,
            0.029328959062695503,
            -0.059654559940099716
        ],
        [
            0.19574260711669922,
            0.025661760941147804,
            -0.060124997049570084
        ],
        [
            0.19329962134361267,
            0.02633179910480976,
            -0.0646890178322792
        ],
        [
            0.15829193592071533,
            0.008437232114374638,
            -0.02580087259411812
        ],
        [
            0.15188489854335785,
            0.013474569655954838,
            -0.023107077926397324
        ],
        [
            0.16842348873615265,
            0.013107279315590858,
            -0.03898412361741066
        ],
        [
            0.1612941473722458,
            0.01373238954693079,
            -0.03378629684448242
        ],
        [
            0.16371284425258636,
            0.007333790417760611,
            -0.03361597657203674
        ],
        [
            0.16910122334957123,
            0.007031255401670933,
            -0.038954492658376694
        ],
        [
            0.14405325055122375,
            0.029550589621067047,
            -0.030802063643932343
        ],
        [
            0.13698062300682068,
            0.025601128116250038,
            -0.02230699360370636
        ],
        [
            0.14168483018875122,
            0.02121277153491974,
            -0.023637987673282623
        ],
        [
            0.1509026288986206,
            0.024502098560333252,
            -0.03233804926276207
        ],
        [
            0.12957189977169037,
            0.0372123196721077,
            -0.019054878503084183
        ],
        [
            0.1368279606103897,
            0.03996797651052475,
            -0.028034713119268417
        ],
        [
            0.1317366659641266,
            0.04620664566755295,
            -0.025143947452306747
        ],
        [
            0.12808717787265778,
            0.04354744404554367,
            -0.01856105402112007
        ],
        [
            0.1500912308692932,
            0.041250213980674744,
            -0.04360973462462425
        ],
        [
            0.1534384787082672,
            0.04246671870350838,
            -0.048668764531612396
        ],
        [
            0.15276354551315308,
            0.046519458293914795,
            -0.04779352247714996
        ],
        [
            0.14779947698116302,
            0.04404088854789734,
            -0.04274815320968628
        ],
        [
            0.06761876493692398,
            0.02406146749854088,
            0.008269362151622772
        ],
        [
            0.07377570867538452,
            0.02467721700668335,
            0.015888899564743042
        ],
        [
            0.10620997846126556,
            0.049507856369018555,
            -0.03671383485198021
        ],
        [
            0.10440754890441895,
            0.0550050288438797,
            -0.02714298665523529
        ],
        [
            0.11133336275815964,
            0.062327854335308075,
            -0.035464197397232056
        ],
        [
            0.11123064160346985,
            0.05446488782763481,
            -0.044140905141830444
        ],
        [
            0.07682135701179504,
            0.019251123070716858,
            -0.009366799145936966
        ],
        [
            0.07087010890245438,
            0.019397038966417313,
            -0.0042310431599617004
        ],
        [
            0.19494079053401947,
            0.03339720517396927,
            -0.06852065026760101
        ],
        [
            0.18961267173290253,
            0.029994957149028778,
            -0.06754684448242188
        ],
        [
            0.14284908771514893,
            -0.01738385297358036,
            0.007812991738319397
        ],
        [
            0.16134017705917358,
            -0.004115628078579903,
            -0.0011606551706790924
        ],
        [
            0.12548735737800598,
            -0.022541042417287827,
            0.011383552104234695
        ],
        [
            0.11246621608734131,
            -0.023949189111590385,
            0.011744264513254166
        ],
        [
            0.10268095880746841,
            -0.025851529091596603,
            0.014076676219701767
        ],
        [
            0.16057588160037994,
            0.01962491124868393,
            -0.03656873106956482
        ],
        [
            0.14380384981632233,
            0.01661829650402069,
            -0.02061399817466736
        ],
        [
            0.12938456237316132,
            0.02381191961467266,
            -0.012570779770612717
        ],
        [
            0.11700738966464996,
            0.051589496433734894,
            -0.007687021046876907
        ],
        [
            0.11133843660354614,
            0.04783709719777107,
            0.000423528254032135
        ],
        [
            0.11937296390533447,
            0.04137326776981354,
            -0.002322584390640259
        ],
        [
            0.12230190634727478,
            0.045782722532749176,
            -0.009327683597803116
        ],
        [
            0.10928696393966675,
            0.05965010076761246,
            -0.019836388528347015
        ],
        [
            0.11667603999376297,
            0.058899812400341034,
            -0.016878079622983932
        ],
        [
            0.1211676299571991,
            0.06230242922902107,
            -0.02363528683781624
        ],
        [
            0.11494359374046326,
            0.06440875679254532,
            -0.027413122355937958
        ],
        [
            0.1642126590013504,
            0.005581820383667946,
            -0.02088366076350212
        ],
        [
            0.1550152599811554,
            -0.009275294840335846,
            -0.017361242324113846
        ],
        [
            0.08769569545984268,
            0.03359045088291168,
            0.012857694178819656
        ],
        [
            0.0845734253525734,
            0.028175853192806244,
            0.017591919749975204
        ],
        [
            0.0789269283413887,
            0.023067831993103027,
            0.021450750529766083
        ],
        [
            0.11830966174602509,
            0.018914319574832916,
            0.007792685180902481
        ],
        [
            0.11123474687337875,
            0.014092730358242989,
            0.01879286766052246
        ],
        [
            0.11441764235496521,
            0.010636032558977604,
            0.01909719780087471
        ],
        [
            0.11929117888212204,
            0.015365096740424633,
            0.006993971765041351
        ],
        [
            0.1300513744354248,
            0.011298496276140213,
            0.00359518826007843
        ],
        [
            0.1288481503725052,
            0.008875053375959396,
            0.016242019832134247
        ],
        [
            0.13808852434158325,
            0.016258779913187027,
            -0.0008481778204441071
        ],
        [
            0.10473772883415222,
            0.0024303440004587173,
            0.024146970361471176
        ],
        [
            0.09479566663503647,
            0.005076609551906586,
            0.028698857873678207
        ],
        [
            0.09837868809700012,
            -0.0030954424291849136,
            0.02835167571902275
        ],
        [
            0.08919800072908401,
            0.013046210631728172,
            0.027603719383478165
        ],
        [
            0.08372138440608978,
            0.019665520638227463,
            0.02530902624130249
        ],
        [
            0.0632522776722908,
            0.017629601061344147,
            -0.0007965639233589172
        ],
        [
            0.10153315216302872,
            -0.010522890836000443,
            0.02645072340965271
        ],
        [
            0.15998244285583496,
            0.021559543907642365,
            -0.0009981133043766022
        ],
        [
            0.16687610745429993,
            0.024583667516708374,
            -0.005731020122766495
        ],
        [
            0.16094768047332764,
            0.025991274043917656,
            -0.009630143642425537
        ],
        [
            0.15439611673355103,
            0.022818146273493767,
            -0.006359327584505081
        ],
        [
            0.16718712449073792,
            0.0004746709018945694,
            -0.05023786798119545
        ],
        [
            0.1698247790336609,
            0.0031715957447886467,
            -0.04329156130552292
        ],
        [
            0.16405150294303894,
            0.001259232871234417,
            -0.03631681203842163
        ],
        [
            0.11301973462104797,
            0.031259287148714066,
            0.011183109134435654
        ],
        [
            0.10304978489875793,
            0.039033595472574234,
            0.011350560933351517
        ],
        [
            0.16725358366966248,
            0.01890355534851551,
            -0.04193132370710373
        ],
        [
            0.1892509162425995,
            0.02313094399869442,
            -0.0655168741941452
        ],
        [
            0.19193477928638458,
            0.021949298679828644,
            -0.06039110943675041
        ],
        [
            0.17921079695224762,
            0.009521439671516418,
            -0.0555410236120224
        ],
        [
            0.17668388783931732,
            0.011221490800380707,
            -0.06172088161110878
        ],
        [
            0.16744118928909302,
            0.02446329966187477,
            -0.05095146968960762
        ],
        [
            0.16901588439941406,
            0.021188421174883842,
            -0.044943083077669144
        ],
        [
            0.16963249444961548,
            0.022861935198307037,
            -0.04688381403684616
        ],
        [
            0.1682010143995285,
            0.027445601299405098,
            -0.05136952921748161
        ],
        [
            0.1461470127105713,
            0.05174882709980011,
            -0.043912243098020554
        ],
        [
            0.14206960797309875,
            0.04949367046356201,
            -0.03936951607465744
        ],
        [
            0.15004275739192963,
            0.016083408147096634,
            -0.061050012707710266
        ],
        [
            0.15407687425613403,
            0.003222663886845112,
            -0.0613715797662735
        ],
        [
            0.14574268460273743,
            -0.0006526820361614227,
            -0.05240936949849129
        ],
        [
            0.13926899433135986,
            0.034979261457920074,
            -0.02894039824604988
        ],
        [
            0.1451447457075119,
            0.039133504033088684,
            -0.0365048311650753
        ],
        [
            0.14261668920516968,
            0.04232965409755707,
            -0.035826876759529114
        ],
        [
            0.16070014238357544,
            0.023240951821208,
            -0.039764948189258575
        ],
        [
            0.16512031853199005,
            0.023671146482229233,
            -0.04505285620689392
        ],
        [
            0.16135995090007782,
            0.02655649371445179,
            -0.044431500136852264
        ],
        [
            0.15658478438854218,
            0.0267329141497612,
            -0.03900640457868576
        ],
        [
            0.09654510021209717,
            0.04831978678703308,
            -0.01887192577123642
        ],
        [
            0.10213813185691833,
            0.05412381887435913,
            -0.010470613837242126
        ],
        [
            0.19839712977409363,
            0.030474137514829636,
            -0.055239301174879074
        ],
        [
            0.1953979730606079,
            0.02710018679499626,
            -0.05513524264097214
        ],
        [
            0.13247093558311462,
            0.030982613563537598,
            -0.020619526505470276
        ],
        [
            0.1369009017944336,
            -0.004345256835222244,
            -0.04098597541451454
        ],
        [
            0.1263158917427063,
            0.028212549164891243,
            -0.01135045662522316
        ],
        [
            0.12808255851268768,
            0.050688713788986206,
            -0.05318513885140419
        ],
        [
            0.13162674009799957,
            0.056362055242061615,
            -0.048067111521959305
        ],
        [
            0.1363755315542221,
            0.05781135708093643,
            -0.05036170035600662
        ],
        [
            0.13520827889442444,
            0.05504155158996582,
            -0.05576849728822708
        ],
        [
            0.17854881286621094,
            0.03721418231725693,
            -0.056724682450294495
        ],
        [
            0.18185000121593475,
            0.03590282425284386,
            -0.05209723487496376
        ],
        [
            0.18531416356563568,
            0.039058275520801544,
            -0.0531657412648201
        ],
        [
            0.18273966014385223,
            0.040608666837215424,
            -0.05813167989253998
        ],
        [
            0.17147694528102875,
            0.01640673540532589,
            -0.04255276173353195
        ],
        [
            0.1736450344324112,
            0.010397116653621197,
            -0.042628269642591476
        ],
        [
            0.17702342569828033,
            0.014971530064940453,
            -0.04506067931652069
        ],
        [
            0.17343422770500183,
            0.01972912810742855,
            -0.04537020996212959
        ],
        [
            0.174789160490036,
            0.006683070212602615,
            -0.04730505496263504
        ],
        [
            0.17903825640678406,
            0.010850794613361359,
            -0.04937570169568062
        ],
        [
            0.1778019666671753,
            0.0356285497546196,
            -0.0629422590136528
        ],
        [
            0.18056294322013855,
            0.03091203048825264,
            -0.06803926080465317
        ],
        [
            0.16830949485301971,
            0.021747514605522156,
            -0.06462356448173523
        ],
        [
            0.16832581162452698,
            0.027463065460324287,
            -0.058978814631700516
        ],
        [
            0.09691868722438812,
            0.01909818686544895,
            -0.027165275067090988
        ],
        [
            0.09213778376579285,
            0.02833588793873787,
            -0.023091714829206467
        ],
        [
            0.10192403197288513,
            0.03565071523189545,
            -0.03206242620944977
        ],
        [
            0.11058943718671799,
            0.043029628694057465,
            -0.0417778417468071
        ],
        [
            0.11994059383869171,
            0.04915294051170349,
            -0.050212785601615906
        ],
        [
            0.1240994855761528,
            0.03924650326371193,
            -0.05649351701140404
        ],
        [
            0.09815573692321777,
            0.04149873927235603,
            -0.027728144079446793
        ],
        [
            0.16178855299949646,
            0.0240672305226326,
            -0.056834544986486435
        ],
        [
            0.15982334315776825,
            0.01618999056518078,
            -0.061862412840127945
        ],
        [
            0.15730538964271545,
            0.020846616476774216,
            -0.06053347885608673
        ],
        [
            0.12375129759311676,
            0.03488791361451149,
            -0.009200550615787506
        ],
        [
            0.19219253957271576,
            0.023006796836853027,
            -0.055267252027988434
        ],
        [
            0.09494274109601974,
            -0.019813982769846916,
            -0.0061075761914253235
        ],
        [
            0.08590763062238693,
            -0.0102623850107193,
            -0.010543014854192734
        ],
        [
            0.09340672194957733,
            -0.008837690576910973,
            -0.01492968201637268
        ],
        [
            0.10454976558685303,
            -0.019178636372089386,
            -0.009279876947402954
        ],
        [
            0.18639978766441345,
            0.03139372169971466,
            -0.04955584183335304
        ],
        [
            0.19036482274532318,
            0.026603884994983673,
            -0.05041847378015518
        ],
        [
            0.1391938328742981,
            0.05533596873283386,
            -0.03877754509449005
        ],
        [
            0.14280535280704498,
            0.0563325472176075,
            -0.04346312955021858
        ],
        [
            0.14064998924732208,
            0.05909494683146477,
            -0.045475900173187256
        ],
        [
            0.13798129558563232,
            0.06063108891248703,
            -0.04011242836713791
        ],
        [
            0.08947601914405823,
            0.03234849497675896,
            -0.01956332102417946
        ],
        [
            0.11748135834932327,
            0.06730231642723083,
            -0.03841833397746086
        ],
        [
            0.11682748049497604,
            0.06005089357495308,
            -0.04680363088846207
        ],
        [
            0.08380161970853806,
            0.021596603095531464,
            -0.01544886827468872
        ],
        [
            0.08742977678775787,
            0.013382961973547935,
            -0.019383486360311508
        ],
        [
            0.08034054189920425,
            0.009792540222406387,
            -0.013692442327737808
        ],
        [
            0.1372508406639099,
            0.03264479339122772,
            -0.061009686440229416
        ],
        [
            0.10236296057701111,
            0.01333487220108509,
            -0.03071971796452999
        ],
        [
            0.092257559299469,
            0.00789761170744896,
            -0.021720774471759796
        ],
        [
            0.08398913592100143,
            0.0033441707491874695,
            -0.01505913957953453
        ],
        [
            0.07740060240030289,
            0.0005537569522857666,
            -0.010732706636190414
        ],
        [
            0.07414551079273224,
            0.007946442812681198,
            -0.009582668542861938
        ],
        [
            0.18487657606601715,
            0.02693963795900345,
            -0.06789100170135498
        ],
        [
            0.18539775907993317,
            0.035133976489305496,
            -0.06845644861459732
        ],
        [
            0.06598427891731262,
            0.005725085735321045,
            -0.00618966668844223
        ],
        [
            0.07039797306060791,
            -0.0024076253175735474,
            -0.007076345384120941
        ],
        [
            0.09814601391553879,
            0.0009408481419086456,
            -0.023143459111452103
        ],
        [
            0.1065249815583229,
            -0.0074349623173475266,
            -0.023260511457920074
        ],
        [
            0.10780997574329376,
            0.006559580564498901,
            -0.03161536157131195
        ],
        [
            0.11644349992275238,
            -0.001226792111992836,
            -0.032800354063510895
        ],
        [
            0.1384502500295639,
            0.02231350541114807,
            -0.06450565159320831
        ],
        [
            0.19813966751098633,
            0.04953430965542793,
            -0.06741121411323547
        ],
        [
            0.1886226236820221,
            0.04305213689804077,
            -0.06658422946929932
        ],
        [
            0.18761661648750305,
            0.044238947331905365,
            -0.060984328389167786
        ],
        [
            0.19608743488788605,
            0.05110268294811249,
            -0.06396867334842682
        ],
        [
            0.18255740404129028,
            0.039299994707107544,
            -0.063908152282238
        ],
        [
            0.19093932211399078,
            0.03865174204111099,
            -0.06943515688180923
        ],
        [
            0.12810464203357697,
            -0.010035034269094467,
            -0.02947121113538742
        ],
        [
            0.1648102104663849,
            0.02755235880613327,
            -0.049539048224687576
        ],
        [
            0.12118971347808838,
            -0.017429931089282036,
            -0.016077596694231033
        ],
        [
            0.14345046877861023,
            -0.013425726443529129,
            -0.02801336906850338
        ],
        [
            0.1407444328069687,
            -0.01763763464987278,
            -0.016508296132087708
        ],
        [
            0.11594309657812119,
            -0.024919888004660606,
            -0.0008999817073345184
        ],
        [
            0.1347036510705948,
            -0.02297147735953331,
            -0.003031354397535324
        ],
        [
            0.09603514522314072,
            -0.026130445301532745,
            0.004749491810798645
        ],
        [
            0.10477050393819809,
            -0.024763476103544235,
            0.0008543655276298523
        ],
        [
            0.15160009264945984,
            -0.015002403408288956,
