{
    "pred_cam": [
        8.201472282409668,
        0.047333911061286926,
        -0.05151104927062988
    ],
    "pred_mano_params": {
        "global_orient": [
            [
                [
                    0.5931189060211182,
                    -0.146918386220932,
                    -0.7915964126586914
                ],
                [
                    -0.7327025532722473,
                    -0.5060164928436279,
                    -0.45507606863975525
                ],
                [
                    -0.3337017893791199,
                    0.8499189615249634,
                    -0.4077754318714142
                ]
            ]
        ],
        "hand_pose": [
            [
                [
                    0.7700132727622986,
                    -0.5435686111450195,
                    -0.3340848982334137
                ],
                [
                    0.5516489744186401,
                    0.8302847146987915,
                    -0.07944000512361526
                ],
                [
                    0.32056668400764465,
                    -0.12312772125005722,
                    0.9391893148422241
                ]
            ],
            [
                [
                    0.9387025237083435,
                    -0.34358006715774536,
                    0.028114108368754387
                ],
                [
                    0.3362811505794525,
                    0.8947068452835083,
                    -0.293963760137558
                ],
                [
                    0.07584619522094727,
                    0.2853987514972687,
                    0.9554030895233154
                ]
            ],
            [
                [
                    0.9325539469718933,
                    -0.33953428268432617,
                    0.12271727621555328
                ],
                [
                    0.34688377380371094,
                    0.9368811249732971,
                    -0.043878257274627686
                ],
                [
                    -0.10007333755493164,
                    0.08348748832941055,
                    0.9914711117744446
                ]
            ],
            [
                [
                    0.36404183506965637,
                    -0.8988691568374634,
                    -0.24394215643405914
                ],
                [
                    0.9306914806365967,
                    0.3611612021923065,
                    0.0581035390496254
                ],
                [
                    0.03587496653199196,
                    -0.24818697571754456,
                    0.9680476188659668
                ]
            ],
            [
                [
                    0.9888947606086731,
                    -0.017029261216521263,
                    -0.14763875305652618
                ],
                [
                    0.04733327403664589,
                    0.9777714014053345,
                    0.20426127314567566
                ],
                [
                    0.14087852835655212,
                    -0.20898111164569855,
                    0.9677190780639648
                ]
            ],
            [
                [
                    0.9605271220207214,
                    -0.20295944809913635,
                    0.19025002419948578
                ],
                [
                    0.21339641511440277,
                    0.9763073921203613,
                    -0.03585934638977051
                ],
                [
                    -0.17846450209617615,
                    0.07504254579544067,
                    0.9810805320739746
                ]
            ],
            [
                [
                    0.4981079399585724,
                    -0.8337934017181396,
                    0.23806960880756378
                ],
                [
                    0.7073866128921509,
                    0.5495240688323975,
                    0.4445532560348511
                ],
                [
                    -0.5014904737472534,
                    -0.05302825942635536,
                    0.8635365962982178
                ]
            ],
            [
                [
                    0.9797913432121277,
                    -0.11482372879981995,
                    -0.16378183662891388
                ],
                [
                    0.12967747449874878,
                    0.9880717396736145,
                    0.08305404335260391
                ],
                [
                    0.15229162573814392,
                    -0.10261443257331848,
                    0.9829941987991333
                ]
            ],
            [
                [
                    0.9892043471336365,
                    0.04468848556280136,
                    0.13956253230571747
                ],
                [
                    -0.09345295280218124,
                    0.9259540438652039,
                    0.3658902645111084
                ],
                [
                    -0.11287740617990494,
                    -0.3749827444553375,
                    0.9201340079307556
                ]
            ],
            [
                [
                    0.3470916450023651,
                    -0.9338110089302063,
                    0.08674269914627075
                ],
                [
                    0.919441282749176,
                    0.3570536673069,
                    0.1647433340549469
                ],
                [
                    -0.18481095135211945,
                    0.022573785856366158,
                    0.9825147390365601
                ]
            ],
            [
                [
                    0.9874455332756042,
                    -0.02821403555572033,
                    -0.15541987121105194
                ],
                [
                    0.07078351825475693,
                    0.9586367011070251,
                    0.27569055557250977
                ],
                [
                    0.1412128508090973,
                    -0.2832305431365967,
                    0.9485986232757568
                ]
            ],
            [
                [
                    0.9349961876869202,
                    -0.2606203258037567,
                    0.2405392825603485
                ],
                [
                    0.22707787156105042,
                    0.9609004259109497,
                    0.15844908356666565
                ],
                [
                    -0.27242931723594666,
                    -0.093528151512146,
                    0.9576193690299988
                ]
            ],
            [
                [
                    0.9589539170265198,
                    0.15025129914283752,
                    -0.24048270285129547
                ],
                [
                    -0.27720949053764343,
                    0.6752445101737976,
                    -0.6835201382637024
                ],
                [
                    0.05968483164906502,
                    0.7221283912658691,
                    0.6891794800758362
                ]
            ],
            [
                [
                    0.8871405124664307,
                    -0.36651018261909485,
                    -0.28044983744621277
                ],
                [
                    0.448032021522522,
                    0.829717755317688,
                    0.33292001485824585
                ],
                [
                    0.11067567020654678,
                    -0.4209973216056824,
                    0.9002845287322998
                ]
            ],
            [
                [
                    0.9825693368911743,
                    -0.10647880285978317,
                    -0.15238040685653687
                ],
                [
                    0.012636680155992508,
                    0.856066882610321,
                    -0.5167105793952942
                ],
                [
                    0.18546654284000397,
                    0.5057783722877502,
                    0.8424906134605408
                ]
            ]
        ],
        "betas": [
            0.06722283363342285,
            0.023057669401168823,
            -0.006953388452529907,
            0.0819154679775238,
            0.001934736967086792,
            -0.0995294526219368,
            -0.038711488246917725,
            -0.05307433009147644,
            -0.037044212222099304,
            -0.009428858757019043
        ]
    },
    "pred_cam_t": [
        -0.047333911061286926,
        -0.05151104927062988,
        4.762864589691162
    ],
    "focal_length": [
        5000.0,
        5000.0
    ],
    "pred_keypoints_3d": [
        [
            0.09536238014698029,
            0.0063691288232803345,
            0.006143543403595686
        ],
        [
            0.06303815543651581,
            0.02012840285897255,
            -0.009563740342855453
        ],
        [
            0.03759162500500679,
            0.03597192093729973,
            -0.016469448804855347
        ],
        [
            0.02333993650972843,
            0.05895836651325226,
            -0.016090940684080124
        ],
        [
            0.012835836037993431,
            0.09262093901634216,
            -0.018752533942461014
        ],
        [
            0.02773408591747284,
            0.06399384140968323,
            0.02262629009783268
        ],
        [
            0.02032441459596157,
            0.09604819118976593,
            0.023020386695861816
        ],
        [
            0.022804850712418556,
            0.11614213138818741,
            0.014076951891183853
        ],
        [
            0.027588050812482834,
            0.13528946042060852,
            -0.0014760755002498627
        ],
        [
            0.042285770177841187,
            0.07777632027864456,
            0.03772923722863197
        ],
        [
            0.04508371651172638,
            0.10391519963741302,
            0.020215533673763275
        ],
        [
            0.05136903375387192,
            0.12061983346939087,
            0.005414148792624474
        ],
        [
            0.053344693034887314,
            0.1389954686164856,
            -0.01255982369184494
        ],
        [
            0.06867322325706482,
            0.08015783876180649,
            0.0407678596675396
        ],
        [
            0.06506533920764923,
            0.10209152847528458,
            0.022658778354525566
        ],
        [
            0.07118745148181915,
            0.11934661120176315,
            0.006082611158490181
        ],
        [
            0.07155930995941162,
            0.13461783528327942,
            -0.013900421559810638
        ],
        [
            0.09020425379276276,
            0.08123449981212616,
            0.038121823221445084
        ],
        [
            0.08771075308322906,
            0.09951240569353104,
            0.0280250683426857
        ],
        [
            0.08908592164516449,
            0.11490368843078613,
            0.01716679334640503
        ],
        [
            0.08709442615509033,
            0.13117307424545288,
            0.0032563749700784683
        ]
    ],
    "pred_vertices": [
        [
            0.05566900223493576,
            0.04379643499851227,
            0.0020335279405117035
        ],
        [
            0.0627165287733078,
            0.03746158629655838,
            -0.002474837005138397
        ],
        [
            0.05372557044029236,
            0.041947826743125916,
            -0.005462918430566788
        ],
        [
            0.04706849902868271,
            0.04642500728368759,
            -0.0011443812400102615
        ],
        [
            0.06450226902961731,
            0.034139830619096756,
            -0.021676629781723022
        ],
        [
            0.06139441952109337,
            0.02461545169353485,
            -0.029040470719337463
        ],
        [
            0.04774829000234604,
            0.03522064909338951,
            -0.029023882001638412
        ],
        [
            0.05324072018265724,
            0.0419732928276062,
            -0.02337750419974327
        ],
        [
            0.039429157972335815,
            0.04755133017897606,
            -0.0017891712486743927
        ],
        [
            0.04663849622011185,
            0.045605286955833435,
            -0.007696989923715591
        ],
        [
            0.03589154779911041,
            0.04448116198182106,
            4.3760985136032104e-05
        ],
        [
            0.028074882924556732,
            0.04422726482152939,
            0.009376962669193745
        ],
        [
            0.03262989968061447,
            0.04889083281159401,
            0.005129188299179077
        ],
        [
            0.023872751742601395,
            0.04796123504638672,
            0.015587324276566505
        ],
        [
            0.0296050775796175,
            0.03423050791025162,
            0.014149457216262817
        ],
        [
            0.02515045739710331,
            0.044822268187999725,
            0.02456933632493019
        ],
        [
            0.05097018554806709,
            0.03309696167707443,
            0.03306209668517113
        ],
        [
            0.06325899064540863,
            0.036195386201143265,
            0.037827759981155396
        ],
        [
            0.05449572950601578,
            0.05041532218456268,
            0.04485638439655304
        ],
        [
            0.043044231832027435,
            0.046226657927036285,
            0.03823619335889816
        ],
        [
            0.0755004808306694,
            0.05242527648806572,
            0.04511617496609688
        ],
        [
            0.06355689465999603,
            0.05198996514081955,
            0.04524113982915878
        ],
        [
            0.0720401406288147,
            0.03724674880504608,
            0.039558231830596924
        ],
        [
            0.08222803473472595,
            0.03842150792479515,
            0.039517298340797424
        ],
        [
            0.07101966440677643,
            0.04242977127432823,
            0.006609629839658737
        ],
        [
            0.0781603455543518,
            0.035377129912376404,
            0.002348273992538452
        ],
        [
            0.07251469790935516,
            0.03496313840150833,
            0.0013327784836292267
        ],
        [
            0.06575339287519455,
            0.04180242866277695,
            0.005045652389526367
        ],
        [
            0.030244136229157448,
            0.04033063352108002,
            -0.005344592034816742
        ],
        [
            0.031549639999866486,
            0.02958161011338234,
            -0.001287851482629776
        ],
        [
            0.03229033946990967,
            0.03686850517988205,
            0.0017089638859033585
        ],
        [
            0.03350556269288063,
            0.044797055423259735,
            -0.005516774952411652
        ],
        [
            0.10179920494556427,
            0.023864466696977615,
            -0.009313832968473434
        ],
        [
            0.10608629882335663,
            0.01108117401599884,
            -0.009192142635583878
        ],
        [
            0.10102277994155884,
            0.00871729850769043,
            -0.010917708277702332
        ],
        [
            0.09815303981304169,
            0.020789623260498047,
            -0.010227195918560028
        ],
        [
            0.08032817393541336,
            0.009349502623081207,
            -0.02227543666958809
        ],
        [
            0.08602963387966156,
            0.0007502511143684387,
            -0.0172998309135437
        ],
        [
            0.07980424910783768,
            -0.011448465287685394,
            -0.015037566423416138
        ],
        [
            0.07208427786827087,
            -0.004416532814502716,
            -0.017464585602283478
        ],
        [
            0.07118421792984009,
            0.017757538706064224,
            -0.02670479752123356
        ],
        [
            0.06455866992473602,
            0.005346085876226425,
            -0.024751141667366028
        ],
        [
            0.05475904792547226,
            0.015023764222860336,
            -0.028360281139612198
        ],
        [
            0.04143509268760681,
            0.028188981115818024,
            -0.02888559177517891
        ],
        [
            0.11658129096031189,
            0.014715857803821564,
            -0.002863828092813492
        ],
        [
            0.1151503473520279,
            0.024775736033916473,
            -0.0025782957673072815
        ],
        [
            0.019979888573288918,
            0.09761268645524979,
            0.010712496004998684
        ],
        [
            0.025584137067198753,
            0.09910516440868378,
            0.01202795747667551
        ],
        [
            0.025714218616485596,
            0.09386216849088669,
            0.01194047462195158
        ],
        [
            0.020028868690133095,
            0.09334676712751389,
            0.011051789857447147
        ],
        [
            0.12047163397073746,
            0.018092326819896698,
            0.01664010062813759
        ],
        [
            0.11735653877258301,
            0.013690918684005737,
            0.02513778768479824
        ],
        [
            0.121915303170681,
            0.00904364138841629,
            0.021922925487160683
        ],
        [
            0.12343735992908478,
            0.012097768485546112,
            0.01317841187119484
        ],
        [
            0.116488978266716,
            0.026011958718299866,
            0.021158361807465553
        ],
        [
            0.11070048809051514,
            0.020277298986911774,
            0.02894190140068531
        ],
        [
            0.01266646571457386,
            0.10017741471529007,
            0.020673347637057304
        ],
        [
            0.012771788984537125,
            0.09905284643173218,
            0.015655891969799995
        ],
        [
            0.012495053000748158,
            0.0941513180732727,
            0.017845874652266502
        ],
        [
            0.013280980288982391,
            0.09454009681940079,
            0.023177972063422203
        ],
        [
            0.0400712713599205,
            0.05080302804708481,
            0.003341224044561386
        ],
        [
            0.04947039484977722,
            0.05075535178184509,
            0.004876201972365379
        ],
        [
            0.03171093761920929,
            0.06314244866371155,
            0.010862297378480434
        ],
        [
            0.0393187552690506,
            0.05858014523983002,
            0.00989379733800888
        ],
        [
            0.03337655961513519,
            0.05481290817260742,
            0.007958692498505116
        ],
        [
            0.027408434078097343,
            0.05877259746193886,
            0.010256422683596611
        ],
        [
            0.061970584094524384,
            0.060431044548749924,
            0.016902778297662735
        ],
        [
            0.06781367212533951,
            0.05143088102340698,
            0.01256704144179821
        ],
        [
            0.0613752156496048,
            0.05103229731321335,
            0.011147471144795418
        ],
        [
            0.05367176979780197,
            0.06073063239455223,
            0.014550063759088516
        ],
        [
            0.08125142753124237,
            0.05548739433288574,
            0.01417531631886959
        ],
        [
            0.0743643119931221,
            0.06370100378990173,
            0.018762951716780663
        ],
        [
            0.08283556252717972,
            0.06492507457733154,
            0.019171826541423798
        ],
        [
            0.08636105060577393,
            0.05941133201122284,
            0.014979561790823936
        ],
        [
            0.05971812084317207,
            0.07529255002737045,
            0.02625693380832672
        ],
        [
            0.05623955652117729,
            0.0779246911406517,
            0.02832808531820774
        ],
        [
            0.05968470126390457,
            0.07968822866678238,
            0.02767801657319069
        ],
        [
            0.06345120072364807,
            0.07579753547906876,
            0.026522886008024216
        ],
        [
            0.1258968561887741,
            0.0037168338894844055,
            0.019494660198688507
        ],
        [
            0.12542086839675903,
            0.005889177322387695,
            0.009947892278432846
        ],
        [
            0.09686479717493057,
            0.05659940838813782,
            0.04267061874270439
        ],
        [
            0.10552673041820526,
            0.057275839149951935,
            0.03556635230779648
        ],
        [
            0.1017073541879654,
            0.0691172182559967,
            0.040238384157419205
        ],
        [
            0.09311493486166,
            0.06541457772254944,
            0.04757695272564888
        ],
        [
            0.10935078561306,
            0.009320169687271118,
            0.030045267194509506
        ],
        [
            0.11556059122085571,
            0.004833817481994629,
            0.02846858836710453
        ],
        [
            0.016263945028185844,
            0.10177219659090042,
            0.025511490181088448
        ],
        [
            0.01740575209259987,
            0.09591881185770035,
            0.027383994311094284
        ],
        [
            0.050911061465740204,
            0.005826625972986221,
            -0.0190992783755064
        ],
        [
            0.036731794476509094,
            0.021994199603796005,
            -0.023237816989421844
        ],
        [
            0.06219954788684845,
            -0.0045751966536045074,
            -0.013121571391820908
        ],
        [
            0.06988246738910675,
            -0.011283047497272491,
            -0.007730375975370407
        ],
        [
            0.07553236186504364,
            -0.018076546490192413,
            -0.005778158083558083
        ],
        [
            0.042413245886564255,
            0.0633322075009346,
            0.013071298599243164
        ],
        [
            0.0582083985209465,
            0.04808180034160614,
            0.0070549193769693375
        ],
        [
            0.07587136328220367,
            0.04352337867021561,
            0.007619200274348259
        ],
        [
            0.10330914705991745,
            0.05688650906085968,
            0.011635474860668182
        ],
        [
            0.10817059129476547,
            0.04886794462800026,
            0.007074899971485138
        ],
        [
            0.0976637452840805,
            0.04901565611362457,
            0.0049665383994579315
        ],
        [
            0.09550584852695465,
            0.05573062598705292,
            0.009960994124412537
        ],
        [
            0.10831180214881897,
            0.06178487464785576,
            0.027047600597143173
        ],
        [
            0.10423038899898529,
            0.0644686371088028,
            0.02060873992741108
        ],
        [
            0.10065513849258423,
            0.07092670351266861,
            0.02465212158858776
        ],
        [
            0.10429239273071289,
            0.07036596536636353,
            0.03158377856016159
        ],
        [
            0.025666147470474243,
            0.03610366955399513,
            -0.009460587054491043
        ],
        [
            0.031094316393136978,
            0.023459836840629578,
            -0.005628407001495361
        ],
        [
            0.1202201396226883,
            0.021424591541290283,
            0.006632469594478607
        ],
        [
            0.12097632884979248,
            0.014314785599708557,
            0.0035983100533485413
        ],
        [
            0.12334461510181427,
            0.006230562925338745,
            0.0024900399148464203
        ],
        [
            0.08920890092849731,
            0.029425345361232758,
            -0.004694230854511261
        ],
        [
            0.09564203023910522,
            0.018730834126472473,
            -0.011097658425569534
        ],
        [
            0.0916096568107605,
            0.018179308623075485,
            -0.012996718287467957
        ],
        [
            0.08620427548885345,
            0.028327006846666336,
            -0.004580441862344742
        ],
        [
            0.07076121866703033,
            0.0335657000541687,
            -0.009415663778781891
        ],
        [
            0.07675860822200775,
            0.026102792471647263,
            -0.01880592480301857
        ],
        [
            0.06112189590930939,
            0.040560781955718994,
            -0.011870624497532845
        ],
        [
            0.09503879398107529,
            0.004164762794971466,
            -0.01391921378672123
        ],
        [
            0.10493485629558563,
            -0.0005360841751098633,
            -0.013129225000739098
        ],
        [
            0.0975131094455719,
            -0.004916578531265259,
            -0.01519935205578804
        ],
        [
            0.11304250359535217,
            0.0027844831347465515,
            -0.008793972432613373
        ],
        [
            0.11970563232898712,
            0.005368158221244812,
            -0.003495093435049057
        ],
        [
            0.12103298306465149,
            -0.0016296356916427612,
            0.028992921113967896
        ],
        [
            0.09008686989545822,
            -0.008763499557971954,
            -0.015425384044647217
        ],
        [
            0.04508305713534355,
            0.04634752869606018,
            -0.023571617901325226
        ],
        [
            0.03870043903589249,
            0.0505957156419754,
            -0.02298373356461525
        ],
        [
            0.04071377217769623,
            0.0517311617732048,
            -0.015771636739373207
        ],
        [
            0.046178676187992096,
            0.04805583134293556,
            -0.015506306663155556
        ],
        [
            0.019773287698626518,
            0.055098824203014374,
            0.020710891112685204
        ],
        [
            0.022394074127078056,
            0.05707357078790665,
            0.013468300923705101
        ],
        [
            0.027348343282938004,
            0.05042887106537819,
            0.009334521368145943
        ],
        [
            0.10132992267608643,
            0.0343087799847126,
            -0.00440673902630806
        ],
        [
            0.11279185116291046,
            0.03471469134092331,
            0.0008880235254764557
        ],
        [
            0.03493346646428108,
            0.06768651306629181,
            0.014056931249797344
        ],
        [
            0.013848639093339443,
            0.08965867012739182,
            0.025707252323627472
        ],
        [
            0.012653172016143799,
            0.08876364678144455,
            0.019873157143592834
        ],
        [
            0.015576288104057312,
            0.07055091857910156,
            0.021190570667386055
        ],
        [
            0.01651911810040474,
            0.0721978172659874,
            0.02784215845167637
        ],
        [
            0.034995391964912415,
            0.07410573214292526,
            0.02179890312254429
        ],
        [
            0.03370046243071556,
            0.07109744101762772,
            0.015587162226438522
        ],
        [
            0.0336507149040699,
            0.07316887378692627,
            0.01697586476802826
        ],
        [
            0.03624439612030983,
            0.07710471004247665,
            0.02160009928047657
        ],
        [
            0.0690431222319603,
            0.07934629172086716,
            0.027887612581253052
        ],
        [
            0.07211888581514359,
            0.07592794299125671,
            0.02669515833258629
        ],
        [
            0.036995839327573776,
            0.06111067533493042,
            0.03977226838469505
        ],
        [
            0.026418522000312805,
            0.05311743915081024,
            0.037023477256298065
        ],
        [
            0.032647889107465744,
            0.04263976216316223,
            0.03262317180633545
        ],
        [
            0.06927594542503357,
            0.06147855520248413,
            0.017999881878495216
        ],
        [
            0.06473374366760254,
            0.06963292509317398,
            0.02212536893785
        ],
        [
            0.06871192157268524,
            0.07043551653623581,
            0.022938713431358337
        ],
        [
            0.04326438158750534,
            0.06689859926700592,
            0.01603364571928978
        ],
        [
            0.03827044367790222,
            0.0708848312497139,
            0.018095452338457108
        ],
        [
            0.04289013892412186,
            0.0706927478313446,
            0.02028225176036358
        ],
        [
            0.048482298851013184,
            0.06713861227035522,
            0.017821989953517914
        ],
        [
            0.11004720628261566,
            0.045563388615846634,
            0.03130309656262398
        ],
        [
            0.11349143832921982,
            0.051224395632743835,
            0.02162296138703823
        ],
        [
            0.015402603894472122,
            0.0978681817650795,
            0.012036298401653767
        ],
        [
            0.015142753720283508,
            0.09334377944469452,
            0.013333268463611603
        ],
        [
            0.07484177500009537,
            0.0526532381772995,
            0.01367763988673687
        ],
        [
            0.04141240939497948,
            0.03170132637023926,
            0.02664307877421379
        ],
        [
            0.08112169802188873,
            0.04490410163998604,
            0.008356068283319473
        ],
        [
            0.0761365294456482,
            0.07461781054735184,
            0.04502766951918602
        ],
        [
            0.0795099139213562,
            0.07938776910305023,
            0.038573265075683594
        ],
        [
            0.07714565098285675,
            0.08279158920049667,
            0.036698900163173676
        ],
        [
            0.07385619729757309,
            0.08213862031698227,
            0.04154470935463905
        ],
        [
            0.03317369148135185,
            0.0916595533490181,
            0.021844323724508286
        ],
        [
            0.03134660795331001,
            0.09117775410413742,
            0.016300983726978302
        ],
        [
            0.03064788691699505,
            0.09526864439249039,
            0.015533145517110825
        ],
        [
            0.03210772946476936,
            0.09636445343494415,
            0.021024076268076897
        ],
        [
            0.029720405116677284,
            0.0681346133351326,
            0.012479912489652634
        ],
        [
            0.024527279660105705,
            0.06470002233982086,
            0.011671304702758789
        ],
        [
            0.023852219805121422,
            0.0706757977604866,
            0.012404117733240128
        ],
        [
            0.02935289405286312,
            0.07245723158121109,
            0.014076919294893742
        ],
        [
            0.0196653101593256,
            0.06360025703907013,
            0.015429305844008923
        ],
        [
            0.01847350038588047,
            0.06976991891860962,
            0.015630146488547325
        ],
        [
            0.030793635174632072,
            0.09183545410633087,
            0.027815937995910645
        ],
        [
            0.024258334189653397,
            0.09141907840967178,
            0.031404491513967514
        ],
        [
            0.028282703831791878,
            0.07644931972026825,
            0.03383895009756088
        ],
        [
            0.033798810094594955,
            0.07925096154212952,
            0.028558092191815376
        ],
        [
            0.0884120985865593,
            0.024899892508983612,
            0.03587204962968826
        ],
        [
            0.09891809523105621,
            0.028454236686229706,
            0.03534961864352226
        ],
        [
            0.09308294206857681,
            0.04197913408279419,
            0.03922354802489281
        ],
        [
            0.087671659886837,
            0.055409617722034454,
            0.04442160204052925
        ],
        [
            0.0815228819847107,
            0.06790462881326675,
            0.04797360301017761
        ],
        [
            0.0700748935341835,
            0.0643443837761879,
            0.05061411112546921
        ],
        [
            0.10105772316455841,
            0.04336494207382202,
            0.03768234699964523
        ],
        [
            0.03633064404129982,
            0.07136141508817673,
            0.030075158923864365
        ],
        [
            0.030967652797698975,
            0.066802978515625,
            0.03539079427719116
        ],
        [
            0.03557716682553291,
            0.06843996047973633,
            0.03537144139409065
        ],
        [
            0.08784100413322449,
            0.048128891736269,
            0.008264238014817238
        ],
        [
            0.014766587875783443,
            0.088108129799366,
            0.015113871544599533
        ],
        [
            0.07553862035274506,
            -0.012210816144943237,
            0.015590690076351166
        ],
        [
            0.08500152826309204,
            -0.008476383984088898,
            0.024330753833055496
        ],
        [
            0.07902289927005768,
            -0.0020474642515182495,
            0.02467706799507141
        ],
        [
            0.06863195449113846,
            -0.005845323204994202,
            0.014104349538683891
        ],
        [
            0.025998031720519066,
            0.08961518108844757,
            0.012207369320094585
        ],
        [
            0.01985723152756691,
            0.08836574852466583,
            0.011416933499276638
        ],
        [
            0.0780034065246582,
            0.07879817485809326,
            0.027332141995429993
        ],
        [
            0.07439002394676208,
            0.08165198564529419,
            0.028620541095733643
        ],
        [
            0.07694647461175919,
            0.08308985829353333,
            0.030403533950448036
        ],
        [
            0.08155552297830582,
            0.08252263069152832,
            0.028508435934782028
        ],
        [
            0.1046384647488594,
            0.0292571559548378,
            0.03382226079702377
        ],
        [
            0.09922043234109879,
            0.07760138064622879,
            0.03917976841330528
        ],
        [
            0.09126855432987213,
            0.0739949494600296,
            0.046538129448890686
        ],
        [
            0.10356777161359787,
            0.016589023172855377,
            0.03213471546769142
        ],
        [
            0.09450783580541611,
            0.0131688192486763,
            0.033148784190416336
        ],
        [
            0.09944795072078705,
            0.0049448758363723755,
            0.031432729214429855
        ],
        [
            0.05574376881122589,
            0.06722739338874817,
            0.046907901763916016
        ],
        [
            0.07977131009101868,
            0.024321801960468292,
            0.035819489508867264
        ],
        [
            0.08696964383125305,
            0.012158036231994629,
            0.03239898756146431
        ],
        [
            0.09254534542560577,
            0.0022863969206809998,
            0.030275683850049973
        ],
        [
            0.09704640507698059,
            -0.004712782800197601,
            0.029568783938884735
        ],
        [
            0.10418986529111862,
            -0.0010161921381950378,
            0.030716286972165108
        ],
        [
            0.018648747354745865,
            0.09086316078901291,
            0.029597826302051544
        ],
        [
            0.023585550487041473,
            0.09736146032810211,
            0.029521627351641655
        ],
        [
            0.10970847308635712,
            -0.008146315813064575,
            0.031492434442043304
        ],
        [
            0.1014554426074028,
            -0.011844664812088013,
            0.029518714174628258
        ],
        [
            0.07820139825344086,
            0.010384231805801392,
            0.030170070007443428
        ],
        [
            0.06795314699411392,
            0.008346840739250183,
            0.02590528503060341
        ],
        [
            0.07161125540733337,
            0.022304218262434006,
            0.03341442346572876
        ],
        [
            0.06079978495836258,
            0.02125569060444832,
            0.029781488701701164
        ],
        [
            0.04657449945807457,
            0.06112748011946678,
            0.04965963959693909
        ],
        [
            0.025814762338995934,
            0.11481106281280518,
            0.0228099524974823
        ],
        [
            0.027771422639489174,
            0.1039733812212944,
            0.026060527190566063
        ],
        [
            0.03078065626323223,
            0.10247255861759186,
            0.021332422271370888
        ],
        [
            0.02934730052947998,
            0.11379852145910263,
            0.02062411606311798
        ],
        [
            0.02972612902522087,
            0.09712561219930649,
            0.026331374421715736
        ],
        [
            0.02238447219133377,
            0.1032995879650116,
            0.027815034613013268
        ],
        [
            0.04929730296134949,
            0.019147396087646484,
            0.02066534012556076
        ],
        [
            0.03905082121491432,
            0.07355190068483353,
            0.022767549380660057
        ],
        [
            0.05623209476470947,
            0.005419492721557617,
            0.012351151555776596
        ],
        [
            0.03557515889406204,
            0.022135045379400253,
            0.010778544470667839
        ],
        [
            0.041005633771419525,
            0.01322266086935997,
            0.0023036859929561615
        ],
        [
            0.062344029545784,
            -0.007528975605964661,
            0.0018771793693304062
        ],
        [
            0.04965554177761078,
            0.001796908676624298,
            -0.005526019260287285
        ],
        [
            0.07567786425352097,
            -0.01941186934709549,
            0.005297807976603508
        ],
        [
            0.0696801245212555,
            -0.013015449047088623,
            0.005000181496143341
        ],
        [
            0.0380123108625412,
            0.013308163732290268,
            -0.012100683525204659
        ],
        [
            0.023239221423864365,
            0.10764646530151367,
