{
    "pred_cam": [
        8.122950553894043,
        0.05136891454458237,
        -0.05818156525492668
    ],
    "pred_mano_params": {
        "global_orient": [
            [
                [
                    0.5818168520927429,
                    -0.16210715472698212,
                    -0.7970009446144104
                ],
                [
                    -0.7310625910758972,
                    -0.5336747765541077,
                    -0.4251338243484497
                ],
                [
                    -0.3564220368862152,
                    0.8300075531005859,
                    -0.4290114641189575
                ]
            ]
        ],
        "hand_pose": [
            [
                [
                    0.7361809015274048,
                    -0.5747483372688293,
                    -0.3573543131351471
                ],
                [
                    0.5844167470932007,
                    0.8061507344245911,
                    -0.09261792153120041
                ],
                [
                    0.3413134515285492,
                    -0.14066028594970703,
                    0.929365336894989
                ]
            ],
            [
                [
                    0.9534363746643066,
                    -0.3008713126182556,
                    0.020872829481959343
                ],
                [
                    0.29526498913764954,
                    0.9170840978622437,
                    -0.2679094672203064
                ],
                [
                    0.06146413832902908,
                    0.261597603559494,
                    0.963218092918396
                ]
            ],
            [
                [
                    0.9256270527839661,
                    -0.35447198152542114,
                    0.13252992928028107
                ],
                [
                    0.36602669954299927,
                    0.9275270104408264,
                    -0.07561899721622467
                ],
                [
                    -0.09612025320529938,
                    0.11850445717573166,
                    0.9882903099060059
                ]
            ],
            [
                [
                    0.3637908697128296,
                    -0.9017112255096436,
                    -0.23360857367515564
                ],
                [
                    0.930858314037323,
                    0.3610951900482178,
                    0.055794790387153625
                ],
                [
                    0.03404414281249046,
                    -0.23775412142276764,
                    0.9707285165786743
                ]
            ],
            [
                [
                    0.9886618852615356,
                    -0.038975540548563004,
                    -0.14501234889030457
                ],
                [
                    0.06960518658161163,
                    0.974659264087677,
                    0.212589830160141
                ],
                [
                    0.1330518275499344,
                    -0.22027307748794556,
                    0.9663213491439819
                ]
            ],
            [
                [
                    0.9488701224327087,
                    -0.2557530999183655,
                    0.1850293129682541
                ],
                [
                    0.264192134141922,
                    0.9642176628112793,
                    -0.02206333912909031
                ],
                [
                    -0.17276577651500702,
                    0.06981853395700455,
                    0.982485294342041
                ]
            ],
            [
                [
                    0.4493529200553894,
                    -0.8502228260040283,
                    0.2742321193218231
                ],
                [
                    0.7154209017753601,
                    0.5263224840164185,
                    0.45951899886131287
                ],
                [
                    -0.5350279808044434,
                    -0.010294826701283455,
                    0.8447717428207397
                ]
            ],
            [
                [
                    0.9810407161712646,
                    -0.12998618185520172,
                    -0.14374510943889618
                ],
                [
                    0.1550503522157669,
                    0.971413254737854,
                    0.1797657012939453
                ],
                [
                    0.11626885086297989,
                    -0.1986452043056488,
                    0.973150372505188
                ]
            ],
            [
                [
                    0.9895865321159363,
                    -0.019703803583979607,
                    0.1425843983888626
                ],
                [
                    -0.03292461857199669,
                    0.9333376288414001,
                    0.35748687386512756
                ],
                [
                    -0.14012321829795837,
                    -0.3584587275981903,
                    0.9229695796966553
                ]
            ],
            [
                [
                    0.33512383699417114,
                    -0.9382521510124207,
                    0.0858776867389679
                ],
                [
                    0.9200823307037354,
                    0.3455260992050171,
                    0.18455398082733154
                ],
                [
                    -0.20283113420009613,
                    0.017166106030344963,
                    0.9790632128715515
                ]
            ],
            [
                [
                    0.985481321811676,
                    -0.05803059786558151,
                    -0.1595591902732849
                ],
                [
                    0.10192637145519257,
                    0.9537967443466187,
                    0.2826356887817383
                ],
                [
                    0.13578549027442932,
                    -0.294795423746109,
                    0.9458637237548828
                ]
            ],
            [
                [
                    0.9251062273979187,
                    -0.29267287254333496,
                    0.24191108345985413
                ],
                [
                    0.2551228106021881,
                    0.950962483882904,
                    0.17487908899784088
                ],
                [
                    -0.28123071789741516,
                    -0.1000647097826004,
                    0.9544088244438171
                ]
            ],
            [
                [
                    0.955226719379425,
                    0.20942361652851105,
                    -0.20900647342205048
                ],
                [
                    -0.29507017135620117,
                    0.7263453006744385,
                    -0.6207706332206726
                ],
                [
                    0.021806854754686356,
                    0.6546482443809509,
                    0.7556191086769104
                ]
            ],
            [
                [
                    0.885217547416687,
                    -0.37080204486846924,
                    -0.28088387846946716
                ],
                [
                    0.45077240467071533,
                    0.8328747749328613,
                    0.3211292624473572
                ],
                [
                    0.11486566811800003,
                    -0.41088396310806274,
                    0.9044227004051208
                ]
            ],
            [
                [
                    0.9764097929000854,
                    -0.1055213063955307,
                    -0.1883857399225235
                ],
                [
                    -0.006915341597050428,
                    0.8567266464233398,
                    -0.5157244205474854
                ],
                [
                    0.2158149927854538,
                    0.5048611164093018,
                    0.8357865810394287
                ]
            ]
        ],
        "betas": [
            0.08485034108161926,
            -0.0031646788120269775,
            -0.025758683681488037,
            0.09440252184867859,
            0.0010582506656646729,
            -0.09852006286382675,
            -0.02087804675102234,
            -0.056498199701309204,
            -0.0276096910238266,
            -0.023306280374526978
        ]
    },
    "pred_cam_t": [
        -0.05136891454458237,
        -0.05818156525492668,
        4.808905124664307
    ],
    "focal_length": [
        5000.0,
        5000.0
    ],
    "pred_keypoints_3d": [
        [
            0.09530860930681229,
            0.006361302919685841,
            0.006143944337964058
        ],
        [
            0.06339430063962936,
            0.021263420581817627,
            -0.009220270439982414
        ],
        [
            0.03672550246119499,
            0.035235412418842316,
            -0.015406431630253792
        ],
        [
            0.021099038422107697,
            0.057286906987428665,
            -0.014692127704620361
        ],
        [
            0.00905118603259325,
            0.09048096090555191,
            -0.015917999669909477
        ],
        [
            0.028729520738124847,
            0.06458532065153122,
            0.024296771734952927
        ],
        [
            0.023258179426193237,
            0.09701284766197205,
            0.02482762187719345
        ],
        [
            0.026360029354691505,
            0.11735646426677704,
            0.01669604331254959
        ],
        [
            0.03187822550535202,
            0.1367182433605194,
            0.0015750378370285034
        ],
        [
            0.04339653253555298,
            0.07752317935228348,
            0.039949797093868256
        ],
        [
            0.046702176332473755,
            0.1042037084698677,
            0.023420797660946846
        ],
        [
            0.05338927358388901,
            0.12096639722585678,
            0.008883233182132244
        ],
        [
            0.056225165724754333,
            0.1384841352701187,
            -0.009737703949213028
        ],
        [
            0.06974926590919495,
            0.07928791642189026,
            0.043234601616859436
        ],
        [
            0.06646454334259033,
            0.10152189433574677,
            0.025457745417952538
        ],
        [
            0.07320274412631989,
            0.11835339665412903,
            0.008706226944923401
        ],
        [
            0.07429966330528259,
            0.1326192319393158,
            -0.011929955333471298
        ],
        [
            0.09127891063690186,
            0.08004602789878845,
            0.04077906906604767
        ],
        [
            0.08881333470344543,
            0.09826743602752686,
            0.03059588558971882
        ],
        [
            0.09054304659366608,
            0.11272156238555908,
            0.018577612936496735
        ],
        [
            0.08910549432039261,
            0.12679752707481384,
            0.0030139293521642685
        ]
    ],
    "pred_vertices": [
        [
            0.05623810738325119,
            0.0445990264415741,
            0.003085331991314888
        ],
        [
            0.06297343224287033,
            0.03844372183084488,
            -0.0017796196043491364
        ],
        [
            0.05348428338766098,
            0.04271352291107178,
            -0.004769239574670792
        ],
        [
            0.0474248081445694,
            0.04728635400533676,
            -0.00010175444185733795
        ],
        [
            0.06382438540458679,
            0.03490560129284859,
            -0.021317195147275925
        ],
        [
            0.06086285039782524,
            0.025298144668340683,
            -0.028686147183179855
        ],
        [
            0.04661041125655174,
            0.035223595798015594,
            -0.028294231742620468
        ],
        [
            0.051892511546611786,
            0.04218987375497818,
            -0.022753380239009857
        ],
        [
            0.039439089596271515,
            0.04820048436522484,
            -0.0007678400725126266
        ],
        [
            0.046039145439863205,
            0.04607369005680084,
            -0.006914105266332626
        ],
        [
            0.03556156903505325,
            0.044653285294771194,
            0.0010040979832410812
        ],
        [
            0.02845979668200016,
            0.044764552265405655,
            0.01042648870497942
        ],
        [
            0.03314505144953728,
            0.04968820884823799,
            0.00629713200032711
        ],
        [
            0.024488436058163643,
            0.04863080009818077,
            0.016756389290094376
        ],
        [
            0.030019164085388184,
            0.0345623716711998,
            0.014958823099732399
        ],
        [
            0.02570929378271103,
            0.045244671404361725,
            0.025688720867037773
        ],
        [
            0.05137074366211891,
            0.03292340040206909,
            0.03375380486249924
        ],
        [
            0.06360408663749695,
            0.0356295071542263,
            0.038657672703266144
        ],
        [
            0.05506506562232971,
            0.04974322021007538,
            0.046152111142873764
        ],
        [
            0.04361327737569809,
            0.0460149422287941,
            0.0393519289791584
        ],
        [
            0.076044462621212,
            0.05136197805404663,
            0.046642664819955826
        ],
        [
            0.06412594020366669,
            0.05113722383975983,
            0.04666171595454216
        ],
        [
            0.07236742973327637,
            0.03645073249936104,
            0.04047759994864464
        ],
        [
            0.08255288004875183,
            0.03743430972099304,
            0.040545132011175156
        ],
        [
            0.07165834307670593,
            0.0428071953356266,
            0.0077664777636528015
        ],
        [
            0.07872878015041351,
            0.03590017557144165,
            0.003273412585258484
        ],
        [
            0.07305733859539032,
            0.03576458990573883,
            0.0021339096128940582
        ],
        [
            0.06639228016138077,
            0.04237648844718933,
            0.006128156557679176
        ],
        [
            0.02947784587740898,
            0.03946603834629059,
            -0.004279812797904015
        ],
        [
            0.03152748942375183,
            0.029474060982465744,
            -0.00047586485743522644
        ],
        [
            0.032149605453014374,
            0.036840952932834625,
            0.0025987382978200912
        ],
        [
            0.032487865537405014,
            0.044099725782871246,
            -0.004492860287427902
        ],
        [
            0.10215559601783752,
            0.02426084876060486,
            -0.008596058934926987
        ],
        [
            0.10619910806417465,
            0.011419422924518585,
            -0.008937649428844452
        ],
        [
            0.10110846161842346,
            0.009240373969078064,
            -0.010780584067106247
        ],
        [
            0.0984799787402153,
            0.021354734897613525,
            -0.009647402912378311
        ],
        [
            0.08021554350852966,
            0.010436557233333588,
            -0.022323237732052803
        ],
        [
            0.08601921796798706,
            0.0017957165837287903,
            -0.01750483736395836
        ],
        [
            0.07957491278648376,
            -0.010496318340301514,
            -0.015656672418117523
        ],
        [
            0.07193119823932648,
            -0.003494180738925934,
            -0.01775602623820305
        ],
        [
            0.07093042135238647,
            0.018697276711463928,
            -0.02657892368733883
        ],
        [
            0.06442920118570328,
            0.006179068237543106,
            -0.024745548143982887
        ],
        [
            0.05452751740813255,
            0.015476524829864502,
            -0.027953043580055237
        ],
        [
            0.040676623582839966,
            0.027828887104988098,
            -0.028040431439876556
        ],
        [
            0.11672095954418182,
            0.014618471264839172,
            -0.0024387910962104797
        ],
        [
            0.11546778678894043,
            0.02466832846403122,
            -0.0017716363072395325
        ],
        [
            0.02274618297815323,
            0.09906211495399475,
            0.012875620275735855
        ],
        [
            0.028394510969519615,
            0.10023655742406845,
            0.014180642552673817
        ],
        [
            0.028295345604419708,
            0.09497050940990448,
            0.014023791998624802
        ],
        [
            0.022575410082936287,
            0.09476108103990555,
            0.01317395269870758
        ],
        [
            0.12053278088569641,
            0.017219185829162598,
            0.01718953251838684
        ],
        [
            0.11728736013174057,
            0.012587159872055054,
            0.02549268677830696
        ],
        [
            0.12177926301956177,
            0.007978089153766632,
            0.02213675156235695
        ],
        [
            0.12340812385082245,
            0.011302724480628967,
            0.013523396104574203
        ],
        [
            0.11667484045028687,
            0.025037430226802826,
            0.021978477016091347
        ],
        [
            0.11073692888021469,
            0.01914989948272705,
            0.029494425281882286
        ],
        [
            0.01563291996717453,
            0.10186414420604706,
            0.02288934402167797
        ],
        [
            0.01566515490412712,
            0.10080467909574509,
            0.01787135750055313
        ],
        [
            0.015123358927667141,
            0.09587643295526505,
            0.019989127293229103
        ],
        [
            0.01594512350857258,
            0.0962081179022789,
            0.025282973423600197
        ],
        [
            0.04077073931694031,
            0.05172140523791313,
            0.004604572430253029
        ],
        [
            0.05024554580450058,
            0.05154825747013092,
            0.00619102455675602
        ],
        [
            0.03278415650129318,
            0.06388915330171585,
            0.012510238215327263
        ],
        [
            0.040260136127471924,
            0.05936344712972641,
            0.011461452580988407
        ],
        [
            0.03422877565026283,
            0.0557391457259655,
            0.009370764717459679
        ],
        [
            0.028394779190421104,
            0.05971074104309082,
            0.011737951077520847
        ],
        [
            0.0628826767206192,
            0.06056991592049599,
            0.018650788813829422
        ],
        [
            0.06857931613922119,
            0.0516214594244957,
            0.014032356441020966
        ],
        [
            0.062153931707143784,
            0.05140478163957596,
            0.012555448338389397
        ],
        [
            0.05461939051747322,
            0.06110849231481552,
            0.016264596953988075
        ],
        [
            0.08206549286842346,
            0.055351994931697845,
            0.015891367569565773
        ],
        [
            0.07530554383993149,
            0.06352587044239044,
            0.02071906439960003
        ],
        [
            0.08379189670085907,
            0.06455254554748535,
            0.021256346255540848
        ],
        [
            0.08723898977041245,
            0.05913364887237549,
            0.0168826375156641
        ],
        [
            0.06085066497325897,
            0.07512379437685013,
            0.02852804958820343
        ],
        [
            0.05743444710969925,
            0.07775858789682388,
            0.030699364840984344
        ],
        [
            0.06083466485142708,
            0.07934489846229553,
            0.03012785129249096
        ],
        [
            0.0645739957690239,
            0.0755208432674408,
            0.028836267068982124
        ],
        [
            0.1256732940673828,
            0.0026712566614151,
            0.019541630521416664
        ],
        [
            0.12529389560222626,
            0.005183130502700806,
            0.010084796696901321
        ],
        [
            0.09748903661966324,
            0.055214740335941315,
            0.044631484895944595
        ],
        [
            0.10622680187225342,
            0.05595242604613304,
            0.03762760013341904
        ],
        [
            0.10253685712814331,
            0.06776107847690582,
            0.042896781116724014
        ],
        [
            0.0938015878200531,
            0.06395669281482697,
            0.05000413581728935
        ],
        [
            0.10918129980564117,
            0.008205875754356384,
            0.030176857486367226
        ],
        [
            0.11531426757574081,
            0.0036680102348327637,
            0.0284748338162899
        ],
        [
            0.019301360473036766,
            0.10322383046150208,
            0.02771700732409954
        ],
        [
            0.02014898881316185,
            0.09735266119241714,
            0.029466472566127777
        ],
        [
            0.05110127106308937,
            0.0062978193163871765,
            -0.018798943608999252
        ],
        [
            0.03644880652427673,
            0.021512672305107117,
            -0.022344734519720078
        ],
        [
            0.062351904809474945,
            -0.003724530339241028,
            -0.013289609923958778
        ],
        [
            0.06985926628112793,
            -0.01045418530702591,
            -0.00827430933713913
        ],
        [
            0.0752670094370842,
            -0.017347216606140137,
            -0.006658652797341347
        ],
        [
            0.043416958302259445,
            0.06390409171581268,
            0.014836486428976059
        ],
        [
            0.058951228857040405,
            0.048667535185813904,
            0.008331643417477608
        ],
        [
            0.07651607692241669,
            0.043751735240221024,
            0.008856067433953285
        ],
        [
            0.10414023697376251,
            0.056411467492580414,
            0.013581790030002594
        ],
        [
            0.10887736082077026,
            0.04849277809262276,
            0.00874999538064003
        ],
        [
            0.09839384257793427,
            0.0489024817943573,
            0.006576158106327057
        ],
        [
            0.09633278101682663,
            0.055462054908275604,
            0.011805865913629532
        ],
        [
            0.1091402918100357,
            0.06067989021539688,
            0.029301844537258148
        ],
        [
            0.10515544563531876,
            0.063638836145401,
            0.02290531061589718
        ],
        [
            0.10171767324209213,
            0.07000362873077393,
            0.027274249121546745
        ],
        [
            0.1052599549293518,
            0.06919851154088974,
            0.034304916858673096
        ],
        [
            0.025007572025060654,
            0.034948937594890594,
            -0.008291399106383324
        ],
        [
            0.03115619719028473,
            0.023260358721017838,
            -0.004853779450058937
        ],
        [
            0.12041352689266205,
            0.020903930068016052,
            0.0073173269629478455
        ],
        [
            0.12106245756149292,
            0.01390201598405838,
            0.004023350775241852
        ],
        [
            0.12328079342842102,
            0.005831271409988403,
            0.0026393458247184753
        ],
        [
            0.0897042453289032,
            0.030026573687791824,
            -0.003897041082382202
        ],
        [
            0.09595063328742981,
            0.019440006464719772,
            -0.010627381503582
        ],
        [
            0.09188559651374817,
            0.01910160854458809,
            -0.012644670903682709
        ],
        [
            0.08668817579746246,
            0.029128514230251312,
            -0.003915108740329742
        ],
        [
            0.07071501016616821,
            0.03474458307027817,
            -0.009067073464393616
        ],
        [
            0.07666470110416412,
            0.027223508805036545,
            -0.018562689423561096
        ],
        [
            0.06036782264709473,
            0.04135836660861969,
            -0.011455098167061806
        ],
        [
            0.09508051723241806,
            0.004950851202011108,
            -0.014002855867147446
        ],
        [
            0.10486385971307755,
            1.1064112186431885e-05,
            -0.013316992670297623
        ],
        [
            0.09738925844430923,
            -0.004151791334152222,
            -0.015589427202939987
        ],
        [
            0.11299663782119751,
            0.0030075088143348694,
            -0.008812569081783295
        ],
        [
            0.11967088282108307,
            0.005259275436401367,
            -0.0033883750438690186
        ],
        [
            0.12065716087818146,
            -0.0029065608978271484,
            0.02880110777914524
        ],
        [
            0.0898972749710083,
            -0.007882773876190186,
            -0.01596144028007984
        ],
        [
            0.04338309168815613,
            0.046094052493572235,
            -0.022736310958862305
        ],
        [
            0.036732081323862076,
            0.04992268607020378,
            -0.021968569606542587
        ],
        [
            0.038849491626024246,
            0.051152925938367844,
            -0.0148079302161932
        ],
        [
            0.04461532086133957,
            0.04786662012338638,
            -0.01469484530389309
        ],
        [
            0.020634548738598824,
            0.05595221370458603,
            0.021997489035129547
        ],
        [
            0.023330770432949066,
            0.058040130883455276,
            0.014829464256763458
        ],
        [
            0.028045015409588814,
            0.05131935700774193,
            0.010569507256150246
        ],
        [
            0.10184738039970398,
            0.0345010869204998,
            -0.003314521163702011
        ],
        [
            0.11326812952756882,
            0.03450614586472511,
            0.002054106444120407
        ],
        [
            0.03611700236797333,
            0.06817156821489334,
            0.01583990268409252
        ],
        [
            0.016336511820554733,
            0.09114627540111542,
            0.027630722150206566
        ],
        [
            0.01510578952729702,
            0.0903862863779068,
            0.02181531861424446
        ],
        [
            0.01713859848678112,
            0.07169429957866669,
            0.02264362946152687
        ],
        [
            0.018097994849085808,
            0.0732058584690094,
            0.02932905964553356
        ],
        [
            0.03649793192744255,
            0.07425904273986816,
            0.023639734834432602
        ],
        [
            0.03516814857721329,
            0.0714053362607956,
            0.01732442155480385
        ],
        [
            0.035291463136672974,
            0.07340922951698303,
            0.0187111496925354
        ],
        [
            0.03804508596658707,
            0.07714156806468964,
            0.023412343114614487
        ],
        [
            0.07015589624643326,
            0.07880929112434387,
            0.030329864472150803
        ],
        [
            0.07323721051216125,
            0.07547386735677719,
            0.029048824682831764
        ],
        [
            0.037825413048267365,
            0.06094976142048836,
            0.04135376960039139
        ],
        [
            0.027091436088085175,
            0.053394295275211334,
            0.03837314993143082
        ],
        [
            0.03318886458873749,
            0.042739205062389374,
            0.03366508707404137
        ],
        [
            0.07018774002790451,
            0.06143482029438019,
            0.0198348555713892
        ],
        [
            0.06577438116073608,
            0.06951599568128586,
            0.02422250807285309
        ],
        [
            0.06975661218166351,
            0.07020460814237595,
            0.02508968859910965
        ],
        [
            0.04433021321892738,
            0.06734243780374527,
            0.01791471242904663
        ],
        [
            0.039480529725551605,
            0.07119709253311157,
            0.020019076764583588
        ],
        [
            0.04402787238359451,
            0.07102999836206436,
            0.022270288318395615
        ],
        [
            0.04953978955745697,
            0.06748507171869278,
            0.019731536507606506
        ],
        [
            0.11053900420665741,
            0.044315848499536514,
            0.03284981846809387
        ],
        [
            0.1141383945941925,
            0.05023492872714996,
            0.023412512615323067
        ],
        [
            0.018203839659690857,
            0.09953373670578003,
            0.014230871573090553
        ],
        [
            0.01770700141787529,
            0.09497731924057007,
            0.015479793772101402
        ],
        [
            0.07561290264129639,
            0.052668821066617966,
            0.015238041058182716
        ],
        [
            0.04189642518758774,
            0.03180675953626633,
            0.027327103540301323
        ],
        [
            0.08178286254405975,
            0.04499397054314613,
            0.009689655154943466
        ],
        [
            0.07708845287561417,
            0.07355579733848572,
            0.04730725660920143
        ],
        [
            0.08061257749795914,
            0.07842551171779633,
            0.04101567342877388
        ],
        [
            0.07832895964384079,
            0.08188025653362274,
            0.039115987718105316
        ],
        [
            0.07498706877231598,
            0.08115781843662262,
            0.043919701129198074
        ],
        [
            0.035700615495443344,
            0.0920700877904892,
            0.023824647068977356
        ],
        [
            0.033897172659635544,
            0.09173356741666794,
            0.01827380806207657
        ],
        [
            0.03329546004533768,
            0.09607839584350586,
            0.01763046905398369
        ],
        [
            0.034798603504896164,
            0.09701749682426453,
            0.023115087300539017
        ],
        [
            0.03111531026661396,
            0.06869867444038391,
            0.014098098501563072
        ],
        [
            0.02580297365784645,
            0.06556907296180725,
            0.013165495358407497
        ],
        [
            0.02546948939561844,
            0.07149983197450638,
            0.013953642919659615
        ],
        [
            0.031020279973745346,
            0.07296793162822723,
            0.015733858570456505
        ],
        [
            0.020925192162394524,
            0.06459019333124161,
            0.016802778467535973
        ],
        [
            0.020041387528181076,
            0.0708354264497757,
            0.01710849441587925
        ],
        [
            0.033283963799476624,
            0.09232810139656067,
            0.029785821214318275
        ],
        [
            0.026750046759843826,
            0.09224769473075867,
            0.03338417410850525
        ],
        [
            0.029959050938487053,
            0.07674220204353333,
            0.03553583472967148
        ],
        [
            0.03566577285528183,
            0.0793500766158104,
            0.030352815985679626
        ],
        [
            0.08850863575935364,
            0.023946262896060944,
            0.03643376752734184
        ],
        [
            0.09907282888889313,
            0.027312733232975006,
            0.03611409291625023
        ],
        [
            0.09346084296703339,
            0.04079003259539604,
            0.0404752753674984
        ],
        [
            0.08825100213289261,
            0.05414078012108803,
            0.04620799794793129
        ],
        [
            0.08226875960826874,
            0.06662949919700623,
            0.05024253949522972
        ],
        [
            0.07079887390136719,
            0.06319267302751541,
            0.05254692956805229
        ],
        [
            0.10146496444940567,
            0.042071159929037094,
            0.039060547947883606
        ],
        [
            0.03750354424118996,
            0.07144936174154282,
            0.03195446357131004
        ],
        [
            0.03206533566117287,
            0.0669325739145279,
            0.037020064890384674
        ],
        [
            0.0365985743701458,
            0.0683826133608818,
            0.03715366870164871
        ],
        [
            0.08855313062667847,
            0.04808131605386734,
            0.009769631549715996
        ],
        [
            0.017207833006978035,
            0.08965543657541275,
            0.01703619211912155
        ],
        [
            0.0752452090382576,
            -0.01215004175901413,
            0.014817062765359879
        ],
        [
            0.08461394160985947,
            -0.008886456489562988,
            0.023694105446338654
        ],
        [
            0.07878433912992477,
            -0.0023632198572158813,
            0.024250146001577377
        ],
        [
            0.06858666241168976,
            -0.0056308358907699585,
            0.013589381240308285
        ],
        [
            0.028528999537229538,
            0.09049980342388153,
            0.014146057888865471
        ],
        [
            0.022319693118333817,
            0.08965958654880524,
            0.01333310455083847
        ],
        [
            0.07919749617576599,
            0.07819397747516632,
            0.02979053556919098
        ],
        [
            0.07555948197841644,
            0.08099915832281113,
            0.03109094128012657
        ],
        [
            0.07811629772186279,
            0.08228766918182373,
            0.03283689543604851
        ],
        [
            0.08282150328159332,
            0.081783227622509,
            0.031085867434740067
        ],
        [
            0.10481241345405579,
            0.0280546173453331,
            0.03467029705643654
        ],
        [
            0.10002028197050095,
            0.07651235163211823,
            0.042036015540361404
        ],
        [
            0.09193608164787292,
            0.07272438704967499,
            0.04914339631795883
        ],
        [
            0.10352367162704468,
            0.015495501458644867,
            0.03249318525195122
        ],
        [
            0.0944049209356308,
            0.012218348681926727,
            0.033323921263217926
        ],
        [
            0.09920284152030945,
            0.0039799511432647705,
            0.03133704140782356
        ],
        [
            0.05658196657896042,
            0.06643150001764297,
            0.04883667826652527
        ],
        [
            0.07987726479768753,
            0.023535851389169693,
            0.036308519542217255
        ],
        [
            0.08686933666467667,
            0.011381678283214569,
            0.03249739855527878
        ],
        [
            0.09227387607097626,
            0.0015003979206085205,
            0.03005487658083439
        ],
        [
            0.09664655476808548,
            -0.00554521381855011,
            0.029119212180376053
        ],
        [
            0.10383468866348267,
            -0.002032332122325897,
            0.03043246641755104
        ],
        [
            0.02116766758263111,
            0.09206769615411758,
            0.03156514838337898
        ],
        [
            0.026344865560531616,
            0.09837656468153,
            0.031626518815755844
        ],
        [
            0.10920929908752441,
            -0.009281516075134277,
            0.030991852283477783
        ],
        [
            0.10091562569141388,
            -0.012746408581733704,
            0.028845567256212234
        ],
        [
            0.07810873538255692,
            0.009859085083007812,
            0.03016161173582077
        ],
        [
            0.06798484921455383,
            0.008165262639522552,
            0.025820959359407425
        ],
        [
            0.07172594964504242,
            0.021764688193798065,
            0.03379744663834572
        ],
        [
            0.06098858267068863,
            0.02104158326983452,
            0.03009626269340515
        ],
        [
            0.047304876148700714,
            0.060415178537368774,
            0.05127657204866409
        ],
        [
            0.02942594699561596,
            0.11568644642829895,
            0.025290202349424362
        ],
        [
            0.03084796480834484,
            0.10470321774482727,
            0.02827792428433895
        ],
        [
            0.03376812860369682,
            0.10315876454114914,
            0.02351805754005909
        ],
        [
            0.032909784466028214,
            0.11456819623708725,
            0.02307268977165222
        ],
        [
            0.03244062513113022,
            0.09783056378364563,
            0.02843237668275833
        ],
        [
            0.0254377368837595,
            0.10431943088769913,
            0.030038122087717056
        ],
        [
            0.049699895083904266,
            0.01933075115084648,
            0.020990435034036636
        ],
        [
            0.04031271114945412,
            0.07382325828075409,
            0.024790985509753227
        ],
        [
            0.05662401020526886,
            0.0057560838758945465,
            0.012332313694059849
        ],
        [
            0.036010757088661194,
            0.022392839193344116,
            0.011307161301374435
        ],
        [
            0.04145761951804161,
            0.013557493686676025,
            0.0026678964495658875
        ],
        [
            0.06255010515451431,
            -0.0069465115666389465,
            0.0015501342713832855
        ],
        [
            0.05009119212627411,
            0.0022993534803390503,
            -0.005364406853914261
        ],
        [
            0.07532419264316559,
            -0.01902581751346588,
            0.004325168207287788
        ],
        [
            0.06957041472196579,
            -0.01255275309085846,
            0.004317091777920723
        ],
        [
            0.038286495953798294,
            0.013214662671089172,
            -0.011445870622992516
        ],
        [
            0.026492413133382797,
            0.10903342068195343,
