{
    "pred_cam": [
        6.8060407638549805,
        -0.04555191844701767,
        -0.018706372007727623
    ],
    "pred_mano_params": {
        "global_orient": [
            [
                [
                    0.9751590490341187,
                    0.2213560938835144,
                    -0.008144455961883068
                ],
                [
                    0.20999740064144135,
                    -0.9355665445327759,
                    -0.28393039107322693
                ],
                [
                    -0.07046938687562943,
                    0.27516695857048035,
                    -0.9588103890419006
                ]
            ]
        ],
        "hand_pose": [
            [
                [
                    0.6935088634490967,
                    -0.7020248770713806,
                    -0.16188466548919678
                ],
                [
                    0.6826503276824951,
                    0.7121456861495972,
                    -0.1638202667236328
                ],
                [
                    0.23029136657714844,
                    0.0031001842580735683,
                    0.9731168746948242
                ]
            ],
            [
                [
                    0.6964356303215027,
                    -0.6995867490768433,
                    0.1598617285490036
                ],
                [
                    0.7122980356216431,
                    0.646822988986969,
                    -0.27249136567115784
                ],
                [
                    0.08722911030054092,
                    0.3036418855190277,
                    0.9487848281860352
                ]
            ],
            [
                [
                    0.844313383102417,
                    -0.5322221517562866,
                    0.0622454434633255
                ],
                [
                    0.5225075483322144,
                    0.8434774875640869,
                    0.12462574243545532
                ],
                [
                    -0.11883122473955154,
                    -0.07269946485757828,
                    0.9902493953704834
                ]
            ],
            [
                [
                    0.3231801390647888,
                    -0.9048430323600769,
                    -0.2771528661251068
                ],
                [
                    0.9424796104431152,
                    0.3341675400733948,
                    0.008015317842364311
                ],
                [
                    0.08536289632320404,
                    -0.26380130648612976,
                    0.9607924222946167
                ]
            ],
            [
                [
                    0.843001663684845,
                    -0.4896683692932129,
                    -0.22265009582042694
                ],
                [
                    0.5248309969902039,
                    0.8394601941108704,
                    0.14092184603214264
                ],
                [
                    0.11790092289447784,
                    -0.23565103113651276,
                    0.9646595120429993
                ]
            ],
            [
                [
                    0.8382696509361267,
                    -0.5251232385635376,
                    0.14679768681526184
                ],
                [
                    0.5263349413871765,
                    0.8496111631393433,
                    0.033651553094387054
                ],
                [
                    -0.14239215850830078,
                    0.04905566945672035,
                    0.9885939359664917
                ]
            ],
            [
                [
                    0.24898329377174377,
                    -0.9511538743972778,
                    -0.1825205683708191
                ],
                [
                    0.5881121158599854,
                    -0.0012496859999373555,
                    0.8087785840034485
                ],
                [
                    -0.7695008516311646,
                    -0.3087148368358612,
                    0.5590739846229553
                ]
            ],
            [
                [
                    0.9330841898918152,
                    -0.340518593788147,
                    -0.11576233804225922
                ],
                [
                    0.3453714847564697,
                    0.938153862953186,
                    0.024204010143876076
                ],
                [
                    0.10036096721887589,
                    -0.0625654011964798,
                    0.9929819703102112
                ]
            ],
            [
                [
                    0.9926762580871582,
                    0.09312243014574051,
                    0.07695496082305908
                ],
                [
                    -0.1176958903670311,
                    0.8891023397445679,
                    0.44231748580932617
                ],
                [
                    -0.02723114565014839,
                    -0.4481353461742401,
                    0.8935509324073792
                ]
            ],
            [
                [
                    0.0753893181681633,
                    -0.9948350787162781,
                    -0.06796854734420776
                ],
                [
                    0.9557256102561951,
                    0.0526457205414772,
                    0.28951165080070496
                ],
                [
                    -0.2844380736351013,
                    -0.08678536117076874,
                    0.95475834608078
                ]
            ],
            [
                [
                    0.9494498372077942,
                    -0.300231397151947,
                    -0.09168488532304764
                ],
                [
                    0.3104514479637146,
                    0.8547326922416687,
                    0.4159950911998749
                ],
                [
                    -0.04652872681617737,
                    -0.4234301745891571,
                    0.9047330617904663
                ]
            ],
            [
                [
                    0.9200153946876526,
                    -0.349347323179245,
                    0.1775612235069275
                ],
                [
                    0.29729217290878296,
                    0.9173986911773682,
                    0.264569491147995
                ],
                [
                    -0.25532105565071106,
                    -0.19062046706676483,
                    0.9478791356086731
                ]
            ],
            [
                [
                    0.9467396140098572,
                    -0.18686455488204956,
                    -0.2622321546077728
                ],
                [
                    -0.18881317973136902,
                    0.33751919865608215,
                    -0.9221878051757812
                ],
                [
                    0.2608325779438019,
                    0.9225846529006958,
                    0.2842603027820587
                ]
            ],
            [
                [
                    0.9412962794303894,
                    -0.3222891390323639,
                    0.10045389831066132
                ],
                [
                    0.21972717344760895,
                    0.8108299374580383,
                    0.5424708724021912
                ],
                [
                    -0.2562835216522217,
                    -0.48855340480804443,
                    0.8340469002723694
                ]
            ],
            [
                [
                    0.9721267223358154,
                    0.06637350469827652,
                    -0.22486473619937897
                ],
                [
                    -0.14281029999256134,
                    0.9282704591751099,
                    -0.3433936834335327
                ],
                [
                    0.18594303727149963,
                    0.36593517661094666,
                    0.9118753671646118
                ]
            ]
        ],
        "betas": [
            -0.028430551290512085,
            -0.03245022892951965,
            0.02074134349822998,
            0.00015273690223693848,
            -0.0025576353073120117,
            -0.04217173904180527,
            0.02884894609451294,
            -0.07902619242668152,
            -0.0016670972108840942,
            -0.04246777296066284
        ]
    },
    "pred_cam_t": [
        -0.04555191844701767,
        -0.018706372007727623,
        5.739386558532715
    ],
    "focal_length": [
        5000.0,
        5000.0
    ],
    "pred_keypoints_3d": [
        [
            0.09581436216831207,
            0.006390812806785107,
            0.00619917456060648
        ],
        [
            0.06866329908370972,
            0.008579738438129425,
            -0.021189570426940918
        ],
        [
            0.04031352698802948,
            0.01936415582895279,
            -0.026685161516070366
        ],
        [
            0.015408873558044434,
            0.029760338366031647,
            -0.0294476430863142
        ],
        [
            -0.018127480521798134,
            0.04256104677915573,
            -0.029401693493127823
        ],
        [
            0.008466631174087524,
            -0.013131155632436275,
            -0.00885679665952921
        ],
        [
            -0.021105308085680008,
            0.001510421745479107,
            -0.007368406280875206
        ],
        [
            -0.023865094408392906,
            0.023544754832983017,
            -0.007855907082557678
        ],
        [
            -0.01537328027188778,
            0.04669439420104027,
            -0.01003042422235012
        ],
        [
            0.0030591636896133423,
            -0.011185460723936558,
            0.015725694596767426
        ],
        [
            -0.01323678344488144,
            0.016047842800617218,
            0.016672324389219284
        ],
        [
            -0.009839048609137535,
            0.038932111114263535,
            0.013920956291258335
        ],
        [
            -0.0003509894013404846,
            0.060126252472400665,
            0.0034231655299663544
        ],
        [
            0.0153035968542099,
            0.00048626167699694633,
            0.03653443604707718
        ],
        [
            0.00517400074750185,
            0.02542591281235218,
            0.026066133752465248
        ],
        [
            0.010567311197519302,
            0.04792286455631256,
            0.017064440995454788
        ],
        [
            0.016946867108345032,
            0.067035973072052,
            0.001778334379196167
        ],
        [
            0.026745617389678955,
            0.01354885846376419,
            0.04983942210674286
        ],
        [
            0.020257551223039627,
            0.030222365632653236,
            0.03855929523706436
        ],
        [
            0.021121423691511154,
            0.04593360424041748,
            0.027953507378697395
        ],
        [
            0.022070931270718575,
            0.06277647614479065,
            0.013120641931891441
        ]
    ],
    "pred_vertices": [
        [
            0.04365169256925583,
            0.0069953035563230515,
            -0.009637181647121906
        ],
        [
            0.0544537752866745,
            0.010303312912583351,
            -0.009237779304385185
        ],
        [
            0.04671042412519455,
            0.012156229466199875,
            -0.012197470292448997
        ],
        [
            0.037328340113162994,
            0.007233422249555588,
            -0.01500612124800682
        ],
        [
            0.06218700110912323,
            0.026994338259100914,
            -0.014613566920161247
        ],
        [
            0.06772630661725998,
            0.028384042903780937,
            -0.025246117264032364
        ],
        [
            0.051612988114356995,
            0.030853403732180595,
            -0.026555966585874557
        ],
        [
            0.049476005136966705,
            0.03020589053630829,
            -0.016628406941890717
        ],
        [
            0.03164219111204147,
            0.0063473256304860115,
            -0.01817869022488594
        ],
        [
            0.039512552320957184,
            0.014263276010751724,
            -0.014519251883029938
        ],
        [
            0.02999480627477169,
            0.004504036158323288,
            -0.01938646100461483
        ],
        [
            0.025390861555933952,
            -0.009268933907151222,
            -0.022204352542757988
        ],
        [
            0.025518665090203285,
            -0.0028249118477106094,
            -0.020365938544273376
        ],
        [
            0.019870897755026817,
            -0.01551541592925787,
            -0.02087591402232647
        ],
        [
            0.03297507390379906,
            -0.016614720225334167,
            -0.022466391324996948
        ],
        [
            0.021363388746976852,
            -0.02351624332368374,
            -0.015902992337942123
        ],
        [
            0.044972389936447144,
            -0.023628657683730125,
            0.0027546766214072704
        ],
        [
            0.048795752227306366,
            -0.019962629303336143,
            0.015513516962528229
        ],
        [
            0.031055092811584473,
            -0.023208027705550194,
            0.0192584041506052
        ],
        [
            0.029021751135587692,
            -0.025588838383555412,
            0.005526945926249027
        ],
        [
            0.040627218782901764,
            -0.012493288144469261,
            0.03491763398051262
        ],
        [
            0.03452063724398613,
            -0.018416985869407654,
            0.02642323262989521
        ],
        [
            0.052511513233184814,
            -0.01651149056851864,
            0.023103017359972
        ],
        [
            0.057116806507110596,
            -0.011031266301870346,
            0.030523991212248802
        ],
        [
            0.052412472665309906,
            0.010306562297046185,
            0.0026571303606033325
        ],
        [
            0.06286638975143433,
            0.013424307107925415,
            0.0018501579761505127
        ],
        [
            0.06060176342725754,
            0.010642407462000847,
            -0.0028935372829437256
        ],
        [
            0.05028923600912094,
            0.0084905456751585,
            -0.002201580908149481
        ],
        [
            0.02933737449347973,
            0.009792361408472061,
            -0.026929352432489395
        ],
        [
            0.038571808487176895,
            -0.0017759313341230154,
            -0.029581256210803986
        ],
        [
            0.032884567975997925,
            -0.0011472334153950214,
            -0.02434757724404335
        ],
        [
            0.027946531772613525,
            0.012769769877195358,
            -0.022349359467625618
        ],
        [
            0.08710744976997375,
            0.029197314754128456,
            0.006625965237617493
        ],
        [
            0.10006481409072876,
            0.025257280096411705,
            0.005196063779294491
        ],
        [
            0.09947230666875839,
            0.02288922853767872,
            -0.0002598082646727562
        ],
        [
            0.08783257752656937,
            0.026446517556905746,
            0.002229660749435425
        ],
        [
            0.08914022147655487,
            0.021873589605093002,
            -0.019826874136924744
        ],
        [
            0.09848466515541077,
            0.016776995733380318,
            -0.017456956207752228
        ],
        [
            0.10416687279939651,
            0.007152527570724487,
            -0.024393312633037567
        ],
        [
            0.0938921868801117,
            0.009562995284795761,
            -0.02815808355808258
        ],
        [
            0.07825502753257751,
            0.025587797164916992,
            -0.022945746779441833
        ],
        [
            0.08244224637746811,
            0.016960637643933296,
            -0.03221915662288666
        ],
        [
            0.06984289735555649,
            0.0220347847789526,
            -0.0342179536819458
        ],
        [
            0.0522967204451561,
            0.02620784193277359,
            -0.034432560205459595
        ],
        [
            0.10202620178461075,
            0.027271805331110954,
            0.017736338078975677
        ],
        [
            0.09282772988080978,
            0.03105815500020981,
            0.020504917949438095
        ],
        [
            -0.01290125958621502,
            0.010148506611585617,
            -0.014576121233403683
        ],
        [
            -0.011652752757072449,
            0.01206119917333126,
            -0.00888198520988226
        ],
        [
            -0.009025742299854755,
            0.009755413047969341,
            -0.00968901626765728
        ],
        [
            -0.010905297473073006,
            0.008082974702119827,
            -0.014959344640374184
        ],
        [
            0.09868288040161133,
            0.015986239537596703,
            0.03434818238019943
        ],
        [
            0.09939737617969513,
            0.00608915276825428,
            0.036122456192970276
        ],
        [
            0.10622582584619522,
            0.00859156996011734,
            0.035458534955978394
        ],
        [
            0.10577472299337387,
            0.017302239313721657,
            0.031926341354846954
        ],
        [
            0.08934485912322998,
            0.014184685423970222,
            0.03756104037165642
        ],
        [
            0.08975084125995636,
            0.002951366128399968,
            0.03650502488017082
        ],
        [
            -0.024355905130505562,
            0.0042791832238435745,
            -0.014653039164841175
        ],
        [
            -0.020556990057229996,
            0.006506234407424927,
            -0.01753610372543335
        ],
        [
            -0.01890837401151657,
            0.00191485695540905,
            -0.017230065539479256
        ],
        [
            -0.021735800430178642,
            -0.0010512201115489006,
            -0.013613609597086906
        ],
        [
            0.02879953384399414,
            0.0020047668367624283,
            -0.01659041829407215
        ],
        [
            0.03390541300177574,
            0.004942357540130615,
            -0.009847542271018028
        ],
        [
            0.0138904033228755,
            -0.002566687762737274,
            -0.013185396790504456
        ],
        [
            0.021188437938690186,
            -0.0003826022148132324,
            -0.010831954888999462
        ],
        [
            0.021378524601459503,
            -0.003255941905081272,
            -0.017085468396544456
        ],
        [
            0.01518923882395029,
            -0.005811692215502262,
            -0.01824323460459709
        ],
        [
            0.031238391995429993,
            0.00616476172581315,
            0.009585380554199219
        ],
        [
            0.042452145367860794,
            0.008295848034322262,
            0.007601897232234478
        ],
        [
            0.03937799111008644,
            0.006051568314433098,
            0.002132364083081484
        ],
        [
            0.02668594941496849,
            0.004057891666889191,
            0.002503816969692707
        ],
        [
            0.046469639986753464,
            0.015438546426594257,
            0.019163329154253006
        ],
        [
            0.03536761924624443,
            0.012160616926848888,
            0.020352520048618317
        ],
        [
            0.03927035257220268,
            0.016506044194102287,
            0.026676693931221962
        ],
        [
            0.04607894644141197,
            0.019094105809926987,
            0.02446894347667694
        ],
        [
            0.01651332527399063,
            0.00471709156408906,
            0.01906541734933853
        ],
        [
            0.012378922663629055,
            0.002397372853010893,
            0.018888302147388458
        ],
        [
            0.013553825207054615,
            0.004497569985687733,
            0.021104108542203903
        ],
        [
            0.018215494230389595,
            0.006382805295288563,
            0.021840905770659447
        ],
        [
            0.11319305747747421,
            0.009915096685290337,
            0.034685466438531876
        ],
        [
            0.1124858632683754,
            0.017874691635370255,
            0.0289735347032547
        ],
        [
            0.04949110373854637,
            0.0018085279734805226,
            0.04955364763736725
        ],
        [
            0.05526447668671608,
            0.011550731025636196,
            0.05060839280486107
        ],
        [
            0.04246910288929939,
            0.01255815103650093,
            0.05410274118185043
        ],
        [
            0.03888491913676262,
            0.0005091340281069279,
            0.053109198808670044
        ],
        [
            0.09785573184490204,
            -0.0034340275451540947,
            0.03229334205389023
        ],
        [
            0.10523267090320587,
            -0.0012873332016170025,
            0.03387106582522392
        ],
        [
            -0.026361044496297836,
            0.0033198893070220947,
            -0.008643181063234806
        ],
        [
            -0.02328377589583397,
            -0.0016682418063282967,
            -0.007596669718623161
        ],
        [
            0.0720258355140686,
            0.008435100317001343,
            -0.037842974066734314
        ],
        [
            0.05203619599342346,
            0.017129354178905487,
            -0.039087314158678055
        ],
        [
            0.0869339182972908,
            0.001923268660902977,
            -0.03295433148741722
        ],
        [
            0.09666269272565842,
            -0.0028106942772865295,
            -0.027117423713207245
        ],
        [
            0.10556633770465851,
            -0.005088845267891884,
            -0.024060159921646118
        ],
        [
            0.018568728119134903,
            0.0007484182715415955,
            -0.004908096976578236
        ],
        [
            0.04062196612358093,
            0.006261536851525307,
            -0.0036589312367141247
        ],
        [
            0.05407010391354561,
            0.012480534613132477,
            0.007030545733869076
        ],
        [
            0.058021221309900284,
            0.028784753754734993,
            0.033028773963451385
        ],
        [
            0.06775776296854019,
            0.031067578122019768,
            0.030630093067884445
        ],
        [
            0.062089402228593826,
            0.027663230895996094,
            0.02206110768020153
        ],
        [
            0.05482283607125282,
            0.025781255215406418,
            0.026143085211515427
        ],
        [
            0.0546584390103817,
            0.021557357162237167,
            0.04828178882598877
        ],
        [
            0.05147339403629303,
            0.02576279640197754,
            0.042084336280822754
        ],
        [
            0.0444692000746727,
            0.024176400154829025,
            0.04364326596260071
        ],
        [
            0.0451037734746933,
            0.020560715347528458,
            0.050511375069618225
        ],
        [
            0.031132042407989502,
            0.01087487768381834,
            -0.03408321738243103
        ],
        [
            0.04374145716428757,
            -0.00038680480793118477,
            -0.03462338075041771
        ],
        [
            0.09715747088193893,
            0.024965878576040268,
            0.028836313635110855
        ],
        [
            0.10390760004520416,
            0.02437332272529602,
            0.024828508496284485
        ],
        [
            0.11208821833133698,
            0.02262111008167267,
            0.022823013365268707
        ],
        [
            0.07498805224895477,
            0.02137763798236847,
            0.002549966797232628
        ],
        [
            0.0883433073759079,
            0.024645403027534485,
            -0.0009302720427513123
        ],
        [
            0.08703252673149109,
            0.023372476920485497,
            -0.005008267238736153
        ],
        [
            0.07449005544185638,
            0.01860341802239418,
            -4.999618977308273e-05
        ],
        [
            0.06456783413887024,
            0.01662328653037548,
            -0.008064405992627144
        ],
        [
            0.07475689053535461,
            0.023834358900785446,
            -0.012389902025461197
        ],
        [
            0.05451299250125885,
            0.02002882771193981,
            -0.00894385389983654
        ],
        [
            0.1002839207649231,
            0.019903579726815224,
            -0.007931728847324848
        ],
        [
            0.10959959775209427,
            0.022151295095682144,
            -0.00223444402217865
        ],
        [
            0.10928107053041458,
            0.018046770244836807,
            -0.010160109028220177
        ],
        [
            0.1107654720544815,
            0.024424560368061066,
            0.0072542596608400345
        ],
        [
            0.11159612238407135,
            0.024924783036112785,
            0.016125403344631195
        ],
        [
            0.11356336623430252,
            -0.001985591370612383,
            0.03563520684838295
        ],
        [
            0.10821044445037842,
            0.013094468973577023,
            -0.016754772514104843
        ],
        [
            0.04055436700582504,
            0.031213602051138878,
            -0.0194079652428627
        ],
        [
            0.03258639574050903,
            0.03283727169036865,
            -0.022839147597551346
        ],
        [
            0.03017238713800907,
            0.027429724112153053,
            -0.01775939390063286
        ],
        [
            0.037518445402383804,
            0.02532733604311943,
            -0.01409851759672165
        ],
        [
            0.011769235134124756,
            -0.018108321353793144,
            -0.018960626795887947
        ],
        [
            0.013294320553541183,
            -0.010746309533715248,
            -0.02049635909497738
        ],
        [
            0.02115241065621376,
            -0.008474188856780529,
            -0.021487273275852203
        ],
        [
            0.07748745381832123,
            0.030022481456398964,
            0.013256201520562172
        ],
        [
            0.08280319720506668,
            0.03175561875104904,
            0.024706624448299408
        ],
        [
            0.011340181343257427,
            -0.0015002749860286713,
            -0.007280098274350166
        ],
        [
            -0.019122235476970673,
            -0.005521412007510662,
            -0.013103168457746506
        ],
        [
            -0.01610347256064415,
            -0.002434530295431614,
            -0.017467090860009193
        ],
        [
            -0.0011695562861859798,
            -0.012404762208461761,
            -0.018518125638365746
        ],
        [
            -0.004600153304636478,
            -0.016315095126628876,
            -0.013680212199687958
        ],
        [
            0.0044225300662219524,
            -0.004159094300121069,
            -0.0007073878077790141
        ],
        [
            0.008175930939614773,
            -0.0013796910643577576,
            -0.006116676144301891
        ],
        [
            0.0064587946981191635,
            -0.0013349042274057865,
            -0.005008389707654715
        ],
        [
            0.0028391871601343155,
            -0.0019117179326713085,
            0.0006313719786703587
        ],
        [
            0.01955980435013771,
            0.008513310924172401,
            0.027026737108826637
        ],
        [
            0.023151468485593796,
            0.01052843127399683,
            0.027460912242531776
        ],
        [
            0.01301418524235487,
            -0.022928565740585327,
            0.007539482321590185
        ],
        [
            0.013529840856790543,
            -0.029681198298931122,
            -0.004655690863728523
        ],
        [
            0.026377901434898376,
            -0.0277404747903347,
            -0.006664754822850227
        ],
        [
            0.03434781730175018,
            0.00932386051863432,
            0.015631023794412613
        ],
        [
            0.02460428513586521,
            0.007650295738130808,
            0.017999133095145226
        ],
        [
            0.026176515966653824,
            0.009288343600928783,
            0.021420035511255264
        ],
        [
            0.015660876408219337,
            0.0005929199978709221,
            -0.0012171855196356773
        ],
        [
            0.00941113755106926,
            -0.0016068131662905216,
            -0.001521134516224265
        ],
        [
            0.011654028668999672,
            -0.0009120991453528404,
            0.002338198246434331
        ],
        [
            0.018091781064867973,
            0.0020006857812404633,
            0.0033020037226378918
        ],
        [
            0.06811150163412094,
            0.011856494471430779,
            0.046940069645643234
        ],
        [
            0.06682916730642319,
            0.023463573306798935,
            0.044787708669900894
        ],
        [
            -0.016256634145975113,
            0.008398281410336494,
            -0.01756165362894535
        ],
        [
            -0.014592843130230904,
            0.005183272063732147,
            -0.01775851473212242
        ],
        [
            0.04524356126785278,
            0.011422407813370228,
            0.013498175889253616
        ],
        [
            0.04090854153037071,
            -0.0235271118581295,
            -0.00859448965638876
        ],
        [
            0.055756375193595886,
            0.015153942629694939,
            0.011550692841410637
        ],
        [
            0.023085594177246094,
            -0.0007905932143330574,
            0.04235853999853134
        ],
        [
            0.02293093502521515,
            0.007725462317466736,
            0.04105192422866821
        ],
        [
            0.020731978118419647,
            0.009263310581445694,
            0.03917943686246872
        ],
        [
            0.018109934404492378,
            0.004568923264741898,
            0.040367357432842255
        ],
        [
            -0.00941748358309269,
            0.004915895406156778,
            0.001431117532774806
        ],
        [
            -0.007506425492465496,
            0.008085232228040695,
            -0.003256334690377116
        ],
        [
            -0.009451203048229218,
            0.009728386998176575,
            -0.003390164114534855
        ],
        [
            -0.012529661878943443,
            0.0073679303750395775,
            0.0012349521275609732
        ],
        [
            0.00970660150051117,
            -0.0018583424389362335,
            -0.011849637143313885
        ],
        [
            0.009881037287414074,
            -0.004812366329133511,
            -0.01749180257320404
        ],
        [
            0.0056727491319179535,
            -0.0024486607871949673,
            -0.01617971621453762
        ],
        [
            0.006185529753565788,
            -0.0008920272812247276,
            -0.010272989980876446
        ],
        [
            0.007583285681903362,
            -0.009966016747057438,
            -0.019752657040953636
        ],
        [
            0.00285663572140038,
            -0.007431969977915287,
            -0.01924545131623745
        ],
        [
            -0.013540639542043209,
            0.0001598382368683815,
            0.0030008594039827585
        ],
        [
            -0.018319211900234222,
            -0.004485297482460737,
            -0.0006667391862720251
        ],
        [
            -0.0047171348705887794,
            -0.014053696766495705,
            0.0005758511833846569
        ],
        [
            -0.0025565121322870255,
            -0.006872383877635002,
            0.0030540404841303825
        ],
        [
            0.07243315875530243,
            -0.011189229786396027,
            0.027470780536532402
        ],
        [
            0.07542957365512848,
            -0.0040997108444571495,
            0.03560725226998329
        ],
        [
            0.060232870280742645,
            -0.004010527394711971,
            0.03912762552499771
        ],
        [
            0.04487374797463417,
            -0.004630307666957378,
            0.043832890689373016
        ],
        [
            0.030432891100645065,
            -0.004441974684596062,
            0.04635428264737129
        ],
        [
            0.02673213556408882,
            -0.013697559013962746,
            0.03911108523607254
        ],
        [
            0.06382819265127182,
            0.0017127868486568332,
            0.04410038888454437
        ],
        [
            0.005788846872746944,
            -0.011023279279470444,
            0.004340312909334898
        ],
        [
            0.0048622144386172295,
            -0.019484050571918488,
            0.0018553344998508692
        ],
        [
            0.006889164447784424,
            -0.01668762043118477,
            0.006206400692462921
        ],
        [
            0.05688953399658203,
            0.019970985129475594,
            0.0171961709856987
        ],
        [
            -0.012433206662535667,
            0.001452612690627575,
            -0.018512891605496407
        ],
        [
            0.09818729013204575,
            -0.018910028040409088,
            -0.008076915517449379
        ],
        [
            0.09960014373064041,
            -0.019211795181035995,
            0.00567855779081583
        ],
        [
            0.09092552959918976,
            -0.01945563405752182,
            0.004064219072461128
        ],
        [
            0.0889231339097023,
            -0.018078545108437538,
            -0.011927769519388676
        ],
        [
            -0.0072537679225206375,
            0.008485313504934311,
            -0.010351089760661125
        ],
        [
            -0.008611233904957771,
            0.005987834185361862,
            -0.016171999275684357
        ],
        [
            0.024575581774115562,
            0.014721561223268509,
            0.03203693777322769
        ],
        [
            0.02109275572001934,
            0.012105506844818592,
            0.03146646171808243
        ],
        [
            0.02247946709394455,
            0.012946545146405697,
            0.03439589962363243
        ],
        [
            0.02451157011091709,
            0.01663835346698761,
            0.035685766488313675
        ],
        [
            0.0781937688589096,
            0.00022218876983970404,
            0.03887351602315903
        ],
        [
            0.03526519984006882,
            0.01874237135052681,
            0.05307023972272873
        ],
        [
            0.03106612339615822,
            0.00665263133123517,
            0.05252649635076523
        ],
        [
            0.0883219838142395,
            -0.004574473015964031,
            0.03233783319592476
        ],
        [
            0.08596548438072205,
            -0.011315196752548218,
            0.025604426860809326
        ],
        [
            0.09575293958187103,
            -0.011262603104114532,
            0.024875905364751816
        ],
        [
            0.01746300980448723,
            -0.016230691224336624,
            0.027350004762411118
        ],
        [
            0.06812328100204468,
            -0.015640035271644592,
            0.021326135843992233
        ],
        [
            0.08270606398582458,
            -0.014916032552719116,
            0.019630445167422295
        ],
        [
            0.09424255043268204,
            -0.015013388358056545,
            0.01849178969860077
        ],
        [
            0.10259772092103958,
            -0.015409089624881744,
            0.01860900968313217
        ],
        [
            0.10338983684778214,
            -0.011127859354019165,
            0.0255216546356678
        ],
        [
            -0.019695866852998734,
            -0.005783090367913246,
            -0.006704889703541994
        ],
        [
            -0.022430937737226486,
            0.00010592490434646606,
            -0.0006802465650252998
        ],
        [
            0.11224036663770676,
            -0.01228831522166729,
            0.027262995019555092
        ],
        [
            0.11092989891767502,
            -0.016476809978485107,
            0.01905972510576248
        ],
        [
            0.0796050950884819,
            -0.018388109281659126,
            0.011624366044998169
        ],
        [
            0.07572348415851593,
            -0.021022938191890717,
            0.0006686766864731908
        ],
        [
            0.0656035989522934,
            -0.01871875859797001,
            0.013445350341498852
        ],
        [
            0.06075027957558632,
            -0.021696560084819794,
            0.003107612719759345
        ],
        [
            0.017114177346229553,
            -0.025752032175660133,
            0.020700309425592422
        ],
        [
            -0.02700982801616192,
            0.018453603610396385,
            -0.00034903385676443577
        ],
        [
            -0.022187720984220505,
            0.008432166650891304,
            0.0018139636376872659
        ],
        [
            -0.016725635156035423,
            0.010599864646792412,
            0.0012502903118729591
        ],
        [
            -0.023000109940767288,
            0.019394120201468468,
            0.0009743445552885532
        ],
        [
            -0.01716001145541668,
            0.003940613940358162,
            0.0025538632180541754
        ],
        [
            -0.025561869144439697,
            0.005287328734993935,
            -0.0016814360860735178
        ],
        [
            0.05619369447231293,
            -0.020712044090032578,
            -0.01186928991228342
        ],
        [
            0.006740015931427479,
            -0.0032607633620500565,
            0.002353661460801959
        ],
        [
            0.07180742174386978,
            -0.01700356975197792,
            -0.018048906698822975
        ],
        [
            0.04590568691492081,
            -0.01621677167713642,
            -0.02529611438512802
        ],
        [
            0.05698995292186737,
            -0.010631882585585117,
            -0.03033044934272766
        ],
        [
            0.087395578622818,
            -0.011557251214981079,
            -0.02553008496761322
        ],
        [
            0.07221874594688416,
            -0.00562905240803957,
            -0.03448852151632309
        ],
