{
    "pred_cam": [
        10.663692474365234,
        0.12543921172618866,
        -0.04480801522731781
    ],
    "pred_mano_params": {
        "global_orient": [
            [
                [
                    -0.5206564664840698,
                    -0.16159382462501526,
                    -0.8383342623710632
                ],
                [
                    -0.4886856973171234,
                    -0.7487550973892212,
                    0.4478304088115692
                ],
                [
                    -0.7000737190246582,
                    0.6428477168083191,
                    0.3108755946159363
                ]
            ]
        ],
        "hand_pose": [
            [
                [
                    0.6201316118240356,
                    -0.781563937664032,
                    -0.06778313219547272
                ],
                [
                    0.782590389251709,
                    0.6223318576812744,
                    -0.01597880944609642
                ],
                [
                    0.054672062397003174,
                    -0.04313746094703674,
                    0.997572124004364
                ]
            ],
            [
                [
                    0.3862847089767456,
                    -0.8980340361595154,
                    0.21052081882953644
                ],
                [
                    0.914057195186615,
                    0.3421049118041992,
                    -0.21786175668239594
                ],
                [
                    0.12362705916166306,
                    0.2765847146511078,
                    0.9530043601989746
                ]
            ],
            [
                [
                    0.8203698396682739,
                    -0.5511242747306824,
                    0.1524968147277832
                ],
                [
                    0.5515867471694946,
                    0.8330002427101135,
                    0.04315827041864395
                ],
                [
                    -0.1508154571056366,
                    0.048709478229284286,
                    0.9873611330986023
                ]
            ],
            [
                [
                    0.49514853954315186,
                    -0.854164719581604,
                    -0.1588411033153534
                ],
                [
                    0.8679603934288025,
                    0.4782522916793823,
                    0.13386353850364685
                ],
                [
                    -0.03837539255619049,
                    -0.20415012538433075,
                    0.978187084197998
                ]
            ],
            [
                [
                    0.6527042984962463,
                    -0.7308136820793152,
                    -0.19972091913223267
                ],
                [
                    0.7576113939285278,
                    0.6291078925132751,
                    0.17392031848430634
                ],
                [
                    -0.0014573385706171393,
                    -0.2648293673992157,
                    0.9642941951751709
                ]
            ],
            [
                [
                    0.7928310036659241,
                    -0.6094365119934082,
                    -0.0024670385755598545
                ],
                [
                    0.6089110970497131,
                    0.791965663433075,
                    0.04491889476776123
                ],
                [
                    -0.02542140521109104,
                    -0.03711530193686485,
                    0.9989875555038452
                ]
            ],
            [
                [
                    0.4931308329105377,
                    -0.8417533040046692,
                    0.21971221268177032
                ],
                [
                    0.71416175365448,
                    0.5359176397323608,
                    0.45029470324516296
                ],
                [
                    -0.49678465723991394,
                    -0.0651441216468811,
                    0.8654255270957947
                ]
            ],
            [
                [
                    0.6605827212333679,
                    -0.739963710308075,
                    -0.12682388722896576
                ],
                [
                    0.5880211591720581,
                    0.4049339294433594,
                    0.7001855373382568
                ],
                [
                    -0.46675652265548706,
                    -0.5371055603027344,
                    0.7026066780090332
                ]
            ],
            [
                [
                    0.9002682566642761,
                    -0.43258580565452576,
                    0.04885220527648926
                ],
                [
                    0.3361099064350128,
                    0.7619990110397339,
                    0.5535230040550232
                ],
                [
                    -0.27667149901390076,
                    -0.4818994998931885,
                    0.8313999176025391
                ]
            ],
            [
                [
                    0.6081556081771851,
                    -0.7901236414909363,
                    0.07649441808462143
                ],
                [
                    0.7906529903411865,
                    0.611508309841156,
                    0.030421683564782143
                ],
                [
                    -0.0708138570189476,
                    0.04197942093014717,
                    0.9966058135032654
                ]
            ],
            [
                [
                    0.6769689321517944,
                    -0.7175395488739014,
                    -0.1638597846031189
                ],
                [
                    0.6820082664489746,
                    0.5278486013412476,
                    0.5062021017074585
                ],
                [
                    -0.2767268717288971,
                    -0.4544368386268616,
                    0.8467050194740295
                ]
            ],
            [
                [
                    0.7634344696998596,
                    -0.6457695960998535,
                    -0.012221652083098888
                ],
                [
                    0.6204178333282471,
                    0.7279395461082458,
                    0.2918657958507538
                ],
                [
                    -0.17958146333694458,
                    -0.23040294647216797,
                    0.9563811421394348
                ]
            ],
            [
                [
                    0.9552322030067444,
                    0.23589110374450684,
                    0.17856857180595398
                ],
                [
                    -0.08792697638273239,
                    0.802642285823822,
                    -0.5899443030357361
                ],
                [
                    -0.2824892997741699,
                    0.5478328466415405,
                    0.7874509692192078
                ]
            ],
            [
                [
                    0.9881904125213623,
                    -0.15184856951236725,
                    0.02053746208548546
                ],
                [
                    0.10825494676828384,
                    0.7866959571838379,
                    0.6077749729156494
                ],
                [
                    -0.10844649374485016,
                    -0.59837406873703,
                    0.7938437461853027
                ]
            ],
            [
                [
                    0.7306483387947083,
                    -0.64433753490448,
                    -0.22579236328601837
                ],
                [
                    0.28687387704849243,
                    0.5898232460021973,
                    -0.7548588514328003
                ],
                [
                    0.619561493396759,
                    0.4867624342441559,
                    0.6157969832420349
                ]
            ]
        ],
        "betas": [
            -0.1514418125152588,
            -0.08808204531669617,
            0.009936630725860596,
            -0.013426154851913452,
            -0.027495503425598145,
            0.0013017021119594574,
            0.002218902111053467,
            0.03411267697811127,
            -0.004924014210700989,
            -0.040319740772247314
        ]
    },
    "pred_cam_t": [
        -0.12543921172618866,
        -0.04480801522731781,
        3.663130760192871
    ],
    "focal_length": [
        5000.0,
        5000.0
    ],
    "pred_keypoints_3d": [
        [
            0.09636906534433365,
            0.006442706100642681,
            0.006243767216801643
        ],
        [
            0.08968041092157364,
            0.041687410324811935,
            0.021236026659607887
        ],
        [
            0.07809547334909439,
            0.06854932755231857,
            0.031566254794597626
        ],
        [
            0.07032664865255356,
            0.09084317833185196,
            0.04521353915333748
        ],
        [
            0.08280637860298157,
            0.12251243740320206,
            0.04270097240805626
        ],
        [
            0.1259571611881256,
            0.06300777941942215,
            0.07147286087274551
        ],
        [
            0.14177805185317993,
            0.09212319552898407,
            0.07316269725561142
        ],
        [
            0.14093084633350372,
            0.09912265092134476,
            0.05197346210479736
        ],
        [
            0.1327744871377945,
            0.09628341346979141,
            0.02864852547645569
        ],
        [
            0.14912104606628418,
            0.05262443795800209,
            0.07098107784986496
        ],
        [
            0.16583038866519928,
            0.07879173010587692,
            0.06344080716371536
        ],
        [
            0.16311880946159363,
            0.09008429199457169,
            0.04307713359594345
        ],
        [
            0.1508035957813263,
            0.09475943446159363,
            0.021085672080516815
        ],
        [
            0.16247427463531494,
            0.03758750110864639,
            0.052982017397880554
        ],
        [
            0.17856089770793915,
            0.06183672323822975,
            0.05183044821023941
        ],
        [
            0.17721162736415863,
            0.0757734403014183,
            0.031126314774155617
        ],
        [
            0.16384592652320862,
            0.08329770714044571,
            0.011018473654985428
        ],
        [
            0.17063751816749573,
            0.02825133502483368,
            0.0347856804728508
        ],
        [
            0.18137799203395844,
            0.04612474888563156,
            0.030409827828407288
        ],
        [
            0.17357303202152252,
            0.05514391139149666,
            0.015466630458831787
        ],
        [
            0.1570228487253189,
            0.05773274973034859,
            0.00473832618445158
        ]
    ],
    "pred_vertices": [
        [
            0.11081895977258682,
            0.05263678357005119,
            0.035868141800165176
        ],
        [
            0.1061105877161026,
            0.05035390704870224,
            0.027611039578914642
        ],
        [
            0.10197290778160095,
            0.06144537031650543,
            0.0318763293325901
        ],
        [
            0.10699857771396637,
            0.06215987354516983,
            0.0402267724275589
        ],
        [
            0.09344083815813065,
            0.058330465108156204,
            0.01120506227016449
        ],
        [
            0.0829625129699707,
            0.05583428218960762,
            0.007003039121627808
        ],
        [
            0.07999374717473984,
            0.06965827196836472,
            0.01579819992184639
        ],
        [
            0.08862616121768951,
            0.07184026390314102,
            0.018119491636753082
        ],
        [
            0.10201537609100342,
            0.06923779100179672,
            0.04553201422095299
        ],
        [
            0.09838069975376129,
            0.0700317844748497,
            0.03566021844744682
        ],
        [
            0.09486629068851471,
            0.06973400712013245,
            0.04938993602991104
        ],
        [
            0.1003255695104599,
            0.06367826461791992,
            0.061280108988285065
        ],
        [
            0.10583769530057907,
            0.06613285839557648,
            0.05536310002207756
        ],
        [
            0.10621745139360428,
            0.06235127151012421,
            0.06866911053657532
        ],
        [
            0.0949304848909378,
            0.05331698805093765,
            0.06277768313884735
        ],
        [
            0.1079072430729866,
            0.05402907729148865,
            0.07417438924312592
        ],
        [
            0.11252293735742569,
            0.027111992239952087,
            0.05941502004861832
        ],
        [
            0.12173864245414734,
            0.018892735242843628,
            0.05318614840507507
        ],
        [
            0.13309308886528015,
            0.02660931646823883,
            0.06495548039674759
        ],
        [
            0.1227893978357315,
            0.03504043072462082,
            0.06950603425502777
        ],
        [
            0.14282096922397614,
            0.0161360502243042,
            0.04910136014223099
        ],
        [
            0.1380266547203064,
            0.022248059511184692,
            0.05832839384675026
        ],
        [
            0.1266832798719406,
            0.013531181961297989,
            0.04760584980249405
        ],
        [
            0.13154801726341248,
            0.00868602842092514,
            0.03981264308094978
        ],
        [
            0.11810325086116791,
            0.038894038647413254,
            0.026967965066432953
        ],
        [
            0.1136154979467392,
            0.03459145128726959,
            0.018733438104391098
        ],
        [
            0.11081094294786453,
            0.03931280970573425,
            0.022755391895771027
        ],
        [
            0.11489969491958618,
            0.04304169490933418,
            0.030060838907957077
        ],
        [
            0.07997702062129974,
            0.06975364685058594,
            0.047263823449611664
        ],
        [
            0.0817447304725647,
            0.05928003415465355,
            0.04853445291519165
        ],
        [
            0.0883098691701889,
            0.06353641301393509,
            0.051824409514665604
        ],
        [
            0.08385283499956131,
            0.07363341003656387,
            0.04632387310266495
        ],
        [
            0.10790558159351349,
            0.022674739360809326,
            -0.008072219789028168
        ],
        [
            0.09858369827270508,
            0.013364162296056747,
            -0.011807501316070557
        ],
        [
            0.09406736493110657,
            0.015991564840078354,
            -0.009073913097381592
        ],
        [
            0.10382863879203796,
            0.023625634610652924,
            -0.005744807422161102
        ],
        [
            0.08263427019119263,
            0.033209867775440216,
            -0.000318676233291626
        ],
        [
            0.07951495796442032,
            0.02314513549208641,
            -0.0017700567841529846
        ],
        [
            0.06715846061706543,
            0.018347054719924927,
            0.003687560558319092
        ],
        [
            0.06930635124444962,
            0.026653185486793518,
            0.008191771805286407
        ],
        [
            0.08362731337547302,
            0.04468293488025665,
            0.0028314441442489624
        ],
        [
            0.07168233394622803,
            0.03905785456299782,
            0.008281208574771881
        ],
        [
            0.07348132133483887,
            0.05030515789985657,
            0.010784246027469635
        ],
        [
            0.072780542075634,
            0.06358076632022858,
            0.018665362149477005
        ],
        [
            0.1081114411354065,
            0.005435071885585785,
            -0.015666887164115906
        ],
        [
            0.11633789539337158,
            0.011431161314249039,
            -0.013953804969787598
        ],
        [
            0.13081775605678558,
            0.08913188427686691,
            0.06310804188251495
        ],
        [
            0.13568951189517975,
            0.08627761155366898,
            0.06026921421289444
        ],
        [
            0.13449808955192566,
            0.0852632075548172,
            0.060969553887844086
        ],
        [
            0.13026341795921326,
            0.08812957257032394,
            0.06390978395938873
        ],
        [
            0.12002848833799362,
            -0.007813811302185059,
            -0.005622997879981995
        ],
        [
            0.1183629035949707,
            -0.014140766113996506,
            0.002179957926273346
        ],
        [
            0.11485390365123749,
            -0.016959354281425476,
            -0.0036448203027248383
        ],
        [
            0.11465012282133102,
            -0.010310575366020203,
            -0.01044096052646637
        ],
        [
            0.12708055973052979,
            -0.004453826695680618,
            0.0007556863129138947
        ],
        [
            0.12293100357055664,
            -0.00953710824251175,
            0.010069306939840317
        ],
        [
            0.13560497760772705,
            0.09766636788845062,
            0.07168182730674744
        ],
        [
            0.13131855428218842,
            0.09603720903396606,
            0.06883074343204498
        ],
        [
            0.13122689723968506,
            0.09358362853527069,
            0.07248590886592865
        ],
        [
            0.13572123646736145,
            0.09368225187063217,
            0.07584217190742493
        ],
        [
            0.11111389100551605,
            0.06327687948942184,
            0.048675477504730225
        ],
        [
            0.11587344855070114,
            0.05659852921962738,
            0.04264628514647484
        ],
        [
            0.12237235903739929,
            0.06654542684555054,
            0.059803616255521774
        ],
        [
            0.12095488607883453,
            0.06207025423645973,
            0.05397704988718033
        ],
        [
            0.11453033238649368,
            0.06452231109142303,
            0.056849464774131775
        ],
        [
            0.11643990129232407,
            0.06730242073535919,
            0.06221120059490204
        ],
        [
            0.1339273452758789,
            0.046342331916093826,
            0.04141884297132492
        ],
        [
            0.12679095566272736,
            0.04120130091905594,
            0.03367333114147186
        ],
        [
            0.12343299388885498,
            0.045558758080005646,
            0.03766477108001709
        ],
        [
            0.13008154928684235,
            0.05252235755324364,
            0.046212486922740936
        ],
        [
            0.13604240119457245,
            0.03498674929141998,
            0.024670027196407318
        ],
        [
            0.14223386347293854,
            0.040163710713386536,
            0.03335016220808029
        ],
        [
            0.1466970145702362,
            0.03591268137097359,
            0.02723294124007225
        ],
        [
            0.1416713148355484,
            0.03381446748971939,
            0.02148367464542389
        ],
        [
            0.1497897505760193,
            0.049823909997940063,
            0.049703098833560944
        ],
        [
            0.1522703468799591,
            0.052315592765808105,
            0.05399306118488312
        ],
        [
            0.1556379199028015,
            0.05230517312884331,
            0.051641836762428284
        ],
        [
            0.15181003510951996,
            0.04802152141928673,
            0.047201767563819885
        ],
        [
            0.11083261668682098,
            -0.020326174795627594,
            -0.00853295624256134
        ],
        [
            0.10883743315935135,
            -0.012556038796901703,
            -0.014389164745807648
        ],
        [
            0.15403543412685394,
            0.008245166391134262,
            0.0315546840429306
        ],
        [
            0.15522225201129913,
            0.008691320195794106,
            0.020233001559972763
        ],
        [
            0.16598790884017944,
            0.013963643461465836,
            0.026819348335266113
        ],
        [
            0.16219693422317505,
            0.011641338467597961,
            0.0380878672003746
        ],
        [
            0.11344757676124573,
            -0.015387516468763351,
            0.011356942355632782
        ],
        [
            0.11136104166507721,
            -0.020121440291404724,
            0.005360569804906845
        ],
        [
            0.1421424001455307,
            0.09685720503330231,
            0.07270768284797668
        ],
        [
            0.14219987392425537,
            0.09277213364839554,
            0.07651527225971222
        ],
        [
            0.06873232126235962,
            0.04089689254760742,
            0.020430006086826324
        ],
        [
            0.06916444003582001,
            0.057713109999895096,
            0.025376085191965103
        ],
        [
            0.06770503520965576,
            0.027497734874486923,
            0.017721548676490784
        ],
        [
            0.06694842875003815,
            0.01786639913916588,
            0.015773333609104156
        ],
        [
            0.06367652863264084,
            0.01094302162528038,
            0.012545004487037659
        ],
        [
            0.12772881984710693,
            0.060554396361112595,
            0.05396861582994461
        ],
        [
            0.1180318295955658,
            0.04875103384256363,
            0.037288594990968704
        ],
        [
            0.12123475968837738,
            0.03594967722892761,
            0.023903924971818924
        ],
        [
            0.14471900463104248,
            0.02557164989411831,
            0.006180275231599808
        ],
        [
            0.13797076046466827,
            0.02172115258872509,
            -0.0009709522128105164
        ],
        [
            0.13326802849769592,
            0.02886141836643219,
            0.005690962076187134
        ],
        [
            0.14009274542331696,
            0.030292680487036705,
            0.010985732078552246
        ],
        [
            0.15684865415096283,
            0.015216901898384094,
            0.012756440788507462
        ],
        [
            0.15506429970264435,
            0.023139873519539833,
            0.011778108775615692
        ],
        [
            0.16088952124118805,
            0.025810981169342995,
            0.01751626282930374
        ],
        [
            0.16456294059753418,
            0.018972354009747505,
            0.019258346408605576
        ],
        [
            0.07280676811933517,
            0.06799875199794769,
            0.04518670216202736
        ],
        [
            0.07570472359657288,
            0.05654464662075043,
            0.04424994811415672
        ],
        [
            0.11893545091152191,
            0.0007754787802696228,
            -0.011934913694858551
        ],
        [
            0.11193415522575378,
            -0.0014384984970092773,
            -0.014826212078332901
        ],
        [
            0.10544973611831665,
            -0.006278183311223984,
            -0.01769484579563141
        ],
        [
            0.11026035249233246,
            0.029832089319825172,
            0.005400471389293671
        ],
        [
            0.10109007358551025,
            0.024448949843645096,
            -0.004213698208332062
        ],
        [
            0.09874168038368225,
            0.02759021893143654,
            -0.0020681247115135193
        ],
        [
            0.10876250267028809,
            0.031244905665516853,
            0.008201725780963898
        ],
        [
            0.1034117043018341,
            0.048387374728918076,
            0.016880661249160767
        ],
        [
            0.09663966298103333,
            0.0439193919301033,
            0.005453385412693024
        ],
        [
            0.09978880733251572,
            0.06115987151861191,
            0.02149953693151474
        ],
        [
            0.08698847889900208,
            0.018592245876789093,
            -0.0064727067947387695
        ],
        [
            0.08669643104076385,
            0.010432526469230652,
            -0.014056682586669922
        ],
        [
            0.0793667659163475,
            0.013387307524681091,
            -0.009877361357212067
        ],
        [
            0.094276562333107,
            0.004925049841403961,
            -0.017268329858779907
        ],
        [
            0.10103489458560944,
            -0.0008172020316123962,
            -0.018858186900615692
        ],
        [
            0.10804794728755951,
            -0.026879094541072845,
            0.0012005381286144257
        ],
        [
            0.07312606275081635,
            0.015310883522033691,
            -0.004429936408996582
        ],
        [
            0.0840616449713707,
            0.07818560302257538,
            0.02436092495918274
        ],
        [
            0.07921840250492096,
            0.08285390585660934,
            0.029129818081855774
        ],
        [
            0.08483143150806427,
            0.08194547891616821,
            0.0346604622900486
        ],
        [
            0.08936281502246857,
            0.07761452347040176,
            0.03092159703373909
        ],
        [
            0.11295312643051147,
            0.0646044909954071,
            0.07457593828439713
        ],
        [
            0.11339470744132996,
            0.06784381717443466,
            0.06762062013149261
        ],
        [
            0.10795305669307709,
            0.06537093967199326,
            0.061991672962903976
        ],
        [
            0.11848349124193192,
            0.025252146646380424,
            -0.004031077027320862
        ],
        [
            0.1252625286579132,
            0.015743739902973175,
            -0.009335838258266449
        ],
        [
            0.1287308782339096,
            0.0655691996216774,
            0.0597367025911808
        ],
        [
            0.13449355959892273,
            0.08968519419431686,
            0.07849640399217606
        ],
        [
            0.12940078973770142,
            0.09029726684093475,
            0.0749908909201622
        ],
        [
            0.12083540111780167,
            0.07482004910707474,
            0.07619939744472504
        ],
        [
            0.12621977925300598,
            0.07344736903905869,
            0.08080391585826874
        ],
        [
            0.1363842636346817,
            0.06615939736366272,
            0.06484369933605194
        ],
        [
            0.13035111129283905,
            0.0676000714302063,
            0.06091226637363434
        ],
        [
            0.1316177099943161,
            0.06852199137210846,
            0.06137867271900177
        ],
        [
            0.1382167935371399,
            0.06848086416721344,
            0.063132643699646
        ],
        [
            0.15906113386154175,
            0.046941034495830536,
            0.04470142722129822
        ],
        [
            0.15537060797214508,
            0.043431032449007034,
            0.04063906520605087
        ],
        [
            0.1340552568435669,
            0.04542811959981918,
            0.0758245438337326
        ],
        [
            0.12210652977228165,
            0.0494832918047905,
            0.08236365765333176
        ],
        [
            0.11287839710712433,
            0.042984746396541595,
            0.07406435906887054
        ],
        [
            0.1380622833967209,
            0.04223974049091339,
            0.03661684691905975
        ],
        [
            0.14496144652366638,
            0.046454623341560364,
            0.04312606528401375
        ],
        [
            0.14752644300460815,
            0.04424593970179558,
            0.040673233568668365
        ],
        [
            0.1322261393070221,
            0.06024514511227608,
            0.05536894500255585
        ],
        [
            0.13458405435085297,
            0.06368576735258102,
            0.060443900525569916
        ],
        [
            0.13685950636863708,
            0.0599697008728981,
            0.05841983109712601
        ],
        [
            0.13485635817050934,
            0.05664721131324768,
            0.05254068970680237
        ],
        [
            0.14527547359466553,
            0.0027621835470199585,
            0.013351604342460632
        ],
        [
            0.14768560230731964,
            0.010359525680541992,
            0.004632528871297836
        ],
        [
            0.12946423888206482,
            0.09279065579175949,
            0.06596477329730988
        ],
        [
            0.12903518974781036,
            0.09136331081390381,
            0.0680856704711914
        ],
        [
            0.13096609711647034,
            0.03730924054980278,
            0.029095057398080826
        ],
        [
            0.10465852916240692,
            0.03621157631278038,
            0.06251011788845062
        ],
        [
            0.124697744846344,
            0.03330398350954056,
            0.020414084196090698
        ],
        [
            0.1624421775341034,
            0.02728593908250332,
            0.050150640308856964
        ],
        [
            0.16604171693325043,
            0.03257684409618378,
            0.04368116706609726
        ],
        [
            0.16796039044857025,
            0.037043213844299316,
            0.045542407780885696
        ],
        [
            0.16745996475219727,
            0.034712642431259155,
            0.05134144797921181
        ],
        [
            0.14485692977905273,
            0.08014119416475296,
            0.06299018859863281
        ],
        [
            0.13996681571006775,
            0.08210979402065277,
            0.059834934771060944
        ],
        [
            0.14050136506557465,
            0.08299052715301514,
            0.06048985943198204
        ],
        [
            0.1461634784936905,
            0.08279738575220108,
            0.06306422501802444
        ],
        [
            0.12451745569705963,
            0.06892625987529755,
            0.061001647263765335
        ],
        [
            0.11915359646081924,
            0.07030004262924194,
            0.06391095370054245
        ],
        [
            0.12162379175424576,
            0.07348429411649704,
            0.06380318850278854
        ],
        [
            0.1269903928041458,
            0.07122170180082321,
            0.06158217787742615
        ],
        [
            0.11663015186786652,
            0.07060832530260086,
            0.06974752992391586
        ],
        [
            0.11917895823717117,
            0.07449370622634888,
            0.06992365419864655
        ],
        [
            0.14783219993114471,
            0.08082110434770584,
            0.06891724467277527
        ],
        [
            0.14617744088172913,
            0.08465087413787842,
            0.07567939162254333
        ],
        [
            0.1396903693675995,
            0.06839527934789658,
            0.07726696878671646
        ],
        [
            0.1421499103307724,
            0.06911629438400269,
            0.06977547705173492
        ],
        [
            0.12099756300449371,
            0.0004492364823818207,
            0.032038647681474686
        ],
        [
            0.12786251306533813,
            -0.0030092373490333557,
            0.023782867938280106
        ],
        [
            0.1386597454547882,
            0.00487494096159935,
            0.03143555298447609
        ],
        [
            0.14999066293239594,
            0.011505182832479477,
            0.03960740193724632
        ],
        [
            0.15962032973766327,
            0.019139545038342476,
            0.047191765159368515
        ],
        [
            0.1527417004108429,
            0.021597040817141533,
            0.05724245309829712
        ],
        [
            0.14234831929206848,
            0.0022565610706806183,
            0.02439221367239952
        ],
        [
            0.13858990371227264,
            0.057537492364645004,
            0.07037197798490524
        ],
        [
            0.134888157248497,
            0.05667424947023392,
            0.07746228575706482
        ],
        [
            0.13785560429096222,
            0.052459459751844406,
            0.07437582314014435
        ],
        [
            0.12998352944850922,
            0.03146795928478241,
            0.015343014150857925
        ],
        [
            0.12723121047019958,
            0.08951771259307861,
            0.06984414160251617
        ],
        [
            0.0768367350101471,
            0.0006206855177879333,
            0.02682560682296753
        ],
        [
            0.0867830365896225,
            -0.008011192083358765,
            0.025528430938720703
        ],
        [
            0.09021585434675217,
            -0.0016589537262916565,
            0.03063257411122322
        ],
        [
            0.07933484017848969,
            0.008432131260633469,
            0.031344711780548096
        ],
        [
            0.13333633542060852,
            0.08527448773384094,
            0.0600779764354229
        ],
        [
            0.12829717993736267,
            0.08750227093696594,
            0.06381586939096451
        ],
        [
            0.16051113605499268,
            0.041163697838783264,
            0.036995165050029755
        ],
        [
            0.1632727086544037,
            0.044283729046583176,
            0.041546858847141266
        ],
        [
            0.1665421724319458,
            0.042176518589258194,
            0.04171021655201912
        ],
        [
            0.16616789996623993,
            0.04037392511963844,
            0.035699836909770966
        ],
        [
            0.13016654551029205,
            -0.004686374217271805,
            0.018411383032798767
        ],
        [
            0.17245151102542877,
            0.020865367725491524,
            0.02826021797955036
        ],
        [
            0.1689774990081787,
            0.018182791769504547,
            0.03913658857345581
        ],
        [
            0.11825918406248093,
            -0.009742163121700287,
            0.017512675374746323
        ],
        [
            0.11225008219480515,
            -0.007356289774179459,
            0.024994701147079468
        ],
        [
            0.10642609745264053,
            -0.013257760554552078,
            0.019659660756587982
        ],
        [
            0.14874131977558136,
            0.03337251394987106,
            0.06629283726215363
        ],
        [
            0.11719389259815216,
            0.004833977669477463,
            0.03865524381399155
        ],
        [
            0.10821546614170074,
            -0.0033233612775802612,
            0.030258923768997192
        ],
        [
            0.10106849670410156,
            -0.010186810046434402,
            0.024119433015584946
        ],
        [
            0.0965476930141449,
            -0.015875469893217087,
            0.01982859894633293
        ],
        [
            0.10287217050790787,
            -0.018574949353933334,
            0.015309542417526245
        ],
        [
            0.14080406725406647,
            0.08759323507547379,
            0.07834724336862564
        ],
        [
            0.14852000772953033,
            0.08993181586265564,
            0.07350411266088486
        ],
        [
            0.09913758933544159,
            -0.0259111225605011,
            0.011231634765863419
        ],
        [
            0.0920882374048233,
            -0.022083774209022522,
            0.016071319580078125
        ],
        [
            0.10253052413463593,
            0.0018453225493431091,
            0.03548331931233406
        ],
        [
            0.09543447196483612,
            0.009076755493879318,
            0.040454864501953125
        ],
        [
            0.11142946779727936,
            0.009742118418216705,
            0.0432296097278595
        ],
        [
            0.10502097010612488,
            0.017474878579378128,
            0.049122925847768784
        ],
        [
            0.14099732041358948,
            0.03326639533042908,
            0.07456108927726746
        ],
        [
            0.14941084384918213,
            0.09773210436105728,
            0.05641138553619385
        ],
        [
            0.15030206739902496,
            0.09040375053882599,
            0.06488324701786041
        ],
        [
            0.14742307364940643,
            0.08629260212182999,
            0.06159822270274162
        ],
        [
            0.14905790984630585,
            0.0938320904970169,
            0.054486196488142014
        ],
        [
            0.1492595374584198,
            0.08507592976093292,
            0.06754247844219208
        ],
        [
            0.14857006072998047,
            0.09398116171360016,
            0.06936609745025635
        ],
        [
            0.09507483243942261,
            0.028648003935813904,
            0.05173071101307869
        ],
        [
            0.13889649510383606,
            0.06210990995168686,
            0.0631043016910553
        ],
        [
            0.08353705704212189,
            0.02199133113026619,
            0.04004555195569992
        ],
        [
            0.08642039448022842,
            0.04453406482934952,
            0.05492009222507477
        ],
        [
            0.07832170277833939,
            0.04051358625292778,
            0.04406992718577385
        ],
        [
            0.07117507606744766,
            0.017372306436300278,
            0.02775733917951584
        ],
        [
            0.07023550570011139,
            0.03247576951980591,
            0.031676873564720154
        ],
        [
            0.06678207218647003,
            0.0032732710242271423,
            0.01960492879152298
        ],
        [
            0.07020977139472961,
            0.009469904005527496,
            0.024267058819532394
        ],
        [
            0.07002433389425278,
            0.04765167087316513,
            0.033525969833135605
        ],
        [
            0.13341572880744934,
            0.09161482751369476,
            0.05513288453221321
        ],
        [
            0.13896483182907104,
            0.08895976096391678,
            0.053731031715869904
        ],
