{
    "pred_cam": [
        9.732468605041504,
        0.04751790314912796,
        -0.044212814420461655
    ],
    "pred_mano_params": {
        "global_orient": [
            [
                [
                    0.763900876045227,
                    -0.37169206142425537,
                    -0.5275419354438782
                ],
                [
                    -0.6451370716094971,
                    -0.41967546939849854,
                    -0.6384909749031067
                ],
                [
                    0.01592564582824707,
                    0.8280806541442871,
                    -0.5603827834129333
                ]
            ]
        ],
        "hand_pose": [
            [
                [
                    0.8604568839073181,
                    -0.29250869154930115,
                    -0.4171960651874542
                ],
                [
                    0.28129976987838745,
                    0.9554185271263123,
                    -0.08969857543706894
                ],
                [
                    0.4248344600200653,
                    -0.04017540067434311,
                    0.9043790698051453
                ]
            ],
            [
                [
                    0.9522150754928589,
                    -0.30419492721557617,
                    0.02742203138768673
                ],
                [
                    0.3048456013202667,
                    0.9410159587860107,
                    -0.14682705700397491
                ],
                [
                    0.01885947398841381,
                    0.14817041158676147,
                    0.9887820482254028
                ]
            ],
            [
                [
                    0.8327710628509521,
                    -0.5341180562973022,
                    0.14563752710819244
                ],
                [
                    0.5526229739189148,
                    0.817757248878479,
                    -0.160875603556633
                ],
                [
                    -0.03316958248615265,
                    0.21445518732070923,
                    0.9761704802513123
                ]
            ],
            [
                [
                    0.7505918741226196,
                    -0.654693067073822,
                    -0.08938057720661163
                ],
                [
                    0.6548855304718018,
                    0.755081057548523,
                    -0.031266309320926666
                ],
                [
                    0.0879594162106514,
                    -0.03506580740213394,
                    0.9955067038536072
                ]
            ],
            [
                [
                    0.9702579975128174,
                    -0.17502109706401825,
                    -0.1672334372997284
                ],
                [
                    0.21185065805912018,
                    0.9481850266456604,
                    0.23677924275398254
                ],
                [
                    0.11712688207626343,
                    -0.2651654779911041,
                    0.9570624232292175
                ]
            ],
            [
                [
                    0.8813137412071228,
                    -0.4345659017562866,
                    0.1855761706829071
                ],
                [
                    0.44531765580177307,
                    0.8951796293258667,
                    -0.018591130152344704
                ],
                [
                    -0.15804491937160492,
                    0.09902496635913849,
                    0.9824540019035339
                ]
            ],
            [
                [
                    0.7049227356910706,
                    -0.5637646317481995,
                    0.4304106831550598
                ],
                [
                    0.5200810432434082,
                    0.8234543800354004,
                    0.22680087387561798
                ],
                [
                    -0.48228585720062256,
                    0.06397132575511932,
                    0.8736749887466431
                ]
            ],
            [
                [
                    0.9659010171890259,
                    -0.1632152795791626,
                    -0.20098750293254852
                ],
                [
                    0.21343353390693665,
                    0.9413785934448242,
                    0.2612515687942505
                ],
                [
                    0.14656509459018707,
                    -0.2952406406402588,
                    0.9441141486167908
                ]
            ],
            [
                [
                    0.9664574265480042,
                    -0.14787183701992035,
                    0.2099861055612564
                ],
                [
                    0.07007798552513123,
                    0.9384241104125977,
                    0.3383036255836487
                ],
                [
                    -0.24708156287670135,
                    -0.3122405707836151,
                    0.9173095226287842
                ]
            ],
            [
                [
                    0.6573818922042847,
                    -0.7223036289215088,
                    0.21477073431015015
                ],
                [
                    0.7328798174858093,
                    0.6791345477104187,
                    0.04078543186187744
                ],
                [
                    -0.1753177046775818,
                    0.13058951497077942,
                    0.9758124947547913
                ]
            ],
            [
                [
                    0.9846642017364502,
                    -0.08716902881860733,
                    -0.15112249553203583
                ],
                [
                    0.13047382235527039,
                    0.942983090877533,
                    0.3062017858028412
                ],
                [
                    0.11581463366746902,
                    -0.3212234377861023,
                    0.93989497423172
                ]
            ],
            [
                [
                    0.8867784738540649,
                    -0.4110698401927948,
                    0.21129505336284637
                ],
                [
                    0.3681236207485199,
                    0.9045988321304321,
                    0.21490927040576935
                ],
                [
                    -0.27947998046875,
                    -0.11279421299695969,
                    0.9535033106803894
                ]
            ],
            [
                [
                    0.931581974029541,
                    0.24931491911411285,
                    -0.264569491147995
                ],
                [
                    -0.35851702094078064,
                    0.7505395412445068,
                    -0.5551179647445679
                ],
                [
                    0.06017065420746803,
                    0.6119905710220337,
                    0.7885727286338806
                ]
            ],
            [
                [
                    0.8440078496932983,
                    -0.36687663197517395,
                    -0.39121896028518677
                ],
                [
                    0.5013203024864197,
                    0.7988815903663635,
                    0.3323644995689392
                ],
                [
                    0.19060084223747253,
                    -0.47664427757263184,
                    0.8581850528717041
                ]
            ],
            [
                [
                    0.9993852376937866,
                    -0.005390226375311613,
                    0.034641336649656296
                ],
                [
                    0.018598537892103195,
                    0.9191184639930725,
                    -0.3935421109199524
                ],
                [
                    -0.029718197882175446,
                    0.39394447207450867,
                    0.918653666973114
                ]
            ]
        ],
        "betas": [
            0.07365737855434418,
            -0.1004854142665863,
            -0.04692927002906799,
            0.06320258975028992,
            -0.026581376791000366,
            -0.015125196427106857,
            0.013092041015625,
            0.034486398100852966,
            -0.009170696139335632,
            -0.03262278437614441
        ]
    },
    "pred_cam_t": [
        -0.04751790314912796,
        -0.044212814420461655,
        4.013627052307129
    ],
    "focal_length": [
        5000.0,
        5000.0
    ],
    "pred_keypoints_3d": [
        [
            0.09539106488227844,
            0.006360042840242386,
            0.006176835857331753
        ],
        [
            0.06925145536661148,
            0.011913228780031204,
            -0.02136893942952156
        ],
        [
            0.04322848469018936,
            0.01842694729566574,
            -0.03632534295320511
        ],
        [
            0.024902207776904106,
            0.03746643662452698,
            -0.04205264896154404
        ],
        [
            0.0021884292364120483,
            0.061095040291547775,
            -0.05629820376634598
        ],
        [
            0.019487380981445312,
            0.05212952569127083,
            -0.010972329415380955
        ],
        [
            0.0048581687733531,
            0.0815548375248909,
            -0.009288975037634373
        ],
        [
            0.003020715434104204,
            0.10273978114128113,
            -0.015475397929549217
        ],
        [
            0.00939306803047657,
            0.12243349105119705,
            -0.030000170692801476
        ],
        [
            0.025716938078403473,
            0.07006016373634338,
            0.005315326154232025
        ],
        [
            0.018720779567956924,
            0.09874945878982544,
            -0.005976689048111439
        ],
        [
            0.021510621532797813,
            0.11865890771150589,
            -0.017585428431630135
        ],
        [
            0.025022562593221664,
            0.13524401187896729,
            -0.03667283430695534
        ],
        [
            0.04862925782799721,
            0.07757499814033508,
            0.01646139845252037
        ],
        [
            0.03957719728350639,
            0.09919431805610657,
            -0.00021114572882652283
        ],
        [
            0.0420050211250782,
            0.11928475648164749,
            -0.014414029195904732
        ],
        [
            0.04374781623482704,
            0.13353310525417328,
            -0.03493940085172653
        ],
        [
            0.06930405646562576,
            0.08222654461860657,
            0.02102765440940857
        ],
        [
            0.06173578277230263,
            0.10001378506422043,
            0.012678774073719978
        ],
        [
            0.06160714849829674,
            0.11598148941993713,
            0.002557806670665741
        ],
        [
            0.05948130786418915,
            0.1287069469690323,
            -0.012782642617821693
        ]
    ],
    "pred_vertices": [
        [
            0.055308859795331955,
            0.03477603942155838,
            -0.01713203825056553
        ],
        [
            0.06417252123355865,
            0.029334235936403275,
            -0.018078530207276344
        ],
        [
            0.05546383187174797,
            0.03095674142241478,
            -0.024283811450004578
        ],
        [
            0.04786038026213646,
            0.03499554842710495,
            -0.023174550384283066
        ],
        [
            0.07081925868988037,
            0.022960109636187553,
            -0.03545788675546646
        ],
        [
            0.07157348841428757,
            0.011954214423894882,
            -0.04123358055949211
        ],
        [
            0.05584742873907089,
            0.018741022795438766,
            -0.0465056449174881
        ],
        [
            0.05833811312913895,
            0.027371838688850403,
            -0.04145823419094086
        ],
        [
            0.04056508094072342,
            0.03405555337667465,
            -0.026145249605178833
        ],
        [
            0.04858246073126793,
            0.03223234415054321,
            -0.02900940366089344
        ],
        [
            0.037174783647060394,
            0.030106661841273308,
            -0.024403536692261696
        ],
        [
            0.02729843743145466,
            0.030546341091394424,
            -0.018712269142270088
        ],
        [
            0.03215011954307556,
            0.03559122607111931,
            -0.022443871945142746
        ],
        [
            0.020731166005134583,
            0.034612495452165604,
            -0.015522107481956482
        ],
        [
            0.028714869171380997,
            0.021745936945080757,
            -0.011881684884428978
        ],
        [
            0.019870061427354813,
            0.03270070254802704,
            -0.006313201040029526
        ],
        [
            0.04183034598827362,
            0.027438025921583176,
            0.011697850190103054
        ],
        [
            0.05095050483942032,
            0.03326943516731262,
            0.019440973177552223
        ],
        [
            0.039199940860271454,
            0.0458025187253952,
            0.01998324878513813
        ],
        [
            0.03142860159277916,
            0.03899580240249634,
            0.011101250536739826
        ],
        [
            0.05786590278148651,
            0.051634691655635834,
            0.026846345514059067
        ],
        [
            0.046956807374954224,
            0.04910951852798462,
            0.023252010345458984
        ],
        [
            0.058248572051525116,
            0.036066845059394836,
            0.023737497627735138
        ],
        [
            0.06751392781734467,
            0.03900932893157005,
            0.02676541544497013
        ],
        [
            0.06800710409879684,
            0.03698156028985977,
            -0.007717018015682697
        ],
        [
            0.07719452679157257,
            0.030960123986005783,
            -0.008102625608444214
        ],
        [
            0.07255234569311142,
            0.029476363211870193,
            -0.010957776568830013
        ],
        [
            0.06387749314308167,
            0.03522830829024315,
            -0.010794304311275482
        ],
        [
            0.03359793499112129,
            0.023346349596977234,
            -0.028060467913746834
        ],
        [
            0.03569469600915909,
            0.014493562281131744,
            -0.02336445450782776
        ],
        [
            0.03458982706069946,
            0.02223183773458004,
            -0.022016264498233795
        ],
        [
            0.035976044833660126,
            0.02832965739071369,
            -0.028752364218235016
        ],
        [
            0.10444723814725876,
            0.022627592086791992,
            -0.009060695767402649
        ],
        [
            0.1100572720170021,
            0.011007703840732574,
            -0.005316958762705326
        ],
        [
            0.10629120469093323,
            0.007595498114824295,
            -0.00819434504956007
        ],
        [
            0.10183945298194885,
            0.018925625830888748,
            -0.010612515732645988
        ],
        [
            0.09055092185735703,
            0.0026179812848567963,
            -0.026291977614164352
        ],
        [
            0.09565792232751846,
            -0.0036588720977306366,
            -0.017786040902137756
        ],
        [
            0.09071075916290283,
            -0.01657968759536743,
            -0.01539746392518282
        ],
        [
            0.08322355151176453,
            -0.011804681271314621,
            -0.02134416252374649
        ],
        [
            0.08179593831300735,
            0.007921576499938965,
            -0.03501155227422714
        ],
        [
            0.07692048698663712,
            -0.005216829478740692,
            -0.032423365861177444
        ],
        [
            0.0667247623205185,
            0.00129777193069458,
            -0.04018677771091461
        ],
        [
            0.05113360285758972,
            0.010535644367337227,
            -0.045939281582832336
        ],
        [
            0.11715665459632874,
            0.017244994640350342,
            0.0032742111943662167
        ],
        [
            0.1143358126282692,
            0.026780277490615845,
            0.0013462984934449196
        ],
        [
            0.005525418557226658,
            0.08462752401828766,
            -0.020285092294216156
        ],
        [
            0.010292859748005867,
            0.08700837939977646,
            -0.017789386212825775
        ],
        [
            0.011411387473344803,
            0.08260247856378555,
            -0.01811644621193409
        ],
        [
            0.006288700271397829,
            0.0808756873011589,
            -0.020175009965896606
        ],
        [
            0.11338751018047333,
            0.02363898605108261,
            0.021975629031658173
        ],
        [
            0.1081288680434227,
            0.019865751266479492,
            0.0296517014503479
        ],
        [
            0.11411787569522858,
            0.015800394117832184,
            0.028972823172807693
        ],
        [
            0.11816708743572235,
            0.017936743795871735,
            0.020787572488188744
        ],
        [
            0.10702282935380936,
            0.031155768781900406,
            0.023394569754600525
        ],
        [
            0.09974461793899536,
            0.025488272309303284,
            0.029790092259645462
        ],
        [
            -0.004178588278591633,
            0.08526114374399185,
            -0.012018084526062012
        ],
        [
            -0.0027504656463861465,
            0.08449780941009521,
            -0.016919294372200966
        ],
        [
            -0.0025163255631923676,
            0.07962760329246521,
            -0.015135821886360645
        ],
        [
            -0.0030683819204568863,
            0.07995545119047165,
            -0.00983838364481926
        ],
        [
            0.039401404559612274,
            0.03890267014503479,
            -0.022305941209197044
        ],
        [
            0.04762669652700424,
            0.040918730199337006,
            -0.017900414764881134
        ],
        [
            0.026398885995149612,
            0.051763806492090225,
            -0.020755862817168236
        ],
        [
            0.0353391170501709,
            0.04760166257619858,
            -0.018252722918987274
        ],
        [
            0.030918922275304794,
            0.04260849952697754,
            -0.02141004055738449
        ],
        [
            0.02326624095439911,
            0.04635702818632126,
            -0.021883754059672356
        ],
        [
            0.05356515571475029,
            0.05435122549533844,
            -0.004517190158367157
        ],
        [
            0.061692602932453156,
            0.045978788286447525,
            -0.004913637414574623
        ],
        [
            0.056343141943216324,
            0.044242843985557556,
            -0.00828520767390728
        ],
        [
            0.046681396663188934,
            0.05284798890352249,
            -0.009472224861383438
        ],
        [
            0.07294772565364838,
            0.052669674158096313,
            0.0003229863941669464
        ],
        [
            0.06386217474937439,
            0.0601910725235939,
            0.0006705266423523426
        ],
        [
            0.07128725945949554,
            0.06313537061214447,
            0.0036715399473905563
        ],
        [
            0.0768173336982727,
            0.057612091302871704,
            0.0020558759570121765
        ],
        [
            0.04632224142551422,
            0.07045401632785797,
            0.0005578561685979366
        ],
        [
            0.041234444826841354,
            0.07435677200555801,
            0.0013387748040258884
        ],
        [
            0.04417089745402336,
            0.0760170966386795,
            0.001964278519153595
        ],
        [
            0.049422234296798706,
            0.07163576036691666,
            0.0023062163963913918
        ],
        [
            0.11935389786958694,
            0.011041916906833649,
            0.02894601598381996
        ],
        [
            0.12195931375026703,
            0.011875234544277191,
            0.019535429775714874
        ],
        [
            0.07753776013851166,
            0.05943824723362923,
            0.030913449823856354
        ],
        [
            0.08786258101463318,
            0.06130748242139816,
            0.027182364836335182
        ],
        [
            0.08112728595733643,
            0.07269460707902908,
            0.028632091358304024
        ],
        [
            0.07157605141401291,
            0.06763754040002823,
            0.03257128596305847
        ],
        [
            0.09958136081695557,
            0.014730311930179596,
            0.03233008831739426
        ],
        [
            0.1065068319439888,
            0.011337652802467346,
            0.033706992864608765
        ],
        [
            -0.0021665729582309723,
            0.08719851076602936,
            -0.006490272469818592
        ],
        [
            -0.00032206159085035324,
            0.08194368332624435,
            -0.004766534082591534
        ],
        [
            0.06235383823513985,
            -0.006758634001016617,
            -0.030661169439554214
        ],
        [
            0.04673922806978226,
            0.004602000117301941,
            -0.040394626557826996
        ],
        [
            0.07282720506191254,
            -0.013175733387470245,
            -0.02016153186559677
        ],
        [
            0.07918772101402283,
            -0.017284661531448364,
            -0.01169242337346077
        ],
        [
            0.08462624251842499,
            -0.02262178063392639,
            -0.006946709007024765
        ],
        [
            0.036305174231529236,
            0.05340180546045303,
            -0.015283940359950066
        ],
        [
            0.05530097335577011,
            0.04022461548447609,
            -0.0125579247251153
        ],
        [
            0.07193513214588165,
            0.03905501589179039,
            -0.005360757000744343
        ],
        [
            0.09394372254610062,
            0.05776122212409973,
            0.004893946461379528
        ],
        [
            0.10116652399301529,
            0.05016222968697548,
            0.003677171654999256
        ],
        [
            0.0921778529882431,
            0.048123136162757874,
            -0.0016223061829805374
        ],
        [
            0.08748776465654373,
            0.054991111159324646,
            0.0010951515287160873
        ],
        [
            0.0925958901643753,
            0.06537087261676788,
            0.01957228034734726
        ],
        [
            0.09052286297082901,
            0.06669501215219498,
            0.011954886838793755
        ],
        [
            0.0845743864774704,
            0.07356098294258118,
            0.013618103228509426
        ],
        [
            0.08597541600465775,
            0.07401161640882492,
            0.021169740706682205
        ],
        [
            0.030605781823396683,
            0.017503149807453156,
            -0.031578417867422104
        ],
        [
            0.03716526925563812,
            0.007681053131818771,
            -0.026161542162299156
        ],
        [
            0.11626012623310089,
            0.025588739663362503,
            0.01203492283821106
        ],
        [
            0.11899790167808533,
            0.018446750938892365,
            0.010726640932261944
        ],
        [
            0.1226232647895813,
            0.01091098040342331,
            0.01188479270786047
        ],
        [
            0.09062011539936066,
            0.026402663439512253,
            -0.010021056048572063
        ],
        [
            0.1001378670334816,
            0.01641664281487465,
            -0.011993831023573875
        ],
        [
            0.09717500954866409,
            0.0149385966360569,
            -0.015276766382157803
        ],
        [
            0.08809348940849304,
            0.02490248531103134,
            -0.010943111032247543
        ],
        [
            0.07414279133081436,
            0.026179801672697067,
            -0.021999850869178772
        ],
        [
            0.08365307748317719,
            0.01861322484910488,
            -0.02767699956893921
        ],
        [
            0.0637863427400589,
            0.03002828359603882,
            -0.028289884328842163
        ],
        [
            0.1024378314614296,
            0.0017445646226406097,
            -0.012258188799023628
        ],
        [
            0.11191601306200027,
            -0.0009264722466468811,
            -0.007349508814513683
        ],
        [
            0.10637025535106659,
            -0.006807886064052582,
            -0.010951722972095013
        ],
        [
            0.11745589226484299,
            0.004306040704250336,
            -0.001252520363777876
        ],
        [
            0.12148606032133102,
            0.008683793246746063,
            0.005336238071322441
        ],
        [
            0.11224482953548431,
            0.006081327795982361,
            0.0371098667383194
        ],
        [
            0.10006938129663467,
            -0.011977173388004303,
            -0.012865088880062103
        ],
        [
            0.049400199204683304,
            0.02928330935537815,
            -0.04434778541326523
        ],
        [
            0.04235747456550598,
            0.03184058889746666,
            -0.045333798974752426
        ],
        [
            0.042996786534786224,
            0.034580428153276443,
            -0.03859730437397957
        ],
        [
            0.0486212819814682,
            0.032370105385780334,
            -0.036963947117328644
        ],
        [
            0.013522583991289139,
            0.041590020060539246,
            -0.012997617945075035
        ],
        [
            0.017687305808067322,
            0.04384985938668251,
            -0.01963878609240055
        ],
        [
            0.02549348771572113,
            0.03710072487592697,
            -0.020992781966924667
        ],
        [
            0.1008729413151741,
            0.03328299522399902,
            -0.006500903517007828
        ],
        [
            0.10954821109771729,
            0.0364319272339344,
            0.0020229006186127663
        ],
        [
            0.027456805109977722,
            0.057199668139219284,
            -0.017174292355775833
        ],
        [
            -0.0015569189563393593,
            0.07503437995910645,
            -0.008146800100803375
        ],
        [
            -0.0012083947658538818,
            0.07449395954608917,
            -0.01400347612798214
        ],
        [
            0.005777779500931501,
            0.05732698738574982,
            -0.013574941083788872
        ],
        [
            0.004775026813149452,
            0.058367300778627396,
            -0.006961042992770672
        ],
        [
            0.023507745936512947,
            0.0640202984213829,
            -0.009582849219441414
        ],
        [
            0.02450507879257202,
            0.061022672802209854,
            -0.015419002622365952
        ],
        [
            0.023284418508410454,
            0.06335147470235825,
            -0.013584808446466923
        ],
        [
            0.02368449606001377,
            0.06723149120807648,
            -0.008405057713389397
        ],
        [
            0.05267121270298958,
            0.07771751284599304,
            0.005284716375172138
        ],
        [
            0.05727005749940872,
            0.07375215739011765,
            0.0055325948633253574
        ],
        [
            0.023168468847870827,
            0.05209788307547569,
            0.008043767884373665
        ],
        [
            0.016050003468990326,
            0.04182650148868561,
            0.003428730182349682
        ],
        [
            0.02457541599869728,
            0.033154867589473724,
            0.0036044353619217873
        ],
        [
            0.059768568724393845,
            0.05689559876918793,
            -0.0012989132665097713
        ],
        [
            0.05304677039384842,
            0.06477398425340652,
            -0.0005060904659330845
        ],
        [
            0.05626542121171951,
            0.06650932878255844,
            0.0014882045798003674
        ],
        [
            0.03546294942498207,
            0.05746125802397728,
            -0.012781774625182152
        ],
        [
            0.02907072752714157,
            0.06102994456887245,
            -0.01283644326031208
        ],
        [
            0.03326118364930153,
            0.061825942248106,
            -0.009567292407155037
        ],
        [
            0.03980870172381401,
            0.05872736871242523,
            -0.009325658902525902
        ],
        [
            0.09498608112335205,
            0.05018766224384308,
            0.02691618911921978
        ],
        [
            0.10074105858802795,
            0.055229444056749344,
            0.018204327672719955
        ],
        [
            0.0007814518176019192,
            0.08399859815835953,
            -0.019937437027692795
        ],
        [
            0.0011356924660503864,
            0.07971163094043732,
            -0.019028622657060623
        ],
        [
            0.06760843098163605,
            0.048641037195920944,
            -0.0017802170477807522
        ],
        [
            0.03569786250591278,
            0.023448079824447632,
            0.003267117775976658
        ],
        [
            0.0763232484459877,
            0.041447240859270096,
            -0.0031436574645340443
        ],
        [
            0.05466345697641373,
            0.07353444397449493,
            0.02451857179403305
        ],
        [
            0.058555349707603455,
            0.0785660445690155,
            0.019887544214725494
        ],
        [
            0.05504734814167023,
            0.08241429924964905,
            0.01680094376206398
        ],
        [
            0.0505983941257,
            0.08081759512424469,
            0.02043762616813183
        ],
        [
            0.017265236005187035,
            0.08097217977046967,
            -0.007500378414988518
        ],
        [
            0.016976356506347656,
            0.08076315373182297,
            -0.013203026726841927
        ],
        [
            0.014967218041419983,
            0.08465372025966644,
            -0.013379354029893875
        ],
        [
            0.014875778928399086,
            0.08554665744304657,
            -0.00767750758677721
        ],
        [
            0.022038578987121582,
            0.0575137659907341,
            -0.019265413284301758
        ],
        [
            0.01808801293373108,
            0.052845828235149384,
            -0.021209297701716423
        ],
        [
            0.015540829859673977,
            0.05951368063688278,
            -0.020102588459849358
        ],
        [
            0.01996937207877636,
            0.062101494520902634,
            -0.017255309969186783
        ],
        [
            0.012568175792694092,
            0.051034361124038696,
            -0.01843218319118023
        ],
        [
            0.009916397742927074,
            0.05753970518708229,
            -0.018246790394186974
        ],
        [
            0.01360957883298397,
            0.08011724054813385,
            -0.002233619336038828
        ],
        [
            0.006689876317977905,
            0.07817856222391129,
            -7.64084979891777e-05
        ],
        [
            0.013506022281944752,
            0.06392030417919159,
            0.001613253727555275
        ],
        [
            0.019262652844190598,
            0.06809275597333908,
            -0.0021636895835399628
        ],
        [
            0.07615409791469574,
            0.026675965636968613,
            0.027962885797023773
        ],
        [
            0.08558753877878189,
            0.032004572451114655,
            0.0302842129021883
        ],
        [
            0.07720130681991577,
            0.044415514916181564,
            0.02933797426521778
        ],
        [
            0.06887736171483994,
            0.056700851768255234,
            0.02979438379406929
        ],
        [
            0.06047568470239639,
            0.06796829402446747,
            0.028857100754976273
        ],
        [
            0.04964412748813629,
            0.06240864098072052,
            0.028062980622053146
        ],
        [
            0.08481545746326447,
            0.04705440625548363,
            0.030327320098876953
        ],
        [
            0.02293107844889164,
            0.06264330446720123,
            -0.0019582328386604786
        ],
        [
            0.017739977687597275,
            0.05532334744930267,
            0.002337760291993618
        ],
        [
            0.02149411104619503,
            0.05889485776424408,
            0.0033237491734325886
        ],
        [
            0.08209951221942902,
            0.045823052525520325,
            -0.0015840358100831509
        ],
        [
            0.0021099974401295185,
            0.07477163523435593,
            -0.01824053004384041
        ],
        [
            0.07643261551856995,
            -0.014203935861587524,
            0.011753441765904427
        ],
        [
            0.08148686587810516,
            -0.007757432758808136,
            0.022226005792617798
        ],
        [
            0.07502176612615585,
            -0.002555146813392639,
            0.019494719803333282
        ],
        [
            0.06986955553293228,
            -0.009430855512619019,
            0.007106758654117584
        ],
        [
            0.013240150175988674,
            0.07866322994232178,
            -0.01847914792597294
        ],
        [
            0.0077465614303946495,
            0.07638978213071823,
            -0.02066945657134056
        ],
        [
            0.0615299753844738,
            0.07803084701299667,
            0.00828523375093937
        ],
        [
            0.05642285943031311,
            0.08107161521911621,
            0.007925675250589848
        ],
        [
            0.05674537271261215,
            0.08342334628105164,
            0.0106000155210495
        ],
        [
            0.06287981569766998,
            0.08299567550420761,
            0.010751589201390743
        ],
        [
            0.09125266969203949,
            0.033631253987550735,
            0.030628666281700134
        ],
        [
            0.07667887210845947,
            0.08020779490470886,
            0.027286522090435028
        ],
        [
            0.06853427737951279,
            0.0753667876124382,
            0.03130520135164261
        ],
        [
            0.09253735840320587,
            0.020967788994312286,
            0.031066959723830223
        ],
        [
            0.08424180746078491,
            0.016087301075458527,
            0.029658105224370956
        ],
        [
            0.09051299095153809,
            0.00880250334739685,
            0.03112693503499031
        ],
        [
            0.03673306852579117,
            0.06224944442510605,
            0.020165380090475082
        ],
        [
            0.06825587153434753,
            0.024536244571208954,
            0.025238577276468277
        ],
        [
            0.07767874002456665,
            0.013635270297527313,
            0.026680758222937584
        ],
        [
            0.08487975597381592,
            0.00480903685092926,
            0.028293492272496223
        ],
        [
            0.09025143831968307,
            -0.0012494102120399475,
            0.03031221590936184
        ],
        [
            0.09595906734466553,
            0.0037948787212371826,
            0.03306319937109947
        ],
        [
            0.0018222155049443245,
            0.07685090601444244,
            -0.003062616102397442
        ],
        [
            0.004736381582915783,
            0.08422835171222687,
            -0.0011781919747591019
        ],
        [
            0.10176368057727814,
            -0.002066895365715027,
            0.03685394674539566
        ],
        [
            0.09532541036605835,
            -0.007424063980579376,
            0.0329693928360939
        ],
        [
            0.07062354683876038,
            0.01003972813487053,
            0.022087696939706802
        ],
        [
            0.06309417635202408,
            0.005667373538017273,
            0.015209149569272995
        ],
        [
            0.06188788264989853,
            0.02081766352057457,
            0.020738717168569565
        ],
        [
            0.05341208353638649,
            0.017373643815517426,
            0.014064577408134937
        ],
        [
            0.029345102608203888,
            0.05437624454498291,
            0.01975783333182335
        ],
        [
            0.005007660947740078,
            0.10152502357959747,
            -0.006602196488529444
        ],
        [
            0.00827309675514698,
            0.09110868722200394,
            -0.0033255484886467457
        ],
        [
            0.012467258609831333,
            0.09055517613887787,
            -0.0073496378026902676
        ],
        [
            0.009149176999926567,
            0.10127992928028107,
            -0.007986696437001228
        ],
        [
            0.011291158385574818,
            0.08536693453788757,
            -0.0029722200706601143
        ],
        [
            0.0028278296813368797,
            0.0894777849316597,
            -0.0028173450846225023
        ],
        [
            0.04662953317165375,
            0.012010160833597183,
            0.002699878066778183
        ],
        [
            0.028055530041456223,
            0.06529662758111954,
            -0.008602015674114227
        ],
        [
            0.05785030126571655,
            -0.0010405145585536957,
            -0.00016195885837078094
        ],
        [
            0.03700114041566849,
            0.010547205805778503,
            -0.010622248984873295
        ],
        [
            0.045954927802085876,
            0.0017348900437355042,
            -0.015011273324489594
        ],
        [
            0.06861548125743866,
            -0.013833291828632355,
            -0.005603752098977566
        ],
        [
            0.05800890177488327,
            -0.008608277887105942,
            -0.017568370327353477
        ],
        [
            0.0810980275273323,
            -0.02249263972043991,
            0.0036264434456825256
        ],
        [
            0.0749068409204483,
            -0.01738247275352478,
            0.00037361495196819305
