{
    "pred_cam": [
        6.681379318237305,
        -0.15564945340156555,
        -0.05085432529449463
    ],
    "pred_mano_params": {
        "global_orient": [
            [
                [
                    -0.6372680068016052,
                    -0.586139976978302,
                    0.5003291964530945
                ],
                [
                    -0.2837289571762085,
                    -0.4251807630062103,
                    -0.8594876527786255
                ],
                [
                    0.716510534286499,
                    -0.689681887626648,
                    0.10464920848608017
                ]
            ]
        ],
        "hand_pose": [
            [
                [
                    0.7611892819404602,
                    -0.5813573002815247,
                    -0.2874273657798767
                ],
                [
                    0.5262911319732666,
                    0.8127104640007019,
                    -0.250038743019104
                ],
                [
                    0.3789570927619934,
                    0.039056338369846344,
                    0.9245896935462952
                ]
            ],
            [
                [
                    0.9548721313476562,
                    -0.2607037127017975,
                    0.14231213927268982
                ],
                [
                    0.28993526101112366,
                    0.9221502542495728,
                    -0.25607895851135254
                ],
                [
                    -0.06447245180606842,
                    0.2857840061187744,
                    0.9561227560043335
                ]
            ],
            [
                [
                    0.7897970080375671,
                    -0.6056504845619202,
                    0.09699565172195435
                ],
                [
                    0.5847015976905823,
                    0.7911906242370605,
                    0.1792801320552826
                ],
                [
                    -0.18532314896583557,
                    -0.08488139510154724,
                    0.9790048003196716
                ]
            ],
            [
                [
                    0.676261842250824,
                    -0.7037478685379028,
                    -0.21773579716682434
                ],
                [
                    0.7021453380584717,
                    0.7051906585693359,
                    -0.09847857058048248
                ],
                [
                    0.22284933924674988,
                    -0.08628488332033157,
                    0.9710268378257751
                ]
            ],
            [
                [
                    0.998177170753479,
                    -0.01867578737437725,
                    -0.05738990008831024
                ],
                [
                    0.032447315752506256,
                    0.9678586721420288,
                    0.24939271807670593
                ],
                [
                    0.05088770389556885,
                    -0.2508002519607544,
                    0.9667004346847534
                ]
            ],
            [
                [
                    0.9035839438438416,
                    -0.4276936948299408,
                    0.024780672043561935
                ],
                [
                    0.4278225302696228,
                    0.903862714767456,
                    0.00011498187814140692
                ],
                [
                    -0.022447504103183746,
                    0.010497833602130413,
                    0.9996928572654724
                ]
            ],
            [
                [
                    0.6872680187225342,
                    -0.6862870454788208,
                    0.23806054890155792
                ],
                [
                    0.5812246799468994,
                    0.7161144614219666,
                    0.3864686191082001
                ],
                [
                    -0.4357069730758667,
                    -0.1272408366203308,
                    0.8910495638847351
                ]
            ],
            [
                [
                    0.9672936201095581,
                    -0.08680955320596695,
                    -0.23834243416786194
                ],
                [
                    0.04562535509467125,
                    0.9838351011276245,
                    -0.17316745221614838
                ],
                [
                    0.24952220916748047,
                    0.15662932395935059,
                    0.955618143081665
                ]
            ],
            [
                [
                    0.9956673383712769,
                    0.08192288130521774,
                    -0.04399093613028526
                ],
                [
                    -0.03597334772348404,
                    0.7756086587905884,
                    0.6301882266998291
                ],
                [
                    0.08574654906988144,
                    -0.6258753538131714,
                    0.7751952409744263
                ]
            ],
            [
                [
                    0.7036318182945251,
                    -0.7101607322692871,
                    0.023961273953318596
                ],
                [
                    0.7077919244766235,
                    0.6975108981132507,
                    -0.11184418946504593
                ],
                [
                    0.0627140998840332,
                    0.09565670043230057,
                    0.993436872959137
                ]
            ],
            [
                [
                    0.9975849986076355,
                    0.06838169693946838,
                    0.012167195789515972
                ],
                [
                    -0.06795638799667358,
                    0.9247545599937439,
                    0.37444740533828735
                ],
                [
                    0.014353685081005096,
                    -0.3743699789047241,
                    0.9271682500839233
                ]
            ],
            [
                [
                    0.8834217190742493,
                    -0.46408611536026,
                    -0.06473163515329361
                ],
                [
                    0.46733126044273376,
                    0.8625479340553284,
                    0.19393938779830933
                ],
                [
                    -0.03417043760418892,
                    -0.20158137381076813,
                    0.9788755178451538
                ]
            ],
            [
                [
                    0.852959156036377,
                    -0.32290637493133545,
                    -0.4101122319698334
                ],
                [
                    -0.29459938406944275,
                    0.35078689455986023,
                    -0.8889092206954956
                ],
                [
                    0.4308965504169464,
                    0.8790221214294434,
                    0.20407886803150177
                ]
            ],
            [
                [
                    0.8585538864135742,
                    -0.4488990604877472,
                    -0.24773947894573212
                ],
                [
                    0.500105619430542,
                    0.6266481876373291,
                    0.5976674556732178
                ],
                [
                    -0.11304689943790436,
                    -0.6370256543159485,
                    0.7625081539154053
                ]
            ],
            [
                [
                    0.848695695400238,
                    0.5110041499137878,
                    -0.13634656369686127
                ],
                [
                    -0.5107195973396301,
                    0.8588281869888306,
                    0.03974559158086777
                ],
                [
                    0.13740842044353485,
                    0.0359029546380043,
                    0.9898636341094971
                ]
            ]
        ],
        "betas": [
            -0.08384457230567932,
            -0.20668181777000427,
            -0.09059900045394897,
            -0.04087170958518982,
            0.032933443784713745,
            0.007233407348394394,
            -0.0009903013706207275,
            -0.042331576347351074,
            0.00587734580039978,
            -0.0424218475818634
        ]
    },
    "pred_cam_t": [
        -0.15564945340156555,
        -0.05085432529449463,
        5.846472263336182
    ],
    "focal_length": [
        5000.0,
        5000.0
    ],
    "pred_keypoints_3d": [
        [
            0.09618282318115234,
            0.006430039647966623,
            0.006268237717449665
        ],
        [
            0.1336091011762619,
            -0.0023794746957719326,
            0.002413208829239011
        ],
        [
            0.1580897718667984,
            0.014103839173913002,
            -0.006759289652109146
        ],
        [
            0.17382211983203888,
            0.03424243628978729,
            -0.016150817275047302
        ],
        [
            0.19196124374866486,
            0.04991103336215019,
            -0.044213999062776566
        ],
        [
            0.16586390137672424,
            0.01603003591299057,
            -0.05133890360593796
        ],
        [
            0.187118262052536,
            0.038974761962890625,
            -0.06239372491836548
        ],
        [
            0.20118892192840576,
            0.05609758570790291,
            -0.059533894062042236
        ],
        [
            0.2128087729215622,
            0.07097639888525009,
            -0.043342720717191696
        ],
        [
            0.15592744946479797,
            0.03703399375081062,
            -0.06113610789179802
        ],
        [
            0.17503605782985687,
            0.06242978945374489,
            -0.06375715881586075
        ],
        [
            0.18851196765899658,
            0.08146169781684875,
            -0.061346348375082016
        ],
        [
            0.20449018478393555,
            0.10005422681570053,
            -0.052729763090610504
        ],
        [
            0.1374753713607788,
            0.054466743022203445,
            -0.05268935114145279
        ],
        [
            0.158628910779953,
            0.07405117154121399,
            -0.056431327015161514
        ],
        [
            0.17452514171600342,
            0.09330872446298599,
            -0.055526264011859894
        ],
        [
            0.19123181700706482,
            0.11082854866981506,
            -0.04687190055847168
        ],
        [
            0.12446260452270508,
            0.06759040057659149,
            -0.04103554040193558
        ],
        [
            0.140740305185318,
            0.08130507916212082,
            -0.0418841578066349
        ],
        [
            0.15268747508525848,
            0.09622606635093689,
            -0.04279160499572754
        ],
        [
            0.16831007599830627,
            0.11393432319164276,
            -0.03947673365473747
        ]
    ],
    "pred_vertices": [
        [
            0.14408624172210693,
            0.014198641292750835,
            -0.016120195388793945
        ],
        [
            0.13573715090751648,
            0.012151248753070831,
            -0.007262680679559708
        ],
        [
            0.14240427315235138,
            0.014539573341608047,
            -0.00939936563372612
        ],
        [
            0.15115168690681458,
            0.013043704442679882,
            -0.017559073865413666
        ],
        [
            0.13865283131599426,
            0.015204934403300285,
            0.011248216032981873
        ],
        [
            0.14355312287807465,
            0.0063371919095516205,
            0.017896469682455063
        ],
        [
            0.1563294678926468,
            0.015447413548827171,
            0.009239550679922104
        ],
        [
            0.14930351078510284,
            0.022533949464559555,
            0.006356626749038696
        ],
        [
            0.15556129813194275,
            0.0130344582721591,
            -0.02012060210108757
        ],
        [
            0.14861638844013214,
            0.0173835139721632,
            -0.010934483259916306
        ],
        [
            0.15460935235023499,
            0.01345317903906107,
            -0.02177698351442814
        ],
        [
            0.1592320054769516,
            0.003824051469564438,
            -0.03473309054970741
        ],
        [
            0.16069167852401733,
            0.008043947629630566,
            -0.03011276200413704
        ],
        [
            0.16250303387641907,
            0.002490946091711521,
            -0.04305453971028328
        ],
        [
            0.15204106271266937,
            -0.00322614423930645,
            -0.0363135039806366
        ],
        [
            0.15615715086460114,
            0.0008701765909790993,
            -0.04970824345946312
        ],
        [
            0.12823288142681122,
            0.005196304991841316,
            -0.04290572553873062
        ],
        [
            0.11893028020858765,
            0.015085708349943161,
            -0.04212178289890289
        ],
        [
            0.1291448175907135,
            0.02201211079955101,
            -0.054453834891319275
        ],
        [
            0.13804808259010315,
            0.011663760989904404,
            -0.053399745374917984
        ],
        [
            0.11562386155128479,
            0.035563886165618896,
            -0.04597759619355202
        ],
        [
            0.12352542579174042,
            0.028479570522904396,
            -0.051353905349969864
        ],
        [
            0.11255741119384766,
            0.021127846091985703,
            -0.03996500372886658
        ],
        [
            0.10621321201324463,
            0.02792123146355152,
            -0.03558772802352905
        ],
        [
            0.13200713694095612,
            0.02172689326107502,
            -0.013161305338144302
        ],
        [
            0.12522605061531067,
            0.018870031461119652,
            -0.004558764398097992
        ],
        [
            0.12855443358421326,
            0.014501407742500305,
            -0.005918737500905991
        ],
        [
            0.13573934137821198,
            0.01791362278163433,
            -0.013928815722465515
        ],
        [
            0.15942829847335815,
            0.01597193069756031,
            -0.01943356543779373
        ],
        [
            0.15460169315338135,
            0.00019954144954681396,
            -0.020984318107366562
        ],
        [
            0.15437927842140198,
            0.006438480690121651,
            -0.024029869586229324
        ],
        [
            0.15755020081996918,
            0.020848514512181282,
            -0.017603449523448944
        ],
        [
            0.10869874805212021,
            0.02293471433222294,
            0.01886485144495964
        ],
        [
            0.09869016706943512,
            0.014955878257751465,
            0.0233834870159626
        ],
        [
            0.10175196826457977,
            0.009785464033484459,
            0.023093082010746002
        ],
        [
            0.11005762219429016,
            0.017777059227228165,
            0.018752526491880417
        ],
        [
            0.12203707545995712,
            -0.0016885306686162949,
            0.023930061608552933
        ],
        [
            0.11159206181764603,
            -0.0059917401522397995,
            0.023831404745578766
        ],
        [
            0.10873930156230927,
            -0.018523894250392914,
            0.021738696843385696
        ],
        [
            0.11999765783548355,
            -0.01622913032770157,
            0.019188053905963898
        ],
        [
            0.13334640860557556,
            0.0019407384097576141,
            0.02186567336320877
        ],
        [
            0.13400022685527802,
            -0.01084606908261776,
            0.019737396389245987
        ],
        [
            0.14717896282672882,
            -0.00397174246609211,
            0.015725739300251007
        ],
        [
            0.16090534627437592,
            0.008055305108428001,
            0.006500765681266785
        ],
        [
            0.09034215658903122,
            0.02462107501924038,
            0.021878249943256378
        ],
        [
            0.09668121486902237,
            0.03208647668361664,
            0.018761679530143738
        ],
        [
            0.1932310312986374,
            0.04035712778568268,
            -0.05220867693424225
        ],
        [
            0.1896456927061081,
            0.04503948986530304,
            -0.05210211127996445
        ],
        [
            0.18671905994415283,
            0.04108889400959015,
            -0.05055256560444832
        ],
        [
            0.19090449810028076,
            0.03716171532869339,
            -0.051369789987802505
        ],
        [
            0.0800185576081276,
            0.03139824420213699,
            0.005810309201478958
        ],
        [
            0.07562452554702759,
            0.02681056410074234,
            -0.0020326897501945496
        ],
        [
            0.07155037671327591,
            0.025325577706098557,
            0.0038659758865833282
        ],
        [
            0.07643960416316986,
            0.02784455567598343,
            0.01149727776646614
        ],
        [
            0.08482752740383148,
            0.03603741154074669,
            -0.001684732735157013
        ],
        [
            0.08188287168741226,
            0.028721045702695847,
            -0.00978369265794754
        ],
        [
            0.19621795415878296,
            0.037401311099529266,
            -0.06429048627614975
        ],
        [
            0.19735845923423767,
            0.03675968572497368,
            -0.05929598584771156
        ],
        [
            0.19407165050506592,
            0.03285091370344162,
            -0.05998915806412697
        ],
        [
            0.19170114398002625,
            0.03352012112736702,
            -0.06457026302814484
        ],
        [
            0.15831899642944336,
            0.011893108487129211,
            -0.025881966575980186
        ],
        [
            0.15171785652637482,
            0.01648697443306446,
            -0.02310176193714142
        ],
        [
            0.16811178624629974,
            0.01721866801381111,
            -0.03908298909664154
        ],
        [
            0.1610327512025833,
            0.0173499658703804,
            -0.033833518624305725
        ],
        [
            0.1637335568666458,
            0.011112891137599945,
            -0.03382750600576401
        ],
        [
            0.16912037134170532,
            0.011232656426727772,
            -0.03919849917292595
        ],
        [
            0.1432148516178131,
            0.03245071694254875,
            -0.030281828716397285
        ],
        [
            0.13631056249141693,
            0.027979647740721703,
            -0.021877378225326538
        ],
        [
            0.14119106531143188,
            0.023810170590877533,
            -0.023371078073978424
        ],
        [
            0.15024104714393616,
            0.027695540338754654,
            -0.032008446753025055
        ],
        [
            0.12850746512413025,
            0.03921913728117943,
            -0.01821938157081604
        ],
        [
            0.1356268674135208,
            0.04251689463853836,
            -0.02715476229786873
        ],
        [
            0.13033510744571686,
            0.04847394675016403,
            -0.024029161781072617
        ],
        [
            0.1268060803413391,
            0.045483291149139404,
            -0.017513692378997803
        ],
        [
            0.1488439440727234,
            0.04471484571695328,
            -0.04274781793355942
        ],
        [
            0.1520758867263794,
            0.04612572118639946,
            -0.047843363136053085
        ],
        [
            0.15127769112586975,
            0.050340794026851654,
            -0.04695182666182518
        ],
        [
            0.1464323252439499,
            0.04749022051692009,
            -0.041812971234321594
        ],
        [
            0.06711100041866302,
            0.022986728698015213,
            0.008923973888158798
        ],
        [
            0.07328014820814133,
            0.023578569293022156,
            0.016544479876756668
        ],
        [
            0.10464838147163391,
            0.05123733729124069,
            -0.03538898751139641
        ],
        [
            0.10269642621278763,
            0.05634975805878639,
            -0.02563748136162758
        ],
        [
            0.10938528925180435,
            0.0641828328371048,
            -0.033703964203596115
        ],
        [
            0.10948700457811356,
            0.05661561340093613,
            -0.04263610392808914
        ],
        [
            0.07641511410474777,
            0.019065693020820618,
            -0.008904512971639633
        ],
        [
            0.07048090547323227,
            0.018837034702301025,
            -0.0037397444248199463
        ],
        [
            0.19273243844509125,
            0.04083197936415672,
            -0.06807474792003632
        ],
        [
            0.18777704238891602,
            0.037000998854637146,
            -0.06737826764583588
        ],
        [
            0.1436634212732315,
            -0.014928437769412994,
            0.007654204964637756
        ],
        [
            0.16137465834617615,
            0.00040337443351745605,
            0.0005034022033214569
        ],
        [
            0.12673237919807434,
            -0.021417120471596718,
            0.010546647012233734
        ],
        [
            0.11382107436656952,
            -0.02348962053656578,
            0.010720603168010712
        ],
        [
            0.10408717393875122,
            -0.02583565004169941,
            0.012986473739147186
        ],
        [
            0.16006457805633545,
            0.023257121443748474,
            -0.03645126149058342
        ],
        [
            0.14352275431156158,
            0.019217878580093384,
            -0.020503494888544083
        ],
        [
            0.1288275271654129,
            0.025607427582144737,
            -0.012166891247034073
        ],
        [
            0.11549516022205353,
            0.05278804525732994,
            -0.006326176226139069
        ],
        [
            0.10999147593975067,
            0.04858165234327316,
            0.0016911551356315613
        ],
        [
            0.11824239790439606,
            0.042498234659433365,
            -0.0012925788760185242
        ],
        [
            0.12098860740661621,
            0.047225385904312134,
            -0.008173972368240356
        ],
        [
            0.10744409263134003,
            0.060933373868465424,
            -0.018188882619142532
        ],
        [
            0.11486617475748062,
            0.06035805493593216,
            -0.015274465084075928
        ],
        [
            0.1192307099699974,
            0.06409742683172226,
            -0.021896634250879288
        ],
        [
            0.11294113844633102,
            0.06611145287752151,
            -0.02558732032775879
        ],
        [
            0.16488587856292725,
            0.011461179703474045,
            -0.018453463912010193
        ],
        [
            0.15611480176448822,
            -0.004699058830738068,
            -0.016692787408828735
        ],
        [
            0.08688154816627502,
            0.03309720382094383,
            0.013758502900600433
        ],
        [
            0.08396563678979874,
            0.027422022074460983,
            0.01833605393767357
        ],
        [
            0.07851142436265945,
            0.021977543830871582,
            0.022042136639356613
        ],
        [
            0.11805714666843414,
            0.019539421424269676,
            0.007947109639644623
        ],
        [
            0.11114958673715591,
            0.014117948710918427,
            0.018874429166316986
        ],
        [
            0.11437831819057465,
            0.010677117854356766,
            0.018917463719844818
        ],
        [
            0.11917011439800262,
            0.01593097485601902,
            0.006861116737127304
        ],
        [
            0.1293652504682541,
            0.012383534573018551,
            0.0035091526806354523
        ],
        [
            0.1279328614473343,
            0.009429946541786194,
            0.016078434884548187
        ],
        [
            0.13672833144664764,
            0.01843940280377865,
            0.00011049211025238037
        ],
        [
            0.10503751039505005,
            0.002108333632349968,
            0.023908663541078568
        ],
        [
            0.09503869712352753,
            0.0043022893369197845,
            0.028659295290708542
        ],
        [
            0.09890682250261307,
            -0.0037410426884889603,
            0.02801116555929184
        ],
        [
            0.08916047215461731,
            0.012117842212319374,
            0.02784467115998268
        ],
        [
            0.08344494551420212,
            0.018621252849698067,
            0.025777194648981094
        ],
        [
            0.06293630599975586,
            0.016688954085111618,
            -0.000338628888130188
        ],
        [
            0.1023339331150055,
            -0.010983048006892204,
            0.025876041501760483
        ],
        [
            0.15780600905418396,
            0.025970447808504105,
            0.002002578228712082
        ],
        [
            0.16497236490249634,
            0.029852362349629402,
            -0.00196751207113266
        ],
        [
            0.15928517282009125,
            0.03105832263827324,
            -0.006339658051729202
        ],
        [
            0.1525622308254242,
            0.02712961845099926,
            -0.0037721507251262665
        ],
        [
            0.1676362305879593,
            0.005131738726049662,
            -0.05058964341878891
        ],
        [
            0.17007245123386383,
            0.007678045425564051,
            -0.04359107464551926
        ],
        [
            0.16437095403671265,
            0.0053213778883218765,
            -0.03660459816455841
        ],
        [
            0.1122966855764389,
            0.03172804042696953,
            0.011928733438253403
        ],
        [
            0.10205545276403427,
            0.03913738951086998,
            0.012376323342323303
        ],
        [
            0.16657352447509766,
            0.023016616702079773,
            -0.04190433770418167
        ],
        [
            0.1879681944847107,
            0.029977601021528244,
            -0.065406933426857
        ],
        [
            0.19065351784229279,
            0.028886791318655014,
            -0.060269080102443695
        ],
        [
            0.17905551195144653,
            0.015230096876621246,
            -0.05560643970966339
        ],
        [
            0.17644351720809937,
            0.016790252178907394,
            -0.06180524080991745
        ],
        [
            0.16623064875602722,
            0.028912732377648354,
            -0.05090278759598732
        ],
        [
            0.1678890436887741,
            0.02563365548849106,
            -0.044917069375514984
        ],
        [
            0.16823534667491913,
            0.02745840512216091,
            -0.04684796556830406
        ],
        [
            0.16641607880592346,
            0.03196311742067337,
            -0.05129258334636688
        ],
        [
            0.14453497529029846,
            0.055313337594270706,
            -0.04288758337497711
        ],
        [
            0.14054426550865173,
            0.05267652869224548,
            -0.038217298686504364
        ],
        [
            0.14962059259414673,
            0.02005796879529953,
            -0.06098789721727371
        ],
        [
            0.15423478186130524,
            0.007383840158581734,
            -0.06176147609949112
        ],
        [
            0.1461346447467804,
            0.0031433384865522385,
            -0.05282564461231232
        ],
        [
            0.13824178278446198,
            0.03764767944812775,
            -0.028229692950844765
        ],
        [
            0.143954336643219,
            0.04224899411201477,
            -0.03569085896015167
        ],
        [
            0.14130978286266327,
            0.04534289985895157,
            -0.034902505576610565
        ],
        [
            0.1600368320941925,
            0.026979047805070877,
            -0.0395461842417717
        ],
        [
            0.16426752507686615,
            0.027732210233807564,
            -0.04490901157259941
        ],
        [
            0.1606515794992447,
            0.03049810230731964,
            -0.04411373287439346
        ],
        [
            0.1558341383934021,
            0.030338482931256294,
            -0.03863802179694176
        ],
        [
            0.0950777530670166,
            0.04914014786481857,
            -0.01755882427096367
        ],
        [
            0.10050827264785767,
            0.05487582087516785,
            -0.00898490846157074
        ],
        [
            0.19615402817726135,
            0.0375988706946373,
            -0.05484578385949135
        ],
        [
            0.19352281093597412,
            0.03405842185020447,
            -0.05493458732962608
        ],
        [
            0.1316169649362564,
            0.03314200043678284,
            -0.019998744130134583
        ],
        [
            0.13755665719509125,
            -0.0011676065623760223,
            -0.04148481786251068
        ],
        [
            0.125601664185524,
            0.029861366376280785,
            -0.010785471647977829
        ],
        [
            0.126315176486969,
            0.05365435779094696,
            -0.051926665008068085
        ],
        [
            0.12972502410411835,
            0.05929635465145111,
            -0.04660947620868683
        ],
        [
            0.13439619541168213,
            0.06100635603070259,
            -0.0491638109087944
        ],
        [
            0.13321729004383087,
            0.058284029364585876,
            -0.05466481298208237
        ],
        [
            0.17586316168308258,
            0.04278458654880524,
            -0.05637676641345024
        ],
        [
            0.1791980266571045,
            0.041686050593853,
            -0.05172358453273773
        ],
        [
            0.18239478766918182,
            0.04508557915687561,
            -0.05272120237350464
        ],
        [
            0.17978952825069427,
            0.04658174514770508,
            -0.05771734565496445
        ],
        [
            0.17071475088596344,
            0.02103520557284355,
            -0.04258016496896744
        ],
        [
            0.17336565256118774,
            0.015183240175247192,
            -0.0427582785487175
        ],
        [
            0.17628514766693115,
            0.020259058102965355,
            -0.04505820572376251
        ],
        [
            0.17228727042675018,
            0.024670664221048355,
            -0.045338377356529236
        ],
        [
            0.17479275166988373,
            0.011786911636590958,
            -0.04747050628066063
        ],
        [
            0.17870104312896729,
            0.016435332596302032,
            -0.049412451684474945
        ],
        [
            0.17535404860973358,
            0.041330792009830475,
            -0.06266085803508759
        ],
        [
            0.1786336600780487,
            0.037059832364320755,
            -0.06785205006599426
        ],
        [
            0.16715256869792938,
            0.026576705276966095,
            -0.06463176012039185
        ],
        [
            0.16657094657421112,
            0.032136283814907074,
            -0.05891474336385727
        ],
        [
            0.09644099324941635,
            0.02018890529870987,
            -0.026792842894792557
        ],
        [
            0.09135577082633972,
            0.02912815473973751,
            -0.02240287885069847
        ],
        [
            0.10084553807973862,
            0.03707442432641983,
            -0.031181741505861282
        ],
        [
            0.10921305418014526,
            0.045062825083732605,
            -0.04067123681306839
        ],
        [
            0.11830777674913406,
            0.051774702966213226,
            -0.048901401460170746
        ],
        [
            0.12273856997489929,
            0.0421484112739563,
            -0.05546325445175171
        ],
        [
            0.09690123051404953,
            0.042651548981666565,
            -0.026643026620149612
        ],
        [
            0.16122303903102875,
            0.02856738492846489,
            -0.05678704380989075
        ],
        [
            0.1593323051929474,
            0.020504387095570564,
            -0.06196807324886322
        ],
        [
            0.15684781968593597,
            0.02523743361234665,
            -0.06048380583524704
        ],
        [
            0.12281249463558197,
            0.036380916833877563,
            -0.008404877036809921
        ],
        [
            0.19075468182563782,
            0.02984262816607952,
            -0.05506898835301399
        ],
        [
            0.09605603665113449,
            -0.0194550734013319,
            -0.006995204836130142
        ],
        [
            0.08658100664615631,
            -0.01008785329759121,
            -0.011061839759349823
        ],
        [
            0.09402796626091003,
            -0.008257947862148285,
            -0.015434563159942627
        ],
        [
            0.10572702437639236,
            -0.01834298111498356,
            -0.010190367698669434
        ],
        [
            0.18412898480892181,
            0.03756561130285263,
            -0.049218133091926575
        ],
        [
            0.18854071199893951,
            0.03315103426575661,
            -0.05013859272003174
        ],
        [
            0.13747821748256683,
            0.05836707726120949,
            -0.037418875843286514
        ],
        [
            0.1410071700811386,
            0.05973879620432854,
            -0.04230165481567383
        ],
        [
            0.13872504234313965,
            0.062447287142276764,
            -0.044312383979558945
        ],
        [
            0.13605475425720215,
            0.06364985555410385,
            -0.038580864667892456
        ],
        [
            0.08856659382581711,
            0.032935041934251785,
            -0.0187353678047657
        ],
        [
            0.1154220923781395,
            0.06950415670871735,
            -0.036366838961839676
        ],
        [
            0.11492174118757248,
            0.062490105628967285,
            -0.045068640261888504
        ],
        [
            0.08328723907470703,
            0.021850306540727615,
            -0.014940448105335236
        ],
        [
            0.0871909111738205,
            0.01388915628194809,
            -0.019148632884025574
        ],
        [
            0.08025795966386795,
            0.009867828339338303,
            -0.013539325445890427
        ],
        [
            0.13611143827438354,
            0.03611842915415764,
            -0.060301557183265686
        ],
        [
            0.10208169370889664,
            0.014731399714946747,
            -0.03054165281355381
        ],
        [
            0.09220795333385468,
            0.008648999035358429,
            -0.02167849987745285
        ],
        [
            0.08413077145814896,
            0.003591760993003845,
            -0.015129171311855316
        ],
        [
            0.07766404747962952,
            0.00043245404958724976,
            -0.01086375117301941
        ],
        [
            0.07414674758911133,
            0.007673725485801697,
            -0.0094686858355999
        ],
        [
            0.18331211805343628,
            0.0334806963801384,
            -0.06776873022317886
        ],
        [
            0.18311037123203278,
            0.04178912937641144,
            -0.06820560246706009
        ],
        [
            0.066078320145607,
            0.005052957683801651,
            -0.006123315542936325
        ],
        [
            0.07078453153371811,
            -0.0028950348496437073,
            -0.007286235690116882
        ],
        [
            0.09834645688533783,
            0.0019410774111747742,
            -0.02335316315293312
        ],
        [
            0.10715135931968689,
            -0.006096631288528442,
            -0.02379944920539856
        ],
        [
            0.10777746140956879,
            0.008170168846845627,
            -0.031680263578891754
        ],
        [
            0.11675572395324707,
            0.0007602795958518982,
            -0.033163104206323624
        ],
        [
            0.13769254088401794,
            0.025948859751224518,
            -0.06408558785915375
        ],
        [
            0.1944470852613449,
            0.057104550302028656,
            -0.06607767939567566
        ],
        [
            0.1855132132768631,
            0.04981838911771774,
            -0.06583084911108017
        ],
        [
            0.1843264400959015,
            0.05064290761947632,
            -0.060193099081516266
        ],
        [
            0.19224858283996582,
            0.05833939090371132,
            -0.06258615851402283
        ],
        [
            0.1798224151134491,
            0.04549705982208252,
            -0.06355960667133331
        ],
        [
            0.188269704580307,
            0.04576072841882706,
            -0.06883412599563599
        ],
        [
            0.12906603515148163,
            -0.007536744698882103,
            -0.030130775645375252
        ],
        [
            0.1641223430633545,
            0.03189171105623245,
            -0.04932396113872528
        ],
        [
            0.12256880104541779,
            -0.015582825988531113,
            -0.01697421818971634
        ],
        [
            0.14480054378509521,
            -0.009865740314126015,
            -0.028487684205174446
        ],
        [
            0.1422606110572815,
            -0.014467956498265266,
            -0.01701067015528679
        ],
        [
            0.11751946806907654,
            -0.02382160723209381,
            -0.0019357092678546906
        ],
        [
            0.1363256573677063,
            -0.020644787698984146,
            -0.0037136152386665344
        ],
        [
            0.09743627905845642,
            -0.026066884398460388,
            0.0036773383617401123
        ],
        [
            0.10618752241134644,
            -0.024229807779192924,
            -0.0002119801938533783
        ],
        [
            0.15281766653060913,
            -0.011061478406190872,
