{
    "pred_cam": [
        10.733953475952148,
        0.0503106489777565,
        -0.04765131697058678
    ],
    "pred_mano_params": {
        "global_orient": [
            [
                [
                    0.7653512954711914,
                    -0.45680761337280273,
                    -0.45339182019233704
                ],
                [
                    -0.630641520023346,
                    -0.39154869318008423,
                    -0.6700603365898132
                ],
                [
                    0.12856371700763702,
                    0.7987592816352844,
                    -0.5877541303634644
                ]
            ]
        ],
        "hand_pose": [
            [
                [
                    0.8474016785621643,
                    -0.32827550172805786,
                    -0.41730746626853943
                ],
                [
                    0.27881938219070435,
                    0.9440004229545593,
                    -0.17641706764698029
                ],
                [
                    0.45185181498527527,
                    0.033142708241939545,
                    0.891477108001709
                ]
            ],
            [
                [
                    0.8416800498962402,
                    -0.5388198494911194,
                    0.035326600074768066
                ],
                [
                    0.5354315638542175,
                    0.8243370652198792,
                    -0.18379728496074677
                ],
                [
                    0.06991258263587952,
                    0.17361347377300262,
                    0.9823291897773743
                ]
            ],
            [
                [
                    0.7415514588356018,
                    -0.665815532207489,
                    0.08240785449743271
                ],
                [
                    0.6708763837814331,
                    0.73685222864151,
                    -0.0835079476237297
                ],
                [
                    -0.005121524911373854,
                    0.11721093207597733,
                    0.9930937886238098
                ]
            ],
            [
                [
                    0.7013503313064575,
                    -0.6895599961280823,
                    -0.18059563636779785
                ],
                [
                    0.6781682968139648,
                    0.7235175967216492,
                    -0.1288800686597824
                ],
                [
                    0.21953463554382324,
                    -0.032084159553050995,
                    0.9750770330429077
                ]
            ],
            [
                [
                    0.8449944257736206,
                    -0.48561257123947144,
                    -0.22397513687610626
                ],
                [
                    0.5269010663032532,
                    0.8276216983795166,
                    0.19343647360801697
                ],
                [
                    0.09143147617578506,
                    -0.28146547079086304,
                    0.955205500125885
                ]
            ],
            [
                [
                    0.8165751695632935,
                    -0.5697686672210693,
                    0.09256629645824432
                ],
                [
                    0.571276843547821,
                    0.8206709623336792,
                    0.011906570754945278
                ],
                [
                    -0.08275047689676285,
                    0.04315837472677231,
                    0.9956352114677429
                ]
            ],
            [
                [
                    0.5898216366767883,
                    -0.7507678270339966,
                    0.29741916060447693
                ],
                [
                    0.6633464097976685,
                    0.6604878306388855,
                    0.3517489433288574
                ],
                [
                    -0.46052348613739014,
                    -0.010177194140851498,
                    0.887589156627655
                ]
            ],
            [
                [
                    0.9114915728569031,
                    -0.3696175515651703,
                    -0.18046054244041443
                ],
                [
                    0.41127511858940125,
                    0.8126066327095032,
                    0.41294458508491516
                ],
                [
                    -0.0059881070628762245,
                    -0.45061445236206055,
                    0.8926985859870911
                ]
            ],
            [
                [
                    0.9263450503349304,
                    -0.34403759241104126,
                    0.15337221324443817
                ],
                [
                    0.27378422021865845,
                    0.8946135640144348,
                    0.35314133763313293
                ],
                [
                    -0.25870275497436523,
                    -0.2851398289203644,
                    0.9229128956794739
                ]
            ],
            [
                [
                    0.6255870461463928,
                    -0.7719900012016296,
                    0.11257149279117584
                ],
                [
                    0.7775274515151978,
                    0.6287870407104492,
                    -0.008827847428619862
                ],
                [
                    -0.0639684870839119,
                    0.09305001050233841,
                    0.9936044216156006
                ]
            ],
            [
                [
                    0.9030119776725769,
                    -0.39437752962112427,
                    -0.17039865255355835
                ],
                [
                    0.4296122193336487,
                    0.827422022819519,
                    0.3616713583469391
                ],
                [
                    -0.0016434777062386274,
                    -0.3997989296913147,
                    0.9166014194488525
                ]
            ],
            [
                [
                    0.8119180202484131,
                    -0.5711448192596436,
                    0.12075876444578171
                ],
                [
                    0.539199709892273,
                    0.812983512878418,
                    0.21982139348983765
                ],
                [
                    -0.22372473776340485,
                    -0.11336386203765869,
                    0.9680370688438416
                ]
            ],
            [
                [
                    0.9618139863014221,
                    0.2673744261264801,
                    -0.05852103978395462
                ],
                [
                    -0.2623324394226074,
                    0.8395467400550842,
                    -0.4757550358772278
                ],
                [
                    -0.07807358354330063,
                    0.4729398488998413,
                    0.8776288032531738
                ]
            ],
            [
                [
                    0.8653323650360107,
                    -0.34753602743148804,
                    -0.3611351251602173
                ],
                [
                    0.4658331573009491,
                    0.8235549330711365,
                    0.3236614465713501
                ],
                [
                    0.18493062257766724,
                    -0.4483034610748291,
                    0.8745425343513489
                ]
            ],
            [
                [
                    0.9988775849342346,
                    -0.024661682546138763,
                    0.0404403954744339
                ],
                [
                    0.037883467972278595,
                    0.9284462928771973,
                    -0.3695298731327057
                ],
                [
                    -0.028433524072170258,
                    0.3706471025943756,
                    0.9283384680747986
                ]
            ]
        ],
        "betas": [
            0.06262250244617462,
            -0.11408886313438416,
            0.0003285706043243408,
            0.07389989495277405,
            -0.023003816604614258,
            -0.004369530826807022,
            0.033957093954086304,
            0.013400852680206299,
            -0.058507949113845825,
            -0.016950517892837524
        ]
    },
    "pred_cam_t": [
        -0.0503106489777565,
        -0.04765131697058678,
        3.639153003692627
    ],
    "focal_length": [
        5000.0,
        5000.0
    ],
    "pred_keypoints_3d": [
        [
            0.09542468935251236,
            0.006368436384946108,
            0.006178688257932663
        ],
        [
            0.0724547952413559,
            0.010296499356627464,
            -0.02437208965420723
        ],
        [
            0.049315787851810455,
            0.009821739979088306,
            -0.04455919563770294
        ],
        [
            0.030690491199493408,
            0.024153966456651688,
            -0.057918988168239594
        ],
        [
            0.009062349796295166,
            0.040066782385110855,
            -0.08136359602212906
        ],
        [
            0.02132103592157364,
            0.05009560286998749,
            -0.021299026906490326
        ],
        [
            0.006788765080273151,
            0.07958827912807465,
            -0.02226574905216694
        ],
        [
            0.011301727965474129,
            0.09940369427204132,
            -0.03103005327284336
        ],
        [
            0.028068548068404198,
            0.11197377741336823,
            -0.044720329344272614
        ],
        [
            0.025455482304096222,
            0.06881599873304367,
            -0.0051808906719088554
        ],
        [
            0.022816156968474388,
            0.09840504080057144,
            -0.01600157469511032
        ],
        [
            0.03506617620587349,
            0.1139209195971489,
            -0.028166720643639565
        ],
        [
            0.051962029188871384,
            0.12144026160240173,
            -0.04556790739297867
        ],
        [
            0.0468871183693409,
            0.07720929384231567,
            0.008133260533213615
        ],
        [
            0.04247360676527023,
            0.09979662299156189,
            -0.009129827842116356
        ],
        [
            0.05484607815742493,
            0.11446139216423035,
            -0.024708988144993782
        ],
        [
            0.069724902510643,
            0.11894870549440384,
            -0.04424915090203285
        ],
        [
            0.06687856465578079,
            0.08240417391061783,
            0.014776274561882019
        ],
        [
            0.06486904621124268,
            0.09935729950666428,
            0.0024740416556596756
        ],
        [
            0.07326708734035492,
            0.10891702771186829,
            -0.011491415090858936
        ],
        [
            0.08200686424970627,
            0.11088992655277252,
            -0.02839462086558342
        ]
    ],
    "pred_vertices": [
        [
            0.05749599635601044,
            0.03329286351799965,
            -0.02368362434208393
        ],
        [
            0.06614014506340027,
            0.028057200834155083,
            -0.02430034801363945
        ],
        [
            0.05822763592004776,
            0.02781788632273674,
            -0.03282131999731064
        ],
        [
            0.05066122114658356,
            0.03256501629948616,
            -0.031342461705207825
        ],
        [
            0.07606467604637146,
            0.01757531613111496,
            -0.0400029718875885
        ],
        [
            0.07823503762483597,
            0.005717966705560684,
            -0.04319833964109421
        ],
        [
            0.06363693624734879,
            0.009441155940294266,
            -0.05218842998147011
        ],
        [
            0.0645940750837326,
            0.019039781764149666,
            -0.049049343913793564
        ],
        [
            0.043675512075424194,
            0.030401017516851425,
            -0.035920217633247375
        ],
        [
            0.05204147845506668,
            0.02740197442471981,
            -0.039010025560855865
        ],
        [
            0.04000034183263779,
            0.025429770350456238,
            -0.035045914351940155
        ],
        [
            0.029871182516217232,
            0.027518119663000107,
            -0.028686590492725372
        ],
        [
            0.03510604053735733,
            0.03278299793601036,
            -0.031820643693208694
        ],
        [
            0.02309698611497879,
            0.03209511190652847,
            -0.02574027329683304
        ],
        [
            0.030718879774212837,
            0.01922382414340973,
            -0.020782489329576492
        ],
        [
            0.02115217223763466,
            0.030718259513378143,
            -0.016400611028075218
        ],
        [
            0.04120352864265442,
            0.02687050774693489,
            0.004797391593456268
        ],
        [
            0.04933934658765793,
            0.03310869261622429,
            0.013264467939734459
        ],
        [
            0.03733023256063461,
            0.045499980449676514,
            0.011920137330889702
        ],
        [
            0.030714884400367737,
            0.03818599879741669,
            0.002466019243001938
        ],
        [
            0.05498787760734558,
            0.05203310027718544,
            0.020727582275867462
        ],
        [
            0.04460795968770981,
            0.04909635707736015,
            0.015913141891360283
        ],
        [
            0.0560760535299778,
            0.03623313829302788,
            0.018251564353704453
        ],
        [
            0.06489205360412598,
            0.03949951007962227,
            0.022213434800505638
        ],
        [
            0.06931789964437485,
            0.03609216958284378,
            -0.012165425345301628
        ],
        [
            0.07839708030223846,
            0.03053775429725647,
            -0.011394833214581013
        ],
        [
            0.07384669780731201,
            0.02918146550655365,
            -0.015153991989791393
        ],
        [
            0.06545782089233398,
            0.0342828705906868,
            -0.015839073807001114
        ],
        [
            0.0376104861497879,
            0.015604458749294281,
            -0.039169035851955414
        ],
        [
            0.03941234201192856,
            0.00953770987689495,
            -0.031673356890678406
        ],
        [
            0.03755846619606018,
            0.017565850168466568,
            -0.03178950771689415
        ],
        [
            0.03959844261407852,
            0.020659970119595528,
            -0.04057278111577034
        ],
        [
            0.10592721402645111,
            0.02224024012684822,
            -0.008693994954228401
        ],
        [
            0.11122338473796844,
            0.01083371788263321,
            -0.0038561164401471615
        ],
        [
            0.10781653970479965,
            0.007263675332069397,
            -0.006976455915719271
        ],
        [
            0.10346496105194092,
            0.01854327693581581,
            -0.010328792035579681
        ],
        [
            0.09420633316040039,
            0.0002592243254184723,
            -0.025656040757894516
        ],
        [
            0.09836697578430176,
            -0.004756007343530655,
            -0.01667633093893528
        ],
        [
            0.09341194480657578,
            -0.017861176282167435,
            -0.014219391159713268
        ],
        [
            0.0866674929857254,
            -0.013985268771648407,
            -0.020544523373246193
        ],
        [
            0.08707629144191742,
            0.003616098314523697,
            -0.035251863300800323
        ],
        [
            0.0821678638458252,
            -0.009227119386196136,
            -0.031859591603279114
        ],
        [
            0.0738481879234314,
            -0.004958897829055786,
            -0.04078533872961998
        ],
        [
            0.05961768329143524,
            0.0009593293070793152,
            -0.05038631707429886
        ],
        [
            0.11724676191806793,
            0.01754843443632126,
            0.0052226390689611435
        ],
        [
            0.11457806825637817,
            0.026977423578500748,
            0.0025859845336526632
        ],
        [
            0.011388199403882027,
            0.08087415248155594,
            -0.03362633287906647
        ],
        [
            0.0158209428191185,
            0.08288712799549103,
            -0.030124157667160034
        ],
        [
            0.016457615420222282,
            0.07906144857406616,
            -0.03026502951979637
        ],
        [
            0.011760690249502659,
            0.07761165499687195,
            -0.033403150737285614
        ],
        [
            0.11135025322437286,
            0.024657338857650757,
            0.023162517696619034
        ],
        [
            0.10530298203229904,
            0.021091803908348083,
            0.03034934774041176
        ],
        [
            0.11137942969799042,
            0.01708953082561493,
            0.030519412830471992
        ],
        [
            0.11629553884267807,
            0.01897186040878296,
            0.022747188806533813
        ],
        [
            0.1047997698187828,
            0.032151926308870316,
            0.023602264001965523
        ],
        [
            0.09688989818096161,
            0.026599861681461334,
            0.029329776763916016
        ],
        [
            0.0002246587537229061,
            0.08353700488805771,
            -0.028016166761517525
        ],
        [
            0.002622789703309536,
            0.08215322345495224,
            -0.03241879120469093
        ],
        [
            0.0018803710117936134,
            0.0775524377822876,
            -0.03036581352353096
        ],
        [
            0.00011967495083808899,
            0.07823052257299423,
            -0.025216976180672646
        ],
        [
            0.04235704615712166,
            0.03660852089524269,
            -0.030515577644109726
        ],
        [
            0.05008090287446976,
            0.039154306054115295,
            -0.02499094046652317
        ],
        [
            0.02956816367805004,
            0.049596089869737625,
            -0.03009883314371109
        ],
        [
            0.0379287526011467,
            0.0455629788339138,
            -0.02664891444146633
        ],
        [
            0.033956971019506454,
            0.040340062230825424,
            -0.03023059107363224
        ],
        [
            0.02661115676164627,
            0.04408850148320198,
            -0.03159000352025032
        ],
        [
            0.0544465035200119,
            0.05319526791572571,
            -0.011187673546373844
        ],
        [
            0.0626826286315918,
            0.04497716948390007,
            -0.010348489508032799
        ],
        [
            0.05773673206567764,
            0.04304632544517517,
            -0.014276403933763504
        ],
        [
            0.04817883297801018,
            0.05137712508440018,
            -0.016821149736642838
        ],
        [
            0.07321235537528992,
            0.05204436928033829,
            -0.004124654456973076
        ],
        [
            0.06403798609972,
            0.05936131626367569,
            -0.005060188937932253
        ],
        [
            0.07107928395271301,
            0.06246216222643852,
            -0.0013269821647554636
        ],
        [
            0.07682313024997711,
            0.05707704275846481,
            -0.0021508177742362022
        ],
        [
            0.04638757184147835,
            0.06916013360023499,
            -0.007747523952275515
        ],
        [
            0.04134892672300339,
            0.0727899968624115,
            -0.00750262476503849
        ],
        [
            0.04424388334155083,
            0.07530029863119125,
            -0.006941641215234995
        ],
        [
            0.04930915683507919,
            0.07057119160890579,
            -0.005815362557768822
        ],
        [
            0.116657555103302,
            0.01241736114025116,
            0.031279899179935455
        ],
        [
            0.12029615044593811,
            0.012916892766952515,
            0.02217833697795868
        ],
        [
            0.07405363768339157,
            0.06050422042608261,
            0.026924729347229004
        ],
        [
            0.08476447314023972,
            0.06216362863779068,
            0.02422468364238739
        ],
        [
            0.07777128368616104,
            0.07357989251613617,
            0.024295499548316002
        ],
        [
            0.0676039308309555,
            0.06886015832424164,
            0.027674051001667976
        ],
        [
            0.09657315164804459,
            0.015924781560897827,
            0.03227134421467781
        ],
        [
            0.1033356785774231,
            0.01268894225358963,
            0.034562475979328156
        ],
        [
            0.0011694240383803844,
            0.08560190349817276,
            -0.022154565900564194
        ],
        [
            0.0017121843993663788,
            0.08037272840738297,
            -0.019562724977731705
        ],
        [
            0.06814128905534744,
            -0.01120210811495781,
            -0.03103191778063774
        ],
        [
            0.054547764360904694,
            -0.0038140639662742615,
            -0.04440081864595413
        ],
        [
            0.07666432857513428,
            -0.015401195734739304,
            -0.019636396318674088
        ],
        [
            0.08179660141468048,
            -0.018517352640628815,
            -0.0111199039965868
        ],
        [
            0.086628258228302,
            -0.023492824286222458,
            -0.0061587002128362656
        ],
        [
            0.03852517157793045,
            0.05149113014340401,
            -0.023703165352344513
        ],
        [
            0.057165905833244324,
            0.03888832405209541,
            -0.018628273159265518
        ],
        [
            0.07298564910888672,
            0.03825634717941284,
            -0.009388526901602745
        ],
        [
            0.09355689585208893,
            0.05767342075705528,
            0.0026483582332730293
        ],
        [
            0.10095971077680588,
            0.050227995961904526,
            0.0025447478983551264
        ],
        [
            0.09263606369495392,
            0.0477922298014164,
            -0.003714499995112419
        ],
        [
            0.08759380131959915,
            0.054636500775814056,
            -0.0017980337142944336
        ],
        [
            0.09039135277271271,
            0.06587818264961243,
            0.016973961144685745
        ],
        [
            0.08928684890270233,
            0.06670410931110382,
            0.009055975824594498
        ],
        [
            0.08330649137496948,
            0.07313219457864761,
            0.009720752015709877
        ],
        [
            0.08362103998661041,
            0.07423269748687744,
            0.017426880076527596
        ],
        [
            0.03597837686538696,
            0.00864860787987709,
            -0.04174765199422836
        ],
        [
            0.0418815016746521,
            0.002234693616628647,
            -0.03295193612575531
        ],
        [
            0.11528545618057251,
            0.02625429630279541,
            0.013508345931768417
        ],
        [
            0.11822618544101715,
            0.019088774919509888,
            0.012803561054170132
        ],
        [
            0.1218278557062149,
            0.011655747890472412,
            0.01468179002404213
        ],
        [
            0.09204739332199097,
            0.02609916403889656,
            -0.011434599757194519
        ],
        [
            0.10187534987926483,
            0.016053669154644012,
            -0.01172961387783289
        ],
        [
            0.09918102622032166,
            0.014427736401557922,
            -0.015208173543214798
        ],
        [
            0.08944596350193024,
            0.024820055812597275,
            -0.012685304507613182
        ],
        [
            0.07669060677289963,
            0.0244307741522789,
            -0.026918981224298477
        ],
        [
            0.08732452243566513,
            0.015992214903235435,
            -0.029452895745635033
        ],
        [
            0.06732309609651566,
            0.02569171041250229,
            -0.036155253648757935
        ],
        [
            0.10447177290916443,
            0.001196194440126419,
            -0.011071143671870232
        ],
        [
            0.11347474157810211,
            -0.0011521130800247192,
            -0.005185435526072979
        ],
        [
            0.1084185466170311,
            -0.007311604917049408,
            -0.009075594134628773
        ],
        [
            0.11824709922075272,
            0.00443451851606369,
            0.0012802882120013237
        ],
        [
            0.12145806849002838,
            0.009141936898231506,
            0.008122215047478676
        ],
        [
            0.10872600972652435,
            0.0076784491539001465,
            0.03882185369729996
        ],
        [
            0.10238516330718994,
            -0.012760419398546219,
            -0.01133479829877615
        ],
        [
            0.05613569915294647,
            0.019258758053183556,
            -0.053713858127593994
        ],
        [
            0.04909254610538483,
            0.020462362095713615,
            -0.056455664336681366
        ],
        [
            0.0480085052549839,
            0.02477346360683441,
            -0.050604432821273804
        ],
        [
            0.0535762682557106,
            0.023949187248945236,
            -0.0475834421813488
        ],
        [
            0.01570657454431057,
            0.039393771439790726,
            -0.024287069216370583
        ],
        [
            0.02080376073718071,
            0.04155359044671059,
            -0.03023909591138363
        ],
        [
            0.02849799022078514,
            0.03455343097448349,
            -0.030585749074816704
        ],
        [
            0.10199755430221558,
            0.03292626887559891,
            -0.007002707105129957
        ],
        [
            0.1096535325050354,
            0.03659534081816673,
            0.0023598934058099985
        ],
        [
            0.030116133391857147,
            0.05511586740612984,
            -0.026461884379386902
        ],
        [
            0.0007332833483815193,
            0.0732269436120987,
            -0.023057566955685616
        ],
        [
            0.0023793550208210945,
            0.07233604788780212,
            -0.028819311410188675
        ],
        [
            0.008468052372336388,
            0.055351145565509796,
            -0.026551159098744392
        ],
        [
            0.006172717548906803,
            0.056494977325201035,
            -0.020215744152665138
        ],
        [
            0.025127891451120377,
            0.062148820608854294,
            -0.01946510560810566
        ],
        [
            0.027135910466313362,
            0.05898183956742287,
            -0.02489609643816948
        ],
        [
            0.025777949020266533,
            0.06123524531722069,
            -0.023192793130874634
        ],
        [
            0.025249507278203964,
            0.06512286514043808,
            -0.017968136817216873
        ],
        [
            0.0523904450237751,
            0.07700593024492264,
            -0.0028221281245350838
        ],
        [
            0.05681357532739639,
            0.072731614112854,
            -0.001961431000381708
        ],
        [
            0.022518062964081764,
            0.05100896209478378,
            -0.0022478578612208366
        ],
        [
            0.01598542369902134,
            0.040339916944503784,
            -0.007252153009176254
        ],
        [
            0.02474241517484188,
            0.03188105672597885,
            -0.005661226809024811
        ],
        [
            0.060228414833545685,
            0.055964190512895584,
            -0.007387125864624977
        ],
        [
            0.05334024131298065,
            0.06369710713624954,
            -0.007705450989305973
        ],
        [
            0.05630861222743988,
            0.06551815569400787,
            -0.005439577624201775
        ],
        [
            0.03734809160232544,
            0.05562444403767586,
            -0.021478956565260887
        ],
        [
            0.031009938567876816,
            0.05909227579832077,
            -0.022170452401041985
        ],
        [
            0.034682855010032654,
            0.06009864807128906,
            -0.018877848982810974
        ],
        [
            0.04124937951564789,
            0.057121142745018005,
            -0.017706435173749924
        ],
        [
            0.09211470931768417,
            0.05116217955946922,
            0.02514113113284111
        ],
        [
            0.0987880676984787,
            0.05589764565229416,
            0.016866937279701233
        ],
        [
            0.006653462536633015,
            0.08091364055871964,
            -0.03443267568945885
        ],
        [
            0.006346520036458969,
            0.077036052942276,
            -0.033439137041568756
        ],
        [
            0.06818396598100662,
            0.04785768687725067,
            -0.006667696870863438
        ],
        [
            0.0360390804708004,
            0.022440357133746147,
            -0.004251670092344284
        ],
        [
            0.07708659023046494,
            0.040800612419843674,
            -0.006777874194085598
        ],
        [
            0.05200749635696411,
            0.07378148287534714,
            0.016840778291225433
        ],
        [
            0.056865762919187546,
            0.07888489216566086,
            0.01198935229331255
        ],
        [
            0.053977370262145996,
            0.08219215273857117,
            0.008905723690986633
        ],
        [
            0.048965029418468475,
            0.08075033128261566,
            0.012134752236306667
        ],
        [
            0.01949513517320156,
            0.07836316525936127,
            -0.018502648919820786
        ],
        [
            0.020363105461001396,
            0.07799728214740753,
            -0.024184901267290115
        ],
        [
            0.01902930438518524,
            0.08104612678289413,
            -0.02488759160041809
        ],
        [
            0.01779702492058277,
            0.0824023187160492,
            -0.01929224655032158
        ],
        [
            0.025396090000867844,
            0.0554562583565712,
            -0.02910604141652584
        ],
        [
            0.021758195012807846,
            0.05075749009847641,
            -0.03169575706124306
        ],
        [
            0.01940491609275341,
            0.05741702392697334,
            -0.03108026459813118
        ],
        [
            0.02323681116104126,
            0.05998427793383598,
            -0.027436155825853348
        ],
        [
            0.015901833772659302,
            0.04900013655424118,
            -0.029909951612353325
        ],
        [
            0.013488213531672955,
            0.05547287315130234,
            -0.030332524329423904
        ],
        [
            0.014840182848274708,
            0.0779968872666359,
            -0.014024201780557632
        ],
        [
            0.007457698695361614,
            0.07664366811513901,
            -0.013443028554320335
        ],
        [
            0.013378416188061237,
            0.062192484736442566,
            -0.010073029436171055
        ],
        [
            0.01979401893913746,
            0.06609237194061279,
            -0.012563549913465977
        ],
        [
            0.07356700301170349,
            0.027319330722093582,
            0.02485591173171997
        ],
        [
            0.08262323588132858,
            0.03291941434144974,
            0.028016718104481697
        ],
        [
            0.07414194196462631,
            0.045216090977191925,
            0.02571839652955532
        ],
        [
            0.06550733000040054,
            0.057526685297489166,
            0.024785663932561874
        ],
        [
            0.05698740482330322,
            0.06868551671504974,
            0.022403739392757416
        ],
        [
            0.04643458127975464,
            0.06274394690990448,
            0.02049666829407215
        ],
        [
            0.08160386979579926,
            0.04803340509533882,
            0.027474869042634964
        ],
        [
            0.023594146594405174,
            0.06160648912191391,
            -0.012831933796405792
        ],
        [
            0.01757708191871643,
            0.053902070969343185,
            -0.008702137507498264
        ],
        [
            0.021448491141200066,
            0.05802163481712341,
            -0.007805280853062868
        ],
        [
            0.08262082934379578,
            0.045330844819545746,
            -0.004753322806209326
        ],
        [
            0.006562867667526007,
            0.07230834662914276,
            -0.03228766843676567
        ],
        [
            0.07628077268600464,
            -0.01422446221113205,
            0.010783368721604347
        ],
        [
            0.07998047769069672,
            -0.0073119476437568665,
            0.021273942664265633
        ],
        [
            0.073790542781353,
            -0.0022843554615974426,
            0.017648756504058838
        ],
        [
            0.07025151699781418,
            -0.009638965129852295,
            0.005469240248203278
        ],
        [
            0.0176165122538805,
            0.07597760856151581,
            -0.030164102092385292
        ],
        [
            0.01266258955001831,
            0.07362730801105499,
            -0.03344971314072609
        ],
        [
            0.060970500111579895,
            0.07701602578163147,
            0.0009434204548597336
        ],
        [
            0.05607521906495094,
            0.08029511570930481,
            0.0001222915598191321
        ],
        [
            0.05645188316702843,
            0.0827588438987732,
            0.003013445995748043
        ],
        [
            0.06252755224704742,
            0.08215697109699249,
            0.0032182494178414345
        ],
        [
            0.08821649849414825,
            0.03467116877436638,
            0.02892892248928547
        ],
        [
            0.07435669749975204,
            0.08129794150590897,
            0.021160751581192017
        ],
        [
            0.0650576502084732,
            0.07687097787857056,
            0.024791035801172256
        ],
        [
            0.08962370455265045,
            0.02200690656900406,
            0.029966101050376892
        ],
        [
            0.0815882682800293,
            0.016917720437049866,
            0.027850277721881866
        ],
        [
            0.08775486052036285,
            0.009789347648620605,
            0.030331391841173172
        ],
        [
            0.034545205533504486,
            0.06197177246212959,
            0.010939182713627815
        ],
        [
            0.06604822725057602,
            0.024921365082263947,
            0.02134796790778637
        ],
        [
            0.07542023062705994,
            0.014224350452423096,
            0.024274049326777458
        ],
        [
            0.08251676708459854,
            0.00557573139667511,
            0.02706175297498703
        ],
        [
            0.08771608769893646,
            -0.00031278282403945923,
            0.029939625412225723
        ],
        [
            0.09302008152008057,
            0.004946626722812653,
            0.03308738395571709
        ],
        [
            0.0030935024842619896,
            0.07521135360002518,
            -0.01741819456219673
        ],
        [
            0.006313367746770382,
            0.08268047869205475,
            -0.015054523013532162
        ],
        [
            0.098436139523983,
            -0.0006522461771965027,
            0.03777162358164787
        ],
        [
            0.0925411656498909,
            -0.006289266049861908,
            0.03342609107494354
        ],
        [
            0.06896157562732697,
            0.010310955345630646,
            0.01910623349249363
        ],
        [
            0.062309667468070984,
            0.005670897662639618,
            0.011773539707064629
        ],
        [
            0.06026791036128998,
            0.02089741826057434,
            0.016324130818247795
        ],
        [
            0.052620574831962585,
            0.017094090580940247,
            0.008935147896409035
        ],
        [
            0.027252759784460068,
            0.053897835314273834,
            0.010079770348966122
        ],
        [
            0.010809401981532574,
            0.09908518195152283,
            -0.021740304306149483
        ],
        [
            0.011160912923514843,
            0.0889822319149971,
            -0.016858883202075958
        ],
        [
            0.016001513227820396,
            0.08727166801691055,
            -0.019668150693178177
        ],
        [
            0.01499083824455738,
            0.0977756530046463,
            -0.02193206548690796
        ],
        [
            0.013357741758227348,
            0.08302336931228638,
            -0.015474703162908554
        ],
        [
            0.005660595837980509,
            0.08801330626010895,
            -0.017558623105287552
        ],
        [
            0.04722508788108826,
            0.011236719787120819,
            -0.0027895979583263397
        ],
        [
            0.02947104722261429,
            0.0637999027967453,
            -0.018721871078014374
        ],
        [
            0.05905359983444214,
            -0.0016475804150104523,
            -0.0031836703419685364
        ],
        [
            0.03920980170369148,
            0.008248664438724518,
            -0.017423585057258606
        ],
        [
            0.04909670725464821,
            -0.0008079782128334045,
            -0.01954714208841324
        ],
        [
            0.07064981758594513,
            -0.01470232754945755,
            -0.006142038851976395
        ],
        [
            0.0617893822491169,
            -0.011040586978197098,
            -0.018966451287269592
        ],
        [
            0.08194293081760406,
            -0.022865835577249527,
            0.0037097185850143433
        ],
        [
            0.07613962888717651,
            -0.01792677491903305,
            -2.629682421684265e-05
        ],
        [
