{
    "pred_cam": [
        10.719908714294434,
        0.05096517503261566,
        -0.046837739646434784
    ],
    "pred_mano_params": {
        "global_orient": [
            [
                [
                    0.7657507658004761,
                    -0.47592082619667053,
                    -0.4325796067714691
                ],
                [
                    -0.6262648701667786,
                    -0.3987331688404083,
                    -0.6699284315109253
                ],
                [
                    0.14634904265403748,
                    0.7839076519012451,
                    -0.6033827066421509
                ]
            ]
        ],
        "hand_pose": [
            [
                [
                    0.8365417122840881,
                    -0.3392835259437561,
                    -0.430214524269104
                ],
                [
                    0.2879859209060669,
                    0.9402680397033691,
                    -0.18154937028884888
                ],
                [
                    0.4661136269569397,
                    0.02797790989279747,
                    0.8842822909355164
                ]
            ],
            [
                [
                    0.8632823824882507,
                    -0.5039259791374207,
                    0.02832108363509178
                ],
                [
                    0.49997633695602417,
                    0.8461436033248901,
                    -0.18456634879112244
                ],
                [
                    0.0690440684556961,
                    0.17349277436733246,
                    0.9824119210243225
                ]
            ],
            [
                [
                    0.744445264339447,
                    -0.6610549688339233,
                    0.09384875744581223
                ],
                [
                    0.6676773428916931,
                    0.737652063369751,
                    -0.1003812700510025
                ],
                [
                    -0.002870195545256138,
                    0.13738904893398285,
                    0.9905129671096802
                ]
            ],
            [
                [
                    0.7083040475845337,
                    -0.6815914511680603,
                    -0.1836804747581482
                ],
                [
                    0.6671839952468872,
                    0.7313860654830933,
                    -0.14120888710021973
                ],
                [
                    0.23058809340000153,
                    -0.022529860958456993,
                    0.9727905988693237
                ]
            ],
            [
                [
                    0.8336379528045654,
                    -0.5022636651992798,
                    -0.22973670065402985
                ],
                [
                    0.5454508066177368,
                    0.8140385150909424,
                    0.19956110417842865
                ],
                [
                    0.08678224682807922,
                    -0.2916717827320099,
                    0.9525735378265381
                ]
            ],
            [
                [
                    0.8068575263023376,
                    -0.5819697976112366,
                    0.1014489084482193
                ],
                [
                    0.5836634039878845,
                    0.8118535876274109,
                    0.015190172009170055
                ],
                [
                    -0.09120188653469086,
                    0.046955712139606476,
                    0.9947246313095093
                ]
            ],
            [
                [
                    0.6093920469284058,
                    -0.7288505434989929,
                    0.3121189475059509
                ],
                [
                    0.6637924909591675,
                    0.6842794418334961,
                    0.3018961548805237
                ],
                [
                    -0.43361368775367737,
                    0.023209067061543465,
                    0.9007999300956726
                ]
            ],
            [
                [
                    0.9071181416511536,
                    -0.37411561608314514,
                    -0.192806214094162
                ],
                [
                    0.420370876789093,
                    0.782926082611084,
                    0.4586012363433838
                ],
                [
                    -0.020616859197616577,
                    -0.4970555901527405,
                    0.8674737811088562
                ]
            ],
            [
                [
                    0.916644275188446,
                    -0.3640155494213104,
                    0.1650933027267456
                ],
                [
                    0.2885619103908539,
                    0.8884801268577576,
                    0.3568403720855713
                ],
                [
                    -0.27657759189605713,
                    -0.27945610880851746,
                    0.9194612503051758
                ]
            ],
            [
                [
                    0.6238341927528381,
                    -0.7743780016899109,
                    0.10568583011627197
                ],
                [
                    0.7801419496536255,
                    0.6251180768013,
                    -0.02461547777056694
                ],
                [
                    -0.04700443521142006,
                    0.0978059247136116,
                    0.9940947890281677
                ]
            ],
            [
                [
                    0.8979015350341797,
                    -0.40539494156837463,
                    -0.17154519259929657
                ],
                [
                    0.4401529133319855,
                    0.82136070728302,
                    0.3628113269805908
                ],
                [
                    -0.00618139049038291,
                    -0.40127497911453247,
                    0.9159367680549622
                ]
            ],
            [
                [
                    0.8138672113418579,
                    -0.5657080411911011,
                    0.132644385099411
                ],
                [
                    0.5323570966720581,
                    0.8174529671669006,
                    0.21992403268814087
                ],
                [
                    -0.2328433245420456,
                    -0.10837478190660477,
                    0.9664568901062012
                ]
            ],
            [
                [
                    0.9561302661895752,
                    0.28348711133003235,
                    -0.07382385432720184
                ],
                [
                    -0.28485214710235596,
                    0.8409050703048706,
                    -0.4601498544216156
                ],
                [
                    -0.06836768239736557,
                    0.46099209785461426,
                    0.884766697883606
                ]
            ],
            [
                [
                    0.8366800546646118,
                    -0.3612397313117981,
                    -0.41167008876800537
                ],
                [
                    0.4973736107349396,
                    0.8158575296401978,
                    0.2949506640434265
                ],
                [
                    0.22931624948978424,
                    -0.4515331983566284,
                    0.8622828125953674
                ]
            ],
            [
                [
                    0.997906506061554,
                    -0.03533846512436867,
                    0.054164230823516846
                ],
                [
                    0.052510615438222885,
                    0.9316191077232361,
                    -0.359622597694397
                ],
                [
                    -0.03775192052125931,
                    0.3617139458656311,
                    0.931524395942688
                ]
            ]
        ],
        "betas": [
            0.06473670899868011,
            -0.105650395154953,
            0.008768200874328613,
            0.07414820790290833,
            -0.005875289440155029,
            0.012066449970006943,
            0.042461276054382324,
            0.020537450909614563,
            -0.036286771297454834,
            -0.01256754994392395
        ]
    },
    "pred_cam_t": [
        -0.05096517503261566,
        -0.046837739646434784,
        3.6439208984375
    ],
    "focal_length": [
        5000.0,
        5000.0
    ],
    "pred_keypoints_3d": [
        [
            0.09541061520576477,
            0.006365796085447073,
            0.006177238188683987
        ],
        [
            0.07324973493814468,
            0.010292697697877884,
            -0.02495802566409111
        ],
        [
            0.05013490468263626,
            0.009613950736820698,
            -0.04514347389340401
        ],
        [
            0.03197546303272247,
            0.025077223777770996,
            -0.0578448511660099
        ],
        [
            0.010784739628434181,
            0.042062267661094666,
            -0.08086509257555008
        ],
        [
            0.021790362894535065,
            0.049741413444280624,
            -0.023113131523132324
        ],
        [
            0.007692448794841766,
            0.07943518459796906,
            -0.024241428822278976
        ],
        [
            0.01200265996158123,
            0.09961037337779999,
            -0.03224287927150726
        ],
        [
            0.028740212321281433,
            0.11304961889982224,
            -0.045174937695264816
        ],
        [
            0.02535993605852127,
            0.06840123981237411,
            -0.006784185767173767
        ],
        [
            0.02262294664978981,
            0.09818132221698761,
            -0.017025280743837357
        ],
        [
            0.035338640213012695,
            0.11373434215784073,
            -0.028640568256378174
        ],
        [
            0.052769772708415985,
            0.12088185548782349,
            -0.04561183229088783
        ],
        [
            0.046361036598682404,
            0.07686139643192291,
            0.007164844311773777
        ],
        [
            0.042545486241579056,
            0.09976615756750107,
            -0.009803199209272861
        ],
        [
            0.055651046335697174,
            0.11452183872461319,
            -0.02465372532606125
        ],
        [
            0.07110459357500076,
            0.11919332295656204,
            -0.04365875571966171
        ],
        [
            0.06613607704639435,
            0.0821542739868164,
            0.014379424042999744
        ],
        [
            0.06394888460636139,
            0.09964592009782791,
            0.0028931088745594025
        ],
        [
            0.0729149803519249,
            0.10955413430929184,
            -0.010453925468027592
        ],
        [
            0.08207426220178604,
            0.11154398322105408,
            -0.02694929949939251
        ]
    ],
    "pred_vertices": [
        [
            0.05813172087073326,
            0.033142395317554474,
            -0.02448386512696743
        ],
        [
            0.06681744009256363,
            0.027938082814216614,
            -0.024856287986040115
        ],
        [
            0.05900285020470619,
            0.027639057487249374,
            -0.03341974318027496
        ],
        [
            0.051469869911670685,
            0.03236348181962967,
            -0.03222959116101265
        ],
        [
            0.07689038664102554,
            0.01755395159125328,
            -0.04043649137020111
        ],
        [
            0.07914482802152634,
            0.00566190667450428,
            -0.04371561110019684
        ],
        [
            0.06443722546100616,
            0.00937214307487011,
            -0.05284244939684868
        ],
        [
            0.0654398575425148,
            0.01898571290075779,
            -0.049563929438591
        ],
        [
            0.044636186212301254,
            0.030115526169538498,
            -0.036835454404354095
        ],
        [
            0.05294205993413925,
            0.027143169194459915,
            -0.03962389752268791
        ],
        [
            0.041148245334625244,
            0.02511611580848694,
            -0.035822536796331406
        ],
        [
            0.030733749270439148,
            0.027194606140255928,
            -0.030046066269278526
        ],
        [
            0.03597897291183472,
            0.03250797837972641,
            -0.03312826156616211
        ],
        [
            0.02379482053220272,
            0.0317477248609066,
            -0.02742561511695385
        ],
        [
            0.03145021200180054,
            0.018863074481487274,
            -0.02216942049562931
        ],
        [
            0.021602952852845192,
            0.0303178858011961,
            -0.018169790506362915
        ],
        [
            0.04112233966588974,
            0.026495255529880524,
            0.003425341099500656
        ],
        [
            0.04896828904747963,
            0.03274787217378616,
            0.012126685120165348
        ],
        [
            0.03691974654793739,
            0.04505312442779541,
            0.010488028638064861
        ],
        [
            0.03060533106327057,
            0.03775334358215332,
            0.0008466094732284546
        ],
        [
            0.05429641529917717,
            0.05164819955825806,
            0.019816415384411812
        ],
        [
            0.044056907296180725,
            0.04868043214082718,
            0.014707029797136784
        ],
        [
            0.05554719269275665,
            0.035888515412807465,
            0.017313791438937187
        ],
        [
            0.0642404556274414,
            0.039190638810396194,
            0.021527448669075966
        ],
        [
            0.06961353868246078,
            0.03599786013364792,
            -0.012717721983790398
        ],
        [
            0.0787329152226448,
            0.030493367463350296,
            -0.011729873716831207
        ],
        [
            0.07432597875595093,
            0.029108231887221336,
            -0.015601612627506256
        ],
        [
            0.06588193029165268,
            0.03417159244418144,
            -0.016486655920743942
        ],
        [
            0.038770418614149094,
            0.01566232740879059,
            -0.03962438926100731
        ],
        [
            0.04036679118871689,
            0.009266708046197891,
            -0.03259436413645744
        ],
        [
            0.03862620145082474,
            0.017275987192988396,
            -0.03266351297497749
        ],
        [
            0.04091176390647888,
            0.020652957260608673,
            -0.04095024615526199
        ],
        [
            0.10620158910751343,
            0.022384952753782272,
            -0.008336368948221207
        ],
        [
            0.11144264042377472,
            0.010999653488397598,
            -0.0034155179746448994
        ],
        [
            0.10814980417490005,
            0.007424570620059967,
            -0.00665381969884038
        ],
        [
            0.10381889343261719,
            0.018682677298784256,
            -0.010072304867208004
        ],
        [
            0.09501848369836807,
            0.0003539547324180603,
            -0.025890205055475235
        ],
        [
            0.09903962165117264,
            -0.004616726189851761,
            -0.016727015376091003
        ],
        [
            0.09411956369876862,
            -0.017779145389795303,
            -0.014429960399866104
        ],
        [
            0.0874738097190857,
            -0.013962838798761368,
            -0.020942840725183487
        ],
        [
            0.08798759430646896,
            0.0036423727869987488,
            -0.0356578454375267
        ],
        [
            0.08310443162918091,
            -0.00927387923002243,
            -0.032411109656095505
        ],
        [
            0.07470983266830444,
            -0.00508170947432518,
            -0.04147818312048912
        ],
        [
            0.06026628613471985,
            0.0008886717259883881,
            -0.051216401159763336
        ],
        [
            0.11717299371957779,
            0.017709840089082718,
            0.005856624338775873
        ],
        [
            0.11450687050819397,
            0.02712465450167656,
            0.0031939721666276455
        ],
        [
            0.012397166341543198,
            0.08112048357725143,
            -0.03536191210150719
        ],
        [
            0.016724679619073868,
            0.08307324349880219,
            -0.03171362727880478
        ],
        [
            0.017378810793161392,
            0.07912211120128632,
            -0.03190704435110092
        ],
        [
            0.012753929011523724,
            0.07773798704147339,
            -0.03517620265483856
        ],
        [
            0.11075130105018616,
            0.0246855691075325,
            0.023668553680181503
        ],
        [
            0.10454043000936508,
            0.021041855216026306,
            0.030679654330015182
        ],
        [
            0.11064393818378448,
            0.017085596919059753,
            0.030990730971097946
        ],
        [
            0.11575424671173096,
            0.019045382738113403,
            0.023356076329946518
        ],
        [
            0.10412716865539551,
            0.0321214534342289,
            0.023959729820489883
        ],
        [
            0.09611324220895767,
            0.0264904648065567,
            0.02945856750011444
        ],
        [
            0.0010835337452590466,
            0.08356500416994095,
            -0.029941486194729805
        ],
        [
            0.0035896894987672567,
            0.08230111002922058,
            -0.03431820124387741
        ],
        [
            0.002813288476318121,
            0.07759718596935272,
            -0.03238050639629364
        ],
        [
            0.0009474083781242371,
            0.07817255705595016,
            -0.027273066341876984
        ],
        [
            0.04314933344721794,
            0.03640013933181763,
            -0.03171633929014206
        ],
        [
            0.050710905343294144,
            0.03898634761571884,
            -0.026019887998700142
        ],
        [
            0.030307482928037643,
            0.04929357394576073,
            -0.03169965371489525
        ],
        [
            0.038567572832107544,
            0.04532944783568382,
            -0.028014568611979485
        ],
        [
            0.03471878543496132,
            0.040090687572956085,
            -0.031704388558864594
        ],
        [
            0.027412710711359978,
            0.043805912137031555,
            -0.033283405005931854
        ],
        [
            0.05460299178957939,
            0.05300528556108475,
            -0.012069997377693653
        ],
        [
            0.06286406517028809,
            0.04483473300933838,
            -0.011046708561480045
        ],
        [
            0.05804558843374252,
            0.042888984084129333,
            -0.015116064809262753
        ],
        [
            0.048506565392017365,
            0.0511724054813385,
            -0.01788623258471489
        ],
        [
            0.07316961884498596,
            0.05194708704948425,
            -0.004495400935411453
        ],
        [
            0.06397857517004013,
            0.05921902507543564,
            -0.005653022322803736
        ],
        [
            0.07088471204042435,
            0.06236936151981354,
            -0.0017066802829504013
        ],
        [
            0.07668641209602356,
            0.05700467526912689,
            -0.002399526769295335
        ],
        [
            0.046345651149749756,
            0.0689137876033783,
            -0.008778749033808708
        ],
        [
            0.041266147047281265,
            0.07254206389188766,
            -0.008616860955953598
        ],
        [
            0.044174108654260635,
            0.07510235160589218,
            -0.00796270091086626
        ],
        [
            0.0491931289434433,
            0.07034297287464142,
            -0.006740870885550976
        ],
        [
            0.11593807488679886,
            0.012450620532035828,
            0.03186457231640816
        ],
        [
            0.11981862038373947,
            0.013027377426624298,
            0.02286149188876152
        ],
        [
            0.0731392353773117,
            0.06019854545593262,
            0.026587320491671562
        ],
        [
            0.08390786498785019,
            0.06199609488248825,
            0.02419649437069893
        ],
        [
            0.07681427896022797,
            0.07334616780281067,
            0.024268314242362976
        ],
        [
            0.0666070207953453,
            0.06847389787435532,
            0.027259889990091324
        ],
        [
            0.09579546749591827,
            0.015800081193447113,
            0.03234484791755676
        ],
        [
            0.10252343118190765,
            0.012603968381881714,
            0.03480057790875435
        ],
        [
            0.0018812925554811954,
            0.08550924062728882,
            -0.024026546627283096
        ],
        [
            0.002441367134451866,
            0.08018272370100021,
            -0.021569615229964256
        ],
        [
            0.06900204718112946,
            -0.011360697448253632,
            -0.03187607228755951
        ],
        [
            0.05520409345626831,
            -0.003908026963472366,
            -0.045331038534641266
        ],
        [
            0.07746310532093048,
            -0.015451248735189438,
            -0.020307574421167374
        ],
        [
            0.082451730966568,
            -0.01853746920824051,
            -0.01165076158940792
        ],
        [
            0.08719026297330856,
            -0.023504801094532013,
            -0.006559304893016815
        ],
        [
            0.03904463350772858,
            0.051233239471912384,
            -0.025036819279193878
        ],
        [
            0.057624299079179764,
            0.03874078392982483,
            -0.019487779587507248
        ],
        [
            0.07318159192800522,
            0.03817492350935936,
            -0.009836141020059586
        ],
        [
            0.0932730883359909,
            0.05768855661153793,
            0.0028413436375558376
        ],
        [
            0.10072484612464905,
            0.050278838723897934,
            0.0028937296010553837
        ],
        [
            0.09259524941444397,
            0.04782041907310486,
            -0.003589713480323553
        ],
        [
            0.0874553993344307,
            0.0546315535902977,
            -0.0017733387649059296
        ],
        [
            0.08967955410480499,
            0.06580694019794464,
            0.017125099897384644
        ],
        [
            0.08876180648803711,
            0.06669129431247711,
            0.00918063148856163
        ],
        [
            0.08267872780561447,
            0.07315586507320404,
            0.00978703610599041
        ],
        [
            0.08281436562538147,
            0.07416032999753952,
            0.01753862015902996
        ],
        [
            0.036881282925605774,
            0.008835259824991226,
            -0.04227016866207123
        ],
        [
            0.04271621257066727,
            0.001961205154657364,
            -0.03390999883413315
        ],
        [
            0.11492934823036194,
            0.026355352252721786,
            0.01412677951157093
        ],
        [
            0.11794176697731018,
            0.019221581518650055,
            0.013467293232679367
        ],
        [
            0.1215549185872078,
            0.011813566088676453,
            0.015397934243083
        ],
        [
            0.09240207076072693,
            0.026155002415180206,
            -0.011454763822257519
        ],
        [
            0.10229318588972092,
            0.016190864145755768,
            -0.011552715674042702
        ],
        [
            0.09970566630363464,
            0.014555387198925018,
            -0.015159591101109982
        ],
        [
            0.08987092971801758,
            0.0248555988073349,
            -0.012806364335119724
        ],
        [
            0.07739978283643723,
            0.024396488443017006,
            -0.027322489768266678
        ],
        [
            0.08810219168663025,
            0.01602804847061634,
            -0.029768256470561028
        ],
        [
            0.06806080043315887,
            0.025618281215429306,
            -0.03659223020076752
        ],
        [
            0.10496275126934052,
            0.0013539381325244904,
            -0.010895618237555027
        ],
        [
            0.11381931602954865,
            -0.0009535402059555054,
            -0.0047517940402030945
        ],
        [
            0.10891777276992798,
            -0.00713174045085907,
            -0.008814954198896885
        ],
        [
            0.11837699264287949,
            0.004633963108062744,
            0.001869712956249714
        ],
        [
            0.12137511372566223,
            0.009329378604888916,
            0.00881994143128395
        ],
        [
            0.10784187912940979,
            0.007606111466884613,
            0.03917189687490463
        ],
        [
            0.1029847264289856,
            -0.012614257633686066,
            -0.011258890852332115
        ],
        [
            0.057065464556217194,
            0.019181566312909126,
            -0.05425238609313965
        ],
        [
            0.05021602287888527,
            0.02064359374344349,
            -0.05678100883960724
        ],
        [
            0.04938163608312607,
            0.024820594117045403,
            -0.050856247544288635
        ],
        [
            0.054651983082294464,
            0.023722048848867416,
            -0.04803308844566345
        ],
        [
            0.016330886632204056,
            0.03907431662082672,
            -0.026247765868902206
        ],
        [
            0.021584447473287582,
            0.0412587933242321,
            -0.03207802399992943
        ],
        [
            0.029307449236512184,
            0.03426497057080269,
            -0.03215891122817993
        ],
        [
            0.10214933753013611,
            0.033034708350896835,
            -0.006699084769934416
        ],
        [
            0.10951803624629974,
            0.03670366480946541,
            0.0028758510015904903
        ],
        [
            0.03075343184173107,
            0.05477118864655495,
            -0.028016261756420135
        ],
        [
            0.0015187384560704231,
            0.07312123477458954,
            -0.025171075016260147
        ],
        [
            0.0032837633043527603,
            0.07232436537742615,
            -0.030893167480826378
        ],
        [
            0.009227294474840164,
            0.055167876183986664,
            -0.028698023408651352
        ],
        [
            0.006767685525119305,
            0.056268855929374695,
            -0.022416014224290848
        ],
        [
            0.025638969615101814,
            0.06176486983895302,
            -0.021100832149386406
        ],
        [
            0.027818698436021805,
            0.05860034376382828,
            -0.026492588222026825
        ],
        [
            0.026470264419913292,
            0.060856737196445465,
            -0.024793028831481934
        ],
        [
            0.025827832520008087,
            0.06470246613025665,
            -0.019545333459973335
        ],
        [
            0.05215483158826828,
            0.07679753005504608,
            -0.0035505308769643307
        ],
        [
            0.05653810128569603,
            0.07254274189472198,
            -0.0026190727949142456
        ],
        [
            0.0224537942558527,
            0.050552379339933395,
            -0.0040601883083581924
        ],
        [
            0.01609213463962078,
            0.03991357609629631,
            -0.00925214309245348
        ],
        [
            0.02490893378853798,
            0.03145090490579605,
            -0.007402794435620308
        ],
        [
            0.0602574497461319,
            0.05579699948430061,
            -0.008096408098936081
        ],
        [
            0.05333110690116882,
            0.0634920597076416,
            -0.008566958829760551
        ],
        [
            0.056217942386865616,
            0.06533389538526535,
            -0.0062069459818303585
        ],
        [
            0.037787020206451416,
            0.05535122752189636,
            -0.022826500236988068
        ],
        [
            0.0314982645213604,
            0.058742083609104156,
            -0.023677337914705276
        ],
        [
            0.03502815589308739,
            0.05983131751418114,
            -0.02029087394475937
        ],
        [
            0.04157300293445587,
            0.056882523000240326,
            -0.01894155517220497
        ],
        [
            0.0912899523973465,
            0.051031120121479034,
            0.025236178189516068
        ],
        [
            0.09814199805259705,
            0.05586233735084534,
            0.01716761849820614
        ],
        [
            0.007676846347749233,
            0.08114110678434372,
            -0.03627139702439308
        ],
        [
            0.007344421930611134,
            0.07714682817459106,
            -0.035344235599040985
        ],
        [
            0.06824289262294769,
            0.047736309468746185,
            -0.0071977972984313965
        ],
        [
            0.036270271986722946,
            0.022057853639125824,
            -0.005706286057829857
        ],
        [
            0.07719039171934128,
            0.04073336720466614,
            -0.007098245434463024
        ],
        [
            0.05119894817471504,
            0.07340940833091736,
            0.016020890325307846
        ],
        [
            0.05609109252691269,
            0.0786752849817276,
            0.011451782658696175
        ],
        [
            0.05332252383232117,
            0.08191966265439987,
            0.008303957059979439
        ],
        [
            0.048240210860967636,
            0.08038943260908127,
            0.011326566338539124
        ],
        [
            0.02016042172908783,
            0.07808735966682434,
            -0.020087644457817078
        ],
        [
            0.02117362804710865,
            0.07779168337583542,
            -0.025750044733285904
        ],
        [
            0.01982925459742546,
            0.08101114630699158,
            -0.026440121233463287
        ],
        [
            0.018464703112840652,
            0.08224111795425415,
            -0.020863940939307213
        ],
        [
            0.026189789175987244,
            0.055127307772636414,
            -0.03078620508313179
        ],
        [
            0.0226106196641922,
            0.05047769844532013,
            -0.03351518139243126
        ],
        [
            0.020296335220336914,
            0.0571732223033905,
            -0.032905932515859604
        ],
        [
            0.024044133722782135,
            0.05967332795262337,
            -0.02912382036447525
        ],
        [
            0.01671771891415119,
            0.048746686428785324,
            -0.031898677349090576
        ],
        [
            0.0143488310277462,
            0.055281609296798706,
            -0.032341014593839645
        ],
        [
            0.01538631971925497,
            0.07765869796276093,
            -0.015742424875497818
        ],
        [
            0.007998946122825146,
            0.07630199193954468,
            -0.015351392328739166
        ],
        [
            0.01371228788048029,
            0.061786506325006485,
            -0.012006564997136593
        ],
        [
            0.020235847681760788,
            0.06567813456058502,
            -0.014288157224655151
        ],
        [
            0.07291904091835022,
            0.027064573019742966,
            0.02435383014380932
        ],
        [
            0.08184919506311417,
            0.03271118178963661,
            0.027789942920207977
        ],
        [
            0.07336243987083435,
            0.04494868218898773,
            0.025308893993496895
        ],
        [
            0.06467901170253754,
            0.05717424303293228,
            0.02420509047806263
        ],
        [
            0.05612482875585556,
            0.06828315556049347,
            0.02165716141462326
        ],
        [
            0.04565776512026787,
            0.06229765713214874,
            0.019393200054764748
        ],
        [
            0.08075238764286041,
            0.047809284180402756,
            0.02728511393070221
        ],
        [
            0.023754412308335304,
            0.0612870529294014,
            -0.014538579620420933
        ],
        [
            0.017735445871949196,
            0.05347593501210213,
            -0.010622842237353325
        ],
        [
            0.02148277312517166,
            0.05762298032641411,
            -0.009602194651961327
        ],
        [
            0.08263260126113892,
            0.04529210552573204,
            -0.004901900887489319
        ],
        [
            0.007547269109636545,
            0.0723203644156456,
            -0.03425358980894089
        ],
        [
            0.07633014768362045,
            -0.014401189982891083,
            0.010162653401494026
        ],
        [
            0.07967960834503174,
            -0.007511116564273834,
            0.020785104483366013
        ],
        [
            0.07354674488306046,
            -0.0025109276175498962,
            0.017017338424921036
        ],
        [
            0.07042321562767029,
            -0.009833022952079773,
            0.004711668938398361
        ],
        [
            0.0185784250497818,
            0.07585541903972626,
            -0.03181353956460953
        ],
        [
            0.013684600591659546,
            0.07361482083797455,
            -0.0352531373500824
        ],
        [
            0.060544561594724655,
            0.0768849179148674,
            0.0005115370731800795
        ],
        [
            0.0556969940662384,
            0.08008437603712082,
            -0.00042762476368807256
        ],
        [
            0.05597808212041855,
            0.08254139125347137,
            0.002528094220906496
        ],
        [
            0.061940550804138184,
            0.08210324496030807,
            0.002963815350085497
        ],
        [
            0.08740346878767014,
            0.034496795386075974,
            0.028858322650194168
        ],
        [
            0.07318532466888428,
            0.08102250099182129,
            0.021367128938436508
        ],
        [
            0.06394723057746887,
            0.07647784054279327,
            0.024551456794142723
        ],
        [
            0.08886647969484329,
            0.02184215560555458,
            0.02988262102007866
        ],
        [
            0.08092589676380157,
            0.016705535352230072,
            0.027523307129740715
        ],
        [
            0.08707728236913681,
            0.009608149528503418,
            0.030136629939079285
        ],
        [
            0.034031521528959274,
            0.06152239069342613,
            0.009504584595561028
        ],
        [
            0.06550601124763489,
            0.024631299078464508,
            0.020635373890399933
        ],
        [
            0.07487189024686813,
            0.01398366317152977,
            0.02376742660999298
        ],
        [
            0.08195655792951584,
            0.005369611084461212,
            0.02670322358608246
        ],
        [
            0.08712761849164963,
            -0.0004950165748596191,
            0.029690656810998917
        ],
        [
            0.09230750799179077,
            0.004788883030414581,
            0.03301018103957176
        ],
        [
            0.0037503140047192574,
            0.07498334348201752,
            -0.01944715902209282
        ],
        [
            0.006900574080646038,
            0.08237200975418091,
            -0.016916794702410698
        ],
        [
            0.09764726459980011,
            -0.0007989779114723206,
            0.03780997917056084
        ],
        [
            0.09191395342350006,
            -0.006458297371864319,
            0.03327644616365433
        ],
        [
            0.0685821920633316,
            0.010048754513263702,
            0.01840655878186226
        ],
        [
            0.06218552589416504,
            0.005391217768192291,
            0.010874496772885323
        ],
        [
            0.05989600345492363,
            0.020594116300344467,
            0.01542920432984829
        ],
        [
            0.05249008536338806,
            0.016772467643022537,
            0.007819537073373795
        ],
        [
            0.026865221560001373,
            0.05336622893810272,
            0.008381497114896774
        ],
        [
            0.011301470920443535,
            0.0990394800901413,
            -0.022993631660938263
        ],
        [
            0.011690529063344002,
            0.0887632668018341,
            -0.018409591168165207
        ],
        [
            0.01662033051252365,
            0.08718522638082504,
            -0.021146483719348907
        ],
        [
            0.015514686703681946,
            0.09780239313840866,
            -0.023109043017029762
        ],
        [
            0.013924509286880493,
            0.08275141566991806,
            -0.017145950347185135
        ],
        [
            0.006211611442267895,
            0.0877877026796341,
            -0.019273053854703903
        ],
        [
            0.04750268906354904,
            0.010914105921983719,
            -0.004002537578344345
        ],
        [
            0.029800407588481903,
            0.06354537606239319,
            -0.020255383104085922
        ],
        [
            0.059445999562740326,
            -0.0018925145268440247,
            -0.0041595641523599625
        ],
        [
            0.039908070117235184,
            0.007897738367319107,
            -0.018672190606594086
        ],
        [
            0.049838267266750336,
            -0.0011015869677066803,
            -0.02063303254544735
        ],
        [
            0.07117860019207001,
            -0.014837600290775299,
            -0.006920652464032173
        ],
        [
            0.06255858391523361,
            -0.011219728738069534,
            -0.019887607544660568
        ],
        [
            0.08223916590213776,
            -0.022966839373111725,
            0.00320570170879364
        ],
        [
            0.07651521265506744,
            -0.018051229417324066,
            -0.0006759092211723328
        ],
        [
