{
    "pred_cam": [
        8.88003158569336,
        0.13378314673900604,
        -0.04831412062048912
    ],
    "pred_mano_params": {
        "global_orient": [
            [
                [
                    -0.5637795925140381,
                    -0.15222927927970886,
                    -0.8117751479148865
                ],
                [
                    -0.43598490953445435,
                    -0.7799187302589417,
                    0.44904783368110657
                ],
                [
                    -0.7014768719673157,
                    0.607085645198822,
                    0.37333258986473083
                ]
            ]
        ],
        "hand_pose": [
            [
                [
                    0.630097508430481,
                    -0.7628271579742432,
                    -0.14516131579875946
                ],
                [
                    0.7640360593795776,
                    0.6424222588539124,
                    -0.05951956287026405
                ],
                [
                    0.13865800201892853,
                    -0.07340534776449203,
                    0.9876161217689514
                ]
            ],
            [
                [
                    0.4746819734573364,
                    -0.8552060127258301,
                    0.20808570086956024
                ],
                [
                    0.8725631833076477,
                    0.42625582218170166,
                    -0.23861996829509735
                ],
                [
                    0.11537150293588638,
                    0.29483649134635925,
                    0.9485572576522827
                ]
            ],
            [
                [
                    0.857181966304779,
                    -0.4913697838783264,
                    0.1542554497718811
                ],
                [
                    0.49092626571655273,
                    0.8701074719429016,
                    0.04363804683089256
                ],
                [
                    -0.15566125512123108,
                    0.03832230344414711,
                    0.9870667457580566
                ]
            ],
            [
                [
                    0.519400954246521,
                    -0.8343803286552429,
                    -0.184477761387825
                ],
                [
                    0.8545200228691101,
                    0.5060692429542542,
                    0.11700212210416794
                ],
                [
                    -0.00426575168967247,
                    -0.21841095387935638,
                    0.9758475422859192
                ]
            ],
            [
                [
                    0.6662032604217529,
                    -0.724773108959198,
                    -0.17571918666362762
                ],
                [
                    0.7451964616775513,
                    0.6377071142196655,
                    0.19496670365333557
                ],
                [
                    -0.029249252751469612,
                    -0.2608327567577362,
                    0.9649409055709839
                ]
            ],
            [
                [
                    0.8102086782455444,
                    -0.5860653519630432,
                    0.009454865008592606
                ],
                [
                    0.5851632356643677,
                    0.8096826076507568,
                    0.04469946399331093
                ],
                [
                    -0.03385224565863609,
                    -0.030683249235153198,
                    0.9989557862281799
                ]
            ],
            [
                [
                    0.5008563995361328,
                    -0.8445612192153931,
                    0.18936531245708466
                ],
                [
                    0.6929228901863098,
                    0.522362232208252,
                    0.4969865083694458
                ],
                [
                    -0.5186527967453003,
                    -0.11770331114530563,
                    0.8468442559242249
                ]
            ],
            [
                [
                    0.6613616943359375,
                    -0.7400966882705688,
                    -0.12189172953367233
                ],
                [
                    0.5808069705963135,
                    0.4024813175201416,
                    0.7075818181037903
                ],
                [
                    -0.4746198058128357,
                    -0.5387630462646484,
                    0.6960390210151672
                ]
            ],
            [
                [
                    0.9166972041130066,
                    -0.39671164751052856,
                    0.047813475131988525
                ],
                [
                    0.3137442171573639,
                    0.7887014746665955,
                    0.5286914706230164
                ],
                [
                    -0.24744859337806702,
                    -0.4696488082408905,
                    0.8474664092063904
                ]
            ],
            [
                [
                    0.6092713475227356,
                    -0.7891844511032104,
                    0.07730734348297119
                ],
                [
                    0.7861998081207275,
                    0.6139028668403625,
                    0.07080311328172684
                ],
                [
                    -0.1033359095454216,
                    0.017640715464949608,
                    0.9944900870323181
                ]
            ],
            [
                [
                    0.6712116599082947,
                    -0.7236378788948059,
                    -0.16069558262825012
                ],
                [
                    0.6852807998657227,
                    0.5231128931045532,
                    0.5066982507705688
                ],
                [
                    -0.2826040983200073,
                    -0.4502233862876892,
                    0.8470146059989929
                ]
            ],
            [
                [
                    0.7938488721847534,
                    -0.6081128120422363,
                    0.0016366513445973396
                ],
                [
                    0.5822337865829468,
                    0.7608368396759033,
                    0.2865850329399109
                ],
                [
                    -0.17552128434181213,
                    -0.2265523076057434,
                    0.9580532908439636
                ]
            ],
            [
                [
                    0.9429158568382263,
                    0.22509518265724182,
                    0.2454422414302826
                ],
                [
                    -0.03340747579932213,
                    0.7972086668014526,
                    -0.6027787923812866
                ],
                [
                    -0.33135128021240234,
                    0.56017005443573,
                    0.759220540523529
                ]
            ],
            [
                [
                    0.978725254535675,
                    -0.20515210926532745,
                    -0.0030709998682141304
                ],
                [
                    0.17016752064228058,
                    0.8032791018486023,
                    0.5707764029502869
                ],
                [
                    -0.1146291121840477,
                    -0.5591558814048767,
                    0.8210997581481934
                ]
            ],
            [
                [
                    0.6674602627754211,
                    -0.7069821953773499,
                    -0.23382256925106049
                ],
                [
                    0.27188244462013245,
                    0.5237016677856445,
                    -0.8073515295982361
                ],
                [
                    0.6932364106178284,
                    0.4753028154373169,
                    0.5417661070823669
                ]
            ]
        ],
        "betas": [
            -0.1410796344280243,
            -0.11395221948623657,
            0.0031493008136749268,
            -0.0026560723781585693,
            -0.04144132137298584,
            0.00029251351952552795,
            -0.009579569101333618,
            0.03290630877017975,
            -0.012089118361473083,
            -0.04257512092590332
        ]
    },
    "pred_cam_t": [
        -0.13378314673900604,
        -0.04831412062048912,
        4.398914337158203
    ],
    "focal_length": [
        5000.0,
        5000.0
    ],
    "pred_keypoints_3d": [
        [
            0.09632454812526703,
            0.006441203411668539,
            0.006245957687497139
        ],
        [
            0.0912267342209816,
            0.04090358316898346,
            0.023438354954123497
        ],
        [
            0.07975807785987854,
            0.06781353056430817,
            0.03373873233795166
        ],
        [
            0.07330700755119324,
            0.09127026051282883,
            0.046042922884225845
        ],
        [
            0.08998575806617737,
            0.12001713365316391,
            0.03927311673760414
        ],
        [
            0.13024473190307617,
            0.058466676622629166,
            0.07302588224411011
        ],
        [
            0.14937901496887207,
            0.08546653389930725,
            0.07517988234758377
        ],
        [
            0.1492743343114853,
            0.09545335918664932,
            0.05521203577518463
        ],
        [
            0.14122959971427917,
            0.09873545169830322,
            0.03185461461544037
        ],
        [
            0.153067484498024,
            0.047620244324207306,
            0.07090136408805847
        ],
        [
            0.17120754718780518,
            0.07309110462665558,
            0.06442011147737503
        ],
        [
            0.1682509183883667,
            0.08660686016082764,
            0.04550246521830559
        ],
        [
            0.15559124946594238,
            0.09504384547472,
            0.02483902871608734
        ],
        [
            0.16520026326179504,
            0.033337004482746124,
            0.05153162032365799
        ],
        [
            0.181139275431633,
            0.05769748240709305,
            0.05130389332771301
        ],
        [
            0.17828720808029175,
            0.07316224277019501,
            0.031881652772426605
        ],
        [
            0.16434405744075775,
            0.08303671330213547,
            0.013192281126976013
        ],
        [
            0.17229580879211426,
            0.024852260947227478,
            0.03252681717276573
        ],
        [
            0.18269087374210358,
            0.0430237278342247,
            0.028592534363269806
        ],
        [
            0.17339815199375153,
            0.053249653428792953,
            0.015380045399069786
        ],
        [
            0.15618818998336792,
            0.05738032981753349,
            0.006098180077970028
        ]
    ],
    "pred_vertices": [
        [
            0.11307975649833679,
            0.05082106590270996,
            0.03764672204852104
        ],
        [
            0.10788099467754364,
            0.04926068335771561,
            0.02955232933163643
        ],
        [
            0.10387720167636871,
            0.06028789281845093,
            0.03403889760375023
        ],
        [
            0.10950101166963577,
            0.0603196918964386,
            0.04245968535542488
        ],
        [
            0.09467002004384995,
            0.05729658156633377,
            0.013320989906787872
        ],
        [
            0.08392086625099182,
            0.05489274114370346,
            0.009497761726379395
        ],
        [
            0.081180140376091,
            0.06861359626054764,
            0.01798836514353752
        ],
        [
            0.0900648683309555,
            0.07059018313884735,
            0.019884217530488968
        ],
        [
            0.10471079498529434,
            0.0673459991812706,
            0.047874171286821365
        ],
        [
            0.10045208781957626,
            0.0687091127038002,
            0.037790171802043915
        ],
        [
            0.09759275615215302,
            0.06813157349824905,
            0.051489755511283875
        ],
        [
            0.10379211604595184,
            0.06095048785209656,
            0.0636095330119133
        ],
        [
            0.10918008536100388,
            0.06338821351528168,
            0.05775586515665054
        ],
        [
            0.11019106954336166,
            0.058821097016334534,
            0.07095461338758469
        ],
        [
            0.09824472665786743,
            0.050664886832237244,
            0.06488748639822006
        ],
        [
            0.11195451766252518,
            0.050136320292949677,
            0.07591385394334793
        ],
        [
            0.11534158885478973,
            0.023735616356134415,
            0.05961168184876442
        ],
        [
            0.12406713515520096,
            0.015624258667230606,
            0.05252408608794212
        ],
        [
            0.1360989809036255,
            0.02237330749630928,
            0.06411946564912796
        ],
        [
            0.12621049582958221,
            0.030800461769104004,
            0.06959320604801178
        ],
        [
            0.14488022029399872,
            0.012596797198057175,
            0.047361649572849274
        ],
        [
            0.14064131677150726,
            0.01827636919915676,
            0.05708296597003937
        ],
        [
            0.12861597537994385,
            0.010476447641849518,
            0.046452537178993225
        ],
        [
            0.13299952447414398,
            0.00597120076417923,
            0.03821210190653801
        ],
        [
            0.11976460367441177,
            0.03717515617609024,
            0.0277206152677536
        ],
        [
            0.1148163378238678,
            0.033514633774757385,
            0.01958741620182991
        ],
        [
            0.11227785050868988,
            0.03821860998868942,
            0.024081099778413773
        ],
        [
            0.11677836626768112,
            0.04130556434392929,
            0.031207963824272156
        ],
        [
            0.08225706964731216,
            0.06953516602516174,
            0.04922744631767273
        ],
        [
            0.0842059776186943,
            0.05810713395476341,
            0.05102783814072609
        ],
        [
            0.09098638594150543,
            0.06216130405664444,
            0.05407799035310745
        ],
        [
            0.08622032403945923,
            0.073177270591259,
            0.048028748482465744
        ],
        [
            0.10762142390012741,
            0.02316449023783207,
            -0.0076364800333976746
        ],
        [
            0.09790430963039398,
            0.014299765229225159,
            -0.01145077496767044
        ],
        [
            0.0935942679643631,
            0.016860220581293106,
            -0.008354410529136658
        ],
        [
            0.10370433330535889,
            0.024064626544713974,
            -0.005023449659347534
        ],
        [
            0.0832056999206543,
            0.033401984721422195,
            0.0019406378269195557
        ],
        [
            0.0796625167131424,
            0.023761779069900513,
            7.574260234832764e-05
        ],
        [
            0.06738714873790741,
            0.018982410430908203,
            0.005744136869907379
        ],
        [
            0.06997720897197723,
            0.02680821716785431,
            0.010584160685539246
        ],
        [
            0.08454394340515137,
            0.04427211359143257,
            0.005347631871700287
        ],
        [
            0.07264584302902222,
            0.038773201406002045,
            0.011044003069400787
        ],
        [
            0.07444234937429428,
            0.04947923868894577,
            0.013547360897064209
        ],
        [
            0.07377837598323822,
            0.06294909119606018,
            0.02109363302588463
        ],
        [
            0.10703594982624054,
            0.0063906945288181305,
            -0.016178272664546967
        ],
        [
            0.11547679454088211,
            0.012084316462278366,
            -0.014514822512865067
        ],
        [
            0.13806450366973877,
            0.08534358441829681,
            0.06542786955833435
        ],
        [
            0.1423732191324234,
            0.08229207992553711,
            0.062040045857429504
        ],
        [
            0.14079955220222473,
            0.08085568994283676,
            0.06286472827196121
        ],
        [
            0.13714058697223663,
            0.0839739441871643,
            0.0662630945444107
        ],
        [
            0.11903183162212372,
            -0.007663194090127945,
            -0.007440030574798584
        ],
        [
            0.11755570769309998,
            -0.014368034899234772,
            6.123259663581848e-05
        ],
        [
            0.11372306942939758,
            -0.016773533076047897,
            -0.005737900733947754
        ],
        [
            0.11338339745998383,
            -0.009760010987520218,
            -0.012132301926612854
        ],
        [
            0.12644556164741516,
            -0.004835981875658035,
            -0.0012226998805999756
        ],
        [
            0.12258560955524445,
            -0.010323382914066315,
            0.007966134697198868
        ],
        [
            0.14415068924427032,
            0.09196482598781586,
            0.07480408251285553
        ],
        [
            0.13963426649570465,
            0.09130767732858658,
            0.07197730243206024
        ],
        [
            0.1391887217760086,
            0.08832260221242905,
            0.07536166906356812
        ],
        [
            0.14374220371246338,
            0.08743821084499359,
            0.07846478372812271
        ],
        [
            0.1142173558473587,
            0.060621477663517,
            0.05089487135410309
        ],
        [
            0.11863002181053162,
            0.0540953204035759,
            0.04438184201717377
        ],
        [
            0.12606440484523773,
            0.06298517435789108,
            0.0618973933160305
        ],
        [
            0.1243773028254509,
            0.058719784021377563,
            0.055778928101062775
        ],
        [
            0.1180926188826561,
            0.06126336008310318,
            0.059077147394418716
        ],
        [
            0.12035831063985825,
            0.06379646807909012,
            0.06463955342769623
        ],
        [
            0.1364196389913559,
            0.04338889569044113,
            0.041780829429626465
        ],
        [
            0.12881384789943695,
            0.038855209946632385,
            0.034104086458683014
        ],
        [
            0.1257447898387909,
            0.043077997863292694,
            0.038481906056404114
        ],
        [
            0.1329585164785385,
            0.0493706613779068,
            0.04707920551300049
        ],
        [
            0.13747836649417877,
            0.03294852748513222,
            0.024370379745960236
        ],
        [
            0.14417807757854462,
            0.03748022019863129,
            0.033025193959474564
        ],
        [
            0.14822770655155182,
            0.03347889333963394,
            0.02648932859301567
        ],
        [
            0.14291329681873322,
            0.03182443976402283,
            0.020872317254543304
        ],
        [
            0.15263883769512177,
            0.04606369137763977,
            0.04952137917280197
        ],
        [
            0.1553046703338623,
            0.048286013305187225,
            0.05389324948191643
        ],
        [
            0.1584671437740326,
            0.04820078983902931,
            0.05151304230093956
        ],
        [
            0.15452048182487488,
            0.044309791177511215,
            0.046855628490448
        ],
        [
            0.10940329730510712,
            -0.019766882061958313,
            -0.010608337819576263
        ],
        [
            0.10734563320875168,
            -0.011645521968603134,
            -0.015920832753181458
        ],
        [
            0.15506041049957275,
            0.005509637296199799,
            0.02893081307411194
        ],
        [
            0.1556997001171112,
            0.006575040519237518,
            0.017632201313972473
        ],
        [
            0.16681227087974548,
            0.011381106451153755,
            0.023880735039711
        ],
        [
            0.16357098519802094,
            0.008432470262050629,
            0.03517082333564758
        ],
        [
            0.11302874237298965,
            -0.016005050390958786,
            0.009356018155813217
        ],
        [
            0.11055810749530792,
            -0.020345263183116913,
            0.003217920660972595
        ],
        [
            0.1504771113395691,
            0.09017829596996307,
            0.07534933090209961
        ],
        [
            0.1499464064836502,
            0.08557016402482986,
            0.07861769199371338
        ],
        [
            0.06999677419662476,
            0.04015672206878662,
            0.02320857346057892
        ],
        [
            0.07030612230300903,
            0.057251736521720886,
            0.02810058370232582
        ],
        [
            0.06882321089506149,
            0.027060091495513916,
            0.0201508030295372
        ],
        [
            0.06773852556943893,
            0.01775805652141571,
            0.017785675823688507
        ],
        [
            0.06411582231521606,
            0.01120259240269661,
            0.01431739330291748
        ],
        [
            0.13104590773582458,
            0.057029642164707184,
            0.05538809299468994
        ],
        [
            0.12038775533437729,
            0.04646432399749756,
            0.038535814732313156
        ],
        [
            0.12268926203250885,
            0.03430197015404701,
            0.024342238903045654
        ],
        [
            0.14504924416542053,
            0.024389244616031647,
            0.005028925836086273
        ],
        [
            0.13791032135486603,
            0.021105414256453514,
            -0.002003580331802368
        ],
        [
            0.1336996853351593,
            0.02796000987291336,
            0.005246415734291077
        ],
        [
            0.14077545702457428,
            0.028931573033332825,
            0.010291460901498795
        ],
        [
            0.15713821351528168,
            0.013467447832226753,
            0.010450612753629684
        ],
        [
            0.15551860630512238,
            0.02143854647874832,
            0.009983818978071213
        ],
        [
            0.16155727207660675,
            0.0237296000123024,
            0.01553201675415039
        ],
        [
            0.1651233583688736,
            0.016805537045001984,
            0.016702741384506226
        ],
        [
            0.07490859925746918,
            0.06801033020019531,
            0.047455452382564545
        ],
        [
            0.07792231440544128,
            0.05552888661623001,
            0.04694783687591553
        ],
        [
            0.11788208782672882,
            0.001281239092350006,
            -0.013207588344812393
        ],
        [
            0.11070841550827026,
            -0.0006020553410053253,
            -0.015893351286649704
        ],
        [
            0.1039821207523346,
            -0.005123242735862732,
            -0.018719568848609924
        ],
        [
            0.11079783737659454,
            0.029514266178011894,
            0.006209351122379303
        ],
        [
            0.1010926216840744,
            0.02484068088233471,
            -0.003268115222454071
        ],
        [
            0.09899226576089859,
            0.027849853038787842,
            -0.0007555410265922546
        ],
        [
            0.10950322449207306,
            0.030837412923574448,
            0.009278878569602966
        ],
        [
            0.10482360422611237,
            0.04761364310979843,
            0.01890089362859726
        ],
        [
            0.09768286347389221,
            0.04343186318874359,
            0.007616780698299408
        ],
        [
            0.10132157057523727,
            0.06015873700380325,
            0.02344786375761032
        ],
        [
            0.08674870431423187,
            0.019422970712184906,
            -0.005247250199317932
        ],
        [
            0.08585967868566513,
            0.011774774640798569,
            -0.01331251859664917
        ],
        [
            0.07881344109773636,
            0.014637865126132965,
            -0.008630774915218353
        ],
        [
            0.09314055740833282,
            0.0062876977026462555,
            -0.017166748642921448
        ],
        [
            0.09966695308685303,
            0.0004938319325447083,
            -0.01937790960073471
        ],
        [
            0.10689598321914673,
            -0.02677854523062706,
            -0.0011415816843509674
        ],
        [
            0.07287387549877167,
            0.016373198479413986,
            -0.0028020739555358887
        ],
        [
            0.08580656349658966,
            0.07714749872684479,
            0.025835275650024414
        ],
        [
            0.08127405494451523,
            0.08216111361980438,
            0.030319921672344208
        ],
        [
            0.08704721927642822,
            0.08116742968559265,
            0.03575607016682625
        ],
        [
            0.09134412556886673,
            0.07648118585348129,
            0.0322905071079731
        ],
        [
            0.11760563403367996,
            0.06048526614904404,
            0.0768970474600792
        ],
        [
            0.11770004779100418,
            0.06415076553821564,
            0.07019981741905212
        ],
        [
            0.11172113567590714,
            0.06209470331668854,
            0.06444479525089264
        ],
        [
            0.11841757595539093,
            0.025255141779780388,
            -0.003964431583881378
        ],
        [
            0.12470483779907227,
            0.015910837799310684,
            -0.010084368288516998
        ],
        [
            0.13233818113803864,
            0.06170346960425377,
            0.061419323086738586
        ],
        [
            0.14226976037025452,
            0.08338478207588196,
            0.0809447169303894
        ],
        [
            0.13712367415428162,
            0.0848858654499054,
            0.07781457901000977
        ],
        [
            0.1270003467798233,
            0.07033442705869675,
            0.07883764058351517
        ],
        [
            0.13247375190258026,
            0.06809799373149872,
            0.08291946351528168
        ],
        [
            0.1404847502708435,
            0.06129615753889084,
            0.06604114174842834
        ],
        [
            0.1343149095773697,
            0.063375324010849,
            0.062564916908741
        ],
        [
            0.13583557307720184,
            0.064015693962574,
            0.0629548728466034
        ],
        [
            0.14248281717300415,
            0.063177190721035,
            0.06418710201978683
        ],
        [
            0.16144916415214539,
            0.04328247904777527,
            0.044051364064216614
        ],
        [
            0.15764591097831726,
            0.04005825147032738,
            0.03985770046710968
        ],
        [
            0.13796821236610413,
            0.04042297601699829,
            0.07597392797470093
        ],
        [
            0.12653645873069763,
            0.04438161104917526,
            0.08320492506027222
        ],
        [
            0.11668895184993744,
            0.03885987028479576,
            0.07499495893716812
        ],
        [
            0.1402222216129303,
            0.039469730108976364,
            0.03658080846071243
        ],
        [
            0.1475001722574234,
            0.043153315782547,
            0.04298786446452141
        ],
        [
            0.14988698065280914,
            0.04101794213056564,
            0.04030781239271164
        ],
        [
            0.13560137152671814,
            0.056510619819164276,
            0.05655607581138611
        ],
        [
            0.13816019892692566,
            0.059509336948394775,
            0.061689168214797974
        ],
        [
            0.14042311906814575,
            0.05599905177950859,
            0.05938432738184929
        ],
        [
            0.13811150193214417,
            0.05302470177412033,
            0.05340928956866264
        ],
        [
            0.14534641802310944,
            0.0012342780828475952,
            0.010905932635068893
        ],
        [
            0.1475508064031601,
            0.009240781888365746,
            0.0025217048823833466
        ],
        [
            0.1372918337583542,
            0.08873744308948517,
            0.0687909796833992
        ],
        [
            0.1365407258272171,
            0.0868615210056305,
            0.07084272056818008
        ],
        [
            0.13267338275909424,
            0.035135574638843536,
            0.029138512909412384
        ],
        [
            0.10777248442173004,
            0.03300154209136963,
            0.0635266825556755
        ],
        [
            0.12592333555221558,
            0.03177157789468765,
            0.020556584000587463
        ],
        [
            0.1648024320602417,
            0.023251080885529518,
            0.048013728111982346
        ],
        [
            0.16809578239917755,
            0.028879601508378983,
            0.0417228564620018
        ],
        [
            0.17018233239650726,
            0.03329990431666374,
            0.04371880739927292
        ],
        [
            0.1699925661087036,
            0.030591357499361038,
            0.04934341460466385
        ],
        [
            0.15041489899158478,
            0.07411608099937439,
            0.06421295553445816
        ],
        [
            0.14565812051296234,
            0.07683940976858139,
            0.06155132129788399
        ],
        [
            0.14641018211841583,
            0.07794805616140366,
            0.061810702085494995
        ],
        [
            0.15204130113124847,
            0.0768226832151413,
            0.06410332769155502
        ],
        [
            0.12865297496318817,
            0.06519502401351929,
            0.06315784156322479
        ],
        [
            0.12357424944639206,
            0.06673930585384369,
            0.06650104373693466
        ],
        [
            0.12667320668697357,
            0.06978102028369904,
            0.06643076986074448
        ],
        [
            0.13158142566680908,
            0.06715880334377289,
            0.06368489563465118
        ],
        [
            0.12165400385856628,
            0.06683674454689026,
            0.07245665788650513
        ],
        [
            0.12486923485994339,
            0.07060965150594711,
            0.07272934168577194
        ],
        [
            0.15372003614902496,
            0.07393307983875275,
            0.06993542611598969
        ],
        [
            0.1528887152671814,
            0.07722458988428116,
            0.07701319456100464
        ],
        [
            0.1449619084596634,
            0.06192772462964058,
            0.07816048711538315
        ],
        [
            0.1469031274318695,
            0.06292349100112915,
            0.07052090018987656
        ],
        [
            0.12190365791320801,
            -0.0015544593334197998,
            0.030492834746837616
        ],
        [
            0.12829390168190002,
            -0.0046949610114097595,
            0.021763641387224197
        ],
        [
            0.13962455093860626,
            0.002479955554008484,
            0.029339611530303955
        ],
        [
            0.15148361027240753,
            0.008383609354496002,
            0.037323467433452606
        ],
        [
            0.16164736449718475,
            0.015355059877038002,
            0.044801950454711914
        ],
        [
            0.15532228350639343,
            0.017316536977887154,
            0.055292464792728424
        ],
        [
            0.14291483163833618,
            0.0001837126910686493,
            0.02201482281088829
        ],
        [
            0.14276114106178284,
            0.05285200476646423,
            0.07120838761329651
        ],
        [
            0.13927939534187317,
            0.05114402249455452,
            0.07815566658973694
        ],
        [
            0.1420135498046875,
            0.04752964526414871,
            0.07490020245313644
        ],
        [
            0.13092337548732758,
            0.03009757399559021,
            0.01515786349773407
        ],
        [
            0.13460002839565277,
            0.08478590101003647,
            0.0728389248251915
        ],
        [
            0.0776258260011673,
            -9.328126907348633e-05,
            0.027351174503564835
        ],
        [
            0.08725903928279877,
            -0.008837953209877014,
            0.02510392665863037
        ],
        [
            0.09108234941959381,
            -0.002864297479391098,
            0.030385401099920273
        ],
        [
            0.08053858578205109,
            0.007387280464172363,
            0.03219039365649223
        ],
        [
            0.13952016830444336,
            0.08065032213926315,
            0.06249995902180672
        ],
        [
            0.1350322663784027,
            0.08316409587860107,
            0.06664367020130157
        ],
        [
            0.16248901188373566,
            0.03797752410173416,
            0.03581872582435608
        ],
        [
            0.16544753313064575,
            0.04082950949668884,
            0.04047241806983948
        ],
        [
            0.16861079633235931,
            0.03874041140079498,
            0.04033778980374336
        ],
        [
            0.16791076958179474,
            0.037245314568281174,
            0.03420610725879669
        ],
        [
            0.13030752539634705,
            -0.006123922765254974,
            0.016221370548009872
        ],
        [
            0.1734026074409485,
            0.01818365976214409,
            0.025099406018853188
        ],
        [
            0.17050080001354218,
            0.014812776818871498,
            0.036059945821762085
        ],
        [
            0.11825178563594818,
            -0.010831296443939209,
            0.015580277889966965
        ],
        [
            0.11265499144792557,
            -0.00873640924692154,
            0.023442555218935013
        ],
        [
            0.1064528226852417,
            -0.01418643444776535,
            0.018067974597215652
        ],
        [
            0.1519300639629364,
            0.028579125180840492,
            0.06517236679792404
        ],
        [
            0.11851847171783447,
            0.0025375857949256897,
            0.037489354610443115
        ],
        [
            0.10897357016801834,
            -0.0049172043800354,
            0.029088664799928665
        ],
        [
            0.10139253735542297,
            -0.011254135519266129,
            0.022922344505786896
        ],
        [
            0.0965399444103241,
            -0.016583863645792007,
            0.01854580268263817
        ],
        [
            0.10257561504840851,
            -0.019162040203809738,
            0.013604693114757538
        ],
        [
            0.14816178381443024,
            0.08054598420858383,
            0.08018830418586731
        ],
        [
            0.15565745532512665,
            0.08229842782020569,
            0.07507110387086868
        ],
        [
            0.09847996383905411,
            -0.02616487815976143,
            0.009316321462392807
        ],
        [
            0.0917617604136467,
            -0.0224602073431015,
            0.01467280462384224
        ],
        [
            0.10366995632648468,
            7.511675357818604e-05,
            0.03483818843960762
        ],
        [
            0.09700602293014526,
            0.007194042205810547,
            0.04054907336831093
        ],
        [
            0.11309979856014252,
            0.007301095873117447,
            0.04258466139435768
        ],
        [
            0.10716408491134644,
            0.014853440225124359,
            0.04918903112411499
        ],
        [
            0.14451101422309875,
            0.028212837874889374,
            0.07368910312652588
        ],
        [
            0.15749894082546234,
            0.09239310771226883,
            0.05922144278883934
        ],
        [
            0.15738670527935028,
            0.08376579731702805,
            0.06659208238124847
        ],
        [
            0.15390817821025848,
            0.08059459179639816,
            0.06289413571357727
        ],
        [
            0.15658137202262878,
            0.08893391489982605,
            0.05674220994114876
        ],
        [
            0.15557961165905,
            0.07817690074443817,
            0.06866387277841568
        ],
        [
            0.15625834465026855,
            0.0869111642241478,
            0.0715235024690628
        ],
        [
            0.09757010638713837,
            0.026247236877679825,
            0.05284694954752922
        ],
        [
            0.14279063045978546,
            0.05790691077709198,
            0.06416407972574234
        ],
        [
            0.0854208692908287,
            0.020443327724933624,
            0.04141815006732941
        ],
        [
            0.08920743316411972,
            0.042448919266462326,
            0.05704488605260849
        ],
        [
            0.08061756938695908,
            0.039039622992277145,
            0.04636988788843155
        ],
        [
            0.07249440252780914,
            0.0165739543735981,
            0.029511578381061554
        ],
        [
            0.07194583117961884,
            0.03148956596851349,
            0.03406229987740517
        ],
        [
            0.06733141839504242,
            0.0031565576791763306,
            0.020765502005815506
        ],
        [
            0.07115061581134796,
            0.008955001831054688,
            0.02562926709651947
        ],
        [
            0.07165569812059402,
            0.04687594622373581,
            0.03633243218064308
        ],
        [
            0.14096292853355408,
            0.08880241960287094,
            0.0575760155916214
        ],
        [
            0.14598466455936432,
            0.08565662801265717,
            0.05562710762023926
        ],
        [
