{
    "pred_cam": [
        6.731945991516113,
        -0.16482490301132202,
        -0.05689142271876335
    ],
    "pred_mano_params": {
        "global_orient": [
            [
                [
                    -0.5769121050834656,
                    -0.6355485320091248,
                    0.5130794048309326
                ],
                [
                    -0.25403574109077454,
                    -0.4573911428451538,
                    -0.8522083759307861
                ],
                [
                    0.7762978076934814,
                    -0.6219897866249084,
                    0.10242244601249695
                ]
            ]
        ],
        "hand_pose": [
            [
                [
                    0.7365677356719971,
                    -0.6169150471687317,
                    -0.2772793471813202
                ],
                [
                    0.5739890336990356,
                    0.7869943380355835,
                    -0.22622236609458923
                ],
                [
                    0.3577772378921509,
                    0.007472772616893053,
                    0.9337770938873291
                ]
            ],
            [
                [
                    0.9630008339881897,
                    -0.22526206076145172,
                    0.14794090390205383
                ],
                [
                    0.2586362063884735,
                    0.9267670512199402,
                    -0.2724153697490692
                ],
                [
                    -0.07574191689491272,
                    0.30059903860092163,
                    0.9507383704185486
                ]
            ],
            [
                [
                    0.780343770980835,
                    -0.6187771558761597,
                    0.09043469280004501
                ],
                [
                    0.5982545018196106,
                    0.7807921171188354,
                    0.18015314638614655
                ],
                [
                    -0.1820853352546692,
                    -0.08647842705249786,
                    0.9794724583625793
                ]
            ],
            [
                [
                    0.6335930228233337,
                    -0.7370779514312744,
                    -0.23510850965976715
                ],
                [
                    0.7435722947120667,
                    0.6640810966491699,
                    -0.0780801996588707
                ],
                [
                    0.21368230879306793,
                    -0.12534910440444946,
                    0.9688279032707214
                ]
            ],
            [
                [
                    0.9992427825927734,
                    0.018827196210622787,
                    -0.03404809534549713
                ],
                [
                    -0.00946031790226698,
                    0.9664299488067627,
                    0.2567563056945801
                ],
                [
                    0.0377391092479229,
                    -0.2562398314476013,
                    0.9658762812614441
                ]
            ],
            [
                [
                    0.9121902585029602,
                    -0.4091247022151947,
                    0.022931165993213654
                ],
                [
                    0.40933918952941895,
                    0.9123663902282715,
                    -0.005390318110585213
                ],
                [
                    -0.01871631108224392,
                    0.014303620904684067,
                    0.9997224807739258
                ]
            ],
            [
                [
                    0.6453979015350342,
                    -0.7226947546005249,
                    0.24733345210552216
                ],
                [
                    0.5963690876960754,
                    0.6790705323219299,
                    0.4280269742012024
                ],
                [
                    -0.47728973627090454,
                    -0.1287456899881363,
                    0.8692635297775269
                ]
            ],
            [
                [
                    0.969612717628479,
                    -0.08601059019565582,
                    -0.22902698814868927
                ],
                [
                    0.05615409463644028,
                    0.9894112348556519,
                    -0.1338362991809845
                ],
                [
                    0.23811320960521698,
                    0.11690858006477356,
                    0.9641755819320679
                ]
            ],
            [
                [
                    0.9983599781990051,
                    -0.012327518314123154,
                    -0.05590575188398361
                ],
                [
                    0.04025141894817352,
                    0.8455635905265808,
                    0.5323551893234253
                ],
                [
                    0.040709253400564194,
                    -0.5337324142456055,
                    0.8446730375289917
                ]
            ],
            [
                [
                    0.667675793170929,
                    -0.7437673807144165,
                    0.031921714544296265
                ],
                [
                    0.7433620691299438,
                    0.6637656092643738,
                    -0.08263230323791504
                ],
                [
                    0.04027067869901657,
                    0.07890099287033081,
                    0.9960686564445496
                ]
            ],
            [
                [
                    0.9968629479408264,
                    0.06723690032958984,
                    0.041755493730306625
                ],
                [
                    -0.07816559821367264,
                    0.9191850423812866,
                    0.38599103689193726
                ],
                [
                    -0.01242818869650364,
                    -0.38804396986961365,
                    0.9215571284294128
                ]
            ],
            [
                [
                    0.8949525356292725,
                    -0.4381338357925415,
                    -0.08425422012805939
                ],
                [
                    0.4461406469345093,
                    0.8769885897636414,
                    0.17846478521823883
                ],
                [
                    -0.004301467910408974,
                    -0.19730673730373383,
                    0.9803324937820435
                ]
            ],
            [
                [
                    0.8558401465415955,
                    -0.32933351397514343,
                    -0.39884480834007263
                ],
                [
                    -0.27984315156936646,
                    0.3536773920059204,
                    -0.8925247192382812
                ],
                [
                    0.43500059843063354,
                    0.875472366809845,
                    0.21052958071231842
                ]
            ],
            [
                [
                    0.8332744240760803,
                    -0.49748504161834717,
                    -0.2411690652370453
                ],
                [
                    0.5351008772850037,
                    0.6160534620285034,
                    0.5780529975891113
                ],
                [
                    -0.13899964094161987,
                    -0.6107264757156372,
                    0.7795462608337402
                ]
            ],
            [
                [
                    0.8645254969596863,
                    0.4918782114982605,
                    -0.10320612043142319
                ],
                [
                    -0.49401506781578064,
                    0.8694359064102173,
                    0.005503233056515455
                ],
                [
                    0.09243803471326828,
                    0.046227697283029556,
                    0.9946447610855103
                ]
            ]
        ],
        "betas": [
            -0.07858511805534363,
            -0.178695410490036,
            -0.1036430299282074,
            -0.04385837912559509,
            0.013538777828216553,
            0.009041223675012589,
            0.013436734676361084,
            -0.043011873960494995,
            0.017761453986167908,
            -0.0381467342376709
        ]
    },
    "pred_cam_t": [
        -0.16482490301132202,
        -0.05689142271876335,
        5.802556991577148
    ],
    "focal_length": [
        5000.0,
        5000.0
    ],
    "pred_keypoints_3d": [
        [
            0.09615641087293625,
            0.006421608384698629,
            0.006263522431254387
        ],
        [
            0.13321171700954437,
            -0.002388282213360071,
            -0.00014815665781497955
        ],
        [
            0.15691815316677094,
            0.013826513662934303,
            -0.011534199118614197
        ],
        [
            0.17200042307376862,
            0.034303463995456696,
            -0.021243423223495483
        ],
        [
            0.1903076171875,
            0.05072344094514847,
            -0.048796795308589935
        ],
        [
            0.1610160768032074,
            0.013702379539608955,
            -0.05702546238899231
        ],
        [
            0.18210870027542114,
            0.03627163916826248,
            -0.06912766396999359
        ],
        [
            0.19685842096805573,
            0.0529945082962513,
            -0.06769208610057831
        ],
        [
            0.20960041880607605,
            0.06793754547834396,
            -0.0524408333003521
        ],
        [
            0.15018051862716675,
            0.034211114048957825,
            -0.06691636145114899
        ],
        [
            0.16910956799983978,
            0.0596705824136734,
            -0.07013591378927231
        ],
        [
            0.1829625517129898,
            0.07854680716991425,
            -0.06910189241170883
        ],
        [
            0.19978034496307373,
            0.09728524088859558,
            -0.06259569525718689
        ],
        [
            0.1323242485523224,
            0.05193030834197998,
            -0.057787030935287476
        ],
        [
            0.15353354811668396,
            0.07123749703168869,
            -0.062491275370121
        ],
        [
            0.17024977505207062,
            0.08980190753936768,
            -0.06239299848675728
        ],
        [
            0.1877036988735199,
            0.10731510818004608,
            -0.05511218681931496
        ],
        [
            0.12017131596803665,
            0.06550084054470062,
            -0.04571908712387085
        ],
        [
            0.1368834674358368,
            0.07858093082904816,
            -0.047384463250637054
        ],
        [
            0.14950020611286163,
            0.09291106462478638,
            -0.04842718318104744
        ],
        [
            0.16525769233703613,
            0.10895883291959763,
            -0.04499376192688942
        ]
    ],
    "pred_vertices": [
        [
            0.14211957156658173,
            0.01342050638049841,
            -0.020155169069767
        ],
        [
            0.13452918827533722,
            0.011771059595048428,
            -0.010562311857938766
        ],
        [
            0.14102433621883392,
            0.01408383995294571,
            -0.013168055564165115
        ],
        [
            0.14908987283706665,
            0.01224692352116108,
            -0.022030849009752274
        ],
        [
            0.13878504931926727,
            0.015320979990065098,
            0.007790207862854004
        ],
        [
            0.14427514374256134,
            0.0066458433866500854,
            0.014332860708236694
        ],
        [
            0.1563647836446762,
            0.015492741018533707,
            0.004609100520610809
        ],
        [
            0.14892105758190155,
            0.02244582213461399,
            0.0020986758172512054
        ],
        [
            0.15331414341926575,
            0.012165567837655544,
            -0.02478126436471939
        ],
        [
            0.14706823229789734,
            0.016840970143675804,
            -0.015142761170864105
        ],
        [
            0.15230706334114075,
            0.01264982670545578,
            -0.02616838924586773
        ],
        [
            0.15590624511241913,
            0.0023798057809472084,
            -0.03931435942649841
        ],
        [
            0.1576499342918396,
            0.006738486234098673,
            -0.0350479856133461
        ],
        [
            0.15844929218292236,
            0.0006002257578074932,
            -0.047898516058921814
        ],
        [
            0.14865723252296448,
            -0.0047301482409238815,
            -0.040090784430503845
        ],
        [
            0.1516541689634323,
            -0.0013254918158054352,
            -0.05406554788351059
        ],
        [
            0.1242646872997284,
            0.0031281746923923492,
            -0.04524334520101547
        ],
        [
            0.11495792865753174,
            0.012998066842556,
            -0.04417300224304199
        ],
        [
            0.12410219013690948,
            0.01943609118461609,
            -0.057718247175216675
        ],
        [
            0.13317030668258667,
            0.00917876698076725,
            -0.056866250932216644
        ],
        [
            0.11119023710489273,
            0.03333813324570656,
            -0.04875849187374115
        ],
        [
            0.11870316416025162,
            0.026031047105789185,
            -0.05442161485552788
        ],
        [
            0.10873420536518097,
            0.019113672897219658,
            -0.04178033769130707
        ],
        [
            0.10270397365093231,
            0.026073191314935684,
            -0.03722516447305679
        ],
        [
            0.1302098035812378,
            0.020983729511499405,
            -0.016603995114564896
        ],
        [
            0.12416204065084457,
            0.018516071140766144,
            -0.007391270250082016
        ],
        [
            0.12742137908935547,
            0.01412893459200859,
            -0.008828435093164444
        ],
        [
            0.13391345739364624,
            0.017168745398521423,
            -0.017498675733804703
        ],
        [
            0.1575789600610733,
            0.01571677252650261,
            -0.02398674562573433
        ],
        [
            0.15253086388111115,
            -0.0004260838031768799,
            -0.025044744834303856
        ],
        [
            0.15202467143535614,
            0.005672182887792587,
            -0.028208857402205467
        ],
        [
            0.155718132853508,
            0.020528363063931465,
            -0.022084679454565048
        ],
        [
            0.10949087142944336,
            0.023519916459918022,
            0.017080828547477722
        ],
        [
            0.09993009269237518,
            0.015713274478912354,
            0.02273247390985489
        ],
        [
            0.1030009314417839,
            0.010548684746026993,
            0.022430814802646637
        ],
        [
            0.11086967587471008,
            0.018367541953921318,
            0.017082579433918
        ],
        [
            0.1233232319355011,
            -0.0008934400975704193,
            0.022124499082565308
        ],
        [
            0.11296924948692322,
            -0.00516912154853344,
            0.02306300401687622
        ],
        [
            0.11006666719913483,
            -0.01778249256312847,
            0.02176572009921074
        ],
        [
            0.12104672193527222,
            -0.015599360689520836,
            0.018217429518699646
        ],
        [
            0.13439904153347015,
            0.002562694251537323,
            0.019119352102279663
        ],
        [
            0.13498790562152863,
            -0.010271532461047173,
            0.017439313232898712
        ],
        [
            0.14784911274909973,
            -0.0037042833864688873,
            0.012174908071756363
        ],
        [
            0.16101229190826416,
            0.008183306083083153,
            0.0017198584973812103
        ],
        [
            0.09141260385513306,
            0.02526027522981167,
            0.021462924778461456
        ],
        [
            0.09743046760559082,
            0.03260811045765877,
            0.017521508038043976
        ],
        [
            0.18884578347206116,
            0.037743739783763885,
            -0.05940555781126022
        ],
        [
            0.18542319536209106,
            0.0425342321395874,
            -0.059232987463474274
        ],
        [
            0.1824091076850891,
            0.03856641799211502,
            -0.057361941784620285
        ],
        [
            0.18644672632217407,
            0.03454652428627014,
            -0.05834328383207321
        ],
        [
            0.07980678230524063,
            0.031271640211343765,
            0.005971245467662811
        ],
        [
            0.07485546171665192,
            0.026315033435821533,
            -0.0012881532311439514
        ],
        [
            0.07127150893211365,
            0.025075353682041168,
            0.004971176385879517
        ],
        [
            0.07671647518873215,
            0.027959000319242477,
            0.012076668441295624
        ],
        [
            0.08395976573228836,
            0.03559396415948868,
            -0.002084203064441681
        ],
        [
            0.08046045899391174,
            0.027907267212867737,
            -0.00959080085158348
        ],
        [
            0.19099661707878113,
            0.034337565302848816,
            -0.07153577357530594
        ],
        [
            0.19241109490394592,
            0.03380391374230385,
            -0.06660085171461105
        ],
        [
            0.18895834684371948,
            0.029959144070744514,
            -0.06699319183826447
        ],
        [
            0.1863110363483429,
            0.030579248443245888,
            -0.07141000777482986
        ],
        [
            0.15554504096508026,
            0.010716961696743965,
            -0.030876461416482925
        ],
        [
            0.14912869036197662,
            0.015385787934064865,
            -0.027814362198114395
        ],
        [
            0.16404558718204498,
            0.015280753374099731,
            -0.04493112862110138
        ],
        [
            0.1575106531381607,
            0.015766194090247154,
            -0.03927592188119888
        ],
        [
            0.1602385938167572,
            0.009548448026180267,
            -0.03920615464448929
        ],
        [
            0.16509008407592773,
            0.009347066283226013,
            -0.044885601848363876
        ],
        [
            0.1399211883544922,
            0.030933838337659836,
            -0.035000063478946686
        ],
        [
            0.13374920189380646,
            0.026831531897187233,
            -0.025890309363603592
        ],
        [
            0.138532355427742,
            0.022621573880314827,
            -0.027584653347730637
        ],
        [
            0.1468258649110794,
            0.02613244391977787,
            -0.0370621383190155
        ],
        [
            0.12616145610809326,
            0.03818204626441002,
            -0.02211330458521843
        ],
        [
            0.13251248002052307,
            0.04108442738652229,
            -0.03171425312757492
        ],
        [
            0.1274167001247406,
            0.04713815450668335,
            -0.028434325009584427
        ],
        [
            0.12446542084217072,
            0.04445476830005646,
            -0.021544013172388077
        ],
        [
            0.1444205641746521,
            0.042522549629211426,
            -0.04833356291055679
        ],
        [
            0.14726319909095764,
            0.04356789588928223,
            -0.05347424000501633
        ],
        [
            0.14653007686138153,
            0.04783906415104866,
            -0.05263727903366089
        ],
        [
            0.14208254218101501,
            0.04533446580171585,
            -0.04727233946323395
        ],
        [
            0.06726373732089996,
            0.022946126759052277,
            0.010461591184139252
        ],
        [
            0.07399680465459824,
            0.023913245648145676,
            0.017543837428092957
        ],
        [
            0.10090500116348267,
            0.04943143576383591,
            -0.03804059699177742
        ],
        [
            0.09965021163225174,
            0.054906412959098816,
            -0.02836352214217186
        ],
        [
            0.10568450391292572,
            0.062439993023872375,
            -0.03732439875602722
        ],
        [
            0.10513921827077866,
            0.05452883988618851,
            -0.04601040482521057
        ],
        [
            0.0751669779419899,
            0.018276911228895187,
            -0.00785001739859581
        ],
        [
            0.06966548413038254,
            0.018252257257699966,
            -0.002228766679763794
        ],
        [
            0.18739959597587585,
            0.03777261823415756,
            -0.07520007342100143
        ],
        [
            0.18230779469013214,
            0.03407299891114235,
            -0.07401806116104126
        ],
        [
            0.1438053399324417,
            -0.01483488455414772,
            0.004774563014507294
        ],
        [
            0.16115449368953705,
            0.00041500478982925415,
            -0.004148881882429123
        ],
        [
            0.12711301445960999,
            -0.021161910146474838,
            0.009273935109376907
        ],
        [
            0.11429169774055481,
            -0.023223387077450752,
            0.01058972254395485
        ],
        [
            0.10480055958032608,
            -0.02548527531325817,
            0.013741116970777512
        ],
        [
            0.15626177191734314,
            0.021518845111131668,
            -0.042060546576976776
        ],
        [
            0.14113131165504456,
            0.018189433962106705,
            -0.024713080376386642
        ],
        [
            0.1270880252122879,
            0.024882961064577103,
            -0.015521880239248276
        ],
        [
            0.11401030421257019,
            0.05222078412771225,
            -0.009848270565271378
        ],
        [
            0.10920579731464386,
            0.04837122559547424,
            -0.001257680356502533
        ],
        [
            0.11725561320781708,
            0.04218970984220505,
            -0.004595573991537094
        ],
        [
            0.11939956247806549,
            0.04659980535507202,
            -0.011862296611070633
        ],
        [
            0.10492724180221558,
            0.059814490377902985,
            -0.021466735750436783
        ],
        [
            0.1125568151473999,
            0.05936620384454727,
            -0.01905892789363861
        ],
        [
            0.11629731953144073,
            0.06278274953365326,
            -0.026114217936992645
        ],
        [
            0.1097598746418953,
            0.0646735355257988,
            -0.02951417863368988
        ],
        [
            0.16319741308689117,
            0.011310398578643799,
            -0.023319071158766747
        ],
        [
            0.15442264080047607,
            -0.005206601694226265,
            -0.020737778395414352
        ],
        [
            0.08725619316101074,
            0.033353909850120544,
            0.013267777860164642
        ],
        [
            0.08475427329540253,
            0.027875108644366264,
            0.018312059342861176
        ],
        [
            0.07965895533561707,
            0.02257728762924671,
            0.02267725020647049
        ],
        [
            0.1179882287979126,
            0.01969359815120697,
            0.005600050091743469
        ],
        [
            0.11199207603931427,
            0.014719057828187943,
            0.017267994582653046
        ],
        [
            0.11523333191871643,
            0.011287149041891098,
            0.017186835408210754
        ],
        [
            0.11903706192970276,
            0.01605827361345291,
            0.0045622363686561584
        ],
        [
            0.12898501753807068,
            0.012383056804537773,
            0.0007066801190376282
        ],
        [
            0.12850843369960785,
            0.009871835820376873,
            0.013433024287223816
        ],
        [
            0.13601960241794586,
            0.018260644748806953,
            -0.0032827407121658325
        ],
        [
            0.10639562457799911,
            0.002920323982834816,
            0.02331370860338211
        ],
        [
            0.09679564833641052,
            0.005291609093546867,
            0.028748132288455963
        ],
        [
            0.10066235065460205,
            -0.0027557555586099625,
            0.028153903782367706
        ],
        [
            0.09081070125102997,
            0.013035176321864128,
            0.02805524319410324
        ],
        [
            0.08489856868982315,
            0.01941078156232834,
            0.026156321167945862
        ],
        [
            0.06243228167295456,
            0.016222987323999405,
            0.0018520206212997437
        ],
        [
            0.10396578907966614,
            -0.010072089731693268,
            0.026075754314661026
        ],
        [
            0.1571226716041565,
            0.025792334228754044,
            -0.002690989524126053
        ],
        [
            0.1640179604291916,
            0.029750559478998184,
            -0.006800979375839233
        ],
        [
            0.1580272614955902,
            0.03082176111638546,
            -0.010911229997873306
        ],
        [
            0.15139271318912506,
            0.026741091161966324,
            -0.008144117891788483
        ],
        [
            0.16289851069450378,
            0.0028957179747521877,
            -0.055842746049165726
        ],
        [
            0.16577433049678802,
            0.005638419650495052,
            -0.04913419112563133
        ],
        [
            0.1607416272163391,
            0.0036818520165979862,
            -0.04173779487609863
        ],
        [
            0.1124652773141861,
            0.032012298703193665,
            0.009512454271316528
        ],
        [
            0.10223249346017838,
            0.039389222860336304,
            0.010432474315166473
        ],
        [
            0.16230088472366333,
            0.020950432866811752,
            -0.04777712747454643
        ],
        [
            0.18246430158615112,
            0.027113378047943115,
            -0.07208750396966934
        ],
        [
            0.18543142080307007,
            0.026046257466077805,
            -0.06710083037614822
        ],
        [
            0.1738814115524292,
            0.012526137754321098,
            -0.061676010489463806
        ],
        [
            0.17094126343727112,
            0.014092824421823025,
            -0.06774608045816422
        ],
        [
            0.16143178939819336,
            0.0265470203012228,
            -0.05666991323232651
        ],
        [
            0.16347037255764008,
            0.023339465260505676,
            -0.05067284405231476
        ],
        [
            0.16374972462654114,
            0.025088980793952942,
            -0.05251961946487427
        ],
        [
            0.1617455929517746,
            0.029597900807857513,
            -0.05690351873636246
        ],
        [
            0.14010609686374664,
            0.05301033332943916,
            -0.048263490200042725
        ],
        [
            0.1364625096321106,
            0.05063612014055252,
            -0.043397609144449234
        ],
        [
            0.14405444264411926,
            0.017337366938591003,
            -0.06568866223096848
        ],
        [
            0.14873620867729187,
            0.004721173085272312,
            -0.06634531170129776
        ],
        [
            0.14139610528945923,
            0.0007060021162033081,
            -0.056540630757808685
        ],
        [
            0.13508036732673645,
            0.03619010001420975,
            -0.03278838470578194
        ],
        [
            0.1401364952325821,
            0.04044339805841446,
            -0.04085807502269745
        ],
        [
            0.1375373899936676,
            0.04354843869805336,
            -0.03997175395488739
        ],
        [
            0.1559690237045288,
            0.025098120793700218,
            -0.045268893241882324
        ],
        [
            0.15979158878326416,
            0.025585312396287918,
            -0.05082064867019653
        ],
        [
            0.1562010943889618,
            0.028365332633256912,
            -0.05000462383031845
        ],
        [
            0.151846781373024,
            0.02848174050450325,
            -0.04420113563537598
        ],
        [
            0.09279048442840576,
            0.04802229255437851,
            -0.01934218779206276
        ],
        [
            0.0988369733095169,
            0.0541473850607872,
            -0.011451572179794312
        ],
        [
            0.19150996208190918,
            0.03481237217783928,
            -0.06212009862065315
        ],
        [
            0.18874892592430115,
            0.03129822015762329,
            -0.06197698414325714
        ],
        [
            0.12917588651180267,
            0.03205031156539917,
            -0.02386893704533577
        ],
        [
            0.13374343514442444,
            -0.0030924752354621887,
            -0.04428119212388992
        ],
        [
            0.12394589185714722,
            0.029176883399486542,
            -0.014072664082050323
        ],
        [
            0.12136492133140564,
            0.05123835802078247,
            -0.05612476170063019
        ],
        [
            0.125181645154953,
            0.05702460929751396,
            -0.05115176737308502
        ],
        [
            0.1296682357788086,
            0.05869051441550255,
            -0.053869858384132385
        ],
        [
            0.12814579904079437,
            0.05584912374615669,
            -0.05920996144413948
        ],
        [
            0.17118363082408905,
            0.04027969762682915,
            -0.06258068233728409
        ],
        [
            0.17477382719516754,
            0.03915037214756012,
            -0.05810697749257088
        ],
        [
            0.17806203663349152,
            0.042631201446056366,
            -0.059327833354473114
        ],
        [
            0.1751939207315445,
            0.044087063521146774,
            -0.0641811192035675
        ],
        [
            0.1663869023323059,
            0.018745040521025658,
            -0.048399459570646286
        ],
        [
            0.1690053641796112,
            0.01292668841779232,
            -0.048624999821186066
        ],
        [
            0.17180567979812622,
            0.017749140039086342,
            -0.05104469507932663
        ],
        [
            0.16784992814064026,
            0.022242622449994087,
            -0.05117099732160568
        ],
        [
            0.17011478543281555,
            0.009351233020424843,
            -0.05326627939939499
        ],
        [
            0.17390641570091248,
            0.013808772899210453,
            -0.055479392409324646
        ],
        [
            0.17028434574604034,
            0.03874371945858002,
            -0.06880441308021545
        ],
        [
            0.17315460741519928,
            0.03431110456585884,
            -0.07409880310297012
        ],
        [
            0.16166377067565918,
            0.024036889895796776,
            -0.07020142674446106
        ],
        [
            0.16150067746639252,
            0.0297151617705822,
            -0.06451943516731262
        ],
        [
            0.09370848536491394,
            0.018692808225750923,
            -0.027314964681863785
        ],
        [
            0.0889088585972786,
            0.027794135734438896,
            -0.022941559553146362
        ],
        [
            0.09761607646942139,
            0.03539305180311203,
            -0.032830242067575455
        ],
        [
            0.10514527559280396,
            0.04303881153464317,
            -0.04339424520730972
        ],
        [
            0.11350110918283463,
            0.04942886531352997,
            -0.052673157304525375
        ],
        [
            0.11749957501888275,
            0.03956974670290947,
            -0.05912872031331062
        ],
        [
            0.09397424012422562,
            0.0411539152264595,
            -0.028242722153663635
        ],
        [
            0.1558670550584793,
            0.025902554392814636,
            -0.06242542713880539
        ],
        [
            0.15380582213401794,
            0.017968233674764633,
            -0.06719975918531418
        ],
        [
            0.15130585432052612,
            0.022533973678946495,
            -0.06578180193901062
        ],
        [
            0.12129419296979904,
            0.03577886149287224,
            -0.01176801323890686
        ],
        [
            0.18587052822113037,
            0.02705693244934082,
            -0.061960622668266296
        ],
        [
            0.09519393742084503,
            -0.020022010430693626,
            -0.005796995013952255
        ],
        [
            0.08536895364522934,
            -0.010889114812016487,
            -0.009500384330749512
        ],
        [
            0.09242840111255646,
            -0.00922168418765068,
            -0.014531079679727554
        ],
        [
            0.10456697642803192,
            -0.019010737538337708,
            -0.009809624403715134
        ],
        [
            0.1797524094581604,
            0.0349409356713295,
            -0.05583704262971878
        ],
        [
            0.18402010202407837,
            0.030461976304650307,
            -0.05695878714323044
        ],
        [
            0.13347730040550232,
            0.05634433031082153,
            -0.042482540011405945
        ],
        [
            0.13668811321258545,
            0.057515259832143784,
            -0.04750877246260643
        ],
        [
            0.13429562747478485,
            0.060184210538864136,
            -0.04932768642902374
        ],
        [
            0.13202187418937683,
            0.06153117120265961,
            -0.043594248592853546
        ],
        [
            0.08637747913599014,
            0.03175453841686249,
            -0.01923636719584465
        ],
        [
            0.11174033582210541,
            0.06771786510944366,
            -0.04046791046857834
        ],
        [
            0.11057955026626587,
            0.060325443744659424,
            -0.04896313697099686
        ],
        [
            0.08151698112487793,
            0.020822223275899887,
            -0.01453128457069397
        ],
        [
            0.08514353632926941,
            0.012700643390417099,
            -0.01867535337805748
        ],
        [
            0.07870935648679733,
            0.008903700858354568,
            -0.012357991188764572
        ],
        [
            0.130510613322258,
            0.03335917741060257,
            -0.06456815451383591
        ],
        [
            0.09908081591129303,
            0.013095147907733917,
            -0.03125306963920593
        ],
        [
            0.08998721837997437,
            0.007374715059995651,
            -0.021357886493206024
        ],
        [
            0.08249680697917938,
            0.002581309527158737,
            -0.013966191560029984
        ],
        [
            0.07641574740409851,
            -0.00041065365076065063,
            -0.009068392217159271
        ],
        [
            0.07295965403318405,
            0.006864715367555618,
            -0.007726602256298065
        ],
        [
            0.17773786187171936,
            0.03064972162246704,
            -0.07420577853918076
        ],
        [
            0.17773613333702087,
            0.03894643485546112,
            -0.07470472902059555
        ],
        [
            0.06520508229732513,
            0.004360780119895935,
            -0.003637801855802536
        ],
        [
            0.06986832618713379,
            -0.003603212535381317,
            -0.004812423139810562
        ],
        [
            0.09602628648281097,
            0.0006296560168266296,
            -0.023209765553474426
        ],
        [
            0.10482920706272125,
            -0.007375316694378853,
            -0.024009987711906433
        ],
        [
            0.1047208309173584,
            0.006517447531223297,
            -0.03254183381795883
        ],
        [
            0.11361585557460785,
            -0.0009103342890739441,
            -0.034401316195726395
        ],
        [
            0.1318484991788864,
            0.023052027449011803,
            -0.06828079372644424
        ],
        [
            0.18979817628860474,
            0.054034799337387085,
            -0.07388739287853241
        ],
        [
            0.18062542378902435,
            0.04703401029109955,
            -0.07283041626214981
        ],
        [
            0.1798020452260971,
            0.0480719618499279,
            -0.06716546416282654
        ],
        [
            0.18782217800617218,
            0.05543607473373413,
            -0.07032610476016998
        ],
        [
            0.174848273396492,
            0.04285847768187523,
            -0.06998691707849503
        ],
        [
            0.18306055665016174,
            0.04279179498553276,
            -0.07585503160953522
        ],
        [
            0.12620529532432556,
            -0.00897890329360962,
            -0.03200701251626015
        ],
        [
            0.1592865139245987,
            0.029420819133520126,
            -0.055360615253448486
        ],
        [
            0.1208072379231453,
            -0.016459884122014046,
            -0.018047239631414413
        ],
        [
            0.14209523797035217,
            -0.01103234849870205,
            -0.03148205578327179
        ],
        [
            0.14047911763191223,
            -0.015202704817056656,
            -0.019669245928525925
        ],
        [
            0.11698824167251587,
            -0.024079494178295135,
            -0.002316076308488846
        ],
        [
            0.13559658825397491,
            -0.02091982401907444,
            -0.005729276686906815
        ],
        [
            0.09745176881551743,
            -0.026144027709960938,
            0.00501762330532074
        ],
        [
            0.10584506392478943,
            -0.024451734498143196,
            0.00035342946648597717
        ],
        [
            0.15197288990020752,
            -0.011332279071211815,
