{
    "pred_cam": [
        6.711399555206299,
        -0.16547706723213196,
        -0.057247430086135864
    ],
    "pred_mano_params": {
        "global_orient": [
            [
                [
                    -0.5827136635780334,
                    -0.6351959109306335,
                    0.5069230794906616
                ],
                [
                    -0.2607389986515045,
                    -0.44466498494148254,
                    -0.8569062352180481
                ],
                [
                    0.7697142362594604,
                    -0.63150554895401,
                    0.09349202364683151
                ]
            ]
        ],
        "hand_pose": [
            [
                [
                    0.7265892624855042,
                    -0.6310936212539673,
                    -0.27164116501808167
                ],
                [
                    0.5868762135505676,
                    0.7756505012512207,
                    -0.23225542902946472
                ],
                [
                    0.35727354884147644,
                    0.00933454092592001,
                    0.9339531660079956
                ]
            ],
            [
                [
                    0.9678879380226135,
                    -0.20834146440029144,
                    0.14066562056541443
                ],
                [
                    0.24008230865001678,
                    0.9319944977760315,
                    -0.2715633809566498
                ],
                [
                    -0.07452168315649033,
                    0.29661422967910767,
                    0.9520853161811829
                ]
            ],
            [
                [
                    0.7915921807289124,
                    -0.6042895317077637,
                    0.09064182639122009
                ],
                [
                    0.5851632952690125,
                    0.7923891544342041,
                    0.17234645783901215
                ],
                [
                    -0.17597077786922455,
                    -0.0833878442645073,
                    0.9808570742607117
                ]
            ],
            [
                [
                    0.6278044581413269,
                    -0.7423704266548157,
                    -0.23398201167583466
                ],
                [
                    0.747657060623169,
                    0.6587508916854858,
                    -0.0840010792016983
                ],
                [
                    0.21649578213691711,
                    -0.12220204621553421,
                    0.9686052799224854
                ]
            ],
            [
                [
                    0.999139130115509,
                    0.024854751303792,
                    -0.0332171730697155
                ],
                [
                    -0.015593626536428928,
                    0.9669522047042847,
                    0.25448018312454224
                ],
                [
                    0.03844445198774338,
                    -0.25374311208724976,
                    0.9665073752403259
                ]
            ],
            [
                [
                    0.9128840565681458,
                    -0.4078390896320343,
                    0.01760880835354328
                ],
                [
                    0.40794891119003296,
                    0.9129997491836548,
                    -0.0030123782344162464
                ],
                [
                    -0.014848274178802967,
                    0.009933446533977985,
                    0.9998404383659363
                ]
            ],
            [
                [
                    0.6513503789901733,
                    -0.71615070104599,
                    0.25074049830436707
                ],
                [
                    0.5923634767532349,
                    0.6864410638809204,
                    0.421786904335022
                ],
                [
                    -0.47418156266212463,
                    -0.1262015700340271,
                    0.8713351488113403
                ]
            ],
            [
                [
                    0.9693372845649719,
                    -0.08725609630346298,
                    -0.22972069680690765
                ],
                [
                    0.056836046278476715,
                    0.9890954494476318,
                    -0.13586638867855072
                ],
                [
                    0.23907090723514557,
                    0.11864394694566727,
                    0.9637264013290405
                ]
            ],
            [
                [
                    0.9983699321746826,
                    -0.009271783754229546,
                    -0.05631660670042038
                ],
                [
                    0.037293706089258194,
                    0.8529154062271118,
                    0.5207152962684631
                ],
                [
                    0.043205376714468,
                    -0.5219667553901672,
                    0.8518708944320679
                ]
            ],
            [
                [
                    0.6787012815475464,
                    -0.7338594794273376,
                    0.02854260988533497
                ],
                [
                    0.732990562915802,
                    0.6744548678398132,
                    -0.088517926633358
                ],
                [
                    0.045709025114774704,
                    0.08099870383739471,
                    0.995665431022644
                ]
            ],
            [
                [
                    0.9971132278442383,
                    0.0669192224740982,
                    0.0358746238052845
                ],
                [
                    -0.0755460187792778,
                    0.9217463135719299,
                    0.38036349415779114
                ],
                [
                    -0.007613681256771088,
                    -0.3819756805896759,
                    0.9241409301757812
                ]
            ],
            [
                [
                    0.8944412469863892,
                    -0.44023293256759644,
                    -0.07854754477739334
                ],
                [
                    0.4470957815647125,
                    0.8768423795700073,
                    0.17678458988666534
                ],
                [
                    -0.008952587842941284,
                    -0.19324171543121338,
                    0.9811102747917175
                ]
            ],
            [
                [
                    0.8565539121627808,
                    -0.29656362533569336,
                    -0.42233315110206604
                ],
                [
                    -0.30146270990371704,
                    0.37668120861053467,
                    -0.875917375087738
                ],
                [
                    0.41885024309158325,
                    0.8775882720947266,
                    0.2332448810338974
                ]
            ],
            [
                [
                    0.8381158113479614,
                    -0.4768677353858948,
                    -0.2648753821849823
                ],
                [
                    0.5357646942138672,
                    0.62832111120224,
                    0.5640645623207092
                ],
                [
                    -0.10255742073059082,
                    -0.6146623492240906,
                    0.7820947766304016
                ]
            ],
            [
                [
                    0.8629958033561707,
                    0.49081775546073914,
                    -0.11973392218351364
                ],
                [
                    -0.4924654960632324,
                    0.8701564073562622,
                    0.017477411776781082
                ],
                [
                    0.11276547610759735,
                    0.043881889432668686,
                    0.9926521182060242
                ]
            ]
        ],
        "betas": [
            -0.06987658143043518,
            -0.17623254656791687,
            -0.11381295323371887,
            -0.04124769568443298,
            0.022759199142456055,
            0.008559886366128922,
            0.011558175086975098,
            -0.041816651821136475,
            0.017272531986236572,
            -0.03942492604255676
        ]
    },
    "pred_cam_t": [
        -0.16547706723213196,
        -0.057247430086135864,
        5.820321083068848
    ],
    "focal_length": [
        5000.0,
        5000.0
    ],
    "pred_keypoints_3d": [
        [
            0.09612734615802765,
            0.0064198849722743034,
            0.006260390393435955
        ],
        [
            0.1331401765346527,
            -0.0025418223813176155,
            -8.280854672193527e-05
        ],
        [
            0.15721802413463593,
            0.012704896740615368,
            -0.011994089931249619
        ],
        [
            0.17211787402629852,
            0.03279765322804451,
            -0.022719256579875946
        ],
        [
            0.18893302977085114,
            0.04864136874675751,
            -0.051475804299116135
        ],
        [
            0.161350816488266,
            0.014132947660982609,
            -0.05656209960579872
        ],
        [
            0.18280085921287537,
            0.036845482885837555,
            -0.0677197277545929
        ],
        [
            0.1976049542427063,
            0.05349300056695938,
            -0.06603351980447769
        ],
        [
            0.210486501455307,
            0.06849759817123413,
            -0.05091572552919388
        ],
        [
            0.150705948472023,
            0.03483226150274277,
            -0.06621985882520676
        ],
        [
            0.16973711550235748,
            0.06027252972126007,
            -0.06880498677492142
        ],
        [
            0.18360747396945953,
            0.07910721004009247,
            -0.06745266914367676
        ],
        [
            0.20029771327972412,
            0.09783567488193512,
            -0.060590192675590515
        ],
        [
            0.1329285204410553,
            0.052527692168951035,
            -0.05694720521569252
        ],
        [
            0.15413974225521088,
            0.07179383188486099,
            -0.061722055077552795
        ],
        [
            0.17078432440757751,
            0.0904119685292244,
            -0.06166538596153259
        ],
        [
            0.18827414512634277,
            0.10788800567388535,
            -0.054453760385513306
        ],
        [
            0.12081016600131989,
            0.06600484251976013,
            -0.044767726212739944
        ],
        [
            0.13755857944488525,
            0.0790325477719307,
            -0.046380359679460526
        ],
        [
            0.15020577609539032,
            0.09333407878875732,
            -0.047360386699438095
        ],
        [
            0.16591766476631165,
            0.10939200967550278,
            -0.04407079517841339
        ]
    ],
    "pred_vertices": [
        [
            0.14223207533359528,
            0.013390349224209785,
            -0.019837461411952972
        ],
        [
            0.13463817536830902,
            0.011693325825035572,
            -0.010325741022825241
        ],
        [
            0.14129778742790222,
            0.013807805255055428,
            -0.013120707124471664
        ],
        [
            0.14924310147762299,
            0.012093986384570599,
            -0.021801922470331192
        ],
        [
            0.13938631117343903,
            0.014930395409464836,
            0.007642030715942383
        ],
        [
            0.14471928775310516,
            0.006121449172496796,
            0.01412411779165268
        ],
        [
            0.15696990489959717,
            0.014584627002477646,
            0.004099451005458832
        ],
        [
            0.14969462156295776,
            0.02171015366911888,
            0.0016536787152290344
        ],
        [
            0.15351542830467224,
            0.01182809378951788,
            -0.024726122617721558
        ],
        [
            0.14745254814624786,
            0.016358893364667892,
            -0.015257023274898529
        ],
        [
            0.15244169533252716,
            0.01202213391661644,
            -0.02632956951856613
        ],
        [
            0.15597674250602722,
            0.0022390689700841904,
            -0.0392460972070694
        ],
        [
            0.15778839588165283,
            0.006668344605714083,
            -0.034851618111133575
        ],
        [
            0.15858475863933563,
            0.0007391353137791157,
            -0.04772179201245308
        ],
        [
            0.1486186385154724,
            -0.004829784855246544,
            -0.04008561000227928
        ],
        [
            0.15180157124996185,
            -0.0010451935231685638,
            -0.0539366640150547
        ],
        [
            0.12444759160280228,
            0.0036214087158441544,
            -0.04509831592440605
        ],
        [
            0.11523452401161194,
            0.013553280383348465,
            -0.043943654745817184
        ],
        [
            0.12449472397565842,
            0.020111052319407463,
            -0.057351741939783096
        ],
        [
            0.13347621262073517,
            0.009780719876289368,
            -0.056611739099025726
        ],
        [
            0.11163686215877533,
            0.03394871950149536,
            -0.048239462077617645
        ],
        [
            0.11912473291158676,
            0.026680948212742805,
            -0.05397244542837143
        ],
        [
            0.10904528200626373,
            0.019667688757181168,
            -0.04149874299764633
        ],
        [
            0.10304135084152222,
            0.02659814991056919,
            -0.03688126802444458
        ],
        [
            0.13037319481372833,
            0.021043740212917328,
            -0.01621556654572487
        ],
        [
            0.12423722445964813,
            0.018515296280384064,
            -0.007034748792648315
        ],
        [
            0.12746120989322662,
            0.014144598506391048,
            -0.008484497666358948
        ],
        [
            0.13403931260108948,
            0.01721068099141121,
            -0.017134137451648712
        ],
        [
            0.15751640498638153,
            0.014470737427473068,
            -0.024542920291423798
        ],
        [
            0.15243227779865265,
            -0.0012009590864181519,
            -0.025259410962462425
        ],
        [
            0.15200422704219818,
            0.00495816208422184,
            -0.028389954939484596
        ],
        [
            0.15579642355442047,
            0.019353780895471573,
            -0.022655708715319633
        ],
        [
            0.10950594395399094,
            0.023270340636372566,
            0.01736227422952652
        ],
        [
            0.09987873584032059,
            0.015462810173630714,
            0.02286163717508316
        ],
        [
            0.1029164046049118,
            0.010296443477272987,
            0.022516369819641113
        ],
        [
            0.11084675043821335,
            0.018140047788619995,
            0.017323464155197144
        ],
        [
            0.1232927143573761,
            -0.001190420240163803,
            0.022204920649528503
        ],
        [
            0.11279238760471344,
            -0.005440514534711838,
            0.023025862872600555
        ],
        [
            0.10978101193904877,
            -0.018067462369799614,
            0.02152363955974579
        ],
        [
            0.1208057627081871,
            -0.015952616930007935,
            0.01803813874721527
        ],
        [
            0.1346455216407776,
            0.002227385528385639,
            0.01911678910255432
        ],
        [
            0.13493123650550842,
            -0.010733336210250854,
            0.01731642335653305
        ],
        [
            0.14802733063697815,
            -0.0043527111411094666,
            0.011928126215934753
        ],
        [
            0.16134676337242126,
            0.007105572149157524,
            0.0011817216873168945
        ],
        [
            0.09143473953008652,
            0.025075724348425865,
            0.021677829325199127
        ],
        [
            0.0975160002708435,
            0.03242143616080284,
            0.017862997949123383
        ],
        [
            0.18945156037807465,
            0.03817477077245712,
            -0.05798890441656113
        ],
        [
            0.18604782223701477,
            0.042965516448020935,
            -0.057797204703092575
        ],
        [
            0.1829453855752945,
            0.03894568979740143,
            -0.05602184683084488
        ],
        [
            0.18698503077030182,
            0.034936096519231796,
            -0.057010505348443985
        ],
        [
            0.07996004819869995,
            0.03136380761861801,
            0.006218463182449341
        ],
        [
            0.07501345872879028,
            0.026545077562332153,
            -0.001127786934375763
        ],
        [
            0.07138894498348236,
            0.025247905403375626,
            0.0050943270325660706
        ],
        [
            0.07681528478860855,
            0.027995705604553223,
            0.012260451912879944
        ],
        [
            0.08418874442577362,
            0.03575903922319412,
            -0.001751035451889038
        ],
        [
            0.08067372441291809,
            0.028207257390022278,
            -0.009374916553497314
        ],
        [
            0.19172634184360504,
            0.03492244705557823,
            -0.07012403011322021
        ],
        [
            0.19308048486709595,
            0.034318409860134125,
            -0.06518485397100449
        ],
        [
            0.18960706889629364,
            0.030480021610856056,
            -0.06568192690610886
        ],
        [
            0.18703094124794006,
            0.03118017129600048,
            -0.07012505829334259
        ],
        [
            0.155705526471138,
            0.010724082589149475,
            -0.030552174896001816
        ],
        [
            0.14930671453475952,
            0.015447346493601799,
            -0.027418915182352066
        ],
        [
            0.16424545645713806,
            0.015504682436585426,
            -0.04439892992377281
        ],
        [
            0.15774981677532196,
            0.015955716371536255,
            -0.0388156920671463
        ],
        [
            0.16042141616344452,
            0.009697570465505123,
            -0.03883233666419983
        ],
        [
            0.16526977717876434,
            0.009567365050315857,
            -0.04443046450614929
        ],
        [
            0.14026230573654175,
            0.03118477202951908,
            -0.034421734511852264
        ],
        [
            0.13401375710964203,
            0.026996871456503868,
            -0.02540680766105652
        ],
        [
            0.1387714296579361,
            0.02277783863246441,
            -0.027130194008350372
        ],
        [
            0.14714011549949646,
            0.02636750414967537,
            -0.03651246055960655
        ],
        [
            0.12648797035217285,
            0.03834243491292,
            -0.021517377346754074
        ],
        [
            0.13291405141353607,
            0.041336704045534134,
            -0.03103877231478691
        ],
        [
            0.12785017490386963,
            0.047379378229379654,
            -0.02770671248435974
        ],
        [
            0.12483591586351395,
            0.044616520404815674,
            -0.020872537046670914
        ],
        [
            0.14489957690238953,
            0.04291985556483269,
            -0.04759536683559418
        ],
        [
            0.14774788916110992,
            0.04401325434446335,
            -0.05271804705262184
        ],
        [
            0.14709757268428802,
            0.04832501336932182,
            -0.051873888820409775
        ],
        [
            0.14259451627731323,
            0.045749615877866745,
            -0.046507708728313446
        ],
        [
            0.0673384815454483,
            0.023075304925441742,
            0.01053319126367569
        ],
        [
            0.07404100894927979,
            0.023898884654045105,
            0.01765630394220352
        ],
        [
            0.10142146050930023,
            0.049953192472457886,
            -0.03737260773777962
        ],
        [
            0.10015450417995453,
            0.055312320590019226,
            -0.02764766663312912
        ],
        [
            0.10627415776252747,
            0.06292246282100677,
            -0.03646673262119293
        ],
        [
            0.10572528839111328,
            0.055123407393693924,
            -0.04522457718849182
        ],
        [
            0.07530293613672256,
            0.018599335104227066,
            -0.007791090756654739
        ],
        [
            0.06977325677871704,
            0.01853805035352707,
            -0.002199240028858185
        ],
        [
            0.18819193542003632,
            0.03841794282197952,
            -0.07378876954317093
        ],
        [
            0.18308429419994354,
            0.03472977504134178,
            -0.07273828238248825
        ],
        [
            0.14363238215446472,
            -0.015409937128424644,
            0.0045774467289447784
        ],
        [
            0.16118139028549194,
            -0.0006950758397579193,
            -0.004613969475030899
        ],
        [
            0.1268167793750763,
            -0.021458320319652557,
            0.009066596627235413
        ],
        [
            0.11396961659193039,
            -0.02338927611708641,
            0.010326400399208069
        ],
        [
            0.10447011142969131,
            -0.02562333270907402,
            0.013392597436904907
        ],
        [
            0.15654504299163818,
            0.021755291149020195,
            -0.04153131693601608
        ],
        [
            0.14131514728069305,
            0.01827964186668396,
            -0.02430802956223488
        ],
        [
            0.12727993726730347,
            0.02494925633072853,
            -0.015104521065950394
        ],
        [
            0.11437785625457764,
            0.05228356644511223,
            -0.009131908416748047
        ],
        [
            0.10949933528900146,
            0.04834677651524544,
            -0.0006242617964744568
        ],
        [
            0.11751627922058105,
            0.04216288402676582,
            -0.004005294293165207
        ],
        [
            0.11973155289888382,
            0.04665824770927429,
            -0.011195726692676544
        ],
        [
            0.10542620718479156,
            0.060090553015470505,
            -0.020671963691711426
        ],
        [
            0.11303628981113434,
            0.05956386402249336,
            -0.018243465572595596
        ],
        [
            0.11684580147266388,
            0.06306461244821548,
            -0.025240663439035416
        ],
        [
            0.11033481359481812,
            0.0650344043970108,
            -0.028626929968595505
        ],
        [
            0.16304446756839752,
            0.009948015213012695,
            -0.023987548425793648
        ],
        [
            0.15426480770111084,
            -0.00606154091656208,
            -0.02102486416697502
        ],
        [
            0.08737918734550476,
            0.03329525887966156,
            0.013575650751590729
        ],
        [
            0.08481457829475403,
            0.02777394838631153,
            0.018531538546085358
        ],
        [
            0.07966497540473938,
            0.02246064506471157,
            0.022798165678977966
        ],
        [
            0.11801683902740479,
            0.01959024742245674,
            0.005937062203884125
        ],
        [
            0.11194507777690887,
            0.014512045308947563,
            0.01749192178249359
        ],
        [
            0.11518591642379761,
            0.011105716228485107,
            0.0174260213971138
        ],
        [
            0.11904563009738922,
            0.01600978523492813,
            0.004910334944725037
        ],
        [
            0.12927353382110596,
            0.012336562387645245,
            0.0008758828043937683
        ],
        [
            0.1288062334060669,
            0.009747433476150036,
            0.013586409389972687
        ],
        [
            0.13656935095787048,
            0.01795215904712677,
            -0.003386911004781723
        ],
        [
            0.10626038163900375,
            0.002662898972630501,
            0.023344002664089203
        ],
        [
            0.0966518297791481,
            0.005000872537493706,
            0.02872837334871292
        ],
        [
            0.10046562552452087,
            -0.0030539333820343018,
            0.028057187795639038
        ],
        [
            0.09072224050760269,
            0.012784462422132492,
            0.028103992342948914
        ],
        [
            0.0848623588681221,
            0.01921866461634636,
            0.026261374354362488
        ],
        [
            0.06250563263893127,
            0.01650514453649521,
            0.0018156319856643677
        ],
        [
            0.10372044146060944,
            -0.010364117100834846,
            0.02589552477002144
        ],
        [
            0.15784111618995667,
            0.02483043074607849,
            -0.0033919215202331543
        ],
        [
            0.1645423322916031,
            0.028577079996466637,
            -0.00786048173904419
        ],
        [
            0.15847952663898468,
            0.029688186943531036,
            -0.011780209839344025
        ],
        [
            0.15204375982284546,
            0.025851286947727203,
            -0.008714213967323303
        ],
        [
            0.16314922273159027,
            0.003238535486161709,
            -0.0554889440536499
        ],
        [
            0.16597223281860352,
            0.005891705863177776,
            -0.04871562495827675
        ],
        [
            0.16088709235191345,
            0.003786201123148203,
            -0.0414872020483017
        ],
        [
            0.11257857829332352,
            0.03183242678642273,
            0.009927280247211456
        ],
        [
            0.10240321606397629,
            0.039258137345314026,
            0.01089727133512497
        ],
        [
            0.16254566609859467,
            0.021217400208115578,
            -0.04717417061328888
        ],
        [
            0.1831522285938263,
            0.027736084535717964,
            -0.0709066390991211
        ],
        [
            0.18602927029132843,
            0.02657240629196167,
            -0.06589701026678085
        ],
        [
            0.17426815629005432,
            0.012965599074959755,
            -0.06086710840463638
        ],
        [
            0.17145512998104095,
            0.014654554426670074,
            -0.0669638141989708
        ],
        [
            0.16179603338241577,
            0.026966003701090813,
            -0.055928222835063934
        ],
        [
            0.16371417045593262,
            0.023639246821403503,
            -0.04994693398475647
        ],
        [
            0.16402742266654968,
            0.025416778400540352,
            -0.05172765254974365
        ],
        [
            0.16213403642177582,
            0.03001365438103676,
            -0.05606558173894882
        ],
        [
            0.14069631695747375,
            0.05347653478384018,
            -0.04746881499886513
        ],
        [
            0.1370011419057846,
            0.05104304477572441,
            -0.04259706661105156
        ],
        [
            0.14449505507946014,
            0.018010396510362625,
            -0.06526497006416321
        ],
        [
            0.14911112189292908,
            0.005364462733268738,
            -0.06611627340316772
        ],
        [
            0.14158731698989868,
            0.0011618360877037048,
            -0.05639183148741722
        ],
        [
            0.1354483962059021,
            0.036440253257751465,
            -0.03216603025794029
        ],
        [
            0.14057570695877075,
            0.04077150672674179,
            -0.04015208035707474
        ],
        [
            0.13799960911273956,
            0.04388513043522835,
            -0.03923798352479935
        ],
        [
            0.1562938541173935,
            0.025379439815878868,
            -0.04468715935945511
        ],
        [
            0.16011236608028412,
            0.025913869962096214,
            -0.05018755421042442
        ],
        [
            0.15658172965049744,
            0.02871435135602951,
            -0.049363620579242706
        ],
        [
            0.15220949053764343,
            0.02878073789179325,
            -0.0435880571603775
        ],
        [
            0.09320113062858582,
            0.04835226759314537,
            -0.018770091235637665
        ],
        [
            0.09924233704805374,
            0.05432743951678276,
            -0.010775789618492126
        ],
        [
            0.19213220477104187,
            0.03527102619409561,
            -0.06070834770798683
        ],
        [
            0.1893225461244583,
            0.03173832222819328,
            -0.06065816059708595
        ],
        [
            0.12946678698062897,
            0.03221702575683594,
            -0.023340005427598953
        ],
        [
            0.13380242884159088,
            -0.0027703363448381424,
            -0.044186655431985855
        ],
        [
            0.12415887415409088,
            0.02924262173473835,
            -0.013617657124996185
        ],
        [
            0.12193971127271652,
            0.05185907706618309,
            -0.05533897876739502
        ],
        [
            0.12575921416282654,
            0.057562701404094696,
            -0.05031391605734825
        ],
        [
            0.1302654892206192,
            0.059226326644420624,
            -0.05305024981498718
        ],
        [
            0.12872576713562012,
            0.05644192546606064,
            -0.05841684713959694
        ],
        [
            0.17177671194076538,
            0.040772125124931335,
            -0.06138363853096962
        ],
        [
            0.17527678608894348,
            0.03954411298036575,
            -0.056863393634557724
        ],
        [
            0.17864596843719482,
            0.04305761307477951,
            -0.05798890441656113
        ],
        [
            0.1758560836315155,
            0.04459583759307861,
            -0.06285185366868973
        ],
        [
            0.16656886041164398,
            0.0189964659512043,
            -0.047688715159893036
        ],
        [
            0.169183611869812,
            0.0131812309846282,
            -0.04796949028968811
        ],
        [
            0.17201566696166992,
            0.018018176779150963,
            -0.050203293561935425
        ],
        [
            0.168084055185318,
            0.022531257942318916,
            -0.05033845826983452
        ],
        [
            0.17034505307674408,
            0.009667431935667992,
            -0.05261274427175522
        ],
        [
            0.17418105900287628,
            0.014142078347504139,
            -0.05465392395853996
        ],
        [
            0.17098689079284668,
            0.039341218769550323,
            -0.06764888763427734
        ],
        [
            0.1739191710948944,
            0.03498693183064461,
            -0.07297088950872421
        ],
        [
            0.16228564083576202,
            0.02468075603246689,
            -0.06943464279174805
        ],
        [
            0.16204917430877686,
            0.03027036041021347,
            -0.06367138773202896
        ],
        [
            0.09394774585962296,
            0.019151262938976288,
            -0.027133144438266754
        ],
        [
            0.0891912579536438,
            0.028218386694788933,
            -0.02266440913081169
        ],
        [
            0.09800167381763458,
            0.035885363817214966,
            -0.03238622844219208
        ],
        [
            0.1056356132030487,
            0.04360987991094589,
            -0.04277871549129486
        ],
        [
            0.11407897621393204,
            0.050063662230968475,
            -0.05190374702215195
        ],
        [
            0.11803562194108963,
            0.04026517644524574,
            -0.05846560001373291
        ],
        [
            0.09437915682792664,
            0.0416024886071682,
            -0.02774730697274208
        ],
        [
            0.15632453560829163,
            0.026461949571967125,
            -0.06174320727586746
        ],
        [
            0.1543072611093521,
            0.018621038645505905,
            -0.06667030602693558
        ],
        [
            0.15178902447223663,
            0.02316209487617016,
            -0.06518848985433578
        ],
        [
            0.1215422973036766,
            0.03582720085978508,
            -0.011240433901548386
        ],
        [
            0.18637725710868835,
            0.027486860752105713,
            -0.06073492020368576
        ],
        [
            0.09501401335000992,
            -0.019833022728562355,
            -0.006115619093179703
        ],
        [
            0.08530458062887192,
            -0.010585563257336617,
            -0.00976293534040451
        ],
        [
            0.0923956036567688,
            -0.008903246372938156,
            -0.014732711017131805
        ],
        [
            0.10437463223934174,
            -0.018847912549972534,
            -0.010052651166915894
        ],
        [
            0.18017973005771637,
            0.035272836685180664,
            -0.05457308515906334
        ],
        [
            0.18445532023906708,
            0.030806999653577805,
            -0.05570431426167488
        ],
        [
            0.13403962552547455,
            0.056755710393190384,
            -0.04164266958832741
        ],
        [
            0.13728122413158417,
            0.057973746210336685,
            -0.04668276757001877
        ],
        [
            0.13490355014801025,
            0.06066705659031868,
            -0.0485018752515316
        ],
        [
            0.132611945271492,
            0.06196998804807663,
            -0.04272092878818512
        ],
        [
            0.08666924387216568,
            0.0321405865252018,
            -0.018924232572317123
        ],
        [
            0.11234383285045624,
            0.06818761676549911,
            -0.039560236036777496
        ],
        [
            0.11117847263813019,
            0.060917723923921585,
            -0.04810347408056259
        ],
        [
            0.08170443773269653,
            0.021188199520111084,
            -0.014400355517864227
        ],
        [
            0.08529619127511978,
            0.01310478150844574,
            -0.018630709499120712
        ],
        [
            0.07880362123250961,
            0.00926998257637024,
            -0.012401293963193893
        ],
        [
            0.13103324174880981,
            0.03406903147697449,
            -0.06398037075996399
        ],
        [
            0.0993000715970993,
            0.01357576809823513,
            -0.03111569583415985
        ],
        [
            0.09011488407850266,
            0.00778704509139061,
            -0.021358419209718704
        ],
        [
            0.08255301415920258,
            0.0029501616954803467,
            -0.014073524624109268
        ],
        [
            0.07642711699008942,
            -6.48200511932373e-05,
            -0.00924675166606903
        ],
        [
            0.07301728427410126,
            0.007209930568933487,
            -0.007825415581464767
        ],
        [
            0.17848238348960876,
            0.03132513165473938,
            -0.07305318862199783
        ],
        [
            0.1785425841808319,
            0.03960628807544708,
            -0.07341361790895462
        ],
        [
            0.06522446870803833,
            0.004705358296632767,
            -0.003811359405517578
        ],
        [
            0.06983564049005508,
            -0.0032691285014152527,
            -0.005067210644483566
        ],
        [
            0.09611835330724716,
            0.0010321512818336487,
            -0.023264866322278976
        ],
        [
            0.10482162237167358,
            -0.007028091698884964,
            -0.024104472249746323
        ],
        [
            0.10489776730537415,
            0.006984168663620949,
            -0.03246334195137024
        ],
        [
            0.11372401565313339,
            -0.00048198364675045013,
            -0.034367527812719345
        ],
        [
            0.1323368400335312,
            0.023821309208869934,
            -0.06783932447433472
        ],
        [
            0.19061721861362457,
            0.05461560934782028,
            -0.07227734476327896
        ],
        [
            0.18141639232635498,
            0.04763985052704811,
            -0.07137403637170792
        ],
        [
            0.18053433299064636,
            0.04862072691321373,
            -0.06571079790592194
        ],
        [
            0.18862579762935638,
            0.05599813163280487,
            -0.06872077286243439
        ],
        [
            0.1755966991186142,
            0.04345095902681351,
            -0.06867975741624832
        ],
        [
            0.18387624621391296,
            0.043436139822006226,
            -0.07443131506443024
        ],
        [
            0.1261376142501831,
            -0.008765384554862976,
            -0.0320080928504467
        ],
        [
            0.15968409180641174,
            0.02983725257217884,
            -0.05464593693614006
        ],
        [
            0.12057030946016312,
            -0.0163942351937294,
            -0.018148060888051987
        ],
        [
            0.14192870259284973,
            -0.011225791648030281,
            -0.03153860196471214
        ],
        [
            0.14021828770637512,
            -0.015529539436101913,
            -0.01978829875588417
        ],
        [
            0.11664529144763947,
            -0.024141892790794373,
            -0.0025603286921977997
        ],
        [
            0.13524273037910461,
            -0.021270500496029854,
            -0.00591510534286499
        ],
        [
            0.09716111421585083,
            -0.02611294947564602,
            0.004618655890226364
        ],
        [
            0.10555317997932434,
            -0.024428797885775566,
            3.992021083831787e-05
        ],
        [
            0.15172481536865234,
            -0.012151682749390602,
