{
    "pred_cam": [
        6.790982723236084,
        -0.03601229190826416,
        -0.007534470409154892
    ],
    "pred_mano_params": {
        "global_orient": [
            [
                [
                    0.9383780360221863,
                    0.3422151803970337,
                    0.0483255572617054
                ],
                [
                    0.3432524502277374,
                    -0.9065141677856445,
                    -0.24578391015529633
                ],
                [
                    -0.04030318558216095,
                    0.24722610414028168,
                    -0.968119204044342
                ]
            ]
        ],
        "hand_pose": [
            [
                [
                    0.6796887516975403,
                    -0.7072287201881409,
                    -0.19455258548259735
                ],
                [
                    0.6961328983306885,
                    0.7055370807647705,
                    -0.13272663950920105
                ],
                [
                    0.2311321496963501,
                    -0.045221660286188126,
                    0.9718707799911499
                ]
            ],
            [
                [
                    0.6701973676681519,
                    -0.7185899615287781,
                    0.18564467132091522
                ],
                [
                    0.7378668189048767,
                    0.618182361125946,
                    -0.27093014121055603
                ],
                [
                    0.07992542535066605,
                    0.3185577094554901,
                    0.9445278644561768
                ]
            ],
            [
                [
                    0.8315969705581665,
                    -0.5507222414016724,
                    0.07177319377660751
                ],
                [
                    0.5405319929122925,
                    0.832260251045227,
                    0.12315860390663147
                ],
                [
                    -0.12756016850471497,
                    -0.0636226236820221,
                    0.9897881150245667
                ]
            ],
            [
                [
                    0.28116604685783386,
                    -0.9127955436706543,
                    -0.29622629284858704
                ],
                [
                    0.9594849348068237,
                    0.27326837182044983,
                    0.0686514750123024
                ],
                [
                    0.018284540623426437,
                    -0.3035271167755127,
                    0.95264732837677
                ]
            ],
            [
                [
                    0.9177321791648865,
                    -0.3426659107208252,
                    -0.20086735486984253
                ],
                [
                    0.3785349726676941,
                    0.9077274799346924,
                    0.18094781041145325
                ],
                [
                    0.12032817304134369,
                    -0.24209696054458618,
                    0.9627617597579956
                ]
            ],
            [
                [
                    0.8705777525901794,
                    -0.4582757353782654,
                    0.1791025996208191
                ],
                [
                    0.45901304483413696,
                    0.8875371217727661,
                    0.039810843765735626
                ],
                [
                    -0.17720454931259155,
                    0.04755198583006859,
                    0.9830245971679688
                ]
            ],
            [
                [
                    0.24242061376571655,
                    -0.9570685625076294,
                    -0.15890881419181824
                ],
                [
                    0.5128668546676636,
                    -0.012615534476935863,
                    0.8583754301071167
                ],
                [
                    -0.8235288858413696,
                    -0.28958696126937866,
                    0.4877904951572418
                ]
            ],
            [
                [
                    0.9365021586418152,
                    -0.30705612897872925,
                    -0.16935241222381592
                ],
                [
                    0.33576664328575134,
                    0.9244751334190369,
                    0.18057283759117126
                ],
                [
                    0.10111609101295471,
                    -0.22596974670886993,
                    0.9688721895217896
                ]
            ],
            [
                [
                    0.9913724064826965,
                    -0.022790083661675453,
                    0.12907953560352325
                ],
                [
                    -0.02763630449771881,
                    0.9262887835502625,
                    0.37579959630966187
                ],
                [
                    -0.12812940776348114,
                    -0.3761245608329773,
                    0.9176673293113708
                ]
            ],
            [
                [
                    0.029614174738526344,
                    -0.9982678294181824,
                    -0.050835054367780685
                ],
                [
                    0.9429813623428345,
                    0.011033812537789345,
                    0.33266258239746094
                ],
                [
                    -0.3315255045890808,
                    -0.05778804048895836,
                    0.9416747093200684
                ]
            ],
            [
                [
                    0.9777066111564636,
                    -0.20034590363502502,
                    -0.06285937875509262
                ],
                [
                    0.20795516669750214,
                    0.8824610710144043,
                    0.4219208061695099
                ],
                [
                    -0.02905915305018425,
                    -0.4255867004394531,
                    0.9044510126113892
                ]
            ],
            [
                [
                    0.9266590476036072,
                    -0.3120857775211334,
                    0.20953647792339325
                ],
                [
                    0.25182849168777466,
                    0.9292469024658203,
                    0.2703377902507782
                ],
                [
                    -0.27907973527908325,
                    -0.19774368405342102,
                    0.9396871328353882
                ]
            ],
            [
                [
                    0.954215407371521,
                    -0.17860671877861023,
                    -0.23994293808937073
                ],
                [
                    -0.16241608560085297,
                    0.3642401695251465,
                    -0.9170333743095398
                ],
                [
                    0.2511851489543915,
                    0.9140179753303528,
                    0.31855496764183044
                ]
            ],
            [
                [
                    0.9421155452728271,
                    -0.32465267181396484,
                    0.08377864956855774
                ],
                [
                    0.22808106243610382,
                    0.8036977052688599,
                    0.5495898127555847
                ],
                [
                    -0.245758518576622,
                    -0.4986688196659088,
                    0.8312232494354248
                ]
            ],
            [
                [
                    0.9631813764572144,
                    0.056032683700323105,
                    -0.26294857263565063
                ],
                [
                    -0.16463109850883484,
                    0.8961510062217712,
                    -0.4120800793170929
                ],
                [
                    0.21255168318748474,
                    0.4401973783969879,
                    0.8723806738853455
                ]
            ]
        ],
        "betas": [
            0.04229229688644409,
            0.02378469705581665,
            -0.006527960300445557,
            0.004785329103469849,
            -0.021426737308502197,
            -0.04772353917360306,
            0.007941663265228271,
            -0.04542052745819092,
            -0.007159039378166199,
            -0.03773429989814758
        ]
    },
    "pred_cam_t": [
        -0.03601229190826416,
        -0.007534470409154892,
        5.752112865447998
    ],
    "focal_length": [
        5000.0,
        5000.0
    ],
    "pred_keypoints_3d": [
        [
            0.09548674523830414,
            0.006361637730151415,
            0.006166691891849041
        ],
        [
            0.06885206699371338,
            0.005859965458512306,
            -0.02161368727684021
        ],
        [
            0.03974752873182297,
            0.013088242150843143,
            -0.028384746983647346
        ],
        [
            0.013877339661121368,
            0.020100725814700127,
            -0.032101355493068695
        ],
        [
            -0.02085038274526596,
            0.028767339885234833,
            -0.031054463237524033
        ],
        [
            0.01219227910041809,
            -0.024177949875593185,
            -0.01155050378292799
        ],
        [
            -0.018864436075091362,
            -0.01327891182154417,
            -0.01011689379811287
        ],
        [
            -0.02354496344923973,
            0.008349738083779812,
            -0.011035336181521416
        ],
        [
            -0.016593029722571373,
            0.031862806528806686,
            -0.013556846417486668
        ],
        [
            0.006164513528347015,
            -0.023920813575387,
            0.012859002687036991
        ],
        [
            -0.0125969797372818,
            0.0015719570219516754,
            0.012114396318793297
        ],
        [
            -0.01486077718436718,
            0.024520564824342728,
            0.009388638660311699
        ],
        [
            -0.013189573772251606,
            0.047613710165023804,
            -0.0012482181191444397
        ],
        [
            0.016299612820148468,
            -0.011509444564580917,
            0.03424011543393135
        ],
        [
            0.0043352702632546425,
            0.012132842093706131,
            0.023035254329442978
        ],
        [
            0.00527189439162612,
            0.0352955088019371,
            0.014390189200639725
        ],
        [
            0.006641501560807228,
            0.05538894981145859,
            -0.0007723048329353333
        ],
        [
            0.025584161281585693,
            0.002403115388005972,
            0.04820618778467178
        ],
        [
            0.017258726060390472,
            0.01729629375040531,
            0.03586329519748688
        ],
        [
            0.017806923016905785,
            0.032402992248535156,
            0.024525785818696022
        ],
        [
            0.01920243725180626,
            0.0463266558945179,
            0.008595017716288567
        ]
    ],
    "pred_vertices": [
        [
            0.04408402740955353,
            0.0005249455571174622,
            -0.010842446237802505
        ],
        [
            0.05416140705347061,
            0.005343504250049591,
            -0.010100465267896652
        ],
        [
            0.04629623144865036,
            0.006413253024220467,
            -0.013455088250339031
        ],
        [
            0.03786224499344826,
            0.00021596252918243408,
            -0.01645597442984581
        ],
        [
            0.059842802584171295,
            0.02312689647078514,
            -0.015223247930407524
        ],
        [
            0.06548570841550827,
            0.025441931560635567,
            -0.02554100751876831
        ],
        [
            0.04929233714938164,
            0.025894176214933395,
            -0.02758399024605751
        ],
        [
            0.04687150567770004,
            0.02482207491993904,
            -0.017826924100518227
        ],
        [
            0.032419636845588684,
            -0.0011684093624353409,
            -0.019982077181339264
        ],
        [
            0.03896285966038704,
            0.007727496325969696,
            -0.016112294048070908
        ],
        [
            0.031096363440155983,
            -0.0030516367405653,
            -0.02143891528248787
        ],
        [
            0.028519416227936745,
            -0.01738739386200905,
            -0.024514006450772285
        ],
        [
            0.027725551277399063,
            -0.01112188771367073,
            -0.02242521196603775
        ],
        [
            0.023907888680696487,
            -0.02447126992046833,
            -0.02340855821967125
        ],
        [
            0.03707455098628998,
            -0.023627517744898796,
            -0.024745341390371323
        ],
        [
            0.02636919915676117,
            -0.03235536813735962,
            -0.018626825883984566
        ],
        [
            0.049452509731054306,
            -0.030001215636730194,
            0.0004901806823909283
        ],
        [
            0.052516695111989975,
            -0.026375632733106613,
            0.01341969147324562
        ],
        [
            0.03530488908290863,
            -0.03221157193183899,
            0.016692446544766426
        ],
        [
            0.033875614404678345,
            -0.034268297255039215,
            0.002854317892342806
        ],
        [
            0.04301925748586655,
            -0.020860331133008003,
            0.0328170508146286
        ],
        [
            0.03796759620308876,
            -0.027205880731344223,
            0.0240133348852396
        ],
        [
            0.05557390674948692,
            -0.02274806797504425,
            0.02115040272474289
        ],
        [
            0.05923136696219444,
            -0.01701449416577816,
            0.028831716626882553
        ],
        [
            0.052159152925014496,
            0.0044255331158638,
            0.0017688772641122341
        ],
        [
            0.062012746930122375,
            0.008965965360403061,
            0.0013742642477154732
        ],
        [
            0.060148369520902634,
            0.006143121048808098,
            -0.0034730546176433563
        ],
        [
            0.05035613849759102,
            0.002552129328250885,
            -0.003175885882228613
        ],
        [
            0.03006591647863388,
            0.0023055714555084705,
            -0.029081091284751892
        ],
        [
            0.04080585390329361,
            -0.0079019321128726,
            -0.031440697610378265
        ],
        [
            0.03491830825805664,
            -0.008132508024573326,
            -0.02640329673886299
        ],
        [
            0.028120052069425583,
            0.004998600110411644,
            -0.024561438709497452
        ],
        [
            0.08374421298503876,
            0.027582280337810516,
            0.007221769541501999
        ],
        [
            0.09709271043539047,
            0.025567280128598213,
            0.005967143923044205
        ],
        [
            0.09693662077188492,
            0.023382212966680527,
            0.0004457533359527588
        ],
        [
            0.08491731435060501,
            0.025155583396553993,
            0.0027970941737294197
        ],
        [
            0.0872795581817627,
            0.021584803238511086,
            -0.019338861107826233
        ],
        [
            0.09715453535318375,
            0.01783766970038414,
            -0.016888368874788284
        ],
        [
            0.10425161570310593,
            0.009403342381119728,
            -0.024027500301599503
        ],
        [
            0.09389198571443558,
            0.01042429730296135,
            -0.027950264513492584
        ],
        [
            0.07613548636436462,
            0.02394414320588112,
            -0.02279333956539631
        ],
        [
            0.08171214908361435,
            0.01625574380159378,
            -0.032118793576955795
        ],
        [
            0.0687500387430191,
            0.019625013694167137,
            -0.034505508840084076
        ],
        [
            0.05093151330947876,
            0.021483754739165306,
            -0.035451821982860565
        ],
        [
            0.09852989763021469,
            0.027314966544508934,
            0.01855718158185482
        ],
        [
            0.0888836681842804,
            0.029653333127498627,
            0.0212161373347044
        ],
        [
            -0.011249314993619919,
            -0.003923935815691948,
            -0.0172639898955822
        ],
        [
            -0.010322901420295238,
            -0.0018189772963523865,
            -0.011586694046854973
        ],
        [
            -0.007561330683529377,
            -0.0037256013602018356,
            -0.012354184873402119
        ],
        [
            -0.00915378239005804,
            -0.005652906373143196,
            -0.017608793452382088
        ],
        [
            0.0964849665760994,
            0.015087297186255455,
            0.03457076847553253
        ],
        [
            0.09852379560470581,
            0.005365988239645958,
            0.03600086271762848
        ],
        [
            0.10493385791778564,
            0.008787903934717178,
            0.035600148141384125
        ],
        [
            0.10335022211074829,
            0.01745365746319294,
            0.032394662499427795
        ],
        [
            0.08745145052671432,
            0.011906608007848263,
            0.03744586929678917
        ],
        [
            0.08941734582185745,
            0.0009392304345965385,
            0.03602001070976257
        ],
        [
            -0.02200978435575962,
            -0.010942552238702774,
            -0.017483394593000412
        ],
        [
            -0.018409620970487595,
            -0.00836624950170517,
            -0.0203048475086689
        ],
        [
            -0.01634134352207184,
            -0.012681487947702408,
            -0.0199232529848814
        ],
        [
            -0.01884758658707142,
            -0.015890609472990036,
            -0.016336113214492798
        ],
        [
            0.030275290831923485,
            -0.006138453260064125,
            -0.018336748704314232
        ],
        [
            0.034822165966033936,
            -0.00285172276198864,
            -0.011341133154928684
        ],
        [
            0.016264578327536583,
            -0.01291666179895401,
            -0.015564755536615849
        ],
        [
            0.023058490827679634,
            -0.00980096310377121,
            -0.012806704267859459
        ],
        [
            0.023714851588010788,
            -0.012383409775793552,
            -0.019165581092238426
        ],
        [
            0.018017951399087906,
            -0.015791911631822586,
            -0.020602161064743996
        ],
        [
            0.03174406290054321,
            -0.002781640738248825,
            0.008001766167581081
        ],
        [
            0.042547814548015594,
            0.0009056515991687775,
            0.006368364207446575
        ],
        [
            0.039907440543174744,
            -0.0015193689614534378,
            0.0007752373348921537
        ],
        [
            0.02766614779829979,
            -0.0052094534039497375,
            0.0007726873736828566
        ],
        [
            0.04533696919679642,
            0.008065979927778244,
            0.01821996085345745
        ],
        [
            0.03481784835457802,
            0.0032930728048086166,
            0.019015416502952576
        ],
        [
            0.03796837851405144,
            0.007862132973968983,
            0.025561518967151642
        ],
        [
            0.044363949447870255,
            0.011411869898438454,
            0.023621929809451103
        ],
        [
            0.01731060817837715,
            -0.006616655737161636,
            0.017097119241952896
        ],
        [
            0.013731870800256729,
            -0.009483356028795242,
            0.016526885330677032
        ],
        [
            0.014783646911382675,
            -0.007466998416930437,
            0.01893998496234417
        ],
        [
            0.018739597871899605,
            -0.004823073744773865,
            0.019953930750489235
        ],
        [
            0.1116449385881424,
            0.011083120480179787,
            0.035046834498643875
        ],
        [
            0.10994972288608551,
            0.019061950966715813,
            0.029637712985277176
        ],
        [
            0.049564432352781296,
            -0.006169368512928486,
            0.04810970276594162
        ],
        [
            0.0539444200694561,
            0.004157538525760174,
            0.04965544492006302
        ],
        [
            0.04100511595606804,
            0.0033346833661198616,
            0.05280173942446709
        ],
        [
            0.03913959860801697,
            -0.009029705077409744,
            0.051322054117918015
        ],
        [
            0.09838870167732239,
            -0.0040749795734882355,
            0.0318085215985775
        ],
        [
            0.10535101592540741,
            -0.0010154703631997108,
            0.03363695740699768
        ],
        [
            -0.02401384338736534,
            -0.012049352750182152,
            -0.011517373844981194
        ],
        [
            -0.02040458843111992,
            -0.01663270965218544,
            -0.010365902446210384
        ],
        [
            0.0728389322757721,
            0.0065838973969221115,
            -0.03831477463245392
        ],
        [
            0.052027955651283264,
            0.012613439932465553,
            -0.04018724337220192
        ],
        [
            0.08824378252029419,
            0.0020577218383550644,
            -0.03312600404024124
        ],
        [
            0.09831852465867996,
            -0.001388154923915863,
            -0.027230888605117798
        ],
        [
            0.10733185708522797,
            -0.00245828740298748,
            -0.024090711027383804
        ],
        [
            0.020265785977244377,
            -0.009280144236981869,
            -0.006955506280064583
        ],
        [
            0.041180118918418884,
            -0.0009137336164712906,
            -0.004949609283357859
        ],
        [
            0.053436849266290665,
            0.00663343071937561,
            0.006226797122508287
        ],
        [
            0.054667793214321136,
            0.022231094539165497,
            0.03278341144323349
        ],
        [
            0.06399526447057724,
            0.025884384289383888,
            0.030703887343406677
        ],
        [
            0.05902118608355522,
            0.02209712192416191,
            0.021913863718509674
        ],
        [
            0.052052151411771774,
            0.019105924293398857,
            0.02574135735630989
        ],
        [
            0.05203881114721298,
            0.014042694121599197,
            0.04767318069934845
        ],
        [
            0.04846052825450897,
            0.018007151782512665,
            0.0415564700961113
        ],
        [
            0.04173152148723602,
            0.015465802513062954,
            0.042910970747470856
        ],
        [
            0.04265054687857628,
            0.01170890498906374,
            0.0496254488825798
        ],
        [
            0.031954921782016754,
            0.003686725627630949,
            -0.0361500009894371
        ],
        [
            0.04590572044253349,
            -0.005750714801251888,
            -0.03631291538476944
        ],
        [
            0.09384468197822571,
            0.023931656032800674,
            0.02938278578221798
        ],
        [
            0.10065827518701553,
            0.02443363144993782,
            0.025544729083776474
        ],
        [
            0.10900574177503586,
            0.02393905259668827,
            0.023683439940214157
        ],
        [
            0.07290114462375641,
            0.018409505486488342,
            0.0026582363061606884
        ],
        [
            0.08572100102901459,
            0.02357800491154194,
            -0.00037818122655153275
        ],
        [
            0.08464492857456207,
            0.022284988313913345,
            -0.004494903609156609
        ],
        [
            0.07277265936136246,
            0.015720870345830917,
            7.597729563713074e-06
        ],
        [
            0.06324054300785065,
            0.012973356992006302,
            -0.008547872304916382
        ],
        [
            0.07252582907676697,
            0.021465949714183807,
            -0.012334724888205528
        ],
        [
            0.05290192365646362,
            0.01519167423248291,
            -0.00997849926352501
        ],
        [
            0.09829806536436081,
            0.02085697650909424,
            -0.007271435111761093
        ],
        [
            0.10706233978271484,
            0.024148529395461082,
            -0.0013223746791481972
        ],
        [
            0.10746942460536957,
            0.020377201959490776,
            -0.009365282021462917
        ],
        [
            0.10772876441478729,
            0.026167498901486397,
            0.00823011714965105
        ],
        [
            0.10832475870847702,
            0.026422392576932907,
            0.01709667779505253
        ],
        [
            0.11364807933568954,
            -0.0006298478692770004,
            0.03556274250149727
        ],
        [
            0.10723043978214264,
            0.015583179891109467,
            -0.016121556982398033
        ],
        [
            0.038021113723516464,
            0.024764148518443108,
            -0.021069936454296112
        ],
        [
            0.030095983296632767,
            0.025401944294571877,
            -0.02483217418193817
        ],
        [
            0.028229059651494026,
            0.01969774253666401,
            -0.019881587475538254
        ],
        [
            0.03556695580482483,
            0.018507536500692368,
            -0.015953095629811287
        ],
        [
            0.01623416692018509,
            -0.028310902416706085,
            -0.021610459312796593
        ],
        [
            0.01681063510477543,
            -0.02083854004740715,
            -0.023007957264780998
        ],
        [
            0.024251721799373627,
            -0.017354518175125122,
            -0.023761581629514694
        ],
        [
            0.07403519004583359,
            0.02684997022151947,
            0.01360754668712616
        ],
        [
            0.07882805913686752,
            0.028832746669650078,
            0.02516908012330532
        ],
        [
            0.013572408817708492,
            -0.012342430651187897,
            -0.009757830761373043
        ],
        [
            -0.01583819091320038,
            -0.0199664905667305,
            -0.015824660658836365
        ],
        [
            -0.013167454861104488,
            -0.016594048589468002,
            -0.020169124007225037
        ],
        [
            0.0027259900234639645,
            -0.024609073996543884,
            -0.021217601373791695
        ],
        [
            -0.00020309165120124817,
            -0.028888557106256485,
            -0.016389641910791397
        ],
        [
            0.007158813066780567,
            -0.015960849821567535,
            -0.003435063175857067
        ],
        [
            0.010520899668335915,
            -0.012580236420035362,
            -0.008820336312055588
        ],
        [
            0.008871379308402538,
            -0.012696487829089165,
            -0.007740718312561512
        ],
        [
            0.005369584541767836,
            -0.013724555261433125,
            -0.0021006411407142878
        ],
        [
            0.02000553533434868,
            -0.002914159558713436,
            0.02527032606303692
        ],
        [
            0.022913426160812378,
            -0.00026461388915777206,
            0.025879941880702972
        ],
        [
            0.01773182675242424,
            -0.03385954722762108,
            0.004683702252805233
        ],
        [
            0.019312188029289246,
            -0.03995134308934212,
            -0.007631819695234299
        ],
        [
            0.03176127001643181,
            -0.03622838109731674,
            -0.00945519283413887
        ],
        [
            0.03428017720580101,
            0.0005240533500909805,
            0.014199500903487206
        ],
        [
            0.0248677097260952,
            -0.0025398004800081253,
            0.016276121139526367
        ],
        [
            0.026141302660107613,
            -0.000821458175778389,
            0.019767288118600845
        ],
        [
            0.01738259568810463,
            -0.009959165938198566,
            -0.0033515654504299164
        ],
        [
            0.011619608849287033,
            -0.01289965957403183,
            -0.003997878171503544
        ],
        [
            0.013592205941677094,
            -0.012197013944387436,
            0.00010275747627019882
        ],
        [
            0.01947692036628723,
            -0.00843726098537445,
            0.0013010618276894093
        ],
        [
            0.06664928793907166,
            0.006356258876621723,
            0.04623416066169739
        ],
        [
            0.06384596228599548,
            0.017727676779031754,
            0.04448702186346054
        ],
        [
            -0.014336206018924713,
            -0.006043745204806328,
            -0.0202836524695158
        ],
        [
            -0.012440672144293785,
            -0.008956663310527802,
            -0.02042604610323906
        ],
        [
            0.04477319493889809,
            0.0041525475680828094,
            0.012411808595061302
        ],
        [
            0.04561637341976166,
            -0.0299886092543602,
            -0.010866205208003521
        ],
        [
            0.05466412007808685,
            0.009324096143245697,
            0.010859275236725807
        ],
        [
            0.023947658017277718,
            -0.011845429427921772,
            0.04014193266630173
        ],
        [
            0.02276027202606201,
            -0.0036358200013637543,
            0.039266686886548996
        ],
        [
            0.020614974200725555,
            -0.0022194720804691315,
            0.03725738823413849
        ],
        [
            0.018574345856904984,
            -0.007114914711564779,
            0.038097016513347626
        ],
        [
            -0.007533268537372351,
            -0.008439948782324791,
            -0.001324803102761507
        ],
        [
            -0.006011977791786194,
            -0.005098741501569748,
            -0.006010411307215691
        ],
        [
            -0.008042392320930958,
            -0.0037492942065000534,
            -0.0060856956988573074
        ],
        [
            -0.010894072242081165,
            -0.006389567628502846,
            -0.0014853117754682899
        ],
        [
            0.0121144475415349,
            -0.012819776311516762,
            -0.014526127837598324
        ],
        [
            0.012685326859354973,
            -0.015643246471881866,
            -0.020107630640268326
        ],
        [
            0.008251860737800598,
            -0.013904150575399399,
            -0.01890573836863041
        ],
        [
            0.008553114719688892,
            -0.012292307801544666,
            -0.01301091630011797
        ],
        [
            0.01109821256250143,
            -0.02102017030119896,
            -0.022414809092879295
        ],
        [
            0.006094947457313538,
            -0.019200297072529793,
            -0.021936563774943352
        ],
        [
            -0.01106877438724041,
            -0.01360744796693325,
            0.0002547437325119972
        ],
        [
            -0.015259121544659138,
            -0.01875986158847809,
            -0.003425976959988475
        ],
        [
            -0.0006326865404844284,
            -0.026687487959861755,
            -0.0021567523945122957
        ],
        [
            0.0006431005895137787,
            -0.019294127821922302,
            0.000344177708029747
        ],
        [
            0.07444027066230774,
            -0.014972908422350883,
            0.026140794157981873
        ],
        [
            0.0762728899717331,
            -0.007897838950157166,
            0.03454681485891342
        ],
        [
            0.0611811988055706,
            -0.010006839409470558,
            0.037709105759859085
        ],
        [
            0.045970868319272995,
            -0.012887543067336082,
            0.04205631837248802
        ],
        [
            0.03161386027932167,
            -0.014756839722394943,
            0.04424751549959183
        ],
        [
            0.029334425926208496,
            -0.02404116280376911,
            0.036592792719602585
        ],
        [
            0.06386267393827438,
            -0.004087228327989578,
            0.042957853525877
        ],
        [
            0.009367227554321289,
            -0.023237958550453186,
            0.001592016196809709
        ],
        [
            0.009428468532860279,
            -0.03117446042597294,
            -0.0009372106287628412
        ],
        [
            0.010996822267770767,
            -0.02863454446196556,
            0.0034478590823709965
        ],
        [
            0.05503079295158386,
            0.014000168070197105,
            0.01668236404657364
        ],
        [
            -0.010012391954660416,
            -0.012310904450714588,
            -0.021209975704550743
        ],
        [
            0.10161855071783066,
            -0.017672669142484665,
            -0.008878701366484165
        ],
        [
            0.10278235375881195,
            -0.018275732174515724,
            0.004796300549060106
        ],
        [
            0.09426050633192062,
            -0.01966365985572338,
            0.002970796776935458
        ],
        [
            0.09242913872003555,
            -0.01803382858633995,
            -0.012865530326962471
        ],
        [
            -0.005800123326480389,
            -0.004695642739534378,
            -0.01309964433312416
        ],
        [
            -0.006800120230764151,
            -0.007364772260189056,
            -0.018867740407586098
        ],
        [
            0.023674050346016884,
            0.003929140046238899,
            0.030610831454396248
        ],
        [
            0.020862966775894165,
            0.0007333140820264816,
            0.02984427660703659
        ],
        [
            0.022175470367074013,
            0.0016679842956364155,
            0.032643336802721024
        ],
        [
            0.023326952010393143,
            0.005535874515771866,
            0.03431931510567665
        ],
        [
            0.07834538072347641,
            -0.0033981576561927795,
            0.038012128323316574
        ],
        [
            0.03289448097348213,
            0.008660952560603619,
            0.05163309723138809
        ],
        [
            0.030525514855980873,
            -0.0038955926429480314,
            0.050636082887649536
        ],
        [
            0.08912922441959381,
            -0.006497057154774666,
            0.03158432990312576
        ],
        [
            0.08785148710012436,
            -0.013193404302001,
            0.024596983566880226
        ],
        [
            0.09752680361270905,
            -0.011784518137574196,
            0.02410900965332985
        ],
        [
            0.020844152197241783,
            -0.02726021409034729,
            0.024639587849378586
        ],
        [
            0.0709080845117569,
            -0.01970023103058338,
            0.019765594974160194
        ],
        [
            0.08523854613304138,
            -0.01694510504603386,
            0.018450595438480377
        ],
        [
            0.09666737169027328,
            -0.015412237495183945,
            0.017591174691915512
        ],
        [
            0.10497885197401047,
            -0.014677716419100761,
            0.017887087538838387
        ],
        [
            0.10504728555679321,
            -0.01062776893377304,
            0.024931278079748154
        ],
        [
            -0.01640847884118557,
            -0.020254533737897873,
            -0.009457316249608994
        ],
        [
            -0.0198885016143322,
            -0.014718729071319103,
            -0.003450334770604968
        ],
        [
            0.11392651498317719,
            -0.01061879564076662,
            0.026823867112398148
        ],
        [
            0.1133631095290184,
            -0.014594849199056625,
            0.018481967970728874
        ],
        [
            0.08278987556695938,
            -0.02044004574418068,
            0.010266018100082874
        ],
        [
            0.0795314610004425,
            -0.023190010339021683,
            -0.0007710084319114685
        ],
        [
            0.06898181885480881,
            -0.022758685052394867,
            0.011760636232793331
        ],
        [
            0.06478336453437805,
            -0.025957096368074417,
            0.0012744020204991102
        ],
        [
            0.021793745458126068,
            -0.03663894906640053,
            0.01781889609992504
        ],
        [
            -0.02635147236287594,
            0.003119051456451416,
            -0.003535578493028879
        ],
        [
            -0.02063307911157608,
            -0.006363473832607269,
            -0.001059567672200501
        ],
        [
            -0.015419600531458855,
            -0.0036620087921619415,
            -0.0015633468283340335
        ],
        [
            -0.022497497498989105,
            0.004434999078512192,
            -0.0021276718471199274
        ],
        [
            -0.01511989627033472,
            -0.010280460119247437,
            -0.00019327484187670052
        ],
        [
            -0.02357158437371254,
            -0.009905541315674782,
            -0.004565814975649118
        ],
        [
            0.06041654571890831,
            -0.02504020184278488,
            -0.01365586742758751
        ],
        [
            0.009247396141290665,
            -0.015406475402414799,
            -0.00023294822312891483
        ],
        [
            0.07550803571939468,
            -0.019105829298496246,
            -0.019275575876235962
        ],
        [
            0.049912482500076294,
            -0.021419530734419823,
            -0.027176644653081894
        ],
        [
            0.06027119606733322,
            -0.014321161434054375,
            -0.03174309432506561
        ],
        [
            0.0903501808643341,
            -0.011390689760446548,
            -0.026119744405150414
        ],
        [
            0.07481184601783752,
            -0.007341358810663223,
