{
    "pred_cam": [
        7.925348281860352,
        -0.04255908727645874,
        -0.010887399315834045
    ],
    "pred_mano_params": {
        "global_orient": [
            [
                [
                    0.9460436701774597,
                    0.3167388439178467,
                    0.06839582324028015
                ],
                [
                    0.32386282086372375,
                    -0.917261004447937,
                    -0.2318301647901535
                ],
                [
                    -0.010692788287997246,
                    0.2414723038673401,
                    -0.9703488945960999
                ]
            ]
        ],
        "hand_pose": [
            [
                [
                    0.6521126627922058,
                    -0.7279530763626099,
                    -0.21173879504203796
                ],
                [
                    0.711769163608551,
                    0.6840395927429199,
                    -0.15960747003555298
                ],
                [
                    0.26102447509765625,
                    -0.04662707448005676,
                    0.9642054438591003
                ]
            ],
            [
                [
                    0.6595677137374878,
                    -0.7299376726150513,
                    0.17933599650859833
                ],
                [
                    0.7466762661933899,
                    0.608896017074585,
                    -0.26780644059181213
                ],
                [
                    0.0862850546836853,
                    0.31054237484931946,
                    0.9466353058815002
                ]
            ],
            [
                [
                    0.8544944524765015,
                    -0.5166895985603333,
                    0.0535813607275486
                ],
                [
                    0.5083969235420227,
                    0.8530095219612122,
                    0.11792881041765213
                ],
                [
                    -0.10663801431655884,
                    -0.07352893054485321,
                    0.991575300693512
                ]
            ],
            [
                [
                    0.12417078763246536,
                    -0.9369722604751587,
                    -0.3265954256057739
                ],
                [
                    0.9920446872711182,
                    0.12409564852714539,
                    0.021154139190912247
                ],
                [
                    0.020708218216896057,
                    -0.3266240358352661,
                    0.9449273943901062
                ]
            ],
            [
                [
                    0.9272401332855225,
                    -0.320039302110672,
                    -0.19442351162433624
                ],
                [
                    0.3548598289489746,
                    0.9167767763137817,
                    0.18328876793384552
                ],
                [
                    0.119583360850811,
                    -0.23894581198692322,
                    0.9636412858963013
                ]
            ],
            [
                [
                    0.8940905928611755,
                    -0.42989620566368103,
                    0.1256629228591919
                ],
                [
                    0.42975977063179016,
                    0.9024580717086792,
                    0.029596224427223206
                ],
                [
                    -0.12612883746623993,
                    0.027543162927031517,
                    0.9916313886642456
                ]
            ],
            [
                [
                    0.2607223093509674,
                    -0.9613698124885559,
                    -0.08827220648527145
                ],
                [
                    0.5712379217147827,
                    0.07991330325603485,
                    0.8168849945068359
                ],
                [
                    -0.778274416923523,
                    -0.26340457797050476,
                    0.5700060725212097
                ]
            ],
            [
                [
                    0.9391494393348694,
                    -0.3008526861667633,
                    -0.1657889187335968
                ],
                [
                    0.33908170461654663,
                    0.8891632556915283,
                    0.3072659373283386
                ],
                [
                    0.054971639066934586,
                    -0.34478461742401123,
                    0.9370707869529724
                ]
            ],
            [
                [
                    0.9666290879249573,
                    -0.20403479039669037,
                    0.15491288900375366
                ],
                [
                    0.13567450642585754,
                    0.9206649661064148,
                    0.36601707339286804
                ],
                [
                    -0.2173030823469162,
                    -0.3327850103378296,
                    0.9176238775253296
                ]
            ],
            [
                [
                    0.023811491206288338,
                    -0.999207615852356,
                    -0.03189403563737869
                ],
                [
                    0.9494543075561523,
                    0.012614247389137745,
                    0.3136519193649292
                ],
                [
                    -0.31300103664398193,
                    -0.03775043040513992,
                    0.9490023255348206
                ]
            ],
            [
                [
                    0.9686206579208374,
                    -0.24079836905002594,
                    -0.06156352534890175
                ],
                [
                    0.2431141436100006,
                    0.8664455413818359,
                    0.4360820949077606
                ],
                [
                    -0.05166640877723694,
                    -0.4373651444911957,
                    0.8977985382080078
                ]
            ],
            [
                [
                    0.9211641550064087,
                    -0.3506755828857422,
                    0.16876964271068573
                ],
                [
                    0.3035888075828552,
                    0.9188311100006104,
                    0.2521570920944214
                ],
                [
                    -0.2434961199760437,
                    -0.18104150891304016,
                    0.9528554677963257
                ]
            ],
            [
                [
                    0.9578180909156799,
                    -0.16287606954574585,
                    -0.23676124215126038
                ],
                [
                    -0.15986491739749908,
                    0.3826369643211365,
                    -0.9099627733230591
                ],
                [
                    0.23880471289157867,
                    0.9094286561012268,
                    0.3404584228992462
                ]
            ],
            [
                [
                    0.9416714310646057,
                    -0.3284851610660553,
                    0.07316043972969055
                ],
                [
                    0.24232175946235657,
                    0.8126901388168335,
                    0.5299197435379028
                ],
                [
                    -0.2335275113582611,
                    -0.4812818765640259,
                    0.8448861837387085
                ]
            ],
            [
                [
                    0.944389283657074,
                    -0.026951752603054047,
                    -0.32772326469421387
                ],
                [
                    -0.12747211754322052,
                    0.8886972069740295,
                    -0.4404181241989136
                ],
                [
                    0.3031167984008789,
                    0.457701712846756,
                    0.8358405232429504
                ]
            ]
        ],
        "betas": [
            0.07589031755924225,
            -0.030450046062469482,
            -0.01879030466079712,
            -0.0038751065731048584,
            -0.07018992304801941,
            -0.06493664532899857,
            -0.008487075567245483,
            -0.025615274906158447,
            0.018504515290260315,
            -0.027708500623703003
        ]
    },
    "pred_cam_t": [
        -0.04255908727645874,
        -0.010887399315834045,
        4.928805351257324
    ],
    "focal_length": [
        5000.0,
        5000.0
    ],
    "pred_keypoints_3d": [
        [
            0.09531735628843307,
            0.006343960762023926,
            0.00617220951244235
        ],
        [
            0.06948704272508621,
            0.006841094233095646,
            -0.022190438583493233
        ],
        [
            0.040881022810935974,
            0.014491678215563297,
            -0.03025568090379238
        ],
        [
            0.015308011323213577,
            0.022112878039479256,
            -0.03454889357089996
        ],
        [
            -0.018560508266091347,
            0.031996455043554306,
            -0.03040093369781971
        ],
        [
            0.012108787894248962,
            -0.022061504423618317,
            -0.014041004702448845
        ],
        [
            -0.018238432705402374,
            -0.00947913434356451,
            -0.012438259087502956
        ],
        [
            -0.021353349089622498,
            0.01242800522595644,
            -0.012686342000961304
        ],
        [
            -0.013724204152822495,
            0.03586384654045105,
            -0.014075316488742828
        ],
        [
            0.005427509546279907,
            -0.022037360817193985,
            0.010106997564435005
        ],
        [
            -0.00836682878434658,
            0.006411153823137283,
            0.009022381156682968
        ],
        [
            -0.00691999401897192,
            0.02946184016764164,
            0.006723811849951744
        ],
        [
            -0.0013470761477947235,
            0.05290794372558594,
            -0.0018440820276737213
        ],
        [
            0.015217401087284088,
            -0.010219350457191467,
            0.03187031298875809
        ],
        [
            0.004069351591169834,
            0.014035267755389214,
            0.02120187133550644
        ],
        [
            0.006677701137959957,
            0.03726371377706528,
            0.013136567547917366
        ],
        [
            0.01124484557658434,
            0.05764796584844589,
            -0.0009909272193908691
        ],
        [
            0.02440505474805832,
            0.0031971316784620285,
            0.04627090319991112
        ],
        [
            0.015302433632314205,
            0.01890009455382824,
            0.03560561686754227
        ],
        [
            0.016481691971421242,
            0.03456562012434006,
            0.025121329352259636
        ],
        [
            0.02077755331993103,
            0.046831972897052765,
            0.009870437905192375
        ]
    ],
    "pred_vertices": [
        [
            0.04441501200199127,
            0.001862766221165657,
            -0.01222758088260889
        ],
        [
            0.0544668585062027,
            0.0064917802810668945,
            -0.011184520088136196
        ],
        [
            0.04669893532991409,
            0.007741149514913559,
            -0.014923269860446453
        ],
        [
            0.038326214998960495,
            0.0017543323338031769,
            -0.01806678995490074
        ],
        [
            0.06057827174663544,
            0.024130241945385933,
            -0.016221582889556885
        ],
        [
            0.06662096828222275,
            0.02640606462955475,
            -0.026317907497286797
        ],
        [
            0.050556667149066925,
            0.02710002288222313,
            -0.02902466058731079
        ],
        [
            0.0478103943169117,
            0.025989994406700134,
            -0.01935773342847824
        ],
        [
            0.03296367824077606,
            0.0004829205572605133,
            -0.021859820932149887
        ],
        [
            0.03948559612035751,
            0.009182136505842209,
            -0.01787099614739418
        ],
        [
            0.03171331807971001,
            -0.0014394540339708328,
            -0.02348267287015915
        ],
        [
            0.028900153934955597,
            -0.01553696021437645,
            -0.026594597846269608
        ],
        [
            0.02819044701755047,
            -0.00929190218448639,
            -0.024399003013968468
        ],
        [
            0.024079516530036926,
            -0.02248833142220974,
            -0.025639185681939125
        ],
        [
            0.03732374310493469,
            -0.02192477136850357,
            -0.026675214990973473
        ],
        [
            0.02618066966533661,
            -0.0305015966296196,
            -0.020884763449430466
        ],
        [
            0.04878479242324829,
            -0.028825467452406883,
            -0.0011340067721903324
        ],
        [
            0.051569629460573196,
            -0.025447219610214233,
            0.011860870756208897
        ],
        [
            0.03406473994255066,
            -0.031048890203237534,
            0.01466313749551773
        ],
        [
            0.03298830986022949,
            -0.032860200852155685,
            0.0007984577678143978
        ],
        [
            0.04173295572400093,
            -0.020018981769680977,
            0.03096873126924038
        ],
        [
            0.03671589866280556,
            -0.026142939925193787,
            0.022029345855116844
        ],
        [
            0.054502855986356735,
            -0.021994266659021378,
            0.01966751553118229
        ],
        [
            0.05808890610933304,
            -0.01645774394273758,
            0.02747284062206745
        ],
        [
            0.0522368885576725,
            0.005393005907535553,
            0.000663387356325984
        ],
        [
            0.0621522031724453,
            0.009742343798279762,
            0.0006208340637385845
        ],
        [
            0.060331329703330994,
            0.0070618558675050735,
            -0.004297897219657898
        ],
        [
            0.05052156373858452,
            0.0036443527787923813,
            -0.004342041909694672
        ],
        [
            0.031083187088370323,
            0.003999548964202404,
            -0.03126515820622444
        ],
        [
            0.0416305810213089,
            -0.006272219121456146,
            -0.03326108679175377
        ],
        [
            0.03559720143675804,
            -0.0064874980598688126,
            -0.028391987085342407
        ],
        [
            0.0290672704577446,
            0.006639466620981693,
            -0.026817351579666138
        ],
        [
            0.08404356241226196,
            0.02770143561065197,
            0.007259801495820284
        ],
        [
            0.09734562784433365,
            0.025429705157876015,
            0.006319789681583643
        ],
        [
            0.09728910773992538,
            0.023344600573182106,
            0.0007810506504029036
        ],
        [
            0.08528180420398712,
            0.025334546342492104,
            0.002866126596927643
        ],
        [
            0.0881224051117897,
            0.02209956757724285,
            -0.01925264298915863
        ],
        [
            0.09784191101789474,
            0.01810193806886673,
            -0.016566429287195206
        ],
        [
            0.10494542121887207,
            0.009615421295166016,
            -0.023664459586143494
        ],
        [
            0.09476065635681152,
            0.010873118415474892,
            -0.027844583615660667
        ],
        [
            0.07711640745401382,
            0.024743491783738136,
            -0.023098351433873177
        ],
        [
            0.08286634087562561,
            0.017007621005177498,
            -0.032317228615283966
        ],
        [
            0.07008825987577438,
            0.020590955391526222,
            -0.03520675003528595
        ],
        [
            0.05237213149666786,
            0.022766059264540672,
            -0.03688812255859375
        ],
        [
            0.0984949842095375,
            0.026978421956300735,
            0.018926598131656647
        ],
        [
            0.08885344117879868,
            0.02944801189005375,
            0.021365001797676086
        ],
        [
            -0.009968042373657227,
            -0.00044747814536094666,
            -0.019322935491800308
        ],
        [
            -0.008896947838366032,
            0.001413058489561081,
            -0.013605406507849693
        ],
        [
            -0.006287791766226292,
            -0.0006186217069625854,
            -0.01438997033983469
        ],
        [
            -0.007980568334460258,
            -0.0022843778133392334,
            -0.01969480700790882
        ],
        [
            0.09576491266489029,
            0.014589959755539894,
            0.034620895981788635
        ],
        [
            0.09754616022109985,
            0.004840601235628128,
            0.03596264123916626
        ],
        [
            0.104019396007061,
            0.00812093261629343,
            0.03578862175345421
        ],
        [
            0.10272003710269928,
            0.01683633029460907,
            0.03266989439725876
        ],
        [
            0.08660107851028442,
            0.01156540960073471,
            0.03718006610870361
        ],
        [
            0.08837082237005234,
            0.0006300183013081551,
            0.03566312789916992
        ],
        [
            -0.02114136889576912,
            -0.006705688312649727,
            -0.019702177494764328
        ],
        [
            -0.017391234636306763,
            -0.004293235018849373,
            -0.02245664782822132
        ],
        [
            -0.01560255791991949,
            -0.008736442774534225,
            -0.02219959907233715
        ],
        [
            -0.01833985559642315,
            -0.011870413087308407,
            -0.01871243305504322
        ],
        [
            0.030725987628102303,
            -0.004404375329613686,
            -0.020135223865509033
        ],
        [
            0.03513391315937042,
            -0.0013026241213083267,
            -0.012973376549780369
        ],
        [
            0.01665552519261837,
            -0.010880114510655403,
            -0.017778847366571426
        ],
        [
            0.023305822163820267,
            -0.007960936054587364,
            -0.014815030619502068
        ],
        [
            0.02407539263367653,
            -0.010476459749042988,
            -0.021182555705308914
        ],
        [
            0.01838957704603672,
            -0.013685941696166992,
            -0.02279670536518097
        ],
        [
            0.03153758868575096,
            -0.0014220699667930603,
            0.0062544625252485275
        ],
        [
            0.04244198650121689,
            0.0020291730761528015,
            0.004954745061695576
        ],
        [
            0.039912741631269455,
            -0.0002533644437789917,
            -0.0007251403294503689
        ],
        [
            0.02762576751410961,
            -0.0036560967564582825,
            -0.0010921871289610863
        ],
        [
            0.04503602907061577,
            0.008909745141863823,
            0.016967080533504486
        ],
        [
            0.034395959228277206,
            0.0044010113924741745,
            0.01741473376750946
        ],
        [
            0.03743157535791397,
            0.00874932948499918,
            0.02413536049425602
        ],
        [
            0.04398137703537941,
            0.012170725502073765,
            0.022394798696041107
        ],
        [
            0.016789086163043976,
            -0.005330512300133705,
            0.014899756759405136
        ],
        [
            0.013618681579828262,
            -0.008568096905946732,
            0.014153677970170975
        ],
        [
            0.014388443902134895,
            -0.005855525378137827,
            0.016676083207130432
        ],
        [
            0.018191616982221603,
            -0.0033826548606157303,
            0.01782022975385189
        ],
        [
            0.11077286303043365,
            0.01026633009314537,
            0.0354381687939167
        ],
        [
            0.10940282046794891,
            0.018325602635741234,
            0.03011285327374935
        ],
        [
            0.04824037104845047,
            -0.0058240825310349464,
            0.046621907502412796
        ],
        [
            0.052717894315719604,
            0.00437560211867094,
            0.04845324158668518
        ],
        [
            0.03971797600388527,
            0.0035621831193566322,
            0.05150887742638588
        ],
        [
            0.03773368522524834,
            -0.00862947665154934,
            0.04962456598877907
        ],
        [
            0.09731509536504745,
            -0.004484798759222031,
            0.031623318791389465
        ],
        [
            0.10427358001470566,
            -0.0016199275851249695,
            0.033685434609651566
        ],
        [
            -0.023218326270580292,
            -0.007873957976698875,
            -0.013773029670119286
        ],
        [
            -0.02001110278069973,
            -0.012692507356405258,
            -0.012772166170179844
        ],
        [
            0.07407538592815399,
            0.007555708289146423,
            -0.03892514482140541
        ],
        [
            0.05348849296569824,
            0.013938674703240395,
            -0.04161985218524933
        ],
        [
            0.08914632350206375,
            0.0027268659323453903,
            -0.033241335302591324
        ],
        [
            0.09891203790903091,
            -0.000960085541009903,
            -0.027134492993354797
        ],
        [
            0.10776890069246292,
            -0.0022522304207086563,
            -0.023812269791960716
        ],
        [
            0.020418452098965645,
            -0.007484862580895424,
            -0.009064854122698307
        ],
        [
            0.0413520447909832,
            0.00040226615965366364,
            -0.006396847777068615
        ],
        [
            0.05343330278992653,
            0.007496127858757973,
            0.005182276479899883
        ],
        [
            0.054248590022325516,
            0.02256413921713829,
            0.031937841325998306
        ],
        [
            0.06370383501052856,
            0.02605227194726467,
            0.03013589046895504
        ],
        [
            0.058906182646751404,
            0.022503124549984932,
            0.02120034210383892
        ],
        [
            0.05176904425024986,
            0.019609788432717323,
            0.02481142058968544
        ],
        [
            0.05103088542819023,
            0.014247911050915718,
            0.04660501331090927
        ],
        [
            0.04766418784856796,
            0.018340712413191795,
            0.04049478471279144
        ],
        [
            0.04073897749185562,
            0.015839675441384315,
            0.041804514825344086
        ],
        [
            0.04150142893195152,
            0.011967170983552933,
            0.048484038561582565
        ],
        [
            0.033176932483911514,
            0.00541489664465189,
            -0.03826351463794708
        ],
        [
            0.04689479246735573,
            -0.0041974131017923355,
            -0.03794853016734123
        ],
        [
            0.09346736967563629,
            0.02354157157242298,
            0.029528643935918808
        ],
        [
            0.10037298500537872,
            0.023960495367646217,
            0.025890760123729706
        ],
        [
            0.10872907936573029,
            0.023301227018237114,
            0.0242388267070055
        ],
        [
            0.07317274063825607,
            0.018896063789725304,
            0.00234429445117712
        ],
        [
            0.0861377939581871,
            0.023815017193555832,
            -0.0002860133536159992
        ],
        [
            0.08513832837343216,
            0.022658025845885277,
            -0.004423905164003372
        ],
        [
            0.07303507626056671,
            0.016307052224874496,
            -0.00032050395384430885
        ],
        [
            0.06354325264692307,
            0.013956578448414803,
            -0.009331196546554565
        ],
        [
            0.07311329990625381,
            0.022273560985922813,
            -0.0127211669459939
        ],
        [
            0.05329916626214981,
            0.016325127333402634,
            -0.01127573661506176
        ],
        [
            0.0987967848777771,
            0.02093895711004734,
            -0.006910760886967182
        ],
        [
            0.10744250565767288,
            0.023921078070998192,
            -0.0007203242275863886
        ],
        [
            0.10797803848981857,
            0.02027830481529236,
            -0.008785475045442581
        ],
        [
            0.107904352247715,
            0.0257666427642107,
            0.008849097415804863
        ],
        [
            0.10827429592609406,
            0.02588902786374092,
            0.017702240496873856
        ],
        [
            0.1124972477555275,
            -0.0014566248282790184,
            0.03582247346639633
        ],
        [
            0.10781891644001007,
            0.015598069876432419,
            -0.01560040470212698
        ],
        [
            0.03913910686969757,
            0.02611158788204193,
            -0.022873571142554283
        ],
        [
            0.03145221248269081,
            0.026961514726281166,
            -0.02682921662926674
        ],
        [
            0.029352152720093727,
            0.02120002545416355,
            -0.021997295320034027
        ],
        [
            0.03642314672470093,
            0.01982779987156391,
            -0.01788565143942833
        ],
        [
            0.016202162951231003,
            -0.026016641408205032,
            -0.02404850162565708
        ],
        [
            0.01707572489976883,
            -0.01858893409371376,
            -0.025301530957221985
        ],
        [
            0.024605734273791313,
            -0.015379850752651691,
            -0.025854788720607758
        ],
        [
            0.0741959661245346,
            0.027059325948357582,
            0.013357012532651424
        ],
        [
            0.07870961725711823,
            0.028759807348251343,
            0.02503613941371441
        ],
        [
            0.013943820260465145,
            -0.010340402834117413,
            -0.01203005202114582
        ],
        [
            -0.015503228642046452,
            -0.016118301078677177,
            -0.01832132413983345
        ],
        [
            -0.012600637972354889,
            -0.012799827381968498,
            -0.022546546533703804
        ],
        [
            0.0029341888148337603,
            -0.021587274968624115,
            -0.023750310763716698
        ],
        [
            -0.0002642562612891197,
            -0.025850476697087288,
            -0.019101528450846672
        ],
        [
            0.007568259723484516,
            -0.013826092705130577,
            -0.005772254895418882
        ],
        [
            0.011115755885839462,
            -0.010458607226610184,
            -0.011007268913090229
        ],
        [
            0.009556843899190426,
            -0.01052370760589838,
            -0.009875000454485416
        ],
        [
            0.005987853277474642,
            -0.01156010851264,
            -0.004282915499061346
        ],
        [
            0.01933913119137287,
            -0.001459124032407999,
            0.023326626047492027
        ],
        [
            0.02223842963576317,
            0.0009738216176629066,
            0.023985693231225014
        ],
        [
            0.01676899567246437,
            -0.031980544328689575,
            0.0021263747476041317
        ],
        [
            0.018538430333137512,
            -0.03806941211223602,
            -0.010154994204640388
        ],
        [
            0.031234469264745712,
            -0.03465472161769867,
            -0.011596597731113434
        ],
        [
            0.033957239240407944,
            0.0017233956605196,
            0.012551438063383102
        ],
        [
            0.024441514164209366,
            -0.0011830264702439308,
            0.014340647496283054
        ],
        [
            0.025630826130509377,
            0.0004786299541592598,
            0.017886551097035408
        ],
        [
            0.017461689189076424,
            -0.008140390738844872,
            -0.005560548976063728
        ],
        [
            0.011825872585177422,
            -0.0109712528064847,
            -0.0063600922003388405
        ],
        [
            0.013483512215316296,
            -0.010398411191999912,
            -0.0022645508870482445
        ],
        [
            0.019388698041439056,
            -0.006724539212882519,
            -0.000836619408801198
        ],
        [
            0.06552661955356598,
            0.0063753919675946236,
            0.0453329011797905
        ],
        [
            0.06300163269042969,
            0.017750181257724762,
            0.04371918737888336
        ],
        [
            -0.01318262331187725,
            -0.002258623018860817,
            -0.02238115668296814
        ],
        [
            -0.011460318230092525,
            -0.005274273455142975,
            -0.022600119933485985
        ],
        [
            0.04455447569489479,
            0.0051209405064582825,
            0.011093619279563427
        ],
        [
            0.045296601951122284,
            -0.028617490082979202,
            -0.012577367946505547
        ],
        [
            0.05458579957485199,
            0.01007104106247425,
            0.009874798357486725
        ],
        [
            0.02264832891523838,
            -0.01090840995311737,
            0.037942953407764435
        ],
        [
            0.02155880257487297,
            -0.002584774512797594,
            0.0372864305973053
        ],
        [
            0.019453048706054688,
            -0.0010743618477135897,
            0.03533947095274925
        ],
        [
            0.017356231808662415,
            -0.005990166217088699,
            0.03590523079037666
        ],
        [
            -0.00662221759557724,
            -0.0056044431403279305,
            -0.0034638738725334406
        ],
        [
            -0.004871126729995012,
            -0.002225233241915703,
            -0.008035944774746895
        ],
        [
            -0.006797908805310726,
            -0.0008036736398935318,
            -0.008140242658555508
        ],
        [
            -0.009820854291319847,
            -0.003377368673682213,
            -0.0036252993158996105
        ],
        [
            0.012749088928103447,
            -0.010588161647319794,
            -0.016683857887983322
        ],
        [
            0.013216960243880749,
            -0.013273244723677635,
            -0.02232433296740055
        ],
        [
            0.008979102596640587,
            -0.011295578442513943,
            -0.021057188510894775
        ],
        [
            0.009305690415203571,
            -0.009910618886351585,
            -0.015122953802347183
        ],
        [
            0.01146356388926506,
            -0.018435094505548477,
            -0.02475748024880886
        ],
        [
            0.006585343740880489,
            -0.016360167413949966,
            -0.02425476722419262
        ],
        [
            -0.01048211008310318,
            -0.010566944256424904,
            -0.0020706113427877426
        ],
        [
            -0.014967259019613266,
            -0.015312421135604382,
            -0.00591388950124383
        ],
        [
            -0.0007083611562848091,
            -0.024131305515766144,
            -0.004819092340767384
        ],
        [
            0.0009552082046866417,
            -0.0169509444385767,
            -0.002049902454018593
        ],
        [
            0.07335855066776276,
            -0.014721161685883999,
            0.025199417024850845
        ],
        [
            0.07512421160936356,
            -0.0078359916806221,
            0.03372593969106674
        ],
        [
            0.05996856093406677,
            -0.009644785895943642,
            0.03646077960729599
        ],
        [
            0.04466953128576279,
            -0.012311429716646671,
            0.040387753397226334
        ],
        [
            0.03024059720337391,
            -0.014011567458510399,
            0.042201075702905655
        ],
        [
            0.027860896661877632,
            -0.02302028425037861,
            0.034315790981054306
        ],
        [
            0.06263608485460281,
            -0.003919035661965609,
            0.04185186326503754
        ],
        [
            0.00928432960063219,
            -0.021156070753932,
            -0.0010952840093523264
        ],
        [
            0.008857520297169685,
            -0.02895326539874077,
            -0.0036181786563247442
        ],
        [
            0.010231958702206612,
            -0.02639736421406269,
            0.000579901272431016
        ],
        [
            0.054897576570510864,
            0.014620295725762844,
            0.01576239988207817
        ],
        [
            -0.009182043373584747,
            -0.008689683862030506,
            -0.023435596376657486
        ],
        [
            0.10130590945482254,
            -0.0174916572868824,
            -0.00902075320482254
        ],
        [
            0.10207748413085938,
            -0.01830882951617241,
            0.004614266101270914
        ],
        [
            0.0936075896024704,
            -0.01946604996919632,
            0.0025728107430040836
        ],
        [
            0.09226802736520767,
            -0.017588188871741295,
            -0.01320495642721653
        ],
        [
            -0.004588976502418518,
            -0.0015979316085577011,
            -0.015081193298101425
        ],
        [
            -0.005702012684196234,
            -0.004025673493742943,
            -0.02093164063990116
        ],
        [
            0.02287919446825981,
            0.004976465366780758,
            0.0289173386991024
        ],
        [
            0.02004673331975937,
            0.00201351847499609,
            0.028043949976563454
        ],
        [
            0.02120729349553585,
            0.0028769432101398706,
            0.030960462987422943
        ],
        [
            0.022301655262708664,
            0.0066469814628362656,
            0.03271125257015228
        ],
        [
            0.07719967514276505,
            -0.0034780865535140038,
            0.037296637892723083
        ],
        [
            0.031593699008226395,
            0.008810804225504398,
            0.050404880195856094
        ],
        [
            0.029232095927000046,
            -0.003584332764148712,
            0.049001969397068024
        ],
        [
            0.08804358541965485,
            -0.0066880774684250355,
            0.031125998124480247
        ],
        [
            0.086802177131176,
            -0.013230415992438793,
            0.024035630747675896
        ],
        [
            0.09648462384939194,
            -0.012028856202960014,
            0.02381289377808571
        ],
        [
            0.019533412531018257,
            -0.025779780000448227,
            0.022174112498760223
        ],
        [
            0.06989748775959015,
            -0.019258219748735428,
            0.018700622022151947
        ],
        [
            0.08427223563194275,
            -0.016809262335300446,
            0.017796656116843224
        ],
        [
            0.0957145169377327,
            -0.015520882792770863,
            0.017254630103707314
        ],
        [
            0.10400578379631042,
            -0.014992205426096916,
            0.017764803022146225
        ],
        [
            0.10398032516241074,
            -0.011059020645916462,
            0.024839632213115692
        ],
        [
            -0.01616309955716133,
            -0.016554784029722214,
            -0.011983597651124
        ],
        [
            -0.019373804330825806,
            -0.011011208407580853,
            -0.005811584182083607
        ],
        [
            0.11277876794338226,
            -0.011283647269010544,
            0.026948079466819763
        ],
        [
            0.11234433203935623,
            -0.015112615190446377,
            0.01856302097439766
        ],
        [
            0.08196526765823364,
            -0.020107310265302658,
            0.009532934054732323
        ],
        [
            0.07896795868873596,
            -0.022623451426625252,
            -0.001556352712213993
        ],
        [
            0.06811966747045517,
            -0.02215864136815071,
            0.010660454630851746
        ],
        [
            0.06414934992790222,
            -0.025112977251410484,
            6.802985444664955e-05
        ],
        [
            0.02016388811171055,
            -0.035175152122974396,
            0.015364738181233406
        ],
        [
            -0.024477602913975716,
            0.007143937051296234,
            -0.005376660265028477
        ],
        [
            -0.019429627805948257,
            -0.00272328220307827,
            -0.0032002439256757498
        ],
        [
            -0.014057819731533527,
            -0.00037393905222415924,
            -0.003641439601778984
        ],
        [
            -0.020549237728118896,
            0.008175324648618698,
            -0.003970176912844181
        ],
        [
            -0.014299963600933552,
            -0.006998751312494278,
            -0.0024459154810756445
        ],
        [
            -0.022620821371674538,
            -0.005960749462246895,
            -0.006769201718270779
        ],
        [
            0.06024898961186409,
            -0.023913657292723656,
            -0.014886962249875069
        ],
        [
            0.009438619948923588,
            -0.013705385848879814,
            -0.002774490974843502
        ],
        [
            0.07560544461011887,
            -0.018231648951768875,
            -0.020003559067845345
        ],
        [
            0.05027661845088005,
            -0.01993822492659092,
            -0.028718605637550354
        ],
        [
            0.06090398505330086,
            -0.013015694916248322,
            -0.03288159891963005
        ],
        [
            0.09074802696704865,
            -0.010797066614031792,
            -0.02633027173578739
        ],
        [
            0.07567234337329865,
            -0.006359945982694626,
