{
    "pred_cam": [
        7.713080406188965,
        -0.1615622490644455,
        -0.055133771151304245
    ],
    "pred_mano_params": {
        "global_orient": [
            [
                [
                    -0.5836412310600281,
                    -0.6503065228462219,
                    0.4862760603427887
                ],
                [
                    -0.27691030502319336,
                    -0.4035598933696747,
                    -0.8720437288284302
                ],
                [
                    0.763337254524231,
                    -0.6436154842376709,
                    0.05545760691165924
                ]
            ]
        ],
        "hand_pose": [
            [
                [
                    0.7093242406845093,
                    -0.6377912759780884,
                    -0.30013585090637207
                ],
                [
                    0.5864782333374023,
                    0.7702072858810425,
                    -0.25064724683761597
                ],
                [
                    0.39102742075920105,
                    0.0017669909866526723,
                    0.9203774333000183
                ]
            ],
            [
                [
                    0.9768746495246887,
                    -0.16780686378479004,
                    0.13250219821929932
                ],
                [
                    0.19813650846481323,
                    0.9433857202529907,
                    -0.26601749658584595
                ],
                [
                    -0.08036112040281296,
                    0.2861192226409912,
                    0.9548182487487793
                ]
            ],
            [
                [
                    0.7968295812606812,
                    -0.5978865623474121,
                    0.08714559674263
                ],
                [
                    0.5825178027153015,
                    0.7984920740127563,
                    0.15193235874176025
                ],
                [
                    -0.1604233682155609,
                    -0.07030033320188522,
                    0.984541654586792
                ]
            ],
            [
                [
                    0.6346134543418884,
                    -0.7422713041305542,
                    -0.21517208218574524
                ],
                [
                    0.7419834136962891,
                    0.6630675196647644,
                    -0.09900572896003723
                ],
                [
                    0.21616271138191223,
                    -0.09682374447584152,
                    0.9715445637702942
                ]
            ],
            [
                [
                    0.998845636844635,
                    0.04007282853126526,
                    -0.026485443115234375
                ],
                [
                    -0.031990937888622284,
                    0.9662757515907288,
                    0.255514919757843
                ],
                [
                    0.035831451416015625,
                    -0.2543726861476898,
                    0.9664422869682312
                ]
            ],
            [
                [
                    0.9151262044906616,
                    -0.4028182029724121,
                    0.016775080934166908
                ],
                [
                    0.4025086462497711,
                    0.915217399597168,
                    0.019076216965913773
                ],
                [
                    -0.023037094622850418,
                    -0.01070503331720829,
                    0.9996772408485413
                ]
            ],
            [
                [
                    0.6738726496696472,
                    -0.6958950757980347,
                    0.24824534356594086
                ],
                [
                    0.5968707203865051,
                    0.7107670903205872,
                    0.37223052978515625
                ],
                [
                    -0.43547800183296204,
                    -0.10266558825969696,
                    0.8943259119987488
                ]
            ],
            [
                [
                    0.9703428149223328,
                    -0.0762307196855545,
                    -0.22939839959144592
                ],
                [
                    0.0435204841196537,
                    0.9885596036911011,
                    -0.14441604912281036
                ],
                [
                    0.23778289556503296,
                    0.13014954328536987,
                    0.9625592827796936
                ]
            ],
            [
                [
                    0.999000072479248,
                    -0.0017562207067385316,
                    -0.044675737619400024
                ],
                [
                    0.026585716754198074,
                    0.8267171382904053,
                    0.561989426612854
                ],
                [
                    0.03594725579023361,
                    -0.5626150965690613,
                    0.8259371519088745
                ]
            ],
            [
                [
                    0.6803175210952759,
                    -0.730681300163269,
                    0.05720958486199379
                ],
                [
                    0.7319614291191101,
                    0.673371434211731,
                    -0.10393917560577393
                ],
                [
                    0.03742310777306557,
                    0.1125868558883667,
                    0.992936909198761
                ]
            ],
            [
                [
                    0.9958049654960632,
                    0.0874718427658081,
                    0.026851415634155273
                ],
                [
                    -0.09117863327264786,
                    0.9240247011184692,
                    0.3713015615940094
                ],
                [
                    0.007667076773941517,
                    -0.37219229340553284,
                    0.928123950958252
                ]
            ],
            [
                [
                    0.8936967253684998,
                    -0.4400019347667694,
                    -0.08777482062578201
                ],
                [
                    0.4486468732357025,
                    0.8743296265602112,
                    0.18510441482067108
                ],
                [
                    -0.0047021787613630295,
                    -0.2048071175813675,
                    0.9787909984588623
                ]
            ],
            [
                [
                    0.8492078185081482,
                    -0.28786686062812805,
                    -0.44269493222236633
                ],
                [
                    -0.31335970759391785,
                    0.4000621736049652,
                    -0.8612525463104248
                ],
                [
                    0.42503154277801514,
                    0.8701051473617554,
                    0.24953004717826843
                ]
            ],
            [
                [
                    0.8377431035041809,
                    -0.4515630900859833,
                    -0.30704596638679504
                ],
                [
                    0.5432400107383728,
                    0.6320646405220032,
                    0.5526162385940552
                ],
                [
                    -0.055468201637268066,
                    -0.62975013256073,
                    0.7748149037361145
                ]
            ],
            [
                [
                    0.8378939032554626,
                    0.5365632176399231,
                    -0.10016848146915436
                ],
                [
                    -0.5317410826683044,
                    0.8438296318054199,
                    0.07213210314512253
                ],
                [
                    0.12322856485843658,
                    -0.007175360806286335,
                    0.9923524260520935
                ]
            ]
        ],
        "betas": [
            -0.11896049976348877,
            -0.19615676999092102,
            -0.1122552752494812,
            -0.05030938982963562,
            0.03887134790420532,
            0.023618508130311966,
            0.010514050722122192,
            -0.04664996266365051,
            0.01000194251537323,
            -0.04199498891830444
        ]
    },
    "pred_cam_t": [
        -0.1615622490644455,
        -0.055133771151304245,
        5.064448833465576
    ],
    "focal_length": [
        5000.0,
        5000.0
    ],
    "pred_keypoints_3d": [
        [
            0.09636233747005463,
            0.006442793179303408,
            0.006280170753598213
        ],
        [
            0.13319505751132965,
            -0.0032042679376900196,
            -0.0007122713141143322
        ],
        [
            0.15755949914455414,
            0.011541234329342842,
            -0.01284313015639782
        ],
        [
            0.17188306152820587,
            0.03187231346964836,
            -0.02402958832681179
        ],
        [
            0.1859533041715622,
            0.04643788933753967,
            -0.05500875413417816
        ],
        [
            0.16147857904434204,
            0.015067817643284798,
            -0.05685534328222275
        ],
        [
            0.1826392561197281,
            0.03863648325204849,
            -0.06694421917200089
        ],
        [
            0.19746097922325134,
            0.05535013973712921,
            -0.06542199105024338
        ],
        [
            0.21082475781440735,
            0.07038203626871109,
            -0.05056712403893471
        ],
        [
            0.1512567102909088,
            0.03645215556025505,
            -0.06562283635139465
        ],
        [
            0.17096418142318726,
            0.06150652468204498,
            -0.06774850934743881
        ],
        [
            0.18537552654743195,
            0.08000347018241882,
            -0.06642555445432663
        ],
        [
            0.2027764618396759,
            0.09823568910360336,
            -0.05970954895019531
        ],
        [
            0.13393667340278625,
            0.054245010018348694,
            -0.05550602823495865
        ],
        [
            0.1558372974395752,
            0.07294910401105881,
            -0.059891797602176666
        ],
        [
            0.17284703254699707,
            0.09132139384746552,
            -0.05995282158255577
        ],
        [
            0.19058921933174133,
            0.10862799733877182,
            -0.05268564075231552
        ],
        [
            0.12222018092870712,
            0.06756233423948288,
            -0.04266827553510666
        ],
        [
            0.1387118548154831,
            0.08097091317176819,
            -0.04456719383597374
        ],
        [
            0.15107783675193787,
            0.09554988890886307,
            -0.04602846875786781
        ],
        [
            0.16708922386169434,
            0.11177674680948257,
            -0.04300355911254883
        ]
    ],
    "pred_vertices": [
        [
            0.14249902963638306,
            0.01336436253041029,
            -0.019898492842912674
        ],
        [
            0.13493306934833527,
            0.01150408573448658,
            -0.010293804109096527
        ],
        [
            0.14167875051498413,
            0.013487549498677254,
            -0.013170983642339706
        ],
        [
            0.14946918189525604,
            0.011935919523239136,
            -0.0219992995262146
        ],
        [
            0.14037761092185974,
            0.013656015507876873,
            0.007580310106277466
        ],
        [
            0.1455698311328888,
            0.0043675899505615234,
            0.013537392020225525
        ],
        [
            0.1579357087612152,
            0.012830905616283417,
            0.003341563045978546
        ],
        [
            0.15084676444530487,
            0.020314283668994904,
            0.0014442726969718933
        ],
        [
            0.15367358922958374,
            0.011582983657717705,
            -0.025037650018930435
        ],
        [
            0.14790062606334686,
            0.015849359333515167,
            -0.015371419489383698
        ],
        [
            0.15238907933235168,
            0.01167315524071455,
            -0.026684800162911415
        ],
        [
            0.1556956022977829,
            0.0024789851158857346,
            -0.04001162201166153
        ],
        [
            0.15775129199028015,
            0.0067598153837025166,
            -0.035407137125730515
        ],
        [
            0.1583312749862671,
            0.0013335095718502998,
            -0.04858769476413727
        ],
        [
            0.14810125529766083,
            -0.004412978887557983,
            -0.04108412563800812
        ],
        [
            0.15144526958465576,
            -4.605203866958618e-05,
            -0.05484472215175629
        ],
        [
            0.12428606301546097,
            0.004983494058251381,
            -0.04552443325519562
        ],
        [
            0.11534841358661652,
            0.015117857605218887,
            -0.04388502612709999
        ],
        [
            0.12470591813325882,
            0.021985379979014397,
            -0.05708708241581917
        ],
        [
            0.13342523574829102,
            0.011390505358576775,
            -0.056863874197006226
        ],
        [
            0.11221010982990265,
            0.035786617547273636,
            -0.0473160520195961
        ],
        [
            0.1194964051246643,
            0.02856253646314144,
            -0.053421709686517715
        ],
        [
            0.10930375754833221,
            0.021303275600075722,
            -0.04114446043968201
        ],
        [
            0.1034867912530899,
            0.02820718102157116,
            -0.03618302196264267
        ],
        [
            0.13088077306747437,
            0.021156687289476395,
            -0.01590324565768242
        ],
        [
            0.1247115284204483,
            0.01841852068901062,
            -0.006717499345541
        ],
        [
            0.1278008371591568,
            0.014054498635232449,
            -0.008300960063934326
        ],
        [
            0.13443312048912048,
            0.017277916893363,
            -0.016979780048131943
        ],
        [
            0.1571047008037567,
            0.013771284371614456,
            -0.025336023420095444
        ],
        [
            0.15198346972465515,
            -0.001687927171587944,
            -0.026293933391571045
        ],
        [
            0.15165218710899353,
            0.004638863727450371,
            -0.02908680960536003
        ],
        [
            0.15561027824878693,
            0.018633410334587097,
            -0.023131489753723145
        ],
        [
            0.11027302592992783,
            0.02254849672317505,
            0.01798912137746811
        ],
        [
            0.1004713624715805,
            0.014733809977769852,
            0.023249179124832153
        ],
        [
            0.10339021682739258,
            0.009498447179794312,
            0.022668883204460144
        ],
        [
            0.11149512231349945,
            0.017382243648171425,
            0.017736859619617462
        ],
        [
            0.1236611157655716,
            -0.0025603268295526505,
            0.021790996193885803
        ],
        [
            0.11292684078216553,
            -0.006546054035425186,
            0.0224621519446373
        ],
        [
            0.10956016182899475,
            -0.019076991826295853,
            0.020448435097932816
        ],
        [
            0.12065508961677551,
            -0.017160149291157722,
            0.01693025976419449
        ],
        [
            0.1353045552968979,
            0.0006239060312509537,
            0.01869228482246399
        ],
        [
            0.13508567214012146,
            -0.012350358068943024,
            0.016260623931884766
        ],
        [
            0.14849038422107697,
            -0.006168479099869728,
            0.01075761765241623
        ],
        [
            0.16191789507865906,
            0.005312519147992134,
            -0.00011959671974182129
        ],
        [
            0.09223704785108566,
            0.024625083431601524,
            0.02252791076898575
        ],
        [
            0.09848372638225555,
            0.0319972038269043,
            0.018959686160087585
        ],
        [
            0.18963676691055298,
            0.03969593346118927,
            -0.05757075548171997
        ],
        [
            0.18619513511657715,
            0.04444640874862671,
            -0.05712047591805458
        ],
        [
            0.1830916851758957,
            0.040245722979307175,
            -0.055409085005521774
        ],
        [
            0.1871662586927414,
            0.036313723772764206,
            -0.05666201934218407
        ],
        [
            0.08077995479106903,
            0.03183797746896744,
            0.007386073470115662
        ],
        [
            0.07564686983823776,
            0.02743164822459221,
            -0.0001319795846939087
        ],
        [
            0.0720290020108223,
            0.02596632018685341,
            0.006081037223339081
        ],
        [
            0.07759164273738861,
            0.028290655463933945,
            0.01332644373178482
        ],
        [
            0.08506383001804352,
            0.03647113963961601,
            -0.00045018643140792847
        ],
        [
            0.08129864931106567,
            0.02929380163550377,
            -0.0083700530230999
        ],
        [
            0.19160205125808716,
            0.03691016137599945,
            -0.06989743560552597
        ],
        [
            0.19309572875499725,
            0.03613249212503433,
            -0.06500916182994843
        ],
        [
            0.18962784111499786,
            0.032251764088869095,
            -0.06557471305131912
        ],
        [
            0.18694312870502472,
            0.0331338606774807,
            -0.06994065642356873
        ],
        [
            0.15586844086647034,
            0.010756636038422585,
            -0.030894193798303604
        ],
        [
            0.14961783587932587,
            0.015537338331341743,
            -0.02750687301158905
        ],
        [
            0.1645171195268631,
            0.01581454649567604,
            -0.04463579133152962
        ],
        [
            0.15803255140781403,
            0.016257399693131447,
            -0.038989003747701645
        ],
        [
            0.1605580747127533,
            0.009920910932123661,
            -0.03928227722644806
        ],
        [
            0.16542525589466095,
            0.009899202734231949,
            -0.04493287205696106
        ],
        [
            0.14092326164245605,
            0.0317947082221508,
            -0.03383808583021164
        ],
        [
            0.13462284207344055,
            0.027393680065870285,
            -0.024921253323554993
        ],
        [
            0.13927151262760162,
            0.023124821484088898,
            -0.02684544026851654
        ],
        [
            0.14767971634864807,
            0.026880789548158646,
            -0.036177221685647964
        ],
        [
            0.12739141285419464,
            0.038794685155153275,
            -0.02051839977502823
        ],
        [
            0.1338396817445755,
            0.04202364385128021,
            -0.029994070529937744
        ],
        [
            0.12895028293132782,
            0.04808485135436058,
            -0.0263834148645401
        ],
        [
            0.1259031444787979,
            0.0451032929122448,
            -0.019615303725004196
        ],
        [
            0.14574405550956726,
            0.04401792585849762,
            -0.04659812152385712
        ],
        [
            0.1485249549150467,
            0.04533134400844574,
            -0.05177592858672142
        ],
        [
            0.14793753623962402,
            0.04958712309598923,
            -0.05062943324446678
        ],
        [
            0.14348508417606354,
            0.04687006399035454,
            -0.045378826558589935
        ],
        [
            0.06795686483383179,
            0.023666679859161377,
            0.01147439330816269
        ],
        [
            0.07474923878908157,
            0.02403618022799492,
            0.01858876645565033
        ],
        [
            0.10245028138160706,
            0.051623862236738205,
            -0.03567132353782654
        ],
        [
            0.1014009565114975,
            0.056686244904994965,
            -0.025704916566610336
        ],
        [
            0.10755425691604614,
            0.06447239965200424,
            -0.03432632237672806
        ],
        [
            0.10678119957447052,
            0.05698546767234802,
            -0.04336416348814964
        ],
        [
            0.07568912953138351,
            0.01973341405391693,
            -0.007137656211853027
        ],
        [
            0.07018722593784332,
            0.019580870866775513,
            -0.0014903917908668518
        ],
        [
            0.1879521757364273,
            0.04052004963159561,
            -0.07335518300533295
        ],
        [
            0.18290431797504425,
            0.036775946617126465,
            -0.07231692969799042
        ],
        [
            0.14348317682743073,
            -0.016785040497779846,
            0.0030478239059448242
        ],
        [
            0.16125692427158356,
            -0.0022437777370214462,
            -0.006188333034515381
        ],
        [
            0.12645694613456726,
            -0.022481855005025864,
            0.0076050832867622375
        ],
        [
            0.1135118156671524,
            -0.024075152352452278,
            0.008958715945482254
        ],
        [
            0.10396408289670944,
            -0.02616809494793415,
            0.01204649731516838
        ],
        [
            0.15695907175540924,
            0.022177468985319138,
            -0.04145798087120056
        ],
        [
            0.14171893894672394,
            0.018448565155267715,
            -0.024204585701227188
        ],
        [
            0.12788954377174377,
            0.025092191994190216,
            -0.014625288546085358
        ],
        [
            0.11571280658245087,
            0.05257081985473633,
            -0.007451336830854416
        ],
        [
            0.11077916622161865,
            0.048395972698926926,
            0.0009675696492195129
        ],
        [
            0.11862913519144058,
            0.042142465710639954,
            -0.0027398057281970978
        ],
        [
            0.12091904878616333,
            0.04688735678792,
            -0.009790398180484772
        ],
        [
            0.10685409605503082,
            0.061076488345861435,
            -0.01860542595386505
        ],
        [
            0.1145033985376358,
            0.06027854606509209,
            -0.01628974825143814
        ],
        [
            0.1183558851480484,
            0.06401766091585159,
            -0.023258574306964874
        ],
        [
            0.11180069297552109,
            0.06624047458171844,
            -0.026460062712430954
        ],
        [
            0.1625102311372757,
            0.009110141545534134,
            -0.025317654013633728
        ],
        [
            0.1537863314151764,
            -0.006782708689570427,
            -0.022416550666093826
        ],
        [
            0.08831857144832611,
            0.033294208347797394,
            0.014782719314098358
        ],
        [
            0.08564735949039459,
            0.027620280161499977,
            0.019542060792446136
        ],
        [
            0.08038805425167084,
            0.022244662046432495,
            0.02363426238298416
        ],
        [
            0.1186278834939003,
            0.019130341708660126,
            0.006369680166244507
        ],
        [
            0.11251430213451385,
            0.013717366382479668,
            0.017760805785655975
        ],
        [
            0.11569815874099731,
            0.01023138128221035,
            0.017579279839992523
        ],
        [
            0.11955620348453522,
            0.015577292069792747,
            0.005249321460723877
        ],
        [
            0.1298568993806839,
            0.011813855729997158,
            0.0010684877634048462
        ],
        [
            0.12954625487327576,
            0.00864717923104763,
            0.013672523200511932
        ],
        [
            0.13735800981521606,
            0.017302587628364563,
            -0.0032465197145938873
        ],
        [
            0.10656660795211792,
            0.0017350167036056519,
            0.02316451072692871
        ],
        [
            0.09702195227146149,
            0.004099959507584572,
            0.02872408926486969
        ],
        [
            0.10064186155796051,
            -0.004036061465740204,
            0.0276934951543808
        ],
        [
            0.09126577526330948,
            0.012065770104527473,
            0.028459347784519196
        ],
        [
            0.08553916215896606,
            0.01872854121029377,
            0.02692563086748123
        ],
        [
            0.06288306415081024,
            0.017560087144374847,
            0.00251162052154541
        ],
        [
            0.1037052720785141,
            -0.011355936527252197,
            0.02520306408405304
        ],
        [
            0.15889044106006622,
            0.023407593369483948,
            -0.003896564245223999
        ],
        [
            0.16525349020957947,
            0.02719445526599884,
            -0.008738003671169281
        ],
        [
            0.15902599692344666,
            0.028569111600518227,
            -0.012159373611211777
        ],
        [
            0.15293022990226746,
            0.024784162640571594,
            -0.008851327002048492
        ],
        [
            0.1630364954471588,
            0.004172154702246189,
            -0.05630376562476158
        ],
        [
            0.16600030660629272,
            0.006434379145503044,
            -0.04940485209226608
        ],
        [
            0.16080541908740997,
            0.004087613429874182,
            -0.04220648109912872
        ],
        [
            0.11351349949836731,
            0.031347453594207764,
            0.010848164558410645
        ],
        [
            0.10350446403026581,
            0.03900393843650818,
            0.01220954954624176
        ],
        [
            0.16286160051822662,
            0.021657921373844147,
            -0.04712522774934769
        ],
        [
            0.1830335557460785,
            0.029696058481931686,
            -0.0707954466342926
        ],
        [
            0.18602044880390167,
            0.02831229940056801,
            -0.0658939778804779
        ],
        [
            0.17433522641658783,
            0.014262430369853973,
            -0.06130029261112213
        ],
        [
            0.17144052684307098,
            0.016249701380729675,
            -0.06728321313858032
        ],
        [
            0.16194748878479004,
            0.02785562165081501,
            -0.055541105568408966
        ],
        [
            0.1638842225074768,
            0.024219993501901627,
            -0.04973720759153366
        ],
        [
            0.16410277783870697,
            0.026137657463550568,
            -0.05141071975231171
        ],
        [
            0.16212491691112518,
            0.0309543889015913,
            -0.055493660271167755
        ],
        [
            0.14164693653583527,
            0.054777294397354126,
            -0.0460614413022995
        ],
        [
            0.1380004584789276,
            0.052202340215444565,
            -0.04127749800682068
        ],
        [
            0.1446308046579361,
            0.019691742956638336,
            -0.06523402780294418
        ],
        [
            0.14893555641174316,
            0.006988015957176685,
            -0.06673134863376617
        ],
        [
            0.1412724107503891,
            0.0025249794125556946,
            -0.05710146948695183
        ],
        [
            0.1362481415271759,
            0.03709403797984123,
            -0.031332481652498245
        ],
        [
            0.14143045246601105,
            0.041634365916252136,
            -0.03920087218284607
        ],
        [
            0.1389276385307312,
            0.04479386657476425,
            -0.03815225884318352
        ],
        [
            0.1567678600549698,
            0.02594871073961258,
            -0.04445742815732956
        ],
        [
            0.16048994660377502,
            0.02655586041510105,
            -0.04991434887051582
        ],
        [
            0.15709920227527618,
            0.029527941718697548,
            -0.04899100214242935
        ],
        [
            0.1527715027332306,
            0.02946091815829277,
            -0.04319942742586136
        ],
        [
            0.09430582821369171,
            0.04954221844673157,
            -0.017049618065357208
        ],
        [
            0.10056982934474945,
            0.055059079080820084,
            -0.008866101503372192
        ],
        [
            0.19226573407649994,
            0.036908842623233795,
            -0.060471490025520325
        ],
        [
            0.1894437074661255,
            0.03328421711921692,
            -0.060497358441352844
        ],
        [
            0.13021056354045868,
            0.032653797417879105,
            -0.022608913481235504
        ],
        [
            0.13343088328838348,
            -0.0017143618315458298,
            -0.04494907706975937
        ],
        [
            0.1248803362250328,
            0.02941116690635681,
            -0.012942694127559662
        ],
        [
            0.12290328741073608,
            0.05373907834291458,
            -0.05393421649932861
        ],
        [
            0.12685754895210266,
            0.059265509247779846,
            -0.04881029576063156
        ],
        [
            0.13142982125282288,
            0.06092081218957901,
            -0.05159610137343407
        ],
        [
            0.1298486888408661,
            0.05827861279249191,
            -0.05702581629157066
        ],
        [
            0.17168046534061432,
            0.04216945916414261,
            -0.06043912097811699
        ],
        [
            0.17527148127555847,
            0.04073946177959442,
            -0.056015923619270325
        ],
        [
            0.17869523167610168,
            0.044419899582862854,
            -0.05711332708597183
        ],
        [
            0.1757730394601822,
            0.0461394265294075,
            -0.06184937804937363
        ],
        [
            0.16676491498947144,
            0.01947025954723358,
            -0.04773399606347084
        ],
        [
            0.16936613619327545,
            0.013664951547980309,
            -0.04832804575562477
        ],
        [
            0.1721653789281845,
            0.01871023327112198,
            -0.050341930240392685
        ],
        [
            0.1681991070508957,
            0.0232105515897274,
            -0.05020498111844063
        ],
        [
            0.17044803500175476,
            0.010435568168759346,
            -0.05315234139561653
        ],
        [
            0.17430779337882996,
            0.015105577185750008,
            -0.05502137541770935
        ],
        [
            0.17080920934677124,
            0.041012074798345566,
            -0.06678718328475952
        ],
        [
            0.17367608845233917,
            0.0369274728000164,
            -0.07239483296871185
        ],
        [
            0.1621519923210144,
            0.026317588984966278,
            -0.06917553395032883
        ],
        [
            0.16195052862167358,
            0.03161881864070892,
            -0.06309235095977783
        ],
        [
            0.09425441920757294,
            0.02059169113636017,
            -0.0266481414437294
        ],
        [
            0.08974464237689972,
            0.029615793377161026,
            -0.021759577095508575
        ],
        [
            0.0986984521150589,
            0.03745461255311966,
            -0.031247708946466446
        ],
        [
            0.10645510256290436,
            0.04539032280445099,
            -0.04139518365263939
        ],
        [
            0.11501895636320114,
            0.05198714882135391,
            -0.050368208438158035
        ],
        [
            0.11871793866157532,
            0.04233197122812271,
            -0.05737733840942383
        ],
        [
            0.09525270760059357,
            0.04309109225869179,
            -0.02633098140358925
        ],
        [
            0.15666164457798004,
            0.027787568047642708,
            -0.061392199248075485
        ],
        [
            0.15434779226779938,
            0.02013206295669079,
            -0.06665892899036407
        ],
        [
            0.15205994248390198,
            0.024667127057909966,
            -0.0649549663066864
        ],
        [
            0.1224496141076088,
            0.03598027676343918,
            -0.01027466356754303
        ],
        [
            0.18644766509532928,
            0.028973963111639023,
            -0.06068333983421326
        ],
        [
            0.09448576718568802,
            -0.019325105473399162,
            -0.0071714408695697784
        ],
        [
            0.08496851474046707,
            -0.009674597531557083,
            -0.0103825144469738
        ],
        [
            0.09207049012184143,
            -0.007963307201862335,
            -0.015349946916103363
        ],
        [
            0.10384169220924377,
            -0.018412917852401733,
            -0.011148016899824142
        ],
        [
            0.1802443265914917,
            0.03638278692960739,
            -0.05399766564369202
        ],
        [
            0.18457943201065063,
            0.032027263194322586,
            -0.05543863773345947
        ],
        [
            0.13516375422477722,
            0.05799703299999237,
            -0.040189459919929504
        ],
        [
            0.13835972547531128,
            0.059351008385419846,
            -0.045210592448711395
        ],
        [
            0.1360796093940735,
            0.06217293441295624,
            -0.04701514542102814
        ],
        [
            0.13380837440490723,
            0.06337461620569229,
            -0.041208211332559586
        ],
        [
            0.08734342455863953,
            0.03346100077033043,
            -0.017826419323682785
        ],
        [
            0.1135038435459137,
            0.06966301798820496,
            -0.03751523792743683
        ],
        [
            0.11219880729913712,
            0.06274015456438065,
            -0.04623869061470032
        ],
        [
            0.0821230560541153,
            0.0224316269159317,
            -0.013706758618354797
        ],
        [
            0.08549220114946365,
            0.014410808682441711,
            -0.01830129697918892
        ],
        [
            0.07893797010183334,
            0.010481156408786774,
            -0.012158043682575226
        ],
        [
            0.13155224919319153,
            0.036022987216711044,
            -0.06322582066059113
        ],
        [
            0.09945270419120789,
            0.01503269374370575,
            -0.030913449823856354
        ],
        [
            0.09017087519168854,
            0.009070921689271927,
            -0.02129194885492325
        ],
        [
            0.08252576738595963,
            0.004118185490369797,
            -0.014126744121313095
        ],
        [
            0.07634938508272171,
            0.0010630786418914795,
            -0.009351890534162521
        ],
        [
            0.07311714440584183,
            0.008378889411687851,
            -0.007612593472003937
        ],
        [
            0.17827823758125305,
            0.03334302455186844,
            -0.07271498441696167
        ],
        [
            0.17828984558582306,
            0.04159417003393173,
            -0.07269865274429321
        ],
        [
            0.06527163088321686,
            0.00590195506811142,
            -0.0036271139979362488
        ],
        [
            0.06968904286623001,
            -0.002149417996406555,
            -0.0052412450313568115
        ],
        [
            0.09599246084690094,
            0.0022289231419563293,
            -0.02353646606206894
        ],
        [
            0.10449165105819702,
            -0.0060230400413274765,
            -0.02475552260875702
        ],
        [
            0.10489001125097275,
            0.008338110521435738,
            -0.032574355602264404
        ],
        [
            0.11351849138736725,
            0.0007171202450990677,
            -0.03485105186700821
        ],
        [
            0.1326083093881607,
            0.025898419320583344,
            -0.06745743751525879
        ],
        [
            0.19025932252407074,
            0.056645967066287994,
            -0.07140441238880157
        ],
        [
            0.18112142384052277,
            0.04954320192337036,
            -0.07042235136032104
        ],
        [
            0.1803886741399765,
            0.05034530162811279,
            -0.06469360738992691
        ],
        [
            0.18836337327957153,
            0.05791430175304413,
            -0.06773290038108826
        ],
        [
            0.17540179193019867,
            0.04521425813436508,
            -0.06773830205202103
        ],
        [
            0.1835554838180542,
            0.04547848924994469,
            -0.0737156793475151
        ],
        [
            0.12567894160747528,
            -0.00801454670727253,
            -0.032921202480793
        ],
        [
            0.16011527180671692,
            0.030837735161185265,
            -0.054201651364564896
        ],
        [
            0.11999411880970001,
            -0.016064772382378578,
            -0.019311431795358658
        ],
        [
            0.14130714535713196,
            -0.011032640933990479,
            -0.032739657908678055
        ],
        [
            0.1396092027425766,
            -0.015775129199028015,
            -0.021199289709329605
        ],
        [
            0.11603181064128876,
            -0.024385511875152588,
            -0.004016026854515076
        ],
        [
            0.13466483354568481,
            -0.021939706057310104,
            -0.007540840655565262
        ],
        [
            0.09655501693487167,
            -0.026108121499419212,
            0.0033037401735782623
        ],
        [
            0.10495607554912567,
            -0.024460049346089363,
            -0.0013009831309318542
        ],
        [
            0.15131326019763947,
            -0.01319190114736557,
            -0.012058991938829422
