{
    "pred_cam": [
        10.56416130065918,
        0.12603028118610382,
        -0.044539157301187515
    ],
    "pred_mano_params": {
        "global_orient": [
            [
                [
                    -0.5755253434181213,
                    -0.13894017040729523,
                    -0.805894672870636
                ],
                [
                    -0.4536133110523224,
                    -0.7657252550125122,
                    0.45596033334732056
                ],
                [
                    -0.68044513463974,
                    0.6279813051223755,
                    0.37766918540000916
                ]
            ]
        ],
        "hand_pose": [
            [
                [
                    0.6855016946792603,
                    -0.6884333491325378,
                    -0.23695357143878937
                ],
                [
                    0.6735892295837402,
                    0.7232052087783813,
                    -0.15248540043830872
                ],
                [
                    0.2763420641422272,
                    -0.05508037284016609,
                    0.9594796895980835
                ]
            ],
            [
                [
                    0.44742947816848755,
                    -0.8612620234489441,
                    0.24090366065502167
                ],
                [
                    0.8886507153511047,
                    0.39787909388542175,
                    -0.2280179262161255
                ],
                [
                    0.1005326583981514,
                    0.3161011338233948,
                    0.9433839917182922
                ]
            ],
            [
                [
                    0.8258601427078247,
                    -0.5411887764930725,
                    0.158333882689476
                ],
                [
                    0.5385492444038391,
                    0.8402412533760071,
                    0.06292250752449036
                ],
                [
                    -0.16709162294864655,
                    0.03330540284514427,
                    0.9853785634040833
                ]
            ],
            [
                [
                    0.5417515635490417,
                    -0.8127803206443787,
                    -0.2142271101474762
                ],
                [
                    0.8379632234573364,
                    0.542191743850708,
                    0.062014076858758926
                ],
                [
                    0.06574834883213043,
                    -0.21311067044734955,
                    0.9748132824897766
                ]
            ],
            [
                [
                    0.6715079545974731,
                    -0.717609167098999,
                    -0.1847003698348999
                ],
                [
                    0.7409593462944031,
                    0.6477540135383606,
                    0.17718347907066345
                ],
                [
                    -0.007508065551519394,
                    -0.25583556294441223,
                    0.9666911959648132
                ]
            ],
            [
                [
                    0.8116593956947327,
                    -0.5839899182319641,
                    0.012841664254665375
                ],
                [
                    0.5828364491462708,
                    0.8111274838447571,
                    0.04872110113501549
                ],
                [
                    -0.03886885941028595,
                    -0.03206034377217293,
                    0.9987298250198364
                ]
            ],
            [
                [
                    0.5243143439292908,
                    -0.8100911378860474,
                    0.2623867988586426
                ],
                [
                    0.6635919213294983,
                    0.5818110704421997,
                    0.47025689482688904
                ],
                [
                    -0.533610463142395,
                    -0.07244466245174408,
                    0.8426218032836914
                ]
            ],
            [
                [
                    0.6594834923744202,
                    -0.7320200204849243,
                    -0.17096272110939026
                ],
                [
                    0.5979399681091309,
                    0.3729940950870514,
                    0.7094668745994568
                ],
                [
                    -0.4555758535861969,
                    -0.570107102394104,
                    0.6836874485015869
                ]
            ],
            [
                [
                    0.9015202522277832,
                    -0.4312530755996704,
                    0.035805072635412216
                ],
                [
                    0.3462553918361664,
                    0.7685078382492065,
                    0.5380547642707825
                ],
                [
                    -0.2595542371273041,
                    -0.4726695716381073,
                    0.8421490788459778
                ]
            ],
            [
                [
                    0.5973193645477295,
                    -0.7971868515014648,
                    0.0877646878361702
                ],
                [
                    0.7974846959114075,
                    0.6019870042800903,
                    0.04037116467952728
                ],
                [
                    -0.08501657098531723,
                    0.045876506716012955,
                    0.9953228235244751
                ]
            ],
            [
                [
                    0.6755168437957764,
                    -0.716404378414154,
                    -0.17447568476200104
                ],
                [
                    0.686594545841217,
                    0.5248887538909912,
                    0.5030704140663147
                ],
                [
                    -0.2688215374946594,
                    -0.45962655544281006,
                    0.8464505672454834
                ]
            ],
            [
                [
                    0.7858920693397522,
                    -0.6183341145515442,
                    0.006045496091246605
                ],
                [
                    0.5897008180618286,
                    0.7523700594902039,
                    0.2935850918292999
                ],
                [
                    -0.186082124710083,
                    -0.22716116905212402,
                    0.955913782119751
                ]
            ],
            [
                [
                    0.9434585571289062,
                    0.23076453804969788,
                    0.23797821998596191
                ],
                [
                    -0.057227034121751785,
                    0.8205087780952454,
                    -0.5687621235847473
                ],
                [
                    -0.3265133798122406,
                    0.5229847431182861,
                    0.7873219847679138
                ]
            ],
            [
                [
                    0.9846250414848328,
                    -0.17213952541351318,
                    0.029691219329833984
                ],
                [
                    0.1235659196972847,
                    0.8065110445022583,
                    0.5781621336936951
                ],
                [
                    -0.12347084283828735,
                    -0.565604031085968,
                    0.8153815269470215
                ]
            ],
            [
                [
                    0.6783655881881714,
                    -0.7124060392379761,
                    -0.1797158569097519
                ],
                [
                    0.3200471103191376,
                    0.5066977739334106,
                    -0.8005168437957764
                ],
                [
                    0.6613546013832092,
                    0.48552557826042175,
                    0.571729838848114
                ]
            ]
        ],
        "betas": [
            -0.12483638525009155,
            -0.11360061168670654,
            0.014559239149093628,
            -0.009720176458358765,
            -0.029206395149230957,
            0.0024465061724185944,
            -0.020616978406906128,
            0.03492765128612518,
            -0.00948263704776764,
            -0.02339276671409607
        ]
    },
    "pred_cam_t": [
        -0.12603028118610382,
        -0.044539157301187515,
        3.697643280029297
    ],
    "focal_length": [
        5000.0,
        5000.0
    ],
    "pred_keypoints_3d": [
        [
            0.09623678028583527,
            0.006436899304389954,
            0.006242589093744755
        ],
        [
            0.09136475622653961,
            0.04124581441283226,
            0.022703751921653748
        ],
        [
            0.07952147722244263,
            0.06766694784164429,
            0.03372083604335785
        ],
        [
            0.07195818424224854,
            0.090227872133255,
            0.046973951160907745
        ],
        [
            0.08543377369642258,
            0.12055427581071854,
            0.04014255851507187
        ],
        [
            0.13120687007904053,
            0.06004928797483444,
            0.07107190787792206
        ],
        [
            0.15449562668800354,
            0.08347992599010468,
            0.07363521307706833
        ],
        [
            0.15560059249401093,
            0.0932670533657074,
            0.05361677706241608
        ],
        [
            0.147007554769516,
            0.09629282355308533,
            0.030522815883159637
        ],
        [
            0.1539980173110962,
            0.04921634867787361,
            0.0687832310795784
        ],
        [
            0.17386382818222046,
            0.07309676706790924,
            0.06144972890615463
        ],
        [
            0.17225795984268188,
            0.08598116785287857,
            0.04195377603173256
        ],
        [
            0.16058342158794403,
            0.09463557600975037,
            0.020826850086450577
        ],
        [
            0.16580450534820557,
            0.03452001512050629,
            0.04955735057592392
        ],
        [
            0.18190932273864746,
            0.05868278443813324,
            0.04798145592212677
        ],
        [
            0.17940036952495575,
            0.07296250015497208,
            0.027656950056552887
        ],
        [
            0.16537462174892426,
            0.08185756206512451,
            0.008611969649791718
        ],
        [
            0.17257091403007507,
            0.025615710765123367,
            0.030647963285446167
        ],
        [
            0.18323837220668793,
            0.04379017651081085,
            0.027647309005260468
        ],
        [
            0.17476749420166016,
            0.053817834705114365,
            0.013766858726739883
        ],
        [
            0.1579177975654602,
            0.057234685868024826,
            0.0038825569208711386
        ]
    ],
    "pred_vertices": [
        [
            0.11344165354967117,
            0.05149070546030998,
            0.03625383973121643
        ],
        [
            0.1080639511346817,
            0.04979107528924942,
            0.02827771008014679
        ],
        [
            0.10397450625896454,
            0.060877908021211624,
            0.03287957236170769
        ],
        [
            0.10988175123929977,
            0.06103970855474472,
            0.04102889820933342
        ],
        [
            0.09405677020549774,
            0.05777563899755478,
            0.012612581253051758
        ],
        [
            0.08337688446044922,
            0.05515217036008835,
            0.009053729474544525
        ],
        [
            0.0805569514632225,
            0.06871077418327332,
            0.017904158681631088
        ],
        [
            0.08927503228187561,
            0.0710049569606781,
            0.019699007272720337
        ],
        [
            0.1050446629524231,
            0.06808418780565262,
            0.04666467383503914
        ],
        [
            0.10044477134943008,
            0.06933941692113876,
            0.0368957482278347
        ],
        [
            0.09779256582260132,
            0.06867967545986176,
            0.050806500017642975
        ],
        [
            0.10452909767627716,
            0.06196322292089462,
            0.06239566579461098
        ],
        [
            0.10981776565313339,
            0.06442488729953766,
            0.05629934370517731
        ],
        [
            0.11115307360887527,
            0.06024191156029701,
            0.06952286511659622
        ],
        [
            0.09910301119089127,
            0.05162155628204346,
            0.06392081081867218
        ],
        [
            0.1129876896739006,
            0.05159935727715492,
            0.07445918023586273
        ],
        [
            0.1161675900220871,
            0.02496938779950142,
            0.0587075799703598
        ],
        [
            0.12475218623876572,
            0.016762182116508484,
            0.05167193338274956
        ],
        [
            0.13688620924949646,
            0.023842638358473778,
            0.062818244099617
        ],
        [
            0.1270633190870285,
            0.032320424914360046,
            0.06824696063995361
        ],
        [
            0.1454189121723175,
            0.013698481023311615,
            0.04620657488703728
        ],
        [
            0.14133261144161224,
            0.019596587866544724,
            0.05584976077079773
        ],
        [
            0.12919288873672485,
            0.011493884027004242,
            0.04565676301717758
        ],
        [
            0.13343210518360138,
            0.006814662367105484,
            0.03744738548994064
        ],
        [
            0.11996287107467651,
            0.03770153224468231,
            0.026520781219005585
        ],
        [
            0.11490549147129059,
            0.03385135531425476,
            0.018525652587413788
        ],
        [
            0.11246763169765472,
            0.03865518420934677,
            0.022893618792295456
        ],
        [
            0.11705216765403748,
            0.04188520461320877,
            0.0299457386136055
        ],
        [
            0.08220802247524261,
            0.06905631721019745,
            0.049264103174209595
        ],
        [
            0.08464384078979492,
            0.058269236236810684,
            0.0505778007209301
        ],
        [
            0.0913626030087471,
            0.06249992549419403,
            0.05352611094713211
        ],
        [
            0.08597198128700256,
            0.07293771207332611,
            0.04811643064022064
        ],
        [
            0.10722175240516663,
            0.02285677380859852,
            -0.00820905715227127
        ],
        [
            0.09747868776321411,
            0.013893932104110718,
            -0.011633910238742828
        ],
        [
            0.09322430193424225,
            0.016520939767360687,
            -0.008537299931049347
        ],
        [
            0.10336317121982574,
            0.02382403425872326,
            -0.005577646195888519
        ],
        [
            0.0827765017747879,
            0.03336559608578682,
            0.0015396252274513245
        ],
        [
            0.07940924167633057,
            0.023599594831466675,
            -4.6469271183013916e-05
        ],
        [
            0.0672672837972641,
            0.018864452838897705,
            0.005989596247673035
        ],
        [
            0.06986796855926514,
            0.026765625923871994,
            0.010634250938892365
        ],
        [
            0.0839923694729805,
            0.044369444251060486,
            0.004804767668247223
        ],
        [
            0.07239806652069092,
            0.03873976692557335,
            0.01086137443780899
        ],
        [
            0.0742078572511673,
            0.04948880150914192,
            0.013331979513168335
        ],
        [
            0.07353933155536652,
            0.06259675323963165,
            0.021098509430885315
        ],
        [
            0.10653581470251083,
            0.005908951163291931,
            -0.016334351152181625
        ],
        [
            0.11496832966804504,
            0.011652324348688126,
            -0.014958325773477554
        ],
        [
            0.1432580053806305,
            0.0847102552652359,
            0.06379002332687378
        ],
        [
            0.147157683968544,
            0.08111294358968735,
            0.06042485684156418
        ],
        [
            0.14548002183437347,
            0.08009803295135498,
            0.06117480248212814
        ],
        [
            0.14223326742649078,
            0.08369085192680359,
            0.06455159187316895
        ],
        [
            0.11870291084051132,
            -0.007891301065683365,
            -0.007516220211982727
        ],
        [
            0.11738813668489456,
            -0.014427632093429565,
            0.00015049055218696594
        ],
        [
            0.11346644163131714,
            -0.016977164894342422,
            -0.005516450852155685
        ],
        [
            0.11299167573451996,
            -0.010113168507814407,
            -0.012052461504936218
        ],
        [
            0.1261996328830719,
            -0.004885129630565643,
            -0.0015050917863845825
        ],
        [
            0.12253842502832413,
            -0.010180898010730743,
            0.007859412580728531
        ],
        [
            0.15009434521198273,
            0.09052784740924835,
            0.07319001853466034
        ],
        [
            0.14555831253528595,
            0.09044306725263596,
            0.07033230364322662
        ],
        [
            0.14473207294940948,
            0.08767057955265045,
            0.07365753501653671
        ],
        [
            0.14905431866645813,
            0.08615170419216156,
            0.0767742246389389
        ],
        [
            0.1147681400179863,
            0.06160236522555351,
            0.04929222911596298
        ],
        [
            0.11909114569425583,
            0.05497374385595322,
            0.04280003905296326
        ],
        [
            0.12694349884986877,
            0.06487153470516205,
            0.06009138002991676
        ],
        [
            0.12499767541885376,
            0.060004621744155884,
            0.05396197736263275
        ],
        [
            0.11876364052295685,
            0.06270486116409302,
            0.05735784024000168
        ],
        [
            0.12132422626018524,
            0.06573500484228134,
            0.06297920644283295
        ],
        [
            0.13684651255607605,
            0.044304996728897095,
            0.04010658338665962
        ],
        [
            0.12911267578601837,
            0.03956838324666023,
            0.03269488364458084
        ],
        [
            0.12611794471740723,
            0.043876487761735916,
            0.037019822746515274
        ],
        [
            0.1334724873304367,
            0.05040353909134865,
            0.045323483645915985
        ],
        [
            0.13762138783931732,
            0.03346797823905945,
            0.022956855595111847
        ],
        [
            0.14446969330310822,
            0.038223762065172195,
            0.03135925531387329
        ],
        [
            0.14843958616256714,
            0.03408771753311157,
            0.024861279875040054
        ],
        [
            0.1430046409368515,
            0.03227943927049637,
            0.01939260959625244
        ],
        [
            0.15312457084655762,
            0.04722186550498009,
            0.04749051481485367
        ],
        [
            0.15589462220668793,
            0.049479078501462936,
            0.05178619176149368
        ],
        [
            0.15911568701267242,
            0.04925458878278732,
            0.04912702366709709
        ],
        [
            0.1550435572862625,
            0.04535222798585892,
            0.044812776148319244
        ],
        [
            0.10907662659883499,
            -0.020090702921152115,
            -0.01023624837398529
        ],
        [
            0.10690140724182129,
            -0.012099429965019226,
            -0.01568305492401123
        ],
        [
            0.15526902675628662,
            0.006204867735505104,
            0.0277897659689188
        ],
        [
            0.15578007698059082,
            0.007003387436270714,
            0.0164625383913517
        ],
        [
            0.1670648157596588,
            0.011883130297064781,
            0.02250487729907036
        ],
        [
            0.16385895013809204,
            0.00924658589065075,
            0.03383544087409973
        ],
        [
            0.11303941905498505,
            -0.01586637645959854,
            0.009551521390676498
        ],
        [
            0.11047520488500595,
            -0.020355239510536194,
            0.0035659372806549072
        ],
        [
            0.15611059963703156,
            0.08793118596076965,
            0.07377892732620239
        ],
        [
            0.15488162636756897,
            0.08341537415981293,
            0.0769883394241333
        ],
        [
            0.07019804418087006,
            0.040096692740917206,
            0.023115236312150955
        ],
        [
            0.07044520229101181,
            0.05669527128338814,
            0.028053659945726395
        ],
        [
            0.06900173425674438,
            0.027141239494085312,
            0.020211316645145416
        ],
        [
            0.06790506839752197,
            0.017857510596513748,
            0.018017873167991638
        ],
        [
            0.06420913338661194,
            0.011259101331233978,
            0.01476115733385086
        ],
        [
            0.13158586621284485,
            0.058376844972372055,
            0.053484007716178894
        ],
        [
            0.12076161801815033,
            0.04722946137189865,
            0.03709515184164047
        ],
        [
            0.12282717227935791,
            0.03476431965827942,
            0.02317243069410324
        ],
        [
            0.14486247301101685,
            0.024481138214468956,
            0.003712266683578491
        ],
        [
            0.137583389878273,
            0.02101416327059269,
            -0.0031016282737255096
        ],
        [
            0.13349342346191406,
            0.028014302253723145,
            0.00406121090054512
        ],
        [
            0.14067533612251282,
            0.029126128181815147,
            0.00894206017255783
        ],
        [
            0.15710291266441345,
            0.01372312568128109,
            0.009145475924015045
        ],
        [
            0.15548154711723328,
            0.021692004054784775,
            0.008550912141799927
        ],
        [
            0.16177958250045776,
            0.024099212139844894,
            0.014001045376062393
        ],
        [
            0.1653330773115158,
            0.01717451401054859,
            0.015252213925123215
        ],
        [
            0.07495850324630737,
            0.06720202416181564,
            0.047515153884887695
        ],
        [
            0.07840009778738022,
            0.055508244782686234,
            0.04660293087363243
        ],
        [
            0.11742300540208817,
            0.0009056180715560913,
            -0.013454422354698181
        ],
        [
            0.11022436618804932,
            -0.0010568052530288696,
            -0.015958189964294434
        ],
        [
            0.10347698628902435,
            -0.005656614899635315,
            -0.018565814942121506
        ],
        [
            0.11064586043357849,
            0.029560863971710205,
            0.005330383777618408
        ],
        [
            0.10078459978103638,
            0.02466016635298729,
            -0.0038284137845039368
        ],
        [
            0.09869176894426346,
            0.02777910605072975,
            -0.001396283507347107
        ],
        [
            0.10941173136234283,
            0.030996788293123245,
            0.008314967155456543
        ],
        [
            0.10465165972709656,
            0.04812147095799446,
            0.017694152891635895
        ],
        [
            0.0972144827246666,
            0.04370449483394623,
            0.006663195788860321
        ],
        [
            0.10094259679317474,
            0.060779087245464325,
            0.0225239098072052
        ],
        [
            0.08642760664224625,
            0.019160721451044083,
            -0.00539601594209671
        ],
        [
            0.08542795479297638,
            0.01130494475364685,
            -0.013231426477432251
        ],
        [
            0.07845932990312576,
            0.014256346970796585,
            -0.00850251317024231
        ],
        [
            0.09264713525772095,
            0.005751539021730423,
            -0.01708235591650009
        ],
        [
            0.09914285689592361,
            -7.162615656852722e-05,
            -0.01927584782242775
        ],
        [
            0.10676166415214539,
            -0.02689424902200699,
            -0.0005745775997638702
        ],
        [
            0.07262126356363297,
            0.01609242707490921,
            -0.0026032179594039917
        ],
        [
            0.08498654514551163,
            0.07727038115262985,
            0.02601861208677292
        ],
        [
            0.08032846450805664,
            0.08188429474830627,
            0.03079064190387726
        ],
        [
            0.08619243651628494,
            0.0811178907752037,
            0.036169033497571945
        ],
        [
            0.09065297245979309,
            0.07679977267980576,
            0.03237156569957733
        ],
        [
            0.1189800426363945,
            0.06227694824337959,
            0.07547363638877869
        ],
        [
            0.11895257234573364,
            0.0660899430513382,
            0.06869246065616608
        ],
        [
            0.11252894997596741,
            0.06352345645427704,
            0.06289944052696228
        ],
        [
            0.11805874109268188,
            0.025055982172489166,
            -0.004782445728778839
        ],
        [
            0.12425074726343155,
            0.01559760794043541,
            -0.01079636812210083
        ],
        [
            0.13322480022907257,
            0.06330151855945587,
            0.05958132818341255
        ],
        [
            0.14709287881851196,
            0.0825941190123558,
            0.07925644516944885
        ],
        [
            0.1422765552997589,
            0.0848468765616417,
            0.07608938217163086
        ],
        [
            0.1303960233926773,
            0.07227291166782379,
            0.07723412662744522
        ],
        [
            0.13543447852134705,
            0.06928261369466782,
            0.0813070759177208
        ],
        [
            0.14187005162239075,
            0.06197025626897812,
            0.06430459767580032
        ],
        [
            0.13596594333648682,
            0.0645214393734932,
            0.06087944656610489
        ],
        [
            0.13786515593528748,
            0.06471353769302368,
            0.06133880838751793
        ],
        [
            0.1442893147468567,
            0.06287748366594315,
            0.0625755712389946
        ],
        [
            0.1620303839445114,
            0.04408730939030647,
            0.04181509464979172
        ],
        [
            0.15811800956726074,
            0.04087249934673309,
            0.03791914880275726
        ],
        [
            0.13873310387134552,
            0.04205075651407242,
            0.07428502291440964
        ],
        [
            0.127372145652771,
            0.04598407447338104,
            0.08148396015167236
        ],
        [
            0.11774235218763351,
            0.04035571217536926,
            0.07355383038520813
        ],
        [
            0.14056633412837982,
            0.04027644172310829,
            0.03493572399020195
        ],
        [
            0.14794234931468964,
            0.044133592396974564,
            0.04111236333847046
        ],
        [
            0.15030768513679504,
            0.04193379729986191,
            0.03844665363430977
        ],
        [
            0.13617978990077972,
            0.057837728410959244,
            0.054610032588243484
        ],
        [
            0.13889646530151367,
            0.060826193541288376,
            0.05975453555583954
        ],
        [
            0.14112357795238495,
            0.05741821974515915,
            0.05738544464111328
        ],
        [
            0.1387311816215515,
            0.05423879995942116,
            0.05147973820567131
        ],
        [
            0.14528454840183258,
            0.0015149638056755066,
            0.010072696954011917
        ],
        [
            0.14733073115348816,
            0.009317506104707718,
            0.001494619995355606
        ],
        [
            0.14290429651737213,
            0.08819559961557388,
            0.06713986396789551
        ],
        [
            0.14197412133216858,
            0.08663655072450638,
            0.06911878287792206
        ],
        [
            0.13289494812488556,
            0.03574538975954056,
            0.027754034847021103
        ],
        [
            0.10871419310569763,
            0.03417845815420151,
            0.06254913657903671
        ],
        [
            0.12599718570709229,
            0.032159000635147095,
            0.019396930932998657
        ],
        [
            0.16534031927585602,
            0.0243283212184906,
            0.04644244909286499
        ],
        [
            0.1686132848262787,
            0.02964559942483902,
            0.040116384625434875
        ],
        [
            0.17074467241764069,
            0.03412073105573654,
            0.04184161126613617
        ],
        [
            0.170574352145195,
            0.03167905658483505,
            0.04751168191432953
        ],
        [
            0.153835266828537,
            0.0721515342593193,
            0.0625864714384079
        ],
        [
            0.1496143788099289,
            0.07560312002897263,
            0.059901319444179535
        ],
        [
            0.15060804784297943,
            0.07638480514287949,
            0.06016013026237488
        ],
        [
            0.15598022937774658,
            0.074464350938797,
            0.06250140070915222
        ],
        [
            0.13058996200561523,
            0.06699918210506439,
            0.06155034527182579
        ],
        [
            0.125558540225029,
            0.0689469426870346,
            0.0649670958518982
        ],
        [
            0.12977023422718048,
            0.07171837240457535,
            0.06490525603294373
        ],
        [
            0.13417726755142212,
            0.06843769550323486,
            0.06213486194610596
        ],
        [
            0.12409989535808563,
            0.06917046010494232,
            0.07097558677196503
        ],
        [
            0.12827114760875702,
            0.07280504703521729,
            0.07117008417844772
        ],
        [
            0.1570146083831787,
            0.07143859565258026,
            0.06832705438137054
        ],
        [
            0.15662702918052673,
            0.07484185695648193,
            0.0754002258181572
        ],
        [
            0.14675273001194,
            0.061272501945495605,
            0.07658270746469498
        ],
        [
            0.14864113926887512,
            0.06187637522816658,
            0.06892605870962143
        ],
        [
            0.12224014103412628,
            -0.0009124651551246643,
            0.030139751732349396
        ],
        [
            0.128471240401268,
            -0.004228230565786362,
            0.02137782797217369
        ],
        [
            0.1398906409740448,
            0.0031498298048973083,
            0.02854057215154171
        ],
        [
            0.15183891355991364,
            0.009244158864021301,
            0.03615572303533554
        ],
        [
            0.16211462020874023,
            0.016360009089112282,
            0.043348632752895355
        ],
        [
            0.15595607459545135,
            0.01865878514945507,
            0.053876329213380814
        ],
        [
            0.1430540382862091,
            0.0006984919309616089,
            0.021225005388259888
        ],
        [
            0.1439151018857956,
            0.054564353078603745,
            0.06932447850704193
        ],
        [
            0.1401207149028778,
            0.052073147147893906,
            0.07651963084936142
        ],
        [
            0.1430365890264511,
            0.049350857734680176,
            0.07308287173509598
        ],
        [
            0.13089978694915771,
            0.03037959709763527,
            0.013954497873783112
        ],
        [
            0.1398400366306305,
            0.08516920357942581,
            0.0711064487695694
        ],
        [
            0.07796985656023026,
            0.0003122761845588684,
            0.027778837829828262
        ],
        [
            0.08755959570407867,
            -0.008428923785686493,
            0.025572434067726135
        ],
        [
            0.09146220982074738,
            -0.002327151596546173,
            0.030641570687294006
        ],
        [
            0.08097963780164719,
            0.007867332547903061,
            0.032385557889938354
        ],
        [
            0.1441468894481659,
            0.08035900443792343,
            0.060824207961559296
        ],
        [
            0.14009281992912292,
            0.08351437747478485,
            0.06493034213781357
        ],
        [
            0.16297940909862518,
            0.03862776607275009,
            0.033926453441381454
        ],
        [
            0.16599203646183014,
            0.04149657115340233,
            0.03835773468017578
        ],
        [
            0.16916820406913757,
            0.03936673700809479,
            0.03827837109565735
        ],
        [
            0.16846999526023865,
            0.03778691962361336,
            0.032386451959609985
        ],
        [
            0.13038164377212524,
            -0.0057694315910339355,
            0.015845302492380142
        ],
        [
            0.17378364503383636,
            0.018654165789484978,
            0.023893015459179878
        ],
        [
            0.17083562910556793,
            0.015490595251321793,
            0.03471825644373894
        ],
        [
            0.11835192143917084,
            -0.010537508875131607,
            0.015547581017017365
        ],
        [
            0.11290036886930466,
            -0.008283741772174835,
            0.023452382534742355
        ],
        [
            0.10662521421909332,
            -0.013876192271709442,
            0.018330182880163193
        ],
        [
            0.1526479572057724,
            0.030116796493530273,
            0.0635203942656517
        ],
        [
            0.1189749613404274,
            0.003322172909975052,
            0.0370958112180233
        ],
        [
            0.1093144416809082,
            -0.004352256655693054,
            0.029070548713207245
        ],
        [
            0.10164943337440491,
            -0.010850705206394196,
            0.023199956864118576
        ],
        [
            0.09673523902893066,
            -0.016293764114379883,
            0.019041262567043304
        ],
        [
            0.10268398374319077,
            -0.018961768597364426,
            0.014052443206310272
        ],
        [
            0.15243515372276306,
            0.07885138690471649,
            0.0785391628742218
        ],
        [
            0.1601572036743164,
            0.07937020063400269,
            0.07352621853351593
        ],
        [
            0.09853620082139969,
            -0.02607131004333496,
            0.010003458708524704
        ],
        [
            0.09190651029348373,
            -0.02226775884628296,
            0.01538846641778946
        ],
        [
            0.10410340130329132,
            0.000758342444896698,
            0.03479107841849327
        ],
        [
            0.09756581485271454,
            0.007941972464323044,
            0.040435537695884705
        ],
        [
            0.11364372074604034,
            0.008183136582374573,
            0.04217047244310379
        ],
        [
            0.10783560574054718,
            0.01584124192595482,
            0.048689104616642
        ],
        [
            0.14529602229595184,
            0.029917512089014053,
            0.07208289951086044
        ],
        [
            0.1633940190076828,
            0.08918216824531555,
            0.05759850889444351
        ],
        [
            0.1622188240289688,
            0.08065591007471085,
            0.06504476070404053
        ],
        [
            0.15837179124355316,
            0.07794929295778275,
            0.061340831220149994
        ],
        [
            0.1620376706123352,
            0.08582395315170288,
            0.05518115311861038
        ],
        [
            0.15959230065345764,
            0.07530029863119125,
            0.06709834188222885
        ],
        [
            0.16145749390125275,
            0.08392541855573654,
            0.06998668611049652
        ],
        [
            0.09836916625499725,
            0.027136914432048798,
            0.052264247089624405
        ],
        [
            0.14379927515983582,
            0.05949658155441284,
            0.06213127449154854
        ],
        [
            0.08607146143913269,
            0.021001245826482773,
            0.04121190682053566
        ],
        [
            0.09002448618412018,
            0.043135061860084534,
            0.056425660848617554
        ],
        [
            0.08128836750984192,
            0.03942422568798065,
            0.04600836709141731
        ],
        [
            0.07294251024723053,
            0.016862276941537857,
            0.02967020869255066
        ],
        [
            0.07245191186666489,
            0.031646478921175,
            0.034017812460660934
        ],
        [
            0.06755861639976501,
            0.0033719539642333984,
            0.021320931613445282
        ],
        [
            0.07148253917694092,
            0.009251844137907028,
            0.02597304806113243
        ],
        [
            0.07214353233575821,
            0.04666050896048546,
            0.03614573925733566
        ],
        [
            0.14648790657520294,
            0.08765137940645218,
            0.056062597781419754
        ],
        [
            0.1510845571756363,
            0.08388516306877136,
            0.05413224175572395
        ],
        [
