{
    "pred_cam": [
        9.4683198928833,
        0.04906981438398361,
        -0.05405406653881073
    ],
    "pred_mano_params": {
        "global_orient": [
            [
                [
                    0.7383031249046326,
                    -0.41999557614326477,
                    -0.5277425646781921
                ],
                [
                    -0.6640157103538513,
                    -0.31539517641067505,
                    -0.6779446601867676
                ],
                [
                    0.11828628182411194,
                    0.850957989692688,
                    -0.5117409229278564
                ]
            ]
        ],
        "hand_pose": [
            [
                [
                    0.85233473777771,
                    -0.32391825318336487,
                    -0.4106123745441437
                ],
                [
                    0.2828707695007324,
                    0.9458866119384766,
                    -0.15900488197803497
                ],
                [
                    0.439897358417511,
                    0.019375139847397804,
                    0.8978390097618103
                ]
            ],
            [
                [
                    0.8652016520500183,
                    -0.49989283084869385,
                    0.039157312363386154
                ],
                [
                    0.4983094036579132,
                    0.8485104441642761,
                    -0.17809464037418365
                ],
                [
                    0.0558028519153595,
                    0.1736002117395401,
                    0.9832339286804199
                ]
            ],
            [
                [
                    0.7527807950973511,
                    -0.6516125798225403,
                    0.09339254349470139
                ],
                [
                    0.658238410949707,
                    0.7465484142303467,
                    -0.09689030796289444
                ],
                [
                    -0.0065871067345142365,
                    0.13441170752048492,
                    0.9909037351608276
                ]
            ],
            [
                [
                    0.7259253859519958,
                    -0.6674886345863342,
                    -0.16580481827259064
                ],
                [
                    0.6560769081115723,
                    0.7443888187408447,
                    -0.12429153919219971
                ],
                [
                    0.20638643205165863,
                    -0.018554329872131348,
                    0.9782946109771729
                ]
            ],
            [
                [
                    0.8505126237869263,
                    -0.4804777503013611,
                    -0.21393771469593048
                ],
                [
                    0.5207896828651428,
                    0.8262075781822205,
                    0.2148466557264328
                ],
                [
                    0.07352791726589203,
                    -0.2941463589668274,
                    0.952927827835083
                ]
            ],
            [
                [
                    0.8200609087944031,
                    -0.564842939376831,
                    0.09193752706050873
                ],
                [
                    0.5665566921234131,
                    0.8239760994911194,
                    0.008768144063651562
                ],
                [
                    -0.08070695400238037,
                    0.0448974072933197,
                    0.9957261681556702
                ]
            ],
            [
                [
                    0.6409985423088074,
                    -0.6806284189224243,
                    0.35477569699287415
                ],
                [
                    0.5917038321495056,
                    0.7326064705848694,
                    0.3364139497280121
                ],
                [
                    -0.4888838827610016,
                    -0.005718728061765432,
                    0.8723301291465759
                ]
            ],
            [
                [
                    0.9381335377693176,
                    -0.3152705729007721,
                    -0.14321303367614746
                ],
                [
                    0.3461880385875702,
                    0.8631290197372437,
                    0.36764413118362427
                ],
                [
                    0.007703948765993118,
                    -0.394477903842926,
                    0.9188731908798218
                ]
            ],
            [
                [
                    0.9529306888580322,
                    -0.27596014738082886,
                    0.12557558715343475
                ],
                [
                    0.21322059631347656,
                    0.9044303297996521,
                    0.3695167303085327
                ],
                [
                    -0.21554628014564514,
                    -0.32534846663475037,
                    0.9206997752189636
                ]
            ],
            [
                [
                    0.7270499467849731,
                    -0.6767093539237976,
                    0.11602902412414551
                ],
                [
                    0.6831936240196228,
                    0.7298286557197571,
                    -0.02442510984838009
                ],
                [
                    -0.06815260648727417,
                    0.09702856838703156,
                    0.9929453730583191
                ]
            ],
            [
                [
                    0.9240633249282837,
                    -0.350747287273407,
                    -0.15193189680576324
                ],
                [
                    0.3822374939918518,
                    0.8491933941841125,
                    0.36436930298805237
                ],
                [
                    0.0012180170742794871,
                    -0.3947743773460388,
                    0.9187772274017334
                ]
            ],
            [
                [
                    0.8197738528251648,
                    -0.5623170733451843,
                    0.10849147289991379
                ],
                [
                    0.5327420830726624,
                    0.8182967305183411,
                    0.2158157080411911
                ],
                [
                    -0.2101350575685501,
                    -0.11912209540605545,
                    0.9703882336616516
                ]
            ],
            [
                [
                    0.9722415804862976,
                    0.23261527717113495,
                    -0.025228532031178474
                ],
                [
                    -0.21358470618724823,
                    0.8382953405380249,
                    -0.5016398429870605
                ],
                [
                    -0.0955401211977005,
                    0.4931035041809082,
                    0.864708662033081
                ]
            ],
            [
                [
                    0.8841636776924133,
                    -0.3255120813846588,
                    -0.3351067006587982
                ],
                [
                    0.43939971923828125,
                    0.823074996471405,
                    0.3598268926143646
                ],
                [
                    0.158689945936203,
                    -0.4653916656970978,
                    0.8707629442214966
                ]
            ],
            [
                [
                    0.997975766658783,
                    -0.004322770517319441,
                    0.06344868987798691
                ],
                [
                    0.025579821318387985,
                    0.9407081007957458,
                    -0.33825135231018066
                ],
                [
                    -0.05822451785206795,
                    0.3391896188259125,
                    0.9389144778251648
                ]
            ]
        ],
        "betas": [
            0.0617603063583374,
            -0.14042764902114868,
            -0.026739150285720825,
            0.06915357708930969,
            -0.01189771294593811,
            -0.04173765331506729,
            0.04021620750427246,
            0.015618637204170227,
            -0.0685189962387085,
            -0.019164711236953735
        ]
    },
    "pred_cam_t": [
        -0.04906981438398361,
        -0.05405406653881073,
        4.1255998611450195
    ],
    "focal_length": [
        5000.0,
        5000.0
    ],
    "pred_keypoints_3d": [
        [
            0.09546095132827759,
            0.006372137926518917,
            0.0061817471869289875
        ],
        [
            0.07066138833761215,
            0.009733428247272968,
            -0.022967103868722916
        ],
        [
            0.04719271883368492,
            0.009455060586333275,
            -0.04281286150217056
        ],
        [
            0.02854950726032257,
            0.023047642782330513,
            -0.05693918466567993
        ],
        [
            0.005581207573413849,
            0.036128006875514984,
            -0.08097798377275467
        ],
        [
            0.022041454911231995,
            0.05250309780240059,
            -0.019096635282039642
        ],
        [
            0.008789276704192162,
            0.08254831284284592,
            -0.021282972767949104
        ],
        [
            0.012566125951707363,
            0.10177916288375854,
            -0.03160595893859863
        ],
        [
            0.02777796797454357,
            0.11370629072189331,
            -0.047616228461265564
        ],
        [
            0.028258375823497772,
            0.07189448922872543,
            -0.004553902428597212
        ],
        [
            0.025310087949037552,
            0.10089661926031113,
            -0.016808446496725082
        ],
        [
            0.03649943694472313,
            0.11536112427711487,
            -0.03113635815680027
        ],
        [
            0.05160463973879814,
            0.12157486379146576,
            -0.050627488642930984
        ],
        [
            0.05095265060663223,
            0.07984814047813416,
            0.006735969800502062
        ],
        [
            0.04322630912065506,
            0.10232816636562347,
            -0.009498897939920425
        ],
        [
            0.051495425403118134,
            0.11802923679351807,
            -0.02674063853919506
        ],
        [
            0.062198784202337265,
            0.12414815276861191,
            -0.048525530844926834
        ],
        [
            0.07158399373292923,
            0.08429940789937973,
            0.011684490367770195
        ],
        [
            0.06748010963201523,
            0.10071464627981186,
            -0.0008605299517512321
        ],
        [
            0.07223173975944519,
            0.11089096963405609,
            -0.0160848256200552
        ],
        [
            0.07737671583890915,
            0.11469698697328568,
            -0.03468623757362366
        ]
    ],
    "pred_vertices": [
        [
            0.05699898302555084,
            0.033573735505342484,
            -0.02297831140458584
        ],
        [
            0.06531684845685959,
            0.027852863073349,
            -0.023868482559919357
        ],
        [
            0.057137444615364075,
            0.02758844755589962,
            -0.03217403590679169
        ],
        [
            0.049738939851522446,
            0.03282671049237251,
            -0.030318457633256912
        ],
        [
            0.07429403811693192,
            0.01583135314285755,
            -0.03926881402730942
        ],
        [
            0.07567454874515533,
            0.0037767011672258377,
            -0.04167764261364937
        ],
        [
            0.061222873628139496,
            0.007722167298197746,
            -0.05053716152906418
        ],
        [
            0.06274781376123428,
            0.0173634085804224,
            -0.04822102189064026
        ],
        [
            0.04247112572193146,
            0.03085453435778618,
            -0.034618645906448364
        ],
        [
            0.05072715878486633,
            0.027204394340515137,
            -0.03823324292898178
        ],
        [
            0.03861232101917267,
            0.026196502149105072,
            -0.033613171428442
        ],
        [
            0.028903072699904442,
            0.029183082282543182,
            -0.02617964893579483
        ],
        [
            0.03418465703725815,
            0.03389498218894005,
            -0.029784752056002617
        ],
        [
            0.022583885118365288,
            0.034261662513017654,
            -0.02278752624988556
        ],
        [
            0.02979111112654209,
            0.021379748359322548,
            -0.017802298069000244
        ],
        [
            0.02121535688638687,
            0.03359255567193031,
            -0.013229482807219028
        ],
        [
            0.042484503239393234,
            0.02984129637479782,
            0.007000979036092758
        ],
        [
            0.051550306379795074,
            0.03606501966714859,
            0.014504543505609035
        ],
        [
            0.04025258868932724,
            0.04894101619720459,
            0.013116724789142609
        ],
        [
            0.03254331275820732,
            0.041534893214702606,
            0.004641440697014332
        ],
        [
            0.05883638188242912,
            0.05485265702009201,
            0.020187200978398323
        ],
        [
            0.04799709469079971,
            0.05228777974843979,
            0.016355738043785095
        ],
        [
            0.05877215415239334,
            0.03906771540641785,
            0.01880793645977974
        ],
        [
            0.0680047795176506,
            0.042038604617118835,
            0.0219313595443964
        ],
        [
            0.06972215324640274,
            0.03633086010813713,
            -0.012286735698580742
        ],
        [
            0.0784657895565033,
            0.030324220657348633,
            -0.011734133586287498
        ],
        [
            0.0735454112291336,
            0.029038749635219574,
            -0.01513604074716568
        ],
        [
            0.06549903750419617,
            0.03454434126615524,
            -0.015616401098668575
        ],
        [
            0.03572778031229973,
            0.016102993860840797,
            -0.037458647042512894
        ],
        [
            0.03747972100973129,
            0.01060526818037033,
            -0.029071588069200516
        ],
        [
            0.035961151123046875,
            0.018708141520619392,
            -0.029688600450754166
        ],
        [
            0.037841349840164185,
            0.020964138209819794,
            -0.03936197608709335
        ],
        [
            0.10571536421775818,
            0.02062540501356125,
            -0.010313356295228004
        ],
        [
            0.11073481291532516,
            0.00926189124584198,
            -0.005125603638589382
        ],
        [
            0.10692061483860016,
            0.00570843368768692,
            -0.007742587476968765
        ],
        [
            0.10293915867805481,
            0.01698577031493187,
            -0.011504096910357475
        ],
        [
            0.09186184406280518,
            -0.0015607662498950958,
            -0.024652967229485512
        ],
        [
            0.0962202250957489,
            -0.006312012672424316,
            -0.01584591157734394
        ],
        [
            0.09075389802455902,
            -0.018911395221948624,
            -0.012303569354116917
        ],
        [
            0.08387693762779236,
            -0.015023931860923767,
            -0.018355581909418106
        ],
        [
            0.0845470130443573,
            0.0016397573053836823,
            -0.033949945122003555
        ],
        [
            0.0791112631559372,
            -0.010627523064613342,
            -0.02955113910138607
        ],
        [
            0.07086668908596039,
            -0.006412789225578308,
            -0.038338128477334976
        ],
        [
            0.05693899095058441,
            -0.0003421492874622345,
            -0.04788532853126526
        ],
        [
            0.11773423105478287,
            0.016167856752872467,
            0.003058141563087702
        ],
        [
            0.11537739634513855,
            0.025539953261613846,
            9.31629620026797e-06
        ],
        [
            0.01222687866538763,
            0.08306640386581421,
            -0.03292436897754669
        ],
        [
            0.01696649193763733,
            0.08519907295703888,
            -0.029991038143634796
        ],
        [
            0.017502114176750183,
            0.08123929798603058,
            -0.029858984053134918
        ],
        [
            0.012518287636339664,
            0.07973811030387878,
            -0.032457172870635986
        ],
        [
            0.11346151679754257,
            0.024690575897693634,
            0.020816177129745483
        ],
        [
            0.10775607824325562,
            0.021945521235466003,
            0.02860892005264759
        ],
        [
            0.11360660940408707,
            0.017621874809265137,
            0.028640028089284897
        ],
        [
            0.11805014312267303,
            0.01871674507856369,
            0.020456016063690186
        ],
        [
            0.10736837238073349,
            0.032560113817453384,
            0.021173927932977676
        ],
        [
            0.09960290044546127,
            0.027848534286022186,
            0.0277810450643301
        ],
        [
            0.0016555138863623142,
            0.08637531101703644,
            -0.026570390909910202
        ],
        [
            0.003629204584285617,
            0.08463459461927414,
            -0.031043196097016335
        ],
        [
            0.002964040730148554,
            0.08019523322582245,
            -0.028608594089746475
        ],
        [
            0.0016961945220828056,
            0.0812908411026001,
            -0.023430800065398216
        ],
        [
            0.04166850075125694,
            0.03733053058385849,
            -0.028998658061027527
        ],
        [
            0.049849748611450195,
            0.03973786532878876,
            -0.024066880345344543
        ],
        [
            0.02957301400601864,
            0.05095653608441353,
            -0.02838934026658535
        ],
        [
            0.03797430917620659,
            0.046708133071660995,
            -0.025263670831918716
        ],
        [
            0.03349503129720688,
            0.04151136055588722,
            -0.028269506990909576
        ],
        [
            0.02624484896659851,
            0.04554283618927002,
            -0.029313307255506516
        ],
        [
            0.05589746683835983,
            0.05432584509253502,
            -0.011464773677289486
        ],
        [
            0.06372800469398499,
            0.04569117724895477,
            -0.01062028668820858
        ],
        [
            0.05842253193259239,
            0.043810151517391205,
            -0.014085274189710617
        ],
        [
            0.049166399985551834,
            0.05252271890640259,
            -0.016525445505976677
        ],
        [
            0.07500705868005753,
            0.052536483854055405,
            -0.005611478351056576
        ],
        [
            0.06618655472993851,
            0.06033500283956528,
            -0.006445504259318113
        ],
        [
            0.07360784709453583,
            0.06328637152910233,
            -0.0034350729547441006
        ],
        [
            0.07899867743253708,
            0.05748514086008072,
            -0.004233949817717075
        ],
        [
            0.048882149159908295,
            0.0710737332701683,
            -0.008520808070898056
        ],
        [
            0.04387655854225159,
            0.07510792464017868,
            -0.00809046532958746
        ],
        [
            0.04655291140079498,
            0.07766327261924744,
            -0.007805848494172096
        ],
        [
            0.051948897540569305,
            0.07251434028148651,
            -0.006891705561429262
        ],
        [
            0.11865951865911484,
            0.012712128460407257,
            0.02936474420130253
        ],
        [
            0.12165546417236328,
            0.012420326471328735,
            0.02003295160830021
        ],
        [
            0.0785776674747467,
            0.06261736154556274,
            0.02444305270910263
        ],
        [
            0.08911337703466415,
            0.06361190974712372,
            0.020972199738025665
        ],
        [
            0.08276601880788803,
            0.07538563758134842,
            0.020728450268507004
        ],
        [
            0.07281441241502762,
            0.07125186175107956,
            0.024942342191934586
        ],
        [
            0.09892675280570984,
            0.017426498234272003,
            0.03144003450870514
        ],
        [
            0.1056506335735321,
            0.01396062970161438,
            0.03348526731133461
        ],
        [
            0.003157021477818489,
            0.08883079886436462,
            -0.02100960537791252
        ],
        [
            0.0038636745885014534,
            0.083746537566185,
            -0.01815170980989933
        ],
        [
            0.06512945890426636,
            -0.011709854006767273,
            -0.02792416699230671
        ],
        [
            0.051765840500593185,
            -0.0043862126767635345,
            -0.04141431674361229
        ],
        [
            0.07387376576662064,
            -0.015804186463356018,
            -0.01671169325709343
        ],
        [
            0.0793239027261734,
            -0.018701188266277313,
            -0.00839824415743351
        ],
        [
            0.0842188373208046,
            -0.023616623133420944,
            -0.0035100337117910385
        ],
        [
            0.039072953164577484,
            0.05277244746685028,
            -0.022738739848136902
        ],
        [
            0.05732405185699463,
            0.03943769261240959,
            -0.018138838931918144
        ],
        [
            0.07369684427976608,
            0.03844689205288887,
            -0.009889512322843075
        ],
        [
            0.09603307396173477,
            0.05738478899002075,
            -0.0006141099147498608
        ],
        [
            0.10302143543958664,
            0.04949909821152687,
            -0.0006933901458978653
        ],
        [
            0.09415911138057709,
            0.0471748448908329,
            -0.00618409039452672
        ],
        [
            0.08962199836969376,
            0.05443398654460907,
            -0.004415319301187992
        ],
        [
            0.0943446159362793,
            0.0665992796421051,
            0.013173934072256088
        ],
        [
            0.09268404543399811,
            0.06706878542900085,
            0.005354458931833506
        ],
        [
            0.08703242987394333,
            0.0740177258849144,
            0.005934566259384155
        ],
        [
            0.08803923428058624,
            0.07543648034334183,
            0.013446597382426262
        ],
        [
            0.03380253538489342,
            0.009017929434776306,
            -0.039427533745765686
        ],
        [
            0.039596304297447205,
            0.0031212717294692993,
            -0.029939578846096992
        ],
        [
            0.11680763214826584,
            0.02545497566461563,
            0.010853217914700508
        ],
        [
            0.11931110173463821,
            0.018107473850250244,
            0.010428430512547493
        ],
        [
            0.12260504066944122,
            0.010616473853588104,
            0.012564169242978096
        ],
        [
            0.09183872491121292,
            0.02510935068130493,
            -0.012315385043621063
        ],
        [
            0.10110943764448166,
            0.014510717242956161,
            -0.012579877860844135
        ],
        [
            0.09809660166501999,
            0.012844637036323547,
            -0.01565828174352646
        ],
        [
            0.08904528617858887,
            0.02392236515879631,
            -0.013259032741189003
        ],
        [
            0.07560166716575623,
            0.023451726883649826,
            -0.026686333119869232
        ],
        [
            0.0856601670384407,
            0.014283418655395508,
            -0.029039744287729263
        ],
        [
            0.06617352366447449,
            0.02465793676674366,
            -0.03579206392168999
        ],
        [
            0.10297513008117676,
            -0.00039336830377578735,
            -0.011135455220937729
        ],
        [
            0.11222999542951584,
            -0.0028851106762886047,
            -0.005789430346339941
        ],
        [
            0.10659356415271759,
            -0.008966512978076935,
            -0.008905838243663311
        ],
        [
            0.11773114651441574,
            0.0028046593070030212,
            -4.568230360746384e-05
        ],
        [
            0.12165836989879608,
            0.007732592523097992,
            0.006232552230358124
        ],
        [
            0.11103750765323639,
            0.008932642638683319,
            0.037708722054958344
        ],
        [
            0.1001441553235054,
            -0.014180991798639297,
            -0.01040145754814148
        ],
        [
            0.05410744994878769,
            0.01774892583489418,
            -0.052756257355213165
        ],
        [
            0.046892933547496796,
            0.01895260438323021,
            -0.05553402006626129
        ],
        [
            0.046098195016384125,
            0.023805823177099228,
            -0.05010675638914108
        ],
        [
            0.05189553648233414,
            0.02306854911148548,
            -0.04704347252845764
        ],
        [
            0.01570058800280094,
            0.041971467435359955,
            -0.021086430177092552
        ],
        [
            0.020438063889741898,
            0.04343609884381294,
            -0.027454877272248268
        ],
        [
            0.027751456946134567,
            0.03606901690363884,
            -0.028037788346409798
        ],
        [
            0.1024717167019844,
            0.03160237520933151,
            -0.00907682441174984
        ],
        [
            0.11094803363084793,
            0.035391367971897125,
            -0.0005228687077760696
        ],
        [
            0.030645404011011124,
            0.05668109655380249,
            -0.02520689368247986
        ],
        [
            0.002355310134589672,
            0.07645950466394424,
            -0.020971868187189102
        ],
        [
            0.003459641709923744,
            0.0751156210899353,
            -0.0267338789999485
        ],
        [
            0.009048579260706902,
            0.058014266192913055,
            -0.023705163970589638
        ],
        [
            0.0073504941537976265,
            0.05972594767808914,
            -0.01733284443616867
        ],
        [
            0.026490770280361176,
            0.06444394588470459,
            -0.01845230534672737
        ],
        [
            0.027923651039600372,
            0.06079794839024544,
            -0.02379445545375347
        ],
        [
            0.026753021404147148,
            0.06324850767850876,
            -0.022203585132956505
        ],
        [
            0.02681824378669262,
            0.06754395365715027,
            -0.017303144559264183
        ],
        [
            0.055033128708601,
            0.07926428318023682,
            -0.004452016204595566
        ],
        [
            0.0597861222922802,
            0.07459792494773865,
            -0.0037413674872368574
        ],
        [
            0.024742715060710907,
            0.054488494992256165,
            -0.0002791881561279297
        ],
        [
            0.017325567081570625,
            0.04397277161478996,
            -0.004135582596063614
        ],
        [
            0.02561476081609726,
            0.03518189489841461,
            -0.0027482006698846817
        ],
        [
            0.062061503529548645,
            0.0570012703537941,
            -0.00826229341328144
        ],
        [
            0.05557272210717201,
            0.06513703614473343,
            -0.008632607758045197
        ],
        [
            0.058769114315509796,
            0.06696414202451706,
            -0.006708580069243908
        ],
        [
            0.038263119757175446,
            0.057107772678136826,
            -0.020717741921544075
        ],
        [
            0.03205488994717598,
            0.06089266017079353,
            -0.021251585334539413
        ],
        [
            0.03602370247244835,
            0.06190454587340355,
            -0.018220990896224976
        ],
        [
            0.04249415546655655,
            0.05860554426908493,
            -0.017310990020632744
        ],
        [
            0.09588584303855896,
            0.052296340465545654,
            0.02220054902136326
        ],
        [
            0.10217595100402832,
            0.056146588176488876,
            0.01325160637497902
        ],
        [
            0.007441752590239048,
            0.083163321018219,
            -0.033312585204839706
        ],
        [
            0.00711883045732975,
            0.07933130860328674,
            -0.03198112174868584
        ],
        [
            0.06960835307836533,
            0.048484720289707184,
            -0.007517329882830381
        ],
        [
            0.03638608008623123,
            0.02522081322968006,
            -0.0015175770968198776
        ],
        [
            0.07809758931398392,
            0.040910977870225906,
            -0.007727357558906078
        ],
        [
            0.05661951005458832,
            0.07642130553722382,
            0.015473298728466034
        ],
        [
            0.0610823929309845,
            0.0809372216463089,
            0.010213823057711124
        ],
        [
            0.05760084465146065,
            0.0844992995262146,
            0.0072349864058196545
        ],
        [
            0.0529300831258297,
            0.08334536105394363,
            0.011067570187151432
        ],
        [
            0.02154531329870224,
            0.08109177649021149,
            -0.018406158313155174
        ],
        [
            0.02192048169672489,
            0.08028191328048706,
            -0.024074731394648552
        ],
        [
            0.020589884370565414,
            0.08351555466651917,
            -0.024895023554563522
        ],
        [
            0.019871022552251816,
            0.08528094738721848,
            -0.019351454451680183
        ],
        [
            0.02569638192653656,
            0.05706518888473511,
            -0.027576245367527008
        ],
        [
            0.02166661247611046,
            0.052392296493053436,
            -0.029522471129894257
        ],
        [
            0.01961628720164299,
            0.05918923020362854,
            -0.029226332902908325
        ],
        [
            0.02382788062095642,
            0.06181880831718445,
            -0.026112936437129974
        ],
        [
            0.015890393406152725,
            0.051070839166641235,
            -0.02719699591398239
        ],
        [
            0.01371798850595951,
            0.057610053569078445,
            -0.02786685712635517
        ],
        [
            0.017277847975492477,
            0.08122386038303375,
            -0.01356223039329052
        ],
        [
            0.009953799657523632,
            0.08019682765007019,
            -0.012252980843186378
        ],
        [
            0.015551476739346981,
            0.06576516479253769,
            -0.008303212001919746
        ],
        [
            0.021876268088817596,
            0.0691833645105362,
            -0.011614830233156681
        ],
        [
            0.07613503187894821,
            0.029614899307489395,
            0.024805013090372086
        ],
        [
            0.08566823601722717,
            0.034865349531173706,
            0.02697032131254673
        ],
        [
            0.07776045799255371,
            0.04740864410996437,
            0.024385198950767517
        ],
        [
            0.06985552608966827,
            0.059975966811180115,
            0.023138035088777542
        ],
        [
            0.061946384608745575,
            0.07133758068084717,
            0.020559566095471382
        ],
        [
            0.051051799207925797,
            0.06583967804908752,
            0.019824085757136345
        ],
        [
            0.08543238043785095,
            0.04990142211318016,
            0.025440197438001633
        ],
        [
            0.02543950453400612,
            0.0643591582775116,
            -0.01149775180965662
        ],
        [
            0.019484147429466248,
            0.05728571116924286,
            -0.006567507982254028
        ],
        [
            0.02354520373046398,
            0.06114023178815842,
            -0.00608198344707489
        ],
        [
            0.0839848518371582,
            0.04523615166544914,
            -0.006386972963809967
        ],
        [
            0.007317410781979561,
            0.07466690242290497,
            -0.030517512932419777
        ],
        [
            0.0755794420838356,
            -0.012728922069072723,
            0.013374408707022667
        ],
        [
            0.08039847016334534,
            -0.005415037274360657,
            0.023110022768378258
        ],
        [
            0.07425250113010406,
            -0.00027674436569213867,
            0.019587550312280655
        ],
        [
            0.0694158524274826,
            -0.008136671036481857,
            0.008185697719454765
        ],
        [
            0.01862611621618271,
            0.07794621586799622,
            -0.029613537713885307
        ],
        [
            0.013328099623322487,
            0.07563097774982452,
            -0.032285697758197784
        ],
        [
            0.06422785669565201,
            0.07884449511766434,
            -0.001291144173592329
        ],
        [
            0.05901516228914261,
            0.08244828134775162,
            -0.001839107251726091
        ],
        [
            0.05944705009460449,
            0.08499996364116669,
            0.0009765520226210356
        ],
        [
            0.06595326960086823,
            0.08397798240184784,
            0.0007202373817563057
        ],
        [
            0.09137853980064392,
            0.03633945807814598,
            0.027394559234380722
        ],
        [
            0.07926280796527863,
            0.08306660503149033,
            0.017654046416282654
        ],
        [
            0.07040338963270187,
            0.07914966344833374,
            0.022122472524642944
        ],
        [
            0.09217450022697449,
            0.023732289671897888,
            0.029202265664935112
        ],
        [
            0.08375906944274902,
            0.018998317420482635,
            0.027961766347289085
        ],
        [
            0.08968691527843475,
            0.011706158518791199,
            0.030488505959510803
        ],
        [
            0.038212500512599945,
            0.06537070870399475,
            0.011426493525505066
        ],
        [
            0.06828232109546661,
            0.02744797244668007,
            0.02197965420782566
        ],
        [
            0.07722675800323486,
            0.01645515114068985,
            0.024991143494844437
        ],
        [
            0.08401937782764435,
            0.007614046335220337,
            0.027868468314409256
        ],
        [
            0.08907749503850937,
            0.0016315802931785583,
            0.030769556760787964
        ],
        [
            0.09486016631126404,
            0.006755247712135315,
            0.033197686076164246
        ],
        [
            0.0052557215094566345,
            0.07871094346046448,
            -0.01572161354124546
        ],
        [
            0.008843714371323586,
            0.08617378026247025,
            -0.014213652350008488
        ],
        [
            0.10026638209819794,
            0.001163683831691742,
            0.037876833230257034
        ],
        [
            0.09378628432750702,
            -0.004375629127025604,
            0.034318678081035614
        ],
        [
            0.07022809237241745,
            0.012620259076356888,
            0.02053116261959076
        ],
        [
            0.06280145049095154,
            0.007954735308885574,
            0.013959843665361404
        ],
        [
            0.061956968158483505,
            0.023481644690036774,
            0.017644455656409264
        ],
        [
            0.053598448634147644,
            0.019701652228832245,
            0.0110256876796484
        ],
        [
            0.030561989173293114,
            0.05772402137517929,
            0.011450427584350109
        ],
        [
            0.012916642241179943,
            0.10205282270908356,
            -0.022336265072226524
        ],
        [
            0.013604911044239998,
            0.09222009778022766,
            -0.016838006675243378
        ],
        [
            0.01814582385122776,
            0.09024754166603088,
            -0.019941704347729683
        ],
        [
            0.017058158293366432,
            0.10069011151790619,
            -0.02281845733523369
        ],
        [
            0.015787631273269653,
            0.08627887815237045,
            -0.01523289829492569
        ],
        [
            0.008036002516746521,
            0.0913548544049263,
            -0.016993947327136993
        ],
        [
            0.04699180647730827,
            0.013516966253519058,
            -3.591179847717285e-05
        ],
        [
            0.03097347542643547,
            0.06591825187206268,
            -0.017922483384609222
        ],
        [
            0.05799964815378189,
            -1.3384968042373657e-05,
            -0.00030541233718395233
        ],
        [
            0.0378677099943161,
            0.010180894285440445,
            -0.014248301275074482
        ],
        [
            0.04713880643248558,
            0.0004672221839427948,
            -0.01632584258913994
        ],
        [
            0.06869348883628845,
            -0.013913456350564957,
            -0.0030277445912361145
        ],
        [
            0.059275031089782715,
            -0.010486897081136703,
            -0.0156329944729805
        ],
        [
            0.08027548342943192,
            -0.022094909101724625,
            0.006532339379191399
        ],
        [
            0.07446274161338806,
            -0.017069250345230103,
            0.0029071345925331116
        ],
        [
