{
    "pred_cam": [
        6.706966400146484,
        -0.158797949552536,
        -0.055039942264556885
    ],
    "pred_mano_params": {
        "global_orient": [
            [
                [
                    -0.5648518800735474,
                    -0.6458046436309814,
                    0.513691246509552
                ],
                [
                    -0.29972490668296814,
                    -0.41943198442459106,
                    -0.8568791151046753
                ],
                [
                    0.7688350677490234,
                    -0.637975811958313,
                    0.04335321485996246
                ]
            ]
        ],
        "hand_pose": [
            [
                [
                    0.8822640180587769,
                    -0.39641743898391724,
                    -0.2538965940475464
                ],
                [
                    0.36614176630973816,
                    0.9168413877487183,
                    -0.15919168293476105
                ],
                [
                    0.295889288187027,
                    0.047486934810876846,
                    0.9540411233901978
                ]
            ],
            [
                [
                    0.9690023064613342,
                    -0.21352063119411469,
                    0.12427191436290741
                ],
                [
                    0.2413453906774521,
                    0.925629198551178,
                    -0.29148420691490173
                ],
                [
                    -0.052791815251111984,
                    0.31244128942489624,
                    0.9484690427780151
                ]
            ],
            [
                [
                    0.8552834987640381,
                    -0.5123715400695801,
                    0.07723654806613922
                ],
                [
                    0.4963800609111786,
                    0.852941632270813,
                    0.16154710948467255
                ],
                [
                    -0.1486504077911377,
                    -0.09982989728450775,
                    0.983837902545929
                ]
            ],
            [
                [
                    0.6782063841819763,
                    -0.7112850546836853,
                    -0.18468794226646423
                ],
                [
                    0.7105374932289124,
                    0.6988401412963867,
                    -0.08221196383237839
                ],
                [
                    0.18754352629184723,
                    -0.07547104358673096,
                    0.9793525338172913
                ]
            ],
            [
                [
                    0.9975563287734985,
                    0.04691074416041374,
                    -0.05177680402994156
                ],
                [
                    -0.033386584371328354,
                    0.9710469245910645,
                    0.2365443855524063
                ],
                [
                    0.06137417256832123,
                    -0.2342376708984375,
                    0.9702401757240295
                ]
            ],
            [
                [
                    0.9613245129585266,
                    -0.2751843333244324,
                    0.011345251463353634
                ],
                [
                    0.27536433935165405,
                    0.9611349105834961,
                    -0.01985245943069458
                ],
                [
                    -0.005441232584416866,
                    0.02220873348414898,
                    0.9997385144233704
                ]
            ],
            [
                [
                    0.6882779598236084,
                    -0.6830552220344543,
                    0.24435438215732574
                ],
                [
                    0.5934041738510132,
                    0.7238611578941345,
                    0.35198935866355896
                ],
                [
                    -0.4173068106174469,
                    -0.09726559370756149,
                    0.9035454988479614
                ]
            ],
            [
                [
                    0.964991569519043,
                    -0.07870668172836304,
                    -0.250192791223526
                ],
                [
                    0.04541970416903496,
                    0.989647388458252,
                    -0.13614389300346375
                ],
                [
                    0.2583180367946625,
                    0.12001404166221619,
                    0.9585762023925781
                ]
            ],
            [
                [
                    0.9984225630760193,
                    0.05468393862247467,
                    -0.01272814255207777
                ],
                [
                    -0.03847174346446991,
                    0.8314341902732849,
                    0.554289698600769
                ],
                [
                    0.04089338704943657,
                    -0.552925705909729,
                    0.8322264552116394
                ]
            ],
            [
                [
                    0.7234193086624146,
                    -0.684166669845581,
                    0.09263195097446442
                ],
                [
                    0.6901107430458069,
                    0.7126251459121704,
                    -0.1261451542377472
                ],
                [
                    0.020292438566684723,
                    0.1551821231842041,
                    0.9876775741577148
                ]
            ],
            [
                [
                    0.9966579079627991,
                    0.08065766096115112,
                    0.012929903343319893
                ],
                [
                    -0.07952889800071716,
                    0.9219421744346619,
                    0.3790748715400696
                ],
                [
                    0.018654676154255867,
                    -0.37883633375167847,
                    0.9252755641937256
                ]
            ],
            [
                [
                    0.893470048904419,
                    -0.43686485290527344,
                    -0.10421279817819595
                ],
                [
                    0.449077844619751,
                    0.8722782731056213,
                    0.19354501366615295
                ],
                [
                    0.0063495454378426075,
                    -0.2197263389825821,
                    0.975540816783905
                ]
            ],
            [
                [
                    0.8449820876121521,
                    -0.3377043604850769,
                    -0.41468197107315063
                ],
                [
                    -0.2905387878417969,
                    0.36111870408058167,
                    -0.886104166507721
                ],
                [
                    0.4489905834197998,
                    0.8692232966423035,
                    0.20702262222766876
                ]
            ],
            [
                [
                    0.8551027178764343,
                    -0.4170304834842682,
                    -0.30803367495536804
                ],
                [
                    0.5115628838539124,
                    0.582089364528656,
                    0.6320406198501587
                ],
                [
                    -0.08427713811397552,
                    -0.6980383396148682,
                    0.7110835313796997
                ]
            ],
            [
                [
                    0.81389319896698,
                    0.5775744318962097,
                    -0.0631314143538475
                ],
                [
                    -0.5775539875030518,
                    0.8160969018936157,
                    0.020425276830792427
                ],
                [
                    0.06331847608089447,
                    0.01983780600130558,
                    0.9977961182594299
                ]
            ]
        ],
        "betas": [
            -0.0724714994430542,
            -0.19841095805168152,
            -0.08646371960639954,
            -0.04120168089866638,
            0.007506012916564941,
            0.02068227156996727,
            -0.0029224753379821777,
            -0.024258583784103394,
            -5.939602851867676e-05,
            -0.055358439683914185
        ]
    },
    "pred_cam_t": [
        -0.158797949552536,
        -0.055039942264556885,
        5.8241682052612305
    ],
    "focal_length": [
        5000.0,
        5000.0
    ],
    "pred_keypoints_3d": [
        [
            0.0961214229464531,
            0.006422282196581364,
            0.006263279356062412
        ],
        [
            0.13305236399173737,
            -0.0020123226568102837,
            -0.0012490362860262394
        ],
        [
            0.15626421570777893,
            0.015042238868772984,
            -0.012400323525071144
        ],
        [
            0.1700269728899002,
            0.03542183339595795,
            -0.024048786610364914
        ],
        [
            0.18447911739349365,
            0.04865496605634689,
            -0.0555717796087265
        ],
        [
            0.1599462926387787,
            0.017451979219913483,
            -0.05746538192033768
        ],
        [
            0.17933382093906403,
            0.03676842153072357,
            -0.07616456598043442
        ],
        [
            0.19449564814567566,
            0.052667781710624695,
            -0.08012868463993073
        ],
        [
            0.21129614114761353,
            0.06977535039186478,
            -0.07315082848072052
        ],
        [
            0.14900225400924683,
            0.03850989788770676,
            -0.06594595313072205
        ],
        [
            0.16853243112564087,
            0.06339345872402191,
            -0.06987546384334564
        ],
        [
            0.1824198067188263,
            0.08225657045841217,
            -0.06995260715484619
        ],
        [
            0.19881108403205872,
            0.10257957875728607,
            -0.06818020343780518
        ],
        [
            0.13132578134536743,
            0.05565338581800461,
            -0.0555185042321682
        ],
        [
            0.15269044041633606,
            0.0742914006114006,
            -0.06189736723899841
        ],
        [
            0.16913969814777374,
            0.09301109611988068,
            -0.06348861753940582
        ],
        [
            0.18639594316482544,
            0.11124323308467865,
            -0.05759543180465698
        ],
        [
            0.11937063932418823,
            0.06847625225782394,
            -0.04249121993780136
        ],
        [
            0.1350502371788025,
            0.0826619416475296,
            -0.04488098621368408
        ],
        [
            0.146259605884552,
            0.09804806113243103,
            -0.04658021777868271
        ],
        [
            0.16137611865997314,
            0.11555343121290207,
            -0.04535491392016411
        ]
    ],
    "pred_vertices": [
        [
            0.1415633261203766,
            0.014976692385971546,
            -0.020345892757177353
        ],
        [
            0.1340777426958084,
            0.012738805264234543,
            -0.010695837438106537
        ],
        [
            0.14046283066272736,
            0.01529202051460743,
            -0.013317998498678207
        ],
        [
            0.1484362781047821,
            0.013947973027825356,
            -0.022377867251634598
        ],
        [
            0.13890564441680908,
            0.015480809845030308,
            0.007584922015666962
        ],
        [
            0.14452823996543884,
            0.006584467366337776,
            0.013406176120042801
        ],
        [
            0.15638643503189087,
            0.016170641407370567,
            0.003564685583114624
        ],
        [
            0.14919161796569824,
            0.023274768143892288,
            0.001727130264043808
        ],
        [
            0.15256212651729584,
            0.014091657474637032,
            -0.025193221867084503
        ],
        [
            0.14652980864048004,
            0.018280530348420143,
            -0.015301384031772614
        ],
        [
            0.15131361782550812,
            0.014653922989964485,
            -0.026526963338255882
        ],
        [
            0.15482422709465027,
            0.005147845484316349,
            -0.04025325924158096
        ],
        [
            0.15681305527687073,
            0.009229927323758602,
            -0.03581584244966507
        ],
        [
            0.1573500633239746,
            0.0038917241618037224,
            -0.048919349908828735
        ],
        [
            0.1475398689508438,
            -0.0019102543592453003,
            -0.0412457212805748
        ],
        [
            0.1502116620540619,
            0.002310490235686302,
            -0.05460820347070694
        ],
        [
            0.12335384637117386,
            0.006203027442097664,
            -0.04563430696725845
        ],
        [
            0.11411763727664948,
            0.0159874577075243,
            -0.04385127127170563
        ],
        [
            0.12305809557437897,
            0.023165792226791382,
            -0.056913040578365326
        ],
        [
            0.13204428553581238,
            0.012880533933639526,
            -0.05672852322459221
        ],
        [
            0.11034436523914337,
            0.036462653428316116,
            -0.04700280725955963
        ],
        [
            0.11772554367780685,
            0.029536724090576172,
            -0.05320538580417633
        ],
        [
            0.10794694721698761,
            0.021939082071185112,
            -0.04101567715406418
        ],
        [
            0.10200739651918411,
            0.028600692749023438,
            -0.03595471382141113
        ],
        [
            0.12982076406478882,
            0.022296488285064697,
            -0.016201753169298172
        ],
        [
            0.12389355152845383,
            0.0192604698240757,
            -0.007039256393909454
        ],
        [
            0.12708565592765808,
            0.014964718371629715,
            -0.008734215050935745
        ],
        [
            0.1334737241268158,
            0.018545273691415787,
            -0.017360057681798935
        ],
        [
            0.15566742420196533,
            0.017360230907797813,
            -0.0250262301415205
        ],
        [
            0.15125779807567596,
            0.0013777073472738266,
            -0.026229577139019966
        ],
        [
            0.15072795748710632,
            0.007689639925956726,
            -0.028932074084877968
        ],
        [
            0.15416283905506134,
            0.022192547097802162,
            -0.02272898145020008
        ],
        [
            0.1096544861793518,
            0.022819720208644867,
            0.01786162704229355
        ],
        [
            0.10017265379428864,
            0.014701085165143013,
            0.02317970246076584
        ],
        [
            0.1032300591468811,
            0.009560523554682732,
            0.0225217267870903
        ],
        [
            0.11103150248527527,
            0.017670875415205956,
            0.017543599009513855
        ],
        [
            0.12364453822374344,
            -0.0018389802426099777,
            0.021254010498523712
        ],
        [
            0.11322265863418579,
            -0.006171567365527153,
            0.022059239447116852
        ],
        [
            0.11026665568351746,
            -0.018663540482521057,
            0.020056679844856262
        ],
        [
            0.12124687433242798,
            -0.016254911199212074,
            0.016469590365886688
        ],
        [
            0.13473373651504517,
            0.0018845107406377792,
            0.01825888454914093
        ],
        [
            0.13527609407901764,
            -0.010782292112708092,
            0.01575777679681778
        ],
        [
            0.14797645807266235,
            -0.003613879904150963,
            0.010561421513557434
        ],
        [
            0.16043783724308014,
            0.008823936805129051,
            -4.33996319770813e-06
        ],
        [
            0.09166085720062256,
            0.02431417442858219,
            0.022632233798503876
        ],
        [
            0.09762434661388397,
            0.03187243640422821,
            0.019041381776332855
        ],
        [
            0.1880359649658203,
            0.03905896842479706,
            -0.06828901916742325
        ],
        [
            0.18488894402980804,
            0.04402404651045799,
            -0.06808805465698242
        ],
        [
            0.18210649490356445,
            0.040414270013570786,
            -0.06512582302093506
        ],
        [
            0.1857283115386963,
            0.03613317012786865,
            -0.06629598140716553
        ],
        [
            0.07982607185840607,
            0.031249117106199265,
            0.007731921970844269
        ],
        [
            0.07473685592412949,
            0.026749897748231888,
            0.0002713501453399658
        ],
        [
            0.07125288248062134,
            0.025144632905721664,
            0.006504327058792114
        ],
        [
            0.07682686299085617,
            0.02758585289120674,
            0.013676539063453674
        ],
        [
            0.08387988805770874,
            0.03602868691086769,
            -0.00010760128498077393
        ],
        [
            0.0802241787314415,
            0.028819981962442398,
            -0.008001618087291718
        ],
        [
            0.18733657896518707,
            0.03396297246217728,
            -0.07992766797542572
        ],
        [
            0.18979647755622864,
            0.03398468345403671,
            -0.07540722191333771
        ],
        [
            0.18622778356075287,
            0.03038189187645912,
            -0.07454579323530197
        ],
        [
            0.18267390131950378,
            0.030553197488188744,
            -0.07838331162929535
        ],
        [
            0.15488693118095398,
            0.012936735525727272,
            -0.031419068574905396
        ],
        [
            0.14854326844215393,
            0.01740318350493908,
            -0.02799610048532486
        ],
        [
            0.1640520989894867,
            0.018820935860276222,
            -0.04608993977308273
        ],
        [
            0.1569356620311737,
            0.018586106598377228,
            -0.039553120732307434
        ],
        [
            0.15973079204559326,
            0.012389155104756355,
            -0.03988363966345787
        ],
        [
            0.16481643915176392,
            0.01261098776012659,
            -0.046307407319545746
        ],
        [
            0.1393185555934906,
            0.03336706385016441,
            -0.03411717340350151
        ],
        [
            0.13325567543506622,
            0.028707940131425858,
            -0.025179453194141388
        ],
        [
            0.137999027967453,
            0.024612654000520706,
            -0.027187954634428024
        ],
        [
            0.1461956799030304,
            0.02870826981961727,
            -0.03657852113246918
        ],
        [
            0.12575067579746246,
            0.03982125222682953,
            -0.02063332498073578
        ],
        [
            0.13198968768119812,
            0.04332272708415985,
            -0.030133768916130066
        ],
        [
            0.12696585059165955,
            0.04919356107711792,
            -0.026451613754034042
        ],
        [
            0.12407451868057251,
            0.04605952277779579,
            -0.019682448357343674
        ],
        [
            0.14357982575893402,
            0.045937325805425644,
            -0.04686747491359711
        ],
        [
            0.14629821479320526,
            0.047509122639894485,
            -0.052232205867767334
        ],
        [
            0.14549560844898224,
            0.051630500704050064,
            -0.0510733425617218
        ],
        [
            0.14123129844665527,
            0.04869913309812546,
            -0.04562041908502579
        ],
        [
            0.0673360750079155,
            0.022693239152431488,
            0.011924460530281067
        ],
        [
            0.07419325411319733,
            0.02322380617260933,
            0.018935367465019226
        ],
        [
            0.10027562081813812,
            0.05186842381954193,
            -0.035262733697891235
        ],
        [
            0.09922745078802109,
            0.05684362351894379,
            -0.02531236782670021
        ],
        [
            0.10495550185441971,
            0.06485196948051453,
            -0.033931665122509
        ],
        [
            0.10431243479251862,
            0.05739007145166397,
            -0.042893074452877045
        ],
        [
            0.0749262124300003,
            0.019115012139081955,
            -0.006759893149137497
        ],
        [
            0.06951002031564713,
            0.018763355910778046,
            -0.0010627582669258118
        ],
        [
            0.18313172459602356,
            0.037112023681402206,
            -0.08318274468183517
        ],
        [
            0.1782902479171753,
            0.03388940542936325,
            -0.08055707067251205
        ],
        [
            0.1437138170003891,
            -0.01448095589876175,
            0.0026421956717967987
        ],
        [
            0.16024015843868256,
            0.001400865614414215,
            -0.006096743047237396
        ],
        [
            0.12718218564987183,
            -0.021253112703561783,
            0.007073953747749329
        ],
        [
            0.1143273115158081,
            -0.023427221924066544,
            0.008489459753036499
        ],
        [
            0.10485097020864487,
            -0.025870339944958687,
            0.011673524975776672
        ],
        [
            0.15581302344799042,
            0.024647220969200134,
            -0.041982416063547134
        ],
        [
            0.14060841500759125,
            0.020008955150842667,
            -0.024617567658424377
        ],
        [
            0.12673251330852509,
            0.026125743985176086,
            -0.014853619039058685
        ],
        [
            0.11382981389760971,
            0.053092218935489655,
            -0.007376912981271744
        ],
        [
            0.10914336144924164,
            0.04871884733438492,
            0.0010601729154586792
        ],
        [
            0.11710807681083679,
            0.04275109991431236,
            -0.0027850009500980377
        ],
        [
            0.11915455013513565,
            0.047604259103536606,
            -0.009820394217967987
        ],
        [
            0.10462421178817749,
            0.06136123836040497,
            -0.01829858124256134
        ],
        [
            0.1122983768582344,
            0.06080351397395134,
            -0.016122303903102875
        ],
        [
            0.11594446003437042,
            0.06472136825323105,
            -0.023130379617214203
        ],
        [
            0.10927747189998627,
            0.06672173738479614,
            -0.026176009327173233
        ],
        [
            0.16110892593860626,
            0.012870535254478455,
            -0.02513088285923004
        ],
        [
            0.15331020951271057,
            -0.0035867970436811447,
            -0.022417034953832626
        ],
        [
            0.08739666640758514,
            0.03287961333990097,
            0.01501385122537613
        ],
        [
            0.08496609330177307,
            0.02711501531302929,
            0.01975610852241516
        ],
        [
            0.07993379980325699,
            0.021579936146736145,
            0.023883454501628876
        ],
        [
            0.11795306205749512,
            0.01966189593076706,
            0.006084077060222626
        ],
        [
            0.11216087639331818,
            0.014012077823281288,
            0.017509080469608307
        ],
        [
            0.11541588604450226,
            0.010578526183962822,
            0.01720249652862549
        ],
        [
            0.11898286640644073,
            0.016077397391200066,
            0.004862278699874878
        ],
        [
            0.12882041931152344,
            0.012665798887610435,
            0.000727437436580658
        ],
        [
            0.1286977082490921,
            0.009418611414730549,
            0.01324840635061264
        ],
        [
            0.13577796518802643,
            0.018941080197691917,
            -0.003172416239976883
        ],
        [
            0.10663966089487076,
            0.001890387386083603,
            0.022898517549037933
        ],
        [
            0.09711874276399612,
            0.003947971388697624,
            0.028611868619918823
        ],
        [
            0.10096379369497299,
            -0.004050558432936668,
            0.02747569978237152
        ],
        [
            0.09113985300064087,
            0.01172226294875145,
            0.028483480215072632
        ],
        [
            0.08521568030118942,
            0.018208909779787064,
            0.02707894891500473
        ],
        [
            0.06234395503997803,
            0.016497641801834106,
            0.0030123144388198853
        ],
        [
            0.10422113537788391,
            -0.011225871741771698,
            0.024912334978580475
        ],
        [
            0.15735608339309692,
            0.026836208999156952,
            -0.0036883875727653503
        ],
        [
            0.16382360458374023,
            0.030849160626530647,
            -0.008658457547426224
        ],
        [
            0.15761321783065796,
            0.032191429287195206,
            -0.011844757944345474
        ],
        [
            0.1515372395515442,
            0.028119873255491257,
            -0.00849832221865654
        ],
        [
            0.16131259500980377,
            0.006111264694482088,
            -0.05746346339583397
        ],
        [
            0.16497354209423065,
            0.008840352296829224,
            -0.05096873641014099
        ],
        [
            0.16000904142856598,
            0.006604346912354231,
            -0.042745769023895264
        ],
        [
            0.11251619458198547,
            0.031743135303258896,
            0.010766007006168365
        ],
        [
            0.10232336819171906,
            0.03905676305294037,
            0.01229502260684967
        ],
        [
            0.16242314875125885,
            0.02473476529121399,
            -0.0488794669508934
        ],
        [
            0.17870444059371948,
            0.02742065116763115,
            -0.07818706333637238
        ],
        [
            0.1825931817293167,
            0.026741329580545425,
            -0.07381792366504669
        ],
        [
            0.17171378433704376,
            0.015076231211423874,
            -0.06596113741397858
        ],
        [
            0.1678241789340973,
            0.01635981909930706,
            -0.07138578593730927
        ],
        [
            0.1611841470003128,
            0.030256362631917,
            -0.058427389711141586
        ],
        [
            0.1639723777770996,
            0.02716144174337387,
            -0.05311775580048561
        ],
        [
            0.1643032431602478,
            0.02876294031739235,
            -0.05570491403341293
        ],
        [
            0.16187869012355804,
            0.033045582473278046,
            -0.05995052307844162
        ],
        [
            0.13911189138889313,
            0.056685805320739746,
            -0.046486061066389084
        ],
        [
            0.13563306629657745,
            0.05390361696481705,
            -0.041472505778074265
        ],
        [
            0.14266294240951538,
            0.021395955234766006,
            -0.06521548330783844
        ],
        [
            0.14680781960487366,
            0.008567058481276035,
            -0.06597506999969482
        ],
        [
            0.14007151126861572,
            0.004575880244374275,
            -0.056757718324661255
        ],
        [
            0.13452577590942383,
            0.03848939761519432,
            -0.031522464007139206
        ],
        [
            0.13947050273418427,
            0.04326925799250603,
            -0.03941013664007187
        ],
        [
            0.13688305020332336,
            0.04634518176317215,
            -0.03832414746284485
        ],
        [
            0.15545804798603058,
            0.028380833566188812,
            -0.045073799788951874
        ],
        [
            0.1595730036497116,
            0.0294036865234375,
            -0.05127870291471481
        ],
        [
            0.15538707375526428,
            0.031808022409677505,
            -0.04967906326055527
        ],
        [
            0.1511240154504776,
            0.03149951994419098,
            -0.04369955137372017
        ],
        [
            0.09249177575111389,
            0.04944083094596863,
            -0.01665598899126053
        ],
        [
            0.09866254031658173,
            0.05509762465953827,
            -0.008553456515073776
        ],
        [
            0.18994756042957306,
            0.035643719136714935,
            -0.07104086130857468
        ],
        [
            0.1871216744184494,
            0.03235261142253876,
            -0.06981697678565979
        ],
        [
            0.12872722744941711,
            0.033800866454839706,
            -0.022785734385252
        ],
        [
            0.13273391127586365,
            -3.902241587638855e-06,
            -0.04511278122663498
        ],
        [
            0.12362048029899597,
            0.03032558597624302,
            -0.013110727071762085
        ],
        [
            0.12030452489852905,
            0.054743118584156036,
            -0.0538230836391449
        ],
        [
            0.12410304695367813,
            0.060471419245004654,
            -0.048903293907642365
        ],
        [
            0.1286361664533615,
            0.06226103752851486,
            -0.05207507684826851
        ],
        [
            0.1270320564508438,
            0.05937990918755531,
            -0.05740278214216232
        ],
        [
            0.17026685178279877,
            0.04228788986802101,
            -0.06834153831005096
        ],
        [
            0.1746220588684082,
            0.041385799646377563,
            -0.06461925804615021
        ],
        [
            0.17761346697807312,
            0.04447406902909279,
            -0.06667855381965637
        ],
        [
            0.17385147511959076,
            0.045511938631534576,
            -0.07094692438840866
        ],
        [
            0.1669091284275055,
            0.02242000587284565,
            -0.0513216108083725
        ],
        [
            0.16896991431713104,
            0.016285939142107964,
            -0.05167370289564133
        ],
        [
            0.171920046210289,
            0.020967042073607445,
            -0.05551411211490631
        ],
        [
            0.1683560013771057,
            0.02567160688340664,
            -0.05511069297790527
        ],
        [
            0.1692529022693634,
            0.012512818910181522,
            -0.05673094838857651
        ],
        [
            0.17295533418655396,
            0.016702786087989807,
            -0.060022901743650436
        ],
        [
            0.1680145263671875,
            0.04011256992816925,
            -0.07397641241550446
        ],
        [
            0.16947530210018158,
            0.03489574044942856,
            -0.07912805676460266
        ],
        [
            0.15896157920360565,
            0.026553163304924965,
            -0.07267756760120392
        ],
        [
            0.1602424532175064,
            0.03246386721730232,
            -0.06741812825202942
        ],
        [
            0.0931592509150505,
            0.02066592499613762,
            -0.026422739028930664
        ],
        [
            0.08845476806163788,
            0.02949000522494316,
            -0.021435130387544632
        ],
        [
            0.09701655805110931,
            0.03763510659337044,
            -0.03092220425605774
        ],
        [
            0.10437428206205368,
            0.04582197219133377,
            -0.04101233929395676
        ],
        [
            0.112613245844841,
            0.05272708088159561,
            -0.04997728392481804
        ],
        [
            0.11649377644062042,
            0.04319623485207558,
            -0.05695997551083565
        ],
        [
            0.09347765147686005,
            0.04310639202594757,
            -0.025959115475416183
        ],
        [
            0.15460948646068573,
            0.029888583347201347,
            -0.0623067170381546
        ],
        [
            0.15182380378246307,
            0.0214865580201149,
            -0.06757919490337372
        ],
        [
            0.1498723179101944,
            0.026597311720252037,
            -0.06545665115118027
        ],
        [
            0.12102009356021881,
            0.03678061068058014,
            -0.010384093970060349
        ],
        [
            0.1840612143278122,
            0.028247453272342682,
            -0.06909089535474777
        ],
        [
            0.09491077810525894,
            -0.01924956403672695,
            -0.007321793586015701
        ],
        [
            0.08503405749797821,
            -0.009906183928251266,
            -0.010312546044588089
        ],
        [
            0.09201827645301819,
            -0.007952537387609482,
            -0.015345923602581024
        ],
        [
            0.10422264039516449,
            -0.018007412552833557,
            -0.011430390179157257
        ],
        [
            0.17972134053707123,
            0.03708213195204735,
            -0.06291523575782776
        ],
        [
            0.1834154725074768,
            0.03224567696452141,
            -0.06430797278881073
        ],
        [
            0.13260139524936676,
            0.059593185782432556,
            -0.04044196754693985
        ],
        [
            0.13568395376205444,
            0.06113314628601074,
            -0.045725319534540176
        ],
        [
            0.13335630297660828,
            0.06383156776428223,
            -0.04767399653792381
        ],
        [
            0.13104067742824554,
            0.06499281525611877,
            -0.04158414527773857
        ],
        [
            0.08600208163261414,
            0.03321465104818344,
            -0.017465580254793167
        ],
        [
            0.11054651439189911,
            0.07021636515855789,
            -0.037287645041942596
        ],
        [
            0.10938901454210281,
            0.06333832442760468,
            -0.045889467000961304
        ],
        [
            0.08117608726024628,
            0.022042687982320786,
            -0.013370450586080551
        ],
        [
            0.08471304923295975,
            0.01418156549334526,
            -0.018054436892271042
        ],
        [
            0.07836977392435074,
            0.010022301226854324,
            -0.011882204562425613
        ],
        [
            0.1293231099843979,
            0.03736376762390137,
            -0.0631391704082489
        ],
        [
            0.09845259040594101,
            0.015317395329475403,
            -0.030773285776376724
        ],
        [
            0.08950236439704895,
            0.00902583822607994,
            -0.021122440695762634
        ],
        [
            0.08211861550807953,
            0.0038080625236034393,
            -0.013923026621341705
        ],
        [
            0.076107457280159,
            0.0005325563251972198,
            -0.009116388857364655
        ],
        [
            0.07268791645765305,
            0.007717806845903397,
            -0.007285449653863907
        ],
        [
            0.1737680286169052,
            0.03096042573451996,
            -0.07968492805957794
        ],
        [
            0.17389272153377533,
            0.038927312940359116,
            -0.08092062175273895
        ],
        [
            0.06499580293893814,
            0.0049798376858234406,
            -0.003219403326511383
        ],
        [
            0.06962220370769501,
            -0.002905711531639099,
            -0.004942175000905991
        ],
        [
            0.09549830853939056,
            0.002400781959295273,
            -0.023464318364858627
        ],
        [
            0.10426335781812668,
            -0.005551651120185852,
            -0.024888765066862106
        ],
        [
            0.10405346751213074,
            0.008830390870571136,
            -0.032536447048187256
        ],
        [
            0.1128893718123436,
            0.0015252195298671722,
            -0.034975316375494
        ],
        [
            0.13060620427131653,
            0.027317441999912262,
            -0.06723683327436447
        ],
        [
            0.18630746006965637,
            0.053158171474933624,
            -0.08481265604496002
        ],
        [
            0.17739084362983704,
            0.04700233042240143,
            -0.08073464035987854
        ],
        [
            0.17787869274616241,
            0.048846110701560974,
            -0.07525764405727386
        ],
        [
            0.1852903813123703,
            0.055193811655044556,
            -0.08117607235908508
        ],
        [
            0.172232985496521,
            0.04358650743961334,
            -0.07630700618028641
        ],
        [
            0.1789371818304062,
            0.04226238653063774,
            -0.08359318971633911
        ],
        [
            0.12544018030166626,
            -0.006639003753662109,
            -0.033245332539081573
        ],
        [
            0.1582929939031601,
            0.03324304148554802,
            -0.05526750534772873
        ],
        [
            0.12030139565467834,
            -0.01495932973921299,
            -0.019758708775043488
        ],
        [
            0.14112251996994019,
            -0.008753739297389984,
            -0.03303308039903641
        ],
        [
            0.139806866645813,
            -0.013596374541521072,
            -0.021615438163280487
        ],
        [
            0.11679695546627045,
            -0.023514587432146072,
            -0.004493352025747299
        ],
        [
            0.13529707491397858,
            -0.02009148709475994,
            -0.008064057677984238
        ],
        [
            0.0973445400595665,
            -0.026012150570750237,
            0.0030537843704223633
        ],
        [
            0.10567953437566757,
            -0.024050181731581688,
            -0.0016514062881469727
        ],
        [
            0.1512128710746765,
            -0.010149817913770676,
            -0.012230012565851212
