{
    "pred_cam": [
        8.585182189941406,
        0.06201585382223129,
        -0.05559253320097923
    ],
    "pred_mano_params": {
        "global_orient": [
            [
                [
                    0.7188757658004761,
                    -0.4787707030773163,
                    -0.5039803981781006
                ],
                [
                    -0.6811014413833618,
                    -0.3401585519313812,
                    -0.6483771800994873
                ],
                [
                    0.13899077475070953,
                    0.8093644380569458,
                    -0.5706231594085693
                ]
            ]
        ],
        "hand_pose": [
            [
                [
                    0.776407778263092,
                    -0.4902319610118866,
                    -0.396060049533844
                ],
                [
                    0.4570881426334381,
                    0.8706737160682678,
                    -0.18165253102779388
                ],
                [
                    0.4338909983634949,
                    -0.039997924119234085,
                    0.9000770449638367
                ]
            ],
            [
                [
                    0.93989497423172,
                    -0.3407731354236603,
                    0.021706467494368553
                ],
                [
                    0.3403777480125427,
                    0.9299448132514954,
                    -0.1390884816646576
                ],
                [
                    0.02721179835498333,
                    0.1381169557571411,
                    0.9900420308113098
                ]
            ],
            [
                [
                    0.8539597392082214,
                    -0.5109326243400574,
                    0.09849144518375397
                ],
                [
                    0.5198614001274109,
                    0.8296437859535217,
                    -0.20355689525604248
                ],
                [
                    0.022291062399744987,
                    0.2250313013792038,
                    0.9740965366363525
                ]
            ],
            [
                [
                    0.6911270618438721,
                    -0.7022020220756531,
                    -0.17104318737983704
                ],
                [
                    0.6947882175445557,
                    0.710702657699585,
                    -0.11032260209321976
                ],
                [
                    0.1990295946598053,
                    -0.04259185492992401,
                    0.9790675044059753
                ]
            ],
            [
                [
                    0.8895555138587952,
                    -0.41022929549217224,
                    -0.20100487768650055
                ],
                [
                    0.45136964321136475,
                    0.8570842742919922,
                    0.24833853542804718
                ],
                [
                    0.07040238380432129,
                    -0.31163838505744934,
                    0.947589099407196
                ]
            ],
            [
                [
                    0.843339204788208,
                    -0.5326704978942871,
                    0.07100135833024979
                ],
                [
                    0.5332445502281189,
                    0.8458732962608337,
                    0.012192749418318272
                ],
                [
                    -0.06655286997556686,
                    0.02757846564054489,
                    0.997401773929596
                ]
            ],
            [
                [
                    0.46441420912742615,
                    -0.8204044699668884,
                    0.33355048298835754
                ],
                [
                    0.7112293839454651,
                    0.5699207186698914,
                    0.41151320934295654
                ],
                [
                    -0.5277045965194702,
                    0.046118300408124924,
                    0.8481749892234802
                ]
            ],
            [
                [
                    0.9259803295135498,
                    -0.33207598328590393,
                    -0.17968298494815826
                ],
                [
                    0.37719377875328064,
                    0.7923002243041992,
                    0.4795677065849304
                ],
                [
                    -0.01689005270600319,
                    -0.511845588684082,
                    0.858911395072937
                ]
            ],
            [
                [
                    0.9282234311103821,
                    -0.3393169343471527,
                    0.15252982079982758
                ],
                [
                    0.2686580717563629,
                    0.8949999213218689,
                    0.3560870885848999
                ],
                [
                    -0.25734055042266846,
                    -0.2895500063896179,
                    0.921920120716095
                ]
            ],
            [
                [
                    0.5704682469367981,
                    -0.8146969676017761,
                    0.10409051179885864
                ],
                [
                    0.819167971611023,
                    0.5735535621643066,
                    -0.000354921881807968
                ],
                [
                    -0.059412334114313126,
                    0.08547008782625198,
                    0.9945677518844604
                ]
            ],
            [
                [
                    0.9336097836494446,
                    -0.3189403712749481,
                    -0.16324776411056519
                ],
                [
                    0.35743236541748047,
                    0.8606116771697998,
                    0.362752765417099
                ],
                [
                    0.02479645609855652,
                    -0.39701956510543823,
                    0.9174751043319702
                ]
            ],
            [
                [
                    0.8425135612487793,
                    -0.5169687271118164,
                    0.15137483179569244
                ],
                [
                    0.4837222993373871,
                    0.8497310876846313,
                    0.20969006419181824
                ],
                [
                    -0.23703108727931976,
                    -0.10344331711530685,
                    0.965979278087616
                ]
            ],
            [
                [
                    0.9625359177589417,
                    0.2700132429599762,
                    -0.02485000528395176
                ],
                [
                    -0.2536546587944031,
                    0.8642370104789734,
                    -0.43445807695388794
                ],
                [
                    -0.09583313018083572,
                    0.4244847893714905,
                    0.9003492593765259
                ]
            ],
            [
                [
                    0.8928125500679016,
                    -0.3320748507976532,
                    -0.304322212934494
                ],
                [
                    0.43241068720817566,
                    0.8210684061050415,
                    0.37264952063560486
                ],
                [
                    0.12612180411815643,
                    -0.4642983675003052,
                    0.8766528964042664
                ]
            ],
            [
                [
                    0.9999619722366333,
                    0.004545923322439194,
                    0.007438786327838898
                ],
                [
                    -0.0015880657592788339,
                    0.9339908361434937,
                    -0.3572934865951538
                ],
                [
                    -0.008571981452405453,
                    0.3572680950164795,
                    0.9339625239372253
                ]
            ]
        ],
        "betas": [
            0.05653396248817444,
            -0.1384587287902832,
            -0.04488658905029297,
            0.07278969883918762,
            -0.005566954612731934,
            -0.026781078428030014,
            0.0370117723941803,
            0.02006419003009796,
            -0.07051131129264832,
            -0.04897257685661316
        ]
    },
    "pred_cam_t": [
        -0.06201585382223129,
        -0.05559253320097923,
        4.549990653991699
    ],
    "focal_length": [
        5000.0,
        5000.0
    ],
    "pred_keypoints_3d": [
        [
            0.09550993889570236,
            0.006375478580594063,
            0.006183082703500986
        ],
        [
            0.07267428934574127,
            0.011298369616270065,
            -0.02433859370648861
        ],
        [
            0.04914245754480362,
            0.010722731240093708,
            -0.04412790387868881
        ],
        [
            0.030242448672652245,
            0.023343708366155624,
            -0.05882896110415459
        ],
        [
            0.007269207388162613,
            0.03701149299740791,
            -0.08258414268493652
        ],
        [
            0.02454248070716858,
            0.054771050810813904,
            -0.021907730028033257
        ],
        [
            0.01614890806376934,
            0.08595194667577744,
            -0.028350071981549263
        ],
        [
            0.020800236612558365,
            0.10526659339666367,
            -0.03816394507884979
        ],
        [
            0.034849539399147034,
            0.12105433642864227,
            -0.052315108478069305
        ],
        [
            0.03011045604944229,
            0.0734785720705986,
            -0.0062437341548502445
        ],
        [
            0.029719797894358635,
            0.10260863602161407,
            -0.018552813678979874
        ],
        [
            0.041466325521469116,
            0.11762417107820511,
            -0.03183179348707199
        ],
        [
            0.057149093598127365,
            0.12565705180168152,
            -0.050286728888750076
        ],
        [
            0.05215255171060562,
            0.0805811882019043,
            0.006774954963475466
        ],
        [
            0.051055241376161575,
            0.10259277373552322,
            -0.011765541508793831
        ],
        [
            0.06438350677490234,
            0.11635825783014297,
            -0.027436720207333565
        ],
        [
            0.07848124951124191,
            0.12114474177360535,
            -0.04756902903318405
        ],
        [
            0.07249381393194199,
            0.08446947485208511,
            0.013201095163822174
        ],
        [
            0.07275065034627914,
            0.09960305690765381,
            -0.0014550741761922836
        ],
        [
            0.08280003070831299,
            0.10603631287813187,
            -0.016144484281539917
        ],
        [
            0.09224256873130798,
            0.10462646931409836,
            -0.03277904540300369
        ]
    ],
    "pred_vertices": [
        [
            0.059368230402469635,
            0.03534569963812828,
            -0.024224847555160522
        ],
        [
            0.06757580488920212,
            0.029487093910574913,
            -0.024988733232021332
        ],
        [
            0.05948220193386078,
            0.029299287125468254,
            -0.033620163798332214
        ],
        [
            0.05237418785691261,
            0.034832388162612915,
            -0.03193791210651398
        ],
        [
            0.07647893577814102,
            0.01722332462668419,
            -0.040481604635715485
        ],
        [
            0.07787580788135529,
            0.005186192691326141,
            -0.042954131960868835
        ],
        [
            0.06332040578126907,
            0.009102726355195045,
            -0.05196555331349373
        ],
        [
            0.06470859795808792,
            0.018723975867033005,
            -0.049638088792562485
        ],
        [
            0.04502449929714203,
            0.032906632870435715,
            -0.03659720718860626
        ],
        [
            0.05304306373000145,
            0.02892756089568138,
            -0.0398617684841156
        ],
        [
            0.0407051257789135,
            0.028015146031975746,
            -0.035770319402217865
        ],
        [
            0.031186819076538086,
            0.03130893409252167,
            -0.02893337793648243
        ],
        [
            0.03685048967599869,
            0.036155860871076584,
            -0.03220886364579201
        ],
        [
            0.02488691359758377,
            0.0365213081240654,
            -0.025879593566060066
        ],
        [
            0.03153865784406662,
            0.023258671164512634,
            -0.02069631963968277
        ],
        [
            0.022625427693128586,
            0.03572458401322365,
            -0.016459839418530464
        ],
        [
            0.04285305738449097,
            0.03080248087644577,
            0.004631210118532181
        ],
        [
            0.05146586149930954,
            0.03657996654510498,
            0.012892259284853935
        ],
        [
            0.04030495509505272,
            0.04983978718519211,
            0.011380811221897602
        ],
        [
            0.0330793634057045,
            0.042880505323410034,
            0.0021590478718280792
        ],
        [
            0.05836603790521622,
            0.05531313270330429,
            0.020003804937005043
        ],
        [
            0.04782620444893837,
            0.05298776924610138,
            0.015247221104800701
        ],
        [
            0.05842844024300575,
            0.039317332208156586,
            0.017779167741537094
        ],
        [
            0.06745699793100357,
            0.0420377254486084,
            0.02164512127637863
        ],
        [
            0.07146430015563965,
            0.03751782700419426,
            -0.012690693140029907
        ],
        [
            0.0801323652267456,
            0.031405411660671234,
            -0.011893398128449917
        ],
        [
            0.07545851171016693,
            0.030374005436897278,
            -0.01572386361658573
        ],
        [
            0.06745798885822296,
            0.03595126420259476,
            -0.016356706619262695
        ],
        [
            0.037529848515987396,
            0.01729336380958557,
            -0.03935082256793976
        ],
        [
            0.03945605456829071,
            0.01230723038315773,
            -0.03135188668966293
        ],
        [
            0.03792896121740341,
            0.02045515365898609,
            -0.03196877986192703
        ],
        [
            0.03955242782831192,
            0.022184181958436966,
            -0.04126559570431709
        ],
        [
            0.10702654719352722,
            0.0211184062063694,
            -0.00904854480177164
        ],
        [
            0.11153024435043335,
            0.00946277379989624,
            -0.004007718060165644
        ],
        [
            0.10784302651882172,
            0.006091661751270294,
            -0.007035328075289726
        ],
        [
            0.10429147630929947,
            0.017604105174541473,
            -0.010610177181661129
        ],
        [
            0.09356832504272461,
            -0.0005233176052570343,
            -0.025424182415008545
        ],
        [
            0.09747423976659775,
            -0.005420893430709839,
            -0.016376618295907974
        ],
        [
            0.09159096330404282,
            -0.01811514049768448,
            -0.013574017211794853
        ],
        [
            0.08507628738880157,
            -0.01399540901184082,
            -0.019819682464003563
        ],
        [
            0.08664809912443161,
            0.00283847376704216,
            -0.03497544303536415
        ],
        [
            0.08090619742870331,
            -0.009387828409671783,
            -0.031028518453240395
        ],
        [
            0.07295257598161697,
            -0.004977378994226456,
            -0.039780110120773315
        ],
        [
            0.059106215834617615,
            0.0009831935167312622,
            -0.04926575347781181
        ],
        [
            0.11809896677732468,
            0.015914641320705414,
            0.004893392324447632
        ],
        [
            0.11608585715293884,
            0.025460604578256607,
            0.002082636347040534
        ],
        [
            0.01997135952115059,
            0.08641993999481201,
            -0.03925367444753647
        ],
        [
            0.024504976347088814,
            0.08834623545408249,
            -0.036018602550029755
        ],
        [
            0.024701308459043503,
            0.08394493162631989,
            -0.03537660837173462
        ],
        [
            0.019851479679346085,
            0.08275067806243896,
            -0.03836176171898842
        ],
        [
            0.11280649900436401,
            0.02382594347000122,
            0.02269732393324375
        ],
        [
            0.10656139254570007,
            0.020870313048362732,
            0.02997647225856781
        ],
        [
            0.11233408749103546,
            0.016428537666797638,
            0.030209675431251526
        ],
        [
            0.11732286959886551,
            0.017771095037460327,
            0.022380579262971878
        ],
        [
            0.10682470351457596,
            0.031803105026483536,
            0.023026717826724052
        ],
        [
            0.09856348484754562,
            0.02696111798286438,
            0.028879523277282715
        ],
        [
            0.009107781574130058,
            0.09055015444755554,
            -0.03396080434322357
        ],
        [
            0.011358174495398998,
            0.08853569626808167,
            -0.038151055574417114
        ],
        [
            0.010063986293971539,
            0.08415184915065765,
            -0.035574112087488174
        ],
        [
            0.008434116840362549,
            0.0856802687048912,
            -0.030725933611392975
        ],
        [
            0.044461239129304886,
            0.03953879326581955,
            -0.0309589896351099
        ],
        [
            0.052405115216970444,
            0.04167994111776352,
            -0.0255061537027359
        ],
        [
            0.03316532447934151,
            0.05267272889614105,
            -0.03051438368856907
        ],
        [
            0.040757060050964355,
            0.04879895970225334,
            -0.027093898504972458
        ],
        [
            0.03642411530017853,
            0.04373352602124214,
            -0.03046482428908348
        ],
        [
            0.029794998466968536,
            0.047580599784851074,
            -0.03188696876168251
        ],
        [
            0.05786498636007309,
            0.055640384554862976,
            -0.011983108706772327
        ],
        [
            0.06549413502216339,
            0.04687105119228363,
            -0.01100272499024868
        ],
        [
            0.06039836257696152,
            0.04523219168186188,
            -0.014880401082336903
        ],
        [
            0.05145223066210747,
            0.05415259674191475,
            -0.017537137493491173
        ],
        [
            0.07654853165149689,
            0.05327865853905678,
            -0.004968525841832161
        ],
        [
            0.0679113119840622,
            0.06119714677333832,
            -0.006010223180055618
        ],
        [
            0.07519135624170303,
            0.06381908059120178,
            -0.0023395628668367863
        ],
        [
            0.0805291011929512,
            0.05806014686822891,
            -0.0031018296722322702
        ],
        [
            0.05102923512458801,
            0.0721704289317131,
            -0.008869951590895653
        ],
        [
            0.046357348561286926,
            0.07614696770906448,
            -0.008775641210377216
        ],
        [
            0.04956609383225441,
            0.07828876376152039,
            -0.008283132687211037
        ],
        [
            0.05405665189027786,
            0.07332979887723923,
            -0.0070049948990345
        ],
        [
            0.11726270616054535,
            0.011390775442123413,
            0.031054947525262833
        ],
        [
            0.12086568772792816,
            0.011418379843235016,
            0.02192949503660202
        ],
        [
            0.07800548523664474,
            0.06261325627565384,
            0.02615642361342907
        ],
        [
            0.08884445577859879,
            0.0633278638124466,
            0.023411307483911514
        ],
        [
            0.08241815865039825,
            0.07541167736053467,
            0.02339828759431839
        ],
        [
            0.07185830920934677,
            0.07160647958517075,
            0.026950642466545105
        ],
        [
            0.09750024974346161,
            0.016398996114730835,
            0.03203508257865906
        ],
        [
            0.10402613878250122,
            0.01272071897983551,
            0.03436897695064545
        ],
        [
            0.01024765893816948,
            0.09318781644105911,
            -0.02845330536365509
        ],
        [
            0.010339945554733276,
            0.08822370320558548,
            -0.025484368205070496
        ],
        [
            0.06694179028272629,
            -0.010237187147140503,
            -0.029710233211517334
        ],
        [
            0.0539480485022068,
            -0.0030195601284503937,
            -0.04290761426091194
        ],
        [
            0.07511557638645172,
            -0.014560911804437637,
            -0.01860199123620987
        ],
        [
            0.08004715293645859,
            -0.017780467867851257,
            -0.010264718905091286
        ],
        [
            0.08452228456735611,
            -0.023006975650787354,
            -0.005351454019546509
        ],
        [
            0.04179812967777252,
            0.05462195351719856,
            -0.024195484817028046
        ],
        [
            0.059500955045223236,
            0.04105059430003166,
            -0.019164787605404854
        ],
        [
            0.07529985904693604,
            0.03945199027657509,
            -0.009953215718269348
        ],
        [
            0.09728777408599854,
            0.057576343417167664,
            0.0016586799174547195
        ],
        [
            0.10414043068885803,
            0.04964402690529823,
            0.001657293876633048
        ],
        [
            0.09562407433986664,
            0.047660596668720245,
            -0.004542108625173569
        ],
        [
            0.09109845757484436,
            0.05487013980746269,
            -0.0027342992834746838
        ],
        [
            0.09471715986728668,
            0.06639063358306885,
            0.016052410006523132
        ],
        [
            0.09369146823883057,
            0.06701606512069702,
            0.008056105114519596
        ],
        [
            0.08822332322597504,
            0.07379665225744247,
            0.008783690631389618
        ],
        [
            0.08844445645809174,
            0.07527966797351837,
            0.016581548377871513
        ],
        [
            0.03577011078596115,
            0.010094206780195236,
            -0.041242267936468124
        ],
        [
            0.04163244739174843,
            0.00477256253361702,
            -0.03216692805290222
        ],
        [
            0.11681175231933594,
            0.024928085505962372,
            0.013000955805182457
        ],
        [
            0.11923158168792725,
            0.017540402710437775,
            0.012433918192982674
        ],
        [
            0.12227270752191544,
            0.009896934032440186,
            0.01446067076176405
        ],
        [
            0.09343515336513519,
            0.025988362729549408,
            -0.011873399838805199
        ],
        [
            0.10250987857580185,
            0.015228267759084702,
            -0.011966128833591938
        ],
        [
            0.09966972470283508,
            0.013728123158216476,
            -0.01544188056141138
        ],
        [
            0.090733602643013,
            0.024932298809289932,
            -0.013162979856133461
        ],
        [
            0.07782198488712311,
            0.02491454780101776,
            -0.02770184725522995
        ],
        [
            0.08783234655857086,
            0.015510011464357376,
            -0.029780933633446693
        ],
        [
            0.06829190254211426,
            0.026143871247768402,
            -0.03714919462800026
        ],
        [
            0.10404376685619354,
            0.00021011382341384888,
            -0.010985512286424637
        ],
        [
            0.11289716511964798,
            -0.002674967050552368,
            -0.005089186131954193
        ],
        [
            0.10738258808851242,
            -0.008531704545021057,
            -0.008817905560135841
        ],
        [
            0.1180998831987381,
            0.0026838257908821106,
            0.0012381579726934433
        ],
        [
            0.12169331312179565,
            0.007282786071300507,
            0.007960986346006393
        ],
        [
            0.10906119644641876,
            0.007418781518936157,
            0.038726504892110825
        ],
        [
            0.10094669461250305,
            -0.013586081564426422,
            -0.010912003926932812
        ],
        [
            0.0559440515935421,
            0.018966753035783768,
            -0.05426038056612015
        ],
        [
            0.048608388751745224,
            0.019884061068296432,
            -0.05720466747879982
        ],
        [
            0.04762917011976242,
            0.024818388745188713,
            -0.05182058364152908
        ],
        [
            0.05362161248922348,
            0.024369370192289352,
            -0.04859612137079239
        ],
        [
            0.01853136718273163,
            0.04453090578317642,
            -0.024903684854507446
        ],
        [
            0.023923780769109726,
            0.04569597542285919,
            -0.030729923397302628
        ],
        [
            0.030524538829922676,
            0.03839223459362984,
            -0.03074168600142002
        ],
        [
            0.10388236492872238,
            0.0320948101580143,
            -0.007563507650047541
        ],
        [
            0.1118445172905922,
            0.03541065752506256,
            0.0016771219670772552
        ],
        [
            0.03427274897694588,
            0.05816837400197983,
            -0.02718435972929001
        ],
        [
            0.008617732673883438,
            0.08071205019950867,
            -0.02803019993007183
        ],
        [
            0.010160068050026894,
            0.07895713299512863,
            -0.03346312418580055
        ],
        [
            0.013923846185207367,
            0.06064628064632416,
            -0.029119353741407394
        ],
        [
            0.011586070992052555,
            0.06296858936548233,
            -0.023100972175598145
        ],
        [
            0.03037918731570244,
            0.06605850160121918,
            -0.021169129759073257
        ],
        [
            0.03234214708209038,
            0.061945922672748566,
            -0.02636551484465599
        ],
        [
            0.03152643144130707,
            0.06437627226114273,
            -0.02518441155552864
        ],
        [
            0.03141564130783081,
            0.06899414956569672,
            -0.020538175478577614
        ],
        [
            0.05785871297121048,
            0.0793745368719101,
            -0.0042597330175340176
        ],
        [
            0.061743609607219696,
            0.07490964233875275,
            -0.0032792268320918083
        ],
        [
            0.025864964351058006,
            0.05628309026360512,
            -0.002836458384990692
        ],
        [
            0.018103720620274544,
            0.0464734248816967,
            -0.007458480075001717
        ],
        [
            0.026351869106292725,
            0.03685268014669418,
            -0.005748694762587547
        ],
        [
            0.06384985893964767,
            0.05805370956659317,
            -0.008260250091552734
        ],
        [
            0.057534024119377136,
            0.06623148173093796,
            -0.00871226191520691
        ],
        [
            0.06064525246620178,
            0.06784239411354065,
            -0.006503920536488295
        ],
        [
            0.04099142178893089,
            0.0588904544711113,
            -0.022118428722023964
        ],
        [
            0.03527718782424927,
            0.062485430389642715,
            -0.02304004691541195
        ],
        [
            0.03871573135256767,
            0.06369317322969437,
            -0.01972152851521969
        ],
        [
            0.044978976249694824,
            0.060336191207170486,
            -0.018510274589061737
        ],
        [
            0.09548991918563843,
            0.05177432298660278,
            0.024342969059944153
        ],
        [
            0.10244569182395935,
            0.055799562484025955,
            0.01593230478465557
        ],
        [
            0.015245901420712471,
            0.086769700050354,
            -0.04003213346004486
        ],
        [
            0.014415557496249676,
            0.08277475088834763,
            -0.038380514830350876
        ],
        [
            0.07121141999959946,
            0.04941978305578232,
            -0.007407630793750286
        ],
        [
            0.03726417198777199,
            0.026587888598442078,
            -0.004248503595590591
        ],
        [
            0.07959296554327011,
            0.04174432158470154,
            -0.00740409642457962
        ],
        [
            0.05703749507665634,
            0.07709045708179474,
            0.015392573550343513
        ],
        [
            0.06250530481338501,
            0.08151767402887344,
            0.010212772525846958
        ],
        [
            0.06010988727211952,
            0.08480735868215561,
            0.007058777846395969
        ],
        [
            0.05490546301007271,
            0.08398152142763138,
            0.010310597717761993
        ],
        [
            0.027656732127070427,
            0.08354806900024414,
            -0.02341996505856514
        ],
        [
            0.028659379109740257,
            0.0822729542851448,
            -0.028938468545675278
        ],
        [
            0.027469061315059662,
            0.08626490086317062,
            -0.030240917578339577
        ],
        [
            0.026312636211514473,
            0.08831663429737091,
            -0.024943433701992035
        ],
        [
            0.030427299439907074,
            0.05823202058672905,
            -0.030387047678232193
        ],
        [
            0.02634177729487419,
            0.05400020256638527,
            -0.03282792121171951
        ],
        [
            0.025181911885738373,
            0.060547977685928345,
            -0.03313371539115906
        ],
        [
            0.029132945463061333,
            0.06298504769802094,
            -0.02948259562253952
        ],
        [
            0.020439451560378075,
            0.053042586892843246,
            -0.031360797584056854
        ],
        [
            0.019042791798710823,
            0.059563133865594864,
            -0.03257802501320839
        ],
        [
            0.022799190133810043,
            0.08438932150602341,
            -0.019212845712900162
        ],
        [
            0.015319617465138435,
            0.08412323147058487,
            -0.018674610182642937
        ],
        [
            0.0189591683447361,
            0.06881680339574814,
            -0.013219905085861683
        ],
        [
            0.025998778641223907,
            0.07156530022621155,
            -0.015800239518284798
        ],
        [
            0.07529817521572113,
            0.029286839067935944,
            0.024482663720846176
        ],
        [
            0.0847531259059906,
            0.03428663685917854,
            0.02748929150402546
        ],
        [
            0.07709778100252151,
            0.04716513305902481,
            0.025023575872182846
        ],
        [
            0.06922754645347595,
            0.06018485128879547,
            0.023976624011993408
        ],
        [
            0.061339281499385834,
            0.0719388872385025,
            0.02145010605454445
        ],
        [
            0.05051353946328163,
            0.0666813999414444,
            0.019563546404242516
        ],
        [
            0.08476448059082031,
            0.04947718232870102,
            0.026720361784100533
        ],
        [
            0.02794104442000389,
            0.06616446375846863,
            -0.013851439580321312
        ],
        [
            0.02151760645210743,
            0.05982452630996704,
            -0.009956864640116692
        ],
        [
            0.025428224354982376,
            0.06296437233686447,
            -0.008627885952591896
        ],
        [
            0.08545387536287308,
            0.04590259864926338,
            -0.0054914625361561775
        ],
        [
            0.01438375934958458,
            0.07785153388977051,
            -0.036745376884937286
        ],
        [
            0.07499411702156067,
            -0.012601710855960846,
            0.01135035790503025
        ],
        [
            0.07923466712236404,
            -0.005772337317466736,
            0.021621139720082283
        ],
        [
            0.07340453565120697,
            -0.0003738477826118469,
            0.017931975424289703
        ],
        [
            0.06930474191904068,
            -0.007659237831830978,
            0.006026517599821091
        ],
        [
            0.025896310806274414,
            0.0798383578658104,
            -0.034657031297683716
        ],
        [
            0.020672088488936424,
            0.07805563509464264,
            -0.037865690886974335
        ],
        [
            0.06637360155582428,
            0.07884236425161362,
            -0.0005875176284462214
        ],
        [
            0.06191152334213257,
            0.08240723609924316,
            -0.0015256155747920275
        ],
        [
            0.0626959353685379,
            0.08485310524702072,
            0.001227541477419436
        ],
        [
            0.06854881346225739,
            0.08379378914833069,
            0.0014499796088784933
        ],
        [
            0.09046649932861328,
            0.03565104678273201,
            0.028362713754177094
        ],
        [
            0.0795336365699768,
            0.08345266431570053,
            0.01940368115901947
        ],
        [
            0.06975448131561279,
            0.07978690415620804,
            0.023226015269756317
        ],
        [
            0.09098456054925919,
            0.022923946380615234,
            0.029626542702317238
        ],
        [
            0.08259409666061401,
            0.01838662475347519,
            0.027650706470012665
        ],
        [
            0.08825749158859253,
            0.010880917310714722,
            0.030247677117586136
        ],
        [
            0.038775015622377396,
            0.06646627932786942,
            0.009931039065122604
        ],
        [
            0.067615807056427,
            0.02736513316631317,
            0.021054355427622795
        ],
        [
            0.07622691988945007,
            0.016076643019914627,
            0.024167176336050034
        ],
        [
            0.08270949125289917,
            0.0069985538721084595,
            0.02710884064435959
        ],
        [
            0.087492935359478,
            0.0008094087243080139,
            0.030087027698755264
        ],
        [
            0.09317544102668762,
            0.0057263970375061035,
            0.03308998793363571
        ],
        [
            0.01105398591607809,
            0.08301839977502823,
            -0.02258155681192875
        ],
        [
            0.014920507557690144,
            0.09026894718408585,
            -0.021119629964232445
        ],
        [
            0.09819260239601135,
            -0.0001510903239250183,
            0.03788384422659874
        ],
        [
            0.09187908470630646,
            -0.005427844822406769,
            0.033693719655275345
        ],
        [
            0.06947635114192963,
            0.01253959909081459,
            0.019121434539556503
        ],
        [
            0.062494222074747086,
            0.008296415209770203,
            0.011970188468694687
        ],
        [
            0.0615343376994133,
            0.023667536675930023,
            0.016157925128936768
        ],
        [
            0.05359824001789093,
            0.020296741276979446,
            0.008913164958357811
        ],
        [
            0.03085273876786232,
            0.05896777659654617,
            0.009396417066454887
        ],
        [
            0.020400311797857285,
            0.1056084930896759,
            -0.02898651733994484
        ],
        [
            0.020392803475260735,
            0.09568628668785095,
            -0.023366915062069893
        ],
        [
            0.02511231228709221,
            0.09352247416973114,
            -0.02604520693421364
        ],
        [
            0.024579640477895737,
            0.1042783111333847,
            -0.02917402610182762
        ],
        [
            0.021837402135133743,
            0.089781254529953,
            -0.021341312676668167
        ],
        [
            0.014742303639650345,
            0.095248743891716,
            -0.024016859009861946
        ],
        [
            0.047740306705236435,
            0.014659285545349121,
            -0.0025555994361639023
        ],
        [
            0.03392200917005539,
            0.06766209006309509,
            -0.019771317020058632
        ],
        [
            0.05869106575846672,
            0.0010089948773384094,
            -0.0026000551879405975
        ],
        [
            0.03939858451485634,
            0.011835828423500061,
            -0.016985110938549042
        ],
        [
            0.04871535301208496,
            0.0020285211503505707,
            -0.018758341670036316
        ],
        [
            0.0692862793803215,
            -0.012957558035850525,
            -0.005217611789703369
        ],
        [
            0.060664549469947815,
            -0.009081151336431503,
            -0.01780727505683899
        ],
        [
            0.07997427880764008,
            -0.021800406277179718,
            0.004480121657252312
        ],
        [
            0.07453794777393341,
            -0.016489412635564804,
            0.0007630046457052231
        ],
        [
            0.0520114004611969,
