{
    "pred_cam": [
        7.134793281555176,
        -0.15382274985313416,
        -0.04284710809588432
    ],
    "pred_mano_params": {
        "global_orient": [
            [
                [
                    -0.30632635951042175,
                    -0.7753432393074036,
                    0.5522744059562683
                ],
                [
                    -0.1174900084733963,
                    -0.5449346303939819,
                    -0.8302062153816223
                ],
                [
                    0.9446482062339783,
                    -0.3192007839679718,
                    0.07583276182413101
                ]
            ]
        ],
        "hand_pose": [
            [
                [
                    0.8661266565322876,
                    -0.45070379972457886,
                    -0.21608033776283264
                ],
                [
                    0.4453570246696472,
                    0.8921468257904053,
                    -0.07570493966341019
                ],
                [
                    0.22689588367938995,
                    -0.03066282905638218,
                    0.9734362363815308
                ]
            ],
            [
                [
                    0.914158046245575,
                    -0.3805096745491028,
                    0.139740452170372
                ],
                [
                    0.40347376465797424,
                    0.8873311877250671,
                    -0.22327613830566406
                ],
                [
                    -0.03903733193874359,
                    0.2604913115501404,
                    0.9646866321563721
                ]
            ],
            [
                [
                    0.7958003282546997,
                    -0.6030672788619995,
                    0.054879046976566315
                ],
                [
                    0.6029945611953735,
                    0.7975009679794312,
                    0.019742492586374283
                ],
                [
                    -0.055672142654657364,
                    0.01738068461418152,
                    0.9982978105545044
                ]
            ],
            [
                [
                    0.7904313802719116,
                    -0.5760423541069031,
                    -0.20831061899662018
                ],
                [
                    0.5787007212638855,
                    0.8137279748916626,
                    -0.054335154592990875
                ],
                [
                    0.20080752670764923,
                    -0.07760127633810043,
                    0.9765522480010986
                ]
            ],
            [
                [
                    0.7654243111610413,
                    -0.6352971792221069,
                    -0.10258202999830246
                ],
                [
                    0.6320638060569763,
                    0.7122259736061096,
                    0.30533498525619507
                ],
                [
                    -0.12091687321662903,
                    -0.29854923486709595,
                    0.9467034339904785
                ]
            ],
            [
                [
                    0.6899550557136536,
                    -0.7200239300727844,
                    -0.07434628903865814
                ],
                [
                    0.7229405045509338,
                    0.6905949711799622,
                    0.02086876891553402
                ],
                [
                    0.036317162215709686,
                    -0.06814645975828171,
                    0.9970139265060425
                ]
            ],
            [
                [
                    0.4222545921802521,
                    -0.8887230157852173,
                    0.17852835357189178
                ],
                [
                    0.7139008641242981,
                    0.447403222322464,
                    0.5386797189712524
                ],
                [
                    -0.558611273765564,
                    -0.10000846534967422,
                    0.8233782052993774
                ]
            ],
            [
                [
                    0.9205658435821533,
                    -0.38927221298217773,
                    -0.032025229185819626
                ],
                [
                    0.3862062692642212,
                    0.894929051399231,
                    0.22348742187023163
                ],
                [
                    -0.05833715200424194,
                    -0.21810324490070343,
                    0.9741804599761963
                ]
            ],
            [
                [
                    0.8524657487869263,
                    -0.5214577913284302,
                    0.03719824552536011
                ],
                [
                    0.4638535976409912,
                    0.7872756719589233,
                    0.4062472879886627
                ],
                [
                    -0.24112610518932343,
                    -0.3290574252605438,
                    0.9130055904388428
                ]
            ],
            [
                [
                    0.617904782295227,
                    -0.7860751152038574,
                    -0.016723353415727615
                ],
                [
                    0.7855433225631714,
                    0.6181108355522156,
                    -0.029338005930185318
                ],
                [
                    0.033398762345314026,
                    0.004991174675524235,
                    0.9994297027587891
                ]
            ],
            [
                [
                    0.835768461227417,
                    -0.5473561882972717,
                    -0.04350050911307335
                ],
                [
                    0.48500725626945496,
                    0.6987784504890442,
                    0.5258103609085083
                ],
                [
                    -0.25740835070610046,
                    -0.46055376529693604,
                    0.8494887351989746
                ]
            ],
            [
                [
                    0.6251163482666016,
                    -0.7269015908241272,
                    -0.2843301594257355
                ],
                [
                    0.7800895571708679,
                    0.5940923094749451,
                    0.19625122845172882
                ],
                [
                    0.026263020932674408,
                    -0.3444828689098358,
                    0.9384251236915588
                ]
            ],
            [
                [
                    0.978904664516449,
                    -0.0633445456624031,
                    0.1942502111196518
                ],
                [
                    0.19424846768379211,
                    0.5833118557929993,
                    -0.7886791229248047
                ],
                [
                    -0.06334991753101349,
                    0.8097744584083557,
                    0.5833112597465515
                ]
            ],
            [
                [
                    0.8990049958229065,
                    -0.4292377531528473,
                    -0.08686217665672302
                ],
                [
                    0.4064968228340149,
                    0.7440854907035828,
                    0.5301860570907593
                ],
                [
                    -0.16294296085834503,
                    -0.5119490623474121,
                    0.8434203267097473
                ]
            ],
            [
                [
                    0.8729819059371948,
                    0.28826600313186646,
                    -0.3934529721736908
                ],
                [
                    -0.3670620620250702,
                    0.9194846749305725,
                    -0.1407598853111267
                ],
                [
                    0.3211976885795593,
                    0.2673025131225586,
                    0.9085050225257874
                ]
            ]
        ],
        "betas": [
            -0.03486660122871399,
            -0.07444390654563904,
            -0.07691130042076111,
            0.024933069944381714,
            0.05442988872528076,
            -0.021953564137220383,
            0.011766374111175537,
            -0.053067922592163086,
            -0.014753475785255432,
            -0.05070611834526062
        ]
    },
    "pred_cam_t": [
        -0.15382274985313416,
        -0.04284710809588432,
        5.474930763244629
    ],
    "focal_length": [
        5000.0,
        5000.0
    ],
    "pred_keypoints_3d": [
        [
            0.09594486653804779,
            0.006410849280655384,
            0.006210350431501865
        ],
        [
            0.12967164814472198,
            -0.0037465281784534454,
            -0.009653891436755657
        ],
        [
            0.16001419723033905,
            -0.003108177101239562,
            -0.015338104218244553
        ],
        [
            0.18548820912837982,
            0.003935231827199459,
            -0.021660206839442253
        ],
        [
            0.21389739215373993,
            0.013105696067214012,
            -0.04217519611120224
        ],
        [
            0.13843947649002075,
            0.0024906834587454796,
            -0.073992520570755
        ],
        [
            0.15351279079914093,
            0.01669066771864891,
            -0.09982025623321533
        ],
        [
            0.16918055713176727,
            0.031091704964637756,
            -0.10640059411525726
        ],
        [
            0.18633750081062317,
            0.048235245048999786,
            -0.0999642163515091
        ],
        [
            0.12429335713386536,
            0.021205270662903786,
            -0.08319777250289917
        ],
        [
            0.1378820538520813,
            0.04280814900994301,
            -0.10211582481861115
        ],
        [
            0.15526250004768372,
            0.05783373489975929,
            -0.09801536798477173
        ],
        [
            0.17158761620521545,
            0.06606268882751465,
            -0.08031144738197327
        ],
        [
            0.10937518626451492,
            0.040369290858507156,
            -0.0719774067401886
        ],
        [
            0.12805506587028503,
            0.058978430926799774,
            -0.08384507894515991
        ],
        [
            0.14660358428955078,
            0.07257147878408432,
            -0.07436587661504745
        ],
        [
            0.1574508100748062,
            0.07624125480651855,
            -0.051595889031887054
        ],
        [
            0.10094519704580307,
            0.05584773048758507,
            -0.05910547077655792
        ],
        [
            0.11810450255870819,
            0.06790438294410706,
            -0.062123414129018784
        ],
        [
            0.13339917361736298,
            0.07705886662006378,
            -0.05544702336192131
        ],
        [
            0.14492836594581604,
            0.07948251813650131,
            -0.0405004657804966
        ]
    ],
    "pred_vertices": [
        [
            0.1351279467344284,
            0.008475199341773987,
            -0.034262072294950485
        ],
        [
            0.13346582651138306,
            0.009123846888542175,
            -0.02404867485165596
        ],
        [
            0.1437709480524063,
            0.008161600679159164,
            -0.025994684547185898
        ],
        [
            0.14442531764507294,
            0.0057801553048193455,
            -0.03699653595685959
        ],
        [
            0.14097128808498383,
            0.010217424482107162,
            -0.002675749361515045
        ],
        [
            0.14261791110038757,
            0.0014352709986269474,
            0.005565546452999115
        ],
        [
            0.1571153700351715,
            0.0026007890701293945,
            -0.0009496584534645081
        ],
        [
            0.1540650725364685,
            0.010932148434221745,
            -0.005830924957990646
        ],
        [
            0.15154370665550232,
            0.0028834822587668896,
            -0.03892133757472038
        ],
        [
            0.15188974142074585,
            0.0076343584805727005,
            -0.02719392627477646
        ],
        [
            0.15433377027511597,
            -0.00027536647394299507,
            -0.03771436959505081
        ],
        [
            0.14669828116893768,
            -0.008672835305333138,
            -0.05181156471371651
        ],
        [
            0.14773684740066528,
            -0.0025130417197942734,
            -0.05008425563573837
        ],
        [
            0.14297547936439514,
            -0.010254723951220512,
            -0.06130053102970123
        ],
        [
            0.13841071724891663,
            -0.015594828873872757,
            -0.049063533544540405
        ],
        [
            0.1339455544948578,
            -0.012690444476902485,
            -0.06453733891248703
        ],
        [
            0.10772203654050827,
            -0.0056423041969537735,
            -0.04997466877102852
        ],
        [
            0.09844715893268585,
            0.00439104437828064,
            -0.047792039811611176
        ],
        [
            0.10294821858406067,
            0.008396879769861698,
            -0.0639791488647461
        ],
        [
            0.11251281201839447,
            -0.0016584927216172218,
            -0.06416408717632294
        ],
        [
            0.09255112707614899,
            0.02381967194378376,
            -0.05452539399266243
        ],
        [
            0.09842176735401154,
            0.015513267368078232,
            -0.06062260642647743
        ],
        [
            0.09296678751707077,
            0.010880503803491592,
            -0.04470135271549225
        ],
        [
            0.08826091885566711,
            0.018581805750727654,
            -0.03981897234916687
        ],
        [
            0.12136922031641006,
            0.01677265763282776,
            -0.028184235095977783
        ],
        [
            0.11873695999383926,
            0.0165463387966156,
            -0.018285468220710754
        ],
        [
            0.12311748415231705,
            0.012619423680007458,
            -0.021095547825098038
        ],
        [
            0.1256508231163025,
            0.013014496304094791,
            -0.02994154766201973
        ],
        [
            0.16412192583084106,
            -0.005033537745475769,
            -0.02880755253136158
        ],
        [
            0.15079918503761292,
            -0.014177199453115463,
            -0.03171408921480179
        ],
        [
            0.1521984040737152,
            -0.008283448405563831,
            -0.03708893060684204
        ],
        [
            0.16447582840919495,
            0.0005950862541794777,
            -0.02886807732284069
        ],
        [
            0.11122029274702072,
            0.02496560476720333,
            0.009403787553310394
        ],
        [
            0.10423824191093445,
            0.01829889789223671,
            0.01895374059677124
        ],
        [
            0.10716506093740463,
            0.013185644522309303,
            0.01843596249818802
        ],
        [
            0.1124812513589859,
            0.020138831809163094,
            0.009351521730422974
        ],
        [
            0.12346357852220535,
            0.0004404920618981123,
            0.013280972838401794
        ],
        [
            0.11549326032400131,
            -0.002712694928050041,
            0.018173202872276306
        ],
        [
            0.11293981224298477,
            -0.015873532742261887,
            0.020619630813598633
        ],
        [
            0.12039653956890106,
            -0.015489124692976475,
            0.014094524085521698
        ],
        [
            0.13305135071277618,
            0.0014445707201957703,
            0.008811332285404205
        ],
        [
            0.13160893321037292,
            -0.012157032266259193,
            0.01044405996799469
        ],
        [
            0.14213135838508606,
            -0.010101210325956345,
            0.00626731663942337
        ],
        [
            0.15771976113319397,
            -0.006726234685629606,
            -0.000849653035402298
        ],
        [
            0.09532231092453003,
            0.02758520469069481,
            0.018819250166416168
        ],
        [
            0.09953669458627701,
            0.034096360206604004,
            0.01213904470205307
        ],
        [
            0.16364260017871857,
            0.018507160246372223,
            -0.09336044639348984
        ],
        [
            0.160909965634346,
            0.023757971823215485,
            -0.09287822991609573
        ],
        [
            0.15896201133728027,
            0.021116547286510468,
            -0.08970405161380768
        ],
        [
            0.16186165809631348,
            0.01631275750696659,
            -0.09112855792045593
        ],
        [
            0.07928191125392914,
            0.03109041415154934,
            0.0068948715925216675
        ],
        [
            0.07257489860057831,
            0.025038694962859154,
            0.0023959577083587646
        ],
        [
            0.07109861820936203,
            0.02489171177148819,
            0.009557776153087616
        ],
        [
            0.07832123339176178,
            0.028881091624498367,
            0.014091655611991882
        ],
        [
            0.08060555160045624,
            0.033973872661590576,
            -0.0026082098484039307
        ],
        [
            0.07535237073898315,
            0.02517295628786087,
            -0.007363125681877136
        ],
        [
            0.1608179658651352,
            0.013193223625421524,
            -0.10468551516532898
        ],
        [
            0.16394060850143433,
            0.01315373182296753,
            -0.10056336969137192
        ],
        [
            0.16036789119243622,
            0.009987433440983295,
            -0.09902055561542511
        ],
        [
            0.15627069771289825,
            0.010292226448655128,
            -0.10228617489337921
        ],
        [
            0.144337460398674,
            0.003272228641435504,
            -0.04706033319234848
        ],
        [
            0.1374674141407013,
            0.008977584540843964,
            -0.04337577521800995
        ],
        [
            0.14550766348838806,
            0.006054607219994068,
            -0.06456462293863297
        ],
        [
            0.14091981947422028,
            0.007517863996326923,
            -0.05664537847042084
        ],
        [
            0.14454105496406555,
            0.0011390955187380314,
            -0.05629750341176987
        ],
        [
            0.14680792391300201,
            -0.00013472768478095531,
            -0.06362772732973099
        ],
        [
            0.12433971464633942,
            0.023300880566239357,
            -0.049659356474876404
        ],
        [
            0.12137406319379807,
            0.0208232793956995,
            -0.038589559495449066
        ],
        [
            0.12581054866313934,
            0.016378263011574745,
            -0.041058607399463654
        ],
        [
            0.1305365264415741,
            0.0181791540235281,
            -0.052956655621528625
        ],
        [
            0.11473619192838669,
            0.032702717930078506,
            -0.03450149670243263
        ],
        [
            0.11773969978094101,
            0.03385810926556587,
            -0.045865364372730255
        ],
        [
            0.11353626102209091,
            0.04035842418670654,
            -0.04211747646331787
        ],
        [
            0.11298514902591705,
            0.038968946784734726,
            -0.03440817445516586
        ],
        [
            0.12441249191761017,
            0.03276969864964485,
            -0.06538938730955124
        ],
        [
            0.12565524876117706,
            0.03327483683824539,
            -0.07189927995204926
        ],
        [
            0.12473896890878677,
            0.03699592128396034,
            -0.07102716714143753
        ],
        [
            0.12223318964242935,
            0.03540075570344925,
            -0.06404979526996613
        ],
        [
            0.06903184950351715,
            0.023776913061738014,
            0.01628205180168152
        ],
        [
            0.07756556570529938,
            0.025852764025330544,
            0.020715951919555664
        ],
        [
            0.08492489904165268,
            0.04174353554844856,
            -0.044231630861759186
        ],
        [
            0.08633652329444885,
            0.048587262630462646,
            -0.03545241430401802
        ],
        [
            0.08908994495868683,
            0.054595816880464554,
            -0.04722283035516739
        ],
        [
            0.08618596941232681,
            0.04545639082789421,
            -0.05440268665552139
        ],
        [
            0.0711907297372818,
            0.016024628654122353,
            -0.0025685280561447144
        ],
        [
            0.06764677166938782,
            0.01698276400566101,
            0.004387214779853821
        ],
        [
            0.1563783586025238,
            0.016552738845348358,
            -0.10740114748477936
        ],
        [
            0.15186290442943573,
            0.013978185132145882,
            -0.10408356785774231
        ],
        [
            0.13588681817054749,
            -0.020779574289917946,
            0.0005891099572181702
        ],
        [
            0.1556815356016159,
            -0.014987219125032425,
            -0.005895063281059265
        ],
        [
            0.12171851843595505,
            -0.022730346769094467,
            0.006198033690452576
        ],
        [
            0.11202734708786011,
            -0.02318376861512661,
            0.010294400155544281
        ],
        [
            0.10572800040245056,
            -0.024378309026360512,
            0.016145631670951843
        ],
        [
            0.13842615485191345,
            0.012953090481460094,
            -0.05988830327987671
        ],
        [
            0.12993010878562927,
            0.012487901374697685,
            -0.03859961777925491
        ],
        [
            0.11828354746103287,
            0.020731156691908836,
            -0.026623521000146866
        ],
        [
            0.10612108558416367,
            0.04873379319906235,
            -0.02154860645532608
        ],
        [
            0.10433172434568405,
            0.04644928500056267,
            -0.01148812472820282
        ],
        [
            0.11134658753871918,
            0.03969261050224304,
            -0.016042329370975494
        ],
        [
            0.11096934974193573,
            0.04278573393821716,
            -0.024151504039764404
        ],
        [
            0.09324470162391663,
            0.054451510310173035,
            -0.03116302192211151
        ],
        [
            0.10134733468294144,
            0.054209668189287186,
            -0.030872296541929245
        ],
        [
            0.10238560289144516,
            0.05621473491191864,
            -0.0388680137693882
        ],
        [
            0.09494734555482864,
            0.0577850416302681,
            -0.04100178927183151
        ],
        [
            0.16665668785572052,
            -0.011231452226638794,
            -0.024868136271834373
        ],
        [
            0.15061543881893158,
            -0.01887533813714981,
            -0.025362275540828705
        ],
        [
            0.08850543946027756,
            0.03425067663192749,
            0.011112041771411896
        ],
        [
            0.08788879960775375,
            0.02971601113677025,
            0.01747094839811325
        ],
        [
            0.08459250628948212,
            0.025339480489492416,
            0.024016112089157104
        ],
        [
            0.11595015227794647,
            0.019993895664811134,
            -0.004505902528762817
        ],
        [
            0.11338794976472855,
            0.016812477260828018,
            0.009269550442695618
        ],
        [
            0.11600994318723679,
            0.013656464405357838,
            0.007933296263217926
        ],
        [
            0.11687751114368439,
            0.016964636743068695,
            -0.006459720432758331
        ],
        [
            0.13082657754421234,
            0.011850720271468163,
            -0.012687437236309052
        ],
        [
            0.12883959710597992,
            0.010525461286306381,
            0.0004760324954986572
        ],
        [
            0.14185601472854614,
            0.012722892686724663,
            -0.014613412320613861
        ],
        [
            0.11039550602436066,
            0.005820126738399267,
            0.019237570464611053
        ],
        [
            0.10358771681785583,
            0.009151136502623558,
            0.027311623096466064
        ],
        [
            0.10720399022102356,
            0.0010039368644356728,
            0.02688782662153244
        ],
        [
            0.09734269976615906,
            0.016747720539569855,
            0.02722965180873871
        ],
        [
            0.090797558426857,
            0.02275080606341362,
            0.026204191148281097
        ],
        [
            0.062078189104795456,
            0.015769988298416138,
            0.010755009949207306
        ],
        [
            0.10964757204055786,
            -0.0068488959223032,
            0.025110088288784027
        ],
        [
            0.16346655786037445,
            0.009534096345305443,
            -0.008791252970695496
        ],
        [
            0.1720958948135376,
            0.0083444993942976,
            -0.01085534319281578
        ],
        [
            0.16895388066768646,
            0.010502597317099571,
            -0.017464980483055115
        ],
        [
            0.16057750582695007,
            0.011563343927264214,
            -0.016409453004598618
        ],
        [
            0.14204782247543335,
            -0.009219874627888203,
            -0.07130320370197296
        ],
        [
            0.14670737087726593,
            -0.005121343303471804,
            -0.06697417050600052
        ],
        [
            0.1461576223373413,
            -0.005841841455549002,
            -0.057276371866464615
        ],
        [
            0.11147679388523102,
            0.03203977644443512,
            0.00020700693130493164
        ],
        [
            0.10167993605136871,
            0.039590176194906235,
            0.002994358539581299
        ],
        [
            0.14305007457733154,
            0.011298324912786484,
            -0.06794995069503784
        ],
        [
            0.1523318886756897,
            0.007555972784757614,
            -0.10036831349134445
        ],
        [
            0.15697290003299713,
            0.006922801956534386,
            -0.09672600030899048
        ],
        [
            0.1478133648633957,
            -0.0023768264800310135,
            -0.08410552144050598
        ],
        [
            0.1427190899848938,
            -0.0016026305966079235,
            -0.0886806845664978
        ],
        [
            0.13967418670654297,
            0.014845944941043854,
            -0.0778360515832901
        ],
        [
            0.14386044442653656,
            0.012565847486257553,
            -0.07253231108188629
        ],
        [
            0.14376282691955566,
            0.013568995520472527,
            -0.07517796754837036
        ],
        [
            0.14052429795265198,
            0.017323581501841545,
            -0.07949287444353104
        ],
        [
            0.11990244686603546,
            0.04265027120709419,
            -0.0653325766324997
        ],
        [
            0.11793661117553711,
            0.041137609630823135,
            -0.0592428594827652
        ],
        [
            0.11948823183774948,
            0.004848942160606384,
            -0.07700200378894806
        ],
        [
            0.12435944378376007,
            -0.007771442644298077,
            -0.07628052681684494
        ],
        [
            0.12208592891693115,
            -0.010222315788269043,
            -0.06458704173564911
        ],
        [
            0.12012971192598343,
            0.028870750218629837,
            -0.04692106321454048
        ],
        [
            0.12240839749574661,
            0.03170127049088478,
            -0.05668213963508606
        ],
        [
            0.12000314146280289,
            0.03484624996781349,
            -0.05549120157957077
        ],
        [
            0.1370372325181961,
            0.015938162803649902,
            -0.06349673867225647
        ],
        [
            0.13948817551136017,
            0.015543191693723202,
            -0.07060667127370834
        ],
        [
            0.13560889661312103,
            0.018363721668720245,
            -0.06862428784370422
        ],
        [
            0.13309729099273682,
            0.019320469349622726,
            -0.06162416189908981
        ],
        [
            0.08307020366191864,
            0.0433143749833107,
            -0.02361663430929184
        ],
        [
            0.09100428223609924,
            0.05058266222476959,
            -0.01893351972103119
        ],
        [
            0.1648653894662857,
            0.01488959975540638,
            -0.09629685431718826
        ],
        [
            0.16231392323970795,
            0.012171078473329544,
            -0.09460005909204483
        ],
        [
            0.11736442148685455,
            0.026347393169999123,
            -0.036114081740379333
        ],
        [
            0.11855626106262207,
            -0.012102543376386166,
            -0.05054134875535965
        ],
        [
            0.11547877639532089,
            0.025222115218639374,
            -0.024933986365795135
        ],
        [
            0.09977006167173386,
            0.040585003793239594,
            -0.06720490753650665
        ],
        [
            0.10512962192296982,
            0.047232262790203094,
            -0.06409014016389847
        ],
        [
            0.10840332508087158,
            0.04839055612683296,
            -0.06777268648147583
        ],
        [
            0.10536359250545502,
            0.04484768584370613,
            -0.07212463021278381
        ],
        [
            0.14723460376262665,
            0.024264436215162277,
            -0.09085680544376373
        ],
        [
            0.15218599140644073,
            0.023436160758137703,
            -0.0880032330751419
        ],
        [
            0.15455906093120575,
            0.025423768907785416,
            -0.09084631502628326
        ],
        [
            0.1501607596874237,
            0.02654099464416504,
            -0.09454628080129623
        ],
        [
            0.14708368480205536,
            0.008021904155611992,
            -0.07055962085723877
        ],
        [
            0.1490010917186737,
            0.0018888444174081087,
            -0.07021142542362213
        ],
        [
            0.1509072184562683,
            0.005234966985881329,
            -0.07525229454040527
        ],
        [
            0.1477174013853073,
            0.010265721008181572,
            -0.07492493838071823
        ],
        [
            0.14812743663787842,
            -0.002985859289765358,
            -0.07418180257081985
        ],
        [
            0.1505977213382721,
            0.00010977848432958126,
            -0.07898859679698944
        ],
        [
            0.1436861902475357,
            0.02181902527809143,
            -0.0956694632768631
        ],
        [
            0.14375315606594086,
            0.016058441251516342,
            -0.10045979917049408
        ],
        [
            0.13429243862628937,
            0.009224513545632362,
            -0.08970783650875092
        ],
        [
            0.13703608512878418,
            0.01582169346511364,
            -0.08611862361431122
        ],
        [
            0.08297727257013321,
            0.013027124106884003,
            -0.026550881564617157
        ],
        [
            0.07933943718671799,
            0.02277444861829281,
            -0.02248024195432663
        ],
        [
            0.08426521718502045,
            0.028570692986249924,
            -0.03575644642114639
        ],
        [
            0.0878976434469223,
            0.03441619127988815,
            -0.049470990896224976
        ],
        [
            0.09283263981342316,
            0.03920545428991318,
            -0.061997346580028534
        ],
        [
            0.09523698687553406,
            0.028334150090813637,
            -0.06718940287828445
        ],
        [
            0.08188425749540329,
            0.03508239984512329,
            -0.03126804903149605
        ],
        [
            0.1310625523328781,
            0.013438938185572624,
            -0.08065161108970642
        ],
        [
            0.12797358632087708,
            0.004850430879741907,
            -0.08200964331626892
        ],
        [
            0.12543565034866333,
            0.009592894464731216,
            -0.08105369657278061
        ],
        [
            0.11333824694156647,
            0.03214108571410179,
            -0.02298806607723236
        ],
        [
            0.1595679521560669,
            0.008876800537109375,
            -0.09249217808246613
        ],
        [
            0.09169640392065048,
            -0.021562544628977776,
            -0.0003465712070465088
        ],
        [
            0.08145540952682495,
            -0.013077976182103157,
            -0.002426430583000183
        ],
        [
            0.08654661476612091,
            -0.012348365969955921,
            -0.009635001420974731
        ],
        [
            0.098782017827034,
            -0.021386664360761642,
            -0.0070869773626327515
        ],
        [
            0.15729673206806183,
            0.01892765238881111,
            -0.08684875816106796
        ],
        [
            0.16022801399230957,
            0.013510577380657196,
            -0.08822599053382874
        ],
        [
            0.11531524360179901,
            0.0469931997358799,
            -0.05793800577521324
        ],
        [
            0.11695946007966995,
            0.047407686710357666,
            -0.06387107819318771
        ],
        [
            0.1140519455075264,
            0.049944326281547546,
            -0.06494473665952682
        ],
        [
            0.11364486813545227,
            0.052187129855155945,
            -0.05889953672885895
        ],
        [
            0.07789133489131927,
            0.02734343335032463,
            -0.018862172961235046
        ],
        [
            0.09485414624214172,
            0.05980244651436806,
            -0.05232185125350952
        ],
        [
            0.09155511856079102,
            0.05103280395269394,
            -0.05954999476671219
        ],
        [
            0.0751420184969902,
            0.017361825332045555,
            -0.011184647679328918
        ],
        [
            0.07767987251281738,
            0.008639110252261162,
            -0.014854304492473602
        ],
        [
            0.07355299592018127,
            0.006004130467772484,
            -0.006372377276420593
        ],
        [
            0.10632820427417755,
            0.021011848002672195,
            -0.0748201534152031
        ],
        [
            0.08716915547847748,
            0.0067962296307086945,
            -0.03093709796667099
        ],
        [
            0.08170091360807419,
            0.0028846487402915955,
            -0.017974190413951874
        ],
        [
            0.07694213092327118,
            -0.0005283579230308533,
            -0.007986336946487427
        ],
        [
            0.0726977214217186,
            -0.0026069413870573044,
            -0.0010631829500198364
        ],
        [
            0.06953173875808716,
            0.004824070259928703,
            6.339699029922485e-05
        ],
        [
            0.14752431213855743,
            0.011530008167028427,
            -0.10145452618598938
        ],
        [
            0.1478981226682663,
            0.019492488354444504,
            -0.1040152907371521
        ],
        [
            0.06348015367984772,
            0.003145713359117508,
            0.006670430302619934
        ],
        [
            0.0678623616695404,
            -0.0049568843096494675,
            0.005445748567581177
        ],
        [
            0.08718234300613403,
            -0.0041342079639434814,
            -0.0204409621655941
        ],
        [
            0.09530997276306152,
            -0.012187568470835686,
            -0.02262922003865242
        ],
        [
            0.09244373440742493,
            3.8331374526023865e-05,
            -0.032782863825559616
        ],
        [
            0.1006765365600586,
            -0.007662629708647728,
            -0.0360339879989624
        ],
        [
            0.10699165612459183,
            0.010115094482898712,
            -0.07615470886230469
        ],
        [
            0.1605428159236908,
            0.03236597776412964,
            -0.10995739698410034
        ],
        [
            0.1517689824104309,
            0.02701951004564762,
            -0.10457779467105865
        ],
        [
            0.15321873128414154,
            0.028892457485198975,
            -0.09925000369548798
        ],
        [
            0.1599520891904831,
            0.03453840687870979,
            -0.10621120035648346
        ],
        [
            0.14745865762233734,
            0.02453727275133133,
            -0.09940283000469208
        ],
        [
            0.15257024765014648,
            0.022133097052574158,
            -0.10742682218551636
        ],
        [
            0.11429713666439056,
            -0.015828661620616913,
            -0.03580952435731888
        ],
        [
            0.13691018521785736,
            0.018479574471712112,
            -0.07564009726047516
        ],
        [
            0.11167167872190475,
            -0.020916936919093132,
            -0.01956282928586006
        ],
        [
            0.13295865058898926,
            -0.020472658798098564,
            -0.0374571830034256
        ],
        [
            0.13218127191066742,
            -0.02302381955087185,
            -0.02405592054128647
        ],
        [
            0.11049900949001312,
            -0.026063239201903343,
            -0.0021923482418060303
        ],
        [
            0.12689998745918274,
            -0.0262014027684927,
            -0.00844215601682663
        ],
        [
            0.09692740440368652,
            -0.026002973318099976,
            0.010206475853919983
        ],
        [
            0.10235185921192169,
            -0.025397974997758865,
            0.0031654760241508484
        ],
        [
