{
    "pred_cam": [
        10.719301223754883,
        0.12996768951416016,
        -0.04712596535682678
    ],
    "pred_mano_params": {
        "global_orient": [
            [
                [
                    -0.591245710849762,
                    -0.14974772930145264,
                    -0.7924670577049255
                ],
                [
                    -0.49803370237350464,
                    -0.7050753235816956,
                    0.5048079490661621
                ],
                [
                    -0.6343429088592529,
                    0.6931408643722534,
                    0.3422933518886566
                ]
            ]
        ],
        "hand_pose": [
            [
                [
                    0.6153497099876404,
                    -0.7791498303413391,
                    -0.11945837736129761
                ],
                [
                    0.7690651416778564,
                    0.6266707181930542,
                    -0.12578772008419037
                ],
                [
                    0.172868549823761,
                    -0.014467849396169186,
                    0.9848386645317078
                ]
            ],
            [
                [
                    0.44440582394599915,
                    -0.8716500401496887,
                    0.20671188831329346
                ],
                [
                    0.8893206119537354,
                    0.40151530504226685,
                    -0.21884785592556
                ],
                [
                    0.10776073485612869,
                    0.2810903787612915,
                    0.9536120891571045
                ]
            ],
            [
                [
                    0.8042678833007812,
                    -0.5812639594078064,
                    0.12363382428884506
                ],
                [
                    0.577562689781189,
                    0.8135377168655396,
                    0.06765946745872498
                ],
                [
                    -0.1399087756872177,
                    0.0169899370521307,
                    0.9900186061859131
                ]
            ],
            [
                [
                    0.5582957863807678,
                    -0.8105903267860413,
                    -0.17677409946918488
                ],
                [
                    0.826789140701294,
                    0.5612543225288391,
                    0.03759361803531647
                ],
                [
                    0.06874220818281174,
                    -0.16714327037334442,
                    0.9835332036018372
                ]
            ],
            [
                [
                    0.6678962111473083,
                    -0.7207311391830444,
                    -0.18563757836818695
                ],
                [
                    0.7439444661140442,
                    0.6393187046051025,
                    0.19446928799152374
                ],
                [
                    -0.02147848904132843,
                    -0.2679893374443054,
                    0.9631825089454651
                ]
            ],
            [
                [
                    0.7721418142318726,
                    -0.6354373097419739,
                    0.004071206320077181
                ],
                [
                    0.6346614956855774,
                    0.7714865803718567,
                    0.04486985504627228
                ],
                [
                    -0.03165285661816597,
                    -0.03206204995512962,
                    0.9989846348762512
                ]
            ],
            [
                [
                    0.5755955576896667,
                    -0.7789456248283386,
                    0.2488643378019333
                ],
                [
                    0.6920911073684692,
                    0.6261439323425293,
                    0.3591010570526123
                ],
                [
                    -0.43554508686065674,
                    -0.034460145980119705,
                    0.8995070457458496
                ]
            ],
            [
                [
                    0.6551200151443481,
                    -0.7346262335777283,
                    -0.1764712631702423
                ],
                [
                    0.6004614233970642,
                    0.3644997775554657,
                    0.7117485404014587
                ],
                [
                    -0.45854541659355164,
                    -0.5722448825836182,
                    0.6799058318138123
                ]
            ],
            [
                [
                    0.866963267326355,
                    -0.4971795678138733,
                    0.034455444663763046
                ],
                [
                    0.3982020318508148,
                    0.7326239943504333,
                    0.5519937872886658
                ],
                [
                    -0.29968294501304626,
                    -0.46483808755874634,
                    0.8331360220909119
                ]
            ],
            [
                [
                    0.6507033705711365,
                    -0.7576801776885986,
                    0.050058770924806595
                ],
                [
                    0.7590892910957336,
                    0.6507470011711121,
                    -0.017656441777944565
                ],
                [
                    -0.019197659566998482,
                    0.049488186836242676,
                    0.9985901713371277
                ]
            ],
            [
                [
                    0.6597487926483154,
                    -0.7289470434188843,
                    -0.18266858160495758
                ],
                [
                    0.7058838605880737,
                    0.5177388787269592,
                    0.4833989143371582
                ],
                [
                    -0.25779756903648376,
                    -0.4478646218776703,
                    0.85612952709198
                ]
            ],
            [
                [
                    0.730307400226593,
                    -0.6831072568893433,
                    -0.003942268434911966
                ],
                [
                    0.6527643203735352,
                    0.6961435675621033,
                    0.29880234599113464
                ],
                [
                    -0.20136965811252594,
                    -0.22079096734523773,
                    0.9543068408966064
                ]
            ],
            [
                [
                    0.9548932313919067,
                    0.24112123250961304,
                    0.17331892251968384
                ],
                [
                    -0.09981910139322281,
                    0.8103398084640503,
                    -0.5773954391479492
                ],
                [
                    -0.27966955304145813,
                    0.534050464630127,
                    0.7978565096855164
                ]
            ],
            [
                [
                    0.9871638417243958,
                    -0.15772464871406555,
                    0.025111796334385872
                ],
                [
                    0.11263204365968704,
                    0.7989872097969055,
                    0.5907060503959656
                ],
                [
                    -0.11323288083076477,
                    -0.5802951455116272,
                    0.8064961433410645
                ]
            ],
            [
                [
                    0.7553817629814148,
                    -0.6244503855705261,
                    -0.19864581525325775
                ],
                [
                    0.3152078092098236,
                    0.6120275259017944,
                    -0.7253042459487915
                ],
                [
                    0.5744932889938354,
                    0.4852668344974518,
                    0.6591460704803467
                ]
            ]
        ],
        "betas": [
            -0.1455540955066681,
            -0.08557048439979553,
            0.018910080194473267,
            0.0030526816844940186,
            -0.019442975521087646,
            0.019634146243333817,
            -0.0015230774879455566,
            0.044800564646720886,
            -0.024068549275398254,
            -0.03581768274307251
        ]
    },
    "pred_cam_t": [
        -0.12996768951416016,
        -0.04712596535682678,
        3.644127368927002
    ],
    "focal_length": [
        5000.0,
        5000.0
    ],
    "pred_keypoints_3d": [
        [
            0.09634027630090714,
            0.006444842554628849,
            0.006238737143576145
        ],
        [
            0.09236011654138565,
            0.04271422699093819,
            0.01967979595065117
        ],
        [
            0.08262906223535538,
            0.07037810236215591,
            0.029778487980365753
        ],
        [
            0.07691023498773575,
            0.09369805455207825,
            0.04268081486225128
        ],
        [
            0.08879948407411575,
            0.1254032552242279,
            0.038029320538043976
        ],
        [
            0.1330762803554535,
            0.06479635089635849,
            0.0660187155008316
        ],
        [
            0.1532476246356964,
            0.09102664887905121,
            0.06380560994148254
        ],
        [
            0.15297240018844604,
            0.09708224982023239,
            0.04232558235526085
        ],
        [
            0.14369921386241913,
            0.0937730148434639,
            0.019529007375240326
        ],
        [
            0.15563681721687317,
            0.05325780436396599,
            0.06450968235731125
        ],
        [
            0.17635929584503174,
            0.07592835277318954,
            0.055770933628082275
        ],
        [
            0.175495445728302,
            0.08704317361116409,
            0.03516572713851929
        ],
        [
            0.16337169706821442,
            0.09276615083217621,
            0.01339036226272583
        ],
        [
            0.16696035861968994,
            0.03665660321712494,
            0.046509407460689545
        ],
        [
            0.1855981945991516,
            0.058858372271060944,
            0.04389505088329315
        ],
        [
            0.18496590852737427,
            0.07150000333786011,
            0.0223651472479105
        ],
        [
            0.17074599862098694,
            0.07863787561655045,
            0.0028355494141578674
        ],
        [
            0.1733618974685669,
            0.025980502367019653,
            0.02835620939731598
        ],
        [
            0.18656693398952484,
            0.042086631059646606,
            0.02395637333393097
        ],
        [
            0.17993688583374023,
            0.05145442485809326,
            0.00868264865130186
        ],
        [
            0.16350317001342773,
            0.05483434349298477,
            -0.001298396149650216
        ]
    ],
    "pred_vertices": [
        [
            0.1149652972817421,
            0.053322382271289825,
            0.03218303248286247
        ],
        [
            0.10955212265253067,
            0.05084925889968872,
            0.02441360056400299
        ],
        [
            0.10619696974754333,
            0.062298715114593506,
            0.028461627662181854
        ],
        [
            0.11188434064388275,
            0.06320397555828094,
            0.03631924092769623
        ],
        [
            0.09592568129301071,
            0.05863066017627716,
            0.008714050054550171
        ],
        [
            0.08502562344074249,
            0.05641665682196617,
            0.005419351160526276
        ],
        [
            0.0833255872130394,
            0.07067367434501648,
            0.01381763070821762
        ],
        [
            0.09223910421133041,
            0.07251915335655212,
            0.015392769128084183
        ],
        [
            0.10759664326906204,
            0.07071610540151596,
            0.04167024791240692
        ],
        [
            0.1032455563545227,
            0.07116442173719406,
            0.03213521093130112
        ],
        [
            0.10073612630367279,
            0.0716741755604744,
            0.04612545669078827
        ],
        [
            0.10683013498783112,
            0.06609266996383667,
            0.057725004851818085
        ],
        [
            0.11201544106006622,
            0.0680101215839386,
            0.051269132643938065
        ],
        [
            0.11319214105606079,
            0.06500480324029922,
            0.06469135731458664
        ],
        [
            0.10108647495508194,
            0.05607381835579872,
            0.060141582041978836
        ],
        [
            0.11485140770673752,
            0.05690598487854004,
            0.07050170749425888
        ],
        [
            0.11715209484100342,
            0.029016125947237015,
            0.05686965957283974
        ],
        [
            0.1254863291978836,
            0.02005723863840103,
            0.05047672241926193
        ],
        [
            0.13784603774547577,
            0.027860431000590324,
            0.06085456162691116
        ],
        [
            0.12835349142551422,
            0.03699319809675217,
            0.06571082770824432
        ],
        [
            0.14590021967887878,
            0.016102023422718048,
            0.044992025941610336
        ],
        [
            0.1420978605747223,
            0.02290666475892067,
            0.05419698357582092
        ],
        [
            0.12975409626960754,
            0.01417110487818718,
            0.04487699642777443
        ],
        [
            0.13380113244056702,
            0.008694343268871307,
            0.037035875022411346
        ],
        [
            0.12095262855291367,
            0.03882940858602524,
            0.0235738605260849
        ],
        [
            0.11568727344274521,
            0.034315671771764755,
            0.015911605209112167
        ],
        [
            0.11340564489364624,
            0.039369963109493256,
            0.019820667803287506
        ],
        [
            0.11818055808544159,
            0.04327401891350746,
            0.02663428708910942
        ],
        [
            0.08564639836549759,
            0.07221897691488266,
            0.04517342150211334
        ],
        [
            0.08710066229104996,
            0.06183405965566635,
            0.046756111085414886
        ],
        [
            0.09408218413591385,
            0.06593061983585358,
            0.04934203624725342
        ],
        [
            0.08964186906814575,
            0.0758538618683815,
            0.04378775507211685
        ],
        [
            0.10754616558551788,
            0.021327592432498932,
            -0.009700071066617966
        ],
        [
            0.09757328033447266,
            0.012315288186073303,
            -0.012272544205188751
        ],
        [
            0.09338884800672531,
            0.015302442014217377,
            -0.0093919038772583
        ],
        [
            0.10369518399238586,
            0.022603798657655716,
            -0.007166467607021332
        ],
        [
            0.08330224454402924,
            0.033541664481163025,
            -0.0008264929056167603
        ],
        [
            0.07972044497728348,
            0.023541830480098724,
            -0.0015145167708396912
        ],
        [
            0.06757992506027222,
            0.019623804837465286,
            0.005047895014286041
        ],
        [
            0.0703827440738678,
            0.02802184596657753,
            0.008958302438259125
        ],
        [
            0.08494871854782104,
            0.04509642347693443,
            0.0016785785555839539
        ],
        [
            0.07322905957698822,
            0.04027299955487251,
            0.008260369300842285
        ],
        [
            0.07563269138336182,
            0.05151363089680672,
            0.010159730911254883
        ],
        [
            0.07606741040945053,
            0.06513305753469467,
            0.01746600866317749
        ],
        [
            0.10642818361520767,
            0.003741040825843811,
            -0.016332779079675674
        ],
        [
            0.11500906944274902,
            0.009400337934494019,
            -0.015516165643930435
        ],
        [
            0.14177235960960388,
            0.08946768194437027,
            0.05439715459942818
        ],
        [
            0.14595243334770203,
            0.08568225055932999,
            0.05160203203558922
        ],
        [
            0.1444755345582962,
            0.08464892208576202,
            0.052532583475112915
        ],
        [
            0.14091889560222626,
            0.08843670785427094,
            0.05537388473749161
        ],
        [
            0.11840537190437317,
            -0.009536165744066238,
            -0.006431516259908676
        ],
        [
            0.1170208528637886,
            -0.015378572046756744,
            0.0017981231212615967
        ],
        [
            0.1129879578948021,
            -0.018316786736249924,
            -0.003611985594034195
        ],
        [
            0.11260119825601578,
            -0.012014444917440414,
            -0.010726846754550934
        ],
        [
            0.12602131068706512,
            -0.006178010255098343,
            -0.0007528774440288544
        ],
        [
            0.12233167886734009,
            -0.010591067373752594,
            0.009089503437280655
        ],
        [
            0.14821241796016693,
            0.09763672947883606,
            0.062205202877521515
        ],
        [
            0.14362165331840515,
            0.09655804932117462,
            0.05962008610367775
        ],
        [
            0.143192321062088,
            0.09431694447994232,
            0.06348727643489838
        ],
        [
            0.14778509736061096,
            0.09391450136899948,
            0.06665050983428955
        ],
        [
            0.11666499823331833,
            0.06459300220012665,
            0.044347599148750305
        ],
        [
            0.12067244946956635,
            0.057402353733778,
            0.03835775703191757
        ],
        [
            0.12883207201957703,
            0.06800441443920135,
            0.05445510149002075
        ],
        [
            0.12676727771759033,
            0.0632411390542984,
            0.04900481179356575
        ],
        [
            0.12068437039852142,
            0.06620679795742035,
            0.05217939615249634
        ],
        [
            0.12318186461925507,
            0.06932541728019714,
            0.05718272179365158
        ],
        [
            0.13811461627483368,
            0.04626249894499779,
            0.03645344823598862
        ],
        [
            0.13020114600658417,
            0.041071198880672455,
            0.02952120080590248
        ],
        [
            0.1273438185453415,
            0.045780956745147705,
            0.03348291292786598
        ],
        [
            0.1349106878042221,
            0.05285576358437538,
            0.04115281626582146
        ],
        [
            0.138510599732399,
            0.03396065533161163,
            0.02026909962296486
        ],
        [
            0.14556600153446198,
            0.03930327296257019,
            0.02818744070827961
        ],
        [
            0.14943061769008636,
            0.034553367644548416,
            0.022038135677576065
        ],
        [
            0.14386212825775146,
            0.03235744684934616,
            0.016783535480499268
        ],
        [
            0.15468747913837433,
            0.049468036741018295,
            0.04348229616880417
        ],
        [
            0.15785115957260132,
            0.05196167156100273,
            0.047631844878196716
        ],
        [
            0.16125304996967316,
            0.05165354534983635,
            0.04507836326956749
        ],
        [
            0.1565733402967453,
            0.04740697145462036,
            0.04099063575267792
        ],
        [
            0.10848438739776611,
            -0.02172641083598137,
            -0.00802503153681755
        ],
        [
            0.10643191635608673,
            -0.01416873186826706,
            -0.01414235308766365
        ],
        [
            0.15541817247867584,
            0.006819307804107666,
            0.027196524664759636
        ],
        [
            0.15596462786197662,
            0.0066602230072021484,
            0.01583319902420044
        ],
        [
            0.16736598312854767,
            0.011546866968274117,
            0.021374663338065147
        ],
        [
            0.16403886675834656,
            0.010081136599183083,
            0.032819196581840515
        ],
        [
            0.11271917819976807,
            -0.01591789349913597,
            0.01135076954960823
        ],
        [
            0.11000347137451172,
            -0.020848553627729416,
            0.005776647478342056
        ],
        [
            0.15451857447624207,
            0.095814548432827,
            0.06302651762962341
        ],
        [
            0.15399689972400665,
            0.09195908159017563,
            0.06711314618587494
        ],
        [
            0.07128992676734924,
            0.04281008243560791,
            0.02053239569067955
        ],
        [
            0.07272446900606155,
            0.059737637639045715,
            0.02470196783542633
        ],
        [
            0.06953804194927216,
            0.02940966561436653,
            0.01852238178253174
        ],
        [
            0.06822807341814041,
            0.019753925502300262,
            0.01711878925561905
        ],
        [
            0.06441473215818405,
            0.012850243598222733,
            0.014501828700304031
        ],
        [
            0.13339604437351227,
            0.0613788366317749,
            0.04866129159927368
        ],
        [
            0.1220807135105133,
            0.049201324582099915,
            0.03330206125974655
        ],
        [
            0.1237158328294754,
            0.03558216243982315,
            0.020477384328842163
        ],
        [
            0.14540337026119232,
            0.023209411650896072,
            0.0017873942852020264
        ],
        [
            0.13795563578605652,
            0.019304757937788963,
            -0.0046622976660728455
        ],
        [
            0.13408948481082916,
            0.026983562856912613,
            0.0019139274954795837
        ],
        [
            0.1413625329732895,
            0.028368109837174416,
            0.006640449166297913
        ],
        [
            0.15743574500083923,
            0.012707123532891273,
            0.007986854761838913
        ],
        [
            0.15604373812675476,
            0.020657192915678024,
            0.006775394082069397
        ],
        [
            0.16257059574127197,
            0.023373907431960106,
            0.012030478566884995
        ],
        [
            0.1658451408147812,
            0.01637895405292511,
            0.013756632804870605
        ],
        [
            0.07826583832502365,
            0.0707072764635086,
            0.04367644339799881
        ],
        [
            0.08064176142215729,
            0.05915316566824913,
            0.043051306158304214
        ],
        [
            0.11725199967622757,
            -0.0012390650808811188,
            -0.013103306293487549
        ],
        [
            0.10997911542654037,
            -0.003252871334552765,
            -0.015379033982753754
        ],
        [
            0.10310669988393784,
            -0.007907386869192123,
            -0.017542943358421326
        ],
        [
            0.11117350310087204,
            0.029052207246422768,
            0.0031285174190998077
        ],
        [
            0.10111109912395477,
            0.023650452494621277,
            -0.005513481795787811
        ],
        [
            0.09904815256595612,
            0.027033206075429916,
            -0.0034053996205329895
        ],
        [
            0.10993702709674835,
            0.030691366642713547,
            0.005914576351642609
        ],
        [
            0.10593913495540619,
            0.04853009432554245,
            0.01401502639055252
        ],
        [
            0.09811366349458694,
            0.043850988149642944,
            0.0033564940094947815
        ],
        [
            0.10318603366613388,
            0.0616435781121254,
            0.018357235938310623
        ],
        [
            0.08663490414619446,
            0.01839035376906395,
            -0.006471268832683563
        ],
        [
            0.08544313162565231,
            0.009866427630186081,
            -0.013548709452152252
        ],
        [
            0.07856852561235428,
            0.013390325009822845,
            -0.009048156440258026
        ],
        [
            0.09251628071069717,
            0.0038358233869075775,
            -0.016966819763183594
        ],
        [
            0.09887523949146271,
            -0.0023069344460964203,
            -0.01870027184486389
        ],
        [
            0.10609948635101318,
            -0.02763841673731804,
            0.002224225550889969
        ],
        [
            0.07282403111457825,
            0.015889406204223633,
            -0.0032915547490119934
        ],
        [
            0.08849813789129257,
            0.07934138178825378,
            0.021621376276016235
        ],
        [
            0.08427403122186661,
            0.08443989604711533,
            0.026494447141885757
        ],
        [
            0.09020049124956131,
            0.08349817991256714,
            0.03169623389840126
        ],
        [
            0.09425532817840576,
            0.07878007739782333,
            0.027824904769659042
        ],
        [
            0.12061220407485962,
            0.06756991147994995,
            0.06986154615879059
        ],
        [
            0.12068936973810196,
            0.07038586586713791,
            0.06270423531532288
        ],
        [
            0.11458154767751694,
            0.0676155537366867,
            0.057726532220840454
        ],
        [
            0.11848950386047363,
            0.02358865924179554,
            -0.0065477341413497925
        ],
        [
            0.12442299723625183,
            0.013505175709724426,
            -0.011776603758335114
        ],
        [
            0.13512100279331207,
            0.06640439480543137,
            0.05408109724521637
        ],
        [
            0.14612802863121033,
            0.0903652086853981,
            0.06975594162940979
        ],
        [
            0.1410084068775177,
            0.09145070612430573,
            0.06640750169754028
        ],
        [
            0.13025379180908203,
            0.07758191227912903,
            0.06963182985782623
        ],
        [
            0.135635107755661,
            0.07587140053510666,
            0.07410795241594315
        ],
        [
            0.14352867007255554,
            0.06624871492385864,
            0.05857720598578453
        ],
        [
            0.13736997544765472,
            0.06784061342477798,
            0.054884299635887146
        ],
        [
            0.13895680010318756,
            0.06837916374206543,
            0.055141203105449677
        ],
        [
            0.14557397365570068,
            0.06752245873212814,
            0.05658908560872078
        ],
        [
            0.1638493537902832,
            0.0457330122590065,
            0.0382799468934536
        ],
        [
            0.15952341258525848,
            0.04227004945278168,
            0.03454089164733887
        ],
        [
            0.14039821922779083,
            0.047183677554130554,
            0.0707571804523468
        ],
        [
            0.12924373149871826,
            0.052191007882356644,
            0.07787759602069855
        ],
        [
            0.11928176879882812,
            0.04559382051229477,
            0.07054846733808517
        ],
        [
            0.14171592891216278,
            0.04173233360052109,
            0.031608957797288895
        ],
        [
            0.14927180111408234,
            0.04596208781003952,
            0.037390634417533875
        ],
        [
            0.151600182056427,
            0.04350787401199341,
            0.034913115203380585
        ],
        [
            0.13798944652080536,
            0.06089304760098457,
            0.04977881908416748
        ],
        [
            0.1408834159374237,
            0.06419692188501358,
            0.05454537272453308
        ],
        [
            0.14290203154087067,
            0.060701705515384674,
            0.05244947597384453
        ],
        [
            0.14032438397407532,
            0.0570916049182415,
            0.046905264258384705
        ],
        [
            0.1453184336423874,
            0.0008425228297710419,
            0.010066840797662735
        ],
        [
            0.14748843014240265,
            0.007845206186175346,
            0.000821869820356369
        ],
        [
            0.14115290343761444,
            0.09347671270370483,
            0.05704282224178314
        ],
        [
            0.14044693112373352,
            0.0921383872628212,
            0.05934739112854004
        ],
        [
            0.13386428356170654,
            0.03675196319818497,
            0.024889934808015823
        ],
        [
            0.10999014973640442,
            0.03859971463680267,
            0.060012392699718475
        ],
        [
            0.1267974078655243,
            0.03258684277534485,
            0.016915056854486465
        ],
        [
            0.16611745953559875,
            0.026074998080730438,
            0.044366881251335144
        ],
        [
            0.1698252260684967,
            0.030686449259519577,
            0.03767488896846771
        ],
        [
            0.17209848761558533,
            0.03506024554371834,
            0.039314817637205124
        ],
        [
            0.17173200845718384,
            0.033011212944984436,
            0.04519578814506531
        ],
        [
            0.15391221642494202,
            0.07798086106777191,
            0.0548887774348259
        ],
        [
            0.14924295246601105,
            0.08035960793495178,
            0.05175428465008736
        ],
        [
            0.15000119805335999,
            0.08141126483678818,
            0.05201578140258789
        ],
        [
            0.15564532577991486,
            0.08054289221763611,
            0.05443473160266876
        ],
        [
            0.13175350427627563,
            0.06993281841278076,
            0.05513571947813034
        ],
        [
            0.12668484449386597,
            0.07222060114145279,
            0.0582401268184185
        ],
        [
            0.1299813687801361,
            0.0749601498246193,
            0.057485420256853104
        ],
        [
            0.1348138004541397,
            0.07173817604780197,
            0.05527615174651146
        ],
        [
            0.12481102347373962,
            0.07325708121061325,
            0.0640365406870842
        ],
        [
            0.12816239893436432,
            0.07689842581748962,
            0.06352671980857849
        ],
        [
            0.15726442635059357,
            0.07870528846979141,
            0.06057942658662796
        ],
        [
            0.15660324692726135,
            0.0832669585943222,
            0.06698192656040192
        ],
        [
            0.14794684946537018,
            0.06853660941123962,
            0.0705343559384346
        ],
        [
            0.1499672830104828,
            0.06815967708826065,
            0.06291992962360382
        ],
        [
            0.12240830808877945,
            0.0005887262523174286,
            0.03052699565887451
        ],
        [
            0.12849631905555725,
            -0.0036130063235759735,
            0.022016189992427826
        ],
        [
            0.14009590446949005,
            0.004131704568862915,
            0.028390804305672646
        ],
        [
            0.15212298929691315,
            0.010615065693855286,
            0.03528144583106041
        ],
        [
            0.16254280507564545,
            0.018139859661459923,
            0.041697438806295395
        ],
        [
            0.1565224975347519,
            0.0214682724326849,
            0.052087265998125076
        ],
        [
            0.14314903318881989,
            0.0009975433349609375,
            0.021281471475958824
        ],
        [
            0.145766481757164,
            0.05906517431139946,
            0.06440506875514984
        ],
        [
            0.14198122918605804,
            0.05811961740255356,
            0.07182479649782181
        ],
        [
            0.14471428096294403,
            0.05417058616876602,
            0.0687360018491745
        ],
        [
            0.13162392377853394,
            0.03023865632712841,
            0.011607803404331207
        ],
        [
            0.13845643401145935,
            0.09056457877159119,
            0.061480890959501266
        ],
        [
            0.07807156443595886,
            0.002639196813106537,
            0.028375737369060516
        ],
        [
            0.08748885989189148,
            -0.0065217167139053345,
            0.0268857479095459
        ],
        [
            0.09156090021133423,
            -8.472800254821777e-05,
            0.031391482800245285
        ],
        [
            0.08125227689743042,
            0.01053217425942421,
            0.03227944299578667
        ],
        [
            0.143231600522995,
            0.08451016247272491,
            0.051980677992105484
        ],
        [
            0.13882839679718018,
            0.08786210417747498,
            0.05564321205019951
        ],
        [
            0.16442503035068512,
            0.03941873461008072,
            0.03085465170443058
        ],
        [
            0.16766668856143951,
            0.04252924025058746,
            0.03514169529080391
        ],
        [
            0.1708720326423645,
            0.04011779651045799,
            0.03533663600683212
        ],
        [
            0.17014965415000916,
            0.03811594843864441,
            0.029455356299877167
        ],
        [
            0.13032467663288116,
            -0.005659677088260651,
            0.016604159027338028
        ],
        [
            0.17437611520290375,
            0.01761884242296219,
            0.02262406423687935
        ],
        [
            0.17132529616355896,
            0.015783531591296196,
            0.033412836492061615
        ],
        [
            0.11819934844970703,
            -0.010201316326856613,
            0.01683574542403221
        ],
        [
            0.1128549575805664,
            -0.007144264876842499,
            0.024573322385549545
        ],
        [
            0.10641154646873474,
            -0.013028882443904877,
            0.019992440938949585
        ],
        [
            0.15380364656448364,
            0.0338355228304863,
            0.06097264960408211
        ],
        [
            0.11929624527692795,
            0.005489736795425415,
            0.03714199364185333
        ],
        [
            0.10939394682645798,
            -0.0026500485837459564,
            0.029871759936213493
        ],
        [
            0.10152813792228699,
            -0.00946807861328125,
            0.02463052049279213
        ],
        [
            0.09645925462245941,
            -0.015144530683755875,
            0.0209745392203331
        ],
        [
            0.10231953114271164,
            -0.01838480308651924,
            0.01618766412138939
        ],
        [
            0.15197327733039856,
            0.08726467192173004,
            0.06953603774309158
        ],
        [
            0.15958172082901,
            0.08790062367916107,
            0.06417129933834076
        ],
        [
            0.09797298163175583,
            -0.025730863213539124,
            0.012775354087352753
        ],
        [
            0.09146102517843246,
            -0.02131544053554535,
            0.017867520451545715
        ],
        [
            0.10433565080165863,
            0.0030620694160461426,
            0.03517919033765793
        ],
        [
            0.0979602187871933,
            0.010870322585105896,
            0.04021306335926056
        ],
        [
            0.1141076534986496,
            0.010910563170909882,
            0.04182356968522072
        ],
        [
            0.1085125282406807,
            0.01923636719584465,
            0.047704070806503296
        ],
        [
            0.1464526504278183,
            0.034599669277668,
            0.0694742500782013
        ],
        [
            0.16126126050949097,
            0.09454042464494705,
            0.04662095755338669
        ],
        [
            0.161146342754364,
            0.08766766637563705,
            0.05552554875612259
        ],
        [
            0.1575189232826233,
            0.08390039205551147,
            0.05261009931564331
        ],
        [
            0.16016866266727448,
            0.09064037352800369,
            0.044998522847890854
        ],
        [
            0.15927889943122864,
            0.08262180536985397,
            0.05862623453140259
        ],
        [
            0.16018258035182953,
            0.09172666072845459,
            0.059766583144664764
        ],
        [
            0.09933081269264221,
            0.030954517424106598,
            0.050375618040561676
        ],
        [
            0.14576955139636993,
            0.06313587725162506,
            0.05680802837014198
        ],
        [
            0.08670351654291153,
            0.02426142618060112,
            0.03990965336561203
        ],
        [
            0.09164354205131531,
            0.0473020002245903,
            0.05339004844427109
        ],
        [
            0.082618348300457,
            0.043119531124830246,
            0.043371256440877914
        ],
        [
            0.0732932984828949,
            0.019641339778900146,
            0.028791673481464386
        ],
        [
            0.07331499457359314,
            0.034894343465566635,
            0.032006554305553436
        ],
        [
            0.06766058504581451,
            0.005404211580753326,
            0.02173878625035286
        ],
        [
            0.07170116156339645,
            0.011651203036308289,
            0.025804784148931503
        ],
        [
            0.07383306324481964,
            0.050058040767908096,
            0.033199455589056015
        ],
        [
            0.14449883997440338,
            0.09110800921916962,
            0.04617913439869881
        ],
        [
            0.14942774176597595,
            0.08748849481344223,
            0.044808123260736465
        ],
