{
    "pred_cam": [
        6.399806976318359,
        -0.15157610177993774,
        -0.035053644329309464
    ],
    "pred_mano_params": {
        "global_orient": [
            [
                [
                    -0.43692463636398315,
                    -0.8222221732139587,
                    0.36475685238838196
                ],
                [
                    -0.1354033499956131,
                    -0.3407699763774872,
                    -0.9303449392318726
                ],
                [
                    0.8892484307289124,
                    -0.45587992668151855,
                    0.03755916282534599
                ]
            ]
        ],
        "hand_pose": [
            [
                [
                    0.8358147144317627,
                    -0.48611581325531006,
                    -0.25515735149383545
                ],
                [
                    0.48458006978034973,
                    0.8716673851013184,
                    -0.07333583384752274
                ],
                [
                    0.2580620348453522,
                    -0.06234898418188095,
                    0.9641144871711731
                ]
            ],
            [
                [
                    0.8374632000923157,
                    -0.5253932476043701,
                    0.15039074420928955
                ],
                [
                    0.5464873313903809,
                    0.806448757648468,
                    -0.2258141189813614
                ],
                [
                    -0.002641223603859544,
                    0.2712976634502411,
                    0.9624919295310974
                ]
            ],
            [
                [
                    0.7268849611282349,
                    -0.6833175420761108,
                    0.06866832822561264
                ],
                [
                    0.684575080871582,
                    0.7289102077484131,
                    0.006841358263045549
                ],
                [
                    -0.05472786724567413,
                    0.042035747319459915,
                    0.9976160526275635
                ]
            ],
            [
                [
                    0.604878306388855,
                    -0.7550621628761292,
                    -0.25298917293548584
                ],
                [
                    0.7741976976394653,
                    0.6319696307182312,
                    -0.035104475915431976
                ],
                [
                    0.1863875538110733,
                    -0.17462968826293945,
                    0.9668321013450623
                ]
            ],
            [
                [
                    0.7994396090507507,
                    -0.5962758660316467,
                    -0.07315383851528168
                ],
                [
                    0.5844549536705017,
                    0.7438052296638489,
                    0.3242933750152588
                ],
                [
                    -0.13895609974861145,
                    -0.3020080626010895,
                    0.9431237578392029
                ]
            ],
            [
                [
                    0.646671712398529,
                    -0.7523326873779297,
                    -0.1257425993680954
                ],
                [
                    0.7598975300788879,
                    0.6497129201889038,
                    0.020708778873085976
                ],
                [
                    0.06611670553684235,
                    -0.10894327610731125,
                    0.9918467402458191
                ]
            ],
            [
                [
                    0.4031931757926941,
                    -0.8730470538139343,
                    0.2742701470851898
                ],
                [
                    0.6634026169776917,
                    0.48529890179634094,
                    0.569545328617096
                ],
                [
                    -0.6303428411483765,
                    -0.04768526554107666,
                    0.7748509049415588
                ]
            ],
            [
                [
                    0.8747299909591675,
                    -0.48345065116882324,
                    -0.03350971266627312
                ],
                [
                    0.45509156584739685,
                    0.7957167625427246,
                    0.3996579349040985
                ],
                [
                    -0.1665506660938263,
                    -0.3648427724838257,
                    0.9160516262054443
                ]
            ],
            [
                [
                    0.8325145244598389,
                    -0.5539805889129639,
                    0.004998565185815096
                ],
                [
                    0.5048482418060303,
                    0.7623327970504761,
                    0.40494054555892944
                ],
                [
                    -0.22813980281352997,
                    -0.33459538221359253,
                    0.9143292903900146
                ]
            ],
            [
                [
                    0.47796452045440674,
                    -0.8782491683959961,
                    -0.015112065710127354
                ],
                [
                    0.8781975507736206,
                    0.47744524478912354,
                    0.02854972332715988
                ],
                [
                    -0.017858585342764854,
                    -0.02691713534295559,
                    0.9994781613349915
                ]
            ],
            [
                [
                    0.7637194395065308,
                    -0.6454352736473083,
                    -0.012083906680345535
                ],
                [
                    0.5273917317390442,
                    0.6130294799804688,
                    0.588262677192688
                ],
                [
                    -0.3722776174545288,
                    -0.4556405544281006,
                    0.8085797429084778
                ]
            ],
            [
                [
                    0.668472409248352,
                    -0.6956139206886292,
                    -0.26318392157554626
                ],
                [
                    0.7412971258163452,
                    0.6518077254295349,
                    0.1600787192583084
                ],
                [
                    0.06019233167171478,
                    -0.30210572481155396,
                    0.9513720870018005
                ]
            ],
            [
                [
                    0.9937086701393127,
                    -0.07149487733840942,
                    0.08620705455541611
                ],
                [
                    0.11094752699136734,
                    0.5233176350593567,
                    -0.8448842167854309
                ],
                [
                    0.015291222371160984,
                    0.8491331338882446,
                    0.5279574394226074
                ]
            ],
            [
                [
                    0.9033615589141846,
                    -0.4062860906124115,
                    -0.13736674189567566
                ],
                [
                    0.41083860397338867,
                    0.7278521060943604,
                    0.5490381717681885
                ],
                [
                    -0.12308388203382492,
                    -0.5524154901504517,
                    0.8244315981864929
                ]
            ],
            [
                [
                    0.8671057224273682,
                    0.3413083851337433,
                    -0.3628171980381012
                ],
                [
                    -0.38281217217445374,
                    0.9226321578025818,
                    -0.04695622995495796
                ],
                [
                    0.3187202215194702,
                    0.1796068400144577,
                    0.9306766390800476
                ]
            ]
        ],
        "betas": [
            -0.045542627573013306,
            -0.05222660303115845,
            -0.06907331943511963,
            0.0008399784564971924,
            0.04840394854545593,
            -0.013172481209039688,
            0.009541332721710205,
            -0.02979755401611328,
            0.0055990517139434814,
            -0.044021010398864746
        ]
    },
    "pred_cam_t": [
        -0.15157610177993774,
        -0.035053644329309464,
        6.103699684143066
    ],
    "focal_length": [
        5000.0,
        5000.0
    ],
    "pred_keypoints_3d": [
        [
            0.09597321599721909,
            0.0064095258712768555,
            0.0062118759378790855
        ],
        [
            0.12874191999435425,
            -0.009085182100534439,
            -0.007200425490736961
        ],
        [
            0.1590961515903473,
            -0.011347002349793911,
            -0.012423817999660969
        ],
        [
            0.1849977970123291,
            -0.0065236203372478485,
            -0.019100818783044815
        ],
        [
            0.2130342274904251,
            -0.0007064100354909897,
            -0.04137784615159035
        ],
        [
            0.14640028774738312,
            0.0009021488949656487,
            -0.06920598447322845
        ],
        [
            0.16739512979984283,
            0.015361628495156765,
            -0.09034062922000885
        ],
        [
            0.18614259362220764,
            0.02730606123805046,
            -0.08884631097316742
        ],
        [
            0.2013881504535675,
            0.037857428193092346,
            -0.07207375764846802
        ],
        [
            0.13743159174919128,
            0.022920656949281693,
            -0.07764236629009247
        ],
        [
            0.16023948788642883,
            0.044005680829286575,
            -0.0844452977180481
        ],
        [
            0.17855095863342285,
            0.05235382914543152,
            -0.07260590046644211
        ],
        [
            0.18911412358283997,
            0.05115151032805443,
            -0.0494832843542099
        ],
        [
            0.12529256939888,
            0.043712131679058075,
            -0.06589211523532867
        ],
        [
            0.1501040905714035,
            0.05833040177822113,
            -0.06873214989900589
        ],
        [
            0.16740767657756805,
            0.06134268268942833,
            -0.051106806844472885
        ],
        [
            0.17178723216056824,
            0.05671454593539238,
            -0.02637416496872902
        ],
        [
            0.1185481995344162,
            0.059409696608781815,
            -0.05225681513547897
        ],
        [
            0.13864412903785706,
            0.06611602753400803,
            -0.053036563098430634
        ],
        [
            0.15369051694869995,
            0.06836540997028351,
            -0.041589587926864624
        ],
        [
            0.16026315093040466,
            0.06478146463632584,
            -0.024259133264422417
        ]
    ],
    "pred_vertices": [
        [
            0.1388823688030243,
            0.004006947390735149,
            -0.02979368343949318
        ],
        [
            0.13563024997711182,
            0.0041124047711491585,
            -0.01986289769411087
        ],
        [
            0.145309716463089,
            0.001974133774638176,
            -0.021647807210683823
        ],
        [
            0.1473855823278427,
            4.839734174311161e-05,
            -0.03223832696676254
        ],
        [
            0.14167240262031555,
            0.0029859887436032295,
            0.00119096040725708
        ],
        [
            0.14167454838752747,
            -0.0065841106697916985,
            0.008685797452926636
        ],
        [
            0.15663908421993256,
            -0.006634811405092478,
            0.0023833252489566803
        ],
        [
            0.15485382080078125,
            0.0024280063807964325,
            -0.0018058083951473236
        ],
        [
            0.15363433957099915,
            -0.0034821077715605497,
            -0.034314099699258804
        ],
        [
            0.15316173434257507,
            0.000560942105948925,
            -0.02271348237991333
        ],
        [
            0.15518535673618317,
            -0.006495455279946327,
            -0.033811360597610474
        ],
        [
            0.14869584143161774,
            -0.012945217080414295,
            -0.048531465232372284
        ],
        [
            0.1508481353521347,
            -0.007524852175265551,
            -0.045781224966049194
        ],
        [
            0.14633962512016296,
            -0.013282353058457375,
            -0.05813349410891533
        ],
        [
            0.13911943137645721,
            -0.018342526629567146,
            -0.047294847667217255
        ],
        [
            0.13757117092609406,
            -0.01359571237117052,
            -0.06258682161569595
        ],
        [
            0.11190351843833923,
            -0.0028008604422211647,
            -0.04970681667327881
        ],
        [
            0.10460038483142853,
            0.008748672902584076,
            -0.04737464338541031
        ],
        [
            0.11165694147348404,
            0.013278632424771786,
            -0.06302744150161743
        ],
        [
            0.11904299259185791,
            0.0014188401401042938,
            -0.06316821277141571
        ],
        [
            0.10345733910799026,
            0.029676642268896103,
            -0.05268384516239166
        ],
        [
            0.10830526053905487,
            0.020888440310955048,
            -0.05916658788919449
        ],
        [
            0.10017155110836029,
            0.015964196994900703,
            -0.04411565884947777
        ],
        [
            0.0964997336268425,
            0.024021858349442482,
            -0.03887273743748665
        ],
        [
            0.1268737018108368,
            0.0142908226698637,
            -0.024051379412412643
        ],
        [
            0.12293548882007599,
            0.013635536655783653,
            -0.014449045062065125
        ],
        [
            0.12641757726669312,
            0.009069375693798065,
            -0.017193254083395004
        ],
        [
            0.13035205006599426,
            0.009874132461845875,
            -0.02578645944595337
        ],
        [
            0.16292798519134521,
            -0.012458987534046173,
            -0.02612411230802536
        ],
        [
            0.1492147594690323,
            -0.01999461092054844,
            -0.029616963118314743
        ],
        [
            0.15177875757217407,
            -0.01396731287240982,
            -0.03424554318189621
        ],
        [
            0.16399821639060974,
            -0.006942535750567913,
            -0.02554779313504696
        ],
        [
            0.11409538239240646,
            0.021044369786977768,
            0.013035878539085388
        ],
        [
            0.10480597615242004,
            0.01515220943838358,
            0.021004661917686462
        ],
        [
            0.10672442615032196,
            0.009595280513167381,
            0.020248226821422577
        ],
        [
            0.11437555402517319,
            0.016028162091970444,
            0.012647002935409546
        ],
        [
            0.12129484117031097,
            -0.005533917807042599,
            0.015546299517154694
        ],
        [
            0.11206039786338806,
            -0.007600673474371433,
            0.019223392009735107
        ],
        [
            0.1067546084523201,
            -0.02001512609422207,
            0.019806936383247375
        ],
        [
            0.11528927087783813,
            -0.020450131967663765,
            0.014196939766407013
        ],
        [
            0.13172432780265808,
            -0.005633803084492683,
            0.011728286743164062
        ],
        [
            0.12785372138023376,
            -0.018837526440620422,
            0.011830590665340424
        ],
        [
            0.13956253230571747,
            -0.017894510179758072,
            0.008251741528511047
        ],
        [
            0.15606547892093658,
            -0.015883931890130043,
            0.0014872774481773376
        ],
        [
            0.09796155244112015,
            0.026057403534650803,
            0.02100684493780136
        ],
        [
            0.10417574644088745,
            0.0321386344730854,
            0.01556183397769928
        ],
        [
            0.17589688301086426,
            0.013619957491755486,
            -0.08105282485485077
        ],
        [
            0.17391949892044067,
            0.01917717605829239,
            -0.07982949912548065
        ],
        [
            0.17141194641590118,
            0.01667138561606407,
            -0.07779621332883835
        ],
        [
            0.1737038791179657,
            0.011665641330182552,
            -0.0797414556145668
        ],
        [
            0.08450381457805634,
            0.03387431800365448,
            0.007974669337272644
        ],
        [
            0.07734192907810211,
            0.029764726758003235,
            0.0021624937653541565
        ],
        [
            0.07499095797538757,
            0.029279086738824844,
            0.009077206254005432
        ],
        [
            0.08224979043006897,
            0.03127210587263107,
            0.014749877154827118
        ],
        [
            0.08751809597015381,
            0.037260353565216064,
            -0.0009730085730552673
        ],
        [
            0.08126842975616455,
            0.030196545645594597,
            -0.0071975067257881165
        ],
        [
            0.17502176761627197,
            0.01144210435450077,
            -0.09370233118534088
        ],
        [
            0.17708297073841095,
            0.009918627329170704,
            -0.08917027711868286
        ],
        [
            0.17283861339092255,
            0.007350198924541473,
            -0.08908919990062714
        ],
        [
            0.16955731809139252,
            0.009085629135370255,
            -0.09292841702699661
        ],
        [
            0.14855870604515076,
            -0.0017396897310391068,
            -0.04217678681015968
        ],
        [
            0.14269940555095673,
            0.004768504295498133,
            -0.03843001648783684
        ],
        [
            0.1527026742696762,
            0.0019104123348370194,
            -0.058564163744449615
        ],
        [
            0.14754119515419006,
            0.0037244795821607113,
            -0.05126388743519783
        ],
        [
            0.149690642952919,
            -0.0032240627333521843,
            -0.05136137828230858
        ],
        [
            0.15262353420257568,
            -0.0043787783943116665,
            -0.05835928022861481
        ],
        [
            0.13367372751235962,
            0.02193339355289936,
            -0.04423719644546509
        ],
        [
            0.12898899614810944,
            0.019169867038726807,
            -0.03389069810509682
        ],
        [
            0.132704496383667,
            0.014129634946584702,
            -0.03639068454504013
        ],
        [
            0.13910773396492004,
            0.015938153490424156,
            -0.047433339059352875
        ],
        [
            0.12434569746255875,
            0.03176795318722725,
            -0.029172111302614212
        ],
        [
            0.12884095311164856,
            0.03326356038451195,
            -0.03995618596673012
        ],
        [
            0.12554456293582916,
            0.04016195610165596,
            -0.03595520555973053
        ],
        [
            0.1238492876291275,
            0.038238584995269775,
            -0.02855231985449791
        ],
        [
            0.13719530403614044,
            0.03217427060008049,
            -0.058556679636240005
        ],
        [
            0.13919803500175476,
            0.03250095993280411,
            -0.06386804580688477
        ],
        [
            0.13923387229442596,
            0.03642786666750908,
            -0.06264743953943253
        ],
        [
            0.13559412956237793,
            0.03517919406294823,
            -0.05706081539392471
        ],
        [
            0.07193881273269653,
            0.028012314811348915,
            0.015397965908050537
        ],
        [
            0.08010808378458023,
            0.027882572263479233,
            0.020893074572086334
        ],
        [
            0.09821298718452454,
            0.04776912182569504,
            -0.04105357453227043
        ],
        [
            0.09982741624116898,
            0.05338480323553085,
            -0.03137747198343277
        ],
        [
            0.1051551103591919,
            0.059774767607450485,
            -0.0422988198697567
        ],
        [
            0.10138873755931854,
            0.05202723667025566,
            -0.05078766494989395
        ],
        [
            0.07484126091003418,
            0.021703124046325684,
            -0.0039042532444000244
        ],
        [
            0.0707186758518219,
            0.02274234965443611,
            0.0027213171124458313
        ],
        [
            0.17179104685783386,
            0.016102850437164307,
            -0.0963534563779831
        ],
        [
            0.16626320779323578,
            0.0139077790081501,
            -0.09474501013755798
        ],
        [
            0.13192453980445862,
            -0.027057817205786705,
            0.0013117417693138123
        ],
        [
            0.15306544303894043,
            -0.023338738828897476,
            -0.004247121512889862
        ],
        [
            0.11654640734195709,
            -0.027175450697541237,
            0.005750320851802826
        ],
        [
            0.10602295398712158,
            -0.02612820453941822,
            0.008767656981945038
        ],
        [
            0.09861905872821808,
            -0.026501445099711418,
            0.013670094311237335
        ],
        [
            0.14658288657665253,
            0.009750407189130783,
            -0.05399211123585701
        ],
        [
            0.1355598270893097,
            0.00927680917084217,
            -0.034010592848062515
        ],
        [
            0.12451758980751038,
            0.018664836883544922,
            -0.0223781019449234
        ],
        [
            0.11751455068588257,
            0.04806133732199669,
            -0.015461213886737823
        ],
        [
            0.11412167549133301,
            0.045299284160137177,
            -0.005948811769485474
        ],
        [
            0.12019769847393036,
            0.03764890134334564,
            -0.010486364364624023
        ],
        [
            0.12140500545501709,
            0.04147037863731384,
            -0.018193192780017853
        ],
        [
            0.1071789339184761,
            0.05726591870188713,
            -0.025750581175088882
        ],
        [
            0.11501574516296387,
            0.05528250336647034,
            -0.02462190017104149
        ],
        [
            0.1173296794295311,
            0.05785154923796654,
            -0.03230998292565346
        ],
        [
            0.11066997051239014,
            0.06114926189184189,
            -0.03512054309248924
        ],
        [
            0.1646500825881958,
            -0.019243650138378143,
            -0.02296730875968933
        ],
        [
            0.14809751510620117,
            -0.025136912241578102,
            -0.02386137843132019
        ],
        [
            0.09358776360750198,
            0.03466999903321266,
            0.013443812727928162
        ],
        [
            0.09131215512752533,
            0.0298018641769886,
            0.019159123301506042
        ],
        [
            0.08644755184650421,
            0.025623565539717674,
            0.024811573326587677
        ],
        [
            0.1193227469921112,
            0.01631353050470352,
            -0.0006533637642860413
        ],
        [
            0.11462084949016571,
            0.012549193575978279,
            0.012367121875286102
        ],
        [
            0.11673091351985931,
            0.008994942530989647,
            0.011070147156715393
        ],
        [
            0.11972198635339737,
            0.01321965642273426,
            -0.0027033835649490356
        ],
        [
            0.13230590522289276,
            0.006380750332027674,
            -0.00861205905675888
        ],
        [
            0.12949901819229126,
            0.004405532032251358,
            0.00428377091884613
        ],
        [
            0.14314064383506775,
            0.006191452033817768,
            -0.010430406779050827
        ],
        [
            0.10839463770389557,
            0.001643626019358635,
            0.02061004936695099
        ],
        [
            0.10134486854076385,
            0.00561013538390398,
            0.028170354664325714
        ],
        [
            0.10335776209831238,
            -0.0030352501198649406,
            0.027217477560043335
        ],
        [
            0.09676596522331238,
            0.014312520623207092,
            0.028306961059570312
        ],
        [
            0.0917070135474205,
            0.021613117307424545,
            0.027311652898788452
        ],
        [
            0.06427958607673645,
            0.022134067490696907,
            0.008328840136528015
        ],
        [
            0.10448785126209259,
            -0.01100140530616045,
            0.024844489991664886
        ],
        [
            0.16409355401992798,
            0.0001372785773128271,
            -0.004875004291534424
        ],
        [
            0.17250102758407593,
            -0.0017863297834992409,
            -0.007357347756624222
        ],
        [
            0.16955631971359253,
            0.0014207446947693825,
            -0.013496510684490204
        ],
        [
            0.16155385971069336,
            0.003162981942296028,
            -0.012131188064813614
        ],
        [
            0.14716507494449615,
            -0.01122183445841074,
            -0.06780862808227539
        ],
        [
            0.15194429457187653,
            -0.008760388009250164,
            -0.0623864084482193
        ],
        [
            0.14984172582626343,
            -0.010082554072141647,
            -0.05317699909210205
        ],
        [
            0.11686312407255173,
            0.028716549277305603,
            0.004741743206977844
        ],
        [
            0.10845838487148285,
            0.03786011040210724,
            0.007349275052547455
        ],
        [
            0.15174303948879242,
            0.007836049422621727,
            -0.06134096533060074
        ],
        [
            0.16492120921611786,
            0.006817053072154522,
            -0.09215059131383896
        ],
        [
            0.16864235699176788,
            0.004586069844663143,
            -0.08796064555644989
        ],
        [
            0.1561191827058792,
            -0.004385276697576046,
            -0.07846899330615997
        ],
        [
            0.15198394656181335,
            -0.0019419750897213817,
            -0.08348804712295532
        ],
        [
            0.15030702948570251,
            0.013119140639901161,
            -0.0704890713095665
        ],
        [
            0.15330204367637634,
            0.009399550966918468,
            -0.0652749314904213
        ],
        [
            0.15364466607570648,
            0.010751733556389809,
            -0.06752680242061615
        ],
        [
            0.15168334543704987,
            0.01568417064845562,
            -0.07148634642362595
        ],
        [
            0.13479195535182953,
            0.042468924075365067,
            -0.0570894256234169
        ],
        [
            0.13188712298870087,
            0.041238363832235336,
            -0.05216863751411438
        ],
        [
            0.12881359457969666,
            0.007531441748142242,
            -0.07435537129640579
        ],
        [
            0.13093140721321106,
            -0.005884264595806599,
            -0.07466590404510498
        ],
        [
            0.12660959362983704,
            -0.008945873007178307,
            -0.06351601332426071
        ],
        [
            0.13032115995883942,
            0.02799278311431408,
            -0.04132959991693497
        ],
        [
            0.13419844210147858,
            0.031072702258825302,
            -0.05039450153708458
        ],
        [
            0.13235503435134888,
            0.03454594314098358,
            -0.04907633364200592
        ],
        [
            0.14623963832855225,
            0.013258544728159904,
            -0.05726797133684158
        ],
        [
            0.14940649271011353,
            0.012952977791428566,
            -0.06376657634973526
        ],
        [
            0.14583903551101685,
            0.0162416510283947,
            -0.06213071942329407
        ],
        [
            0.1428385078907013,
            0.017235785722732544,
            -0.05553782358765602
        ],
        [
            0.09424862265586853,
            0.047789182513952255,
            -0.020507030189037323
        ],
        [
            0.1028360053896904,
            0.05279875546693802,
            -0.01422806829214096
        ],
        [
            0.17722934484481812,
            0.010507859289646149,
            -0.08450289070606232
        ],
        [
            0.17421205341815948,
            0.0082117123529315,
            -0.08395424485206604
        ],
        [
            0.12586204707622528,
            0.02516639232635498,
            -0.031219657510519028
        ],
        [
            0.12111247330904007,
            -0.011239245533943176,
            -0.04994504526257515
        ],
        [
            0.12247967720031738,
            0.023476652801036835,
            -0.02048337459564209
        ],
        [
            0.11561848223209381,
            0.0456717349588871,
            -0.062348622828722
        ],
        [
            0.12155117094516754,
            0.05053727701306343,
            -0.05788986012339592
        ],
        [
            0.12567995488643646,
            0.051258429884910583,
            -0.060004979372024536
        ],
        [
            0.12301892787218094,
            0.0491073876619339,
            -0.06505828350782394
        ],
        [
            0.16110600531101227,
            0.02258215844631195,
            -0.08030632138252258
        ],
        [
            0.16530467569828033,
            0.02028694748878479,
            -0.0769844576716423
        ],
        [
            0.16805699467658997,
            0.021908145397901535,
            -0.07870753109455109
        ],
        [
            0.16473624110221863,
            0.02464829385280609,
            -0.08278737217187881
        ],
        [
            0.15535970032215118,
            0.004095586948096752,
            -0.06369099766016006
        ],
        [
            0.15605661273002625,
            -0.0022443344350904226,
            -0.06410863995552063
        ],
        [
            0.15919379889965057,
            0.0011959250550717115,
            -0.06811469793319702
        ],
        [
            0.15691626071929932,
            0.006704143714159727,
            -0.06733667105436325
        ],
        [
            0.1548108607530594,
            -0.006289711222052574,
            -0.06882136315107346
        ],
        [
            0.15848514437675476,
            -0.003222796367481351,
            -0.07268436998128891
        ],
        [
            0.15812575817108154,
            0.02182156592607498,
            -0.08600125461816788
        ],
        [
            0.15820540487766266,
            0.01705869846045971,
            -0.09182717651128769
        ],
        [
            0.14576339721679688,
            0.010552782565355301,
            -0.08368685841560364
        ],
        [
            0.14891663193702698,
            0.015912635251879692,
            -0.07867977768182755
        ],
        [
            0.08864890784025192,
            0.018496377393603325,
            -0.02681824564933777
        ],
        [
            0.08651434630155563,
            0.02839130535721779,
            -0.022051896899938583
        ],
        [
            0.09405294805765152,
            0.03422889858484268,
            -0.03410544618964195
        ],
        [
            0.10035443305969238,
            0.04048138111829758,
            -0.046852804720401764
        ],
        [
            0.1075456440448761,
            0.04526784271001816,
            -0.058408092707395554
        ],
        [
            0.10859564691781998,
            0.03478936478495598,
            -0.06474495679140091
        ],
        [
            0.09244014322757721,
            0.040688417851924896,
            -0.02913929894566536
        ],
        [
            0.14244939386844635,
            0.013675475493073463,
            -0.07414470613002777
        ],
        [
            0.1378067284822464,
            0.006457232404500246,
            -0.07792596518993378
        ],
        [
            0.136700838804245,
            0.011376410722732544,
            -0.07629230618476868
        ],
        [
            0.12151212990283966,
            0.030493617057800293,
            -0.017995458096265793
        ],
        [
            0.17076192796230316,
            0.005272385664284229,
            -0.08305153995752335
        ],
        [
            0.08728671818971634,
            -0.019453851506114006,
            -0.0038238316774368286
        ],
        [
            0.07914245128631592,
            -0.008831403218209743,
            -0.0059918612241744995
        ],
        [
            0.08512912690639496,
            -0.008543732576072216,
            -0.012517265975475311
        ],
        [
            0.09514816105365753,
            -0.020197855308651924,
            -0.009691327810287476
        ],
        [
            0.16937775909900665,
            0.014689318835735321,
            -0.07604378461837769
        ],
        [
            0.17143914103507996,
            0.008976579643785954,
            -0.07792840152978897
        ],
        [
            0.1303720623254776,
            0.0474473275244236,
            -0.05044582858681679
        ],
        [
            0.13280145823955536,
            0.047651711851358414,
            -0.05538928136229515
        ],
        [
            0.13073262572288513,
            0.0508183129131794,
            -0.056094519793987274
        ],
        [
            0.12992791831493378,
            0.052749454975128174,
            -0.050954438745975494
        ],
        [
            0.08555644750595093,
            0.03283153101801872,
            -0.01809109002351761
        ],
        [
            0.11284476518630981,
            0.06403753906488419,
            -0.046451911330223083
        ],
        [
            0.10854312032461166,
            0.05666609853506088,
            -0.054788582026958466
        ],
        [
            0.08000494539737701,
            0.022965164855122566,
            -0.011882729828357697
        ],
        [
            0.08121675252914429,
            0.014262216165661812,
            -0.016239911317825317
        ],
        [
            0.07565038651227951,
            0.011782778427004814,
            -0.008551977574825287
        ],
        [
            0.11906726658344269,
            0.026038603857159615,
            -0.0716467946767807
        ],
        [
            0.09204410016536713,
            0.011937353760004044,
            -0.031451933085918427
        ],
        [
            0.08438381552696228,
            0.008091611787676811,
            -0.019572850316762924
        ],
        [
            0.07787349075078964,
            0.004852123558521271,
            -0.010539829730987549
        ],
        [
            0.07248636335134506,
            0.003084896132349968,
            -0.004352346062660217
        ],
        [
            0.07070726156234741,
            0.010883878916501999,
            -0.002729251980781555
        ],
        [
            0.1612156629562378,
            0.011905434541404247,
            -0.09316586703062057
        ],
        [
            0.16339777410030365,
            0.020189527422189713,
            -0.0940379723906517
        ],
        [
            0.06367799639701843,
            0.009904241189360619,
            0.003017634153366089
        ],
        [
            0.0665186271071434,
            0.0012096688151359558,
            0.0013445094227790833
        ],
        [
            0.08864542841911316,
            0.000327523797750473,
            -0.02224644273519516
        ],
        [
            0.09528901427984238,
            -0.009081702679395676,
            -0.02444624900817871
        ],
        [
            0.09608844667673111,
            0.004408009350299835,
            -0.03349597752094269
        ],
        [
            0.10298728197813034,
            -0.004556283354759216,
            -0.036729250103235245
        ],
        [
            0.1175461858510971,
            0.015425137244164944,
            -0.07511438429355621
        ],
        [
            0.17900905013084412,
            0.031138742342591286,
            -0.0937495082616806
        ],
        [
            0.16846491396427155,
            0.026739785447716713,
            -0.09202355146408081
        ],
        [
            0.1688162386417389,
            0.02705211564898491,
            -0.08618319034576416
        ],
        [
            0.17765125632286072,
            0.03250584751367569,
            -0.08981283009052277
        ],
        [
            0.1628427356481552,
            0.0242804903537035,
            -0.08837383985519409
        ],
        [
            0.16911569237709045,
            0.022468246519565582,
            -0.09573886543512344
        ],
        [
            0.1146005317568779,
            -0.015344755724072456,
            -0.036059364676475525
        ],
        [
            0.14803056418895721,
            0.01649024337530136,
            -0.06809527426958084
        ],
        [
            0.10939237475395203,
            -0.021295394748449326,
            -0.020659402012825012
        ],
        [
            0.1318126916885376,
            -0.023082591593265533,
            -0.03672872856259346
        ],
        [
            0.12949484586715698,
            -0.026655590161681175,
            -0.02374320477247238
        ],
        [
            0.10555896162986755,
            -0.027613986283540726,
            -0.004009358584880829
        ],
        [
            0.12262849509716034,
            -0.030197210609912872,
            -0.008834414184093475
        ],
        [
            0.09030479192733765,
            -0.025780566036701202,
            0.006658926606178284
        ],
        [
            0.09676382690668106,
            -0.025721510872244835,
            0.0004166215658187866
        ],
        [
