{
    "pred_cam": [
        5.799182891845703,
        -0.15152159333229065,
        -0.034095436334609985
    ],
    "pred_mano_params": {
        "global_orient": [
            [
                [
                    -0.5180065035820007,
                    -0.7712501883506775,
                    0.3699221611022949
                ],
                [
                    -0.1979043185710907,
                    -0.31267133355140686,
                    -0.9290159344673157
                ],
                [
                    0.8321678042411804,
                    -0.5544454455375671,
                    0.009332043118774891
                ]
            ]
        ],
        "hand_pose": [
            [
                [
                    0.8552386164665222,
                    -0.4530539810657501,
                    -0.2516128718852997
                ],
                [
                    0.4493398666381836,
                    0.8901638984680176,
                    -0.07551086694002151
                ],
                [
                    0.2581872045993805,
                    -0.04847989231348038,
                    0.964877724647522
                ]
            ],
            [
                [
                    0.8898780941963196,
                    -0.4284695088863373,
                    0.15662315487861633
                ],
                [
                    0.4539344012737274,
                    0.8658025860786438,
                    -0.21054545044898987
                ],
                [
                    -0.045392438769340515,
                    0.25845643877983093,
                    0.9649558067321777
                ]
            ],
            [
                [
                    0.7190622091293335,
                    -0.6919144988059998,
                    0.06483741849660873
                ],
                [
                    0.6917917132377625,
                    0.7215554118156433,
                    0.027967169880867004
                ],
                [
                    -0.06613466888666153,
                    0.02474384754896164,
                    0.997503936290741
                ]
            ],
            [
                [
                    0.6446617245674133,
                    -0.723872721195221,
                    -0.24580389261245728
                ],
                [
                    0.7382018566131592,
                    0.6730152368545532,
                    -0.04591843858361244
                ],
                [
                    0.19866888225078583,
                    -0.15185102820396423,
                    0.9682313203811646
                ]
            ],
            [
                [
                    0.8944467902183533,
                    -0.44478413462638855,
                    -0.04617401957511902
                ],
                [
                    0.43429312109947205,
                    0.8394328951835632,
                    0.3267138600349426
                ],
                [
                    -0.10655713826417923,
                    -0.31228122115135193,
                    0.9439947605133057
                ]
            ],
            [
                [
                    0.6763673424720764,
                    -0.7275932431221008,
                    -0.1146085262298584
                ],
                [
                    0.7343812584877014,
                    0.6781203150749207,
                    0.02893136814236641
                ],
                [
                    0.05666809529066086,
                    -0.103734590113163,
                    0.9929893016815186
                ]
            ],
            [
                [
                    0.4309215545654297,
                    -0.8474953174591064,
                    0.3099327087402344
                ],
                [
                    0.6564522385597229,
                    0.5300723314285278,
                    0.5367436408996582
                ],
                [
                    -0.6191744804382324,
                    -0.027838360518217087,
                    0.7847598195075989
                ]
            ],
            [
                [
                    0.8951759338378906,
                    -0.43943241238594055,
                    -0.07456029206514359
                ],
                [
                    0.43218323588371277,
                    0.814867377281189,
                    0.3862754702568054
                ],
                [
                    -0.10898523032665253,
                    -0.3780081868171692,
                    0.9193649888038635
                ]
            ],
            [
                [
                    0.846123218536377,
                    -0.5329295992851257,
                    0.007847985252737999
                ],
                [
                    0.49387216567993164,
                    0.78947913646698,
                    0.36443519592285156
                ],
                [
                    -0.20041412115097046,
                    -0.30448117852211,
                    0.9311957359313965
                ]
            ],
            [
                [
                    0.514578640460968,
                    -0.8574427962303162,
                    0.0008797544869594276
                ],
                [
                    0.8574289679527283,
                    0.5145756602287292,
                    0.005236929282546043
                ],
                [
                    -0.004943067207932472,
                    -0.0019404845079407096,
                    0.999985933303833
                ]
            ],
            [
                [
                    0.8791159391403198,
                    -0.47649678587913513,
                    0.010293844155967236
                ],
                [
                    0.3929450213909149,
                    0.7368512153625488,
                    0.5501313805580139
                ],
                [
                    -0.2697208523750305,
                    -0.47958436608314514,
                    0.8350147008895874
                ]
            ],
            [
                [
                    0.6932398676872253,
                    -0.6767539978027344,
                    -0.24783575534820557
                ],
                [
                    0.7184022665023804,
                    0.6763594746589661,
                    0.16259169578552246
                ],
                [
                    0.05759149417281151,
                    -0.2907607853412628,
                    0.9550609588623047
                ]
            ],
            [
                [
                    0.9974909424781799,
                    -0.049688465893268585,
                    0.050427600741386414
                ],
                [
                    0.06932257860898972,
                    0.5410435199737549,
                    -0.8381326794624329
                ],
                [
                    0.014362000860273838,
                    0.8395254611968994,
                    0.5431305170059204
                ]
            ],
            [
                [
                    0.9083484411239624,
                    -0.3964836597442627,
                    -0.13305547833442688
                ],
                [
                    0.3946770429611206,
                    0.7074578404426575,
                    0.586287796497345
                ],
                [
                    -0.1383223980665207,
                    -0.5850675702095032,
                    0.7991012334823608
                ]
            ],
            [
                [
                    0.8881587982177734,
                    0.3281588852405548,
                    -0.32169201970100403
                ],
                [
                    -0.3646160066127777,
                    0.9293072819709778,
                    -0.05867869779467583
                ],
                [
                    0.2796947956085205,
                    0.16941004991531372,
                    0.9450244307518005
                ]
            ]
        ],
        "betas": [
            -0.007372081279754639,
            -0.05626422166824341,
            -0.08690407872200012,
            0.0023753345012664795,
            0.04059058427810669,
            -0.007425691932439804,
            0.011575818061828613,
            -0.03533247113227844,
            -0.006623744964599609,
            -0.023436158895492554
        ]
    },
    "pred_cam_t": [
        -0.15152159333229065,
        -0.034095436334609985,
        6.735862731933594
    ],
    "focal_length": [
        5000.0,
        5000.0
    ],
    "pred_keypoints_3d": [
        [
            0.09580779075622559,
            0.006396112963557243,
            0.006205327343195677
        ],
        [
            0.1297888606786728,
            -0.007947537116706371,
            -0.005012721288949251
        ],
        [
            0.1603035032749176,
            -0.010144691914319992,
            -0.008757608011364937
        ],
        [
            0.18661560118198395,
            -0.006152799353003502,
            -0.014079385437071323
        ],
        [
            0.21665135025978088,
            -0.0011461414396762848,
            -0.03373709321022034
        ],
        [
            0.15312530100345612,
            0.006318379193544388,
            -0.06410147994756699
        ],
        [
            0.17516714334487915,
            0.021936610341072083,
            -0.08318651467561722
        ],
        [
            0.19407108426094055,
            0.033657800406217575,
            -0.08245671540498734
        ],
        [
            0.20997676253318787,
            0.04381534457206726,
            -0.06612618267536163
        ],
        [
            0.14478540420532227,
            0.02876543626189232,
            -0.07183076441287994
        ],
        [
            0.1673988401889801,
            0.050518423318862915,
            -0.07670638710260391
        ],
        [
            0.1858135461807251,
            0.06108556687831879,
            -0.06706014275550842
        ],
        [
            0.19916260242462158,
            0.0627378299832344,
            -0.04542655125260353
        ],
        [
            0.13139286637306213,
            0.04858934134244919,
            -0.059943072497844696
        ],
        [
            0.1559848189353943,
            0.06372227519750595,
            -0.06074090674519539
        ],
        [
            0.1741866171360016,
            0.07012682408094406,
            -0.045088738203048706
        ],
        [
            0.1819109171628952,
            0.06850914657115936,
            -0.02081199362874031
        ],
        [
            0.12321631610393524,
            0.06324047595262527,
            -0.046032264828681946
        ],
        [
            0.14312610030174255,
            0.07037436962127686,
            -0.045523036271333694
        ],
        [
            0.15765449404716492,
            0.07351764291524887,
            -0.033681757748126984
        ],
        [
            0.16469880938529968,
            0.07071537524461746,
            -0.01647075265645981
        ]
    ],
    "pred_vertices": [
        [
            0.14170223474502563,
            0.006593387573957443,
            -0.025612786412239075
        ],
        [
            0.13748030364513397,
            0.005982878617942333,
            -0.016109634190797806
        ],
        [
            0.14731070399284363,
            0.003938538022339344,
            -0.017480075359344482
        ],
        [
            0.15037183463573456,
            0.002813492901623249,
            -0.02766307070851326
        ],
        [
            0.14232495427131653,
            0.0035160775296390057,
            0.004810906946659088
        ],
        [
            0.1418614685535431,
            -0.006394833326339722,
            0.01166629046201706
        ],
        [
            0.15729829668998718,
            -0.006191783118993044,
            0.006112035363912582
        ],
        [
            0.15592068433761597,
            0.0030190926045179367,
            0.002399355173110962
        ],
        [
            0.15682263672351837,
            -0.0006209323182702065,
            -0.02963228151202202
        ],
        [
            0.1553441882133484,
            0.002557773143053055,
            -0.01821296662092209
        ],
        [
            0.1583399772644043,
            -0.0037348694168031216,
            -0.029478659853339195
        ],
        [
            0.15329866111278534,
            -0.00901100505143404,
            -0.044649310410022736
        ],
        [
            0.15522247552871704,
            -0.003773975418880582,
            -0.041255053132772446
        ],
        [
            0.15197670459747314,
            -0.00863153487443924,
            -0.05421508476138115
        ],
        [
            0.1436654031276703,
            -0.014452619478106499,
            -0.04460699483752251
        ],
        [
            0.14364925026893616,
            -0.008640578016638756,
            -0.05934298411011696
        ],
        [
            0.1169956773519516,
            0.0011520572006702423,
            -0.04821382462978363
        ],
        [
            0.10944639146327972,
            0.012442883104085922,
            -0.045815616846084595
        ],
        [
            0.1179049089550972,
            0.01801314204931259,
            -0.06022181734442711
        ],
        [
            0.12534458935260773,
            0.0062746405601501465,
            -0.06049656867980957
        ],
        [
            0.10863015055656433,
            0.033543575555086136,
            -0.04967127740383148
        ],
        [
            0.11413556337356567,
            0.02528485655784607,
            -0.056225452572107315
        ],
        [
            0.1046726331114769,
            0.019358353689312935,
            -0.0425240583717823
        ],
        [
            0.10045211017131805,
            0.026988765224814415,
            -0.037129223346710205
        ],
        [
            0.12925979495048523,
            0.016424618661403656,
            -0.020297784358263016
        ],
        [
            0.1243915855884552,
            0.015096454881131649,
            -0.011154420673847198
        ],
        [
            0.1280781775712967,
            0.0107542984187603,
            -0.013828560709953308
        ],
        [
            0.13286960124969482,
            0.012160188518464565,
            -0.021985244005918503
        ],
        [
            0.16499298810958862,
            -0.010461213067173958,
            -0.0222538523375988
        ],
        [
            0.1518697589635849,
            -0.01737329177558422,
            -0.02672594226896763
        ],
        [
            0.15485213696956635,
            -0.011096596717834473,
            -0.03070024400949478
        ],
        [
            0.1662348508834839,
            -0.005043873563408852,
            -0.02122211456298828
        ],
        [
            0.11298662424087524,
            0.020555220544338226,
            0.015661753714084625
        ],
        [
            0.10307954251766205,
            0.014120601117610931,
            0.02228444814682007
        ],
        [
            0.10511861741542816,
            0.008661564439535141,
            0.021367773413658142
        ],
        [
            0.1133531853556633,
            0.015609449706971645,
            0.015008538961410522
        ],
        [
            0.12046339362859726,
            -0.005970640107989311,
            0.017211489379405975
        ],
        [
            0.11079093813896179,
            -0.008307211101055145,
            0.019793495535850525
        ],
        [
            0.10555946081876755,
            -0.02074519172310829,
            0.018986321985721588
        ],
        [
            0.11466142535209656,
            -0.020757228136062622,
            0.01420629769563675
        ],
        [
            0.13145039975643158,
            -0.005750027019530535,
            0.014218546450138092
        ],
        [
            0.12758037447929382,
            -0.018894093111157417,
            0.013076752424240112
        ],
        [
            0.13971996307373047,
            -0.017577946186065674,
            0.010355867445468903
        ],
        [
            0.15646763145923615,
            -0.015307360328733921,
            0.004552025347948074
        ],
        [
            0.09617320448160172,
            0.024937501177191734,
            0.022365905344486237
        ],
        [
            0.10278935730457306,
            0.03136810287833214,
            0.017959579825401306
        ],
        [
            0.1835741251707077,
            0.020171554759144783,
            -0.07448475062847137
        ],
        [
            0.1816747784614563,
            0.025673018768429756,
            -0.07324477285146713
        ],
        [
            0.17886604368686676,
            0.023029012605547905,
            -0.07125958800315857
        ],
        [
            0.18118439614772797,
            0.018092527985572815,
            -0.07325682789087296
        ],
        [
            0.08398044109344482,
            0.033533915877342224,
            0.008705474436283112
        ],
        [
            0.0774591714143753,
            0.029821638017892838,
            0.001992926001548767
        ],
        [
            0.0744716078042984,
            0.028864530846476555,
            0.008586399257183075
        ],
        [
            0.08112041652202606,
            0.030482729896903038,
            0.015026859939098358
        ],
        [
            0.08780418336391449,
            0.037516191601753235,
            0.0003603026270866394
        ],
        [
            0.0822497308254242,
            0.030901318415999413,
            -0.006875276565551758
        ],
        [
            0.1828346699476242,
            0.018077433109283447,
            -0.08714286237955093
        ],
        [
            0.18479840457439423,
            0.016521017998456955,
            -0.0826103687286377
        ],
        [
            0.18055333197116852,
            0.01395808532834053,
            -0.08262331038713455
        ],
        [
            0.17744876444339752,
            0.01578366756439209,
            -0.08643835783004761
        ],
        [
            0.15261098742485046,
            0.0017684180056676269,
            -0.037381190806627274
        ],
        [
            0.14641423523426056,
            0.007993778213858604,
            -0.033712975680828094
        ],
        [
            0.15849992632865906,
            0.006682794075459242,
            -0.053017474710941315
        ],
        [
            0.15255647897720337,
            0.007900935597717762,
            -0.046016890555620193
        ],
        [
            0.1547597348690033,
            0.0009818794205784798,
            -0.04640946537256241
        ],
        [
            0.15842263400554657,
            0.0003651848528534174,
            -0.053232382982969284
        ],
        [
            0.1379263699054718,
            0.025476012378931046,
            -0.039140380918979645
        ],
        [
            0.1322973072528839,
            0.02198122628033161,
            -0.02952137589454651
        ],
        [
            0.1362573802471161,
            0.01715066283941269,
            -0.03198254853487015
        ],
        [
            0.14368467032909393,
            0.019753646105527878,
            -0.04219953715801239
        ],
        [
            0.1271233856678009,
            0.03418336808681488,
            -0.024448804557323456
        ],
        [
            0.13263018429279327,
            0.036449234932661057,
            -0.03460148349404335
        ],
        [
            0.1289168745279312,
            0.04304162412881851,
            -0.030506957322359085
        ],
        [
            0.12651078402996063,
            0.040585555136203766,
            -0.023454472422599792
        ],
        [
            0.1427086889743805,
            0.03673763945698738,
            -0.052335646003484726
        ],
        [
            0.1452219933271408,
            0.03755122050642967,
            -0.05754200369119644
        ],
        [
            0.14502424001693726,
            0.041378241032361984,
            -0.05605475232005119
        ],
        [
            0.14091399312019348,
            0.03963387385010719,
            -0.050830088555812836
        ],
        [
            0.0708480030298233,
            0.02716699428856373,
            0.014470458030700684
        ],
        [
            0.07844101637601852,
            0.026686495169997215,
            0.020677119493484497
        ],
        [
            0.1021474301815033,
            0.050712138414382935,
            -0.03749140724539757
        ],
        [
            0.10278621315956116,
            0.05570339038968086,
            -0.02742917463183403
        ],
        [
            0.10895425826311111,
            0.06284619122743607,
            -0.037369340658187866
        ],
        [
            0.10613922029733658,
            0.05560922995209694,
            -0.04649582505226135
        ],
        [
            0.07563257217407227,
            0.022208476439118385,
            -0.004791252315044403
        ],
        [
            0.07089830935001373,
            0.02277950756251812,
            0.0014507025480270386
        ],
        [
            0.17976877093315125,
            0.02277662232518196,
            -0.08976516127586365
        ],
        [
            0.1742456704378128,
            0.0206132959574461,
            -0.08811550587415695
        ],
        [
            0.13251346349716187,
            -0.02630538120865822,
            0.0023448914289474487
        ],
        [
            0.15374258160591125,
            -0.022302858531475067,
            -0.0017039850354194641
        ],
        [
            0.1167791560292244,
            -0.026814304292201996,
            0.00551314651966095
        ],
        [
            0.1059604287147522,
            -0.02603950724005699,
            0.007602401077747345
        ],
        [
            0.09809911251068115,
            -0.026815544813871384,
            0.011708691716194153
        ],
        [
            0.15184196829795837,
            0.014103413559496403,
            -0.04842352867126465
        ],
        [
            0.13887523114681244,
            0.012159589678049088,
            -0.02968740090727806
        ],
        [
            0.12673982977867126,
            0.020657867193222046,
            -0.018577035516500473
        ],
        [
            0.1188594326376915,
            0.04941387474536896,
            -0.010424759238958359
        ],
        [
            0.11459437012672424,
            0.045982204377651215,
            -0.0015009641647338867
        ],
        [
            0.12113016843795776,
            0.03870968520641327,
            -0.005942381918430328
        ],
        [
            0.12303977459669113,
            0.04306410998106003,
            -0.01321086660027504
        ],
        [
            0.10951699316501617,
            0.059231434017419815,
            -0.020945966243743896
        ],
        [
            0.1172226071357727,
            0.057237640023231506,
            -0.01926291733980179
        ],
        [
            0.12024383246898651,
            0.06040897220373154,
            -0.026579242199659348
        ],
        [
            0.11381150782108307,
            0.0638074204325676,
            -0.02970556914806366
        ],
        [
            0.16629637777805328,
            -0.017476988956332207,
            -0.01952941343188286
        ],
        [
            0.1503130942583084,
            -0.02286456525325775,
            -0.021450072526931763
        ],
        [
            0.09246470034122467,
            0.033985357731580734,
            0.0150347501039505
        ],
        [
            0.08971172571182251,
            0.02875199355185032,
            0.020153850317001343
        ],
        [
            0.08438446372747421,
            0.02420393005013466,
            0.025012053549289703
        ],
        [
            0.1194974035024643,
            0.0168205164372921,
            0.0023690685629844666
        ],
        [
            0.1136728972196579,
            0.012183191254734993,
            0.01457279920578003
        ],
        [
            0.11597390472888947,
            0.008755042217671871,
            0.013327285647392273
        ],
        [
            0.12011498957872391,
            0.01389258075505495,
            0.00024691224098205566
        ],
        [
            0.13336223363876343,
            0.00750371627509594,
            -0.005099073052406311
        ],
        [
            0.1296525001525879,
            0.004699932411313057,
            0.0074038878083229065
        ],
        [
            0.14444687962532043,
            0.007381103001534939,
            -0.006445400416851044
        ],
        [
            0.10685607045888901,
            0.0007528681308031082,
            0.021405987441539764
        ],
        [
            0.09906791895627975,
            0.004138344898819923,
            0.028428368270397186
        ],
        [
            0.10125407576560974,
            -0.004383379593491554,
            0.02711264044046402
        ],
        [
            0.09441590309143066,
            0.012764226645231247,
            0.028705954551696777
        ],
        [
            0.08941255509853363,
            0.020073669031262398,
            0.027726158499717712
        ],
        [
            0.0639689490199089,
            0.021772019565105438,
            0.0063431039452552795
        ],
        [
            0.10268500447273254,
            -0.012139614671468735,
            0.024335898458957672
        ],
        [
            0.16538512706756592,
            0.0005934301298111677,
            -0.0003720708191394806
        ],
        [
            0.1738898605108261,
            -0.001591341570019722,
            -0.002594567835330963
        ],
        [
            0.17138080298900604,
            0.0021416693925857544,
            -0.008552014827728271
        ],
        [
            0.1633388251066208,
            0.004122489131987095,
            -0.007442500442266464
        ],
        [
            0.15372678637504578,
            -0.005931060295552015,
            -0.06357288360595703
        ],
        [
            0.1580657809972763,
            -0.003767483402043581,
            -0.05763138830661774
        ],
        [
            0.1550615429878235,
            -0.005760639905929565,
            -0.04873543232679367
        ],
        [
            0.1164497584104538,
            0.028760291635990143,
            0.008223362267017365
        ],
        [
            0.1077655479311943,
            0.03764220327138901,
            0.010624028742313385
        ],
        [
            0.1577266901731491,
            0.012773701921105385,
            -0.05554955452680588
        ],
        [
            0.17281480133533478,
            0.013547203503549099,
            -0.08588141202926636
        ],
        [
            0.17636066675186157,
            0.011260132305324078,
            -0.08169124275445938
        ],
        [
            0.1634518951177597,
            0.0017072645714506507,
            -0.07322262972593307
        ],
        [
            0.1596120297908783,
            0.004316781181842089,
            -0.07831867039203644
        ],
        [
            0.156997412443161,
            0.018589533865451813,
            -0.0646161288022995
        ],
        [
            0.1596023440361023,
            0.014633281156420708,
            -0.059447672218084335
        ],
        [
            0.16013512015342712,
            0.016131220385432243,
            -0.061735108494758606
        ],
        [
            0.15842121839523315,
            0.021196400746703148,
            -0.06556103378534317
        ],
        [
            0.14003406465053558,
            0.04702282324433327,
            -0.050570860505104065
        ],
        [
            0.13669203221797943,
            0.04536082595586777,
            -0.04596170037984848
        ],
        [
            0.13603299856185913,
            0.013120884075760841,
            -0.07027261704206467
        ],
        [
            0.13823844492435455,
            -0.0002010175958275795,
            -0.07118101418018341
        ],
        [
            0.13287964463233948,
            -0.003935854882001877,
            -0.06086849793791771
        ],
        [
            0.13426892459392548,
            0.03129690885543823,
            -0.03617022931575775
        ],
        [
            0.1389675736427307,
            0.035024892538785934,
            -0.04458598792552948
        ],
        [
            0.13697996735572815,
            0.03839431330561638,
            -0.04323462024331093
        ],
        [
            0.15176624059677124,
            0.01781751774251461,
            -0.05149957537651062
        ],
        [
            0.15553294122219086,
            0.01799638196825981,
            -0.05780469998717308
        ],
        [
            0.15178784728050232,
            0.02113276906311512,
            -0.05617118626832962
        ],
        [
            0.14815637469291687,
            0.021629169583320618,
            -0.04980987682938576
        ],
        [
            0.09627220034599304,
            0.049347490072250366,
            -0.017590753734111786
        ],
        [
            0.10414274036884308,
            0.05395442619919777,
            -0.010241981595754623
        ],
        [
            0.18490064144134521,
            0.017078083008527756,
            -0.07793952524662018
        ],
        [
            0.18176589906215668,
            0.014735599979758263,
            -0.07750000804662704
        ],
        [
            0.12888498604297638,
            0.02775779739022255,
            -0.026772160083055496
        ],
        [
            0.12611865997314453,
            -0.007197641767561436,
            -0.048194389790296555
        ],
        [
            0.12448624521493912,
            0.025309208780527115,
            -0.016576360911130905
        ],
        [
            0.12132604420185089,
            0.050137635320425034,
            -0.05720250681042671
        ],
        [
            0.1266953945159912,
            0.05480201914906502,
            -0.0520758330821991
        ],
        [
            0.13103526830673218,
            0.055711764842271805,
            -0.05393960326910019
        ],
        [
            0.1288217306137085,
            0.053781427443027496,
            -0.05931542068719864
        ],
        [
            0.1684037297964096,
            0.028704814612865448,
            -0.07373663038015366
        ],
        [
            0.1724255084991455,
            0.026359539479017258,
            -0.07031898200511932
        ],
        [
            0.17557737231254578,
            0.028279373422265053,
            -0.07214413583278656
        ],
        [
            0.17239493131637573,
            0.03102858178317547,
            -0.07624588161706924
        ],
        [
            0.16159015893936157,
            0.00927684735506773,
            -0.05802827328443527
        ],
        [
            0.16235019266605377,
            0.002955750562250614,
            -0.0587216317653656
        ],
        [
            0.16578534245491028,
            0.006729362066835165,
            -0.06247779726982117
        ],
        [
            0.1634151041507721,
            0.012129789218306541,
            -0.06156995892524719
        ],
        [
            0.16149891912937164,
            -0.0007899622432887554,
            -0.063775934278965
        ],
        [
            0.1654413789510727,
            0.002587576862424612,
            -0.06728210300207138
        ],
        [
            0.1656874120235443,
            0.028063246980309486,
            -0.07955297082662582
        ],
        [
            0.16596080362796783,
            0.02350992150604725,
            -0.08548621088266373
        ],
        [
            0.15330810844898224,
            0.016577020287513733,
            -0.07831168919801712
        ],
        [
            0.15614823997020721,
            0.02169172465801239,
            -0.07287867367267609
        ],
        [
            0.09156668931245804,
            0.020640727132558823,
            -0.026355214416980743
        ],
        [
            0.0889001116156578,
            0.030146662145853043,
            -0.021170560270547867
        ],
        [
            0.09748388081789017,
            0.03679904714226723,
            -0.031946055591106415
        ],
        [
            0.10487747192382812,
            0.04387744888663292,
            -0.04347624257206917
        ],
        [
            0.11304183304309845,
            0.04943966865539551,
            -0.05389854311943054
        ],
        [
            0.11480075865983963,
            0.03941596671938896,
            -0.06073573976755142
        ],
        [
            0.09534715116024017,
            0.04287077486515045,
            -0.0267687626183033
        ],
        [
            0.1495218575000763,
            0.019395966082811356,
            -0.0687253400683403
        ],
        [
            0.14516717195510864,
            0.012230195105075836,
            -0.07320430874824524
        ],
        [
            0.14394058287143707,
            0.017132749781012535,
            -0.07139930874109268
        ],
        [
            0.1232198178768158,
            0.03211646527051926,
            -0.013736594468355179
        ],
        [
            0.17825308442115784,
            0.011784817092120647,
            -0.07670706510543823
        ],
        [
            0.08838988840579987,
            -0.018675627186894417,
            -0.006259217858314514
        ],
        [
            0.08041074872016907,
            -0.008001688867807388,
            -0.008489586412906647
        ],
        [
            0.08697183430194855,
            -0.007243284955620766,
            -0.014360670000314713
        ],
        [
            0.09673576056957245,
            -0.01897677779197693,
            -0.011362466961145401
        ],
        [
            0.17642956972122192,
            0.02079729177057743,
            -0.06937552988529205
        ],
        [
            0.1786826252937317,
            0.015270492061972618,
            -0.07142571359872818
        ],
        [
            0.1349092721939087,
            0.051448289304971695,
            -0.04408811777830124
        ],
        [
            0.13780337572097778,
            0.05205649510025978,
            -0.04883001744747162
        ],
        [
            0.13579551875591278,
            0.055243656039237976,
            -0.04966063052415848
        ],
        [
            0.13444358110427856,
            0.05683791637420654,
            -0.04441758617758751
        ],
        [
            0.0875278115272522,
            0.034279197454452515,
            -0.017053131014108658
        ],
        [
            0.1167527362704277,
            0.0673530325293541,
            -0.040800515562295914
        ],
        [
            0.11335387080907822,
            0.06053103134036064,
            -0.04967986047267914
        ],
        [
            0.08150660991668701,
            0.024029435589909554,
            -0.012112576514482498
        ],
        [
            0.08320942521095276,
            0.015676148235797882,
            -0.016901005059480667
        ],
        [
            0.07697315514087677,
            0.012663520872592926,
            -0.00998707115650177
        ],
        [
            0.1258893758058548,
            0.03124772571027279,
            -0.06728390604257584
        ],
        [
            0.09543834626674652,
            0.014451459050178528,
            -0.031063709408044815
        ],
        [
            0.08673079311847687,
            0.009783649817109108,
            -0.020315371453762054
        ],
        [
            0.07943685352802277,
            0.0059189219027757645,
            -0.01220984011888504
        ],
        [
            0.07351972162723541,
            0.003711322322487831,
            -0.006708778440952301
        ],
        [
            0.07152736186981201,
            0.011351816356182098,
            -0.004739575088024139
        ],
        [
            0.16908589005470276,
            0.018572725355625153,
            -0.08685276657342911
        ],
        [
            0.17131607234477997,
            0.02673213556408882,
            -0.08745401352643967
        ],
        [
            0.0640030950307846,
            0.009957589209079742,
            0.00021217763423919678
        ],
        [
            0.0670691579580307,
            0.0014297552406787872,
            -0.0017561018466949463
        ],
        [
            0.09130661189556122,
            0.002262074500322342,
            -0.023071441799402237
        ],
        [
            0.09816598892211914,
            -0.006913268938660622,
            -0.02522972598671913
        ],
        [
            0.09971798956394196,
            0.007129047065973282,
            -0.03321328014135361
        ],
        [
            0.10694250464439392,
            -0.0015308670699596405,
            -0.036356404423713684
        ],
        [
            0.1248403862118721,
            0.020915260538458824,
            -0.07140081375837326
        ],
        [
            0.18692535161972046,
            0.037559375166893005,
            -0.08720662444829941
        ],
        [
            0.17637240886688232,
            0.03320642560720444,
            -0.0854150727391243
        ],
        [
            0.1767093539237976,
            0.03353559225797653,
            -0.07959692925214767
        ],
        [
            0.18565930426120758,
            0.038926854729652405,
            -0.08324502408504486
        ],
        [
            0.1706283837556839,
            0.030696045607328415,
            -0.08187215030193329
        ],
        [
            0.1770566701889038,
            0.02896617352962494,
            -0.08915358036756516
        ],
        [
            0.11837582290172577,
            -0.012265877798199654,
            -0.03534652665257454
        ],
        [
            0.15453410148620605,
            0.021886197850108147,
            -0.062024056911468506
        ],
        [
            0.11181245744228363,
            -0.019257348030805588,
            -0.020951535552740097
        ],
        [
            0.135415717959404,
            -0.019888531416654587,
            -0.03512284904718399
        ],
        [
            0.13199493288993835,
            -0.024343082681298256,
            -0.022696197032928467
        ],
        [
            0.10661791265010834,
            -0.026656460016965866,
            -0.005219586193561554
        ],
        [
            0.12400010973215103,
            -0.028849057853221893,
            -0.008689511567354202
        ],
        [
            0.09046314656734467,
            -0.025668656453490257,
            0.00399385392665863
        ],
        [
            0.09747132658958435,
            -0.02513704262673855,
            -0.0015459507703781128
        ],
        [
            0.14250372350215912,
