{
    "pred_cam": [
        9.170890808105469,
        0.09068252891302109,
        -0.048158198595047
    ],
    "pred_mano_params": {
        "global_orient": [
            [
                [
                    0.4401165544986725,
                    -0.8109613060951233,
                    -0.3855375349521637
                ],
                [
                    -0.6429880857467651,
                    0.01507728174328804,
                    -0.7657277584075928
                ],
                [
                    0.6267884373664856,
                    0.5849055051803589,
                    -0.5148026943206787
                ]
            ]
        ],
        "hand_pose": [
            [
                [
                    0.807380735874176,
                    -0.5773181319236755,
                    -0.12182006239891052
                ],
                [
                    0.5535057187080383,
                    0.8125959634780884,
                    -0.18253564834594727
                ],
                [
                    0.2043716162443161,
                    0.07994766533374786,
                    0.9756231904029846
                ]
            ],
            [
                [
                    0.8281772136688232,
                    -0.560434877872467,
                    0.005940788891166449
                ],
                [
                    0.5266530513763428,
                    0.7745429873466492,
                    -0.35031387209892273
                ],
                [
                    0.1917267143726349,
                    0.2932506799697876,
                    0.9366136193275452
                ]
            ],
            [
                [
                    0.7958772778511047,
                    -0.6037245392799377,
                    -0.04578308388590813
                ],
                [
                    0.6048746109008789,
                    0.7961527109146118,
                    0.01635783724486828
                ],
                [
                    0.026574701070785522,
                    -0.04071184992790222,
                    0.998817503452301
                ]
            ],
            [
                [
                    0.6087384819984436,
                    -0.7165669798851013,
                    -0.34054258465766907
                ],
                [
                    0.6636497378349304,
                    0.6951218843460083,
                    -0.2763596773147583
                ],
                [
                    0.4347487986087799,
                    -0.05777020379900932,
                    0.8986969590187073
                ]
            ],
            [
                [
                    0.7675561308860779,
                    -0.5973962545394897,
                    -0.23232604563236237
                ],
                [
                    0.6382147073745728,
                    0.7459179162979126,
                    0.19049522280693054
                ],
                [
                    0.059495046734809875,
                    -0.29448965191841125,
                    0.9538009166717529
                ]
            ],
            [
                [
                    0.7542886734008789,
                    -0.6547315716743469,
                    0.048735424876213074
                ],
                [
                    0.6544588208198547,
                    0.7557297945022583,
                    0.023581434041261673
                ],
                [
                    -0.052270323038101196,
                    0.014108121395111084,
                    0.9985332489013672
                ]
            ],
            [
                [
                    0.10851480811834335,
                    -0.9575242400169373,
                    -0.26715511083602905
                ],
                [
                    0.9510219693183899,
                    0.021744180470705032,
                    0.30835768580436707
                ],
                [
                    -0.28945088386535645,
                    -0.2875317335128784,
                    0.912986159324646
                ]
            ],
            [
                [
                    0.9322353005409241,
                    -0.3431416153907776,
                    -0.11485274881124496
                ],
                [
                    0.3585243225097656,
                    0.9188495874404907,
                    0.16485077142715454
                ],
                [
                    0.048965245485305786,
                    -0.19485722482204437,
                    0.9796086549758911
                ]
            ],
            [
                [
                    0.9942973256111145,
                    -0.06052161753177643,
                    0.08780576288700104
                ],
                [
                    0.033722929656505585,
                    0.9595494270324707,
                    0.27951323986053467
                ],
                [
                    -0.10117056965827942,
                    -0.27495822310447693,
                    0.9561184048652649
                ]
            ],
            [
                [
                    0.35489535331726074,
                    -0.927459716796875,
                    -0.11776147037744522
                ],
                [
                    0.9016107320785522,
                    0.3728465139865875,
                    -0.21927966177463531
                ],
                [
                    0.24728001654148102,
                    -0.028353676199913025,
                    0.9685291051864624
                ]
            ],
            [
                [
                    0.8835325837135315,
                    -0.4504430294036865,
                    -0.12834052741527557
                ],
                [
                    0.4604366421699524,
                    0.7851042747497559,
                    0.41425764560699463
                ],
                [
                    -0.08583876490592957,
                    -0.4251028001308441,
                    0.9010657072067261
                ]
            ],
            [
                [
                    0.8020762205123901,
                    -0.5937574505805969,
                    0.06423323601484299
                ],
                [
                    0.5755161643028259,
                    0.7971743941307068,
                    0.18246698379516602
                ],
                [
                    -0.15954622626304626,
                    -0.10938515514135361,
                    0.9811116456985474
                ]
            ],
            [
                [
                    0.9632365703582764,
                    0.23784194886684418,
                    -0.12492607533931732
                ],
                [
                    -0.26546600461006165,
                    0.7712082862854004,
                    -0.5785893797874451
                ],
                [
                    -0.04126879945397377,
                    0.5904820561408997,
                    0.805994987487793
                ]
            ],
            [
                [
                    0.932668149471283,
                    -0.32872095704078674,
                    -0.14856822788715363
                ],
                [
                    0.3594219386577606,
                    0.8116888999938965,
                    0.46040958166122437
                ],
                [
                    -0.03075512871146202,
                    -0.48280811309814453,
                    0.8751859068870544
                ]
            ],
            [
                [
                    0.9954228401184082,
                    0.09109118580818176,
                    0.028908072039484978
                ],
                [
                    -0.07353053987026215,
                    0.9232205152511597,
                    -0.3771699368953705
                ],
                [
                    -0.06104537844657898,
                    0.37331798672676086,
                    0.9256927967071533
                ]
            ]
        ],
        "betas": [
            0.07057861983776093,
            0.08003577589988708,
            0.020504921674728394,
            0.020437389612197876,
            0.025295495986938477,
            -0.02104620262980461,
            0.049032360315322876,
            -0.11735403537750244,
            -0.009327620267868042,
            -0.10069313645362854
        ]
    },
    "pred_cam_t": [
        -0.09068252891302109,
        -0.048158198595047,
        4.259400844573975
    ],
    "focal_length": [
        5000.0,
        5000.0
    ],
    "pred_keypoints_3d": [
        [
            0.0953860953450203,
            0.006347188260406256,
            0.006145926658064127
        ],
        [
            0.0874646008014679,
            0.0018698913045227528,
            -0.031234396621584892
        ],
        [
            0.07644852250814438,
            0.00012693880125880241,
            -0.059815458953380585
        ],
        [
            0.06853701174259186,
            0.007293740753084421,
            -0.08463238179683685
        ],
        [
            0.05983631685376167,
            0.011449791491031647,
            -0.11921589821577072
        ],
        [
            0.052953314036130905,
            0.04696490988135338,
            -0.06265247613191605
        ],
        [
            0.05413198098540306,
            0.06854347884654999,
            -0.08747395128011703
        ],
        [
            0.07035670429468155,
            0.07936607301235199,
            -0.09785523265600204
        ],
        [
            0.09469296038150787,
            0.08441272377967834,
            -0.09944639354944229
        ],
        [
            0.0562516525387764,
            0.06959375739097595,
            -0.05217573046684265
        ],
        [
            0.06971368193626404,
            0.09538987278938293,
            -0.06444597244262695
        ],
        [
            0.09182854741811752,
            0.10057555139064789,
            -0.0688965767621994
        ],
        [
            0.11553287506103516,
            0.09299451112747192,
            -0.07291974872350693
        ],
        [
            0.07292860746383667,
            0.07905369251966476,
            -0.03357948735356331
        ],
        [
            0.09158004075288773,
            0.09513148665428162,
            -0.04829736426472664
        ],
        [
            0.11596469581127167,
            0.09606115520000458,
            -0.05187903344631195
        ],
        [
            0.1385505199432373,
            0.0859401747584343,
            -0.05529399216175079
        ],
        [
            0.08986321091651917,
            0.08325786143541336,
            -0.020518537610769272
        ],
        [
            0.1091393530368805,
            0.086959607899189,
            -0.027954431250691414
        ],
        [
            0.12757936120033264,
            0.083686463534832,
            -0.029853884130716324
        ],
        [
            0.1467181146144867,
            0.07739012688398361,
            -0.03374774008989334
        ]
    ],
    "pred_vertices": [
        [
            0.0807376503944397,
            0.025562237948179245,
            -0.04350051283836365
        ],
        [
            0.08699251711368561,
            0.019490240141749382,
            -0.03829316049814224
        ],
        [
            0.08348202705383301,
            0.018209312111139297,
            -0.0489981584250927
        ],
        [
            0.0774502158164978,
            0.0234886072576046,
            -0.05284225940704346
        ],
        [
            0.09945773333311081,
            0.004637204110622406,
            -0.04497296363115311
        ],
        [
            0.09974981844425201,
            -0.0075284019112586975,
            -0.04422643408179283
        ],
        [
            0.09212866425514221,
            -0.004407363012433052,
            -0.05933506786823273
        ],
        [
            0.0937260240316391,
            0.0054273344576358795,
            -0.058449938893318176
        ],
        [
            0.07243038713932037,
            0.021413082256913185,
            -0.05970725417137146
        ],
        [
            0.08042219281196594,
            0.017204491421580315,
            -0.057376109063625336
        ],
        [
            0.06721164286136627,
            0.01800106093287468,
            -0.06026941165328026
        ],
        [
            0.05650007352232933,
            0.02265789732336998,
            -0.05922587215900421
        ],
        [
            0.06394277513027191,
            0.025622982531785965,
            -0.0607115775346756
        ],
        [
            0.05092647299170494,
            0.028516732156276703,
            -0.06062135472893715
        ],
        [
            0.05177142471075058,
            0.0177154578268528,
            -0.05000121518969536
        ],
        [
            0.0448676235973835,
            0.031065598130226135,
            -0.05354231595993042
        ],
        [
            0.05376539006829262,
            0.032539233565330505,
            -0.025150511413812637
        ],
        [
            0.059704411774873734,
            0.040375180542469025,
            -0.015918679535388947
        ],
        [
            0.053118545562028885,
            0.05312886834144592,
            -0.026124892756342888
        ],
        [
            0.04856395721435547,
            0.04383043199777603,
            -0.035109616816043854
        ],
        [
            0.06724072247743607,
            0.060256510972976685,
            -0.012376680970191956
        ],
        [
            0.05912886559963226,
            0.056968703866004944,
            -0.02049368992447853
        ],
        [
            0.06476998329162598,
            0.04420754313468933,
            -0.009511075913906097
        ],
        [
            0.07203131914138794,
            0.04752629995346069,
            -0.0030737929046154022
        ],
        [
            0.08781802654266357,
            0.030544959008693695,
            -0.029416045174002647
        ],
        [
            0.09385456144809723,
            0.02434324473142624,
            -0.02308625355362892
        ],
        [
            0.09064415842294693,
            0.022319357842206955,
            -0.027657117694616318
        ],
        [
            0.08513444662094116,
            0.028042420744895935,
            -0.03366618603467941
        ],
        [
            0.06443721055984497,
            0.007242584601044655,
            -0.06299464404582977
        ],
        [
            0.061430562287569046,
            0.004388762637972832,
            -0.05335196480154991
        ],
        [
            0.06170564144849777,
            0.012005459517240524,
            -0.05651041120290756
        ],
        [
            0.0677805170416832,
            0.011541023850440979,
            -0.06481228768825531
        ],
        [
            0.11493874341249466,
            0.013719432055950165,
            -0.0062947459518909454
        ],
        [
            0.11440184712409973,
            0.0043410733342170715,
            0.0033950991928577423
        ],
        [
            0.11147154867649078,
            0.00039080530405044556,
            0.00022118166089057922
        ],
        [
            0.11223626136779785,
            0.010029871016740799,
            -0.007738072425127029
        ],
        [
            0.10463616251945496,
            -0.010290056467056274,
            -0.019865870475769043
        ],
        [
            0.1032325029373169,
            -0.012824811041355133,
            -0.008999571204185486
        ],
        [
            0.09417617321014404,
            -0.023045670241117477,
            -0.005630239844322205
        ],
        [
            0.09208866953849792,
            -0.020536743104457855,
            -0.015395570546388626
        ],
        [
            0.1033255010843277,
            -0.008766204118728638,
            -0.03257932513952255
        ],
        [
            0.09417420625686646,
            -0.01887504756450653,
            -0.02877739816904068
        ],
        [
            0.09233339130878448,
            -0.016088679432868958,
            -0.04162270575761795
        ],
        [
            0.08605994284152985,
            -0.01141553744673729,
            -0.057340823113918304
        ],
        [
            0.11829107999801636,
            0.01305428147315979,
            0.011965800076723099
        ],
        [
            0.11978426575660706,
            0.02107923850417137,
            0.005881316959857941
        ],
        [
            0.0651806965470314,
            0.06250239908695221,
            -0.09119348973035812
        ],
        [
            0.06724026799201965,
            0.06649351119995117,
            -0.08710918575525284
        ],
        [
            0.06629139184951782,
            0.06266830116510391,
            -0.08481977880001068
        ],
        [
            0.0639927089214325,
            0.059599749743938446,
            -0.08901401609182358
        ],
        [
            0.10861674696207047,
            0.027249939739704132,
            0.02274063229560852
        ],
        [
            0.09953512251377106,
            0.02752874791622162,
            0.027100741863250732
        ],
        [
            0.10365273058414459,
            0.022993750870227814,
            0.03104722872376442
        ],
        [
            0.11146005988121033,
            0.021132513880729675,
            0.026143178343772888
        ],
        [
            0.10484418272972107,
            0.03528643772006035,
            0.0181950181722641
        ],
        [
            0.09408583492040634,
            0.03348727524280548,
            0.021008342504501343
        ],
        [
            0.054296210408210754,
            0.06702424585819244,
            -0.09599214047193527
        ],
        [
            0.058156706392765045,
            0.0635402724146843,
            -0.09657664597034454
        ],
        [
            0.05478234589099884,
            0.06081695109605789,
            -0.09333819895982742
        ],
        [
            0.05074882134795189,
            0.06410813331604004,
            -0.09140218049287796
        ],
        [
            0.07095282524824142,
            0.02832811139523983,
            -0.05715513974428177
        ],
        [
            0.07640336453914642,
            0.03139970451593399,
            -0.04969726502895355
        ],
        [
            0.06397557258605957,
            0.04158598557114601,
            -0.06477843225002289
        ],
        [
            0.06820273399353027,
            0.03839007765054703,
            -0.058143891394138336
        ],
        [
            0.06460044533014297,
            0.032894525676965714,
            -0.06120011955499649
        ],
        [
            0.06050553917884827,
            0.036208175122737885,
            -0.06593284010887146
        ],
        [
            0.0793180912733078,
            0.0486624613404274,
            -0.03990219533443451
        ],
        [
            0.08390101045370102,
            0.04029577225446701,
            -0.03327851742506027
        ],
        [
            0.08037105202674866,
            0.037772152572870255,
            -0.03829869255423546
        ],
        [
            0.07534097135066986,
            0.04580473527312279,
            -0.04702909663319588
        ],
        [
            0.09306889772415161,
            0.047418560832738876,
            -0.02515801601111889
        ],
        [
            0.0873609110713005,
            0.05501781404018402,
            -0.03195320814847946
        ],
        [
            0.09319590032100677,
            0.057955119758844376,
            -0.026393672451376915
        ],
        [
            0.09706412255764008,
            0.05210433900356293,
            -0.0232306607067585
        ],
        [
            0.07559502124786377,
            0.06523456424474716,
            -0.04527564346790314
        ],
        [
            0.07231210917234421,
            0.06904815882444382,
            -0.047951847314834595
        ],
        [
            0.07671871781349182,
            0.07188170403242111,
            -0.04684794694185257
        ],
        [
            0.07803724706172943,
            0.06676340103149414,
            -0.04282601550221443
        ],
        [
            0.10666272044181824,
            0.01822695881128311,
            0.03535578399896622
        ],
        [
            0.11342747509479523,
            0.014773882925510406,
            0.029130108654499054
        ],
        [
            0.08456815034151077,
            0.06773148477077484,
            -0.0005791559815406799
        ],
        [
            0.09542543441057205,
            0.06599164754152298,
            0.001560855656862259
        ],
        [
            0.09308309108018875,
            0.07691550254821777,
            -0.004923859611153603
        ],
        [
            0.08080355077981949,
            0.07702931761741638,
            -0.005304766818881035
        ],
        [
            0.08956696093082428,
            0.02481478825211525,
            0.026271581649780273
        ],
        [
            0.09374941885471344,
            0.021670639514923096,
            0.032099977135658264
        ],
        [
            0.05237240344285965,
            0.07210532575845718,
            -0.09262968599796295
        ],
        [
            0.04960107058286667,
            0.0690123662352562,
            -0.08781817555427551
        ],
        [
            0.08124175667762756,
            -0.018497344106435776,
            -0.03427731618285179
        ],
        [
            0.07774966955184937,
            -0.013757962733507156,
            -0.05348886922001839
        ],
        [
            0.08245556801557541,
            -0.020273424685001373,
            -0.01916356384754181
        ],
        [
            0.08249656856060028,
            -0.020961910486221313,
            -0.008363291621208191
        ],
        [
            0.08335091918706894,
            -0.02429824322462082,
            -0.00035419315099716187
        ],
        [
            0.06934250146150589,
            0.044970303773880005,
            -0.05682774633169174
        ],
        [
            0.08021575212478638,
            0.03244473785161972,
            -0.041075997054576874
        ],
        [
            0.09073822945356369,
            0.03302009776234627,
            -0.0260601993650198
        ],
        [
            0.11033231019973755,
            0.05205551162362099,
            -0.01181517168879509
        ],
        [
            0.11467096954584122,
            0.04428456351161003,
            -0.006636958569288254
        ],
        [
            0.10896999388933182,
            0.04089009016752243,
            -0.01507287472486496
        ],
        [
            0.105829156935215,
            0.04846655949950218,
            -0.017502138391137123
        ],
        [
            0.1044524684548378,
            0.06544648110866547,
            -0.00302332267165184
        ],
        [
            0.1068379282951355,
            0.06300433725118637,
            -0.0103721022605896
        ],
        [
            0.10348895937204361,
            0.06874498724937439,
            -0.013962240889668465
        ],
        [
            0.10095883160829544,
            0.07328718900680542,
            -0.00780569389462471
        ],
        [
            0.06303371489048004,
            -0.00027925148606300354,
            -0.06380265951156616
        ],
        [
            0.06262462586164474,
            -0.003130510449409485,
            -0.05138220638036728
        ],
        [
            0.11611365526914597,
            0.024496763944625854,
            0.015788044780492783
        ],
        [
            0.11683887243270874,
            0.017221525311470032,
            0.018480494618415833
        ],
        [
            0.11714605987071991,
            0.010563015937805176,
            0.023760579526424408
        ],
        [
            0.10467369854450226,
            0.01819980889558792,
            -0.015827909111976624
        ],
        [
            0.11055678129196167,
            0.007442191243171692,
            -0.00890149176120758
        ],
        [
            0.10888563096523285,
            0.005139205604791641,
            -0.012472208589315414
        ],
        [
            0.10229946672916412,
            0.016924772411584854,
            -0.01749342679977417
        ],
        [
            0.09619596600532532,
            0.01411677710711956,
            -0.03458213806152344
        ],
        [
            0.10441197454929352,
            0.004149284213781357,
            -0.030229393392801285
        ],
        [
            0.09227621555328369,
            0.014440642669796944,
            -0.04701461270451546
        ],
        [
            0.1081816628575325,
            -0.006208248436450958,
            -0.0030436888337135315
        ],
        [
            0.11327661573886871,
            -0.007484324276447296,
            0.006638415157794952
        ],
        [
            0.10842861235141754,
            -0.013829931616783142,
            0.002770252525806427
        ],
        [
            0.11678402125835419,
            -0.0006313621997833252,
            0.012719422578811646
        ],
        [
            0.11846783757209778,
            0.005813807249069214,
            0.018673233687877655
        ],
        [
            0.09548415243625641,
            0.017872415482997894,
            0.039525147527456284
        ],
        [
            0.10239647328853607,
            -0.01875694841146469,
            -0.00040574371814727783
        ],
        [
            0.0882425308227539,
            0.0052583348006010056,
            -0.06673362106084824
        ],
        [
            0.08336372673511505,
            0.005205795168876648,
            -0.07346244156360626
        ],
        [
            0.08033019304275513,
            0.011495161801576614,
            -0.07062283158302307
        ],
        [
            0.084255650639534,
            0.012099016457796097,
            -0.0642000362277031
        ],
        [
            0.047030530869960785,
            0.03567309305071831,
            -0.06481819599866867
        ],
        [
            0.05456650257110596,
            0.03475630283355713,
            -0.06720872968435287
        ],
        [
            0.05828653648495674,
            0.028299249708652496,
            -0.06258606165647507
        ],
        [
            0.11406336724758148,
            0.024740971624851227,
            -0.009594667702913284
        ],
        [
            0.11842649430036545,
            0.030503898859024048,
            0.0007915273308753967
        ],
        [
            0.06466829776763916,
            0.04814127832651138,
            -0.06345920264720917
        ],
        [
            0.04775295779109001,
            0.06184181943535805,
            -0.08743766695261002
        ],
        [
            0.05167144164443016,
            0.05763748660683632,
            -0.08957767486572266
        ],
        [
            0.04835940897464752,
            0.04610816761851311,
            -0.07611169666051865
        ],
        [
            0.04385768249630928,
            0.05104263871908188,
            -0.07409632951021194
        ],
        [
            0.06023862212896347,
            0.058042414486408234,
            -0.06436990946531296
        ],
        [
            0.06336551159620285,
            0.05172114074230194,
            -0.06556038558483124
        ],
        [
            0.06257833540439606,
            0.053925521671772,
            -0.06643471121788025
        ],
        [
            0.06108126416802406,
            0.06031182408332825,
            -0.06545208394527435
        ],
        [
            0.08246065676212311,
            0.0727626159787178,
            -0.039802584797143936
        ],
        [
            0.08376125991344452,
            0.06824719905853271,
            -0.0368875116109848
        ],
        [
            0.047057293355464935,
            0.055378299206495285,
            -0.046963684260845184
        ],
        [
            0.03949320688843727,
            0.044757306575775146,
            -0.05137130990624428
        ],
        [
            0.04417569935321808,
            0.03567300736904144,
            -0.04313969239592552
        ],
        [
            0.0838351920247078,
            0.0517117977142334,
            -0.034784600138664246
        ],
        [
            0.08012592792510986,
            0.0595388263463974,
            -0.040337879210710526
        ],
        [
            0.08245977014303207,
            0.06144361570477486,
            -0.037551477551460266
        ],
        [
            0.06874801218509674,
            0.049756646156311035,
            -0.056764595210552216
        ],
        [
            0.06471017748117447,
            0.053780484944581985,
            -0.0613366961479187
        ],
        [
            0.06687434017658234,
            0.05505380034446716,
            -0.05749576538801193
        ],
        [
            0.0712975338101387,
            0.05171532928943634,
            -0.05251576378941536
        ],
        [
            0.09846584498882294,
            0.0552816316485405,
            0.008656788617372513
        ],
        [
            0.1089259535074234,
            0.055303849279880524,
            0.003250446170568466
        ],
        [
            0.06200259178876877,
            0.06173217296600342,
            -0.09468052536249161
        ],
        [
            0.0596776157617569,
            0.05888105928897858,
            -0.09213991463184357
        ],
        [
            0.08827626705169678,
            0.04344487190246582,
            -0.02843908779323101
        ],
        [
            0.05116421729326248,
            0.025775639340281487,
            -0.03413081169128418
        ],
        [
            0.09419763088226318,
            0.03570064902305603,
            -0.022716470062732697
        ],
        [
            0.07348054647445679,
            0.07822707295417786,
            -0.023662758991122246
        ],
        [
            0.08295007795095444,
            0.07928881794214249,
            -0.027067096903920174
        ],
        [
            0.0819907858967781,
            0.08108937740325928,
            -0.029584044590592384
        ],
        [
            0.07567250728607178,
            0.08245444297790527,
            -0.02917439490556717
        ],
        [
            0.06200055405497551,
            0.06963185220956802,
            -0.07574306428432465
        ],
        [
            0.06536450982093811,
            0.06573865562677383,
            -0.07862664759159088
        ],
        [
            0.06623228639364243,
            0.06746653467416763,
            -0.08085490763187408
        ],
        [
            0.06287068128585815,
            0.07181641459465027,
            -0.0787363052368164
        ],
        [
            0.06291396915912628,
            0.04624446853995323,
            -0.06780563294887543
        ],
        [
            0.05967949330806732,
            0.0410638153553009,
            -0.07004513591527939
        ],
        [
            0.06020442768931389,
            0.045629486441612244,
            -0.07339639216661453
        ],
        [
            0.06233397498726845,
            0.05014164745807648,
            -0.0699811726808548
        ],
        [
            0.05366970971226692,
            0.040002353489398956,
            -0.0714646577835083
        ],
        [
            0.05436607077717781,
            0.04405174404382706,
            -0.07555142045021057
        ],
        [
            0.055972885340452194,
            0.07190965116024017,
            -0.07558153569698334
        ],
        [
            0.04944991320371628,
            0.07070746272802353,
            -0.07910904288291931
        ],
        [
            0.0470004677772522,
            0.062358662486076355,
            -0.0662950649857521
        ],
        [
            0.05460021272301674,
            0.0643133595585823,
            -0.06600374728441238
        ],
        [
            0.07524452358484268,
            0.03594542667269707,
            0.006496842950582504
        ],
        [
            0.08369086682796478,
            0.04097452759742737,
            0.011748909950256348
        ],
        [
            0.08051320910453796,
            0.05284160375595093,
            0.0025611482560634613
        ],
        [
            0.07673823833465576,
            0.06540986150503159,
            -0.005765628069639206
        ],
        [
            0.07347384840250015,
            0.07611940056085587,
            -0.015110742300748825
        ],
        [
            0.06290142238140106,
            0.07136332988739014,
            -0.01975676417350769
        ],
        [
            0.08738549053668976,
            0.054963525384664536,
            0.006672210991382599
        ],
        [
            0.055853813886642456,
            0.06136949732899666,
            -0.0587976798415184
        ],
        [
            0.04669089615345001,
            0.05665302276611328,
            -0.057262517511844635
        ],
        [
            0.05087018758058548,
            0.06020813807845116,
            -0.05455482751131058
        ],
        [
            0.09971492737531662,
            0.03975921496748924,
            -0.019744351506233215
        ],
        [
            0.05654735490679741,
            0.05562789738178253,
            -0.08914543688297272
        ],
        [
            0.07054421305656433,
            -0.008002560585737228,
            0.007067032158374786
        ],
        [
            0.07202248275279999,
            0.001793093979358673,
            0.015874668955802917
        ],
        [
            0.06936135143041611,
            0.005902387201786041,
            0.008585724979639053
        ],
        [
            0.06847180426120758,
            -0.005068756639957428,
            -0.0015635713934898376
        ],
        [
            0.06539562344551086,
            0.060276977717876434,
            -0.08299285173416138
        ],
        [
            0.062330275774002075,
            0.056159891188144684,
            -0.08676764369010925
        ],
        [
            0.08813227713108063,
            0.07170544564723969,
            -0.0336589515209198
        ],
        [
            0.08574415743350983,
            0.0754840224981308,
            -0.036076515913009644
        ],
        [
            0.0866004079580307,
            0.07859109342098236,
            -0.03252198547124863
        ],
        [
            0.09121373295783997,
            0.07604660093784332,
            -0.031588006764650345
        ],
        [
            0.08888430148363113,
            0.04213130846619606,
            0.01458003744482994
        ],
        [
            0.09537710249423981,
            0.08186783641576767,
            -0.01108553633093834
        ],
        [
            0.08399689942598343,
            0.08286850154399872,
            -0.012397026643157005
        ],
        [
            0.08604416251182556,
            0.030584033578634262,
            0.019521810114383698
        ],
        [
            0.0782366544008255,
            0.02628841996192932,
            0.01550891250371933
        ],
        [
            0.08067619055509567,
            0.019756440073251724,
            0.02236783877015114
        ],
        [
            0.05647748336195946,
            0.06835059821605682,
            -0.033398643136024475
        ],
        [
            0.06918798387050629,
            0.03348106890916824,
            0.0007823482155799866
        ],
        [
            0.07329513877630234,
            0.02335471659898758,
            0.010434921830892563
        ],
        [
            0.0759928822517395,
            0.015415709465742111,
            0.018385909497737885
        ],
        [
            0.07778117805719376,
            0.01034431904554367,
            0.02480291947722435
        ],
        [
            0.08288939297199249,
            0.015564963221549988,
            0.02839900180697441
        ],
        [
            0.04753290116786957,
            0.06677036732435226,
            -0.083443783223629
        ],
        [
            0.05176661163568497,
            0.0738474577665329,
            -0.0833633616566658
        ],
        [
            0.08431297540664673,
            0.011403404176235199,
            0.03635118529200554
        ],
        [
            0.07902242243289948,
            0.005488090217113495,
            0.031578727066516876
        ],
        [
            0.0683237835764885,
            0.01874992623925209,
            0.004202339798212051
        ],
        [
            0.06367787718772888,
            0.012576594948768616,
            -0.0038407519459724426
        ],
        [
            0.06474783271551132,
            0.028687376528978348,
            -0.005022566765546799
        ],
        [
            0.059543199837207794,
            0.023458439856767654,
            -0.013749860227108002
        ],
        [
            0.047513656318187714,
            0.06160225719213486,
            -0.03488943725824356
        ],
        [
            0.06413979828357697,
            0.08449134230613708,
            -0.09285980463027954
        ],
        [
            0.058508820831775665,
            0.07883109152317047,
            -0.08489472419023514
        ],
        [
            0.0631629228591919,
            0.07610923051834106,
            -0.08264985680580139
        ],
        [
            0.06682788580656052,
            0.08345399796962738,
            -0.08961087465286255
        ],
        [
            0.05765175819396973,
            0.07433979958295822,
            -0.07939797639846802
        ],
        [
            0.05432526767253876,
            0.0772179663181305,
            -0.08821242302656174
        ],
        [
            0.057261157780885696,
            0.014289416372776031,
            -0.024811580777168274
        ],
        [
            0.06372535228729248,
            0.05975550785660744,
            -0.061299581080675125
        ],
        [
            0.06408724933862686,
            0.0004245378077030182,
            -0.01646466553211212
        ],
        [
            0.05500912666320801,
            0.007693927735090256,
            -0.040495067834854126
        ],
        [
            0.06208847835659981,
            -0.0028962604701519012,
            -0.03550361841917038
        ],
        [
            0.07189561426639557,
            -0.014300823211669922,
            -0.010371305048465729
        ],
        [
            0.07034920156002045,
            -0.01408420130610466,
            -0.026750843971967697
        ],
        [
            0.0756613239645958,
            -0.019408322870731354,
            0.005858883261680603
        ],
        [
            0.073398157954216,
            -0.015596568584442139,
            -0.0014849156141281128
        ],
        [
            0.06946895271539688,
            -0.01250411570072174,
            -0.04305988550186157
        ],
        [
