{
    "pred_cam": [
        5.90390157699585,
        -0.03707356005907059,
        0.002269189804792404
    ],
    "pred_mano_params": {
        "global_orient": [
            [
                [
                    0.9048207402229309,
                    0.4096754193305969,
                    0.11604058742523193
                ],
                [
                    0.4248201549053192,
                    -0.8501744270324707,
                    -0.3110164403915405
                ],
                [
                    -0.028761040419340134,
                    0.3307105004787445,
                    -0.9432938098907471
                ]
            ]
        ],
        "hand_pose": [
            [
                [
                    0.7419191002845764,
                    -0.6387296319007874,
                    -0.2039128541946411
                ],
                [
                    0.621255099773407,
                    0.7692657113075256,
                    -0.14923906326293945
                ],
                [
                    0.2521865963935852,
                    -0.015958590433001518,
                    0.9675469994544983
                ]
            ],
            [
                [
                    0.7141596674919128,
                    -0.6777226328849792,
                    0.17512279748916626
                ],
                [
                    0.6981133222579956,
                    0.6713292002677917,
                    -0.24890735745429993
                ],
                [
                    0.05112510919570923,
                    0.3000151515007019,
                    0.9525634050369263
                ]
            ],
            [
                [
                    0.8646067380905151,
                    -0.4939633011817932,
                    0.09195291250944138
                ],
                [
                    0.4831843972206116,
                    0.8676044344902039,
                    0.1174536868929863
                ],
                [
                    -0.1377965658903122,
                    -0.05712104216217995,
                    0.9888119697570801
                ]
            ],
            [
                [
                    0.3500584661960602,
                    -0.8849180340766907,
                    -0.30721190571784973
                ],
                [
                    0.9341583847999573,
                    0.3540647625923157,
                    0.04456779733300209
                ],
                [
                    0.06933405995368958,
                    -0.3025858998298645,
                    0.9505969882011414
                ]
            ],
            [
                [
                    0.9109281897544861,
                    -0.36494046449661255,
                    -0.19242742657661438
                ],
                [
                    0.3979790210723877,
                    0.9002118706703186,
                    0.17672419548034668
                ],
                [
                    0.10873162001371384,
                    -0.23756511509418488,
                    0.96526700258255
                ]
            ],
            [
                [
                    0.8718895316123962,
                    -0.45742684602737427,
                    0.17484064400196075
                ],
                [
                    0.4581129252910614,
                    0.8880448341369629,
                    0.038844820111989975
                ],
                [
                    -0.17303499579429626,
                    0.04622836783528328,
                    0.9838301539421082
                ]
            ],
            [
                [
                    0.3488529324531555,
                    -0.9356992244720459,
                    -0.052617862820625305
                ],
                [
                    0.5079915523529053,
                    0.14161387085914612,
                    0.8496412634849548
                ],
                [
                    -0.7875572443008423,
                    -0.32312917709350586,
                    0.5247297286987305
                ]
            ],
            [
                [
                    0.9419167637825012,
                    -0.30403420329093933,
                    -0.1426744908094406
                ],
                [
                    0.32416805624961853,
                    0.9340988993644714,
                    0.14958037436008453
                ],
                [
                    0.08779454231262207,
                    -0.1871427744626999,
                    0.9784016013145447
                ]
            ],
            [
                [
                    0.9889464974403381,
                    -0.05900523439049721,
                    0.13602659106254578
                ],
                [
                    0.0014932140475139022,
                    0.9213237762451172,
                    0.38879328966140747
                ],
                [
                    -0.14826537668704987,
                    -0.3842926323413849,
                    0.9112280011177063
                ]
            ],
            [
                [
                    0.138996422290802,
                    -0.988219678401947,
                    -0.06404554098844528
                ],
                [
                    0.948540210723877,
                    0.11427620053291321,
                    0.29531726241111755
                ],
                [
                    -0.2845194637775421,
                    -0.10179784148931503,
                    0.9532501101493835
                ]
            ],
            [
                [
                    0.995427131652832,
                    -0.09069409966468811,
                    -0.029992366209626198
                ],
                [
                    0.09520072489976883,
                    0.916047215461731,
                    0.38960790634155273
                ],
                [
                    -0.007860726676881313,
                    -0.39068150520324707,
                    0.92049241065979
                ]
            ],
            [
                [
                    0.9519014954566956,
                    -0.2449919432401657,
                    0.1840173900127411
                ],
                [
                    0.2001163214445114,
                    0.9518815279006958,
                    0.23210982978343964
                ],
                [
                    -0.2320277988910675,
                    -0.18412083387374878,
                    0.9551243185997009
                ]
            ],
            [
                [
                    0.9281865358352661,
                    -0.2419695109128952,
                    -0.2827022075653076
                ],
                [
                    -0.19746023416519165,
                    0.32365942001342773,
                    -0.925339937210083
                ],
                [
                    0.3154032826423645,
                    0.914710521697998,
                    0.25263696908950806
                ]
            ],
            [
                [
                    0.9459055662155151,
                    -0.31227514147758484,
                    0.08801582455635071
                ],
                [
                    0.21713294088840485,
                    0.8108820915222168,
                    0.5434367656707764
                ],
                [
                    -0.24107223749160767,
                    -0.494928777217865,
                    0.8348231315612793
                ]
            ],
            [
                [
                    0.9767853021621704,
                    0.06828282028436661,
                    -0.2030465453863144
                ],
                [
                    -0.13594821095466614,
                    0.930103063583374,
                    -0.3412131071090698
                ],
                [
                    0.1655552238225937,
                    0.3608957827091217,
                    0.9177939295768738
                ]
            ]
        ],
        "betas": [
            0.053926169872283936,
            0.026390761137008667,
            -0.01176401972770691,
            -0.0019054114818572998,
            -0.04813334345817566,
            -0.053637854754924774,
            0.011486589908599854,
            -0.05348387360572815,
            0.005250513553619385,
            -0.059072792530059814
        ]
    },
    "pred_cam_t": [
        -0.03707356005907059,
        0.002269189804792404,
        6.616387367248535
    ],
    "focal_length": [
        5000.0,
        5000.0
    ],
    "pred_keypoints_3d": [
        [
            0.09543231874704361,
            0.006350784096866846,
            0.0061650350689888
        ],
        [
            0.07031099498271942,
            0.001350638922303915,
            -0.022514212876558304
        ],
        [
            0.04040767252445221,
            0.005589494947344065,
            -0.028154835104942322
        ],
        [
            0.013852357864379883,
            0.009918302297592163,
            -0.030945036560297012
        ],
        [
            -0.021565867587924004,
            0.01505772303789854,
            -0.03163841366767883
        ],
        [
            0.0161876380443573,
            -0.03297613561153412,
            -0.012464197352528572
        ],
        [
            -0.016319140791893005,
            -0.027782347053289413,
            -0.011667883023619652
        ],
        [
            -0.026062309741973877,
            -0.008045826107263565,
            -0.014009878039360046
        ],
        [
            -0.026621825993061066,
            0.01616484671831131,
            -0.018782109022140503
        ],
        [
            0.00900450348854065,
            -0.031487561762332916,
            0.01156589388847351
        ],
        [
            -0.013477550819516182,
            -0.009271357208490372,
            0.00997552927583456
        ],
        [
            -0.018929041922092438,
            0.012923425063490868,
            0.005949770100414753
        ],
        [
            -0.020403919741511345,
            0.03544168546795845,
            -0.005866646766662598
        ],
        [
            0.016959503293037415,
            -0.016647426411509514,
            0.032292261719703674
        ],
        [
            0.0007029715925455093,
            0.0038593467324972153,
            0.020360596477985382
        ],
        [
            -0.0056578838266432285,
            0.025813555344939232,
            0.010911009274423122
        ],
        [
            -0.012562891468405724,
            0.045334212481975555,
            -0.003675796091556549
        ],
        [
            0.024295255541801453,
            -0.0009521679021418095,
            0.04549173265695572
        ],
        [
            0.012409557588398457,
            0.010982450097799301,
            0.03287101909518242
        ],
        [
            0.008618921972811222,
            0.024821573868393898,
            0.02059979923069477
        ],
        [
            0.006538768764585257,
            0.0370633602142334,
            0.003597242757678032
        ]
    ],
    "pred_vertices": [
        [
            0.045948389917612076,
            -0.005465654656291008,
            -0.01211969368159771
        ],
        [
            0.055900417268276215,
            0.0002652853727340698,
            -0.01121501810848713
        ],
        [
            0.04830498248338699,
            0.0003652535378932953,
            -0.014115279540419579
        ],
        [
            0.0402061827480793,
            -0.006753619760274887,
            -0.017504433169960976
        ],
        [
            0.06003165990114212,
            0.01814981922507286,
            -0.01663033850491047
        ],
        [
            0.06528855115175247,
            0.02029854618012905,
            -0.027164438739418983
        ],
        [
            0.049005866050720215,
            0.01912040449678898,
            -0.02857818827033043
        ],
        [
            0.04695326089859009,
            0.01844015344977379,
            -0.018671635538339615
        ],
        [
            0.03515039384365082,
            -0.008873790502548218,
            -0.02045011892914772
        ],
        [
            0.04095211997628212,
            0.0008249655365943909,
            -0.016430268064141273
        ],
        [
            0.03395843133330345,
            -0.010963371023535728,
            -0.021047979593276978
        ],
        [
            0.032568082213401794,
            -0.025594228878617287,
            -0.02428932674229145
        ],
        [
            0.031168418005108833,
            -0.019331231713294983,
            -0.02301410585641861
        ],
        [
            0.028488660231232643,
            -0.03294961526989937,
            -0.02333146519958973
        ],
        [
            0.04146263375878334,
            -0.030970323830842972,
            -0.023856045678257942
        ],
        [
            0.03152278810739517,
            -0.040084727108478546,
            -0.01795629784464836
        ],
        [
            0.05321797728538513,
            -0.03434206172823906,
            0.0014816178008913994
        ],
        [
            0.05534408986568451,
            -0.029515258967876434,
            0.014170127920806408
        ],
        [
            0.03871120885014534,
            -0.03657234087586403,
            0.017115529626607895
        ],
        [
            0.03811991214752197,
            -0.03976501524448395,
            0.003471874166280031
        ],
        [
            0.04462994262576103,
            -0.02338484674692154,
            0.0325482040643692
        ],
        [
            0.04056751728057861,
            -0.030847495421767235,
            0.024135544896125793
        ],
        [
            0.057698965072631836,
            -0.02506018429994583,
            0.02169579267501831
        ],
        [
            0.0604693666100502,
            -0.018448539078235626,
            0.02901574596762657
        ],
        [
            0.052801713347435,
            8.697807788848877e-05,
            0.00018922658637166023
        ],
        [
            0.0623152069747448,
            0.00546969473361969,
            -0.0002298499457538128
        ],
        [
            0.06115979328751564,
            0.0021178126335144043,
            -0.004891352728009224
        ],
        [
            0.051497697830200195,
            -0.00230989046394825,
            -0.00462369853630662
        ],
        [
            0.03202470391988754,
            -0.006187492050230503,
            -0.027977200224995613
        ],
        [
            0.04377608001232147,
            -0.015506456606090069,
            -0.03060951828956604
        ],
        [
            0.03807090222835541,
            -0.015959948301315308,
            -0.02560533583164215
        ],
        [
            0.029985245317220688,
            -0.0034156711772084236,
            -0.023555003106594086
        ],
        [
            0.08185158669948578,
            0.026397792622447014,
            0.005060556344687939
        ],
        [
            0.09536474943161011,
            0.025531398132443428,
            0.004530706442892551
        ],
        [
            0.09566876292228699,
            0.022934727370738983,
            -0.00082022650167346
        ],
        [
            0.08347222208976746,
            0.023778947070240974,
            0.0008266251534223557
        ],
        [
            0.08706223964691162,
            0.01895666867494583,
            -0.020909972488880157
        ],
        [
            0.09709696471691132,
            0.016253970563411713,
            -0.01777007058262825
        ],
        [
            0.10512769222259521,
            0.00802789255976677,
            -0.023855237290263176
        ],
        [
            0.09474766999483109,
            0.007930342108011246,
            -0.028269674628973007
        ],
        [
            0.07601577788591385,
            0.02001199498772621,
            -0.024603795260190964
        ],
        [
            0.0821734368801117,
            0.012300349771976471,
            -0.033178552985191345
        ],
        [
            0.06882225722074509,
            0.014251366257667542,
            -0.035751886665821075
        ],
        [
            0.05068361759185791,
            0.014417596161365509,
            -0.036204732954502106
        ],
        [
            0.09603339433670044,
            0.02834145352244377,
            0.01698160171508789
        ],
        [
            0.08610579371452332,
            0.029957644641399384,
            0.01905021071434021
        ],
        [
            -0.011248864233493805,
            -0.01770821586251259,
            -0.019459934905171394
        ],
        [
            -0.010805043391883373,
            -0.015060614794492722,
            -0.014004101976752281
        ],
        [
            -0.007562452461570501,
            -0.016525957733392715,
            -0.014505225233733654
        ],
        [
            -0.00872951652854681,
            -0.01905355416238308,
            -0.01963297463953495
        ],
        [
            0.09431720525026321,
            0.01720760017633438,
            0.033788587898015976
        ],
        [
            0.09713665395975113,
            0.007849600166082382,
            0.03606390953063965
        ],
        [
            0.1032162755727768,
            0.011814825236797333,
            0.035655390471220016
        ],
        [
            0.10103175789117813,
            0.02003243938088417,
            0.031719014048576355
        ],
        [
            0.08547722548246384,
            0.013425329700112343,
            0.03650086000561714
        ],
        [
            0.08848271518945694,
            0.0026139914989471436,
            0.03604748472571373
        ],
        [
            -0.02026541344821453,
            -0.02679753303527832,
            -0.01911013200879097
        ],
        [
            -0.017288461327552795,
            -0.023747287690639496,
            -0.022111814469099045
        ],
        [
            -0.014385885559022427,
            -0.02749740704894066,
            -0.0214762594550848
        ],
        [
            -0.016243617981672287,
            -0.03086264058947563,
            -0.017698029056191444
        ],
        [
            0.03302328288555145,
            -0.013873269781470299,
            -0.019581859931349754
        ],
        [
            0.03688041865825653,
            -0.009691478684544563,
            -0.012877073138952255
        ],
        [
            0.018951233476400375,
            -0.021685298532247543,
            -0.01721799001097679
        ],
        [
            0.025719914585351944,
            -0.017743298783898354,
            -0.014395778998732567
        ],
        [
            0.026897553354501724,
            -0.02068130113184452,
            -0.020451512187719345
        ],
        [
            0.021310236304998398,
            -0.0247783400118351,
            -0.021923311054706573
        ],
        [
            0.03275807201862335,
            -0.008473442867398262,
            0.006109251640737057
        ],
        [
            0.043279800564050674,
            -0.003945967182517052,
            0.004641194827854633
        ],
        [
            0.041159842163324356,
            -0.007013408467173576,
            -0.0008313450962305069
        ],
        [
            0.029260030016303062,
            -0.011796219274401665,
            -0.0010594911873340607
        ],
        [
            0.04482954367995262,
            0.004293534904718399,
            0.015987450256943703
        ],
        [
            0.034705888479948044,
            -0.001330312341451645,
            0.016714004799723625
        ],
        [
            0.03707180917263031,
            0.003980947658419609,
            0.023003123700618744
        ],
        [
            0.043279677629470825,
            0.007924942299723625,
            0.021061893552541733
        ],
        [
            0.0182480551302433,
            -0.012904489412903786,
            0.01477902289479971
        ],
        [
            0.014683241955935955,
            -0.016043251380324364,
            0.014234776608645916
        ],
        [
            0.01502330880612135,
            -0.013722963631153107,
            0.016507690772414207
        ],
        [
            0.01931804232299328,
            -0.01079776231199503,
            0.017574716359376907
        ],
        [
            0.10970407724380493,
            0.01466578058898449,
            0.0351957306265831
        ],
        [
            0.10757338255643845,
            0.02202390320599079,
            0.029118385165929794
        ],
        [
            0.04904305562376976,
            -0.007036026567220688,
            0.04673974588513374
        ],
        [
            0.05227503925561905,
            0.003710825927555561,
            0.047689616680145264
        ],
        [
            0.03937213122844696,
            0.001982102170586586,
            0.05042983219027519
        ],
        [
            0.038926493376493454,
            -0.010415783151984215,
            0.049676232039928436
        ],
        [
            0.09804077446460724,
            -0.0018484368920326233,
            0.03262019529938698
        ],
        [
            0.10459314286708832,
            0.001975294202566147,
            0.03448551148176193
        ],
        [
            -0.022018935531377792,
            -0.027813024818897247,
            -0.013112816959619522
        ],
        [
            -0.01763850636780262,
            -0.031461067497730255,
            -0.011702831834554672
        ],
        [
            0.07397900521755219,
            0.0014139488339424133,
            -0.03872036933898926
        ],
        [
            0.05249917879700661,
            0.0053896307945251465,
            -0.04045773297548294
        ],
        [
            0.08981070667505264,
            -0.0013079941272735596,
            -0.033091843128204346
        ],
        [
            0.1001296266913414,
            -0.0034633688628673553,
            -0.026571795344352722
        ],
        [
            0.10920102149248123,
            -0.0035140663385391235,
            -0.022910812869668007
        ],
        [
            0.02254159189760685,
            -0.017040904611349106,
            -0.00877140648663044
        ],
        [
            0.0426984578371048,
            -0.006718840450048447,
            -0.00648439209908247
        ],
        [
            0.053627777844667435,
            0.0027286671102046967,
            0.004497563932090998
        ],
        [
            0.052126821130514145,
            0.02030540257692337,
            0.029704641550779343
        ],
        [
            0.061216168105602264,
            0.024633953347802162,
            0.0277276448905468
        ],
        [
            0.05702965706586838,
            0.019747182726860046,
            0.019110307097434998
        ],
        [
            0.050152454525232315,
            0.016420364379882812,
            0.02286924235522747
        ],
        [
            0.0495159886777401,
            0.013151784427464008,
            0.044905081391334534
        ],
        [
            0.045819878578186035,
            0.01624254323542118,
            0.03843899816274643
        ],
        [
            0.03909750655293465,
            0.013199271634221077,
            0.03972196206450462
        ],
        [
            0.040194071829319,
            0.010180111974477768,
            0.04663936793804169
        ],
        [
            0.03351345658302307,
            -0.005057741887867451,
            -0.035109326243400574
        ],
        [
            0.04851779341697693,
            -0.013214100152254105,
            -0.03556380793452263
        ],
        [
            0.09115728735923767,
            0.025354037061333656,
            0.02782338857650757
        ],
        [
            0.09806883335113525,
            0.026200031861662865,
            0.024245494976639748
        ],
        [
            0.1064910963177681,
            0.026326807215809822,
            0.02277047000825405
        ],
        [
            0.07221097499132156,
            0.015950433909893036,
            0.0006729289889335632
        ],
        [
            0.08458537608385086,
            0.02206471376121044,
            -0.002251377794891596
        ],
        [
            0.08387430012226105,
            0.020399197936058044,
            -0.006385703571140766
        ],
        [
            0.07257581502199173,
            0.013075895607471466,
            -0.0018643448129296303
        ],
        [
            0.06444738060235977,
            0.00877760723233223,
            -0.009913884103298187
        ],
        [
            0.07273375242948532,
            0.01789223402738571,
            -0.014277002774178982
        ],
        [
            0.05409090965986252,
            0.009931851178407669,
            -0.010782118886709213
        ],
        [
            0.0975915938615799,
            0.019990593194961548,
            -0.008308964781463146
        ],
        [
            0.10574720054864883,
            0.02446719817817211,
            -0.0022034686990082264
        ],
        [
            0.10684916377067566,
            0.02017410472035408,
            -0.009910957887768745
        ],
        [
            0.10577541589736938,
            0.027251742780208588,
            0.007169035729020834
        ],
        [
            0.10591181367635727,
            0.02823050133883953,
            0.015993930399417877
        ],
        [
            0.11271008849143982,
            0.003267662599682808,
            0.0367010235786438
        ],
        [
            0.1073169857263565,
            0.01493549719452858,
            -0.01628684625029564
        ],
        [
            0.03803771361708641,
            0.017401903867721558,
            -0.021400943398475647
        ],
        [
            0.029907913878560066,
            0.01704966463148594,
            -0.024739664047956467
        ],
        [
            0.02876550517976284,
            0.01151732075959444,
            -0.019430387765169144
        ],
        [
            0.03637097030878067,
            0.011269539594650269,
            -0.01585368812084198
        ],
        [
            0.021067067980766296,
            -0.03761645779013634,
            -0.021784037351608276
        ],
        [
            0.02077380381524563,
            -0.03019004687666893,
            -0.023823006078600883
        ],
        [
            0.028160881251096725,
            -0.025907646864652634,
            -0.024376623332500458
        ],
        [
            0.07195214182138443,
            0.02523905783891678,
            0.011091312393546104
        ],
        [
            0.07598689198493958,
            0.02850506268441677,
            0.022623851895332336
        ],
        [
            0.015880944207310677,
            -0.021060198545455933,
            -0.01152140274643898
        ],
        [
            -0.012470277957618237,
            -0.03424997627735138,
            -0.016896512359380722
        ],
        [
            -0.010463619604706764,
            -0.03068644180893898,
            -0.021394841372966766
        ],
        [
            0.006563566159456968,
            -0.03590263053774834,
            -0.021887172013521194
        ],
        [
            0.004362478852272034,
            -0.0403074286878109,
            -0.016862839460372925
        ],
        [
            0.009431444108486176,
            -0.025293530896306038,
            -0.0049783275462687016
        ],
        [
            0.012424616143107414,
            -0.021885119378566742,
            -0.01043899916112423
        ],
        [
            0.010590808466076851,
            -0.022339988499879837,
            -0.009283328428864479
        ],
        [
            0.0072181629948318005,
            -0.02359817735850811,
            -0.0036657764576375484
        ],
        [
            0.019517850130796432,
            -0.008121270686388016,
            0.022488625720143318
        ],
        [
            0.022793307900428772,
            -0.00542113371193409,
            0.023241620510816574
        ],
        [
            0.02200883999466896,
            -0.04089215397834778,
            0.004572100471705198
        ],
        [
            0.0249653197824955,
            -0.04753710329532623,
            -0.007127933669835329
        ],
        [
            0.03677450492978096,
            -0.04269834980368614,
            -0.008498266339302063
        ],
        [
            0.034676022827625275,
            -0.004492303356528282,
            0.012118097394704819
        ],
        [
            0.025450754910707474,
            -0.008241252973675728,
            0.01403317041695118
        ],
        [
            0.026369815692305565,
            -0.006165005266666412,
            0.017437126487493515
        ],
        [
            0.019543549045920372,
            -0.017769500613212585,
            -0.005231901071965694
        ],
        [
            0.01388532668352127,
            -0.021402157843112946,
            -0.005825124680995941
        ],
        [
            0.01580766960978508,
            -0.020114392042160034,
            -0.001793533330783248
        ],
        [
            0.021338213235139847,
            -0.015738066285848618,
            -0.0006191569846123457
        ],
        [
            0.06487522274255753,
            0.006722938269376755,
            0.04471796378493309
        ],
        [
            0.061132337898015976,
            0.017596174031496048,
            0.04200759902596474
        ],
        [
            -0.013804388232529163,
            -0.020630402490496635,
            -0.02228650264441967
        ],
        [
            -0.011285340413451195,
            -0.0231217872351408,
            -0.022210750728845596
        ],
        [
            0.0449049212038517,
            -7.066503167152405e-05,
            0.010490376502275467
        ],
        [
            0.04990649223327637,
            -0.03548947721719742,
            -0.009811933152377605
        ],
        [
            0.05438202992081642,
            0.005850275978446007,
            0.008947424590587616
        ],
        [
            0.024646058678627014,
            -0.015931813046336174,
            0.038598593324422836
        ],
        [
            0.02256442978978157,
            -0.007968354970216751,
            0.03695943206548691
        ],
        [
            0.01985015533864498,
            -0.006924918387085199,
            0.034672096371650696
        ],
        [
            0.01842421665787697,
            -0.012067548930644989,
            0.03603789955377579
        ],
        [
            -0.00654972717165947,
            -0.02062661200761795,
            -0.003189419861882925
        ],
        [
            -0.00560474768280983,
            -0.01733531802892685,
            -0.007993473671376705
        ],
        [
            -0.0080974530428648,
            -0.016250314190983772,
            -0.008259762078523636
        ],
        [
            -0.010411884635686874,
            -0.0191360916942358,
            -0.0035579316318035126
        ],
        [
            0.014140201732516289,
            -0.022287311032414436,
            -0.01608065702021122
        ],
        [
            0.015388145111501217,
            -0.025396084412932396,
            -0.021461663767695427
        ],
        [
            0.010280592367053032,
            -0.02437274158000946,
            -0.02026316523551941
        ],
        [
            0.010249951854348183,
            -0.02236681431531906,
            -0.014530457556247711
        ],
        [
            0.014512680470943451,
            -0.03116537258028984,
            -0.02330198511481285
        ],
        [
            0.009009081870317459,
            -0.03009159304201603,
            -0.022936755791306496
        ],
        [
            -0.009074117988348007,
            -0.026261400431394577,
            -0.0013405989157035947
        ],
        [
            -0.01216097828000784,
            -0.03230183199048042,
            -0.004660440608859062
        ],
        [
            0.003440992906689644,
            -0.03740466386079788,
            -0.0029331331606954336
        ],
        [
            0.0034687723964452744,
            -0.02976292185485363,
            -0.000962459365837276
        ],
        [
            0.0754939615726471,
            -0.015262337401509285,
            0.026825789362192154
        ],
        [
            0.0762871503829956,
            -0.007450672797858715,
            0.03470975160598755
        ],
        [
            0.06136292219161987,
            -0.01063557993620634,
            0.03734639286994934
        ],
        [
            0.04642914608120918,
            -0.014485616236925125,
            0.04118993133306503
        ],
        [
            0.03238100931048393,
            -0.01746337115764618,
            0.04296896234154701
        ],
        [
            0.031279295682907104,
            -0.0275614932179451,
            0.036084841936826706
        ],
        [
            0.0632365345954895,
            -0.004140650853514671,
            0.04219360277056694
        ],
        [
            0.012210014276206493,
            -0.03146396577358246,
            0.0004385387583170086
        ],
        [
            0.013849323615431786,
            -0.03987310454249382,
            -0.0014301687479019165
        ],
        [
            0.014574054628610611,
            -0.036520909518003464,
            0.002760927891358733
        ],
        [
            0.054046619683504105,
            0.010948579758405685,
            0.014390619471669197
        ],
        [
            -0.008119789883494377,
            -0.02598123624920845,
            -0.022669930011034012
        ],
        [
            0.10428299754858017,
            -0.018053362146019936,
            -0.006769603583961725
        ],
        [
            0.10492465645074844,
            -0.01754065603017807,
            0.006995371542870998
        ],
        [
            0.0966653972864151,
            -0.01982419565320015,
            0.0049284109845757484
        ],
        [
            0.09528984874486923,
            -0.019538316875696182,
            -0.011128746904432774
        ],
        [
            -0.0053736865520477295,
            -0.017317920923233032,
            -0.015040003694593906
        ],
        [
            -0.005864635109901428,
            -0.02040748856961727,
            -0.020638035610318184
        ],
        [
            0.022895079106092453,
            -0.0009148474782705307,
            0.027717160061001778
        ],
        [
            0.019906746223568916,
            -0.0041543953120708466,
            0.026821795850992203
        ],
        [
            0.020669396966695786,
            -0.0030065285973250866,
            0.029716655611991882
        ],
        [
            0.022017549723386765,
            0.0010785190388560295,
            0.031104853376746178
        ],
        [
            0.07778215408325195,
            -0.0025458484888076782,
            0.03788316994905472
        ],
        [
            0.030849425122141838,
            0.006163487210869789,
            0.048616163432598114
        ],
        [
            0.030163772404193878,
            -0.006541998125612736,
            0.04865739494562149
        ],
        [
            0.089072585105896,
            -0.005121195688843727,
            0.032206397503614426
        ],
        [
            0.08872739970684052,
            -0.01240292377769947,
            0.025721900165081024
        ],
        [
            0.09823346138000488,
            -0.010151741094887257,
            0.02552119828760624
        ],
        [
            0.023532971739768982,
            -0.032652877271175385,
            0.024167142808437347
        ],
        [
            0.07270611822605133,
            -0.020754452794790268,
            0.020714901387691498
        ],
        [
            0.08675367385149002,
            -0.016814064234495163,
            0.01978776976466179
        ],
        [
            0.0980084240436554,
            -0.014314155094325542,
            0.019279666244983673
        ],
        [
            0.10618069767951965,
            -0.012802348472177982,
            0.019850902259349823
        ],
        [
            0.1055561974644661,
            -0.00824752263724804,
            0.026550153270363808
        ],
        [
            -0.01302203070372343,
            -0.03428003937005997,
            -0.010539159178733826
        ],
        [
            -0.01751190982758999,
            -0.02912759780883789,
            -0.004972363822162151
        ],
        [
            0.11428490281105042,
            -0.007275441661477089,
            0.02878570184111595
        ],
        [
            0.11446962505578995,
            -0.011898698285222054,
            0.020771170035004616
        ],
        [
            0.0850127786397934,
            -0.021106213331222534,
            0.011810832656919956
        ],
        [
            0.0824817419052124,
            -0.024950262159109116,
            0.0008619972504675388
        ],
        [
            0.0714375227689743,
            -0.024558549746870995,
            0.012917153537273407
        ],
        [
            0.06802236288785934,
            -0.028891682624816895,
            0.002551176119595766
        ],
        [
            0.025776606053113937,
            -0.0422099307179451,
            0.018034063279628754
        ],
        [
            -0.027526458725333214,
            -0.013229146599769592,
            -0.006160977762192488
        ],
        [
            -0.019848322495818138,
            -0.02099287323653698,
            -0.0031581346411257982
        ],
        [
            -0.015380260534584522,
            -0.017259865999221802,
            -0.003903243225067854
        ],
        [
            -0.02413339540362358,
            -0.010888196527957916,
            -0.004947778303176165
        ],
        [
            -0.013789637014269829,
            -0.023714758455753326,
            -0.0020338776521384716
        ],
        [
            -0.021982887759804726,
            -0.02527621015906334,
            -0.0063894372433424
        ],
        [
            0.0641760528087616,
            -0.029466360807418823,
            -0.012453344650566578
        ],
        [
            0.011421426199376583,
            -0.023699019104242325,
            -0.0020335582084953785
        ],
        [
            0.0786905586719513,
            -0.022602323442697525,
            -0.018053807318210602
        ],
        [
            0.0538908988237381,
            -0.027781452983617783,
            -0.026053056120872498
        ],
        [
            0.06346673518419266,
            -0.020098242908716202,
            -0.030871329829096794
        ],
        [
            0.09292218834161758,
            -0.014019152149558067,
            -0.025041749700903893
        ],
        [
            0.07715614140033722,
            -0.012042088434100151,
            -0.03475677967071533
        ],
