{
    "pred_cam": [
        6.072759628295898,
        -0.16842027008533478,
        -0.03878702223300934
    ],
    "pred_mano_params": {
        "global_orient": [
            [
                [
                    -0.587612509727478,
                    -0.7586342692375183,
                    0.2813992500305176
                ],
                [
                    -0.43159061670303345,
                    -0.0003079733287449926,
                    -0.9020694494247437
                ],
                [
                    0.6844274997711182,
                    -0.6515166163444519,
                    -0.3272384703159332
                ]
            ]
        ],
        "hand_pose": [
            [
                [
                    0.8852575421333313,
                    -0.4026745855808258,
                    -0.23274922370910645
                ],
                [
                    0.38777366280555725,
                    0.9153237342834473,
                    -0.1086922213435173
                ],
                [
                    0.25680848956108093,
                    0.005966592114418745,
                    0.9664438366889954
                ]
            ],
            [
                [
                    0.9840937852859497,
                    -0.13879913091659546,
                    0.11087944358587265
                ],
                [
                    0.1579817533493042,
                    0.9692076444625854,
                    -0.18888716399669647
                ],
                [
                    -0.08124782145023346,
                    0.20339961349964142,
                    0.9757189750671387
                ]
            ],
            [
                [
                    0.8135649561882019,
                    -0.5808776021003723,
                    0.02632901631295681
                ],
                [
                    0.5809920430183411,
                    0.8102138042449951,
                    -0.07747139036655426
                ],
                [
                    0.02366926521062851,
                    0.07832496613264084,
                    0.9966468214988708
                ]
            ],
            [
                [
                    0.7902221083641052,
                    -0.5036553740501404,
                    -0.34911343455314636
                ],
                [
                    0.507481038570404,
                    0.8571658134460449,
                    -0.08791829645633698
                ],
                [
                    0.343528687953949,
                    -0.10769348591566086,
                    0.9329469203948975
                ]
            ],
            [
                [
                    0.9762424826622009,
                    -0.21647660434246063,
                    -0.009403583593666553
                ],
                [
                    0.20823903381824493,
                    0.9253293871879578,
                    0.3168627917766571
                ],
                [
                    -0.059891972690820694,
                    -0.3112931549549103,
                    0.948424756526947
                ]
            ],
            [
                [
                    0.862350344657898,
                    -0.4967871904373169,
                    -0.09774576872587204
                ],
                [
                    0.5025045871734619,
                    0.8633960485458374,
                    0.045126236975193024
                ],
                [
                    0.06197517737746239,
                    -0.0880323275923729,
                    0.9941877126693726
                ]
            ],
            [
                [
                    0.5482810139656067,
                    -0.7463553547859192,
                    0.37728190422058105
                ],
                [
                    0.6614130139350891,
                    0.6630719304084778,
                    0.3505259156227112
                ],
                [
                    -0.5117819309234619,
                    0.05735248327255249,
                    0.8571988940238953
                ]
            ],
            [
                [
                    0.961678683757782,
                    -0.20372481644153595,
                    -0.18349504470825195
                ],
                [
                    0.23987194895744324,
                    0.9493042230606079,
                    0.20318207144737244
                ],
                [
                    0.1327994018793106,
                    -0.2394111603498459,
                    0.9617934823036194
                ]
            ],
            [
                [
                    0.9078748226165771,
                    -0.419221967458725,
                    0.0040308572351932526
                ],
                [
                    0.40437111258506775,
                    0.8781706690788269,
                    0.2555392384529114
                ],
                [
                    -0.11066743731498718,
                    -0.23036769032478333,
                    0.9667903184890747
                ]
            ],
            [
                [
                    0.7621222138404846,
                    -0.6320413947105408,
                    -0.14033356308937073
                ],
                [
                    0.6218953728675842,
                    0.7749335169792175,
                    -0.11280162632465363
                ],
                [
                    0.180044487118721,
                    -0.0013041736092418432,
                    0.9836576581001282
                ]
            ],
            [
                [
                    0.9488018155097961,
                    -0.3156621754169464,
                    0.011511703953146935
                ],
                [
                    0.27397969365119934,
                    0.840557336807251,
                    0.46733132004737854
                ],
                [
                    -0.1571950912475586,
                    -0.44025081396102905,
                    0.8840073347091675
                ]
            ],
            [
                [
                    0.7961546182632446,
                    -0.5464717745780945,
                    -0.2598200738430023
                ],
                [
                    0.5939506888389587,
                    0.7878060936927795,
                    0.16304659843444824
                ],
                [
                    0.11558747291564941,
                    -0.28413060307502747,
                    0.9517927765846252
                ]
            ],
            [
                [
                    0.9999229311943054,
                    -0.011818933300673962,
                    -0.003785754321143031
                ],
                [
                    0.0033196231815963984,
                    0.5486480593681335,
                    -0.8360467553138733
                ],
                [
                    0.01195822935551405,
                    0.835969865322113,
                    0.54864501953125
                ]
            ],
            [
                [
                    0.944591224193573,
                    -0.30293989181518555,
                    -0.12639163434505463
                ],
                [
                    0.3149473965167999,
                    0.7279320955276489,
                    0.609034538269043
                ],
                [
                    -0.09249633550643921,
                    -0.6150953769683838,
                    0.7830083966255188
                ]
            ],
            [
                [
                    0.95368891954422,
                    0.28549471497535706,
                    -0.09471160918474197
                ],
                [
                    -0.2866078019142151,
                    0.9580460786819458,
                    0.0019258777610957623
                ],
                [
                    0.09128791093826294,
                    0.0253083985298872,
                    0.9955029487609863
                ]
            ]
        ],
        "betas": [
            -0.04779723286628723,
            -0.04523780941963196,
            -0.07893884181976318,
            0.0111331045627594,
            0.0403285026550293,
            0.01791960746049881,
            0.0077040791511535645,
            -0.0672103762626648,
            -0.023313060402870178,
            -0.01758083701133728
        ]
    },
    "pred_cam_t": [
        -0.16842027008533478,
        -0.03878702223300934,
        6.432413101196289
    ],
    "focal_length": [
        5000.0,
        5000.0
    ],
    "pred_keypoints_3d": [
        [
            0.09598667919635773,
            0.006414811126887798,
            0.0062170554883778095
        ],
        [
            0.12925466895103455,
            -0.006498766131699085,
            -0.008627792820334435
        ],
        [
            0.15944665670394897,
            -0.010147381573915482,
            -0.01392886321991682
        ],
        [
            0.18558073043823242,
            -0.007435073144733906,
            -0.020879842340946198
        ],
        [
            0.21584869921207428,
            -0.007725178264081478,
            -0.040885526686906815
        ],
        [
            0.15768775343894958,
            0.025886040180921555,
            -0.057652637362480164
        ],
        [
            0.18128082156181335,
            0.04501167684793472,
            -0.07089460641145706
        ],
        [
            0.20027199387550354,
            0.0564628504216671,
            -0.07314082235097885
        ],
        [
            0.22098150849342346,
            0.06689605861902237,
            -0.06281295418739319
        ],
        [
            0.151951402425766,
            0.05044753476977348,
            -0.0566822811961174
        ],
        [
            0.17176082730293274,
            0.07525432109832764,
            -0.05860432609915733
        ],
        [
            0.1901226043701172,
            0.08875523507595062,
            -0.05351417511701584
        ],
        [
            0.21104076504707336,
            0.09771635383367538,
            -0.041190341114997864
        ],
        [
            0.1396607905626297,
            0.06590592116117477,
            -0.03857649490237236
        ],
        [
            0.1615987867116928,
            0.0846819132566452,
            -0.04042643681168556
        ],
        [
            0.18214401602745056,
            0.09422840923070908,
            -0.03012920543551445
        ],
        [
            0.19901913404464722,
            0.09642408043146133,
            -0.010788321495056152
        ],
        [
            0.1319679319858551,
            0.0752444714307785,
            -0.02038378268480301
        ],
        [
            0.1515904664993286,
            0.083140067756176,
            -0.01923343725502491
        ],
        [
            0.16770394146442413,
            0.08953474462032318,
            -0.011378452181816101
        ],
        [
            0.1815747618675232,
            0.09058763831853867,
            0.0016690222546458244
        ]
    ],
    "pred_vertices": [
        [
            0.14355553686618805,
            0.013236947357654572,
            -0.022165052592754364
        ],
        [
            0.1385786384344101,
            0.009658126160502434,
            -0.013783324509859085
        ],
        [
            0.14832697808742523,
            0.00737915001809597,
            -0.016189370304346085
        ],
        [
            0.151896134018898,
            0.00961817055940628,
            -0.025555308908224106
        ],
        [
            0.142989382147789,
            -0.00028196070343255997,
            0.004259176552295685
        ],
        [
            0.14132842421531677,
            -0.011724220588803291,
            0.007289603352546692
        ],
        [
            0.15678547322750092,
            -0.011020392179489136,
            0.0014781095087528229
        ],
        [
            0.15671516954898834,
            -0.0011786241084337234,
            0.00102253258228302
        ],
        [
            0.15809708833694458,
            0.006538737565279007,
            -0.029086001217365265
        ],
        [
            0.15642136335372925,
            0.005617314949631691,
            -0.01781846582889557
        ],
        [
            0.15900492668151855,
            0.003330109640955925,
            -0.03087291307747364
        ],
        [
            0.1546180248260498,
            0.004451388493180275,
            -0.04591305926442146
        ],
        [
            0.15704227983951569,
            0.007924532517790794,
            -0.0405365414917469
        ],
        [
            0.1542213410139084,
            0.008461108431220055,
            -0.05423726141452789
        ],
        [
            0.14442704617977142,
            0.0003645066171884537,
            -0.04797191172838211
        ],
        [
            0.14618535339832306,
            0.011124977841973305,
            -0.059013236314058304
        ],
        [
            0.12007564306259155,
            0.01910865120589733,
            -0.045607537031173706
        ],
        [
            0.11351651698350906,
            0.029498066753149033,
            -0.03931199014186859
        ],
        [
            0.1234477311372757,
            0.03859325125813484,
            -0.049880251288414
        ],
        [
            0.12972113490104675,
            0.027225257828831673,
            -0.05459507554769516
        ],
        [
            0.11493657529354095,
            0.049948547035455704,
            -0.03452439606189728
        ],
        [
            0.12004569172859192,
            0.0442461296916008,
            -0.04362034425139427
        ],
        [
            0.10917188972234726,
            0.03519202023744583,
            -0.03378799930214882
        ],
        [
            0.1053314208984375,
            0.04069279506802559,
            -0.02599794790148735
        ],
        [
            0.13194626569747925,
            0.02172730676829815,
            -0.013750474900007248
        ],
        [
            0.12627261877059937,
            0.01762411557137966,
            -0.005835685878992081
        ],
        [
            0.12958593666553497,
            0.014168109744787216,
            -0.009825032204389572
        ],
        [
            0.1351659744977951,
            0.017993971705436707,
            -0.016819078475236893
        ],
        [
            0.16339807212352753,
            -0.00631108321249485,
            -0.027701295912265778
        ],
        [
            0.15064379572868347,
            -0.009805984795093536,
            -0.03299693018198013
        ],
        [
            0.15449632704257965,
            -0.0028424281626939774,
            -0.03462206572294235
        ],
        [
            0.16552910208702087,
            -0.0016684960573911667,
            -0.025018036365509033
        ],
        [
            0.11379833519458771,
            0.014094594866037369,
            0.020773936063051224
        ],
        [
            0.10290014743804932,
            0.0067996494472026825,
            0.024251122027635574
        ],
        [
            0.10448811948299408,
            0.001864023506641388,
            0.02143128588795662
        ],
        [
            0.11374731361865997,
            0.00971263274550438,
            0.018366724252700806
        ],
        [
            0.11899886280298233,
            -0.011773917824029922,
            0.012774504721164703
        ],
        [
            0.1087636798620224,
            -0.013873457908630371,
            0.013924077153205872
        ],
        [
            0.1024286299943924,
            -0.024498920887708664,
            0.008325576782226562
        ],
        [
            0.11190368235111237,
            -0.023722372949123383,
            0.004211999475955963
        ],
        [
            0.13055166602134705,
            -0.011378977447748184,
            0.010131202638149261
        ],
        [
            0.1253076046705246,
            -0.02279895916581154,
            0.004200063645839691
        ],
        [
            0.1379336714744568,
            -0.021456975489854813,
            0.0022256113588809967
        ],
        [
            0.15451574325561523,
            -0.01880832388997078,
            -0.0030989721417427063
        ],
        [
            0.09703610837459564,
            0.017554301768541336,
            0.02818484604358673
        ],
        [
            0.10450215637683868,
            0.02438514679670334,
            0.02666962891817093
        ],
        [
            0.1906852424144745,
            0.041717469692230225,
            -0.06572313606739044
        ],
        [
            0.18928147852420807,
            0.04677128419280052,
            -0.06310993432998657
        ],
        [
            0.18586695194244385,
            0.043362900614738464,
            -0.06136402115225792
        ],
        [
            0.18772676587104797,
            0.03909296914935112,
            -0.06475366652011871
        ],
        [
            0.08658726513385773,
            0.031900689005851746,
            0.01840394362807274
        ],
        [
            0.08016113936901093,
            0.031683549284935,
            0.010594941675662994
        ],
        [
            0.07668756693601608,
            0.02870720997452736,
            0.01629805564880371
        ],
        [
            0.08304941654205322,
            0.02708205208182335,
            0.0230613611638546
        ],
        [
            0.09134018421173096,
            0.038204848766326904,
            0.01225186511874199
        ],
        [
            0.0856112539768219,
            0.035397496074438095,
            0.002883750945329666
        ],
        [
            0.18790368735790253,
            0.04250875115394592,
            -0.07823025435209274
        ],
        [
            0.19041451811790466,
            0.03993796184659004,
            -0.07450561225414276
        ],
        [
            0.18595898151397705,
            0.03747117519378662,
            -0.07454632967710495
        ],
        [
            0.18266171216964722,
            0.040325697511434555,
            -0.07736335694789886
        ],
        [
            0.15484462678432465,
            0.011920848861336708,
            -0.03466111421585083
        ],
        [
            0.14907614886760712,
            0.01698882132768631,
            -0.02896999940276146
        ],
        [
            0.16257265210151672,
            0.021855520084500313,
            -0.04722695052623749
        ],
        [
            0.15614847838878632,
            0.02078702673316002,
            -0.040250591933727264
        ],
        [
            0.1577063798904419,
            0.014288381673395634,
            -0.04315723106265068
        ],
        [
            0.16189637780189514,
            0.015965303406119347,
            -0.049705684185028076
        ],
        [
            0.1428185999393463,
            0.0361366793513298,
            -0.027663325890898705
        ],
        [
            0.13619746267795563,
            0.02995331957936287,
            -0.02016982063651085
        ],
        [
            0.13981109857559204,
            0.025948556140065193,
            -0.02415740117430687
        ],
        [
            0.148202046751976,
            0.03133516386151314,
            -0.03250238299369812
        ],
        [
            0.13190552592277527,
            0.03997596353292465,
            -0.011040303856134415
        ],
        [
            0.13837987184524536,
            0.04525730013847351,
            -0.019475379958748817
        ],
        [
            0.13512228429317474,
            0.05032092332839966,
            -0.013319969177246094
        ],
        [
            0.1318751871585846,
            0.04563966393470764,
            -0.007755279541015625
        ],
        [
            0.1500599980354309,
            0.051118023693561554,
            -0.03578042984008789
        ],
        [
            0.15308409929275513,
            0.054012447595596313,
            -0.041067205369472504
        ],
        [
            0.15320730209350586,
            0.05816098675131798,
            -0.03902623802423477
        ],
        [
            0.1484135538339615,
            0.05379122495651245,
            -0.03357463330030441
        ],
        [
            0.0725482851266861,
            0.025383424013853073,
            0.02103474736213684
        ],
        [
            0.07966796308755875,
            0.021799717098474503,
            0.02681746333837509
        ],
        [
            0.10943570733070374,
            0.06217523664236069,
            -0.017200015485286713
        ],
        [
            0.10999511182308197,
            0.0633404552936554,
            -0.0060826800763607025
        ],
        [
            0.11699524521827698,
            0.07298307865858078,
            -0.012558946385979652
        ],
        [
            0.11425773799419403,
            0.06933781504631042,
            -0.02328951470553875
        ],
        [
            0.07804267108440399,
            0.02735036239027977,
            0.0013655796647071838
        ],
        [
            0.07299831509590149,
            0.02611539512872696,
            0.007273778319358826
        ],
        [
            0.184866800904274,
            0.04776351898908615,
            -0.07932357490062714
        ],
        [
            0.17962369322776794,
            0.045463431626558304,
            -0.07731017470359802
        ],
        [
            0.12991419434547424,
            -0.0261584110558033,
            -0.008411768823862076
        ],
        [
            0.15093038976192474,
            -0.022931193932890892,
            -0.011226683855056763
        ],
        [
            0.1140371561050415,
            -0.02634335681796074,
            -0.005975954234600067
        ],
        [
            0.10308649390935898,
            -0.025263674557209015,
            -0.004139404743909836
        ],
        [
            0.09487640112638474,
            -0.026620961725711823,
            -0.0009288042783737183
        ],
        [
            0.15626542270183563,
            0.02758074551820755,
            -0.04023822396993637
        ],
        [
            0.14173871278762817,
            0.020181909203529358,
            -0.023825526237487793
        ],
        [
            0.12975788116455078,
            0.02529197931289673,
            -0.010649867355823517
        ],
        [
            0.12424750626087189,
            0.049785926938056946,
            0.007483825087547302
        ],
        [
            0.1190161257982254,
            0.04373457655310631,
            0.01439720019698143
        ],
        [
            0.12510381639003754,
            0.03797150403261185,
            0.007696341723203659
        ],
        [
            0.12795962393283844,
            0.0445111021399498,
            0.0026081986725330353
        ],
        [
            0.11664086580276489,
            0.06364413350820541,
            0.0012843795120716095
        ],
        [
            0.12408889085054398,
            0.06049158424139023,
            0.0021574869751930237
        ],
        [
            0.12796834111213684,
            0.06609044224023819,
            -0.003569718450307846
        ],
        [
            0.12179356068372726,
            0.07082979381084442,
            -0.005146954208612442
        ],
        [
            0.16366791725158691,
            -0.013907304033637047,
            -0.027459364384412766
        ],
        [
            0.14831013977527618,
            -0.016550613567233086,
            -0.02990776114165783
        ],
        [
            0.09466846287250519,
            0.029026467353105545,
            0.024664711207151413
        ],
        [
            0.09110808372497559,
            0.02261577546596527,
            0.027386195957660675
        ],
        [
            0.085068479180336,
            0.01722737029194832,
            0.030056681483983994
        ],
        [
            0.12075512111186981,
            0.014782354235649109,
            0.007280025631189346
        ],
        [
            0.11378754675388336,
            0.00666118785738945,
            0.01674409583210945
        ],
        [
            0.11587445437908173,
            0.0036821216344833374,
            0.014471367001533508
        ],
        [
            0.1211874783039093,
            0.012754622846841812,
            0.004322238266468048
        ],
        [
            0.13427478075027466,
            0.007553091272711754,
            -0.0031153149902820587
        ],
        [
            0.12990641593933105,
            0.0008302405476570129,
            0.007639236748218536
        ],
        [
            0.14562547206878662,
            0.0069724759086966515,
            -0.005022283643484116
        ],
        [
            0.1055053323507309,
            -0.005659382790327072,
            0.01861681044101715
        ],
        [
            0.09757579863071442,
            -0.004239518195390701,
            0.02612079307436943
        ],
        [
            0.09905438125133514,
            -0.011881303042173386,
            0.021792344748973846
        ],
        [
            0.09373411536216736,
            0.004154074937105179,
            0.029479432851076126
        ],
        [
            0.0895066037774086,
            0.011842183768749237,
            0.031159143894910812
        ],
        [
            0.06570505350828171,
            0.024156317114830017,
            0.011272542178630829
        ],
        [
            0.09995514154434204,
            -0.018191706389188766,
            0.016367755830287933
        ],
        [
            0.165798157453537,
            -0.0032783206552267075,
            -0.0031833723187446594
        ],
        [
            0.1736808717250824,
            -0.0053646862506866455,
            -0.007109079509973526
        ],
        [
            0.17169995605945587,
            0.0003774631768465042,
            -0.011256258934736252
        ],
        [
            0.1643364280462265,
            0.0025647543370723724,
            -0.008560694754123688
        ],
        [
            0.156968891620636,
            0.014110330492258072,
            -0.06182548776268959
        ],
        [
            0.16130153834819794,
            0.01369573175907135,
            -0.055409371852874756
        ],
        [
            0.15737588703632355,
            0.008829155005514622,
            -0.04796409234404564
        ],
        [
            0.11851102858781815,
            0.02404601499438286,
            0.017007477581501007
        ],
        [
            0.1105453222990036,
            0.03232971578836441,
            0.022344082593917847
        ],
        [
            0.16247092187404633,
            0.028611160814762115,
            -0.047565773129463196
        ],
        [
            0.1779453605413437,
            0.03843086212873459,
            -0.07704140990972519
        ],
        [
            0.18154488503932953,
            0.03496117889881134,
            -0.07403703033924103
        ],
        [
            0.16789552569389343,
            0.023959143087267876,
            -0.06825324147939682
        ],
        [
            0.16431808471679688,
            0.028282208368182182,
            -0.07217229902744293
        ],
        [
            0.1628146469593048,
            0.037601955235004425,
            -0.05465145409107208
        ],
        [
            0.16467417776584625,
            0.03179636225104332,
            -0.05087408050894737
        ],
        [
            0.16551735997200012,
            0.03406790271401405,
            -0.05274895206093788
        ],
        [
            0.1643921583890915,
            0.04017992317676544,
            -0.05480996146798134
        ],
        [
            0.14852629601955414,
            0.061725374311208725,
            -0.03183678537607193
        ],
        [
            0.14455147087574005,
            0.05787528306245804,
            -0.027073057368397713
        ],
        [
            0.1416800320148468,
            0.03594021871685982,
            -0.06107848510146141
        ],
        [
            0.14259134232997894,
            0.023645102977752686,
            -0.06663630902767181
        ],
        [
            0.1361284852027893,
            0.01724635437130928,
            -0.05867806822061539
        ],
        [
            0.1395767629146576,
            0.04085269942879677,
            -0.022809112444519997
        ],
        [
            0.14532135426998138,
            0.046972159296274185,
            -0.029139380902051926
        ],
        [
            0.14361661672592163,
            0.049910642206668854,
            -0.026732685044407845
        ],
        [
            0.15677350759506226,
            0.03221039101481438,
            -0.04181188717484474
        ],
        [
            0.1609533131122589,
            0.034507136791944504,
            -0.04790347442030907
        ],
        [
            0.15769444406032562,
            0.03711244836449623,
            -0.045072995126247406
        ],
        [
            0.15343452990055084,
            0.03544941172003746,
            -0.038829512894153595
        ],
        [
            0.10220344364643097,
            0.054645657539367676,
            0.0003689192235469818
        ],
        [
            0.10999827086925507,
            0.05542020499706268,
            0.00906943529844284
        ],
        [
            0.19127053022384644,
            0.03943955898284912,
            -0.06992087513208389
        ],
        [
            0.18763509392738342,
            0.03691054880619049,
            -0.06965571641921997
        ],
        [
            0.13318346440792084,
            0.034676436334848404,
            -0.015547320246696472
        ],
        [
            0.12820850312709808,
            0.010359540581703186,
            -0.04854677990078926
        ],
        [
            0.12782466411590576,
            0.029114071279764175,
            -0.007118236273527145
        ],
        [
            0.1287686824798584,
            0.06680142879486084,
            -0.03555259853601456
        ],
        [
            0.1342717856168747,
            0.06923982501029968,
            -0.029421087354421616
        ],
        [
            0.13842637836933136,
            0.07082150131464005,
            -0.03214725852012634
        ],
        [
            0.13545089960098267,
            0.07095355540513992,
            -0.037851519882678986
        ],
        [
            0.17517434060573578,
            0.049583952873945236,
            -0.06097112223505974
        ],
        [
            0.17912299931049347,
            0.046100519597530365,
            -0.05857810005545616
        ],
        [
            0.1828686147928238,
            0.04883866012096405,
            -0.06051670387387276
        ],
        [
            0.17947280406951904,
            0.05256979167461395,
            -0.06337413936853409
        ],
        [
            0.16616368293762207,
            0.026102572679519653,
            -0.05129769444465637
        ],
        [
            0.16640324890613556,
            0.020231731235980988,
            -0.05405540019273758
        ],
        [
            0.17039549350738525,
            0.025026803836226463,
            -0.05653563514351845
        ],
        [
            0.1684434860944748,
            0.030000848695635796,
            -0.05392618477344513
        ],
        [
            0.16545505821704865,
            0.018533838912844658,
            -0.060138262808322906
        ],
        [
            0.16989076137542725,
            0.0227137990295887,
            -0.06238128989934921
        ],
        [
            0.17211662232875824,
            0.050612255930900574,
            -0.06664474308490753
        ],
        [
            0.171549990773201,
            0.04788894206285477,
            -0.07365040481090546
        ],
        [
            0.15900836884975433,
            0.0401625782251358,
            -0.06835464388132095
        ],
        [
            0.1623755693435669,
            0.043041739612817764,
            -0.06161341816186905
        ],
        [
            0.09518556296825409,
            0.0319829098880291,
            -0.018761157989501953
        ],
        [
            0.09310238063335419,
            0.03915739431977272,
            -0.01044907420873642
        ],
        [
            0.10300908982753754,
            0.0481543093919754,
            -0.017559204250574112
        ],
        [
            0.11174885928630829,
            0.05770665407180786,
            -0.02505994215607643
        ],
        [
            0.12105380743741989,
            0.06544241309165955,
            -0.03207285329699516
        ],
        [
            0.12209656834602356,
            0.058290995657444,
            -0.04200444370508194
        ],
        [
            0.10117429494857788,
            0.052103765308856964,
            -0.010577443987131119
        ],
        [
            0.15575890243053436,
            0.04106655716896057,
            -0.058884426951408386
        ],
        [
            0.15063951909542084,
            0.03531750291585922,
            -0.06459998339414597
        ],
        [
            0.1496458649635315,
            0.04002123326063156,
            -0.06170177087187767
        ],
        [
            0.12704703211784363,
            0.03451237082481384,
            -0.0019721314311027527
        ],
        [
            0.18365804851055145,
            0.033912114799022675,
            -0.06927482038736343
        ],
        [
            0.08705664426088333,
            -0.011413674801588058,
            -0.014913562685251236
        ],
        [
            0.08022817969322205,
            0.00019328296184539795,
            -0.013270992785692215
        ],
        [
            0.08720923215150833,
            0.002307109534740448,
            -0.0182492695748806
        ],
        [
            0.09564963728189468,
            -0.010770052671432495,
            -0.0194915309548378
        ],
        [
            0.1826222687959671,
            0.040243275463581085,
            -0.05939558893442154
        ],
        [
            0.18456250429153442,
            0.03560945391654968,
            -0.06322062015533447
        ],
        [
            0.14288020133972168,
            0.06322340667247772,
            -0.02338758297264576
        ],
        [
            0.14603130519390106,
            0.06577199697494507,
            -0.028477642685174942
        ],
        [
            0.14386741816997528,
            0.06929996609687805,
            -0.02855791710317135
        ],
        [
            0.1425178349018097,
            0.06876186281442642,
            -0.02198871225118637
        ],
        [
            0.09188145399093628,
            0.041603006422519684,
            -0.005115728825330734
        ],
        [
            0.12427672743797302,
            0.07792022079229355,
            -0.015078676864504814
        ],
        [
            0.12115312367677689,
            0.07470902800559998,
            -0.024988975375890732
        ],
        [
            0.08453334122896194,
            0.03105778992176056,
            -0.0045925527811050415
        ],
        [
            0.08575478941202164,
            0.024898536503314972,
            -0.012131363153457642
        ],
        [
            0.07880999892950058,
            0.020279645919799805,
            -0.00701523944735527
        ],
        [
            0.1326976716518402,
            0.05255649983882904,
            -0.0517861470580101
        ],
        [
            0.09876519441604614,
            0.027562860399484634,
            -0.025360992178320885
        ],
        [
            0.08894264698028564,
            0.020300280302762985,
            -0.017413590103387833
        ],
        [
            0.08078332990407944,
            0.014564525336027145,
            -0.01154739037156105
        ],
        [
            0.07434019446372986,
            0.011161308735609055,
            -0.007408645004034042
        ],
        [
            0.07293862104415894,
            0.017745856195688248,
            -0.0027629733085632324
        ],
        [
            0.17437154054641724,
            0.043622441589832306,
            -0.07638482749462128
        ],
        [
            0.176981121301651,
            0.051036130636930466,
            -0.07502426952123642
        ],
        [
            0.06500998139381409,
            0.01547277346253395,
            0.001133739948272705
        ],
        [
            0.06739410758018494,
            0.007952723652124405,
            -0.0038126446306705475
        ],
        [
            0.09298080950975418,
            0.013837989419698715,
            -0.022678568959236145
        ],
        [
            0.0990770161151886,
            0.005338996648788452,
            -0.027879983186721802
        ],
        [
            0.1024923026561737,
            0.021101506426930428,
            -0.02999582514166832
        ],
        [
            0.10906605422496796,
            0.013440102338790894,
            -0.03595195710659027
        ],
        [
            0.13104207813739777,
            0.04412083327770233,
            -0.05863340198993683
        ],
        [
            0.1925887167453766,
            0.06129584461450577,
            -0.07550625503063202
        ],
        [
            0.18236896395683289,
            0.056648317724466324,
            -0.07235441356897354
        ],
        [
            0.18373453617095947,
            0.05589611828327179,
            -0.06671427190303802
        ],
        [
            0.19229623675346375,
            0.06194869056344032,
            -0.07113611698150635
        ],
        [
            0.17706923186779022,
            0.05354434996843338,
            -0.06874055415391922
        ],
        [
            0.18234533071517944,
            0.053379129618406296,
            -0.07709522545337677
        ],
        [
            0.11920136213302612,
            0.0018014274537563324,
            -0.038741592317819595
        ],
        [
            0.16117039322853088,
            0.04039207473397255,
            -0.05119934678077698
        ],
        [
            0.11111590266227722,
            -0.009245458990335464,
            -0.028060656040906906
        ],
        [
            0.13507294654846191,
            -0.007272321730852127,
            -0.04126034677028656
        ],
        [
            0.1305687576532364,
            -0.015536721795797348,
            -0.03132231906056404
        ],
        [
            0.10442196577787399,
            -0.021269261837005615,
            -0.016222771257162094
        ],
        [
            0.12161669135093689,
            -0.02387285605072975,
            -0.019867077469825745
        ],
        [
            0.08783270418643951,
            -0.02189370058476925,
            -0.007935639470815659
        ],
        [
            0.0952303558588028,
            -0.020167607814073563,
            -0.012615270912647247
        ],
        [
            0.13977347314357758,
            -0.023515887558460236,
            -0.020948030054569244
