{
    "pred_cam": [
        10.772274017333984,
        0.12888699769973755,
        -0.04139306768774986
    ],
    "pred_mano_params": {
        "global_orient": [
            [
                [
                    -0.5589081048965454,
                    -0.16938059031963348,
                    -0.8117462396621704
                ],
                [
                    -0.5126762390136719,
                    -0.6988226771354675,
                    0.49880847334861755
                ],
                [
                    -0.6517552137374878,
                    0.694951057434082,
                    0.3037402629852295
                ]
            ]
        ],
        "hand_pose": [
            [
                [
                    0.6012927293777466,
                    -0.7946490049362183,
                    -0.08354592323303223
                ],
                [
                    0.7926590442657471,
                    0.6064058542251587,
                    -0.06295657902956009
                ],
                [
                    0.10069113969802856,
                    -0.02836810052394867,
                    0.9945131540298462
                ]
            ],
            [
                [
                    0.3306923508644104,
                    -0.9183184504508972,
                    0.21756327152252197
                ],
                [
                    0.9346693754196167,
                    0.2868092954158783,
                    -0.21007993817329407
                ],
                [
                    0.13052110373973846,
                    0.2728215456008911,
                    0.9531697630882263
                ]
            ],
            [
                [
                    0.8083276152610779,
                    -0.5726487636566162,
                    0.136674165725708
                ],
                [
                    0.5700215697288513,
                    0.8193182349205017,
                    0.06158716231584549
                ],
                [
                    -0.14724744856357574,
                    0.028124619275331497,
                    0.988699734210968
                ]
            ],
            [
                [
                    0.5209531784057617,
                    -0.8308532238006592,
                    -0.19568032026290894
                ],
                [
                    0.8519766926765442,
                    0.5201910734176636,
                    0.059472545981407166
                ],
                [
                    0.05237818881869316,
                    -0.1976974904537201,
                    0.9788627624511719
                ]
            ],
            [
                [
                    0.6105053424835205,
                    -0.7644575834274292,
                    -0.20709355175495148
                ],
                [
                    0.7919455170631409,
                    0.5858256220817566,
                    0.1721353977918625
                ],
                [
                    -0.010269512422382832,
                    -0.26909640431404114,
                    0.9630584120750427
                ]
            ],
            [
                [
                    0.7713896632194519,
                    -0.6361334323883057,
                    0.017092788591980934
                ],
                [
                    0.6350990533828735,
                    0.771271824836731,
                    0.04229603707790375
                ],
                [
                    -0.040089111775159836,
                    -0.021771112456917763,
                    0.9989588260650635
                ]
            ],
            [
                [
                    0.5700551867485046,
                    -0.7912200093269348,
                    0.22137752175331116
                ],
                [
                    0.7134667634963989,
                    0.6103339195251465,
                    0.34417691826820374
                ],
                [
                    -0.4074338674545288,
                    -0.03825432434678078,
                    0.9124331474304199
                ]
            ],
            [
                [
                    0.648230254650116,
                    -0.7445229291915894,
                    -0.15963461995124817
                ],
                [
                    0.5956836342811584,
                    0.36525821685791016,
                    0.7153652906417847
                ],
                [
                    -0.47429797053337097,
                    -0.5588131546974182,
                    0.680271565914154
                ]
            ],
            [
                [
                    0.8684353828430176,
                    -0.4933262765407562,
                    0.04948970675468445
                ],
                [
                    0.39260396361351013,
                    0.7452003955841064,
                    0.5390163064002991
                ],
                [
                    -0.30279064178466797,
                    -0.4486709535121918,
                    0.840840220451355
                ]
            ],
            [
                [
                    0.6514687538146973,
                    -0.756545901298523,
                    0.056805361062288284
                ],
                [
                    0.7582992315292358,
                    0.6516756415367126,
                    -0.01735321618616581
                ],
                [
                    -0.023890167474746704,
                    0.05438053980469704,
                    0.9982344508171082
                ]
            ],
            [
                [
                    0.6473256349563599,
                    -0.7383946776390076,
                    -0.18905790150165558
                ],
                [
                    0.7137399315834045,
                    0.500173807144165,
                    0.4903075695037842
                ],
                [
                    -0.26747867465019226,
                    -0.45232683420181274,
                    0.8507971167564392
                ]
            ],
            [
                [
                    0.7357496023178101,
                    -0.6772518754005432,
                    0.0015479748835787177
                ],
                [
                    0.6463063359260559,
                    0.7028105854988098,
                    0.29722946882247925
                ],
                [
                    -0.20238713920116425,
                    -0.2176860123872757,
                    0.9548047780990601
                ]
            ],
            [
                [
                    0.955791711807251,
                    0.2534724175930023,
                    0.14904315769672394
                ],
                [
                    -0.11945274472236633,
                    0.797869861125946,
                    -0.5908762216567993
                ],
                [
                    -0.2686878740787506,
                    0.5469509959220886,
                    0.792875349521637
                ]
            ],
            [
                [
                    0.9885912537574768,
                    -0.1501951962709427,
                    0.011347332037985325
                ],
                [
                    0.1148705929517746,
                    0.8005213737487793,
                    0.588192343711853
                ],
                [
                    -0.09742745757102966,
                    -0.5801783204078674,
                    0.8086414337158203
                ]
            ],
            [
                [
                    0.7393049597740173,
                    -0.6374664902687073,
                    -0.21694400906562805
                ],
                [
                    0.2953965663909912,
                    0.596548855304718,
                    -0.7462375164031982
                ],
                [
                    0.6051190495491028,
                    0.4876125454902649,
                    0.629336953163147
                ]
            ]
        ],
        "betas": [
            -0.1598818600177765,
            -0.09409600496292114,
            0.019153684377670288,
            -0.007114022970199585,
            -0.009921431541442871,
            0.015584740787744522,
            0.011181622743606567,
            0.024763241410255432,
            -0.03273339569568634,
            -0.047828882932662964
        ]
    },
    "pred_cam_t": [
        -0.12888699769973755,
        -0.04139306768774986,
        3.6262073516845703
    ],
    "focal_length": [
        5000.0,
        5000.0
    ],
    "pred_keypoints_3d": [
        [
            0.09642155468463898,
            0.006450601853430271,
            0.006245590280741453
        ],
        [
            0.09145359694957733,
            0.042850032448768616,
            0.019081419333815575
        ],
        [
            0.08156576007604599,
            0.07062476128339767,
            0.028768913820385933
        ],
        [
            0.07585370540618896,
            0.09394945204257965,
            0.041702333837747574
        ],
        [
            0.09007661044597626,
            0.12475748360157013,
            0.037825070321559906
        ],
        [
            0.13001790642738342,
            0.06599149852991104,
            0.06680454313755035
        ],
        [
            0.14790959656238556,
            0.09388522803783417,
            0.06499467045068741
        ],
        [
            0.14615005254745483,
            0.09756983071565628,
            0.043038662523031235
        ],
        [
            0.13639123737812042,
            0.09112654626369476,
            0.021137043833732605
        ],
        [
            0.15277838706970215,
            0.05470732972025871,
            0.06635940074920654
        ],
        [
            0.17265667021274567,
            0.07784362137317657,
            0.05684510990977287
        ],
        [
            0.17021331191062927,
            0.08704419434070587,
            0.03542063757777214
        ],
        [
            0.1567348837852478,
            0.0902584120631218,
            0.013934619724750519
        ],
        [
            0.16503961384296417,
            0.038029350340366364,
            0.04902708902955055
        ],
        [
            0.1834278404712677,
            0.06053648889064789,
            0.04701477661728859
        ],
        [
            0.18311211466789246,
            0.07275784015655518,
            0.025210686028003693
        ],
        [
            0.16940206289291382,
            0.07940415292978287,
            0.005118511617183685
        ],
        [
            0.17230993509292603,
            0.0272284634411335,
            0.03125453367829323
        ],
        [
            0.18580277264118195,
            0.04304209351539612,
            0.026591237634420395
        ],
        [
            0.179454505443573,
            0.051977384835481644,
            0.01092425175011158
        ],
        [
            0.16336505115032196,
            0.0552520677447319,
            0.0004686109023168683
        ]
    ],
    "pred_vertices": [
        [
            0.11344645917415619,
            0.05377476289868355,
            0.032419923692941666
        ],
        [
            0.10841231793165207,
            0.051049329340457916,
            0.024516578763723373
        ],
        [
            0.10494314134120941,
            0.06245874613523483,
            0.02843470126390457
        ],
        [
            0.11015991866588593,
            0.06360850483179092,
            0.03638484701514244
        ],
        [
            0.09573253244161606,
            0.058813586831092834,
            0.008313126862049103
        ],
        [
            0.08495642244815826,
            0.056637946516275406,
            0.0044787004590034485
        ],
        [
            0.08302506059408188,
            0.07095697522163391,
            0.012849822640419006
        ],
        [
            0.09189999848604202,
            0.07271189987659454,
            0.014874361455440521
        ],
        [
            0.10569903999567032,
            0.0710543617606163,
            0.04156866297125816
        ],
        [
            0.10190116614103317,
            0.0713043063879013,
            0.03198239952325821
        ],
        [
            0.09878311306238174,
            0.07187470048666,
            0.04580216854810715
        ],
        [
            0.10420718044042587,
            0.06666889786720276,
            0.05754883587360382
        ],
        [
            0.10960855334997177,
            0.06861169636249542,
            0.051257722079753876
        ],
        [
            0.11022529006004333,
            0.0657799020409584,
            0.06472113728523254
        ],
        [
            0.098422572016716,
            0.05664830282330513,
            0.05981684476137161
        ],
        [
            0.11175241321325302,
            0.05779477208852768,
            0.07071153074502945
        ],
        [
            0.11490676552057266,
            0.029869813472032547,
            0.057473111897706985
        ],
        [
            0.12361776828765869,
            0.02095518261194229,
            0.051523927599191666
        ],
        [
            0.1355157047510147,
            0.029027225449681282,
            0.06236618012189865
        ],
        [
            0.1257190853357315,
            0.03809686005115509,
            0.06671580672264099
        ],
        [
            0.14430834352970123,
            0.017181623727083206,
            0.04691603034734726
        ],
        [
            0.14006932079792023,
            0.02404591627418995,
            0.055907584726810455
        ],
        [
            0.12818759679794312,
            0.015049215406179428,
            0.04616044834256172
        ],
        [
            0.13261878490447998,
            0.009528722614049911,
            0.038541071116924286
        ],
        [
            0.11992969363927841,
            0.03935243934392929,
            0.024182438850402832
        ],
        [
            0.11500030010938644,
            0.034646227955818176,
            0.016356080770492554
        ],
        [
            0.11248543858528137,
            0.03963951766490936,
            0.020128197968006134
        ],
        [
            0.11697381734848022,
            0.04376014694571495,
            0.027085229754447937
        ],
        [
            0.08392457664012909,
            0.07233565300703049,
            0.044293634593486786
        ],
        [
            0.08507581800222397,
            0.06209351494908333,
            0.04584444314241409
        ],
        [
            0.09196746349334717,
            0.06616178900003433,
            0.04873193800449371
        ],
        [
            0.08804106712341309,
            0.07590289413928986,
            0.04310500994324684
        ],
        [
            0.10808641463518143,
            0.02130073308944702,
            -0.009438566863536835
        ],
        [
            0.09832422435283661,
            0.012127436697483063,
            -0.012293398380279541
        ],
        [
            0.09398505091667175,
            0.015095081180334091,
            -0.00961364060640335
        ],
        [
            0.10410601645708084,
            0.022557083517313004,
            -0.007078133523464203
        ],
        [
            0.0834091454744339,
            0.033464957028627396,
            -0.0017507001757621765
        ],
        [
            0.07990366965532303,
            0.02332192286849022,
            -0.0024315714836120605
        ],
        [
            0.0675617903470993,
            0.019329771399497986,
            0.0037004873156547546
        ],
        [
            0.07012037932872772,
            0.027902401983737946,
            0.007576443254947662
        ],
        [
            0.08496871590614319,
            0.04521014913916588,
            0.0007439255714416504
        ],
        [
            0.07293948531150818,
            0.04034474864602089,
            0.006836339831352234
        ],
        [
            0.07530413568019867,
            0.05178685113787651,
            0.008770391345024109
        ],
        [
            0.07553549110889435,
            0.06549480557441711,
            0.016149383038282394
        ],
        [
            0.10744909197092056,
            0.0036142244935035706,
            -0.015897832810878754
        ],
        [
            0.11593541502952576,
            0.009391997009515762,
            -0.0148126520216465
        ],
        [
            0.1361514925956726,
            0.0900370255112648,
            0.05592411011457443
        ],
        [
            0.14073771238327026,
            0.08650092780590057,
            0.053327303379774094
        ],
        [
            0.13966649770736694,
            0.08598636835813522,
            0.05405069515109062
        ],
        [
            0.1357003152370453,
            0.08942244946956635,
            0.05678350478410721
        ],
        [
            0.11919695138931274,
            -0.009409986436367035,
            -0.005354501307010651
        ],
        [
            0.11754973232746124,
            -0.01517488807439804,
            0.002893105149269104
        ],
        [
            0.11376489698886871,
            -0.018224593251943588,
            -0.0026425793766975403
        ],
        [
            0.11358757317066193,
            -0.012007705867290497,
            -0.00984811782836914
        ],
        [
            0.12655481696128845,
            -0.005900565534830093,
            0.0005851313471794128
        ],
        [
            0.12251584976911545,
            -0.010242674499750137,
            0.010336890816688538
        ],
        [
            0.1418628990650177,
            0.09939303994178772,
            0.06296387314796448
        ],
        [
            0.13733763992786407,
            0.09763792902231216,
            0.060551367700099945
        ],
        [
            0.1373380571603775,
            0.09581121057271957,
            0.0644720122218132
        ],
        [
            0.1420009285211563,
            0.09607940912246704,
            0.06759980320930481
        ],
        [
            0.11453169584274292,
            0.06523910164833069,
            0.04452173039317131
        ],
        [
            0.11884267628192902,
            0.05806490778923035,
            0.038754355162382126
        ],
        [
            0.12618660926818848,
            0.06884592026472092,
            0.05501212924718857
        ],
        [
            0.1244417279958725,
            0.06411010771989822,
            0.04956057667732239
        ],
        [
            0.11820704489946365,
            0.06696846336126328,
            0.05246257036924362
        ],
        [
            0.12038900703191757,
            0.07005827128887177,
            0.057508066296577454
        ],
        [
            0.13648433983325958,
            0.0471583791077137,
            0.03767622262239456
        ],
        [
            0.12891869246959686,
            0.041793204843997955,
            0.030481260269880295
        ],
        [
            0.12584103643894196,
            0.0465068519115448,
            0.03427044302225113
        ],
        [
            0.1330072283744812,
            0.053766340017318726,
            0.04216295853257179
        ],
        [
            0.13769154250621796,
            0.03467446565628052,
            0.021653104573488235
        ],
        [
            0.14435918629169464,
            0.040192581713199615,
            0.029798360541462898
        ],
        [
            0.14852887392044067,
            0.035418566316366196,
            0.023860469460487366
        ],
        [
            0.1432037055492401,
            0.033097878098487854,
            0.01840241253376007
        ],
        [
            0.15269160270690918,
            0.050631988793611526,
            0.045354653149843216
        ],
        [
            0.15546002984046936,
            0.05321285128593445,
            0.049537524580955505
        ],
        [
            0.15915222465991974,
            0.05298442021012306,
            0.0471075139939785
        ],
        [
            0.15473389625549316,
            0.04858502000570297,
            0.04292859882116318
        ],
        [
            0.10947942733764648,
            -0.021746546030044556,
            -0.007190592586994171
        ],
        [
            0.10757943242788315,
            -0.01428249478340149,
            -0.013478517532348633
        ],
        [
            0.15465641021728516,
            0.007802840322256088,
            0.02959093451499939
        ],
        [
            0.15565600991249084,
            0.0075243450701236725,
            0.018240787088871002
        ],
        [
            0.16674599051475525,
            0.012591363862156868,
            0.024181848391890526
        ],
        [
            0.16301855444908142,
            0.01121922954916954,
            0.03553897514939308
        ],
        [
            0.11287182569503784,
            -0.015657082200050354,
            0.012280825525522232
        ],
        [
            0.11043554544448853,
            -0.020684439688920975,
            0.006657540798187256
        ],
        [
            0.1484297513961792,
            0.09834477305412292,
            0.06386496126651764
        ],
        [
            0.1484975814819336,
            0.0948932096362114,
            0.06817737221717834
        ],
        [
            0.07043434679508209,
            0.043061017990112305,
            0.018963955342769623
        ],
        [
            0.07178099453449249,
            0.060105420649051666,
            0.023195061832666397
        ],
        [
            0.0688180923461914,
            0.029471449553966522,
            0.017041098326444626
        ],
        [
            0.06767471134662628,
            0.019669365137815475,
            0.01575963944196701
        ],
        [
            0.06407727301120758,
            0.012618713080883026,
            0.013122063130140305
        ],
        [
            0.13114190101623535,
            0.06233639270067215,
            0.04948345199227333
        ],
        [
            0.12054377794265747,
            0.049840521067380905,
            0.03383922949433327
        ],
        [
            0.12286534905433655,
            0.036114491522312164,
            0.02123764157295227
        ],
        [
            0.14546704292297363,
            0.023793116211891174,
            0.003570444881916046
        ],
        [
            0.13833019137382507,
            0.019717855378985405,
            -0.0031378306448459625
        ],
        [
            0.13410118222236633,
            0.027430949732661247,
            0.003192134201526642
        ],
        [
            0.14116665720939636,
            0.028961865231394768,
            0.00819982960820198
        ],
        [
            0.15736907720565796,
            0.01349918358027935,
            0.010383713990449905
        ],
        [
            0.15592706203460693,
            0.0214238241314888,
            0.009022220969200134
        ],
        [
            0.16217738389968872,
            0.024275224655866623,
            0.014501065015792847
        ],
        [
            0.1654644012451172,
            0.01732410490512848,
            0.016441941261291504
        ],
        [
            0.07659336924552917,
            0.07096214592456818,
            0.042470358312129974
        ],
        [
            0.07878004014492035,
            0.05944453179836273,
            0.0418689101934433
        ],
        [
            0.11821165680885315,
            -0.0011979714035987854,
            -0.012177810072898865
        ],
        [
            0.11104811728000641,
            -0.0033291280269622803,
            -0.014717821031808853
        ],
        [
            0.10431580245494843,
            -0.008103251457214355,
            -0.017086908221244812
        ],
        [
            0.1110716462135315,
            0.02919788658618927,
            0.0034435540437698364
        ],
        [
            0.10143272578716278,
            0.023587990552186966,
            -0.00554695725440979
        ],
        [
            0.0992385745048523,
            0.026967421174049377,
            -0.003577321767807007
        ],
        [
            0.10967563837766647,
            0.030817655846476555,
            0.006154835224151611
        ],
        [
            0.10532771795988083,
            0.04862406849861145,
            0.014038465917110443
        ],
        [
            0.09800513833761215,
            0.0439421609044075,
            0.003020472824573517
        ],
        [
            0.10252981632947922,
            0.061736349016427994,
            0.018313512206077576
        ],
        [
            0.0870739072561264,
            0.018140368163585663,
            -0.007010959088802338
        ],
        [
            0.08627645671367645,
            0.009499121457338333,
            -0.014009729027748108
        ],
        [
            0.07918144762516022,
            0.012995336204767227,
            -0.009830012917518616
        ],
        [
            0.09355953335762024,
            0.00351608544588089,
            -0.017073556780815125
        ],
        [
            0.10006240010261536,
            -0.0025672614574432373,
            -0.01847958192229271
        ],
        [
            0.10676028579473495,
            -0.027571506798267365,
            0.0030362382531166077
        ],
        [
            0.07317952811717987,
            0.015505388379096985,
            -0.004345625638961792
        ],
        [
            0.08799250423908234,
            0.0795225203037262,
            0.02096705138683319
        ],
        [
            0.0836925357580185,
            0.08465246856212616,
            0.025705255568027496
        ],
        [
            0.08936987817287445,
            0.08355022221803665,
            0.03114781156182289
        ],
        [
            0.09343564510345459,
            0.07884382456541061,
            0.027426179498434067
        ],
        [
            0.11726018786430359,
            0.06840048730373383,
            0.07011257857084274
        ],
        [
            0.11758903414011002,
            0.0711059495806694,
            0.06292674690485
        ],
        [
            0.11186280101537704,
            0.06832963228225708,
            0.05777260661125183
        ],
        [
            0.1188831627368927,
            0.023740598931908607,
            -0.005866069346666336
        ],
        [
            0.12515465915203094,
            0.013658639043569565,
            -0.010738600045442581
        ],
        [
            0.1325014978647232,
            0.06749456375837326,
            0.05485362559556961
        ],
        [
            0.14058443903923035,
            0.0925535038113594,
            0.07068872451782227
        ],
        [
            0.13539236783981323,
            0.09311570227146149,
            0.06731080263853073
        ],
        [
            0.12583820521831512,
            0.0785127505660057,
            0.07026518136262894
        ],
        [
            0.1312764436006546,
            0.07726632803678513,
            0.07487200200557709
        ],
        [
            0.14049634337425232,
            0.06796655058860779,
            0.059598252177238464
        ],
        [
            0.13435332477092743,
            0.06925264745950699,
            0.05569160729646683
        ],
        [
            0.13572731614112854,
            0.06999286264181137,
            0.05597228184342384
        ],
        [
            0.14238156378269196,
            0.06965772062540054,
            0.057576537132263184
        ],
        [
            0.16218064725399017,
            0.04699563980102539,
            0.040523432195186615
        ],
        [
            0.15803182125091553,
            0.043411534279584885,
            0.03665968030691147
        ],
        [
            0.1375131905078888,
            0.048562273383140564,
            0.07207845896482468
        ],
        [
            0.12599442899227142,
            0.05347708240151405,
            0.07870770245790482
        ],
        [
            0.11629454046487808,
            0.04659976437687874,
            0.07110078632831573
        ],
        [
            0.14033958315849304,
            0.04261676222085953,
            0.033032067120075226
        ],
        [
            0.14760321378707886,
            0.04699983447790146,
            0.039074741303920746
        ],
        [
            0.15006530284881592,
            0.04454771429300308,
            0.0367162823677063
        ],
        [
            0.13568104803562164,
            0.061945922672748566,
            0.050777070224285126
        ],
        [
            0.13831518590450287,
            0.06548254936933517,
            0.05555865168571472
        ],
        [
            0.14041998982429504,
            0.06183246895670891,
            0.05369080603122711
        ],
        [
            0.13812553882598877,
            0.05812881514430046,
            0.04808073490858078
        ],
        [
            0.1453292965888977,
            0.001492418348789215,
            0.0121072456240654
        ],
        [
            0.14778408408164978,
            0.008422290906310081,
            0.002873167395591736
        ],
        [
            0.13514971733093262,
            0.09414117783308029,
            0.05827314406633377
        ],
        [
            0.1348256915807724,
            0.0932217612862587,
            0.06051579862833023
        ],
        [
            0.13282261788845062,
            0.037463024258613586,
            0.026052337139844894
        ],
        [
            0.10747230798006058,
            0.03937040641903877,
            0.06021791696548462
        ],
        [
            0.12613075971603394,
            0.033116571605205536,
            0.017835769802331924
        ],
        [
            0.1644420623779297,
            0.02742290310561657,
            0.046976376324892044
        ],
        [
            0.16842228174209595,
            0.032038040459156036,
            0.04030900076031685
        ],
        [
            0.17056354880332947,
            0.036447662860155106,
            0.042054250836372375
        ],
        [
            0.16994532942771912,
            0.034460291266441345,
            0.04796656221151352
        ],
        [
            0.1497870683670044,
            0.08056379854679108,
            0.0560474619269371
        ],
        [
            0.1449037790298462,
            0.08254047483205795,
            0.05282317474484444
        ],
        [
            0.14551380276679993,
            0.08325763046741486,
            0.053660161793231964
        ],
        [
            0.15129224956035614,
            0.0829814076423645,
            0.055997900664806366
        ],
        [
            0.1286025047302246,
            0.07095517218112946,
            0.055775079876184464
        ],
        [
            0.12339629232883453,
            0.07296175509691238,
            0.058701034635305405
        ],
        [
            0.12614506483078003,
            0.07584694772958755,
            0.058067746460437775
        ],
        [
            0.1312912255525589,
            0.07300227880477905,
            0.055980000644922256
        ],
        [
            0.12112829089164734,
            0.07391877472400665,
            0.06447455286979675
        ],
        [
            0.12397044152021408,
            0.0776374414563179,
            0.06409589946269989
        ],
        [
            0.1530461311340332,
            0.08170424401760101,
            0.0617845356464386
        ],
        [
            0.15190906822681427,
            0.08645863831043243,
            0.0681212842464447
        ],
        [
            0.14432939887046814,
            0.0709303617477417,
            0.07155079394578934
        ],
        [
            0.146595299243927,
            0.07066396623849869,
            0.06400343775749207
        ],
        [
            0.12158361077308655,
            0.0012037381529808044,
            0.031658463180065155
        ],
        [
            0.12807124853134155,
            -0.00303051620721817,
            0.02344135195016861
        ],
        [
            0.1393200010061264,
            0.004934303462505341,
            0.03020300529897213
        ],
        [
            0.15098974108695984,
            0.011654354631900787,
            0.03751320391893387
        ],
        [
            0.16106347739696503,
            0.019407331943511963,
            0.04426613450050354
        ],
        [
            0.15458008646965027,
            0.022764140740036964,
            0.05438821390271187
        ],
        [
            0.14269991219043732,
            0.001756809651851654,
            0.023243965581059456
        ],
        [
            0.14272063970565796,
            0.06040918454527855,
            0.06574128568172455
        ],
        [
            0.13890579342842102,
            0.05981488898396492,
            0.07291792333126068
        ],
        [
            0.14172770082950592,
            0.05558064579963684,
            0.07010255753993988
        ],
        [
            0.13120189309120178,
            0.030769340693950653,
            0.012749902904033661
        ],
        [
            0.13298438489437103,
            0.09191830456256866,
            0.06232038140296936
        ],
        [
            0.07730136811733246,
            0.002688892185688019,
            0.02769303321838379
        ],
        [
            0.08690386265516281,
            -0.006396099925041199,
            0.02671195939183235
        ],
        [
            0.0907125174999237,
            0.00014381855726242065,
            0.031289298087358475
        ],
        [
            0.0801994800567627,
            0.01068752259016037,
            0.03159676492214203
        ],
        [
            0.1384815126657486,
            0.08620693534612656,
            0.0528702549636364
        ],
        [
            0.13372352719306946,
            0.08917678147554398,
            0.05652428790926933
        ],
        [
            0.16313005983829498,
            0.040585730224847794,
            0.03321227431297302
        ],
        [
            0.16619259119033813,
            0.04380073770880699,
            0.037595272064208984
        ],
        [
            0.1694430708885193,
            0.0414404533803463,
            0.03796638548374176
        ],
        [
            0.16898134350776672,
            0.03933160752058029,
            0.03202737867832184
        ],
        [
            0.13014720380306244,
            -0.005122072994709015,
            0.01812191680073738
        ],
        [
            0.17361664772033691,
            0.018673740327358246,
            0.025583872571587563
        ],
        [
            0.17022809386253357,
            0.017018763348460197,
            0.03632713109254837
        ],
        [
            0.11806236952543259,
            -0.009806353598833084,
            0.017918944358825684
        ],
        [
            0.11236454546451569,
            -0.006720993667840958,
            0.02540605515241623
        ],
        [
            0.10617703199386597,
            -0.012739915400743484,
            0.020635128021240234
        ],
        [
            0.15138345956802368,
            0.03522123396396637,
            0.0629790648818016
        ],
        [
            0.11814525723457336,
            0.006141752004623413,
            0.03809404745697975
        ],
        [
            0.10863526165485382,
            -0.0022082291543483734,
            0.03051614761352539
        ],
        [
            0.10106277465820312,
            -0.009187955409288406,
            0.025043778121471405
        ],
        [
            0.09621216356754303,
            -0.014970328658819199,
            0.021249737590551376
        ],
        [
            0.10230421274900436,
            -0.018192514777183533,
            0.01673208177089691
        ],
        [
            0.14678417146205902,
            0.09004481136798859,
            0.07061341404914856
        ],
        [
            0.1545460820198059,
            0.09128642082214355,
            0.0653008446097374
        ],
        [
            0.09819008409976959,
            -0.025639548897743225,
            0.013243105262517929
        ],
        [
            0.09142065793275833,
            -0.02124529331922531,
            0.018025405704975128
        ],
        [
            0.10329601168632507,
            0.0034963004291057587,
            0.03555721044540405
        ],
        [
            0.09659643471240997,
            0.011295817792415619,
            0.040217168629169464
        ],
        [
            0.11270090937614441,
            0.011552896350622177,
            0.042504701763391495
        ],
        [
            0.10675251483917236,
            0.01987798511981964,
            0.048055846244096756
        ],
        [
            0.1438014805316925,
            0.03598332405090332,
            0.07130774855613708
        ],
        [
            0.15481850504875183,
            0.09627936780452728,
            0.04722150042653084
        ],
        [
            0.15584659576416016,
            0.09032142162322998,
            0.05660101771354675
        ],
        [
            0.1525695025920868,
            0.08595044910907745,
            0.05410560220479965
        ],
        [
            0.15410839021205902,
            0.09215888381004333,
            0.04596022143959999
        ],
        [
            0.15471012890338898,
            0.08560194075107574,
            0.059996504336595535
        ],
        [
            0.15456900000572205,
            0.09461891651153564,
            0.060617633163928986
        ],
        [
            0.09727400541305542,
            0.03150125592947006,
            0.05019986629486084
        ],
        [
            0.14290748536586761,
            0.0643906220793724,
            0.05814379081130028
        ],
        [
            0.0851227343082428,
            0.02458282932639122,
            0.039250344038009644
        ],
        [
            0.08930075168609619,
            0.04775019735097885,
            0.05273299664258957
        ],
        [
            0.08072033524513245,
            0.04345257580280304,
            0.04234755039215088
        ],
        [
            0.07221648097038269,
            0.019757617264986038,
            0.027606897056102753
        ],
        [
            0.07195475697517395,
            0.035139866173267365,
            0.030610229820013046
        ],
        [
            0.06712290644645691,
            0.005264967679977417,
            0.020602475851774216
        ],
        [
            0.07089188694953918,
            0.01164834201335907,
            0.024715639650821686
        ],
        [
            0.07239639014005661,
            0.05036986246705055,
            0.03172207623720169
        ],
        [
            0.1383686363697052,
            0.09108948707580566,
            0.047710664570331573
        ],
        [
            0.14369745552539825,
            0.08790215104818344,
            0.04645282402634621
