{
    "pred_cam": [
        6.582717418670654,
        -0.17023207247257233,
        -0.04955136775970459
    ],
    "pred_mano_params": {
        "global_orient": [
            [
                [
                    -0.56893390417099,
                    -0.79169762134552,
                    0.22255142033100128
                ],
                [
                    -0.5694588422775269,
                    0.18401667475700378,
                    -0.8011582493782043
                ],
                [
                    0.5933218598365784,
                    -0.582539975643158,
                    -0.5555325746536255
                ]
            ]
        ],
        "hand_pose": [
            [
                [
                    0.7860564589500427,
                    -0.5600553154945374,
                    -0.2616356313228607
                ],
                [
                    0.5524578094482422,
                    0.826367974281311,
                    -0.10911629348993301
                ],
                [
                    0.27731844782829285,
                    -0.05877107009291649,
                    0.9589788317680359
                ]
            ],
            [
                [
                    0.9966522455215454,
                    0.016613591462373734,
                    0.08005222678184509
                ],
                [
                    -0.004031959921121597,
                    0.9879326224327087,
                    -0.15483182668685913
                ],
                [
                    -0.08165851980447769,
                    0.15399070084095,
                    0.9846922755241394
                ]
            ],
            [
                [
                    0.8557860851287842,
                    -0.5171253085136414,
                    0.014545964077115059
                ],
                [
                    0.4960848093032837,
                    0.8123423457145691,
                    -0.30659374594688416
                ],
                [
                    0.14673107862472534,
                    0.2695946991443634,
                    0.9517292976379395
                ]
            ],
            [
                [
                    0.8291303515434265,
                    -0.49071913957595825,
                    -0.26783859729766846
                ],
                [
                    0.4888794720172882,
                    0.8688201308250427,
                    -0.07841227948665619
                ],
                [
                    0.27118197083473206,
                    -0.06592679023742676,
                    0.9602676630020142
                ]
            ],
            [
                [
                    0.958337664604187,
                    -0.2836688458919525,
                    -0.03347993269562721
                ],
                [
                    0.2783389091491699,
                    0.901084840297699,
                    0.33252593874931335
                ],
                [
                    -0.06415899097919464,
                    -0.32799088954925537,
                    0.9424996376037598
                ]
            ],
            [
                [
                    0.8166334629058838,
                    -0.5424541234970093,
                    -0.1971127688884735
                ],
                [
                    0.5658372640609741,
                    0.8197858333587646,
                    0.0882004126906395
                ],
                [
                    0.11374559253454208,
                    -0.18356114625930786,
                    0.9764053225517273
                ]
            ],
            [
                [
                    0.5217903852462769,
                    -0.6568130850791931,
                    0.544363260269165
                ],
                [
                    0.6167547702789307,
                    0.7313113808631897,
                    0.2911994159221649
                ],
                [
                    -0.5893627405166626,
                    0.18379360437393188,
                    0.7866838574409485
                ]
            ],
            [
                [
                    0.9556822776794434,
                    -0.17465923726558685,
                    -0.23699286580085754
                ],
                [
                    0.22186152637004852,
                    0.9564284682273865,
                    0.18979497253894806
                ],
                [
                    0.19351725280284882,
                    -0.2339632660150528,
                    0.9527919292449951
                ]
            ],
            [
                [
                    0.8931639194488525,
                    -0.447785884141922,
                    0.04178518429398537
                ],
                [
                    0.43588876724243164,
                    0.8848024606704712,
                    0.1646985560655594
                ],
                [
                    -0.11072131991386414,
                    -0.12888911366462708,
                    0.985458493232727
                ]
            ],
            [
                [
                    0.7920313477516174,
                    -0.6099421977996826,
                    -0.02563052624464035
                ],
                [
                    0.6074307560920715,
                    0.7915710210800171,
                    -0.06665685027837753
                ],
                [
                    0.060945212841033936,
                    0.03722554072737694,
                    0.9974467158317566
                ]
            ],
            [
                [
                    0.9580488801002502,
                    -0.2809757888317108,
                    -0.05652468651533127
                ],
                [
                    0.27759769558906555,
                    0.8606585264205933,
                    0.42685651779174805
                ],
                [
                    -0.07128789275884628,
                    -0.4246404767036438,
                    0.9025511741638184
                ]
            ],
            [
                [
                    0.7974711656570435,
                    -0.4994494616985321,
                    -0.33851131796836853
                ],
                [
                    0.5740468502044678,
                    0.8008072376251221,
                    0.1708156019449234
                ],
                [
                    0.18576854467391968,
                    -0.3305418789386749,
                    0.9253280758857727
                ]
            ],
            [
                [
                    0.9986783266067505,
                    0.020777910947799683,
                    -0.04701053351163864
                ],
                [
                    -0.05007731541991234,
                    0.5993316173553467,
                    -0.7989329695701599
                ],
                [
                    0.011574741452932358,
                    0.8002310991287231,
                    0.5995799899101257
                ]
            ],
            [
                [
                    0.9185985922813416,
                    -0.25249937176704407,
                    -0.3040078580379486
                ],
                [
                    0.3807692229747772,
                    0.7714253664016724,
                    0.5098212361335754
                ],
                [
                    0.10578983277082443,
                    -0.5840778946876526,
                    0.8047742247581482
                ]
            ],
            [
                [
                    0.9406927227973938,
                    0.2591133713722229,
                    -0.21899202466011047
                ],
                [
                    -0.2574305236339569,
                    0.9655995965003967,
                    0.03669905290007591
                ],
                [
                    0.2209678590297699,
                    0.021852698177099228,
                    0.9750362038612366
                ]
            ]
        ],
        "betas": [
            -0.039874523878097534,
            -0.028359800577163696,
            -0.06476771831512451,
            0.002206951379776001,
            0.03613561391830444,
            0.008957631886005402,
            0.04838523268699646,
            -0.053964823484420776,
            0.014313474297523499,
            -0.019523531198501587
        ]
    },
    "pred_cam_t": [
        -0.17023207247257233,
        -0.04955136775970459,
        5.9340996742248535
    ],
    "focal_length": [
        5000.0,
        5000.0
    ],
    "pred_keypoints_3d": [
        [
            0.09593960642814636,
            0.0064001865684986115,
            0.006210378371179104
        ],
        [
            0.1277255117893219,
            -0.0034216362982988358,
            -0.01341219712048769
        ],
        [
            0.1566266119480133,
            -0.0065833404660224915,
            -0.023721009492874146
        ],
        [
            0.18054965138435364,
            0.0025646500289440155,
            -0.03276139497756958
        ],
        [
            0.20526182651519775,
            0.017865879461169243,
            -0.053998783230781555
        ],
        [
            0.15492942929267883,
            0.03917347267270088,
            -0.05467350780963898
        ],
        [
            0.18150874972343445,
            0.05847756564617157,
            -0.05888158082962036
        ],
        [
            0.20085646212100983,
            0.06950951367616653,
            -0.05866672098636627
        ],
        [
            0.22203384339809418,
            0.07941298186779022,
            -0.047579847276210785
        ],
        [
            0.15035007894039154,
            0.06289038062095642,
            -0.04735894501209259
        ],
        [
            0.17211689054965973,
            0.08605672419071198,
            -0.04690292105078697
        ],
        [
            0.19225475192070007,
            0.095754474401474,
            -0.04018857330083847
        ],
        [
            0.21345078945159912,
            0.09758630394935608,
            -0.02545449137687683
        ],
        [
            0.13974319398403168,
            0.0737503170967102,
            -0.025271601974964142
        ],
        [
            0.16375955939292908,
            0.08981095999479294,
            -0.0266722459346056
        ],
        [
            0.18543857336044312,
            0.09658929705619812,
            -0.016563085839152336
        ],
        [
            0.20261861383914948,
            0.09599126130342484,
            0.0028260350227355957
        ],
        [
            0.13345447182655334,
            0.07851427793502808,
            -0.0048800138756632805
        ],
        [
            0.15366432070732117,
            0.08470340818166733,
            -0.006128459237515926
        ],
        [
            0.17093504965305328,
            0.09015925973653793,
            -0.0003484850749373436
        ],
        [
            0.18634630739688873,
            0.09026449173688889,
            0.00992702879011631
        ]
    ],
    "pred_vertices": [
        [
            0.14195923507213593,
            0.018590986728668213,
            -0.022611767053604126
        ],
        [
            0.1373104751110077,
            0.013143448159098625,
            -0.015021488070487976
        ],
        [
            0.14667052030563354,
            0.011171229183673859,
            -0.01911095157265663
        ],
        [
            0.14978305995464325,
            0.015643831342458725,
            -0.027552049607038498
        ],
        [
            0.1427975296974182,
            -0.0016381088644266129,
            -0.0013689175248146057
        ],
        [
            0.14083558320999146,
            -0.013581700623035431,
            -0.001361459493637085
        ],
        [
            0.15579155087471008,
            -0.011553900316357613,
            -0.008933711796998978
        ],
        [
            0.15587396919727325,
            -0.001879299059510231,
            -0.006579726934432983
        ],
        [
            0.15513595938682556,
            0.013399185612797737,
            -0.03248346596956253
        ],
        [
            0.15422779321670532,
            0.009604031220078468,
            -0.022129185497760773
        ],
        [
            0.15462851524353027,
            0.010946126654744148,
            -0.03532850369811058
        ],
        [
            0.15058933198451996,
            0.01580418087542057,
            -0.04885076358914375
        ],
        [
            0.15382006764411926,
            0.01765386015176773,
            -0.042802534997463226
        ],
        [
            0.1504211723804474,
            0.021730804815888405,
            -0.05574934929609299
        ],
        [
            0.14005306363105774,
            0.012630747631192207,
            -0.05114134028553963
        ],
        [
            0.14241114258766174,
            0.025912556797266006,
            -0.0594065859913826
        ],
        [
            0.11767818033695221,
            0.03084293007850647,
            -0.042333487421274185
        ],
        [
            0.1120002269744873,
            0.03950241953134537,
            -0.0332743339240551
        ],
        [
            0.12170793116092682,
            0.05059640109539032,
            -0.041861146688461304
        ],
        [
            0.12721669673919678,
            0.040703050792217255,
            -0.04972630739212036
        ],
        [
            0.1145818680524826,
            0.05803605169057846,
            -0.023633643984794617
        ],
        [
            0.11888422071933746,
            0.05463965982198715,
            -0.03417244553565979
        ],
        [
            0.10822046548128128,
            0.04376785457134247,
            -0.026244493201375008
        ],
        [
            0.10506466776132584,
            0.04725663736462593,
            -0.01709560677409172
        ],
        [
            0.13136932253837585,
            0.0250740684568882,
            -0.011587284505367279
        ],
        [
            0.12593843042850494,
            0.019322197884321213,
            -0.004470538347959518
        ],
        [
            0.12882313132286072,
            0.016854241490364075,
            -0.009293705224990845
        ],
        [
            0.1341969072818756,
            0.022123493254184723,
            -0.015652015805244446
        ],
        [
            0.1579829901456833,
            0.0018037352710962296,
            -0.03578764945268631
        ],
        [
            0.14591993391513824,
            -0.0012134909629821777,
            -0.040274426341056824
        ],
        [
            0.14961856603622437,
            0.005966631695628166,
            -0.040217652916908264
        ],
        [
            0.16019877791404724,
            0.005560694262385368,
            -0.03207659348845482
        ],
        [
            0.11482112109661102,
            0.009675230830907822,
            0.02105281874537468
        ],
        [
            0.10383555293083191,
            0.0020766183733940125,
            0.023319650441408157
        ],
        [
            0.105063796043396,
            -0.002049509435892105,
            0.019287291914224625
        ],
        [
            0.11446789652109146,
            0.006029173731803894,
            0.017703179270029068
        ],
        [
            0.1187094897031784,
            -0.013944804668426514,
            0.006595056504011154
        ],
        [
            0.10829850286245346,
            -0.01563030108809471,
            0.007922612130641937
        ],
        [
            0.10108885169029236,
            -0.024320371448993683,
            0.00021995604038238525
        ],
        [
            0.1102992594242096,
            -0.022990025579929352,
            -0.004305779933929443
        ],
        [
            0.13027328252792358,
            -0.013535408303141594,
            0.002989061176776886
        ],
        [
            0.12383411824703217,
            -0.022860068827867508,
            -0.005302071571350098
        ],
        [
            0.1366412490606308,
            -0.021640494465827942,
            -0.008591238409280777
        ],
        [
            0.15307562053203583,
            -0.01780669391155243,
            -0.015377528965473175
        ],
        [
            0.0986805334687233,
            0.011683877557516098,
            0.030154284089803696
        ],
        [
            0.10633233189582825,
            0.01845424994826317,
            0.029877759516239166
        ],
        [
            0.19060800969600677,
            0.05366992950439453,
            -0.055776312947273254
        ],
        [
            0.18940545618534088,
            0.05770284682512283,
            -0.05173387750983238
        ],
        [
            0.18546012043952942,
            0.053940266370773315,
            -0.05116935446858406
        ],
        [
            0.18716205656528473,
            0.05094282701611519,
            -0.055793359875679016
        ],
        [
            0.08837369829416275,
            0.028324715793132782,
            0.02487960457801819
        ],
        [
            0.08153008669614792,
            0.030257105827331543,
            0.01767890155315399
        ],
        [
            0.07824930548667908,
            0.02606644108891487,
            0.02268962375819683
        ],
        [
            0.08489071577787399,
            0.022611629217863083,
            0.02843376249074936
        ],
        [
            0.09306572377681732,
            0.03579932451248169,
            0.020159713923931122
        ],
        [
            0.08671023696660995,
            0.035596270114183426,
            0.010780375450849533
        ],
        [
            0.188095822930336,
            0.058615706861019135,
            -0.06732997298240662
        ],
        [
            0.19037304818630219,
            0.05482286959886551,
            -0.06462323665618896
        ],
        [
            0.18564584851264954,
            0.05278666317462921,
            -0.0655185654759407
        ],
        [
            0.18271413445472717,
            0.056697286665439606,
            -0.067228764295578
        ],
        [
            0.1524464190006256,
            0.020076844841241837,
            -0.03581700846552849
        ],
        [
            0.14735016226768494,
            0.023738017305731773,
            -0.02860826812684536
        ],
        [
            0.15952396392822266,
            0.031969062983989716,
            -0.04557374492287636
        ],
        [
            0.15390132367610931,
            0.029944512993097305,
            -0.03901858627796173
        ],
        [
            0.15486212074756622,
            0.024342481046915054,
            -0.043580811470746994
        ],
        [
            0.15858329832553864,
            0.0271306112408638,
            -0.04941438511013985
        ],
        [
            0.14212574064731598,
            0.04213891923427582,
            -0.02221154235303402
        ],
        [
            0.13565903902053833,
            0.03449387848377228,
            -0.01606876403093338
        ],
        [
            0.13884302973747253,
            0.031493451446294785,
            -0.021134551614522934
        ],
        [
            0.14700224995613098,
            0.03851217404007912,
            -0.028402552008628845
        ],
        [
            0.13232308626174927,
            0.04208751767873764,
            -0.004508987069129944
        ],
        [
            0.1385859102010727,
            0.04909834265708923,
            -0.01176588423550129
        ],
        [
            0.13589917123317719,
            0.052628450095653534,
            -0.004368821159005165
        ],
        [
            0.13272544741630554,
            0.046781908720731735,
            5.99399209022522e-05
        ],
        [
            0.1495537906885147,
            0.05859017372131348,
            -0.026714686304330826
        ],
        [
            0.15247172117233276,
            0.06283638626337051,
            -0.03139577805995941
        ],
        [
            0.15257489681243896,
            0.06567144393920898,
            -0.028601039201021194
        ],
        [
            0.14805994927883148,
            0.06059349328279495,
            -0.023853342980146408
        ],
        [
            0.07423978298902512,
            0.021798379719257355,
            0.026718348264694214
        ],
        [
            0.08149510622024536,
            0.016673460602760315,
            0.030984558165073395
        ],
        [
            0.11052659898996353,
            0.06578997522592545,
            -0.0036237314343452454
        ],
        [
            0.11170819401741028,
            0.06428515166044235,
            0.0074350256472826
        ],
        [
            0.11862881481647491,
            0.07535193860530853,
            0.002797747030854225
        ],
        [
            0.11523756384849548,
            0.0741853415966034,
            -0.008202035911381245
        ],
        [
            0.07872205227613449,
            0.028418999165296555,
            0.007812999188899994
        ],
        [
            0.07396247237920761,
            0.025914479047060013,
            0.013552960008382797
        ],
        [
            0.1854206770658493,
            0.06417351961135864,
            -0.06676996499300003
        ],
        [
            0.18010658025741577,
            0.06180628016591072,
            -0.06555715203285217
        ],
        [
            0.12739387154579163,
            -0.023012734949588776,
            -0.01898639276623726
        ],
        [
            0.14842744171619415,
            -0.01947304978966713,
            -0.023725897073745728
        ],
        [
            0.11168836057186127,
            -0.023007214069366455,
            -0.014986377209424973
        ],
        [
            0.10093080252408981,
            -0.02196396142244339,
            -0.012037381529808044
        ],
        [
            0.09289226680994034,
            -0.023808378726243973,
            -0.008714914321899414
        ],
        [
            0.15423250198364258,
            0.036437030881643295,
            -0.03734995424747467
        ],
        [
            0.140491783618927,
            0.02577163465321064,
            -0.02235320955514908
        ],
        [
            0.12953773140907288,
            0.027820933610200882,
            -0.007592357695102692
        ],
        [
            0.12611937522888184,
            0.047263652086257935,
            0.01629186049103737
        ],
        [
            0.12100233882665634,
            0.039815668016672134,
            0.021821685135364532
        ],
        [
            0.1264500766992569,
            0.03570488095283508,
            0.01353457197546959
        ],
        [
            0.129323348402977,
            0.04323778301477432,
            0.010044150054454803
        ],
        [
            0.11875924468040466,
            0.06259581446647644,
            0.01417032815515995
        ],
        [
            0.1261465847492218,
            0.059098806232213974,
            0.01375110074877739
        ],
        [
            0.12991172075271606,
            0.06620798259973526,
            0.009235778823494911
        ],
        [
            0.12378107011318207,
            0.07142055034637451,
            0.0091861542314291
        ],
        [
            0.15864679217338562,
            -0.005322296172380447,
            -0.038075417280197144
        ],
        [
            0.14382991194725037,
            -0.008498255163431168,
            -0.03916560113430023
        ],
        [
            0.09663818031549454,
            0.023737899959087372,
            0.029718905687332153
        ],
        [
            0.09295471012592316,
            0.01696375384926796,
            0.0310048907995224
        ],
        [
            0.08685241639614105,
            0.011272996664047241,
            0.03264278545975685
        ],
        [
            0.1210792064666748,
            0.01346471905708313,
            0.007873717695474625
        ],
        [
            0.11431995779275894,
            0.0034591034054756165,
            0.015438400208950043
        ],
        [
            0.11623044312000275,
            0.0009929612278938293,
            0.01245872676372528
        ],
        [
            0.12129215896129608,
            0.012189101427793503,
            0.004627082496881485
        ],
        [
            0.13388589024543762,
            0.008351538330316544,
            -0.004940751940011978
        ],
        [
            0.13004957139492035,
            -0.0009317919611930847,
            0.0040279775857925415
        ],
        [
            0.1449529081583023,
            0.007898293435573578,
            -0.008564066141843796
        ],
        [
            0.1056336760520935,
            -0.008697107434272766,
            0.014689907431602478
        ],
        [
            0.09816353023052216,
            -0.008900895714759827,
            0.022747326642274857
        ],
        [
            0.09907227009534836,
            -0.015286032110452652,
            0.016605928540229797
        ],
        [
            0.0948813408613205,
            -0.0014953017234802246,
            0.028306100517511368
        ],
        [
            0.09109295904636383,
            0.0056540220975875854,
            0.03209736943244934
        ],
        [
            0.066828154027462,
            0.023236501961946487,
            0.01740780472755432
        ],
        [
            0.09937665611505508,
            -0.02007921040058136,
            0.009740620851516724
        ],
        [
            0.16408030688762665,
            -0.0022834930568933487,
            -0.012176156044006348
        ],
        [
            0.1708264946937561,
            -0.0018239431083202362,
            -0.017452038824558258
        ],
        [
            0.16785190999507904,
            0.004536014050245285,
            -0.019166478887200356
        ],
        [
            0.1617840826511383,
            0.004617245867848396,
            -0.015347782522439957
        ],
        [
            0.15357306599617004,
            0.02895156480371952,
            -0.06130455806851387
        ],
        [
            0.1578262895345688,
            0.026461990550160408,
            -0.05536756291985512
        ],
        [
            0.15392820537090302,
            0.020350100472569466,
            -0.04965788125991821
        ],
        [
            0.11976209282875061,
            0.02010374516248703,
            0.019541554152965546
        ],
        [
            0.11247789859771729,
            0.027035240083932877,
            0.027244627475738525
        ],
        [
            0.1597241908311844,
            0.03838352859020233,
            -0.04399997740983963
        ],
        [
            0.17776739597320557,
            0.055127546191215515,
            -0.06747669726610184
        ],
        [
            0.18086160719394684,
            0.050505295395851135,
            -0.0657835602760315
        ],
        [
            0.16553837060928345,
            0.03883978724479675,
            -0.06398573517799377
        ],
        [
            0.16263295710086823,
            0.044616613537073135,
            -0.06640627235174179
        ],
        [
            0.1606621891260147,
            0.048548150807619095,
            -0.047728635370731354
        ],
        [
            0.16193914413452148,
            0.041543614119291306,
            -0.04562383145093918
        ],
        [
            0.16299740970134735,
            0.043944284319877625,
            -0.046315163373947144
        ],
        [
            0.16256654262542725,
            0.05053108185529709,
            -0.04630953073501587
        ],
        [
            0.14859887957572937,
            0.06775152683258057,
            -0.02042241394519806
        ],
        [
            0.14472539722919464,
            0.06325622648000717,
            -0.016275061294436455
        ],
        [
            0.13927094638347626,
            0.05039238929748535,
            -0.05444447696208954
        ],
        [
            0.13964298367500305,
            0.040397509932518005,
            -0.06334475427865982
        ],
        [
            0.1327853798866272,
            0.03196458891034126,
            -0.05683606117963791
        ],
        [
            0.13938121497631073,
            0.04560818150639534,
            -0.016154654324054718
        ],
        [
            0.14503568410873413,
            0.05295133963227272,
            -0.021107757464051247
        ],
        [
            0.14359800517559052,
            0.05527400225400925,
            -0.01794102042913437
        ],
        [
            0.15490496158599854,
            0.041270289570093155,
            -0.037682682275772095
        ],
        [
            0.15867920219898224,
            0.04443531855940819,
            -0.042855776846408844
        ],
        [
            0.15598978102207184,
            0.046870920807123184,
            -0.03953621909022331
        ],
        [
            0.1520550400018692,
            0.04389607161283493,
            -0.03378790244460106
        ],
        [
            0.10397972166538239,
            0.05435797944664955,
            0.012033598497509956
        ],
        [
            0.1122593879699707,
            0.05273158848285675,
            0.02013436332345009
        ],
        [
            0.19111484289169312,
            0.05282418429851532,
            -0.060485173016786575
        ],
        [
            0.18705438077449799,
            0.05050884559750557,
            -0.06112178787589073
        ],
        [
            0.13311773538589478,
            0.03802482783794403,
            -0.010247446596622467
        ],
        [
            0.12497672438621521,
            0.02287781797349453,
            -0.04793275520205498
        ],
        [
            0.12797047197818756,
            0.030707642436027527,
            -0.003123566508293152
        ],
        [
            0.12906181812286377,
            0.07443758845329285,
            -0.021454686298966408
        ],
        [
            0.1347564458847046,
            0.07514229416847229,
            -0.015528951771557331
        ],
        [
            0.139395609498024,
            0.07727190107107162,
            -0.01811802200973034
        ],
        [
            0.1361880749464035,
            0.07880256325006485,
            -0.02339700050652027
        ],
        [
            0.1750219166278839,
            0.06050867959856987,
            -0.04871998354792595
        ],
        [
            0.1784830093383789,
            0.055943138897418976,
            -0.0475161075592041
        ],
        [
            0.18283675611019135,
            0.05910634994506836,
            -0.04857424274086952
        ],
        [
            0.17983277142047882,
            0.06383183598518372,
            -0.05002891644835472
        ],
        [
            0.16302093863487244,
            0.03606954216957092,
            -0.047605033963918686
        ],
        [
            0.16307058930397034,
            0.03139803558588028,
            -0.051925692707300186
        ],
        [
            0.167377308011055,
            0.035925496369600296,
            -0.052473124116659164
        ],
        [
            0.1656613051891327,
            0.04009975492954254,
            -0.048517726361751556
        ],
        [
            0.16219761967658997,
            0.03147784620523453,
            -0.058062661439180374
        ],
        [
            0.16703973710536957,
            0.03558940812945366,
            -0.0587538443505764
        ],
        [
            0.1724376678466797,
            0.06366278231143951,
            -0.05391186848282814
        ],
        [
            0.17198966443538666,
            0.0635487288236618,
            -0.06148892268538475
        ],
        [
            0.15810498595237732,
            0.05531708523631096,
            -0.05927823483943939
        ],
        [
            0.16138166189193726,
            0.055658672004938126,
            -0.051783155649900436
        ],
        [
            0.09494847059249878,
            0.03734953701496124,
            -0.011599918827414513
        ],
        [
            0.09363055229187012,
            0.04230276122689247,
            -0.0016618669033050537
        ],
        [
            0.10353035479784012,
            0.052449800074100494,
            -0.006946850568056107
        ],
        [
            0.11221250891685486,
            0.06331814080476761,
            -0.012415854260325432
        ],
        [
            0.12137087434530258,
            0.07236210256814957,
            -0.017938800156116486
        ],
        [
            0.12165567278862,
            0.06774629652500153,
            -0.02921869419515133
        ],
        [
            0.10223908722400665,
            0.05461675673723221,
            0.0008929930627346039
        ],
        [
            0.15349626541137695,
            0.05393927916884422,
            -0.05168673023581505
        ],
        [
            0.14861752092838287,
            0.05029204860329628,
            -0.05790109932422638
        ],
        [
            0.14710457623004913,
            0.05390206351876259,
            -0.05445088818669319
        ],
        [
            0.12770970165729523,
            0.03468719869852066,
            0.0032184310257434845
        ],
        [
            0.1825924664735794,
            0.047688763588666916,
            -0.06159257888793945
        ],
        [
            0.08504088968038559,
            -0.005351942032575607,
            -0.01797662302851677
        ],
        [
            0.07888594269752502,
            0.005683537572622299,
            -0.013146959245204926
        ],
        [
            0.08565839380025864,
            0.008758407086133957,
            -0.017879877239465714
        ],
        [
            0.09332536906003952,
            -0.003832530230283737,
            -0.02277573198080063
        ],
        [
            0.18143637478351593,
            0.0503060407936573,
            -0.05009431391954422
        ],
        [
            0.18329042196273804,
            0.04712511599063873,
            -0.05526674911379814
        ],
        [
            0.143531933426857,
            0.06778497248888016,
            -0.011366710066795349
        ],
        [
            0.1467006355524063,
            0.07118363678455353,
            -0.01609109900891781
        ],
        [
            0.14502529799938202,
            0.07469552010297775,
            -0.015439962036907673
        ],
        [
            0.143573597073555,
            0.07298652827739716,
            -0.00893961451947689
        ],
        [
            0.0928063616156578,
            0.04338590055704117,
            0.0041771698743104935
        ],
        [
            0.1260526031255722,
            0.08072298765182495,
            0.00012087076902389526
        ],
        [
            0.12211596220731735,
            0.07964420318603516,
            -0.009570938535034657
        ],
        [
            0.08503390103578568,
            0.03328564763069153,
            0.0025506354868412018
        ],
        [
            0.0855751484632492,
            0.02915192022919655,
            -0.006335131824016571
        ],
        [
            0.07872052490711212,
            0.02362610399723053,
            -0.0020813457667827606
        ],
        [
            0.13130584359169006,
            0.0642528086900711,
            -0.04082686826586723
        ],
        [
            0.09795224666595459,
            0.03461086004972458,
            -0.019312728196382523
        ],
        [
            0.0882621556520462,
            0.02591092139482498,
            -0.01278090663254261
        ],
        [
            0.08018697798252106,
            0.01915118843317032,
            -0.00800003856420517
        ],
        [
            0.07383647561073303,
            0.015031229704618454,
            -0.004420574754476547
        ],
        [
            0.07298388332128525,
            0.020298175513744354,
            0.0017814785242080688
        ],
        [
            0.174614816904068,
            0.060216814279556274,
            -0.06529901176691055
        ],
        [
            0.17768362164497375,
            0.06640277057886124,
            -0.061713360249996185
        ],
        [
            0.06519167870283127,
            0.017365392297506332,
            0.0055045075714588165
        ],
        [
            0.06696301698684692,
            0.01124364510178566,
            -0.0012803524732589722
        ],
        [
            0.09171091020107269,
            0.02084282413125038,
            -0.019708702340722084
        ],
        [
            0.09705749899148941,
            0.013730142265558243,
            -0.027178553864359856
        ],
        [
            0.10113312304019928,
            0.029402339830994606,
            -0.025607198476791382
        ],
        [
            0.10698527097702026,
            0.023266524076461792,
            -0.03365623950958252
        ],
        [
            0.1290583610534668,
            0.05779973044991493,
            -0.049303509294986725
        ],
        [
            0.1935708224773407,
            0.07526546716690063,
            -0.05936834216117859
        ],
        [
            0.18303097784519196,
            0.07034892588853836,
            -0.05739261209964752
        ],
        [
            0.1843530833721161,
            0.06787598133087158,
            -0.05221297964453697
        ],
        [
            0.19322769343852997,
            0.07474680244922638,
            -0.05490291863679886
        ],
        [
            0.17770683765411377,
            0.0666593685746193,
            -0.05488986894488335
        ],
        [
            0.18298648297786713,
            0.06883354485034943,
            -0.0630151778459549
        ],
        [
            0.11612199246883392,
            0.012420779094099998,
            -0.03988008573651314
        ],
        [
            0.1591966450214386,
            0.0512772835791111,
            -0.044678930193185806
        ],
        [
            0.10811509191989899,
            -0.0006764978170394897,
            -0.031686991453170776
        ],
        [
            0.1308097243309021,
            0.0036899205297231674,
            -0.04585946723818779
        ],
        [
            0.12667438387870789,
            -0.006678018718957901,
            -0.038104549050331116
        ],
        [
            0.10164940357208252,
            -0.01506103202700615,
            -0.022809524089097977
        ],
        [
            0.11825992912054062,
            -0.017273351550102234,
            -0.028460755944252014
        ],
        [
            0.08569516986608505,
            -0.017252616584300995,
            -0.013862840831279755
        ],
        [
            0.09284283965826035,
            -0.014638587832450867,
            -0.018424898386001587
        ],
        [
            0.1361444592475891,
            -0.017419729381799698,
            -0.0315529964864254
        ],
