{
    "pred_cam": [
        11.289983749389648,
        0.12993530929088593,
        -0.06323571503162384
    ],
    "pred_mano_params": {
        "global_orient": [
            [
                [
                    -0.12567037343978882,
                    -0.9908708333969116,
                    0.048806339502334595
                ],
                [
                    -0.5740698575973511,
                    0.03250893950462341,
                    -0.8181607723236084
                ],
                [
                    0.8091049194335938,
                    -0.1308368295431137,
                    -0.5729144811630249
                ]
            ]
        ],
        "hand_pose": [
            [
                [
                    0.6025719046592712,
                    -0.7419356107711792,
                    -0.2940044403076172
                ],
                [
                    0.7224661707878113,
                    0.6636330485343933,
                    -0.19399423897266388
                ],
                [
                    0.3390423059463501,
                    -0.09551278501749039,
                    0.9359099864959717
                ]
            ],
            [
                [
                    0.9970448017120361,
                    -0.055603500455617905,
                    0.053008560091257095
                ],
                [
                    0.06734547019004822,
                    0.964630663394928,
                    -0.2548573613166809
                ],
                [
                    -0.03696272149682045,
                    0.25767409801483154,
                    0.9655246138572693
                ]
            ],
            [
                [
                    0.8901815414428711,
                    -0.44047561287879944,
                    -0.11643922328948975
                ],
                [
                    0.40882202982902527,
                    0.8850526213645935,
                    -0.22259023785591125
                ],
                [
                    0.2011003941297531,
                    0.15054279565811157,
                    0.9679336547851562
                ]
            ],
            [
                [
                    0.4318893551826477,
                    -0.8675885200500488,
                    -0.24649891257286072
                ],
                [
                    0.8755470514297485,
                    0.46891120076179504,
                    -0.11635980755090714
                ],
                [
                    0.21653854846954346,
                    -0.1655668318271637,
                    0.9621323347091675
                ]
            ],
            [
                [
                    0.9946268200874329,
                    -0.10335133969783783,
                    -0.005995118524879217
                ],
                [
                    0.1010761484503746,
                    0.9569477438926697,
                    0.2720927894115448
                ],
                [
                    -0.02238413505256176,
                    -0.27123674750328064,
                    0.9622522592544556
                ]
            ],
            [
                [
                    0.7767060399055481,
                    -0.5659538507461548,
                    -0.2764488160610199
                ],
                [
                    0.6079670190811157,
                    0.7883554100990295,
                    0.0941903293132782
                ],
                [
                    0.16463255882263184,
                    -0.24122995138168335,
                    0.9564017057418823
                ]
            ],
            [
                [
                    0.3782190978527069,
                    -0.7783900499343872,
                    0.5010581016540527
                ],
                [
                    0.7498264908790588,
                    0.5750170946121216,
                    0.32728514075279236
                ],
                [
                    -0.5428724884986877,
                    0.251921147108078,
                    0.8011399507522583
                ]
            ],
            [
                [
                    0.8909974098205566,
                    -0.37468746304512024,
                    -0.2563841640949249
                ],
                [
                    0.45148545503616333,
                    0.7906925678253174,
                    0.41348040103912354
                ],
                [
                    0.0477951355278492,
                    -0.484163761138916,
                    0.8736709952354431
                ]
            ],
            [
                [
                    0.7413938641548157,
                    -0.6673590540885925,
                    0.07047826051712036
                ],
                [
                    0.6499371528625488,
                    0.7402239441871643,
                    0.17219221591949463
                ],
                [
                    -0.1670837253332138,
                    -0.08185578137636185,
                    0.9825389385223389
                ]
            ],
            [
                [
                    0.4801328778266907,
                    -0.8732216954231262,
                    0.08340384811162949
                ],
                [
                    0.876093864440918,
                    0.47259312868118286,
                    -0.09547368437051773
                ],
                [
                    0.04395361244678497,
                    0.11890965700149536,
                    0.991931676864624
                ]
            ],
            [
                [
                    0.9233766794204712,
                    -0.373562753200531,
                    -0.08846647292375565
                ],
                [
                    0.37171849608421326,
                    0.8124452829360962,
                    0.4491746425628662
                ],
                [
                    -0.09592074900865555,
                    -0.447642058134079,
                    0.889053225517273
                ]
            ],
            [
                [
                    0.731579601764679,
                    -0.6085773706436157,
                    -0.30728626251220703
                ],
                [
                    0.6597870588302612,
                    0.7455080151557922,
                    0.0943334698677063
                ],
                [
                    0.1716751754283905,
                    -0.2717559337615967,
                    0.946929931640625
                ]
            ],
            [
                [
                    0.9496950507164001,
                    0.23757359385490417,
                    -0.2040540874004364
                ],
                [
                    -0.30861541628837585,
                    0.8207332491874695,
                    -0.4807843863964081
                ],
                [
                    0.05325227975845337,
                    0.5195727944374084,
                    0.8527652025222778
                ]
            ],
            [
                [
                    0.9221164584159851,
                    -0.31813833117485046,
                    -0.2202029526233673
                ],
                [
                    0.3857467770576477,
                    0.8000714182853699,
                    0.45944011211395264
                ],
                [
                    0.0300125814974308,
                    -0.5085998177528381,
                    0.8604798316955566
                ]
            ],
            [
                [
                    0.977307140827179,
                    0.20679712295532227,
                    -0.04588838666677475
                ],
                [
                    -0.2118254005908966,
                    0.9550020694732666,
                    -0.20760777592658997
                ],
                [
                    0.0008908125455491245,
                    0.21261689066886902,
                    0.9771352410316467
                ]
            ]
        ],
        "betas": [
            0.05678035318851471,
            -0.04766687750816345,
            -0.07038179039955139,
            -0.06537953019142151,
            0.026272118091583252,
            -0.00025309622287750244,
            0.0805155485868454,
            -0.031082183122634888,
            -0.02056504786014557,
            0.0415973961353302
        ]
    },
    "pred_cam_t": [
        -0.12993530929088593,
        -0.06323571503162384,
        3.4599251747131348
    ],
    "focal_length": [
        5000.0,
        5000.0
    ],
    "pred_keypoints_3d": [
        [
            0.09550225734710693,
            0.006358901504427195,
            0.006196955218911171
        ],
        [
            0.11502233892679214,
            -0.001343993004411459,
            -0.02592661790549755
        ],
        [
            0.12345370650291443,
            -0.004061238374561071,
            -0.055291444063186646
        ],
        [
            0.1322961449623108,
            0.003729781601577997,
            -0.07963401824235916
        ],
        [
            0.13896241784095764,
            0.010477088391780853,
            -0.11453701555728912
        ],
        [
            0.11270690709352493,
            0.0398222990334034,
            -0.0759740024805069
        ],
        [
            0.1363520324230194,
            0.060194093734025955,
            -0.08668440580368042
        ],
        [
            0.1550811380147934,
            0.07172518223524094,
            -0.08962658047676086
        ],
        [
            0.17636975646018982,
            0.0848231315612793,
            -0.0833062008023262
        ],
        [
            0.10869899392127991,
            0.06328368186950684,
            -0.06806254386901855
        ],
        [
            0.13534335792064667,
            0.08046793937683105,
            -0.06867828220129013
        ],
        [
            0.15706895291805267,
            0.08836759626865387,
            -0.06595911830663681
        ],
        [
            0.17966407537460327,
            0.0876469835639,
            -0.053445395082235336
        ],
        [
            0.10838250070810318,
            0.07479465007781982,
            -0.04405966401100159
        ],
        [
            0.13317303359508514,
            0.0880836620926857,
            -0.05038059130311012
        ],
        [
            0.15635466575622559,
            0.09143336117267609,
            -0.042303651571273804
        ],
        [
            0.17361468076705933,
            0.08686321973800659,
            -0.02385137975215912
        ],
        [
            0.11186331510543823,
            0.08065611869096756,
            -0.0234206672757864
        ],
        [
            0.13001948595046997,
            0.08805814385414124,
            -0.03114340454339981
        ],
        [
            0.14796693623065948,
            0.09093476086854935,
            -0.025882823392748833
        ],
        [
            0.16032889485359192,
            0.08651773631572723,
            -0.014443380758166313
        ]
    ],
    "pred_vertices": [
        [
            0.11904556304216385,
            0.021132145076990128,
            -0.04097689688205719
        ],
        [
            0.11998945474624634,
            0.015638316050171852,
            -0.03214867413043976
        ],
        [
            0.12412485480308533,
            0.013729214668273926,
            -0.042350225150585175
        ],
        [
            0.12266556918621063,
            0.01845978945493698,
            -0.049725282937288284
        ],
        [
            0.13277678191661835,
            -0.00013438239693641663,
            -0.029083821922540665
        ],
        [
            0.13177244365215302,
            -0.012248381972312927,
            -0.028129495680332184
        ],
        [
            0.13531942665576935,
            -0.009497471153736115,
            -0.04531516879796982
        ],
        [
            0.13671189546585083,
            0.0002459082752466202,
            -0.043595150113105774
        ],
        [
            0.12310217320919037,
            0.016063150018453598,
            -0.05787283182144165
        ],
        [
            0.12699036300182343,
            0.012286195531487465,
            -0.05062847584486008
        ],
        [
            0.11897365003824234,
            0.013088451698422432,
            -0.06122851371765137
        ],
        [
            0.11127520352602005,
            0.017016571015119553,
            -0.06851772964000702
        ],
        [
            0.118035227060318,
            0.019646447151899338,
            -0.06489205360412598
        ],
        [
            0.10863513499498367,
            0.02231348492205143,
            -0.07422696053981781
        ],
        [
            0.10137796401977539,
            0.012816265225410461,
            -0.06456873565912247
        ],
        [
            0.0995112806558609,
            0.025558331981301308,
            -0.07376453280448914
        ],
        [
            0.0873103141784668,
            0.028803521767258644,
            -0.046903762966394424
        ],
        [
            0.08568385243415833,
            0.037361063063144684,
            -0.03688120096921921
        ],
        [
            0.0879267156124115,
            0.04938020184636116,
            -0.04999657720327377
        ],
        [
            0.09042011201381683,
            0.039362430572509766,
            -0.05889706313610077
        ],
        [
            0.08950706571340561,
            0.05731245502829552,
            -0.03064637817442417
        ],
        [
            0.08879152685403824,
            0.053502991795539856,
            -0.04190809279680252
        ],
        [
            0.08517239987850189,
            0.041734740138053894,
            -0.02907928079366684
        ],
        [
            0.08626217395067215,
            0.045655444264411926,
            -0.019683431833982468
        ],
        [
            0.11485837399959564,
            0.027264751493930817,
            -0.026682671159505844
        ],
        [
            0.11484171450138092,
            0.02174505963921547,
            -0.017286445945501328
        ],
        [
            0.11569387465715408,
            0.01928107440471649,
            -0.02232557162642479
        ],
        [
            0.11575879156589508,
            0.02440735511481762,
            -0.031232275068759918
        ],
        [
            0.11692308634519577,
            0.0035778917372226715,
            -0.06472539156675339
        ],
        [
            0.10934274643659592,
            0.00023702718317508698,
            -0.05948295816779137
        ],
        [
            0.11205542087554932,
            0.007614685222506523,
            -0.06181913614273071
        ],
        [
            0.12099749594926834,
            0.007522685453295708,
            -0.06397414207458496
        ],
        [
            0.1183054968714714,
            0.013291735202074051,
            0.009853899478912354
        ],
        [
            0.11109950393438339,
            0.004739899188280106,
            0.017308734357357025
        ],
        [
            0.11103641986846924,
            0.00043835490942001343,
            0.013355255126953125
        ],
        [
            0.117264524102211,
            0.009378533810377121,
            0.007331855595111847
        ],
        [
            0.11964938789606094,
            -0.01277003064751625,
            -0.005501262843608856
        ],
        [
            0.11105715483427048,
            -0.013884786516427994,
            0.0020304545760154724
        ],
        [
            0.10171220451593399,
            -0.02398098260164261,
            -0.0008925572037696838
        ],
        [
            0.1067652553319931,
            -0.022584419697523117,
            -0.009915962815284729
        ],
        [
            0.12709075212478638,
            -0.01271016150712967,
            -0.01637740433216095
        ],
        [
            0.11716660857200623,
            -0.02230600267648697,
            -0.019003629684448242
        ],
        [
            0.12390032410621643,
            -0.0203549861907959,
            -0.030826151371002197
        ],
        [
            0.12879948318004608,
            -0.015898652374744415,
            -0.047662727534770966
        ],
        [
            0.10843690484762192,
            0.014181394129991531,
            0.0255022794008255
        ],
        [
            0.1138346865773201,
            0.021724946796894073,
            0.02139212191104889
        ],
        [
            0.14641672372817993,
            0.05525153875350952,
            -0.08517102897167206
        ],
        [
            0.1460583209991455,
            0.0591919831931591,
            -0.08091281354427338
        ],
        [
            0.1424279361963272,
            0.054966215044260025,
            -0.07934215664863586
        ],
        [
            0.1431111842393875,
            0.05215451866388321,
            -0.08430914580821991
        ],
        [
            0.09458154439926147,
            0.028775975108146667,
            0.02544834464788437
        ],
        [
            0.08501821011304855,
            0.029172860085964203,
            0.022456791251897812
        ],
        [
            0.08516090363264084,
            0.025129929184913635,
            0.028508983552455902
        ],
        [
            0.09410859644412994,
            0.023071013391017914,
            0.03036775067448616
        ],
        [
            0.09525437653064728,
            0.03626837953925133,
            0.01889840140938759
        ],
        [
            0.08543196320533752,
            0.03441336378455162,
            0.013826034963130951
        ],
        [
            0.1407894790172577,
            0.05990355461835861,
            -0.09548314660787582
        ],
        [
            0.14388269186019897,
            0.05629716068506241,
            -0.09355875849723816
        ],
        [
            0.13903100788593292,
            0.05390409380197525,
            -0.09324075281620026
        ],
        [
            0.13540899753570557,
            0.05755451321601868,
            -0.09402509778738022
        ],
        [
            0.12112856656312943,
            0.022532261908054352,
            -0.057914428412914276
        ],
        [
            0.12032370269298553,
            0.026248332113027573,
            -0.0491349957883358
        ],
        [
            0.12138102948665619,
            0.03348678722977638,
            -0.06929168105125427
        ],
        [
            0.12023529410362244,
            0.032044436782598495,
            -0.06153614819049835
        ],
        [
            0.11934427171945572,
            0.026272086426615715,
            -0.06580296903848648
        ],
        [
            0.11963692307472229,
            0.028570305556058884,
            -0.0722152516245842
        ],
        [
            0.1164383739233017,
            0.04423210024833679,
            -0.04163404554128647
        ],
        [
            0.11497192084789276,
            0.036564476788043976,
            -0.03304122015833855
        ],
        [
            0.11573654413223267,
            0.033534083515405655,
            -0.03882382810115814
        ],
        [
            0.11824275553226471,
            0.04063885658979416,
            -0.04924241080880165
        ],
        [
            0.11639661341905594,
            0.0447390154004097,
            -0.021569229662418365
        ],
        [
            0.11723636090755463,
            0.05162908881902695,
            -0.03101591393351555
        ],
        [
            0.1177951991558075,
            0.05548563972115517,
            -0.023345056921243668
        ],
        [
            0.11816298961639404,
            0.049817346036434174,
            -0.01788400486111641
        ],
        [
            0.11748618632555008,
            0.06035234406590462,
            -0.04924780875444412
        ],
        [
            0.11709723621606827,
            0.06314515322446823,
            -0.053567275404930115
        ],
        [
            0.11969912797212601,
            0.06624941527843475,
            -0.05040525272488594
        ],
        [
            0.11782848834991455,
            0.062255263328552246,
            -0.04583194851875305
        ],
        [
            0.08424614369869232,
            0.02083287388086319,
            0.03407447040081024
        ],
        [
            0.09327737241983414,
            0.017064794898033142,
            0.034393806010484695
        ],
        [
            0.09410117566585541,
            0.06626307219266891,
            -0.0110810287296772
        ],
        [
            0.10057778656482697,
            0.06572438031435013,
            -0.0018625520169734955
        ],
        [
            0.1024463027715683,
            0.07720901072025299,
            -0.009743839502334595
        ],
        [
            0.09428699314594269,
            0.07509320974349976,
            -0.018016722053289413
        ],
        [
            0.07825879752635956,
            0.026093535125255585,
            0.01531800627708435
        ],
        [
            0.07720835506916046,
            0.023591868579387665,
            0.02267070859670639
        ],
        [
            0.13799123466014862,
            0.0652388408780098,
            -0.09409649670124054
        ],
        [
            0.13298848271369934,
            0.062404803931713104,
            -0.09163742512464523
        ],
        [
            0.11087535321712494,
            -0.021965526044368744,
            -0.03203430399298668
        ],
        [
            0.12001644819974899,
            -0.01765916869044304,
            -0.04964569956064224
        ],
        [
            0.10218213498592377,
            -0.022689279168844223,
            -0.019353821873664856
        ],
        [
            0.09514972567558289,
            -0.02240264043211937,
            -0.011007629334926605
        ],
        [
            0.0902668833732605,
            -0.025061409920454025,
            -0.0041813924908638
        ],
        [
            0.12025949358940125,
            0.03843452036380768,
            -0.060346201062202454
        ],
        [
            0.11733058094978333,
            0.028038930147886276,
            -0.040422942489385605
        ],
        [
            0.11474467813968658,
            0.03011196106672287,
            -0.0225302092730999
        ],
        [
            0.11997411400079727,
            0.051119204610586166,
            -0.0006019286811351776
        ],
        [
            0.11934541165828705,
            0.04374008998274803,
            0.006821446120738983
        ],
        [
            0.1207735687494278,
            0.03948915749788284,
            -0.002918984740972519
        ],
        [
            0.12044162303209305,
            0.046900615096092224,
            -0.007483277469873428
        ],
        [
            0.11008720099925995,
            0.06540502607822418,
            0.000709041953086853
        ],
        [
            0.1168273463845253,
            0.06260769069194794,
            -0.003058347851037979
        ],
        [
            0.1166263222694397,
            0.06958179920911789,
            -0.00879080593585968
        ],
        [
            0.11040975898504257,
            0.07430601119995117,
            -0.006251730024814606
        ],
        [
            0.11557509750127792,
            -0.003696490079164505,
            -0.06653351336717606
        ],
        [
            0.10842587798833847,
            -0.007113505154848099,
            -0.05723348259925842
        ],
        [
            0.10465794056653976,
            0.02572830766439438,
            0.025798089802265167
        ],
        [
            0.10311241447925568,
            0.018745996057987213,
            0.02886107563972473
        ],
        [
            0.09950869530439377,
            0.012586884200572968,
            0.03341003134846687
        ],
        [
            0.11761920154094696,
            0.016514170914888382,
            -0.004226863384246826
        ],
        [
            0.11685039103031158,
            0.006562568247318268,
            0.005591563880443573
        ],
        [
            0.11821940541267395,
            0.0036910660564899445,
            0.0020672380924224854
        ],
        [
            0.1172080934047699,
            0.014877550303936005,
            -0.006784461438655853
        ],
        [
            0.12442106753587723,
            0.010242853313684464,
            -0.023028802126646042
        ],
        [
            0.1271737664937973,
            0.0003713853657245636,
            -0.014164574444293976
        ],
        [
            0.12924239039421082,
            0.009912626817822456,
            -0.03527608886361122
        ],
        [
            0.11076518893241882,
            -0.006579190492630005,
            0.009283311665058136
        ],
        [
            0.10774277150630951,
            -0.006762892007827759,
            0.01988177001476288
        ],
        [
            0.10666962713003159,
            -0.01355784758925438,
            0.014301680028438568
        ],
        [
            0.10635698586702347,
            0.0006438717246055603,
            0.02609611302614212
        ],
        [
            0.10378024727106094,
            0.007545411586761475,
            0.03105715662240982
        ],
        [
            0.0732426792383194,
            0.020488053560256958,
            0.029546476900577545
        ],
        [
            0.1042594388127327,
            -0.018902108073234558,
            0.008286423981189728
        ],
        [
            0.13743679225444794,
            1.9824132323265076e-05,
            -0.05372362583875656
        ],
        [
            0.13752985000610352,
            0.0003191456198692322,
            -0.06224688142538071
        ],
        [
            0.13402755558490753,
            0.006728228181600571,
            -0.06134641170501709
        ],
        [
            0.1333700269460678,
            0.007052551954984665,
            -0.05385023355484009
        ],
        [
            0.10972115397453308,
            0.029262809082865715,
            -0.08050559461116791
        ],
        [
            0.11641112715005875,
            0.02742886357009411,
            -0.0769941434264183
        ],
        [
            0.11541040986776352,
            0.021772202104330063,
            -0.0706024020910263
        ],
        [
            0.12023671716451645,
            0.02395259588956833,
            0.0058791786432266235
        ],
        [
            0.1165619045495987,
            0.03065464273095131,
            0.015945158898830414
        ],
        [
            0.12125395983457565,
            0.03964358568191528,
            -0.06778384745121002
        ],
        [
            0.13024817407131195,
            0.05579890310764313,
            -0.09313855320215225
        ],
        [
            0.1340121179819107,
            0.05132787674665451,
            -0.09240572899580002
        ],
        [
            0.12012773007154465,
            0.03878212347626686,
            -0.08671815693378448
        ],
        [
            0.11629091203212738,
            0.04439929500222206,
            -0.08816712349653244
        ],
        [
            0.11941846460103989,
            0.04873614013195038,
            -0.0701652467250824
        ],
        [
            0.12199993431568146,
            0.0421147383749485,
            -0.06885803490877151
        ],
        [
            0.12244968116283417,
            0.04423299804329872,
            -0.06922918558120728
        ],
        [
            0.12149810791015625,
            0.050786517560482025,
            -0.06890139728784561
        ],
        [
            0.11927246302366257,
            0.0690147802233696,
            -0.041600361466407776
        ],
        [
            0.11793076992034912,
            0.06518921256065369,
            -0.03767529875040054
        ],
        [
            0.09776463359594345,
            0.04981687664985657,
            -0.06920257955789566
        ],
        [
            0.09509037435054779,
            0.039546411484479904,
            -0.07728583365678787
        ],
        [
            0.0921245664358139,
            0.030650833621621132,
            -0.06714116781949997
        ],
        [
            0.11639433354139328,
            0.04788884148001671,
            -0.035137809813022614
        ],
        [
            0.11763554811477661,
            0.0551786869764328,
            -0.04227428883314133
        ],
        [
            0.11761266738176346,
            0.05751727148890495,
            -0.038839198648929596
        ],
        [
            0.11999494582414627,
            0.04309821128845215,
            -0.06090719997882843
        ],
        [
            0.12009018659591675,
            0.04559506103396416,
            -0.06652070581912994
        ],
        [
            0.11914405226707458,
            0.04828450083732605,
            -0.06295894086360931
        ],
        [
            0.11915983259677887,
            0.045858461409807205,
            -0.05634912848472595
        ],
        [
            0.09784369170665741,
            0.055253904312849045,
            0.006134320050477982
        ],
        [
            0.1090305969119072,
            0.055339664220809937,
            0.009229995310306549
        ],
        [
            0.1457604020833969,
            0.05440687760710716,
            -0.08980737626552582
        ],
        [
            0.14163681864738464,
            0.05173719674348831,
            -0.08942051976919174
        ],
        [
            0.11499650776386261,
            0.040295571088790894,
            -0.026842854917049408
        ],
        [
            0.09101561456918716,
            0.021517140790820122,
            -0.054496824741363525
        ],
        [
            0.11505770683288574,
            0.03318984806537628,
            -0.01799844205379486
        ],
        [
            0.10138452798128128,
            0.07510262727737427,
            -0.03650088235735893
        ],
        [
            0.10935128480195999,
            0.07701651006937027,
            -0.03344185650348663
        ],
        [
            0.11238116770982742,
            0.07866796851158142,
            -0.03662820905447006
        ],
        [
            0.10775084793567657,
            0.07921930402517319,
            -0.04057880491018295
        ],
        [
            0.13236039876937866,
            0.06107337400317192,
            -0.07439354062080383
        ],
        [
            0.13628344237804413,
            0.0566793829202652,
            -0.07430517673492432
        ],
        [
            0.14030824601650238,
            0.05985432490706444,
            -0.07604239881038666
        ],
        [
            0.1367788314819336,
            0.0643438994884491,
            -0.0765276849269867
        ],
        [
            0.12294022738933563,
            0.03670798987150192,
            -0.07101918756961823
        ],
        [
            0.12216924875974655,
            0.032168418169021606,
            -0.07520521432161331
        ],
        [
            0.12552638351917267,
            0.036279626190662384,
            -0.07630572468042374
        ],
        [
            0.12471533566713333,
            0.04047190770506859,
            -0.0720440000295639
        ],
        [
            0.119280144572258,
            0.0317334346473217,
            -0.08024580776691437
        ],
        [
            0.12330541759729385,
            0.03576451912522316,
            -0.0821509063243866
        ],
        [
            0.1283465325832367,
            0.06404443085193634,
            -0.07856439054012299
        ],
        [
            0.12596656382083893,
            0.0638054758310318,
            -0.08565125614404678
        ],
        [
            0.11329874396324158,
            0.055073462426662445,
            -0.07990456372499466
        ],
        [
            0.11845212429761887,
            0.055829547345638275,
            -0.07366348057985306
        ],
        [
            0.08170263469219208,
            0.03506619110703468,
            -0.009654704481363297
        ],
        [
            0.08449822664260864,
            0.04072174057364464,
            -0.0004976838827133179
        ],
        [
            0.08889700472354889,
            0.05155590921640396,
            -0.010223250836133957
        ],
        [
            0.09190918505191803,
            0.06321776658296585,
            -0.019749801605939865
        ],
        [
            0.09554325044155121,
            0.07306795567274094,
            -0.029755834490060806
        ],
        [
            0.0915091410279274,
            0.06765610724687576,
            -0.039931539446115494
        ],
        [
            0.09110315144062042,
            0.05428085848689079,
            -0.002764582633972168
        ],
        [
            0.11216455698013306,
            0.052606821060180664,
            -0.07080738246440887
        ],
        [
            0.10524148494005203,
            0.049955952912569046,
            -0.075785793364048
        ],
        [
            0.10592622309923172,
            0.052660442888736725,
            -0.07179516553878784
        ],
        [
            0.11720725148916245,
            0.037664372473955154,
            -0.012465134263038635
        ],
        [
            0.136892169713974,
            0.048652470111846924,
            -0.08896370977163315
        ],
        [
            0.07642223685979843,
            -0.008614689111709595,
            -0.008784070611000061
        ],
        [
            0.07184865325689316,
            0.001849200576543808,
            -0.002214498817920685
        ],
        [
            0.07496963441371918,
            0.0053116679191589355,
            -0.009625770151615143
        ],
        [
            0.08086312562227249,
            -0.006376765668392181,
            -0.0166596919298172
        ],
        [
            0.1387341022491455,
            0.05127363279461861,
            -0.07771063596010208
        ],
        [
            0.13928623497486115,
            0.04815622419118881,
            -0.08312878757715225
        ],
        [
            0.11867295950651169,
            0.0700017437338829,
            -0.03289005160331726
        ],
        [
            0.11925873160362244,
            0.07285579293966293,
            -0.03734224662184715
        ],
        [
            0.11799909919500351,
            0.07628937810659409,
            -0.03573231399059296
        ],
        [
            0.11946021765470505,
            0.07558261603116989,
            -0.03070065751671791
        ],
        [
            0.08635604381561279,
            0.04225413128733635,
            0.004951909184455872
        ],
        [
            0.1076083704829216,
            0.08299899101257324,
            -0.01595165766775608
        ],
        [
            0.09968362748622894,
            0.08085079491138458,
            -0.023049896582961082
        ],
        [
            0.08048947155475616,
            0.03115858882665634,
            0.007561389356851578
        ],
        [
            0.07737267762422562,
            0.02633180469274521,
            -0.0003059394657611847
        ],
        [
            0.0743035227060318,
            0.02045949175953865,
            0.006864912807941437
        ],
        [
            0.09577126801013947,
            0.06377013027667999,
            -0.053949024528265
        ],
        [
            0.08102419972419739,
            0.03202641382813454,
            -0.017733417451381683
        ],
        [
            0.07709304988384247,
            0.022886671125888824,
            -0.0071078091859817505
        ],
        [
            0.07342541217803955,
            0.015706505626440048,
            0.0011546015739440918
        ],
        [
            0.07025127112865448,
            0.011211700737476349,
            0.007461056113243103
        ],
        [
            0.07167746871709824,
            0.0168420672416687,
            0.013102605938911438
        ],
        [
            0.12759719789028168,
            0.060565777122974396,
            -0.09005621820688248
        ],
        [
            0.13156534731388092,
            0.06683401763439178,
            -0.08711787313222885
        ],
        [
            0.06711449474096298,
            0.013389721512794495,
            0.020192217081785202
        ],
        [
            0.06635037064552307,
            0.006946593523025513,
            0.013634249567985535
        ],
        [
            0.07754816114902496,
            0.017682328820228577,
            -0.01461319625377655
        ],
        [
            0.07948004454374313,
            0.01082635298371315,
            -0.02300480753183365
        ],
        [
            0.08154818415641785,
            0.026725951582193375,
            -0.024546172469854355
        ],
        [
            0.08353327959775925,
            0.020728766918182373,
            -0.03393654152750969
        ],
        [
            0.08985420316457748,
            0.057613879442214966,
            -0.061236608773469925
        ],
        [
            0.1473906934261322,
            0.07697340846061707,
            -0.08889653533697128
        ],
        [
            0.13802148401737213,
            0.07135343551635742,
            -0.08448198437690735
        ],
        [
            0.14063169062137604,
            0.06893236935138702,
            -0.07989832758903503
        ],
        [
            0.14806175231933594,
            0.07633255422115326,
            -0.08457101881504059
        ],
        [
            0.1333693116903305,
            0.0670657604932785,
            -0.08054964244365692
        ],
        [
            0.13655686378479004,
            0.06981733441352844,
            -0.08977916091680527
        ],
        [
            0.08886461704969406,
            0.010979514569044113,
            -0.04252360761165619
        ],
        [
            0.11912772059440613,
            0.05111094191670418,
            -0.06748709827661514
        ],
        [
            0.08778160810470581,
            -0.0019165538251399994,
            -0.030731119215488434
        ],
        [
            0.09700894355773926,
            0.0036132223904132843,
            -0.05470329150557518
        ],
        [
            0.09842488169670105,
            -0.006370149552822113,
            -0.045754678547382355
        ],
        [
            0.088836170732975,
            -0.016022760421037674,
            -0.020149871706962585
        ],
        [
            0.09825124591588974,
            -0.016878388822078705,
            -0.033429086208343506
        ],
        [
            0.08058544993400574,
            -0.019856654107570648,
            -0.005205690860748291
        ],
        [
            0.08402217924594879,
            -0.016651012003421783,
            -0.012433767318725586
        ],
        [
            0.10765945911407471,
            -0.01599723845720291,
            -0.04649609699845314
        ],
        [
