{
    "pred_cam": [
        10.36994743347168,
        0.1288805902004242,
        -0.04757498949766159
    ],
    "pred_mano_params": {
        "global_orient": [
            [
                [
                    -0.5654147863388062,
                    -0.13889971375465393,
                    -0.8130270838737488
                ],
                [
                    -0.5329976677894592,
                    -0.6907307505607605,
                    0.4886763393878937
                ],
                [
                    -0.629459798336029,
                    0.7096463441848755,
                    0.3165161609649658
                ]
            ]
        ],
        "hand_pose": [
            [
                [
                    0.6467183828353882,
                    -0.7590802907943726,
                    -0.07451444119215012
                ],
                [
                    0.7571972608566284,
                    0.6507015228271484,
                    -0.056919969618320465
                ],
                [
                    0.09169349074363708,
                    -0.01961093582212925,
                    0.9955941438674927
                ]
            ],
            [
                [
                    0.40135878324508667,
                    -0.8899531960487366,
                    0.21655113995075226
                ],
                [
                    0.9051546454429626,
                    0.34925124049186707,
                    -0.242319256067276
                ],
                [
                    0.14002205431461334,
                    0.29326924681663513,
                    0.9457203149795532
                ]
            ],
            [
                [
                    0.8389201164245605,
                    -0.5339106321334839,
                    0.10560551285743713
                ],
                [
                    0.5269776582717896,
                    0.845352828502655,
                    0.08759728074073792
                ],
                [
                    -0.1360430270433426,
                    -0.017835386097431183,
                    0.990542471408844
                ]
            ],
            [
                [
                    0.5707537531852722,
                    -0.8018620014190674,
                    -0.1767978072166443
                ],
                [
                    0.8182771801948547,
                    0.5733413696289062,
                    0.04125659167766571
                ],
                [
                    0.06828340888023376,
                    -0.16821695864200592,
                    0.9833821058273315
                ]
            ],
            [
                [
                    0.6795240640640259,
                    -0.7051499485969543,
                    -0.20251041650772095
                ],
                [
                    0.7336500287055969,
                    0.6539300084114075,
                    0.184751495718956
                ],
                [
                    0.0021501313894987106,
                    -0.2741148769855499,
                    0.9616944193840027
                ]
            ],
            [
                [
                    0.8033479452133179,
                    -0.5945794582366943,
                    0.033276718109846115
                ],
                [
                    0.5935598611831665,
                    0.8039846420288086,
                    0.035991352051496506
                ],
                [
                    -0.04815369099378586,
                    -0.009161856025457382,
                    0.9987978935241699
                ]
            ],
            [
                [
                    0.6299980282783508,
                    -0.7404987215995789,
                    0.23401741683483124
                ],
                [
                    0.6942646503448486,
                    0.6720577478408813,
                    0.2575559616088867
                ],
                [
                    -0.34799307584762573,
                    0.00021024989837314934,
                    0.9374971389770508
                ]
            ],
            [
                [
                    0.690717339515686,
                    -0.7070717811584473,
                    -0.15152278542518616
                ],
                [
                    0.5667497515678406,
                    0.3991929888725281,
                    0.7207216620445251
                ],
                [
                    -0.4491150975227356,
                    -0.5836904048919678,
                    0.6764622926712036
                ]
            ],
            [
                [
                    0.8752102851867676,
                    -0.4803714454174042,
                    0.057011257857084274
                ],
                [
                    0.3840360641479492,
                    0.7616374492645264,
                    0.5219431519508362
                ],
                [
                    -0.2941485345363617,
                    -0.43491560220718384,
                    0.8510729074478149
                ]
            ],
            [
                [
                    0.6806893944740295,
                    -0.7316151261329651,
                    0.037432506680488586
                ],
                [
                    0.7324007153511047,
                    0.6785358190536499,
                    -0.056376807391643524
                ],
                [
                    0.01584682986140251,
                    0.06579069048166275,
                    0.9977076053619385
                ]
            ],
            [
                [
                    0.6848223805427551,
                    -0.7077861428260803,
                    -0.17336983978748322
                ],
                [
                    0.6858797073364258,
                    0.5457008481025696,
                    0.4814349412918091
                ],
                [
                    -0.24614490568637848,
                    -0.44860827922821045,
                    0.859164297580719
                ]
            ],
            [
                [
                    0.7573960423469543,
                    -0.6522306203842163,
                    0.030764782801270485
                ],
                [
                    0.6194297671318054,
                    0.7326129674911499,
                    0.2821081876754761
                ],
                [
                    -0.20653827488422394,
                    -0.19461098313331604,
                    0.9588892459869385
                ]
            ],
            [
                [
                    0.9582523703575134,
                    0.24257202446460724,
                    0.15136434137821198
                ],
                [
                    -0.10911356657743454,
                    0.7995643019676208,
                    -0.590585470199585
                ],
                [
                    -0.26428502798080444,
                    0.5494140982627869,
                    0.7926523089408875
                ]
            ],
            [
                [
                    0.9856982827186584,
                    -0.16609014570713043,
                    0.028511736541986465
                ],
                [
                    0.11594973504543304,
                    0.7912060618400574,
                    0.600456953048706
                ],
                [
                    -0.12228864431381226,
                    -0.5885635018348694,
                    0.7991485595703125
                ]
            ],
            [
                [
                    0.7757238149642944,
                    -0.6103575229644775,
                    -0.16036297380924225
                ],
                [
                    0.3505394458770752,
                    0.6280482411384583,
                    -0.6947500109672546
                ],
                [
                    0.5247615575790405,
                    0.4827205538749695,
                    0.7011463642120361
                ]
            ]
        ],
        "betas": [
            -0.1465926170349121,
            -0.09147000312805176,
            0.026826947927474976,
            -0.0041162073612213135,
            -0.023529261350631714,
            0.02141484245657921,
            -0.004834294319152832,
            0.024281933903694153,
            -0.021094098687171936,
            -0.04289337992668152
        ]
    },
    "pred_cam_t": [
        -0.1288805902004242,
        -0.04757498949766159,
        3.766894578933716
    ],
    "focal_length": [
        5000.0,
        5000.0
    ],
    "pred_keypoints_3d": [
        [
            0.09634043276309967,
            0.006444158963859081,
            0.006242869421839714
        ],
        [
            0.09102170914411545,
            0.042914871126413345,
            0.018623486161231995
        ],
        [
            0.08097314089536667,
            0.070724718272686,
            0.02795305661857128
        ],
        [
            0.07470646500587463,
            0.09426117688417435,
            0.040184587240219116
        ],
        [
            0.08381908386945724,
            0.12681111693382263,
            0.034773506224155426
        ],
        [
            0.13029436767101288,
            0.06748118251562119,
            0.06496328115463257
        ],
        [
            0.1478986293077469,
            0.09557299315929413,
            0.0641818642616272
        ],
        [
            0.14760363101959229,
            0.10105624049901962,
            0.04255112633109093
        ],
        [
            0.140121191740036,
            0.09748067706823349,
            0.01914886385202408
        ],
        [
            0.15323014557361603,
            0.05662233382463455,
            0.06411604583263397
        ],
        [
            0.1735466718673706,
            0.0797114372253418,
            0.05551646277308464
        ],
        [
            0.17346437275409698,
            0.09039364010095596,
            0.03466568887233734
        ],
        [
            0.1629827916622162,
            0.09690237045288086,
            0.012226611375808716
        ],
        [
            0.16535556316375732,
            0.03991326689720154,
            0.046745702624320984
        ],
        [
            0.18439646065235138,
            0.06183277815580368,
            0.04470369964838028
        ],
        [
            0.18565534055233002,
            0.07459668815135956,
            0.02327193133533001
        ],
        [
            0.17385955154895782,
            0.08332505822181702,
            0.002794720232486725
        ],
        [
            0.17237605154514313,
            0.028968654572963715,
            0.028981367126107216
        ],
        [
            0.18700313568115234,
            0.043935418128967285,
            0.025069406256079674
        ],
        [
            0.1825106292963028,
            0.054048098623752594,
            0.009495268575847149
        ],
        [
            0.16776829957962036,
            0.05971255525946617,
            -0.0018035371322184801
        ]
    ],
    "pred_vertices": [
        [
            0.11312851309776306,
            0.0544540137052536,
            0.031184006482362747
        ],
        [
            0.10796533524990082,
            0.05150223523378372,
            0.023421332240104675
        ],
        [
            0.10441902279853821,
            0.06292399019002914,
            0.027162034064531326
        ],
        [
            0.10978729277849197,
            0.06430107355117798,
            0.03502641245722771
        ],
        [
            0.09467082470655441,
            0.05868583172559738,
            0.0073655396699905396
        ],
        [
            0.08384183049201965,
            0.0562516450881958,
            0.0039253681898117065
        ],
        [
            0.08188506960868835,
            0.07071071863174438,
            0.011989548802375793
        ],
        [
            0.09077860414981842,
            0.07268297672271729,
            0.013669278472661972
        ],
        [
            0.10534067451953888,
            0.0718141570687294,
            0.040128543972969055
        ],
        [
            0.10131926834583282,
            0.07182668894529343,
            0.0305793397128582
        ],
        [
            0.09854131937026978,
            0.07274678349494934,
            0.0444519966840744
        ],
        [
            0.10433357954025269,
            0.06766169518232346,
            0.056246161460876465
        ],
        [
            0.1095045804977417,
            0.06955790519714355,
            0.0498235858976841
        ],
        [
            0.11049795150756836,
            0.06691721826791763,
            0.06329707056283951
        ],
        [
            0.09881453961133957,
            0.05759789049625397,
            0.05883551388978958
        ],
        [
            0.11228133738040924,
            0.05901328846812248,
            0.069285549223423
        ],
        [
            0.11561420559883118,
            0.030979614704847336,
            0.056522734463214874
        ],
        [
            0.12432240694761276,
            0.022133003920316696,
            0.05048852413892746
        ],
        [
            0.13623158633708954,
            0.030610237270593643,
            0.06078515201807022
        ],
        [
            0.12641838192939758,
            0.03953073173761368,
            0.06527232378721237
        ],
        [
            0.1448112279176712,
            0.018711887300014496,
            0.04531851410865784
        ],
        [
            0.14071489870548248,
            0.025618920102715492,
            0.05432106554508209
        ],
        [
            0.1288515329360962,
            0.01623592898249626,
            0.04510481655597687
        ],
        [
            0.1331721395254135,
            0.010690130293369293,
            0.03745358809828758
        ],
        [
            0.11964268982410431,
            0.04002316668629646,
            0.023051492869853973
        ],
        [
            0.11461464315652847,
            0.035102520138025284,
            0.015433132648468018
        ],
        [
            0.11211708188056946,
            0.0401056632399559,
            0.019168175756931305
        ],
        [
            0.11668742448091507,
            0.044419482350349426,
            0.025949478149414062
        ],
        [
            0.083701953291893,
            0.07299545407295227,
            0.04332128167152405
        ],
        [
            0.08510830998420715,
            0.06267040967941284,
            0.04514846205711365
        ],
        [
            0.09197068214416504,
            0.06696291267871857,
            0.047715432941913605
        ],
        [
            0.08766478300094604,
            0.07666574418544769,
            0.04188654571771622
        ],
        [
            0.10731196403503418,
            0.021255839616060257,
            -0.009934533387422562
        ],
        [
            0.09766952693462372,
            0.011863403022289276,
            -0.012400053441524506
        ],
        [
            0.09334492683410645,
            0.01478612795472145,
            -0.009661652147769928
        ],
        [
            0.10336892306804657,
            0.022465988993644714,
            -0.007496912032365799
        ],
        [
            0.08260762691497803,
            0.03299996629357338,
            -0.0018132328987121582
        ],
        [
            0.07928770035505295,
            0.02282780036330223,
            -0.0022476911544799805
        ],
        [
            0.06719893217086792,
            0.018727052956819534,
            0.004242047667503357
        ],
        [
            0.06969834864139557,
            0.027386445552110672,
            0.007927171885967255
        ],
        [
            0.08398355543613434,
            0.04477590695023537,
            0.0004339143633842468
        ],
        [
            0.07225611060857773,
            0.03983183950185776,
            0.0069407448172569275
        ],
        [
            0.07444166392087936,
            0.05131980776786804,
            0.008619144558906555
        ],
        [
            0.07463854551315308,
            0.06517891585826874,
            0.01565086841583252
        ],
        [
            0.10685571283102036,
            0.0034774355590343475,
            -0.016101472079753876
        ],
        [
            0.1152382493019104,
            0.009423255920410156,
            -0.01531294733285904
        ],
        [
            0.13676300644874573,
            0.09250867366790771,
            0.0542757622897625
        ],
        [
            0.14143724739551544,
            0.08916236460208893,
            0.05165790393948555
        ],
        [
            0.1400412917137146,
            0.08824501186609268,
            0.052518799901008606
        ],
        [
            0.1360398530960083,
            0.09155876934528351,
            0.055220022797584534
        ],
        [
            0.11908823251724243,
            -0.009150773286819458,
            -0.0056837573647499084
        ],
        [
            0.11776331067085266,
            -0.014824237674474716,
            0.002683069556951523
        ],
        [
            0.11391226947307587,
            -0.018022499978542328,
            -0.0027099549770355225
        ],
        [
            0.11343664675951004,
            -0.011920880526304245,
            -0.009996648877859116
        ],
        [
            0.12649507820606232,
            -0.005390770733356476,
            1.54152512550354e-05
        ],
        [
            0.122800312936306,
            -0.00968075543642044,
            0.009919892996549606
        ],
        [
            0.14208075404167175,
            0.10121188312768936,
            0.06239025294780731
        ],
        [
            0.1377018392086029,
            0.09970642626285553,
            0.059598974883556366
        ],
        [
            0.1373933106660843,
            0.09747247397899628,
            0.06341557204723358
        ],
        [
            0.1418648064136505,
            0.09746498614549637,
            0.06678610295057297
        ],
        [
            0.11429750174283981,
            0.06613194197416306,
            0.04306471720337868
        ],
        [
            0.11858148127794266,
            0.058939408510923386,
            0.037325501441955566
        ],
        [
            0.12625212967395782,
            0.07030574977397919,
            0.05324264615774155
        ],
        [
            0.12434442341327667,
            0.06528078764677048,
            0.04787846654653549
        ],
        [
            0.11813312768936157,
            0.06808263063430786,
            0.0508735217154026
        ],
        [
            0.12043870240449905,
            0.07137123495340347,
            0.0558757446706295
        ],
        [
            0.13638699054718018,
            0.04837147518992424,
            0.03597752004861832
        ],
        [
            0.12873820960521698,
            0.042742401361465454,
            0.029071766883134842
        ],
        [
            0.12566961348056793,
            0.04744763672351837,
            0.03286261111497879
        ],
        [
            0.13290251791477203,
            0.05497628077864647,
            0.040449753403663635
        ],
        [
            0.1374301016330719,
            0.03567061573266983,
            0.02014576643705368
        ],
        [
            0.1442132592201233,
            0.04146679490804672,
            0.02801280841231346
        ],
        [
            0.14835992455482483,
            0.03670312464237213,
            0.022062577307224274
        ],
        [
            0.142903670668602,
            0.034157752990722656,
            0.016790717840194702
        ],
        [
            0.15280483663082123,
            0.05231030285358429,
            0.04318055510520935
        ],
        [
            0.15587769448757172,
            0.0550348274409771,
            0.04734742268919945
        ],
        [
            0.15956135094165802,
            0.05476606264710426,
            0.04490227997303009
        ],
        [
            0.1548619270324707,
            0.050252385437488556,
            0.040802963078022
        ],
        [
            0.10959123075008392,
            -0.02168537676334381,
            -0.007093105465173721
        ],
        [
            0.10739561915397644,
            -0.014357369393110275,
            -0.013436038047075272
        ],
        [
            0.15484336018562317,
            0.009300053119659424,
            0.02791324257850647
        ],
        [
            0.15568086504936218,
            0.008900150656700134,
            0.01657714694738388
        ],
        [
            0.16677524149417877,
            0.014073455706238747,
            0.022178299725055695
        ],
        [
            0.16317963600158691,
            0.012884516268968582,
            0.0335046760737896
        ],
        [
            0.1133301854133606,
            -0.015254009515047073,
            0.01219063252210617
        ],
        [
            0.11086182296276093,
            -0.0204068161547184,
            0.006706230342388153
        ],
        [
            0.14854341745376587,
            0.10001610964536667,
            0.06351800262928009
        ],
        [
            0.14822009205818176,
            0.09611473977565765,
            0.06752918660640717
        ],
        [
            0.07003828883171082,
            0.04273616895079613,
            0.019127853214740753
        ],
        [
            0.07121288031339645,
            0.05991287901997566,
            0.02294815704226494
        ],
        [
            0.0686022937297821,
            0.0290895476937294,
            0.01743953302502632
        ],
        [
            0.06760163605213165,
            0.019262872636318207,
            0.01631132885813713
        ],
        [
            0.06407739222049713,
            0.012116611003875732,
            0.013849865645170212
        ],
        [
            0.13109351694583893,
            0.06366842240095139,
            0.047651663422584534
        ],
        [
            0.12030475586652756,
            0.050670940428972244,
            0.03251121938228607
        ],
        [
            0.1225614845752716,
            0.03680020570755005,
            0.02008853852748871
        ],
        [
            0.1449417769908905,
            0.024691056460142136,
            0.002063661813735962
        ],
        [
            0.1376897245645523,
            0.020365925505757332,
            -0.004394881427288055
        ],
        [
            0.13349656760692596,
            0.028068963438272476,
            0.0019257217645645142
        ],
        [
            0.14067499339580536,
            0.029823962599039078,
            0.00672534853219986
        ],
        [
            0.15715251863002777,
            0.014787359163165092,
            0.008654862642288208
        ],
        [
            0.1556054949760437,
            0.022671042010188103,
            0.007271949201822281
        ],
        [
            0.1620895117521286,
            0.02574322558939457,
            0.012615643441677094
        ],
        [
            0.16539128124713898,
            0.01879722997546196,
            0.01447492465376854
        ],
        [
            0.07636621594429016,
            0.07132893055677414,
            0.041772790253162384
        ],
        [
            0.0787554532289505,
            0.059793196618556976,
            0.04142257943749428
        ],
        [
            0.11777502298355103,
            -0.00106889009475708,
            -0.012588545680046082
        ],
        [
            0.11060953140258789,
            -0.0033707022666931152,
            -0.014913011342287064
        ],
        [
            0.10392589867115021,
            -0.008299663662910461,
            -0.017044901847839355
        ],
        [
            0.1104617714881897,
            0.029381532222032547,
            0.0027278028428554535
        ],
        [
            0.10071392357349396,
            0.023462925106287003,
            -0.005919650197029114
        ],
        [
            0.09850561618804932,
            0.026810791343450546,
            -0.0039516836404800415
        ],
        [
            0.10910750925540924,
            0.03100818395614624,
            0.005437813699245453
        ],
        [
            0.10463013499975204,
            0.04880770295858383,
            0.013047702610492706
        ],
        [
            0.09709405899047852,
            0.04379080981016159,
            0.0023574158549308777
        ],
        [
            0.10172058641910553,
            0.061940453946590424,
            0.017069868743419647
        ],
        [
            0.0864425003528595,
            0.01773153245449066,
            -0.006931766867637634
        ],
        [
            0.0856456309556961,
            0.008989226073026657,
            -0.01377636194229126
        ],
        [
            0.07859355956315994,
            0.012412212789058685,
            -0.009476855397224426
        ],
        [
            0.09295754134654999,
            0.003102678805589676,
            -0.016930360347032547
        ],
        [
            0.09953755885362625,
            -0.0028708577156066895,
            -0.018407318741083145
        ],
        [
            0.1072334349155426,
            -0.027403362095355988,
            0.003280680626630783
        ],
        [
            0.0726868063211441,
            0.014892593026161194,
            -0.003886796534061432
        ],
        [
            0.08682254701852798,
            0.07962028682231903,
            0.019672051072120667
        ],
        [
            0.08244037628173828,
            0.08476604521274567,
            0.024354644119739532
        ],
        [
            0.08830428123474121,
            0.08403953909873962,
            0.029635541141033173
        ],
        [
            0.09248800575733185,
            0.07925289869308472,
            0.025954827666282654
        ],
        [
            0.11754440516233444,
            0.06964068114757538,
            0.06863308697938919
        ],
        [
            0.11772892624139786,
            0.07237419486045837,
            0.06139925494790077
        ],
        [
            0.11190678924322128,
            0.06941015273332596,
            0.05630534142255783
        ],
        [
            0.11813095211982727,
            0.023946858942508698,
            -0.006675004959106445
        ],
        [
            0.12445659935474396,
            0.013924434781074524,
            -0.011545762419700623
        ],
        [
            0.1326439082622528,
            0.06912701576948166,
            0.053020063787698746
        ],
        [
            0.1404961496591568,
            0.09389226138591766,
            0.06977059692144394
        ],
        [
            0.13541078567504883,
            0.09459323436021805,
            0.06627431511878967
        ],
        [
            0.1261766254901886,
            0.07997754961252213,
            0.06898601353168488
        ],
        [
            0.13156674802303314,
            0.07864264398813248,
            0.07355745881795883
        ],
        [
            0.1408313810825348,
            0.06987142562866211,
            0.057875387370586395
        ],
        [
            0.13467223942279816,
            0.07112385332584381,
            0.054062746465206146
        ],
        [
            0.1361091285943985,
            0.07196873426437378,
            0.05446413531899452
        ],
        [
            0.14272883534431458,
            0.07169248163700104,
            0.056070443242788315
        ],
        [
            0.16244208812713623,
            0.048646822571754456,
            0.03841220960021019
        ],
        [
            0.15814726054668427,
            0.04500921443104744,
            0.03461816906929016
        ],
        [
            0.13809704780578613,
            0.05023938789963722,
            0.07022921741008759
        ],
        [
            0.12660054862499237,
            0.05491633340716362,
            0.07697674632072449
        ],
        [
            0.11703289300203323,
            0.047928474843502045,
            0.06970208138227463
        ],
        [
            0.14021575450897217,
            0.043844737112522125,
            0.0313078910112381
        ],
        [
            0.14757052063941956,
            0.04847416281700134,
            0.0370895117521286
        ],
        [
            0.15004797279834747,
            0.046042948961257935,
            0.034727178514003754
        ],
        [
            0.13568323850631714,
            0.06338813155889511,
            0.04886901378631592
        ],
        [
            0.13847294449806213,
            0.06716925650835037,
            0.053611960262060165
        ],
        [
            0.14050982892513275,
            0.06340088695287704,
            0.05166527256369591
        ],
        [
            0.13810190558433533,
            0.05953700467944145,
            0.046176131814718246
        ],
        [
            0.14534243941307068,
            0.0025746040046215057,
            0.01086491346359253
        ],
        [
            0.14746877551078796,
            0.009394261986017227,
            0.001501724123954773
        ],
        [
            0.1356489360332489,
            0.09641798585653305,
            0.05690045654773712
        ],
        [
            0.1350460797548294,
            0.095121368765831,
            0.05916180461645126
        ],
        [
            0.13261596858501434,
            0.038426268845796585,
            0.024616681039333344
        ],
        [
            0.1081240177154541,
            0.04040355980396271,
            0.059296175837516785
        ],
        [
            0.1257946491241455,
            0.0338139645755291,
            0.016658268868923187
        ],
        [
            0.16476930677890778,
            0.029143165796995163,
            0.04495369270443916
        ],
        [
            0.1687505841255188,
            0.03357240930199623,
            0.03835976868867874
        ],
        [
            0.17084883153438568,
            0.03798568621277809,
            0.040119804441928864
        ],
        [
            0.17027722299098969,
            0.036057326942682266,
            0.04602928087115288
        ],
        [
            0.1500234603881836,
            0.08268727362155914,
            0.054906073957681656
        ],
        [
            0.1452261209487915,
            0.084750697016716,
            0.05168535187840462
        ],
        [
            0.1458641141653061,
            0.08555436134338379,
            0.052171044051647186
        ],
        [
            0.15150591731071472,
            0.08515196293592453,
            0.054749734699726105
        ],
        [
            0.12890589237213135,
            0.07274144142866135,
            0.05421965941786766
        ],
        [
            0.12362705171108246,
            0.07455290853977203,
            0.057193025946617126
        ],
        [
            0.1265191286802292,
            0.07764960080385208,
            0.056749697774648666
        ],
        [
            0.1316714733839035,
            0.07492990791797638,
            0.054583802819252014
        ],
        [
            0.12144061923027039,
            0.0754234567284584,
            0.06307550519704819
        ],
        [
            0.12433185428380966,
            0.07926897704601288,
            0.06280741840600967
        ],
        [
            0.1531008929014206,
            0.08354858309030533,
            0.0607311986386776
        ],
        [
            0.15175436437129974,
            0.08789744228124619,
            0.06721917539834976
        ],
        [
            0.14459280669689178,
            0.07255714386701584,
            0.07012169808149338
        ],
        [
            0.14685115218162537,
            0.0725700631737709,
            0.0625511035323143
        ],
        [
            0.1221717894077301,
            0.0020583830773830414,
            0.031034793704748154
        ],
        [
            0.12852057814598083,
            -0.0021700672805309296,
            0.02272631973028183
        ],
        [
            0.1397232711315155,
            0.006114307790994644,
            0.0290102269500494
        ],
        [
            0.1513196974992752,
            0.013149738311767578,
            0.035829752683639526
        ],
        [
            0.16135185956954956,
            0.02118466980755329,
            0.04216427356004715
        ],
        [
            0.15508568286895752,
            0.024590060114860535,
            0.052406925708055496
        ],
        [
            0.1429811418056488,
            0.0029130466282367706,
            0.022037865594029427
        ],
        [
            0.14323768019676208,
            0.062226999551057816,
            0.06379415094852448
        ],
        [
            0.13930104672908783,
            0.06142449751496315,
            0.07113559544086456
        ],
        [
            0.14224369823932648,
            0.05729980766773224,
            0.0681915283203125
        ],
        [
            0.13077883422374725,
            0.03148902952671051,
            0.011491388082504272
        ],
        [
            0.1331356316804886,
            0.09360958635807037,
            0.06125409156084061
        ],
        [
            0.07783117890357971,
            0.002667739987373352,
            0.028211109340190887
        ],
        [
            0.08757098019123077,
            -0.0062531232833862305,
            0.027116727083921432
        ],
        [
            0.09135983139276505,
            0.0004285871982574463,
            0.03149387240409851
        ],
        [
            0.08067285269498825,
            0.010776590555906296,
            0.0319325253367424
        ],
        [
            0.1388138085603714,
            0.08833488076925278,
            0.05179351940751076
        ],
        [
            0.13398227095603943,
            0.09112244844436646,
            0.055400457233190536
        ],
        [
            0.16332052648067474,
            0.04210003465414047,
            0.03123733401298523
        ],
        [
            0.1664075404405594,
            0.045337796211242676,
            0.035565078258514404
        ],
        [
            0.16972161829471588,
            0.04292837157845497,
            0.03599099814891815
        ],
        [
            0.16931983828544617,
            0.040758032351732254,
            0.030116230249404907
        ],
        [
            0.1304933726787567,
            -0.0042924582958221436,
            0.017399489879608154
        ],
        [
            0.17362511157989502,
            0.01977722905576229,
            0.023880094289779663
        ],
        [
            0.17038322985172272,
            0.01838036999106407,
            0.034372296184301376
        ],
        [
            0.11853550374507904,
            -0.009226705878973007,
            0.01759634166955948
        ],
        [
            0.11297588050365448,
            -0.006137683987617493,
            0.025173738598823547
        ],
        [
            0.1067981868982315,
            -0.01234278455376625,
            0.020664814859628677
        ],
        [
            0.15200385451316833,
            0.037079691886901855,
            0.06103475019335747
        ],
        [
            0.11880874633789062,
            0.007025483995676041,
            0.03747568279504776
        ],
        [
            0.10929244011640549,
            -0.001615416258573532,
            0.030297530815005302
        ],
        [
            0.10173112154006958,
            -0.00881652906537056,
            0.025138355791568756
        ],
        [
            0.0969017818570137,
            -0.014742881059646606,
            0.021565627306699753
        ],
        [
            0.10293875634670258,
            -0.017918523401021957,
            0.01694405823945999
        ],
        [
            0.1466093510389328,
            0.09134511649608612,
            0.06970899552106857
        ],
        [
            0.15434682369232178,
            0.09269710630178452,
            0.0647197812795639
        ],
        [
            0.09888334572315216,
            -0.025481611490249634,
            0.013668395578861237
        ],
        [
            0.092154361307621,
            -0.021144039928913116,
            0.018551945686340332
        ],
        [
            0.10397442430257797,
            0.004072465002536774,
            0.03537808358669281
        ],
        [
            0.0972549095749855,
            0.011817924678325653,
            0.04009944200515747
        ],
        [
            0.11338315159082413,
            0.012400317937135696,
            0.04193989932537079
        ],
        [
            0.10743234306573868,
            0.020699799060821533,
            0.04751306027173996
        ],
        [
            0.1444847136735916,
            0.037816207855939865,
            0.0693478137254715
        ],
        [
            0.15596580505371094,
            0.09943356364965439,
            0.04724977910518646
        ],
        [
            0.15625503659248352,
            0.09257405996322632,
            0.05612334609031677
        ],
        [
            0.15311788022518158,
            0.0884711742401123,
            0.05307016894221306
        ],
        [
            0.1552840769290924,
            0.095458984375,
            0.04558604583144188
        ],
        [
            0.1547718048095703,
            0.08747468888759613,
            0.059083811938762665
        ],
        [
            0.15476836264133453,
            0.09651423990726471,
            0.060379594564437866
        ],
        [
            0.09784060716629028,
            0.032202526926994324,
            0.04972819238901138
        ],
        [
            0.14325657486915588,
            0.06615523993968964,
            0.05606245994567871
        ],
        [
            0.08554686605930328,
            0.02489655464887619,
            0.039255958050489426
        ],
        [
            0.08971729874610901,
            0.048417821526527405,
            0.05220066010951996
        ],
        [
            0.08094540238380432,
            0.0437694676220417,
            0.04216119274497032
        ],
        [
            0.07243862003087997,
            0.01963641121983528,
            0.028050564229488373
        ],
        [
            0.07200274616479874,
            0.03506989777088165,
            0.03084247186779976
        ],
        [
            0.06744012236595154,
            0.004946917295455933,
            0.021349318325519562
        ],
        [
            0.07118409872055054,
            0.011460818350315094,
            0.025287490338087082
        ],
        [
            0.07225631177425385,
            0.050369489938020706,
            0.03168395906686783
        ],
        [
            0.13960428535938263,
            0.09442538022994995,
            0.046200696378946304
        ],
        [
            0.14491820335388184,
            0.0913047194480896,
            0.04500677436590195
        ],
        [
