{
    "pred_cam": [
        6.321781158447266,
        -0.1698765605688095,
        -0.05170036852359772
    ],
    "pred_mano_params": {
        "global_orient": [
            [
                [
                    -0.5610893964767456,
                    -0.7845981121063232,
                    0.2637886703014374
                ],
                [
                    -0.5839300751686096,
                    0.14930614829063416,
                    -0.7979556918144226
                ],
                [
                    0.586689293384552,
                    -0.6017586588859558,
                    -0.5419245362281799
                ]
            ]
        ],
        "hand_pose": [
            [
                [
                    0.7948404550552368,
                    -0.5494343042373657,
                    -0.25758591294288635
                ],
                [
                    0.5430887937545776,
                    0.8334618210792542,
                    -0.10196052491664886
                ],
                [
                    0.2707086503505707,
                    -0.05884966254234314,
                    0.9608607888221741
                ]
            ],
            [
                [
                    0.9964660406112671,
                    0.03366443142294884,
                    0.07695620507001877
                ],
                [
                    -0.021721957251429558,
                    0.9882861971855164,
                    -0.15105825662612915
                ],
                [
                    -0.08114003390073776,
                    0.14885276556015015,
                    0.9855248928070068
                ]
            ],
            [
                [
                    0.8630977869033813,
                    -0.5046893954277039,
                    0.018731137737631798
                ],
                [
                    0.48453399538993835,
                    0.8170285224914551,
                    -0.31255608797073364
                ],
                [
                    0.14243988692760468,
                    0.27884232997894287,
                    0.9497146606445312
                ]
            ],
            [
                [
                    0.8453867435455322,
                    -0.44844672083854675,
                    -0.2902008891105652
                ],
                [
                    0.44261449575424194,
                    0.8922444581985474,
                    -0.089399054646492
                ],
                [
                    0.2990208864212036,
                    -0.052870336920022964,
                    0.9527806639671326
                ]
            ],
            [
                [
                    0.9339160323143005,
                    -0.35294896364212036,
                    -0.05681457743048668
                ],
                [
                    0.3521633744239807,
                    0.8809633851051331,
                    0.31604504585266113
                ],
                [
                    -0.06149619072675705,
                    -0.31516754627227783,
                    0.9470415115356445
                ]
            ],
            [
                [
                    0.7741007804870605,
                    -0.5982378721237183,
                    -0.20707367360591888
                ],
                [
                    0.6235883235931396,
                    0.7769479751586914,
                    0.08654151111841202
                ],
                [
                    0.10911306738853455,
                    -0.19612057507038116,
                    0.9744901657104492
                ]
            ],
            [
                [
                    0.45898857712745667,
                    -0.7174942493438721,
                    0.5239576101303101
                ],
                [
                    0.6001494526863098,
                    0.6852455139160156,
                    0.4126248359680176
                ],
                [
                    -0.6550954580307007,
                    0.12506277859210968,
                    0.7451236248016357
                ]
            ],
            [
                [
                    0.9360247254371643,
                    -0.26475992798805237,
                    -0.23186175525188446
                ],
                [
                    0.30734631419181824,
                    0.9359159469604492,
                    0.17204521596431732
                ],
                [
                    0.17145244777202606,
                    -0.23230043053627014,
                    0.9574134349822998
                ]
            ],
            [
                [
                    0.9098494052886963,
                    -0.41359743475914,
                    -0.0333348885178566
                ],
                [
                    0.41035035252571106,
                    0.884966254234314,
                    0.2201075553894043
                ],
                [
                    -0.06153567135334015,
                    -0.2139437198638916,
                    0.9749059081077576
                ]
            ],
            [
                [
                    0.774196982383728,
                    -0.6327140927314758,
                    -0.017086029052734375
                ],
                [
                    0.6305089592933655,
                    0.7733024954795837,
                    -0.06679648905992508
                ],
                [
                    0.05547574535012245,
                    0.04094074293971062,
                    0.9976203441619873
                ]
            ],
            [
                [
                    0.9334966540336609,
                    -0.34671393036842346,
                    -0.09150702506303787
                ],
                [
                    0.3506196141242981,
                    0.8290448784828186,
                    0.4356037676334381
                ],
                [
                    -0.07516647130250931,
                    -0.4387187659740448,
                    0.8954753279685974
                ]
            ],
            [
                [
                    0.7589737176895142,
                    -0.5287534594535828,
                    -0.37997201085090637
                ],
                [
                    0.6186632513999939,
                    0.7675634026527405,
                    0.1676366776227951
                ],
                [
                    0.20301420986652374,
                    -0.36230653524398804,
                    0.9096807837486267
                ]
            ],
            [
                [
                    0.9983805418014526,
                    0.049488894641399384,
                    -0.028054410591721535
                ],
                [
                    -0.05195317044854164,
                    0.5922958254814148,
                    -0.8040439486503601
                ],
                [
                    -0.02317473478615284,
                    0.8041993975639343,
                    0.5939077138900757
                ]
            ],
            [
                [
                    0.9088590741157532,
                    -0.2279321402311325,
                    -0.34931665658950806
                ],
                [
                    0.3836294710636139,
                    0.7855226397514343,
                    0.4855744242668152
                ],
                [
                    0.16371816396713257,
                    -0.5753268599510193,
                    0.8013708591461182
                ]
            ],
            [
                [
                    0.8960225582122803,
                    0.2696514129638672,
                    -0.35274872183799744
                ],
                [
                    -0.2601682245731354,
                    0.9626447558403015,
                    0.07501638680696487
                ],
                [
                    0.3598000407218933,
                    0.02455764263868332,
                    0.9327061176300049
                ]
            ]
        ],
        "betas": [
            -0.041860103607177734,
            -0.05818217992782593,
            -0.08272281289100647,
            0.003394991159439087,
            0.05421721935272217,
            0.003668084740638733,
            0.06618630886077881,
            -0.06526446342468262,
            0.009216517210006714,
            -0.02362203598022461
        ]
    },
    "pred_cam_t": [
        -0.1698765605688095,
        -0.05170036852359772,
        6.1790337562561035
    ],
    "focal_length": [
        5000.0,
        5000.0
    ],
    "pred_keypoints_3d": [
        [
            0.0959828719496727,
            0.006403819657862186,
            0.006217383313924074
        ],
        [
            0.12852348387241364,
            -0.002444935031235218,
            -0.01259995624423027
        ],
        [
            0.157697856426239,
            -0.005369833670556545,
            -0.02220056764781475
        ],
        [
            0.18092644214630127,
            0.005348873324692249,
            -0.0313570536673069
        ],
        [
            0.20165322721004486,
            0.026239123195409775,
            -0.051809653639793396
        ],
        [
            0.1551051288843155,
            0.040741078555583954,
            -0.053689975291490555
        ],
        [
            0.18098673224449158,
            0.06098446622490883,
            -0.05798687785863876
        ],
        [
            0.19978749752044678,
            0.07295496016740799,
            -0.058090995997190475
        ],
        [
            0.22064462304115295,
            0.08423784375190735,
            -0.04763611778616905
        ],
        [
            0.1495174914598465,
            0.06433536112308502,
            -0.04673559591174126
        ],
        [
            0.16917207837104797,
            0.08932660520076752,
            -0.046725209802389145
        ],
        [
            0.18851444125175476,
            0.09975574165582657,
            -0.038824260234832764
        ],
        [
            0.20836478471755981,
            0.1005331501364708,
            -0.022342678159475327
        ],
        [
            0.13803516328334808,
            0.07501506805419922,
            -0.025029383599758148
        ],
        [
            0.16184544563293457,
            0.09145867824554443,
            -0.02551957033574581
        ],
        [
            0.18256084620952606,
            0.0973566472530365,
            -0.013070734217762947
        ],
        [
            0.19649621844291687,
            0.0946960300207138,
            0.008648019284009933
        ],
        [
            0.13113123178482056,
            0.0797463059425354,
            -0.004844910930842161
        ],
        [
            0.15180151164531708,
            0.08438976854085922,
            -0.0050968630239367485
        ],
        [
            0.16892890632152557,
            0.0875207781791687,
            0.0025806408375501633
        ],
        [
            0.18318256735801697,
            0.08607257902622223,
            0.015208890661597252
        ]
    ],
    "pred_vertices": [
        [
            0.14221876859664917,
            0.01987171359360218,
            -0.021847736090421677
        ],
        [
            0.13764911890029907,
            0.014334579929709435,
            -0.014453630894422531
        ],
        [
            0.14717164635658264,
            0.012505752965807915,
            -0.018407154828310013
        ],
        [
            0.1502598226070404,
            0.017053721472620964,
            -0.026658184826374054
        ],
        [
            0.14324061572551727,
            0.00016238540410995483,
            -0.000394970178604126
        ],
        [
            0.1416085809469223,
            -0.011847119778394699,
            -2.8714537620544434e-05
        ],
        [
            0.15667523443698883,
            -0.009645799174904823,
            -0.007317293435335159
        ],
        [
            0.156395822763443,
            7.800571620464325e-05,
            -0.005316048860549927
        ],
        [
            0.15571686625480652,
            0.014809530228376389,
            -0.03150203824043274
        ],
        [
            0.15476557612419128,
            0.011048631742596626,
            -0.021231219172477722
        ],
        [
            0.1551002860069275,
            0.01212950237095356,
            -0.03433588147163391
        ],
        [
            0.15141278505325317,
            0.01693139784038067,
            -0.04784267023205757
        ],
        [
            0.15448695421218872,
            0.019063325598835945,
            -0.04175149276852608
        ],
        [
            0.1512502282857895,
            0.022935403510928154,
            -0.054739728569984436
        ],
        [
            0.1410473883152008,
            0.013310730457305908,
            -0.05025317892432213
        ],
        [
            0.14315614104270935,
            0.026792243123054504,
            -0.05855828523635864
        ],
        [
            0.1179187223315239,
            0.03113507479429245,
            -0.04204973205924034
        ],
        [
            0.1117401123046875,
            0.03969690203666687,
            -0.03322932496666908
        ],
        [
            0.12123797833919525,
            0.050995342433452606,
            -0.04166639596223831
        ],
        [
            0.12726598978042603,
            0.04122598096728325,
            -0.049281466752290726
        ],
        [
            0.11342023313045502,
            0.058524634689092636,
            -0.023835908621549606
        ],
        [
            0.11809226870536804,
            0.055082693696022034,
            -0.03416993096470833
        ],
        [
            0.10765233635902405,
            0.04390927031636238,
            -0.026357438415288925
        ],
        [
            0.10416832566261292,
            0.04739949107170105,
            -0.01734369993209839
        ],
        [
            0.13111020624637604,
            0.0261751227080822,
            -0.01101730391383171
        ],
        [
            0.1257445514202118,
            0.020298410207033157,
            -0.004003874957561493
        ],
        [
            0.128860205411911,
            0.01786816492676735,
            -0.008826091885566711
        ],
        [
            0.13415133953094482,
            0.02326580137014389,
            -0.015024948865175247
        ],
        [
            0.15860052406787872,
            0.002885604277253151,
            -0.03450127691030502
        ],
        [
            0.14702218770980835,
            -0.0005503036081790924,
            -0.039084047079086304
        ],
        [
            0.15039655566215515,
            0.006795831024646759,
            -0.039154164493083954
        ],
        [
            0.16052791476249695,
            0.00684581883251667,
            -0.03088744916021824
        ],
        [
            0.1143796294927597,
            0.010509103536605835,
            0.021439049392938614
        ],
        [
            0.10363374650478363,
            0.002530064433813095,
            0.023540131747722626
        ],
        [
            0.10509790480136871,
            -0.0015777572989463806,
            0.019573379307985306
        ],
        [
            0.11423780769109726,
            0.0068406835198402405,
            0.018109500408172607
        ],
        [
            0.11941710114479065,
            -0.012939278036355972,
            0.0073520466685295105
        ],
        [
            0.10906057059764862,
            -0.015073832124471664,
            0.008456788957118988
        ],
        [
            0.10231500118970871,
            -0.024143580347299576,
            0.0006939396262168884
        ],
        [
            0.11152906715869904,
            -0.022524625062942505,
            -0.003603406250476837
        ],
        [
            0.1309926062822342,
            -0.012062344700098038,
            0.004029169678688049
        ],
        [
            0.12502750754356384,
            -0.02187775820493698,
            -0.004184111952781677
        ],
        [
            0.13783635199069977,
            -0.020310133695602417,
            -0.007045328617095947
        ],
        [
            0.15432900190353394,
            -0.01622898504137993,
            -0.013583071529865265
        ],
        [
            0.09798291325569153,
            0.012006223201751709,
            0.030164726078510284
        ],
        [
            0.10538780689239502,
            0.01905282586812973,
            0.029988303780555725
        ],
        [
            0.19028063118457794,
            0.05671042948961258,
            -0.05486463010311127
        ],
        [
            0.18888933956623077,
            0.060753434896469116,
            -0.05090762674808502
        ],
        [
            0.1850789189338684,
            0.056815050542354584,
            -0.05027278512716293
        ],
        [
            0.18693280220031738,
            0.0538230761885643,
            -0.054830603301525116
        ],
        [
            0.08720862120389938,
            0.028220929205417633,
            0.024472810328006744
        ],
        [
            0.08048036694526672,
            0.02982998639345169,
            0.017104510217905045
        ],
        [
            0.07723409682512283,
            0.025565452873706818,
            0.02208062633872032
        ],
        [
            0.08385290950536728,
            0.022406965494155884,
            0.02800118736922741
        ],
        [
            0.09171411395072937,
            0.03584408387541771,
            0.019794167950749397
        ],
        [
            0.08561329543590546,
            0.03530329093337059,
            0.010276148095726967
        ],
        [
            0.18756139278411865,
            0.06132340431213379,
            -0.06649786978960037
        ],
        [
            0.19000503420829773,
            0.05768873170018196,
            -0.06372320652008057
        ],
        [
            0.18537798523902893,
            0.05543159693479538,
            -0.06458106637001038
        ],
        [
            0.1822895109653473,
            0.05918005108833313,
            -0.06636956334114075
        ],
        [
            0.152911975979805,
            0.021611517295241356,
            -0.03478487581014633
        ],
        [
            0.147527813911438,
            0.025217020884156227,
            -0.027693631127476692
        ],
        [
            0.15979942679405212,
            0.033818863332271576,
            -0.04445284232497215
        ],
        [
            0.15408052504062653,
            0.03161098062992096,
            -0.037979889661073685
        ],
        [
            0.15534889698028564,
            0.02596791833639145,
            -0.0424785315990448
        ],
        [
            0.15909849107265472,
            0.028884664177894592,
            -0.0482720285654068
        ],
        [
            0.14147566258907318,
            0.043540019541978836,
            -0.02156573347747326
        ],
        [
            0.13514608144760132,
            0.035720616579055786,
            -0.01548490859568119
        ],
        [
            0.13856467604637146,
            0.03278063237667084,
            -0.020449180155992508
        ],
        [
            0.1466287523508072,
            0.04003909230232239,
            -0.02760683000087738
        ],
        [
            0.1312585175037384,
            0.04328801855444908,
            -0.004089068621397018
        ],
        [
            0.13740716874599457,
            0.05044686794281006,
            -0.011290350928902626
        ],
        [
            0.1343950778245926,
            0.053902119398117065,
            -0.00399106927216053
        ],
        [
            0.13137535750865936,
            0.04801555722951889,
            0.0004406347870826721
        ],
        [
            0.1484956294298172,
            0.06018141657114029,
            -0.02605254389345646
        ],
        [
            0.151358962059021,
            0.06456384807825089,
            -0.030759790912270546
        ],
        [
            0.1512046456336975,
            0.0672924742102623,
            -0.02782985381782055
        ],
        [
            0.14678435027599335,
            0.06211160868406296,
            -0.023236798122525215
        ],
        [
            0.07328067719936371,
            0.021191835403442383,
            0.02605895698070526
        ],
        [
            0.08060826361179352,
            0.01636996865272522,
            0.030532214790582657
        ],
        [
            0.10863708704710007,
            0.06641519069671631,
            -0.004001053050160408
        ],
        [
            0.10956378281116486,
            0.06494645774364471,
            0.007085539400577545
        ],
        [
            0.11646664887666702,
            0.07616131007671356,
            0.002524707466363907
        ],
        [
            0.11326301097869873,
            0.07500159740447998,
            -0.008617647923529148
        ],
        [
            0.07797825336456299,
            0.027798999100923538,
            0.0072123706340789795
        ],
        [
            0.07318013161420822,
            0.025171957910060883,
            0.012865196913480759
        ],
        [
            0.18463626503944397,
            0.06676708161830902,
            -0.06604952365159988
        ],
        [
            0.17945894598960876,
            0.06420440971851349,
            -0.06480604410171509
        ],
        [
            0.12886184453964233,
            -0.022284332662820816,
            -0.01757986471056938
        ],
        [
            0.14988826215267181,
            -0.018315531313419342,
            -0.021948933601379395
        ],
        [
            0.11311164498329163,
            -0.02263759635388851,
            -0.014083269983530045
        ],
        [
            0.10230924934148788,
            -0.02192014455795288,
            -0.011495821177959442
        ],
        [
            0.09429839253425598,
            -0.024020075798034668,
            -0.00840315967798233
        ],
        [
            0.1541508138179779,
            0.03815696761012077,
            -0.03636746108531952
        ],
        [
            0.14045260846614838,
            0.02708808332681656,
            -0.02159161865711212
        ],
        [
            0.12907887995243073,
            0.02890465036034584,
            -0.0070788003504276276
        ],
        [
            0.12437272071838379,
            0.04842757806181908,
            0.016520464792847633
        ],
        [
            0.11942509561777115,
            0.040881168097257614,
            0.022018421441316605
        ],
        [
            0.12521567940711975,
            0.036873020231723785,
            0.013898726552724838
        ],
        [
            0.1278768628835678,
            0.04445314407348633,
            0.01038987934589386
        ],
        [
            0.11649848520755768,
            0.06349557638168335,
            0.014028370380401611
        ],
        [
            0.12397953122854233,
            0.0601925291121006,
            0.013857048004865646
        ],
        [
            0.12758956849575043,
            0.06719132512807846,
            0.009407484903931618
        ],
        [
            0.12143434584140778,
            0.07231185585260391,
            0.009106099605560303
        ],
        [
            0.15970762073993683,
            -0.004226967692375183,
            -0.03658699989318848
        ],
        [
            0.14520779252052307,
            -0.007871970534324646,
            -0.03784015402197838
        ],
        [
            0.09551653265953064,
            0.023983880877494812,
            0.02955278754234314
        ],
        [
            0.09205064177513123,
            0.01708313077688217,
            0.030830010771751404
        ],
        [
            0.0861121267080307,
            0.011188901960849762,
            0.03237676993012428
        ],
        [
            0.12080872803926468,
            0.014430548995733261,
            0.008312322199344635
        ],
        [
            0.11423471570014954,
            0.004270642995834351,
            0.015858475118875504
        ],
        [
            0.11630374193191528,
            0.001891501247882843,
            0.012929122895002365
        ],
        [
            0.1211613118648529,
            0.013155732303857803,
            0.005032852292060852
        ],
        [
            0.13417880237102509,
            0.009735066443681717,
            -0.004456132650375366
        ],
        [
            0.1303870528936386,
            0.0005618780851364136,
            0.0047007352113723755
        ],
        [
            0.14532849192619324,
            0.009480709210038185,
            -0.007893089205026627
        ],
        [
            0.10600544512271881,
            -0.008215006440877914,
            0.015067316591739655
        ],
        [
            0.09837105870246887,
            -0.008647669106721878,
            0.02295263484120369
        ],
        [
            0.09964234381914139,
            -0.015044346451759338,
            0.016899026930332184
        ],
        [
            0.09469786286354065,
            -0.0013140663504600525,
            0.02835821732878685
        ],
        [
            0.09056610614061356,
            0.0057245343923568726,
            0.03199012205004692
        ],
        [
            0.066049724817276,
            0.022282298654317856,
            0.01657785475254059
        ],
        [
            0.10026372224092484,
            -0.019886501133441925,
            0.010093294084072113
        ],
        [
            0.1646217703819275,
            -0.00016020052134990692,
            -0.010723631829023361
        ],
        [
            0.17131009697914124,
            0.000611618161201477,
            -0.01594337448477745
        ],
        [
            0.16797436773777008,
            0.006680397316813469,
            -0.017856962978839874
        ],
        [
            0.16209587454795837,
            0.006452128291130066,
            -0.014169976115226746
        ],
        [
            0.15422439575195312,
            0.030321503058075905,
            -0.06030060723423958
        ],
        [
            0.15846918523311615,
            0.02809334360063076,
            -0.05425858870148659
        ],
        [
            0.15468643605709076,
            0.021800776943564415,
            -0.04856447875499725
        ],
        [
            0.11897535622119904,
            0.02109840139746666,
            0.019927531480789185
        ],
        [
            0.11127091944217682,
            0.02784181758761406,
            0.02739601582288742
        ],
        [
            0.15976005792617798,
            0.040274184197187424,
            -0.042965613305568695
        ],
        [
            0.17744053900241852,
            0.057425037026405334,
            -0.06661448627710342
        ],
        [
            0.18070003390312195,
            0.05296378582715988,
            -0.06483223289251328
        ],
        [
            0.16583092510700226,
            0.04076113551855087,
            -0.0629577711224556
        ],
        [
            0.16273964941501617,
            0.04638078808784485,
            -0.06547723710536957
        ],
        [
            0.16046148538589478,
            0.050501517951488495,
            -0.04690296947956085
        ],
        [
            0.161937415599823,
            0.04352474957704544,
            -0.04465578496456146
        ],
        [
            0.1629466563463211,
            0.045971065759658813,
            -0.04541867971420288
        ],
        [
            0.1622968167066574,
            0.05252989009022713,
            -0.04551112651824951
        ],
        [
            0.14701241254806519,
            0.06926548480987549,
            -0.01971634104847908
        ],
        [
            0.14318686723709106,
            0.06461138278245926,
            -0.015719501301646233
        ],
        [
            0.13908421993255615,
            0.05130250006914139,
            -0.053849995136260986
        ],
        [
            0.1399470865726471,
            0.04124835133552551,
            -0.06261815875768661
        ],
        [
            0.13328099250793457,
            0.032582394778728485,
            -0.056207846850156784
        ],
        [
            0.13845299184322357,
            0.04695907607674599,
            -0.015615478157997131
        ],
        [
            0.14396242797374725,
            0.05444419011473656,
            -0.020518207922577858
        ],
        [
            0.1423371434211731,
            0.05671197175979614,
            -0.017411893233656883
        ],
        [
            0.15466563403606415,
            0.04302121698856354,
            -0.03674963116645813
        ],
        [
            0.15848791599273682,
            0.04631511867046356,
            -0.04191691800951958
        ],
        [
            0.15564097464084625,
            0.04867732897400856,
            -0.038665689527988434
        ],
        [
            0.15162427723407745,
            0.045564111322164536,
            -0.03294343873858452
        ],
        [
            0.10209259390830994,
            0.054774779826402664,
            0.011668793857097626
        ],
        [
            0.11023358255624771,
            0.05348660796880722,
            0.019971853122115135
        ],
        [
            0.19083192944526672,
            0.05580243095755577,
            -0.05955304950475693
        ],
        [
            0.18686389923095703,
            0.053294725716114044,
            -0.06014317274093628
        ],
        [
            0.13233870267868042,
            0.03920944035053253,
            -0.009764526039361954
        ],
        [
            0.12561069428920746,
            0.02326994389295578,
            -0.04742315411567688
        ],
        [
            0.12730252742767334,
            0.031779393553733826,
            -0.0026726163923740387
        ],
        [
            0.12735016644001007,
            0.07540171593427658,
            -0.021459432318806648
        ],
        [
            0.13292965292930603,
            0.07612688839435577,
            -0.015269494615495205
        ],
        [
            0.13756710290908813,
            0.07847179472446442,
            -0.01772182248532772
        ],
        [
            0.13449162244796753,
            0.07991284132003784,
            -0.02314147911965847
        ],
        [
            0.17437106370925903,
            0.06297048181295395,
            -0.04797961190342903
        ],
        [
            0.17799760401248932,
            0.058564767241477966,
            -0.04668482020497322
        ],
        [
            0.18222525715827942,
            0.061910126358270645,
            -0.04777888208627701
        ],
        [
            0.17902958393096924,
            0.06647241860628128,
            -0.049319759011268616
        ],
        [
            0.1632334142923355,
            0.038068290799856186,
            -0.04655309394001961
        ],
        [
            0.1634923219680786,
            0.0333402045071125,
            -0.050809673964977264
        ],
        [
            0.16766126453876495,
            0.03805992379784584,
            -0.0514129213988781
        ],
        [
            0.16575974225997925,
            0.04220806062221527,
            -0.047540634870529175
        ],
        [
            0.16270118951797485,
            0.03331994637846947,
            -0.05697508528828621
        ],
        [
            0.16739915311336517,
            0.03763839974999428,
            -0.05768197774887085
        ],
        [
            0.17169582843780518,
            0.06593506038188934,
            -0.05323827266693115
        ],
        [
            0.1712869256734848,
            0.06569210439920425,
            -0.0608157217502594
        ],
        [
            0.15777525305747986,
            0.05697297304868698,
            -0.058554813265800476
        ],
        [
            0.16098520159721375,
            0.05752800032496452,
            -0.05105630308389664
        ],
        [
            0.09430255740880966,
            0.037149518728256226,
            -0.011942340061068535
        ],
        [
            0.0925750881433487,
            0.042156897485256195,
            -0.002094307914376259
        ],
        [
            0.10220733284950256,
            0.05266507714986801,
            -0.007309215143322945
        ],
        [
            0.11063589155673981,
            0.06389244645833969,
            -0.012759745121002197
        ],
        [
            0.11957410722970963,
            0.0732598826289177,
            -0.018225334584712982
        ],
        [
            0.12027619779109955,
            0.06844867020845413,
            -0.029397353529930115
        ],
        [
            0.10064828395843506,
            0.05486445128917694,
            0.0004789121448993683
        ],
        [
            0.153098002076149,
            0.05570018291473389,
            -0.05111309513449669
        ],
        [
            0.1484748125076294,
            0.05158756673336029,
            -0.057199858129024506
        ],
        [
            0.1467149406671524,
            0.05525797978043556,
            -0.053906966000795364
        ],
        [
            0.1267504096031189,
            0.03580458089709282,
            0.0036237165331840515
        ],
        [
            0.1825132519006729,
            0.050285883247852325,
            -0.06058870255947113
        ],
        [
            0.08604845404624939,
            -0.005942389369010925,
            -0.01804416999220848
        ],
        [
            0.07941622287034988,
            0.004911996424198151,
            -0.0134916752576828
        ],
        [
            0.08617109060287476,
            0.008187610656023026,
            -0.018092654645442963
        ],
        [
            0.09436457604169846,
            -0.004186946898698807,
            -0.02263641729950905
        ],
        [
            0.1811775267124176,
            0.05301070213317871,
            -0.049144744873046875
        ],
        [
            0.18319478631019592,
            0.049842800945043564,
            -0.054257459938526154
        ],
        [
            0.1417982578277588,
            0.06895475089550018,
            -0.010805841535329819
        ],
        [
            0.14496436715126038,
            0.07260605692863464,
            -0.015425392426550388
        ],
        [
            0.1431509107351303,
            0.07606764882802963,
            -0.014830110594630241
        ],
        [
            0.14167355000972748,
            0.073992058634758,
            -0.008325809612870216
        ],
        [
            0.09156598150730133,
            0.04327576979994774,
            0.003710813820362091
        ],
        [
            0.124418243765831,
            0.08149336278438568,
            0.000543687492609024
        ],
        [
            0.12042094022035599,
            0.0804670974612236,
            -0.009594215080142021
        ],
        [
            0.0842285007238388,
            0.0328487753868103,
            0.002038426697254181
        ],
        [
            0.08512117713689804,
            0.028650101274251938,
            -0.006784949451684952
        ],
        [
            0.07838185876607895,
            0.02291223406791687,
            -0.002620205283164978
        ],
        [
            0.13031961023807526,
            0.06497260928153992,
            -0.04062303155660629
        ],
        [
            0.09757430851459503,
            0.0344420000910759,
            -0.01954527013003826
        ],
        [
            0.08806072175502777,
            0.025453686714172363,
            -0.013134313747286797
        ],
        [
            0.08012951165437698,
            0.018448784947395325,
            -0.00846126303076744
        ],
        [
            0.07385754585266113,
            0.01413261890411377,
            -0.004975665360689163
        ],
        [
            0.07268427312374115,
            0.01941460743546486,
            0.0011475831270217896
        ],
        [
            0.1740657240152359,
            0.06241702660918236,
            -0.06454317271709442
        ],
        [
            0.17681345343589783,
            0.06874851137399673,
            -0.061066076159477234
        ],
        [
            0.06490998715162277,
            0.01624828204512596,
            0.004711724817752838
        ],
        [
            0.06704980880022049,
            0.010136622935533524,
            -0.001965060830116272
        ],
        [
            0.09183209389448166,
            0.020456716418266296,
            -0.019927607849240303
        ],
        [
            0.09759169816970825,
            0.01345297321677208,
            -0.02717280201613903
        ],
        [
            0.10107027739286423,
            0.029293719679117203,
            -0.0257041547447443
        ],
        [
            0.10731372982263565,
            0.02327813394367695,
            -0.03354448825120926
        ],
        [
            0.1284804791212082,
            0.058243513107299805,
            -0.04894664138555527
        ],
        [
            0.1922399401664734,
            0.0783306136727333,
            -0.05887720361351967
        ],
        [
            0.18194037675857544,
            0.07297579199075699,
            -0.056787047535181046
        ],
        [
            0.18337982892990112,
            0.07067155838012695,
            -0.051560476422309875
        ],
        [
            0.19194598495960236,
            0.07789520919322968,
            -0.054403193295001984
        ],
        [
            0.17680256068706512,
            0.06911654770374298,
            -0.05424058064818382
        ],
        [
            0.1819721758365631,
            0.07136707007884979,
            -0.06239178404211998
        ],
        [
            0.11694809794425964,
            0.012588795274496078,
            -0.03943265229463577
        ],
        [
            0.1588447093963623,
            0.053335096687078476,
            -0.04392687976360321
        ],
        [
            0.10920494794845581,
            -0.0006939396262168884,
            -0.03120710700750351
        ],
        [
            0.1320054680109024,
            0.004040416330099106,
            -0.044999413192272186
        ],
        [
            0.12807291746139526,
            -0.00635509192943573,
            -0.03710956871509552
        ],
        [
            0.10301588475704193,
            -0.015146195888519287,
            -0.022265080362558365
        ],
        [
            0.11978142708539963,
            -0.017000187188386917,
            -0.027400854974985123
        ],
        [
            0.08701323717832565,
            -0.01777193322777748,
            -0.013792566955089569
        ],
        [
            0.09414045512676239,
            -0.014952730387449265,
            -0.018171075731515884
        ],
        [
            0.13770799338817596,
            -0.01685921847820282,
            -0.030071161687374115
        ],
        [
