{
    "pred_cam": [
        10.484151840209961,
        0.1292877197265625,
        -0.0457763597369194
    ],
    "pred_mano_params": {
        "global_orient": [
            [
                [
                    -0.5402446389198303,
                    -0.1847594827413559,
                    -0.8209748268127441
                ],
                [
                    -0.5070865154266357,
                    -0.7070997357368469,
                    0.4928216338157654
                ],
                [
                    -0.6715645790100098,
                    0.6825495362281799,
                    0.28831779956817627
                ]
            ]
        ],
        "hand_pose": [
            [
                [
                    0.6327729225158691,
                    -0.7676476240158081,
                    -0.10156521201133728
                ],
                [
                    0.763616681098938,
                    0.640371561050415,
                    -0.08254574239253998
                ],
                [
                    0.12840552628040314,
                    -0.025324180722236633,
                    0.9913983345031738
                ]
            ],
            [
                [
                    0.450070321559906,
                    -0.8715130686759949,
                    0.1946837306022644
                ],
                [
                    0.8839707374572754,
                    0.4038940370082855,
                    -0.23551075160503387
                ],
                [
                    0.12661908566951752,
                    0.2780911326408386,
                    0.9521727561950684
                ]
            ],
            [
                [
                    0.8367326259613037,
                    -0.5372106432914734,
                    0.10622280836105347
                ],
                [
                    0.5348756313323975,
                    0.8433406352996826,
                    0.05181382969021797
                ],
                [
                    -0.11741696298122406,
                    0.013461662456393242,
                    0.9929915070533752
                ]
            ],
            [
                [
                    0.5271173119544983,
                    -0.8325632214546204,
                    -0.1702522486448288
                ],
                [
                    0.8488972783088684,
                    0.5250797271728516,
                    0.060536619275808334
                ],
                [
                    0.03899543359875679,
                    -0.17643658816814423,
                    0.9835392832756042
                ]
            ],
            [
                [
                    0.7452104687690735,
                    -0.6399003267288208,
                    -0.18758703768253326
                ],
                [
                    0.6666258573532104,
                    0.7218474745750427,
                    0.18586626648902893
                ],
                [
                    0.016473332419991493,
                    -0.26355984807014465,
                    0.9645023941993713
                ]
            ],
            [
                [
                    0.8227941989898682,
                    -0.5681453347206116,
                    0.014849922619760036
                ],
                [
                    0.5674712657928467,
                    0.8227006196975708,
                    0.03376493602991104
                ],
                [
                    -0.03140043094754219,
                    -0.019354691728949547,
                    0.9993194341659546
                ]
            ],
            [
                [
                    0.5931333303451538,
                    -0.776138424873352,
                    0.21401382982730865
                ],
                [
                    0.7207467555999756,
                    0.6303377747535706,
                    0.28844135999679565
                ],
                [
                    -0.3587714433670044,
                    -0.016834424808621407,
                    0.9332736134529114
                ]
            ],
            [
                [
                    0.6948975324630737,
                    -0.7057185769081116,
                    -0.13812555372714996
                ],
                [
                    0.5685439109802246,
                    0.4215613007545471,
                    0.7064303159713745
                ],
                [
                    -0.4403126537799835,
                    -0.5694271326065063,
                    0.6941739320755005
                ]
            ],
            [
                [
                    0.8725438117980957,
                    -0.4863182306289673,
                    0.04649664834141731
                ],
                [
                    0.3863215744495392,
                    0.7451105713844299,
                    0.5436597466468811
                ],
                [
                    -0.29903677105903625,
                    -0.4564042389392853,
                    0.8380168676376343
                ]
            ],
            [
                [
                    0.6396290063858032,
                    -0.7672587037086487,
                    0.046784594655036926
                ],
                [
                    0.7686726450920105,
                    0.638761043548584,
                    -0.03356626257300377
                ],
                [
                    -0.004130168817937374,
                    0.05743199586868286,
                    0.998340904712677
                ]
            ],
            [
                [
                    0.7324891686439514,
                    -0.6628656983375549,
                    -0.15514101088047028
                ],
                [
                    0.6433071494102478,
                    0.5993954539299011,
                    0.4763203561306
                ],
                [
                    -0.22274558246135712,
                    -0.44870278239250183,
                    0.8654769062995911
                ]
            ],
            [
                [
                    0.7768139243125916,
                    -0.6294967532157898,
                    0.017145734280347824
                ],
                [
                    0.6007698178291321,
                    0.7489765286445618,
                    0.2794812321662903
                ],
                [
                    -0.18877427279949188,
                    -0.20680426061153412,
                    0.9599980711936951
                ]
            ],
            [
                [
                    0.9594962000846863,
                    0.24056310951709747,
                    0.1466166377067566
                ],
                [
                    -0.1100170910358429,
                    0.799064040184021,
                    -0.5910947322845459
                ],
                [
                    -0.2593516409397125,
                    0.5510228276252747,
                    0.7931649684906006
                ]
            ],
            [
                [
                    0.9869945049285889,
                    -0.15972748398780823,
                    0.01813487336039543
                ],
                [
                    0.11679161339998245,
                    0.7900162935256958,
                    0.6018587350845337
                ],
                [
                    -0.11046023666858673,
                    -0.5919133424758911,
                    0.7983965873718262
                ]
            ],
            [
                [
                    0.7969317436218262,
                    -0.5689687132835388,
                    -0.20291446149349213
                ],
                [
                    0.3047447204589844,
                    0.668713390827179,
                    -0.6781983971595764
                ],
                [
                    0.521565318107605,
                    0.4786407947540283,
                    0.7063091397285461
                ]
            ]
        ],
        "betas": [
            -0.15087872743606567,
            -0.08415311574935913,
            -0.003088027238845825,
            -0.005798548460006714,
            -0.015462398529052734,
            0.013174887746572495,
            -0.003697812557220459,
            0.041443005204200745,
            -0.016722753643989563,
            -0.025246798992156982
        ]
    },
    "pred_cam_t": [
        -0.1292877197265625,
        -0.0457763597369194,
        3.7258617877960205
    ],
    "focal_length": [
        5000.0,
        5000.0
    ],
    "pred_keypoints_3d": [
        [
            0.09637599438428879,
            0.0064473021775484085,
            0.006242986302822828
        ],
        [
            0.09097705036401749,
            0.04265677183866501,
            0.01934603601694107
        ],
        [
            0.08101440221071243,
            0.07041023671627045,
            0.029000794515013695
        ],
        [
            0.07481403648853302,
            0.09365330636501312,
            0.04184838756918907
        ],
        [
            0.08506149798631668,
            0.12642093002796173,
            0.04010622203350067
        ],
        [
            0.12818673253059387,
            0.06537390500307083,
            0.06827643513679504
        ],
        [
            0.1471049040555954,
            0.09264294058084488,
            0.06833890080451965
        ],
        [
            0.14840124547481537,
            0.09930108487606049,
            0.0470539815723896
        ],
        [
            0.14227041602134705,
            0.0972352921962738,
            0.022975943982601166
        ],
        [
            0.1509697139263153,
            0.05417574942111969,
            0.0682767927646637
        ],
        [
            0.1708143800497055,
            0.07779251039028168,
            0.059949107468128204
        ],
        [
            0.17255817353725433,
            0.08961678296327591,
            0.039778441190719604
        ],
        [
            0.16488653421401978,
            0.09773628413677216,
            0.01663719117641449
        ],
        [
            0.16370782256126404,
            0.03774145990610123,
            0.05108242109417915
        ],
        [
            0.18236668407917023,
            0.06001843512058258,
            0.049205053597688675
        ],
        [
            0.185159370303154,
            0.0735013335943222,
            0.0283445306122303
        ],
        [
            0.17549598217010498,
            0.08321690559387207,
            0.007109649479389191
        ],
        [
            0.1714632660150528,
            0.027166910469532013,
            0.03340476378798485
        ],
        [
            0.1859818994998932,
            0.04227066412568092,
            0.029547639191150665
        ],
        [
            0.1819067895412445,
            0.05239792913198471,
            0.013847146183252335
        ],
        [
            0.16716349124908447,
            0.0577382929623127,
            0.002183998003602028
        ]
    ],
    "pred_vertices": [
        [
            0.1125851571559906,
            0.0534810870885849,
            0.03333597257733345
        ],
        [
            0.10778709501028061,
            0.05079367756843567,
            0.025231335312128067
        ],
        [
            0.10426124930381775,
            0.06215183809399605,
            0.02910856157541275
        ],
        [
            0.10921882838010788,
            0.06326490640640259,
            0.037276219576597214
        ],
        [
            0.09546306729316711,
            0.05865276977419853,
            0.0087490975856781
        ],
        [
            0.08477993309497833,
            0.056536946445703506,
            0.004715465009212494
        ],
        [
            0.08270349353551865,
            0.07082687318325043,
            0.013121798634529114
        ],
        [
            0.09154006838798523,
            0.07255937159061432,
            0.015268120914697647
        ],
        [
            0.10467351973056793,
            0.07069569826126099,
            0.04235542565584183
        ],
        [
            0.10116554796695709,
            0.07100646942853928,
            0.03261106461286545
        ],
        [
            0.09774983674287796,
            0.07158715277910233,
            0.046353090554475784
        ],
        [
            0.10277004539966583,
            0.06617558747529984,
            0.058292895555496216
        ],
        [
            0.10827106237411499,
            0.0681656077504158,
            0.05218695104122162
        ],
        [
            0.10853440314531326,
            0.06518923491239548,
            0.065642349421978
        ],
        [
            0.0969841405749321,
            0.0561220645904541,
            0.060310669243335724
        ],
        [
            0.10990044474601746,
            0.05710899457335472,
            0.07152532786130905
        ],
        [
            0.11344168335199356,
            0.02934161201119423,
            0.058123629540205
        ],
        [
            0.12231919914484024,
            0.020511407405138016,
            0.05230698361992836
        ],
        [
            0.13389186561107635,
            0.028501378372311592,
            0.06352745741605759
        ],
        [
            0.12394818663597107,
            0.037474073469638824,
            0.06770508736371994
        ],
        [
            0.1430797278881073,
            0.016878873109817505,
            0.048178818076848984
        ],
        [
            0.1386154741048813,
            0.023626334965229034,
            0.057133749127388
        ],
        [
            0.1270267218351364,
            0.014693651348352432,
            0.04700271785259247
        ],
        [
            0.13165591657161713,
            0.00928061455488205,
            0.03944209963083267
        ],
        [
            0.11928243190050125,
            0.03917061537504196,
            0.025147121399641037
        ],
        [
            0.11457885056734085,
            0.03453011065721512,
            0.017141688615083694
        ],
        [
            0.11196740716695786,
            0.03946734964847565,
            0.020877748727798462
        ],
        [
            0.11625055968761444,
            0.0435384064912796,
            0.028010252863168716
        ],
        [
            0.08306140452623367,
            0.07213915884494781,
            0.04453064873814583
        ],
        [
            0.08412295579910278,
            0.061774082481861115,
            0.04609695076942444
        ],
        [
            0.09092552214860916,
            0.0658549815416336,
            0.049124132841825485
        ],
        [
            0.08717747777700424,
            0.0757560059428215,
            0.04339774698019028
        ],
        [
            0.10837912559509277,
            0.02147633209824562,
            -0.008928418159484863
        ],
        [
            0.09874218702316284,
            0.012318708002567291,
            -0.012152045965194702
        ],
        [
            0.09432728588581085,
            0.015239480882883072,
            -0.00956638902425766
        ],
        [
            0.10433532297611237,
            0.02268310636281967,
            -0.006673097610473633
        ],
        [
            0.08347022533416748,
            0.03344246745109558,
            -0.0017722398042678833
        ],
        [
            0.08003513514995575,
            0.02332831546664238,
            -0.0026717782020568848
        ],
        [
            0.06756918132305145,
            0.019259285181760788,
            0.0030845552682876587
        ],
        [
            0.06999528408050537,
            0.02779432013630867,
            0.007144086062908173
        ],
        [
            0.08490341901779175,
            0.045148707926273346,
            0.0008873865008354187
        ],
        [
            0.07278425991535187,
            0.04024288058280945,
            0.006654359400272369
        ],
        [
            0.07506760954856873,
            0.05167403072118759,
            0.008798860013484955
        ],
        [
            0.07519359886646271,
            0.06535863131284714,
            0.01627778261899948
        ],
        [
            0.10797572880983353,
            0.0038814209401607513,
            -0.015603985637426376
        ],
        [
            0.11639179289340973,
            0.00966968759894371,
            -0.014217585325241089
        ],
        [
            0.13645505905151367,
            0.09095596522092819,
            0.05794931575655937
        ],
        [
            0.14098961651325226,
            0.08741027116775513,
            0.05540459603071213
        ],
        [
            0.13941332697868347,
            0.08626376837491989,
            0.056242674589157104
        ],
        [
            0.13551810383796692,
            0.08981039375066757,
            0.05887988954782486
        ],
        [
            0.11946088075637817,
            -0.009195618331432343,
            -0.00490846112370491
        ],
        [
            0.11762574315071106,
            -0.015057694166898727,
            0.0032184571027755737
        ],
        [
            0.11400682479143143,
            -0.018057744950056076,
            -0.0024439170956611633
        ],
        [
            0.11399522423744202,
            -0.011765159666538239,
            -0.009574364870786667
        ],
        [
            0.1266285479068756,
            -0.005713693797588348,
            0.001257520169019699
        ],
        [
            0.12236659973859787,
            -0.010189052671194077,
            0.0108390673995018
        ],
        [
            0.141946479678154,
            0.0990355983376503,
            0.06654220074415207
        ],
        [
            0.1376131922006607,
            0.09790898114442825,
            0.0635436475276947
        ],
        [
            0.136946439743042,
            0.0954897403717041,
            0.06732188165187836
        ],
        [
            0.14129965007305145,
            0.09513431787490845,
            0.07085902243852615
        ],
        [
            0.1133253276348114,
            0.0648399367928505,
            0.04557882994413376
        ],
        [
            0.1177796721458435,
            0.05772678181529045,
            0.03986642509698868
        ],
        [
            0.12469644844532013,
            0.06854857504367828,
            0.05645975470542908
        ],
        [
            0.12305964529514313,
            0.06369971483945847,
            0.05087129771709442
        ],
        [
            0.11675229668617249,
            0.0665498822927475,
            0.05363713204860687
        ],
        [
            0.11883345246315002,
            0.06969840824604034,
            0.05883193388581276
        ],
        [
            0.13544747233390808,
            0.046893998980522156,
            0.03913045674562454
        ],
        [
            0.12808775901794434,
            0.04157859832048416,
            0.031695395708084106
        ],
        [
            0.12490260601043701,
            0.046238407492637634,
            0.035453349351882935
        ],
        [
            0.13183613121509552,
            0.053438689559698105,
            0.04360159486532211
        ],
        [
            0.13710540533065796,
            0.034607015550136566,
            0.023018572479486465
        ],
        [
            0.14354510605335236,
            0.0400654673576355,
            0.03137951344251633
        ],
        [
            0.14789648354053497,
            0.03539150953292847,
            0.025505878031253815
        ],
        [
            0.14270755648612976,
            0.03309900313615799,
            0.01989702135324478
        ],
        [
            0.1514740288257599,
            0.05029723793268204,
            0.04725971072912216
        ],
        [
            0.15423451364040375,
            0.05281877890229225,
            0.051526233553886414
        ],
        [
            0.15787947177886963,
            0.052614010870456696,
            0.049127060920000076
        ],
        [
            0.1535470336675644,
            0.04829757660627365,
            0.04488075524568558
        ],
        [
            0.10985995829105377,
            -0.021539345383644104,
            -0.007137808948755264
        ],
        [
            0.10810169577598572,
            -0.014016646891832352,
            -0.013383612036705017
        ],
        [
            0.15383818745613098,
            0.007750038057565689,
            0.031021064147353172
        ],
        [
            0.15517044067382812,
            0.007621610537171364,
            0.019723087549209595
        ],
        [
            0.1660413146018982,
            0.01252729818224907,
            0.026008805260062218
        ],
        [
            0.16198992729187012,
            0.011067483574151993,
            0.037199847400188446
        ],
        [
            0.11270971596240997,
            -0.015662692487239838,
            0.012465018779039383
        ],
        [
            0.11044639348983765,
            -0.020632315427064896,
            0.006727002561092377
        ],
        [
            0.14824338257312775,
            0.09739126265048981,
            0.06784249097108841
        ],
        [
            0.1475384533405304,
            0.09338083863258362,
            0.07176391035318375
        ],
        [
            0.0699993222951889,
            0.04288281127810478,
            0.018807057291269302
        ],
        [
            0.07132035493850708,
            0.05995487421751022,
            0.023224331438541412
        ],
        [
            0.06844131648540497,
            0.0292825885117054,
            0.01663689687848091
        ],
        [
            0.06736594438552856,
            0.019486811012029648,
            0.015163302421569824
        ],
        [
            0.06386560946702957,
            0.012454457581043243,
            0.012325532734394073
        ],
        [
            0.12973950803279877,
            0.0619608573615551,
            0.05094922333955765
        ],
        [
            0.11961983144283295,
            0.04955827444791794,
            0.034920431673526764
        ],
        [
            0.12229669839143753,
            0.03597947955131531,
            0.022245820611715317
        ],
        [
            0.14536648988723755,
            0.023986246436834335,
            0.005046512931585312
        ],
        [
            0.13840822875499725,
            0.019956771284341812,
            -0.001877225935459137
        ],
        [
            0.1340087652206421,
            0.027563240379095078,
            0.004419833421707153
        ],
        [
            0.1409398466348648,
            0.029072504490613937,
            0.009615577757358551
        ],
        [
            0.15709251165390015,
            0.013689937070012093,
            0.012007314711809158
        ],
        [
            0.15569452941417694,
            0.021623702719807625,
            0.010725259780883789
        ],
        [
            0.1618502289056778,
            0.024426057934761047,
            0.016419805586338043
        ],
        [
            0.16503119468688965,
            0.017412232235074043,
            0.01831948757171631
        ],
        [
            0.07576397061347961,
            0.07070484757423401,
            0.042614325881004333
        ],
        [
            0.07789743691682816,
            0.05913785845041275,
            0.04199257493019104
        ],
        [
            0.11862891912460327,
            -0.0009251609444618225,
            -0.011655248701572418
        ],
        [
            0.1115582212805748,
            -0.003052789717912674,
            -0.014408580958843231
        ],
        [
            0.10491637885570526,
            -0.007810976356267929,
            -0.017006825655698776
        ],
        [
            0.11099445819854736,
            0.029213260859251022,
            0.004084400832653046
        ],
        [
            0.10161475837230682,
            0.023681912571191788,
            -0.005210407078266144
        ],
        [
            0.09935413300991058,
            0.027021657675504684,
            -0.0032723471522331238
        ],
        [
            0.1095239594578743,
            0.030787622556090355,
            0.00675944983959198
        ],
        [
            0.10494222491979599,
            0.048433177173137665,
            0.014619231224060059
        ],
        [
            0.0978737473487854,
            0.043862249702215195,
            0.0034268274903297424
        ],
        [
            0.10208111256361008,
            0.06148965656757355,
            0.018869873136281967
        ],
        [
            0.08733829855918884,
            0.01823093369603157,
            -0.00712016224861145
        ],
        [
            0.0867646262049675,
            0.009682178497314453,
            -0.014225281774997711
        ],
        [
            0.07955615222454071,
            0.013108070939779282,
            -0.010202735662460327
        ],
        [
            0.09413725882768631,
            0.0037609636783599854,
            -0.017153210937976837
        ],
        [
            0.10068945586681366,
            -0.0022794753313064575,
            -0.018451586365699768
        ],
        [
            0.10689141601324081,
            -0.027483582496643066,
            0.0029360391199588776
        ],
        [
            0.07341239601373672,
            0.015537764877080917,
            -0.004856474697589874
        ],
        [
            0.08744500577449799,
            0.07943020015954971,
            0.021314051002264023
        ],
        [
            0.08296646177768707,
            0.08458153158426285,
            0.026030350476503372
        ],
        [
            0.08856108784675598,
            0.08351995050907135,
            0.031497374176979065
        ],
        [
            0.09279701113700867,
            0.07874135673046112,
            0.027804572135210037
        ],
        [
            0.11541839689016342,
            0.06775099784135818,
            0.07136545330286026
        ],
        [
            0.11593485623598099,
            0.07064296305179596,
            0.06422611325979233
        ],
        [
            0.11031340062618256,
            0.06783885508775711,
            0.05878528952598572
        ],
        [
            0.11905370652675629,
            0.023913521319627762,
            -0.005050837993621826
        ],
        [
            0.12546762824058533,
            0.013930600136518478,
            -0.009863890707492828
        ],
        [
            0.13103723526000977,
            0.06716993451118469,
            0.056490667164325714
        ],
        [
            0.13959860801696777,
            0.09139090031385422,
            0.0737508237361908
        ],
        [
            0.13468214869499207,
            0.09239277243614197,
            0.07006382942199707
        ],
        [
            0.12450186163187027,
            0.07794401049613953,
            0.07218535989522934
        ],
        [
            0.12963877618312836,
            0.07632261514663696,
            0.07695268094539642
        ],
        [
            0.13901358842849731,
            0.06736407428979874,
            0.06160304695367813
        ],
        [
            0.13309791684150696,
            0.06891494989395142,
            0.057570215314626694
        ],
        [
            0.13459110260009766,
            0.06962736696004868,
            0.058006756007671356
        ],
        [
            0.1411200314760208,
            0.06902854144573212,
            0.05986645072698593
        ],
        [
            0.16099414229393005,
            0.04664847254753113,
            0.042599260807037354
        ],
        [
            0.15700797736644745,
            0.0431804433465004,
            0.038692787289619446
        ],
        [
            0.13550813496112823,
            0.04784063249826431,
            0.07349469512701035
        ],
        [
            0.12377570569515228,
            0.05258818715810776,
            0.07983902841806412
        ],
        [
            0.11444202065467834,
            0.045915231108665466,
            0.07188964635133743
        ],
        [
            0.13943283259868622,
            0.04242134839296341,
            0.03454059362411499
        ],
        [
            0.14652714133262634,
            0.04675549268722534,
            0.04081299901008606
        ],
        [
            0.14905843138694763,
            0.044350765645504,
            0.0384955033659935
        ],
        [
            0.1342467963695526,
            0.06155211851000786,
            0.05237036198377609
        ],
        [
            0.13678589463233948,
            0.06504108011722565,
            0.057307712733745575
        ],
        [
            0.13892976939678192,
            0.06136266514658928,
            0.05539648234844208
        ],
        [
            0.13678759336471558,
            0.05774718523025513,
            0.04969710111618042
        ],
        [
            0.14503872394561768,
            0.0016336813569068909,
            0.013295333832502365
        ],
        [
            0.1477212905883789,
            0.008663840591907501,
            0.004221443086862564
        ],
        [
            0.13548129796981812,
            0.09484425187110901,
            0.06066145747900009
        ],
        [
            0.13460472226142883,
            0.09334815293550491,
            0.06290780007839203
        ],
        [
            0.13211800158023834,
            0.03731813654303551,
            0.02732081338763237
        ],
        [
            0.10596387833356857,
            0.038799431174993515,
            0.06077411770820618
        ],
        [
            0.12565429508686066,
            0.03303533419966698,
            0.018898986279964447
        ],
        [
            0.16312353312969208,
            0.027154546231031418,
            0.04892745614051819
        ],
        [
            0.16736257076263428,
            0.03177504613995552,
            0.04246458411216736
        ],
        [
            0.16935138404369354,
            0.03610960766673088,
            0.04425504803657532
        ],
        [
            0.16857142746448517,
            0.03410829231142998,
            0.05011411011219025
        ],
        [
            0.14900456368923187,
            0.0799214318394661,
            0.05910053849220276
        ],
        [
            0.14445200562477112,
            0.08221056312322617,
            0.05572396516799927
        ],
        [
            0.14509184658527374,
            0.08326829224824905,
            0.05605505406856537
        ],
        [
            0.1505773961544037,
            0.08251896500587463,
            0.058867648243904114
        ],
        [
            0.12740042805671692,
            0.07077107578516006,
            0.057510726153850555
        ],
        [
            0.12207020819187164,
            0.07275465130805969,
            0.06029987707734108
        ],
        [
            0.1251838654279709,
            0.07572570443153381,
            0.05996245890855789
        ],
        [
            0.13029411435127258,
            0.07279680669307709,
            0.05797641724348068
        ],
        [
            0.11972308903932571,
            0.0736042708158493,
            0.06605060398578644
        ],
        [
            0.1228635236620903,
            0.07738000154495239,
            0.06593663990497589
        ],
        [
            0.15189802646636963,
            0.08057565242052078,
            0.06504128873348236
        ],
        [
            0.1505630910396576,
            0.0848551094532013,
            0.07152891904115677
        ],
        [
            0.14247043430805206,
            0.0696784108877182,
            0.07400447130203247
        ],
        [
            0.14501819014549255,
            0.06966671347618103,
            0.06651733070611954
        ],
        [
            0.12085048109292984,
            0.0009991079568862915,
            0.03220899775624275
        ],
        [
            0.12754784524440765,
            -0.003108058124780655,
            0.024123650044202805
        ],
        [
            0.13856518268585205,
            0.004825666546821594,
            0.031221888959407806
        ],
        [
            0.14997684955596924,
            0.011487960815429688,
            0.03887157887220383
        ],
        [
            0.15982958674430847,
            0.019195104017853737,
            0.045971617102622986
        ],
        [
            0.15314188599586487,
            0.022426173090934753,
            0.05599738284945488
        ],
        [
            0.14212572574615479,
            0.001741454005241394,
            0.024337131530046463
        ],
        [
            0.14087732136249542,
            0.0597134530544281,
            0.06740647554397583
        ],
        [
            0.13680008053779602,
            0.05885835364460945,
            0.07467000931501389
        ],
        [
            0.1397254317998886,
            0.054859403520822525,
            0.0716814175248146
        ],
        [
            0.13085733354091644,
            0.030768709257245064,
            0.013926010578870773
        ],
        [
            0.13253246247768402,
            0.09155947715044022,
            0.06495466828346252
        ],
        [
            0.07671951502561569,
            0.002410888671875,
            0.027118589729070663
        ],
        [
            0.08636797964572906,
            -0.006627164781093597,
            0.026268962770700455
        ],
        [
            0.0900302305817604,
            -0.00012996047735214233,
            0.031024742871522903
        ],
        [
            0.07949197292327881,
            0.010372955352067947,
            0.031204916536808014
        ],
        [
            0.13824892044067383,
            0.08606864511966705,
            0.055650029331445694
        ],
        [
            0.13343718647956848,
            0.08908755332231522,
            0.05908695608377457
        ],
        [
            0.16224057972431183,
            0.040357805788517,
            0.035393208265304565
        ],
        [
            0.1650826632976532,
            0.043464623391628265,
            0.039780136197805405
        ],
        [
            0.1683439016342163,
            0.04107210785150528,
            0.040160782635211945
        ],
        [
            0.16818766295909882,
            0.03905557096004486,
            0.03435825556516647
        ],
        [
            0.12975984811782837,
            -0.005127910524606705,
            0.01885082945227623
        ],
        [
            0.17283377051353455,
            0.01828560046851635,
            0.027917595580220222
        ],
        [
            0.16916698217391968,
            0.016651874408125877,
            0.0384039431810379
        ],
        [
            0.11772505939006805,
            -0.009863916784524918,
            0.018292397260665894
        ],
        [
            0.11183469742536545,
            -0.006884131580591202,
            0.02565186843276024
        ],
        [
            0.10579918324947357,
            -0.012862171977758408,
            0.020659558475017548
        ],
        [
            0.14973372220993042,
            0.03478606045246124,
            0.06461881846189499
        ],
        [
            0.11723510175943375,
            0.005852892994880676,
            0.03859991207718849
        ],
        [
            0.10796384513378143,
            -0.0024405941367149353,
            0.030704118311405182
        ],
        [
            0.10056725144386292,
            -0.009375866502523422,
            0.0249602273106575
        ],
        [
            0.0958375632762909,
            -0.015123322606086731,
            0.020981188863515854
        ],
        [
            0.10204993188381195,
            -0.018276438117027283,
            0.016598738729953766
        ],
        [
            0.145575150847435,
            0.08855049312114716,
            0.07386275380849838
        ],
        [
            0.15348637104034424,
            0.08964937925338745,
            0.06911562383174896
        ],
        [
            0.09805072844028473,
            -0.025688685476779938,
            0.012918591499328613
        ],
        [
            0.0911509320139885,
            -0.021369241178035736,
            0.01756097748875618
        ],
        [
            0.10248056054115295,
            0.003199435770511627,
            0.0356576032936573
        ],
        [
            0.09565196931362152,
            0.010923560708761215,
            0.04023580998182297
        ],
        [
            0.11167024821043015,
            0.011194270104169846,
            0.042924437671899796
        ],
        [
            0.10556954145431519,
            0.019439242780208588,
            0.04840574041008949
        ],
        [
            0.14191249012947083,
            0.0354025736451149,
            0.07274236530065536
        ],
        [
            0.1563764363527298,
            0.09695445001125336,
            0.0520193837583065
        ],
        [
            0.155731201171875,
            0.08973615616559982,
            0.06063671037554741
        ],
        [
            0.1524926871061325,
            0.08595676720142365,
            0.05730406939983368
        ],
        [
            0.15556678175926208,
            0.09308481216430664,
            0.05016645789146423
        ],
        [
            0.15381193161010742,
            0.08456916362047195,
            0.06339316815137863
        ],
        [
            0.15430189669132233,
            0.09361323714256287,
            0.06491410732269287
        ],
        [
            0.09605398774147034,
            0.0310269296169281,
            0.050449028611183167
        ],
        [
            0.14132776856422424,
            0.063784159719944,
            0.059901878237724304
        ],
        [
            0.08420670032501221,
            0.024211514741182327,
            0.039157528430223465
        ],
        [
            0.08809301257133484,
            0.04728075489401817,
            0.05295201390981674
        ],
        [
            0.07976805418729782,
            0.04307520017027855,
            0.04235754907131195
        ],
        [
            0.07161027193069458,
            0.019473087042570114,
            0.027155816555023193
        ],
        [
            0.07126260548830032,
            0.03485436365008354,
            0.030374206602573395
        ],
        [
            0.06673987209796906,
            0.005030415952205658,
            0.019788872450590134
        ],
        [
            0.07037939131259918,
            0.011381000280380249,
            0.024092022329568863
        ],
        [
            0.07173128426074982,
            0.05013424903154373,
            0.03168089687824249
        ],
        [
            0.13987328112125397,
            0.09297695755958557,
            0.049968332052230835
        ],
        [
            0.145026296377182,
            0.08957453072071075,
            0.048924874514341354
        ],
        [
