{
    "pred_cam": [
        6.54601526260376,
        -0.042014651000499725,
        -0.0029993969947099686
    ],
    "pred_mano_params": {
        "global_orient": [
            [
                [
                    0.9096503853797913,
                    0.41517046093940735,
                    0.013028147630393505
                ],
                [
                    0.40505117177963257,
                    -0.8796563148498535,
                    -0.24927562475204468
                ],
                [
                    -0.0920315831899643,
                    0.2320307046175003,
                    -0.9683449864387512
                ]
            ]
        ],
        "hand_pose": [
            [
                [
                    0.727530300617218,
                    -0.6727114915847778,
                    -0.13475485146045685
                ],
                [
                    0.6647205948829651,
                    0.7397780418395996,
                    -0.1042834222316742
                ],
                [
                    0.16984131932258606,
                    -0.013704972341656685,
                    0.9853761196136475
                ]
            ],
            [
                [
                    0.730980396270752,
                    -0.6628527045249939,
                    0.16215400397777557
                ],
                [
                    0.6783093214035034,
                    0.6798136234283447,
                    -0.2788366675376892
                ],
                [
                    0.07459313422441483,
                    0.3138146996498108,
                    0.9465495944023132
                ]
            ],
            [
                [
                    0.8372282385826111,
                    -0.543192446231842,
                    0.0631730780005455
                ],
                [
                    0.5320169925689697,
                    0.8357868194580078,
                    0.13571390509605408
                ],
                [
                    -0.12651799619197845,
                    -0.08001435548067093,
                    0.9887319207191467
                ]
            ],
            [
                [
                    0.41373786330223083,
                    -0.8670040965080261,
                    -0.2777138352394104
                ],
                [
                    0.9081682562828064,
                    0.41438138484954834,
                    0.0593172125518322
                ],
                [
                    0.0636511817574501,
                    -0.27675265073776245,
                    0.9588308334350586
                ]
            ],
            [
                [
                    0.8872095346450806,
                    -0.4045566916465759,
                    -0.22179527580738068
                ],
                [
                    0.44532427191734314,
                    0.8765806555747986,
                    0.182462677359581
                ],
                [
                    0.12060496211051941,
                    -0.26065343618392944,
                    0.9578696489334106
                ]
            ],
            [
                [
                    0.8425009846687317,
                    -0.5054944157600403,
                    0.18619222939014435
                ],
                [
                    0.5083605647087097,
                    0.8604063391685486,
                    0.03564281016588211
                ],
                [
                    -0.17821824550628662,
                    0.06462368369102478,
                    0.9818665981292725
                ]
            ],
            [
                [
                    0.3170416057109833,
                    -0.9463688135147095,
                    -0.062215037643909454
                ],
                [
                    0.5155344009399414,
                    0.1169038712978363,
                    0.8488568067550659
                ],
                [
                    -0.7960584163665771,
                    -0.3011968731880188,
                    0.5249490737915039
                ]
            ],
            [
                [
                    0.9455820918083191,
                    -0.288972407579422,
                    -0.14956414699554443
                ],
                [
                    0.30764028429985046,
                    0.9436907172203064,
                    0.12167739123106003
                ],
                [
                    0.10598087310791016,
                    -0.1610679179430008,
                    0.9812365770339966
                ]
            ],
            [
                [
                    0.9835574626922607,
                    -0.07270827144384384,
                    0.16531215608119965
                ],
                [
                    0.006929227150976658,
                    0.9298937916755676,
                    0.367762953042984
                ],
                [
                    -0.18046215176582336,
                    -0.3605705499649048,
                    0.915107786655426
                ]
            ],
            [
                [
                    0.13291628658771515,
                    -0.9887744188308716,
                    -0.06825291365385056
                ],
                [
                    0.9484675526618958,
                    0.10690730810165405,
                    0.29829543828964233
                ],
                [
                    -0.28765013813972473,
                    -0.10438397526741028,
                    0.9520301818847656
                ]
            ],
            [
                [
                    0.9847275614738464,
                    -0.16457144916057587,
                    -0.05681369826197624
                ],
                [
                    0.17330072820186615,
                    0.8952634930610657,
                    0.410451203584671
                ],
                [
                    -0.016685301437973976,
                    -0.41402849555015564,
                    0.9101110100746155
                ]
            ],
            [
                [
                    0.9215624928474426,
                    -0.2977978587150574,
                    0.24907638132572174
                ],
                [
                    0.23039667308330536,
                    0.9358901381492615,
                    0.26650920510292053
                ],
                [
                    -0.31247398257255554,
                    -0.18821853399276733,
                    0.9310928583145142
                ]
            ],
            [
                [
                    0.9460929036140442,
                    -0.19496332108974457,
                    -0.258645623922348
                ],
                [
                    -0.1887350231409073,
                    0.3171261250972748,
                    -0.9294137954711914
                ],
                [
                    0.26322492957115173,
                    0.9281272888183594,
                    0.26323437690734863
                ]
            ],
            [
                [
                    0.9384570717811584,
                    -0.3334125280380249,
                    0.09019157290458679
                ],
                [
                    0.22463983297348022,
                    0.7875326871871948,
                    0.5738721489906311
                ],
                [
                    -0.2623649537563324,
                    -0.5182936787605286,
                    0.8139633536338806
                ]
            ],
            [
                [
                    0.9778671860694885,
                    0.06708275526762009,
                    -0.19818106293678284
                ],
                [
                    -0.1280495822429657,
                    0.9409783482551575,
                    -0.3133099377155304
                ],
                [
                    0.16546639800071716,
                    0.3317524790763855,
                    0.9287417531013489
                ]
            ]
        ],
        "betas": [
            0.01929233968257904,
            0.041170209646224976,
            0.017711102962493896,
            0.017152637243270874,
            -0.012827277183532715,
            -0.05420639365911484,
            0.022905677556991577,
            -0.06608060002326965,
            -0.0037031620740890503,
            -0.06312957406044006
        ]
    },
    "pred_cam_t": [
        -0.042014651000499725,
        -0.0029993969947099686,
        5.967370986938477
    ],
    "focal_length": [
        5000.0,
        5000.0
    ],
    "pred_keypoints_3d": [
        [
            0.0955866351723671,
            0.006368097383528948,
            0.006164873018860817
        ],
        [
            0.06755702197551727,
            0.003886524587869644,
            -0.020203551277518272
        ],
        [
            0.03746805340051651,
            0.009206527844071388,
            -0.023900823667645454
        ],
        [
            0.01093212515115738,
            0.014384718611836433,
            -0.025444485247135162
        ],
        [
            -0.024389242753386497,
            0.02016879804432392,
            -0.024997660890221596
        ],
        [
            0.013589918613433838,
            -0.029875241219997406,
            -0.0069736940786242485
        ],
        [
            -0.018662594258785248,
            -0.023200873285531998,
            -0.005606294609606266
        ],
        [
            -0.027902889996767044,
            -0.0030777938663959503,
            -0.006252830382436514
        ],
        [
            -0.02644847333431244,
            0.021421365439891815,
            -0.00867814477533102
        ],
        [
            0.008878856897354126,
            -0.029852189123630524,
            0.017780127003788948
        ],
        [
            -0.0145648755133152,
            -0.008689720183610916,
            0.02012593299150467
        ],
        [
            -0.020051192492246628,
            0.013794898986816406,
            0.018217740580439568
        ],
        [
            -0.021161384880542755,
            0.03673393279314041,
            0.007374882698059082
        ],
        [
            0.019304566085338593,
            -0.016598155722022057,
            0.038583673536777496
        ],
        [
            0.0026966147124767303,
            0.005123572424054146,
            0.029589956626296043
        ],
        [
            -0.0017477888613939285,
            0.028172891587018967,
            0.02174999751150608
        ],
        [
            -0.007009291090071201,
            0.04779248684644699,
            0.006885342299938202
        ],
        [
            0.02837718278169632,
            -0.0019405768252909184,
            0.05199306458234787
        ],
        [
            0.016205772757530212,
            0.01143556460738182,
            0.04117903858423233
        ],
        [
            0.011673349887132645,
            0.026421325281262398,
            0.030588939785957336
        ],
        [
            0.008337840437889099,
            0.03962472081184387,
            0.014828668907284737
        ]
    ],
    "pred_vertices": [
        [
            0.04391159489750862,
            -0.0031308364123106003,
            -0.008034853264689445
        ],
        [
            0.053871143609285355,
            0.0021848976612091064,
            -0.007824178785085678
        ],
        [
            0.04586517810821533,
            0.002567484974861145,
            -0.01030447892844677
        ],
        [
            0.037502992898225784,
            -0.003982407972216606,
            -0.013131316751241684
        ],
        [
            0.05791710317134857,
            0.020312123000621796,
            -0.01230244617909193
        ],
        [
            0.06252844631671906,
            0.023258451372385025,
            -0.02297990582883358
        ],
        [
            0.046143870800733566,
            0.02265762910246849,
            -0.0235244520008564
        ],
        [
            0.04463210329413414,
            0.02119530364871025,
            -0.013621462509036064
        ],
        [
            0.03200524300336838,
            -0.005784451961517334,
            -0.01605072058737278
        ],
        [
            0.03829730302095413,
            0.003375537693500519,
            -0.012191986665129662
        ],
        [
            0.030660554766654968,
            -0.007684232667088509,
            -0.01709335669875145
        ],
        [
            0.02882423624396324,
            -0.022110484540462494,
            -0.02053968422114849
        ],
        [
            0.02771693468093872,
            -0.015908338129520416,
            -0.018521450459957123
        ],
        [
            0.02478930354118347,
            -0.02941962517797947,
            -0.019353386014699936
        ],
        [
            0.037683166563510895,
            -0.027704598382115364,
            -0.02131004072725773
        ],
        [
            0.028113920241594315,
            -0.03701276704668999,
            -0.014761192724108696
        ],
        [
            0.05185430124402046,
            -0.033072687685489655,
            0.003031523432582617
        ],
        [
            0.05536801740527153,
            -0.029150504618883133,
            0.015811648219823837
        ],
        [
            0.03892066702246666,
            -0.03596189245581627,
            0.019910547882318497
        ],
        [
            0.03684550151228905,
            -0.03825215622782707,
            0.006188822910189629
        ],
        [
            0.04668602719902992,
            -0.02402992732822895,
            0.035629574209451675
        ],
        [
            0.04160841554403305,
            -0.03081068955361843,
            0.027139825746417046
        ],
        [
            0.05859513208270073,
            -0.025265008211135864,
            0.0233853030949831
        ],
        [
            0.062275514006614685,
            -0.01921306923031807,
            0.03084607981145382
        ],
        [
            0.05226346105337143,
            0.001507692039012909,
            0.004079044796526432
        ],
        [
            0.0618196502327919,
            0.0066644418984651566,
            0.00306008942425251
        ],
        [
            0.05999624729156494,
            0.0035953037440776825,
            -0.0017334399744868279
        ],
        [
            0.05037230998277664,
            -0.0005579572170972824,
            -0.0007843556813895702
        ],
        [
            0.02859041467308998,
            -0.0023102667182683945,
            -0.024068180471658707
        ],
        [
            0.039842620491981506,
            -0.011770875193178654,
            -0.02771332487463951
        ],
        [
            0.03440149128437042,
            -0.012443366460502148,
            -0.022314928472042084
        ],
        [
            0.026831908151507378,
            0.00021752715110778809,
            -0.019354432821273804
        ],
        [
            0.08250845223665237,
            0.026840487495064735,
            0.007738826796412468
        ],
        [
            0.09589973092079163,
            0.025695057585835457,
            0.0057787178084254265
        ],
        [
            0.09559093415737152,
            0.023444099351763725,
            0.0002673668786883354
        ],
        [
            0.0836070254445076,
            0.024452857673168182,
            0.003219085745513439
        ],
        [
            0.08493003994226456,
            0.020955238491296768,
            -0.018891459330916405
        ],
        [
            0.09518919140100479,
            0.01785467565059662,
            -0.01708272472023964
        ],
        [
            0.10240679234266281,
            0.009871050715446472,
            -0.02453199401497841
        ],
        [
            0.09169431030750275,
            0.010307233780622482,
            -0.027839187532663345
        ],
        [
            0.07347333431243896,
            0.022458210587501526,
            -0.021333741024136543
        ],
        [
            0.07882881909608841,
            0.015338554978370667,
            -0.03111013025045395
        ],
        [
            0.06542224436998367,
            0.017912782728672028,
            -0.03229205310344696
        ],
        [
            0.04738849401473999,
            0.01855190470814705,
            -0.03160955384373665
        ],
        [
            0.09788290411233902,
            0.02763732708990574,
            0.01829376444220543
        ],
        [
            0.08824511617422104,
            0.029363412410020828,
            0.021466869860887527
        ],
        [
            -0.013404021970927715,
            -0.01272226870059967,
            -0.01275230385363102
        ],
        [
            -0.012807629071176052,
            -0.010501056909561157,
            -0.007096949499100447
        ],
        [
            -0.009482063353061676,
            -0.012095706537365913,
            -0.007889528758823872
        ],
        [
            -0.010819956660270691,
            -0.014224082231521606,
            -0.013120822608470917
        ],
        [
            0.09752868115901947,
            0.015410738065838814,
            0.03450102359056473
        ],
        [
            0.10029605031013489,
            0.0058255791664123535,
            0.0358685702085495
        ],
        [
            0.10643104463815689,
            0.00968065857887268,
            0.03510219603776932
        ],
        [
            0.10409580916166306,
            0.018220625817775726,
            0.03194165229797363
        ],
        [
            0.0888846144080162,
            0.011651672422885895,
            0.037863969802856445
        ],
        [
            0.09151605516672134,
            0.00078623928129673,
            0.03639385104179382
        ],
        [
            -0.02265704981982708,
            -0.021623263135552406,
            -0.01288601290434599
        ],
        [
            -0.01964438147842884,
            -0.018430504947900772,
            -0.01573975943028927
        ],
        [
            -0.016748931258916855,
            -0.022368300706148148,
            -0.015403605997562408
        ],
        [
            -0.018605586141347885,
            -0.025961900129914284,
            -0.01180508453398943
        ],
        [
            0.030109426006674767,
            -0.010711658746004105,
            -0.01471033040434122
        ],
        [
            0.034780677407979965,
            -0.0070535242557525635,
            -0.008038617670536041
        ],
        [
            0.01643175445497036,
            -0.018324200063943863,
            -0.011073505505919456
        ],
        [
            0.02335517480969429,
            -0.014747457578778267,
            -0.008830394595861435
        ],
        [
            0.023881305009126663,
            -0.01731477864086628,
            -0.015181716531515121
        ],
        [
            0.018291020765900612,
            -0.02112925611436367,
            -0.016259251162409782
        ],
        [
            0.03266569972038269,
            -0.007007544860243797,
            0.011456301435828209
        ],
        [
            0.04312579706311226,
            -0.002605210989713669,
            0.009225398302078247
        ],
        [
            0.040368370711803436,
            -0.005257992073893547,
            0.003780009225010872
        ],
        [
            0.02836708538234234,
            -0.009761882945895195,
            0.004456755239516497
        ],
        [
            0.046049561351537704,
            0.004831988364458084,
            0.020903147757053375
        ],
        [
            0.03588797152042389,
            -0.0006312411278486252,
            0.022288160398602486
        ],
        [
            0.03903614729642868,
            0.004210302606225014,
            0.028652895241975784
        ],
        [
            0.04512231796979904,
            0.0081549733877182,
            0.02635223977267742
        ],
        [
            0.01890556886792183,
            -0.011574887670576572,
            0.021293582394719124
        ],
        [
            0.014969764277338982,
            -0.014480087906122208,
            0.021045196801424026
        ],
        [
            0.015821833163499832,
            -0.012559955008327961,
            0.023334071040153503
        ],
        [
            0.020341657102108,
            -0.009791313670575619,
            0.02409045398235321
        ],
        [
            0.11293406784534454,
            0.01242029294371605,
            0.03417704999446869
        ],
        [
            0.11041586101055145,
            0.020244769752025604,
            0.028820926323533058
        ],
        [
            0.05296241119503975,
            -0.008743002079427242,
            0.05043034255504608
        ],
        [
            0.0566195473074913,
            0.0018821395933628082,
            0.051767557859420776
        ],
        [
            0.043972715735435486,
            0.00020838063210248947,
            0.05568952113389969
        ],
        [
            0.04304669424891472,
            -0.012151097878813744,
            0.05416596308350563
        ],
        [
            0.10057338327169418,
            -0.003680828958749771,
            0.03172807767987251
        ],
        [
            0.10740189999341965,
            -0.00012961030006408691,
            0.03316613659262657
        ],
        [
            -0.024334128946065903,
            -0.023035334423184395,
            -0.006916163954883814
        ],
        [
            -0.01985044777393341,
            -0.02691783383488655,
            -0.0058330362662673
        ],
        [
            0.07008771598339081,
            0.005228914320468903,
            -0.036731425672769547
        ],
        [
            0.04869436100125313,
            0.009864194318652153,
            -0.03668639808893204
        ],
        [
            0.08621198683977127,
            0.0016291067004203796,
            -0.03272756189107895
        ],
        [
            0.09694752842187881,
            -0.001271899789571762,
            -0.02744392678141594
        ],
        [
            0.10625682026147842,
            -0.0018261969089508057,
            -0.024755779653787613
        ],
        [
            0.020747285336256027,
            -0.014343202114105225,
            -0.0027791219763457775
        ],
        [
            0.04131871461868286,
            -0.0046249497681856155,
            -0.0020229429937899113
        ],
        [
            0.05361131206154823,
            0.0038445983082056046,
            0.00846987683326006
        ],
        [
            0.05515802651643753,
            0.01976633071899414,
            0.03489203751087189
        ],
        [
            0.06414209306240082,
            0.02402339316904545,
            0.032290298491716385
        ],
        [
            0.058961719274520874,
            0.01982000097632408,
            0.023799922317266464
        ],
        [
            0.052388995885849,
            0.016392430290579796,
            0.028018979355692863
        ],
        [
            0.053880855441093445,
            0.01159164123237133,
            0.04988323897123337
        ],
        [
            0.04965147748589516,
            0.015226013958454132,
            0.043990928679704666
        ],
        [
            0.04304089397192001,
            0.01221986673772335,
            0.045760978013277054
        ],
        [
            0.04470045864582062,
            0.008660447783768177,
            0.05238556116819382
        ],
        [
            0.02979808673262596,
            -0.000720638781785965,
            -0.0312168188393116
        ],
        [
            0.0443628653883934,
            -0.009173257276415825,
            -0.03288998454809189
        ],
        [
            0.09401722997426987,
            0.024034224450588226,
            0.02940119430422783
        ],
        [
            0.10057247430086136,
            0.024956682696938515,
            0.02519015595316887
        ],
        [
            0.10882990807294846,
            0.0249958336353302,
            0.02288283407688141
        ],
        [
            0.07209347933530807,
            0.016863571479916573,
            0.0037037162110209465
        ],
        [
            0.08434687554836273,
            0.022899113595485687,
            -2.5818124413490295e-05
        ],
        [
            0.08315633982419968,
            0.021487105637788773,
            -0.004105263389647007
        ],
        [
            0.07206466794013977,
            0.014099132269620895,
            0.0009972555562853813
        ],
        [
            0.06259586662054062,
            0.010273594409227371,
            -0.006609512493014336
        ],
        [
            0.07087616622447968,
            0.019556481391191483,
            -0.010881641879677773
        ],
        [
            0.05210116505622864,
            0.011697664856910706,
            -0.006807465571910143
        ],
        [
            0.09669148176908493,
            0.020950017496943474,
            -0.00752820260822773
        ],
        [
            0.10555154830217361,
            0.024847911670804024,
            -0.0020365864038467407
        ],
        [
            0.10576893389225006,
            0.021046137437224388,
            -0.010089712217450142
        ],
        [
            0.1065906435251236,
            0.027001410722732544,
            0.007472550496459007
        ],
        [
            0.10763484239578247,
            0.027366258203983307,
            0.016311664134263992
        ],
        [
            0.11574682593345642,
            0.0008387230336666107,
            0.03463831543922424
        ],
        [
            0.10546622425317764,
            0.016218602657318115,
            -0.016820061951875687
        ],
        [
            0.0355132594704628,
            0.020610660314559937,
            -0.016183670610189438
        ],
        [
            0.027234602719545364,
            0.02077593095600605,
            -0.019368819892406464
        ],
        [
            0.02620634436607361,
            0.014927737414836884,
            -0.014388000592589378
        ],
        [
            0.0339818000793457,
            0.01411198265850544,
            -0.01106166373938322
        ],
        [
            0.017675107344985008,
            -0.033911991864442825,
            -0.017308028414845467
        ],
        [
            0.01746646873652935,
            -0.026360787451267242,
            -0.018644969910383224
        ],
        [
            0.024571098387241364,
            -0.022307835519313812,
            -0.01975429616868496
        ],
        [
            0.07320096343755722,
            0.025507807731628418,
            0.014667212963104248
        ],
        [
            0.0784723311662674,
            0.027904659509658813,
            0.02596220001578331
        ],
        [
            0.013785900548100471,
            -0.017967138439416885,
            -0.005128184333443642
        ],
        [
            -0.014984926208853722,
            -0.029601415619254112,
            -0.011235510930418968
        ],
        [
            -0.01293179765343666,
            -0.025846604257822037,
            -0.015580898150801659
        ],
        [
            0.0039029852487146854,
            -0.0318029411137104,
            -0.016612859442830086
        ],
        [
            0.0015982897020876408,
            -0.036389898508787155,
            -0.011748095043003559
        ],
        [
            0.007460351102054119,
            -0.02229907177388668,
            0.0012427333276718855
        ],
        [
            0.010378792881965637,
            -0.0186560470610857,
            -0.004208464175462723
        ],
        [
            0.008553184568881989,
            -0.01905117928981781,
            -0.0032337424345314503
        ],
        [
            0.0051806410774588585,
            -0.020456034690141678,
            0.0023742911871522665
        ],
        [
            0.021141022443771362,
            -0.0075218696147203445,
            0.029141249135136604
        ],
        [
            0.024550847709178925,
            -0.004896956495940685,
            0.02971222996711731
        ],
        [
            0.020815489813685417,
            -0.03905991464853287,
            0.008902637287974358
        ],
        [
            0.02230961248278618,
            -0.044990524649620056,
            -0.00354270962998271
        ],
        [
            0.03418848291039467,
            -0.04038791358470917,
            -0.005935966968536377
        ],
        [
            0.035294923931360245,
            -0.003475310280919075,
            0.017505530267953873
        ],
        [
            0.026185763999819756,
            -0.007134884595870972,
            0.020100172609090805
        ],
        [
            0.02751433104276657,
            -0.005329351872205734,
            0.02353557199239731
        ],
        [
            0.01805523969233036,
            -0.015228035859763622,
            0.000979462405666709
        ],
        [
            0.012146259658038616,
            -0.01861882396042347,
            0.0006883163005113602
        ],
        [
            0.014614120125770569,
            -0.017658306285738945,
            0.004588226787745953
        ],
        [
            0.020398173481225967,
            -0.013539453037083149,
            0.00544818677008152
        ],
        [
            0.06897103041410446,
            0.004834836348891258,
            0.04771539941430092
        ],
        [
            0.06528598070144653,
            0.01599755510687828,
            0.04608932510018349
        ],
        [
            -0.016081534326076508,
            -0.015379181131720543,
            -0.015742706134915352
        ],
        [
            -0.013535335659980774,
            -0.018042150884866714,
            -0.015904778614640236
        ],
        [
            0.045447491109371185,
            0.0008360613137483597,
            0.015138238668441772
        ],
        [
            0.04739885777235031,
            -0.0333683118224144,
            -0.008117481134831905
        ],
        [
            0.05489928275346756,
            0.006654765456914902,
            0.013029605150222778
        ],
        [
            0.027569202706217766,
            -0.016480298712849617,
            0.04414679855108261
        ],
        [
            0.025609588250517845,
            -0.008316325023770332,
            0.04322278872132301
        ],
        [
            0.022742686793208122,
            -0.007065056823194027,
            0.04129251092672348
        ],
        [
            0.021268364042043686,
            -0.012264231219887733,
            0.042473454028367996
        ],
        [
            -0.00845106691122055,
            -0.016940269619226456,
            0.0031454146374017
        ],
        [
            -0.0074437023140490055,
            -0.013428214006125927,
            -0.001523794955573976
        ],
        [
            -0.009902315214276314,
            -0.01218188926577568,
            -0.0016271502245217562
        ],
        [
            -0.012213295325636864,
            -0.015281358733773232,
            0.0029521144460886717
        ],
        [
            0.011933868750929832,
            -0.018777385354042053,
            -0.009944549761712551
        ],
        [
            0.012787753716111183,
            -0.021564770489931107,
            -0.015560219064354897
        ],
        [
            0.008031921461224556,
            -0.0204562246799469,
            -0.014369456097483635
        ],
        [
            0.008161384612321854,
            -0.01876479759812355,
            -0.008493439294397831
        ],
        [
            0.011728057637810707,
            -0.027198588475584984,
            -0.01790016144514084
        ],
        [
            0.006537784822285175,
            -0.026001019403338432,
            -0.01740134507417679
        ],
        [
            -0.011127253994345665,
            -0.022598857060074806,
            0.004725242033600807
        ],
        [
            -0.014425603672862053,
            -0.02836577221751213,
            0.001105708535760641
        ],
        [
            0.0009477208368480206,
            -0.03412678837776184,
            0.0023936538491398096
        ],
        [
            0.00120242265984416,
            -0.02657468058168888,
            0.00478729885071516
        ],
        [
            0.07713030278682709,
            -0.016210883855819702,
            0.027359485626220703
        ],
        [
            0.0789308100938797,
            -0.008942989632487297,
            0.0356442891061306
        ],
        [
            0.0642220675945282,
            -0.011989152058959007,
            0.039578549563884735
        ],
        [
            0.04958373308181763,
            -0.01576991379261017,
            0.04466439411044121
        ],
        [
            0.03564838692545891,
            -0.018550409004092216,
            0.04764112830162048
        ],
        [
            0.033612124621868134,
            -0.028113629668951035,
            0.04021204262971878
        ],
        [
            0.066757433116436,
            -0.005837460979819298,
            0.04464308172464371
        ],
        [
            0.010790434665977955,
            -0.02917017787694931,
            0.006422338541597128
        ],
        [
            0.011796358972787857,
            -0.037259362637996674,
            0.003592844819650054
        ],
        [
            0.013456418178975582,
            -0.034518126398324966,
            0.008202831260859966
        ],
        [
            0.05525282770395279,
            0.011402199044823647,
            0.01881629228591919
        ],
        [
            -0.010440964251756668,
            -0.021178558468818665,
            -0.01664050668478012
        ],
        [
            0.10247541964054108,
            -0.017374267801642418,
            -0.00916812103241682
        ],
        [
            0.10445354878902435,
            -0.017834587022662163,
            0.00449873972684145
        ],
        [
            0.09595228731632233,
            -0.019790517166256905,
            0.003118889406323433
        ],
        [
            0.09308414906263351,
            -0.018329480662941933,
            -0.01271032728254795
        ],
        [
            -0.007281149737536907,
            -0.01305101253092289,
            -0.00858739111572504
        ],
        [
            -0.007952656596899033,
            -0.015810394659638405,
            -0.014344489201903343
        ],
        [
            0.025254780426621437,
            -0.0006689094007015228,
            0.034437041729688644
        ],
        [
            0.022104904055595398,
            -0.0038230782374739647,
            0.03364541754126549
        ],
        [
            0.023225706070661545,
            -0.0028700921684503555,
            0.03651142492890358
        ],
        [
            0.024837009608745575,
            0.0011243904009461403,
            0.03804552182555199
        ],
        [
            0.08087702840566635,
            -0.00426249485462904,
            0.03897187486290932
        ],
        [
            0.03540177270770073,
            0.004746846854686737,
            0.05501816049218178
        ],
        [
            0.0342525951564312,
            -0.007969001308083534,
            0.05420707166194916
        ],
        [
            0.09149456024169922,
            -0.006723636761307716,
            0.03200676292181015
        ],
        [
            0.09029534459114075,
            -0.013563323765993118,
            0.025105398148298264
        ],
        [
            0.09982061386108398,
            -0.011521026492118835,
            0.02410004660487175
        ],
        [
            0.02460208348929882,
            -0.032231420278549194,
            0.028766978532075882
        ],
        [
            0.07358299195766449,
            -0.021230926737189293,
            0.021188832819461823
        ],
        [
            0.08761109411716461,
            -0.017538974061608315,
            0.0191013403236866
        ],
        [
            0.09885828197002411,
            -0.015264548361301422,
            0.017625553533434868
        ],
        [
            0.10710790008306503,
            -0.013973698951303959,
            0.01747857965528965
        ],
        [
            0.10728093236684799,
            -0.009855265729129314,
            0.024516301229596138
        ],
        [
            -0.015412108041346073,
            -0.029975231736898422,
            -0.004873762838542461
        ],
        [
            -0.019566046074032784,
            -0.024990160018205643,
            0.001025606645271182
        ],
        [
            0.11622777581214905,
            -0.00922701507806778,
            0.02592955157160759
        ],
        [
            0.11548426747322083,
            -0.013320669531822205,
            0.01762779802083969
        ],
        [
            0.08496464788913727,
            -0.021270159631967545,
            0.01105512399226427
        ],
        [
            0.0812755823135376,
            -0.02429317496716976,
            0.0001325765624642372
        ],
        [
            0.0714307352900505,
            -0.02448049560189247,
            0.013283479027450085
        ],
        [
            0.06688268482685089,
            -0.02803032100200653,
            0.002999985823407769
        ],
        [
            0.02608310617506504,
            -0.041293635964393616,
            0.02172279730439186
        ],
        [
            -0.02948036417365074,
            -0.008814338594675064,
            0.0012381200212985277
        ],
        [
            -0.021906884387135506,
            -0.016965476796030998,
            0.0034704480785876513
        ],
        [
            -0.017326105386018753,
            -0.013313960283994675,
            0.0029409893322736025
        ],
        [
            -0.02594566158950329,
            -0.006744559854269028,
            0.0025827381759881973
        ],
        [
            -0.015678156167268753,
            -0.019865289330482483,
            0.004252912010997534
        ],
        [
            -0.02417297475039959,
            -0.02094102092087269,
            -2.8597889468073845e-05
        ],
        [
            0.061608973890542984,
            -0.02746753580868244,
            -0.011754769831895828
        ],
        [
            0.009963269345462322,
            -0.02105974406003952,
            0.0045873019844293594
        ],
        [
            0.07585357129573822,
            -0.020494382828474045,
            -0.018272751942276955
        ],
        [
            0.05008896067738533,
            -0.024609049782156944,
            -0.024492967873811722
        ],
        [
            0.059557922184467316,
            -0.01674826443195343,
            -0.029675554484128952
        ],
        [
            0.0896921455860138,
            -0.011728374287486076,
            -0.025952592492103577
        ],
        [
            0.073248952627182,
            -0.008620327338576317,
            -0.03411153331398964
        ],
