{
    "pred_cam": [
        6.605510711669922,
        -0.049900054931640625,
        -0.003253808245062828
    ],
    "pred_mano_params": {
        "global_orient": [
            [
                [
                    0.9155881404876709,
                    0.4021173119544983,
                    2.2095782981068623e-07
                ],
                [
                    0.39697471261024475,
                    -0.9038788676261902,
                    -0.15941815078258514
                ],
                [
                    -0.0641045942902565,
                    0.1459614634513855,
                    -0.9872111678123474
                ]
            ]
        ],
        "hand_pose": [
            [
                [
                    0.7388667464256287,
                    -0.6586846113204956,
                    -0.1421632021665573
                ],
                [
                    0.6576787233352661,
                    0.750846266746521,
                    -0.06073291227221489
                ],
                [
                    0.14674656093120575,
                    -0.048624180257320404,
                    0.9879782199859619
                ]
            ],
            [
                [
                    0.7061882615089417,
                    -0.6866633892059326,
                    0.17260244488716125
                ],
                [
                    0.70525062084198,
                    0.6606436967849731,
                    -0.2572382688522339
                ],
                [
                    0.06260737776756287,
                    0.3033866286277771,
                    0.950808584690094
                ]
            ],
            [
                [
                    0.833469569683075,
                    -0.5505629181861877,
                    0.04699915274977684
                ],
                [
                    0.5404879450798035,
                    0.8299841284751892,
                    0.13783718645572662
                ],
                [
                    -0.11489659547805786,
                    -0.08948062360286713,
                    0.9893391132354736
                ]
            ],
            [
                [
                    0.2277832180261612,
                    -0.9249184727668762,
                    -0.3043693006038666
                ],
                [
                    0.9734980463981628,
                    0.20977017283439636,
                    0.09109380841255188
                ],
                [
                    -0.020406734198331833,
                    -0.31705254316329956,
                    0.9481884241104126
                ]
            ],
            [
                [
                    0.9286853671073914,
                    -0.3185543715953827,
                    -0.1899121254682541
                ],
                [
                    0.354676753282547,
                    0.9125153422355652,
                    0.20376485586166382
                ],
                [
                    0.1083875522017479,
                    -0.256590873003006,
                    0.960423469543457
                ]
            ],
            [
                [
                    0.8808168172836304,
                    -0.4557170271873474,
                    0.12838876247406006
                ],
                [
                    0.45508548617362976,
                    0.8897221088409424,
                    0.03594161942601204
                ],
                [
                    -0.13060952723026276,
                    0.026769883930683136,
                    0.991072416305542
                ]
            ],
            [
                [
                    0.35758623480796814,
                    -0.9296852946281433,
                    0.08841648697853088
                ],
                [
                    0.5061822533607483,
                    0.2725112736225128,
                    0.8182403445243835
                ],
                [
                    -0.7848004102706909,
                    -0.24783657491207123,
                    0.5680364966392517
                ]
            ],
            [
                [
                    0.9182255268096924,
                    -0.35739609599113464,
                    -0.17067477107048035
                ],
                [
                    0.39483797550201416,
                    0.8598365187644958,
                    0.3237040340900421
                ],
                [
                    0.031061822548508644,
                    -0.36462217569351196,
                    0.9306374192237854
                ]
            ],
            [
                [
                    0.9244338274002075,
                    -0.3340236246585846,
                    0.1839841604232788
                ],
                [
                    0.24483513832092285,
                    0.8897661566734314,
                    0.38519081473350525
                ],
                [
                    -0.292365700006485,
                    -0.31103768944740295,
                    0.9043106436729431
                ]
            ],
            [
                [
                    0.20474892854690552,
                    -0.9784959554672241,
                    0.024971704930067062
                ],
                [
                    0.9249039888381958,
                    0.20175883173942566,
                    0.32225149869918823
                ],
                [
                    -0.3203600347042084,
                    -0.04288418963551521,
                    0.9463247060775757
                ]
            ],
            [
                [
                    0.9500799775123596,
                    -0.29945477843284607,
                    -0.0876057967543602
                ],
                [
                    0.3064529299736023,
                    0.8428901433944702,
                    0.442292720079422
                ],
                [
                    -0.05860457941889763,
                    -0.44706055521965027,
                    0.8925818204879761
                ]
            ],
            [
                [
                    0.8518809676170349,
                    -0.47759565711021423,
                    0.21494485437870026
                ],
                [
                    0.38965892791748047,
                    0.8521887063980103,
                    0.3491995632648468
                ],
                [
                    -0.34994977712631226,
                    -0.21372126042842865,
                    0.9120627641677856
                ]
            ],
            [
                [
                    0.9429057240486145,
                    -0.17037557065486908,
                    -0.2861834168434143
                ],
                [
                    -0.20725767314434052,
                    0.3724656403064728,
                    -0.9046068787574768
                ],
                [
                    0.26071637868881226,
                    0.9122727513313293,
                    0.31588834524154663
                ]
            ],
            [
                [
                    0.9355713129043579,
                    -0.3443150222301483,
                    0.07844378054141998
                ],
                [
                    0.23829130828380585,
                    0.7794733643531799,
                    0.5793431997299194
                ],
                [
                    -0.26062139868736267,
                    -0.5233244299888611,
                    0.8113002181053162
                ]
            ],
            [
                [
                    0.9808623790740967,
                    0.052840907126665115,
                    -0.18739460408687592
                ],
                [
                    -0.11827675998210907,
                    0.9262354969978333,
                    -0.3579084575176239
                ],
                [
                    0.15465933084487915,
                    0.3732233941555023,
                    0.9147593975067139
                ]
            ]
        ],
        "betas": [
            0.008419349789619446,
            -0.030762463808059692,
            -0.016727447509765625,
            0.041525810956954956,
            -0.04145607352256775,
            -0.05705418437719345,
            0.04278340935707092,
            -0.03990933299064636,
            -0.013799279928207397,
            -0.050631314516067505
        ]
    },
    "pred_cam_t": [
        -0.049900054931640625,
        -0.003253808245062828,
        5.913622856140137
    ],
    "focal_length": [
        5000.0,
        5000.0
    ],
    "pred_keypoints_3d": [
        [
            0.09566549211740494,
            0.006374687887728214,
            0.006180688738822937
        ],
        [
            0.06736978143453598,
            0.006781605537980795,
            -0.01999874971807003
        ],
        [
            0.0371970534324646,
            0.011580437421798706,
            -0.023961666971445084
        ],
        [
            0.01054583489894867,
            0.016269879415631294,
            -0.025563906878232956
        ],
        [
            -0.024770449846982956,
            0.0225297249853611,
            -0.024788986891508102
        ],
        [
            0.012914605438709259,
            -0.027172669768333435,
            -0.009264208376407623
        ],
        [
            -0.0193854458630085,
            -0.02069246955215931,
            -0.007497390732169151
        ],
        [
            -0.028037743642926216,
            -0.0002636648714542389,
            -0.007544903550297022
        ],
        [
            -0.025661297142505646,
            0.024294625967741013,
            -0.00891578197479248
        ],
        [
            0.008400171995162964,
            -0.02931695431470871,
            0.015397857874631882
        ],
        [
            -0.010371357202529907,
            -0.003809252753853798,
            0.016558513045310974
        ],
        [
            -0.013344727456569672,
            0.019197043031454086,
            0.014885850250720978
        ],
        [
            -0.012349298223853111,
            0.04324134439229965,
            0.006168719381093979
        ],
        [
            0.01923232525587082,
            -0.018227700144052505,
            0.03719038888812065
        ],
        [
            0.0009204186499118805,
            0.002700371667742729,
            0.029558788985013962
        ],
        [
            -0.001885795034468174,
            0.026383012533187866,
            0.022794224321842194
        ],
        [
            -0.0005082730203866959,
            0.04575967788696289,
            0.006993774324655533
        ],
        [
            0.02868882566690445,
            -0.00506992544978857,
            0.0517876073718071
        ],
        [
            0.014480563811957836,
            0.008033319376409054,
            0.04332071542739868
        ],
        [
            0.011318068020045757,
            0.024105016142129898,
            0.03381776809692383
        ],
        [
            0.013855474069714546,
            0.03630759194493294,
            0.01897897757589817
        ]
    ],
    "pred_vertices": [
        [
            0.04378422349691391,
            -0.0009151343256235123,
            -0.008223493583500385
        ],
        [
            0.0537743866443634,
            0.004371188580989838,
            -0.007637266535311937
        ],
        [
            0.04560425877571106,
            0.004914905875921249,
            -0.010311147198081017
        ],
        [
            0.037283532321453094,
            -0.001277705654501915,
            -0.013414079323410988
        ],
        [
            0.05741795152425766,
            0.022651642560958862,
            -0.01153165940195322
        ],
        [
            0.06200696900486946,
            0.02625506930053234,
            -0.022019773721694946
        ],
        [
            0.045457370579242706,
            0.02530643716454506,
            -0.022840064018964767
        ],
        [
            0.043942779302597046,
            0.02330274134874344,
            -0.01303072925657034
        ],
        [
            0.0316806361079216,
            -0.002907838672399521,
            -0.016613295301795006
        ],
        [
            0.03793632984161377,
            0.005753753706812859,
            -0.012325480580329895
        ],
        [
            0.03033248335123062,
            -0.004987344145774841,
            -0.017972804605960846
        ],
        [
            0.02831660583615303,
            -0.018784653395414352,
            -0.022307053208351135
        ],
        [
            0.027283787727355957,
            -0.012633686885237694,
            -0.019737131893634796
        ],
        [
            0.024127868935465813,
            -0.02599693089723587,
            -0.021642271429300308
        ],
        [
            0.03714361786842346,
            -0.024472981691360474,
            -0.02357783541083336
        ],
        [
            0.027381274849176407,
            -0.034021712839603424,
            -0.0176840852946043
        ],
        [
            0.05119974538683891,
            -0.03192082792520523,
            9.706574201118201e-05
        ],
        [
            0.054853491485118866,
            -0.029185963794589043,
            0.013071712106466293
        ],
        [
            0.038202960044145584,
            -0.03624282777309418,
            0.016853252425789833
        ],
        [
            0.03601529821753502,
            -0.0372062623500824,
            0.0030128597281873226
        ],
        [
            0.04654547572135925,
            -0.02566147968173027,
            0.0332510732114315
        ],
        [
            0.041186317801475525,
            -0.03167901933193207,
            0.0243732500821352
        ],
        [
            0.058239880949258804,
            -0.026032816618680954,
            0.020898308604955673
        ],
        [
            0.0621257908642292,
            -0.020716479048132896,
            0.02878890186548233
        ],
        [
            0.052293676882982254,
            0.0024544280022382736,
            0.004149549175053835
        ],
        [
            0.06197604537010193,
            0.00759023055434227,
            0.0035582343116402626
        ],
        [
            0.06006687507033348,
            0.00510755181312561,
            -0.0014052069745957851
        ],
        [
            0.05033893138170242,
            0.0009043887257575989,
            -0.000822040718048811
        ],
        [
            0.0283978134393692,
            0.00017793849110603333,
            -0.024714522063732147
        ],
        [
            0.039553046226501465,
            -0.008532390929758549,
            -0.02887229435145855
        ],
        [
            0.034095022827386856,
            -0.009494474157691002,
            -0.023504439741373062
        ],
        [
            0.026569979265332222,
            0.0024635568261146545,
            -0.019920408725738525
        ],
        [
            0.08301275968551636,
            0.026804815977811813,
            0.009748718701303005
        ],
        [
            0.09636464715003967,
            0.025643164291977882,
            0.007529792375862598
        ],
        [
            0.09595995396375656,
            0.023915909230709076,
            0.0018455591052770615
        ],
        [
            0.084032341837883,
            0.024854743853211403,
            0.005047990940511227
        ],
        [
            0.08493606001138687,
            0.023521605879068375,
            -0.01756329834461212
        ],
        [
            0.09525040537118912,
            0.019983474165201187,
            -0.01595200039446354
        ],
        [
            0.10228315740823746,
            0.012489810585975647,
            -0.02420211210846901
        ],
        [
            0.09153877198696136,
            0.013314779847860336,
            -0.027451075613498688
        ],
        [
            0.07320963591337204,
            0.02545876055955887,
            -0.020149920135736465
        ],
        [
            0.07858823984861374,
            0.01882549375295639,
            -0.03042256087064743
        ],
        [
            0.06495271623134613,
            0.021385198459029198,
            -0.03164913132786751
        ],
        [
            0.046838585287332535,
            0.021577708423137665,
            -0.031095290556550026
        ],
        [
            0.09850681573152542,
            0.026441063731908798,
            0.020139966160058975
        ],
        [
            0.0889236181974411,
            0.027993321418762207,
            0.023574620485305786
        ],
        [
            -0.013816183432936668,
            -0.010068776085972786,
            -0.014270413666963577
        ],
        [
            -0.013181746006011963,
            -0.008060963824391365,
            -0.008541444316506386
        ],
        [
            -0.010029864497482777,
            -0.009560424834489822,
            -0.009301863610744476
        ],
        [
            -0.0113785769790411,
            -0.011470107361674309,
            -0.014632885344326496
        ],
        [
            0.09803608804941177,
            0.012789936736226082,
            0.035155992954969406
        ],
        [
            0.10063084959983826,
            0.0030831005424261093,
            0.03564415127038956
        ],
        [
            0.10683110356330872,
            0.006884191185235977,
            0.03516816347837448
        ],
        [
            0.10463938117027283,
            0.015703344717621803,
            0.03278587758541107
        ],
        [
            0.08934646099805832,
            0.008901884779334068,
            0.03826774284243584
        ],
        [
            0.09176183491945267,
            -0.0018229149281978607,
            0.03580152243375778
        ],
        [
            -0.023316677659749985,
            -0.018698779866099358,
            -0.014756438322365284
        ],
        [
            -0.02020353078842163,
            -0.015480145812034607,
            -0.01747647486627102
        ],
        [
            -0.01746264100074768,
            -0.019422855228185654,
            -0.017269285395741463
        ],
        [
            -0.01943575032055378,
            -0.02311246283352375,
            -0.013829536736011505
        ],
        [
            0.02976548671722412,
            -0.00771733932197094,
            -0.0154516426846385
        ],
        [
            0.034543540328741074,
            -0.004696261137723923,
            -0.008493684232234955
        ],
        [
            0.01590460166335106,
            -0.015385687351226807,
            -0.012452593073248863
        ],
        [
            0.022955067455768585,
            -0.012110315263271332,
            -0.009856117889285088
        ],
        [
            0.02338549681007862,
            -0.014132175594568253,
            -0.01643393188714981
        ],
        [
            0.017695311456918716,
            -0.017820095643401146,
            -0.01783447526395321
        ],
        [
            0.032562121748924255,
            -0.006378792226314545,
            0.010935606434941292
        ],
        [
            0.043090321123600006,
            -0.001968841999769211,
            0.008991009555757046
        ],
        [
            0.040246088057756424,
            -0.004063066095113754,
            0.003373269224539399
        ],
        [
            0.028170742094516754,
            -0.008428208529949188,
            0.003766179783269763
        ],
        [
            0.046222470700740814,
            0.004295529797673225,
            0.02128373458981514
        ],
        [
            0.035929810255765915,
            -0.0010704118758440018,
            0.02228662371635437
        ],
        [
            0.03917089104652405,
            0.0030727311968803406,
            0.02908390946686268
        ],
        [
            0.04538190737366676,
            0.007100379094481468,
            0.027046605944633484
        ],
        [
            0.018861569464206696,
            -0.011839223094284534,
            0.02059103548526764
        ],
        [
            0.01544982846826315,
            -0.014929383993148804,
            0.019888268783688545
        ],
        [
            0.0158398300409317,
            -0.012523666024208069,
            0.022493785247206688
        ],
        [
            0.020348884165287018,
            -0.01003109198063612,
            0.023551838472485542
        ],
        [
            0.11337843537330627,
            0.009574474766850471,
            0.03441637009382248
        ],
        [
            0.11096949130296707,
            0.01788032241165638,
            0.029789024963974953
        ],
        [
            0.05324690043926239,
            -0.01197994314134121,
            0.04929326847195625
        ],
        [
            0.05700590834021568,
            -0.0015604794025421143,
            0.05165688320994377
        ],
        [
            0.04429715871810913,
            -0.003684408962726593,
            0.055816251784563065
        ],
        [
            0.04336264729499817,
            -0.015648746863007545,
            0.05288234353065491
        ],
        [
            0.10068532824516296,
            -0.005999254062771797,
            0.030661245808005333
        ],
        [
            0.10759179294109344,
            -0.0027168355882167816,
            0.032349199056625366
        ],
        [
            -0.025065911933779716,
            -0.02030249498784542,
            -0.00884907878935337
        ],
        [
            -0.02079753391444683,
            -0.02429771237075329,
            -0.007890625856816769
        ],
        [
            0.06974591314792633,
            0.008981792256236076,
            -0.036786459386348724
        ],
        [
            0.04830338433384895,
            0.013249117881059647,
            -0.03658226877450943
        ],
        [
            0.08590204268693924,
            0.005091523751616478,
            -0.03298281133174896
        ],
        [
            0.09662746638059616,
            0.001709992066025734,
            -0.027979765087366104
        ],
        [
            0.10593650490045547,
            0.0008193161338567734,
            -0.02545945718884468
        ],
        [
            0.020414333790540695,
            -0.012175530195236206,
            -0.003785992506891489
        ],
        [
            0.041175197809934616,
            -0.0029108691960573196,
            -0.0023462986573576927
        ],
        [
            0.053712476044893265,
            0.004336485639214516,
            0.008711058646440506
        ],
        [
            0.055704034864902496,
            0.01769416406750679,
            0.03647685423493385
        ],
        [
            0.06478721648454666,
            0.02204842120409012,
            0.034153666347265244
        ],
        [
            0.059464916586875916,
            0.018701737746596336,
            0.025373857468366623
        ],
        [
            0.05282716453075409,
            0.015003437176346779,
            0.029359780251979828
        ],
        [
            0.054352905601263046,
            0.008229808881878853,
            0.05072241649031639
        ],
        [
            0.050066813826560974,
            0.012402765452861786,
            0.04524746909737587
        ],
        [
            0.0431843027472496,
            0.009190773591399193,
            0.04707111418247223
        ],
        [
            0.04496316611766815,
            0.0050452835857868195,
            0.05330909788608551
        ],
        [
            0.029609106481075287,
            0.0020580701529979706,
            -0.03178375959396362
        ],
        [
            0.04405587166547775,
            -0.005675960332155228,
            -0.033903684467077255
        ],
        [
            0.09465841948986053,
            0.021901819854974747,
            0.030903838574886322
        ],
        [
            0.10120192170143127,
            0.023099282756447792,
            0.026718921959400177
        ],
        [
            0.10943125188350677,
            0.02317887917160988,
            0.024327702820301056
        ],
        [
            0.07241934537887573,
            0.017519636079669,
            0.005014149472117424
        ],
        [
            0.08471597731113434,
            0.023641543462872505,
            0.001683599315583706
        ],
        [
            0.08345253765583038,
            0.022752022370696068,
            -0.0025062374770641327
        ],
        [
            0.0723252147436142,
            0.015146300196647644,
            0.0021104300394654274
        ],
        [
            0.062388524413108826,
            0.01245824247598648,
            -0.006027027033269405
        ],
        [
            0.07071132957935333,
            0.021965671330690384,
            -0.009719808585941792
        ],
        [
            0.05166124925017357,
            0.013704411685466766,
            -0.006468877196311951
        ],
        [
            0.09693301469087601,
            0.022167423740029335,
            -0.006154663860797882
        ],
        [
            0.10591454803943634,
            0.025347251445055008,
            -0.0004355562850832939
        ],
        [
            0.10598064213991165,
            0.022293226793408394,
            -0.008799724280834198
        ],
        [
            0.10708648711442947,
            0.026603534817695618,
            0.009210973978042603
        ],
        [
            0.10822594910860062,
            0.02615484781563282,
            0.018024535849690437
        ],
        [
            0.11596207320690155,
            -0.002046450972557068,
            0.03381424397230148
        ],
        [
            0.10552745312452316,
            0.018087416887283325,
            -0.01593828946352005
        ],
        [
            0.034808363765478134,
            0.022646650671958923,
            -0.015810593962669373
        ],
        [
            0.026581158861517906,
            0.02275128848850727,
            -0.01910758763551712
        ],
        [
            0.02567790076136589,
            0.016698217019438744,
            -0.014375697821378708
        ],
        [
            0.03341086953878403,
            0.015916254371404648,
            -0.011000169441103935
        ],
        [
            0.016950536519289017,
            -0.0306069478392601,
            -0.019846050068736076
        ],
        [
            0.016801711171865463,
            -0.02291623130440712,
            -0.02062283083796501
        ],
        [
            0.023981260135769844,
            -0.018796715885400772,
            -0.021457772701978683
        ],
        [
            0.07374203205108643,
            0.02497810311615467,
            0.016622472554445267
        ],
        [
            0.07915879786014557,
            0.026262184605002403,
            0.02803722769021988
        ],
        [
            0.013296853750944138,
            -0.015410006046295166,
            -0.006530554965138435
        ],
        [
            -0.015788787975907326,
            -0.026742160320281982,
            -0.013446327298879623
        ],
        [
            -0.013676059432327747,
            -0.022808164358139038,
            -0.017598778009414673
        ],
        [
            0.003163685090839863,
            -0.02866801805794239,
            -0.018965478986501694
        ],
        [
            0.0008698380552232265,
            -0.03349665179848671,
            -0.014358270913362503
        ],
        [
            0.007079646922647953,
            -0.020156122744083405,
            -0.0005680276080965996
        ],
        [
            0.009797520935535431,
            -0.01615196466445923,
            -0.005838867276906967
        ],
        [
            0.007943843491375446,
            -0.01663796231150627,
            -0.0049542710185050964
        ],
        [
            0.004629095550626516,
            -0.018338438123464584,
            0.0005953881773166358
        ],
        [
            0.020798472687602043,
            -0.007870491594076157,
            0.029054006561636925
        ],
        [
            0.02457270398736,
            -0.005629310384392738,
            0.02975274622440338
        ],
        [
            0.0199388787150383,
            -0.03782540559768677,
            0.005842455662786961
        ],
        [
            0.021424483507871628,
            -0.04278535395860672,
            -0.007068019360303879
        ],
        [
            0.03339752182364464,
            -0.03825967013835907,
            -0.009250491857528687
        ],
        [
            0.03528229519724846,
            -0.0034510456025600433,
            0.01725580357015133
        ],
        [
            0.026135826483368874,
            -0.00721319392323494,
            0.01964442990720272
        ],
        [
            0.027490805834531784,
            -0.005704827606678009,
            0.023240793496370316
        ],
        [
            0.01777091808617115,
            -0.013337897136807442,
            -0.00010457425378262997
        ],
        [
            0.011775501072406769,
            -0.01652476191520691,
            -0.0007333431858569384
        ],
        [
            0.014395645819604397,
            -0.016218826174736023,
            0.0033496359828859568
        ],
        [
            0.020174700766801834,
            -0.012182825244963169,
            0.004500276874750853
        ],
        [
            0.0693943202495575,
            0.0015720967203378677,
            0.047681257128715515
        ],
        [
            0.06587415933609009,
            0.01284867525100708,
            0.04713708534836769
        ],
        [
            -0.016555488109588623,
            -0.012535292655229568,
            -0.017360202968120575
        ],
        [
            -0.014163855463266373,
            -0.01512235775589943,
            -0.017587795853614807
        ],
        [
            0.04550813138484955,
            0.0008741971105337143,
            0.015172897838056087
        ],
        [
            0.04676453396677971,
            -0.031234510242938995,
            -0.010962816886603832
        ],
        [
            0.05508997291326523,
            0.006679153069853783,
            0.013497017323970795
        ],
        [
            0.027508076280355453,
            -0.018915273249149323,
            0.04278096556663513
        ],
        [
            0.02547331526875496,
            -0.01071755588054657,
            0.042878612875938416
        ],
        [
            0.021925976499915123,
            -0.008980329148471355,
            0.04111509397625923
        ],
        [
            0.02056874707341194,
            -0.014414563775062561,
            0.04155946150422096
        ],
        [
            -0.00908749084919691,
            -0.01483083888888359,
            0.001534358481876552
        ],
        [
            -0.00805029459297657,
            -0.011105848476290703,
            -0.002957443008199334
        ],
        [
            -0.010476801544427872,
            -0.009919896721839905,
            -0.003049348946660757
        ],
        [
            -0.012876173481345177,
            -0.013163641095161438,
            0.001396767096593976
        ],
        [
            0.011295471340417862,
            -0.015964560210704803,
            -0.01157400943338871
        ],
        [
            0.012119288556277752,
            -0.018408000469207764,
            -0.01730281673371792
        ],
        [
            0.007331409491598606,
            -0.01746007427573204,
            -0.01614890992641449
        ],
        [
            0.007507024332880974,
            -0.016076842322945595,
            -0.010202387347817421
        ],
        [
            0.01100880652666092,
            -0.023949183523654938,
            -0.020007053390145302
        ],
        [
            0.005806692875921726,
            -0.02285723388195038,
            -0.019445190206170082
        ],
        [
            -0.011858231388032436,
            -0.02051704376935959,
            0.002842903370037675
        ],
        [
            -0.015273364260792732,
            -0.0260637104511261,
            -0.0010361515451222658
        ],
        [
            0.0003090682439506054,
            -0.03202612325549126,
            -0.00013014022260904312
        ],
        [
            0.0006419890560209751,
            -0.024615531787276268,
            0.0026707586366683245
        ],
        [
            0.07698054611682892,
            -0.01766878552734852,
            0.025430385023355484
        ],
        [
            0.07899410277605057,
            -0.011196638457477093,
            0.034304019063711166
        ],
        [
            0.06429964303970337,
            -0.014322570525109768,
            0.038090478628873825
        ],
        [
            0.0497291274368763,
            -0.01834903657436371,
            0.04297218471765518
        ],
        [
            0.03580833598971367,
            -0.021293209865689278,
            0.04585815593600273
        ],
        [
            0.033469058573246,
            -0.030032850801944733,
            0.03755788505077362
        ],
        [
            0.0669906958937645,
            -0.008732413873076439,
            0.0436626672744751
        ],
        [
            0.01094041671603918,
            -0.027646837756037712,
            0.004053608514368534
        ],
        [
            0.011063945479691029,
            -0.03535349667072296,
            0.0008192883105948567
        ],
        [
            0.012875039130449295,
            -0.032960254698991776,
            0.005407422315329313
        ],
        [
            0.05557279288768768,
            0.010856669396162033,
            0.01968618854880333
        ],
        [
            -0.01113484613597393,
            -0.01809057965874672,
            -0.018427453935146332
        ],
        [
            0.1019742339849472,
            -0.015966620296239853,
            -0.011254479177296162
        ],
        [
            0.10403044521808624,
            -0.017681870609521866,
            0.0022620181553065777
        ],
        [
            0.09550244361162186,
            -0.01935485377907753,
            0.0008400988299399614
        ],
        [
            0.09258484840393066,
            -0.016448546200990677,
            -0.01471235603094101
        ],
        [
            -0.00790549535304308,
            -0.01036711037158966,
            -0.009990978054702282
        ],
        [
            -0.008599812164902687,
            -0.012853175401687622,
            -0.01587102748453617
        ],
        [
            0.025181198492646217,
            -0.0020188558846712112,
            0.035026948899030685
        ],
        [
            0.021536152809858322,
            -0.0046970779076218605,
            0.03400832787156105
        ],
        [
            0.02214672788977623,
            -0.0042145042680203915,
            0.03688191622495651
        ],
        [
            0.02437315508723259,
            -0.00046975351870059967,
            0.03896569833159447
        ],
        [
            0.08106314390897751,
            -0.006893392652273178,
            0.0380113460123539
        ],
        [
            0.03532687947154045,
            0.0005763154476881027,
            0.05580900236964226
        ],
        [
            0.03457104414701462,
            -0.011828437447547913,
            0.05364766716957092
        ],
        [
            0.0915587991476059,
            -0.00889118853956461,
            0.030759569257497787
        ],
        [
            0.09016474336385727,
            -0.0150593351572752,
            0.023288164287805557
        ],
        [
            0.099705770611763,
            -0.013091672211885452,
            0.022364705801010132
        ],
        [
            0.02414846047759056,
            -0.03296276926994324,
            0.026092298328876495
        ],
        [
            0.07327597588300705,
            -0.02205517888069153,
            0.018895480781793594
        ],
        [
            0.08734577149152756,
            -0.018428441137075424,
            0.016996124759316444
        ],
        [
            0.09861136972904205,
            -0.016221681609749794,
            0.015606091357767582
        ],
        [
            0.10687379539012909,
            -0.015060385689139366,
            0.015479205176234245
        ],
        [
            0.1071930080652237,
            -0.011609549634158611,
            0.02284976840019226
        ],
        [
            -0.016273051500320435,
            -0.027405302971601486,
            -0.00709298811852932
        ],
        [
            -0.02050129882991314,
            -0.022654272615909576,
            -0.0009308262960985303
        ],
        [
            0.11615849286317825,
            -0.011285015381872654,
            0.024216650053858757
        ],
        [
            0.11525619775056839,
            -0.01459477934986353,
            0.015591393224895
        ],
        [
            0.08455976843833923,
            -0.021376533433794975,
            0.008703173138201237
        ],
        [
            0.0807667151093483,
            -0.023333165794610977,
            -0.0023405563551932573
        ],
        [
            0.07099504768848419,
            -0.02455778233706951,
            0.010793488472700119
        ],
        [
            0.06632233411073685,
            -0.027103712782263756,
            0.00032169686164706945
        ],
        [
            0.024909518659114838,
            -0.04158584028482437,
            0.018480569124221802
        ],
        [
            -0.02975580468773842,
            -0.006189581006765366,
            -0.00022463744971901178
        ],
        [
            -0.02250760793685913,
            -0.014640949666500092,
            0.0017727750819176435
        ],
        [
            -0.01781640388071537,
            -0.011108972132205963,
            0.0013801761670038104
        ],
        [
            -0.02615053579211235,
            -0.004276573657989502,
            0.0011714485008269548
        ],
        [
            -0.01646641083061695,
            -0.017718855291604996,
            0.002504429779946804
        ],
        [
            -0.024877246469259262,
            -0.018445104360580444,
            -0.001863989164121449
        ],
        [
            0.06107473000884056,
            -0.025234073400497437,
            -0.014184909872710705
        ],
        [
            0.01025606319308281,
            -0.019810546189546585,
            0.0028970055282115936
        ],
        [
            0.07542173564434052,
            -0.017956718802452087,
            -0.020169060677289963
        ],
        [
            0.04964647442102432,
            -0.02136865444481373,
            -0.026583600789308548
        ],
        [
            0.05919785052537918,
            -0.013291401788592339,
            -0.03118489682674408
        ],
        [
            0.08928052335977554,
            -0.008824743330478668,
            -0.027257714420557022
        ],
        [
            0.07291792333126068,
            -0.005043802782893181,
            -0.03506021201610565
