{
    "pred_cam": [
        10.318197250366211,
        0.12961578369140625,
        -0.0503782294690609
    ],
    "pred_mano_params": {
        "global_orient": [
            [
                [
                    -0.5601496696472168,
                    -0.1446344256401062,
                    -0.8156673908233643
                ],
                [
                    -0.5258499383926392,
                    -0.6987387537956238,
                    0.4850216805934906
                ],
                [
                    -0.640089213848114,
                    0.7006033658981323,
                    0.3153422772884369
                ]
            ]
        ],
        "hand_pose": [
            [
                [
                    0.6209214329719543,
                    -0.7821602821350098,
                    -0.0517873577773571
                ],
                [
                    0.7830480337142944,
                    0.6219428777694702,
                    -0.004782776813954115
                ],
                [
                    0.035949673503637314,
                    -0.03758225962519646,
                    0.9986467361450195
                ]
            ],
            [
                [
                    0.43566179275512695,
                    -0.8753964900970459,
                    0.20947496592998505
                ],
                [
                    0.8894323706626892,
                    0.38293328881263733,
                    -0.2495439350605011
                ],
                [
                    0.1382349580526352,
                    0.2950305640697479,
                    0.9454354047775269
                ]
            ],
            [
                [
                    0.857646644115448,
                    -0.5026803016662598,
                    0.10841944068670273
                ],
                [
                    0.49750247597694397,
                    0.864433765411377,
                    0.07242679595947266
                ],
                [
                    -0.13012893497943878,
                    -0.008177664130926132,
                    0.9914634227752686
                ]
            ],
            [
                [
                    0.5636155009269714,
                    -0.8127778172492981,
                    -0.14740966260433197
                ],
                [
                    0.8260358572006226,
                    0.5548859238624573,
                    0.0988243892788887
                ],
                [
                    0.0014732637209817767,
                    -0.17746464908123016,
                    0.9841259121894836
                ]
            ],
            [
                [
                    0.674048125743866,
                    -0.7074475884437561,
                    -0.21254892647266388
                ],
                [
                    0.7386417984962463,
                    0.6486996412277222,
                    0.1832948625087738
                ],
                [
                    0.008208914659917355,
                    -0.2805470824241638,
                    0.9598051309585571
                ]
            ],
            [
                [
                    0.8214656710624695,
                    -0.5699279308319092,
                    0.019398046657443047
                ],
                [
                    0.5693364143371582,
                    0.821596622467041,
                    0.02889718860387802
                ],
                [
                    -0.03240668401122093,
                    -0.012694033794105053,
                    0.9993941187858582
                ]
            ],
            [
                [
                    0.6289096474647522,
                    -0.744103193283081,
                    0.22535094618797302
                ],
                [
                    0.6966966986656189,
                    0.6680233478546143,
                    0.26145440340042114
                ],
                [
                    -0.34508877992630005,
                    -0.0074299294501543045,
                    0.9385405778884888
                ]
            ],
            [
                [
                    0.6343552470207214,
                    -0.754033625125885,
                    -0.17037245631217957
                ],
                [
                    0.58167964220047,
                    0.32042765617370605,
                    0.7476463317871094
                ],
                [
                    -0.5091583728790283,
                    -0.5733755230903625,
                    0.6418709754943848
                ]
            ],
            [
                [
                    0.8667463064193726,
                    -0.4954765737056732,
                    0.05704217776656151
                ],
                [
                    0.3967079520225525,
                    0.7542083263397217,
                    0.5232518911361694
                ],
                [
                    -0.3022807538509369,
                    -0.4308975338935852,
                    0.8502668142318726
                ]
            ],
            [
                [
                    0.700451672077179,
                    -0.7113513350486755,
                    0.05785030126571655
                ],
                [
                    0.7134853601455688,
                    0.6999238133430481,
                    -0.03232872486114502
                ],
                [
                    -0.017493726685643196,
                    0.06392005831003189,
                    0.9978015422821045
                ]
            ],
            [
                [
                    0.6647918224334717,
                    -0.727181077003479,
                    -0.17105412483215332
                ],
                [
                    0.6979811787605286,
                    0.523038387298584,
                    0.4891350269317627
                ],
                [
                    -0.26622188091278076,
                    -0.4445655345916748,
                    0.8552703261375427
                ]
            ],
            [
                [
                    0.768447995185852,
                    -0.6393221616744995,
                    0.027475103735923767
                ],
                [
                    0.6093904376029968,
                    0.7442225813865662,
                    0.27345213294029236
                ],
                [
                    -0.1952715963125229,
                    -0.19339066743850708,
                    0.961493194103241
                ]
            ],
            [
                [
                    0.9586161375045776,
                    0.2490278035402298,
                    0.13798709213733673
                ],
                [
                    -0.12450861185789108,
                    0.8025657534599304,
                    -0.5834258794784546
                ],
                [
                    -0.2560329735279083,
                    0.5421007871627808,
                    0.8003585934638977
                ]
            ],
            [
                [
                    0.9869130253791809,
                    -0.16118000447750092,
                    0.004869552329182625
                ],
                [
                    0.12583909928798676,
                    0.7886993288993835,
                    0.6017622947692871
                ],
                [
                    -0.10083265602588654,
                    -0.5932742357254028,
                    0.798660397529602
                ]
            ],
            [
                [
                    0.7782853245735168,
                    -0.6042551398277283,
                    -0.17072726786136627
                ],
                [
                    0.3407726585865021,
                    0.6348416805267334,
                    -0.6934335231781006
                ],
                [
                    0.5273955464363098,
                    0.48150989413261414,
                    0.70000159740448
                ]
            ]
        ],
        "betas": [
            -0.14195066690444946,
            -0.06559562683105469,
            0.002592146396636963,
            -0.005760401487350464,
            -0.01652926206588745,
            0.0085732601583004,
            0.008168220520019531,
            0.0450911819934845,
            -0.0069446861743927,
            -0.026216596364974976
        ]
    },
    "pred_cam_t": [
        -0.12961578369140625,
        -0.0503782294690609,
        3.785787343978882
    ],
    "focal_length": [
        5000.0,
        5000.0
    ],
    "pred_keypoints_3d": [
        [
            0.09632900357246399,
            0.006439949385821819,
            0.006235472857952118
        ],
        [
            0.09093308448791504,
            0.04275627061724663,
            0.018996063619852066
        ],
        [
            0.08091723918914795,
            0.07030971348285675,
            0.029112575575709343
        ],
        [
            0.07519987970590591,
            0.09345436096191406,
            0.04232969880104065
        ],
        [
            0.0849655419588089,
            0.1260502189397812,
            0.03840487450361252
        ],
        [
            0.1297893077135086,
            0.06681301444768906,
            0.0659271627664566
        ],
        [
            0.14563117921352386,
            0.09594835340976715,
            0.06505590677261353
        ],
        [
            0.14496779441833496,
            0.10228865593671799,
            0.04365966469049454
        ],
        [
            0.13795079290866852,
            0.10008163750171661,
            0.019880518317222595
        ],
        [
            0.15271490812301636,
            0.05594976618885994,
            0.06513399630784988
        ],
        [
            0.1714659333229065,
            0.08054330945014954,
            0.057167164981365204
        ],
        [
            0.170507550239563,
            0.09167931228876114,
            0.03657474368810654
        ],
        [
            0.16016528010368347,
            0.09834194928407669,
            0.014058366417884827
        ],
        [
            0.1649634838104248,
            0.03943405672907829,
            0.04766407236456871
        ],
        [
            0.1835314929485321,
            0.06183243542909622,
            0.047038864344358444
        ],
        [
            0.18424931168556213,
            0.07541096210479736,
            0.026088833808898926
        ],
        [
            0.17250844836235046,
            0.08451326191425323,
            0.005713079124689102
        ],
        [
            0.17212256789207458,
            0.028694700449705124,
            0.02983357384800911
        ],
        [
            0.18677619099617004,
            0.043662507086992264,
            0.02604304626584053
        ],
        [
            0.18071439862251282,
            0.05305590480566025,
            0.010550789535045624
        ],
        [
            0.16488580405712128,
            0.0572841502726078,
            0.0002868795127142221
        ]
    ],
    "pred_vertices": [
        [
            0.11291487514972687,
            0.05406448245048523,
            0.031906258314847946
        ],
        [
            0.10781904309988022,
            0.05116064473986626,
            0.024070192128419876
        ],
        [
            0.10428407788276672,
            0.06248686835169792,
            0.028059430420398712
        ],
        [
            0.1095668375492096,
            0.06381741166114807,
            0.03589484468102455
        ],
        [
            0.09464907646179199,
            0.05876999348402023,
            0.008205078542232513
        ],
        [
            0.0838257223367691,
            0.05647711083292961,
            0.004644215106964111
        ],
        [
            0.08188305050134659,
            0.07079870253801346,
            0.013167809695005417
        ],
        [
            0.0907839834690094,
            0.07266189903020859,
            0.014924820512533188
        ],
        [
            0.10513763874769211,
            0.07119440287351608,
            0.04114050045609474
        ],
        [
            0.10120173543691635,
            0.0713147222995758,
            0.031683847308158875
        ],
        [
            0.09842684864997864,
            0.07193130254745483,
            0.045499496161937714
        ],
        [
            0.10399636626243591,
            0.06689535081386566,
            0.05712030082941055
        ],
        [
            0.10918212682008743,
            0.06893710792064667,
            0.05073295533657074
        ],
        [
            0.1100570559501648,
            0.06613051891326904,
            0.06414897739887238
        ],
        [
            0.09846802055835724,
            0.05678708851337433,
            0.05950773134827614
        ],
        [
            0.1118185967206955,
            0.058187030255794525,
            0.07008034735918045
        ],
        [
            0.11518967151641846,
            0.03039354830980301,
            0.05694795027375221
        ],
        [
            0.12393833696842194,
            0.02161411941051483,
            0.05089046061038971
        ],
        [
            0.13579724729061127,
            0.029936829581856728,
            0.061415161937475204
        ],
        [
            0.12596584856510162,
            0.038831304758787155,
            0.0659242570400238
        ],
        [
            0.14444833993911743,
            0.018241338431835175,
            0.04581349343061447
        ],
        [
            0.14029857516288757,
            0.02502623200416565,
            0.054875750094652176
        ],
        [
            0.12849509716033936,
            0.015786170959472656,
            0.04547145590186119
        ],
        [
            0.13287177681922913,
            0.010330010205507278,
            0.03779284283518791
        ],
        [
            0.1194821372628212,
            0.039782412350177765,
            0.02363692596554756
        ],
        [
            0.11452235281467438,
            0.03493748605251312,
            0.015895690768957138
        ],
        [
            0.11199294030666351,
            0.03987104073166847,
            0.019652988761663437
        ],
        [
            0.11650499701499939,
            0.044132065027952194,
            0.0265575610101223
        ],
        [
            0.08378807455301285,
            0.07209430634975433,
            0.04449576884508133
        ],
        [
            0.08495476841926575,
            0.06191560998558998,
            0.045930251479148865
        ],
        [
            0.09182758629322052,
            0.06610865145921707,
            0.048612043261528015
        ],
        [
            0.08778217434883118,
            0.07575895637273788,
            0.043158214539289474
        ],
        [
            0.10743162035942078,
            0.021397169679403305,
            -0.009655199944972992
        ],
        [
            0.09781980514526367,
            0.012054581195116043,
            -0.012331921607255936
        ],
        [
            0.09347649663686752,
            0.014953583478927612,
            -0.009609900414943695
        ],
        [
            0.1034718006849289,
            0.022585544735193253,
            -0.007262855768203735
        ],
        [
            0.08262382447719574,
            0.033202387392520905,
            -0.0016498789191246033
        ],
        [
            0.07936006784439087,
            0.022972464561462402,
            -0.002260938286781311
        ],
        [
            0.06722209602594376,
            0.018788855522871017,
            0.0040915533900260925
        ],
        [
            0.06966463476419449,
            0.027437474578619003,
            0.00792134553194046
        ],
        [
            0.08396171778440475,
            0.045008596032857895,
            0.000837378203868866
        ],
        [
            0.07219387590885162,
            0.03996456041932106,
            0.007174983620643616
        ],
        [
            0.07437603920698166,
            0.0514991320669651,
            0.009180396795272827
        ],
        [
            0.0745982825756073,
            0.06522297114133835,
            0.016683630645275116
        ],
        [
            0.10702641308307648,
            0.003704521805047989,
            -0.016043230891227722
        ],
        [
            0.1153927594423294,
            0.009633500128984451,
            -0.015097543597221375
        ],
        [
            0.13462772965431213,
            0.09273918718099594,
            0.055175263434648514
        ],
        [
            0.1394140124320984,
            0.08972574025392532,
            0.05239838734269142
        ],
        [
            0.13800987601280212,
            0.08850137889385223,
            0.05333928018808365
        ],
        [
            0.13390949368476868,
            0.09155714511871338,
            0.05616641417145729
        ],
        [
            0.1191520243883133,
            -0.009025249630212784,
            -0.005653928965330124
        ],
        [
            0.11775845289230347,
            -0.01478930190205574,
            0.0026318803429603577
        ],
        [
            0.11395581066608429,
            -0.01792757213115692,
            -0.002827029675245285
        ],
        [
            0.11354345828294754,
            -0.011747706681489944,
            -0.010045919567346573
        ],
        [
            0.12650179862976074,
            -0.005328238010406494,
            0.000150289386510849
        ],
        [
            0.12273086607456207,
            -0.00972890853881836,
            0.009969618171453476
        ],
        [
            0.13958171010017395,
            0.10141293704509735,
            0.0635519027709961
        ],
        [
            0.13525903224945068,
            0.09979024529457092,
            0.0607515424489975
        ],
        [
            0.13508249819278717,
            0.09735099971294403,
            0.06453324109315872
        ],
        [
            0.13958455622196198,
            0.0974801629781723,
            0.06785367429256439
        ],
        [
            0.11399783939123154,
            0.06563563644886017,
            0.04393072798848152
        ],
        [
            0.1183117926120758,
            0.058525893837213516,
            0.03812560811638832
        ],
        [
            0.12577947974205017,
            0.06958621740341187,
            0.05419529229402542
        ],
        [
            0.12399177253246307,
            0.06474877893924713,
            0.04877346009016037
        ],
        [
            0.11777151376008987,
            0.06747391819953918,
            0.05176880210638046
        ],
        [
            0.11996486783027649,
            0.07058529555797577,
            0.05680248886346817
        ],
        [
            0.13610388338565826,
            0.04798804968595505,
            0.036792680621147156
        ],
        [
            0.12851543724536896,
            0.042440399527549744,
            0.0297648124396801
        ],
        [
            0.125418022274971,
            0.047100745141506195,
            0.033583980053663254
        ],
        [
            0.13258147239685059,
            0.05454213172197342,
            0.04131048172712326
        ],
        [
            0.13727204501628876,
            0.03547443449497223,
            0.02082207053899765
        ],
        [
            0.14398637413978577,
            0.04118490591645241,
            0.028806079179048538
        ],
        [
            0.14817620813846588,
            0.03650125116109848,
            0.02282947301864624
        ],
        [
            0.14276757836341858,
            0.0340120866894722,
            0.017489545047283173
        ],
        [
            0.1525287926197052,
            0.05181640014052391,
            0.044141482561826706
        ],
        [
            0.15555214881896973,
            0.0546155720949173,
            0.04832087457180023
        ],
        [
            0.159133180975914,
            0.0543622151017189,
            0.04608582332730293
        ],
        [
            0.15455450117588043,
            0.04980868101119995,
            0.04177052155137062
        ],
        [
            0.10967474430799484,
            -0.0215395987033844,
            -0.007287714630365372
        ],
        [
            0.10753700882196426,
            -0.014142967760562897,
            -0.013566549867391586
        ],
        [
            0.15461786091327667,
            0.00905018299818039,
            0.028405843302607536
        ],
        [
            0.15553982555866241,
            0.008774928748607635,
            0.017090093344449997
        ],
        [
            0.16659195721149445,
            0.01390046440064907,
            0.022793807089328766
        ],
        [
            0.16291868686676025,
            0.012578314170241356,
            0.034071341156959534
        ],
        [
            0.11324849724769592,
            -0.015326160937547684,
            0.012090340256690979
        ],
        [
            0.1108284741640091,
            -0.020414598286151886,
            0.006527017802000046
        ],
        [
            0.1460927426815033,
            0.1004997119307518,
            0.06455378234386444
        ],
        [
            0.14598624408245087,
            0.0964251309633255,
            0.06845667958259583
        ],
        [
            0.06990477442741394,
            0.04269357770681381,
            0.01942329853773117
        ],
        [
            0.0711405798792839,
            0.05979352816939354,
            0.023774925619363785
        ],
        [
            0.06850302219390869,
            0.02904394641518593,
            0.017438530921936035
        ],
        [
            0.06752923876047134,
            0.019198879599571228,
            0.016145724803209305
        ],
        [
            0.06402166187763214,
            0.012063287198543549,
            0.013576887547969818
        ],
        [
            0.1307532787322998,
            0.06313317269086838,
            0.04857950657606125
        ],
        [
            0.12006624042987823,
            0.050319548696279526,
            0.03322795778512955
        ],
        [
            0.12241972982883453,
            0.03659968078136444,
            0.020660992711782455
        ],
        [
            0.14492565393447876,
            0.024715494364500046,
            0.002679869532585144
        ],
        [
            0.13773179054260254,
            0.02046092227101326,
            -0.003874354064464569
        ],
        [
            0.13349419832229614,
            0.02808821015059948,
            0.0024905502796173096
        ],
        [
            0.14062315225601196,
            0.029792655259370804,
            0.007359907031059265
        ],
        [
            0.15707051753997803,
            0.014753000810742378,
            0.009243451058864594
        ],
        [
            0.15553393959999084,
            0.02264462597668171,
            0.007936157286167145
        ],
        [
            0.16196078062057495,
            0.025669561699032784,
            0.013345405459403992
        ],
        [
            0.16525405645370483,
            0.01870814897119999,
            0.015145711600780487
        ],
        [
            0.07642628252506256,
            0.07055958360433578,
            0.04296664893627167
        ],
        [
            0.07857487350702286,
            0.059175021946430206,
            0.04214725270867348
        ],
        [
            0.11790260672569275,
            -0.0008778460323810577,
            -0.01247817650437355
        ],
        [
            0.11076393723487854,
            -0.0031522661447525024,
            -0.014896385371685028
        ],
        [
            0.1041029542684555,
            -0.008043508976697922,
            -0.017140939831733704
        ],
        [
            0.11047133058309555,
            0.02938048541545868,
            0.0030850395560264587
        ],
        [
            0.10080073773860931,
            0.023577429354190826,
            -0.005714908242225647
        ],
        [
            0.09856285154819489,
            0.026937805116176605,
            -0.003749154508113861
        ],
        [
            0.10908903181552887,
            0.030980337411165237,
            0.005770780146121979
        ],
        [
            0.10455098003149033,
            0.04867856949567795,
            0.013630174100399017
        ],
        [
            0.09705868363380432,
            0.043918363749980927,
            0.002798140048980713
        ],
        [
            0.10166940838098526,
            0.06173963472247124,
            0.01801621913909912
        ],
        [
            0.08654994517564774,
            0.017893414944410324,
            -0.006927937269210815
        ],
        [
            0.08581811934709549,
            0.009214188903570175,
            -0.013853363692760468
        ],
        [
            0.0787336528301239,
            0.012599088251590729,
            -0.009589888155460358
        ],
        [
            0.09314902126789093,
            0.003358907997608185,
            -0.017002291977405548
        ],
        [
            0.09973272681236267,
            -0.0026026442646980286,
            -0.018486566841602325
        ],
        [
            0.10722488909959793,
            -0.02736983448266983,
            0.0029908455908298492
        ],
        [
            0.07278649508953094,
            0.015021171420812607,
            -0.0040273964405059814
        ],
        [
            0.08686470240354538,
            0.07944312691688538,
            0.021150022745132446
        ],
        [
            0.08260094374418259,
            0.08446580171585083,
            0.02605603262782097
        ],
        [
            0.08849333971738815,
            0.08347931504249573,
            0.031219888478517532
        ],
        [
            0.09252600371837616,
            0.07882305234670639,
            0.02737032249569893
        ],
        [
            0.11696887761354446,
            0.06872519105672836,
            0.0694979578256607
        ],
        [
            0.11716785281896591,
            0.0715022012591362,
            0.062313493341207504
        ],
        [
            0.11150549352169037,
            0.06871360540390015,
            0.0571882426738739
        ],
        [
            0.1182158887386322,
            0.02405705116689205,
            -0.0062735117971897125
        ],
        [
            0.12456737458705902,
            0.01410374790430069,
            -0.011201128363609314
        ],
        [
            0.13212676346302032,
            0.06853003799915314,
            0.05395098030567169
        ],
        [
            0.13847024738788605,
            0.09370727837085724,
            0.07081056386232376
        ],
        [
            0.13330507278442383,
            0.0941835567355156,
            0.06740478426218033
        ],
        [
            0.12485876679420471,
            0.07892464101314545,
            0.07006775587797165
        ],
        [
            0.13040132820606232,
            0.07781608402729034,
            0.07452808320522308
        ],
        [
            0.14001071453094482,
            0.06954905390739441,
            0.058699674904346466
        ],
        [
            0.13378778100013733,
            0.07069537043571472,
            0.05493290722370148
        ],
        [
            0.13505537807941437,
            0.0717024877667427,
            0.05528106540441513
        ],
        [
            0.14170341193675995,
            0.07178416848182678,
            0.05677112936973572
        ],
        [
            0.1621417999267578,
            0.048357997089624405,
            0.039523765444755554
        ],
        [
            0.1579185277223587,
            0.044672124087810516,
            0.035525672137737274
        ],
        [
            0.13766497373580933,
            0.04944726079702377,
            0.07103891670703888
        ],
        [
            0.12616565823554993,
            0.05413147062063217,
            0.0777900218963623
        ],
        [
            0.11653341352939606,
            0.047162190079689026,
            0.07040972262620926
        ],
        [
            0.13996532559394836,
            0.043513838201761246,
            0.03210539370775223
        ],
        [
            0.14728111028671265,
            0.048069700598716736,
            0.037992365658283234
        ],
        [
            0.14977240562438965,
            0.04567963629961014,
            0.03561155125498772
        ],
        [
            0.1353171318769455,
            0.0628504604101181,
            0.049813803285360336
        ],
        [
            0.1379920244216919,
            0.06664344668388367,
            0.054543353617191315
        ],
        [
            0.14009805023670197,
            0.06275901198387146,
            0.052643172442913055
        ],
        [
            0.1377333253622055,
            0.05901987850666046,
            0.0471162274479866
        ],
        [
            0.14525076746940613,
            0.0025162510573863983,
            0.011238504201173782
        ],
        [
            0.1474531590938568,
            0.009437762200832367,
            0.0019672513008117676
        ],
        [
            0.13335226476192474,
            0.09649498015642166,
            0.05795090273022652
        ],
        [
            0.13280515372753143,
            0.09496602416038513,
            0.060232773423194885
        ],
        [
            0.13242748379707336,
            0.03817398101091385,
            0.025289051234722137
        ],
        [
            0.10769707709550858,
            0.039723873138427734,
            0.05978264659643173
        ],
        [
            0.12567774951457977,
            0.033653080463409424,
            0.017222199589014053
        ],
        [
            0.16445252299308777,
            0.028684139251708984,
            0.04568808898329735
        ],
        [
            0.1685052067041397,
            0.03324303403496742,
            0.03920183703303337
        ],
        [
            0.17059831321239471,
            0.03774069994688034,
            0.04113469645380974
        ],
        [
            0.1699463129043579,
            0.03566392883658409,
            0.047003861516714096
        ],
        [
            0.1483132392168045,
            0.0833594873547554,
            0.05561111867427826
        ],
        [
            0.14335699379444122,
            0.08517548441886902,
            0.05250892788171768
        ],
        [
            0.14394880831241608,
            0.08615390956401825,
            0.05283869057893753
        ],
        [
            0.14962458610534668,
            0.08600813895463943,
            0.055352240800857544
        ],
        [
            0.12796492874622345,
            0.07204734534025192,
            0.055159587413072586
        ],
        [
            0.12273842096328735,
            0.07364401966333389,
            0.05817276984453201
        ],
        [
            0.12517715990543365,
            0.07682165503501892,
            0.05777646601200104
        ],
        [
            0.13044896721839905,
            0.07441401481628418,
            0.05549563467502594
        ],
        [
            0.12043063342571259,
            0.07435779273509979,
            0.06408388167619705
        ],
        [
            0.12296252697706223,
            0.07822595536708832,
            0.0639009177684784
        ],
        [
            0.15143026411533356,
            0.08429499715566635,
            0.06138710305094719
        ],
        [
            0.14995431900024414,
            0.0884040892124176,
            0.06796552240848541
        ],
        [
            0.14368414878845215,
            0.07253746688365936,
            0.07080215960741043
        ],
        [
            0.14586427807807922,
            0.07283847779035568,
            0.0631781816482544
        ],
        [
            0.12193147093057632,
            0.0017722100019454956,
            0.031188203021883965
        ],
        [
            0.1283424198627472,
            -0.002361476421356201,
            0.022891860455274582
        ],
        [
            0.13948670029640198,
            0.005860794335603714,
            0.029348935931921005
        ],
        [
            0.15102803707122803,
            0.012815572321414948,
            0.036319393664598465
        ],
        [
            0.16102048754692078,
            0.020771639421582222,
            0.042782217264175415
        ],
        [
            0.15466570854187012,
            0.02400360442698002,
            0.052996501326560974
        ],
        [
            0.14280281960964203,
            0.0027266256511211395,
            0.02237958274781704
        ],
        [
            0.14250893890857697,
            0.06130129471421242,
            0.06475993990898132
        ],
        [
            0.13879437744617462,
            0.06085170805454254,
            0.07190053164958954
        ],
        [
            0.14164452254772186,
            0.05630873143672943,
            0.06910544633865356
        ],
        [
            0.13069960474967957,
            0.031388260424137115,
            0.012071851640939713
        ],
        [
            0.13099943101406097,
            0.09315090626478195,
            0.062419988214969635
        ],
        [
            0.07763519138097763,
            0.0024365708231925964,
            0.027964305132627487
        ],
        [
            0.08737567067146301,
            -0.006464093923568726,
            0.0268557146191597
        ],
        [
            0.09112922102212906,
            0.00015955418348312378,
            0.031350743025541306
        ],
        [
            0.08045248687267303,
            0.01049128919839859,
            0.03180202096700668
        ],
        [
            0.1367710679769516,
            0.08835513889789581,
            0.05279713496565819
        ],
        [
            0.13186430931091309,
            0.09080953896045685,
            0.05651109665632248
        ],
        [
            0.1631271094083786,
            0.041843704879283905,
            0.03215489536523819
        ],
        [
            0.16618309915065765,
            0.045135896652936935,
            0.03664828836917877
        ],
        [
            0.16949759423732758,
            0.04281783103942871,
            0.037119269371032715
        ],
        [
            0.16916407644748688,
            0.040592942386865616,
            0.031076082959771156
        ],
        [
            0.13035786151885986,
            -0.004425890743732452,
            0.01756380870938301
        ],
        [
            0.1734611541032791,
            0.019607705995440483,
            0.02454458549618721
        ],
        [
            0.17014242708683014,
            0.01808425411581993,
            0.0350138321518898
        ],
        [
            0.11840706318616867,
            -0.009364154189825058,
            0.01760615035891533
        ],
        [
            0.11278830468654633,
            -0.006355408579111099,
            0.02516108751296997
        ],
        [
            0.1066487729549408,
            -0.012502245604991913,
            0.020527999848127365
        ],
        [
            0.15157446265220642,
            0.036364734172821045,
            0.061772532761096954
        ],
        [
            0.1185164749622345,
            0.006667129695415497,
            0.037657879292964935
        ],
        [
            0.10906364023685455,
            -0.0018897950649261475,
            0.030304308980703354
        ],
        [
            0.10154649615287781,
            -0.009024042636156082,
            0.02499181032180786
        ],
        [
            0.09674844145774841,
            -0.014902323484420776,
            0.021307669579982758
        ],
        [
            0.10281924903392792,
            -0.01803218573331833,
            0.01671259105205536
        ],
        [
            0.1446957290172577,
            0.09151070564985275,
            0.07059291005134583
        ],
        [
            0.1522136926651001,
            0.09340430796146393,
            0.06548991799354553
        ],
        [
            0.09878592193126678,
            -0.02555488795042038,
            0.013313520699739456
        ],
        [
            0.09202273190021515,
            -0.02126748487353325,
            0.018180031329393387
        ],
        [
            0.10370874404907227,
            0.0037488192319869995,
            0.03539472818374634
        ],
        [
            0.09696000814437866,
            0.01142943650484085,
            0.04013274610042572
        ],
        [
            0.1130647286772728,
            0.011994455009698868,
            0.0421304777264595
        ],
        [
            0.10707610845565796,
            0.02022801712155342,
            0.0477355495095253
        ],
        [
            0.14407891035079956,
            0.0370095819234848,
            0.07011895626783371
        ],
        [
            0.15340368449687958,
            0.10094138979911804,
            0.048281215131282806
        ],
        [
            0.15405473113059998,
            0.09370450675487518,
            0.05689501762390137
        ],
        [
            0.15109558403491974,
            0.08957353234291077,
            0.053704634308815
        ],
        [
            0.15292438864707947,
            0.09701822698116302,
            0.04643603414297104
        ],
        [
            0.15283642709255219,
            0.08839230239391327,
            0.059719301760196686
        ],
        [
            0.1524157077074051,
            0.09741459786891937,
            0.061285991221666336
        ],
        [
            0.09748689830303192,
            0.03164132311940193,
            0.05000856891274452
        ],
        [
            0.14261631667613983,
            0.06537310034036636,
            0.05709221959114075
        ],
        [
            0.08528383076190948,
            0.02447552978992462,
            0.03932352364063263
        ],
        [
            0.0894089937210083,
            0.04770626127719879,
            0.052653826773166656
        ],
        [
            0.08069406449794769,
            0.043241843581199646,
            0.042495712637901306
        ],
        [
            0.07227858901023865,
            0.01940278336405754,
            0.027935966849327087
        ],
        [
            0.07182156294584274,
            0.0347813256084919,
            0.030980929732322693
        ],
        [
            0.06732043623924255,
            0.004792235791683197,
            0.02102740854024887
        ],
        [
            0.07103729248046875,
            0.011261090636253357,
            0.025060400366783142
        ],
        [
            0.07208618521690369,
            0.050023309886455536,
            0.032180000096559525
        ],
        [
            0.13736635446548462,
            0.09517067670822144,
            0.04704734683036804
        ],
        [
            0.14280085265636444,
            0.09236951172351837,
            0.04571441560983658
        ],
