{
    "pred_cam": [
        6.304300308227539,
        -0.044489212334156036,
        -0.009288836270570755
    ],
    "pred_mano_params": {
        "global_orient": [
            [
                [
                    0.9408315420150757,
                    0.33633390069007874,
                    0.04141807556152344
                ],
                [
                    0.333525151014328,
                    -0.8974065780639648,
                    -0.28882935643196106
                ],
                [
                    -0.059974249452352524,
                    0.2855537533760071,
                    -0.9564842581748962
                ]
            ]
        ],
        "hand_pose": [
            [
                [
                    0.7097203135490417,
                    -0.6881505250930786,
                    -0.15081754326820374
                ],
                [
                    0.6664850115776062,
                    0.7252320647239685,
                    -0.17273133993148804
                ],
                [
                    0.2282429039478302,
                    0.022073304280638695,
                    0.973353922367096
                ]
            ],
            [
                [
                    0.7542141675949097,
                    -0.6386771202087402,
                    0.15248796343803406
                ],
                [
                    0.6529110670089722,
                    0.7047654986381531,
                    -0.27751174569129944
                ],
                [
                    0.0697721391916275,
                    0.3088643550872803,
                    0.9485434889793396
                ]
            ],
            [
                [
                    0.8754010200500488,
                    -0.4809592366218567,
                    0.04848999157547951
                ],
                [
                    0.47133979201316833,
                    0.8715248703956604,
                    0.1352154016494751
                ],
                [
                    -0.10729332268238068,
                    -0.09551243484020233,
                    0.9896289706230164
                ]
            ],
            [
                [
                    0.5725957155227661,
                    -0.797256350517273,
                    -0.19109289348125458
                ],
                [
                    0.8170243501663208,
                    0.5742072463035583,
                    0.052510201930999756
                ],
                [
                    0.06786281615495682,
                    -0.18619465827941895,
                    0.980166494846344
                ]
            ],
            [
                [
                    0.8360785245895386,
                    -0.49579161405563354,
                    -0.23486898839473724
                ],
                [
                    0.5359982848167419,
                    0.8294824957847595,
                    0.15705005824565887
                ],
                [
                    0.11695560812950134,
                    -0.25719553232192993,
                    0.9592559933662415
                ]
            ],
            [
                [
                    0.8767752647399902,
                    -0.44418033957481384,
                    0.18430672585964203
                ],
                [
                    0.4500081241130829,
                    0.8929533958435059,
                    0.011265795677900314
                ],
                [
                    -0.1695813536643982,
                    0.07306194305419922,
                    0.9828041791915894
                ]
            ],
            [
                [
                    0.33753687143325806,
                    -0.9300436973571777,
                    -0.1452159732580185
                ],
                [
                    0.5465021729469299,
                    0.06801196187734604,
                    0.8346914649009705
                ],
                [
                    -0.7664230465888977,
                    -0.3610999584197998,
                    0.5312274694442749
                ]
            ],
            [
                [
                    0.9477800130844116,
                    -0.2932516038417816,
                    -0.12536561489105225
                ],
                [
                    0.27549371123313904,
                    0.9508438110351562,
                    -0.14141850173473358
                ],
                [
                    0.1606743335723877,
                    0.09949619323015213,
                    0.9819797277450562
                ]
            ],
            [
                [
                    0.9711410999298096,
                    0.2114928662776947,
                    0.11025336384773254
                ],
                [
                    -0.23840703070163727,
                    0.874100923538208,
                    0.42321351170539856
                ],
                [
                    -0.006865921430289745,
                    -0.4372851550579071,
                    0.8992967009544373
                ]
            ],
            [
                [
                    0.24741578102111816,
                    -0.9659327864646912,
                    -0.07588998973369598
                ],
                [
                    0.9384083151817322,
                    0.2193932980298996,
                    0.266938716173172
                ],
                [
                    -0.24119509756565094,
                    -0.13726069033145905,
                    0.9607207179069519
                ]
            ],
            [
                [
                    0.9691076874732971,
                    -0.22809933125972748,
                    -0.09381336718797684
                ],
                [
                    0.24660837650299072,
                    0.8902741074562073,
                    0.3828789293766022
                ],
                [
                    -0.003814804833382368,
                    -0.3941860795021057,
                    0.9190226793289185
                ]
            ],
            [
                [
                    0.9045658111572266,
                    -0.33754462003707886,
                    0.2604312002658844
                ],
                [
                    0.2763209939002991,
                    0.9293665885925293,
                    0.24479474127292633
                ],
                [
                    -0.3246651887893677,
                    -0.14947034418582916,
                    0.9339439272880554
                ]
            ],
            [
                [
                    0.9310731887817383,
                    -0.25497564673423767,
                    -0.260940819978714
                ],
                [
                    -0.1960737556219101,
                    0.2534453570842743,
                    -0.9472699761390686
                ],
                [
                    0.307665079832077,
                    0.9331413507461548,
                    0.1859821379184723
                ]
            ],
            [
                [
                    0.9477880597114563,
                    -0.2936211824417114,
                    0.12443634867668152
                ],
                [
                    0.170172318816185,
                    0.7956720590591431,
                    0.5813323855400085
                ],
                [
                    -0.2697020173072815,
                    -0.5298042297363281,
                    0.804094672203064
                ]
            ],
            [
                [
                    0.9921205043792725,
                    0.09201204776763916,
                    -0.08503352850675583
                ],
                [
                    -0.11138582229614258,
                    0.9585043787956238,
                    -0.26241689920425415
                ],
                [
                    0.057359497994184494,
                    0.2698206901550293,
                    0.9612007141113281
                ]
            ]
        ],
        "betas": [
            0.02354009449481964,
            -0.0026119351387023926,
            0.015816837549209595,
            0.01102551817893982,
            -0.04842206835746765,
            -0.09409353882074356,
            -0.01014798879623413,
            -0.08893212676048279,
            0.014853328466415405,
            -0.0941191017627716
        ]
    },
    "pred_cam_t": [
        -0.044489212334156036,
        -0.009288836270570755,
        6.196167469024658
    ],
    "focal_length": [
        5000.0,
        5000.0
    ],
    "pred_keypoints_3d": [
        [
            0.09555728733539581,
            0.006364311091601849,
            0.006173600442707539
        ],
        [
            0.06876502186059952,
            0.0049073295667767525,
            -0.021477214992046356
        ],
        [
            0.03932783007621765,
            0.013409345410764217,
            -0.024427268654108047
        ],
        [
            0.01332370936870575,
            0.02071959339082241,
            -0.026434434577822685
        ],
        [
            -0.021069619804620743,
            0.029825229197740555,
            -0.031341470777988434
        ],
        [
            0.011894315481185913,
            -0.024272676557302475,
            -0.009763806127011776
        ],
        [
            -0.019491713494062424,
            -0.014314551837742329,
            -0.008703693747520447
        ],
        [
            -0.027308976277709007,
            0.006408511660993099,
            -0.009092429652810097
        ],
        [
            -0.02598276175558567,
            0.031050126999616623,
            -0.010841094888746738
        ],
        [
            0.00596792995929718,
            -0.022900573909282684,
            0.014657299034297466
        ],
        [
            -0.01983414590358734,
            -0.004618646577000618,
            0.016280528157949448
        ],
        [
            -0.025589654222130775,
            0.017776714637875557,
            0.014070148579776287
        ],
        [
            -0.02770976908504963,
            0.04119979590177536,
            0.004257649183273315
        ],
        [
            0.016303472220897675,
            -0.009619847871363163,
            0.03545195981860161
        ],
        [
            -0.000975513830780983,
            0.011610782705247402,
            0.02654167078435421
        ],
        [
            -0.004448396153748035,
            0.034848686307668686,
            0.0187090914696455
        ],
        [
            -0.007911435328423977,
            0.054319024085998535,
            0.0032388679683208466
        ],
        [
            0.025764472782611847,
            0.004849136807024479,
            0.04875912144780159
        ],
        [
            0.015657147392630577,
            0.019347263500094414,
            0.03723866865038872
        ],
        [
            0.010261064395308495,
            0.03451064974069595,
            0.027291901409626007
        ],
        [
            0.0015214039012789726,
            0.050749193876981735,
            0.01349516399204731
        ]
    ],
    "pred_vertices": [
        [
            0.044270679354667664,
            9.79490578174591e-05,
            -0.01013235468417406
        ],
        [
            0.05482982471585274,
            0.004522301256656647,
            -0.009539245627820492
        ],
        [
            0.04721752926707268,
            0.00551798939704895,
            -0.011717496439814568
        ],
        [
            0.03818277269601822,
            -0.00044138357043266296,
            -0.015166638419032097
        ],
        [
            0.060822561383247375,
            0.022295022383332253,
            -0.013177571818232536
        ],
        [
            0.06580084562301636,
            0.0247164499014616,
            -0.023768406361341476
        ],
        [
            0.04950673133134842,
            0.025685254484415054,
            -0.024080820381641388
        ],
        [
            0.047684989869594574,
            0.02442125603556633,
            -0.014263786375522614
        ],
        [
            0.032735589891672134,
            -0.0018282998353242874,
            -0.017774071544408798
        ],
        [
            0.039780229330062866,
            0.006999284029006958,
            -0.013374949805438519
        ],
        [
            0.03118475340306759,
            -0.0034734290093183517,
            -0.018366001546382904
        ],
        [
            0.02830691449344158,
            -0.017962947487831116,
            -0.022208234295248985
        ],
        [
            0.02766002155840397,
            -0.011738622561097145,
            -0.020612459629774094
        ],
        [
            0.023647518828511238,
            -0.02496267855167389,
            -0.021292587742209435
        ],
        [
            0.03657151758670807,
            -0.02413341961801052,
            -0.022487517446279526
        ],
        [
            0.02610616199672222,
            -0.032582033425569534,
            -0.016371168196201324
        ],
        [
            0.049259595572948456,
            -0.029741231352090836,
            0.002263529459014535
        ],
        [
            0.052469514310359955,
            -0.025576641783118248,
            0.01502301637083292
        ],
        [
            0.035621557384729385,
            -0.03079456463456154,
            0.018382275477051735
        ],
        [
            0.033943772315979004,
            -0.033577196300029755,
            0.004760366398841143
        ],
        [
            0.04335441812872887,
            -0.019010666757822037,
            0.03406808152794838
        ],
        [
            0.03826606273651123,
            -0.025690261274576187,
            0.02559240534901619
        ],
        [
            0.0555940680205822,
            -0.021655194461345673,
            0.022593313828110695
        ],
        [
            0.05933026224374771,
            -0.015610734932124615,
            0.029991624876856804
        ],
        [
            0.052222173660993576,
            0.004616882652044296,
            0.0020517148077487946
        ],
        [
            0.062197208404541016,
            0.008969569578766823,
            0.0012483159080147743
        ],
        [
            0.06048939749598503,
            0.0057602860033512115,
            -0.0035478975623846054
        ],
        [
            0.050458431243896484,
            0.0024766717106103897,
            -0.002816346939653158
        ],
        [
            0.029627293348312378,
            0.002298989798873663,
            -0.02492314949631691
        ],
        [
            0.04017983749508858,
            -0.008267302997410297,
            -0.02857932448387146
        ],
        [
            0.03460828959941864,
            -0.008517617359757423,
            -0.023365449160337448
        ],
        [
            0.027967412024736404,
            0.004972068592905998,
            -0.02023436315357685
        ],
        [
            0.08404000103473663,
            0.027785422280430794,
            0.00630496721714735
        ],
        [
            0.09738901257514954,
            0.02554522641003132,
            0.0051009682938456535
        ],
        [
            0.09718011319637299,
            0.023082761093974113,
            -0.00034371204674243927
        ],
        [
            0.08518383651971817,
            0.025123562663793564,
            0.0018819859251379967
        ],
        [
            0.08731739968061447,
            0.02069062925875187,
            -0.019844314083456993
        ],
        [
            0.09714173525571823,
            0.016906199976801872,
            -0.017531633377075195
        ],
        [
            0.10397955775260925,
            0.008180052042007446,
            -0.024249346926808357
        ],
        [
            0.09341336041688919,
            0.009463898837566376,
            -0.028040356934070587
        ],
        [
            0.07642360031604767,
            0.02292635291814804,
            -0.02236887253820896
        ],
        [
            0.08120021224021912,
            0.015385428443551064,
            -0.03176112473011017
        ],
        [
            0.06826161593198776,
            0.01914898119866848,
            -0.03293221816420555
        ],
        [
            0.050458069890737534,
            0.02145369164645672,
            -0.03207740932703018
        ],
        [
            0.09889154881238937,
            0.027852244675159454,
            0.017615757882595062
        ],
        [
            0.08927313983440399,
            0.030418414622545242,
            0.0202174112200737
        ],
        [
            -0.013509318232536316,
            -0.0042632948607206345,
            -0.01565084047615528
        ],
        [
            -0.012770243920385838,
            -0.002169273793697357,
            -0.009995009750127792
        ],
        [
            -0.009489386342465878,
            -0.004163013771176338,
            -0.01073796022683382
        ],
        [
            -0.010959994047880173,
            -0.006087096408009529,
            -0.016009433194994926
        ],
        [
            0.09681618958711624,
            0.016350500285625458,
            0.03420822694897652
        ],
        [
            0.09876386821269989,
            0.006653153337538242,
            0.036062631756067276
        ],
        [
            0.1051936224102974,
            0.010008832439780235,
            0.035472072660923004
        ],
        [
            0.10368727147579193,
            0.018553506582975388,
            0.031887926161289215
        ],
        [
            0.08775916695594788,
            0.013380784541368484,
            0.03724435716867447
        ],
        [
            0.08962719142436981,
            0.0023098113015294075,
            0.036314502358436584
        ],
        [
            -0.02340009994804859,
            -0.012382911518216133,
            -0.015949049964547157
        ],
        [
            -0.020142925903201103,
            -0.009415898472070694,
            -0.0187356099486351
        ],
        [
            -0.0175536647439003,
            -0.013615939766168594,
            -0.018445707857608795
        ],
        [
            -0.019750362262129784,
            -0.01705778017640114,
            -0.01492607407271862
        ],
        [
            0.030243882909417152,
            -0.006660116836428642,
            -0.017120471224188805
        ],
        [
            0.03480640426278114,
            -0.0031218938529491425,
            -0.010518532246351242
        ],
        [
            0.015809781849384308,
            -0.013106330297887325,
            -0.014052427373826504
        ],
        [
            0.022837907075881958,
            -0.009987995959818363,
            -0.011671716347336769
        ],
        [
            0.02350359968841076,
            -0.012815983034670353,
            -0.017817912623286247
        ],
        [
            0.017648693174123764,
            -0.016161203384399414,
            -0.01904948800802231
        ],
        [
            0.031640373170375824,
            -0.002098560333251953,
            0.008718788623809814
        ],
        [
            0.0425313264131546,
            0.00141192227602005,
            0.00687797274440527
        ],
        [
            0.039868682622909546,
            -0.0012569017708301544,
            0.0014067678712308407
        ],
        [
            0.02749856375157833,
            -0.004815056920051575,
            0.0016280352137982845
        ],
        [
            0.045417577028274536,
            0.009075300768017769,
            0.01837724819779396
        ],
        [
            0.0347883440554142,
            0.004447994753718376,
            0.019430603832006454
        ],
        [
            0.03798648715019226,
            0.009304281324148178,
            0.025721292942762375
        ],
        [
            0.0444793775677681,
            0.012679432518780231,
            0.023622293025255203
        ],
        [
            0.016873206943273544,
            -0.004981168545782566,
            0.01808134838938713
        ],
        [
            0.011982967145740986,
            -0.007451620884239674,
            0.018184980377554893
        ],
        [
            0.012876147404313087,
            -0.005707103293389082,
            0.020148102194070816
        ],
        [
            0.018334578722715378,
            -0.0033678021281957626,
            0.020786896347999573
        ],
        [
            0.11191338300704956,
            0.012201778590679169,
            0.0347818061709404
        ],
        [
            0.11027580499649048,
            0.019948570057749748,
            0.029022563248872757
        ],
        [
            0.04989124462008476,
            -0.00362962344661355,
            0.04851727560162544
        ],
        [
            0.05423997342586517,
            0.006686259992420673,
            0.049576204270124435
        ],
        [
            0.041448432952165604,
            0.006273641251027584,
            0.052778210490942
        ],
        [
            0.03966030478477478,
            -0.00596236577257514,
            0.05179152637720108
        ],
        [
            0.09851233661174774,
            -0.0029928386211395264,
            0.03228696435689926
        ],
        [
            0.10549817979335785,
            9.530782699584961e-05,
            0.03394511714577675
        ],
        [
            -0.025211632251739502,
            -0.013700822368264198,
            -0.010028211399912834
        ],
        [
            -0.02111482433974743,
            -0.01796136051416397,
            -0.008995509706437588
        ],
        [
            0.0717037171125412,
            0.006044980138540268,
            -0.037236716598272324
        ],
        [
            0.051005855202674866,
            0.012637695297598839,
            -0.03717971220612526
        ],
        [
            0.0873337835073471,
            0.0011358819901943207,
            -0.032931968569755554
        ],
        [
            0.09766671061515808,
            -0.002562563866376877,
            -0.027126682922244072
        ],
        [
            0.10685069859027863,
            -0.0038011018186807632,
            -0.023903271183371544
        ],
        [
            0.01994536817073822,
            -0.009192924946546555,
            -0.005813554860651493
        ],
        [
            0.04118140786886215,
            -0.0009403117001056671,
            -0.004335575737059116
        ],
        [
            0.053507111966609955,
            0.00703042559325695,
            0.006423775106668472
        ],
        [
            0.05494774132966995,
            0.02385391667485237,
            0.032195083796978
        ],
        [
            0.06434311717748642,
            0.027324842289090157,
            0.029927894473075867
        ],
        [
            0.05928583815693855,
            0.023166945204138756,
            0.02137901820242405
        ],
        [
            0.05226927623152733,
            0.02040770649909973,
            0.02535378187894821
        ],
        [
            0.052341461181640625,
            0.016479499638080597,
            0.047205228358507156
        ],
        [
            0.04869917407631874,
            0.020153257995843887,
            0.04104425385594368
        ],
        [
            0.041856296360492706,
            0.017791392281651497,
            0.042393580079078674
        ],
        [
            0.04295327141880989,
            0.014445492066442966,
            0.04915379360318184
        ],
        [
            0.03113730251789093,
            0.003854617476463318,
            -0.03196068853139877
        ],
        [
            0.04496507719159126,
            -0.006052226759493351,
            -0.033541835844516754
        ],
        [
            0.09422934800386429,
            0.02500007301568985,
            0.028629036620259285
        ],
        [
            0.10102897137403488,
            0.025264043360948563,
            0.02473464049398899
        ],
        [
            0.10936103761196136,
            0.024553891271352768,
            0.022853894159197807
        ],
        [
            0.07315611839294434,
            0.018386254087090492,
            0.0020026639103889465
        ],
        [
            0.08597429096698761,
            0.023371033370494843,
            -0.0013129375874996185
        ],
        [
            0.0849163606762886,
            0.021853113546967506,
            -0.0054368628188967705
        ],
        [
            0.07310687750577927,
            0.015458108857274055,
            -0.0006973501294851303
        ],
        [
            0.06440305709838867,
            0.011785000562667847,
            -0.008026834577322006
        ],
        [
            0.07341556996107101,
            0.020338278263807297,
            -0.012252474203705788
        ],
        [
            0.05427488684654236,
            0.014236610382795334,
            -0.0077960859052836895
        ],
        [
            0.0984477773308754,
            0.020188676193356514,
            -0.0080009326338768
        ],
        [
            0.10731802880764008,
            0.023613663390278816,
            -0.002160739153623581
        ],
        [
            0.10761513561010361,
            0.019482096657156944,
            -0.010046527720987797
        ],
        [
            0.10805284976959229,
            0.026074469089508057,
            0.007295109331607819
        ],
        [
            0.10867253690958023,
            0.026727672666311264,
            0.016148310154676437
        ],
        [
            0.11378630995750427,
            0.0004881601780653,
            0.03580765053629875
        ],
        [
            0.10724165290594101,
            0.014472000300884247,
            -0.01661336049437523
        ],
        [
            0.03851964324712753,
            0.024648241698741913,
            -0.01669582724571228
        ],
        [
            0.03024112991988659,
            0.025476796552538872,
            -0.019903868436813354
        ],
        [
            0.02850794978439808,
            0.019767919555306435,
            -0.015027905814349651
        ],
        [
            0.03623955696821213,
            0.01833907701075077,
            -0.01164722815155983
        ],
        [
            0.01599498838186264,
            -0.028706535696983337,
            -0.019667377695441246
        ],
        [
            0.016496090218424797,
            -0.021277377381920815,
            -0.021225472912192345
        ],
        [
            0.02403080463409424,
            -0.017939429730176926,
            -0.02200457826256752
        ],
        [
            0.07434460520744324,
            0.027403410524129868,
            0.012800858356058598
        ],
        [
            0.07921461015939713,
            0.02985723502933979,
            0.02424641326069832
        ],
        [
            0.012984579429030418,
            -0.012440367601811886,
            -0.00817875750362873
        ],
        [
            -0.01645638421177864,
            -0.02103293314576149,
            -0.01434937585145235
        ],
        [
            -0.014013394713401794,
            -0.01743808016180992,
            -0.01859685406088829
        ],
        [
            0.0022909478284418583,
            -0.024989353492856026,
            -0.01947031542658806
        ],
        [
            -0.0005409684963524342,
            -0.029381800442934036,
            -0.014718350023031235
        ],
        [
            0.006161288823932409,
            -0.016129102557897568,
            -0.0017194884130731225
        ],
        [
            0.009668083861470222,
            -0.012792653404176235,
            -0.0070049031637609005
        ],
        [
            0.007850789465010166,
            -0.012997400015592575,
            -0.0059197526425123215
        ],
        [
            0.004227206110954285,
            -0.014116858132183552,
            -0.0004182969278190285
        ],
        [
            0.018403448164463043,
            -0.0006638970226049423,
            0.025681685656309128
        ],
        [
            0.022696558386087418,
            0.0014990316703915596,
            0.02624860219657421
        ],
        [
            0.017889587208628654,
            -0.03325105458498001,
            0.006650209426879883
        ],
        [
            0.019276879727840424,
            -0.03971291333436966,
            -0.005466724280267954
        ],
        [
            0.03155073523521423,
            -0.03603055700659752,
            -0.007228627800941467
        ],
        [
            0.034222207963466644,
            0.0014701690524816513,
            0.014747828245162964
        ],
        [
            0.02468697726726532,
            -0.0013563856482505798,
            0.01700505055487156
        ],
        [
            0.025981316342949867,
            0.00044934917241334915,
            0.02041643112897873
        ],
        [
            0.016981404274702072,
            -0.00973475817590952,
            -0.0021482883021235466
        ],
        [
            0.010982946492731571,
            -0.01279244665056467,
            -0.0024567507207393646
        ],
        [
            0.013119526207447052,
            -0.01156555488705635,
            0.001422822941094637
        ],
        [
            0.01918730139732361,
            -0.007946200668811798,
            0.0023630892392247915
        ],
        [
            0.06694583594799042,
            0.008500550873577595,
            0.046200841665267944
        ],
        [
            0.06420568376779556,
            0.019791804254055023,
            0.04399348795413971
        ],
        [
            -0.016360122710466385,
            -0.006661206483840942,
            -0.018679095432162285
        ],
        [
            -0.013964354060590267,
            -0.009612323716282845,
            -0.018854131922125816
        ],
        [
            0.044804517179727554,
            0.004902087152004242,
            0.012757434509694576
        ],
        [
            0.045236922800540924,
            -0.030120978131890297,
            -0.00900259893387556
        ],
        [
            0.054767053574323654,
            0.009920114651322365,
            0.010926926508545876
        ],
        [
            0.02449147403240204,
            -0.00987883098423481,
            0.04143882170319557
        ],
        [
            0.023037303239107132,
            -0.0014764233492314816,
            0.03990081697702408
        ],
        [
            0.019817883148789406,
            -0.0002216198481619358,
            0.037985630333423615
        ],
        [
            0.018109019845724106,
            -0.005496910773217678,
            0.039508670568466187
        ],
        [
            -0.008988039568066597,
            -0.009280277416110039,
            0.00024054793175309896
        ],
        [
            -0.007575414143502712,
            -0.005822476930916309,
            -0.0043337102979421616
        ],
        [
            -0.009984655305743217,
            -0.00427633710205555,
            -0.004488784354180098
        ],
        [
            -0.012597810477018356,
            -0.007226012647151947,
            -7.912283763289452e-06
        ],
        [
            0.011375963687896729,
            -0.013019290752708912,
            -0.012688616290688515
        ],
        [
            0.012122037820518017,
            -0.01589909940958023,
            -0.01832042634487152
        ],
        [
            0.007461451459676027,
            -0.014184495434165001,
            -0.017017684876918793
        ],
        [
            0.007611223496496677,
            -0.012602437287569046,
            -0.011139444075524807
        ],
        [
            0.010617373511195183,
            -0.021294815465807915,
            -0.020581882447004318
        ],
        [
            0.005496692843735218,
            -0.019474852830171585,
            -0.02013649046421051
        ],
        [
            -0.012192850932478905,
            -0.01467987336218357,
            0.0016914962325245142
        ],
        [
            -0.01593477465212345,
            -0.02006159909069538,
            -0.0020334261935204268
        ],
        [
            -0.0012566521763801575,
            -0.027232708409428596,
            -0.0006073389668017626
        ],
        [
            -0.00035835616290569305,
            -0.01978364586830139,
            0.0018603159114718437
        ],
        [
            0.07447123527526855,
            -0.013890936970710754,
            0.027177220210433006
        ],
        [
            0.0764051005244255,
            -0.006461749318987131,
            0.035261936485767365
        ],
        [
            0.06136656180024147,
            -0.008219282142817974,
            0.03851675987243652
        ],
        [
            0.04634168744087219,
            -0.010614180937409401,
            0.0428893119096756
        ],
        [
            0.032182320952415466,
            -0.012127401307225227,
            0.04522939398884773
        ],
        [
            0.029992472380399704,
            -0.021940147504210472,
            0.0381617546081543
        ],
        [
            0.0640895664691925,
            -0.0020915823988616467,
            0.0434393435716629
        ],
        [
            0.008245877921581268,
            -0.022948434576392174,
            0.0036466936580836773
        ],
        [
            0.00927523709833622,
            -0.0311904139816761,
            0.0008219520095735788
        ],
        [
            0.010928265750408173,
            -0.028542907908558846,
            0.005632008425891399
        ],
        [
            0.05519605427980423,
            0.01485464721918106,
            0.016536153852939606
        ],
        [
            -0.01107197254896164,
            -0.013029645197093487,
            -0.019557489082217216
        ],
        [
            0.10122103989124298,
            -0.018419776111841202,
            -0.007956449873745441
        ],
        [
            0.10257258266210556,
            -0.01848890632390976,
            0.005851514171808958
        ],
        [
            0.09404411911964417,
            -0.019824864342808723,
            0.004096741788089275
        ],
        [
            0.09191210567951202,
            -0.018752343952655792,
            -0.011981256306171417
        ],
        [
            -0.007254605181515217,
            -0.005375828593969345,
            -0.011353063397109509
        ],
        [
            -0.008114947006106377,
            -0.007958682253956795,
            -0.01716589741408825
        ],
        [
            0.023485081270337105,
            0.005841154605150223,
            0.0307457335293293
        ],
        [
            0.019516319036483765,
            0.003113587386906147,
            0.030038686469197273
        ],
        [
            0.020286966115236282,
            0.00400681933388114,
            0.03308890014886856
        ],
        [
            0.022942721843719482,
            0.007978806272149086,
            0.03417963534593582
        ],
        [
            0.07853464037179947,
            -0.001829545944929123,
            0.0385081022977829
        ],
        [
            0.03363779932260513,
            0.011413803324103355,
            0.05154130980372429
        ],
        [
            0.031354889273643494,
            -0.0010969920549541712,
            0.05128077045083046
        ],
        [
            0.08924499899148941,
            -0.005337280221283436,
            0.0322086475789547
        ],
        [
            0.08786620199680328,
            -0.012335363775491714,
            0.02552056685090065
        ],
        [
            0.09753287583589554,
            -0.011052999645471573,
            0.02493099868297577
        ],
        [
            0.021155811846256256,
            -0.026062671095132828,
            0.026485871523618698
        ],
        [
            0.07087106257677078,
            -0.01885329559445381,
            0.021026577800512314
        ],
        [
            0.08518458157777786,
            -0.016319481655955315,
            0.019540468230843544
        ],
        [
            0.0966019257903099,
            -0.014969605021178722,
            0.01857186108827591
        ],
        [
            0.10489906370639801,
            -0.01432912889868021,
            0.01879989728331566
        ],
        [
            0.10504224896430969,
            -0.009939152747392654,
            0.025666607543826103
        ],
        [
            -0.016999881714582443,
            -0.021460210904479027,
            -0.008021327666938305
        ],
        [
            -0.020705144852399826,
            -0.01618742197751999,
            -0.0021324758417904377
        ],
        [
            0.11389804631471634,
            -0.009933645837008953,
            0.027506740763783455
        ],
        [
            0.11324131488800049,
            -0.01430998183786869,
            0.019349195063114166
        ],
        [
            0.082651786506176,
            -0.020163357257843018,
            0.011516858823597431
        ],
        [
            0.07920902222394943,
            -0.02331971563398838,
            0.0005088943289592862
        ],
        [
            0.06886820495128632,
            -0.022266589105129242,
            0.013165775686502457
        ],
        [
            0.0645408034324646,
            -0.025875302031636238,
            0.0028025794308632612
        ],
        [
            0.022680023685097694,
            -0.03503978252410889,
            0.019591040909290314
        ],
        [
            -0.029296688735485077,
            0.0006377920508384705,
            -0.0017350309062749147
        ],
        [
            -0.02231663092970848,
            -0.008038274943828583,
            0.0003958533052355051
        ],
        [
            -0.017496511340141296,
            -0.004737576469779015,
            -6.246112752705812e-05
        ],
        [
            -0.025655390694737434,
            0.0024929270148277283,
            -0.00038974976632744074
        ],
        [
            -0.016451112926006317,
            -0.011508896946907043,
            0.0011877751676365733
        ],
        [
            -0.0248868390917778,
            -0.01176801510155201,
            -0.0031524603255093098
        ],
        [
            0.059873316437006,
            -0.025420676916837692,
            -0.012170594185590744
        ],
        [
            0.007979147136211395,
            -0.014530781656503677,
            0.001631858292967081
        ],
        [
            0.07469792664051056,
            -0.01972920075058937,
            -0.018315091729164124
        ],
        [
            0.049114909023046494,
            -0.021983429789543152,
            -0.02520636096596718
        ],
        [
            0.059202488511800766,
            -0.014935129322111607,
            -0.030186383053660393
        ],
        [
            0.08944462984800339,
            -0.012266110628843307,
            -0.025680243968963623
        ],
        [
            0.07349367439746857,
            -0.007963953539729118,
