{
    "pred_cam": [
        9.893941879272461,
        -0.15806841850280762,
        -0.05701819807291031
    ],
    "pred_mano_params": {
        "global_orient": [
            [
                [
                    -0.2614792585372925,
                    -0.9500604271888733,
                    0.1703343540430069
                ],
                [
                    -0.5469812750816345,
                    0.0004523568495642394,
                    -0.8371447324752808
                ],
                [
                    0.795261025428772,
                    -0.3120656907558441,
                    -0.5197834968566895
                ]
            ]
        ],
        "hand_pose": [
            [
                [
                    0.6614689230918884,
                    -0.6495043635368347,
                    -0.3749707043170929
                ],
                [
                    0.6463347673416138,
                    0.7472984790802002,
                    -0.15426073968410492
                ],
                [
                    0.38040804862976074,
                    -0.1403179168701172,
                    0.9141119718551636
                ]
            ],
            [
                [
                    0.9963132739067078,
                    -0.03585625812411308,
                    0.07793618738651276
                ],
                [
                    0.04846067354083061,
                    0.9848672151565552,
                    -0.16639745235443115
                ],
                [
                    -0.07079041749238968,
                    0.16956084966659546,
                    0.9829738736152649
                ]
            ],
            [
                [
                    0.861983597278595,
                    -0.5065485239028931,
                    -0.01982111483812332
                ],
                [
                    0.48319363594055176,
                    0.8328099250793457,
                    -0.27009543776512146
                ],
                [
                    0.15332365036010742,
                    0.22324039041996002,
                    0.962629497051239
                ]
            ],
            [
                [
                    0.6827417612075806,
                    -0.6347886323928833,
                    -0.361810564994812
                ],
                [
                    0.6299435496330261,
                    0.7622758150100708,
                    -0.1486833691596985
                ],
                [
                    0.37018194794654846,
                    -0.12640784680843353,
                    0.9203185439109802
                ]
            ],
            [
                [
                    0.9669327139854431,
                    -0.24293535947799683,
                    -0.07761099189519882
                ],
                [
                    0.2550303041934967,
                    0.9201756715774536,
                    0.2970459759235382
                ],
                [
                    -0.0007472078432328999,
                    -0.30701667070388794,
                    0.9517038464546204
                ]
            ],
            [
                [
                    0.7972224950790405,
                    -0.5619515776634216,
                    -0.22055983543395996
                ],
                [
                    0.5939717292785645,
                    0.7954457402229309,
                    0.12026502937078476
                ],
                [
                    0.1078602522611618,
                    -0.22688430547714233,
                    0.9679306149482727
                ]
            ],
            [
                [
                    0.2860493063926697,
                    -0.8263081312179565,
                    0.48517081141471863
                ],
                [
                    0.7441668510437012,
                    0.5105422139167786,
                    0.43076953291893005
                ],
                [
                    -0.6036485433578491,
                    0.23782671988010406,
                    0.7609513998031616
                ]
            ],
            [
                [
                    0.9274125099182129,
                    -0.17976166307926178,
                    -0.3280118703842163
                ],
                [
                    0.2733573913574219,
                    0.9243067502975464,
                    0.2663322687149048
                ],
                [
                    0.25530722737312317,
                    -0.3366643190383911,
                    0.9063528180122375
                ]
            ],
            [
                [
                    0.7880512475967407,
                    -0.6034796833992004,
                    0.1216040700674057
                ],
                [
                    0.5950040817260742,
                    0.7973451614379883,
                    0.10104860365390778
                ],
                [
                    -0.15794119238853455,
                    -0.007276556454598904,
                    0.9874216914176941
                ]
            ],
            [
                [
                    0.5702484846115112,
                    -0.8214136958122253,
                    -0.009809715673327446
                ],
                [
                    0.8153672814369202,
                    0.5674233436584473,
                    -0.1149216890335083
                ],
                [
                    0.09996450692415237,
                    0.05753539502620697,
                    0.9933261275291443
                ]
            ],
            [
                [
                    0.945304811000824,
                    -0.3026672303676605,
                    -0.12161952257156372
                ],
                [
                    0.3256065547466278,
                    0.8533195853233337,
                    0.4072173833847046
                ],
                [
                    -0.019471028819680214,
                    -0.42454469203948975,
                    0.9051975607872009
                ]
            ],
            [
                [
                    0.7719973921775818,
                    -0.5004811882972717,
                    -0.39184004068374634
                ],
                [
                    0.5966140031814575,
                    0.7831934690475464,
                    0.1750989705324173
                ],
                [
                    0.2192528396844864,
                    -0.3689531981945038,
                    0.9032173752784729
                ]
            ],
            [
                [
                    0.9890668988227844,
                    0.08942942321300507,
                    -0.1172565296292305
                ],
                [
                    -0.1460297852754593,
                    0.7047222256660461,
                    -0.6942923665046692
                ],
                [
                    0.02054312266409397,
                    0.7038244605064392,
                    0.7100768089294434
                ]
            ],
            [
                [
                    0.8902839422225952,
                    -0.2529975473880768,
                    -0.378664493560791
                ],
                [
                    0.40977662801742554,
                    0.8078068494796753,
                    0.4237111806869507
                ],
                [
                    0.19868990778923035,
                    -0.5323910713195801,
                    0.8228499293327332
                ]
            ],
            [
                [
                    0.9219867587089539,
                    0.35664868354797363,
                    -0.15080487728118896
                ],
                [
                    -0.3581053614616394,
                    0.9335013628005981,
                    0.018325721845030785
                ],
                [
                    0.14731238782405853,
                    0.037107959389686584,
                    0.9883937239646912
                ]
            ]
        ],
        "betas": [
            -0.05884271860122681,
            -0.02993398904800415,
            -0.08670100569725037,
            -0.00344887375831604,
            0.03765031695365906,
            0.019163239747285843,
            0.07132333517074585,
            -0.06712809205055237,
            0.027091026306152344,
            0.003745168447494507
        ]
    },
    "pred_cam_t": [
        -0.15806841850280762,
        -0.05701819807291031,
        3.948122978210449
    ],
    "focal_length": [
        5000.0,
        5000.0
    ],
    "pred_keypoints_3d": [
        [
            0.09604053199291229,
            0.006405310705304146,
            0.006221584510058165
        ],
        [
            0.12153135985136032,
            -0.0020342469215393066,
            -0.021567892283201218
        ],
        [
            0.14259397983551025,
            -0.0041871387511491776,
            -0.044024888426065445
        ],
        [
            0.15809187293052673,
            0.00837080366909504,
            -0.06249362975358963
        ],
        [
            0.16666264832019806,
            0.023186732083559036,
            -0.09459253400564194
        ],
        [
            0.1276361048221588,
            0.03744233399629593,
            -0.07325529307126999
        ],
        [
            0.14997972548007965,
            0.060442227870225906,
            -0.08174234628677368
        ],
        [
            0.16780658066272736,
            0.07368979603052139,
            -0.0838395282626152
        ],
        [
            0.18902790546417236,
            0.08602355420589447,
            -0.07564909011125565
        ],
        [
            0.1217016652226448,
            0.061215706169605255,
            -0.06710413098335266
        ],
        [
            0.14077235758304596,
            0.0866188257932663,
            -0.06912729144096375
        ],
        [
            0.15965162217617035,
            0.09958302229642868,
            -0.06446883827447891
        ],
        [
            0.181783527135849,
            0.10395878553390503,
            -0.05173444747924805
        ],
        [
            0.11668015271425247,
            0.07366244494915009,
            -0.04387539625167847
        ],
        [
            0.14035944640636444,
            0.08997108042240143,
            -0.047374747693538666
        ],
        [
            0.16154807806015015,
            0.09804747998714447,
            -0.0371030792593956
        ],
        [
            0.17718127369880676,
            0.09875798970460892,
            -0.016315240412950516
        ],
        [
            0.11620169132947922,
            0.08041826635599136,
            -0.023067206144332886
        ],
        [
            0.1364070475101471,
            0.08575985580682755,
            -0.02660730667412281
        ],
        [
            0.15352827310562134,
            0.09179207682609558,
            -0.020873773843050003
        ],
        [
            0.16697871685028076,
            0.091206856071949,
            -0.00966849084943533
        ]
    ],
    "pred_vertices": [
        [
            0.1282828003168106,
            0.020143302157521248,
            -0.03682008013129234
        ],
        [
            0.12737171351909637,
            0.015169139951467514,
            -0.02758556604385376
        ],
        [
            0.13467279076576233,
            0.013395637273788452,
            -0.03526850789785385
        ],
        [
            0.13426026701927185,
            0.017346598207950592,
            -0.044100526720285416
        ],
        [
            0.13949038088321686,
            0.0016445480287075043,
            -0.017429158091545105
        ],
        [
            0.13920453190803528,
            -0.010541440919041634,
            -0.016020581126213074
        ],
        [
            0.14910154044628143,
            -0.007879748940467834,
            -0.029972176998853683
        ],
        [
            0.14879725873470306,
            0.0020423680543899536,
            -0.028197716921567917
        ],
        [
            0.1373923122882843,
            0.0148635134100914,
            -0.05082346126437187
        ],
        [
            0.14034503698349,
            0.01200074702501297,
            -0.04125472903251648
        ],
        [
            0.13522616028785706,
            0.011800099164247513,
            -0.05345705896615982
        ],
        [
            0.12760818004608154,
            0.01467837393283844,
            -0.06460833549499512
        ],
        [
            0.13276821374893188,
            0.017732884734869003,
            -0.05999549478292465
        ],
        [
            0.1250409185886383,
            0.019704187288880348,
            -0.07153154164552689
        ],
        [
            0.1173424944281578,
            0.010032894089818,
            -0.0628756657242775
        ],
        [
            0.11574806272983551,
            0.022513501346111298,
            -0.07292492687702179
        ],
        [
            0.09753802418708801,
            0.0265041533857584,
            -0.04892544448375702
        ],
        [
            0.09367954730987549,
            0.03555550053715706,
            -0.039476022124290466
        ],
        [
            0.0982748419046402,
            0.04675987735390663,
            -0.05210398510098457
        ],
        [
            0.10265261679887772,
            0.03651087358593941,
            -0.06019873544573784
        ],
        [
            0.09583170711994171,
            0.05594171583652496,
            -0.03333822637796402
        ],
        [
            0.09735656529664993,
            0.0514892041683197,
            -0.044322412461042404
        ],
        [
            0.09157834947109222,
            0.040299687534570694,
            -0.03204375132918358
        ],
        [
            0.09079501032829285,
            0.04467640072107315,
            -0.022747162729501724
        ],
        [
            0.12086383998394012,
            0.02674698270857334,
            -0.023634087294340134
        ],
        [
            0.11898478120565414,
            0.021483194082975388,
            -0.014411859214305878
        ],
        [
            0.12069358676671982,
            0.018783889710903168,
            -0.019437149167060852
        ],
        [
            0.12272980064153671,
            0.02366574853658676,
            -0.028008826076984406
        ],
        [
            0.13768501579761505,
            0.0032588597387075424,
            -0.055369604378938675
        ],
        [
            0.12700966000556946,
            -0.0018318220973014832,
            -0.054286226630210876
        ],
        [
            0.129439577460289,
            0.0057078637182712555,
            -0.05591272562742233
        ],
        [
            0.1405792236328125,
            0.007610533386468887,
            -0.052957430481910706
        ],
        [
            0.11777643114328384,
            0.014124434441328049,
            0.013866536319255829
        ],
        [
            0.10939167439937592,
            0.005578216165304184,
            0.020236976444721222
        ],
        [
            0.1100558489561081,
            0.0011052079498767853,
            0.016449488699436188
        ],
        [
            0.11711210757493973,
            0.010038893669843674,
            0.01123502105474472
        ],
        [
            0.12149678170681,
            -0.011454541236162186,
            0.0008547306060791016
        ],
        [
            0.11205989122390747,
            -0.013554960489273071,
            0.005933977663516998
        ],
        [
            0.104066863656044,
            -0.024098701775074005,
            0.0017256885766983032
        ],
        [
            0.11095160990953445,
            -0.022560151293873787,
            -0.005884498357772827
        ],
        [
            0.13122066855430603,
            -0.010817192494869232,
            -0.007152274250984192
        ],
        [
            0.12327557057142258,
            -0.021594490855932236,
            -0.01187937706708908
        ],
        [
            0.1335574984550476,
            -0.019723255187273026,
            -0.020721182227134705
        ],
        [
            0.1449115127325058,
            -0.014985218644142151,
            -0.034584131091833115
        ],
        [
            0.10502677410840988,
            0.01533350721001625,
            0.027437914162874222
        ],
        [
            0.11102397739887238,
            0.022938501089811325,
            0.024090517312288284
        ],
        [
            0.16013166308403015,
            0.05654117092490196,
            -0.0802786648273468
        ],
        [
            0.15920311212539673,
            0.06026735156774521,
            -0.07585658878087997
        ],
        [
            0.1559501737356186,
            0.05602702498435974,
            -0.07476461678743362
        ],
        [
            0.15713214874267578,
            0.05335402116179466,
            -0.07980795949697495
        ],
        [
            0.0909985825419426,
            0.02967556193470955,
            0.024197205901145935
        ],
        [
            0.08209113776683807,
            0.02967999503016472,
            0.019406363368034363
        ],
        [
            0.08120173215866089,
            0.02584027498960495,
            0.02557634562253952
        ],
        [
            0.08974134176969528,
            0.02409737929701805,
            0.02919972687959671
        ],
        [
            0.09269829094409943,
            0.03701021522283554,
            0.017567429691553116
        ],
        [
            0.08397440612316132,
            0.03464735671877861,
            0.010745514184236526
        ],
        [
            0.15498708188533783,
            0.06146499514579773,
            -0.0909503847360611
        ],
        [
            0.15816761553287506,
            0.05791890621185303,
            -0.08888851851224899
        ],
        [
            0.15359866619110107,
            0.05522829294204712,
            -0.08906152099370956
        ],
        [
            0.1499122977256775,
            0.05878522992134094,
            -0.09004315733909607
        ],
        [
            0.1337185502052307,
            0.0209824088960886,
            -0.05298604071140289
        ],
        [
            0.13076162338256836,
            0.025014055892825127,
            -0.044765014201402664
        ],
        [
            0.13559183478355408,
            0.03160741180181503,
            -0.06535099446773529
        ],
        [
            0.13274149596691132,
            0.030359135940670967,
            -0.057318855077028275
        ],
        [
            0.13305708765983582,
            0.024335172027349472,
            -0.06150418892502785
        ],
        [
            0.13443979620933533,
            0.026539845392107964,
            -0.0683387815952301
        ],
        [
            0.12485086917877197,
            0.04329700395464897,
            -0.038770146667957306
        ],
        [
            0.12195069342851639,
            0.03587067127227783,
            -0.030191514641046524
        ],
        [
            0.12389250099658966,
            0.03261812776327133,
            -0.0356944315135479
        ],
        [
            0.12815715372562408,
            0.03946147859096527,
            -0.04583379998803139
        ],
        [
            0.12102898955345154,
            0.04451946169137955,
            -0.018896404653787613
        ],
        [
            0.12345536053180695,
            0.051115479320287704,
            -0.028394527733325958
        ],
        [
            0.12249716371297836,
            0.055229101330041885,
            -0.020830146968364716
        ],
        [
            0.12197981029748917,
            0.04979328066110611,
            -0.015127468854188919
        ],
        [
            0.1275947242975235,
            0.05917922034859657,
            -0.046828560531139374
        ],
        [
            0.12831555306911469,
            0.0623701810836792,
            -0.051903136074543
        ],
        [
            0.12943246960639954,
            0.06575152277946472,
            -0.048629745841026306
        ],
        [
            0.12687431275844574,
            0.061343856155872345,
            -0.04360858350992203
        ],
        [
            0.0793495625257492,
            0.02169903740286827,
            0.03106961026787758
        ],
        [
            0.0882953330874443,
            0.018182244151830673,
            0.033266812562942505
        ],
        [
            0.09654706716537476,
            0.06603866815567017,
            -0.013647649437189102
        ],
        [
            0.10116646438837051,
            0.06597429513931274,
            -0.0033055879175662994
        ],
        [
            0.10443638265132904,
            0.07721558958292007,
            -0.011252950876951218
        ],
        [
            0.0979241132736206,
            0.07464319467544556,
            -0.020856186747550964
        ],
        [
            0.07678256183862686,
            0.02613489329814911,
            0.011178642511367798
        ],
        [
            0.074453204870224,
            0.023864518851041794,
            0.018347714096307755
        ],
        [
            0.15177881717681885,
            0.06660518050193787,
            -0.08961424231529236
        ],
        [
            0.14703181385993958,
            0.06350228190422058,
            -0.08767709881067276
        ],
        [
            0.12141481786966324,
            -0.02284020557999611,
            -0.026269301772117615
        ],
        [
            0.13752961158752441,
            -0.017847590148448944,
            -0.03997286036610603
        ],
        [
            0.10867917537689209,
            -0.023672394454479218,
            -0.016395851969718933
        ],
        [
            0.09960921853780746,
            -0.023380551487207413,
            -0.009881824254989624
        ],
        [
            0.09348443150520325,
            -0.02577069029211998,
            -0.003949746489524841
        ],
        [
            0.1324450522661209,
            0.03683358058333397,
            -0.05643390119075775
        ],
        [
            0.12597650289535522,
            0.027055058628320694,
            -0.03680872544646263
        ],
        [
            0.11990972608327866,
            0.029760053381323814,
            -0.019580654799938202
        ],
        [
            0.12057211250066757,
            0.051817234605550766,
            0.002261705696582794
        ],
        [
            0.11874363571405411,
            0.044692203402519226,
            0.00978478416800499
        ],
        [
            0.12208306044340134,
            0.04009835049510002,
            0.0006072483956813812
        ],
        [
            0.12242953479290009,
            0.04732712730765343,
            -0.00428549200296402
        ],
        [
            0.11012320965528488,
            0.06595931202173233,
            0.0010885857045650482
        ],
        [
            0.11757384240627289,
            0.06313176453113556,
            -0.0011972635984420776
        ],
        [
            0.11828235536813736,
            0.0697150006890297,
            -0.007117733359336853
        ],
        [
            0.11160941421985626,
            0.07454182207584381,
            -0.006084106862545013
        ],
        [
            0.13836000859737396,
            -0.0038306713104248047,
            -0.05770576745271683
        ],
        [
            0.1263759732246399,
            -0.009146492928266525,
            -0.052246175706386566
        ],
        [
            0.1009863018989563,
            0.026896122843027115,
            0.026554062962532043
        ],
        [
            0.09902823716402054,
            0.019931625574827194,
            0.029586061835289
        ],
        [
            0.09472436457872391,
            0.013780239969491959,
            0.033622805029153824
        ],
        [
            0.11924505978822708,
            0.01681789755821228,
            -0.0006777793169021606
        ],
        [
            0.11683077365159988,
            0.007163498550653458,
            0.00945967435836792
        ],
        [
            0.11839884519577026,
            0.004425048828125,
            0.0063498616218566895
        ],
        [
            0.11888657510280609,
            0.015126369893550873,
            -0.0034685060381889343
        ],
        [
            0.12886284291744232,
            0.010926943272352219,
            -0.016773328185081482
        ],
        [
            0.12975017726421356,
            0.0020798705518245697,
            -0.006508961319923401
        ],
        [
            0.13749565184116364,
            0.010836800560355186,
            -0.02533293515443802
        ],
        [
            0.11041522026062012,
            -0.0060417428612709045,
            0.012595854699611664
        ],
        [
            0.10573248565196991,
            -0.006009381264448166,
            0.02256375551223755
        ],
        [
            0.10579481720924377,
            -0.013050004839897156,
            0.017088495194911957
        ],
        [
            0.10308971256017685,
            0.0016389191150665283,
            0.028157062828540802
        ],
        [
            0.09947790950536728,
            0.008714370429515839,
            0.032271966338157654
        ],
        [
            0.0693434327840805,
            0.0208747461438179,
            0.02452598512172699
        ],
        [
            0.10473169386386871,
            -0.01870473474264145,
            0.010940931737422943
        ],
        [
            0.1536320596933365,
            0.0021118130534887314,
            -0.03678311035037041
        ],
        [
            0.15688540041446686,
            0.003455154597759247,
            -0.044411800801754
        ],
        [
            0.15244796872138977,
            0.00907084345817566,
            -0.04468151926994324
        ],
        [
            0.14915309846401215,
            0.008321225643157959,
            -0.0387338325381279
        ],
        [
            0.12601575255393982,
            0.026827389374375343,
            -0.07820785790681839
        ],
        [
            0.13212817907333374,
            0.025257475674152374,
            -0.07366271317005157
        ],
        [
            0.13066519796848297,
            0.01951827108860016,
            -0.06667228043079376
        ],
        [
            0.12023505568504333,
            0.024785015732049942,
            0.009867943823337555
        ],
        [
            0.11457272619009018,
            0.03179600462317467,
            0.018834389746189117
        ],
        [
            0.13511385023593903,
            0.037859492003917694,
            -0.06414026767015457
        ],
        [
            0.1451112926006317,
            0.05637308210134506,
            -0.08935461938381195
        ],
        [
            0.14909526705741882,
            0.052140772342681885,
            -0.08843304961919785
        ],
        [
            0.13607455790042877,
            0.03797541558742523,
            -0.08381902426481247
        ],
        [
            0.13190561532974243,
            0.04331023991107941,
            -0.08552637696266174
        ],
        [
            0.13337306678295135,
            0.04741997644305229,
            -0.06752070784568787
        ],
        [
            0.13607069849967957,
            0.04064055532217026,
            -0.065573550760746
        ],
        [
            0.13641798496246338,
            0.043022025376558304,
            -0.06598711758852005
        ],
        [
            0.1349276751279831,
            0.04952825978398323,
            -0.06571373343467712
        ],
        [
            0.12748625874519348,
            0.06846799701452255,
            -0.039902426302433014
        ],
        [
            0.12546969950199127,
            0.06438827514648438,
            -0.03557223081588745
        ],
        [
            0.11131051927804947,
            0.046837955713272095,
            -0.06943345069885254
        ],
        [
            0.1104164719581604,
            0.03624863550066948,
            -0.07721973210573196
        ],
        [
            0.10669805109500885,
            0.02757590264081955,
            -0.06790698319673538
        ],
        [
            0.12349898368120193,
            0.04720044136047363,
            -0.032491087913513184
        ],
        [
            0.12602598965168,
            0.054289329797029495,
            -0.03964485973119736
        ],
        [
            0.12523899972438812,
            0.05675743892788887,
            -0.03635368496179581
        ],
        [
            0.13220658898353577,
            0.0415639728307724,
            -0.0572940930724144
        ],
        [
            0.13356700539588928,
            0.04391423240303993,
            -0.06321560591459274
        ],
        [
            0.13188472390174866,
            0.04690561443567276,
            -0.05986731871962547
        ],
        [
            0.1303817629814148,
            0.044535450637340546,
            -0.05299202352762222
        ],
        [
            0.09719564020633698,
            0.055702995508909225,
            0.0045651160180568695
        ],
        [
            0.10773035883903503,
            0.056180696934461594,
            0.009748425334692001
        ],
        [
            0.15987658500671387,
            0.05590713769197464,
            -0.08504670113325119
        ],
        [
            0.1560821384191513,
            0.053026605397462845,
            -0.08508320152759552
        ],
        [
            0.12072961777448654,
            0.03983086720108986,
            -0.024203017354011536
        ],
        [
            0.10351521521806717,
            0.01882578618824482,
            -0.05571231245994568
        ],
        [
            0.11931843310594559,
            0.03302500769495964,
            -0.015137944370508194
        ],
        [
            0.10813765972852707,
            0.07381603121757507,
            -0.037430599331855774
        ],
        [
            0.11556731164455414,
            0.07566282898187637,
            -0.03287592902779579
        ],
        [
            0.11885291337966919,
            0.07759320735931396,
            -0.03596998751163483
        ],
        [
            0.11459127813577652,
            0.07819017022848129,
            -0.04069879278540611
        ],
        [
            0.14525751769542694,
            0.06114506721496582,
            -0.07015610486268997
        ],
        [
            0.14950016140937805,
            0.05707323178648949,
            -0.06978268176317215
        ],
        [
            0.15320037305355072,
            0.06074400618672371,
            -0.07149665057659149
        ],
        [
            0.14938488602638245,
            0.06506563723087311,
            -0.07217701524496078
        ],
        [
            0.13756199181079865,
            0.03531351312994957,
            -0.06765848398208618
        ],
        [
            0.13739831745624542,
            0.03065001219511032,
            -0.07180009037256241
        ],
        [
            0.14069147408008575,
            0.03551183268427849,
            -0.07296228408813477
        ],
        [
            0.1391906589269638,
            0.03952427953481674,
            -0.06868784874677658
        ],
        [
            0.13508976995944977,
            0.030300386250019073,
            -0.07731091976165771
        ],
        [
            0.13906896114349365,
            0.03505107760429382,
            -0.079025998711586
        ],
        [
            0.14134818315505981,
            0.06399364024400711,
            -0.07465067505836487
        ],
        [
            0.13955152034759521,
            0.06390782445669174,
            -0.08201243728399277
        ],
        [
            0.12727445363998413,
            0.053513143211603165,
            -0.07741808891296387
        ],
        [
            0.13186369836330414,
            0.05447223037481308,
            -0.0706443041563034
        ],
        [
            0.08463099598884583,
            0.03431002050638199,
            -0.013250719755887985
        ],
        [
            0.08556986600160599,
            0.04042721912264824,
            -0.00391097366809845
        ],
        [
            0.0914970114827156,
            0.05108465999364853,
            -0.01317112147808075
        ],
        [
            0.09605852514505386,
            0.06250788271427155,
            -0.02247178740799427
        ],
        [
            0.10135994851589203,
            0.07196561247110367,
            -0.03194598853588104
        ],
        [
            0.09926991909742355,
            0.06584158539772034,
            -0.04229328781366348
        ],
        [
            0.09225563704967499,
            0.0541754886507988,
            -0.005493231117725372
        ],
        [
            0.12578356266021729,
            0.05206574872136116,
            -0.07060643285512924
        ],
        [
            0.11939989775419235,
            0.04748207703232765,
            -0.0747590959072113
        ],
        [
            0.1191476508975029,
            0.051168445497751236,
            -0.0718395859003067
        ],
        [
            0.1203278973698616,
            0.03779162839055061,
            -0.00943499431014061
        ],
        [
            0.1519668996334076,
            0.04952840507030487,
            -0.08471782505512238
        ],
        [
            0.0803258866071701,
            -0.009839717298746109,
            -0.011857233941555023
        ],
        [
            0.07428303360939026,
            0.0008784793317317963,
            -0.006465055048465729
        ],
        [
            0.07868354022502899,
            0.004123818129301071,
            -0.01337161660194397
        ],
        [
            0.08628495037555695,
            -0.007900703698396683,
            -0.019090566784143448
        ],
        [
            0.15268005430698395,
            0.05192945897579193,
            -0.07308871299028397
        ],
        [
            0.1539386659860611,
            0.049021415412425995,
            -0.07863018661737442
        ],
        [
            0.12525124847888947,
            0.06914916634559631,
            -0.030718225985765457
        ],
        [
            0.12655705213546753,
            0.07218721508979797,
            -0.03552239015698433
        ],
        [
            0.12472514808177948,
            0.07561491429805756,
            -0.0341845341026783
        ],
        [
            0.12543264031410217,
            0.07449856400489807,
            -0.028346680104732513
        ],
        [
            0.08636797964572906,
            0.04223301634192467,
            0.0017896629869937897
        ],
        [
            0.11122186481952667,
            0.08267700672149658,
            -0.016386430710554123
        ],
        [
            0.104506716132164,
            0.08011237531900406,
            -0.02501395158469677
        ],
        [
            0.08031706511974335,
            0.03099927306175232,
            0.0037198588252067566
        ],
        [
            0.07881774008274078,
            0.02574809640645981,
            -0.004447676241397858
        ],
        [
            0.0745854377746582,
            0.02002931386232376,
            0.0023027732968330383
        ],
        [
            0.10599428415298462,
            0.061352312564849854,
            -0.05535442382097244
        ],
        [
            0.08557139337062836,
            0.030897971242666245,
            -0.021234676241874695
        ],
        [
            0.0799083560705185,
            0.021997302770614624,
            -0.011089958250522614
        ],
        [
            0.07489241659641266,
            0.01498785987496376,
            -0.003331433981657028
        ],
        [
            0.07069133222103119,
            0.010636154562234879,
            0.002482473850250244
        ],
        [
            0.0709032267332077,
            0.016572825610637665,
            0.008098430931568146
        ],
        [
            0.14181992411613464,
            0.060987748205661774,
            -0.08642057329416275
        ],
        [
            0.14483672380447388,
            0.06766562163829803,
            -0.08316698670387268
        ],
        [
            0.06517566740512848,
            0.01323522999882698,
            0.014384277164936066
        ],
        [
            0.06579146534204483,
            0.006491571664810181,
            0.008004739880561829
        ],
        [
            0.08185143768787384,
            0.016483407467603683,
            -0.01824650540947914
        ],
        [
            0.08564847707748413,
            0.009192973375320435,
            -0.026181619614362717
        ],
        [
            0.08749401569366455,
            0.025279808789491653,
            -0.02768673747777939
        ],
        [
            0.09145811200141907,
            0.01887756958603859,
            -0.03650016337633133
        ],
        [
            0.10187584161758423,
            0.0539335273206234,
            -0.06257174909114838
        ],
        [
            0.15981422364711761,
            0.07848656922578812,
            -0.08303619921207428
        ],
        [
            0.15046748518943787,
            0.0721885934472084,
            -0.07961922138929367
        ],
        [
            0.1529587209224701,
            0.06970549374818802,
            -0.07490000128746033
        ],
        [
            0.1603245586156845,
            0.07772382348775864,
            -0.0786365270614624
        ],
        [
            0.1460699886083603,
            0.06773944199085236,
            -0.07643032819032669
        ],
        [
            0.14957645535469055,
            0.07084353268146515,
            -0.08519765734672546
        ],
        [
            0.09936371445655823,
            0.008576201274991035,
            -0.044092487543821335
        ],
        [
            0.13308824598789215,
            0.050659872591495514,
            -0.0655771866440773
        ],
        [
            0.09641727805137634,
            -0.0040751248598098755,
            -0.0323883593082428
        ],
        [
            0.11163905262947083,
            0.0008127149194478989,
            -0.053953565657138824
        ],
        [
            0.11176836490631104,
            -0.008834902197122574,
            -0.04448254033923149
        ],
        [
            0.09552603960037231,
            -0.017817199230194092,
            -0.020780809223651886
        ],
        [
            0.10888541489839554,
            -0.018886884674429893,
            -0.031758248805999756
        ],
        [
            0.08407680690288544,
            -0.020895592868328094,
            -0.007066689431667328
        ],
        [
            0.08885924518108368,
            -0.01799836754798889,
            -0.013854913413524628
        ],
        [
            0.12344496697187424,
            -0.017801839858293533,
            -0.04175877943634987
        ],
        [
            0.167434424161911,
