{
    "pred_cam": [
        7.990378379821777,
        -0.15381930768489838,
        -0.059843309223651886
    ],
    "pred_mano_params": {
        "global_orient": [
            [
                [
                    -0.23300088942050934,
                    -0.9606030583381653,
                    0.15150007605552673
                ],
                [
                    -0.5665453672409058,
                    0.007464062422513962,
                    -0.8239967823028564
                ],
                [
                    0.7904030680656433,
                    -0.27782362699508667,
                    -0.5459643602371216
                ]
            ]
        ],
        "hand_pose": [
            [
                [
                    0.7777003645896912,
                    -0.5422602295875549,
                    -0.31801891326904297
                ],
                [
                    0.522943377494812,
                    0.8388075828552246,
                    -0.15143343806266785
                ],
                [
                    0.34887298941612244,
                    -0.04853605106472969,
                    0.9359123706817627
                ]
            ],
            [
                [
                    0.9850858449935913,
                    -0.1643631011247635,
                    0.05089898034930229
                ],
                [
                    0.17128993570804596,
                    0.9647904634475708,
                    -0.19959719479084015
                ],
                [
                    -0.016300436109304428,
                    0.20533883571624756,
                    0.9785552024841309
                ]
            ],
            [
                [
                    0.8070259690284729,
                    -0.590115487575531,
                    -0.02174369990825653
                ],
                [
                    0.5722604393959045,
                    0.7906315922737122,
                    -0.2177608609199524
                ],
                [
                    0.14569531381130219,
                    0.16329561173915863,
                    0.9757599830627441
                ]
            ],
            [
                [
                    0.6768754124641418,
                    -0.6173139810562134,
                    -0.4009529650211334
                ],
                [
                    0.600623607635498,
                    0.7780751585960388,
                    -0.18398478627204895
                ],
                [
                    0.42554783821105957,
                    -0.11628704518079758,
                    0.8974332809448242
                ]
            ],
            [
                [
                    0.9632573127746582,
                    -0.2556248605251312,
                    -0.08240948617458344
                ],
                [
                    0.2685803174972534,
                    0.9167681336402893,
                    0.2956361472606659
                ],
                [
                    -2.154901267203968e-05,
                    -0.3069072365760803,
                    0.9517394304275513
                ]
            ],
            [
                [
                    0.7517659664154053,
                    -0.6267768144607544,
                    -0.20493586361408234
                ],
                [
                    0.654068648815155,
                    0.748279869556427,
                    0.11077648401260376
                ],
                [
                    0.08391725271940231,
                    -0.21732011437416077,
                    0.9724863767623901
                ]
            ],
            [
                [
                    0.3534374237060547,
                    -0.8195076584815979,
                    0.451097697019577
                ],
                [
                    0.800584614276886,
                    0.5144263505935669,
                    0.3072943091392517
                ],
                [
                    -0.48388659954071045,
                    0.25253257155418396,
                    0.8379027247428894
                ]
            ],
            [
                [
                    0.9368873238563538,
                    -0.16572919487953186,
                    -0.3078569769859314
                ],
                [
                    0.27831581234931946,
                    0.8864558935165405,
                    0.36977866291999817
                ],
                [
                    0.21161849796772003,
                    -0.43212243914604187,
                    0.8766343593597412
                ]
            ],
            [
                [
                    0.6945982575416565,
                    -0.683408796787262,
                    0.22469015419483185
                ],
                [
                    0.6750084161758423,
                    0.7271487712860107,
                    0.12497314810752869
                ],
                [
                    -0.2487909346818924,
                    0.06486161053180695,
                    0.9663829803466797
                ]
            ],
            [
                [
                    0.6127398014068604,
                    -0.7862817049026489,
                    -0.07944149523973465
                ],
                [
                    0.7643908262252808,
                    0.6151823997497559,
                    -0.19302135705947876
                ],
                [
                    0.20064017176628113,
                    0.05754753202199936,
                    0.9779732823371887
                ]
            ],
            [
                [
                    0.9549479484558105,
                    -0.28166916966438293,
                    -0.09347127377986908
                ],
                [
                    0.2945665717124939,
                    0.8612696528434753,
                    0.4140591025352478
                ],
                [
                    -0.036123696714639664,
                    -0.42293840646743774,
                    0.9054380059242249
                ]
            ],
            [
                [
                    0.7312570214271545,
                    -0.570306122303009,
                    -0.3741844594478607
                ],
                [
                    0.6592100262641907,
                    0.7318121790885925,
                    0.1728958785533905
                ],
                [
                    0.17522919178009033,
                    -0.3730974793434143,
                    0.9110943078994751
                ]
            ],
            [
                [
                    0.9870961904525757,
                    0.12517331540584564,
                    -0.09986373782157898
                ],
                [
                    -0.15932820737361908,
                    0.7054909467697144,
                    -0.6905773878097534
                ],
                [
                    -0.015988891944289207,
                    0.6975774168968201,
                    0.7163310647010803
                ]
            ],
            [
                [
                    0.8730984330177307,
                    -0.2578747272491455,
                    -0.41376280784606934
                ],
                [
                    0.4291282296180725,
                    0.8092787861824036,
                    0.4011443555355072
                ],
                [
                    0.23140443861484528,
                    -0.5277958512306213,
                    0.817241370677948
                ]
            ],
            [
                [
                    0.9259451627731323,
                    0.3336484134197235,
                    -0.1769302487373352
                ],
                [
                    -0.33997198939323425,
                    0.9404176473617554,
                    -0.005802218336611986
                ],
                [
                    0.1644524335861206,
                    0.06552387028932571,
                    0.9842063188552856
                ]
            ]
        ],
        "betas": [
            -0.0643097460269928,
            -0.016849011182785034,
            -0.042992591857910156,
            -0.011752873659133911,
            0.02495405077934265,
            0.041106898337602615,
            0.06931595504283905,
            -0.06829893589019775,
            0.0204860121011734,
            0.0020008087158203125
        ]
    },
    "pred_cam_t": [
        -0.15381930768489838,
        -0.059843309223651886,
        4.888692378997803
    ],
    "focal_length": [
        5000.0,
        5000.0
    ],
    "pred_keypoints_3d": [
        [
            0.09602861106395721,
            0.006404230371117592,
            0.006221078801900148
        ],
        [
            0.12052202969789505,
            -0.0013579111546278,
            -0.02267346903681755
        ],
        [
            0.1404363363981247,
            -0.003957764245569706,
            -0.046088699251413345
        ],
        [
            0.1548898071050644,
            0.009263644926249981,
            -0.06491544842720032
        ],
        [
            0.16253337264060974,
            0.025948889553546906,
            -0.09622572362422943
        ],
        [
            0.12477853894233704,
            0.03937540948390961,
            -0.07357009500265121
        ],
        [
            0.14352846145629883,
            0.0632520318031311,
            -0.08687813580036163
        ],
        [
            0.16068421304225922,
            0.07719665765762329,
            -0.08969500660896301
        ],
        [
            0.18140056729316711,
            0.08896142989397049,
            -0.08014990389347076
        ],
        [
            0.11906121671199799,
            0.0630195140838623,
            -0.06663112342357635
        ],
        [
            0.13660140335559845,
            0.08955752849578857,
            -0.06781613826751709
        ],
        [
            0.15491564571857452,
            0.1031293123960495,
            -0.06271491199731827
        ],
        [
            0.1772332638502121,
            0.10583344846963882,
            -0.05012144148349762
        ],
        [
            0.11487529426813126,
            0.0749175176024437,
            -0.04291529208421707
        ],
        [
            0.13630901277065277,
            0.09406913071870804,
            -0.04648981988430023
        ],
        [
            0.15712690353393555,
            0.10430432111024857,
            -0.037503257393836975
        ],
        [
            0.17417490482330322,
            0.10409727692604065,
            -0.018035851418972015
        ],
        [
            0.11514056473970413,
            0.08116479963064194,
            -0.021912816911935806
        ],
        [
            0.13435301184654236,
            0.08949669450521469,
            -0.025116054341197014
        ],
        [
            0.15077659487724304,
            0.09627309441566467,
            -0.018334172666072845
        ],
        [
            0.16322992742061615,
            0.09336239844560623,
            -0.007272088900208473
        ]
    ],
    "pred_vertices": [
        [
            0.1267402023077011,
            0.021077079698443413,
            -0.03774252161383629
        ],
        [
            0.1261598914861679,
            0.01584956981241703,
            -0.028766073286533356
        ],
        [
            0.13311965763568878,
            0.014029085636138916,
            -0.036911435425281525
        ],
        [
            0.13242167234420776,
            0.018307290971279144,
            -0.04540093615651131
        ],
        [
            0.1385752111673355,
            0.002115568146109581,
            -0.0193839892745018
        ],
        [
            0.13829948008060455,
            -0.010127970948815346,
            -0.01800736039876938
        ],
        [
            0.14762942492961884,
            -0.007560934871435165,
            -0.03237704187631607
        ],
        [
            0.14740952849388123,
            0.0023814067244529724,
            -0.03054681047797203
        ],
        [
            0.1352091282606125,
            0.01576714962720871,
            -0.052332643419504166
        ],
        [
            0.13847827911376953,
            0.012556519359350204,
            -0.04314244166016579
        ],
        [
            0.13278257846832275,
            0.012549448758363724,
            -0.05488617718219757
        ],
        [
            0.12496188282966614,
            0.015998084098100662,
            -0.0655364915728569
        ],
        [
            0.1303572654724121,
            0.01907842792570591,
            -0.06109662353992462
        ],
        [
            0.12226064503192902,
            0.02128569781780243,
            -0.0721440538764
        ],
        [
            0.11476562172174454,
            0.0112833920866251,
            -0.06346026062965393
        ],
        [
            0.11289730668067932,
            0.023972246795892715,
            -0.07286762446165085
        ],
        [
            0.09554791450500488,
            0.027757644653320312,
            -0.04841509461402893
        ],
        [
            0.0920419692993164,
            0.0366232767701149,
            -0.03861978277564049
        ],
        [
            0.09627050161361694,
            0.04805275425314903,
            -0.051097869873046875
        ],
        [
            0.10032586008310318,
            0.03794793412089348,
            -0.05954728275537491
        ],
        [
            0.09450165927410126,
            0.05670766159892082,
            -0.031985051929950714
        ],
        [
            0.09562758356332779,
            0.052585430443286896,
            -0.04317166656255722
        ],
        [
            0.09020884335041046,
            0.041190970689058304,
            -0.030988626182079315
        ],
        [
            0.08976815640926361,
            0.04532890021800995,
            -0.021541688591241837
        ],
        [
            0.11981793493032455,
            0.027475738897919655,
            -0.02402379736304283
        ],
        [
            0.11826927214860916,
            0.022000979632139206,
            -0.014901991933584213
        ],
        [
            0.11979993432760239,
            0.019398849457502365,
            -0.020125187933444977
        ],
        [
            0.12152062356472015,
            0.024472340941429138,
            -0.02857036516070366
        ],
        [
            0.1349722295999527,
            0.0038073696196079254,
            -0.05701007694005966
        ],
        [
            0.12451983988285065,
            -0.0011186599731445312,
            -0.055588409304618835
        ],
        [
            0.1268981695175171,
            0.006461331620812416,
            -0.05716967210173607
        ],
        [
            0.1379447877407074,
            0.008117705583572388,
            -0.054636094719171524
        ],
        [
            0.1180826798081398,
            0.013955589383840561,
            0.013258732855319977
        ],
        [
            0.10991046577692032,
            0.0052487850189208984,
            0.01970992237329483
        ],
        [
            0.1104428693652153,
            0.0008749440312385559,
            0.01579125225543976
        ],
        [
            0.1173211857676506,
            0.009958770126104355,
            0.010538890957832336
        ],
        [
            0.12131176888942719,
            -0.011256057769060135,
            -0.0005090981721878052
        ],
        [
            0.11205004155635834,
            -0.013494372367858887,
            0.004869110882282257
        ],
        [
            0.10386264324188232,
            -0.02399405837059021,
            0.0007352158427238464
        ],
        [
            0.11042919754981995,
            -0.022279206663370132,
            -0.007040917873382568
        ],
        [
            0.1306903064250946,
            -0.01044151559472084,
            -0.008845724165439606
        ],
        [
            0.1225111335515976,
            -0.021219566464424133,
            -0.013398215174674988
        ],
        [
            0.13244780898094177,
            -0.019312042742967606,
            -0.022515401244163513
        ],
        [
            0.14326299726963043,
            -0.014685951173305511,
            -0.03686625137925148
        ],
        [
            0.10581361502408981,
            0.014829874038696289,
            0.027309119701385498
        ],
        [
            0.11169862747192383,
            0.02251831814646721,
            0.02394695207476616
        ],
        [
            0.1541992574930191,
            0.059738703072071075,
            -0.08535022288560867
        ],
        [
            0.1532306671142578,
            0.06364890933036804,
            -0.08101674169301987
        ],
        [
            0.15064653754234314,
            0.059432849287986755,
            -0.07959987223148346
        ],
        [
            0.15165762603282928,
            0.05649777501821518,
            -0.08452023565769196
        ],
        [
            0.09166853129863739,
            0.029252558946609497,
            0.024970412254333496
        ],
        [
            0.08256906270980835,
            0.029370885342359543,
            0.02050907164812088
        ],
        [
            0.0819140151143074,
            0.025379344820976257,
            0.026615377515554428
        ],
        [
            0.09060010313987732,
            0.023555532097816467,
            0.029879413545131683
        ],
        [
            0.09313668310642242,
            0.03673650324344635,
            0.018452942371368408
        ],
        [
            0.08414049446582794,
            0.03454290330410004,
            0.011901400983333588
        ],
        [
            0.1481703519821167,
            0.06377077102661133,
            -0.09596699476242065
        ],
        [
            0.1517123579978943,
            0.06054224073886871,
            -0.09394275397062302
        ],
        [
            0.14731961488723755,
            0.05752837285399437,
            -0.09365183115005493
        ],
        [
            0.1432030349969864,
            0.060712575912475586,
            -0.09459444880485535
        ],
        [
            0.1316143423318863,
            0.02230193465948105,
            -0.05403514206409454
        ],
        [
            0.12896156311035156,
            0.026204869151115417,
            -0.045573748648166656
        ],
        [
            0.13341426849365234,
            0.03398000821471214,
            -0.06630688905715942
        ],
        [
            0.13059520721435547,
            0.03196628391742706,
            -0.05801425874233246
        ],
        [
            0.13081508874893188,
            0.02600255236029625,
            -0.06234852969646454
        ],
        [
            0.13203328847885132,
            0.02866542898118496,
            -0.06933989375829697
        ],
        [
            0.12328960746526718,
            0.044420573860406876,
            -0.03887453302741051
        ],
        [
            0.12068682163953781,
            0.03677432984113693,
            -0.030376344919204712
        ],
        [
            0.12242414057254791,
            0.03364734724164009,
            -0.036031898111104965
        ],
        [
            0.12634827196598053,
            0.040761739015579224,
            -0.04615224152803421
        ],
        [
            0.12016844004392624,
            0.04517003148794174,
            -0.018843606114387512
        ],
        [
            0.12228494882583618,
            0.05201597511768341,
            -0.028264742344617844
        ],
        [
            0.12160304188728333,
            0.05598258227109909,
            -0.020582027733325958
        ],
        [
            0.12125681340694427,
            0.050372883677482605,
            -0.014987893402576447
        ],
        [
            0.12579916417598724,
            0.06053844094276428,
            -0.04674212634563446
        ],
        [
            0.126211479306221,
            0.06391288340091705,
            -0.05180611088871956
        ],
        [
            0.12765219807624817,
            0.06782227009534836,
            -0.048549771308898926
        ],
        [
            0.12524835765361786,
            0.06276027858257294,
            -0.04345997795462608
        ],
        [
            0.08027540147304535,
            0.021102190017700195,
            0.032073430716991425
        ],
        [
            0.0893130972981453,
            0.017541609704494476,
            0.03385580703616142
        ],
        [
            0.09588591754436493,
            0.0663517415523529,
            -0.012068849056959152
        ],
        [
            0.10093685984611511,
            0.06612418591976166,
            -0.001935567706823349
        ],
        [
            0.10366598516702652,
            0.07755778729915619,
            -0.009575910866260529
        ],
        [
            0.09691986441612244,
            0.07508021593093872,
            -0.018990058451890945
        ],
        [
            0.07694367319345474,
            0.026017550379037857,
            0.012384790927171707
        ],
        [
            0.07487934827804565,
            0.023572448641061783,
            0.019582975655794144
        ],
        [
            0.14463767409324646,
            0.06872696429491043,
            -0.09464043378829956
        ],
        [
            0.14009198546409607,
            0.06533868610858917,
            -0.09227249771356583
        ],
        [
            0.12009217590093613,
            -0.02233351394534111,
            -0.027568422257900238
        ],
        [
            0.13564293086528778,
            -0.017471186816692352,
            -0.04194529727101326
        ],
        [
            0.10775656998157501,
            -0.02315802127122879,
            -0.017331182956695557
        ],
        [
            0.0989476889371872,
            -0.02299383655190468,
            -0.010582298040390015
        ],
        [
            0.09304501116275787,
            -0.02554405853152275,
            -0.0045581236481666565
        ],
        [
            0.13042216002941132,
            0.03854614868760109,
            -0.05694769322872162
        ],
        [
            0.12446153908967972,
            0.028082191944122314,
            -0.03737771883606911
        ],
        [
            0.11901304125785828,
            0.03040006384253502,
            -0.019855327904224396
        ],
        [
            0.12049204111099243,
            0.0519554577767849,
            0.002493765205144882
        ],
        [
            0.11892702430486679,
            0.044619880616664886,
            0.009909380227327347
        ],
        [
            0.12192131578922272,
            0.04026324674487114,
            0.0005011744797229767
        ],
        [
            0.12209781259298325,
            0.04763330891728401,
            -0.00422833114862442
        ],
        [
            0.11004067212343216,
            0.06607579439878464,
            0.0020939595997333527
        ],
        [
            0.11740314215421677,
            0.06336924433708191,
            -0.0005836784839630127
        ],
        [
            0.11785276979207993,
            0.07018137723207474,
            -0.00638556107878685
        ],
        [
            0.11112925410270691,
            0.07485979050397873,
            -0.004855833947658539
        ],
        [
            0.13555580377578735,
            -0.003239121288061142,
            -0.05952371656894684
        ],
        [
            0.12394159287214279,
            -0.008492693305015564,
            -0.053652774542570114
        ],
        [
            0.10174732655286789,
            0.026413489133119583,
            0.026874810457229614
        ],
        [
            0.0998978316783905,
            0.01937631517648697,
            0.029794014990329742
        ],
        [
            0.09575521945953369,
            0.013127028942108154,
            0.03385435789823532
        ],
        [
            0.11903680860996246,
            0.017037976533174515,
            -0.0012928247451782227
        ],
        [
            0.11698077619075775,
            0.007153820246458054,
            0.008696898818016052
        ],
        [
            0.1184467226266861,
            0.004527337849140167,
            0.005444437265396118
        ],
        [
            0.11858586221933365,
            0.015444684773683548,
            -0.004147440195083618
        ],
        [
            0.12805527448654175,
            0.01149735227227211,
            -0.018201909959316254
        ],
        [
            0.12930263578891754,
            0.00252687931060791,
            -0.008027635514736176
        ],
        [
            0.1363033801317215,
            0.011341024190187454,
            -0.02723444253206253
        ],
        [
            0.110664501786232,
            -0.006161022931337357,
            0.011756770312786102
        ],
        [
            0.10634870827198029,
            -0.0064024291932582855,
            0.021894998848438263
        ],
        [
            0.10620781779289246,
            -0.013313762843608856,
            0.016253583133220673
        ],
        [
            0.10391157120466232,
            0.0011122152209281921,
            0.02777332067489624
        ],
        [
            0.1004539355635643,
            0.008091278374195099,
            0.03219790384173393
        ],
        [
            0.07001007348299026,
            0.020421139895915985,
            0.0258786603808403
        ],
        [
            0.10489988327026367,
            -0.01882420852780342,
            0.010012462735176086
        ],
        [
            0.15182563662528992,
            0.0024024881422519684,
            -0.03927268087863922
        ],
        [
            0.15462200343608856,
            0.003893878310918808,
            -0.046891894191503525
        ],
        [
            0.15013684332370758,
            0.009468993172049522,
            -0.046830467879772186
        ],
        [
            0.1472283899784088,
            0.008572518825531006,
            -0.04095933586359024
        ],
        [
            0.12268243730068207,
            0.02846609428524971,
            -0.07891365885734558
        ],
        [
            0.12926964461803436,
            0.027262181043624878,
            -0.07468535751104355
        ],
        [
            0.12815271317958832,
            0.02113919146358967,
            -0.06757880747318268
        ],
        [
            0.120400570333004,
            0.024710912257432938,
            0.00944633036851883
        ],
        [
            0.11506137996912003,
            0.03150460869073868,
            0.018794573843479156
        ],
        [
            0.13292597234249115,
            0.04045911505818367,
            -0.06517807394266129
        ],
        [
            0.1386374980211258,
            0.05805361270904541,
            -0.0933799296617508
        ],
        [
            0.14305593073368073,
            0.054204538464546204,
            -0.09255653619766235
        ],
        [
            0.13169454038143158,
            0.040297769010066986,
            -0.08589240163564682
        ],
        [
            0.12698961794376373,
            0.045155368745326996,
            -0.08745554834604263
        ],
        [
            0.13052383065223694,
            0.050346650183200836,
            -0.06918670982122421
        ],
        [
            0.13362739980220795,
            0.04391708970069885,
            -0.0674358457326889
        ],
        [
            0.13371026515960693,
            0.04645604267716408,
            -0.06837371736764908
        ],
        [
            0.13179005682468414,
            0.052814777940511703,
            -0.0683724582195282
        ],
        [
            0.12590529024600983,
            0.07020732015371323,
            -0.03972810134291649
        ],
        [
            0.12410231679677963,
            0.06563468277454376,
            -0.035355035215616226
        ],
        [
            0.10861454904079437,
            0.04848809912800789,
            -0.06898962706327438
        ],
        [
            0.10730132460594177,
            0.037520647048950195,
            -0.07662996649742126
        ],
        [
            0.10410872101783752,
            0.02907862700521946,
            -0.06739455461502075
        ],
        [
            0.12217586487531662,
            0.04818157106637955,
            -0.03245154023170471
        ],
        [
            0.12447648495435715,
            0.05546819791197777,
            -0.03953921049833298
        ],
        [
            0.12381955236196518,
            0.05789516493678093,
            -0.03617570549249649
        ],
        [
            0.13010992109775543,
            0.04332555830478668,
            -0.057762254029512405
        ],
        [
            0.13128593564033508,
            0.04631385579705238,
            -0.06403613090515137
        ],
        [
            0.12960731983184814,
            0.04867640882730484,
            -0.060284316539764404
        ],
        [
            0.12832771241664886,
            0.046038225293159485,
            -0.0533054918050766
        ],
        [
            0.09721796959638596,
            0.05569709092378616,
            0.005783427506685257
        ],
        [
            0.10793706774711609,
            0.056088656187057495,
            0.010576490312814713
        ],
        [
            0.15375947952270508,
            0.05885586142539978,
            -0.09007751941680908
        ],
        [
            0.15029104053974152,
            0.055759698152542114,
            -0.0897078588604927
        ],
        [
            0.11968168616294861,
            0.040598541498184204,
            -0.024248749017715454
        ],
        [
            0.10126592218875885,
            0.020145174115896225,
            -0.055537767708301544
        ],
        [
            0.11858130246400833,
            0.033561769872903824,
            -0.015311866998672485
        ],
        [
            0.10640572756528854,
            0.07474040985107422,
            -0.03617376834154129
        ],
        [
            0.11405068635940552,
            0.07693253457546234,
            -0.03189530223608017
        ],
        [
            0.11670921742916107,
            0.07889807969331741,
            -0.03518124669790268
        ],
        [
            0.11211353540420532,
            0.07941648364067078,
            -0.03971611335873604
        ],
        [
            0.14028127491474152,
            0.06435967981815338,
            -0.07460226863622665
        ],
        [
            0.14484579861164093,
            0.06069599464535713,
            -0.07440756261348724
        ],
        [
            0.14780333638191223,
            0.06411496549844742,
            -0.07643145322799683
        ],
        [
            0.14363634586334229,
            0.06811593472957611,
            -0.07704716175794601
        ],
        [
            0.13514378666877747,
            0.038591526448726654,
            -0.06950251013040543
        ],
        [
            0.13470499217510223,
            0.03355760872364044,
            -0.07344689220190048
        ],
        [
            0.13760428130626678,
            0.038883183151483536,
            -0.07544053345918655
        ],
        [
            0.13634642958641052,
            0.043011683970689774,
            -0.07123491913080215
        ],
        [
            0.13183702528476715,
            0.03296072781085968,
            -0.07893368601799011
        ],
        [
            0.13538475334644318,
            0.037912558764219284,
            -0.08128875494003296
        ],
        [
            0.13572455942630768,
            0.06656482070684433,
            -0.07878082245588303
        ],
        [
            0.1332840770483017,
            0.06575208902359009,
            -0.08589478582143784
        ],
        [
            0.12263350933790207,
            0.05548232048749924,
            -0.07939986884593964
        ],
        [
            0.12776237726211548,
            0.05710529163479805,
            -0.07329583913087845
        ],
        [
            0.08391739428043365,
            0.03476828336715698,
            -0.01211116835474968
        ],
        [
            0.08519632369279861,
            0.04066455364227295,
            -0.0026533380150794983
        ],
        [
            0.09081940352916718,
            0.05150018632411957,
            -0.011821430176496506
        ],
        [
            0.09507918357849121,
            0.06301583349704742,
            -0.02093285322189331
        ],
        [
            0.10012087225914001,
            0.07262708246707916,
            -0.030328452587127686
        ],
        [
            0.09763563424348831,
            0.06670547276735306,
            -0.04078880697488785
        ],
        [
            0.09186466783285141,
            0.05440926551818848,
            -0.00410645455121994
        ],
        [
            0.12302827090024948,
            0.05433999374508858,
            -0.07086768001317978
        ],
        [
            0.11594688147306442,
            0.04927501454949379,
            -0.07516338676214218
        ],
        [
            0.11641450971364975,
            0.053245291113853455,
            -0.07173766195774078
        ],
        [
            0.11980106681585312,
            0.03819679096341133,
            -0.009532466530799866
        ],
        [
            0.14643800258636475,
            0.052106235176324844,
            -0.08895255625247955
        ],
        [
            0.07960860431194305,
            -0.00943496823310852,
            -0.011620916426181793
        ],
        [
            0.07376052439212799,
            0.0011554397642612457,
            -0.005791798233985901
        ],
        [
            0.07791630923748016,
            0.004568364471197128,
            -0.012775413691997528
        ],
        [
            0.0853000283241272,
            -0.007324531674385071,
            -0.01898461952805519
        ],
        [
            0.14810767769813538,
            0.055577944964170456,
            -0.07771468907594681
        ],
        [
            0.14898549020290375,
            0.052244577556848526,
            -0.08308029174804688
        ],
        [
            0.12384188175201416,
            0.07039175927639008,
            -0.030407171696424484
        ],
        [
            0.12481911480426788,
            0.07371343672275543,
            -0.03521595895290375
        ],
        [
            0.12273041158914566,
            0.0771743431687355,
            -0.03368047624826431
        ],
        [
            0.12390434741973877,
            0.07595444470643997,
            -0.027877500280737877
        ],
        [
            0.08621871471405029,
            0.04232851043343544,
            0.0030597075819969177
        ],
        [
            0.10950229316949844,
            0.08337421715259552,
            -0.014881869778037071
        ],
        [
            0.10298079252243042,
            0.08097715675830841,
            -0.023241719231009483
        ],
        [
            0.08020873367786407,
            0.031061649322509766,
            0.004920925945043564
        ],
        [
            0.07840223610401154,
            0.026004072278738022,
            -0.0033243298530578613
        ],
        [
            0.0744013637304306,
            0.020123198628425598,
            0.0034341663122177124
        ],
        [
            0.10385273396968842,
            0.06280030310153961,
            -0.05438762903213501
        ],
        [
            0.08455860614776611,
            0.03155204653739929,
            -0.020220480859279633
        ],
        [
            0.07925209403038025,
            0.02240647003054619,
            -0.010098721832036972
        ],
        [
            0.07450740784406662,
            0.015204854309558868,
            -0.002338152378797531
        ],
        [
            0.07051088660955429,
            0.010709907859563828,
            0.0035246089100837708
        ],
        [
            0.07092942297458649,
            0.016521815210580826,
            0.009283311665058136
        ],
        [
            0.13530655205249786,
            0.06260206550359726,
            -0.09040044993162155
        ],
        [
            0.1380951851606369,
            0.06970202922821045,
            -0.08773025870323181
        ],
        [
            0.06544192135334015,
            0.013021975755691528,
            0.015707433223724365
        ],
        [
            0.06582058221101761,
            0.006422165781259537,
            0.00914173573255539
        ],
        [
            0.08092879503965378,
            0.017059538513422012,
            -0.017459236085414886
        ],
        [
            0.08442654460668564,
            0.009933359920978546,
            -0.02569037675857544
        ],
        [
            0.0862530916929245,
            0.02608112245798111,
            -0.02687791734933853
        ],
        [
            0.08989240229129791,
            0.0198691263794899,
            -0.035984158515930176
        ],
        [
            0.09950234740972519,
            0.055427826941013336,
            -0.061555735766887665
        ],
        [
            0.15242446959018707,
            0.08159977942705154,
            -0.08883623033761978
        ],
        [
            0.14364837110042572,
            0.07491640746593475,
            -0.08490759134292603
        ],
        [
            0.14645273983478546,
            0.07274022698402405,
            -0.08021358400583267
        ],
        [
            0.1530233472585678,
            0.08095592260360718,
            -0.08442568778991699
        ],
        [
            0.13983556628227234,
            0.07030008733272552,
            -0.08110672235488892
        ],
        [
            0.1425742655992508,
            0.0732044130563736,
            -0.09026945382356644
        ],
        [
            0.09749406576156616,
            0.009646229445934296,
            -0.0440518818795681
        ],
        [
            0.1305808275938034,
            0.052881937474012375,
            -0.06612252444028854
        ],
        [
            0.09493999183177948,
            -0.0032700300216674805,
            -0.0324847511947155
        ],
        [
            0.10932514071464539,
            0.0018506832420825958,
            -0.05453146994113922
        ],
        [
            0.10976926237344742,
            -0.00800391286611557,
            -0.04523180052638054
        ],
        [
            0.09445405006408691,
            -0.017217718064785004,
            -0.021125376224517822
        ],
        [
            0.10736110061407089,
            -0.018208244815468788,
            -0.03250263258814812
        ],
        [
            0.08352115750312805,
            -0.02061207965016365,
            -0.007239446043968201
        ],
        [
            0.08805382251739502,
            -0.017550408840179443,
            -0.014072567224502563
        ],
        [
            0.12147422879934311,
            -0.017268307507038116,
            -0.043086882680654526
        ],
        [
