{
    "pred_cam": [
        8.03507137298584,
        -0.15513576567173004,
        -0.059730805456638336
    ],
    "pred_mano_params": {
        "global_orient": [
            [
                [
                    -0.21776045858860016,
                    -0.9658015370368958,
                    0.1407400518655777
                ],
                [
                    -0.5596081614494324,
                    0.005408632569015026,
                    -0.828739583492279
                ],
                [
                    0.7996367812156677,
                    -0.2592260241508484,
                    -0.5416482090950012
                ]
            ]
        ],
        "hand_pose": [
            [
                [
                    0.7675748467445374,
                    -0.5546508431434631,
                    -0.3212340176105499
                ],
                [
                    0.5306721329689026,
                    0.8310006260871887,
                    -0.16680851578712463
                ],
                [
                    0.3594661355018616,
                    -0.04243192821741104,
                    0.9321929216384888
                ]
            ],
            [
                [
                    0.9849381446838379,
                    -0.16593541204929352,
                    0.04860425367951393
                ],
                [
                    0.17245681583881378,
                    0.9630396962165833,
                    -0.20691335201263428
                ],
                [
                    -0.0124735739082098,
                    0.21217896044254303,
                    0.9771512150764465
                ]
            ],
            [
                [
                    0.8292080760002136,
                    -0.5576478838920593,
                    -0.03798437491059303
                ],
                [
                    0.5403376221656799,
                    0.8171441555023193,
                    -0.20077525079250336
                ],
                [
                    0.14300058782100677,
                    0.14596007764339447,
                    0.978900671005249
                ]
            ],
            [
                [
                    0.6633962988853455,
                    -0.632439136505127,
                    -0.39990776777267456
                ],
                [
                    0.6149329543113708,
                    0.7652992010116577,
                    -0.19019630551338196
                ],
                [
                    0.4263366758823395,
                    -0.11974094063043594,
                    0.8966042995452881
                ]
            ],
            [
                [
                    0.9616950154304504,
                    -0.2578537166118622,
                    -0.09302739799022675
                ],
                [
                    0.273664265871048,
                    0.922706663608551,
                    0.27151480317115784
                ],
                [
                    0.015825912356376648,
                    -0.28657275438308716,
                    0.9579277634620667
                ]
            ],
            [
                [
                    0.7548617720603943,
                    -0.6222121715545654,
                    -0.20745044946670532
                ],
                [
                    0.6494786143302917,
                    0.7532109022140503,
                    0.10416757315397263
                ],
                [
                    0.09143960475921631,
                    -0.21336674690246582,
                    0.9726836085319519
                ]
            ],
            [
                [
                    0.38922080397605896,
                    -0.8370616436004639,
                    0.3844932019710541
                ],
                [
                    0.8160725831985474,
                    0.5069471001625061,
                    0.27754318714141846
                ],
                [
                    -0.427238404750824,
                    0.2057487666606903,
                    0.8804174661636353
                ]
            ],
            [
                [
                    0.9356740713119507,
                    -0.17510542273521423,
                    -0.3063531816005707
                ],
                [
                    0.28511688113212585,
                    0.8866856098175049,
                    0.36400148272514343
                ],
                [
                    0.20790031552314758,
                    -0.42793312668800354,
                    0.8795742392539978
                ]
            ],
            [
                [
                    0.690138041973114,
                    -0.692159116268158,
                    0.2112467736005783
                ],
                [
                    0.6805139183998108,
                    0.7200151085853577,
                    0.13593789935112
                ],
                [
                    -0.24619151651859283,
                    0.04994044080376625,
                    0.967933714389801
                ]
            ],
            [
                [
                    0.6189069747924805,
                    -0.779262363910675,
                    -0.09851086139678955
                ],
                [
                    0.7531057000160217,
                    0.6243518590927124,
                    -0.20740441977977753
                ],
                [
                    0.22312790155410767,
                    0.05417493358254433,
                    0.9732826352119446
                ]
            ],
            [
                [
                    0.9485160708427429,
                    -0.30157971382141113,
                    -0.09678313881158829
                ],
                [
                    0.3142837584018707,
                    0.8582773208618164,
                    0.40569165349006653
                ],
                [
                    -0.03928161412477493,
                    -0.4152224063873291,
                    0.9088714122772217
                ]
            ],
            [
                [
                    0.7257659435272217,
                    -0.5785136222839355,
                    -0.37227118015289307
                ],
                [
                    0.6661001443862915,
                    0.7262179851531982,
                    0.17005273699760437
                ],
                [
                    0.17197224497795105,
                    -0.37138834595680237,
                    0.9124122858047485
                ]
            ],
            [
                [
                    0.9835191369056702,
                    0.13025207817554474,
                    -0.12539753317832947
                ],
                [
                    -0.1807854175567627,
                    0.7184391021728516,
                    -0.6716859340667725
                ],
                [
                    0.0026020039804279804,
                    0.6832860112190247,
                    0.7301462888717651
                ]
            ],
            [
                [
                    0.8936980366706848,
                    -0.2496146857738495,
                    -0.3728221654891968
                ],
                [
                    0.3997744023799896,
                    0.8202376961708069,
                    0.4091338515281677
                ],
                [
                    0.2036769688129425,
                    -0.5146868228912354,
                    0.8328343629837036
                ]
            ],
            [
                [
                    0.9353457689285278,
                    0.2995147109031677,
                    -0.18820007145404816
                ],
                [
                    -0.31022605299949646,
                    0.9502021670341492,
                    -0.029591349884867668
                ],
                [
                    0.16996507346630096,
                    0.0860627070069313,
                    0.9816848635673523
                ]
            ]
        ],
        "betas": [
            -0.06726077198982239,
            -0.009538024663925171,
            -0.04095122218132019,
            -0.01491573452949524,
            0.031107932329177856,
            0.042754970490932465,
            0.06686685979366302,
            -0.0605950653553009,
            0.019022077322006226,
            0.005335867404937744
        ]
    },
    "pred_cam_t": [
        -0.15513576567173004,
        -0.059730805456638336,
        4.861500263214111
    ],
    "focal_length": [
        5000.0,
        5000.0
    ],
    "pred_keypoints_3d": [
        [
            0.09603983163833618,
            0.0064060441218316555,
            0.006219981238245964
        ],
        [
            0.11997056752443314,
            -0.0016160174272954464,
            -0.023087890818715096
        ],
        [
            0.13868437707424164,
            -0.0040862369351089,
            -0.04749392718076706
        ],
        [
            0.15237239003181458,
            0.008331457152962685,
            -0.0674116313457489
        ],
        [
            0.1599217653274536,
            0.024410471320152283,
            -0.09898878633975983
        ],
        [
            0.12325236201286316,
            0.0386715866625309,
            -0.07441544532775879
        ],
        [
            0.14195194840431213,
            0.06254556030035019,
            -0.08780629187822342
        ],
        [
            0.15905643999576569,
            0.07656215876340866,
            -0.0905890241265297
        ],
        [
            0.1796620637178421,
            0.08908013999462128,
            -0.08177162706851959
        ],
        [
            0.11767005920410156,
            0.062382303178310394,
            -0.06756571680307388
        ],
        [
            0.13552407920360565,
            0.08871094137430191,
            -0.06887814402580261
        ],
        [
            0.15381819009780884,
            0.10222053527832031,
            -0.06353479623794556
        ],
        [
            0.17580178380012512,
            0.10512392967939377,
            -0.050392989069223404
        ],
        [
            0.11394418776035309,
            0.0744902640581131,
            -0.04386889189481735
        ],
        [
            0.13483521342277527,
            0.09416089951992035,
            -0.047838810831308365
        ],
        [
            0.15559136867523193,
            0.10458038747310638,
            -0.03891760855913162
        ],
        [
            0.1726827770471573,
            0.104301817715168,
            -0.01951223611831665
        ],
        [
            0.11462052166461945,
            0.08092088252305984,
            -0.022922953590750694
        ],
        [
            0.13340623676776886,
            0.09034394472837448,
            -0.0256024282425642
        ],
        [
            0.14949175715446472,
            0.0974593460559845,
            -0.018367508426308632
        ],
        [
            0.16184711456298828,
            0.09442895650863647,
            -0.007174653001129627
        ]
    ],
    "pred_vertices": [
        [
            0.12581534683704376,
            0.02074768766760826,
            -0.038387447595596313
        ],
        [
            0.12542374432086945,
            0.015595298260450363,
            -0.029296360909938812
        ],
        [
            0.1320745050907135,
            0.013797741383314133,
            -0.03772649168968201
        ],
        [
            0.13125480711460114,
            0.01797453500330448,
            -0.046178627759218216
        ],
        [
            0.13816623389720917,
            0.0018324647098779678,
            -0.02060367912054062
        ],
        [
            0.1379130631685257,
            -0.010381016880273819,
            -0.01919630914926529
        ],
        [
            0.1465010941028595,
            -0.007768262177705765,
            -0.03401826694607735
        ],
        [
            0.1463867872953415,
            0.0021809563040733337,
            -0.03229043632745743
        ],
        [
            0.1337662637233734,
            0.015468470752239227,
            -0.05331452563405037
        ],
        [
            0.13716557621955872,
            0.01237570121884346,
            -0.04429548978805542
        ],
        [
            0.13110026717185974,
            0.012281876057386398,
            -0.05607245862483978
        ],
        [
            0.12328530102968216,
            0.015514060854911804,
            -0.06626583635807037
        ],
        [
            0.1288759857416153,
            0.01860380358994007,
            -0.06191101670265198
        ],
        [
            0.12059251964092255,
            0.020685937255620956,
            -0.07279285788536072
        ],
        [
            0.11311367899179459,
            0.010817840695381165,
            -0.06391819566488266
        ],
        [
            0.111225426197052,
            0.02336459420621395,
            -0.07337556034326553
        ],
        [
            0.09447333216667175,
            0.027299024164676666,
            -0.04858500510454178
        ],
        [
            0.09118305146694183,
            0.03623635321855545,
            -0.038812700659036636
        ],
        [
            0.0951673686504364,
            0.04757826775312424,
            -0.05149785429239273
        ],
        [
            0.09904154390096664,
            0.03740442544221878,
            -0.05993674322962761
        ],
        [
            0.09379041939973831,
            0.05634373426437378,
            -0.03237996995449066
        ],
        [
            0.09469521045684814,
            0.05215092748403549,
            -0.04357396811246872
        ],
        [
            0.08950168639421463,
            0.04086500406265259,
            -0.031181305646896362
        ],
        [
            0.08924528956413269,
            0.04508144035935402,
            -0.021756324917078018
        ],
        [
            0.11923931539058685,
            0.027216417714953423,
            -0.02465006336569786
        ],
        [
            0.1178816631436348,
            0.021816931664943695,
            -0.015395183116197586
        ],
        [
            0.11930689960718155,
            0.019177637994289398,
            -0.02054719626903534
        ],
        [
            0.12083722651004791,
            0.024185242131352425,
            -0.029166873544454575
        ],
        [
            0.13280338048934937,
            0.003362990915775299,
            -0.05840442329645157
        ],
        [
            0.12272661924362183,
            -0.001436036080121994,
            -0.05633913353085518
        ],
        [
            0.1250833123922348,
            0.006142914295196533,
            -0.05811405926942825
        ],
        [
            0.1358938217163086,
            0.007746506482362747,
            -0.05629301816225052
        ],
        [
            0.1182340458035469,
            0.014015555381774902,
            0.012762866914272308
        ],
        [
            0.11018715798854828,
            0.005370870232582092,
            0.019446171820163727
        ],
        [
            0.1106552928686142,
            0.0009574480354785919,
            0.015561543405056
        ],
        [
            0.11744073033332825,
            0.009985633194446564,
            0.010109148919582367
        ],
        [
            0.12134919315576553,
            -0.011452369391918182,
            -0.0009266510605812073
        ],
        [
            0.1121106892824173,
            -0.013548359274864197,
            0.004719749093055725
        ],
        [
            0.10380267351865768,
            -0.024058055132627487,
            0.0008181557059288025
        ],
        [
            0.11022789776325226,
            -0.022432055324316025,
            -0.007150381803512573
        ],
        [
            0.13059879839420319,
            -0.01073651947081089,
            -0.00963570922613144
        ],
        [
            0.12219539284706116,
            -0.02145838364958763,
            -0.013897381722927094
        ],
        [
            0.13182495534420013,
            -0.01952524483203888,
            -0.02344518154859543
        ],
        [
            0.14186076819896698,
            -0.01490635797381401,
            -0.03820357471704483
        ],
        [
            0.10623493045568466,
            0.015021152794361115,
            0.027039039880037308
        ],
        [
            0.1120561882853508,
            0.02267533540725708,
            0.023495156317949295
        ],
        [
            0.15268854796886444,
            0.05905546993017197,
            -0.08621187508106232
        ],
        [
            0.15170839428901672,
            0.06297753006219864,
            -0.0818895772099495
        ],
        [
            0.1491014063358307,
            0.05872746556997299,
            -0.08043351024389267
        ],
        [
            0.15013766288757324,
            0.05577995255589485,
            -0.08534601330757141
        ],
        [
            0.09204564988613129,
            0.029424671083688736,
            0.024850673973560333
        ],
        [
            0.08285682648420334,
            0.02950611338019371,
            0.020567774772644043
        ],
        [
            0.08232051134109497,
            0.025568164885044098,
            0.02672233060002327
        ],
        [
            0.09107249975204468,
            0.02377317100763321,
            0.02983076125383377
        ],
        [
            0.09339073300361633,
            0.036846060305833817,
            0.01823635771870613
        ],
        [
            0.08426204323768616,
            0.0345999076962471,
            0.01188264787197113
        ],
        [
            0.1465909779071808,
            0.06297721713781357,
            -0.09681376069784164
        ],
        [
            0.15016521513462067,
            0.05978941172361374,
            -0.094792440533638
        ],
        [
            0.14578525722026825,
            0.05674154311418533,
            -0.09448082000017166
        ],
        [
            0.14163412153720856,
            0.059889815747737885,
            -0.09543311595916748
        ],
        [
            0.13036435842514038,
            0.021835073828697205,
            -0.05484549701213837
        ],
        [
            0.1279250830411911,
            0.025777803733944893,
            -0.04635713994503021
        ],
        [
            0.13199615478515625,
            0.0333242267370224,
            -0.0672096535563469
        ],
        [
            0.12934276461601257,
            0.03140245005488396,
            -0.0588996559381485
        ],
        [
            0.1294548660516739,
            0.02542136423289776,
            -0.06318007409572601
        ],
        [
            0.13057778775691986,
            0.028003469109535217,
            -0.07017801702022552
        ],
        [
            0.12242815643548965,
            0.044023483991622925,
            -0.03973567858338356
        ],
        [
            0.1199900358915329,
            0.03645257279276848,
            -0.03112250193953514
        ],
        [
            0.12161186337471008,
            0.03327950835227966,
            -0.036775313317775726
        ],
        [
            0.12534311413764954,
            0.040298186242580414,
            -0.047038666903972626
        ],
        [
            0.11970372498035431,
            0.04494691640138626,
            -0.01965339109301567
        ],
        [
            0.12163935601711273,
            0.05171183496713638,
            -0.029175646603107452
        ],
        [
            0.12112443894147873,
            0.0557393841445446,
            -0.02151872217655182
        ],
        [
            0.12087814509868622,
            0.05017981678247452,
            -0.01586725190281868
        ],
        [
            0.12475986778736115,
            0.06007752567529678,
            -0.04781007766723633
        ],
        [
            0.12504945695400238,
            0.0633867010474205,
            -0.05288366600871086
        ],
        [
            0.12664437294006348,
            0.06748819351196289,
            -0.04974350705742836
        ],
        [
            0.12432171404361725,
            0.062352608889341354,
            -0.04454853758215904
        ],
        [
            0.0807899683713913,
            0.021338939666748047,
            0.03225117549300194
        ],
        [
            0.08986547589302063,
            0.01779448240995407,
            0.033887460827827454
        ],
        [
            0.09561673551797867,
            0.06610841304063797,
            -0.012550465762615204
        ],
        [
            0.10089024156332016,
            0.06595059484243393,
            -0.0025453567504882812
        ],
        [
            0.10352244973182678,
            0.07719911634922028,
            -0.010191846638917923
        ],
        [
            0.09657302498817444,
            0.07472290098667145,
            -0.01946992799639702
        ],
        [
            0.07707056403160095,
            0.026081092655658722,
            0.012584090232849121
        ],
        [
            0.07514585554599762,
            0.023699704557657242,
            0.019845079630613327
        ],
        [
            0.14302203059196472,
            0.06791123002767563,
            -0.09549002349376678
        ],
        [
            0.1384865790605545,
            0.0645042359828949,
            -0.09313011169433594
        ],
        [
            0.11927320808172226,
            -0.022527948021888733,
            -0.028032802045345306
        ],
        [
            0.13400238752365112,
            -0.01771707460284233,
            -0.04290463775396347
        ],
        [
            0.10731960088014603,
            -0.02335260435938835,
            -0.017416328191757202
        ],
        [
            0.0986630916595459,
            -0.02313718944787979,
            -0.010419860482215881
        ],
        [
            0.09287383407354355,
            -0.025639522820711136,
            -0.004236072301864624
        ],
        [
            0.12918692827224731,
            0.03797517716884613,
            -0.05788923799991608
        ],
        [
            0.12360858172178268,
            0.027713246643543243,
            -0.038095150142908096
        ],
        [
            0.11851993948221207,
            0.030172143131494522,
            -0.020508691668510437
        ],
        [
            0.12046735733747482,
            0.051902126520872116,
            0.0016130022704601288
        ],
        [
            0.11903442442417145,
            0.04463556781411171,
            0.009121280163526535
        ],
        [
            0.12183834612369537,
            0.0402071475982666,
            -0.00030139461159706116
        ],
        [
            0.12193091958761215,
            0.047530874609947205,
            -0.005099419504404068
        ],
        [
            0.1100795790553093,
            0.06594236940145493,
            0.0013095289468765259
        ],
        [
            0.11736943572759628,
            0.06324080377817154,
            -0.0014948546886444092
        ],
        [
            0.11776980012655258,
            0.06991007179021835,
            -0.007346540689468384
        ],
        [
            0.11110316216945648,
            0.07453596591949463,
            -0.005653593689203262
        ],
        [
            0.1332445591688156,
            -0.0037836916744709015,
            -0.06072426214814186
        ],
        [
            0.12216418981552124,
            -0.008781224489212036,
            -0.05425761640071869
        ],
        [
            0.10216176509857178,
            0.0265999436378479,
            0.026581600308418274
        ],
        [
            0.10036839544773102,
            0.019590917974710464,
            0.029598556458950043
        ],
        [
            0.09631019830703735,
            0.013378344476222992,
            0.03379825875163078
        ],
        [
            0.11894489824771881,
            0.016951918601989746,
            -0.0017747357487678528
        ],
        [
            0.11709153652191162,
            0.007149249315261841,
            0.008312955498695374
        ],
        [
            0.11854911595582962,
            0.004454758018255234,
            0.005071267485618591
        ],
        [
            0.1184760332107544,
            0.015312004834413528,
            -0.004549108445644379
        ],
        [
            0.12769605219364166,
            0.011215440928936005,
            -0.018802449107170105
        ],
        [
            0.12926477193832397,
            0.0022230148315429688,
            -0.008700445294380188
        ],
        [
            0.13558125495910645,
            0.011093491688370705,
            -0.02831180766224861
        ],
        [
            0.11082915961742401,
            -0.006132401525974274,
            0.01158825308084488
        ],
        [
            0.10667577385902405,
            -0.006261475384235382,
            0.021806195378303528
        ],
        [
            0.10643403232097626,
            -0.013227880001068115,
            0.01622963696718216
        ],
        [
            0.1043495461344719,
            0.001306876540184021,
            0.0276644304394722
        ],
        [
            0.10097671300172806,
            0.008326485753059387,
            0.03209608793258667
        ],
        [
            0.07040061056613922,
            0.020601462572813034,
            0.026266194880008698
        ],
        [
            0.10500528663396835,
            -0.01879381388425827,
            0.010057710111141205
        ],
        [
            0.1503135710954666,
            0.00224168598651886,
            -0.04125169664621353
        ],
        [
            0.15277054905891418,
            0.0035230107605457306,
            -0.0491306446492672
        ],
        [
            0.14829206466674805,
            0.009190145879983902,
            -0.049081139266490936
        ],
        [
            0.14567270874977112,
            0.008495433256030083,
            -0.042862407863140106
        ],
        [
            0.12105915695428848,
            0.02777017280459404,
            -0.07960455864667892
        ],
        [
            0.12772385776042938,
            0.02658040076494217,
            -0.07545574009418488
        ],
        [
            0.12662477791309357,
            0.020556040108203888,
            -0.06832956522703171
        ],
        [
            0.12047820538282394,
            0.0247376449406147,
            0.008808020502328873
        ],
        [
            0.11532625555992126,
            0.031610529869794846,
            0.018198154866695404
        ],
        [
            0.13149689137935638,
            0.03980037197470665,
            -0.06610580533742905
        ],
        [
            0.1370530128479004,
            0.0572279617190361,
            -0.09422679245471954
        ],
        [
            0.14149892330169678,
            0.053402483463287354,
            -0.09338773787021637
        ],
        [
            0.1301659345626831,
            0.039500877261161804,
            -0.08667448908090591
        ],
        [
            0.12543955445289612,
            0.04433850571513176,
            -0.08825818449258804
        ],
        [
            0.1290050894021988,
            0.04964550957083702,
            -0.07006801664829254
        ],
        [
            0.13212458789348602,
            0.04324190691113472,
            -0.06829435378313065
        ],
        [
            0.13218000531196594,
            0.04577294737100601,
            -0.06919440627098083
        ],
        [
            0.13022874295711517,
            0.05212690308690071,
            -0.06921587139368057
        ],
        [
            0.12504659593105316,
            0.06991062313318253,
            -0.04091924428939819
        ],
        [
            0.12334626913070679,
            0.0652892217040062,
            -0.036464110016822815
        ],
        [
            0.1071828156709671,
            0.047855574637651443,
            -0.06964860111474991
        ],
        [
            0.10571273416280746,
            0.03683382645249367,
            -0.0772133395075798
        ],
        [
            0.1025920882821083,
            0.02849169261753559,
            -0.06776886433362961
        ],
        [
            0.12144210934638977,
            0.04784161597490311,
            -0.03332526236772537
        ],
        [
            0.12360319495201111,
            0.055068619549274445,
            -0.040523841977119446
        ],
        [
            0.12302399426698685,
            0.0575290247797966,
            -0.037174321711063385
        ],
        [
            0.128858283162117,
            0.042743269354104996,
            -0.05873136967420578
        ],
        [
            0.12987396121025085,
            0.04565966874361038,
            -0.06500200927257538
        ],
        [
            0.12831616401672363,
            0.04806505888700485,
            -0.06128068268299103
        ],
        [
            0.12718239426612854,
            0.04550643637776375,
            -0.05426985025405884
        ],
        [
            0.09725938737392426,
            0.05566234141588211,
            0.005324851721525192
        ],
        [
            0.10807321965694427,
            0.05609634891152382,
            0.00990569218993187
        ],
        [
            0.15223833918571472,
            0.05814342573285103,
            -0.09092941135168076
        ],
        [
            0.14876960217952728,
            0.05500992387533188,
            -0.09052985161542892
        ],
        [
            0.1191062331199646,
            0.04033011198043823,
            -0.025008201599121094
        ],
        [
            0.09996460378170013,
            0.019672248512506485,
            -0.055730171501636505
        ],
        [
            0.11817929893732071,
            0.033372219651937485,
            -0.015988599509000778
        ],
        [
            0.10560378432273865,
            0.07432393729686737,
            -0.03694856911897659
        ],
        [
            0.1134030744433403,
            0.07666313648223877,
            -0.032836634665727615
        ],
        [
            0.11581374704837799,
            0.07857466489076614,
            -0.03622575104236603
        ],
        [
            0.1110832467675209,
            0.07901832461357117,
            -0.04065285250544548
        ],
        [
            0.13867394626140594,
            0.06364881247282028,
            -0.0754799023270607
        ],
        [
            0.14326198399066925,
            0.0600028857588768,
            -0.07527446746826172
        ],
        [
            0.14623364806175232,
            0.06340323388576508,
            -0.07727701216936111
        ],
        [
            0.14203870296478271,
            0.06737309694290161,
            -0.07790180295705795
        ],
        [
            0.13365620374679565,
            0.037908315658569336,
            -0.07033181190490723
        ],
        [
            0.13321907818317413,
            0.03285462409257889,
            -0.07425565272569656
        ],
        [
            0.13610056042671204,
            0.038167960941791534,
            -0.0762242004275322
        ],
        [
            0.13483136892318726,
            0.04232014715671539,
            -0.07203781604766846
        ],
        [
            0.13032273948192596,
            0.03222040459513664,
            -0.07969171553850174
        ],
        [
            0.1338735967874527,
            0.03715506196022034,
            -0.08206114917993546
        ],
        [
            0.13410180807113647,
            0.06580931693315506,
            -0.07966409623622894
        ],
        [
            0.13166484236717224,
            0.06494035571813583,
            -0.086772620677948
        ],
        [
            0.12105021625757217,
            0.054707661271095276,
            -0.08024179935455322
        ],
        [
            0.12617510557174683,
            0.05638362467288971,
            -0.07415015250444412
        ],
        [
            0.08357105404138565,
            0.03461228311061859,
            -0.012123115360736847
        ],
        [
            0.08503551781177521,
            0.040590155869722366,
            -0.0027423836290836334
        ],
        [
            0.0904955267906189,
            0.05133046209812164,
            -0.012105435132980347
        ],
        [
            0.0946139246225357,
            0.06271927803754807,
            -0.021373804658651352
        ],
        [
            0.09954220801591873,
            0.07222126424312592,
            -0.030912628397345543
        ],
        [
            0.09675933420658112,
            0.06625300645828247,
            -0.04132447764277458
        ],
        [
            0.09169676154851913,
            0.05430040881037712,
            -0.004439648240804672
        ],
        [
            0.12162704765796661,
            0.053606923669576645,
            -0.07171115279197693
        ],
        [
            0.11442726850509644,
            0.04855959117412567,
            -0.07593818753957748
        ],
        [
            0.1150224432349205,
            0.05254435911774635,
            -0.0725143775343895
        ],
        [
            0.11951614171266556,
            0.03805624693632126,
            -0.010275818407535553
        ],
        [
            0.14488816261291504,
            0.05133863911032677,
            -0.08978097140789032
        ],
        [
            0.07927369326353073,
            -0.009590301662683487,
            -0.011154934763908386
        ],
        [
            0.0735381692647934,
            0.0010508894920349121,
            -0.005308404564857483
        ],
        [
            0.07755538821220398,
            0.004402179270982742,
            -0.012404974550008774
        ],
        [
            0.08481110632419586,
            -0.007537387311458588,
            -0.018641818314790726
        ],
        [
            0.14654560387134552,
            0.05488236993551254,
            -0.07856455445289612
        ],
        [
            0.14743730425834656,
            0.051519520580768585,
            -0.08391182869672775
        ],
        [
            0.1231660470366478,
            0.07008054107427597,
            -0.03156979754567146
        ],
        [
            0.1239892840385437,
            0.07342301309108734,
            -0.03641247749328613
        ],
        [
            0.12186196446418762,
            0.0769151821732521,
            -0.03483632951974869
        ],
        [
            0.12326790392398834,
            0.07569433748722076,
            -0.02904447913169861
        ],
        [
            0.0861729234457016,
            0.042302075773477554,
            0.0029345527291297913
        ],
        [
            0.10902515798807144,
            0.08301503211259842,
            -0.01533704623579979
        ],
        [
            0.10246269404888153,
            0.08071691542863846,
            -0.0236889086663723
        ],
        [
            0.08019077032804489,
            0.03105805814266205,
            0.005011461675167084
        ],
        [
            0.07822369039058685,
            0.025927498936653137,
            -0.0031533092260360718
        ],
        [
            0.07435345649719238,
            0.02010604366660118,
            0.003735572099685669
        ],
        [
            0.10271438956260681,
            0.06231406703591347,
            -0.055061258375644684
        ],
        [
            0.08405422419309616,
            0.031324468553066254,
            -0.02022002637386322
        ],
        [
            0.07894191145896912,
            0.022268228232860565,
            -0.009914480149745941
        ],
        [
            0.07434922456741333,
            0.015134274959564209,
            -0.0019958466291427612
        ],
        [
            0.070467010140419,
            0.010691031813621521,
            0.003987148404121399
        ],
        [
            0.0709942877292633,
            0.016555864363908768,
            0.009686555713415146
        ],
        [
            0.13370175659656525,
            0.06176881864666939,
            -0.0912642627954483
        ],
        [
            0.13647501170635223,
            0.06887774169445038,
            -0.08859090507030487
        ],
        [
            0.06563277542591095,
            0.013110347092151642,
            0.016253232955932617
        ],
        [
            0.06588590145111084,
            0.006450258195400238,
            0.009738676249980927
        ],
        [
            0.08047689497470856,
            0.016854289919137955,
            -0.017262045294046402
        ],
        [
            0.08380083739757538,
            0.009662970900535583,
            -0.02547842264175415
        ],
        [
            0.08562128990888596,
            0.025793451815843582,
            -0.026863493025302887
        ],
        [
            0.08907125890254974,
            0.019509393721818924,
            -0.03597383201122284
        ],
        [
            0.09820303320884705,
            0.05491190403699875,
            -0.06212839484214783
        ],
        [
            0.15073680877685547,
            0.0808805450797081,
            -0.08975987881422043
        ],
        [
            0.14204558730125427,
            0.07414360344409943,
            -0.08576976507902145
        ],
        [
            0.14488175511360168,
            0.07201047241687775,
            -0.08108173310756683
        ],
        [
            0.15138965845108032,
            0.08025753498077393,
            -0.08536957949399948
        ],
        [
            0.13822013139724731,
            0.06951887905597687,
            -0.0819673091173172
        ],
        [
            0.14095023274421692,
            0.07239872217178345,
            -0.09111866354942322
        ],
        [
            0.09642401337623596,
            0.00926617905497551,
            -0.04406554996967316
        ],
        [
            0.12919311225414276,
            0.052173882722854614,
            -0.06709671020507812
        ],
        [
            0.09410691261291504,
            -0.003553774207830429,
            -0.03233526274561882
        ],
        [
            0.10784077644348145,
            0.0014767218381166458,
            -0.0547749400138855
        ],
        [
            0.10847119987010956,
            -0.008293233811855316,
            -0.04540972411632538
        ],
        [
            0.09390930831432343,
            -0.017429105937480927,
            -0.020901687443256378
        ],
        [
            0.10643304884433746,
            -0.01844291016459465,
            -0.03259843587875366
        ],
        [
            0.0832778811454773,
            -0.020727191120386124,
            -0.006758153438568115
        ],
        [
            0.08767593652009964,
            -0.017719771713018417,
            -0.013708114624023438
        ],
        [
            0.11999553442001343,
            -0.017474345862865448,
            -0.04353868216276169
        ],
        [
            0.15924236178398132,
