{
    "pred_cam": [
        7.326569557189941,
        -0.04848865419626236,
        -0.0055974628776311874
    ],
    "pred_mano_params": {
        "global_orient": [
            [
                [
                    0.9437549710273743,
                    0.3147982060909271,
                    0.10113678872585297
                ],
                [
                    0.33058011531829834,
                    -0.8922538757324219,
                    -0.3075708746910095
                ],
                [
                    -0.006583062000572681,
                    0.3237053453922272,
                    -0.9461350440979004
                ]
            ]
        ],
        "hand_pose": [
            [
                [
                    0.6970336437225342,
                    -0.6957123279571533,
                    -0.17357587814331055
                ],
                [
                    0.6725262999534607,
                    0.718281090259552,
                    -0.1782713085412979
                ],
                [
                    0.248701810836792,
                    0.007526738569140434,
                    0.9685509204864502
                ]
            ],
            [
                [
                    0.7197478413581848,
                    -0.6744697690010071,
                    0.16447968780994415
                ],
                [
                    0.6902673244476318,
                    0.6699631810188293,
                    -0.27327725291252136
                ],
                [
                    0.07412190735340118,
                    0.3102256655693054,
                    0.9477689862251282
                ]
            ],
            [
                [
                    0.8667138814926147,
                    -0.4955681264400482,
                    0.05673879012465477
                ],
                [
                    0.4853190779685974,
                    0.86407870054245,
                    0.13354192674160004
                ],
                [
                    -0.11520589143037796,
                    -0.0882062241435051,
                    0.9894176721572876
                ]
            ],
            [
                [
                    0.3651314079761505,
                    -0.8898776769638062,
                    -0.2734901010990143
                ],
                [
                    0.9273868203163147,
                    0.37338167428970337,
                    0.02323317900300026
                ],
                [
                    0.08144150674343109,
                    -0.2621142864227295,
                    0.9615942239761353
                ]
            ],
            [
                [
                    0.9021158218383789,
                    -0.3795854151248932,
                    -0.20518767833709717
                ],
                [
                    0.4135480225086212,
                    0.8962997794151306,
                    0.16007739305496216
                ],
                [
                    0.12314662337303162,
                    -0.2292633056640625,
                    0.9655430316925049
                ]
            ],
            [
                [
                    0.868380069732666,
                    -0.4705975651741028,
                    0.15637768805027008
                ],
                [
                    0.4725407361984253,
                    0.880898654460907,
                    0.026882991194725037
                ],
                [
                    -0.15040399134159088,
                    0.05055017024278641,
                    0.9873313307762146
                ]
            ],
            [
                [
                    0.3460427522659302,
                    -0.9304022192955017,
                    -0.12085600197315216
                ],
                [
                    0.5725018382072449,
                    0.1073436439037323,
                    0.8128462433815002
                ],
                [
                    -0.7433007955551147,
                    -0.35046982765197754,
                    0.569802463054657
                ]
            ],
            [
                [
                    0.9496052265167236,
                    -0.28463655710220337,
                    -0.13127067685127258
                ],
                [
                    0.28748583793640137,
                    0.9577804803848267,
                    0.0028846964705735445
                ],
                [
                    0.12490741908550262,
                    -0.04047778248786926,
                    0.991342306137085
                ]
            ],
            [
                [
                    0.9919818639755249,
                    0.012680391781032085,
                    0.12574248015880585
                ],
                [
                    -0.06560466438531876,
                    0.9020640254020691,
                    0.42658698558807373
                ],
                [
                    -0.10801848769187927,
                    -0.431415855884552,
                    0.8956630229949951
                ]
            ],
            [
                [
                    0.20475655794143677,
                    -0.9766955375671387,
                    -0.06434757262468338
                ],
                [
                    0.9518411159515381,
                    0.18335717916488647,
                    0.2457207590341568
                ],
                [
                    -0.22819577157497406,
                    -0.11156158894300461,
                    0.9672025442123413
                ]
            ],
            [
                [
                    0.9721828699111938,
                    -0.22590702772140503,
                    -0.0618581660091877
                ],
                [
                    0.23193825781345367,
                    0.891721248626709,
                    0.3886357545852661
                ],
                [
                    -0.03263530507683754,
                    -0.39217230677604675,
                    0.919312596321106
                ]
            ],
            [
                [
                    0.8882793188095093,
                    -0.4039857089519501,
                    0.21853004395961761
                ],
                [
                    0.33645668625831604,
                    0.8962083458900452,
                    0.289149671792984
                ],
                [
                    -0.3126607835292816,
                    -0.1833198070526123,
                    0.9320070147514343
                ]
            ],
            [
                [
                    0.9293779134750366,
                    -0.2631983757019043,
                    -0.25881147384643555
                ],
                [
                    -0.1838618665933609,
                    0.2779013216495514,
                    -0.9428497552871704
                ],
                [
                    0.32008060812950134,
                    0.9238492250442505,
                    0.2098832130432129
                ]
            ],
            [
                [
                    0.9438187479972839,
                    -0.3144848644733429,
                    0.10151471197605133
                ],
                [
                    0.20938318967819214,
                    0.8067526817321777,
                    0.5525475740432739
                ],
                [
                    -0.255665123462677,
                    -0.5002493858337402,
                    0.8272761702537537
                ]
            ],
            [
                [
                    0.9843723177909851,
                    0.10489629954099655,
                    -0.14144901931285858
                ],
                [
                    -0.14082597196102142,
                    0.9511722326278687,
                    -0.27466243505477905
                ],
                [
                    0.1057312861084938,
                    0.29028981924057007,
                    0.9510797262191772
                ]
            ]
        ],
        "betas": [
            -0.01699422299861908,
            -0.01633360981941223,
            -0.008877068758010864,
            -0.01966032385826111,
            -0.047948867082595825,
            -0.08381219953298569,
            -0.006805688142776489,
            -0.04423108696937561,
            0.01537349820137024,
            -0.06518998742103577
        ]
    },
    "pred_cam_t": [
        -0.04848865419626236,
        -0.0055974628776311874,
        5.331622123718262
    ],
    "focal_length": [
        5000.0,
        5000.0
    ],
    "pred_keypoints_3d": [
        [
            0.09575223922729492,
            0.006380509119480848,
            0.0061922837048769
        ],
        [
            0.07071246206760406,
            0.004404888954013586,
            -0.02311098389327526
        ],
        [
            0.04156019538640976,
            0.012942466884851456,
            -0.028456540778279305
        ],
        [
            0.015822146087884903,
            0.021031426265835762,
            -0.031379252672195435
        ],
        [
            -0.018745359033346176,
            0.030236784368753433,
            -0.03559497743844986
        ],
        [
            0.013031281530857086,
            -0.02447882853448391,
            -0.014461548998951912
        ],
        [
            -0.01822543516755104,
            -0.013859338127076626,
            -0.014991597272455692
        ],
        [
            -0.024539848789572716,
            0.007392234168946743,
            -0.016290489584207535
        ],
        [
            -0.02092391438782215,
            0.03178463131189346,
            -0.018692616373300552
        ],
        [
            0.005554087460041046,
            -0.022597838193178177,
            0.009540927596390247
        ],
        [
            -0.015122883021831512,
            0.001471143215894699,
            0.008357616141438484
        ],
        [
            -0.01825566217303276,
            0.02438579685986042,
            0.005564515478909016
        ],
        [
            -0.01643439568579197,
            0.04782529175281525,
            -0.004485573619604111
        ],
        [
            0.014612466096878052,
            -0.008914228528738022,
            0.030734146013855934
        ],
        [
            -0.0011229999363422394,
            0.013044947758316994,
            0.020515792071819305
        ],
        [
            -0.0034368650522083044,
            0.03624087572097778,
            0.011936089023947716
        ],
        [
            -0.003108602948486805,
            0.055449534207582474,
            -0.004324324429035187
        ],
        [
            0.023274891078472137,
            0.005821130704134703,
            0.04436317831277847
        ],
        [
            0.013371859677135944,
            0.02043037675321102,
            0.03269745782017708
        ],
        [
            0.009714623913168907,
            0.03572779893875122,
            0.022076228633522987
        ],
        [
            0.006659983657300472,
            0.05064688250422478,
            0.006405996158719063
        ]
    ],
    "pred_vertices": [
        [
            0.04547412693500519,
            -6.512179970741272e-05,
            -0.013190800324082375
        ],
        [
            0.05600711703300476,
            0.0045036133378744125,
            -0.012022444978356361
        ],
        [
            0.04860097914934158,
            0.005586531013250351,
            -0.014837258495390415
        ],
        [
            0.03972239792346954,
            -0.0006186794489622116,
            -0.01862994208931923
        ],
        [
            0.06257375329732895,
            0.022186050191521645,
            -0.01630173996090889
        ],
        [
            0.06821180880069733,
            0.024113332852721214,
            -0.026742033660411835
        ],
        [
            0.051976125687360764,
            0.02516782283782959,
            -0.02820463292300701
        ],
        [
            0.04971896857023239,
            0.02433585748076439,
            -0.018330009654164314
        ],
        [
            0.034525103867053986,
            -0.001978375017642975,
            -0.02157573774456978
        ],
        [
            0.04142172262072563,
            0.007080066949129105,
            -0.017076516523957253
        ],
        [
            0.03310013189911842,
            -0.0035843010991811752,
            -0.022174116224050522
        ],
        [
            0.03022937849164009,
            -0.018342439085245132,
            -0.025895429775118828
        ],
        [
            0.029512932524085045,
            -0.012091534212231636,
            -0.02449650689959526
        ],
        [
            0.025442834943532944,
            -0.025414563715457916,
            -0.025164276361465454
        ],
        [
            0.03845417872071266,
            -0.0246177539229393,
            -0.025485768914222717
        ],
        [
            0.027507208287715912,
            -0.033028725534677505,
            -0.019916081801056862
        ],
        [
            0.04950794577598572,
            -0.02985364943742752,
            0.00010621268302202225
        ],
        [
            0.0519244521856308,
            -0.025426458567380905,
            0.012965215370059013
        ],
        [
            0.03459837660193443,
            -0.030773960053920746,
            0.015497328713536263
        ],
        [
            0.03385480120778084,
            -0.033755041658878326,
            0.0017783376388251781
        ],
        [
            0.0416153259575367,
            -0.018462520092725754,
            0.031294696033000946
        ],
        [
            0.036932408809661865,
            -0.0253714919090271,
            0.0226744432002306
        ],
        [
            0.05460093915462494,
            -0.021328849717974663,
            0.020638667047023773
        ],
        [
            0.0579131655395031,
            -0.015118500217795372,
            0.02813834697008133
        ],
        [
            0.052691422402858734,
            0.00459538958966732,
            -0.0006111303810030222
        ],
        [
            0.06271662563085556,
            0.00894937478005886,
            -0.0008367495611310005
        ],
        [
            0.06128351762890816,
            0.0057183485478162766,
            -0.005651454441249371
        ],
        [
            0.05121328681707382,
            0.002394596114754677,
            -0.005536639131605625
        ],
        [
            0.03172600269317627,
            0.0022003138437867165,
            -0.028921611607074738
        ],
        [
            0.0424623005092144,
            -0.008802021853625774,
            -0.031769465655088425
        ],
        [
            0.03664853423833847,
            -0.00882378313690424,
            -0.02684060111641884
        ],
        [
            0.029995815828442574,
            0.005040192045271397,
            -0.02438226342201233
        ],
        [
            0.08430464565753937,
            0.02782456763088703,
            0.005194320343434811
        ],
        [
            0.09771531820297241,
            0.025546355172991753,
            0.004872942343354225
        ],
        [
            0.09784039855003357,
            0.022977611050009727,
            -0.0005371677689254284
        ],
        [
            0.08571677654981613,
            0.025065500289201736,
            0.0009107082150876522
        ],
        [
            0.08926773816347122,
            0.02014072798192501,
            -0.02075355499982834
        ],
        [
            0.09887632727622986,
            0.016399171203374863,
            -0.017621416598558426
        ],
        [
            0.10611261427402496,
            0.007509749382734299,
            -0.023743290454149246
        ],
        [
            0.09583637863397598,
            0.008634541183710098,
            -0.028292370960116386
        ],
        [
            0.07864140719175339,
            0.022396989166736603,
            -0.024305112659931183
        ],
        [
            0.08395840227603912,
            0.014444595202803612,
            -0.03312721848487854
        ],
        [
            0.07109333574771881,
            0.018093522638082504,
            -0.035568952560424805
        ],
        [
            0.053104475140571594,
            0.02065633051097393,
            -0.03603615611791611
        ],
        [
            0.0984506607055664,
            0.028120141476392746,
            0.017428413033485413
        ],
        [
            0.08867086470127106,
            0.03074805624783039,
            0.019375866279006004
        ],
        [
            -0.011139024049043655,
            -0.0042221639305353165,
            -0.021910231560468674
        ],
        [
            -0.010560824535787106,
            -0.0020158253610134125,
            -0.016241546720266342
        ],
        [
            -0.00747142406180501,
            -0.004029422998428345,
            -0.016789257526397705
        ],
        [
            -0.008761145174503326,
            -0.0060439277440309525,
            -0.022105680778622627
        ],
        [
            0.09527420252561569,
            0.016928721219301224,
            0.03407963737845421
        ],
        [
            0.09707115590572357,
            0.007257533259689808,
            0.03625458851456642
        ],
        [
            0.1035553589463234,
            0.010586576536297798,
            0.03600512072443962
        ],
        [
            0.1023029088973999,
            0.019068986177444458,
            0.0321492999792099
        ],
        [
            0.08601277321577072,
            0.014039007015526295,
            0.03660793974995613
        ],
        [
            0.08790206164121628,
            0.0029352428391575813,
            0.03601352125406265
        ],
        [
            -0.021468937397003174,
            -0.01184232346713543,
            -0.02250717580318451
        ],
        [
            -0.01790672540664673,
            -0.009102070704102516,
            -0.02520674467086792
        ],
        [
            -0.015574978664517403,
            -0.013380911201238632,
            -0.024686988443136215
        ],
        [
            -0.018117990344762802,
            -0.016659867018461227,
            -0.021187154576182365
        ],
        [
            0.031878627836704254,
            -0.0069794561713933945,
            -0.020953793078660965
        ],
        [
            0.03603509068489075,
            -0.0033447183668613434,
            -0.014127368107438087
        ],
        [
            0.01734527014195919,
            -0.013423140160739422,
            -0.018765902146697044
        ],
        [
            0.02416326105594635,
            -0.010260315611958504,
            -0.015928814187645912
        ],
        [
            0.02517859824001789,
            -0.013199279084801674,
            -0.02198525331914425
        ],
        [
            0.019412606954574585,
            -0.01657615229487419,
            -0.02356165461242199
        ],
        [
            0.0317097082734108,
            -0.001982731744647026,
            0.004874781705439091
        ],
        [
            0.042705368250608444,
            0.0014804396778345108,
            0.0036537563428282738
        ],
        [
            0.040371667593717575,
            -0.0012852642685174942,
            -0.001932838698849082
        ],
        [
            0.028020132333040237,
            -0.004839980974793434,
            -0.0024305691476911306
        ],
        [
            0.04487980157136917,
            0.00938362255692482,
            0.015189196914434433
        ],
        [
            0.034180086106061935,
            0.00479092076420784,
            0.01566094346344471
        ],
        [
            0.03696928918361664,
            0.009772035293281078,
            0.022075291723012924
        ],
        [
            0.04360641539096832,
            0.01310291700065136,
            0.020302582532167435
        ],
        [
            0.016533905640244484,
            -0.004982729442417622,
            0.01327951904386282
        ],
        [
            0.012500671669840813,
            -0.007694960571825504,
            0.01283754501491785
        ],
        [
            0.012719595804810524,
            -0.005195519886910915,
            0.015017658472061157
        ],
        [
            0.017741352319717407,
            -0.0030013397336006165,
            0.01606958918273449
        ],
        [
            0.11032970249652863,
            0.012754632160067558,
            0.03568822517991066
        ],
        [
            0.10907966643571854,
            0.020401567220687866,
            0.029673447832465172
        ],
        [
            0.04739054664969444,
            -0.002758466172963381,
            0.04586260765790939
        ],
        [
            0.05168839171528816,
            0.007626050151884556,
            0.04700279235839844
        ],
        [
            0.03870527818799019,
            0.00720620434731245,
            0.049511659890413284
        ],
        [
            0.03695201128721237,
            -0.00509221013635397,
            0.0486011803150177
        ],
        [
            0.09702666103839874,
            -0.002467941492795944,
            0.0326511487364769
        ],
        [
            0.10392411798238754,
            0.000637478195130825,
            0.034692928194999695
        ],
        [
            -0.02365437150001526,
            -0.01295723021030426,
            -0.016625843942165375
        ],
        [
            -0.019873779267072678,
            -0.017383061349391937,
            -0.015285340137779713
        ],
        [
            0.07466232031583786,
            0.0048382338136434555,
            -0.03903478384017944
        ],
        [
            0.05378344655036926,
            0.011605853214859962,
            -0.04071078449487686
        ],
        [
            0.09002409130334854,
            0.00011866912245750427,
            -0.03339723125100136
        ],
        [
            0.09995529055595398,
            -0.0033369865268468857,
            -0.0267813540995121
        ],
        [
            0.1089245080947876,
            -0.004443259909749031,
            -0.022950278595089912
        ],
        [
            0.0209744144231081,
            -0.009350437670946121,
            -0.01029922068119049
        ],
        [
            0.04203076288104057,
            -0.001063397154211998,
            -0.007589294575154781
        ],
        [
            0.05371740832924843,
            0.007084576413035393,
            0.003788691945374012
        ],
        [
            0.05354899913072586,
            0.024441592395305634,
            0.02930968627333641
        ],
        [
            0.06310451030731201,
            0.02786053717136383,
            0.02755664475262165
        ],
        [
            0.058581236749887466,
            0.023535439744591713,
            0.01877799816429615
        ],
        [
            0.05130022391676903,
            0.020865164697170258,
            0.022364897653460503
        ],
        [
            0.04995748773217201,
            0.017372218891978264,
            0.04433033615350723
        ],
        [
            0.046699535101652145,
            0.020922714844346046,
            0.03785856440663338
        ],
        [
            0.03971194475889206,
            0.01856653019785881,
            0.038907241076231
        ],
        [
            0.04041357710957527,
            0.015350205823779106,
            0.045812878757715225
        ],
        [
            0.03347640484571457,
            0.0034640957601368427,
            -0.03599072992801666
        ],
        [
            0.047523465007543564,
            -0.0068463291972875595,
            -0.03656645119190216
        ],
        [
            0.09307700395584106,
            0.02549620345234871,
            0.028184659779071808
        ],
        [
            0.10012831538915634,
            0.025669028982520103,
            0.02471587061882019
        ],
        [
            0.10856731981039047,
            0.02490169182419777,
            0.023360511288046837
        ],
        [
            0.07365629076957703,
            0.01836676150560379,
            0.00041252002120018005
        ],
        [
            0.08670175075531006,
            0.023238029330968857,
            -0.0021979757584631443
        ],
        [
            0.08590351790189743,
            0.021652817726135254,
            -0.006376836448907852
        ],
        [
            0.07376495003700256,
            0.015411539003252983,
            -0.0022123116068542004
        ],
        [
            0.0655718743801117,
            0.011897012591362,
            -0.010225418955087662
        ],
        [
            0.07493582367897034,
            0.02021900750696659,
            -0.014177532866597176
        ],
        [
            0.05556419491767883,
            0.01445300504565239,
            -0.010903186164796352
        ],
        [
            0.09957954287528992,
            0.01991468109190464,
            -0.008064396679401398
        ],
        [
            0.10808662325143814,
            0.023470629006624222,
            -0.0017304904758930206
        ],
        [
            0.10886642336845398,
            0.019175179302692413,
            -0.009515749290585518
        ],
        [
            0.10823533684015274,
            0.026109525933861732,
            0.007718591019511223
        ],
        [
            0.1083112433552742,
            0.02695186249911785,
            0.01658622920513153
        ],
        [
            0.11210785806179047,
            0.001048630103468895,
            0.03706245496869087
        ],
        [
            0.10889320075511932,
            0.014015104621648788,
            -0.01600150391459465
        ],
        [
            0.040752850472927094,
            0.024638637900352478,
            -0.021159609779715538
        ],
        [
            0.03262995928525925,
            0.025566060096025467,
            -0.02462530881166458
        ],
        [
            0.030657771974802017,
            0.020014533773064613,
            -0.019592594355344772
        ],
        [
            0.038198474794626236,
            0.01851702108979225,
            -0.015918754041194916
        ],
        [
            0.017612013965845108,
            -0.029114849865436554,
            -0.023947587236762047
        ],
        [
            0.018316779285669327,
            -0.021713174879550934,
            -0.02568177506327629
        ],
        [
            0.02593196928501129,
            -0.018387477844953537,
            -0.02601701021194458
        ],
        [
            0.07419493794441223,
            0.02758249267935753,
            0.011070679873228073
        ],
        [
            0.07834962010383606,
            0.030270222574472427,
            0.02276645228266716
        ],
        [
            0.014263678342103958,
            -0.012583132833242416,
            -0.013088644482195377
        ],
        [
            -0.014969734475016594,
            -0.020699283108115196,
            -0.020402273163199425
        ],
        [
            -0.012183168902993202,
            -0.017284272238612175,
            -0.02462722361087799
        ],
        [
            0.003949697595089674,
            -0.02519490197300911,
            -0.02459842525422573
        ],
        [
            0.0007986947894096375,
            -0.029436353594064713,
            -0.01988697052001953
        ],
        [
            0.007279478013515472,
            -0.016007674857974052,
            -0.006848194170743227
        ],
        [
            0.011012688279151917,
            -0.012863204814493656,
            -0.012052896432578564
        ],
        [
            0.009218945167958736,
            -0.013014182448387146,
            -0.011003178544342518
        ],
        [
            0.005371210630983114,
            -0.013974357396364212,
            -0.0055930521339178085
        ],
        [
            0.017658475786447525,
            -9.138276800513268e-05,
            0.021075734868645668
        ],
        [
            0.021680977195501328,
            0.001964137889444828,
            0.021806996315717697
        ],
        [
            0.017602838575839996,
            -0.03320057690143585,
            0.0025388626381754875
        ],
        [
            0.01984555274248123,
            -0.04005659744143486,
            -0.009310579858720303
        ],
        [
            0.03232891485095024,
            -0.03643164783716202,
            -0.010362531058490276
        ],
        [
            0.03391500934958458,
            0.0017050616443157196,
            0.01100105419754982
        ],
        [
            0.024273721501231194,
            -0.0011106189340353012,
            0.012705103494226933
        ],
        [
            0.025332767516374588,
            0.0008181137964129448,
            0.016158608719706535
        ],
        [
            0.017833758145570755,
            -0.009792337194085121,
            -0.006826683413237333
        ],
        [
            0.011966029182076454,
            -0.01281689666211605,
            -0.007486967369914055
        ],
        [
            0.013778834603726864,
            -0.01168778445571661,
            -0.003513710107654333
        ],
        [
            0.01970696821808815,
            -0.007959038950502872,
            -0.0021890169009566307
        ],
        [
            0.06461590528488159,
            0.009367039427161217,
            0.044369783252477646
        ],
        [
            0.06204928830265999,
            0.020626572892069817,
            0.041773512959480286
        ],
        [
            -0.01397369522601366,
            -0.006546491757035255,
            -0.025030532851815224
        ],
        [
            -0.011785252951085567,
            -0.009517598897218704,
            -0.02503049187362194
        ],
        [
            0.04461374133825302,
            0.005093177780508995,
            0.009611044079065323
        ],
        [
            0.04620836675167084,
            -0.030452700331807137,
            -0.011366869322955608
        ],
        [
            0.054701030254364014,
            0.01006692461669445,
            0.008311714977025986
        ],
        [
            0.02233121730387211,
            -0.009182951413094997,
            0.03722682222723961
        ],
        [
            0.02098403498530388,
            -0.0007638749666512012,
            0.03556693345308304
        ],
        [
            0.018070584163069725,
            0.00046945788199082017,
            0.03350028023123741
        ],
        [
            0.01621088758111,
            -0.004735368303954601,
            0.03484809026122093
        ],
        [
            -0.007748808711767197,
            -0.008819252252578735,
            -0.005645331926643848
        ],
        [
            -0.006026126444339752,
            -0.0054917484521865845,
            -0.010258483700454235
        ],
        [
            -0.008265365846455097,
            -0.003991536796092987,
            -0.010545814409852028
        ],
        [
            -0.011230049654841423,
            -0.006718937307596207,
            -0.0060894605703651905
        ],
        [
            0.012952782213687897,
            -0.013238862156867981,
            -0.017655089497566223
        ],
        [
            0.01389329694211483,
            -0.016254248097538948,
            -0.023182271048426628
        ],
        [
            0.009261338040232658,
            -0.014416705816984177,
            -0.022138213738799095
        ],
        [
            0.009201981127262115,
            -0.012706170789897442,
            -0.01626991108059883
        ],
        [
            0.01241394504904747,
            -0.021673671901226044,
            -0.025385744869709015
        ],
        [
            0.00731180515140295,
            -0.019758161157369614,
            -0.02522074431180954
        ],
        [
            -0.011226382106542587,
            -0.014079432934522629,
            -0.004218753427267075
        ],
        [
            -0.015030856244266033,
            -0.019411293789744377,
            -0.00803008396178484
        ],
        [
            -0.0004791221581399441,
            -0.027015365660190582,
            -0.0057884929701685905
        ],
        [
            0.0005502304993569851,
            -0.01956145651638508,
            -0.0033874292857944965
        ],
        [
            0.07326021045446396,
            -0.013455159962177277,
            0.026248076930642128
        ],
        [
            0.07471553981304169,
            -0.0058481162413954735,
            0.03429831191897392
        ],
        [
            0.05945714935660362,
            -0.007520841434597969,
            0.03663258254528046
        ],
        [
            0.04413904622197151,
            -0.009861869737505913,
            0.04013741388916969
        ],
        [
            0.02981746755540371,
            -0.01138308085501194,
            0.0416102260351181
        ],
        [
            0.027891799807548523,
            -0.021354474127292633,
            0.03456258773803711
        ],
        [
            0.06190222129225731,
            -0.0012937304563820362,
            0.04162263870239258
        ],
        [
            0.009020707570016384,
            -0.022519132122397423,
            -0.0015597613528370857
        ],
        [
            0.00956505723297596,
            -0.03107304312288761,
            -0.0037989229895174503
        ],
        [
            0.01080927811563015,
            -0.02795402705669403,
            0.0006205865647643805
        ],
        [
            0.05478505790233612,
            0.015124030411243439,
            0.013842477463185787
        ],
        [
            -0.009057324379682541,
            -0.012958208099007607,
            -0.02554905414581299
        ],
        [
            0.10222294181585312,
            -0.018716629594564438,
            -0.007079058792442083
        ],
        [
            0.10270031541585922,
            -0.01848573610186577,
            0.0067847371101379395
        ],
        [
            0.09427481144666672,
            -0.019865643233060837,
            0.0045429132878780365
        ],
        [
            0.0931587815284729,
            -0.0191386379301548,
            -0.011653007008135319
        ],
        [
            -0.005400124937295914,
            -0.005184920504689217,
            -0.01730545423924923
        ],
        [
            -0.006058022379875183,
            -0.007906848564743996,
            -0.0231130663305521
        ],
        [
            0.022141333669424057,
            0.006339329294860363,
            0.026367023587226868
        ],
        [
            0.018419135361909866,
            0.0036655948497354984,
            0.02554010972380638
        ],
        [
            0.0190466046333313,
            0.0046179695054888725,
            0.02870027720928192
        ],
        [
            0.021326808258891106,
            0.008509493432939053,
            0.029827574267983437
        ],
        [
            0.0766579732298851,
            -0.0011496255174279213,
            0.0375889427959919
        ],
        [
            0.030919698998332024,
            0.012223095633089542,
            0.0477876253426075
        ],
        [
            0.028683479875326157,
            -0.00029509072192013264,
            0.04757393151521683
        ],
        [
            0.08775398135185242,
            -0.004801739938557148,
            0.03203443065285683
        ],
        [
            0.08677414804697037,
            -0.01194012351334095,
            0.025401413440704346
        ],
        [
            0.09648402780294418,
            -0.010668376460671425,
            0.025382664054632187
        ],
        [
            0.019709374755620956,
            -0.025503959506750107,
            0.022395171225070953
        ],
        [
            0.0700208768248558,
            -0.01855727657675743,
            0.019976815208792686
        ],
        [
            0.08445308357477188,
            -0.01605197787284851,
            0.019336815923452377
        ],
        [
            0.09593937546014786,
            -0.014716988429427147,
            0.019047938287258148
        ],
        [
            0.10422708839178085,
            -0.014065328985452652,
            0.019779734313488007
        ],
        [
            0.10395683348178864,
            -0.009557811543345451,
            0.026572413742542267
        ],
        [
            -0.015851780772209167,
            -0.02095295861363411,
            -0.0140750203281641
        ],
        [
            -0.01972649246454239,
            -0.015416566282510757,
            -0.0083977235481143
        ],
        [
            0.11271357536315918,
            -0.009529554285109043,
            0.028966177254915237
        ],
        [
            0.11255337297916412,
            -0.014051229692995548,
            0.020852934569120407
        ],
        [
            0.08241595327854156,
            -0.02006259374320507,
            0.011246718466281891
        ],
        [
            0.0796470120549202,
            -0.023440852761268616,
            0.00011179503053426743
        ],
        [
            0.06850263476371765,
            -0.02212691120803356,
            0.012067883275449276
        ],
        [
            0.06481412053108215,
            -0.025942031294107437,
            0.0015174332074820995
        ],
        [
            0.021088000386953354,
            -0.03508618101477623,
            0.016052141785621643
        ],
        [
            -0.027253203094005585,
            0.0019586868584156036,
            -0.00887330248951912
        ],
        [
            -0.02096853405237198,
            -0.007087806239724159,
            -0.006136620417237282
        ],
        [
            -0.015923868864774704,
            -0.004070322960615158,
            -0.006441677454859018
        ],
        [
            -0.023563750088214874,
            0.003613550215959549,
            -0.0073771486058831215
        ],
        [
            -0.015356691554188728,
            -0.010796058923006058,
            -0.004968096502125263
        ],
        [
            -0.023577943444252014,
            -0.01080222800374031,
            -0.00972234457731247
        ],
        [
            0.06109021604061127,
            -0.025798913091421127,
            -0.013695046305656433
        ],
        [
            0.009111030027270317,
            -0.014658916741609573,
            -0.0037696275394409895
        ],
        [
            0.076323002576828,
            -0.02027350850403309,
            -0.018984360620379448
        ],
        [
            0.05116429552435875,
            -0.022601382806897163,
            -0.027474792674183846
        ],
        [
            0.061594508588314056,
            -0.01574312150478363,
            -0.03197720646858215
        ],
        [
            0.09158098697662354,
            -0.013053754344582558,
            -0.02561056800186634
        ],
        [
            0.07619569450616837,
            -0.009036889299750328,
            -0.03552239388227463
