{
    "pred_cam": [
        8.074581146240234,
        -0.15599589049816132,
        -0.058268673717975616
    ],
    "pred_mano_params": {
        "global_orient": [
            [
                [
                    -0.19816267490386963,
                    -0.9735186696052551,
                    0.11398591846227646
                ],
                [
                    -0.5662721991539001,
                    0.018786635249853134,
                    -0.8240041732788086
                ],
                [
                    0.8000421524047852,
                    -0.22783392667770386,
                    -0.5549993515014648
                ]
            ]
        ],
        "hand_pose": [
            [
                [
                    0.7450070381164551,
                    -0.5555915236473083,
                    -0.36916470527648926
                ],
                [
                    0.5332529544830322,
                    0.828535795211792,
                    -0.17079171538352966
                ],
                [
                    0.4007565975189209,
                    -0.0696171224117279,
                    0.9135358333587646
                ]
            ],
            [
                [
                    0.9885290861129761,
                    -0.14141064882278442,
                    0.05304013192653656
                ],
                [
                    0.14938366413116455,
                    0.9671928882598877,
                    -0.20548087358474731
                ],
                [
                    -0.02224285714328289,
                    0.21104715764522552,
                    0.977222740650177
                ]
            ],
            [
                [
                    0.8383976817131042,
                    -0.5439707040786743,
                    -0.034425750374794006
                ],
                [
                    0.5265301465988159,
                    0.8246082067489624,
                    -0.20685099065303802
                ],
                [
                    0.1409086287021637,
                    0.1552972048521042,
                    0.9777665734291077
                ]
            ],
            [
                [
                    0.6515510082244873,
                    -0.6404630541801453,
                    -0.4065566658973694
                ],
                [
                    0.6195529699325562,
                    0.7585146427154541,
                    -0.20201416313648224
                ],
                [
                    0.43776175379753113,
                    -0.1202608272433281,
                    0.8910117745399475
                ]
            ],
            [
                [
                    0.9664916396141052,
                    -0.2413952648639679,
                    -0.08730503171682358
                ],
                [
                    0.25632473826408386,
                    0.9258865714073181,
                    0.27754589915275574
                ],
                [
                    0.013836297206580639,
                    -0.2906242609024048,
                    0.956737220287323
                ]
            ],
            [
                [
                    0.7645564675331116,
                    -0.6139569878578186,
                    -0.19624046981334686
                ],
                [
                    0.6387227773666382,
                    0.7625385522842407,
                    0.10280128568410873
                ],
                [
                    0.08652536571025848,
                    -0.20394064486026764,
                    0.9751520752906799
                ]
            ],
            [
                [
                    0.38834312558174133,
                    -0.8274708390235901,
                    0.40556323528289795
                ],
                [
                    0.8097603917121887,
                    0.5164948105812073,
                    0.27842625975608826
                ],
                [
                    -0.43986091017723083,
                    0.2202841341495514,
                    0.8706303238868713
                ]
            ],
            [
                [
                    0.932829737663269,
                    -0.16200341284275055,
                    -0.3218439519405365
                ],
                [
                    0.2795174717903137,
                    0.88901686668396,
                    0.3626554310321808
                ],
                [
                    0.22737328708171844,
                    -0.4282568097114563,
                    0.8745841383934021
                ]
            ],
            [
                [
                    0.664003312587738,
                    -0.7061946392059326,
                    0.2457413673400879
                ],
                [
                    0.698632001876831,
                    0.7030682563781738,
                    0.13269662857055664
                ],
                [
                    -0.2664825916290283,
                    0.08357179164886475,
                    0.960209846496582
                ]
            ],
            [
                [
                    0.6297872066497803,
                    -0.7713794112205505,
                    -0.09133430570363998
                ],
                [
                    0.7472699880599976,
                    0.6337636709213257,
                    -0.1998278796672821
                ],
                [
                    0.21202746033668518,
                    0.057597655802965164,
                    0.9755649566650391
                ]
            ],
            [
                [
                    0.944424033164978,
                    -0.30999755859375,
                    -0.10938314348459244
                ],
                [
                    0.3273272216320038,
                    0.8561057448387146,
                    0.3999249041080475
                ],
                [
                    -0.030332213267683983,
                    -0.4135028123855591,
                    0.9099974632263184
                ]
            ],
            [
                [
                    0.7158432006835938,
                    -0.5778717994689941,
                    -0.39196014404296875
                ],
                [
                    0.6747992038726807,
                    0.7168055772781372,
                    0.17560134828090668
                ],
                [
                    0.17948415875434875,
                    -0.39019742608070374,
                    0.9030678272247314
                ]
            ],
            [
                [
                    0.9844089150428772,
                    0.11185066401958466,
                    -0.13575173914432526
                ],
                [
                    -0.17440658807754517,
                    0.7208762168884277,
                    -0.6707606315612793
                ],
                [
                    0.022835178300738335,
                    0.6839787364006042,
                    0.7291444540023804
                ]
            ],
            [
                [
                    0.8680644631385803,
                    -0.28011268377304077,
                    -0.40987926721572876
                ],
                [
                    0.43807387351989746,
                    0.8206310868263245,
                    0.36695489287376404
                ],
                [
                    0.23357096314430237,
                    -0.49809789657592773,
                    0.8350707292556763
                ]
            ],
            [
                [
                    0.9481076002120972,
                    0.28554439544677734,
                    -0.1398436427116394
                ],
                [
                    -0.29548346996307373,
                    0.9537080526351929,
                    -0.055949147790670395
                ],
                [
                    0.11739406734704971,
                    0.09436731040477753,
                    0.9885914921760559
                ]
            ]
        ],
        "betas": [
            -0.05120295286178589,
            -0.020405828952789307,
            -0.0517711341381073,
            -0.019195467233657837,
            0.012839555740356445,
            0.05301979184150696,
            0.06060503423213959,
            -0.07439613342285156,
            0.021170437335968018,
            0.005654186010360718
        ]
    },
    "pred_cam_t": [
        -0.15599589049816132,
        -0.058268673717975616,
        4.837712287902832
    ],
    "focal_length": [
        5000.0,
        5000.0
    ],
    "pred_keypoints_3d": [
        [
            0.09596818685531616,
            0.006398619152605534,
            0.006222832947969437
        ],
        [
            0.11882513016462326,
            -0.0015321103855967522,
            -0.02388458512723446
        ],
        [
            0.136811301112175,
            -0.0034050587564706802,
            -0.04884152114391327
        ],
        [
            0.1504746973514557,
            0.010656836442649364,
            -0.06762747466564178
        ],
        [
            0.15941397845745087,
            0.02786261960864067,
            -0.09825696796178818
        ],
        [
            0.1209009438753128,
            0.03926517814397812,
            -0.07480154931545258
        ],
        [
            0.13920901715755463,
            0.06396405398845673,
            -0.08715862035751343
        ],
        [
            0.1560053825378418,
            0.07832125574350357,
            -0.09001099318265915
        ],
        [
            0.17686206102371216,
            0.09092828631401062,
            -0.08189868927001953
        ],
        [
            0.11582551151514053,
            0.06293313205242157,
            -0.06753456592559814
        ],
        [
            0.1338813751935959,
            0.08911711722612381,
            -0.06861984729766846
        ],
        [
            0.15227702260017395,
            0.10260263085365295,
            -0.06361935287714005
        ],
        [
            0.1747281551361084,
            0.10573451966047287,
            -0.05135099217295647
        ],
        [
            0.11300907284021378,
            0.0747942104935646,
            -0.0436302088201046
        ],
        [
            0.13392862677574158,
            0.09420229494571686,
            -0.048524562269449234
        ],
        [
            0.1550654172897339,
            0.10430294275283813,
            -0.04017617553472519
        ],
        [
            0.17239750921726227,
            0.1034223809838295,
            -0.02098933234810829
        ],
        [
            0.11441895365715027,
            0.08097206056118011,
            -0.02267644554376602
        ],
        [
            0.13319092988967896,
            0.09007926285266876,
            -0.02627100981771946
        ],
        [
            0.1495213508605957,
            0.09731964021921158,
            -0.019780142232775688
        ],
        [
            0.162175714969635,
            0.09400985389947891,
            -0.009251107461750507
        ]
    ],
    "pred_vertices": [
        [
            0.12442333996295929,
            0.02095908671617508,
            -0.03902861103415489
        ],
        [
            0.12425786256790161,
            0.01571202091872692,
            -0.02989652007818222
        ],
        [
            0.13060900568962097,
            0.01403016783297062,
            -0.038425397127866745
        ],
        [
            0.12957198917865753,
            0.01826980896294117,
            -0.04693271219730377
        ],
        [
            0.13698355853557587,
            0.001532033085823059,
            -0.02173980325460434
        ],
        [
            0.1366061419248581,
            -0.010801708325743675,
            -0.020739302039146423
        ],
        [
            0.1448736935853958,
            -0.007803484797477722,
            -0.03571706637740135
        ],
        [
            0.14484384655952454,
            0.002149965614080429,
            -0.03343536704778671
        ],
        [
            0.1317969411611557,
            0.01589757576584816,
            -0.05399584770202637
        ],
        [
            0.13544076681137085,
            0.012692136690020561,
            -0.04501531273126602
        ],
        [
            0.1290096789598465,
            0.012934556230902672,
            -0.056453391909599304
        ],
        [
            0.12095452100038528,
            0.016253549605607986,
            -0.06673754006624222
        ],
        [
            0.12668201327323914,
            0.019124692305922508,
            -0.06257084012031555
        ],
        [
            0.11810513585805893,
            0.0214653592556715,
            -0.0732693150639534
        ],
        [
            0.11084190011024475,
            0.011650901287794113,
            -0.06419990956783295
        ],
        [
            0.1087719202041626,
            0.024272073060274124,
            -0.07353995740413666
        ],
        [
            0.09288939833641052,
            0.027940403670072556,
            -0.04819278419017792
        ],
        [
            0.09002317488193512,
            0.03676711767911911,
            -0.03823301941156387
        ],
        [
            0.09371483325958252,
            0.04820573329925537,
            -0.050905436277389526
        ],
        [
            0.09719114750623703,
            0.03811635822057724,
            -0.05957446247339249
        ],
        [
            0.09307339787483215,
            0.05672963708639145,
            -0.03167150914669037
        ],
        [
            0.09355758875608444,
            0.05267053097486496,
            -0.042921170592308044
        ],
        [
            0.08864746242761612,
            0.04131465405225754,
            -0.030512381345033646
        ],
        [
            0.08874695003032684,
            0.04541434347629547,
            -0.02105352282524109
        ],
        [
            0.11836506426334381,
            0.027282746508717537,
            -0.02510662004351616
        ],
        [
            0.1172446459531784,
            0.021788980811834335,
            -0.015860427170991898
        ],
        [
            0.118468277156353,
            0.019206460565328598,
            -0.021025072783231735
        ],
        [
            0.11978019773960114,
            0.02430356666445732,
            -0.02967606857419014
        ],
        [
            0.13086430728435516,
            0.004672694951295853,
            -0.059011831879615784
        ],
        [
            0.12063845992088318,
            -0.000565703958272934,
            -0.05711677670478821
        ],
        [
            0.12297503650188446,
            0.006987717002630234,
            -0.05859678238630295
        ],
        [
            0.13394971191883087,
            0.00886676274240017,
            -0.056629620492458344
        ],
        [
            0.11841677129268646,
            0.013676177710294724,
            0.012114502489566803
        ],
        [
            0.11049317568540573,
            0.005056522786617279,
            0.018953390419483185
        ],
        [
            0.11078392714262009,
            0.0006790347397327423,
            0.015015088021755219
        ],
        [
            0.11748696118593216,
            0.009673256427049637,
            0.00945483148097992
        ],
        [
            0.12076807022094727,
            -0.011754278093576431,
            -0.0019474700093269348
        ],
        [
            0.11171268671751022,
            -0.013744805008172989,
            0.003970302641391754
        ],
        [
            0.10318102687597275,
            -0.024081971496343613,
            0.00021538138389587402
        ],
        [
            0.10935176908969879,
            -0.022470049560070038,
            -0.007971949875354767
        ],
        [
            0.12969361245632172,
            -0.011133864521980286,
            -0.010947145521640778
        ],
        [
            0.12105683982372284,
            -0.021642077714204788,
            -0.015176728367805481
        ],
        [
            0.13034863770008087,
            -0.01976684108376503,
            -0.025212056934833527
        ],
        [
            0.1402714103460312,
            -0.014727409929037094,
            -0.040293458849191666
        ],
        [
            0.10690708458423615,
            0.014652196317911148,
            0.026766132563352585
        ],
        [
            0.11268967390060425,
            0.022274352610111237,
            0.02311766892671585
        ],
        [
            0.14997388422489166,
            0.06056615710258484,
            -0.08622296899557114
        ],
        [
            0.14913922548294067,
            0.06424571573734283,
            -0.08168746531009674
        ],
        [
            0.14656215906143188,
            0.059848107397556305,
            -0.08034337311983109
        ],
        [
            0.1474464386701584,
            0.05718404799699783,
            -0.08544205874204636
        ],
        [
            0.09284044802188873,
            0.029216431081295013,
            0.025195978581905365
        ],
        [
            0.08353396505117416,
            0.029448002576828003,
            0.02121856063604355
        ],
        [
            0.0831528976559639,
            0.025451969355344772,
            0.027337778359651566
        ],
        [
            0.0919649675488472,
            0.023525916039943695,
            0.030139531940221786
        ],
        [
            0.0940558910369873,
            0.03668961673974991,
            0.018626846373081207
        ],
        [
            0.08471636474132538,
            0.034618768841028214,
            0.012558974325656891
        ],
        [
            0.1434444636106491,
            0.06495219469070435,
            -0.0963461846113205
        ],
        [
            0.1471102237701416,
            0.06170584261417389,
            -0.09462971985340118
        ],
        [
            0.14277425408363342,
            0.05859677121043205,
            -0.0943228229880333
        ],
        [
            0.13859082758426666,
            0.06175955384969711,
            -0.09494085609912872
        ],
        [
            0.1284351795911789,
            0.0221815574914217,
            -0.055612437427043915
        ],
        [
            0.12632639706134796,
            0.02602333575487137,
            -0.04704912751913071
        ],
        [
            0.1298292875289917,
            0.03360304236412048,
            -0.06804957240819931
        ],
        [
            0.12740354239940643,
            0.03173057734966278,
            -0.059601791203022
        ],
        [
            0.12731197476387024,
            0.025818150490522385,
            -0.06396331638097763
        ],
        [
            0.12825335562229156,
            0.02844953164458275,
            -0.07104585319757462
        ],
        [
            0.12126855552196503,
            0.04421382397413254,
            -0.04009932279586792
        ],
        [
            0.11901746690273285,
            0.03657636046409607,
            -0.03150297328829765
        ],
        [
            0.1204160824418068,
            0.033455636352300644,
            -0.037226974964141846
        ],
        [
            0.12389606237411499,
            0.040542423725128174,
            -0.047522783279418945
        ],
        [
            0.1191958636045456,
            0.044938862323760986,
            -0.019956212490797043
        ],
        [
            0.12091344594955444,
            0.05178786441683769,
            -0.029453366994857788
        ],
        [
            0.12068161368370056,
            0.05573783069849014,
            -0.021752554923295975
        ],
        [
            0.12054665386676788,
            0.05011296272277832,
            -0.016159486025571823
        ],
        [
            0.12350478023290634,
            0.06030649691820145,
            -0.04808177798986435
        ],
        [
            0.12362343817949295,
            0.06362284719944,
            -0.053116362541913986
        ],
        [
            0.12539054453372955,
            0.06770498305559158,
            -0.0500369518995285
        ],
        [
            0.1232113167643547,
            0.06257140636444092,
            -0.04477490857243538
        ],
        [
            0.08175152540206909,
            0.021182671189308167,
            0.03285966441035271
        ],
        [
            0.09081804752349854,
            0.017522476613521576,
            0.034161847084760666
        ],
        [
            0.09562300890684128,
            0.0662478655576706,
            -0.01185496523976326
        ],
        [
            0.10120059549808502,
            0.06593327224254608,
            -0.0020429491996765137
        ],
        [
            0.10367678850889206,
            0.07727183401584625,
            -0.009670771658420563
        ],
        [
            0.09643389284610748,
            0.07493236660957336,
            -0.018709683790802956
        ],
        [
            0.07746817171573639,
            0.026179183274507523,
            0.013400644063949585
        ],
        [
            0.07575424015522003,
            0.0237404964864254,
            0.020684923976659775
        ],
        [
            0.13990753889083862,
            0.06977604329586029,
            -0.09464280307292938
        ],
        [
            0.13551194965839386,
            0.06620839983224869,
            -0.09227808564901352
        ],
        [
            0.11772359162569046,
            -0.022433478385210037,
            -0.029458440840244293
        ],
        [
            0.13230527937412262,
            -0.017274223268032074,
            -0.04494933411478996
        ],
        [
            0.10610434412956238,
            -0.023244328796863556,
            -0.01825566589832306
        ],
        [
            0.0976996123790741,
            -0.022992197424173355,
            -0.010889962315559387
        ],
        [
            0.09209306538105011,
            -0.02547847107052803,
            -0.004501543939113617
        ],
        [
            0.12735596299171448,
            0.03822885453701019,
            -0.0585315115749836
        ],
        [
            0.12230107188224792,
            0.02789735235273838,
            -0.0386538989841938
        ],
        [
            0.11781512200832367,
            0.03019508346915245,
            -0.020925678312778473
        ],
        [
            0.12071128934621811,
            0.051632046699523926,
            0.0013170652091503143
        ],
        [
            0.11944197863340378,
            0.044297605752944946,
            0.008782513439655304
        ],
        [
            0.12188438326120377,
            0.03995077684521675,
            -0.0007626302540302277
        ],
        [
            0.12190578132867813,
            0.047326765954494476,
            -0.005477219820022583
        ],
        [
            0.11048825085163116,
            0.06578803062438965,
            0.0014974139630794525
        ],
        [
            0.11764616519212723,
            0.06304461508989334,
            -0.0015713609755039215
        ],
        [
            0.11792226880788803,
            0.06981869786977768,
            -0.007365070283412933
        ],
        [
            0.11136392503976822,
            0.0744917094707489,
            -0.0054144486784935
        ],
        [
            0.13127833604812622,
            -0.0022456496953964233,
            -0.061845097690820694
        ],
        [
            0.12007038295269012,
            -0.007935084402561188,
            -0.0553773008286953
        ],
        [
            0.1029595285654068,
            0.026264376938343048,
            0.026565134525299072
        ],
        [
            0.10118648409843445,
            0.019249990582466125,
            0.029561731964349747
        ],
        [
            0.09719544649124146,
            0.01304260641336441,
            0.033817704766988754
        ],
        [
            0.11868306994438171,
            0.016741231083869934,
            -0.002358868718147278
        ],
        [
            0.11704611778259277,
            0.006844501942396164,
            0.0076507702469825745
        ],
        [
            0.1183599978685379,
            0.004142452031373978,
            0.004355758428573608
        ],
        [
            0.11810503900051117,
            0.015117369592189789,
            -0.0051037222146987915
        ],
        [
            0.12679019570350647,
            0.011072585359215736,
            -0.019483283162117004
        ],
        [
            0.12855754792690277,
            0.0018418096005916595,
            -0.009676486253738403
        ],
        [
            0.13432933390140533,
            0.011096997186541557,
            -0.029066093266010284
        ],
        [
            0.1107441633939743,
            -0.006376761943101883,
            0.010964468121528625
        ],
        [
            0.10692759603261948,
            -0.006551757454872131,
            0.021297089755535126
        ],
        [
            0.10642444342374802,
            -0.013447362929582596,
            0.01565983146429062
        ],
        [
            0.10488161444664001,
            0.0009672343730926514,
            0.027302511036396027
        ],
        [
            0.10174248367547989,
            0.007966361939907074,
            0.03191101923584938
        ],
        [
            0.07118333131074905,
            0.020628057420253754,
            0.027211718261241913
        ],
        [
            0.10473690181970596,
            -0.018922723829746246,
            0.009481988847255707
        ],
        [
            0.14864051342010498,
            0.0025216154754161835,
            -0.04231211915612221
        ],
        [
            0.15096314251422882,
            0.004398424178361893,
            -0.049875400960445404
        ],
        [
            0.146454319357872,
            0.009986687451601028,
            -0.049356091767549515
        ],
        [
            0.14391329884529114,
            0.008802387863397598,
            -0.04344196245074272
        ],
        [
            0.11844287067651749,
            0.028733383864164352,
            -0.08006799221038818
        ],
        [
            0.12521515786647797,
            0.027267828583717346,
            -0.07621698826551437
        ],
        [
            0.12426140159368515,
            0.02113443985581398,
            -0.0690186619758606
        ],
        [
            0.12064971029758453,
            0.024406231939792633,
            0.008210435509681702
        ],
        [
            0.11588448286056519,
            0.031223837286233902,
            0.017823755741119385
        ],
        [
            0.1294180303812027,
            0.03998616337776184,
            -0.06675565987825394
        ],
        [
            0.13406464457511902,
            0.059034667909145355,
            -0.09375288337469101
        ],
        [
            0.1385425627231598,
            0.05519323796033859,
            -0.09328067302703857
        ],
        [
            0.12746208906173706,
            0.04082132503390312,
            -0.08705267310142517
        ],
        [
            0.12269733846187592,
            0.045726027339696884,
            -0.08822277933359146
        ],
        [
            0.12682533264160156,
            0.04992254078388214,
            -0.07013892382383347
        ],
        [
            0.12995627522468567,
            0.04343920201063156,
            -0.0686933696269989
        ],
        [
            0.12995478510856628,
            0.046043142676353455,
            -0.0693640187382698
        ],
        [
            0.12799040973186493,
            0.052381474524736404,
            -0.06895626336336136
        ],
        [
            0.12414959073066711,
            0.07009443640708923,
            -0.04114890098571777
        ],
        [
            0.1225413903594017,
            0.06545503437519073,
            -0.03663063794374466
        ],
        [
            0.10513131320476532,
            0.048546746373176575,
            -0.06940557807683945
        ],
        [
            0.10327083617448807,
            0.037778619676828384,
            -0.07702092826366425
        ],
        [
            0.10038021951913834,
            0.029342394322156906,
            -0.06760265678167343
        ],
        [
            0.1205371543765068,
            0.047967493534088135,
            -0.03362823277711868
        ],
        [
            0.1225501298904419,
            0.055248260498046875,
            -0.040810100734233856
        ],
        [
            0.12211169302463531,
            0.05768018588423729,
            -0.03741978853940964
        ],
        [
            0.12705472111701965,
            0.04300272837281227,
            -0.059285618364810944
        ],
        [
            0.1278829127550125,
            0.045844994485378265,
            -0.06546491384506226
        ],
        [
            0.12650533020496368,
            0.048394881188869476,
            -0.06174321845173836
        ],
        [
            0.12556138634681702,
            0.04580356180667877,
            -0.05474477261304855
        ],
        [
            0.09772355854511261,
            0.055586621165275574,
            0.005817249417304993
        ],
        [
            0.10866197943687439,
            0.05585430935025215,
            0.010039601475000381
        ],
        [
            0.14934402704238892,
            0.05988549441099167,
            -0.09095034003257751
        ],
        [
            0.14589525759220123,
            0.05668061599135399,
            -0.09059417247772217
        ],
        [
            0.11837764084339142,
            0.04039175808429718,
            -0.025331348180770874
        ],
        [
            0.09805797785520554,
            0.020402900874614716,
            -0.055582500994205475
        ],
        [
            0.11765258014202118,
            0.033344607800245285,
            -0.01637006178498268
        ],
        [
            0.10489220917224884,
            0.07464820891618729,
            -0.036431360989809036
        ],
        [
            0.11280281841754913,
            0.07685091346502304,
            -0.03259054571390152
        ],
        [
            0.11518091708421707,
            0.07880930602550507,
            -0.03607723116874695
        ],
        [
            0.1103067398071289,
            0.07933607697486877,
            -0.04032164439558983
        ],
        [
            0.13623541593551636,
            0.06434997171163559,
            -0.07475876063108444
        ],
        [
            0.14083807170391083,
            0.06072220578789711,
            -0.07490945607423782
        ],
        [
            0.14378531277179718,
            0.06432229280471802,
            -0.07683177292346954
        ],
        [
            0.13955189287662506,
            0.06827472895383835,
            -0.07709242403507233
        ],
        [
            0.1314161717891693,
            0.03823021799325943,
            -0.07101769000291824
        ],
        [
            0.130825012922287,
            0.03339197114109993,
            -0.07511413097381592
        ],
        [
            0.13367901742458344,
            0.03886645659804344,
            -0.07690081745386124
        ],
        [
            0.13253094255924225,
            0.04277012497186661,
            -0.07246579229831696
        ],
        [
            0.12776164710521698,
            0.03308316320180893,
            -0.08042307943105698
        ],
        [
            0.1312859207391739,
            0.03821995109319687,
            -0.08269523084163666
        ],
        [
            0.1315295249223709,
            0.06671210378408432,
            -0.07867489755153656
        ],
        [
            0.12886813282966614,
            0.06623858958482742,
            -0.08573152869939804
        ],
        [
            0.11848589032888412,
            0.05559384077787399,
            -0.07954967021942139
        ],
        [
            0.12378815561532974,
            0.05692169815301895,
            -0.07349418103694916
        ],
        [
            0.08326828479766846,
            0.03491049259901047,
            -0.011374790221452713
        ],
        [
            0.0850982815027237,
            0.04075692594051361,
            -0.001994706690311432
        ],
        [
            0.09037545323371887,
            0.05152909830212593,
            -0.011396780610084534
        ],
        [
            0.09430911391973495,
            0.06296694278717041,
            -0.020652204751968384
        ],
        [
            0.09901120513677597,
            0.07252143323421478,
            -0.0302298441529274
        ],
        [
            0.09585114568471909,
            0.06669445335865021,
            -0.040580637753009796
        ],
        [
            0.09184762090444565,
            0.054395366460084915,
            -0.0037585198879241943
        ],
        [
            0.11962562054395676,
            0.05414332076907158,
            -0.07177822291851044
        ],
        [
            0.11210991442203522,
            0.04926563799381256,
            -0.07567287981510162
        ],
        [
            0.11301306635141373,
            0.05318039283156395,
            -0.07245763391256332
        ],
        [
            0.11921995878219604,
            0.037943437695503235,
            -0.010661527514457703
        ],
        [
            0.1420462429523468,
            0.05295135825872421,
            -0.08991958200931549
        ],
        [
            0.07849516719579697,
            -0.009196307510137558,
            -0.010766379535198212
        ],
        [
            0.07308100163936615,
            0.0014295205473899841,
            -0.004615254700183868
        ],
        [
            0.07690668106079102,
            0.004815343767404556,
            -0.01178973913192749
        ],
        [
            0.08380670845508575,
            -0.007115792483091354,
            -0.018417350947856903
        ],
        [
            0.14403051137924194,
            0.05582078546285629,
            -0.0785832554101944
        ],
        [
            0.14477917551994324,
            0.05280350521206856,
            -0.08414201438426971
        ],
        [
            0.1225665807723999,
            0.07021349668502808,
            -0.03169497847557068
        ],
        [
            0.12328688055276871,
            0.07358868420124054,
            -0.03658118098974228
        ],
        [
            0.12127093225717545,
            0.07707761228084564,
            -0.03494931757450104
        ],
        [
            0.1228107213973999,
            0.07581117749214172,
            -0.029155652970075607
        ],
        [
            0.086427241563797,
            0.04239088296890259,
            0.003649424761533737
        ],
        [
            0.10906258225440979,
            0.0830843448638916,
            -0.015038654208183289
        ],
        [
            0.10221400111913681,
            0.08089371025562286,
            -0.023109184578061104
        ],
        [
            0.0803968757390976,
            0.031202849000692368,
            0.005796387791633606
        ],
        [
            0.0781109631061554,
            0.026195362210273743,
            -0.0023461394011974335
        ],
        [
            0.07440352439880371,
            0.02034439891576767,
            0.004592347890138626
        ],
        [
            0.10127616673707962,
            0.06285883486270905,
            -0.054565101861953735
        ],
        [
            0.08345231413841248,
            0.031716883182525635,
            -0.01950402930378914
        ],
        [
            0.0785708874464035,
            0.022613536566495895,
            -0.009153351187705994
        ],
        [
            0.07415726780891418,
            0.015449613332748413,
            -0.001180596649646759
        ],
        [
            0.07042369246482849,
            0.010982450097799301,
            0.004865854978561401
        ],
        [
            0.07120594382286072,
            0.016765840351581573,
            0.01060178130865097
        ],
        [
            0.13078534603118896,
            0.06336136162281036,
            -0.09043353796005249
        ],
        [
            0.13360902667045593,
            0.07029446959495544,
            -0.0874699056148529
        ],
        [
            0.06602159142494202,
            0.013310261070728302,
            0.017289165407419205
        ],
        [
            0.06598787009716034,
            0.006730124354362488,
            0.010707966983318329
        ],
        [
            0.07980845868587494,
            0.01727437973022461,
            -0.016593709588050842
        ],
        [
            0.0827794075012207,
            0.010160930454730988,
            -0.024991735816001892
        ],
        [
            0.08473362028598785,
            0.02625744417309761,
            -0.02624359354376793
        ],
        [
            0.08781202137470245,
            0.020059898495674133,
            -0.035519883036613464
        ],
        [
            0.09647704660892487,
            0.055625539273023605,
            -0.06158298999071121
        ],
        [
            0.14770358800888062,
            0.08248235285282135,
            -0.08862565457820892
        ],
        [
            0.13924381136894226,
            0.07545500248670578,
            -0.08459918200969696
        ],
        [
            0.14228975772857666,
            0.0731360986828804,
            -0.08014795184135437
        ],
        [
            0.14856047928333282,
            0.08167258650064468,
            -0.08430888503789902
        ],
        [
            0.13557876646518707,
            0.07059429585933685,
            -0.08090467751026154
        ],
        [
            0.13794784247875214,
            0.07397836446762085,
            -0.08998723328113556
        ],
        [
            0.09478434175252914,
            0.009903192520141602,
            -0.04396446794271469
        ],
        [
            0.1272679716348648,
            0.05252832919359207,
            -0.0674554705619812
        ],
        [
            0.09270209819078445,
            -0.003030870109796524,
            -0.03238365426659584
        ],
        [
            0.10578078031539917,
            0.0022552460432052612,
            -0.05511649325489998
        ],
        [
            0.10660728812217712,
            -0.007651872932910919,
            -0.04601900279521942
        ],
        [
            0.09269388765096664,
            -0.01707320660352707,
            -0.02117355912923813
        ],
        [
            0.10483291745185852,
            -0.018014023080468178,
            -0.03339608386158943
        ],
        [
            0.08249866217374802,
            -0.02042350172996521,
            -0.006635494530200958
        ],
        [
            0.08670084923505783,
            -0.017390865832567215,
            -0.013722218573093414
        ],
        [
            0.11814653873443604,
            -0.016922473907470703,
            -0.045002926141023636
        ],
        [
