{
    "pred_cam": [
        10.437396049499512,
        0.13081222772598267,
        -0.04678779095411301
    ],
    "pred_mano_params": {
        "global_orient": [
            [
                [
                    -0.5941835045814514,
                    -0.11850817501544952,
                    -0.7955513000488281
                ],
                [
                    -0.49816983938217163,
                    -0.7223160266876221,
                    0.47967326641082764
                ],
                [
                    -0.6314845681190491,
                    0.681333601474762,
                    0.3701510727405548
                ]
            ]
        ],
        "hand_pose": [
            [
                [
                    0.6566060185432434,
                    -0.7412780523300171,
                    -0.13919582962989807
                ],
                [
                    0.7354182004928589,
                    0.6701937317848206,
                    -0.10000220686197281
                ],
                [
                    0.16741760075092316,
                    -0.036705099046230316,
                    0.9852026104927063
                ]
            ],
            [
                [
                    0.4441283047199249,
                    -0.8712036609649658,
                    0.20917512476444244
                ],
                [
                    0.8843830227851868,
                    0.3888588845729828,
                    -0.25817713141441345
                ],
                [
                    0.14358524978160858,
                    0.29965469241142273,
                    0.9431809782981873
                ]
            ],
            [
                [
                    0.8087301254272461,
                    -0.57380610704422,
                    0.1292370855808258
                ],
                [
                    0.5645419955253601,
                    0.8189235329627991,
                    0.10323061048984528
                ],
                [
                    -0.16506963968276978,
                    -0.010525939986109734,
                    0.9862257838249207
                ]
            ],
            [
                [
                    0.5616438984870911,
                    -0.8062596321105957,
                    -0.18574553728103638
                ],
                [
                    0.8247728943824768,
                    0.5633882880210876,
                    0.04840756207704544
                ],
                [
                    0.06561778485774994,
                    -0.18038570880889893,
                    0.9814046621322632
                ]
            ],
            [
                [
                    0.6708213090896606,
                    -0.7141039371490479,
                    -0.20013558864593506
                ],
                [
                    0.741593062877655,
                    0.6436543464660645,
                    0.1890736222267151
                ],
                [
                    -0.006200090050697327,
                    -0.2752538025379181,
                    0.9613515734672546
                ]
            ],
            [
                [
                    0.7856114506721497,
                    -0.61815345287323,
                    0.026476150378584862
                ],
                [
                    0.6168686747550964,
                    0.785851001739502,
                    0.04371742159128189
                ],
                [
                    -0.04783038794994354,
                    -0.018012596294283867,
                    0.99869304895401
                ]
            ],
            [
                [
                    0.5896478295326233,
                    -0.7626281976699829,
                    0.26592040061950684
                ],
                [
                    0.6609353423118591,
                    0.6448575854301453,
                    0.3838270306587219
                ],
                [
                    -0.4641980826854706,
                    -0.050566576421260834,
                    0.8842868208885193
                ]
            ],
            [
                [
                    0.652860701084137,
                    -0.7375762462615967,
                    -0.17249387502670288
                ],
                [
                    0.597707986831665,
                    0.3617337644100189,
                    0.7154675126075745
                ],
                [
                    -0.465315043926239,
                    -0.570201575756073,
                    0.6770169734954834
                ]
            ],
            [
                [
                    0.8775113224983215,
                    -0.4770539402961731,
                    0.048923466354608536
                ],
                [
                    0.38080987334251404,
                    0.7551928162574768,
                    0.5335425138473511
                ],
                [
                    -0.29147520661354065,
                    -0.4495590329170227,
                    0.8443570733070374
                ]
            ],
            [
                [
                    0.6587259769439697,
                    -0.7490571141242981,
                    0.07066527754068375
                ],
                [
                    0.7511997222900391,
                    0.6600480675697327,
                    -0.005958088673651218
                ],
                [
                    -0.04217953234910965,
                    0.05700848251581192,
                    0.9974822998046875
                ]
            ],
            [
                [
                    0.671753466129303,
                    -0.7196670174598694,
                    -0.17557524144649506
                ],
                [
                    0.6909387707710266,
                    0.523242175579071,
                    0.4988197684288025
                ],
                [
                    -0.2671157419681549,
                    -0.4563956558704376,
                    0.8487355709075928
                ]
            ],
            [
                [
                    0.7418375611305237,
                    -0.6703263521194458,
                    0.01842939481139183
                ],
                [
                    0.6358280777931213,
                    0.7118598818778992,
                    0.2982920706272125
                ],
                [
                    -0.21307219564914703,
                    -0.20956632494926453,
                    0.9542967081069946
                ]
            ],
            [
                [
                    0.9580311179161072,
                    0.25803008675575256,
                    0.1248871311545372
                ],
                [
                    -0.1363237351179123,
                    0.7933275103569031,
                    -0.5933356881141663
                ],
                [
                    -0.25217488408088684,
                    0.5514090061187744,
                    0.7952080965042114
                ]
            ],
            [
                [
                    0.9872318506240845,
                    -0.15466421842575073,
                    0.03810866177082062
                ],
                [
                    0.09795045107603073,
                    0.7781016230583191,
                    0.6204543113708496
                ],
                [
                    -0.1256144940853119,
                    -0.6087994575500488,
                    0.7833161354064941
                ]
            ],
            [
                [
                    0.7587713003158569,
                    -0.6356382369995117,
                    -0.14223188161849976
                ],
                [
                    0.34837737679481506,
                    0.5805391669273376,
                    -0.7359396815299988
                ],
                [
                    0.5503627061843872,
                    0.5088596940040588,
                    0.6619384288787842
                ]
            ]
        ],
        "betas": [
            -0.11824297904968262,
            -0.10513058304786682,
            -0.014978885650634766,
            -0.0008139908313751221,
            -0.03154948353767395,
            0.014097373932600021,
            0.00675588846206665,
            0.042337968945503235,
            -0.006584286689758301,
            -0.05140402913093567
        ]
    },
    "pred_cam_t": [
        -0.13081222772598267,
        -0.04678779095411301,
        3.7425522804260254
    ],
    "focal_length": [
        5000.0,
        5000.0
    ],
    "pred_keypoints_3d": [
        [
            0.09624354541301727,
            0.0064309085719287395,
            0.0062387133948504925
        ],
        [
            0.09179981052875519,
            0.0422360859811306,
            0.020500509068369865
        ],
        [
            0.0828910693526268,
            0.06952943652868271,
            0.03213490545749664
        ],
        [
            0.07716148346662521,
            0.09185901284217834,
            0.04664696007966995
        ],
        [
            0.0874871015548706,
            0.12415525317192078,
            0.042435258626937866
        ],
        [
            0.13300523161888123,
            0.06425836682319641,
            0.06631124764680862
        ],
        [
            0.15304766595363617,
            0.09065672010183334,
            0.06595095992088318
        ],
        [
            0.15308678150177002,
            0.09787645190954208,
            0.044841162860393524
        ],
        [
            0.1439296305179596,
            0.09623895585536957,
            0.021894782781600952
        ],
        [
            0.1557256579399109,
            0.05330652743577957,
            0.06407353281974792
        ],
        [
            0.17567148804664612,
            0.07666151970624924,
            0.05543727055191994
        ],
        [
            0.1741994321346283,
            0.0882325991988182,
            0.03513643145561218
        ],
        [
            0.16169790923595428,
            0.09508990496397018,
            0.013908199965953827
        ],
        [
            0.1669679582118988,
            0.03737504035234451,
            0.045528609305620193
        ],
        [
            0.18464991450309753,
            0.06038275361061096,
            0.0435497909784317
        ],
        [
            0.18331241607666016,
            0.07415647059679031,
            0.022773686796426773
        ],
        [
            0.16881224513053894,
            0.08251643180847168,
            0.003969881683588028
        ],
        [
            0.1731773465871811,
            0.02723073959350586,
            0.027066970244050026
        ],
        [
            0.18561576306819916,
            0.044097915291786194,
            0.023416316136717796
        ],
        [
            0.17816121876239777,
            0.05409138649702072,
            0.008955908939242363
        ],
        [
            0.16158954799175262,
            0.05787084624171257,
            -0.000628670328296721
        ]
    ],
    "pred_vertices": [
        [
            0.11443134397268295,
            0.0528070367872715,
            0.03278036415576935
        ],
        [
            0.10898815840482712,
            0.050173889845609665,
            0.025151804089546204
        ],
        [
            0.10588464885950089,
            0.061361655592918396,
            0.029781319200992584
        ],
        [
            0.11142252385616302,
            0.062390390783548355,
            0.03730274364352226
        ],
        [
            0.09557067602872849,
            0.058774370700120926,
            0.010284364223480225
        ],
        [
            0.08466826379299164,
            0.05683368816971779,
            0.007011972367763519
        ],
        [
            0.08335646241903305,
            0.07080478966236115,
            0.016246996819972992
        ],
        [
            0.09224869310855865,
            0.07251149415969849,
            0.017850372940301895
        ],
        [
            0.10736843943595886,
            0.06963968276977539,
            0.043082427233457565
        ],
        [
            0.10315404832363129,
            0.07015431672334671,
            0.033949483186006546
        ],
        [
            0.10085039585828781,
            0.0703601986169815,
            0.04786393791437149
        ],
        [
            0.10686329007148743,
            0.06482404470443726,
            0.05881965905427933
        ],
        [
            0.11176452040672302,
            0.06703794747591019,
            0.052278514951467514
        ],
        [
            0.11324910819530487,
            0.06384901702404022,
            0.06550581008195877
        ],
        [
            0.10134422034025192,
            0.054720982909202576,
            0.06103681027889252
        ],
        [
            0.1151675209403038,
            0.05564813315868378,
            0.07096688449382782
        ],
        [
            0.11766822636127472,
            0.028357472270727158,
            0.05671120434999466
        ],
        [
            0.1260402500629425,
            0.019772473722696304,
            0.04997967556118965
        ],
        [
            0.1384325474500656,
            0.02760680392384529,
            0.06021378934383392
        ],
        [
            0.1288623809814453,
            0.03637514263391495,
            0.06542769819498062
        ],
        [
            0.14635062217712402,
            0.01641620695590973,
            0.043984685093164444
        ],
        [
            0.1426261067390442,
            0.02291039749979973,
            0.05338278412818909
        ],
        [
            0.13029062747955322,
            0.014124713838100433,
            0.04418642818927765
        ],
        [
            0.13426025211811066,
            0.008924424648284912,
            0.03616749867796898
        ],
        [
            0.12045728415250778,
            0.03887268155813217,
            0.02369261533021927
        ],
        [
            0.11508292704820633,
            0.03433265537023544,
            0.016035787761211395
        ],
        [
            0.11277009546756744,
            0.0390901044011116,
            0.02009662613272667
        ],
        [
            0.1176602765917778,
            0.043104443699121475,
            0.026904087513685226
        ],
        [
            0.08614867925643921,
            0.07057775557041168,
            0.04750603437423706
        ],
        [
            0.0873970314860344,
            0.060458384454250336,
            0.04831744730472565
        ],
        [
            0.09436053037643433,
            0.06446525454521179,
            0.05094160884618759
        ],
        [
            0.09006127715110779,
            0.07431891560554504,
            0.046265859156847
        ],
        [
            0.10671402513980865,
            0.02182367816567421,
            -0.009584981948137283
        ],
        [
            0.09691104292869568,
            0.012664571404457092,
            -0.012128721922636032
        ],
        [
            0.09273038804531097,
            0.015491098165512085,
            -0.009109675884246826
        ],
        [
            0.1028788834810257,
            0.022949837148189545,
            -0.006977953016757965
        ],
        [
            0.0825720801949501,
            0.03360620513558388,
            -8.398294448852539e-05
        ],
        [
            0.07909475266933441,
            0.02338692545890808,
            -0.0008825808763504028
        ],
        [
            0.06724706292152405,
            0.01909107342362404,
            0.005875945091247559
        ],
        [
            0.06999814510345459,
            0.027636956423521042,
            0.009845949709415436
        ],
        [
            0.08430826663970947,
            0.0454091913998127,
            0.002766929566860199
        ],
        [
            0.07276447117328644,
            0.04026505723595619,
            0.00937766581773758
        ],
        [
            0.0753675103187561,
            0.05178014934062958,
            0.011644691228866577
        ],
        [
            0.07619628310203552,
            0.06504005193710327,
            0.01970447227358818
        ],
        [
            0.1058376133441925,
            0.004399895668029785,
            -0.016566142439842224
        ],
        [
            0.11429062485694885,
            0.010221574455499649,
            -0.015797022730112076
        ],
        [
            0.14161889255046844,
            0.0895538330078125,
            0.05622069910168648
        ],
        [
            0.14585426449775696,
            0.08597322553396225,
            0.0532536506652832
        ],
        [
            0.14417782425880432,
            0.08492796868085861,
            0.05419306457042694
        ],
        [
            0.14063651859760284,
            0.08846232295036316,
            0.057201117277145386
        ],
        [
            0.11830615997314453,
            -0.008755676448345184,
            -0.007210720330476761
        ],
        [
            0.11725068837404251,
            -0.014776080846786499,
            0.0009042955935001373
        ],
        [
            0.11316831409931183,
            -0.0176890566945076,
            -0.004469085484743118
        ],
        [
            0.11246924102306366,
            -0.011273384094238281,
            -0.011425066739320755
        ],
        [
            0.12595830857753754,
            -0.005342680960893631,
            -0.0016330182552337646
        ],
        [
            0.12260781973600388,
            -0.010028298944234848,
            0.00816323235630989
        ],
        [
            0.14792892336845398,
            0.0970531553030014,
            0.06476350128650665
        ],
        [
            0.14337396621704102,
            0.09620737284421921,
            0.06200901046395302
        ],
        [
            0.14283786714076996,
            0.09365762025117874,
            0.06572282314300537
        ],
        [
            0.1473621129989624,
            0.09295164048671722,
            0.06894038617610931
        ],
        [
            0.11620069295167923,
            0.06395228952169418,
            0.04512253776192665
        ],
        [
            0.12015371024608612,
            0.057048339396715164,
            0.03886137902736664
        ],
        [
            0.12844730913639069,
            0.06787057220935822,
            0.05500344932079315
        ],
        [
            0.1263476014137268,
            0.06292816251516342,
            0.04943197965621948
        ],
        [
            0.12029780447483063,
            0.0656718835234642,
            0.05282409116625786
        ],
        [
            0.12285418808460236,
            0.06887949258089066,
            0.05794396623969078
        ],
        [
            0.13774389028549194,
            0.046488139778375626,
            0.03631776198744774
        ],
        [
            0.12979187071323395,
            0.041247591376304626,
            0.029472801834344864
        ],
        [
            0.12692643702030182,
            0.045786164700984955,
            0.0335850790143013
        ],
        [
            0.13451257348060608,
            0.052900128066539764,
            0.04121669381856918
        ],
        [
            0.13802844285964966,
            0.03453279286623001,
            0.019916940480470657
        ],
        [
            0.1451430767774582,
            0.03989069163799286,
            0.027766693383455276
        ],
        [
            0.1489613950252533,
            0.03536418080329895,
            0.02145574614405632
        ],
        [
            0.14332181215286255,
            0.03313255310058594,
            0.0162898451089859
        ],
        [
            0.1543661504983902,
            0.0499323233962059,
            0.04303707927465439
        ],
        [
            0.15750041604042053,
            0.052456535398960114,
            0.04716238006949425
        ],
        [
            0.16083037853240967,
            0.052213989198207855,
            0.04456409066915512
        ],
        [
            0.15625186264514923,
            0.04794783890247345,
            0.04046151041984558
        ],
        [
            0.10864702612161636,
            -0.021107636392116547,
            -0.008837468922138214
        ],
        [
            0.10628259181976318,
            -0.013498004525899887,
            -0.014732163399457932
        ],
        [
            0.15562687814235687,
            0.007767997682094574,
            0.025852879509329796
        ],
        [
            0.15591394901275635,
            0.007852377369999886,
            0.014519985765218735
        ],
        [
            0.1673170030117035,
            0.012951686978340149,
            0.019860802218317986
        ],
        [
            0.16427138447761536,
            0.011142117902636528,
            0.031295374035835266
        ],
        [
            0.11318923532962799,
            -0.015593908727169037,
            0.010507479310035706
        ],
        [
            0.11046428233385086,
            -0.020460359752178192,
            0.00490010529756546
        ],
        [
            0.15422803163528442,
            0.0951324850320816,
            0.06559940427541733
        ],
        [
            0.1535080522298813,
            0.09088416397571564,
            0.06935160607099533
        ],
        [
            0.07107898592948914,
            0.042565904557704926,
            0.021711479872465134
        ],
        [
            0.07288125902414322,
            0.059318237006664276,
            0.02661091834306717
        ],
        [
            0.06928302347660065,
            0.028962839394807816,
            0.019382305443286896
        ],
        [
            0.06811487674713135,
            0.019123122096061707,
            0.017854858189821243
        ],
        [
            0.06442573666572571,
            0.012073632329702377,
            0.015247534960508347
        ],
        [
            0.13298380374908447,
            0.06128836050629616,
            0.04887956380844116
        ],
        [
            0.12159624695777893,
            0.049028221517801285,
            0.03359929472208023
        ],
        [
            0.12322475016117096,
            0.03578872233629227,
            0.0204753540456295
        ],
        [
            0.1447022706270218,
            0.024352382868528366,
            0.0011132508516311646
        ],
        [
            0.13720950484275818,
            0.020414147526025772,
            -0.005242481827735901
        ],
        [
            0.13333582878112793,
            0.027837106958031654,
            0.0015660598874092102
        ],
        [
            0.14067205786705017,
            0.02929328754544258,
            0.006153486669063568
        ],
        [
            0.15706396102905273,
            0.014080995693802834,
            0.0067999884486198425
        ],
        [
            0.15548594295978546,
            0.021988119930028915,
            0.0057962797582149506
        ],
        [
            0.16207817196846008,
            0.024798132479190826,
            0.01094711571931839
        ],
        [
            0.16551867127418518,
            0.017898233607411385,
            0.01241748034954071
        ],
        [
            0.0787854790687561,
            0.06910961866378784,
            0.046070314943790436
        ],
        [
            0.0809118002653122,
            0.057959139347076416,
            0.04463397338986397
        ],
        [
            0.11681775748729706,
            -0.00037936121225357056,
            -0.01367490366101265
        ],
        [
            0.1095542460680008,
            -0.002511095255613327,
            -0.01583992689847946
        ],
        [
            0.10275112837553024,
            -0.00726708397269249,
            -0.017926208674907684
        ],
        [
            0.11039943248033524,
            0.029281828552484512,
            0.0032518096268177032
        ],
        [
            0.1002914309501648,
            0.02390189841389656,
            -0.0052862390875816345
        ],
        [
            0.09819082170724869,
            0.027199845761060715,
            -0.0031177327036857605
        ],
        [
            0.10914836078882217,
            0.030776560306549072,
            0.006050407886505127
        ],
        [
            0.10531088709831238,
            0.04815847426652908,
            0.01484157145023346
        ],
        [
            0.09734658151865005,
            0.043998926877975464,
            0.00414218008518219
        ],
        [
            0.10294297337532043,
            0.061108123511075974,
            0.019936107099056244
        ],
        [
            0.08597914129495621,
            0.01838904619216919,
            -0.006023600697517395
        ],
        [
            0.08483798056840897,
            0.009970799088478088,
            -0.013176538050174713
        ],
        [
            0.07800929993391037,
            0.013253655284643173,
            -0.008475646376609802
        ],
        [
            0.09194517880678177,
            0.004184000194072723,
            -0.01686488464474678
        ],
        [
            0.09838294237852097,
            -0.0017567649483680725,
            -0.01887216791510582
        ],
        [
            0.10663646459579468,
            -0.027256231755018234,
            0.001309916377067566
        ],
        [
            0.07236503809690475,
            0.015528537333011627,
            -0.002574712038040161
        ],
        [
            0.08854970335960388,
            0.07899876683950424,
            0.02457815781235695
        ],
        [
            0.08434854447841644,
            0.08374901115894318,
            0.02981746569275856
        ],
        [
            0.09035681188106537,
            0.08256707340478897,
            0.034808941185474396
        ],
        [
            0.09436262398958206,
            0.07809297740459442,
            0.030602380633354187
        ],
        [
            0.12070610374212265,
            0.06642317026853561,
            0.07071683555841446
        ],
        [
            0.1205265149474144,
            0.06960795074701309,
            0.06364601850509644
        ],
        [
            0.11437305063009262,
            0.06672033667564392,
            0.05858764797449112
        ],
        [
            0.11765503883361816,
            0.024265989661216736,
            -0.006619323045015335
        ],
        [
            0.12367399781942368,
            0.01446249708533287,
            -0.01217183843255043
        ],
        [
            0.13476452231407166,
            0.06648935377597809,
            0.05445351451635361
        ],
        [
            0.145821675658226,
            0.08933932334184647,
            0.07182673364877701
        ],
        [
            0.14069649577140808,
            0.09070657938718796,
            0.06858816742897034
        ],
        [
            0.1303885281085968,
            0.0767873004078865,
            0.07113141566514969
        ],
        [
            0.13582031428813934,
            0.07479065656661987,
            0.07534238696098328
        ],
        [
            0.14332327246665955,
            0.06638900935649872,
            0.05893106758594513
        ],
        [
            0.13710680603981018,
            0.06815982609987259,
            0.055472712963819504
        ],
        [
            0.13875052332878113,
            0.06875749677419662,
            0.05583387240767479
        ],
        [
            0.14536787569522858,
            0.06784588098526001,
            0.05707944557070732
        ],
        [
            0.16348811984062195,
            0.046525657176971436,
            0.03759665787220001
        ],
        [
            0.15920011699199677,
            0.04302841052412987,
            0.033845286816358566
        ],
        [
            0.14075663685798645,
            0.04666369780898094,
            0.07043410837650299
        ],
        [
            0.1296585351228714,
            0.05107305943965912,
            0.07780768722295761
        ],
        [
            0.11977264285087585,
            0.04455219581723213,
            0.07059958577156067
        ],
        [
            0.14132380485534668,
            0.04214799404144287,
            0.03131520748138428
        ],
        [
            0.14891240000724792,
            0.04643355309963226,
            0.03700578957796097
        ],
        [
            0.1512356996536255,
            0.044090550392866135,
            0.03442879766225815
        ],
        [
            0.13760903477668762,
            0.060880936682224274,
            0.04990101605653763
        ],
        [
            0.14054511487483978,
            0.06429923325777054,
            0.05469471216201782
        ],
        [
            0.14257776737213135,
            0.060702137649059296,
            0.05250813812017441
        ],
        [
            0.13996025919914246,
            0.057140931487083435,
            0.04693901538848877
        ],
        [
            0.14529302716255188,
            0.0019045546650886536,
            0.008884456008672714
        ],
        [
            0.14708787202835083,
            0.009118599817156792,
            -0.00022662803530693054
        ],
        [
            0.14095401763916016,
            0.09334717690944672,
            0.059142500162124634
        ],
        [
            0.1401318609714508,
            0.09182901680469513,
            0.06140117347240448
        ],
        [
            0.13343724608421326,
            0.03711814433336258,
            0.02468518167734146
        ],
        [
            0.11039825528860092,
            0.037604909390211105,
            0.06021193414926529
        ],
        [
            0.12628567218780518,
            0.03294176608324051,
            0.01679607480764389
        ],
        [
            0.16631580889225006,
            0.02682977356016636,
            0.04317285493016243
        ],
        [
            0.1697045862674713,
            0.031623438000679016,
            0.03661466762423515
        ],
        [
            0.17198975384235382,
            0.036135438829660416,
            0.038312915712594986
        ],
        [
            0.1717877835035324,
            0.03395543619990349,
            0.04410999268293381
        ],
        [
            0.15357501804828644,
            0.07822848111391068,
            0.05606229603290558
        ],
        [
            0.1488914042711258,
            0.08087585866451263,
            0.05318468064069748
        ],
        [
            0.14967131614685059,
            0.08172718435525894,
            0.05346475914120674
        ],
        [
            0.15528732538223267,
            0.08062927424907684,
            0.05582680553197861
        ],
        [
            0.131499245762825,
            0.07016114145517349,
            0.056002430617809296
        ],
        [
            0.12645623087882996,
            0.07208607345819473,
            0.05932513624429703
        ],
        [
            0.1298508644104004,
            0.07506628334522247,
            0.05887536332011223
        ],
        [
            0.13462159037590027,
            0.07206503301858902,
            0.05632992088794708
        ],
        [
            0.12478934973478317,
            0.07274169474840164,
            0.06530780345201492
        ],
        [
            0.1281859576702118,
            0.07653515785932541,
            0.06507167965173721
        ],
        [
            0.15692180395126343,
            0.07845969498157501,
            0.0617532804608345
        ],
        [
            0.1562410444021225,
            0.08246805518865585,
            0.0684858039021492
        ],
        [
            0.14802291989326477,
            0.06782831251621246,
            0.07103528827428818
        ],
        [
            0.14985205233097076,
            0.06802269071340561,
            0.06336480379104614
        ],
        [
            0.12292449176311493,
            0.000714767724275589,
            0.029759394004940987
        ],
        [
            0.12889470160007477,
            -0.0031695179641246796,
            0.02105318382382393
        ],
        [
            0.14043691754341125,
            0.004699628800153732,
            0.027314627543091774
        ],
        [
            0.1524469554424286,
            0.011296600103378296,
            0.03405710309743881
        ],
        [
            0.1628267616033554,
            0.018887247890233994,
            0.04037848114967346
        ],
        [
            0.15699324011802673,
            0.02184867113828659,
            0.050938285887241364
        ],
        [
            0.14338430762290955,
            0.0017819926142692566,
            0.020109422504901886
        ],
        [
            0.14575056731700897,
            0.058852095156908035,
            0.0644034743309021
        ],
        [
            0.14215347170829773,
            0.0574246421456337,
            0.07183138281106949
        ],
        [
            0.14491239190101624,
            0.05380763113498688,
            0.06857560575008392
        ],
        [
            0.13102921843528748,
            0.030813470482826233,
            0.011354152113199234
        ],
        [
            0.13815616071224213,
            0.09021585434675217,
            0.06367307901382446
        ],
        [
            0.07859615981578827,
            0.0018314272165298462,
            0.028612960129976273
        ],
        [
            0.08818435668945312,
            -0.007089719176292419,
            0.026741698384284973
        ],
        [
            0.09219992160797119,
            -0.0006737262010574341,
            0.031265005469322205
        ],
        [
            0.08164514601230621,
            0.009717646986246109,
            0.03256548196077347
        ],
        [
            0.1428867131471634,
            0.0849824845790863,
            0.0537797175347805
        ],
        [
            0.13850951194763184,
            0.08799978345632553,
            0.05769293010234833
        ],
        [
            0.1640705019235611,
            0.04040364548563957,
            0.030026491731405258
        ],
        [
            0.16733191907405853,
            0.0435241162776947,
            0.03434697538614273
        ],
        [
            0.1705789715051651,
            0.041262950748205185,
            0.034486085176467896
        ],
        [
            0.16974245011806488,
            0.03931480273604393,
            0.02856825850903988
        ],
        [
            0.13063977658748627,
            -0.005074299871921539,
            0.01558808982372284
        ],
        [
            0.1742045134305954,
            0.019238179549574852,
            0.02106480300426483
        ],
        [
            0.17141129076480865,
            0.01696675829589367,
            0.03183243051171303
        ],
        [
            0.1186542809009552,
            -0.009880054742097855,
            0.015978075563907623
        ],
        [
            0.1134343296289444,
            -0.007104851305484772,
            0.02387544885277748
        ],
        [
            0.10703076422214508,
            -0.013019803911447525,
            0.019318662583827972
        ],
        [
            0.1541948914527893,
            0.03390346094965935,
            0.06011917442083359
        ],
        [
            0.11986830830574036,
            0.005393132567405701,
            0.03652239963412285
        ],
        [
            0.11001035571098328,
            -0.0028090327978134155,
            0.029325276613235474
        ],
        [
            0.10219745337963104,
            -0.00967920571565628,
            0.024128779768943787
        ],
        [
            0.09717990458011627,
            -0.015374530106782913,
            0.02047736942768097
        ],
        [
            0.10297977924346924,
            -0.01837058737874031,
            0.015501726418733597
        ],
        [
            0.15159499645233154,
            0.0862201675772667,
            0.07134802639484406
        ],
        [
            0.15913860499858856,
            0.08709998428821564,
            0.06614089012145996
        ],
        [
            0.0987272560596466,
            -0.025732029229402542,
            0.012051176279783249
        ],
        [
            0.0922570750117302,
            -0.021579355001449585,
            0.017370108515024185
        ],
        [
            0.10496585816144943,
            0.0026695914566516876,
            0.034840598702430725
        ],
        [
            0.09851613640785217,
            0.010206006467342377,
            0.04013674706220627
        ],
        [
            0.11469275504350662,
            0.010572660714387894,
            0.04141424596309662
        ],
        [
            0.10904759168624878,
            0.018618281930685043,
            0.04756546765565872
        ],
        [
            0.14706872403621674,
            0.03430664539337158,
            0.06878288090229034
        ],
        [
            0.16127479076385498,
            0.09508798271417618,
            0.04918403550982475
        ],
        [
            0.16095919907093048,
            0.08759034425020218,
            0.057542867958545685
        ],
        [
            0.1573786735534668,
            0.0840621143579483,
            0.05430445075035095
        ],
        [
            0.1601981520652771,
            0.09133708477020264,
            0.04728342220187187
        ],
        [
            0.15889230370521545,
            0.08231353014707565,
            0.06018932908773422
        ],
        [
            0.15994712710380554,
            0.09130030125379562,
            0.06207643449306488
        ],
        [
            0.09968126565217972,
            0.02999122068285942,
            0.050663288682699203
        ],
        [
            0.14547742903232574,
            0.06316544860601425,
            0.056918464601039886
        ],
        [
            0.08692236244678497,
            0.02336115762591362,
            0.04030714929103851
        ],
        [
            0.09192333370447159,
            0.04600084200501442,
            0.05426425114274025
        ],
        [
            0.08273594826459885,
            0.042031675577163696,
            0.044329702854156494
        ],
        [
            0.07337214052677155,
            0.018868792802095413,
            0.029360979795455933
        ],
        [
            0.07325397431850433,
            0.03415900841355324,
            0.03290515020489693
        ],
        [
            0.06799925118684769,
            0.004514001309871674,
            0.022274918854236603
        ],
        [
            0.07194476574659348,
            0.01081763580441475,
            0.026318199932575226
        ],
        [
            0.0739084854722023,
            0.049281153827905655,
            0.034576382488012314
        ],
        [
            0.144553080201149,
            0.0918005108833313,
            0.04822341352701187
        ],
        [
            0.1494932472705841,
            0.08828391134738922,
            0.04669083282351494
        ],
