{
    "pred_cam": [
        7.430844306945801,
        -0.0325898751616478,
        -0.005581527948379517
    ],
    "pred_mano_params": {
        "global_orient": [
            [
                [
                    0.9231619834899902,
                    0.381892591714859,
                    0.0439317412674427
                ],
                [
                    0.38150307536125183,
                    -0.8961448073387146,
                    -0.2266714721918106
                ],
                [
                    -0.047194961458444595,
                    0.22601458430290222,
                    -0.9729800224304199
                ]
            ]
        ],
        "hand_pose": [
            [
                [
                    0.669204831123352,
                    -0.7237495183944702,
                    -0.16837936639785767
                ],
                [
                    0.7116752862930298,
                    0.6894302368164062,
                    -0.13492318987846375
                ],
                [
                    0.2137364149093628,
                    -0.02954019606113434,
                    0.9764447212219238
                ]
            ],
            [
                [
                    0.7544770836830139,
                    -0.6354324221611023,
                    0.1642867624759674
                ],
                [
                    0.6524491906166077,
                    0.6989749073982239,
                    -0.29282110929489136
                ],
                [
                    0.07123567909002304,
                    0.3281155228614807,
                    0.9419479370117188
                ]
            ],
            [
                [
                    0.8838821649551392,
                    -0.4670339822769165,
                    0.025132400915026665
                ],
                [
                    0.4609236717224121,
                    0.8789196610450745,
                    0.12267658114433289
                ],
                [
                    -0.0793834924697876,
                    -0.0968475192785263,
                    0.9921284317970276
                ]
            ],
            [
                [
                    0.2797355353832245,
                    -0.9224451780319214,
                    -0.26616370677948
                ],
                [
                    0.9600728750228882,
                    0.26794129610061646,
                    0.08042140305042267
                ],
                [
                    -0.0028680472169071436,
                    -0.2780332565307617,
                    0.9605672955513
                ]
            ],
            [
                [
                    0.9439823627471924,
                    -0.2760167717933655,
                    -0.18086475133895874
                ],
                [
                    0.30855265259742737,
                    0.9326112866401672,
                    0.1871669590473175
                ],
                [
                    0.1170152798295021,
                    -0.23248860239982605,
                    0.9655343294143677
                ]
            ],
            [
                [
                    0.8904228210449219,
                    -0.4260798692703247,
                    0.16000954806804657
                ],
                [
                    0.42784422636032104,
                    0.9035060405731201,
                    0.025020333006978035
                ],
                [
                    -0.15523026883602142,
                    0.04618048667907715,
                    0.9867982268333435
                ]
            ],
            [
                [
                    0.3228071331977844,
                    -0.9460398554801941,
                    -0.02835843898355961
                ],
                [
                    0.5133554935455322,
                    0.14983735978603363,
                    0.844994068145752
                ],
                [
                    -0.7951488494873047,
                    -0.2873280644416809,
                    0.5340233445167542
                ]
            ],
            [
                [
                    0.9525629878044128,
                    -0.26322755217552185,
                    -0.15275824069976807
                ],
                [
                    0.27697116136550903,
                    0.9578163027763367,
                    0.07664931565523148
                ],
                [
                    0.1261380910873413,
                    -0.11532291024923325,
                    0.9852867722511292
                ]
            ],
            [
                [
                    0.9840881824493408,
                    -0.06436675786972046,
                    0.16561222076416016
                ],
                [
                    -0.010238922201097012,
                    0.909984827041626,
                    0.4145152270793915
                ],
                [
                    -0.1773855984210968,
                    -0.4096151888370514,
                    0.8948462605476379
                ]
            ],
            [
                [
                    0.149214968085289,
                    -0.9885457158088684,
                    -0.02263515256345272
                ],
                [
                    0.9341997504234314,
                    0.13343600928783417,
                    0.33085593581199646
                ],
                [
                    -0.3240458369255066,
                    -0.07051440328359604,
                    0.94340980052948
                ]
            ],
            [
                [
                    0.9841248393058777,
                    -0.1655290424823761,
                    -0.06401900202035904
                ],
                [
                    0.17741471529006958,
                    0.9079442620277405,
                    0.37968558073043823
                ],
                [
                    -0.004723295569419861,
                    -0.38501593470573425,
                    0.9228978157043457
                ]
            ],
            [
                [
                    0.9020992517471313,
                    -0.3543180227279663,
                    0.24632449448108673
                ],
                [
                    0.27817147970199585,
                    0.9138571619987488,
                    0.29577988386154175
                ],
                [
                    -0.32990553975105286,
                    -0.19830234348773956,
                    0.9229510426521301
                ]
            ],
            [
                [
                    0.9367457628250122,
                    -0.25713202357292175,
                    -0.23746682703495026
                ],
                [
                    -0.16339841485023499,
                    0.2787226140499115,
                    -0.9463691711425781
                ],
                [
                    0.30952921509742737,
                    0.9253090620040894,
                    0.21907725930213928
                ]
            ],
            [
                [
                    0.9460341334342957,
                    -0.3125854432582855,
                    0.08549677580595016
                ],
                [
                    0.21308669447898865,
                    0.7987863421440125,
                    0.5626139640808105
                ],
                [
                    -0.2441585808992386,
                    -0.5140337944030762,
                    0.8222869634628296
                ]
            ],
            [
                [
                    0.9771299362182617,
                    0.13138484954833984,
                    -0.1671978086233139
                ],
                [
                    -0.17603203654289246,
                    0.9408793449401855,
                    -0.2894109785556793
                ],
                [
                    0.11928875744342804,
                    0.31222429871559143,
                    0.9424893260002136
                ]
            ]
        ],
        "betas": [
            0.013442188501358032,
            -0.029923558235168457,
            0.016028612852096558,
            -0.015005320310592651,
            -0.04920867085456848,
            -0.08588039129972458,
            -0.01067650318145752,
            -0.03834223747253418,
            0.009419843554496765,
            -0.029103130102157593
        ]
    },
    "pred_cam_t": [
        -0.0325898751616478,
        -0.005581527948379517,
        5.256804943084717
    ],
    "focal_length": [
        5000.0,
        5000.0
    ],
    "pred_keypoints_3d": [
        [
            0.09558532387018204,
            0.006370579823851585,
            0.006185464095324278
        ],
        [
            0.06858011335134506,
            0.00531359389424324,
            -0.021268270909786224
        ],
        [
            0.038949836045503616,
            0.013085192069411278,
            -0.024329809471964836
        ],
        [
            0.012764841318130493,
            0.01998947188258171,
            -0.02508307248353958
        ],
        [
            -0.022591110318899155,
            0.02684403955936432,
            -0.025935394689440727
        ],
        [
            0.013304509222507477,
            -0.027202842757105827,
            -0.010897209867835045
        ],
        [
            -0.018035177141427994,
            -0.017083648592233658,
            -0.009630540385842323
        ],
        [
            -0.025764472782611847,
            0.003698788583278656,
            -0.009707839228212833
        ],
        [
            -0.024732816964387894,
            0.028486203402280807,
            -0.010267384350299835
        ],
        [
            0.007585190236568451,
            -0.027614222839474678,
            0.013606065884232521
        ],
        [
            -0.012367894873023033,
            -0.0029761902987957,
            0.012881090864539146
        ],
        [
            -0.01732959970831871,
            0.019665595144033432,
            0.010852444916963577
        ],
        [
            -0.019052589312195778,
            0.04354177415370941,
            0.001767519861459732
        ],
        [
            0.01751445233821869,
            -0.015182219445705414,
            0.03511129319667816
        ],
        [
            0.0013661105185747147,
            0.006443630903959274,
            0.02498151920735836
        ],
        [
            -0.002888205461204052,
            0.029654178768396378,
            0.017375174909830093
        ],
        [
            -0.0058049894869327545,
            0.049288008362054825,
            0.0019320100545883179
        ],
        [
            0.02643827348947525,
            -0.0011454364284873009,
            0.04922899603843689
        ],
        [
            0.014558175578713417,
            0.012592012993991375,
            0.038446128368377686
        ],
        [
            0.009390986524522305,
            0.027940507978200912,
            0.028611790388822556
        ],
        [
            0.005768188275396824,
            0.04198512062430382,
            0.013157960027456284
        ]
    ],
    "pred_vertices": [
        [
            0.04435346648097038,
            -0.001226784661412239,
            -0.010041223838925362
        ],
        [
            0.05459398776292801,
            0.003803826868534088,
            -0.009283280000090599
        ],
        [
            0.04695797711610794,
            0.004837121814489365,
            -0.011603309772908688
        ],
        [
            0.038218528032302856,
            -0.0016001854091882706,
            -0.015147044323384762
        ],
        [
            0.060180410742759705,
            0.022142954170703888,
            -0.012640276923775673
        ],
        [
            0.06505147367715836,
            0.025117911398410797,
            -0.023185648024082184
        ],
        [
            0.04877248406410217,
            0.025648754090070724,
            -0.02364404872059822
        ],
        [
            0.047154396772384644,
            0.02400003746151924,
            -0.013797411695122719
        ],
        [
            0.03290558606386185,
            -0.0028957296162843704,
            -0.017928097397089005
        ],
        [
            0.03962017223238945,
            0.006242133677005768,
            -0.013317475095391273
        ],
        [
            0.0315713994204998,
            -0.004375757649540901,
            -0.01865473762154579
        ],
        [
            0.02915317192673683,
            -0.019139835610985756,
            -0.023131906986236572
        ],
        [
            0.028276916593313217,
            -0.013135157525539398,
            -0.021150363609194756
        ],
        [
            0.02483620122075081,
            -0.026602627709507942,
            -0.022530267015099525
        ],
        [
            0.03768320381641388,
            -0.024977464228868484,
            -0.02379492297768593
        ],
        [
            0.027568547055125237,
            -0.03450034186244011,
            -0.01803116872906685
        ],
        [
            0.05087902024388313,
            -0.03170180693268776,
            0.0005418139044195414
        ],
        [
            0.054049357771873474,
            -0.028173044323921204,
            0.013488329015672207
        ],
        [
            0.03717508912086487,
            -0.034744735807180405,
            0.016910366714000702
        ],
        [
            0.035557761788368225,
            -0.03665255755186081,
            0.0030784907285124063
        ],
        [
            0.044780828058719635,
            -0.023265860974788666,
            0.03304049000144005
        ],
        [
            0.03980352357029915,
            -0.029741866514086723,
            0.02427654340863228
        ],
        [
            0.057093545794487,
            -0.024542933329939842,
            0.021238267421722412
        ],
        [
            0.060653798282146454,
            -0.018764134496450424,
            0.028948871418833733
        ],
        [
            0.05232077091932297,
            0.0027921833097934723,
            0.0023599970154464245
        ],
        [
            0.06201906129717827,
            0.007667284458875656,
            0.0017851628363132477
        ],
        [
            0.060321856290102005,
            0.004745131358504295,
            -0.0031495941802859306
        ],
        [
            0.050556786358356476,
            0.0009067114442586899,
            -0.002602726686745882
        ],
        [
            0.02954753115773201,
            0.0019651157781481743,
            -0.024951502680778503
        ],
        [
            0.040522076189517975,
            -0.0083574578166008,
            -0.029226403683423996
        ],
        [
            0.0350484624505043,
            -0.009042182937264442,
            -0.02392839640378952
        ],
        [
            0.02800399623811245,
            0.004385078325867653,
            -0.020118318498134613
        ],
        [
            0.08305801451206207,
            0.02712792530655861,
            0.007758759893476963
        ],
        [
            0.0964803472161293,
            0.025629453361034393,
            0.006295965518802404
        ],
        [
            0.09633029252290726,
            0.023504039272665977,
            0.0007151537574827671
        ],
        [
            0.08427434414625168,
            0.02478470653295517,
            0.0031983982771635056
        ],
        [
            0.08649243414402008,
            0.021682152524590492,
            -0.018908467143774033
        ],
        [
            0.09644310176372528,
            0.018298231065273285,
            -0.016817612573504448
        ],
        [
            0.10363414138555527,
            0.010353174060583115,
            -0.024143600836396217
        ],
        [
            0.0930594727396965,
            0.011232662945985794,
            -0.02782982587814331
        ],
        [
            0.07560551911592484,
            0.02364884316921234,
            -0.02153324894607067
        ],
        [
            0.08066694438457489,
            0.016737371683120728,
            -0.03131964057683945
        ],
        [
            0.06763759255409241,
            0.019972197711467743,
            -0.03261388838291168
        ],
        [
            0.04963105171918869,
            0.021782197058200836,
            -0.031835559755563736
        ],
        [
            0.0980270504951477,
            0.027243778109550476,
            0.018905293196439743
        ],
        [
            0.0883256047964096,
            0.029169168323278427,
            0.021747097373008728
        ],
        [
            -0.011865458451211452,
            -0.0068439096212387085,
            -0.016359971836209297
        ],
        [
            -0.011180881410837173,
            -0.004838503897190094,
            -0.01065937988460064
        ],
        [
            -0.007804763503372669,
            -0.006842225790023804,
            -0.011466885916888714
        ],
        [
            -0.009268976747989655,
            -0.008676482364535332,
            -0.016766993328928947
        ],
        [
            0.09668216854333878,
            0.014664266258478165,
            0.03473280370235443
        ],
        [
            0.0991130992770195,
            0.0049909986555576324,
            0.03597646206617355
        ],
        [
            0.1053786426782608,
            0.008668048307299614,
            0.03554811328649521
        ],
        [
            0.10342159867286682,
            0.01732494682073593,
            0.032499950379133224
        ],
        [
            0.08780279755592346,
            0.011090483516454697,
            0.0376611091196537
        ],
        [
            0.09018351882696152,
            0.00021712295711040497,
            0.03603546693921089
        ],
        [
            -0.021707657724618912,
            -0.015051821246743202,
            -0.016864674165844917
        ],
        [
            -0.018444905057549477,
            -0.012007314711809158,
            -0.019583309069275856
        ],
        [
            -0.015809111297130585,
            -0.01621522754430771,
            -0.01935175247490406
        ],
        [
            -0.017977727577090263,
            -0.019738364964723587,
            -0.015894712880253792
        ],
        [
            0.03065698780119419,
            -0.008251363411545753,
            -0.017334505915641785
        ],
        [
            0.035124532878398895,
            -0.004952369257807732,
            -0.010527284815907478
        ],
        [
            0.016968855634331703,
            -0.015712056308984756,
            -0.014638828113675117
        ],
        [
            0.02359008602797985,
            -0.012365374714136124,
            -0.01198866032063961
        ],
        [
            0.02430781163275242,
            -0.014796363189816475,
            -0.018311241641640663
        ],
        [
            0.018788116052746773,
            -0.018388496711850166,
            -0.019751423969864845
        ],
        [
            0.03223561495542526,
            -0.005317512899637222,
            0.008783753961324692
        ],
        [
            0.04288414865732193,
            -0.001175234094262123,
            0.007060147821903229
        ],
        [
            0.04027827829122543,
            -0.0036199111491441727,
            0.001458505867049098
        ],
        [
            0.028166206553578377,
            -0.007792513817548752,
            0.0015652349684387445
        ],
        [
            0.04551716893911362,
            0.005892228335142136,
            0.019003845751285553
        ],
        [
            0.03516440838575363,
            0.0007042735815048218,
            0.019871685653924942
        ],
        [
            0.03817248344421387,
            0.00528755784034729,
            0.026475435122847557
        ],
        [
            0.04446167126297951,
            0.009108908474445343,
            0.024491269141435623
        ],
        [
            0.018025221303105354,
            -0.009880282916128635,
            0.018115514889359474
        ],
        [
            0.014446516521275043,
            -0.01288221962749958,
            0.017647884786128998
        ],
        [
            0.01504223421216011,
            -0.010720256716012955,
            0.01990232616662979
        ],
        [
            0.019404415041208267,
            -0.008029796183109283,
            0.020955437794327736
        ],
        [
            0.11198560148477554,
            0.011221349239349365,
            0.03493335843086243
        ],
        [
            0.10991021245718002,
            0.019213881343603134,
            0.02967161312699318
        ],
        [
            0.05091012269258499,
            -0.00853969156742096,
            0.04838554933667183
        ],
        [
            0.0547792948782444,
            0.0019461559131741524,
            0.05011458694934845
        ],
        [
            0.04193170741200447,
            0.0004468429833650589,
            0.05357642099261284
        ],
        [
            0.0407734140753746,
            -0.011782882735133171,
            0.0516810417175293
        ],
        [
            0.09927599132061005,
            -0.004388459026813507,
            0.03161397576332092
        ],
        [
            0.1061403676867485,
            -0.0010939594358205795,
            0.033407993614673615
        ],
        [
            -0.023555099964141846,
            -0.01649261824786663,
            -0.010968026705086231
        ],
        [
            -0.019326843321323395,
            -0.02075684443116188,
            -0.009999392554163933
        ],
        [
            0.07153395563364029,
            0.0072422511875629425,
            -0.037373028695583344
        ],
        [
            0.05037013441324234,
            0.013194633647799492,
            -0.037212710827589035
        ],
        [
            0.08737986534833908,
            0.002859579399228096,
            -0.033171750605106354
        ],
        [
            0.0978524312376976,
            -0.0005341023206710815,
            -0.027588721364736557
        ],
        [
            0.10708124935626984,
            -0.0014208108186721802,
            -0.02452849969267845
        ],
        [
            0.02083510160446167,
            -0.012060007080435753,
            -0.006096000783145428
        ],
        [
            0.041472382843494415,
            -0.0028709303587675095,
            -0.004264185670763254
        ],
        [
            0.053556572645902634,
            0.004979316145181656,
            0.00686041871085763
        ],
        [
            0.054483454674482346,
            0.020191196352243423,
            0.033673245459795
        ],
        [
            0.06368556618690491,
            0.024255549535155296,
            0.03151068091392517
        ],
        [
            0.058734286576509476,
            0.020396944135427475,
            0.022743918001651764
        ],
        [
            0.05189348757266998,
            0.017065919935703278,
            0.02662893757224083
        ],
        [
            0.052372194826602936,
            0.011730740778148174,
            0.04838067665696144
        ],
        [
            0.04846524819731712,
            0.015604815445840359,
            0.04244416579604149
        ],
        [
            0.04165284335613251,
            0.012722180224955082,
            0.04394352063536644
        ],
        [
            0.04298286512494087,
            0.008963522501289845,
            0.05051369592547417
        ],
        [
            0.0307617224752903,
            0.003817620687186718,
            -0.03200094401836395
        ],
        [
            0.04514738917350769,
            -0.005790467374026775,
            -0.03419101610779762
        ],
        [
            0.093629851937294,
            0.02350638061761856,
            0.029739398509263992
        ],
        [
            0.10036608576774597,
            0.024330776184797287,
            0.025811294093728065
        ],
        [
            0.1087026372551918,
            0.024149736389517784,
            0.023816537111997604
        ],
        [
            0.0725531056523323,
            0.01750006154179573,
            0.0030315453186631203
        ],
        [
            0.08510984480381012,
            0.023253045976161957,
            -8.872337639331818e-05
        ],
        [
            0.08407219499349594,
            0.021924570202827454,
            -0.004284611903131008
        ],
        [
            0.07256707549095154,
            0.014750631526112556,
            0.00019875727593898773
        ],
        [
            0.06388985365629196,
            0.011492479592561722,
            -0.007544136140495539
        ],
        [
            0.0726233720779419,
            0.020486045628786087,
            -0.011377988383173943
        ],
        [
            0.0538131520152092,
            0.013744715601205826,
            -0.007495541125535965
        ],
        [
            0.09765683859586716,
            0.021127376705408096,
            -0.007114721462130547
        ],
        [
            0.10640694200992584,
            0.024660419672727585,
            -0.0011613494716584682
        ],
        [
            0.1068175733089447,
            0.021031655371189117,
            -0.009289845824241638
        ],
        [
            0.10713300108909607,
            0.02655784599483013,
            0.008419182151556015
        ],
        [
            0.10783440619707108,
            0.0267045795917511,
            0.01728125847876072
        ],
        [
            0.11443231254816055,
            -0.0004273727536201477,
            0.03522238880395889
        ],
        [
            0.10662369430065155,
            0.016393564641475677,
            -0.01614377461373806
        ],
        [
            0.03801857680082321,
            0.024143004789948463,
            -0.016127075999975204
        ],
        [
            0.029635732993483543,
            0.024947233498096466,
            -0.01904195174574852
        ],
        [
            0.02826668880879879,
            0.018997028470039368,
            -0.014331940561532974
        ],
        [
            0.03605236858129501,
            0.017583327367901802,
            -0.01125149056315422
        ],
        [
            0.017434008419513702,
            -0.030817484483122826,
            -0.02097729779779911
        ],
        [
            0.01776931807398796,
            -0.023356648162007332,
            -0.022201938554644585
        ],
        [
            0.024970484897494316,
            -0.019556120038032532,
            -0.02282864600419998
        ],
        [
            0.07346607744693756,
            0.025877276435494423,
            0.014287992380559444
        ],
        [
            0.07835640013217926,
            0.027860432863235474,
            0.025832399725914
        ],
        [
            0.014299008063971996,
            -0.01535133644938469,
            -0.008795117028057575
        ],
        [
            -0.01470462791621685,
            -0.023745261132717133,
            -0.015390398912131786
        ],
        [
            -0.01227577030658722,
            -0.020070161670446396,
            -0.01958232931792736
        ],
        [
            0.0040687089785933495,
            -0.02762090228497982,
            -0.020705923438072205
        ],
        [
            0.0012646690011024475,
            -0.032122500240802765,
            -0.016022708266973495
        ],
        [
            0.008090782910585403,
            -0.019326696172356606,
            -0.002577015897259116
        ],
        [
            0.011315889656543732,
            -0.015706129372119904,
            -0.007862907834351063
        ],
        [
            0.009644556790590286,
            -0.015896067023277283,
            -0.006842801813036203
        ],
        [
            0.006106182932853699,
            -0.017161261290311813,
            -0.001291939290240407
        ],
        [
            0.02000606618821621,
            -0.005784981418401003,
            0.026151318103075027
        ],
        [
            0.02346070297062397,
            -0.003310035914182663,
            0.02691623568534851
        ],
        [
            0.019432714208960533,
            -0.036944568157196045,
            0.005126944277435541
        ],
        [
            0.02100890502333641,
            -0.042756032198667526,
            -0.0073417844250798225
        ],
        [
            0.033245816826820374,
            -0.038434553891420364,
            -0.00915572326630354
        ],
        [
            0.034703727811574936,
            -0.00200858898460865,
            0.015008718706667423
        ],
        [
            0.02542232722043991,
            -0.005482831969857216,
            0.01718922145664692
        ],
        [
            0.02664395608007908,
            -0.0037688594311475754,
            0.02070772834122181
        ],
        [
            0.018020376563072205,
            -0.012909876182675362,
            -0.002471558516845107
        ],
        [
            0.012389356270432472,
            -0.016095485538244247,
            -0.0030490003991872072
        ],
        [
            0.014390384778380394,
            -0.015341559424996376,
            0.0010081855580210686
        ],
        [
            0.020114388316869736,
            -0.011370372958481312,
            0.0021559512242674828
        ],
        [
            0.06735945492982864,
            0.004654720425605774,
            0.04659407213330269
        ],
        [
            0.06405404955148697,
            0.015898199751973152,
            0.045123543590307236
        ],
        [
            -0.014676732942461967,
            -0.00921771302819252,
            -0.019455285742878914
        ],
        [
            -0.012246362864971161,
            -0.012177975848317146,
            -0.01968240551650524
        ],
        [
            0.045047640800476074,
            0.002053814008831978,
            0.01313314214348793
        ],
        [
            0.04673882573843002,
            -0.03156239539384842,
            -0.010700765997171402
        ],
        [
            0.05472471937537193,
            0.007643887773156166,
            0.011519890278577805
        ],
        [
            0.02553778886795044,
            -0.015434922650456429,
            0.04101439565420151
        ],
        [
            0.023840805515646935,
            -0.007204169407486916,
            0.04025612771511078
        ],
        [
            0.020805910229682922,
            -0.005730160977691412,
            0.03823384642601013
        ],
        [
            0.01917768269777298,
            -0.010968026705086231,
            0.03913307934999466
        ],
        [
            -0.00723526906222105,
            -0.01225701067596674,
            -0.0005828033317811787
        ],
        [
            -0.005837081931531429,
            -0.008713796734809875,
            -0.0051357741467654705
        ],
        [
            -0.008301226422190666,
            -0.00705859437584877,
            -0.005224323831498623
        ],
        [
            -0.010907988995313644,
            -0.010094840079545975,
            -0.0007902478100731969
        ],
        [
            0.01295627374202013,
            -0.01574166864156723,
            -0.0135626420378685
        ],
        [
            0.01361185684800148,
            -0.01839587464928627,
            -0.019221998751163483
        ],
        [
            0.009180216118693352,
            -0.016802432015538216,
            -0.01803637482225895
        ],
        [
            0.009363565593957901,
            -0.015350544825196266,
            -0.012096511200070381
        ],
        [
            0.012248499318957329,
            -0.02372300997376442,
            -0.021706048399209976
        ],
        [
            0.007238887716084719,
            -0.022068878635764122,
            -0.02125716581940651
        ],
        [
            -0.010433107614517212,
            -0.017676156014204025,
            0.0007538802456110716
        ],
        [
            -0.014159630984067917,
            -0.0229877308011055,
            -0.0030810937751084566
        ],
        [
            0.0006037056446075439,
            -0.030351003631949425,
            -0.0018035038374364376
        ],
        [
            0.0015265741385519505,
            -0.02293124422430992,
            0.0008810503641143441
        ],
        [
            0.07569951564073563,
            -0.01611139439046383,
            0.02608579769730568
        ],
        [
            0.07738006114959717,
            -0.009093309752643108,
            0.034585583955049515
        ],
        [
            0.062464311718940735,
            -0.011797677725553513,
            0.037888139486312866
        ],
        [
            0.04757053405046463,
            -0.015304149128496647,
            0.042342912405729294
        ],
        [
            0.03346361592411995,
            -0.017805323004722595,
            0.04473741352558136
        ],
        [
            0.031420350074768066,
            -0.02713380753993988,
            0.03702373430132866
        ],
        [
            0.06497377157211304,
            -0.005865090526640415,
            0.043184179812669754
        ],
        [
            0.010807475075125694,
            -0.026569049805402756,
            0.0023452751338481903
        ],
        [
            0.010903995484113693,
            -0.03448420390486717,
            -0.00048143393360078335
        ],
        [
            0.012632301077246666,
            -0.03196573629975319,
            0.004029331728816032
        ],
        [
            0.05497916042804718,
            0.012240268290042877,
            0.017417578026652336
        ],
        [
            -0.009366143494844437,
            -0.015643395483493805,
            -0.02047654800117016
        ],
        [
            0.10227826237678528,
            -0.017193403095006943,
            -0.009471220895648003
        ],
        [
            0.1037731021642685,
            -0.01800191029906273,
            0.0042584603652358055
        ],
        [
            0.09528445452451706,
            -0.019660530611872673,
            0.0025224494747817516
        ],
        [
            0.09294449537992477,
            -0.017765052616596222,
            -0.013394240289926529
        ],
        [
            -0.005542112980037928,
            -0.00813252292573452,
            -0.012157955206930637
        ],
        [
            -0.0064199925400316715,
            -0.010608039796352386,
            -0.018001049757003784
        ],
        [
            0.024008695036172867,
            0.0007564909756183624,
            0.031788598746061325
        ],
        [
            0.020710673183202744,
            -0.0021952278912067413,
            0.030805371701717377
        ],
        [
            0.021533194929361343,
            -0.0013917344622313976,
            0.03362264484167099
        ],
        [
            0.023390691727399826,
            0.0025327596813440323,
            0.035445667803287506
        ],
        [
            0.07932688295841217,
            -0.004576806910336018,
            0.03808814287185669
        ],
        [
            0.0334438793361187,
            0.005150382407009602,
            0.05273734778165817
        ],
        [
            0.032101865857839584,
            -0.007487433031201363,
            0.05153040587902069
        ],
        [
            0.09012163430452347,
            -0.007161417044699192,
            0.03147698938846588
        ],
        [
            0.08899878710508347,
            -0.013797853142023087,
            0.02439245954155922
        ],
        [
            0.09859389811754227,
            -0.012010128237307072,
            0.023787247017025948
        ],
        [
            0.022683000192046165,
            -0.030697720125317574,
            0.02523818425834179
        ],
        [
            0.07225678116083145,
            -0.02087675966322422,
            0.01968580111861229
        ],
        [
            0.08643759787082672,
            -0.01754482463002205,
            0.01821369118988514
        ],
        [
            0.09777657687664032,
            -0.015567351132631302,
            0.017215391620993614
        ],
        [
            0.10604766011238098,
            -0.014532665722072124,
            0.017403826117515564
        ],
        [
            0.10606566071510315,
            -0.010589376091957092,
            0.024525538086891174
        ],
        [
            -0.015215642750263214,
            -0.024277877062559128,
            -0.009081901051104069
        ],
        [
            -0.01896514929831028,
            -0.019096214324235916,
            -0.0030962792225182056
        ],
        [
            0.1149517223238945,
            -0.010276088491082191,
            0.026285741478204727
        ],
        [
            0.11440947651863098,
            -0.014148370362818241,
            0.01787668652832508
        ],
        [
            0.08400024473667145,
            -0.021012399345636368,
            0.01000381913036108
        ],
        [
            0.08057473599910736,
            -0.02366841584444046,
            -0.001112539554014802
        ],
        [
            0.07032479345798492,
            -0.023898258805274963,
            0.011660143733024597
        ],
        [
            0.06604330986738205,
            -0.02707616053521633,
            0.0011470611207187176
        ],
        [
            0.023809107020497322,
            -0.0397990345954895,
            0.01816556602716446
        ],
        [
            -0.02788110077381134,
            -0.0022490806877613068,
            -0.0025022695772349834
        ],
        [
            -0.02077590301632881,
            -0.0109503623098135,
            -0.00042379170190542936
        ],
        [
            -0.015965012833476067,
            -0.007601821795105934,
            -0.0007876575109548867
        ],
        [
            -0.02424587495625019,
            -0.0004294849932193756,
            -0.0010675698285922408
        ],
        [
            -0.014749269001185894,
            -0.014425400644540787,
            0.0003219455829821527
        ],
        [
            -0.02329593151807785,
            -0.014665614813566208,
            -0.004050600808113813
        ],
        [
            0.06116935983300209,
            -0.025930803269147873,
            -0.013692962937057018
        ],
        [
            0.01030835509300232,
            -0.018726877868175507,
            0.0007548967842012644
        ],
        [
            0.07570183277130127,
            -0.019222551956772804,
            -0.019577091559767723
        ],
        [
            0.05012029409408569,
            -0.022118985652923584,
            -0.026518942788243294
        ],
        [
            0.059879548847675323,
            -0.014408943243324757,
            -0.031174898147583008
        ],
        [
            0.09008713811635971,
            -0.010747784748673439,
            -0.02661830373108387
        ],
        [
            0.0739077627658844,
            -0.006752202287316322,
