{
    "pred_cam": [
        10.336494445800781,
        0.10526169091463089,
        -0.059544071555137634
    ],
    "pred_mano_params": {
        "global_orient": [
            [
                [
                    0.16727371513843536,
                    -0.6429778337478638,
                    0.7473948001861572
                ],
                [
                    -0.4004552662372589,
                    -0.7370350360870361,
                    -0.544439971446991
                ],
                [
                    0.9009190797805786,
                    -0.20822769403457642,
                    -0.3807704448699951
                ]
            ]
        ],
        "hand_pose": [
            [
                [
                    0.8287631869316101,
                    -0.5335530042648315,
                    -0.1687386929988861
                ],
                [
                    0.51102614402771,
                    0.8444791436195374,
                    -0.16033491492271423
                ],
                [
                    0.22804346680641174,
                    0.046649809926748276,
                    0.9725327491760254
                ]
            ],
            [
                [
                    0.8574744462966919,
                    -0.4784206748008728,
                    0.18934403359889984
                ],
                [
                    0.511142373085022,
                    0.8341959714889526,
                    -0.2070036083459854
                ],
                [
                    -0.058915235102176666,
                    0.2742820680141449,
                    0.9598428010940552
                ]
            ],
            [
                [
                    0.7758844494819641,
                    -0.6307122111320496,
                    0.014333901926875114
                ],
                [
                    0.6308683156967163,
                    0.7755706906318665,
                    -0.022253641858696938
                ],
                [
                    0.002918688580393791,
                    0.0263090580701828,
                    0.9996495842933655
                ]
            ],
            [
                [
                    0.7744816541671753,
                    -0.6020328998565674,
                    -0.19425369799137115
                ],
                [
                    0.6063456535339355,
                    0.7940184473991394,
                    -0.043354108929634094
                ],
                [
                    0.18034163117408752,
                    -0.0842079222202301,
                    0.9799927473068237
                ]
            ],
            [
                [
                    0.8422353863716125,
                    -0.5236311554908752,
                    -0.12825722992420197
                ],
                [
                    0.5372423529624939,
                    0.795434296131134,
                    0.2804548144340515
                ],
                [
                    -0.044834692031145096,
                    -0.305114209651947,
                    0.9512597322463989
                ]
            ],
            [
                [
                    0.8808449506759644,
                    -0.4611471891403198,
                    -0.10702969133853912
                ],
                [
                    0.4647160470485687,
                    0.8854063749313354,
                    0.009718131273984909
                ],
                [
                    0.09028328955173492,
                    -0.058298587799072266,
                    0.9942082166671753
                ]
            ],
            [
                [
                    0.4613548517227173,
                    -0.8827944397926331,
                    -0.08846239745616913
                ],
                [
                    0.8383374214172363,
                    0.40112757682800293,
                    0.36917078495025635
                ],
                [
                    -0.29041725397109985,
                    -0.24448004364967346,
                    0.9251418113708496
                ]
            ],
            [
                [
                    0.9724206924438477,
                    -0.21675719320774078,
                    -0.0861065685749054
                ],
                [
                    0.21972566843032837,
                    0.9752010703086853,
                    0.026524771004915237
                ],
                [
                    0.07822178304195404,
                    -0.044713061302900314,
                    0.9959328174591064
                ]
            ],
            [
                [
                    0.9729681015014648,
                    -0.20232537388801575,
                    0.11134418845176697
                ],
                [
                    0.1649533063173294,
                    0.9462863802909851,
                    0.2780872583389282
                ],
                [
                    -0.16162759065628052,
                    -0.25220343470573425,
                    0.9540807008743286
                ]
            ],
            [
                [
                    0.5807492733001709,
                    -0.7994945645332336,
                    -0.1534229815006256
                ],
                [
                    0.7961300015449524,
                    0.5971254706382751,
                    -0.0980725884437561
                ],
                [
                    0.17002126574516296,
                    -0.06518904119729996,
                    0.9832817912101746
                ]
            ],
            [
                [
                    0.9786660075187683,
                    -0.20343153178691864,
                    0.02878248691558838
                ],
                [
                    0.17316393554210663,
                    0.8921017646789551,
                    0.41733527183532715
                ],
                [
                    -0.11057604849338531,
                    -0.4034477770328522,
                    0.9082967042922974
                ]
            ],
            [
                [
                    0.875190794467926,
                    -0.4537447690963745,
                    -0.16779987514019012
                ],
                [
                    0.4767073690891266,
                    0.867945671081543,
                    0.13935741782188416
                ],
                [
                    0.08240846544504166,
                    -0.20195576548576355,
                    0.9759215116500854
                ]
            ],
            [
                [
                    0.9052373170852661,
                    -0.3493890166282654,
                    0.24181108176708221
                ],
                [
                    0.2964802384376526,
                    0.11171309649944305,
                    -0.9484826922416687
                ],
                [
                    0.3043759763240814,
                    0.9302942752838135,
                    0.20471380650997162
                ]
            ],
            [
                [
                    0.9203299880027771,
                    -0.38126978278160095,
                    -0.08732671290636063
                ],
                [
                    0.361982136964798,
                    0.7456311583518982,
                    0.5594667196273804
                ],
                [
                    -0.14819426834583282,
                    -0.5465047955513,
                    0.8242395520210266
                ]
            ],
            [
                [
                    0.8671024441719055,
                    0.42806902527809143,
                    -0.2547355592250824
                ],
                [
                    -0.40749356150627136,
                    0.9036880731582642,
                    0.1315174698829651
                ],
                [
                    0.2865000367164612,
                    -0.010236021131277084,
                    0.9580255150794983
                ]
            ]
        ],
        "betas": [
            -0.027666419744491577,
            -0.08295610547065735,
            -0.06319674849510193,
            -0.05793443322181702,
            -0.021964669227600098,
            -0.031171482056379318,
            0.02787664532661438,
            -0.043768495321273804,
            -0.0430755615234375,
            -0.04427999258041382
        ]
    },
    "pred_cam_t": [
        -0.10526169091463089,
        -0.059544071555137634,
        3.779085874557495
    ],
    "focal_length": [
        5000.0,
        5000.0
    ],
    "pred_keypoints_3d": [
        [
            0.09588372707366943,
            0.0063942414708435535,
            0.006221500225365162
        ],
        [
            0.12112491577863693,
            0.013455232605338097,
            -0.022081885486841202
        ],
        [
            0.13694405555725098,
            0.03941912204027176,
            -0.02722776308655739
        ],
        [
            0.14566640555858612,
            0.064876988530159,
            -0.030887341126799583
        ],
        [
            0.15176251530647278,
            0.09327428787946701,
            -0.05266932025551796
        ],
        [
            0.09988357871770859,
            0.03431958332657814,
            -0.08000306040048599
        ],
        [
            0.09991370141506195,
            0.05906401947140694,
            -0.10195508599281311
        ],
        [
            0.10837355256080627,
            0.07952317595481873,
            -0.10419478267431259
        ],
        [
            0.11944493651390076,
            0.09890460968017578,
            -0.09264859557151794
        ],
        [
            0.07844015955924988,
            0.04731881618499756,
            -0.07758674770593643
        ],
        [
            0.07705765217542648,
            0.07585698366165161,
            -0.09156868606805801
        ],
        [
            0.08738689869642258,
            0.09671144187450409,
            -0.0896749421954155
        ],
        [
            0.10191179066896439,
            0.11634661257266998,
            -0.08111096918582916
        ],
        [
            0.06476780772209167,
            0.056668926030397415,
            -0.05657821521162987
        ],
        [
            0.06780405342578888,
            0.0844685360789299,
            -0.0641305223107338
        ],
        [
            0.07660061120986938,
            0.10765054076910019,
            -0.06185394152998924
        ],
        [
            0.08933160454034805,
            0.1281636655330658,
            -0.05280661582946777
        ],
        [
            0.058428794145584106,
            0.06490231305360794,
            -0.03737306967377663
        ],
        [
            0.06446948647499084,
            0.0851980671286583,
            -0.03708629310131073
        ],
        [
            0.07183952629566193,
            0.10219448804855347,
            -0.03279908373951912
        ],
        [
            0.08412165194749832,
            0.11712504178285599,
            -0.027712997049093246
        ]
    ],
    "pred_vertices": [
        [
            0.11092334985733032,
            0.031623490154743195,
            -0.040895383805036545
        ],
        [
            0.11230777204036713,
            0.028753621503710747,
            -0.030468720942735672
        ],
        [
            0.1174350380897522,
            0.03425310552120209,
            -0.032693274319171906
        ],
        [
            0.11691024899482727,
            0.03438955545425415,
            -0.04568157717585564
        ],
        [
            0.1223706379532814,
            0.02910754457116127,
            -0.00946284830570221
        ],
        [
            0.1316947191953659,
            0.021800875663757324,
            -0.006957784295082092
        ],
        [
            0.1375924050807953,
            0.034939251840114594,
            -0.01235981285572052
        ],
        [
            0.12859684228897095,
            0.0396995022892952,
            -0.011912692338228226
        ],
        [
            0.12089499086141586,
            0.03693336993455887,
            -0.048309825360774994
        ],
        [
            0.12180662900209427,
            0.039480142295360565,
            -0.03400176391005516
        ],
        [
            0.12281715869903564,
            0.037981390953063965,
            -0.046751271933317184
        ],
        [
            0.11714163422584534,
            0.027357913553714752,
            -0.06373641639947891
        ],
        [
            0.1172727420926094,
            0.03139107674360275,
            -0.0612623393535614
        ],
        [
            0.11189916729927063,
            0.024536672979593277,
            -0.0729668140411377
        ],
        [
            0.11433807760477066,
            0.01781504787504673,
            -0.06169978529214859
        ],
        [
            0.10399746894836426,
            0.019281255081295967,
            -0.07434295862913132
        ],
        [
            0.08605915307998657,
            0.010914910584688187,
            -0.05145895853638649
        ],
        [
            0.07594914734363556,
            0.015534680336713791,
            -0.04321344196796417
        ],
        [
            0.07179675996303558,
            0.023930594325065613,
            -0.057828016579151154
        ],
        [
            0.08288878947496414,
            0.01883370615541935,
            -0.06434982270002365
        ],
        [
            0.06253641098737717,
            0.031907811760902405,
            -0.04094892367720604
        ],
        [
            0.0673421174287796,
            0.027949873358011246,
            -0.051044762134552
        ],
        [
            0.07067424803972244,
            0.018645379692316055,
            -0.036567240953445435
        ],
        [
            0.06649191677570343,
            0.02281590923666954,
            -0.028189536184072495
        ],
        [
            0.10023925453424454,
            0.03204170614480972,
            -0.029203586280345917
        ],
        [
            0.10237196832895279,
            0.028588304296135902,
            -0.0199163518846035
        ],
        [
            0.10576339066028595,
            0.026864193379878998,
            -0.025064677000045776
        ],
        [
            0.10412561893463135,
            0.03067643940448761,
            -0.033278923481702805
        ],
        [
            0.13437870144844055,
            0.04347151890397072,
            -0.040355078876018524
        ],
        [
            0.12941448390483856,
            0.02558087930083275,
            -0.04665880650281906
        ],
        [
            0.12517456710338593,
            0.031483184546232224,
            -0.04904698580503464
        ],
        [
            0.13127627968788147,
            0.04711639881134033,
            -0.037576816976070404
        ],
        [
            0.10504519939422607,
            0.028409508988261223,
            0.010138347744941711
        ],
        [
            0.10486197471618652,
            0.017855986952781677,
            0.0187394917011261
        ],
        [
            0.10866506397724152,
            0.014368832111358643,
            0.015612542629241943
        ],
        [
            0.10766041278839111,
            0.02425597980618477,
            0.007946312427520752
        ],
        [
            0.12344582378864288,
            0.010009672492742538,
            0.0009837821125984192
        ],
        [
            0.12067410349845886,
            0.0032310374081134796,
            0.007104299962520599
        ],
        [
            0.12337157130241394,
            -0.009167548269033432,
            0.005920045077800751
        ],
        [
            0.1271924078464508,
            -0.0037242434918880463,
            -0.0021210089325904846
        ],
        [
            0.1271093338727951,
            0.015510138124227524,
            -0.004174098372459412
        ],
        [
            0.13300982117652893,
            0.00499194860458374,
            -0.007508128881454468
        ],
        [
            0.13780812919139862,
            0.013808153569698334,
            -0.011403601616621017
        ],
        [
            0.1435343474149704,
            0.030110228806734085,
            -0.017136819660663605
        ],
        [
            0.0944863110780716,
            0.02277015894651413,
            0.024499602615833282
        ],
        [
            0.09346462041139603,
            0.031576141715049744,
            0.01931215077638626
        ],
        [
            0.11053019016981125,
            0.0625648945569992,
            -0.09639984369277954
        ],
        [
            0.10656291246414185,
            0.06598512083292007,
            -0.093559630215168
        ],
        [
            0.10663633048534393,
            0.062411800026893616,
            -0.0914544016122818
        ],
        [
            0.11032718420028687,
            0.05967456102371216,
            -0.09500197321176529
        ],
        [
            0.07472400367259979,
            0.021876037120819092,
            0.020207710564136505
        ],
        [
            0.06883273273706436,
            0.014634251594543457,
            0.01641644537448883
        ],
        [
            0.07060926407575607,
            0.012581352144479752,
            0.02318849414587021
        ],
        [
            0.07754986733198166,
            0.01815250888466835,
            0.026177749037742615
        ],
        [
            0.0710475742816925,
            0.026763994246721268,
            0.012277506291866302
        ],
        [
            0.06707639992237091,
            0.017662230879068375,
            0.00691591203212738
        ],
        [
            0.10652286559343338,
            0.06018742546439171,
            -0.10837860405445099
        ],
        [
            0.11048810929059982,
            0.060156576335430145,
            -0.10505932569503784
        ],
        [
            0.10866834223270416,
            0.05568886548280716,
            -0.10431121289730072
        ],
        [
            0.10397586226463318,
            0.05525433272123337,
            -0.10651617497205734
        ],
        [
            0.11489357799291611,
            0.03335870802402496,
            -0.05671535059809685
        ],
        [
            0.10951013118028641,
            0.034476447850465775,
            -0.05000903457403183
        ],
        [
            0.10855443775653839,
            0.038602396845817566,
            -0.07221031188964844
        ],
        [
            0.10761755704879761,
            0.03671880438923836,
            -0.06362029165029526
        ],
        [
            0.11244190484285355,
            0.03266488015651703,
            -0.06620737165212631
        ],
        [
            0.11192212998867035,
            0.0336257703602314,
            -0.07367858290672302
        ],
        [
            0.09191510826349258,
            0.04304184392094612,
            -0.04711669683456421
        ],
        [
            0.09471860527992249,
            0.03761213272809982,
            -0.03712240979075432
        ],
        [
            0.09873988479375839,
            0.03582150489091873,
            -0.042158886790275574
        ],
        [
            0.09732041507959366,
            0.04146457836031914,
            -0.053689196705818176
        ],
        [
            0.0873626098036766,
            0.04496029391884804,
            -0.027522467076778412
        ],
        [
            0.0848415344953537,
            0.049287207424640656,
            -0.03822082281112671
        ],
        [
            0.08098377287387848,
            0.05281206965446472,
            -0.031441740691661835
        ],
        [
            0.08412330597639084,
            0.049906134605407715,
            -0.024853717535734177
        ],
        [
            0.08262450993061066,
            0.05448436737060547,
            -0.05812661349773407
        ],
        [
            0.0808263048529625,
            0.0566757507622242,
            -0.06409301608800888
        ],
        [
            0.07924430072307587,
            0.05988549813628197,
            -0.06201567500829697
        ],
        [
            0.08065471798181534,
            0.055798258632421494,
            -0.05552602559328079
        ],
        [
            0.07196468114852905,
            0.00949559360742569,
            0.029447726905345917
        ],
        [
            0.08053447306156158,
            0.013879593461751938,
            0.03130938112735748
        ],
        [
            0.05541883781552315,
            0.04309334605932236,
            -0.023358643054962158
        ],
        [
            0.05847540870308876,
            0.04818813502788544,
            -0.013917207717895508
        ],
        [
            0.05447293445467949,
            0.056579913944005966,
            -0.02279304340481758
        ],
        [
            0.05135012045502663,
            0.04878087341785431,
            -0.03126303106546402
        ],
        [
            0.06819070130586624,
            0.00691281259059906,
            0.009542673826217651
        ],
        [
            0.06778278946876526,
            0.005085710436105728,
            0.017155766487121582
        ],
        [
            0.10068706423044205,
            0.06218152493238449,
            -0.10893577337265015
        ],
        [
            0.0983135774731636,
            0.0572618693113327,
            -0.1061701625585556
        ],
        [
            0.1364128440618515,
            0.003934495151042938,
            -0.020070794969797134
        ],
        [
            0.14477908611297607,
            0.024615876376628876,
            -0.025391023606061935
        ],
        [
            0.12843109667301178,
            -0.007552787661552429,
            -0.012533314526081085
        ],
        [
            0.1214950755238533,
            -0.01375984400510788,
            -0.006001755595207214
        ],
        [
            0.11808164417743683,
            -0.01879250630736351,
            0.001116737723350525
        ],
        [
            0.10256367176771164,
            0.04106318578124046,
            -0.0640297532081604
        ],
        [
            0.10429355502128601,
            0.03357755020260811,
            -0.042453378438949585
        ],
        [
            0.09713447093963623,
            0.03411918878555298,
            -0.025538280606269836
        ],
        [
            0.08086797595024109,
            0.05360064655542374,
            -0.008044611662626266
        ],
        [
            0.08418039232492447,
            0.04897458851337433,
            0.0007359087467193604
        ],
        [
            0.09020258486270905,
            0.046503230929374695,
            -0.007757626473903656
        ],
        [
            0.08560647815465927,
            0.050639308989048004,
            -0.013848897069692612
        ],
        [
            0.0644964948296547,
            0.05543425679206848,
            -0.010455623269081116
        ],
        [
            0.07151216268539429,
            0.05837031826376915,
            -0.012950479984283447
        ],
        [
            0.06882809847593307,
            0.06196141242980957,
            -0.019657615572214127
        ],
        [
            0.06129077821969986,
            0.060703229159116745,
            -0.018370777368545532
        ],
        [
            0.14142337441444397,
            0.04078930616378784,
            -0.04032265394926071
        ],
        [
            0.13443395495414734,
            0.021160751581192017,
            -0.0432177409529686
        ],
        [
            0.08349741250276566,
            0.027560964226722717,
            0.02199876308441162
        ],
        [
            0.08693337440490723,
            0.022032715380191803,
            0.0263749361038208
        ],
        [
            0.08808861672878265,
            0.015545129776000977,
            0.03181169927120209
        ],
        [
            0.10492204129695892,
            0.027719581499695778,
            -0.0058235228061676025
        ],
        [
            0.10948517173528671,
            0.021300623193383217,
            0.006278544664382935
        ],
        [
            0.11197870224714279,
            0.019209228456020355,
            0.002841264009475708
        ],
        [
            0.1057845950126648,
            0.02504461444914341,
            -0.009228110313415527
        ],
        [
            0.11233959347009659,
            0.025846604257822037,
            -0.01819753646850586
        ],
        [
            0.1171562522649765,
            0.021303607150912285,
            -0.007426321506500244
        ],
        [
            0.11667022109031677,
            0.0340363085269928,
            -0.01864141970872879
        ],
        [
            0.11398006230592728,
            0.0086384117603302,
            0.012622468173503876
        ],
        [
            0.11034304648637772,
            0.007652051746845245,
            0.023332379758358
        ],
        [
            0.1156376302242279,
            0.001817077398300171,
            0.019042104482650757
        ],
        [
            0.1028028130531311,
            0.01211588829755783,
            0.027767017483711243
        ],
        [
            0.09507132321596146,
            0.015216786414384842,
            0.03091876208782196
        ],
        [
            0.06601100414991379,
            0.0006016641855239868,
            0.02419418841600418
        ],
        [
            0.11940309405326843,
            -0.0037346333265304565,
            0.01411397010087967
        ],
        [
            0.13390687108039856,
            0.04681815207004547,
            -0.015481077134609222
        ],
        [
            0.13915713131427765,
            0.053727492690086365,
            -0.01845194399356842
        ],
        [
            0.13294613361358643,
            0.054559361189603806,
            -0.022556109353899956
        ],
        [
            0.12759143114089966,
            0.04816342145204544,
            -0.020655881613492966
        ],
        [
            0.10763097554445267,
            0.026033639907836914,
            -0.08176089823246002
        ],
        [
            0.1119672879576683,
            0.030300838872790337,
            -0.07791721075773239
        ],
        [
            0.11496488749980927,
            0.028202492743730545,
            -0.06917812675237656
        ],
        [
            0.09933524578809738,
            0.03665754571557045,
            0.004187129437923431
        ],
        [
            0.08989712595939636,
            0.039078354835510254,
            0.012264467775821686
        ],
        [
            0.10340775549411774,
            0.042861633002758026,
            -0.07276440411806107
        ],
        [
            0.10205458849668503,
            0.050772376358509064,
            -0.10501249134540558
        ],
        [
            0.10749568045139313,
            0.051165107637643814,
            -0.10269133001565933
        ],
        [
            0.10676119476556778,
            0.03628095984458923,
            -0.09241817146539688
        ],
        [
            0.1004859134554863,
            0.035815175622701645,
            -0.09532403200864792
        ],
        [
            0.09554652124643326,
            0.04652881994843483,
            -0.07940056174993515
        ],
        [
            0.10179745405912399,
            0.045221198350191116,
            -0.076282799243927
        ],
        [
            0.10046243667602539,
            0.04658419266343117,
            -0.07812698185443878
        ],
        [
            0.09487398713827133,
            0.04942237585783005,
            -0.08014561980962753
        ],
        [
            0.07609087973833084,
            0.061502791941165924,
            -0.053491491824388504
        ],
        [
            0.07745976001024246,
            0.05820170417428017,
            -0.048113495111465454
        ],
        [
            0.08157488703727722,
            0.0295874010771513,
            -0.07603900134563446
        ],
        [
            0.08991710096597672,
            0.020319223403930664,
            -0.08128626644611359
        ],
        [
            0.09341918677091599,
            0.01591239497065544,
            -0.07038792967796326
        ],
        [
            0.08786728978157043,
            0.04591747373342514,
            -0.0415312722325325
        ],
        [
            0.08490445464849472,
            0.05115805193781853,
            -0.050046034157276154
        ],
        [
            0.08247174322605133,
            0.05283702537417412,
            -0.0472431406378746
        ],
        [
            0.0990157350897789,
            0.0438612625002861,
            -0.06581822037696838
        ],
        [
            0.09804455190896988,
            0.045689720660448074,
            -0.07287748903036118
        ],
        [
            0.09503112733364105,
            0.04643955081701279,
            -0.0691167339682579
        ],
        [
            0.09555844217538834,
            0.045074015855789185,
            -0.06183161586523056
        ],
        [
            0.0618390329182148,
            0.04002346098423004,
            -0.004125185310840607
        ],
        [
            0.0684855654835701,
            0.04881231486797333,
            -0.00019618123769760132
        ],
        [
            0.11195677518844604,
            0.06075253710150719,
            -0.10063418745994568
        ],
        [
            0.11103256791830063,
            0.05717775225639343,
            -0.09978922456502914
        ],
        [
            0.09075496345758438,
            0.04056447744369507,
            -0.031851626932621
        ],
        [
            0.09710657596588135,
            0.010659296065568924,
            -0.05738908797502518
        ],
        [
            0.09416922926902771,
            0.03675602376461029,
            -0.021679621189832687
        ],
        [
            0.05874268710613251,
            0.05197044461965561,
            -0.04892069846391678
        ],
        [
            0.06286758929491043,
            0.05987125635147095,
            -0.04557342454791069
        ],
        [
            0.06342941522598267,
            0.06212348863482475,
            -0.04933749511837959
        ],
        [
            0.05980414152145386,
            0.05852072313427925,
            -0.05334944278001785
        ],
        [
            0.09485752880573273,
            0.060918327420949936,
            -0.0894109383225441
        ],
        [
            0.10042322427034378,
            0.061560772359371185,
            -0.08800479769706726
        ],
        [
            0.10096800327301025,
            0.06471406668424606,
            -0.09019909799098969
        ],
        [
            0.09554209560155869,
            0.06497421115636826,
            -0.09249723702669144
        ],
        [
            0.10687823593616486,
            0.04222840070724487,
            -0.07667757570743561
        ],
        [
            0.11078590154647827,
            0.03765616938471794,
            -0.07893027365207672
        ],
        [
            0.10966338962316513,
            0.04240551218390465,
            -0.08239421248435974
        ],
        [
            0.1051880419254303,
            0.04536122828722,
            -0.07977011799812317
        ],
        [
            0.11032932251691818,
            0.033943235874176025,
            -0.08374492824077606
        ],
        [
            0.11000306159257889,
            0.038562871515750885,
            -0.08744233101606369
        ],
        [
            0.09099767357110977,
            0.058607764542102814,
            -0.09403321892023087
        ],
        [
            0.09155935794115067,
            0.0548994317650795,
            -0.10051563382148743
        ],
        [
            0.08893314003944397,
            0.04205816611647606,
            -0.09083100408315659
        ],
        [
            0.09014473855495453,
            0.048137374222278595,
            -0.0859709158539772
        ],
        [
            0.06910736858844757,
            0.013288989663124084,
            -0.01651202142238617
        ],
        [
            0.06486828625202179,
            0.019866853952407837,
            -0.008557245135307312
        ],
        [
            0.06192441284656525,
            0.029476478695869446,
            -0.0200238935649395
        ],
        [
            0.05778457969427109,
            0.038663074374198914,
            -0.03138730674982071
        ],
        [
            0.055599797517061234,
            0.04729776084423065,
            -0.042451027780771255
        ],
        [
            0.05817452818155289,
            0.039370499551296234,
            -0.05165361613035202
        ],
        [
            0.05991107225418091,
            0.03355248644948006,
            -0.01316724345088005
        ],
        [
            0.08768798410892487,
            0.042421840131282806,
            -0.0798569843173027
        ],
        [
            0.08717179298400879,
            0.033905040472745895,
            -0.08341581374406815
        ],
        [
            0.08375541865825653,
            0.03689125180244446,
            -0.07978905737400055
        ],
        [
            0.09116367250680923,
            0.04177764430642128,
            -0.01701883226633072
        ],
        [
            0.11050595343112946,
            0.052934594452381134,
            -0.09860162436962128
        ],
        [
            0.09801794588565826,
            -0.019052259624004364,
            -0.007857069373130798
        ],
        [
            0.085527203977108,
            -0.015261560678482056,
            -0.003267735242843628
        ],
        [
            0.0867624431848526,
            -0.011225886642932892,
            -0.011077381670475006
        ],
        [
            0.10177163779735565,
            -0.014519419521093369,
            -0.016334712505340576
        ],
        [
            0.1068580374121666,
            0.05950406193733215,
            -0.08953019976615906
        ],
        [
            0.11084981262683868,
            0.05623774230480194,
            -0.0931907594203949
        ],
        [
            0.07408656179904938,
            0.06208181753754616,
            -0.04414947330951691
        ],
        [
            0.07280934602022171,
            0.06403263658285141,
            -0.049464672803878784
        ],
        [
            0.06894784420728683,
            0.06528830528259277,
            -0.04811171442270279
        ],
        [
            0.0707649290561676,
            0.06627576798200607,
            -0.042346857488155365
        ],
        [
            0.06381835043430328,
            0.022732693701982498,
            -0.003402702510356903
        ],
        [
            0.055162664502859116,
            0.06360103189945221,
            -0.026657652109861374
        ],
        [
            0.05175328254699707,
            0.0566195473074913,
            -0.035271789878606796
        ],
        [
            0.06756854057312012,
            0.011265166103839874,
            0.001061558723449707
        ],
        [
            0.07072103023529053,
            0.005090683698654175,
            -0.00585358589887619
        ],
        [
            0.07152245938777924,
            -0.00046844035387039185,
            0.0021412894129753113
        ],
        [
            0.06650266796350479,
            0.03881083056330681,
            -0.06454610079526901
        ],
        [
            0.07264293730258942,
            0.0101335309445858,
            -0.023793455213308334
        ],
        [
            0.07452879846096039,
            0.002074621617794037,
            -0.011792026460170746
        ],
        [
            0.07564248889684677,
            -0.004714548587799072,
            -0.0025217458605766296
        ],
        [
            0.07551627606153488,
            -0.009528573602437973,
            0.004294000566005707
        ],
        [
            0.07112424075603485,
            -0.004301197826862335,
            0.008749760687351227
        ],
        [
            0.09613935649394989,
            0.052624043077230453,
            -0.1037498265504837
        ],
        [
            0.09293390810489655,
            0.060587767511606216,
            -0.10343074798583984
        ],
        [
            0.06918540596961975,
            -0.009427383542060852,
            0.016008280217647552
        ],
        [
            0.07478417456150055,
            -0.014751926064491272,
            0.010857664048671722
        ],
        [
            0.08023681491613388,
            -0.0016179680824279785,
            -0.018042482435703278
        ],
        [
            0.08910978585481644,
            -0.004959676414728165,
            -0.025574147701263428
        ],
        [
            0.07835552096366882,
            0.0064867399632930756,
            -0.029342789202928543
        ],
        [
            0.08649859577417374,
            0.0036083683371543884,
            -0.03752123564481735
        ],
        [
            0.06955511122941971,
            0.029395902529358864,
            -0.06954001635313034
        ],
        [
            0.09912721812725067,
            0.0785197764635086,
            -0.10583797842264175
        ],
        [
            0.09401511400938034,
            0.06885440647602081,
            -0.10173192620277405
        ],
        [
            0.09624151885509491,
            0.06940603256225586,
            -0.09637283533811569
        ],
        [
            0.0988345593214035,
            0.07894247770309448,
            -0.10147508978843689
        ],
        [
            0.09230846911668777,
            0.06355195492506027,
            -0.09723173826932907
        ],
        [
            0.09544963389635086,
            0.06569898128509521,
            -0.10627678036689758
        ],
        [
            0.10122807323932648,
            0.003062840551137924,
            -0.04453369975090027
        ],
        [
            0.09320296347141266,
            0.048266198486089706,
            -0.07559578865766525
        ],
        [
            0.10827448219060898,
            -0.005207620561122894,
            -0.03166499733924866
        ],
        [
            0.11707577109336853,
            0.009827304631471634,
            -0.05197244882583618
        ],
        [
            0.12369726598262787,
            0.005291353911161423,
            -0.041304271668195724
        ],
        [
            0.11672403663396835,
            -0.013785317540168762,
            -0.01775296777486801
        ],
        [
            0.12819381058216095,
            -0.0032486282289028168,
            -0.027989238500595093
        ],
        [
            0.10837580263614655,
            -0.02277928590774536,
            -0.0017190873622894287
        ],
        [
            0.11061103641986847,
            -0.018381163477897644,
            -0.009835980832576752
        ],
        [
            0.1379181295633316,
            0.012690909206867218,
            -0.033718738704919815
        ],
        [
