{
    "pred_cam": [
        7.452121257781982,
        -0.04382389038801193,
        -0.00655977800488472
    ],
    "pred_mano_params": {
        "global_orient": [
            [
                [
                    0.9154890179634094,
                    0.3877556324005127,
                    0.10735597461462021
                ],
                [
                    0.40215834975242615,
                    -0.8899718523025513,
                    -0.21498529613018036
                ],
                [
                    0.012182028032839298,
                    0.23999081552028656,
                    -0.9706985950469971
                ]
            ]
        ],
        "hand_pose": [
            [
                [
                    0.6881915330886841,
                    -0.6998066306114197,
                    -0.19147618114948273
                ],
                [
                    0.6850867867469788,
                    0.7136733531951904,
                    -0.14603573083877563
                ],
                [
                    0.23884820938110352,
                    -0.03067726269364357,
                    0.9705722332000732
                ]
            ],
            [
                [
                    0.7456774115562439,
                    -0.6460865139961243,
                    0.16290326416492462
                ],
                [
                    0.663255512714386,
                    0.6963642835617065,
                    -0.27416956424713135
                ],
                [
                    0.06369722634553909,
                    0.31248852610588074,
                    0.9477835297584534
                ]
            ],
            [
                [
                    0.859458327293396,
                    -0.508209228515625,
                    0.05527064576745033
                ],
                [
                    0.5003174543380737,
                    0.8584173917770386,
                    0.11314567178487778
                ],
                [
                    -0.10494695603847504,
                    -0.06959111243486404,
                    0.9920399188995361
                ]
            ],
            [
                [
                    0.24231748282909393,
                    -0.9225727915763855,
                    -0.30023622512817383
                ],
                [
                    0.9697424173355103,
                    0.23978754878044128,
                    0.045843929052352905
                ],
                [
                    0.029698561877012253,
                    -0.30226054787635803,
                    0.9527626633644104
                ]
            ],
            [
                [
                    0.9174426794052124,
                    -0.34959298372268677,
                    -0.18995703756809235
                ],
                [
                    0.3837346136569977,
                    0.9036123752593994,
                    0.19034789502620697
                ],
                [
                    0.1051032617688179,
                    -0.2475263625383377,
                    0.9631634950637817
                ]
            ],
            [
                [
                    0.8667197227478027,
                    -0.480023056268692,
                    0.1355537474155426
                ],
                [
                    0.4796558916568756,
                    0.8766538500785828,
                    0.03752652555704117
                ],
                [
                    -0.13684731721878052,
                    0.03249417617917061,
                    0.9900590777397156
                ]
            ],
            [
                [
                    0.416115939617157,
                    -0.9012101888656616,
                    0.1211104542016983
                ],
                [
                    0.49379128217697144,
                    0.33579379320144653,
                    0.8021301031112671
                ],
                [
                    -0.7635559439659119,
                    -0.27397584915161133,
                    0.5847389101982117
                ]
            ],
            [
                [
                    0.9379072189331055,
                    -0.30226099491119385,
                    -0.170200914144516
                ],
                [
                    0.340387761592865,
                    0.8964675664901733,
                    0.2836935520172119
                ],
                [
                    0.0668300986289978,
                    -0.32401251792907715,
                    0.9436893463134766
                ]
            ],
            [
                [
                    0.9248148202896118,
                    -0.3353271186351776,
                    0.17964749038219452
                ],
                [
                    0.2317700982093811,
                    0.8711342215538025,
                    0.43290627002716064
                ],
                [
                    -0.30166229605674744,
                    -0.3587212562561035,
                    0.8833566308021545
                ]
            ],
            [
                [
                    0.2395240068435669,
                    -0.9708759784698486,
                    -0.005310388747602701
                ],
                [
                    0.928573727607727,
                    0.2274836301803589,
                    0.29326093196868896
                ],
                [
                    -0.2835119366645813,
                    -0.07517412304878235,
                    0.9560176730155945
                ]
            ],
            [
                [
                    0.9621864557266235,
                    -0.2599857747554779,
                    -0.08126923441886902
                ],
                [
                    0.2697749435901642,
                    0.8682844042778015,
                    0.4162976145744324
                ],
                [
                    -0.037666648626327515,
                    -0.4224802851676941,
                    0.9055891633033752
                ]
            ],
            [
                [
                    0.8559647798538208,
                    -0.46848422288894653,
                    0.21873897314071655
                ],
                [
                    0.38295403122901917,
                    0.8587013483047485,
                    0.3405556380748749
                ],
                [
                    -0.34737637639045715,
                    -0.20773668587207794,
                    0.9144260287284851
                ]
            ],
            [
                [
                    0.9296550154685974,
                    -0.24191142618656158,
                    -0.2778855264186859
                ],
                [
                    -0.19353969395160675,
                    0.32113900780677795,
                    -0.9270448088645935
                ],
                [
                    0.31350260972976685,
                    0.9156137704849243,
                    0.25172901153564453
                ]
            ],
            [
                [
                    0.9419514536857605,
                    -0.33081600069999695,
                    0.05734442546963692
                ],
                [
                    0.25050193071365356,
                    0.8061834573745728,
                    0.5360196232795715
                ],
                [
                    -0.22355398535728455,
                    -0.4905395209789276,
                    0.842255711555481
                ]
            ],
            [
                [
                    0.9838774800300598,
                    0.07325233519077301,
                    -0.16315388679504395
                ],
                [
                    -0.12067405134439468,
                    0.945213794708252,
                    -0.3033290505409241
                ],
                [
                    0.13199575245380402,
                    0.3181270658969879,
                    0.9388142228126526
                ]
            ]
        ],
        "betas": [
            -0.00018101930618286133,
            -0.06067073345184326,
            -0.012712717056274414,
            0.0011656582355499268,
            -0.04294764995574951,
            -0.07467465847730637,
            0.018310368061065674,
            -0.02924630045890808,
            0.0160873681306839,
            -0.019667893648147583
        ]
    },
    "pred_cam_t": [
        -0.04382389038801193,
        -0.00655977800488472,
        5.241796016693115
    ],
    "focal_length": [
        5000.0,
        5000.0
    ],
    "pred_keypoints_3d": [
        [
            0.0956806018948555,
            0.006376844365149736,
            0.006195836700499058
        ],
        [
            0.070396289229393,
            0.005012208595871925,
            -0.02284914255142212
        ],
        [
            0.04057085141539574,
            0.010729024186730385,
            -0.02803129330277443
        ],
        [
            0.014072608202695847,
            0.016299258917570114,
            -0.02943706512451172
        ],
        [
            -0.021226471289992332,
            0.022913020104169846,
            -0.03019750863313675
        ],
        [
            0.015269525349140167,
            -0.028830721974372864,
            -0.01610671728849411
        ],
        [
            -0.01659967377781868,
            -0.020286133512854576,
            -0.015602309256792068
        ],
        [
            -0.025107143446803093,
            0.00022428669035434723,
            -0.015821579843759537
        ],
        [
            -0.023754045367240906,
            0.02498476579785347,
            -0.016860567033290863
        ],
        [
            0.008098311722278595,
            -0.029619913548231125,
            0.007998635061085224
        ],
        [
            -0.0112551748752594,
            -0.00448286347091198,
            0.007252565119415522
        ],
        [
            -0.01391398161649704,
            0.018540216609835625,
            0.004902923479676247
        ],
        [
            -0.011258373036980629,
            0.04220559448003769,
            -0.004459656774997711
        ],
        [
            0.01644882559776306,
            -0.017220579087734222,
            0.0301753431558609
        ],
        [
            -0.0018708985298871994,
            0.0029064416885375977,
            0.020557446405291557
        ],
        [
            -0.005983459763228893,
            0.026182495057582855,
            0.012987137772142887
        ],
        [
            -0.005368988029658794,
            0.04531795531511307,
            -0.0032001622021198273
        ],
        [
            0.02420024573802948,
            -0.003159127663820982,
            0.04494056850671768
        ],
        [
            0.009716387838125229,
            0.008511470630764961,
            0.03488427400588989
        ],
        [
            0.004719589836895466,
            0.023669172078371048,
            0.024623777717351913
        ],
        [
            0.006312841549515724,
            0.03531305864453316,
            0.008875934407114983
        ]
    ],
    "pred_vertices": [
        [
            0.04580913484096527,
            -0.002202177420258522,
            -0.013102217577397823
        ],
        [
            0.05591754615306854,
            0.003161504864692688,
            -0.011670893989503384
        ],
        [
            0.048334889113903046,
            0.0037775374948978424,
            -0.01457334216684103
        ],
        [
            0.040022112429142,
            -0.002780253067612648,
            -0.01859583891928196
        ],
        [
            0.060673169791698456,
            0.02144010365009308,
            -0.015325854532420635
        ],
        [
            0.06599055975675583,
            0.024496397003531456,
            -0.025700459256768227
        ],
        [
            0.04961419850587845,
            0.023987095803022385,
            -0.027203142642974854
        ],
        [
            0.04768458753824234,
            0.022392701357603073,
            -0.01731460727751255
        ],
        [
            0.034958433359861374,
            -0.004426971077919006,
            -0.021724391728639603
        ],
        [
            0.04107063636183739,
            0.004711613059043884,
            -0.016815507784485817
        ],
        [
            0.033825814723968506,
            -0.006318550556898117,
            -0.0224668700248003
        ],
        [
            0.031881920993328094,
            -0.02068239450454712,
            -0.02718266285955906
        ],
        [
            0.030685942620038986,
            -0.014556828886270523,
            -0.02527451328933239
        ],
        [
            0.02757897600531578,
            -0.02806227095425129,
            -0.026955662295222282
        ],
        [
            0.040604203939437866,
            -0.026342812925577164,
            -0.027345849201083183
        ],
        [
            0.03027651272714138,
            -0.03590991348028183,
            -0.022329894825816154
        ],
        [
            0.052257128059864044,
            -0.03260882943868637,
            -0.002412084024399519
        ],
        [
            0.05453535169363022,
            -0.02910654991865158,
            0.010685836896300316
        ],
        [
            0.037633225321769714,
            -0.036089085042476654,
            0.013024003244936466
        ],
        [
            0.03689700737595558,
            -0.037909459322690964,
            -0.0008700303733348846
        ],
        [
            0.044148627668619156,
            -0.024490095674991608,
            0.029562557116150856
        ],
        [
            0.03977534919977188,
            -0.031072720885276794,
            0.02054421417415142
        ],
        [
            0.05704976245760918,
            -0.025477800518274307,
            0.018620867282152176
        ],
        [
            0.06004118174314499,
            -0.019669078290462494,
            0.026552561670541763
        ],
        [
            0.052840519696474075,
            0.001885879784822464,
            -0.0002573438687250018
        ],
        [
            0.06252186000347137,
            0.007034195587038994,
            -0.0001679162960499525
        ],
        [
            0.06125485152006149,
            0.004210706800222397,
            -0.005173082929104567
        ],
        [
            0.05145808309316635,
            3.408268094062805e-05,
            -0.0053047374822199345
        ],
        [
            0.031821977347135544,
            -0.0006748177111148834,
            -0.028701728209853172
        ],
        [
            0.04333282262086868,
            -0.010155239142477512,
            -0.032558850944042206
        ],
        [
            0.03768042474985123,
            -0.010957893915474415,
            -0.02752777189016342
        ],
        [
            0.03002559393644333,
            0.001727808266878128,
            -0.023982655256986618
        ],
        [
            0.0826554149389267,
            0.026832951232790947,
            0.007186992093920708
        ],
        [
            0.09616953879594803,
            0.025663595646619797,
            0.006510804407298565
        ],
        [
            0.09639837592840195,
            0.023598287254571915,
            0.000911946757696569
        ],
        [
            0.08420270681381226,
            0.024599414318799973,
            0.0026969611644744873
        ],
        [
            0.08767921477556229,
            0.021938249468803406,
            -0.019514530897140503
        ],
        [
            0.09763123095035553,
            0.01862974464893341,
            -0.016671525314450264
        ],
        [
            0.10544375330209732,
            0.01082533597946167,
            -0.023622671142220497
        ],
        [
            0.0950678288936615,
            0.01144590973854065,
            -0.0280320905148983
        ],
        [
            0.07668334990739822,
            0.023663047701120377,
            -0.023106247186660767
        ],
        [
            0.08263012021780014,
            0.016672272235155106,
            -0.032499924302101135
        ],
        [
            0.0692746490240097,
            0.019245829433202744,
            -0.034939803183078766
        ],
        [
            0.050940170884132385,
            0.02006044238805771,
            -0.035323143005371094
        ],
        [
            0.09692402929067612,
            0.027209587395191193,
            0.019206754863262177
        ],
        [
            0.08702485263347626,
            0.02886315993964672,
            0.02147919312119484
        ],
        [
            -0.010713906958699226,
            -0.009817326441407204,
            -0.0221199169754982
        ],
        [
            -0.010243872180581093,
            -0.007835309952497482,
            -0.016386115923523903
        ],
        [
            -0.0068614184856414795,
            -0.009616106748580933,
            -0.0170753113925457
        ],
        [
            -0.008106710389256477,
            -0.011474262923002243,
            -0.022452179342508316
        ],
        [
            0.09488265961408615,
            0.014437278732657433,
            0.034810058772563934
        ],
        [
            0.09744301438331604,
            0.0048050545156002045,
            0.036139678210020065
        ],
        [
            0.10364092141389847,
            0.008630357682704926,
            0.03612377122044563
        ],
        [
            0.1016884595155716,
            0.017270401120185852,
            0.03301151096820831
        ],
        [
            0.08591407537460327,
            0.010648787021636963,
            0.03715731203556061
        ],
        [
            0.08863108605146408,
            -0.00016342662274837494,
            0.03561100736260414
        ],
        [
            -0.020324017852544785,
            -0.01827806979417801,
            -0.02295020967721939
        ],
        [
            -0.017067955806851387,
            -0.015123138204216957,
            -0.025557901710271835
        ],
        [
            -0.014329704456031322,
            -0.019225990399718285,
            -0.02528168074786663
        ],
        [
            -0.0165084321051836,
            -0.02284180000424385,
            -0.021906811743974686
        ],
        [
            0.0326613113284111,
            -0.009510757401585579,
            -0.021306684240698814
        ],
        [
            0.03661578893661499,
            -0.006117211654782295,
            -0.014213467948138714
        ],
        [
            0.018748357892036438,
            -0.01720493659377098,
            -0.019611243158578873
        ],
        [
            0.02528349496424198,
            -0.013748334720730782,
            -0.01646871119737625
        ],
        [
            0.02642402984201908,
            -0.016115985810756683,
            -0.02277873083949089
        ],
        [
            0.02093617618083954,
            -0.01982538215816021,
            -0.024615615606307983
        ],
        [
            0.03250274807214737,
            -0.006722927093505859,
            0.00486917095258832
        ],
        [
            0.04317190498113632,
            -0.002338184043765068,
            0.003820085898041725
        ],
        [
            0.040971655398607254,
            -0.00477653369307518,
            -0.0019423302728682756
        ],
        [
            0.028935488313436508,
            -0.009221429005265236,
            -0.00260396720841527
        ],
        [
            0.044896285980939865,
            0.004652513191103935,
            0.015985185280442238
        ],
        [
            0.034561190754175186,
            -0.0007374677807092667,
            0.016182443127036095
        ],
        [
            0.036994192749261856,
            0.003827173262834549,
            0.02303284965455532
        ],
        [
            0.04340184107422829,
            0.007784821093082428,
            0.021441766992211342
        ],
        [
            0.01781167834997177,
            -0.011781837791204453,
            0.013230675831437111
        ],
        [
            0.014422819018363953,
            -0.01496998779475689,
            0.012412423267960548
        ],
        [
            0.014258939772844315,
            -0.012396007776260376,
            0.014853834174573421
        ],
        [
            0.018906814977526665,
            -0.009807072579860687,
            0.01623142883181572
        ],
        [
            0.11021697521209717,
            0.011330792680382729,
            0.035929035395383835
        ],
        [
            0.10829280316829681,
            0.019323406741023064,
            0.03059723973274231
        ],
        [
            0.048999566584825516,
            -0.009789030998945236,
            0.04531153663992882
        ],
        [
            0.05237208306789398,
            0.0007809549570083618,
            0.04746731370687485
        ],
        [
            0.03934797644615173,
            -0.0011848844587802887,
            0.0503498911857605
        ],
        [
            0.03888874873518944,
            -0.013236872851848602,
            0.04798932373523712
        ],
        [
            0.09807181358337402,
            -0.004533689469099045,
            0.03172049671411514
        ],
        [
            0.10474016517400742,
            -0.0010987315326929092,
            0.03395983576774597
        ],
        [
            -0.022303391247987747,
            -0.019823210313916206,
            -0.017117101699113846
        ],
        [
            -0.0180368535220623,
            -0.023952282965183258,
            -0.0160373542457819
        ],
        [
            0.07404300570487976,
            0.006632324308156967,
            -0.03915503993630409
        ],
        [
            0.052400730550289154,
            0.011445028707385063,
            -0.04046192020177841
        ],
        [
            0.08986889570951462,
            0.002895161509513855,
            -0.03376372158527374
        ],
        [
            0.10011904686689377,
            -0.0001889653503894806,
            -0.02747427113354206
        ],
        [
            0.10918864607810974,
            -0.000863928347826004,
            -0.023854278028011322
        ],
        [
            0.02215735800564289,
            -0.013551399111747742,
            -0.010770916938781738
        ],
        [
            0.04252328723669052,
            -0.0039405208081007,
            -0.007565012667328119
        ],
        [
            0.05373859405517578,
            0.00403895229101181,
            0.004322956316173077
        ],
        [
            0.052608322352170944,
            0.01900089532136917,
            0.0312708280980587
        ],
        [
            0.061896152794361115,
            0.02329694665968418,
            0.029683399945497513
        ],
        [
            0.05757314711809158,
            0.019393298774957657,
            0.02062128111720085
        ],
        [
            0.050532542169094086,
            0.01587236486375332,
            0.02407466433942318
        ],
        [
            0.04975627735257149,
            0.0104420967400074,
            0.04571142792701721
        ],
        [
            0.04602402076125145,
            0.014217736199498177,
            0.03962439298629761
        ],
        [
            0.038896892219781876,
            0.0110714640468359,
            0.0408611074090004
        ],
        [
            0.04011539742350578,
            0.007384179159998894,
            0.047415122389793396
        ],
        [
            0.033140797168016434,
            0.0010731341317296028,
            -0.035752639174461365
        ],
        [
            0.04805990681052208,
            -0.007526948116719723,
            -0.037340156733989716
        ],
        [
            0.09195534884929657,
            0.023263834416866302,
            0.02971339225769043
        ],
        [
            0.09890290349721909,
            0.024282317608594894,
            0.026208633556962013
        ],
        [
            0.1073383316397667,
            0.02428872510790825,
            0.024717751890420914
        ],
        [
            0.07271584123373032,
            0.017110785469412804,
            0.0017828794661909342
        ],
        [
            0.08527211099863052,
            0.02316751703619957,
            -0.0005494803190231323
        ],
        [
            0.08452253043651581,
            0.02196849323809147,
            -0.00484328530728817
        ],
        [
            0.07300502806901932,
            0.014504540711641312,
            -0.0010553337633609772
        ],
        [
            0.06472793221473694,
            0.011274226009845734,
            -0.009534463286399841
        ],
        [
            0.07331550866365433,
            0.02058134600520134,
            -0.012974112294614315
        ],
        [
            0.054448675364255905,
            0.012830158695578575,
            -0.010289405472576618
        ],
        [
            0.09823743253946304,
            0.021368008106946945,
            -0.006857519969344139
        ],
        [
            0.10653391480445862,
            0.024984881281852722,
            -0.0003426003095228225
        ],
        [
            0.10750902444124222,
            0.02145192213356495,
            -0.008467113599181175
        ],
        [
            0.10664336383342743,
            0.026802675798535347,
            0.009280924685299397
        ],
        [
            0.10681240260601044,
            0.026885058730840683,
            0.018169881775975227
        ],
        [
            0.11289363354444504,
            -0.00027283094823360443,
            0.03627826273441315
        ],
        [
            0.10782724618911743,
            0.01686881110072136,
            -0.015362945385277271
        ],
        [
            0.0387289822101593,
            0.021969836205244064,
            -0.020039808005094528
        ],
        [
            0.030537007376551628,
            0.022231167182326317,
            -0.023161400109529495
        ],
        [
            0.02939935028553009,
            0.016268566250801086,
            -0.018370531499385834
        ],
        [
            0.03701107203960419,
            0.0153570044785738,
            -0.015090793371200562
        ],
        [
            0.02003655955195427,
            -0.0324372835457325,
            -0.025883903726935387
        ],
        [
            0.020185280591249466,
            -0.024884730577468872,
            -0.027103204280138016
        ],
        [
            0.027510643005371094,
            -0.020924942567944527,
            -0.027250519022345543
        ],
        [
            0.07270020991563797,
            0.025290487334132195,
            0.013111012056469917
        ],
        [
            0.07684259861707687,
            0.02727828547358513,
            0.024939438328146935
        ],
        [
            0.015747763216495514,
            -0.016982778906822205,
            -0.013905022293329239
        ],
        [
            -0.01301092654466629,
            -0.02667846903204918,
            -0.02134520560503006
        ],
        [
            -0.010593771934509277,
            -0.02285998873412609,
            -0.02542666532099247
        ],
        [
            0.006156201474368572,
            -0.029618969187140465,
            -0.026113076135516167
        ],
        [
            0.0034080292098224163,
            -0.0342983640730381,
            -0.02159126289188862
        ],
        [
            0.009307182393968105,
            -0.021297235041856766,
            -0.00792764499783516
        ],
        [
            0.012618772685527802,
            -0.017523664981126785,
            -0.013022173196077347
        ],
        [
            0.01087186112999916,
            -0.017852783203125,
            -0.012004267424345016
        ],
        [
            0.007230422459542751,
            -0.019350314512848854,
            -0.006584751885384321
        ],
        [
            0.01852579042315483,
            -0.0073423832654953,
            0.021502358838915825
        ],
        [
            0.022419486194849014,
            -0.005048124119639397,
            0.022541925311088562
        ],
        [
            0.02063562721014023,
            -0.03856886178255081,
            0.00014712754637002945
        ],
        [
            0.02323153056204319,
            -0.04427512735128403,
            -0.012193262577056885
        ],
        [
            0.035465970635414124,
            -0.03969902545213699,
            -0.013167798519134521
        ],
        [
            0.034497324377298355,
            -0.0034172367304563522,
            0.011266040615737438
        ],
        [
            0.025145824998617172,
            -0.007126562297344208,
            0.012860426679253578
        ],
        [
            0.026068588718771935,
            -0.00540602020919323,
            0.016486112028360367
        ],
        [
            0.019148921594023705,
            -0.014511617831885815,
            -0.007321655750274658
        ],
        [
            0.013593487441539764,
            -0.017839763313531876,
            -0.008274076506495476
        ],
        [
            0.0153371412307024,
            -0.017111053690314293,
            -0.004109545610845089
        ],
        [
            0.020922154188156128,
            -0.012993045151233673,
            -0.0025368104688823223
        ],
        [
            0.06510408222675323,
            0.003745242953300476,
            0.04473099857568741
        ],
        [
            0.06160564720630646,
            0.014894651249051094,
            0.043182142078876495
        ],
        [
            -0.013377980329096317,
            -0.012239594012498856,
            -0.02531045861542225
        ],
        [
            -0.010887904092669487,
            -0.015055431053042412,
            -0.025488127022981644
        ],
        [
            0.044880881905555725,
            0.0008732173591852188,
            0.010051772929728031
        ],
        [
            0.048901863396167755,
            -0.03255641832947731,
            -0.013833189383149147
        ],
        [
            0.05456487089395523,
            0.006668619811534882,
            0.00907802488654852
        ],
        [
            0.024262666702270508,
            -0.01757056452333927,
            0.036669567227363586
        ],
        [
            0.02212286740541458,
            -0.00947677344083786,
            0.03604207932949066
        ],
        [
            0.018657170236110687,
            -0.007959604263305664,
            0.03380799666047096
        ],
        [
            0.017337217926979065,
            -0.013367991894483566,
            0.03453961759805679
        ],
        [
            -0.006380543112754822,
            -0.015067019499838352,
            -0.006201623938977718
        ],
        [
            -0.004991856403648853,
            -0.011409476399421692,
            -0.010658844374120235
        ],
        [
            -0.007536525372415781,
            -0.009928211569786072,
            -0.010841188952326775
        ],
        [
            -0.01017557829618454,
            -0.013098012655973434,
            -0.006505750119686127
        ],
        [
            0.014452042989432812,
            -0.01744045689702034,
            -0.018657930195331573
        ],
        [
            0.015478341840207577,
            -0.02003021165728569,
            -0.024314552545547485
        ],
        [
            0.010760791599750519,
            -0.018650323152542114,
            -0.023195425048470497
        ],
        [
            0.010712035931646824,
            -0.01726323924958706,
            -0.01725156605243683
        ],
        [
            0.014350708574056625,
            -0.025417152792215347,
            -0.026832619681954384
        ],
        [
            0.009115707129240036,
            -0.023950982838869095,
            -0.026501307263970375
        ],
        [
            -0.009424639865756035,
            -0.020621681585907936,
            -0.005009545478969812
        ],
        [
            -0.012868680991232395,
            -0.026030028238892555,
            -0.008992007002234459
        ],
        [
            0.002265824005007744,
            -0.03276646509766579,
            -0.007398585788905621
        ],
        [
            0.002839033491909504,
            -0.025366995483636856,
            -0.004617552272975445
        ],
        [
            0.07513787597417831,
            -0.016691526398062706,
            0.02464887872338295
        ],
        [
            0.0761527568101883,
            -0.009705827571451664,
            0.033289119601249695
        ],
        [
            0.06116862967610359,
            -0.012710973620414734,
            0.035616081207990646
        ],
        [
            0.046246640384197235,
            -0.01655856892466545,
            0.03908387944102287
        ],
        [
            0.03219026327133179,
            -0.019455114379525185,
            0.040647994726896286
        ],
        [
            0.030746890231966972,
            -0.0287700854241848,
            0.03272932767868042
        ],
        [
            0.0632118284702301,
            -0.006796793080866337,
            0.04109930247068405
        ],
        [
            0.011828145012259483,
            -0.02834772691130638,
            -0.003109045559540391
        ],
        [
            0.01247479859739542,
            -0.03637755662202835,
            -0.005837162025272846
        ],
        [
            0.013603553175926208,
            -0.03365299850702286,
            -0.001392188249155879
        ],
        [
            0.054348304867744446,
            0.011204654350876808,
            0.015018360689282417
        ],
        [
            -0.00781980063766241,
            -0.018289636820554733,
            -0.02618013508617878
        ],
        [
            0.10383494943380356,
            -0.016868673264980316,
            -0.009210813790559769
        ],
        [
            0.10449615865945816,
            -0.01777626946568489,
            0.0045679546892642975
        ],
        [
            0.09617476165294647,
            -0.019605277106165886,
            0.002326535526663065
        ],
        [
            0.09479199349880219,
            -0.017620384693145752,
            -0.0136674540117383
        ],
        [
            -0.004524665884673595,
            -0.010716297663748264,
            -0.01765875145792961
        ],
        [
            -0.0051416438072919846,
            -0.013161538168787956,
            -0.0235601719468832
        ],
        [
            0.02242821827530861,
            -0.00119837187230587,
            0.027660543099045753
        ],
        [
            0.018816661089658737,
            -0.003963499329984188,
            0.026332169771194458
        ],
        [
            0.01909302920103073,
            -0.0033786180429160595,
            0.02932562120258808
        ],
        [
            0.02115350216627121,
            0.0005375584587454796,
            0.031337738037109375
        ],
        [
            0.07778861373662949,
            -0.005191650241613388,
            0.03693315386772156
        ],
        [
            0.030465029180049896,
            0.0027534104883670807,
            0.04923677444458008
        ],
        [
            0.030199270695447922,
            -0.009666204452514648,
            0.04779820144176483
        ],
        [
            0.08900894969701767,
            -0.007500709034502506,
            0.031001515686511993
        ],
        [
            0.08845724165439606,
            -0.014095243997871876,
            0.02380118891596794
        ],
        [
            0.09802522510290146,
            -0.012087899260222912,
            0.02379242330789566
        ],
        [
            0.02262108214199543,
            -0.03254356607794762,
            0.020500272512435913
        ],
        [
            0.07218344509601593,
            -0.021483732387423515,
            0.018024832010269165
        ],
        [
            0.08635003864765167,
            -0.017843138426542282,
            0.01745043694972992
        ],
        [
            0.09768195450305939,
            -0.015609503723680973,
            0.017154648900032043
        ],
        [
            0.1058984249830246,
            -0.014380762353539467,
            0.017847374081611633
        ],
        [
            0.10540371388196945,
            -0.010510697029531002,
            0.024994544684886932
        ],
        [
            -0.013715515844523907,
            -0.027303649112582207,
            -0.015041496604681015
        ],
        [
            -0.017917577177286148,
            -0.022344110533595085,
            -0.009107312187552452
        ],
        [
            0.11416322737932205,
            -0.010027403011918068,
            0.027295008301734924
        ],
        [
            0.11421031504869461,
            -0.013829144649207592,
            0.018830567598342896
        ],
        [
            0.08448631316423416,
            -0.02128976210951805,
            0.009090742096304893
        ],
        [
            0.08182769268751144,
            -0.023903194814920425,
            -0.002206917852163315
        ],
        [
            0.07079895585775375,
            -0.024475187063217163,
            0.009891151450574398
        ],
        [
            0.06724709272384644,
            -0.027650313451886177,
            -0.0008680429309606552
        ],
        [
            0.024271240457892418,
            -0.0415254570543766,
            0.01345059648156166
        ],
        [
            -0.02719142660498619,
            -0.005744505673646927,
            -0.00865968968719244
        ],
        [
            -0.019975122064352036,
            -0.014295978471636772,
            -0.006447764113545418
        ],
        [
            -0.015241023153066635,
            -0.010819533839821815,
            -0.006659046746790409
        ],
        [
            -0.02364872768521309,
            -0.0038443952798843384,
            -0.007095071487128735
        ],
        [
            -0.013918787240982056,
            -0.01756039820611477,
            -0.00553770549595356
        ],
        [
            -0.02229250594973564,
            -0.01804213784635067,
            -0.0101761594414711
        ],
        [
            0.06337107717990875,
            -0.026583634316921234,
            -0.01589396595954895
        ],
        [
            0.011299239471554756,
            -0.020608264952898026,
            -0.004703436512500048
        ],
        [
            0.07808341085910797,
            -0.0195147842168808,
            -0.020824400708079338
        ],
        [
            0.05313090980052948,
            -0.023236088454723358,
            -0.029317092150449753
        ],
        [
            0.06291105598211288,
            -0.015305844135582447,
            -0.033379048109054565
        ],
        [
            0.09258770942687988,
            -0.01067158579826355,
            -0.026990965008735657
        ],
        [
            0.07685117423534393,
            -0.007258592173457146,
