{
    "pred_cam": [
        8.745655059814453,
        0.12617425620555878,
        -0.04989676922559738
    ],
    "pred_mano_params": {
        "global_orient": [
            [
                [
                    -0.62516850233078,
                    -0.07840438932180405,
                    -0.7765417695045471
                ],
                [
                    -0.5320612192153931,
                    -0.6851174831390381,
                    0.4975188076496124
                ],
                [
                    -0.5710299611091614,
                    0.7242008447647095,
                    0.3865979313850403
                ]
            ]
        ],
        "hand_pose": [
            [
                [
                    0.6797711253166199,
                    -0.7157513499259949,
                    -0.16003508865833282
                ],
                [
                    0.7120673060417175,
                    0.6963469982147217,
                    -0.08978310972452164
                ],
                [
                    0.1757023185491562,
                    -0.052923787385225296,
                    0.9830197691917419
                ]
            ],
            [
                [
                    0.5726443529129028,
                    -0.7947185039520264,
                    0.2012486606836319
                ],
                [
                    0.8124669194221497,
                    0.5173841118812561,
                    -0.2687215507030487
                ],
                [
                    0.10943512618541718,
                    0.31738972663879395,
                    0.9419596195220947
                ]
            ],
            [
                [
                    0.8722313642501831,
                    -0.4751773178577423,
                    0.11584001034498215
                ],
                [
                    0.4702443480491638,
                    0.8798742890357971,
                    0.06849455088376999
                ],
                [
                    -0.13447169959545135,
                    -0.005269989836961031,
                    0.990903377532959
                ]
            ],
            [
                [
                    0.5269514918327332,
                    -0.833063006401062,
                    -0.16830949485301971
                ],
                [
                    0.8498464226722717,
                    0.5186100006103516,
                    0.09383369237184525
                ],
                [
                    0.009117594920098782,
                    -0.19248303771018982,
                    0.9812579154968262
                ]
            ],
            [
                [
                    0.7650449872016907,
                    -0.6235901117324829,
                    -0.16075317561626434
                ],
                [
                    0.6437826156616211,
                    0.7344704866409302,
                    0.2147025167942047
                ],
                [
                    -0.015817927196621895,
                    -0.267747163772583,
                    0.9633594155311584
                ]
            ],
            [
                [
                    0.8601913452148438,
                    -0.5098135471343994,
                    0.012688983231782913
                ],
                [
                    0.509021520614624,
                    0.8598412275314331,
                    0.039625950157642365
                ],
                [
                    -0.03111235797405243,
                    -0.02762693539261818,
                    0.9991340637207031
                ]
            ],
            [
                [
                    0.5481364727020264,
                    -0.78827965259552,
                    0.27957385778427124
                ],
                [
                    0.6423905491828918,
                    0.6108393669128418,
                    0.4628278315067291
                ],
                [
                    -0.5356125235557556,
                    -0.07409722357988358,
                    0.8412067294120789
                ]
            ],
            [
                [
                    0.6919352412223816,
                    -0.7039296627044678,
                    -0.16033904254436493
                ],
                [
                    0.5945829749107361,
                    0.42965203523635864,
                    0.6796103119850159
                ],
                [
                    -0.4095079004764557,
                    -0.565581202507019,
                    0.7158359885215759
                ]
            ],
            [
                [
                    0.912564218044281,
                    -0.4059882164001465,
                    0.048990435898303986
                ],
                [
                    0.326843798160553,
                    0.7961209416389465,
                    0.509278416633606
                ],
                [
                    -0.24576336145401,
                    -0.4487370550632477,
                    0.8592061996459961
                ]
            ],
            [
                [
                    0.6368685364723206,
                    -0.7644416093826294,
                    0.10013673454523087
                ],
                [
                    0.762703001499176,
                    0.6436729431152344,
                    0.06300234794616699
                ],
                [
                    -0.11261692643165588,
                    0.036250364035367966,
                    0.99297696352005
                ]
            ],
            [
                [
                    0.6807363629341125,
                    -0.7091760039329529,
                    -0.183486670255661
                ],
                [
                    0.6901614665985107,
                    0.5369678735733032,
                    0.48512136936187744
                ],
                [
                    -0.2455100119113922,
                    -0.456875205039978,
                    0.8549795150756836
                ]
            ],
            [
                [
                    0.8018877506256104,
                    -0.596720814704895,
                    0.03000534139573574
                ],
                [
                    0.5673027038574219,
                    0.7761895656585693,
                    0.27513155341148376
                ],
                [
                    -0.187466561794281,
                    -0.20360249280929565,
                    0.9609382152557373
                ]
            ],
            [
                [
                    0.9579505920410156,
                    0.2288118600845337,
                    0.173135444521904
                ],
                [
                    -0.07865391671657562,
                    0.7896882891654968,
                    -0.6084455847740173
                ],
                [
                    -0.2759425938129425,
                    0.5692429542541504,
                    0.774479329586029
                ]
            ],
            [
                [
                    0.9798518419265747,
                    -0.19770313799381256,
                    0.028353873640298843
                ],
                [
                    0.1401115506887436,
                    0.7815932631492615,
                    0.6078493595123291
                ],
                [
                    -0.14233490824699402,
                    -0.5916295647621155,
                    0.7935460805892944
                ]
            ],
            [
                [
                    0.7164941430091858,
                    -0.6777755618095398,
                    -0.16509531438350677
                ],
                [
                    0.33298659324645996,
                    0.5402544140815735,
                    -0.7728163599967957
                ],
                [
                    0.6129895448684692,
                    0.49874383211135864,
                    0.6127793192863464
                ]
            ]
        ],
        "betas": [
            -0.12205547094345093,
            -0.11171725392341614,
            -0.0020224452018737793,
            0.010835617780685425,
            -0.03357324004173279,
            0.012292470782995224,
            -0.014114409685134888,
            0.009737953543663025,
            -0.01858741044998169,
            -0.06354376673698425
        ]
    },
    "pred_cam_t": [
        -0.12617425620555878,
        -0.04989676922559738,
        4.466503620147705
    ],
    "focal_length": [
        5000.0,
        5000.0
    ],
    "pred_keypoints_3d": [
        [
            0.09625319391489029,
            0.006436245981603861,
            0.006240597926080227
        ],
        [
            0.0924048125743866,
            0.04296901449561119,
            0.018776215612888336
        ],
        [
            0.0834251120686531,
            0.07125777006149292,
            0.0276675745844841
        ],
        [
            0.07824984192848206,
            0.09558625519275665,
            0.038781147450208664
        ],
        [
            0.09012091159820557,
            0.12548114359378815,
            0.027726447209715843
        ],
        [
            0.1359432339668274,
            0.0674510970711708,
            0.061082612723112106
        ],
        [
            0.15646111965179443,
            0.0934062972664833,
            0.05915524810552597
        ],
        [
            0.15752755105495453,
            0.10275444388389587,
            0.038928769528865814
        ],
        [
            0.15099965035915375,
            0.1062098890542984,
            0.015122748911380768
        ],
        [
            0.15857148170471191,
            0.056429702788591385,
            0.05820829048752785
        ],
        [
            0.17606578767299652,
            0.08044762164354324,
            0.04661174118518829
        ],
        [
            0.1741972714662552,
            0.09286686778068542,
            0.026856904849410057
        ],
        [
            0.1640213429927826,
            0.10255533456802368,
            0.005267385393381119
        ],
        [
            0.16888120770454407,
            0.03955306112766266,
            0.039951324462890625
        ],
        [
            0.18456211686134338,
            0.06368454545736313,
            0.035814061760902405
        ],
        [
            0.18113185465335846,
            0.07644064724445343,
            0.014632390812039375
        ],
        [
            0.16677312552928925,
            0.08470511436462402,
            -0.004448298364877701
        ],
        [
            0.17413991689682007,
            0.028457283973693848,
            0.02174430340528488
        ],
        [
            0.1846253126859665,
            0.04618729650974274,
            0.01642659492790699
        ],
        [
            0.176355242729187,
            0.05571187287569046,
            0.002091202884912491
        ],
        [
            0.15987925231456757,
            0.05996619164943695,
            -0.008065471425652504
        ]
    ],
    "pred_vertices": [
        [
            0.11560355126857758,
            0.0544939748942852,
            0.02913154661655426
        ],
        [
            0.10974293202161789,
            0.05155210942029953,
            0.021903876215219498
        ],
        [
            0.10661370307207108,
            0.06305237114429474,
            0.02554251253604889
        ],
        [
            0.1126813292503357,
            0.06444283574819565,
            0.03304018825292587
        ],
        [
            0.09522455930709839,
            0.058309026062488556,
            0.006647028028964996
        ],
        [
            0.08410622179508209,
            0.055907756090164185,
            0.004273265600204468
        ],
        [
            0.08289945125579834,
            0.07066380232572556,
            0.011786554008722305
        ],
        [
            0.09194020926952362,
            0.07255818694829941,
            0.012533839792013168
        ],
        [
            0.10875672847032547,
            0.0721389427781105,
            0.03816363587975502
        ],
        [
            0.10389706492424011,
            0.07205256074666977,
            0.028798487037420273
        ],
        [
            0.10241901874542236,
            0.07345804572105408,
            0.042701996862888336
        ],
        [
            0.10925015062093735,
            0.06817155331373215,
            0.054475754499435425
        ],
        [
            0.11381138116121292,
            0.0698353722691536,
            0.04771290719509125
        ],
        [
            0.11608310788869858,
            0.06728286296129227,
            0.06116000562906265
        ],
        [
            0.10393555462360382,
            0.05822882056236267,
            0.05767710506916046
        ],
        [
            0.11834338307380676,
            0.05935142934322357,
            0.06695494800806046
        ],
        [
            0.12027080357074738,
            0.031121179461479187,
            0.05429091304540634
        ],
        [
            0.12832453846931458,
            0.022144749760627747,
            0.047578487545251846
        ],
        [
            0.14129702746868134,
            0.030493946745991707,
            0.05674711987376213
        ],
        [
            0.1319112777709961,
            0.039554253220558167,
            0.06195484846830368
        ],
        [
            0.14843593537807465,
            0.01845591887831688,
            0.040736593306064606
        ],
        [
            0.1451510190963745,
            0.025430448353290558,
            0.04995350539684296
        ],
        [
            0.13230252265930176,
            0.016190961003303528,
            0.04187436029314995
        ],
        [
            0.1358809769153595,
            0.010569866746664047,
            0.033950649201869965
        ],
        [
            0.12124589085578918,
            0.03987251967191696,
            0.02059181034564972
        ],
        [
            0.11550764739513397,
            0.034975454211235046,
            0.013553593307733536
        ],
        [
            0.11340378224849701,
            0.04005913436412811,
            0.017503343522548676
        ],
        [
            0.11860391497612,
            0.04434015974402428,
            0.023723609745502472
        ],
        [
            0.08756285160779953,
            0.0743979811668396,
            0.04251466318964958
        ],
        [
            0.08912442624568939,
            0.06362713873386383,
            0.044903211295604706
        ],
        [
            0.09618118405342102,
            0.06790421158075333,
            0.046689730137586594
        ],
        [
            0.09134962409734726,
            0.07791128754615784,
            0.04053312912583351
        ],
        [
            0.10580217838287354,
            0.02100597694516182,
            -0.010950636118650436
        ],
        [
            0.09590443968772888,
            0.011689778417348862,
            -0.012451276183128357
        ],
        [
            0.09188001602888107,
            0.014655619859695435,
            -0.009342528879642487
        ],
        [
            0.10211528092622757,
            0.02225504070520401,
            -0.008154291659593582
        ],
        [
            0.08222177624702454,
            0.03282713517546654,
            -0.0006614178419113159
        ],
        [
            0.07868708670139313,
            0.022804487496614456,
            -0.0007122308015823364
        ],
        [
            0.0672130286693573,
            0.018894299864768982,
            0.006847575306892395
        ],
        [
            0.07015489041805267,
            0.027530886232852936,
            0.010198887437582016
        ],
        [
            0.08392619341611862,
            0.044477760791778564,
            0.0012078285217285156
        ],
        [
            0.07277850806713104,
            0.039850540459156036,
            0.00879194587469101
        ],
        [
            0.07511990517377853,
            0.05123854801058769,
            0.009922575205564499
        ],
        [
            0.07593093812465668,
            0.065418541431427,
            0.01628836989402771
        ],
        [
            0.10462839901447296,
            0.0032105036079883575,
            -0.016907863318920135
        ],
        [
            0.11309236288070679,
            0.0090845488011837,
            -0.01693297177553177
        ],
        [
            0.14543265104293823,
            0.0938369482755661,
            0.049569398164749146
        ],
        [
            0.14943084120750427,
            0.09033995866775513,
            0.046327196061611176
        ],
        [
            0.14740149676799774,
            0.0886085107922554,
            0.04752156138420105
        ],
        [
            0.14411936700344086,
            0.09225887060165405,
            0.05069105327129364
        ],
        [
            0.11765045672655106,
            -0.00942980870604515,
            -0.007554270327091217
        ],
        [
            0.11704890429973602,
            -0.015000980347394943,
            0.0009255558252334595
        ],
        [
            0.112694151699543,
            -0.01820531114935875,
            -0.0040537528693675995
        ],
        [
            0.11160044372081757,
            -0.012178707867860794,
            -0.011302266269922256
        ],
        [
            0.12559014558792114,
            -0.005723990499973297,
            -0.0025932975113391876
        ],
        [
            0.1227763444185257,
            -0.009865321218967438,
            0.007618419826030731
        ],
        [
            0.15198968350887299,
            0.1003599762916565,
            0.05866146832704544
        ],
        [
            0.14745672047138214,
            0.09993809461593628,
            0.05588376894593239
        ],
        [
            0.14667880535125732,
            0.09704341739416122,
            0.0594925656914711
        ],
        [
            0.15113988518714905,
            0.0959676206111908,
            0.06258026510477066
        ],
        [
            0.11794447898864746,
            0.06621760874986649,
            0.040712371468544006
        ],
        [
            0.12164407968521118,
            0.05890652909874916,
            0.03471826761960983
        ],
        [
            0.13075922429561615,
            0.07063166797161102,
            0.04993646964430809
        ],
        [
            0.12837836146354675,
            0.06527348607778549,
            0.04466689005494118
        ],
        [
            0.12247612327337265,
            0.06825532764196396,
            0.04820281267166138
        ],
        [
            0.12532898783683777,
            0.07176487892866135,
            0.05313102528452873
        ],
        [
            0.13914357125759125,
            0.048121128231287,
            0.03184683993458748
        ],
        [
            0.13086624443531036,
            0.04252161085605621,
            0.025719301775097847
        ],
        [
            0.12820403277873993,
            0.047290265560150146,
            0.029734617099165916
        ],
        [
            0.13615307211875916,
            0.0547872930765152,
            0.03656512871384621
        ],
        [
            0.13859905302524567,
            0.03530803695321083,
            0.01610219106078148
        ],
        [
            0.14608420431613922,
            0.04105636477470398,
            0.02327689714729786
        ],
        [
            0.14955025911331177,
            0.03618533909320831,
            0.017010647803544998
        ],
        [
            0.14368565380573273,
            0.03370485454797745,
            0.012273013591766357
        ],
        [
            0.1560772806406021,
            0.05184946954250336,
            0.03746236488223076
        ],
        [
            0.1592559665441513,
            0.054590415209531784,
            0.04122819006443024
        ],
        [
            0.16212624311447144,
            0.05420290678739548,
            0.038612864911556244
        ],
        [
            0.15773940086364746,
            0.04973045736551285,
            0.03488937020301819
        ],
        [
            0.10796000063419342,
            -0.021865379065275192,
            -0.007980547845363617
        ],
        [
            0.10524925589561462,
            -0.014589942991733551,
            -0.014141574501991272
        ],
        [
            0.15677471458911896,
            0.008882082998752594,
            0.022605393081903458
        ],
        [
            0.1563778519630432,
            0.008322134613990784,
            0.01127491146326065
        ],
        [
            0.16804936528205872,
            0.013902466744184494,
            0.015705447643995285
        ],
        [
            0.1657441109418869,
            0.012643497437238693,
            0.027423664927482605
        ],
        [
            0.1135135218501091,
            -0.015306849032640457,
            0.010771457105875015
        ],
        [
            0.11050811409950256,
            -0.0204709991812706,
            0.00559171661734581
        ],
        [
            0.15808738768100739,
            0.09810655564069748,
            0.0591968297958374
        ],
        [
            0.1570158302783966,
            0.09354115277528763,
            0.0626833513379097
        ],
        [
            0.07158513367176056,
            0.04302540421485901,
            0.021023400127887726
        ],
        [
            0.07312438637018204,
            0.06052210554480553,
            0.024082571268081665
        ],
        [
            0.06991240382194519,
            0.029330942779779434,
            0.019747771322727203
        ],
        [
            0.06871725618839264,
            0.019537456333637238,
            0.018831327557563782
        ],
        [
            0.06492738425731659,
            0.01241583377122879,
            0.016751084476709366
        ],
        [
            0.13497497141361237,
            0.06361054629087448,
            0.04383297264575958
        ],
        [
            0.12285957485437393,
            0.05057282745838165,
            0.029852882027626038
        ],
        [
            0.12385107576847076,
            0.03659576177597046,
            0.017391182482242584
        ],
        [
            0.14430680871009827,
            0.024107443168759346,
            -0.002476368099451065
        ],
        [
            0.13651882112026215,
            0.019832994788885117,
            -0.008204299956560135
        ],
        [
            0.13296939432621002,
            0.02762851119041443,
            -0.0016026757657527924
        ],
        [
            0.14052428305149078,
            0.029326865449547768,
            0.0025020428001880646
        ],
        [
            0.15703818202018738,
            0.014123795554041862,
            0.003140963613986969
        ],
        [
            0.15531840920448303,
            0.021960437297821045,
            0.0017583295702934265
        ],
        [
            0.16205890476703644,
            0.025050142779946327,
            0.0063531287014484406
        ],
        [
            0.1657196581363678,
            0.01832503452897072,
            0.008074240759015083
        ],
        [
            0.08010677993297577,
            0.07276913523674011,
            0.041745997965335846
        ],
        [
            0.08243997395038605,
            0.06074012070894241,
            0.04185330867767334
        ],
        [
            0.11578097939491272,
            -0.00140424445271492,
            -0.014369629323482513
        ],
        [
            0.10841457545757294,
            -0.0036587491631507874,
            -0.016014445573091507
        ],
        [
            0.10152214765548706,
            -0.00854480266571045,
            -0.017467830330133438
        ],
        [
            0.1101762056350708,
            0.02916942536830902,
            0.0013506710529327393
        ],
        [
            0.09963567554950714,
            0.023266058415174484,
            -0.006326284259557724
        ],
        [
            0.0976828783750534,
            0.026595816016197205,
            -0.004150275141000748
        ],
        [
            0.10910812020301819,
            0.030822664499282837,
            0.0042185671627521515
        ],
        [
            0.10554254800081253,
            0.04862845689058304,
            0.01192169263958931
        ],
        [
            0.09711615741252899,
            0.043444979935884476,
            0.0020570382475852966
        ],
        [
            0.10308203101158142,
            0.06179085373878479,
            0.015589766204357147
        ],
        [
            0.0853060781955719,
            0.017649386078119278,
            -0.005997832864522934
        ],
        [
            0.08379127830266953,
            0.008905287832021713,
            -0.012686241418123245
        ],
        [
            0.07720979303121567,
            0.012406930327415466,
            -0.007780693471431732
        ],
        [
            0.09072311222553253,
            0.0029425248503684998,
            -0.01644660159945488
        ],
        [
            0.09707960486412048,
            -0.003089204430580139,
            -0.01846688613295555
        ],
        [
            0.10653285682201385,
            -0.027458615601062775,
            0.002586066722869873
        ],
        [
            0.07187144458293915,
            0.014974433928728104,
            -0.0017036646604537964
        ],
        [
            0.08845783770084381,
            0.07979373633861542,
            0.018431343138217926
        ],
        [
            0.08443886041641235,
            0.08522073924541473,
            0.02304011583328247
        ],
        [
            0.09079013764858246,
            0.08469265699386597,
            0.027787476778030396
        ],
        [
            0.09467718750238419,
            0.07961394637823105,
            0.0241827555000782
        ],
        [
            0.12391649186611176,
            0.06990472972393036,
            0.0660824403166771
        ],
        [
            0.12333086878061295,
            0.07278077304363251,
            0.058917175978422165
        ],
        [
            0.1168244481086731,
            0.06971165537834167,
            0.054105907678604126
        ],
        [
            0.11688104271888733,
            0.023612048476934433,
            -0.008726906031370163
        ],
        [
            0.12265019118785858,
            0.013513606041669846,
            -0.01406313106417656
        ],
        [
            0.13704310357570648,
            0.06924007087945938,
            0.049093469977378845
        ],
        [
            0.149672731757164,
            0.09228196740150452,
            0.06558100879192352
        ],
        [
            0.14455369114875793,
            0.09384245425462723,
            0.06248952075839043
        ],
        [
            0.13400903344154358,
            0.08011499792337418,
            0.06593278050422668
        ],
        [
            0.13957597315311432,
            0.07805022597312927,
            0.06988059729337692
        ],
        [
            0.14583145081996918,
            0.06918135285377502,
            0.05318327248096466
        ],
        [
            0.13953301310539246,
            0.0710325762629509,
            0.05003057420253754
        ],
        [
            0.14128291606903076,
            0.07166014611721039,
            0.05035761371254921
        ],
        [
            0.1479133665561676,
            0.07064872980117798,
            0.05124436318874359
        ],
        [
            0.1644936501979828,
            0.04830170050263405,
            0.03170739859342575
        ],
        [
            0.1603093147277832,
            0.04451284185051918,
            0.028316810727119446
        ],
        [
            0.14402173459529877,
            0.04997604712843895,
            0.06572770327329636
        ],
        [
            0.13322743773460388,
            0.05476435646414757,
            0.07338203489780426
        ],
        [
            0.12300944328308105,
            0.04815210774540901,
            0.06704634428024292
        ],
        [
            0.14246433973312378,
            0.043516162782907486,
            0.026895107701420784
        ],
        [
            0.15031567215919495,
            0.048084456473588943,
            0.03193590044975281
        ],
        [
            0.15247918665409088,
            0.04559146240353584,
            0.029362235218286514
        ],
        [
            0.13964852690696716,
            0.06324645131826401,
            0.04462471604347229
        ],
        [
            0.1428029090166092,
            0.06695985049009323,
            0.049084264785051346
        ],
        [
            0.14475269615650177,
            0.06309850513935089,
            0.047000471502542496
        ],
        [
            0.14187712967395782,
            0.05931271240115166,
            0.04176373407244682
        ],
        [
            0.14547158777713776,
            0.0020700693130493164,
            0.006505060940980911
        ],
        [
            0.14672237634658813,
            0.008795030415058136,
            -0.003085065633058548
        ],
        [
            0.14493368566036224,
            0.09741837531328201,
            0.05278930813074112
        ],
        [
            0.1438545137643814,
            0.09546507894992828,
            0.055098213255405426
        ],
        [
            0.13426150381565094,
            0.03814368322491646,
            0.02096984162926674
        ],
        [
            0.11312562227249146,
            0.040722355246543884,
            0.057615023106336594
        ],
        [
            0.12672290205955505,
            0.03355766832828522,
            0.013704031705856323
        ],
        [
            0.16824039816856384,
            0.028973717242479324,
            0.038050465285778046
        ],
        [
            0.1709253191947937,
            0.033513203263282776,
            0.03102429024875164
        ],
        [
            0.17324554920196533,
            0.03834598883986473,
            0.032188110053539276
        ],
        [
            0.17355366051197052,
            0.036454156041145325,
            0.03806936368346214
        ],
        [
            0.15641626715660095,
            0.08115354180335999,
            0.04959869757294655
        ],
        [
            0.15175309777259827,
            0.08386814594268799,
            0.046896785497665405
        ],
        [
            0.1527271270751953,
            0.08527149260044098,
            0.04653657227754593
        ],
        [
            0.158241868019104,
            0.08394233882427216,
            0.048850081861019135
        ],
        [
            0.13400724530220032,
            0.07313545793294907,
            0.05084971711039543
        ],
        [
            0.1291479468345642,
            0.07516229897737503,
            0.05438176542520523
        ],
        [
            0.13273529708385468,
            0.0782151147723198,
            0.0537857860326767
        ],
        [
            0.137281596660614,
            0.0750802606344223,
            0.05104149505496025
        ],
        [
            0.1278916597366333,
            0.0760241225361824,
            0.06045977771282196
        ],
        [
            0.13147281110286713,
            0.07983629405498505,
            0.060014549642801285
        ],
        [
            0.15987205505371094,
            0.08124436438083649,
            0.05516279116272926
        ],
        [
            0.15948255360126495,
            0.08505064249038696,
            0.06189955770969391
        ],
        [
            0.15127725899219513,
            0.07077829539775848,
            0.06514028459787369
        ],
        [
            0.15267233550548553,
            0.07086873799562454,
            0.057314708828926086
        ],
        [
            0.12421880662441254,
            0.0020179972052574158,
            0.02858985774219036
        ],
        [
            0.12973535060882568,
            -0.0023186057806015015,
            0.019791394472122192
        ],
        [
            0.14160870015621185,
            0.00587448850274086,
            0.02503332495689392
        ],
        [
            0.1540309637784958,
            0.012849774211645126,
            0.03079361841082573
        ],
        [
            0.16474707424640656,
            0.020773859694600105,
            0.03612244129180908
        ],
        [
            0.15949445962905884,
            0.024244636297225952,
            0.0467861071228981
        ],
        [
            0.14417493343353271,
            0.0025856904685497284,
            0.01782287284731865
        ],
        [
            0.14833909273147583,
            0.06164102256298065,
            0.05876543000340462
        ],
        [
            0.14539045095443726,
            0.06061122566461563,
            0.06654281169176102
        ],
        [
            0.14789894223213196,
            0.056918323040008545,
            0.06322183459997177
        ],
        [
            0.1311783492565155,
            0.031140904873609543,
            0.008127216249704361
        ],
        [
            0.1418333649635315,
            0.09344851225614548,
            0.057729825377464294
        ],
        [
            0.07986221462488174,
            0.0029982328414916992,
            0.02982211485505104
        ],
        [
            0.08937550336122513,
            -0.005998291075229645,
            0.027885187417268753
        ],
        [
            0.09360114485025406,
            0.0006726086139678955,
            0.03183373063802719
        ],
        [
            0.08309073746204376,
            0.011110473424196243,
            0.03321138024330139
        ],
        [
            0.1459345519542694,
            0.08805393427610397,
            0.04776988551020622
        ],
        [
            0.141842782497406,
            0.09124476462602615,
            0.05174148827791214
        ],
        [
            0.16487248241901398,
            0.04183844476938248,
            0.02425927110016346
        ],
        [
            0.1682071089744568,
            0.04535077139735222,
            0.02824348211288452
        ],
        [
            0.17138612270355225,
            0.04331495985388756,
            0.028252357617020607
        ],
        [
            0.17022374272346497,
            0.04087233915925026,
            0.02246495708823204
        ],
        [
            0.13119570910930634,
            -0.004512801766395569,
            0.014338860288262367
        ],
        [
            0.1748126596212387,
            0.020713282749056816,
            0.015859870240092278
        ],
        [
            0.1727178692817688,
            0.018817434087395668,
            0.027059713378548622
        ],
        [
            0.11924558132886887,
            -0.009296037256717682,
            0.015626028180122375
        ],
        [
            0.1144433319568634,
            -0.0061103105545043945,
            0.023638159036636353
        ],
        [
            0.10782840847969055,
            -0.012278318405151367,
            0.019761115312576294
        ],
        [
            0.15703628957271576,
            0.036747027188539505,
            0.0553944893181324
        ],
        [
            0.12150122225284576,
            0.007054533809423447,
            0.03523768484592438
        ],
        [
            0.11129618436098099,
            -0.0015326514840126038,
            0.029025254771113396
        ],
        [
            0.10324424505233765,
            -0.008692525327205658,
            0.024640340358018875
        ],
        [
            0.09806180000305176,
            -0.014591585844755173,
            0.02158593386411667
        ],
        [
            0.10360263288021088,
            -0.01783445104956627,
            0.016463425010442734
        ],
        [
            0.1552036851644516,
            0.08893796056509018,
            0.06484795361757278
        ],
        [
            0.16234010457992554,
            0.08966106176376343,
            0.059351108968257904
        ],
        [
            0.09921257942914963,
            -0.02537532150745392,
            0.013655044138431549
        ],
        [
            0.09301556646823883,
            -0.020958248525857925,
            0.019093576818704605
        ],
        [
            0.1065245196223259,
            0.004227031022310257,
            0.03451245650649071
        ],
        [
            0.10034464299678802,
            0.012060187757015228,
            0.039781052619218826
        ],
        [
            0.11655894666910172,
            0.012486081570386887,
            0.040129996836185455
        ],
        [
            0.11121675372123718,
            0.020866911858320236,
            0.04615607112646103
        ],
        [
            0.15047909319400787,
            0.037651024758815765,
            0.06448782235383987
        ],
        [
            0.16542379558086395,
            0.09926153719425201,
            0.04322872310876846
        ],
        [
            0.16436858475208282,
            0.09084774553775787,
            0.05089716613292694
        ],
        [
            0.1606813371181488,
            0.08783501386642456,
            0.047307491302490234
        ],
        [
            0.16422201693058014,
            0.09580972045660019,
            0.04088243097066879
        ],
        [
            0.16193614900112152,
            0.0852922722697258,
            0.05329665541648865
        ],
        [
            0.1634732037782669,
            0.09424659609794617,
            0.05563516914844513
        ],
        [
            0.10195566713809967,
            0.03256719186902046,
            0.049134694039821625
        ],
        [
            0.14767101407051086,
            0.06561028957366943,
            0.051145777106285095
        ],
        [
            0.08870672434568405,
            0.02530699223279953,
            0.03994564712047577
        ],
        [
            0.09423139691352844,
            0.04908448085188866,
            0.052040256559848785
        ],
        [
            0.0845509022474289,
            0.0444047637283802,
            0.04291126877069473
        ],
        [
            0.07460929453372955,
            0.020010605454444885,
            0.030062928795814514
        ],
        [
            0.07453874498605728,
            0.035563841462135315,
            0.03264196217060089
        ],
        [
            0.0689089223742485,
            0.005306906998157501,
            0.023940563201904297
        ],
        [
            0.07304564118385315,
            0.011810921132564545,
            0.02748178318142891
        ],
        [
            0.07494790852069855,
            0.051097072660923004,
            0.03307873383164406
        ],
        [
            0.14882877469062805,
            0.09696336090564728,
            0.041492436081171036
        ],
        [
            0.15350894629955292,
            0.093370221555233,
            0.03972790017724037
        ],
