{
    "pred_cam": [
        9.817481994628906,
        -0.1558440774679184,
        -0.05541710555553436
    ],
    "pred_mano_params": {
        "global_orient": [
            [
                [
                    -0.21613094210624695,
                    -0.9728607535362244,
                    0.08263999223709106
                ],
                [
                    -0.5777461528778076,
                    0.05920102447271347,
                    -0.8140667080879211
                ],
                [
                    0.7870811820030212,
                    -0.2236899435520172,
                    -0.5748617053031921
                ]
            ]
        ],
        "hand_pose": [
            [
                [
                    0.7420269250869751,
                    -0.5437737703323364,
                    -0.39205390214920044
                ],
                [
                    0.5203663110733032,
                    0.8359179496765137,
                    -0.17452815175056458
                ],
                [
                    0.4226287305355072,
                    -0.07450709491968155,
                    0.9032351970672607
                ]
            ],
            [
                [
                    0.986358642578125,
                    -0.1456027328968048,
                    0.07678826153278351
                ],
                [
                    0.15826444327831268,
                    0.9671044945716858,
                    -0.19915111362934113
                ],
                [
                    -0.04526533931493759,
                    0.20858727395534515,
                    0.9769555926322937
                ]
            ],
            [
                [
                    0.8405609726905823,
                    -0.5408112406730652,
                    -0.031311776489019394
                ],
                [
                    0.5239382982254028,
                    0.8263019323348999,
                    -0.20667316019535065
                ],
                [
                    0.13764415681362152,
                    0.1573159545660019,
                    0.9779088497161865
                ]
            ],
            [
                [
                    0.6677533984184265,
                    -0.6442919969558716,
                    -0.37281808257102966
                ],
                [
                    0.6174764633178711,
                    0.7591442465782166,
                    -0.20596790313720703
                ],
                [
                    0.4157261848449707,
                    -0.09267066419124603,
                    0.9047563076019287
                ]
            ],
            [
                [
                    0.9619141817092896,
                    -0.2596503496170044,
                    -0.0854562446475029
                ],
                [
                    0.2732597291469574,
                    0.921494722366333,
                    0.2760009169578552
                ],
                [
                    0.0070837452076375484,
                    -0.28884097933769226,
                    0.9573508501052856
                ]
            ],
            [
                [
                    0.7739917635917664,
                    -0.5964570045471191,
                    -0.21254591643810272
                ],
                [
                    0.6252687573432922,
                    0.7729045748710632,
                    0.1079697459936142
                ],
                [
                    0.09987840056419373,
                    -0.216466024518013,
                    0.9711676836013794
                ]
            ],
            [
                [
                    0.40437057614326477,
                    -0.8296526670455933,
                    0.38491684198379517
                ],
                [
                    0.8045446276664734,
                    0.5228294730186462,
                    0.2817043364048004
                ],
                [
                    -0.4349626302719116,
                    0.19576983153820038,
                    0.8789094090461731
                ]
            ],
            [
                [
                    0.92523193359375,
                    -0.1443074494600296,
                    -0.3508863151073456
                ],
                [
                    0.2627967894077301,
                    0.9108126759529114,
                    0.3183678984642029
                ],
                [
                    0.27364885807037354,
                    -0.3867759704589844,
                    0.8806365132331848
                ]
            ],
            [
                [
                    0.6588083505630493,
                    -0.7045530080795288,
                    0.26377400755882263
                ],
                [
                    0.7059169411659241,
                    0.7001592516899109,
                    0.10704357177019119
                ],
                [
                    -0.26010167598724365,
                    0.11568135768175125,
                    0.9586266875267029
                ]
            ],
            [
                [
                    0.6410738825798035,
                    -0.7617241740226746,
                    -0.09381062537431717
                ],
                [
                    0.7378981709480286,
                    0.6453515887260437,
                    -0.19755402207374573
                ],
                [
                    0.2110225260257721,
                    0.057424046099185944,
                    0.9757929444313049
                ]
            ],
            [
                [
                    0.9450697898864746,
                    -0.30423039197921753,
                    -0.11952827870845795
                ],
                [
                    0.3265087604522705,
                    0.8614909052848816,
                    0.38887709379196167
                ],
                [
                    -0.015335715375840664,
                    -0.4065430164337158,
                    0.9135029315948486
                ]
            ],
            [
                [
                    0.726274847984314,
                    -0.5407356023788452,
                    -0.42441707849502563
                ],
                [
                    0.6532951593399048,
                    0.7350383400917053,
                    0.18145005404949188
                ],
                [
                    0.21384629607200623,
                    -0.4090522527694702,
                    0.8870998024940491
                ]
            ],
            [
                [
                    0.9881622195243835,
                    0.058888327330350876,
                    -0.1416604071855545
                ],
                [
                    -0.14361298084259033,
                    0.6798185110092163,
                    -0.7191815972328186
                ],
                [
                    0.05395197123289108,
                    0.7310123443603516,
                    0.6802281141281128
                ]
            ],
            [
                [
                    0.8752497434616089,
                    -0.2609845697879791,
                    -0.4072161614894867
                ],
                [
                    0.4203803837299347,
                    0.8268585801124573,
                    0.3736110329627991
                ],
                [
                    0.23920345306396484,
                    -0.4981886148452759,
                    0.8334205746650696
                ]
            ],
            [
                [
                    0.9467794299125671,
                    0.30664652585983276,
                    -0.09786003082990646
                ],
                [
                    -0.30986490845680237,
                    0.9505866169929504,
                    -0.01920747198164463
                ],
                [
                    0.08713451772928238,
                    0.048508625477552414,
                    0.9950148463249207
                ]
            ]
        ],
        "betas": [
            -0.05939018726348877,
            -0.012524843215942383,
            -0.06272241473197937,
            -0.00914868712425232,
            0.03621041774749756,
            0.03246269002556801,
            0.07737557590007782,
            -0.06535705924034119,
            0.0402853786945343,
            0.006247788667678833
        ]
    },
    "pred_cam_t": [
        -0.1558440774679184,
        -0.05541710555553436,
        3.9788715839385986
    ],
    "focal_length": [
        5000.0,
        5000.0
    ],
    "pred_keypoints_3d": [
        [
            0.09602037072181702,
            0.006401257589459419,
            0.006219077855348587
        ],
        [
            0.11850105226039886,
            -0.0016197077929973602,
            -0.0241769477725029
        ],
        [
            0.13800391554832458,
            -0.0020808791741728783,
            -0.04807315394282341
        ],
        [
            0.15233469009399414,
            0.012975701130926609,
            -0.06557141244411469
        ],
        [
            0.16169950366020203,
            0.03013724647462368,
            -0.09617123007774353
        ],
        [
            0.12190937995910645,
            0.04030741751194,
            -0.07414942979812622
        ],
        [
            0.14056523144245148,
            0.06522568315267563,
            -0.08557291328907013
        ],
        [
            0.1578747034072876,
            0.07902814447879791,
            -0.08821330219507217
        ],
        [
            0.17938220500946045,
            0.09054450690746307,
            -0.08011716604232788
        ],
        [
            0.11769484728574753,
            0.063961461186409,
            -0.0662829726934433
        ],
        [
            0.1368141770362854,
            0.08936341851949692,
            -0.06776542961597443
        ],
        [
            0.15596434473991394,
            0.10180937498807907,
            -0.06285731494426727
        ],
        [
            0.1784137636423111,
            0.10424055904150009,
            -0.050318796187639236
        ],
        [
            0.1153642013669014,
            0.07533669471740723,
            -0.04207474738359451
        ],
        [
            0.13675177097320557,
            0.09425458312034607,
            -0.046891335397958755
        ],
        [
            0.15810376405715942,
            0.10388357937335968,
            -0.038511235266923904
        ],
        [
            0.17519626021385193,
            0.10318929702043533,
            -0.018966306000947952
        ],
        [
            0.11706787347793579,
            0.08095676451921463,
            -0.020973384380340576
        ],
        [
            0.13610360026359558,
            0.08963557332754135,
            -0.024331863969564438
        ],
        [
            0.1523851603269577,
            0.09710226207971573,
            -0.017929458990693092
        ],
        [
            0.16525977849960327,
            0.09403287619352341,
            -0.007684533484280109
        ]
    ],
    "pred_vertices": [
        [
            0.12488260120153427,
            0.021113384515047073,
            -0.03871765732765198
        ],
        [
            0.1244005411863327,
            0.01571660116314888,
            -0.029553759843111038
        ],
        [
            0.13090406358242035,
            0.014416279271245003,
            -0.037694305181503296
        ],
        [
            0.13002923130989075,
            0.01862829178571701,
            -0.0464942529797554
        ],
        [
            0.13673129677772522,
            0.0015457961708307266,
            -0.021010324358940125
        ],
        [
            0.13622412085533142,
            -0.010769607499241829,
            -0.020467646420001984
        ],
        [
            0.1451447308063507,
            -0.007117593660950661,
            -0.03474530577659607
        ],
        [
            0.14505867660045624,
            0.0027233902364969254,
            -0.03206365182995796
        ],
        [
            0.13237974047660828,
            0.01663048006594181,
            -0.05336332693696022
        ],
        [
            0.13596071302890778,
            0.013406828045845032,
            -0.044022347778081894
        ],
        [
            0.12975765764713287,
            0.014052629470825195,
            -0.05573325604200363
        ],
        [
            0.12160621583461761,
            0.017442995682358742,
            -0.06643308699131012
        ],
        [
            0.12726375460624695,
            0.019930711016058922,
            -0.06222136318683624
        ],
        [
            0.11876523494720459,
            0.022759713232517242,
            -0.07297946512699127
        ],
        [
            0.1114087775349617,
            0.01305745542049408,
            -0.06413592398166656
        ],
        [
            0.10952194035053253,
            0.02584829553961754,
            -0.07320541143417358
        ],
        [
            0.09361234307289124,
            0.029344983398914337,
            -0.047732725739479065
        ],
        [
            0.09103511273860931,
            0.038030438125133514,
            -0.03750884160399437
        ],
        [
            0.0951012447476387,
            0.04961907118558884,
            -0.04991083964705467
        ],
        [
            0.09822362661361694,
            0.03962342441082001,
            -0.058848507702350616
        ],
        [
            0.09481284767389297,
            0.05769529938697815,
            -0.0304572731256485
        ],
        [
            0.09511475265026093,
            0.053897276520729065,
            -0.041811443865299225
        ],
        [
            0.08983749896287918,
            0.04243584722280502,
            -0.029669102281332016
        ],
        [
            0.09011130034923553,
            0.04630221053957939,
            -0.020107600837945938
        ],
        [
            0.11904735118150711,
            0.02722325176000595,
            -0.024708226323127747
        ],
        [
            0.11768750846385956,
            0.021502986550331116,
            -0.015621062368154526
        ],
        [
            0.11872759461402893,
            0.018988370895385742,
            -0.0208498015999794
        ],
        [
            0.12033669650554657,
            0.024303684011101723,
            -0.02935902774333954
        ],
        [
            0.13211502134799957,
            0.006297014653682709,
            -0.058231599628925323
        ],
        [
            0.12136612832546234,
            0.0007599219679832458,
            -0.05706806480884552
        ],
        [
            0.1237560361623764,
            0.008288571611046791,
            -0.05824968218803406
        ],
        [
            0.13508473336696625,
            0.010406875982880592,
            -0.05554652959108353
        ],
        [
            0.11871884763240814,
            0.012705471366643906,
            0.012226112186908722
        ],
        [
            0.11051566898822784,
            0.004213627427816391,
            0.018893495202064514
        ],
        [
            0.11061049997806549,
            -8.27983021736145e-05,
            0.014838621020317078
        ],
        [
            0.11760427057743073,
            0.008769378066062927,
            0.009460411965847015
        ],
        [
            0.1200118288397789,
            -0.012216750532388687,
            -0.002299182116985321
        ],
        [
            0.11095649749040604,
            -0.014266971498727798,
            0.0034380704164505005
        ],
        [
            0.10217953473329544,
            -0.024149682372808456,
            -0.0005613788962364197
        ],
        [
            0.1085275188088417,
            -0.022472403943538666,
            -0.008679628372192383
        ],
        [
            0.129055917263031,
            -0.011394564062356949,
            -0.011053316295146942
        ],
        [
            0.12038351595401764,
            -0.02160945162177086,
            -0.015748508274555206
        ],
        [
            0.1300772875547409,
            -0.019504280760884285,
            -0.02545112371444702
        ],
        [
            0.14077895879745483,
            -0.013796472921967506,
            -0.039808858186006546
        ],
        [
            0.1072981134057045,
            0.013751238584518433,
            0.02694486454129219
        ],
        [
            0.11334456503391266,
            0.021246101707220078,
            0.023451000452041626
        ],
        [
            0.15121649205684662,
            0.061412543058395386,
            -0.08487603068351746
        ],
        [
            0.15058322250843048,
            0.06496249884366989,
            -0.08021005243062973
        ],
        [
            0.14789506793022156,
            0.060646891593933105,
            -0.0790058821439743
        ],
        [
            0.1486329436302185,
            0.058128878474235535,
            -0.084213025867939
        ],
        [
            0.09375505894422531,
            0.028858035802841187,
            0.025751106441020966
        ],
        [
            0.08444951474666595,
            0.029522694647312164,
            0.021808121353387833
        ],
        [
            0.08394134044647217,
            0.025396887212991714,
            0.027834288775920868
        ],
        [
            0.09268762171268463,
            0.02308431640267372,
            0.03056345134973526
        ],
        [
            0.09522034227848053,
            0.036438439041376114,
            0.019353173673152924
        ],
        [
            0.0857890397310257,
            0.0348563976585865,
            0.013266749680042267
        ],
        [
            0.1447257101535797,
            0.06637589633464813,
            -0.09478416293859482
        ],
        [
            0.14829201996326447,
            0.06294651329517365,
            -0.0932125449180603
        ],
        [
            0.14390280842781067,
            0.06000366806983948,
            -0.09297539293766022
        ],
        [
            0.13984264433383942,
            0.06331846863031387,
            -0.09341908991336823
        ],
        [
            0.12898583710193634,
            0.022627560421824455,
            -0.05527983605861664
        ],
        [
            0.12695099413394928,
            0.026255806908011436,
            -0.04667920991778374
        ],
        [
            0.13070429861545563,
            0.034162212163209915,
            -0.06764398515224457
        ],
        [
            0.1281971037387848,
            0.032180361449718475,
            -0.05914383754134178
        ],
        [
            0.1279364377260208,
            0.02641364187002182,
            -0.06365083158016205
        ],
        [
            0.12894974648952484,
            0.029187198728322983,
            -0.07075930386781693
        ],
        [
            0.12252362817525864,
            0.04440457001328468,
            -0.03930819407105446
        ],
        [
            0.12002219259738922,
            0.03664486110210419,
            -0.030881378799676895
        ],
        [
            0.12129908800125122,
            0.03361378610134125,
            -0.036689773201942444
        ],
        [
            0.12500423192977905,
            0.040819164365530014,
            -0.04683355242013931
        ],
        [
            0.12054198235273361,
            0.04470910131931305,
            -0.019132547080516815
        ],
        [
            0.12247619777917862,
            0.051723942160606384,
            -0.028477875515818596
        ],
        [
            0.12242893129587173,
            0.05548207461833954,
            -0.020681757479906082
        ],
        [
            0.12210242450237274,
            0.04973477125167847,
            -0.015218187123537064
        ],
        [
            0.1252930611371994,
            0.060682546347379684,
            -0.04688839614391327
        ],
        [
            0.1254810392856598,
            0.06427266448736191,
            -0.05184555426239967
        ],
        [
            0.12741512060165405,
            0.06808903068304062,
            -0.04877721890807152
        ],
        [
            0.12510274350643158,
            0.06283218413591385,
            -0.04356393218040466
        ],
        [
            0.08239782601594925,
            0.021049864590168,
            0.03325820714235306
        ],
        [
            0.09133201092481613,
            0.017030343413352966,
            0.03444405645132065
        ],
        [
            0.09781571477651596,
            0.06660614907741547,
            -0.01042710617184639
        ],
        [
            0.10340666025876999,
            0.0658503919839859,
            -0.0006531476974487305
        ],
        [
            0.10634107887744904,
            0.0772019475698471,
            -0.007968895137310028
        ],
        [
            0.09897814691066742,
            0.07537040114402771,
            -0.017031531780958176
        ],
        [
            0.07824364304542542,
            0.0266665481030941,
            0.01392875611782074
        ],
        [
            0.07646641880273819,
            0.024117570370435715,
            0.021162204444408417
        ],
        [
            0.1414026916027069,
            0.07125883549451828,
            -0.09286990016698837
        ],
        [
            0.13694436848163605,
            0.06775211542844772,
            -0.09054652601480484
        ],
        [
            0.11746220290660858,
            -0.02194932848215103,
            -0.030214309692382812
        ],
        [
            0.1329556256532669,
            -0.016178064048290253,
            -0.044956885278224945
        ],
        [
            0.10538981854915619,
            -0.02298152819275856,
            -0.019175834953784943
        ],
        [
            0.09680686891078949,
            -0.02267550677061081,
            -0.011782459914684296
        ],
        [
            0.09105969220399857,
            -0.025066010653972626,
            -0.0053793564438819885
        ],
        [
            0.1283780336380005,
            0.038622163236141205,
            -0.057933151721954346
        ],
        [
            0.1229868233203888,
            0.028036601841449738,
            -0.038250893354415894
        ],
        [
            0.1186198964715004,
            0.030053291469812393,
            -0.0204470194876194
        ],
        [
            0.1223832368850708,
            0.0508187934756279,
            0.0022995471954345703
        ],
        [
            0.12086090445518494,
            0.0433589443564415,
            0.009595397859811783
        ],
        [
            0.12311670184135437,
            0.03916436806321144,
            -5.758926272392273e-05
        ],
        [
            0.12339700013399124,
            0.04664267972111702,
            -0.004601120948791504
        ],
        [
            0.11271065473556519,
            0.06528040766716003,
            0.002852778881788254
        ],
        [
            0.11975204199552536,
            0.06237325444817543,
            -0.0003045424818992615
        ],
        [
            0.12030242383480072,
            0.06921800971031189,
            -0.00594329833984375
        ],
        [
            0.11394558101892471,
            0.0740448459982872,
            -0.003829382359981537
        ],
        [
            0.13273264467716217,
            -0.00046576187014579773,
            -0.06128758564591408
        ],
        [
            0.12076644599437714,
            -0.0065931640565395355,
            -0.05557641386985779
        ],
        [
            0.10376948863267899,
            0.025508176535367966,
            0.027023285627365112
        ],
        [
            0.10175301134586334,
            0.01848996803164482,
            0.029865838587284088
        ],
        [
            0.09754270315170288,
            0.012328296899795532,
            0.03397492691874504
        ],
        [
            0.11895161122083664,
            0.016057558357715607,
            -0.002236664295196533
        ],
        [
            0.11700470000505447,
            0.005979791283607483,
            0.007573843002319336
        ],
        [
            0.11810759454965591,
            0.003326576203107834,
            0.0042140185832977295
        ],
        [
            0.11819366365671158,
            0.01448911800980568,
            -0.00504235178232193
        ],
        [
            0.1265157014131546,
            0.010828401893377304,
            -0.01906651258468628
        ],
        [
            0.12804923951625824,
            0.0013765282928943634,
            -0.009522020816802979
        ],
        [
            0.1343306005001068,
            0.011322760954499245,
            -0.02802032232284546
        ],
        [
            0.11025550961494446,
            -0.007041178643703461,
            0.01059715449810028
        ],
        [
            0.10650371760129929,
            -0.007312580943107605,
            0.020951256155967712
        ],
        [
            0.105730801820755,
            -0.014045964926481247,
            0.015138983726501465
        ],
        [
            0.10476148128509521,
            0.00013174861669540405,
            0.02714824676513672
        ],
        [
            0.10189429670572281,
            0.007132790982723236,
            0.031933292746543884
        ],
        [
            0.07180219143629074,
            0.021014992147684097,
            0.027628622949123383
        ],
        [
            0.10387084633111954,
            -0.019302375614643097,
            0.008835971355438232
        ],
        [
            0.14926782250404358,
            0.003599882125854492,
            -0.04063413292169571
        ],
        [
            0.15194374322891235,
            0.005897212773561478,
            -0.048013463616371155
        ],
        [
            0.14741116762161255,
            0.011436719447374344,
            -0.047504350543022156
        ],
        [
            0.14461562037467957,
            0.009910756722092628,
            -0.0417683944106102
        ],
        [
            0.11918120831251144,
            0.03017556108534336,
            -0.07968039065599442
        ],
        [
            0.12588714063167572,
            0.028325578197836876,
            -0.07592794299125671
        ],
        [
            0.1248207539319992,
            0.022059373557567596,
            -0.06875531375408173
        ],
        [
            0.12133876234292984,
            0.023458104580640793,
            0.008559070527553558
        ],
        [
            0.1168517917394638,
            0.030202168971300125,
            0.018342100083827972
        ],
        [
            0.1305004358291626,
            0.0405021496117115,
            -0.06615962833166122
        ],
        [
            0.13529618084430695,
            0.060689277946949005,
            -0.0923234149813652
        ],
        [
            0.1396765112876892,
            0.05672270804643631,
            -0.09203801304101944
        ],
        [
            0.12839950621128082,
            0.042343903332948685,
            -0.08637785911560059
        ],
        [
            0.12372612953186035,
            0.047387659549713135,
            -0.08730310946702957
        ],
        [
            0.12813135981559753,
            0.05061068758368492,
            -0.06912530213594437
        ],
        [
            0.13109932839870453,
            0.044044364243745804,
            -0.06796261668205261
        ],
        [
            0.1311241239309311,
            0.04671690613031387,
            -0.06850644946098328
        ],
        [
            0.12928296625614166,
            0.053068775683641434,
            -0.0678122267127037
        ],
        [
            0.12632933259010315,
            0.07024723291397095,
            -0.03982546925544739
        ],
        [
            0.12458573281764984,
            0.06552061438560486,
            -0.03535335138440132
        ],
        [
            0.10648181289434433,
            0.0499628521502018,
            -0.06839653104543686
        ],
        [
            0.10424287617206573,
            0.039495885372161865,
            -0.07629060745239258
        ],
        [
            0.1012239158153534,
            0.03098510392010212,
            -0.06713990867137909
        ],
        [
            0.12194161117076874,
            0.04802396893501282,
            -0.032744139432907104
        ],
        [
            0.12419280409812927,
            0.05541234835982323,
            -0.039759561419487
        ],
        [
            0.12385652959346771,
            0.05777166038751602,
            -0.03631298989057541
        ],
        [
            0.12823735177516937,
            0.043424952775239944,
            -0.058562859892845154
        ],
        [
            0.12914493680000305,
            0.046358417719602585,
            -0.06465336680412292
        ],
        [
            0.12784868478775024,
            0.04892219975590706,
            -0.060830164700746536
        ],
        [
            0.12683841586112976,
            0.04619745910167694,
            -0.05393106862902641
        ],
        [
            0.09954585134983063,
            0.0554862841963768,
            0.006973553448915482
        ],
        [
            0.11050990968942642,
            0.05525369197130203,
            0.01116563007235527
        ],
        [
            0.15050581097602844,
            0.06091555953025818,
            -0.089621402323246
        ],
        [
            0.14700870215892792,
            0.057861924171447754,
            -0.08936218917369843
        ],
        [
            0.11953625082969666,
            0.04032936319708824,
            -0.024614091962575912
        ],
        [
            0.09864933788776398,
            0.02183215133845806,
            -0.05539064109325409
        ],
        [
            0.11858876049518585,
            0.03309529274702072,
            -0.015811894088983536
        ],
        [
            0.10724811255931854,
            0.07527948915958405,
            -0.034816667437553406
        ],
        [
            0.11526225507259369,
            0.07708235085010529,
            -0.03097837045788765
        ],
        [
            0.11766369640827179,
            0.07909463346004486,
            -0.034490834921598434
        ],
        [
            0.112755186855793,
            0.07990019023418427,
            -0.03867064416408539
        ],
        [
            0.13773146271705627,
            0.06514963507652283,
            -0.07313529402017593
        ],
        [
            0.14225170016288757,
            0.06144107133150101,
            -0.07347052544355392
        ],
        [
            0.14528314769268036,
            0.06507200747728348,
            -0.07529466599225998
        ],
        [
            0.14115622639656067,
            0.0691630095243454,
            -0.07538339495658875
        ],
        [
            0.13241565227508545,
            0.038906943053007126,
            -0.07050703465938568
        ],
        [
            0.1316571980714798,
            0.034243009984493256,
            -0.07476691901683807
        ],
        [
            0.13464155793190002,
            0.03980259597301483,
            -0.07637686282396317
        ],
        [
            0.13360920548439026,
            0.04353228956460953,
            -0.07177095860242844
        ],
        [
            0.12855587899684906,
            0.03427259996533394,
            -0.08004976063966751
        ],
        [
            0.1321953386068344,
            0.03947553411126137,
            -0.08216818422079086
        ],
        [
            0.13305507600307465,
            0.0677880123257637,
            -0.07690399885177612
        ],
        [
            0.13033942878246307,
            0.06767147034406662,
            -0.08395309746265411
        ],
        [
            0.11976110190153122,
            0.05694369226694107,
            -0.07819007337093353
        ],
        [
            0.12512604892253876,
            0.05789375677704811,
            -0.072105772793293
        ],
        [
            0.08428798615932465,
            0.0357736237347126,
            -0.010660570114850998
        ],
        [
            0.08635355532169342,
            0.041325293481349945,
            -0.0011451542377471924
        ],
        [
            0.09199632704257965,
            0.05211809277534485,
            -0.010308466851711273
        ],
        [
            0.09633328765630722,
            0.06360229849815369,
            -0.01929253339767456
        ],
        [
            0.10137708485126495,
            0.07318547368049622,
            -0.02862394228577614
        ],
        [
            0.09792235493659973,
            0.06775056570768356,
            -0.0391119010746479
        ],
        [
            0.09359602630138397,
            0.05474221706390381,
            -0.00260765478014946
        ],
        [
            0.1211472600698471,
            0.05504417046904564,
            -0.07060237973928452
        ],
        [
            0.11337382346391678,
            0.05055728554725647,
            -0.07460899651050568
        ],
        [
            0.11450277268886566,
            0.05429814010858536,
            -0.07131355255842209
        ],
        [
            0.1203414648771286,
            0.03749546781182289,
            -0.009998120367527008
        ],
        [
            0.14317108690738678,
            0.05427195876836777,
            -0.08880824595689774
        ],
        [
            0.0779828280210495,
            -0.008172620087862015,
            -0.011200174689292908
        ],
        [
            0.0729418620467186,
            0.002515263855457306,
            -0.004697583615779877
        ],
        [
            0.07686671614646912,
            0.005921684205532074,
            -0.011816568672657013
        ],
        [
            0.0833941400051117,
            -0.006138216704130173,
            -0.018896427005529404
        ],
        [
            0.14531156420707703,
            0.056633539497852325,
            -0.07738060504198074
        ],
        [
            0.1459510773420334,
            0.053830694407224655,
            -0.08306588977575302
        ],
        [
            0.12481643259525299,
            0.0701272040605545,
            -0.03031492978334427
        ],
        [
            0.12561951577663422,
            0.07364070415496826,
            -0.03516298532485962
        ],
        [
            0.12373025715351105,
            0.07716082036495209,
            -0.033456359058618546
        ],
        [
            0.12528319656848907,
            0.07561402022838593,
            -0.027645068243145943
        ],
        [
            0.08775579929351807,
            0.042773373425006866,
            0.004535749554634094
        ],
        [
            0.11188296228647232,
            0.0829245001077652,
            -0.013075079768896103
        ],
        [
            0.1049146056175232,
            0.0812411904335022,
            -0.021215690299868584
        ],
        [
            0.08132806420326233,
            0.03176338970661163,
            0.006435122340917587
        ],
        [
            0.07884765416383743,
            0.02703375741839409,
            -0.0018209032714366913
        ],
        [
            0.07495564967393875,
            0.02115309238433838,
            0.0049886554479599
        ],
        [
            0.10315440595149994,
            0.06411034613847733,
            -0.05325529724359512
        ],
        [
            0.0843355655670166,
            0.03276846185326576,
            -0.018871013075113297
        ],
        [
            0.07915980368852615,
            0.0235985666513443,
            -0.008722182363271713
        ],
        [
            0.07451575994491577,
            0.016405873000621796,
            -0.0009059086441993713
        ],
        [
            0.07064476609230042,
            0.011935561895370483,
            0.005043536424636841
        ],
        [
            0.07164683192968369,
            0.01755109801888466,
            0.010918769985437393
        ],
        [
            0.13214826583862305,
            0.06495095789432526,
            -0.08879394829273224
        ],
        [
            0.1351800262928009,
            0.07173522561788559,
            -0.0855875089764595
        ],
        [
            0.06635794788599014,
            0.014124821871519089,
            0.017536617815494537
        ],
        [
            0.0660707950592041,
            0.007711552083492279,
            0.0107889324426651
        ],
        [
            0.08018720149993896,
            0.018397048115730286,
            -0.01630318909883499
        ],
        [
            0.08293004333972931,
            0.011351913213729858,
            -0.0249679796397686
        ],
        [
            0.08540816605091095,
            0.027429725974798203,
            -0.025754380971193314
        ],
        [
            0.08827448636293411,
            0.021337509155273438,
            -0.03523142263293266
        ],
        [
            0.09813924133777618,
            0.05717642232775688,
            -0.060393527150154114
        ],
        [
            0.14974787831306458,
            0.08345246315002441,
            -0.08655177056789398
        ],
        [
            0.14104196429252625,
            0.07660681009292603,
            -0.08261197805404663
        ],
        [
            0.14406843483448029,
            0.0740291103720665,
            -0.07829312235116959
        ],
        [
            0.15064577758312225,
            0.082469642162323,
            -0.0822751522064209
        ],
        [
            0.1372136026620865,
            0.07174460589885712,
            -0.07906076312065125
        ],
        [
            0.13962461054325104,
            0.07534734159708023,
            -0.08804246038198471
        ],
        [
            0.09505031257867813,
            0.011141236871480942,
            -0.04408601298928261
        ],
        [
            0.12870393693447113,
            0.05313853919506073,
            -0.066335029900074
        ],
        [
            0.0925944596529007,
            -0.0020478032529354095,
            -0.032944511622190475
        ],
        [
            0.10615784674882889,
            0.00357736274600029,
            -0.055401645600795746
        ],
        [
            0.10676984488964081,
            -0.0065703801810741425,
            -0.04661877453327179
        ],
        [
            0.09212720394134521,
            -0.016399633139371872,
            -0.02204686403274536
        ],
        [
            0.10461773723363876,
            -0.01728193461894989,
            -0.034329067915678024
        ],
        [
            0.08163170516490936,
            -0.019626721739768982,
            -0.007355585694313049
        ],
        [
            0.08598070591688156,
            -0.0166206955909729,
            -0.014461018145084381
        ],
        [
            0.11857731640338898,
            -0.015872839838266373,
            -0.04560631513595581
        ],
        [
            0.1581210196018219,
