{
    "pred_cam": [
        7.480035305023193,
        -0.03918013721704483,
        -0.00862305611371994
    ],
    "pred_mano_params": {
        "global_orient": [
            [
                [
                    0.9039327502250671,
                    0.2972964346408844,
                    0.3074416518211365
                ],
                [
                    0.39112624526023865,
                    -0.8654426336288452,
                    -0.3130962550640106
                ],
                [
                    0.17299072444438934,
                    0.4032664895057678,
                    -0.898582398891449
                ]
            ]
        ],
        "hand_pose": [
            [
                [
                    0.6731597781181335,
                    -0.7197974324226379,
                    -0.16955116391181946
                ],
                [
                    0.6866370439529419,
                    0.6935186982154846,
                    -0.2180856317281723
                ],
                [
                    0.2745644152164459,
                    0.03038635291159153,
                    0.9610884785652161
                ]
            ],
            [
                [
                    0.7745935320854187,
                    -0.6151726245880127,
                    0.14685864746570587
                ],
                [
                    0.6288726329803467,
                    0.724454939365387,
                    -0.2822839021682739
                ],
                [
                    0.06726086884737015,
                    0.3110106885433197,
                    0.9480233192443848
                ]
            ],
            [
                [
                    0.8544759750366211,
                    -0.5170463919639587,
                    0.050336651504039764
                ],
                [
                    0.5101473927497864,
                    0.8534537553787231,
                    0.10661310702562332
                ],
                [
                    -0.09808393567800522,
                    -0.06541923433542252,
                    0.9930256009101868
                ]
            ],
            [
                [
                    0.5390352606773376,
                    -0.8118273615837097,
                    -0.2244487851858139
                ],
                [
                    0.83084636926651,
                    0.5562541484832764,
                    -0.016604460775852203
                ],
                [
                    0.13833051919937134,
                    -0.17753206193447113,
                    0.9743444323539734
                ]
            ],
            [
                [
                    0.7680754065513611,
                    -0.592549741268158,
                    -0.24278581142425537
                ],
                [
                    0.6301643252372742,
                    0.766799807548523,
                    0.12211058288812637
                ],
                [
                    0.11381151527166367,
                    -0.24678510427474976,
                    0.9623637795448303
                ]
            ],
            [
                [
                    0.8105356097221375,
                    -0.5670267343521118,
                    0.14667214453220367
                ],
                [
                    0.5696921348571777,
                    0.8214049339294434,
                    0.027290916070342064
                ],
                [
                    -0.1359519064426422,
                    0.061437707394361496,
                    0.9888086318969727
                ]
            ],
            [
                [
                    0.3955465853214264,
                    -0.9151091575622559,
                    -0.07821857184171677
                ],
                [
                    0.6249129772186279,
                    0.20574167370796204,
                    0.753096342086792
                ],
                [
                    -0.6730725169181824,
                    -0.3467645049095154,
                    0.6532440185546875
                ]
            ],
            [
                [
                    0.9472119212150574,
                    -0.28221967816352844,
                    -0.1521235704421997
                ],
                [
                    0.2890988290309906,
                    0.9569802284240723,
                    0.0247108805924654
                ],
                [
                    0.13860537111759186,
                    -0.06738517433404922,
                    0.988052487373352
                ]
            ],
            [
                [
                    0.9879632592201233,
                    -0.07080522924661636,
                    0.13753272593021393
                ],
                [
                    -0.0006022211746312678,
                    0.8873255848884583,
                    0.46114301681518555
                ],
                [
                    -0.15468764305114746,
                    -0.4556751847267151,
                    0.8766024112701416
                ]
            ],
            [
                [
                    0.2369966208934784,
                    -0.9695236086845398,
                    -0.06210115924477577
                ],
                [
                    0.9623912572860718,
                    0.22555409371852875,
                    0.15142133831977844
                ],
                [
                    -0.13279938697814941,
                    -0.09565195441246033,
                    0.9865165948867798
                ]
            ],
            [
                [
                    0.9799748659133911,
                    -0.19056816399097443,
                    -0.057732898741960526
                ],
                [
                    0.198063924908638,
                    0.9030590653419495,
                    0.3811233639717102
                ],
                [
                    -0.0204937607049942,
                    -0.38492611050605774,
                    0.9227198362350464
                ]
            ],
            [
                [
                    0.910496711730957,
                    -0.3711078464984894,
                    0.18241356313228607
                ],
                [
                    0.3262827694416046,
                    0.9157449007034302,
                    0.23441611230373383
                ],
                [
                    -0.25403791666030884,
                    -0.15391670167446136,
                    0.9548687934875488
                ]
            ],
            [
                [
                    0.8994534015655518,
                    -0.31789013743400574,
                    -0.2998824417591095
                ],
                [
                    -0.21706561744213104,
                    0.27059638500213623,
                    -0.9379020929336548
                ],
                [
                    0.3792969286441803,
                    0.9086933135986328,
                    0.17438581585884094
                ]
            ],
            [
                [
                    0.9392121434211731,
                    -0.34280169010162354,
                    0.01917523331940174
                ],
                [
                    0.2798135578632355,
                    0.7966092824935913,
                    0.535834014415741
                ],
                [
                    -0.19895996153354645,
                    -0.4978962540626526,
                    0.8441056609153748
                ]
            ],
            [
                [
                    0.9896486401557922,
                    0.1314895898103714,
                    0.057498980313539505
                ],
                [
                    -0.11865615844726562,
                    0.9750649929046631,
                    -0.1875336766242981
                ],
                [
                    -0.08072397857904434,
                    0.17876982688903809,
                    0.9805737733840942
                ]
            ]
        ],
        "betas": [
            0.0551818311214447,
            -0.0001531541347503662,
            -0.03786775469779968,
            -0.07879188656806946,
            -0.06597816944122314,
            -0.07133447378873825,
            0.0057516396045684814,
            -0.05596616864204407,
            0.01760721206665039,
            -0.053296685218811035
        ]
    },
    "pred_cam_t": [
        -0.03918013721704483,
        -0.00862305611371994,
        5.222234725952148
    ],
    "focal_length": [
        5000.0,
        5000.0
    ],
    "pred_keypoints_3d": [
        [
            0.09543759375810623,
            0.006344361696392298,
            0.006183714140206575
        ],
        [
            0.07700341939926147,
            0.00233715632930398,
            -0.027258872985839844
        ],
        [
            0.04836496338248253,
            0.008660271763801575,
            -0.03635529428720474
        ],
        [
            0.022370658814907074,
            0.014907173812389374,
            -0.04051538556814194
        ],
        [
            -0.010335700586438179,
            0.02167908288538456,
            -0.05409984663128853
        ],
        [
            0.020864106714725494,
            -0.02995811216533184,
            -0.029583819210529327
        ],
        [
            -0.009989053010940552,
            -0.020377714186906815,
            -0.0360422283411026
        ],
        [
            -0.018371853977441788,
            -8.60355794429779e-06,
            -0.03840398043394089
        ],
        [
            -0.016780730336904526,
            0.02469361573457718,
            -0.039416395127773285
        ],
        [
            0.008655227720737457,
            -0.028267526999115944,
            -0.007713442202657461
        ],
        [
            -0.017238568514585495,
            -0.010408585891127586,
            -0.011608847416937351
        ],
        [
            -0.020266631618142128,
            0.012428056448698044,
            -0.014707574620842934
        ],
        [
            -0.013890339061617851,
            0.03528926521539688,
            -0.023606395348906517
        ],
        [
            0.012410372495651245,
            -0.013792233541607857,
            0.014384327456355095
        ],
        [
            -0.003824567422270775,
            0.0071843694895505905,
            0.003140268847346306
        ],
        [
            -0.008184384554624557,
            0.03043673187494278,
            -0.004233751446008682
        ],
        [
            -0.009024582803249359,
            0.05159563571214676,
            -0.01789860799908638
        ],
        [
            0.01723986119031906,
            0.0015952452085912228,
            0.02901485562324524
        ],
        [
            0.007045128382742405,
            0.015613015741109848,
            0.01701696775853634
        ],
        [
            0.0030086571350693703,
            0.03121696226298809,
            0.007130812853574753
        ],
        [
            0.0020716292783617973,
            0.046329911798238754,
            -0.008066074922680855
        ]
    ],
    "pred_vertices": [
        [
            0.05098859593272209,
            -0.003621874377131462,
            -0.022237727418541908
        ],
        [
            0.0610676072537899,
            0.00164114311337471,
            -0.018972070887684822
        ],
        [
            0.05444841459393501,
            0.002205364406108856,
            -0.022555183619260788
        ],
        [
            0.046621277928352356,
            -0.004590926691889763,
            -0.028277883306145668
        ],
        [
            0.06716334074735641,
            0.019528832286596298,
            -0.022196343168616295
        ],
        [
            0.07402511686086655,
            0.02156206965446472,
            -0.03182469680905342
        ],
        [
            0.05793217569589615,
            0.021492231637239456,
            -0.03548126295208931
        ],
        [
            0.05474540591239929,
            0.020816795527935028,
            -0.025797482579946518
        ],
        [
            0.04238606244325638,
            -0.006288811564445496,
            -0.03150061517953873
        ],
        [
            0.047854069620370865,
            0.003217063844203949,
            -0.0256150271743536
        ],
        [
            0.041274912655353546,
            -0.007921777665615082,
            -0.0313313864171505
        ],
        [
            0.039670296013355255,
            -0.022856127470731735,
            -0.036398209631443024
        ],
        [
            0.038377270102500916,
            -0.016699105501174927,
            -0.035701096057891846
        ],
        [
            0.03518518805503845,
            -0.03016301430761814,
            -0.03704220801591873
        ],
        [
            0.0478205569088459,
            -0.028533801436424255,
            -0.03431621566414833
        ],
        [
            0.036570772528648376,
            -0.037509214133024216,
            -0.03140328824520111
        ],
        [
            0.0538923516869545,
            -0.032571978867053986,
            -0.0079554608091712
        ],
        [
            0.053433388471603394,
            -0.02785607799887657,
            0.004893707111477852
        ],
        [
            0.03661071136593819,
            -0.03405580297112465,
            0.0039092861115932465
        ],
        [
            0.03869173303246498,
            -0.03733573108911514,
            -0.00943680014461279
        ],
        [
            0.03940751776099205,
            -0.021309886127710342,
            0.02036963775753975
        ],
        [
            0.037023577839136124,
            -0.02854938991367817,
            0.011222944594919682
        ],
        [
            0.05425499007105827,
            -0.023522861301898956,
            0.012759189121425152
        ],
        [
            0.05560097098350525,
            -0.017030492424964905,
            0.020537853240966797
        ],
        [
            0.05503595992922783,
            0.0016202684491872787,
            -0.00895736925303936
        ],
        [
            0.06467332690954208,
            0.006609305739402771,
            -0.007319955620914698
        ],
        [
            0.06462158262729645,
            0.003262411803007126,
            -0.012128540314733982
        ],
        [
            0.05478721857070923,
            -0.0007240399718284607,
            -0.013925856910645962
        ],
        [
            0.039604708552360535,
            -0.0025112698785960674,
            -0.03693237900733948
        ],
        [
            0.05160552263259888,
            -0.012781336903572083,
            -0.03919515013694763
        ],
        [
            0.04547211527824402,
            -0.012990833260118961,
            -0.03513960540294647
        ],
        [
            0.03746560215950012,
            0.00039173755794763565,
            -0.03266414254903793
        ],
        [
            0.08320215344429016,
            0.02682318724691868,
            0.0023467526771128178
        ],
        [
            0.09644103795289993,
            0.025446709245443344,
            0.004783264361321926
        ],
        [
            0.09781499952077866,
            0.02284228801727295,
            -0.00041060056537389755
        ],
        [
            0.0856403112411499,
            0.02413986064493656,
            -0.0015112534165382385
        ],
        [
            0.09366399049758911,
            0.01929517090320587,
            -0.02207045629620552
        ],
        [
            0.10258342325687408,
            0.016206830739974976,
            -0.016835911199450493
        ],
        [
            0.11132825911045074,
            0.007767699658870697,
            -0.0210566408932209
        ],
        [
            0.10205308347940445,
            0.008174002170562744,
            -0.027686186134815216
        ],
        [
            0.08398480713367462,
            0.020747441798448563,
            -0.02763891965150833
        ],
        [
            0.09096456319093704,
            0.01301455870270729,
            -0.03502187132835388
        ],
        [
            0.07824823260307312,
            0.015545068308711052,
            -0.03997257351875305
        ],
        [
            0.05984458327293396,
            0.016943590715527534,
            -0.04305368661880493
        ],
        [
            0.09448513388633728,
            0.028239533305168152,
            0.01708735153079033
        ],
        [
            0.08442508429288864,
            0.030205655843019485,
            0.01695329323410988
        ],
        [
            -0.003031068481504917,
            -0.010195761919021606,
            -0.041397228837013245
        ],
        [
            -0.003721617627888918,
            -0.008112715557217598,
            -0.03576485067605972
        ],
        [
            -0.000179314985871315,
            -0.010050153359770775,
            -0.03571635112166405
        ],
        [
            -0.0003360118716955185,
            -0.012014336884021759,
            -0.04115520417690277
        ],
        [
            0.08875073492527008,
            0.017166350036859512,
            0.03295063227415085
        ],
        [
            0.09065539389848709,
            0.0077202338725328445,
            0.03570342808961868
        ],
        [
            0.09681256860494614,
            0.011453608050942421,
            0.036660335958004
        ],
        [
            0.09584406018257141,
            0.01973101496696472,
            0.03241955488920212
        ],
        [
            0.07940205931663513,
            0.013717418536543846,
            0.03360643610358238
        ],
        [
            0.08204329013824463,
            0.0028246939182281494,
            0.033749014139175415
        ],
        [
            -0.012310564517974854,
            -0.018580637872219086,
            -0.04403645172715187
        ],
        [
            -0.008572140708565712,
            -0.01551799662411213,
            -0.04595937207341194
        ],
        [
            -0.0059508876875042915,
            -0.019702231511473656,
            -0.04503469169139862
        ],
        [
            -0.008812326937913895,
            -0.023189129307866096,
            -0.04213136434555054
        ],
        [
            0.03961442410945892,
            -0.011457445099949837,
            -0.0323028527200222
        ],
        [
            0.04203575849533081,
            -0.007491361349821091,
            -0.025116033852100372
        ],
        [
            0.025328177958726883,
            -0.01870352029800415,
            -0.03312980383634567
        ],
        [
            0.031156711280345917,
            -0.015109313651919365,
            -0.029165495187044144
        ],
        [
            0.03356778249144554,
            -0.01804470643401146,
            -0.034689873456954956
        ],
        [
            0.028471093624830246,
            -0.02170678973197937,
            -0.03731103986501694
        ],
        [
            0.033794526010751724,
            -0.006137382239103317,
            -0.007651775609701872
        ],
        [
            0.044582683593034744,
            -0.0020388606935739517,
            -0.006732093170285225
        ],
        [
            0.04362376034259796,
            -0.005014354363083839,
            -0.012552251107990742
        ],
        [
            0.03184016793966293,
            -0.00931442342698574,
            -0.015426022931933403
        ],
        [
            0.04387955740094185,
            0.006119074299931526,
            0.004733582492917776
        ],
        [
            0.03358594700694084,
            0.0009183641523122787,
            0.003156218444928527
        ],
        [
            0.03467317670583725,
            0.006125854328274727,
            0.009842190891504288
        ],
        [
            0.04136216267943382,
            0.00981045886874199,
            0.00935328844934702
        ],
        [
            0.01730353757739067,
            -0.009728197008371353,
            -0.0024309069849550724
        ],
        [
            0.012858625501394272,
            -0.012490050867199898,
            -0.0033559217117726803
        ],
        [
            0.012752631679177284,
            -0.009922413155436516,
            -0.0011607613414525986
        ],
        [
            0.017814695835113525,
            -0.007818669080734253,
            0.0004943403182551265
        ],
        [
            0.1033361405134201,
            0.014044534415006638,
            0.03764919191598892
        ],
        [
            0.10285075753927231,
            0.02145865559577942,
            0.031328100711107254
        ],
        [
            0.041124992072582245,
            -0.005178578197956085,
            0.03531269356608391
        ],
        [
            0.044332750141620636,
            0.00541248545050621,
            0.0370103158056736
        ],
        [
            0.03127172589302063,
            0.004111221991479397,
            0.037104733288288116
        ],
        [
            0.030653133988380432,
            -0.008142229169607162,
            0.03605968505144119
        ],
        [
            0.09193995594978333,
            -0.001971965655684471,
            0.03244371339678764
        ],
        [
            0.09805428236722946,
            0.0016003046184778214,
            0.03572436422109604
        ],
        [
            -0.01544620469212532,
            -0.019968315958976746,
            -0.038731299340724945
        ],
        [
            -0.011474598199129105,
            -0.024116594344377518,
            -0.036700643599033356
        ],
        [
            0.0830409973859787,
            0.0026346631348133087,
            -0.04228227958083153
        ],
        [
            0.061594799160957336,
            0.007939055562019348,
            -0.047226451337337494
        ],
        [
            0.09764860570430756,
            -0.0008227452635765076,
            -0.03370453044772148
        ],
        [
            0.10644921660423279,
            -0.0034687966108322144,
            -0.025075837969779968
        ],
        [
            0.11464262753725052,
            -0.0039131417870521545,
            -0.019410640001296997
        ],
        [
            0.026828523725271225,
            -0.014397107996046543,
            -0.024362370371818542
        ],
        [
            0.046408891677856445,
            -0.004771763458848,
            -0.017682597041130066
        ],
        [
            0.05496501922607422,
            0.004224464297294617,
            -0.004546091426163912
        ],
        [
            0.04857773706316948,
            0.02182905003428459,
            0.019774537533521652
        ],
        [
            0.058063849806785583,
            0.025804562494158745,
            0.019865144044160843
        ],
        [
            0.05567992851138115,
            0.02107846736907959,
            0.010557884350419044
        ],
        [
            0.04800143837928772,
            0.01801922172307968,
            0.012683756649494171
        ],
        [
            0.04251407831907272,
            0.014885736629366875,
            0.03382387384772301
        ],
        [
            0.04034406691789627,
            0.018057551234960556,
            0.026798035949468613
        ],
        [
            0.03332028165459633,
            0.015259132720530033,
            0.026561105623841286
        ],
        [
            0.032993584871292114,
            0.012262859381735325,
            0.03354177623987198
        ],
        [
            0.04162311553955078,
            -0.0015025390312075615,
            -0.043875861912965775
        ],
        [
            0.05688081309199333,
            -0.01072300411760807,
            -0.04336969926953316
        ],
        [
            0.08727067708969116,
            0.025433961302042007,
            0.026542464271187782
        ],
        [
            0.09481237828731537,
            0.02602539397776127,
            0.024573203176259995
        ],
        [
            0.10333316028118134,
            0.025809161365032196,
            0.024963807314634323
        ],
        [
            0.07448821514844894,
            0.016701050102710724,
            -0.0042512072250247
        ],
        [
            0.08736663311719894,
            0.022373799234628677,
            -0.004358110949397087
        ],
        [
            0.0875767320394516,
            0.02072286792099476,
            -0.00865412037819624
        ],
        [
            0.07541676610708237,
            0.013775380328297615,
            -0.006779314484447241
        ],
        [
            0.06984207034111023,
            0.009711630642414093,
            -0.01566324196755886
        ],
        [
            0.07898017764091492,
            0.018554016947746277,
            -0.01834695413708687
        ],
        [
            0.06009598821401596,
            0.011520924046635628,
            -0.017525488510727882
        ],
        [
            0.10119813680648804,
            0.01983366534113884,
            -0.0073816003277897835
        ],
        [
            0.10798075795173645,
            0.023981060832738876,
            0.000473756343126297
        ],
        [
            0.11056004464626312,
            0.0196730587631464,
            -0.006855925545096397
        ],
        [
            0.10606972873210907,
            0.026746822521090508,
            0.009639071300625801
        ],
        [
            0.10431142151355743,
            0.0277420561760664,
            0.018266847357153893
        ],
        [
            0.10552936792373657,
            0.0025676582008600235,
            0.039661891758441925
        ],
        [
            0.11218186467885971,
            0.014478635042905807,
            -0.013036385178565979
        ],
        [
            0.046178240329027176,
            0.020610468462109566,
            -0.029495708644390106
        ],
        [
            0.03835213556885719,
            0.020843911916017532,
            -0.03330780565738678
        ],
        [
            0.036572396755218506,
            0.015487968921661377,
            -0.028200678527355194
        ],
        [
            0.04377487674355507,
            0.014539381489157677,
            -0.024282559752464294
        ],
        [
            0.02748890593647957,
            -0.034148018807172775,
            -0.03767857700586319
        ],
        [
            0.02812647819519043,
            -0.026808638125658035,
            -0.03939832001924515
        ],
        [
            0.0354396253824234,
            -0.02317315712571144,
            -0.03808533027768135
        ],
        [
            0.07219152897596359,
            0.026009853929281235,
            0.00605667382478714
        ],
        [
            0.07372895628213882,
            0.029114488512277603,
            0.018191631883382797
        ],
        [
            0.021153727546334267,
            -0.018106987699866295,
            -0.028163982555270195
        ],
        [
            -0.005599816329777241,
            -0.02708631195127964,
            -0.040732935070991516
        ],
        [
            -0.0023118173703551292,
            -0.0234508253633976,
            -0.04427795484662056
        ],
        [
            0.014071738347411156,
            -0.03065008483827114,
            -0.04120040684938431
        ],
        [
            0.010278508067131042,
            -0.03509054705500603,
            -0.03726421669125557
        ],
        [
            0.013198701664805412,
            -0.02184063382446766,
            -0.02334640547633171
        ],
        [
            0.01790390908718109,
            -0.0184854157269001,
            -0.0275720227509737
        ],
        [
            0.015950853005051613,
            -0.018665842711925507,
            -0.02684163860976696
        ],
        [
            0.011141113005578518,
            -0.019868604838848114,
            -0.02237747423350811
        ],
        [
            0.016254646703600883,
            -0.004624406807124615,
            0.005573911592364311
        ],
        [
            0.020227709785103798,
            -0.002673700451850891,
            0.006751940585672855
        ],
        [
            0.02270754612982273,
            -0.03798369690775871,
            -0.01201788242906332
        ],
        [
            0.027435924857854843,
            -0.04474647343158722,
            -0.022891711443662643
        ],
        [
            0.039625752717256546,
            -0.04034290462732315,
            -0.021228551864624023
        ],
        [
            0.0344790481030941,
            -0.0022429954260587692,
            -0.001344852615147829
        ],
        [
            0.024847880005836487,
            -0.005590209737420082,
            -0.0015480772126466036
        ],
        [
            0.025044240057468414,
            -0.0035853311419487,
            0.0019775349646806717
        ],
        [
            0.02305746264755726,
            -0.015005786903202534,
            -0.021583497524261475
        ],
        [
            0.017713148146867752,
            -0.018465707078576088,
            -0.023195771500468254
        ],
        [
            0.01844879612326622,
            -0.016923345625400543,
            -0.01913365349173546
        ],
        [
            0.023828167468309402,
            -0.012912435457110405,
            -0.016767267137765884
        ],
        [
            0.05732820928096771,
            0.007889037020504475,
            0.03696172311902046
        ],
        [
            0.05462925136089325,
            0.018819687888026237,
            0.03364675119519234
        ],
        [
            -0.004999421536922455,
            -0.01266256533563137,
            -0.04500493034720421
        ],
        [
            -0.002482770010828972,
            -0.015621187165379524,
            -0.044594503939151764
        ],
        [
            0.045011505484580994,
            0.0017603486776351929,
            -0.0006392477080225945
        ],
        [
            0.0529552586376667,
            -0.033587709069252014,
            -0.019550248980522156
        ],
        [
            0.05482961982488632,
            0.0073066409677267075,
            -1.4609191566705704e-05
        ],
        [
            0.01877778209745884,
            -0.013689876534044743,
            0.022220660001039505
        ],
        [
            0.017040761187672615,
            -0.005308974999934435,
            0.020251883193850517
        ],
        [
            0.014307955279946327,
            -0.004471011459827423,
            0.017926955595612526
        ],
        [
            0.012708412483334541,
            -0.009913336485624313,
            0.018936770036816597
        ],
        [
            -0.002028166316449642,
            -0.015250013209879398,
            -0.0249373447149992
        ],
        [
            0.00036133546382188797,
            -0.01176062598824501,
            -0.029034992679953575
        ],
        [
            -0.0021275198087096214,
            -0.01018303632736206,
            -0.029788300395011902
        ],
        [
            -0.005634782835841179,
            -0.013206914067268372,
            -0.026066875085234642
        ],
        [
            0.020951803773641586,
            -0.018641095608472824,
            -0.03264817222952843
        ],
        [
            0.023090388625860214,
            -0.021512724459171295,
            -0.03789203613996506
        ],
        [
            0.018277961760759354,
            -0.0197928324341774,
            -0.0376569889485836
        ],
        [
            0.016969989985227585,
            -0.018235281109809875,
            -0.031941890716552734
        ],
        [
            0.022364305332303047,
            -0.02684171125292778,
            -0.04028048738837242
        ],
        [
            0.017223741859197617,
            -0.025088895112276077,
            -0.04109841212630272
        ],
        [
            -0.005369734950363636,
            -0.02069815620779991,
            -0.024270500987768173
        ],
        [
            -0.007991096004843712,
            -0.026139523833990097,
            -0.028716737404465675
        ],
        [
            0.006147370208054781,
            -0.03300843760371208,
            -0.02380177192389965
        ],
        [
            0.006255893036723137,
            -0.025592468678951263,
            -0.02123207040131092
        ],
        [
            0.07077772915363312,
            -0.01446225494146347,
            0.021731095388531685
        ],
        [
            0.07011497765779495,
            -0.006716391071677208,
            0.029666248708963394
        ],
        [
            0.054937105625867844,
            -0.009256199933588505,
            0.028895068913698196
        ],
        [
            0.03957502171397209,
            -0.012491360306739807,
            0.02928686887025833
        ],
        [
            0.0254578348249197,
            -0.01499307993799448,
            0.0279409009963274
        ],
        [
            0.025619758293032646,
            -0.02510874904692173,
            0.020872998982667923
        ],
        [
            0.05592668801546097,
            -0.002888972871005535,
            0.03408234566450119
        ],
        [
            0.01363900676369667,
            -0.028109658509492874,
            -0.017824718728661537
        ],
        [
            0.015891991555690765,
            -0.03651289641857147,
            -0.019897010177373886
        ],
        [
            0.015907179564237595,
            -0.03351399675011635,
            -0.015151559375226498
        ],
        [
            0.0534907802939415,
            0.01240668073296547,
            0.005250653717666864
        ],
        [
            0.0006756316870450974,
            -0.01899774745106697,
            -0.04453233256936073
        ],
        [
            0.10590952634811401,
            -0.018306009471416473,
            -0.004829412326216698
        ],
        [
            0.10363395512104034,
            -0.01784425601363182,
            0.008799869567155838
        ],
        [
            0.09595359116792679,
            -0.019799478352069855,
            0.004966204985976219
        ],
        [
            0.09795279055833817,
            -0.01941850781440735,
            -0.011108355596661568
        ],
        [
            0.0023286808282136917,
            -0.011296456679701805,
            -0.035732705146074295
        ],
        [
            0.0028836755082011223,
            -0.013876187615096569,
            -0.04154817759990692
        ],
        [
            0.019437452778220177,
            0.0016261013224720955,
            0.011324678547680378
        ],
        [
            0.015920236706733704,
            -0.0010427329689264297,
            0.010090435855090618
        ],
        [
            0.015664998441934586,
            -0.00010353000834584236,
            0.01357588917016983
        ],
        [
            0.01759546995162964,
            0.003896813839673996,
            0.014632348902523518
        ],
        [
            0.0710531696677208,
            -0.0019078431650996208,
            0.0331319123506546
        ],
        [
            0.02366652898490429,
            0.00823392253369093,
            0.03405945748090744
        ],
        [
            0.02253318578004837,
            -0.0042315395548939705,
            0.03365214169025421
        ],
        [
            0.08318334072828293,
            -0.004901641979813576,
            0.030059408396482468
        ],
        [
            0.08399713784456253,
            -0.01214500144124031,
            0.023597152903676033
        ],
        [
            0.09337722510099411,
            -0.010245946235954762,
            0.025477854534983635
        ],
        [
            0.020331429317593575,
            -0.0299951434135437,
            0.007498056627810001
        ],
        [
            0.06919903308153152,
            -0.019840138033032417,
            0.0151334498077631
        ],
        [
            0.08320704847574234,
            -0.016462046653032303,
            0.017346546053886414
        ],
        [
            0.09436256438493729,
            -0.014391799457371235,
            0.019317932426929474
        ],
        [
            0.10225170850753784,
            -0.013182226568460464,
            0.02165178954601288
        ],
        [
            0.10035303235054016,
            -0.00861405674368143,
            0.028080454096198082
        ],
        [
            -0.007586841471493244,
            -0.027531823143363,
            -0.03474211320281029
        ],
        [
            -0.01274171844124794,
            -0.022363819181919098,
            -0.029981477186083794
        ],
        [
            0.10840989649295807,
            -0.007983516901731491,
            0.03216598182916641
        ],
        [
            0.11016292124986649,
            -0.012590589933097363,
            0.024354100227355957
        ],
        [
            0.08308608829975128,
            -0.020662041381001472,
            0.009156865067780018
        ],
        [
            0.08278647065162659,
            -0.02437177486717701,
            -0.0021702107042074203
        ],
        [
            0.06951575726270676,
            -0.023577813059091568,
            0.007245264016091824
        ],
        [
            0.06824591755867004,
            -0.02774370089173317,
            -0.0036659687757492065
        ],
        [
            0.02400573156774044,
            -0.039164647459983826,
            0.0017513418570160866
        ],
        [
            -0.02188829891383648,
            -0.0058115385472774506,
            -0.0317675843834877
        ],
        [
            -0.015294035896658897,
            -0.014302721247076988,
            -0.028006989508867264
        ],
        [
            -0.010616417042911053,
            -0.010872399434447289,
            -0.027300836518406868
        ],
        [
            -0.01874871551990509,
            -0.0039102062582969666,
            -0.029534168541431427
        ],
        [
            -0.009539032354950905,
            -0.017591478303074837,
            -0.02579762600362301
        ],
        [
            -0.01682630367577076,
            -0.018075017258524895,
            -0.03203192725777626
        ],
        [
            0.0675349235534668,
            -0.02809777297079563,
            -0.01905638910830021
        ],
        [
            0.013588348403573036,
            -0.020013660192489624,
            -0.020084673538804054
        ],
        [
            0.08292481303215027,
            -0.021758250892162323,
            -0.021482137963175774
        ],
        [
            0.060251422226428986,
            -0.025776956230401993,
            -0.03396913781762123
        ],
        [
            0.07060585916042328,
            -0.0184306800365448,
            -0.03674956038594246
        ],
        [
            0.0985368937253952,
            -0.013687821105122566,
            -0.025303754955530167
        ],
        [
            0.0848693996667862,
            -0.01092616468667984,
            -0.037963394075632095
