{
    "pred_cam": [
        9.232438087463379,
        -0.041566506028175354,
        -0.002238728106021881
    ],
    "pred_mano_params": {
        "global_orient": [
            [
                [
                    0.8947405219078064,
                    0.2506164014339447,
                    0.36963605880737305
                ],
                [
                    0.3780292570590973,
                    -0.8657034039497375,
                    -0.3281027674674988
                ],
                [
                    0.237767294049263,
                    0.43330007791519165,
                    -0.869320273399353
                ]
            ]
        ],
        "hand_pose": [
            [
                [
                    0.691114604473114,
                    -0.695598840713501,
                    -0.19622169435024261
                ],
                [
                    0.6585274934768677,
                    0.717933177947998,
                    -0.22564008831977844
                ],
                [
                    0.2978290319442749,
                    0.026725757867097855,
                    0.9542450904846191
                ]
            ],
            [
                [
                    0.7605581879615784,
                    -0.6337847709655762,
                    0.14095410704612732
                ],
                [
                    0.6424568295478821,
                    0.7032614350318909,
                    -0.30442163348197937
                ],
                [
                    0.09381019324064255,
                    0.3220873177051544,
                    0.942050576210022
                ]
            ],
            [
                [
                    0.8514227271080017,
                    -0.5236839056015015,
                    0.02888832986354828
                ],
                [
                    0.5176016688346863,
                    0.8478721380233765,
                    0.11489733308553696
                ],
                [
                    -0.0846634954214096,
                    -0.08287355303764343,
                    0.9929572939872742
                ]
            ],
            [
                [
                    0.4078494608402252,
                    -0.8690827488899231,
                    -0.27991774678230286
                ],
                [
                    0.8984681963920593,
                    0.436581015586853,
                    -0.04638952761888504
                ],
                [
                    0.16252310574054718,
                    -0.23257723450660706,
                    0.9589025378227234
                ]
            ],
            [
                [
                    0.8348140716552734,
                    -0.49869078397750854,
                    -0.23322294652462006
                ],
                [
                    0.5351681709289551,
                    0.8344823718070984,
                    0.13127905130386353
                ],
                [
                    0.1291527897119522,
                    -0.23440711200237274,
                    0.9635210633277893
                ]
            ],
            [
                [
                    0.8396444320678711,
                    -0.5264397859573364,
                    0.13363543152809143
                ],
                [
                    0.5292192101478577,
                    0.8483204245567322,
                    0.01671508327126503
                ],
                [
                    -0.12216516584157944,
                    0.05668770894408226,
                    0.9908895492553711
                ]
            ],
            [
                [
                    0.4352889358997345,
                    -0.8991870284080505,
                    -0.04456770420074463
                ],
                [
                    0.6590204238891602,
                    0.2845178544521332,
                    0.6962339878082275
                ],
                [
                    -0.6133642196655273,
                    -0.3324339687824249,
                    0.716430127620697
                ]
            ],
            [
                [
                    0.9492038488388062,
                    -0.26883405447006226,
                    -0.16352449357509613
                ],
                [
                    0.28605979681015015,
                    0.9537321925163269,
                    0.09254495799541473
                ],
                [
                    0.13107936084270477,
                    -0.13462182879447937,
                    0.982188880443573
                ]
            ],
            [
                [
                    0.9708874225616455,
                    -0.1728348731994629,
                    0.16584815084934235
                ],
                [
                    0.0827111080288887,
                    0.8916795253753662,
                    0.44504663348197937
                ],
                [
                    -0.22480298578739166,
                    -0.4183727502822876,
                    0.8800157904624939
                ]
            ],
            [
                [
                    0.25614601373672485,
                    -0.9655972123146057,
                    -0.04484793171286583
                ],
                [
                    0.9594129920005798,
                    0.24829566478729248,
                    0.13370101153850555
                ],
                [
                    -0.11796576529741287,
                    -0.07727466523647308,
                    0.9900064468383789
                ]
            ],
            [
                [
                    0.9622114896774292,
                    -0.2628611922264099,
                    -0.07108534127473831
                ],
                [
                    0.26946917176246643,
                    0.8816119432449341,
                    0.3874876797199249
                ],
                [
                    -0.03918581083416939,
                    -0.39200037717819214,
                    0.9191301465034485
                ]
            ],
            [
                [
                    0.8815256953239441,
                    -0.43859148025512695,
                    0.1747858226299286
                ],
                [
                    0.3911350667476654,
                    0.8857460021972656,
                    0.24993473291397095
                ],
                [
                    -0.2644350826740265,
                    -0.15195900201797485,
                    0.9523563385009766
                ]
            ],
            [
                [
                    0.886775016784668,
                    -0.3411964178085327,
                    -0.31179341673851013
                ],
                [
                    -0.21830987930297852,
                    0.28540146350860596,
                    -0.9332132339477539
                ],
                [
                    0.40739527344703674,
                    0.8956177234649658,
                    0.17860034108161926
                ]
            ],
            [
                [
                    0.9403296113014221,
                    -0.3396628201007843,
                    -0.020236508920788765
                ],
                [
                    0.2995165288448334,
                    0.7980339527130127,
                    0.522907018661499
                ],
                [
                    -0.16146261990070343,
                    -0.49776604771614075,
                    0.8521496057510376
                ]
            ],
            [
                [
                    0.9866742491722107,
                    0.12165335565805435,
                    0.10804766416549683
                ],
                [
                    -0.10217856615781784,
                    0.9800634384155273,
                    -0.17039723694324493
                ],
                [
                    -0.12662295997142792,
                    0.15708643198013306,
                    0.9794337153434753
                ]
            ]
        ],
        "betas": [
            0.05543890595436096,
            -0.019384950399398804,
            -0.03628161549568176,
            -0.06356170773506165,
            -0.05971503257751465,
            -0.05221978574991226,
            0.01789155602455139,
            -0.05309721827507019,
            0.029617205262184143,
            -0.0443442165851593
        ]
    },
    "pred_cam_t": [
        -0.041566506028175354,
        -0.002238728106021881,
        4.231005668640137
    ],
    "focal_length": [
        5000.0,
        5000.0
    ],
    "pred_keypoints_3d": [
        [
            0.09543972462415695,
            0.006344727706164122,
            0.00618788693100214
        ],
        [
            0.07956092059612274,
            0.002258848864585161,
            -0.028518591076135635
        ],
        [
            0.05164780095219612,
            0.008957091718912125,
            -0.03938869759440422
        ],
        [
            0.0258106030523777,
            0.01542101800441742,
            -0.04411914199590683
        ],
        [
            -0.005735945887863636,
            0.022475827485322952,
            -0.0600857250392437
        ],
        [
            0.02318282425403595,
            -0.029109075665473938,
            -0.034802526235580444
        ],
        [
            -0.007447382435202599,
            -0.019896119832992554,
            -0.04270191118121147
        ],
        [
            -0.015550481155514717,
            0.0005845949053764343,
            -0.0451049767434597
        ],
        [
            -0.013649565167725086,
            0.02528320625424385,
            -0.045222751796245575
        ],
        [
            0.009371474385261536,
            -0.026966433972120285,
            -0.013957577757537365
        ],
        [
            -0.012819536030292511,
            -0.004970574751496315,
            -0.01925082877278328
        ],
        [
            -0.01443425752222538,
            0.018061835318803787,
            -0.021937450394034386
        ],
        [
            -0.007610399276018143,
            0.041310541331768036,
            -0.029683344066143036
        ],
        [
            0.011680550873279572,
            -0.01232653483748436,
            0.008214033208787441
        ],
        [
            -0.003921962343156338,
            0.008491495624184608,
            -0.004161207005381584
        ],
        [
            -0.006161758676171303,
            0.03198021650314331,
            -0.011705294251441956
        ],
        [
            -0.0025032879784703255,
            0.052821084856987,
            -0.025248197838664055
        ],
        [
            0.015647605061531067,
            0.0031265062279999256,
            0.023021556437015533
        ],
        [
            0.005030161701142788,
            0.017234785482287407,
            0.011503441259264946
        ],
        [
            0.0011266269721090794,
            0.03320454806089401,
            0.0021606795489788055
        ],
        [
            0.0019203233532607555,
            0.047670476138591766,
            -0.01260162889957428
        ]
    ],
    "pred_vertices": [
        [
            0.053170837461948395,
            -0.003112785518169403,
            -0.025318657979369164
        ],
        [
            0.06316254287958145,
            0.0021290332078933716,
            -0.02129826322197914
        ],
        [
            0.056901998817920685,
            0.0028527118265628815,
            -0.025256801396608353
        ],
        [
            0.04930693283677101,
            -0.004016358405351639,
            -0.031565744429826736
        ],
        [
            0.0699959397315979,
            0.019846750423312187,
            -0.024577679112553596
        ],
        [
            0.07745771110057831,
            0.021427469328045845,
            -0.033851318061351776
        ],
        [
            0.06153035908937454,
            0.021581506356596947,
            -0.038466401398181915
        ],
        [
            0.0578693151473999,
            0.02129952982068062,
            -0.028903156518936157
        ],
        [
            0.045375168323516846,
            -0.005631603300571442,
            -0.03491557762026787
        ],
        [
            0.05062732845544815,
            0.003960125148296356,
            -0.02871079370379448
        ],
        [
            0.04431542754173279,
            -0.007252426818013191,
            -0.03451445698738098
        ],
        [
            0.04260601848363876,
            -0.02232407033443451,
            -0.03986682742834091
        ],
        [
            0.041398584842681885,
            -0.016139311715960503,
            -0.03946453705430031
        ],
        [
            0.037982795387506485,
            -0.029615405946969986,
            -0.04096420109272003
        ],
        [
            0.050418220460414886,
            -0.028165696188807487,
            -0.037124235183000565
        ],
        [
            0.03881049156188965,
            -0.0369231253862381,
            -0.0351458415389061
        ],
        [
            0.05436352267861366,
            -0.03205297887325287,
            -0.01064339466392994
        ],
        [
            0.05302539840340614,
            -0.027174029499292374,
            0.0020434539765119553
        ],
        [
            0.036080047488212585,
            -0.03322434052824974,
            -0.0001263115555047989
        ],
        [
            0.03916016221046448,
            -0.03665225952863693,
            -0.013231524266302586
        ],
        [
            0.03805093094706535,
            -0.02017691358923912,
            0.01629452407360077
        ],
        [
            0.03614581748843193,
            -0.02755323052406311,
            0.007106528617441654
        ],
        [
            0.053341787308454514,
            -0.022749319672584534,
            0.009900311939418316
        ],
        [
            0.054231107234954834,
            -0.016169333830475807,
            0.017679713666439056
        ],
        [
            0.0562482550740242,
            0.002134457230567932,
            -0.011938869953155518
        ],
        [
            0.06584674119949341,
            0.006995454430580139,
            -0.009608223102986813
        ],
        [
            0.06614014506340027,
            0.0036581456661224365,
            -0.014322871342301369
        ],
        [
            0.05634736269712448,
            -0.00023414380848407745,
            -0.01685028150677681
        ],
        [
            0.04281671717762947,
            -0.0020796218886971474,
            -0.03980076313018799
        ],
        [
            0.05480130389332771,
            -0.012586995959281921,
            -0.041656944900751114
        ],
        [
            0.04853222519159317,
            -0.012538465671241283,
            -0.037945233285427094
        ],
        [
            0.04063661769032478,
            0.00101493950933218,
            -0.03570135682821274
        ],
        [
            0.08390840142965317,
            0.026978980749845505,
            0.0012016668915748596
        ],
        [
            0.09689434617757797,
            0.025411780923604965,
            0.004659907892346382
        ],
        [
            0.09861975908279419,
            0.022718537598848343,
            -0.0003902018070220947
        ],
        [
            0.08659881353378296,
            0.024210557341575623,
            -0.0024415822699666023
        ],
        [
            0.0961526483297348,
            0.018961016088724136,
            -0.022429853677749634
        ],
        [
            0.10452095419168472,
            0.01576610840857029,
            -0.01638444885611534
        ],
        [
            0.11338382959365845,
            0.007124699652194977,
            -0.019808920100331306
        ],
        [
            0.10465255379676819,
            0.007567126303911209,
            -0.027187395840883255
        ],
        [
            0.0870666652917862,
            0.020550653338432312,
            -0.028874937444925308
        ],
        [
            0.0942806750535965,
            0.012461632490158081,
            -0.03554874286055565
        ],
        [
            0.08192826062440872,
            0.015044903382658958,
            -0.04161073639988899
        ],
        [
            0.06357786059379578,
            0.01673329807817936,
            -0.0458262637257576
        ],
        [
            0.09404756873846054,
            0.02838936448097229,
            0.016743730753660202
        ],
        [
            0.08406292647123337,
            0.030512720346450806,
            0.015815369784832
        ],
        [
            -0.0001093083992600441,
            -0.009576672688126564,
            -0.047675710171461105
        ],
        [
            -0.0010387478396296501,
            -0.007543595507740974,
            -0.042037636041641235
        ],
        [
            0.002538289874792099,
            -0.009443271905183792,
            -0.041946325451135635
        ],
        [
            0.00261556264013052,
            -0.011374954134225845,
            -0.047378115355968475
        ],
        [
            0.0869128629565239,
            0.017604578286409378,
            0.032233141362667084
        ],
        [
            0.08843302726745605,
            0.008164417929947376,
            0.035232629626989365
        ],
        [
            0.09455960988998413,
            0.011812260374426842,
            0.03662175312638283
        ],
        [
            0.09406817704439163,
            0.02005193382501602,
            0.032223496586084366
        ],
        [
            0.07748354971408844,
            0.014316334389150143,
            0.032196979969739914
        ],
        [
            0.07991436123847961,
            0.0033873822540044785,
            0.03267147019505501
        ],
        [
            -0.009225290268659592,
            -0.018029412254691124,
            -0.05069100856781006
        ],
        [
            -0.005432352423667908,
            -0.014918124303221703,
            -0.05247657746076584
        ],
        [
            -0.002791689708828926,
            -0.01910366117954254,
            -0.0514555349946022
        ],
        [
            -0.005727395415306091,
            -0.022666387259960175,
            -0.04864165186882019
        ],
        [
            0.04244173318147659,
            -0.01090596430003643,
            -0.03616105765104294
        ],
        [
            0.044363461434841156,
            -0.006917240098118782,
            -0.028905564919114113
        ],
        [
            0.028004029765725136,
            -0.01796913519501686,
            -0.03823787346482277
        ],
        [
            0.03367909416556358,
            -0.014422934502363205,
            -0.033758118748664856
        ],
        [
            0.03643469884991646,
            -0.01744835264980793,
            -0.03905283287167549
        ],
        [
            0.03138444572687149,
            -0.021099042147397995,
            -0.04210580885410309
        ],
        [
            0.03482535108923912,
            -0.005260096862912178,
            -0.012191669084131718
        ],
        [
            0.045580074191093445,
            -0.0013314168900251389,
            -0.010497042909264565
        ],
        [
            0.045017801225185394,
            -0.0043476652354002,
            -0.01633131317794323
        ],
        [
            0.03342271223664284,
            -0.008494973182678223,
            -0.020057503134012222
        ],
        [
            0.04412822425365448,
            0.006956387311220169,
            0.0008014538325369358
        ],
        [
            0.03387755900621414,
            0.0019241925328969955,
            -0.0015067900530993938
        ],
        [
            0.03449837118387222,
            0.007175775244832039,
            0.0052007026970386505
        ],
        [
            0.041310444474220276,
            0.010735170915722847,
            0.005180913954973221
        ],
        [
            0.018036508932709694,
            -0.008745330385863781,
            -0.008228837512433529
        ],
        [
            0.014199554920196533,
            -0.01159846130758524,
            -0.009508526884019375
        ],
        [
            0.0133797787129879,
            -0.008508749306201935,
            -0.007331192027777433
        ],
        [
            0.01825753226876259,
            -0.006588354706764221,
            -0.005263861268758774
        ],
        [
            0.10103147476911545,
            0.014308268204331398,
            0.03807998076081276
        ],
        [
            0.10116565227508545,
            0.021652301773428917,
            0.0316569060087204
        ],
        [
            0.03896777331829071,
            -0.003897835500538349,
            0.031134136021137238
        ],
        [
            0.042139168828725815,
            0.006679365411400795,
            0.03296883404254913
        ],
        [
            0.029126476496458054,
            0.005497289821505547,
            0.032250918447971344
        ],
        [
            0.028492983430624008,
            -0.006699480582028627,
            0.03117511048913002
        ],
        [
            0.08979254215955734,
            -0.00158757995814085,
            0.032185148447752
        ],
        [
            0.09569567441940308,
            0.0019256994128227234,
            0.03589059039950371
        ],
        [
            -0.012554410845041275,
            -0.019510721787810326,
            -0.04548868164420128
        ],
        [
            -0.008585600182414055,
            -0.023660875856876373,
            -0.04330325126647949
        ],
        [
            0.08651427179574966,
            0.0019837766885757446,
            -0.04322591796517372
        ],
        [
            0.06531385332345963,
            0.007591675966978073,
            -0.04960833862423897
        ],
        [
            0.10046440362930298,
            -0.0015279948711395264,
            -0.03346601128578186
        ],
        [
            0.10857817530632019,
            -0.004135968163609505,
            -0.02409336157143116
        ],
        [
            0.11633621901273727,
            -0.004589922726154327,
            -0.01777713932096958
        ],
        [
            0.0290366318076849,
            -0.013570020906627178,
            -0.029341215267777443
        ],
        [
            0.04819808900356293,
            -0.004196971654891968,
            -0.021212460473179817
        ],
        [
            0.05588202551007271,
            0.004777330905199051,
            -0.007584603503346443
        ],
        [
            0.04791926592588425,
            0.022750647738575935,
            0.015969719737768173
        ],
        [
            0.05746527388691902,
            0.0265728197991848,
            0.016737855970859528
        ],
        [
            0.05572042614221573,
            0.021771855652332306,
            0.007343471981585026
        ],
        [
            0.047825030982494354,
            0.01886332780122757,
            0.008911393582820892
        ],
        [
            0.04068116098642349,
            0.016111228615045547,
            0.0295591838657856
        ],
        [
            0.03904925286769867,
            0.01920732855796814,
            0.022365272045135498
        ],
        [
            0.03188429772853851,
            0.01646728441119194,
            0.02168731763958931
        ],
        [
            0.031108612194657326,
            0.013596155680716038,
            0.02867988497018814
        ],
        [
            0.04501048102974892,
            -0.0013702246360480785,
            -0.04668712243437767
        ],
        [
            0.06024868041276932,
            -0.010790599510073662,
            -0.045587681233882904
        ],
        [
            0.08607862144708633,
            0.025814447551965714,
            0.025638483464717865
        ],
        [
            0.09375754743814468,
            0.02626246027648449,
            0.02425185590982437
        ],
        [
            0.10221537947654724,
            0.025912875309586525,
            0.025300629436969757
        ],
        [
            0.07558106631040573,
            0.01694258488714695,
            -0.005940031260251999
        ],
        [
            0.08851806819438934,
            0.022386128082871437,
            -0.005146779119968414
        ],
        [
            0.08905787020921707,
            0.02069285698235035,
            -0.009430449455976486
        ],
        [
            0.07668415457010269,
            0.01400337927043438,
            -0.008365800604224205
        ],
        [
            0.07195944339036942,
            0.010173723101615906,
            -0.017578300088644028
        ],
        [
            0.08142831921577454,
            0.018717441707849503,
            -0.01987166702747345
        ],
        [
            0.06246022880077362,
            0.012180933728814125,
            -0.02006492391228676
        ],
        [
            0.10247733443975449,
            0.019556928426027298,
            -0.007068965584039688
        ],
        [
            0.1086995005607605,
            0.023695718497037888,
            0.00126604363322258
        ],
        [
            0.11175741255283356,
            0.01924864389002323,
            -0.0058020781725645065
        ],
        [
            0.10613833367824554,
            0.02660985477268696,
            0.01022547110915184
        ],
        [
            0.10373961925506592,
            0.02774256281554699,
            0.01868019998073578
        ],
        [
            0.10286245495080948,
            0.00281677208840847,
            0.0403788723051548
        ],
        [
            0.11375381052494049,
            0.013949001207947731,
            -0.011787287890911102
        ],
        [
            0.04949391633272171,
            0.021171053871512413,
            -0.0329262837767601
        ],
        [
            0.04181994870305061,
            0.021345587447285652,
            -0.036839257925748825
        ],
        [
            0.03983786702156067,
            0.01624872535467148,
            -0.031604886054992676
        ],
        [
            0.04679785296320915,
            0.0153421051800251,
            -0.027631467208266258
        ],
        [
            0.030188962817192078,
            -0.03359587490558624,
            -0.04221507906913757
        ],
        [
            0.031067144125699997,
            -0.026259230449795723,
            -0.04407414048910141
        ],
        [
            0.038461074233055115,
            -0.02263961173593998,
            -0.04214397445321083
        ],
        [
            0.07262580096721649,
            0.026386624202132225,
            0.004066018387675285
        ],
        [
            0.07328241318464279,
            0.02960565686225891,
            0.016241859644651413
        ],
        [
            0.023517969995737076,
            -0.017237132415175438,
            -0.03357788547873497
        ],
        [
            -0.0026518814265727997,
            -0.026574013754725456,
            -0.04711737483739853
        ],
        [
            0.00077032670378685,
            -0.022931575775146484,
            -0.050575725734233856
        ],
        [
            0.016764065250754356,
            -0.030109763145446777,
            -0.046674057841300964
        ],
        [
            0.012815825641155243,
            -0.03450135141611099,
            -0.042863376438617706
        ],
        [
            0.015262432396411896,
            -0.02088293619453907,
            -0.029087988659739494
        ],
        [
            0.020116906613111496,
            -0.017660576850175858,
            -0.03311927989125252
        ],
        [
            0.018090806901454926,
            -0.01789228618144989,
            -0.03241868317127228
        ],
        [
            0.013122053816914558,
            -0.01905171573162079,
            -0.028123680502176285
        ],
        [
            0.01615825667977333,
            -0.0031747049652040005,
            -0.0002757664769887924
        ],
        [
            0.02016580104827881,
            -0.001397707499563694,
            0.001181827625259757
        ],
        [
            0.02338508516550064,
            -0.03701101616024971,
            -0.01710205152630806
        ],
        [
            0.028980489820241928,
            -0.04401116073131561,
            -0.027406083419919014
        ],
        [
            0.04101085662841797,
            -0.03973674774169922,
            -0.02480304054915905
        ],
        [
            0.035080358386039734,
            -0.0013038013130426407,
            -0.005892746616154909
        ],
        [
            0.025446204468607903,
            -0.00452229380607605,
            -0.0067884367890655994
        ],
        [
            0.025373898446559906,
            -0.002450890839099884,
            -0.0032742463517934084
        ],
        [
            0.025081701576709747,
            -0.01408780924975872,
            -0.02684309147298336
        ],
        [
            0.01982066035270691,
            -0.01748521998524666,
            -0.028835762292146683
        ],
        [
            0.02030293270945549,
            -0.016015823930501938,
            -0.024749575182795525
        ],
        [
            0.02549602836370468,
            -0.011994203552603722,
            -0.021978162229061127
        ],
        [
            0.055133990943431854,
            0.0089197289198637,
            0.033887337893247604
        ],
        [
            0.052866652607917786,
            0.019839342683553696,
            0.030261993408203125
        ],
        [
            -0.0019196132197976112,
            -0.01203479990363121,
            -0.05137220770120621
        ],
        [
            0.0006359145045280457,
            -0.01498413272202015,
            -0.05089771747589111
        ],
        [
            0.04560046270489693,
            0.0025262851268053055,
            -0.004427571780979633
        ],
        [
            0.054289113730192184,
            -0.03317226096987724,
            -0.022180192172527313
        ],
        [
            0.05545378103852272,
            0.007904594764113426,
            -0.003106941469013691
        ],
        [
            0.01742294430732727,
            -0.012342499569058418,
            0.016547247767448425
        ],
        [
            0.015771981328725815,
            -0.0039181942120194435,
            0.01447091531008482
        ],
        [
            0.013107501901686192,
            -0.0030701314099133015,
            0.011942729353904724
        ],
        [
            0.011476028710603714,
            -0.008534536696970463,
            0.012793672271072865
        ],
        [
            0.00016758032143115997,
            -0.014581813476979733,
            -0.03125166520476341
        ],
        [
            0.0026952140033245087,
            -0.011119702830910683,
            -0.035317860543727875
        ],
        [
            0.0003706980496644974,
            -0.009587705135345459,
            -0.03609325736761093
        ],
        [
            -0.0032514845952391624,
            -0.012615295127034187,
            -0.032471973448991776
        ],
        [
            0.023380935192108154,
            -0.017928633838891983,
            -0.038039542734622955
        ],
        [
            0.02581418678164482,
            -0.02091839537024498,
            -0.04309763386845589
        ],
        [
            0.020842207595705986,
            -0.019205249845981598,
            -0.04311824217438698
        ],
        [
            0.019304687157273293,
            -0.017551321536302567,
            -0.03749143332242966
        ],
        [
            0.025103408843278885,
            -0.026312513276934624,
            -0.0453873910009861
        ],
        [
            0.019911428913474083,
            -0.024557020515203476,
            -0.04650305211544037
        ],
        [
            -0.003151005133986473,
            -0.020045895129442215,
            -0.030667264014482498
        ],
        [
            -0.005543729290366173,
            -0.02553953044116497,
            -0.035191137343645096
        ],
        [
            0.008135106414556503,
            -0.032266706228256226,
            -0.029596107080578804
        ],
        [
            0.00820574164390564,
            -0.024828346446156502,
            -0.027101725339889526
        ],
        [
            0.06930314749479294,
            -0.013846132904291153,
            0.020008014515042305
        ],
        [
            0.06817657500505447,
            -0.005991028621792793,
            0.027785208076238632
        ],
        [
            0.053087878972291946,
            -0.008271905593574047,
            0.025871653109788895
        ],
        [
            0.03775149583816528,
            -0.011253545992076397,
            0.025118231773376465
        ],
        [
            0.023760616779327393,
            -0.01357122603803873,
            0.022726085036993027
        ],
        [
            0.024201292544603348,
            -0.023792598396539688,
            0.01576133817434311
        ],
        [
            0.05379040166735649,
            -0.0018688803538680077,
            0.031045496463775635
        ],
        [
            0.015376762486994267,
            -0.026766201481223106,
            -0.02375389263033867
        ],
        [
            0.01735200360417366,
            -0.035575464367866516,
            -0.025325259193778038
        ],
        [
            0.016941983252763748,
            -0.03210433945059776,
            -0.021046802401542664
        ],
        [
            0.05380081385374069,
            0.013079386204481125,
            0.001984436996281147
        ],
        [
            0.003725791350007057,
            -0.01847982406616211,
            -0.05074131116271019
        ],
        [
            0.10626915097236633,
            -0.018621332943439484,
            -0.0037333890795707703
        ],
        [
            0.10297872871160507,
            -0.017941176891326904,
            0.009677879512310028
        ],
        [
            0.09557677805423737,
            -0.019816558808088303,
            0.005291381850838661
        ],
        [
            0.09877008944749832,
            -0.019699208438396454,
            -0.010587498545646667
        ],
        [
            0.00492631271481514,
            -0.010699693113565445,
            -0.041956230998039246
        ],
        [
            0.0057637616991996765,
            -0.013335063122212887,
            -0.04771346598863602
        ],
        [
            0.01896534115076065,
            0.002874811179935932,
            0.005737734492868185
        ],
        [
            0.015417378395795822,
            0.0003678407520055771,
            0.004244216717779636
        ],
        [
            0.01474870927631855,
            0.0012823105789721012,
            0.007723985239863396
        ],
        [
            0.016679631546139717,
            0.0052564507350325584,
            0.008933128789067268
        ],
        [
            0.06893432885408401,
            -0.0011627450585365295,
            0.03125627338886261
        ],
        [
            0.021735891699790955,
            0.009378857910633087,
            0.02886529639363289
        ],
        [
            0.02061045728623867,
            -0.002928494242951274,
            0.02840609848499298
        ],
        [
            0.08119823783636093,
            -0.004398200660943985,
            0.029167117550969124
        ],
        [
            0.08237550407648087,
            -0.011732927523553371,
            0.022861693054437637
        ],
        [
            0.09161364287137985,
            -0.009966009296476841,
            0.025436358526349068
        ],
        [
            0.019711129367351532,
            -0.02874501422047615,
            0.0020948518067598343
        ],
        [
            0.06813027709722519,
            -0.01928308792412281,
            0.013371789827942848
        ],
        [
            0.08198729157447815,
            -0.016112694516777992,
            0.016616273671388626
        ],
        [
            0.09299410879611969,
            -0.014204954728484154,
            0.019413817673921585
        ],
        [
            0.10070013999938965,
            -0.013092856854200363,
            0.022331831976771355
        ],
        [
            0.09839489310979843,
            -0.008417649194598198,
            0.028550148010253906
        ],
        [
            -0.004855028353631496,
            -0.026990016922354698,
            -0.04119998961687088
        ],
        [
            -0.010147461667656898,
            -0.021860036998987198,
            -0.036632124334573746
        ],
        [
            0.10612528026103973,
            -0.00787369068711996,
            0.03323801979422569
        ],
        [
            0.10839153081178665,
            -0.012601939961314201,
            0.02562955766916275
        ],
        [
            0.08241830766201019,
            -0.020412756130099297,
            0.008492015302181244
        ],
        [
            0.0828976184129715,
            -0.024259068071842194,
            -0.002774331718683243
        ],
        [
            0.0689769834280014,
            -0.023122018203139305,
            0.005576295778155327
        ],
        [
            0.06845835596323013,
            -0.027401462197303772,
            -0.005339642986655235
        ],
        [
            0.023294024169445038,
            -0.03826098516583443,
            -0.003201276995241642
        ],
        [
            -0.01937694475054741,
            -0.005318880081176758,
            -0.038692496716976166
        ],
        [
            -0.012904915027320385,
            -0.013804618269205093,
            -0.034741781651973724
        ],
        [
            -0.008254967629909515,
            -0.010369881987571716,
            -0.03382789343595505
        ],
        [
            -0.01630556583404541,
            -0.003477271646261215,
            -0.036315396428108215
        ],
        [
            -0.007131243124604225,
            -0.017020734027028084,
            -0.03232727199792862
        ],
        [
            -0.014249710366129875,
            -0.01758277416229248,
            -0.03882211819291115
        ],
        [
            0.06887374818325043,
            -0.02793862670660019,
            -0.02064923569560051
        ],
        [
            0.01576884463429451,
            -0.019022924825549126,
            -0.02608964964747429
        ],
        [
            0.08447269350290298,
            -0.021947484463453293,
            -0.02199295535683632
        ],
        [
            0.06277461349964142,
            -0.02567894198000431,
            -0.03592073917388916
        ],
        [
            0.07335719466209412,
            -0.018631089478731155,
            -0.03807942941784859
        ],
        [
            0.10046742111444473,
            -0.01425461657345295,
            -0.02478763833642006
        ],
        [
            0.08774183690547943,
            -0.011506807059049606,
