{
    "pred_cam": [
        8.814794540405273,
        0.12695418298244476,
        -0.05006266385316849
    ],
    "pred_mano_params": {
        "global_orient": [
            [
                [
                    -0.651965320110321,
                    -0.04921090602874756,
                    -0.7566502690315247
                ],
                [
                    -0.5194871425628662,
                    -0.6979105472564697,
                    0.4930051267147064
                ],
                [
                    -0.5523353815078735,
                    0.7144923210144043,
                    0.42944905161857605
                ]
            ]
        ],
        "hand_pose": [
            [
                [
                    0.7166739106178284,
                    -0.6761904358863831,
                    -0.17071981728076935
                ],
                [
                    0.6704353094100952,
                    0.7354153394699097,
                    -0.0983913317322731
                ],
                [
                    0.19208122789859772,
                    -0.04394209757447243,
                    0.9803948998451233
                ]
            ],
            [
                [
                    0.5428438782691956,
                    -0.8140599131584167,
                    0.2064630389213562
                ],
                [
                    0.832496702671051,
                    0.48916321992874146,
                    -0.2601318657398224
                ],
                [
                    0.11076880991458893,
                    0.31309080123901367,
                    0.9432414770126343
                ]
            ],
            [
                [
                    0.8602985739707947,
                    -0.4951474070549011,
                    0.12130726128816605
                ],
                [
                    0.48877230286598206,
                    0.8687590956687927,
                    0.07974570244550705
                ],
                [
                    -0.14487265050411224,
                    -0.009313492104411125,
                    0.9894065260887146
                ]
            ],
            [
                [
                    0.5608017444610596,
                    -0.8071871399879456,
                    -0.1842564195394516
                ],
                [
                    0.8273460268974304,
                    0.5548391938209534,
                    0.08747583627700806
                ],
                [
                    0.031623322516679764,
                    -0.20150040090084076,
                    0.9789778590202332
                ]
            ],
            [
                [
                    0.7397052645683289,
                    -0.6525391340255737,
                    -0.16440464556217194
                ],
                [
                    0.6724491119384766,
                    0.707531750202179,
                    0.21728090941905975
                ],
                [
                    -0.025462768971920013,
                    -0.2712775766849518,
                    0.9621642827987671
                ]
            ],
            [
                [
                    0.8593592643737793,
                    -0.5107531547546387,
                    0.02515760436654091
                ],
                [
                    0.5095857381820679,
                    0.8594287037849426,
                    0.041287392377853394
                ],
                [
                    -0.042708832770586014,
                    -0.022660743445158005,
                    0.9988305568695068
                ]
            ],
            [
                [
                    0.5675228238105774,
                    -0.7743034958839417,
                    0.2799499034881592
                ],
                [
                    0.6332979798316956,
                    0.6277951598167419,
                    0.45255598425865173
                ],
                [
                    -0.5261669158935547,
                    -0.07954410463571548,
                    0.8466529250144958
                ]
            ],
            [
                [
                    0.6909989714622498,
                    -0.7057143449783325,
                    -0.15648499131202698
                ],
                [
                    0.5921587347984314,
                    0.42848271131515503,
                    0.6824591755867004
                ],
                [
                    -0.4145701825618744,
                    -0.5642425417900085,
                    0.7139760255813599
                ]
            ],
            [
                [
                    0.9159964919090271,
                    -0.3965117633342743,
                    0.06106311082839966
                ],
                [
                    0.3163813352584839,
                    0.8075418472290039,
                    0.49777406454086304
                ],
                [
                    -0.24668431282043457,
                    -0.4366401433944702,
                    0.8651544451713562
                ]
            ],
            [
                [
                    0.658140242099762,
                    -0.746921956539154,
                    0.0946517065167427
                ],
                [
                    0.7443302273750305,
                    0.6643999218940735,
                    0.06741808354854584
                ],
                [
                    -0.11324264109134674,
                    0.026081576943397522,
                    0.9932249188423157
                ]
            ],
            [
                [
                    0.6705160140991211,
                    -0.7171639800071716,
                    -0.1899583339691162
                ],
                [
                    0.698258638381958,
                    0.5235236287117004,
                    0.48821908235549927
                ],
                [
                    -0.250685453414917,
                    -0.4599987268447876,
                    0.8517969250679016
                ]
            ],
            [
                [
                    0.7968412637710571,
                    -0.6024941205978394,
                    0.04521816223859787
                ],
                [
                    0.5686289072036743,
                    0.7731364369392395,
                    0.280929297208786
                ],
                [
                    -0.2042180597782135,
                    -0.19814375042915344,
                    0.9586625695228577
                ]
            ],
            [
                [
                    0.9569029808044434,
                    0.23193493485450745,
                    0.1747652143239975
                ],
                [
                    -0.08038280159235,
                    0.789814293384552,
                    -0.6080558896064758
                ],
                [
                    -0.279061496257782,
                    0.567802369594574,
                    0.7744192481040955
                ]
            ],
            [
                [
                    0.9811490178108215,
                    -0.1873183399438858,
                    0.04752233624458313
                ],
                [
                    0.11952852457761765,
                    0.7814445495605469,
                    0.6124192476272583
                ],
                [
                    -0.15185342729091644,
                    -0.5951942801475525,
                    0.7891034483909607
                ]
            ],
            [
                [
                    0.7205080389976501,
                    -0.6695688962936401,
                    -0.18040405213832855
                ],
                [
                    0.3122387230396271,
                    0.5455436706542969,
                    -0.7777461409568787
                ],
                [
                    0.6191729307174683,
                    0.5040432214736938,
                    0.6021339297294617
                ]
            ]
        ],
        "betas": [
            -0.1140337884426117,
            -0.12607115507125854,
            0.005497068166732788,
            0.011279672384262085,
            -0.05051243305206299,
            0.019443552941083908,
            -0.016405552625656128,
            0.004328906536102295,
            -0.018199652433395386,
            -0.07883033156394958
        ]
    },
    "pred_cam_t": [
        -0.12695418298244476,
        -0.05006266385316849,
        4.4314703941345215
    ],
    "focal_length": [
        5000.0,
        5000.0
    ],
    "pred_keypoints_3d": [
        [
            0.0962119847536087,
            0.006431225687265396,
            0.006242366973310709
        ],
        [
            0.09306890517473221,
            0.042720336467027664,
            0.01958010345697403
        ],
        [
            0.08452746272087097,
            0.07082321494817734,
            0.029377439990639687
        ],
        [
            0.07934433221817017,
            0.0947239100933075,
            0.04135224223136902
        ],
        [
            0.09105242788791656,
            0.1250656098127365,
            0.031357571482658386
        ],
        [
            0.13852429389953613,
            0.06626324355602264,
            0.06033172458410263
        ],
        [
            0.16004520654678345,
            0.0914231538772583,
            0.05942621827125549
        ],
        [
            0.16067266464233398,
            0.10125046968460083,
            0.039425645023584366
        ],
        [
            0.15293286740779877,
            0.10513727366924286,
            0.016116738319396973
        ],
        [
            0.1609525978565216,
            0.05524120479822159,
            0.05627143755555153
        ],
        [
            0.17911052703857422,
            0.07896757870912552,
            0.04514054208993912
        ],
        [
            0.17636510729789734,
            0.09189732372760773,
            0.02583473175764084
        ],
        [
            0.16502860188484192,
            0.10250405222177505,
            0.005314577370882034
        ],
        [
            0.17037692666053772,
            0.03867895528674126,
            0.03729015961289406
        ],
        [
            0.18627646565437317,
            0.06273102760314941,
            0.03359010070562363
        ],
        [
            0.18191379308700562,
            0.0762530192732811,
            0.013076981529593468
        ],
        [
            0.16646435856819153,
            0.08548150956630707,
            -0.004600748419761658
        ],
        [
            0.17477841675281525,
            0.02789408713579178,
            0.018686825409531593
        ],
        [
            0.1854649931192398,
            0.04553891718387604,
            0.013524401932954788
        ],
        [
            0.1768123209476471,
            0.0557197630405426,
            -0.00010122265666723251
        ],
        [
            0.16018100082874298,
            0.06097865849733353,
            -0.009422577917575836
        ]
    ],
    "pred_vertices": [
        [
            0.11672604829072952,
            0.05397088825702667,
            0.029104474931955338
        ],
        [
            0.11054544895887375,
            0.051190562546253204,
            0.02210836112499237
        ],
        [
            0.10761407017707825,
            0.06264395266771317,
            0.026107750833034515
        ],
        [
            0.1140098124742508,
            0.06385468691587448,
            0.03332793340086937
        ],
        [
            0.09544782340526581,
            0.05832749605178833,
            0.007644146680831909
        ],
        [
            0.08428402245044708,
            0.055984027683734894,
            0.005668759346008301
        ],
        [
            0.08341999351978302,
            0.07056089490652084,
            0.013519279658794403
        ],
        [
            0.09243152290582657,
            0.07248786091804504,
            0.013994339853525162
        ],
        [
            0.11031804978847504,
            0.07148720324039459,
            0.03879566118121147
        ],
        [
            0.10506090521812439,
            0.07162117958068848,
            0.029679574072360992
        ],
        [
            0.104110948741436,
            0.07276154309511185,
            0.04370729625225067
        ],
        [
            0.111512690782547,
            0.06719157099723816,
            0.054943352937698364
        ],
        [
            0.1157977357506752,
            0.06897220760583878,
            0.04802186042070389
        ],
        [
            0.11865781992673874,
            0.06616858392953873,
            0.0612654834985733
        ],
        [
            0.10630590468645096,
            0.05721784383058548,
            0.0581696443259716
        ],
        [
            0.12109370529651642,
            0.058079302310943604,
            0.06672678887844086
        ],
        [
            0.1224030926823616,
            0.030134432017803192,
            0.053557783365249634
        ],
        [
            0.13011498749256134,
            0.02127048373222351,
            0.04634244367480278
        ],
        [
            0.14344587922096252,
            0.02940201759338379,
            0.05501149594783783
        ],
        [
            0.13433837890625,
            0.03837842121720314,
            0.06079099327325821
        ],
        [
            0.14983832836151123,
            0.017653297632932663,
            0.03852982074022293
        ],
        [
            0.14699843525886536,
            0.02445126511156559,
            0.04799673333764076
        ],
        [
            0.1338140070438385,
            0.015413116663694382,
            0.0403689444065094
        ],
        [
            0.1370086669921875,
            0.00993342325091362,
            0.03220045939087868
        ],
        [
            0.12193416059017181,
            0.03950241953134537,
            0.020059950649738312
        ],
        [
            0.11587263643741608,
            0.03475503996014595,
            0.013201616704463959
        ],
        [
            0.11396518349647522,
            0.039768993854522705,
            0.017334505915641785
        ],
        [
            0.11944963037967682,
            0.04391494393348694,
            0.023385174572467804
        ],
        [
            0.08910907804965973,
            0.07359418272972107,
            0.0441732183098793
        ],
        [
            0.09092999249696732,
            0.06285136938095093,
            0.046195756644010544
        ],
        [
            0.09803825616836548,
            0.06710313260555267,
            0.04780500382184982
        ],
        [
            0.09279529005289078,
            0.07720333337783813,
            0.042170025408267975
        ],
        [
            0.10504065454006195,
            0.02128082886338234,
            -0.011083606630563736
        ],
        [
            0.09505178779363632,
            0.012022152543067932,
            -0.012302320450544357
        ],
        [
            0.09118292480707169,
            0.014942210167646408,
            -0.008963663130998611
        ],
        [
            0.10148867219686508,
            0.022489160299301147,
            -0.00810205191373825
        ],
        [
            0.08202113211154938,
            0.03297320380806923,
            0.0004399716854095459
        ],
        [
            0.07843009382486343,
            0.022968240082263947,
            0.0003796592354774475
        ],
        [
            0.06728998571634293,
            0.018960822373628616,
            0.008366864174604416
        ],
        [
            0.07042813301086426,
            0.02751600742340088,
            0.01171942800283432
        ],
        [
            0.08388666808605194,
            0.04458894953131676,
            0.002425253391265869
        ],
        [
            0.07307268679141998,
            0.039840638637542725,
            0.010387293994426727
        ],
        [
            0.07555610686540604,
            0.05118446797132492,
            0.0115639828145504
        ],
        [
            0.0766759067773819,
            0.06513194739818573,
            0.018144238740205765
        ],
        [
            0.10353128612041473,
            0.0036055557429790497,
            -0.017301537096500397
        ],
        [
            0.11200816184282303,
            0.009449534118175507,
            -0.017596077173948288
        ],
        [
            0.14870141446590424,
            0.09242741018533707,
            0.050152771174907684
        ],
        [
            0.15250854194164276,
            0.08890833705663681,
            0.04669570177793503
        ],
        [
            0.15056048333644867,
            0.08736325055360794,
            0.04779951646924019
        ],
        [
            0.14745092391967773,
            0.09098073840141296,
            0.051175616681575775
        ],
        [
            0.11690457165241241,
            -0.009242895990610123,
            -0.008774295449256897
        ],
        [
            0.11666028946638107,
            -0.014964696019887924,
            -0.00038136541843414307
        ],
        [
            0.11207802593708038,
            -0.018058642745018005,
            -0.005220483988523483
        ],
        [
            0.11068439483642578,
            -0.011899415403604507,
            -0.012300226837396622
        ],
        [
            0.12506580352783203,
            -0.005651745945215225,
            -0.004102028906345367
        ],
        [
            0.12269362807273865,
            -0.009972140192985535,
            0.006140224635601044
        ],
        [
            0.15571068227291107,
            0.09847930818796158,
            0.0592205747961998
        ],
        [
            0.1510886549949646,
            0.09827350080013275,
            0.056562311947345734
        ],
        [
            0.15035685896873474,
            0.09535236656665802,
            0.06005339324474335
        ],
        [
            0.15486156940460205,
            0.09403503686189651,
            0.0629933625459671
        ],
        [
            0.11962255090475082,
            0.06547467410564423,
            0.0407726913690567
        ],
        [
            0.12302980571985245,
            0.05826622620224953,
            0.034486547112464905
        ],
        [
            0.1330016851425171,
            0.06990326941013336,
            0.049526214599609375
        ],
        [
            0.13024036586284637,
            0.06446793675422668,
            0.04422501102089882
        ],
        [
            0.1245049387216568,
            0.06742899119853973,
            0.04806562513113022
        ],
        [
            0.12768220901489258,
            0.0709490105509758,
            0.0529959499835968
        ],
        [
            0.14035458862781525,
            0.047503769397735596,
            0.03064729832112789
        ],
        [
            0.13178709149360657,
            0.04203355312347412,
            0.02479771338403225
        ],
        [
            0.12932449579238892,
            0.046731576323509216,
            0.029009630903601646
        ],
        [
            0.13760799169540405,
            0.05408981442451477,
            0.03561055660247803
        ],
        [
            0.13905978202819824,
            0.034972723573446274,
            0.01473279669880867
        ],
        [
            0.14688561856746674,
            0.04058098793029785,
            0.021661700680851936
        ],
        [
            0.1500566303730011,
            0.03581375256180763,
            0.015173221006989479
        ],
        [
            0.14396727085113525,
            0.03342202305793762,
            0.01066049188375473
        ],
        [
            0.1575232744216919,
            0.051142215728759766,
            0.03557007759809494
        ],
        [
            0.16090922057628632,
            0.05388160049915314,
            0.03930990397930145
        ],
        [
            0.16372479498386383,
            0.05344119295477867,
            0.036681439727544785
        ],
        [
            0.159109428524971,
            0.049030907452106476,
            0.03292432799935341
        ],
        [
            0.10716012865304947,
            -0.02162649855017662,
            -0.008995894342660904
        ],
        [
            0.10420620441436768,
            -0.014235354959964752,
            -0.01489422470331192
        ],
        [
            0.15731914341449738,
            0.00840839371085167,
            0.01990947686135769
        ],
        [
            0.15644164383411407,
            0.008072815835475922,
            0.008613847196102142
        ],
        [
            0.16829895973205566,
            0.013516809791326523,
            0.012596970424056053
        ],
        [
            0.16646675765514374,
            0.012051401659846306,
            0.024338021874427795
        ],
        [
            0.11356276273727417,
            -0.015434954315423965,
            0.009600020945072174
        ],
        [
            0.11031335592269897,
            -0.020490862429142,
            0.004466976970434189
        ],
        [
            0.161760151386261,
            0.09603038430213928,
            0.059537164866924286
        ],
        [
            0.1606917679309845,
            0.09144215285778046,
            0.06289393454790115
        ],
        [
            0.07244482636451721,
            0.042748596519231796,
            0.022666797041893005
        ],
        [
            0.07417480647563934,
            0.06003835052251816,
            0.025928951799869537
        ],
        [
            0.07062336802482605,
            0.02913011610507965,
            0.02127319574356079
        ],
        [
            0.0693328008055687,
            0.019374456256628036,
            0.020267345011234283
        ],
        [
            0.06542286276817322,
            0.012313678860664368,
            0.018242787569761276
        ],
        [
            0.13679617643356323,
            0.0628352016210556,
            0.04306203871965408
        ],
        [
            0.12399846315383911,
            0.050021059811115265,
            0.029424363747239113
        ],
        [
            0.124383844435215,
            0.03627987205982208,
            0.01669086143374443
        ],
        [
            0.14388424158096313,
            0.02410387434065342,
            -0.004263389855623245
        ],
        [
            0.1358313262462616,
            0.01995883882045746,
            -0.009720176458358765
        ],
        [
            0.1326141506433487,
            0.027631834149360657,
            -0.0028264373540878296
        ],
        [
            0.14035338163375854,
            0.029231751337647438,
            0.0009722523391246796
        ],
        [
            0.15678143501281738,
            0.014017455279827118,
            0.0005833953619003296
        ],
        [
            0.15505912899971008,
            0.021873194724321365,
            -0.0005647912621498108
        ],
        [
            0.16202907264232635,
            0.024883339181542397,
            0.003787130117416382
        ],
        [
            0.16568508744239807,
            0.018117286264896393,
            0.005187466740608215
        ],
        [
            0.08165543526411057,
            0.07191316783428192,
            0.04358422011137009
        ],
        [
            0.08415926992893219,
            0.06001143157482147,
            0.043334685266017914
        ],
        [
            0.11476443707942963,
            -0.0010889731347560883,
            -0.015348445624113083
        ],
        [
            0.10732533782720566,
            -0.0032877102494239807,
            -0.016704842448234558
        ],
        [
            0.10035868734121323,
            -0.008123043924570084,
            -0.01793697476387024
        ],
        [
            0.10998860001564026,
            0.02919485606253147,
            0.001151297241449356
        ],
        [
            0.09909964352846146,
            0.02347380295395851,
            -0.006151154637336731
        ],
        [
            0.09726467728614807,
            0.026765700429677963,
            -0.003836914896965027
        ],
        [
            0.10905881971120834,
            0.030800066888332367,
            0.004090871661901474
        ],
        [
            0.10591792315244675,
            0.048484429717063904,
            0.012282982468605042
        ],
        [
            0.09707196801900864,
            0.04350682720541954,
            0.0026941224932670593
        ],
        [
            0.10365232080221176,
            0.06161060929298401,
            0.016321346163749695
        ],
        [
            0.08478101342916489,
            0.017893172800540924,
            -0.00527973473072052
        ],
        [
            0.08293330669403076,
            0.009281858801841736,
            -0.012044984847307205
        ],
        [
            0.07659352570772171,
            0.012712202966213226,
            -0.006790477782487869
        ],
        [
            0.08966412395238876,
            0.003369547426700592,
            -0.016218431293964386
        ],
        [
            0.09589900821447372,
            -0.00263860821723938,
            -0.018633339554071426
        ],
        [
            0.10618110746145248,
            -0.027403250336647034,
            0.0015165619552135468
        ],
        [
            0.0715419352054596,
            0.015185125172138214,
            -0.00044036656618118286
        ],
        [
            0.0891597643494606,
            0.07958051562309265,
            0.020227938890457153
        ],
        [
            0.08522044122219086,
            0.08487231284379959,
            0.025142323225736618
        ],
        [
            0.09171347320079803,
            0.0843086987733841,
            0.029694359749555588
        ],
        [
            0.09557382762432098,
            0.07933719456195831,
            0.02576015517115593
        ],
        [
            0.1267663985490799,
            0.0686398521065712,
            0.06602490693330765
        ],
        [
            0.12595093250274658,
            0.07178860157728195,
            0.05894025042653084
        ],
        [
            0.11911126226186752,
            0.0687674731016159,
            0.054249901324510574
        ],
        [
            0.11621187627315521,
            0.023802582174539566,
            -0.009306792169809341
        ],
        [
            0.12169869989156723,
            0.013788856565952301,
            -0.015072129666805267
        ],
        [
            0.13928556442260742,
            0.06849292665719986,
            0.04843565449118614
        ],
        [
            0.15334367752075195,
            0.09035270661115646,
            0.06585520505905151
        ],
        [
            0.14821851253509521,
            0.09221201390028,
            0.06293740123510361
        ],
        [
            0.1374204456806183,
            0.07884100824594498,
            0.06599810719490051
        ],
        [
            0.1429683268070221,
            0.07642114907503128,
            0.06972546130418777
        ],
        [
            0.1483970731496811,
            0.06817943602800369,
            0.05241374671459198
        ],
        [
            0.14208653569221497,
            0.07027352601289749,
            0.04950548708438873
        ],
        [
            0.1439630538225174,
            0.0708339661359787,
            0.0498933345079422
        ],
        [
            0.1505560427904129,
            0.06956037133932114,
            0.05059724301099777
        ],
        [
            0.1657617688179016,
            0.04768078774213791,
            0.029556136578321457
        ],
        [
            0.16138674318790436,
            0.04393390193581581,
            0.026157358661293983
        ],
        [
            0.14661291241645813,
            0.048633914440870285,
            0.06429187208414078
        ],
        [
            0.13609296083450317,
            0.05322539806365967,
            0.07239510118961334
        ],
        [
            0.12572672963142395,
            0.04688116908073425,
            0.06636875122785568
        ],
        [
            0.1434352844953537,
            0.04298470914363861,
            0.02547326683998108
        ],
        [
            0.1515270471572876,
            0.04745180532336235,
            0.030237488448619843
        ],
        [
            0.15357650816440582,
            0.04499600827693939,
            0.027536381036043167
        ],
        [
            0.14151282608509064,
            0.06243707612156868,
            0.04366612434387207
        ],
        [
            0.14497198164463043,
            0.06611573696136475,
            0.04813620075583458
        ],
        [
            0.14672419428825378,
            0.062243521213531494,
            0.04584423080086708
        ],
        [
            0.14358603954315186,
            0.05851590633392334,
            0.04064376652240753
        ],
        [
            0.14533260464668274,
            0.001927454024553299,
            0.00423397496342659
        ],
        [
            0.1461920440196991,
            0.008814822882413864,
            -0.005265191197395325
        ],
        [
            0.14840131998062134,
            0.09592591226100922,
            0.05347885563969612
        ],
        [
            0.14738084375858307,
            0.09403736889362335,
            0.05568091198801994
        ],
        [
            0.13495205342769623,
            0.03773575648665428,
            0.019830372184515
        ],
        [
            0.11544821411371231,
            0.0396839939057827,
            0.057353824377059937
        ],
        [
            0.1270771026611328,
            0.0332990325987339,
            0.012831736356019974
        ],
        [
            0.16958242654800415,
            0.02808736078441143,
            0.03519603610038757
        ],
        [
            0.17201659083366394,
            0.032744668424129486,
            0.028218049556016922
        ],
        [
            0.17444196343421936,
            0.037583135068416595,
            0.029456503689289093
        ],
        [
            0.1749882847070694,
            0.035507164895534515,
            0.03525673598051071
        ],
        [
            0.15938739478588104,
            0.07965611666440964,
            0.04927363619208336
        ],
        [
            0.15478500723838806,
            0.0826590359210968,
            0.04678816348314285
        ],
        [
            0.15575149655342102,
            0.08388451486825943,
            0.046579211950302124
        ],
        [
            0.16128072142601013,
            0.08228691667318344,
            0.04869254678487778
        ],
        [
            0.13665978610515594,
            0.07249070703983307,
            0.050578173249959946
        ],
        [
            0.13189278542995453,
            0.07443778961896896,
            0.05433572828769684
        ],
        [
            0.13578014075756073,
            0.07749967277050018,
            0.05383484438061714
        ],
        [
            0.1401248276233673,
            0.07434728741645813,
            0.05084525793790817
        ],
        [
            0.13093432784080505,
            0.07509389519691467,
            0.0605299212038517
        ],
        [
            0.1347442865371704,
            0.07889430969953537,
            0.060148224234580994
        ],
        [
            0.1629624366760254,
            0.07938608527183533,
            0.054763391613960266
        ],
        [
            0.16285519301891327,
            0.08294783532619476,
            0.061664048582315445
        ],
        [
            0.154261976480484,
            0.06896091252565384,
            0.06441131234169006
        ],
        [
            0.15543797612190247,
            0.06932137161493301,
            0.05658305808901787
        ],
        [
            0.12510310113430023,
            0.0015221759676933289,
            0.027224106714129448
        ],
        [
            0.13020570576190948,
            -0.0026710815727710724,
            0.01811813935637474
        ],
        [
            0.1423114538192749,
            0.005384895950555801,
            0.02296231873333454
        ],
        [
            0.15495935082435608,
            0.012212246656417847,
            0.028263520449399948
        ],
        [
            0.16590717434883118,
            0.01999885030090809,
            0.033212967216968536
        ],
        [
            0.1611478328704834,
            0.023257892578840256,
            0.04415176808834076
        ],
        [
            0.1445395052433014,
            0.0022274963557720184,
            0.015598796308040619
        ],
        [
            0.15097332000732422,
            0.060568030923604965,
            0.057624828070402145
        ],
        [
            0.1481202095746994,
            0.05907466635107994,
            0.06547944247722626
        ],
        [
            0.15060079097747803,
            0.0556473508477211,
            0.06191429868340492
        ],
        [
            0.131270632147789,
            0.03096788562834263,
            0.007027804851531982
        ],
        [
            0.1454034447669983,
            0.0921163260936737,
            0.058214567601680756
        ],
        [
            0.08088094741106033,
            0.0026161298155784607,
            0.03044966235756874
        ],
        [
            0.0902598574757576,
            -0.006372436881065369,
            0.02793671190738678
        ],
        [
            0.09467867016792297,
            0.00020769983530044556,
            0.031801916658878326
        ],
        [
            0.08428488671779633,
            0.01064736396074295,
            0.03382713720202446
        ],
        [
            0.1491411030292511,
            0.08702871948480606,
            0.047950804233551025
        ],
        [
            0.14523552358150482,
            0.09017100185155869,
            0.05214691907167435
        ],
        [
            0.16577589511871338,
            0.04130943492054939,
            0.021882623434066772
        ],
        [
            0.1693020910024643,
            0.044765181839466095,
            0.025876902043819427
        ],
        [
            0.17247116565704346,
            0.04271697252988815,
            0.02574734017252922
        ],
        [
            0.1710556596517563,
            0.04035381227731705,
            0.019886555150151253
        ],
        [
            0.13141295313835144,
            -0.004770204424858093,
            0.01257454976439476
        ],
        [
            0.17511975765228271,
            0.02019592747092247,
            0.012639876455068588
        ],
        [
            0.17347601056098938,
            0.01809895969927311,
            0.02381073124706745
        ],
        [
            0.11952366679906845,
            -0.009535633027553558,
            0.014300910755991936
        ],
        [
            0.1150967925786972,
            -0.00648391991853714,
            0.022574054077267647
        ],
        [
            0.10829700529575348,
            -0.012555982917547226,
            0.018886521458625793
        ],
        [
            0.1591411978006363,
            0.03555137664079666,
            0.05316641181707382
        ],
        [
            0.12270662933588028,
            0.006440255790948868,
            0.03406980633735657
        ],
        [
            0.11221204698085785,
            -0.001996636390686035,
            0.028170078992843628
        ],
        [
            0.10395221412181854,
            -0.009046860039234161,
            0.024026701226830482
        ],
        [
            0.09861871600151062,
            -0.014869827777147293,
            0.021104726940393448
        ],
        [
            0.10391033440828323,
            -0.01803247630596161,
            0.015681177377700806
        ],
        [
            0.15875281393527985,
            0.0868547111749649,
            0.06487684696912766
        ],
        [
            0.16582953929901123,
            0.08751939237117767,
            0.05928123742341995
        ],
        [
            0.0993722677230835,
            -0.025500960648059845,
            0.012936148792505264
        ],
        [
            0.09344370663166046,
            -0.021167855709791183,
            0.01872476562857628
        ],
        [
            0.10771447420120239,
            0.0036719664931297302,
            0.03396220877766609
        ],
        [
            0.10180516541004181,
            0.011420011520385742,
            0.03963780775666237
        ],
        [
            0.1180119514465332,
            0.011789068579673767,
            0.03926960378885269
        ],
        [
            0.11297468841075897,
            0.0200672410428524,
            0.045675501227378845
        ],
        [
            0.1529056578874588,
            0.03630378097295761,
            0.06245303526520729
        ],
        [
            0.16859522461891174,
            0.09738056361675262,
            0.043333884328603745
        ],
        [
            0.1675998419523239,
            0.08885149657726288,
            0.050800621509552
        ],
        [
            0.16371585428714752,
            0.0860455259680748,
            0.047254715114831924
        ],
        [
            0.16720476746559143,
            0.09402988851070404,
            0.040952157229185104
        ],
        [
            0.16511905193328857,
            0.0833611860871315,
            0.05307494103908539
        ],
        [
            0.166950523853302,
            0.09212875366210938,
            0.055668942630290985
        ],
        [
            0.1039038747549057,
            0.03172937035560608,
            0.04926086962223053
        ],
        [
            0.14997237920761108,
            0.06479012966156006,
            0.05002857372164726
        ],
        [
            0.09024129807949066,
            0.024685118347406387,
            0.04054727777838707
        ],
        [
            0.09635583311319351,
            0.048203133046627045,
            0.05280689150094986
        ],
        [
            0.08628697693347931,
            0.04371201619505882,
            0.04402229189872742
        ],
        [
            0.07570794224739075,
            0.019619841128587723,
            0.031210195273160934
        ],
        [
            0.0758199542760849,
            0.03508851304650307,
            0.03403754159808159
        ],
        [
            0.06968618184328079,
            0.005068890750408173,
            0.02511649951338768
        ],
        [
            0.07399937510490417,
            0.011487096548080444,
            0.02857736125588417
        ],
        [
            0.07632413506507874,
            0.05052861198782921,
            0.03468041867017746
        ],
        [
            0.15185920894145966,
            0.09562766551971436,
            0.04214334115386009
        ],
        [
            0.15637962520122528,
            0.09194823354482651,
            0.04011747986078262
        ],
        [
