{
    "pred_cam": [
        8.77085018157959,
        0.12658116221427917,
        -0.049426376819610596
    ],
    "pred_mano_params": {
        "global_orient": [
            [
                [
                    -0.631157636642456,
                    -0.07288679480552673,
                    -0.7722224593162537
                ],
                [
                    -0.5223150253295898,
                    -0.6960821151733398,
                    0.4926019608974457
                ],
                [
                    -0.5734344124794006,
                    0.7142528891563416,
                    0.4012676775455475
                ]
            ]
        ],
        "hand_pose": [
            [
                [
                    0.6845964789390564,
                    -0.7128901481628418,
                    -0.1520366221666336
                ],
                [
                    0.7079208493232727,
                    0.6999555826187134,
                    -0.09439358115196228
                ],
                [
                    0.1737111508846283,
                    -0.04300837591290474,
                    0.9838569164276123
                ]
            ],
            [
                [
                    0.5290215015411377,
                    -0.8231865167617798,
                    0.20615582168102264
                ],
                [
                    0.8400886058807373,
                    0.4736834764480591,
                    -0.26433899998664856
                ],
                [
                    0.11994769424200058,
                    0.3130301535129547,
                    0.9421383142471313
                ]
            ],
            [
                [
                    0.8488355875015259,
                    -0.5140970945358276,
                    0.123216912150383
                ],
                [
                    0.5076499581336975,
                    0.8577068448066711,
                    0.08142826706171036
                ],
                [
                    -0.14754602313041687,
                    -0.0065681603737175465,
                    0.9890334606170654
                ]
            ],
            [
                [
                    0.5443884134292603,
                    -0.820724368095398,
                    -0.17335742712020874
                ],
                [
                    0.8381813764572144,
                    0.5403681397438049,
                    0.07385313510894775
                ],
                [
                    0.03306375443935394,
                    -0.18550975620746613,
                    0.9820860028266907
                ]
            ],
            [
                [
                    0.7431913614273071,
                    -0.6474328637123108,
                    -0.16881117224693298
                ],
                [
                    0.6688646078109741,
                    0.712532103061676,
                    0.2119390368461609
                ],
                [
                    -0.016932934522628784,
                    -0.2704230844974518,
                    0.9625926613807678
                ]
            ],
            [
                [
                    0.8421980738639832,
                    -0.5389080047607422,
                    0.016752028837800026
                ],
                [
                    0.5377941131591797,
                    0.8418628573417664,
                    0.045216154307127
                ],
                [
                    -0.03847025707364082,
                    -0.029071815311908722,
                    0.9988368153572083
                ]
            ],
            [
                [
                    0.5424143671989441,
                    -0.7980265617370605,
                    0.2625647187232971
                ],
                [
                    0.6566247344017029,
                    0.597666323184967,
                    0.460042268037796
                ],
                [
                    -0.5240520238876343,
                    -0.07712704688310623,
                    0.8481867909431458
                ]
            ],
            [
                [
                    0.6900196671485901,
                    -0.7037838101387024,
                    -0.1690007597208023
                ],
                [
                    0.596688449382782,
                    0.42096245288848877,
                    0.683193564414978
                ],
                [
                    -0.40967756509780884,
                    -0.5722578167915344,
                    0.7104120254516602
                ]
            ],
            [
                [
                    0.9073118567466736,
                    -0.41669994592666626,
                    0.0560922771692276
                ],
                [
                    0.3342500627040863,
                    0.7957669496536255,
                    0.5050068497657776
                ],
                [
                    -0.255072683095932,
                    -0.43944984674453735,
                    0.8612907528877258
                ]
            ],
            [
                [
                    0.6335737109184265,
                    -0.7683917284011841,
                    0.09032440185546875
                ],
                [
                    0.7669365406036377,
                    0.639137864112854,
                    0.057541850954294205
                ],
                [
                    -0.10194443166255951,
                    0.032816082239151,
                    0.994248628616333
                ]
            ],
            [
                [
                    0.6725775599479675,
                    -0.7154678106307983,
                    -0.1890641301870346
                ],
                [
                    0.6974688768386841,
                    0.5274718999862671,
                    0.4850880801677704
                ],
                [
                    -0.2473388910293579,
                    -0.4581257402896881,
                    0.8537822961807251
                ]
            ],
            [
                [
                    0.7862058877944946,
                    -0.6172360777854919,
                    0.029999587684869766
                ],
                [
                    0.5847105383872986,
                    0.7587315440177917,
                    0.28712382912635803
                ],
                [
                    -0.19998480379581451,
                    -0.20819737017154694,
                    0.9574236273765564
                ]
            ],
            [
                [
                    0.9550439119338989,
                    0.24533560872077942,
                    0.166438028216362
                ],
                [
                    -0.09820365160703659,
                    0.7915123105049133,
                    -0.6032116413116455
                ],
                [
                    -0.279727041721344,
                    0.5597487688064575,
                    0.7800218462944031
                ]
            ],
            [
                [
                    0.980958104133606,
                    -0.18868447840213776,
                    0.046037282794713974
                ],
                [
                    0.1215042695403099,
                    0.7811225652694702,
                    0.6124411821365356
                ],
                [
                    -0.15151892602443695,
                    -0.595185399055481,
                    0.789174497127533
                ]
            ],
            [
                [
                    0.7096181511878967,
                    -0.6792123913764954,
                    -0.18738359212875366
                ],
                [
                    0.3135799765586853,
                    0.5426033735275269,
                    -0.7792619466781616
                ],
                [
                    0.6309593319892883,
                    0.49421870708465576,
                    0.5980286002159119
                ]
            ]
        ],
        "betas": [
            -0.11203247308731079,
            -0.11497360467910767,
            0.004978597164154053,
            0.019351035356521606,
            -0.04558283090591431,
            0.0262410007417202,
            -0.015790820121765137,
            0.011469855904579163,
            -0.020211592316627502,
            -0.07266491651535034
        ]
    },
    "pred_cam_t": [
        -0.12658116221427917,
        -0.049426376819610596,
        4.453673362731934
    ],
    "focal_length": [
        5000.0,
        5000.0
    ],
    "pred_keypoints_3d": [
        [
            0.09620165824890137,
            0.006431438494473696,
            0.0062383366748690605
        ],
        [
            0.09252248704433441,
            0.042751044034957886,
            0.019363924860954285
        ],
        [
            0.08353723585605621,
            0.0706811249256134,
            0.02925552800297737
        ],
        [
            0.07787171006202698,
            0.09440036863088608,
            0.041364382952451706
        ],
        [
            0.09019914269447327,
            0.12465772032737732,
            0.03202858567237854
        ],
        [
            0.1364685595035553,
            0.06650400161743164,
            0.06161929666996002
        ],
        [
            0.15698692202568054,
            0.09245895594358444,
            0.060126934200525284
        ],
        [
            0.15738628804683685,
            0.1012662872672081,
            0.039653558284044266
        ],
        [
            0.14940723776817322,
            0.1031455472111702,
            0.0162045955657959
        ],
        [
            0.15904361009597778,
            0.055509403347969055,
            0.05837311968207359
        ],
        [
            0.17731072008609772,
            0.07919518649578094,
            0.047351084649562836
        ],
        [
            0.17538245022296906,
            0.09154030680656433,
            0.0275765061378479
        ],
        [
            0.1643296629190445,
            0.10079985857009888,
            0.006312090903520584
        ],
        [
            0.1691550314426422,
            0.03891357406973839,
            0.039776287972927094
        ],
        [
            0.1849856823682785,
            0.062919482588768,
            0.03558678925037384
        ],
        [
            0.18115727603435516,
            0.07566968351602554,
            0.014491861686110497
        ],
        [
            0.1658974289894104,
            0.08365023881196976,
            -0.003931712359189987
        ],
        [
            0.17422518134117126,
            0.02808629907667637,
            0.021369896829128265
        ],
        [
            0.18471860885620117,
            0.0457092709839344,
            0.01578899286687374
        ],
        [
            0.1761544942855835,
            0.05512574687600136,
            0.0015793023630976677
        ],
        [
            0.15945686399936676,
            0.05931700021028519,
            -0.008006975054740906
        ]
    ],
    "pred_vertices": [
        [
            0.11579525470733643,
            0.05402301251888275,
            0.02973116561770439
        ],
        [
            0.10986072570085526,
            0.05120988190174103,
            0.022568218410015106
        ],
        [
            0.10675988346338272,
            0.06263282895088196,
            0.026596520096063614
        ],
        [
            0.112900510430336,
            0.06387803703546524,
            0.03391538932919502
        ],
        [
            0.0953064113855362,
            0.05849365517497063,
            0.007740490138530731
        ],
        [
            0.08422309905290604,
            0.05616137385368347,
            0.005307689309120178
        ],
        [
            0.08304302394390106,
            0.07067164778709412,
            0.013337064534425735
        ],
        [
            0.09202896058559418,
            0.07259546220302582,
            0.014201220124959946
        ],
        [
            0.10899068415164948,
            0.0714653730392456,
            0.039356350898742676
        ],
        [
            0.1040547639131546,
            0.07157771289348602,
            0.03019469976425171
        ],
        [
            0.10259649157524109,
            0.07264804095029831,
            0.04416034743189812
        ],
        [
            0.10963208973407745,
            0.06720355153083801,
            0.05545278266072273
        ],
        [
            0.11416715383529663,
            0.06902799010276794,
            0.048634979873895645
        ],
        [
            0.11656519025564194,
            0.0662708431482315,
            0.06194053217768669
        ],
        [
            0.1043371930718422,
            0.05720740556716919,
            0.05848681181669235
        ],
        [
            0.11885608732700348,
            0.058247245848178864,
            0.06755856424570084
        ],
        [
            0.12067167460918427,
            0.030304040759801865,
            0.05440843105316162
        ],
        [
            0.12865443527698517,
            0.021449215710163116,
            0.047493018209934235
        ],
        [
            0.1416873186826706,
            0.029646767303347588,
            0.0566406324505806
        ],
        [
            0.1323697865009308,
            0.03861716389656067,
            0.06207482889294624
        ],
        [
            0.1486961543560028,
            0.017847120761871338,
            0.040428951382637024
        ],
        [
            0.14549221098423004,
            0.024686196818947792,
            0.049762435257434845
        ],
        [
            0.13257522881031036,
            0.015582829713821411,
            0.04166850447654724
        ],
        [
            0.13607299327850342,
            0.010081641376018524,
            0.03363717347383499
        ],
        [
            0.12136257439851761,
            0.039589349180459976,
            0.020864300429821014
        ],
        [
            0.11555329710245132,
            0.03480721265077591,
            0.013797901570796967
        ],
        [
            0.11348313093185425,
            0.03981095552444458,
            0.017854247242212296
        ],
        [
            0.11875016242265701,
            0.04399096965789795,
            0.024094048887491226
        ],
        [
            0.08756501227617264,
            0.07331089675426483,
            0.04420905560255051
        ],
        [
            0.08935746550559998,
            0.06269663572311401,
            0.04609203338623047
        ],
        [
            0.0963917225599289,
            0.06694808602333069,
            0.04799679294228554
        ],
        [
            0.09131468832492828,
            0.0769452452659607,
            0.04239678382873535
        ],
        [
            0.10561777651309967,
            0.021255426108837128,
            -0.010805442929267883
        ],
        [
            0.09569602459669113,
            0.011975917965173721,
            -0.012355376034975052
        ],
        [
            0.0917060449719429,
            0.014903228729963303,
            -0.009173683822154999
        ],
        [
            0.10196126997470856,
            0.022471334785223007,
            -0.007966585457324982
        ],
        [
            0.08216089010238647,
            0.03305112197995186,
            -0.0001559033989906311
        ],
        [
            0.078618124127388,
            0.022971637547016144,
            -0.0003323853015899658
        ],
        [
            0.06720400601625443,
            0.018935836851596832,
            0.007276717573404312
        ],
        [
            0.07020000368356705,
            0.027528882026672363,
            0.010723575949668884
        ],
        [
            0.08393801748752594,
            0.04473070055246353,
            0.001933753490447998
        ],
        [
            0.0728544145822525,
            0.03991444408893585,
            0.00948670506477356
        ],
        [
            0.07529307901859283,
            0.051306385546922684,
            0.010826431214809418
        ],
        [
            0.07613258808851242,
            0.06517504155635834,
            0.0176328606903553
        ],
        [
            0.10436134785413742,
            0.003558468073606491,
            -0.017019737511873245
        ],
        [
            0.1128324568271637,
            0.009420294314622879,
            -0.017030559480190277
        ],
        [
            0.14566119015216827,
            0.09250378608703613,
            0.05066320672631264
        ],
        [
            0.1496683955192566,
            0.0889844223856926,
            0.04741740971803665
        ],
        [
            0.14777067303657532,
            0.08748632669448853,
            0.048539869487285614
        ],
        [
            0.14447252452373505,
            0.09109237045049667,
            0.05173239856958389
        ],
        [
            0.11744751036167145,
            -0.009243424981832504,
            -0.00798923522233963
        ],
        [
            0.11691278964281082,
            -0.014942441135644913,
            0.0004038512706756592
        ],
        [
            0.11251043528318405,
            -0.018060699105262756,
            -0.004585154354572296
        ],
        [
            0.1113615483045578,
            -0.011922694742679596,
            -0.011727690696716309
        ],
        [
            0.12543323636054993,
            -0.005629207938909531,
            -0.0030410103499889374
        ],
        [
            0.12270446866750717,
            -0.009920623153448105,
            0.007122941315174103
        ],
        [
            0.15231071412563324,
            0.09925411641597748,
            0.059522293508052826
        ],
        [
            0.14772535860538483,
            0.09873425960540771,
            0.05682075768709183
        ],
        [
            0.14707638323307037,
            0.09593428671360016,
            0.0604436956346035
        ],
        [
            0.1515975296497345,
            0.09492921829223633,
            0.06349565088748932
        ],
        [
            0.11826011538505554,
            0.06556246429681778,
            0.04147005081176758
        ],
        [
            0.12190486490726471,
            0.05836966633796692,
            0.035294242203235626
        ],
        [
            0.13124093413352966,
            0.06986772269010544,
            0.05055594444274902
        ],
        [
            0.12875677645206451,
            0.06459338963031769,
            0.045251909643411636
        ],
        [
            0.12288859486579895,
            0.06750936061143875,
            0.04889116436243057
        ],
        [
            0.12581554055213928,
            0.0709504634141922,
            0.05381598323583603
        ],
        [
            0.13937051594257355,
            0.04764649644494057,
            0.03207448497414589
        ],
        [
            0.13103193044662476,
            0.04215270280838013,
            0.025940552353858948
        ],
        [
            0.1284146010875702,
            0.046854130923748016,
            0.030052151530981064
        ],
        [
            0.1364373415708542,
            0.05423947051167488,
            0.03691913187503815
        ],
        [
            0.138660728931427,
            0.03507199138402939,
            0.016154538840055466
        ],
        [
            0.14621692895889282,
            0.040700603276491165,
            0.023343585431575775
        ],
        [
            0.14961300790309906,
            0.03591131418943405,
            0.01698273792862892
        ],
        [
            0.14370563626289368,
            0.0335133820772171,
            0.01226188987493515
        ],
        [
            0.15633998811244965,
            0.051295723766088486,
            0.03758840262889862
        ],
        [
            0.1596180945634842,
            0.053971465677022934,
            0.041387077420949936
        ],
        [
            0.16245470941066742,
            0.05359581485390663,
            0.03871776908636093
        ],
        [
            0.15798206627368927,
            0.04920077323913574,
            0.034980036318302155
        ],
        [
            0.10773524641990662,
            -0.021648667752742767,
            -0.008526507765054703
        ],
        [
            0.10498258471488953,
            -0.014278225600719452,
            -0.014550276100635529
        ],
        [
            0.15686489641666412,
            0.008516903966665268,
            0.022100916132330894
        ],
        [
            0.15634916722774506,
            0.008139144629240036,
            0.010778004303574562
        ],
        [
            0.16805662214756012,
            0.01361333392560482,
            0.015179108828306198
        ],
        [
            0.1658889651298523,
            0.012180941179394722,
            0.02690485492348671
        ],
        [
            0.11346421390771866,
            -0.01539311558008194,
            0.010269761085510254
        ],
        [
            0.11040636897087097,
            -0.020470794290304184,
            0.005039595067501068
        ],
        [
            0.15846951305866241,
            0.09707285463809967,
            0.0600409060716629
        ],
        [
            0.15754826366901398,
            0.0925854966044426,
            0.06358954310417175
        ],
        [
            0.07179215550422668,
            0.04277672991156578,
            0.02172783762216568
        ],
        [
            0.07335053384304047,
            0.05999104678630829,
            0.0252363421022892
        ],
        [
            0.07006682455539703,
            0.02915613353252411,
            0.020238913595676422
        ],
        [
            0.06883284449577332,
            0.019378188997507095,
            0.01920919492840767
        ],
        [
            0.06499938666820526,
            0.012291498482227325,
            0.01708732545375824
        ],
        [
            0.135355606675148,
            0.06294582784175873,
            0.04432922974228859
        ],
        [
            0.12307240068912506,
            0.05012631416320801,
            0.030276931822299957
        ],
        [
            0.1239335834980011,
            0.036367785185575485,
            0.017591100186109543
        ],
        [
            0.14417806267738342,
            0.024149492383003235,
            -0.002627074718475342
        ],
        [
            0.13634146749973297,
            0.019983725622296333,
            -0.00835040956735611
        ],
        [
            0.13286297023296356,
            0.027677472680807114,
            -0.0016020126640796661
        ],
        [
            0.1404501497745514,
            0.029294032603502274,
            0.0024617165327072144
        ],
        [
            0.1569378823041916,
            0.014061028137803078,
            0.002725958824157715
        ],
        [
            0.15521204471588135,
            0.02191181853413582,
            0.0014758631587028503
        ],
        [
            0.16196998953819275,
            0.024902652949094772,
            0.0060515329241752625
        ],
        [
            0.16564643383026123,
            0.01814942993223667,
            0.007640358060598373
        ],
        [
            0.08014251291751862,
            0.07162290811538696,
            0.04332347214221954
        ],
        [
            0.08269592374563217,
            0.059867482632398605,
            0.04296073317527771
        ],
        [
            0.11552790552377701,
            -0.0011099576950073242,
            -0.01465439423918724
        ],
        [
            0.10814535617828369,
            -0.0033271200954914093,
            -0.016268525272607803
        ],
        [
            0.10123411566019058,
            -0.008177507668733597,
            -0.01774469017982483
        ],
        [
            0.11011135578155518,
            0.029219843447208405,
            0.0015533007681369781
        ],
        [
            0.09950292855501175,
            0.02346830442547798,
            -0.006116185337305069
        ],
        [
            0.09757489711046219,
            0.0267924964427948,
            -0.0038883164525032043
        ],
        [
            0.10907018184661865,
            0.030837973579764366,
            0.00444146990776062
        ],
        [
            0.10559932887554169,
            0.04856722801923752,
            0.012606479227542877
        ],
        [
            0.09710671007633209,
            0.043638747185468674,
            0.002665296196937561
        ],
        [
            0.10317450761795044,
            0.06168688088655472,
            0.016763340681791306
        ],
        [
            0.0851716473698616,
            0.01786918193101883,
            -0.005742840468883514
        ],
        [
            0.08357957005500793,
            0.009218361228704453,
            -0.012531865388154984
        ],
        [
            0.07705070823431015,
            0.012654956430196762,
            -0.007519952952861786
        ],
        [
            0.09046489000320435,
            0.0033053457736968994,
            -0.016444411128759384
        ],
        [
            0.09679125249385834,
            -0.002701643854379654,
            -0.018615756183862686
        ],
        [
            0.10639093071222305,
            -0.027400612831115723,
            0.001960020512342453
        ],
        [
            0.0717732161283493,
            0.015133392065763474,
            -0.0013574957847595215
        ],
        [
            0.08849908411502838,
            0.07959037274122238,
            0.020410209894180298
        ],
        [
            0.08436015248298645,
            0.08479850739240646,
            0.02524469792842865
        ],
        [
            0.09068252891302109,
            0.08417213708162308,
            0.03003031015396118
        ],
        [
            0.09469716250896454,
            0.07927379012107849,
            0.026179607957601547
        ],
        [
            0.12444247305393219,
            0.0688633993268013,
            0.06678155064582825
        ],
        [
            0.12384285032749176,
            0.07186321914196014,
            0.059648219496011734
        ],
        [
            0.11726897954940796,
            0.0688406303524971,
            0.054908014833927155
        ],
        [
            0.11671391874551773,
            0.023803813382983208,
            -0.00864577665925026
        ],
        [
            0.1224193423986435,
            0.013785004615783691,
            -0.01418273150920868
        ],
        [
            0.13753412663936615,
            0.06848344206809998,
            0.049662034958601
        ],
        [
            0.1501476764678955,
            0.0912846177816391,
            0.06646032631397247
        ],
        [
            0.14498767256736755,
            0.09283118695020676,
            0.06341338157653809
        ],
        [
            0.1345432996749878,
            0.07912728190422058,
            0.066661536693573
        ],
        [
            0.14011704921722412,
            0.07702682167291641,
            0.07058359682559967
        ],
        [
            0.14639349281787872,
            0.0683964416384697,
            0.05373208597302437
        ],
        [
            0.14007671177387238,
            0.07025882601737976,
            0.05063121020793915
        ],
        [
            0.1418270468711853,
            0.07087279111146927,
            0.05097002908587456
        ],
        [
            0.14846013486385345,
            0.06985106319189072,
            0.05184900760650635
        ],
        [
            0.16470123827457428,
            0.04779030382633209,
            0.031697094440460205
        ],
        [
            0.16046325862407684,
            0.044074539095163345,
            0.02831203304231167
        ],
        [
            0.14451736211776733,
            0.04899613559246063,
            0.0659201368689537
        ],
        [
            0.1337859034538269,
            0.05364241451025009,
            0.07372942566871643
        ],
        [
            0.12352634966373444,
            0.04708164185285568,
            0.06739157438278198
        ],
        [
            0.1426365226507187,
            0.043115176260471344,
            0.027025429531931877
        ],
        [
            0.15053553879261017,
            0.04760150611400604,
            0.0320601649582386
        ],
        [
            0.15266916155815125,
            0.04514041543006897,
            0.02943546697497368
        ],
        [
            0.1400386393070221,
            0.0625685304403305,
            0.045080263167619705
        ],
        [
            0.14328211545944214,
            0.06621602177619934,
            0.04958320036530495
        ],
        [
            0.14515885710716248,
            0.06241534277796745,
            0.04739953577518463
        ],
        [
            0.14221739768981934,
            0.05868411809206009,
            0.04213433712720871
        ],
        [
            0.14539834856987,
            0.0019867420196533203,
            0.006005976349115372
        ],
        [
            0.1465684473514557,
            0.008855234831571579,
            -0.003490481525659561
        ],
        [
            0.14517523348331451,
            0.09613558650016785,
            0.053821153938770294
        ],
        [
            0.14421449601650238,
            0.0943228155374527,
            0.056101106107234955
        ],
        [
            0.13437427580356598,
            0.037845201790332794,
            0.021097294986248016
        ],
        [
            0.11355660855770111,
            0.0397987999022007,
            0.05795279145240784
        ],
        [
            0.12676534056663513,
            0.03338164836168289,
            0.013836082071065903
        ],
        [
            0.16848066449165344,
            0.02838744781911373,
            0.03771383687853813
        ],
        [
            0.17112214863300323,
            0.03304487466812134,
            0.03068486787378788
        ],
        [
            0.17343448102474213,
            0.03778863698244095,
            0.03189709037542343
        ],
        [
            0.17379526793956757,
            0.03581082820892334,
            0.03775865212082863
        ],
        [
            0.15689799189567566,
            0.08024038374423981,
            0.05035389959812164
        ],
        [
            0.15220607817173004,
            0.08298039436340332,
            0.04769381135702133
        ],
        [
            0.15311548113822937,
            0.08417239785194397,
            0.04752916842699051
        ],
        [
            0.15869033336639404,
            0.0828753188252449,
            0.04976040869951248
        ],
        [
            0.13455131649971008,
            0.07234638184309006,
            0.05148600786924362
        ],
        [
            0.12968923151493073,
            0.07432530075311661,
            0.05506226420402527
        ],
        [
            0.13327647745609283,
            0.07736827433109283,
            0.0544879175722599
        ],
        [
            0.1378219872713089,
            0.07427294552326202,
            0.05170118808746338
        ],
        [
            0.1284450888633728,
            0.07510010898113251,
            0.06116286665201187
        ],
        [
            0.13200825452804565,
            0.07890883088111877,
            0.06074116379022598
        ],
        [
            0.16040554642677307,
            0.08031293749809265,
            0.05590182915329933
        ],
        [
            0.160051167011261,
            0.0841369554400444,
            0.06267031282186508
        ],
        [
            0.1518424153327942,
            0.06982018053531647,
            0.06571730226278305
        ],
        [
            0.15322944521903992,
            0.06998378038406372,
            0.05791861563920975
        ],
        [
            0.1243538185954094,
            0.0016313381493091583,
            0.028252936899662018
        ],
        [
            0.129783034324646,
            -0.0025770142674446106,
            0.019345268607139587
        ],
        [
            0.14171509444713593,
            0.005509182810783386,
            0.024608707055449486
        ],
        [
            0.15419894456863403,
            0.01237543299794197,
            0.030366603285074234
        ],
        [
            0.16497252881526947,
            0.020213890820741653,
            0.035720787942409515
        ],
        [
            0.1598108857870102,
            0.023532375693321228,
            0.04646868258714676
        ],
        [
            0.14420878887176514,
            0.0023270361125469208,
            0.017333487048745155
        ],
        [
            0.14895421266555786,
            0.060862183570861816,
            0.059135276824235916
        ],
        [
            0.14593322575092316,
            0.05963442102074623,
            0.06693259626626968
        ],
        [
            0.14846239984035492,
            0.0560213103890419,
            0.06351656466722488
        ],
        [
            0.13116493821144104,
            0.031039772555232048,
            0.008189704269170761
        ],
        [
            0.1422499418258667,
            0.09245888143777847,
            0.05864647775888443
        ],
        [
            0.08002722263336182,
            0.0026421397924423218,
            0.029877781867980957
        ],
        [
            0.08950434625148773,
            -0.006326936185359955,
            0.027734216302633286
        ],
        [
            0.09377357363700867,
            0.0002735406160354614,
            0.03174104914069176
        ],
        [
            0.08329769223928452,
            0.010681450366973877,
            0.03334229439496994
        ],
        [
            0.14636705815792084,
            0.08717208355665207,
            0.048606570810079575
        ],
        [
            0.14226427674293518,
            0.09029468894004822,
            0.05264606326818466
        ],
        [
            0.16497096419334412,
            0.041443899273872375,
            0.024161716923117638
        ],
        [
            0.1683579981327057,
            0.04487083852291107,
            0.028141211718320847
        ],
        [
            0.1715364307165146,
            0.04279834404587746,
            0.028052551671862602
        ],
        [
            0.17030738294124603,
            0.0404822938144207,
            0.022260606288909912
        ],
        [
            0.13119041919708252,
            -0.004689157009124756,
            0.013850653544068336
        ],
        [
            0.1748121827840805,
            0.020384034141898155,
            0.015313701704144478
        ],
        [
            0.1728687584400177,
            0.018375715240836143,
            0.026531018316745758
        ],
        [
            0.11924726516008377,
            -0.009468216449022293,
            0.015164118260145187
        ],
        [
            0.11452451348304749,
            -0.006402589380741119,
            0.023266006261110306
        ],
        [
            0.10786804556846619,
            -0.012500185519456863,
            0.019354678690433502
        ],
        [
            0.15742388367652893,
            0.035898104310035706,
            0.05529194325208664
        ],
        [
            0.12170558422803879,
            0.006567765027284622,
            0.03499592840671539
        ],
        [
            0.11143455654382706,
            -0.0019054189324378967,
            0.028745528310537338
        ],
        [
            0.10333595424890518,
            -0.008983395993709564,
            0.024325458332896233
        ],
        [
            0.09811847656965256,
            -0.014826986938714981,
            0.021228991448879242
        ],
        [
            0.10360550880432129,
            -0.017996810376644135,
            0.016009356826543808
        ],
        [
            0.15572328865528107,
            0.08798259496688843,
            0.0656915232539177
        ],
        [
            0.16290105879306793,
            0.08873618394136429,
            0.060184456408023834
        ],
        [
            0.09917790442705154,
            -0.025483794510364532,
            0.013121366500854492
        ],
        [
            0.09303843230009079,
            -0.02114483341574669,
            0.01868019998073578
        ],
        [
            0.10672225058078766,
            0.003772139549255371,
            0.03435881435871124
        ],
        [
            0.10059970617294312,
            0.011507522314786911,
            0.039788469672203064
        ],
        [
            0.11681580543518066,
            0.01192547008395195,
            0.04000983387231827
        ],
        [
            0.11153854429721832,
            0.02019963413476944,
            0.046206872910261154
        ],
        [
            0.15088193118572235,
            0.03666340559720993,
            0.06438904255628586
        ],
        [
            0.1654384583234787,
            0.09794316440820694,
            0.04380246251821518
        ],
        [
            0.16473455727100372,
            0.08976496756076813,
            0.051664579659700394
        ],
        [
            0.16100925207138062,
            0.08662207424640656,
            0.0482231080532074
        ],
        [
            0.16422533988952637,
            0.09440624713897705,
            0.04159850627183914
        ],
        [
            0.1624302715063095,
            0.0842827558517456,
            0.05413211137056351
        ],
        [
            0.1638888269662857,
            0.0932295024394989,
            0.05637535825371742
        ],
        [
            0.10231073200702667,
            0.031795602291822433,
            0.049437135457992554
        ],
        [
            0.1482221633195877,
            0.06493765860795975,
            0.05155029147863388
        ],
        [
            0.08897753059864044,
            0.024700380861759186,
            0.04022057354450226
        ],
        [
            0.09459426254034042,
            0.04816180467605591,
            0.05274398624897003
        ],
        [
            0.08484920859336853,
            0.04365349933505058,
            0.043586596846580505
        ],
        [
            0.07481122016906738,
            0.019624769687652588,
            0.030361358076334
        ],
        [
            0.07477778941392899,
            0.03506103530526161,
            0.033184152096509933
        ],
        [
            0.069026418030262,
            0.00505857914686203,
            0.02414051443338394
        ],
        [
            0.07320697605609894,
            0.011493392288684845,
            0.02771291881799698
        ],
        [
            0.07520246505737305,
            0.0504346564412117,
            0.033941082656383514
        ],
        [
            0.14876461029052734,
            0.09537770599126816,
            0.04258507117629051
        ],
        [
            0.15348801016807556,
            0.09180183708667755,
            0.04079081490635872
        ],
        [
