{
    "pred_cam": [
        9.962949752807617,
        -0.15432612597942352,
        -0.05805475264787674
    ],
    "pred_mano_params": {
        "global_orient": [
            [
                [
                    -0.21000444889068604,
                    -0.9714655876159668,
                    0.11023873835802078
                ],
                [
                    -0.5671388506889343,
                    0.029196782037615776,
                    -0.8231044411659241
                ],
                [
                    0.7963991761207581,
                    -0.2353762835264206,
                    -0.5570873618125916
                ]
            ]
        ],
        "hand_pose": [
            [
                [
                    0.6911869645118713,
                    -0.5798410773277283,
                    -0.43132928013801575
                ],
                [
                    0.5591304302215576,
                    0.8072118163108826,
                    -0.18916159868240356
                ],
                [
                    0.45785781741142273,
                    -0.11042334139347076,
                    0.88214111328125
                ]
            ],
            [
                [
                    0.9905375242233276,
                    -0.1029905304312706,
                    0.09070997685194016
                ],
                [
                    0.11869463324546814,
                    0.9746824502944946,
                    -0.18948793411254883
                ],
                [
                    -0.06889797002077103,
                    0.19846171140670776,
                    0.977683961391449
                ]
            ],
            [
                [
                    0.8344829678535461,
                    -0.551032543182373,
                    -0.0011504171416163445
                ],
                [
                    0.5354738235473633,
                    0.8114098906517029,
                    -0.23426847159862518
                ],
                [
                    0.1300230175256729,
                    0.194877028465271,
                    0.9721712470054626
                ]
            ],
            [
                [
                    0.6258752942085266,
                    -0.688303530216217,
                    -0.3667674660682678
                ],
                [
                    0.6696687340736389,
                    0.7153189182281494,
                    -0.19965630769729614
                ],
                [
                    0.3997798562049866,
                    -0.12065275013446808,
                    0.9086357951164246
                ]
            ],
            [
                [
                    0.9796426296234131,
                    -0.19094297289848328,
                    -0.06197623908519745
                ],
                [
                    0.20070287585258484,
                    0.9382089972496033,
                    0.28192582726478577
                ],
                [
                    0.004314916208386421,
                    -0.2886253893375397,
                    0.9574323296546936
                ]
            ],
            [
                [
                    0.775603711605072,
                    -0.5883207321166992,
                    -0.2287304401397705
                ],
                [
                    0.6224006414413452,
                    0.7731537222862244,
                    0.12186332792043686
                ],
                [
                    0.10514909029006958,
                    -0.2368796169757843,
                    0.9658321142196655
                ]
            ],
            [
                [
                    0.40716052055358887,
                    -0.8028579950332642,
                    0.435476154088974
                ],
                [
                    0.7743915915489197,
                    0.5562555193901062,
                    0.30149203538894653
                ],
                [
                    -0.48429131507873535,
                    0.2144734412431717,
                    0.8482117652893066
                ]
            ],
            [
                [
                    0.9242433905601501,
                    -0.12138139456510544,
                    -0.3619954586029053
                ],
                [
                    0.24139966070652008,
                    0.92033851146698,
                    0.3077388107776642
                ],
                [
                    0.29580461978912354,
                    -0.3718111515045166,
                    0.8799182176589966
                ]
            ],
            [
                [
                    0.6590602397918701,
                    -0.7129732370376587,
                    0.23939275741577148
                ],
                [
                    0.7126302123069763,
                    0.6937496066093445,
                    0.10425794869661331
                ],
                [
                    -0.24041171371936798,
                    0.10188624262809753,
                    0.9653090238571167
                ]
            ],
            [
                [
                    0.6120781898498535,
                    -0.7896150946617126,
                    -0.04322318732738495
                ],
                [
                    0.7725885510444641,
                    0.6087523698806763,
                    -0.180353581905365
                ],
                [
                    0.16872213780879974,
                    0.07699675858020782,
                    0.9826516509056091
                ]
            ],
            [
                [
                    0.9583901166915894,
                    -0.26076412200927734,
                    -0.11614827811717987
                ],
                [
                    0.2854616045951843,
                    0.875247597694397,
                    0.39045262336730957
                ],
                [
                    -0.0001575352216605097,
                    -0.40736183524131775,
                    0.9132667779922485
                ]
            ],
            [
                [
                    0.7274019718170166,
                    -0.5363567471504211,
                    -0.4280279278755188
                ],
                [
                    0.6533520221710205,
                    0.73203444480896,
                    0.19302009046077728
                ],
                [
                    0.20980356633663177,
                    -0.4200561046600342,
                    0.8829130530357361
                ]
            ],
            [
                [
                    0.9848393797874451,
                    0.0724155604839325,
                    -0.15763065218925476
                ],
                [
                    -0.16342659294605255,
                    0.6920181512832642,
                    -0.7031375765800476
                ],
                [
                    0.05816517770290375,
                    0.7182385921478271,
                    0.6933613419532776
                ]
            ],
            [
                [
                    0.8561335206031799,
                    -0.2935832142829895,
                    -0.4252578914165497
                ],
                [
                    0.4520363211631775,
                    0.8242387771606445,
                    0.34101834893226624
                ],
                [
                    0.25039681792259216,
                    -0.4841892719268799,
                    0.8383687138557434
                ]
            ],
            [
                [
                    0.9429018497467041,
                    0.3117215931415558,
                    -0.11732719838619232
                ],
                [
                    -0.3136140704154968,
                    0.9495474100112915,
                    0.0024472340010106564
                ],
                [
                    0.11217058449983597,
                    0.03448795899748802,
                    0.9930902719497681
                ]
            ]
        ],
        "betas": [
            -0.05319526791572571,
            -0.02069416642189026,
            -0.08706352114677429,
            -0.009706884622573853,
            0.04135030508041382,
            0.041073113679885864,
            0.0776025801897049,
            -0.06357815861701965,
            0.03931021690368652,
            0.019706517457962036
        ]
    },
    "pred_cam_t": [
        -0.15432612597942352,
        -0.05805475264787674,
        3.920776605606079
    ],
    "focal_length": [
        5000.0,
        5000.0
    ],
    "pred_keypoints_3d": [
        [
            0.09600971639156342,
            0.006401237100362778,
            0.006222173571586609
        ],
        [
            0.11901095509529114,
            -0.0016278726980090141,
            -0.02374488115310669
        ],
        [
            0.13811400532722473,
            -0.0020316429436206818,
            -0.047951675951480865
        ],
        [
            0.1522870659828186,
            0.013679757714271545,
            -0.06499570608139038
        ],
        [
            0.16081684827804565,
            0.03219352662563324,
            -0.09502217173576355
        ],
        [
            0.12191184610128403,
            0.03934494033455849,
            -0.07451291382312775
        ],
        [
            0.14097534120082855,
            0.06477180123329163,
            -0.08401073515415192
        ],
        [
            0.15803316235542297,
            0.078977070748806,
            -0.08620433509349823
        ],
        [
            0.17939984798431396,
            0.09044274687767029,
            -0.0775659829378128
        ],
        [
            0.11700928211212158,
            0.06301630288362503,
            -0.06718139350414276
        ],
        [
            0.13697664439678192,
            0.08779451996088028,
            -0.06784708797931671
        ],
        [
            0.1558344066143036,
            0.10082074254751205,
            -0.06329543143510818
        ],
        [
            0.17814335227012634,
            0.10420025885105133,
            -0.05064094066619873
        ],
        [
            0.11411035060882568,
            0.07479685544967651,
            -0.043259147554636
        ],
        [
            0.13619554042816162,
            0.09285411238670349,
            -0.048226214945316315
        ],
        [
            0.15736445784568787,
            0.10317903012037277,
            -0.0402049794793129
        ],
        [
            0.17425283789634705,
            0.10371926426887512,
            -0.02045862004160881
        ],
        [
            0.11542226374149323,
            0.08088137209415436,
            -0.02228243462741375
        ],
        [
            0.13427448272705078,
            0.08937230706214905,
            -0.026910172775387764
        ],
        [
            0.1506069004535675,
            0.09773948788642883,
            -0.021883904933929443
        ],
        [
            0.16392865777015686,
            0.09598742425441742,
            -0.011813590303063393
        ]
    ],
    "pred_vertices": [
        [
            0.12488450855016708,
            0.020937172695994377,
            -0.03865976631641388
        ],
        [
            0.12443557381629944,
            0.015695132315158844,
            -0.0293852798640728
        ],
        [
            0.1308932602405548,
            0.014377877116203308,
            -0.0375441238284111
        ],
        [
            0.13008151948451996,
            0.018415892496705055,
            -0.04636729136109352
        ],
        [
            0.1370120495557785,
            0.0018593259155750275,
            -0.020797796547412872
        ],
        [
            0.13680914044380188,
            -0.01053803600370884,
            -0.020137444138526917
        ],
        [
            0.1455676406621933,
            -0.006852375343441963,
            -0.03463074192404747
        ],
        [
            0.14517253637313843,
            0.003072604537010193,
            -0.03189979866147041
        ],
        [
            0.13240158557891846,
            0.01632503978908062,
            -0.053183987736701965
        ],
        [
            0.1358739137649536,
            0.013340635225176811,
            -0.0438399463891983
        ],
        [
            0.12972815334796906,
            0.013673366978764534,
            -0.05545984208583832
        ],
        [
            0.1218252182006836,
            0.016685383394360542,
            -0.06634180247783661
        ],
        [
            0.12744036316871643,
            0.01935885287821293,
            -0.06212567538022995
        ],
        [
            0.11902888119220734,
            0.021823052316904068,
            -0.07307521998882294
        ],
        [
            0.11172041296958923,
            0.01211492344737053,
            -0.0640455037355423
        ],
        [
            0.10973047465085983,
            0.02473493665456772,
            -0.07353267818689346
        ],
        [
            0.09359824657440186,
            0.02821843884885311,
            -0.048190340399742126
        ],
        [
            0.0907086655497551,
            0.03702101483941078,
            -0.03819558024406433
        ],
        [
            0.09455114603042603,
            0.04855526238679886,
            -0.05085751414299011
        ],
        [
            0.09803050756454468,
            0.038459278643131256,
            -0.05954553186893463
        ],
        [
            0.09387537837028503,
            0.05695543810725212,
            -0.03154606372117996
        ],
        [
            0.09439358860254288,
            0.052952565252780914,
            -0.04281976819038391
        ],
        [
            0.0893154889345169,
            0.04153776913881302,
            -0.030465904623270035
        ],
        [
            0.08938394486904144,
            0.04559145122766495,
            -0.02098812907934189
        ],
        [
            0.11880531907081604,
            0.027175968512892723,
            -0.024859938770532608
        ],
        [
            0.11750151216983795,
            0.021601438522338867,
            -0.015641089528799057
        ],
        [
            0.11866321414709091,
            0.019007470458745956,
            -0.020765744149684906
        ],
        [
            0.12021034210920334,
            0.0242023803293705,
            -0.029415372759103775
        ],
        [
            0.1322566419839859,
            0.006198856979608536,
            -0.057932935655117035
        ],
        [
            0.12174168974161148,
            0.00026613473892211914,
            -0.05679553747177124
        ],
        [
            0.12393690645694733,
            0.007798127830028534,
            -0.05798397213220596
        ],
        [
            0.1350584477186203,
            0.010334661230444908,
            -0.05518778786063194
        ],
        [
            0.11843731254339218,
            0.013413779437541962,
            0.012327872216701508
        ],
        [
            0.11039955168962479,
            0.004852820187807083,
            0.01908237487077713
        ],
        [
            0.11066295206546783,
            0.00048018619418144226,
            0.015128575265407562
        ],
        [
            0.11747321486473083,
            0.009395930916070938,
            0.0096505805850029
        ],
        [
            0.12067390978336334,
            -0.011863753199577332,
            -0.0017414689064025879
        ],
        [
            0.1115613654255867,
            -0.013924065977334976,
            0.0040259212255477905
        ],
        [
            0.10304495692253113,
            -0.024109143763780594,
            0.0001360476016998291
        ],
        [
            0.1094139963388443,
            -0.022482451051473618,
            -0.00801156461238861
        ],
        [
            0.1297430694103241,
            -0.011087562888860703,
            -0.010574162006378174
        ],
        [
            0.12129412591457367,
            -0.021570788696408272,
            -0.015125587582588196
        ],
        [
            0.13089635968208313,
            -0.019486257806420326,
            -0.02508685737848282
        ],
        [
            0.14151084423065186,
            -0.013685306534171104,
            -0.03976714238524437
        ],
        [
            0.10684805363416672,
            0.01445404440164566,
            0.02689698338508606
        ],
        [
            0.11272486299276352,
            0.022026553750038147,
            0.023305702954530716
        ],
        [
            0.15156078338623047,
            0.0612337663769722,
            -0.0832219272851944
        ],
        [
            0.1507500261068344,
            0.06467777490615845,
            -0.07853008061647415
        ],
        [
            0.14802663028240204,
            0.06023133546113968,
            -0.07748156785964966
        ],
        [
            0.14896157383918762,
            0.05786522477865219,
            -0.08273512125015259
        ],
        [
            0.09294974058866501,
            0.029157109558582306,
            0.02523452788591385
        ],
        [
            0.0836869552731514,
            0.029501236975193024,
            0.021186180412769318
        ],
        [
            0.08321327716112137,
            0.025489889085292816,
            0.027289044111967087
        ],
        [
            0.09197451174259186,
            0.02346016839146614,
            0.030153788626194
        ],
        [
            0.0942925438284874,
            0.03664127364754677,
            0.018702659755945206
        ],
        [
            0.08498626947402954,
            0.034693654626607895,
            0.012555699795484543
        ],
        [
            0.1453157365322113,
            0.06632491946220398,
            -0.0932270810008049
        ],
        [
            0.14886583387851715,
            0.06290237605571747,
            -0.09160105139017105
        ],
        [
            0.14450833201408386,
            0.05990299582481384,
            -0.09157223254442215
        ],
        [
            0.14047379791736603,
            0.06319683790206909,
            -0.09205010533332825
        ],
        [
            0.12910842895507812,
            0.022225571796298027,
            -0.055223360657691956
        ],
        [
            0.12694261968135834,
            0.025977997109293938,
            -0.046713221818208694
        ],
        [
            0.13067568838596344,
            0.033310726284980774,
            -0.06774753332138062
        ],
        [
            0.12817078828811646,
            0.031649477779865265,
            -0.059289779514074326
        ],
        [
            0.1280771642923355,
            0.025797052308917046,
            -0.06370487809181213
        ],
        [
            0.1291274130344391,
            0.028379246592521667,
            -0.07080992311239243
        ],
        [
            0.12199853360652924,
            0.04413701221346855,
            -0.039768293499946594
        ],
        [
            0.11960902065038681,
            0.03649206832051277,
            -0.031220898032188416
        ],
        [
            0.12102653086185455,
            0.033381253480911255,
            -0.0369444265961647
        ],
        [
            0.12464745342731476,
            0.04046403616666794,
            -0.04718511551618576
        ],
        [
            0.11979353427886963,
            0.044799819588661194,
            -0.019643694162368774
        ],
        [
            0.12164660543203354,
            0.05166748911142349,
            -0.029100362211465836
        ],
        [
            0.12141699343919754,
            0.05558718740940094,
            -0.021392378956079483
        ],
        [
            0.12118112295866013,
            0.049942150712013245,
            -0.015821263194084167
        ],
        [
            0.12432697415351868,
            0.060231659561395645,
            -0.04760228842496872
        ],
        [
            0.12451544404029846,
            0.06350007653236389,
            -0.05250561982393265
        ],
        [
            0.12637262046337128,
            0.06730613857507706,
            -0.0493573322892189
        ],
        [
            0.12407691031694412,
            0.06242813542485237,
            -0.044266972690820694
        ],
        [
            0.08171744644641876,
            0.021217569708824158,
            0.032784171402454376
        ],
        [
            0.09072905778884888,
            0.0174567773938179,
            0.03414451330900192
        ],
        [
            0.09643542766571045,
            0.06628184765577316,
            -0.01167028397321701
        ],
        [
            0.10192254930734634,
            0.0658804401755333,
            -0.0018096975982189178
        ],
        [
            0.10465167462825775,
            0.07719438523054123,
            -0.009404182434082031
        ],
        [
            0.09743557125329971,
            0.0749456062912941,
            -0.018484247848391533
        ],
        [
            0.07765524089336395,
            0.026329196989536285,
            0.01331169530749321
        ],
        [
            0.07586151361465454,
            0.023882504552602768,
            0.020574331283569336
        ],
        [
            0.14189787209033966,
            0.07114257663488388,
            -0.09134296327829361
        ],
        [
            0.13746073842048645,
            0.06752386689186096,
            -0.0891660749912262
        ],
        [
            0.11841709911823273,
            -0.022221699357032776,
            -0.02971544861793518
        ],
        [
            0.1337575763463974,
            -0.016288138926029205,
            -0.044862642884254456
        ],
        [
            0.10638780891895294,
            -0.023253075778484344,
            -0.01852457970380783
        ],
        [
            0.09776687622070312,
            -0.022986266762018204,
            -0.011140652000904083
        ],
        [
            0.09200780093669891,
            -0.02540169283747673,
            -0.00473640114068985
        ],
        [
            0.12814360857009888,
            0.03804679587483406,
            -0.05820966511964798
        ],
        [
            0.12286258488893509,
            0.027824750170111656,
            -0.038365934044122696
        ],
        [
            0.1182589903473854,
            0.03007848933339119,
            -0.02067273110151291
        ],
        [
            0.1212320476770401,
            0.051386214792728424,
            0.0016545988619327545
        ],
        [
            0.11981884390115738,
            0.0440356507897377,
            0.00908321887254715
        ],
        [
            0.12228738516569138,
            0.039707571268081665,
            -0.00045063719153404236
        ],
        [
            0.12243026494979858,
            0.047098539769649506,
            -0.005140736699104309
        ],
        [
            0.11119092255830765,
            0.06562164425849915,
            0.0017962642014026642
        ],
        [
            0.11834246665239334,
            0.0628347173333168,
            -0.0012260377407073975
        ],
        [
            0.1187829077243805,
            0.0696491003036499,
            -0.007023774087429047
        ],
        [
            0.11229105293750763,
            0.07434839755296707,
            -0.0051015689969062805
        ],
        [
            0.1330704391002655,
            -0.00048771873116493225,
            -0.061083778738975525
        ],
        [
            0.12130548059940338,
            -0.0070818401873111725,
            -0.05530010163784027
        ],
        [
            0.10302048176527023,
            0.026099931448698044,
            0.026687096804380417
        ],
        [
            0.10115502774715424,
            0.019096050411462784,
            0.029656454920768738
        ],
        [
            0.09706155955791473,
            0.01291617751121521,
            0.03384336829185486
        ],
        [
            0.11877476423978806,
            0.01646425575017929,
            -0.002146326005458832
        ],
        [
            0.11699250340461731,
            0.006547044962644577,
            0.00782947987318039
        ],
        [
            0.11825209110975266,
            0.0038278549909591675,
            0.004545912146568298
        ],
        [
            0.11812534928321838,
            0.014802582561969757,
            -0.004893973469734192
        ],
        [
            0.1266753226518631,
            0.011016001924872398,
            -0.01884116232395172
        ],
        [
            0.1284341663122177,
            0.0017262324690818787,
            -0.009175293147563934
        ],
        [
            0.13435663282871246,
            0.011536723002791405,
            -0.02790217474102974
        ],
        [
            0.11056770384311676,
            -0.006573565304279327,
            0.011040575802326202
        ],
        [
            0.10668030381202698,
            -0.006720617413520813,
            0.02134288102388382
        ],
        [
            0.10615471750497818,
            -0.013585846871137619,
            0.015670716762542725
        ],
        [
            0.10467065870761871,
            0.0007939860224723816,
            0.027356870472431183
        ],
        [
            0.10156957060098648,
            0.007804445922374725,
            0.03196233510971069
        ],
        [
            0.07119996845722198,
            0.02079492062330246,
            0.027050677686929703
        ],
        [
            0.1044960618019104,
            -0.019012317061424255,
            0.009460598230361938
        ],
        [
            0.14936485886573792,
            0.003914240747690201,
            -0.04045044630765915
        ],
        [
            0.15200933814048767,
            0.006353937089443207,
            -0.0476817861199379
        ],
        [
            0.14725643396377563,
            0.011696424335241318,
            -0.047103025019168854
        ],
        [
            0.14444518089294434,
            0.010052131488919258,
            -0.04150504618883133
        ],
        [
            0.11957679688930511,
            0.029253678396344185,
            -0.0798431858420372
        ],
        [
            0.1262139230966568,
            0.027461372315883636,
            -0.07597224414348602
        ],
        [
            0.12508030235767365,
            0.021310383453965187,
            -0.06874999403953552
        ],
        [
            0.1208176538348198,
            0.02414562925696373,
            0.008464772254228592
        ],
        [
            0.11605580896139145,
            0.03095991536974907,
            0.018050935119390488
        ],
        [
            0.13027335703372955,
            0.03954005613923073,
            -0.06626271456480026
        ],
        [
            0.13593168556690216,
            0.06047505885362625,
            -0.09118273109197617
        ],
        [
            0.1403224766254425,
            0.05654135346412659,
            -0.0908411368727684
        ],
        [
            0.1290014684200287,
            0.04159524291753769,
            -0.08605491369962692
        ],
        [
            0.12430913746356964,
            0.046622488647699356,
            -0.08705151826143265
        ],
        [
            0.12775370478630066,
            0.04939952492713928,
            -0.06894426792860031
        ],
        [
            0.13081054389476776,
            0.04286679998040199,
            -0.06772008538246155
        ],
        [
            0.13080137968063354,
            0.04550629109144211,
            -0.06803335249423981
        ],
        [
            0.12882715463638306,
            0.05181731656193733,
            -0.06722227483987808
        ],
        [
            0.1250881552696228,
            0.06980066746473312,
            -0.04049527645111084
        ],
        [
            0.12336546182632446,
            0.06533332169055939,
            -0.036113590002059937
        ],
        [
            0.10616441816091537,
            0.048809200525283813,
            -0.06916429102420807
        ],
        [
            0.10429103672504425,
            0.038327429443597794,
            -0.07699117064476013
        ],
        [
            0.10126109421253204,
            0.029733534902334213,
            -0.06766073405742645
        ],
        [
            0.12124958634376526,
            0.04787038639187813,
            -0.03329188749194145
        ],
        [
            0.12335804849863052,
            0.05515341833233833,
            -0.04041675478219986
        ],
        [
            0.12293106317520142,
            0.05756865814328194,
            -0.037014178931713104
        ],
        [
            0.12789347767829895,
            0.04280640557408333,
            -0.05889328569173813
        ],
        [
            0.12875694036483765,
            0.045406997203826904,
            -0.06486251205205917
        ],
        [
            0.1273924559354782,
            0.04823436215519905,
            -0.06123204901814461
        ],
        [
            0.1264098435640335,
            0.045717015862464905,
            -0.05434437096118927
        ],
        [
            0.09826024621725082,
            0.05554791912436485,
            0.005985632538795471
        ],
        [
            0.10917021334171295,
            0.05568280443549156,
            0.01029563695192337
        ],
        [
            0.15099282562732697,
            0.060817424207925797,
            -0.08799421787261963
        ],
        [
            0.14750003814697266,
            0.057708315551280975,
            -0.0879296362400055
        ],
        [
            0.11896093934774399,
            0.040286920964717865,
            -0.025040242820978165
        ],
        [
            0.09882322698831558,
            0.020698418840765953,
            -0.055619701743125916
        ],
        [
            0.11809476464986801,
            0.033211223781108856,
            -0.016105353832244873
        ],
        [
            0.10594874620437622,
            0.07476165145635605,
            -0.03618047386407852
        ],
        [
            0.11372962594032288,
            0.07676427811384201,
            -0.03233131021261215
        ],
        [
            0.11641576886177063,
            0.07875551283359528,
            -0.03574548661708832
        ],
        [
            0.1117105558514595,
            0.07935459911823273,
            -0.040040522813797
        ],
        [
            0.13749538362026215,
            0.06431692838668823,
            -0.07181235402822495
        ],
        [
            0.14207029342651367,
            0.06064993143081665,
            -0.07206510752439499
        ],
        [
            0.14523378014564514,
            0.06453973054885864,
            -0.07374535501003265
        ],
        [
            0.14106385409832,
            0.06858649849891663,
            -0.07388482242822647
        ],
        [
            0.13233856856822968,
            0.03780905157327652,
            -0.07027553766965866
        ],
        [
            0.1318541169166565,
            0.033271294087171555,
            -0.07461130619049072
        ],
        [
            0.1348177045583725,
            0.03883247822523117,
            -0.07588256150484085
        ],
        [
            0.1335076540708542,
            0.04243529960513115,
            -0.07124306261539459
        ],
        [
            0.12896770238876343,
            0.03333168104290962,
            -0.07989758998155594
        ],
        [
            0.13263419270515442,
            0.03865427523851395,
            -0.08176100254058838
        ],
        [
            0.1329628825187683,
            0.06702984124422073,
            -0.07571782171726227
        ],
        [
            0.13053679466247559,
            0.0671190470457077,
            -0.08287002891302109
        ],
        [
            0.11974150687456131,
            0.05588904395699501,
            -0.07791192084550858
        ],
        [
            0.12482000142335892,
            0.05674612149596214,
            -0.07153472304344177
        ],
        [
            0.08373868465423584,
            0.03509748727083206,
            -0.011382624506950378
        ],
        [
            0.08555661141872406,
            0.04088209941983223,
            -0.0019683726131916046
        ],
        [
            0.09101609885692596,
            0.05163620412349701,
            -0.011295005679130554
        ],
        [
            0.09512199461460114,
            0.06308940798044205,
            -0.020487535744905472
        ],
        [
            0.09994331002235413,
            0.07265502214431763,
            -0.02999521978199482
        ],
        [
            0.0968141257762909,
            0.06697596609592438,
            -0.04043925553560257
        ],
        [
            0.09245622158050537,
            0.054451800882816315,
            -0.0036358386278152466
        ],
        [
            0.12086115032434464,
            0.05379287153482437,
            -0.07094573974609375
        ],
        [
            0.11325427889823914,
            0.049407362937927246,
            -0.07500879466533661
        ],
        [
            0.11430668085813522,
            0.053063925355672836,
            -0.07190459966659546
        ],
        [
            0.11966773122549057,
            0.03776894137263298,
            -0.01037069782614708
        ],
        [
            0.14372053742408752,
            0.05402775853872299,
            -0.08755780756473541
        ],
        [
            0.07857505232095718,
            -0.008971929550170898,
            -0.011035539209842682
        ],
        [
            0.07320209592580795,
            0.001699347048997879,
            -0.004831284284591675
        ],
        [
            0.07711172848939896,
            0.005068697035312653,
            -0.011973150074481964
        ],
        [
            0.08400557190179825,
            -0.006941389292478561,
            -0.018694572150707245
        ],
        [
            0.1453447937965393,
            0.05599399283528328,
            -0.0759723111987114
        ],
        [
            0.1462772786617279,
            0.05342370271682739,
            -0.08172202110290527
        ],
        [
            0.12345419824123383,
            0.07009084522724152,
            -0.03121509775519371
        ],
        [
            0.124306820333004,
            0.0733904168009758,
            -0.03602113947272301
        ],
        [
            0.12243388593196869,
            0.07690292596817017,
            -0.034494493156671524
        ],
        [
            0.12377210706472397,
            0.07562736421823502,
            -0.028785977512598038
        ],
        [
            0.08684952557086945,
            0.042479258030653,
            0.003689918667078018
        ],
        [
            0.11015906929969788,
            0.08291615545749664,
            -0.014775440096855164
        ],
        [
            0.10320010781288147,
            0.08079838007688522,
            -0.022817684337496758
        ],
        [
            0.08069152384996414,
            0.031351301819086075,
            0.005751106888055801
        ],
        [
            0.07842941582202911,
            0.026398207992315292,
            -0.002424154430627823
        ],
        [
            0.07462072372436523,
            0.020556263625621796,
            0.004463993012905121
        ],
        [
            0.10235471278429031,
            0.06309337913990021,
            -0.054330457001924515
        ],
        [
            0.08395443856716156,
            0.03193638101220131,
            -0.01952289417386055
        ],
        [
            0.07890408486127853,
            0.022842101752758026,
            -0.0092436783015728
        ],
        [
            0.07436664402484894,
            0.01569066196680069,
            -0.00132838636636734
        ],
        [
            0.0705537348985672,
            0.011238876730203629,
            0.004672281444072723
        ],
        [
            0.0713425725698471,
            0.016989048570394516,
            0.010431438684463501
        ],
        [
            0.13258829712867737,
            0.06459484994411469,
            -0.08766993880271912
        ],
        [
            0.13542045652866364,
            0.07134164124727249,
            -0.08423437178134918
        ],
        [
            0.06606380641460419,
            0.013562675565481186,
            0.017059218138456345
        ],
        [
            0.06602229177951813,
            0.007012814283370972,
            0.010453417897224426
        ],
        [
            0.08015133440494537,
            0.017523355782032013,
            -0.016696665436029434
        ],
        [
            0.0831601619720459,
            0.010395366698503494,
            -0.025145400315523148
        ],
        [
            0.08523678779602051,
            0.026498917490243912,
            -0.026275400072336197
        ],
        [
            0.08835253119468689,
            0.02030690386891365,
            -0.03557025268673897
        ],
        [
            0.09750112891197205,
            0.0561010017991066,
            -0.06154971569776535
        ],
        [
            0.14984887838363647,
            0.08326837420463562,
            -0.08464464545249939
        ],
        [
            0.14109225571155548,
            0.0762256532907486,
            -0.08100865036249161
        ],
        [
            0.1440461426973343,
            0.073628269135952,
            -0.07664565742015839
        ],
        [
            0.1506452113389969,
            0.08226833492517471,
            -0.08034181594848633
        ],
        [
            0.13721904158592224,
            0.07120991498231888,
            -0.07765627652406693
        ],
        [
            0.13986141979694366,
            0.07505980134010315,
            -0.08652707189321518
        ],
        [
            0.09539805352687836,
            0.010137230157852173,
            -0.044093236327171326
        ],
        [
            0.12824425101280212,
            0.05209389701485634,
            -0.06661684811115265
        ],
        [
            0.09317612648010254,
            -0.0028754770755767822,
            -0.03268478065729141
        ],
        [
            0.10663251578807831,
            0.0026709679514169693,
            -0.05517454817891121
        ],
        [
            0.10743086040019989,
            -0.007291635498404503,
            -0.04622367024421692
        ],
        [
            0.09299067407846451,
            -0.017008744180202484,
            -0.021550104022026062
        ],
        [
            0.10550711303949356,
            -0.017829470336437225,
            -0.03378642350435257
        ],
        [
            0.08246056735515594,
            -0.02023940533399582,
            -0.006911680102348328
        ],
        [
            0.08680590987205505,
            -0.017254598438739777,
            -0.014020539820194244
        ],
        [
            0.11935245245695114,
            -0.01631191000342369,
            -0.04529167711734772
        ],
        [
            0.15837055444717407,
