{
    "pred_cam": [
        6.796706199645996,
        -0.034872867166996,
        0.013006046414375305
    ],
    "pred_mano_params": {
        "global_orient": [
            [
                [
                    0.8905503153800964,
                    0.30598974227905273,
                    0.3365864157676697
                ],
                [
                    0.42518550157546997,
                    -0.8229208588600159,
                    -0.37685343623161316
                ],
                [
                    0.1616707146167755,
                    0.478718638420105,
                    -0.86295485496521
                ]
            ]
        ],
        "hand_pose": [
            [
                [
                    0.7202264666557312,
                    -0.6695466637611389,
                    -0.18160732090473175
                ],
                [
                    0.627116322517395,
                    0.7402945160865784,
                    -0.24225863814353943
                ],
                [
                    0.2966463267803192,
                    0.060592152178287506,
                    0.9530633687973022
                ]
            ],
            [
                [
                    0.7508479356765747,
                    -0.6417729258537292,
                    0.1560603380203247
                ],
                [
                    0.6567811965942383,
                    0.7005516886711121,
                    -0.2790442407131195
                ],
                [
                    0.0697547048330307,
                    0.3120173215866089,
                    0.947512149810791
                ]
            ],
            [
                [
                    0.890098512172699,
                    -0.45099908113479614,
                    0.06576035916805267
                ],
                [
                    0.44036534428596497,
                    0.8882115483283997,
                    0.13099081814289093
                ],
                [
                    -0.11748584359884262,
                    -0.08763615041971207,
                    0.9892001152038574
                ]
            ],
            [
                [
                    0.5169584155082703,
                    -0.8154256939888,
                    -0.26045119762420654
                ],
                [
                    0.8411275744438171,
                    0.5403766632080078,
                    -0.02230398915708065
                ],
                [
                    0.1589290052652359,
                    -0.20754243433475494,
                    0.9652292728424072
                ]
            ],
            [
                [
                    0.7692565321922302,
                    -0.5962345004081726,
                    -0.2296709567308426
                ],
                [
                    0.6304482221603394,
                    0.7667098045349121,
                    0.12120632082223892
                ],
                [
                    0.10382360219955444,
                    -0.2380344271659851,
                    0.9656915068626404
                ]
            ],
            [
                [
                    0.8642261028289795,
                    -0.48345473408699036,
                    0.13922898471355438
                ],
                [
                    0.4865359365940094,
                    0.8735595345497131,
                    0.013283547013998032
                ],
                [
                    -0.12804681062698364,
                    0.056259918957948685,
                    0.9901710748672485
                ]
            ],
            [
                [
                    0.4741576910018921,
                    -0.8767312169075012,
                    -0.0807272419333458
                ],
                [
                    0.5978827476501465,
                    0.2533244490623474,
                    0.7605018019676208
                ],
                [
                    -0.646305501461029,
                    -0.4088631570339203,
                    0.644298255443573
                ]
            ],
            [
                [
                    0.9340063333511353,
                    -0.3302953541278839,
                    -0.1361512690782547
                ],
                [
                    0.326424777507782,
                    0.9438736438751221,
                    -0.05049043893814087
                ],
                [
                    0.14518636465072632,
                    0.0027152469847351313,
                    0.9894005656242371
                ]
            ],
            [
                [
                    0.9945014119148254,
                    0.06300260871648788,
                    0.08365169167518616
                ],
                [
                    -0.09645366668701172,
                    0.8621706366539001,
                    0.4973512887954712
                ],
                [
                    -0.040787599980831146,
                    -0.5026850700378418,
                    0.8635067343711853
                ]
            ],
            [
                [
                    0.38158130645751953,
                    -0.9217937588691711,
                    -0.0684969425201416
                ],
                [
                    0.9187635183334351,
                    0.3701142370700836,
                    0.13743720948696136
                ],
                [
                    -0.10133708268404007,
                    -0.11537598073482513,
                    0.9881391525268555
                ]
            ],
            [
                [
                    0.9544692039489746,
                    -0.2817196249961853,
                    -0.09809460490942001
                ],
                [
                    0.2978556752204895,
                    0.8818876147270203,
                    0.36545330286026
                ],
                [
                    -0.016446949914097786,
                    -0.37803196907043457,
                    0.9256463646888733
                ]
            ],
            [
                [
                    0.8882566094398499,
                    -0.42672210931777954,
                    0.17002469301223755
                ],
                [
                    0.38156402111053467,
                    0.8915238976478577,
                    0.24411869049072266
                ],
                [
                    -0.25575193762779236,
                    -0.15196473896503448,
                    0.9547237753868103
                ]
            ],
            [
                [
                    0.8632602691650391,
                    -0.3663787543773651,
                    -0.3472007215023041
                ],
                [
                    -0.2587806284427643,
                    0.2693328261375427,
                    -0.9276273250579834
                ],
                [
                    0.4333755075931549,
                    0.8906326293945312,
                    0.13769260048866272
                ]
            ],
            [
                [
                    0.9644607305526733,
                    -0.2554140090942383,
                    0.06766893714666367
                ],
                [
                    0.17522667348384857,
                    0.8099549412727356,
                    0.5597040057182312
                ],
                [
                    -0.1977650374174118,
                    -0.527955174446106,
                    0.8259250521659851
                ]
            ],
            [
                [
                    0.989280641078949,
                    0.07364048063755035,
                    0.12609918415546417
                ],
                [
                    -0.04030216485261917,
                    0.9676814675331116,
                    -0.2489340901374817
                ],
                [
                    -0.14035548269748688,
                    0.2411835789680481,
                    0.9602764248847961
                ]
            ]
        ],
        "betas": [
            0.12549564242362976,
            -0.01873716711997986,
            -0.04196026921272278,
            -0.04649576544761658,
            -0.10240417718887329,
            -0.046735234558582306,
            -0.016454190015792847,
            -0.09160926938056946,
            0.009209319949150085,
            -0.10205641388893127
        ]
    },
    "pred_cam_t": [
        -0.034872867166996,
        0.013006046414375305,
        5.747269153594971
    ],
    "focal_length": [
        5000.0,
        5000.0
    ],
    "pred_keypoints_3d": [
        [
            0.09512364864349365,
            0.006317190360277891,
            0.0061697037890553474
        ],
        [
            0.07769274711608887,
            -0.0007627937011420727,
            -0.027119483798742294
        ],
        [
            0.04853062331676483,
            0.0038019665516912937,
            -0.035166289657354355
        ],
        [
            0.022180715575814247,
            0.0067777312360703945,
            -0.040134452283382416
        ],
        [
            -0.009648419916629791,
            0.012501295655965805,
            -0.05569053813815117
        ],
        [
            0.02251286804676056,
            -0.034344930201768875,
            -0.028097491711378098
        ],
        [
            -0.009065579622983932,
            -0.028160611167550087,
            -0.03465889021754265
        ],
        [
            -0.018589340150356293,
            -0.008561765775084496,
            -0.03821177035570145
        ],
        [
            -0.020146049559116364,
            0.015793681144714355,
            -0.0417962484061718
        ],
        [
            0.009755842387676239,
            -0.031214673072099686,
            -0.006836341693997383
        ],
        [
            -0.015869883820414543,
            -0.01354983076453209,
            -0.012172587215900421
        ],
        [
            -0.01867937669157982,
            0.008836166933178902,
            -0.01737993024289608
        ],
        [
            -0.014506305567920208,
            0.03155656158924103,
            -0.027913948521018028
        ],
        [
            0.012621134519577026,
            -0.014995761215686798,
            0.013982732780277729
        ],
        [
            -0.007047131657600403,
            0.0018938034772872925,
            0.0016740458086133003
        ],
        [
            -0.01298053003847599,
            0.02406756393611431,
            -0.007425880059599876
        ],
        [
            -0.013787646777927876,
            0.04387456178665161,
            -0.022751424461603165
        ],
        [
            0.016738101840019226,
            0.0015240809880197048,
            0.027384988963603973
        ],
        [
            0.005421541631221771,
            0.013499928638339043,
            0.014377165585756302
        ],
        [
            4.8990827053785324e-05,
            0.027605470269918442,
            0.003123595379292965
        ],
        [
            -0.004312134347856045,
            0.0427413284778595,
            -0.012938367202877998
        ]
    ],
    "pred_vertices": [
        [
            0.052026186138391495,
            -0.0068419985473155975,
            -0.021942999213933945
        ],
        [
            0.06216472387313843,
            -0.00103682279586792,
            -0.018755096942186356
        ],
        [
            0.055588867515325546,
            -0.0009599700570106506,
            -0.021857859566807747
        ],
        [
            0.047903403639793396,
            -0.008399199694395065,
            -0.027589093893766403
        ],
        [
            0.06725294888019562,
            0.016673509031534195,
            -0.022936945781111717
        ],
        [
            0.07384994626045227,
            0.018101250752806664,
            -0.03263915702700615
        ],
        [
            0.05760688707232475,
            0.01689840480685234,
            -0.03557442128658295
        ],
        [
            0.05432026833295822,
            0.01689460314810276,
            -0.026076262816786766
        ],
        [
            0.04365894943475723,
            -0.010591302067041397,
            -0.030272383242845535
        ],
        [
            0.04867741838097572,
            -0.0005318149924278259,
            -0.024637263268232346
        ],
        [
            0.042380593717098236,
            -0.012634973973035812,
            -0.029576312750577927
        ],
        [
            0.041373685002326965,
            -0.027523301541805267,
            -0.034188657999038696
        ],
        [
            0.039953991770744324,
            -0.021296078339219093,
            -0.03424405679106712
        ],
        [
            0.03703976422548294,
            -0.03479721024632454,
            -0.03472815081477165
        ],
        [
            0.049515336751937866,
            -0.032764073461294174,
            -0.031586162745952606
        ],
        [
            0.03851913660764694,
            -0.041518434882164,
            -0.028541795909404755
        ],
        [
            0.05497707426548004,
            -0.0343654565513134,
            -0.0056260451674461365
        ],
        [
            0.05410599708557129,
            -0.028649315237998962,
            0.006663750857114792
        ],
        [
            0.03754449635744095,
            -0.03525792434811592,
            0.005805148743093014
        ],
        [
            0.04000838100910187,
            -0.0395565927028656,
            -0.007089374586939812
        ],
        [
            0.03978500887751579,
            -0.021136121824383736,
            0.021052515134215355
        ],
        [
            0.03774958848953247,
            -0.029164986684918404,
            0.012587175704538822
        ],
        [
            0.05464588478207588,
            -0.023695005103945732,
            0.014119780622422695
        ],
        [
            0.05565962195396423,
            -0.016597237437963486,
            0.021318897604942322
        ],
        [
            0.05541422963142395,
            -0.0005188938230276108,
            -0.009415745735168457
        ],
        [
            0.06497292220592499,
            0.004823107272386551,
            -0.00799320824444294
        ],
        [
            0.0653005987405777,
            0.0011647827923297882,
            -0.012404249049723148
        ],
        [
            0.05542091652750969,
            -0.003233073279261589,
            -0.014076259918510914
        ],
        [
            0.04076739028096199,
            -0.008541773073375225,
            -0.034942831844091415
        ],
        [
            0.05300137400627136,
            -0.017693638801574707,
            -0.03685890883207321
        ],
        [
            0.046885401010513306,
            -0.017870625481009483,
            -0.03287810459733009
        ],
        [
            0.03825639933347702,
            -0.0054488228633999825,
            -0.030998174101114273
        ],
        [
            0.08260264247655869,
            0.026047127321362495,
            0.00038516009226441383
        ],
        [
            0.09576091170310974,
            0.02517431229352951,
            0.003258182667195797
        ],
        [
            0.09732910245656967,
            0.02220967225730419,
            -0.0016692541539669037
        ],
        [
            0.08522462844848633,
            0.02315860614180565,
            -0.0032225516624748707
        ],
        [
            0.09370064735412598,
            0.017053503543138504,
            -0.023242436349391937
        ],
        [
            0.10256040841341019,
            0.014486715197563171,
            -0.017469923943281174
        ],
        [
            0.11147206276655197,
            0.005951341241598129,
            -0.02069917693734169
        ],
        [
            0.10220708698034286,
            0.00572175532579422,
            -0.027575425803661346
        ],
        [
            0.08409281820058823,
            0.017897915095090866,
            -0.028899691998958588
        ],
        [
            0.09102500975131989,
            0.00974651426076889,
            -0.035394564270973206
        ],
        [
            0.07815996557474136,
            0.01154264621436596,
            -0.04014930874109268
        ],
        [
            0.05994586646556854,
            0.011629994958639145,
            -0.04249971732497215
        ],
        [
            0.09342315793037415,
            0.028885073959827423,
            0.015189954079687595
        ],
        [
            0.08336366713047028,
            0.030575916171073914,
            0.014644402079284191
        ],
        [
            -0.0027106525376439095,
            -0.01784350350499153,
            -0.04072575643658638
        ],
        [
            -0.0034916317090392113,
            -0.015425775200128555,
            -0.03526703640818596
        ],
        [
            4.782434552907944e-05,
            -0.017050430178642273,
            -0.03510483726859093
        ],
        [
            2.2398307919502258e-05,
            -0.019359536468982697,
            -0.04037773609161377
        ],
        [
            0.08754429221153259,
            0.019039593636989594,
            0.03170032426714897
        ],
        [
            0.08957544714212418,
            0.009932449087500572,
            0.03524447977542877
        ],
        [
            0.09559336304664612,
            0.01387447863817215,
            0.03603895381093025
        ],
        [
            0.09456352144479752,
            0.02172645553946495,
            0.031140916049480438
        ],
        [
            0.07829581201076508,
            0.015432149171829224,
            0.032375793904066086
        ],
        [
            0.08116327226161957,
            0.004704765975475311,
            0.03348080813884735
        ],
        [
            -0.011314436793327332,
            -0.027023786678910255,
            -0.0426248274743557
        ],
        [
            -0.007860579527914524,
            -0.02384207956492901,
            -0.04480195418000221
        ],
        [
            -0.0049980757758021355,
            -0.027665575966238976,
            -0.043652791529893875
        ],
        [
            -0.007544184103608131,
            -0.03114854358136654,
            -0.04050799086689949
        ],
        [
            0.04099816083908081,
            -0.015733281150460243,
            -0.03156225383281708
        ],
        [
            0.04311788082122803,
            -0.011154403910040855,
            -0.024877948686480522
        ],
        [
            0.026475373655557632,
            -0.023306019604206085,
            -0.032530561089515686
        ],
        [
            0.0324186235666275,
            -0.01928918994963169,
            -0.028678474947810173
        ],
        [
            0.035027969628572464,
            -0.022565636783838272,
            -0.0338018499314785
        ],
        [
            0.02985396422445774,
            -0.02657422423362732,
            -0.03632865846157074
        ],
        [
            0.03429877385497093,
            -0.008604766800999641,
            -0.008041171357035637
        ],
        [
            0.044962719082832336,
            -0.004220789298415184,
            -0.007189840544015169
        ],
        [
            0.04424025118350983,
            -0.007660571485757828,
            -0.012715296819806099
        ],
        [
            0.03261830657720566,
            -0.012432301416993141,
            -0.0155281787738204
        ],
        [
            0.04378523677587509,
            0.004762046039104462,
            0.0035024897661060095
        ],
        [
            0.03363512083888054,
            -0.0007446408271789551,
            0.0020887700375169516
        ],
        [
            0.0344226136803627,
            0.004970060661435127,
            0.00831424817442894
        ],
        [
            0.04107663407921791,
            0.008724590763449669,
            0.007727319374680519
        ],
        [
            0.017749113962054253,
            -0.012245072051882744,
            -0.0029953178018331528
        ],
        [
            0.013471594080328941,
            -0.01527201384305954,
            -0.003892309730872512
        ],
        [
            0.01241846103221178,
            -0.01244618184864521,
            -0.002003526547923684
        ],
        [
            0.018022896721959114,
            -0.009985879994928837,
            -0.00024324875266756862
        ],
        [
            0.10200651735067368,
            0.016680240631103516,
            0.036970462650060654
        ],
        [
            0.10153159499168396,
            0.023514455184340477,
            0.030087072402238846
        ],
        [
            0.04068809747695923,
            -0.003905918449163437,
            0.034466344863176346
        ],
        [
            0.04353219270706177,
            0.006756416521966457,
            0.035337094217538834
        ],
        [
            0.030634354799985886,
            0.005363341420888901,
            0.03510948270559311
        ],
        [
            0.030452994629740715,
            -0.006769661791622639,
            0.03508105129003525
        ],
        [
            0.09115316718816757,
            8.619949221611023e-05,
            0.03281436860561371
        ],
        [
            0.09707143902778625,
            0.004049759358167648,
            0.03592924773693085
        ],
        [
            -0.014262959361076355,
            -0.028272554278373718,
            -0.03720388934016228
        ],
        [
            -0.010104257613420486,
            -0.03193631023168564,
            -0.03501942381262779
        ],
        [
            0.08329896628856659,
            -0.0014861077070236206,
            -0.041486967355012894
        ],
        [
            0.0621916688978672,
            0.002424178645014763,
            -0.04592347517609596
        ],
        [
            0.09793005883693695,
            -0.0038881897926330566,
            -0.032952792942523956
        ],
        [
            0.10678161680698395,
            -0.0056879520416259766,
            -0.02398620918393135
        ],
        [
            0.1149519830942154,
            -0.005494263023138046,
            -0.018063291907310486
        ],
        [
            0.02792181447148323,
            -0.018292874097824097,
            -0.02412879467010498
        ],
        [
            0.047196149826049805,
            -0.007760467007756233,
            -0.01769203320145607
        ],
        [
            0.05514074116945267,
            0.002409355714917183,
            -0.005278108641505241
        ],
        [
            0.04776398465037346,
            0.021655447781085968,
            0.017221301794052124
        ],
        [
            0.05713900923728943,
            0.025835605338215828,
            0.01723306067287922
        ],
        [
            0.05510164052248001,
            0.02032867819070816,
            0.008356266655027866
        ],
        [
            0.04745229333639145,
            0.01727323979139328,
            0.01052519865334034
        ],
        [
            0.04155489057302475,
            0.01583477109670639,
            0.03137438744306564
        ],
        [
            0.03945065289735794,
            0.018328482285141945,
            0.02417292259633541
        ],
        [
            0.03246500343084335,
            0.015417286194860935,
            0.02384449914097786
        ],
        [
            0.0321541428565979,
            0.013117942959070206,
            0.03089526668190956
        ],
        [
            0.042870327830314636,
            -0.007916612550616264,
            -0.04178599268198013
        ],
        [
            0.058107178658246994,
            -0.015741437673568726,
            -0.04101121798157692
        ],
        [
            0.08605560660362244,
            0.02667776495218277,
            0.024622652679681778
        ],
        [
            0.09360266476869583,
            0.027297861874103546,
            0.02280941605567932
        ],
        [
            0.10208605229854584,
            0.027325136587023735,
            0.02343406155705452
        ],
        [
            0.0744340792298317,
            0.015320155769586563,
            -0.005615654401481152
        ],
        [
            0.08708342164754868,
            0.02126077376306057,
            -0.005926522891968489
        ],
        [
            0.08748369663953781,
            0.019340824335813522,
            -0.010142508894205093
        ],
        [
            0.07560358196496964,
            0.012297634035348892,
            -0.007935785688459873
        ],
        [
            0.0707918256521225,
            0.00757196918129921,
            -0.016092443838715553
        ],
        [
            0.07947209477424622,
            0.016400933265686035,
            -0.01967369019985199
        ],
        [
            0.06074860692024231,
            0.008863043040037155,
            -0.017486445605754852
        ],
        [
            0.10092994570732117,
            0.018768813461065292,
            -0.008321331813931465
        ],
        [
            0.10740500688552856,
            0.023626219481229782,
            -0.0006136270239949226
        ],
        [
            0.11024380475282669,
            0.01882259175181389,
            -0.007490633055567741
        ],
        [
            0.10520301014184952,
            0.027076497673988342,
            0.008210147731006145
        ],
        [
            0.10319183766841888,
            0.02872231975197792,
            0.0166473388671875
        ],
        [
            0.10438799858093262,
            0.005501287057995796,
            0.03994102030992508
        ],
        [
            0.11210548877716064,
            0.013228248804807663,
            -0.013185539282858372
        ],
        [
            0.04567268490791321,
            0.015632707625627518,
            -0.029378460720181465
        ],
        [
            0.037876248359680176,
            0.014665362425148487,
            -0.03307335078716278
        ],
        [
            0.03624795377254486,
            0.009694451466202736,
            -0.027594901621341705
        ],
        [
            0.04343744367361069,
            0.009982148185372353,
            -0.02374361641705036
        ],
        [
            0.029374994337558746,
            -0.03911517560482025,
            -0.03543518856167793
        ],
        [
            0.029712911695241928,
            -0.0318889394402504,
            -0.03783917799592018
        ],
        [
            0.037130437791347504,
            -0.027922797948122025,
            -0.03647927939891815
        ],
        [
            0.07156415283679962,
            0.025274034589529037,
            0.003890635911375284
        ],
        [
            0.07270747423171997,
            0.029349276795983315,
            0.015706276521086693
        ],
        [
            0.02214047685265541,
            -0.02251676842570305,
            -0.02768113650381565
        ],
        [
            -0.004138330928981304,
            -0.03464454412460327,
            -0.038965754210948944
        ],
        [
            -0.0011889999732375145,
            -0.031012848019599915,
            -0.04276188835501671
        ],
        [
            0.015354994684457779,
            -0.0366508886218071,
            -0.03942049294710159
        ],
        [
            0.01198573037981987,
            -0.04106639325618744,
            -0.035177379846572876
        ],
        [
            0.014156303368508816,
            -0.026465272530913353,
            -0.022509662434458733
        ],
        [
            0.01856934279203415,
            -0.02319301851093769,
            -0.026919031515717506
        ],
        [
            0.016515975818037987,
            -0.023580577224493027,
            -0.026081738993525505
        ],
        [
            0.011891908943653107,
            -0.02482723817229271,
            -0.02150571718811989
        ],
        [
            0.015428347513079643,
            -0.006315149366855621,
            0.004204066004604101
        ],
        [
            0.020117776468396187,
            -0.0041779810562729836,
            0.005536859855055809
        ],
        [
            0.024156682193279266,
            -0.04091060161590576,
            -0.009994318708777428
        ],
        [
            0.02954036369919777,
            -0.048278287053108215,
            -0.020086275413632393
        ],
        [
            0.04134771600365639,
            -0.04338594526052475,
            -0.01830216310918331
        ],
        [
            0.03472375497221947,
            -0.004211707040667534,
            -0.002095023635774851
        ],
        [
            0.025158626958727837,
            -0.0077811237424612045,
            -0.002262190217152238
        ],
        [
            0.025197146460413933,
            -0.005495283752679825,
            0.0010757644195109606
        ],
        [
            0.024100514128804207,
            -0.018809540197253227,
            -0.021391162648797035
        ],
        [
            0.018751943483948708,
            -0.022617511451244354,
            -0.022774603217840195
        ],
        [
            0.01949433982372284,
            -0.020716270431876183,
            -0.018916582688689232
        ],
        [
            0.024723540991544724,
            -0.016340062022209167,
            -0.016754433512687683
        ],
        [
            0.056388333439826965,
            0.009433879517018795,
            0.03552483022212982
        ],
        [
            0.05353180319070816,
            0.019938617944717407,
            0.03130333870649338
        ],
        [
            -0.004517785273492336,
            -0.020679786801338196,
            -0.044107746332883835
        ],
        [
            -0.0018612127751111984,
            -0.023314591497182846,
            -0.043531741946935654
        ],
        [
            0.045146748423576355,
            4.334188997745514e-05,
            -0.0014529679901897907
        ],
        [
            0.05435405671596527,
            -0.03633205220103264,
            -0.016871344298124313
        ],
        [
            0.05482396483421326,
            0.005811955779790878,
            -0.0010293996892869473
        ],
        [
            0.01900966838002205,
            -0.014073698781430721,
            0.022035306319594383
        ],
        [
            0.01688382588326931,
            -0.00600441312417388,
            0.01925869844853878
        ],
        [
            0.013524146750569344,
            -0.005605920683592558,
            0.016750797629356384
        ],
        [
            0.0123335812240839,
            -0.011146092787384987,
            0.018406959250569344
        ],
        [
            -0.001439552754163742,
            -0.02156904526054859,
            -0.024075796827673912
        ],
        [
            0.0005883630365133286,
            -0.018200363963842392,
            -0.028410525992512703
        ],
        [
            -0.0018283035606145859,
            -0.016942458227276802,
            -0.02918066829442978
        ],
        [
            -0.005047985352575779,
            -0.019957302138209343,
            -0.025237195193767548
        ],
        [
            0.02157668024301529,
            -0.023562993854284286,
            -0.03196214139461517
        ],
        [
            0.02398986741900444,
            -0.026720166206359863,
            -0.03694584593176842
        ],
        [
            0.01876896619796753,
            -0.02535095438361168,
            -0.0367303341627121
        ],
        [
            0.017419472336769104,
            -0.02348744124174118,
            -0.031180167570710182
        ],
        [
            0.023472286760807037,
            -0.032276835292577744,
            -0.038819920271635056
        ],
        [
            0.018066061660647392,
            -0.030911168083548546,
            -0.03973732143640518
        ],
        [
            -0.004297904670238495,
            -0.02718248963356018,
            -0.022998152300715446
        ],
        [
            -0.006504626013338566,
            -0.033068135380744934,
            -0.027038466185331345
        ],
        [
            0.007886691018939018,
            -0.038350291550159454,
            -0.02191958576440811
        ],
        [
            0.007524635177105665,
            -0.030848221853375435,
            -0.019898513332009315
        ],
        [
            0.0706448033452034,
            -0.013642780482769012,
            0.02266731858253479
        ],
        [
            0.0696115493774414,
            -0.005342268384993076,
            0.029893461614847183
        ],
        [
            0.05461562052369118,
            -0.008238750509917736,
            0.02894299104809761
        ],
        [
            0.039515938609838486,
            -0.011662991717457771,
            0.02913910523056984
        ],
        [
            0.02567196451127529,
            -0.014431463554501534,
            0.027668477967381477
        ],
        [
            0.026320649310946465,
            -0.025158125907182693,
            0.02161005511879921
        ],
        [
            0.05532059445977211,
            -0.0015095733106136322,
            0.03355703502893448
        ],
        [
            0.014853395521640778,
            -0.03188645467162132,
            -0.0167884211987257
        ],
        [
            0.017611762508749962,
            -0.04059426113963127,
            -0.017949078232049942
        ],
        [
            0.017160557210445404,
            -0.036882780492305756,
            -0.013656221330165863
        ],
        [
            0.05324780195951462,
            0.011244848370552063,
            0.003760718274861574
        ],
        [
            0.0013996539637446404,
            -0.026378322392702103,
            -0.04334105923771858
        ],
        [
            0.10630074143409729,
            -0.018804233521223068,
            -0.0025669168680906296
        ],
        [
            0.10373152047395706,
            -0.017298631370067596,
            0.010912759229540825
        ],
        [
            0.09622351080179214,
            -0.01970750465989113,
            0.007061421871185303
        ],
        [
            0.0985071212053299,
            -0.020616726949810982,
            -0.008917735889554024
        ],
        [
            0.0024273646995425224,
            -0.01802854612469673,
            -0.03513406217098236
        ],
        [
            0.0031777899712324142,
            -0.020934879779815674,
            -0.040739841759204865
        ],
        [
            0.01904500089585781,
            0.0003695487976074219,
            0.009703241288661957
        ],
        [
            0.014926251024007797,
            -0.0024449890479445457,
            0.008457120507955551
        ],
        [
            0.01423312071710825,
            -0.0014716042205691338,
            0.011870652437210083
        ],
        [
            0.016835441812872887,
            0.0029099183157086372,
            0.012646130286157131
        ],
        [
            0.07035383582115173,
            -0.0002919677644968033,
            0.0329606756567955
        ],
        [
            0.023153450340032578,
            0.008974012918770313,
            0.03161228448152542
        ],
        [
            0.02246977388858795,
            -0.0033245724625885487,
            0.03243626654148102
        ],
        [
            0.08256472647190094,
            -0.003219209611415863,
            0.030470851808786392
        ],
        [
            0.08369595557451248,
            -0.010910912416875362,
            0.02466755360364914
        ],
        [
            0.0929417684674263,
            -0.00865971576422453,
            0.02661573886871338
        ],
        [
            0.021172726526856422,
            -0.03151184320449829,
            0.00877074059098959
        ],
        [
            0.06935682892799377,
            -0.019527442753314972,
            0.016524629667401314
        ],
        [
            0.08315958827733994,
            -0.015696212649345398,
            0.018796980381011963
        ],
        [
            0.0941629558801651,
            -0.013237443752586842,
            0.020866326987743378
        ],
        [
            0.10193316638469696,
            -0.01168078277260065,
            0.023272540420293808
        ],
        [
            0.09977930784225464,
            -0.006654899567365646,
            0.029225502163171768
        ],
        [
            -0.006024117581546307,
            -0.03483564406633377,
            -0.032953813672065735
        ],
        [
            -0.011458776891231537,
            -0.02983691543340683,
            -0.0284157395362854
        ],
        [
            0.10767599195241928,
            -0.005515139549970627,
            0.03342247009277344
        ],
        [
            0.1097242683172226,
            -0.010687725618481636,
            0.026087680831551552
        ],
        [
            0.08333463221788406,
            -0.02050904370844364,
            0.010989428497850895
        ],
        [
            0.08337677270174026,
            -0.02513081207871437,
            5.50784170627594e-05
        ],
        [
            0.06994984298944473,
            -0.023868685588240623,
            0.00902101956307888
        ],
        [
            0.06904080510139465,
            -0.028925498947501183,
            -0.0014644023030996323
        ],
        [
            0.02509198896586895,
            -0.040925532579422,
            0.0038579292595386505
        ],
        [
            -0.021523872390389442,
            -0.01417907327413559,
            -0.031173471361398697
        ],
        [
            -0.014392336830496788,
            -0.02183995209634304,
            -0.02691894769668579
        ],
        [
            -0.009995365515351295,
            -0.018039168789982796,
            -0.02655748464167118
        ],
        [
            -0.01855316013097763,
            -0.011827267706394196,
            -0.029217611998319626
        ],
        [
            -0.008590133860707283,
            -0.024570491164922714,
            -0.02461753785610199
        ],
        [
            -0.015692494809627533,
            -0.02600570023059845,
            -0.03062167949974537
        ],
        [
            0.068653404712677,
            -0.030550826340913773,
            -0.016555964946746826
        ],
        [
            0.014700394123792648,
            -0.024081021547317505,
            -0.019749537110328674
        ],
        [
            0.08375732600688934,
            -0.02415190264582634,
            -0.01925026625394821
        ],
        [
            0.06168531998991966,
            -0.029691237956285477,
            -0.031213467940688133
        ],
        [
            0.07166676968336105,
            -0.022386766970157623,
            -0.03441895917057991
        ],
        [
            0.0990741178393364,
            -0.01604587584733963,
            -0.023541375994682312
        ],
        [
            0.0854400098323822,
            -0.014669770374894142,
            -0.03627913072705269
