{
    "pred_cam": [
        11.474817276000977,
        0.08010130375623703,
        -0.04384097829461098
    ],
    "pred_mano_params": {
        "global_orient": [
            [
                [
                    0.5418972373008728,
                    -0.8144746422767639,
                    0.2073124647140503
                ],
                [
                    -0.31911700963974,
                    -0.42759719491004944,
                    -0.8457688689231873
                ],
                [
                    0.777503490447998,
                    0.39216291904449463,
                    -0.49162644147872925
                ]
            ]
        ],
        "hand_pose": [
            [
                [
                    0.8866996169090271,
                    -0.38659167289733887,
                    -0.2535957992076874
                ],
                [
                    0.33661791682243347,
                    0.9157983660697937,
                    -0.21909300982952118
                ],
                [
                    0.31694215536117554,
                    0.10890476405620575,
                    0.9421717524528503
                ]
            ],
            [
                [
                    0.6747182607650757,
                    -0.7149351835250854,
                    0.18336547911167145
                ],
                [
                    0.7378438115119934,
                    0.6471362709999084,
                    -0.19183632731437683
                ],
                [
                    0.018488094210624695,
                    0.2647305428981781,
                    0.9641451835632324
                ]
            ],
            [
                [
                    0.7902175784111023,
                    -0.6101540327072144,
                    0.05716806650161743
                ],
                [
                    0.6068028807640076,
                    0.7920857071876526,
                    0.0662609338760376
                ],
                [
                    -0.08571138232946396,
                    -0.017670810222625732,
                    0.9961632490158081
                ]
            ],
            [
                [
                    0.7983209490776062,
                    -0.46600598096847534,
                    -0.3814733922481537
                ],
                [
                    0.4404870867729187,
                    0.883781373500824,
                    -0.15780222415924072
                ],
                [
                    0.41067588329315186,
                    -0.04205726087093353,
                    0.9108108282089233
                ]
            ],
            [
                [
                    0.41625070571899414,
                    -0.8902207612991333,
                    -0.1850467473268509
                ],
                [
                    0.9010114669799805,
                    0.37651243805885315,
                    0.2154453843832016
                ],
                [
                    -0.12212156504392624,
                    -0.25640854239463806,
                    0.9588226675987244
                ]
            ],
            [
                [
                    0.7827141880989075,
                    -0.618011474609375,
                    0.07362287491559982
                ],
                [
                    0.6170102953910828,
                    0.7860185503959656,
                    0.03838149085640907
                ],
                [
                    -0.08158914744853973,
                    0.01538433600217104,
                    0.996547281742096
                ]
            ],
            [
                [
                    0.38796257972717285,
                    -0.9116748571395874,
                    -0.13540278375148773
                ],
                [
                    0.8407503962516785,
                    0.28986287117004395,
                    0.4572945833206177
                ],
                [
                    -0.3776557743549347,
                    -0.29125311970710754,
                    0.8789469599723816
                ]
            ],
            [
                [
                    0.9286072254180908,
                    -0.3707224726676941,
                    -0.01591753587126732
                ],
                [
                    0.3683592975139618,
                    0.9158201217651367,
                    0.1599527895450592
                ],
                [
                    -0.04472048953175545,
                    -0.15439669787883759,
                    0.9869962334632874
                ]
            ],
            [
                [
                    0.9919755458831787,
                    -0.05784191936254501,
                    0.11242248117923737
                ],
                [
                    0.015804972499608994,
                    0.9389664530754089,
                    0.34364554286003113
                ],
                [
                    -0.12543804943561554,
                    -0.3391111493110657,
                    0.9323459267616272
                ]
            ],
            [
                [
                    0.41999104619026184,
                    -0.8890624046325684,
                    -0.18214184045791626
                ],
                [
                    0.8949384093284607,
                    0.43905192613601685,
                    -0.07948996871709824
                ],
                [
                    0.15064126253128052,
                    -0.12962065637111664,
                    0.9800539612770081
                ]
            ],
            [
                [
                    0.8688967227935791,
                    -0.49476316571235657,
                    -0.015091845765709877
                ],
                [
                    0.44175615906715393,
                    0.7613303065299988,
                    0.47458142042160034
                ],
                [
                    -0.2233155518770218,
                    -0.41902923583984375,
                    0.8800820708274841
                ]
            ],
            [
                [
                    0.893160343170166,
                    -0.44449880719184875,
                    0.06845070421695709
                ],
                [
                    0.42914870381355286,
                    0.8878657221794128,
                    0.16590948402881622
                ],
                [
                    -0.13452158868312836,
                    -0.11880823969841003,
                    0.9837625622749329
                ]
            ],
            [
                [
                    0.9784985184669495,
                    0.06345092505216599,
                    0.19625170528888702
                ],
                [
                    0.1210077628493309,
                    0.5939313173294067,
                    -0.7953633069992065
                ],
                [
                    -0.1670265644788742,
                    0.8020097017288208,
                    0.573482871055603
                ]
            ],
            [
                [
                    0.9192028045654297,
                    -0.35216617584228516,
                    -0.17619648575782776
                ],
                [
                    0.39349788427352905,
                    0.8385223746299744,
                    0.37688156962394714
                ],
                [
                    0.015019763261079788,
                    -0.4157635569572449,
                    0.9093487858772278
                ]
            ],
            [
                [
                    0.9382977485656738,
                    0.02954261004924774,
                    -0.3445642590522766
                ],
                [
                    -0.13282015919685364,
                    0.9507160186767578,
                    -0.2801748812198639
                ],
                [
                    0.3193056285381317,
                    0.3086525499820709,
                    0.895978569984436
                ]
            ]
        ],
        "betas": [
            0.005872905254364014,
            -0.06772598624229431,
            0.012601613998413086,
            -0.06187334656715393,
            -0.07685819268226624,
            -0.01737082377076149,
            0.03380182385444641,
            -0.11826333403587341,
            0.00733773410320282,
            -0.04789552092552185
        ]
    },
    "pred_cam_t": [
        -0.08010130375623703,
        -0.04384097829461098,
        3.404193639755249
    ],
    "focal_length": [
        5000.0,
        5000.0
    ],
    "pred_keypoints_3d": [
        [
            0.09564702957868576,
            0.006364309694617987,
            0.006216872483491898
        ],
        [
            0.10063992440700531,
            -0.0011039660312235355,
            -0.031198855489492416
        ],
        [
            0.11326592415571213,
            -0.0024407554883509874,
            -0.059172622859478
        ],
        [
            0.12030459195375443,
            0.006557193584740162,
            -0.08372572809457779
        ],
        [
            0.12325777113437653,
            0.02362646907567978,
            -0.11473111808300018
        ],
        [
            0.056465666741132736,
            0.019235044717788696,
            -0.07434844970703125
        ],
        [
            0.04433434456586838,
            0.039075665175914764,
            -0.0977468192577362
        ],
        [
            0.05631837993860245,
            0.05553559213876724,
            -0.1065518707036972
        ],
        [
            0.07778431475162506,
            0.06793536990880966,
            -0.10672801733016968
        ],
        [
            0.04485531896352768,
            0.04006899520754814,
            -0.06625984609127045
        ],
        [
            0.037413351237773895,
            0.06758701801300049,
            -0.08023326098918915
        ],
        [
            0.057674068957567215,
            0.07829680293798447,
            -0.08436134457588196
        ],
        [
            0.0829458236694336,
            0.0783211886882782,
            -0.08630937337875366
        ],
        [
            0.04902753233909607,
            0.05674315243959427,
            -0.045770466327667236
        ],
        [
            0.05966537445783615,
            0.07916871458292007,
            -0.060545217245817184
        ],
        [
            0.08197558671236038,
            0.08913832902908325,
            -0.06487900018692017
        ],
        [
            0.10669690370559692,
            0.0922984853386879,
            -0.06932909786701202
        ],
        [
            0.05749683827161789,
            0.06915099173784256,
            -0.029932815581560135
        ],
        [
            0.07014834880828857,
            0.08314868062734604,
            -0.039429597556591034
        ],
        [
            0.08695211261510849,
            0.09052909165620804,
            -0.04411502927541733
        ],
        [
            0.1062893271446228,
            0.09472018480300903,
            -0.050893109291791916
        ]
    ],
    "pred_vertices": [
        [
            0.0867801308631897,
            0.015625864267349243,
            -0.04856624826788902
        ],
        [
            0.09369505941867828,
            0.013796892017126083,
            -0.041705548763275146
        ],
        [
            0.0974716991186142,
            0.012346886098384857,
            -0.051720645278692245
        ],
        [
            0.08916337788105011,
            0.012869151309132576,
            -0.058145686984062195
        ],
        [
            0.11444864422082901,
            0.010705995373427868,
            -0.03613536059856415
        ],
        [
            0.12065404653549194,
            0.0006345673464238644,
            -0.03288976103067398
        ],
        [
            0.12361179292201996,
            0.001746984664350748,
            -0.04822671413421631
        ],
        [
            0.11888383328914642,
            0.010749546810984612,
            -0.04833713546395302
        ],
        [
            0.09053674340248108,
            0.009571072645485401,
            -0.06537222117185593
        ],
        [
            0.10060649365186691,
            0.011350257322192192,
            -0.059180065989494324
        ],
        [
            0.09147794544696808,
            0.005045052617788315,
            -0.06688317656517029
        ],
        [
            0.07576011121273041,
            0.0015789885073900223,
            -0.06943503022193909
        ],
        [
            0.07909800112247467,
            0.0076775928027927876,
            -0.06883083283901215
        ],
        [
            0.06637777388095856,
            0.00303703173995018,
            -0.07215259969234467
        ],
        [
            0.07200797647237778,
            -0.005557077005505562,
            -0.06158250570297241
        ],
        [
            0.05829234421253204,
            0.001690395176410675,
            -0.06675892323255539
        ],
        [
            0.05587584897875786,
            0.006914475932717323,
            -0.03651205450296402
        ],
        [
            0.05422024056315422,
            0.01664014719426632,
            -0.026803508400917053
        ],
        [
            0.045084770768880844,
            0.024017615243792534,
            -0.03936181217432022
        ],
        [
            0.04849831387400627,
            0.013786425814032555,
            -0.04816175252199173
        ],
        [
            0.04927939549088478,
            0.037424661219120026,
            -0.024005625396966934
        ],
        [
            0.046330612152814865,
            0.030482769012451172,
            -0.03315727785229683
        ],
        [
            0.05479078367352486,
            0.022495673969388008,
            -0.019954830408096313
        ],
        [
            0.057485584169626236,
            0.02905268780887127,
            -0.012566328048706055
        ],
        [
            0.08551985025405884,
            0.02331685647368431,
            -0.03295411542057991
        ],
        [
            0.09171902388334274,
            0.020946457982063293,
            -0.025256898254156113
        ],
        [
            0.09109316766262054,
            0.017381219193339348,
            -0.03089146688580513
        ],
        [
            0.0857774019241333,
            0.019744645804166794,
            -0.03782675787806511
        ],
        [
            0.10280799865722656,
            -0.0027565695345401764,
            -0.06962545216083527
        ],
        [
            0.09273146092891693,
            -0.009830823168158531,
            -0.06125882267951965
        ],
        [
            0.08976826816797256,
            -0.003149528056383133,
            -0.06509806215763092
        ],
        [
            0.10328977555036545,
            0.002825504168868065,
            -0.069703608751297
        ],
        [
            0.11089181900024414,
            0.023126088082790375,
            -0.002499110996723175
        ],
        [
            0.11289440095424652,
            0.014685824513435364,
            0.007952108979225159
        ],
        [
            0.11314527690410614,
            0.009758047759532928,
            0.004743762314319611
        ],
        [
            0.1105552613735199,
            0.01844596303999424,
            -0.004053235054016113
        ],
        [
            0.11605489999055862,
            -0.0015814565122127533,
            -0.012807346880435944
        ],
        [
            0.11458711326122284,
            -0.005712404847145081,
            -0.0037713050842285156
        ],
        [
            0.1122741550207138,
            -0.019091473892331123,
            -0.0015494152903556824
        ],
        [
            0.11163154244422913,
            -0.01739947311580181,
            -0.011120684444904327
        ],
        [
            0.11802797019481659,
            0.00040780194103717804,
            -0.02322111278772354
        ],
        [
            0.11601892113685608,
            -0.013492992147803307,
            -0.02184746414422989
        ],
        [
            0.1193145364522934,
            -0.01094103418290615,
            -0.032462477684020996
        ],
        [
            0.12316875904798508,
            -0.007629469968378544,
            -0.04903237149119377
        ],
        [
            0.10956348478794098,
            0.024063874036073685,
            0.01607482135295868
        ],
        [
            0.10814169049263,
            0.031793057918548584,
            0.009525269269943237
        ],
        [
            0.057753730565309525,
            0.038755644112825394,
            -0.09918155521154404
        ],
        [
            0.05721704661846161,
            0.04328935965895653,
            -0.09515326470136642
        ],
        [
            0.05776240676641464,
            0.04079630970954895,
            -0.09343412518501282
        ],
        [
            0.05794549360871315,
            0.03681887686252594,
            -0.09774287045001984
        ],
        [
            0.09164081513881683,
            0.030826136469841003,
            0.02272024005651474
        ],
        [
            0.08296605944633484,
            0.026202358305454254,
            0.02494582161307335
        ],
        [
            0.08771497011184692,
            0.02447223663330078,
            0.030194424092769623
        ],
        [
            0.09629124402999878,
            0.027060814201831818,
            0.02735186368227005
        ],
        [
            0.08550232648849487,
            0.03575071692466736,
            0.016543664038181305
        ],
        [
            0.07691898196935654,
            0.02847788855433464,
            0.01716885343194008
        ],
        [
            0.04697473719716072,
            0.037826478481292725,
            -0.10607508569955826
        ],
        [
            0.05202275514602661,
            0.03657461702823639,
            -0.10570018738508224
        ],
        [
            0.05009368807077408,
            0.03316088020801544,
            -0.10335658490657806
        ],
        [
            0.04485040903091431,
            0.0340299978852272,
            -0.10233882814645767
        ],
        [
            0.08097176253795624,
            0.013201003894209862,
            -0.06377578526735306
        ],
        [
            0.08121199905872345,
            0.018378369510173798,
            -0.055497802793979645
        ],
        [
            0.06853420287370682,
            0.020908411592245102,
            -0.07458344846963882
        ],
        [
            0.07258330285549164,
            0.02011214941740036,
            -0.0660531148314476
        ],
        [
            0.07364245504140854,
            0.013653542846441269,
            -0.06949926912784576
        ],
        [
            0.06891893595457077,
            0.014482333324849606,
            -0.0758679136633873
        ],
        [
            0.07172016054391861,
            0.03447750210762024,
            -0.04693610221147537
        ],
        [
            0.07819806784391403,
            0.02967354655265808,
            -0.0384720042347908
        ],
        [
            0.0778847262263298,
            0.025697121396660805,
            -0.04392188787460327
        ],
        [
            0.07167144119739532,
            0.03003777749836445,
            -0.05438389256596565
        ],
        [
            0.08002232015132904,
            0.04049660637974739,
            -0.02951645851135254
        ],
        [
            0.07306837290525436,
            0.04406701773405075,
            -0.038296908140182495
        ],
        [
            0.07495347410440445,
            0.049613744020462036,
            -0.03203843533992767
        ],
        [
            0.08040505647659302,
            0.04659181088209152,
            -0.02738175541162491
        ],
        [
            0.06159282103180885,
            0.04703179746866226,
            -0.055327627807855606
        ],
        [
            0.057166896760463715,
            0.04887283220887184,
            -0.05985792353749275
        ],
        [
            0.05841897428035736,
            0.0524524562060833,
            -0.05786001682281494
        ],
        [
            0.061781369149684906,
            0.0492827445268631,
            -0.052427731454372406
        ],
        [
            0.09157028049230576,
            0.021927744150161743,
            0.035576045513153076
        ],
        [
            0.10042545199394226,
            0.022636599838733673,
            0.03142230212688446
        ],
        [
            0.05696342885494232,
            0.05264966934919357,
            -0.00992988795042038
        ],
        [
            0.06623250246047974,
            0.057007983326911926,
            -0.0054336488246917725
        ],
        [
            0.0604226291179657,
            0.0652056485414505,
            -0.013596802949905396
        ],
        [
            0.05063965171575546,
            0.05856294184923172,
            -0.016356024891138077
        ],
        [
            0.07641789317131042,
            0.01863536238670349,
            0.022288870066404343
        ],
        [
            0.08002594858407974,
            0.01809854805469513,
            0.02921290323138237
        ],
        [
            0.04247262328863144,
            0.04142020642757416,
            -0.10347212851047516
        ],
        [
            0.04073740169405937,
            0.03773050010204315,
            -0.09942950308322906
        ],
        [
            0.1094430610537529,
            -0.0202346034348011,
            -0.031102411448955536
        ],
        [
            0.11664535105228424,
            -0.015081832185387611,
            -0.05042988434433937
        ],
        [
            0.10499903559684753,
            -0.0225457064807415,
            -0.016996361315250397
        ],
        [
            0.1022675558924675,
            -0.02370290830731392,
            -0.007141426205635071
        ],
        [
            0.10280830413103104,
            -0.026093965396285057,
            0.0009756088256835938
        ],
        [
            0.06969758868217468,
            0.026300663128495216,
            -0.06534311920404434
        ],
        [
            0.08136240392923355,
            0.021096333861351013,
            -0.04626508429646492
        ],
        [
            0.08580183982849121,
            0.026980197057127953,
            -0.02917090430855751
        ],
        [
            0.08857935667037964,
            0.0533718466758728,
            -0.01346099004149437
        ],
        [
            0.09494435787200928,
            0.04897274821996689,
            -0.006532803177833557
        ],
        [
            0.09403348714113235,
            0.04319612681865692,
            -0.015522290021181107
        ],
        [
            0.08809801936149597,
            0.04803239181637764,
            -0.01950247958302498
        ],
        [
            0.07492375373840332,
            0.061450134962797165,
            -0.007946386933326721
        ],
        [
            0.07978682219982147,
            0.060850441455841064,
            -0.014304839074611664
        ],
        [
            0.07495644688606262,
            0.06420600414276123,
            -0.01947343349456787
        ],
        [
            0.06940262019634247,
            0.06647340208292007,
            -0.014512062072753906
        ],
        [
            0.10706396400928497,
            -0.009265594184398651,
            -0.0699479803442955
        ],
        [
            0.09707504510879517,
            -0.01543586514890194,
            -0.05775802582502365
        ],
        [
            0.10094556212425232,
            0.032582297921180725,
            0.017942383885383606
        ],
        [
            0.10463765263557434,
            0.026730868965387344,
            0.02157779037952423
        ],
        [
            0.10697197914123535,
            0.021104950457811356,
            0.02754293382167816
        ],
        [
            0.10166715830564499,
            0.021363448351621628,
            -0.014810193330049515
        ],
        [
            0.11033552139997482,
            0.01527242362499237,
            -0.005184359848499298
        ],
        [
            0.1101730614900589,
            0.012533392757177353,
            -0.008452914655208588
        ],
        [
            0.10000903904438019,
            0.018871784210205078,
            -0.017053626477718353
        ],
        [
            0.10137318074703217,
            0.014512976631522179,
            -0.03330207243561745
        ],
        [
            0.11058615148067474,
            0.011026909574866295,
            -0.02407149225473404
        ],
        [
            0.10580479353666306,
            0.014780068770051003,
            -0.04379982501268387
        ],
        [
            0.11416514217853546,
            0.002386411651968956,
            0.0018220767378807068
        ],
        [
            0.11720532923936844,
            0.003913592547178268,
            0.012290425598621368
        ],
        [
            0.11730466783046722,
            -0.004010714590549469,
            0.008278653025627136
        ],
        [
            0.11509270966053009,
            0.011530078947544098,
            0.018113531172275543
        ],
        [
            0.11174117028713226,
            0.017844006419181824,
            0.023461826145648956
        ],
        [
            0.0815531462430954,
            0.015667706727981567,
            0.037220295518636703
        ],
        [
            0.11569837480783463,
            -0.011320319026708603,
            0.00449196994304657
        ],
        [
            0.12091159075498581,
            0.009753124788403511,
            -0.05740465968847275
        ],
        [
            0.12270911037921906,
            0.009195968508720398,
            -0.06540463864803314
        ],
        [
            0.11553668975830078,
            0.011763110756874084,
            -0.06625860929489136
        ],
        [
            0.11309576034545898,
            0.012466956861317158,
            -0.059300582855939865
        ],
        [
            0.05838122218847275,
            0.006825869437307119,
            -0.07741609215736389
        ],
        [
            0.0652269497513771,
            0.010196223855018616,
            -0.07829151302576065
        ],
        [
            0.07226446270942688,
            0.0066605438478291035,
            -0.0720745250582695
        ],
        [
            0.10529695451259613,
            0.03207045793533325,
            -0.007192157208919525
        ],
        [
            0.10334222763776779,
            0.03915063664317131,
            0.0031775757670402527
        ],
        [
            0.06511832028627396,
            0.026738038286566734,
            -0.07372641563415527
        ],
        [
            0.04354621842503548,
            0.030464641749858856,
            -0.09919066727161407
        ],
        [
            0.04936249926686287,
            0.02934599295258522,
            -0.10063211619853973
        ],
        [
            0.052687548100948334,
            0.01744914799928665,
            -0.08869509398937225
        ],
        [
            0.046029817312955856,
            0.018476536497473717,
            -0.08705128729343414
        ],
        [
            0.05500390753149986,
            0.03232656046748161,
            -0.07582821696996689
        ],
        [
            0.06139495596289635,
            0.029324594885110855,
            -0.07631571590900421
        ],
        [
            0.059069350361824036,
            0.03089415282011032,
            -0.07720264047384262
        ],
        [
            0.05392840504646301,
            0.03493664041161537,
            -0.07618728280067444
        ],
        [
            0.06135491281747818,
            0.05596984922885895,
            -0.04987948387861252
        ],
        [
            0.06422431766986847,
            0.05346985533833504,
            -0.045587632805109024
        ],
        [
            0.04371451213955879,
            0.022577231749892235,
            -0.060819052159786224
        ],
        [
            0.044807299971580505,
            0.00969772506505251,
            -0.06546949595212936
        ],
        [
            0.05194474384188652,
            0.004896784201264381,
            -0.056817397475242615
        ],
        [
            0.07259472459554672,
            0.0394078865647316,
            -0.041376374661922455
        ],
        [
            0.06687317043542862,
            0.04424478858709335,
            -0.048569291830062866
        ],
        [
            0.0670369416475296,
            0.04704907163977623,
            -0.04559570178389549
        ],
        [
            0.06659308820962906,
            0.03005600906908512,
            -0.06598536670207977
        ],
        [
            0.06174127385020256,
            0.031314801424741745,
            -0.07192063331604004
        ],
        [
            0.06223082169890404,
            0.03371765464544296,
            -0.06783780455589294
        ],
        [
            0.06657791882753372,
            0.03304152190685272,
            -0.06139203533530235
        ],
        [
            0.07237403094768524,
            0.049464624375104904,
            0.003499329090118408
        ],
        [
            0.0821722149848938,
            0.055123470723629,
            0.0004932768642902374
        ],
        [
            0.05591144785284996,
            0.036646343767642975,
            -0.10309166461229324
        ],
        [
            0.05510260537266731,
            0.034034863114356995,
            -0.10147079825401306
        ],
        [
            0.07896150648593903,
            0.034614305943250656,
            -0.033236484974622726
        ],
        [
            0.06039063632488251,
            -6.789341568946838e-05,
            -0.04609498381614685
        ],
        [
            0.08644478023052216,
            0.031062735244631767,
            -0.02548370510339737
        ],
        [
            0.047545526176691055,
            0.056225795298814774,
            -0.035420455038547516
        ],
        [
            0.05512373894453049,
            0.06172671169042587,
            -0.03726867586374283
        ],
        [
            0.054686039686203,
            0.06285861134529114,
            -0.04073306918144226
        ],
        [
            0.048689376562833786,
            0.06106145307421684,
            -0.04130729287862778
        ],
        [
            0.049670930951833725,
            0.044037964195013046,
            -0.08543011546134949
        ],
        [
            0.05488472059369087,
            0.04316474124789238,
            -0.08788322657346725
        ],
        [
            0.05457305163145065,
            0.04469645023345947,
            -0.08965043723583221
        ],
        [
            0.049033813178539276,
            0.04659736901521683,
            -0.08832427859306335
        ],
        [
            0.06434165686368942,
            0.024821000173687935,
            -0.07864069193601608
        ],
        [
            0.06498648226261139,
            0.018728669732809067,
            -0.08105918020009995
        ],
        [
            0.062360383570194244,
            0.023575710132718086,
            -0.0846007913351059
        ],
        [
            0.061250001192092896,
            0.0280599482357502,
            -0.08086764812469482
        ],
        [
            0.06058938428759575,
            0.014805866405367851,
            -0.0833764597773552
        ],
        [
            0.05869383364915848,
            0.019229408353567123,
            -0.08747917413711548
        ],
        [
            0.04335971176624298,
            0.04262794181704521,
            -0.08607150614261627
        ],
        [
            0.0390409454703331,
            0.038394369184970856,
            -0.09067282825708389
        ],
        [
            0.04130786657333374,
            0.028558945283293724,
            -0.07853090763092041
        ],
        [
            0.04629005491733551,
            0.03435765579342842,
            -0.07717026025056839
        ],
        [
            0.06374383717775345,
            0.020791325718164444,
            -0.0012583471834659576
        ],
        [
            0.06680803000926971,
            0.029460100457072258,
            0.005060300230979919
        ],
        [
            0.06039043515920639,
            0.037958502769470215,
            -0.005933262407779694
        ],
        [
            0.052911583334207535,
            0.04666828736662865,
            -0.01620202511548996
        ],
        [
            0.046981923282146454,
            0.05410425364971161,
            -0.02698478102684021
        ],
        [
            0.041632939130067825,
            0.04478475823998451,
            -0.03313509747385979
        ],
        [
            0.06391513347625732,
            0.04331947863101959,
            -0.0007440522313117981
        ],
        [
            0.048046186566352844,
            0.03228200227022171,
            -0.0718727856874466
        ],
        [
            0.04396199807524681,
            0.023031335324048996,
            -0.07041358947753906
        ],
        [
            0.044171541929244995,
            0.028521619737148285,
            -0.06784851104021072
        ],
        [
            0.08816860616207123,
            0.03739837929606438,
            -0.02190481871366501
        ],
        [
            0.05456802621483803,
            0.030604809522628784,
            -0.09967979043722153
        ],
        [
            0.08225341886281967,
            -0.019121743738651276,
            0.0031571313738822937
        ],
        [
            0.07635462284088135,
            -0.010068591684103012,
            0.01104997843503952
        ],
        [
            0.07384863495826721,
            -0.007876161485910416,
            0.0029290542006492615
        ],
        [
            0.08120575547218323,
            -0.0176883302628994,
            -0.006260998547077179
        ],
        [
            0.05848348140716553,
            0.039193764328956604,
            -0.09246077388525009
        ],
        [
            0.05871259421110153,
            0.03427976369857788,
            -0.09658737480640411
        ],
        [
            0.06524167209863663,
            0.05873876065015793,
            -0.0420062392950058
        ],
        [
            0.062060482800006866,
            0.06004020571708679,
            -0.045909516513347626
        ],
        [
            0.06057409197092056,
            0.06288779526948929,
            -0.04302550479769707
        ],
        [
            0.06508475542068481,
            0.06375545263290405,
            -0.04028473049402237
        ],
        [
            0.06975363194942474,
            0.0331323966383934,
            0.008788160979747772
        ],
        [
            0.06142294406890869,
            0.07091189175844193,
            -0.019613293930888176
        ],
        [
            0.051446303725242615,
            0.06508197635412216,
            -0.0226933341473341
        ],
        [
            0.07219748198986053,
            0.02177288383245468,
            0.014322347939014435
        ],
        [
            0.06896659731864929,
            0.014046106487512589,
            0.009259872138500214
        ],
        [
            0.07269234210252762,
            0.009689070284366608,
            0.017168790102005005
        ],
        [
            0.041128866374492645,
            0.03874187171459198,
            -0.04728946462273598
        ],
        [
            0.06142478436231613,
            0.015581747516989708,
            -0.007794097065925598
        ],
        [
            0.06766656041145325,
            0.009025383740663528,
            0.00362589955329895
        ],
        [
            0.07203437387943268,
            0.0035852938890457153,
            0.012813657522201538
        ],
        [
            0.07455813139677048,
            0.0001284666359424591,
            0.01998143643140793
        ],
        [
            0.07518012821674347,
            0.007212463766336441,
            0.023958541452884674
        ],
        [
            0.04007380083203316,
            0.03424090892076492,
            -0.09532107412815094
        ],
        [
            0.03915873542428017,
            0.042945344001054764,
            -0.09478707611560822
        ],
        [
            0.07651912420988083,
            0.004298999905586243,
            0.03244668245315552
        ],
        [
            0.0764036774635315,
            -0.00344780832529068,
            0.027359992265701294
        ],
        [
            0.06744774430990219,
            0.002576533704996109,
            -0.0029289573431015015
        ],
        [
            0.06882303953170776,
            -0.005133230239152908,
            -0.011485449969768524
        ],
        [
            0.06164316087961197,
            0.009244641289114952,
            -0.013799000531435013
        ],
        [
            0.06230045482516289,
            0.002105092629790306,
            -0.023075927048921585
        ],
        [
            0.03854059800505638,
            0.028009729459881783,
            -0.04947440326213837
        ],
        [
            0.04796822741627693,
            0.05756848305463791,
            -0.10247686505317688
        ],
        [
            0.0435146763920784,
            0.05027739703655243,
            -0.09506213665008545
        ],
        [
            0.04854070767760277,
            0.049907222390174866,
            -0.09206249564886093
        ],
        [
            0.05045616626739502,
            0.057887475937604904,
            -0.09892697632312775
        ],
        [
            0.04339019954204559,
            0.046183593571186066,
            -0.08992154896259308
        ],
        [
            0.04102519527077675,
            0.04683040827512741,
            -0.09894212335348129
        ],
        [
            0.06876484304666519,
            -0.006773840636014938,
            -0.034539613872766495
        ],
        [
            0.056745655834674835,
            0.03593150153756142,
            -0.07325835525989532
        ],
        [
            0.07915306836366653,
            -0.015177862718701363,
            -0.02344765141606331
        ],
        [
            0.07730411738157272,
            -0.012646276503801346,
            -0.050780829042196274
        ],
        [
            0.08712506294250488,
            -0.017758196219801903,
            -0.0425611287355423
        ],
        [
            0.09115450829267502,
            -0.023705285042524338,
            -0.013055719435214996
        ],
        [
            0.09597770869731903,
            -0.023374944925308228,
            -0.02947431057691574
        ],
        [
            0.09266191720962524,
            -0.026055218651890755,
            0.004490770399570465
        ],
        [
            0.09054094552993774,
            -0.024016913026571274,
            -0.0036831125617027283
        ],
        [
            0.10334798693656921,
