{
    "pred_cam": [
        10.589010238647461,
        0.1322968751192093,
        -0.04374605044722557
    ],
    "pred_mano_params": {
        "global_orient": [
            [
                [
                    -0.6501617431640625,
                    -0.050132811069488525,
                    -0.7581400871276855
                ],
                [
                    -0.4845404028892517,
                    -0.7412282824516296,
                    0.46454405784606934
                ],
                [
                    -0.585243821144104,
                    0.6693782806396484,
                    0.45762690901756287
                ]
            ]
        ],
        "hand_pose": [
            [
                [
                    0.7019497752189636,
                    -0.6866658329963684,
                    -0.18909402191638947
                ],
                [
                    0.6781608462333679,
                    0.7255162000656128,
                    -0.11714975535869598
                ],
                [
                    0.21763351559638977,
                    -0.04600292816758156,
                    0.9749457836151123
                ]
            ],
            [
                [
                    0.5405588150024414,
                    -0.8134403824806213,
                    0.21473442018032074
                ],
                [
                    0.8338794708251953,
                    0.4842008054256439,
                    -0.2649427354335785
                ],
                [
                    0.1115405485033989,
                    0.3222797214984894,
                    0.9400502443313599
                ]
            ],
            [
                [
                    0.8384189009666443,
                    -0.5255216360092163,
                    0.14450138807296753
                ],
                [
                    0.5143440961837769,
                    0.8506061434745789,
                    0.10917554050683975
                ],
                [
                    -0.18028786778450012,
                    -0.01721140183508396,
                    0.9834632277488708
                ]
            ],
            [
                [
                    0.5907015204429626,
                    -0.7871257066726685,
                    -0.17749623954296112
                ],
                [
                    0.806717038154602,
                    0.5806652307510376,
                    0.10970646142959595
                ],
                [
                    0.01671311818063259,
                    -0.2079930156469345,
                    0.97798752784729
                ]
            ],
            [
                [
                    0.7290647029876709,
                    -0.6625974178314209,
                    -0.1715497523546219
                ],
                [
                    0.6842237710952759,
                    0.6991954445838928,
                    0.2072768211364746
                ],
                [
                    -0.01739429496228695,
                    -0.2684966027736664,
                    0.963123619556427
                ]
            ],
            [
                [
                    0.8446036577224731,
                    -0.5347809195518494,
                    0.02557425945997238
                ],
                [
                    0.5336532592773438,
                    0.8447462916374207,
                    0.04022335633635521
                ],
                [
                    -0.04311444237828255,
                    -0.020325006917119026,
                    0.9988633990287781
                ]
            ],
            [
                [
                    0.6144959926605225,
                    -0.7414267659187317,
                    0.2695941627025604
                ],
                [
                    0.6312800645828247,
                    0.6670600771903992,
                    0.3956213891506195
                ],
                [
                    -0.4731598496437073,
                    -0.07291833311319351,
                    0.8779537081718445
                ]
            ],
            [
                [
                    0.6539825201034546,
                    -0.7363184690475464,
                    -0.17361479997634888
                ],
                [
                    0.6011388301849365,
                    0.3664712607860565,
                    0.7101626396179199
                ],
                [
                    -0.45928099751472473,
                    -0.5688005089759827,
                    0.6822954416275024
                ]
            ],
            [
                [
                    0.9017435312271118,
                    -0.4282253682613373,
                    0.05900587514042854
                ],
                [
                    0.33529549837112427,
                    0.7790523171424866,
                    0.5297682881355286
                ],
                [
                    -0.2728288769721985,
                    -0.45793068408966064,
                    0.8460873961448669
                ]
            ],
            [
                [
                    0.6711631417274475,
                    -0.7361540198326111,
                    0.08727730065584183
                ],
                [
                    0.7356255650520325,
                    0.6759365797042847,
                    0.04432621970772743
                ],
                [
                    -0.09162484109401703,
                    0.03445328772068024,
                    0.9951974153518677
                ]
            ],
            [
                [
                    0.6626623272895813,
                    -0.7283371686935425,
                    -0.17436638474464417
                ],
                [
                    0.696568489074707,
                    0.5138858556747437,
                    0.5007132291793823
                ],
                [
                    -0.27508360147476196,
                    -0.4532619118690491,
                    0.8478695154190063
                ]
            ],
            [
                [
                    0.7923957705497742,
                    -0.6089013814926147,
                    0.03671535477042198
                ],
                [
                    0.5750842094421387,
                    0.7657495141029358,
                    0.2879338264465332
                ],
                [
                    -0.20343805849552155,
                    -0.2070431411266327,
                    0.9569462537765503
                ]
            ],
            [
                [
                    0.9564396142959595,
                    0.21992798149585724,
                    0.19197610020637512
                ],
                [
                    -0.05759844928979874,
                    0.7868476510047913,
                    -0.6144534945487976
                ],
                [
                    -0.28619149327278137,
                    0.5766302347183228,
                    0.7652397751808167
                ]
            ],
            [
                [
                    0.9866787195205688,
                    -0.15582801401615143,
                    0.046719785779714584
                ],
                [
                    0.09524346143007278,
                    0.7861502766609192,
                    0.6106523275375366
                ],
                [
                    -0.13188552856445312,
                    -0.5980679392814636,
                    0.7905193567276001
                ]
            ],
            [
                [
                    0.663406252861023,
                    -0.7419774532318115,
                    -0.0967550277709961
                ],
                [
                    0.38432297110557556,
                    0.44882723689079285,
                    -0.8067527413368225
                ],
                [
                    0.6420186161994934,
                    0.4980196952819824,
                    0.5829138159751892
                ]
            ]
        ],
        "betas": [
            -0.13452106714248657,
            -0.09186303615570068,
            0.02170044183731079,
            0.01104918122291565,
            -0.02313891053199768,
            0.014285463839769363,
            -0.013492852449417114,
            0.05585213005542755,
            -0.014197036623954773,
            -0.047252386808395386
        ]
    },
    "pred_cam_t": [
        -0.1322968751192093,
        -0.04374605044722557,
        3.6889660358428955
    ],
    "focal_length": [
        5000.0,
        5000.0
    ],
    "pred_keypoints_3d": [
        [
            0.09628451615571976,
            0.006440551020205021,
            0.006234594155102968
        ],
        [
            0.09306890517473221,
            0.04187864065170288,
            0.021855851635336876
        ],
        [
            0.08424884080886841,
            0.06954488903284073,
            0.03272617608308792
        ],
        [
            0.07894527912139893,
            0.0926164984703064,
            0.0462162159383297
        ],
        [
            0.09050581604242325,
            0.12214966118335724,
            0.03449341282248497
        ],
        [
            0.13842353224754333,
            0.06290481239557266,
            0.06414145231246948
        ],
        [
            0.16032519936561584,
            0.08777481317520142,
            0.06398943066596985
        ],
        [
            0.16085149347782135,
            0.09835722297430038,
            0.04436088353395462
        ],
        [
            0.15181490778923035,
            0.10280865430831909,
            0.021724224090576172
        ],
        [
            0.1608952283859253,
            0.05213233828544617,
            0.0594291128218174
        ],
        [
            0.1792972832918167,
            0.07679173350334167,
            0.050961919128894806
        ],
        [
            0.17673072218894958,
            0.09130921214818954,
            0.032772891223430634
        ],
        [
            0.16501453518867493,
            0.10310228168964386,
            0.013173002749681473
        ],
        [
            0.17039349675178528,
            0.03675315901637077,
            0.03943173587322235
        ],
        [
            0.18693912029266357,
            0.060588933527469635,
            0.03741839900612831
        ],
        [
            0.18269455432891846,
            0.07559368014335632,
            0.017929445952177048
        ],
        [
            0.16716617345809937,
            0.08594004809856415,
            0.0009536463767290115
        ],
        [
            0.174855574965477,
            0.027140706777572632,
            0.02015812322497368
        ],
        [
            0.1869400441646576,
            0.04425264894962311,
            0.0164137352257967
        ],
        [
            0.17825663089752197,
            0.05518283694982529,
            0.003381555899977684
        ],
        [
            0.16110385954380035,
            0.060585588216781616,
            -0.004762562923133373
        ]
    ],
    "pred_vertices": [
        [
            0.11671528220176697,
            0.05264844372868538,
            0.032094135880470276
        ],
        [
            0.11054439097642899,
            0.050349485129117966,
            0.024894706904888153
        ],
        [
            0.10755251348018646,
            0.06163358315825462,
            0.029427628964185715
        ],
        [
            0.1139649748802185,
            0.06233064457774162,
            0.03684317693114281
        ],
        [
            0.09547582268714905,
            0.05815746262669563,
            0.01061037927865982
        ],
        [
            0.08441516757011414,
            0.055800661444664,
            0.00844089686870575
        ],
        [
            0.08336290717124939,
            0.06991249322891235,
            0.016922134906053543
        ],
        [
            0.09228280186653137,
            0.0719974935054779,
            0.017620805650949478
        ],
        [
            0.1102069839835167,
            0.06969639658927917,
            0.04268551245331764
        ],
        [
            0.10493476688861847,
            0.0704658180475235,
            0.033465247601270676
        ],
        [
            0.10387914627790451,
            0.07065893709659576,
            0.04762119799852371
        ],
        [
            0.11133644729852676,
            0.06435823440551758,
            0.058649949729442596
        ],
        [
            0.11569616943597794,
            0.0665384978055954,
            0.05187211185693741
        ],
        [
            0.11851970851421356,
            0.0629018098115921,
            0.06498456746339798
        ],
        [
            0.10612240433692932,
            0.05414091795682907,
            0.06127236783504486
        ],
        [
            0.12095139920711517,
            0.054485984146595,
            0.07000028342008591
        ],
        [
            0.122332863509655,
            0.02723003923892975,
            0.05510278791189194
        ],
        [
            0.13008594512939453,
            0.018778853118419647,
            0.047342654317617416
        ],
        [
            0.1433659791946411,
            0.026382580399513245,
            0.05652639642357826
        ],
        [
            0.134240984916687,
            0.03501546382904053,
            0.0628710389137268
        ],
        [
            0.1497795730829239,
            0.01567086949944496,
            0.03929110988974571
        ],
        [
            0.14693623781204224,
            0.021876109763979912,
            0.04919406399130821
        ],
        [
            0.133798748254776,
            0.013295024633407593,
            0.041004717350006104
        ],
        [
            0.1370137333869934,
            0.008324846625328064,
            0.032488830387592316
        ],
        [
            0.12197956442832947,
            0.03866032510995865,
            0.02219250798225403
        ],
        [
            0.11594473570585251,
            0.034357424825429916,
            0.015057079493999481
        ],
        [
            0.11401782184839249,
            0.03916914388537407,
            0.019506823271512985
        ],
        [
            0.11947478353977203,
            0.04290078580379486,
            0.025788787752389908
        ],
        [
            0.08884294331073761,
            0.07124609500169754,
            0.04794883728027344
        ],
        [
            0.09068451821804047,
            0.060452308505773544,
            0.0494137778878212
        ],
        [
            0.09776930510997772,
            0.06466194242238998,
            0.05135998874902725
        ],
        [
            0.09250441193580627,
            0.07502219825983047,
            0.04621472209692001
        ],
        [
            0.10515952110290527,
            0.022364452481269836,
            -0.01011742651462555
        ],
        [
            0.09517649561166763,
            0.01319456472992897,
            -0.011957921087741852
        ],
        [
            0.09129520505666733,
            0.015898894518613815,
            -0.008447352796792984
        ],
        [
            0.1016056090593338,
            0.023381728678941727,
            -0.007060091942548752
        ],
        [
            0.08216351270675659,
            0.033165596425533295,
            0.0020943060517311096
        ],
        [
            0.07851211726665497,
            0.02326168492436409,
            0.0014009475708007812
        ],
        [
            0.06733249872922897,
            0.0187750943005085,
            0.009069278836250305
        ],
        [
            0.07047971338033676,
            0.02706758677959442,
            0.01295282319188118
        ],
        [
            0.08405520021915436,
            0.044598404318094254,
            0.004701331257820129
        ],
        [
            0.07318254560232162,
            0.03938113898038864,
            0.012336157262325287
        ],
        [
            0.0756678432226181,
            0.05058996006846428,
            0.014013409614562988
        ],
        [
            0.07666026055812836,
            0.06408214569091797,
            0.021231062710285187
        ],
        [
            0.10368523746728897,
            0.005096033215522766,
            -0.017451390624046326
        ],
        [
            0.1121562272310257,
            0.010963156819343567,
            -0.017355266958475113
        ],
        [
            0.1488676816225052,
            0.08921153843402863,
            0.05481693893671036
        ],
        [
            0.15262813866138458,
            0.08578834682703018,
            0.05117546766996384
        ],
        [
            0.1506492793560028,
            0.0842558816075325,
            0.052242211997509
        ],
        [
            0.14759871363639832,
            0.08776552975177765,
            0.0558040514588356
        ],
        [
            0.11704884469509125,
            -0.008263077586889267,
            -0.009699594229459763
        ],
        [
            0.11678848415613174,
            -0.014523319900035858,
            -0.001675531268119812
        ],
        [
            0.11222153156995773,
            -0.017319481819868088,
            -0.006717551499605179
        ],
        [
            0.11084555834531784,
            -0.010706741362810135,
            -0.013408906757831573
        ],
        [
            0.12518495321273804,
            -0.004942525178194046,
            -0.00478198379278183
        ],
        [
            0.12279730290174484,
            -0.009927567094564438,
            0.00517692044377327
        ],
        [
            0.1560165137052536,
            0.0948369950056076,
            0.06410694122314453
        ],
        [
            0.1513594090938568,
            0.09478209912776947,
            0.061468012630939484
        ],
        [
            0.1506122201681137,
            0.09172283113002777,
            0.06484962999820709
        ],
        [
            0.15512661635875702,
            0.09022395312786102,
            0.06769964098930359
        ],
        [
            0.11957772076129913,
            0.06341728568077087,
            0.04445421323180199
        ],
        [
            0.1230124682188034,
            0.056551381945610046,
            0.037767428904771805
        ],
        [
            0.13287115097045898,
            0.06718568503856659,
            0.0535544790327549
        ],
        [
            0.13017790019512177,
            0.062107499688863754,
            0.04791337996721268
        ],
        [
            0.12442745268344879,
            0.06486698240041733,
            0.0519217774271965
        ],
        [
            0.12757521867752075,
            0.06807105988264084,
            0.0570610836148262
        ],
        [
            0.14036573469638824,
            0.045980799943208694,
            0.03330671042203903
        ],
        [
            0.13181369006633759,
            0.04088195413351059,
            0.02710162103176117
        ],
        [
            0.1293342411518097,
            0.04532313719391823,
            0.03160145878791809
        ],
        [
            0.13759340345859528,
            0.05225358158349991,
            0.03867333382368088
        ],
        [
            0.13912859559059143,
            0.034475356340408325,
            0.01660524681210518
        ],
        [
            0.14694304764270782,
            0.03965030610561371,
            0.023895328864455223
        ],
        [
            0.15016137063503265,
            0.03532962128520012,
            0.01710997149348259
        ],
        [
            0.14406350255012512,
            0.03320316970348358,
            0.012445248663425446
        ],
        [
            0.15756653249263763,
            0.049360573291778564,
            0.03844441473484039
        ],
        [
            0.16102153062820435,
            0.052001431584358215,
            0.04236190766096115
        ],
        [
            0.16391979157924652,
            0.051611073315143585,
            0.0397353395819664
        ],
        [
            0.15918676555156708,
            0.04739546775817871,
            0.035714566707611084
        ],
        [
            0.10731223970651627,
            -0.020644783973693848,
            -0.01073693111538887
        ],
        [
            0.10437242686748505,
            -0.012875992804765701,
            -0.016179993748664856
        ],
        [
            0.15727055072784424,
            0.007644709199666977,
            0.020080382004380226
        ],
        [
            0.15648682415485382,
            0.008051130920648575,
            0.008762657642364502
        ],
        [
            0.16827522218227386,
            0.013156851753592491,
            0.013055462390184402
        ],
        [
            0.16632750630378723,
            0.010988444089889526,
            0.02466508373618126
        ],
        [
            0.11365939676761627,
            -0.015636011958122253,
            0.008269689977169037
        ],
        [
            0.11042840033769608,
            -0.02037586271762848,
            0.0028114356100559235
        ],
        [
            0.16205669939517975,
            0.092314213514328,
            0.06428157538175583
        ],
        [
            0.1609172374010086,
            0.08755472302436829,
            0.06744754314422607
        ],
        [
            0.0724804550409317,
            0.041537053883075714,
            0.024706803262233734
        ],
        [
            0.07414224743843079,
            0.058533959090709686,
            0.028744004666805267
        ],
        [
            0.07064174115657806,
            0.028073273599147797,
            0.02262048050761223
        ],
        [
            0.06934560835361481,
            0.018422618508338928,
            0.02101537585258484
        ],
        [
            0.06543648988008499,
            0.011530216783285141,
            0.018517352640628815
        ],
        [
            0.13672029972076416,
            0.060523621737957,
            0.04667772725224495
        ],
        [
            0.1240028664469719,
            0.04860933497548103,
            0.03221000358462334
        ],
        [
            0.12443549185991287,
            0.0356391966342926,
            0.01862523704767227
        ],
        [
            0.1440226435661316,
            0.024840909987688065,
            -0.0030599236488342285
        ],
        [
            0.1359623819589615,
            0.02102009765803814,
            -0.008779101073741913
        ],
        [
            0.13273245096206665,
            0.02824530377984047,
            -0.0014201365411281586
        ],
        [
            0.14047399163246155,
            0.029624203220009804,
            0.0024868547916412354
        ],
        [
            0.15688546001911163,
            0.014509027823805809,
            0.0011215992271900177
        ],
        [
            0.15520864725112915,
            0.022437579929828644,
            0.0004950352013111115
        ],
        [
            0.16223683953285217,
            0.02520996704697609,
            0.005064964294433594
        ],
        [
            0.1657838672399521,
            0.018313486129045486,
            0.005975484848022461
        ],
        [
            0.08143763244152069,
            0.06953537464141846,
            0.047137144953012466
        ],
        [
            0.08396625518798828,
            0.05773390084505081,
            0.046314261853694916
        ],
        [
            0.11491890251636505,
            0.0002972334623336792,
            -0.015761449933052063
        ],
        [
            0.1074862852692604,
            -0.0018218792974948883,
            -0.01727348566055298
        ],
        [
            0.1005229726433754,
            -0.006567411124706268,
            -0.01884806901216507
        ],
        [
            0.11009234189987183,
            0.029529685154557228,
            0.002659086138010025
        ],
        [
            0.0992201566696167,
            0.024234864860773087,
            -0.005031071603298187
        ],
        [
            0.09739936888217926,
            0.02736283838748932,
            -0.002478189766407013
        ],
        [
            0.10917321592569351,
            0.03095267340540886,
            0.005730938166379929
        ],
        [
            0.10596495866775513,
            0.04815392196178436,
            0.014901388436555862
        ],
        [
            0.09722499549388885,
            0.04362061992287636,
            0.005010329186916351
        ],
        [
            0.10356728732585907,
            0.0611017644405365,
            0.019503004848957062
        ],
        [
            0.08487996459007263,
            0.01859905570745468,
            -0.004574432969093323
        ],
        [
            0.08304516226053238,
            0.010443400591611862,
            -0.011917173862457275
        ],
        [
            0.07667841762304306,
            0.013535972684621811,
            -0.006466299295425415
        ],
        [
            0.08980225771665573,
            0.004802487790584564,
            -0.016441188752651215
        ],
        [
            0.09605435281991959,
            -0.0010513179004192352,
            -0.01921723037958145
        ],
        [
            0.10629434138536453,
            -0.02709503471851349,
            -0.0005962587893009186
        ],
        [
            0.07160505652427673,
            0.01559918001294136,
            2.4788081645965576e-05
        ],
        [
            0.08899787068367004,
            0.07861354947090149,
            0.024213340133428574
        ],
        [
            0.08510783314704895,
            0.08346876502037048,
            0.02933262288570404
        ],
        [
            0.09157665818929672,
            0.0827806293964386,
            0.033968646079301834
        ],
        [
            0.09533370286226273,
            0.07823191583156586,
            0.02985861897468567
        ],
        [
            0.12669357657432556,
            0.06508897244930267,
            0.06989642232656479
        ],
        [
            0.12585501372814178,
            0.068614661693573,
            0.06301601976156235
        ],
        [
            0.1190057247877121,
            0.06588476896286011,
            0.0581391416490078
        ],
        [
            0.11633431166410446,
            0.024794302880764008,
            -0.008159033954143524
        ],
        [
            0.12183649837970734,
            0.015163423493504524,
            -0.014535892754793167
        ],
        [
            0.13912788033485413,
            0.06577571481466293,
            0.05237191170454025
        ],
        [
            0.15360361337661743,
            0.08648359775543213,
            0.07043015956878662
        ],
        [
            0.14846830070018768,
            0.08853806555271149,
            0.06764474511146545
        ],
        [
            0.13750356435775757,
            0.07522197812795639,
            0.07026952505111694
        ],
        [
            0.14306628704071045,
            0.07256562262773514,
            0.07384058088064194
        ],
        [
            0.14825190603733063,
            0.0650847926735878,
            0.056249722838401794
        ],
        [
            0.1419156789779663,
            0.06735800951719284,
            0.053435541689395905
        ],
        [
            0.14380072057247162,
            0.06781730055809021,
            0.05375674366950989
        ],
        [
            0.15039771795272827,
            0.06641165167093277,
            0.05435311421751976
        ],
        [
            0.16598674654960632,
            0.04618898034095764,
            0.03232042118906975
        ],
        [
            0.16153742372989655,
            0.0426909402012825,
            0.028687328100204468
        ],
        [
            0.14651034772396088,
            0.04498135298490524,
            0.06703498959541321
        ],
        [
            0.13600683212280273,
            0.04919557273387909,
            0.07542207837104797
        ],
        [
            0.12559935450553894,
            0.04325796663761139,
            0.06897434592247009
        ],
        [
            0.1434706598520279,
            0.041793838143348694,
            0.027857810258865356
        ],
        [
            0.15155984461307526,
            0.04596446081995964,
            0.032908014953136444
        ],
        [
            0.15363962948322296,
            0.043691303580999374,
            0.030062519013881683
        ],
        [
            0.14143860340118408,
            0.060082513839006424,
            0.0472593791782856
        ],
        [
            0.14483323693275452,
            0.06340581923723221,
            0.05194677412509918
        ],
        [
            0.14667992293834686,
            0.05976948142051697,
            0.04941112548112869
        ],
        [
            0.14355888962745667,
            0.05636807531118393,
            0.04397892579436302
        ],
        [
            0.14541614055633545,
            0.002148643136024475,
            0.004028536379337311
        ],
        [
            0.1463167816400528,
            0.009633529931306839,
            -0.005037486553192139
        ],
        [
            0.1486193835735321,
            0.09258271753787994,
            0.0583002083003521
        ],
        [
            0.147587850689888,
            0.09063424915075302,
            0.06044404208660126
        ],
        [
            0.13500018417835236,
            0.03690133988857269,
            0.02186788246035576
        ],
        [
            0.11534594744443893,
            0.03660698980093002,
            0.0594727098941803
        ],
        [
            0.12714162468910217,
            0.03291010111570358,
            0.014582011848688126
        ],
        [
            0.1695823222398758,
            0.02623276598751545,
            0.03674815967679024
        ],
        [
            0.17226287722587585,
            0.031257856637239456,
            0.03015289641916752
        ],
        [
            0.17466244101524353,
            0.03595297783613205,
            0.03175732120871544
        ],
        [
            0.17509286105632782,
            0.033520713448524475,
            0.03741208836436272
        ],
        [
            0.15936483442783356,
            0.07639512419700623,
            0.05333152785897255
        ],
        [
            0.1547745019197464,
            0.07958012074232101,
            0.05101674795150757
        ],
        [
            0.15579195320606232,
            0.08075562864542007,
            0.05082692950963974
        ],
        [
            0.16133107244968414,
            0.07899719476699829,
            0.05282820761203766
        ],
        [
            0.13651274144649506,
            0.06959278136491776,
            0.054637134075164795
        ],
        [
            0.13179045915603638,
            0.07142746448516846,
            0.058518603444099426
        ],
        [
            0.13571971654891968,
            0.07443317770957947,
            0.05806323140859604
        ],
        [
            0.14000771939754486,
            0.07134627550840378,
            0.05488986149430275
        ],
        [
            0.13088645040988922,
            0.07178886234760284,
            0.06470850110054016
        ],
        [
            0.134765163064003,
            0.07556597888469696,
            0.064444400370121
        ],
        [
            0.16299107670783997,
            0.07583604753017426,
            0.0587753988802433
        ],
        [
            0.1629861742258072,
            0.07911377400159836,
            0.06583715230226517
        ],
        [
            0.1542472243309021,
            0.06516044586896896,
            0.06810075044631958
        ],
        [
            0.15535767376422882,
            0.06583382934331894,
            0.06026272475719452
        ],
        [
            0.12514016032218933,
            0.00021317601203918457,
            0.026970716193318367
        ],
        [
            0.1302705705165863,
            -0.003391847014427185,
            0.0176137275993824
        ],
        [
            0.1423349380493164,
            0.0043817199766635895,
            0.02295527420938015
        ],
        [
            0.15490110218524933,
            0.010889910161495209,
            0.02866116166114807
        ],
        [
            0.16580569744110107,
            0.018375473096966743,
            0.03407959267497063
        ],
        [
            0.161045640707016,
            0.02093304879963398,
            0.045267753303050995
        ],
        [
            0.1445900946855545,
            0.0016937516629695892,
            0.015400687232613564
        ],
        [
            0.1509266048669815,
            0.05724799633026123,
            0.06127382442355156
        ],
        [
            0.1480255126953125,
            0.0553034171462059,
            0.06883440166711807
        ],
        [
            0.1505478173494339,
            0.05199161171913147,
            0.06521078944206238
        ],
        [
            0.13135801255702972,
            0.030958769842982292,
            0.008640564978122711
        ],
        [
            0.145612433552742,
            0.08869475871324539,
            0.06294750422239304
        ],
        [
            0.08084440976381302,
            0.0010971799492835999,
            0.030167363584041595
        ],
        [
            0.09024085849523544,
            -0.0077229514718055725,
            0.027092378586530685
        ],
        [
            0.09464822709560394,
            -0.0013848990201950073,
            0.031414151191711426
        ],
        [
            0.08424291014671326,
            0.008921969681978226,
            0.0340934656560421
        ],
        [
            0.14919450879096985,
            0.08399304002523422,
            0.052426211535930634
        ],
        [
            0.14537031948566437,
            0.08700829744338989,
            0.05679837241768837
        ],
        [
            0.16603906452655792,
            0.040270499885082245,
            0.024339744821190834
        ],
        [
            0.169569194316864,
            0.043416719883680344,
            0.028552759438753128
        ],
        [
            0.17279154062271118,
            0.041310928761959076,
            0.02834344655275345
        ],
        [
            0.17148816585540771,
            0.0393650159239769,
            0.02237614430487156
        ],
        [
            0.13148917257785797,
            -0.005122091621160507,
            0.011938512325286865
        ],
        [
            0.17521744966506958,
            0.019434424117207527,
            0.013745145872235298
        ],
        [
            0.17345361411571503,
            0.016751838847994804,
            0.024637527763843536
        ],
        [
            0.11960487067699432,
            -0.010029349476099014,
            0.013353776186704636
        ],
        [
            0.11514706164598465,
            -0.007503889501094818,
            0.02180088683962822
        ],
        [
            0.10835538804531097,
            -0.01334836333990097,
            0.01771831139922142
        ],
        [
            0.15908083319664001,
            0.03264760971069336,
            0.0550597682595253
        ],
        [
            0.1227184534072876,
            0.004700504243373871,
            0.034131795167922974
        ],
        [
            0.11223269999027252,
            -0.0033691413700580597,
            0.027678722515702248
        ],
        [
            0.10397553443908691,
            -0.010156843811273575,
            0.023061536252498627
        ],
        [
            0.09865128993988037,
            -0.015799079090356827,
            0.019751138985157013
        ],
        [
            0.10397595167160034,
            -0.018633276224136353,
            0.014156702905893326
        ],
        [
            0.15895137190818787,
            0.0829402282834053,
            0.06925741583108902
        ],
        [
            0.16600649058818817,
            0.08372905850410461,
            0.06362809240818024
        ],
        [
            0.09943225234746933,
            -0.025925729423761368,
            0.01091131940484047
        ],
        [
            0.09347067773342133,
            -0.021951835602521896,
            0.0169462151825428
        ],
        [
            0.10770343989133835,
            0.0019389763474464417,
            0.033816464245319366
        ],
        [
            0.10176102817058563,
            0.009351525455713272,
            0.03998926281929016
        ],
        [
            0.11799532175064087,
            0.009737446904182434,
            0.03965160995721817
        ],
        [
            0.11292657256126404,
            0.01763586327433586,
            0.046567827463150024
        ],
        [
            0.1527693271636963,
            0.032770417630672455,
            0.06434620916843414
        ],
        [
            0.16879858076572418,
            0.09424138069152832,
            0.04802551865577698
        ],
        [
            0.16780157387256622,
            0.08543948084115982,
            0.055168576538562775
        ],
        [
            0.16385602951049805,
            0.082801952958107,
            0.051534391939640045
        ],
        [
            0.16735127568244934,
            0.09099748730659485,
            0.045527972280979156
        ],
        [
            0.1652166098356247,
            0.07984010875225067,
            0.057234492152929306
        ],
        [
            0.16720078885555267,
            0.08852354437112808,
            0.060193900018930435
        ],
        [
            0.10381126403808594,
            0.029136497527360916,
            0.05087351053953171
        ],
        [
            0.14993244409561157,
            0.06205233931541443,
            0.053847990930080414
        ],
        [
            0.09017327427864075,
            0.022600334137678146,
            0.04171972721815109
        ],
        [
            0.09617263823747635,
            0.045441288501024246,
            0.05532638728618622
        ],
        [
            0.08615005016326904,
            0.041435327380895615,
            0.04624108225107193
        ],
        [
            0.07567688822746277,
            0.018035482615232468,
            0.032010193914175034
        ],
        [
            0.07575631886720657,
            0.03331809490919113,
            0.035730957984924316
        ],
        [
            0.06967391818761826,
            0.00387728214263916,
            0.024938203394412994
        ],
        [
            0.07398460805416107,
            0.010065648704767227,
            0.028837289661169052
        ],
        [
            0.07624831795692444,
            0.04867035895586014,
            0.03707243874669075
        ],
        [
            0.1519705206155777,
            0.09272031486034393,
            0.04697838053107262
        ],
        [
            0.15645243227481842,
            0.08907848596572876,
            0.04474085569381714
        ],
        [
