{
    "pred_cam": [
        6.628385066986084,
        -0.03888092562556267,
        0.005070887506008148
    ],
    "pred_mano_params": {
        "global_orient": [
            [
                [
                    0.9005025625228882,
                    0.4049248695373535,
                    0.158527672290802
                ],
                [
                    0.43473780155181885,
                    -0.8466245532035828,
                    -0.30696895718574524
                ],
                [
                    0.009914040565490723,
                    0.3453442454338074,
                    -0.938423752784729
                ]
            ]
        ],
        "hand_pose": [
            [
                [
                    0.7470369935035706,
                    -0.6364548206329346,
                    -0.19199238717556
                ],
                [
                    0.615034282207489,
                    0.7713022232055664,
                    -0.1637859046459198
                ],
                [
                    0.25232645869255066,
                    0.0042722332291305065,
                    0.9676328301429749
                ]
            ],
            [
                [
                    0.7041491866111755,
                    -0.6873958110809326,
                    0.17793554067611694
                ],
                [
                    0.7068620324134827,
                    0.6548910140991211,
                    -0.2673274278640747
                ],
                [
                    0.06723137199878693,
                    0.3140142560005188,
                    0.9470349550247192
                ]
            ],
            [
                [
                    0.8748446106910706,
                    -0.47766950726509094,
                    0.08048979938030243
                ],
                [
                    0.4636479914188385,
                    0.8738371729850769,
                    0.14642105996608734
                ],
                [
                    -0.14027586579322815,
                    -0.09077675640583038,
                    0.9859422445297241
                ]
            ],
            [
                [
                    0.27156883478164673,
                    -0.9082081913948059,
                    -0.31844669580459595
                ],
                [
                    0.9614508152008057,
                    0.2708525061607361,
                    0.047447651624679565
                ],
                [
                    0.043159760534763336,
                    -0.31905612349510193,
                    0.9467526078224182
                ]
            ],
            [
                [
                    0.9384430646896362,
                    -0.2974913716316223,
                    -0.17556656897068024
                ],
                [
                    0.32812556624412537,
                    0.9265662431716919,
                    0.18387152254581451
                ],
                [
                    0.1079738438129425,
                    -0.23016080260276794,
                    0.9671441912651062
                ]
            ],
            [
                [
                    0.9199321269989014,
                    -0.354411244392395,
                    0.16768322885036469
                ],
                [
                    0.3557893931865692,
                    0.9342884421348572,
                    0.022782672196626663
                ],
                [
                    -0.16473892331123352,
                    0.03870139271020889,
                    0.9855777025222778
                ]
            ],
            [
                [
                    0.37552669644355774,
                    -0.9259609580039978,
                    -0.03969797492027283
                ],
                [
                    0.5190764665603638,
                    0.17464232444763184,
                    0.8366956114768982
                ],
                [
                    -0.767814576625824,
                    -0.3348079025745392,
                    0.5462273955345154
                ]
            ],
            [
                [
                    0.9572829604148865,
                    -0.24665489792823792,
                    -0.15089967846870422
                ],
                [
                    0.26344794034957886,
                    0.9590983390808105,
                    0.10356442630290985
                ],
                [
                    0.11918295174837112,
                    -0.13889464735984802,
                    0.9831092357635498
                ]
            ],
            [
                [
                    0.9871475100517273,
                    -0.01956404186785221,
                    0.15860973298549652
                ],
                [
                    -0.03615313768386841,
                    0.9394108057022095,
                    0.34088167548179626
                ],
                [
                    -0.155668705701828,
                    -0.34223473072052,
                    0.9266297221183777
                ]
            ],
            [
                [
                    0.1756354421377182,
                    -0.9841393232345581,
                    -0.024940498173236847
                ],
                [
                    0.9394683837890625,
                    0.15998463332653046,
                    0.30299192667007446
                ],
                [
                    -0.29419615864753723,
                    -0.07664692401885986,
                    0.9526667594909668
                ]
            ],
            [
                [
                    0.984646737575531,
                    -0.1662253737449646,
                    -0.05329141393303871
                ],
                [
                    0.17386941611766815,
                    0.9068247675895691,
                    0.38397708535194397
                ],
                [
                    -0.015500759705901146,
                    -0.3873475193977356,
                    0.9218035340309143
                ]
            ],
            [
                [
                    0.9145311713218689,
                    -0.31950727105140686,
                    0.24808835983276367
                ],
                [
                    0.24979309737682343,
                    0.9284524917602539,
                    0.2749170660972595
                ],
                [
                    -0.3181762397289276,
                    -0.1894494742155075,
                    0.9289094805717468
                ]
            ],
            [
                [
                    0.9213953614234924,
                    -0.2567785382270813,
                    -0.2917112410068512
                ],
                [
                    -0.20769967138767242,
                    0.3090585470199585,
                    -0.9280860424041748
                ],
                [
                    0.3284684121608734,
                    0.9157224893569946,
                    0.23143228888511658
                ]
            ],
            [
                [
                    0.9506472945213318,
                    -0.2932474613189697,
                    0.10136845707893372
                ],
                [
                    0.18755750358104706,
                    0.8033822774887085,
                    0.5651540160179138
                ],
                [
                    -0.24716761708259583,
                    -0.5182497501373291,
                    0.8187339305877686
                ]
            ],
            [
                [
                    0.9918099641799927,
                    0.07101326435804367,
                    -0.10616134107112885
                ],
                [
                    -0.10315453261137009,
                    0.9354938864707947,
                    -0.33795008063316345
                ],
                [
                    0.07531436532735825,
                    0.3461332619190216,
                    0.9351574778556824
                ]
            ]
        ],
        "betas": [
            0.08480378985404968,
            -0.004854261875152588,
            0.007651805877685547,
            -0.01852366328239441,
            -0.08865165710449219,
            -0.05353916436433792,
            -0.012766361236572266,
            -0.06165379285812378,
            0.0225992351770401,
            -0.07389244437217712
        ]
    },
    "pred_cam_t": [
        -0.03888092562556267,
        0.005070887506008148,
        5.893215179443359
    ],
    "focal_length": [
        5000.0,
        5000.0
    ],
    "pred_keypoints_3d": [
        [
            0.09526126086711884,
            0.006333551369607449,
            0.0061678458005189896
        ],
        [
            0.0714736208319664,
            0.0011697513982653618,
            -0.023474695160984993
        ],
        [
            0.041696883738040924,
            0.005191059783101082,
            -0.02956496551632881
        ],
        [
            0.015210114419460297,
            0.008644070476293564,
            -0.03355199098587036
        ],
        [
            -0.019741065800189972,
            0.014108001254498959,
            -0.039201442152261734
        ],
        [
            0.017479151487350464,
            -0.03370017558336258,
            -0.015759682282805443
        ],
        [
            -0.015057329088449478,
            -0.029120521619915962,
            -0.01631079614162445
        ],
        [
            -0.024745622649788857,
            -0.009368829429149628,
            -0.018362384289503098
        ],
        [
            -0.02569064311683178,
            0.01490473747253418,
            -0.022265957668423653
        ],
        [
            0.009261921048164368,
            -0.03237343579530716,
            0.007887879386544228
        ],
        [
            -0.011442575603723526,
            -0.008750297129154205,
            0.0043322257697582245
        ],
        [
            -0.01669783517718315,
            0.013397566974163055,
            -3.346335142850876e-05
        ],
        [
            -0.02032051794230938,
            0.03636060655117035,
            -0.010751679539680481
        ],
        [
            0.016147807240486145,
            -0.017545688897371292,
            0.028924981132149696
        ],
        [
            -0.000718453899025917,
            0.0018905717879533768,
            0.016159402206540108
        ],
        [
            -0.0061701079830527306,
            0.023917069658637047,
            0.0063951509073376656
        ],
        [
            -0.010284746065735817,
            0.04211439937353134,
            -0.010396074503660202
        ],
        [
            0.022746965289115906,
            -0.0018576746806502342,
            0.04244832694530487
        ],
        [
            0.010617945343255997,
            0.009913278743624687,
            0.029939930886030197
        ],
        [
            0.00504691619426012,
            0.023703565821051598,
            0.018354305997490883
        ],
        [
            -0.00010028155520558357,
            0.03585107997059822,
            0.002048308029770851
        ]
    ],
    "pred_vertices": [
        [
            0.04691004008054733,
            -0.005951933562755585,
            -0.014072049409151077
        ],
        [
            0.056813448667526245,
            -0.00015749037265777588,
            -0.012710478156805038
        ],
        [
            0.0493573360145092,
            -0.00013968348503112793,
            -0.015680791810154915
        ],
        [
            0.041438281536102295,
            -0.007291706278920174,
            -0.019556846469640732
        ],
        [
            0.06078688055276871,
            0.01782722771167755,
            -0.01750773936510086
        ],
        [
            0.06629796326160431,
            0.020152606070041656,
            -0.027784984558820724
        ],
        [
            0.05006811395287514,
            0.018769176676869392,
            -0.029560083523392677
        ],
        [
            0.04764285683631897,
            0.01796097308397293,
            -0.019829053431749344
        ],
        [
            0.03649980574846268,
            -0.009460069239139557,
            -0.022552169859409332
        ],
        [
            0.041995853185653687,
            0.0002524144947528839,
            -0.018105393275618553
        ],
        [
            0.03529312089085579,
            -0.0115664042532444,
            -0.023071715608239174
        ],
        [
            0.034251969307661057,
            -0.02613908424973488,
            -0.02663758583366871
        ],
        [
            0.032759688794612885,
            -0.01991702802479267,
            -0.025450419634580612
        ],
        [
            0.03022761270403862,
            -0.03350086882710457,
            -0.025984585285186768
        ],
        [
            0.043121837079524994,
            -0.031381212174892426,
            -0.02590320073068142
        ],
        [
            0.03308861330151558,
            -0.04060173034667969,
            -0.02054084837436676
        ],
        [
            0.053804248571395874,
            -0.034707777202129364,
            -0.00031277770176529884
        ],
        [
            0.055340688675642014,
            -0.029890913516283035,
            0.012424447573721409
        ],
        [
            0.0386597216129303,
            -0.037183113396167755,
            0.01470669824630022
        ],
        [
            0.03868498653173447,
            -0.04033828526735306,
            0.0010683219879865646
        ],
        [
            0.043862394988536835,
            -0.023909693583846092,
            0.030280208215117455
        ],
        [
            0.04021167382597923,
            -0.03141707554459572,
            0.021754078567028046
        ],
        [
            0.057329628616571426,
            -0.025428351014852524,
            0.020024461671710014
        ],
        [
            0.0597207248210907,
            -0.018810812383890152,
            0.027434689924120903
        ],
        [
            0.05309956148266792,
            -0.00034782104194164276,
            -0.0015701865777373314
        ],
        [
            0.06255915760993958,
            0.005129292607307434,
            -0.001602555625140667
        ],
        [
            0.06169946864247322,
            0.001761220395565033,
            -0.006300029810518026
        ],
        [
            0.05205509811639786,
            -0.002751285210251808,
            -0.006416998337954283
        ],
        [
            0.03361063823103905,
            -0.006929734721779823,
            -0.029817303642630577
        ],
        [
            0.04553672671318054,
            -0.015867702662944794,
            -0.032237231731414795
        ],
        [
            0.03967466577887535,
            -0.016460474580526352,
            -0.027458228170871735
        ],
        [
            0.03129912167787552,
            -0.004205233417451382,
            -0.02548234723508358
        ],
        [
            0.08154147863388062,
            0.026201635599136353,
            0.004534213338047266
        ],
        [
            0.09505635499954224,
            0.025456106290221214,
            0.004583993460983038
        ],
        [
            0.09561461210250854,
            0.022883394733071327,
            -0.0007502688094973564
        ],
        [
            0.08337361365556717,
            0.0236164852976799,
            0.000360351987183094
        ],
        [
            0.08786343038082123,
            0.018965795636177063,
            -0.02113756164908409
        ],
        [
            0.09778979420661926,
            0.0163227878510952,
            -0.017635155469179153
        ],
        [
            0.10610861331224442,
            0.00822398066520691,
            -0.023374928161501884
        ],
        [
            0.09587305784225464,
            0.008101209998130798,
            -0.0281820148229599
        ],
        [
            0.0769805908203125,
            0.019924934953451157,
            -0.025091925635933876
        ],
        [
            0.08342666178941727,
            0.012392837554216385,
            -0.0334552600979805
        ],
        [
            0.07016535103321075,
            0.014268344268202782,
            -0.03625885397195816
        ],
        [
            0.052160538733005524,
            0.01411936804652214,
            -0.03708760067820549
        ],
        [
            0.09516904503107071,
            0.028246765956282616,
            0.017027603462338448
        ],
        [
            0.08516335487365723,
            0.029750440269708633,
            0.01867549866437912
        ],
        [
            -0.00960833765566349,
            -0.01864442229270935,
            -0.023501407355070114
        ],
        [
            -0.009456462226808071,
            -0.016180887818336487,
            -0.01794963702559471
        ],
        [
            -0.006158597767353058,
            -0.01759142242372036,
            -0.018398510292172432
        ],
        [
            -0.007042544893920422,
            -0.019946560263633728,
            -0.0236208476126194
        ],
        [
            0.09288132935762405,
            0.01708030514419079,
            0.03368857875466347
        ],
        [
            0.09569644927978516,
            0.007765604183077812,
            0.03605542331933975
        ],
        [
            0.10172933340072632,
            0.011792723089456558,
            0.035911865532398224
        ],
        [
            0.0996311604976654,
            0.01998218521475792,
            0.031912632286548615
        ],
        [
            0.08398758620023727,
            0.013190831989049911,
            0.03599303960800171
        ],
        [
            0.08712640404701233,
            0.002449488267302513,
            0.03565583378076553
        ],
        [
            -0.01840568706393242,
            -0.027912642806768417,
            -0.023835988715291023
        ],
        [
            -0.015377884730696678,
            -0.02470463700592518,
            -0.026607302948832512
        ],
        [
            -0.012417351827025414,
            -0.028405718505382538,
            -0.02595961093902588
        ],
        [
            -0.014336294494569302,
            -0.03193897753953934,
            -0.0223805233836174
        ],
        [
            0.034406017512083054,
            -0.014457954093813896,
            -0.022027209401130676
        ],
        [
            0.037905991077423096,
            -0.01025448739528656,
            -0.01523863896727562
        ],
        [
            0.020285168662667274,
            -0.022348856553435326,
            -0.02028125897049904
        ],
        [
            0.026896309107542038,
            -0.01838642545044422,
            -0.017243605107069016
        ],
        [
            0.028380006551742554,
            -0.021285666152834892,
            -0.02319849655032158
        ],
        [
            0.02288990654051304,
            -0.025391576811671257,
            -0.024901345372200012
        ],
        [
            0.032928455621004105,
            -0.009105514734983444,
            0.0034818239510059357
        ],
        [
            0.04344018176198006,
            -0.004480212926864624,
            0.002467753365635872
        ],
        [
            0.04160414636135101,
            -0.007554441690444946,
            -0.0030785324051976204
        ],
        [
            0.0297870971262455,
            -0.012438833713531494,
            -0.003815764794126153
        ],
        [
            0.04440567269921303,
            0.003712160512804985,
            0.013866536319255829
        ],
        [
            0.03432281315326691,
            -0.0019934214651584625,
            0.014153008349239826
        ],
        [
            0.03635106608271599,
            0.0032942891120910645,
            0.020548250526189804
        ],
        [
            0.042605362832546234,
            0.007297085598111153,
            0.01887556165456772
        ],
        [
            0.018152795732021332,
            -0.013808551244437695,
            0.011575496755540371
        ],
        [
            0.014915786683559418,
            -0.0171212125569582,
            0.010847878642380238
        ],
        [
            0.01486281119287014,
            -0.0144781693816185,
            0.01312636211514473
        ],
        [
            0.019069429486989975,
            -0.01156332716345787,
            0.014405266381800175
        ],
        [
            0.10818502306938171,
            0.01470542699098587,
            0.03572538495063782
        ],
        [
            0.10623914003372192,
            0.022037867456674576,
            0.029594315215945244
        ],
        [
            0.04750433564186096,
            -0.0075953323394060135,
            0.04460649564862251
        ],
        [
            0.05053434148430824,
            0.003150762990117073,
            0.04569658264517784
        ],
        [
            0.03761103376746178,
            0.0012800777330994606,
            0.0479280911386013
        ],
        [
            0.03737180680036545,
            -0.011047916486859322,
            0.04710635170340538
        ],
        [
            0.09684491902589798,
            -0.0018841568380594254,
            0.03262373432517052
        ],
        [
            0.1032576709985733,
            0.001994023099541664,
            0.03477216511964798
        ],
        [
            -0.020382171496748924,
            -0.029184207320213318,
            -0.017953334376215935
        ],
        [
            -0.015955867245793343,
            -0.03278334066271782,
            -0.016497312113642693
        ],
        [
            0.0755525603890419,
            0.0015015490353107452,
            -0.039239898324012756
        ],
        [
            0.05426207184791565,
            0.005197169259190559,
            -0.04137643426656723
        ],
        [
            0.09118839353322983,
            -0.0011333189904689789,
            -0.03322816640138626
        ],
        [
            0.10129968822002411,
            -0.003271229565143585,
            -0.026351323351264
        ],
        [
            0.11024101078510284,
            -0.003271952271461487,
            -0.02231164090335369
        ],
        [
            0.023475199937820435,
            -0.01772565208375454,
            -0.011774688959121704
        ],
        [
            0.043395958840847015,
            -0.007238669320940971,
            -0.008639446459710598
        ],
        [
            0.05369492247700691,
            0.0022868774831295013,
            0.002767030382528901
        ],
        [
            0.050940368324518204,
            0.019711099565029144,
            0.02786678820848465
        ],
        [
            0.06004650518298149,
            0.024140192195773125,
            0.026275483891367912
        ],
        [
            0.05629146099090576,
            0.019234834238886833,
            0.01751401461660862
        ],
        [
            0.04930257424712181,
            0.015826180577278137,
            0.020976165309548378
        ],
        [
            0.04777556657791138,
            0.012530926614999771,
            0.04284059256315231
        ],
        [
            0.044304464012384415,
            0.01557588018476963,
            0.036279451102018356
        ],
        [
            0.03753712773323059,
            0.012458357959985733,
            0.03727357089519501
        ],
        [
            0.03843474015593529,
            0.009471696801483631,
            0.04417790472507477
        ],
        [
            0.035378072410821915,
            -0.005727849900722504,
            -0.03683766350150108
        ],
        [
            0.05036570131778717,
            -0.013462811708450317,
            -0.036955732852220535
        ],
        [
            0.08988997340202332,
            0.025191038846969604,
            0.027624966576695442
        ],
        [
            0.0969197228550911,
            0.02611878514289856,
            0.024350523948669434
        ],
        [
            0.10538195073604584,
            0.026333848014473915,
            0.023233670741319656
        ],
        [
            0.0722653716802597,
            0.015689950436353683,
            -0.0002849400043487549
        ],
        [
            0.0846409797668457,
            0.021937765181064606,
            -0.0026802103966474533
        ],
        [
            0.08413536101579666,
            0.02029484137892723,
            -0.006845959462225437
        ],
        [
            0.07279516756534576,
            0.012836586683988571,
            -0.0028302492573857307
        ],
        [
            0.06522902846336365,
            0.008412465453147888,
            -0.010999366641044617
        ],
        [
            0.07346667349338531,
            0.01767144352197647,
            -0.015019217506051064
        ],
        [
            0.054865654557943344,
            0.009460102766752243,
            -0.011973835527896881
        ],
        [
            0.09787184000015259,
            0.019995685666799545,
            -0.008156215772032738
        ],
        [
            0.10570865869522095,
            0.024512508884072304,
            -0.0017009299481287599
        ],
        [
            0.10717057436704636,
            0.02026369795203209,
            -0.009353142231702805
        ],
        [
            0.10531613230705261,
            0.02726861834526062,
            0.007651478052139282
        ],
        [
            0.10506460070610046,
            0.02823766879737377,
            0.01645556464791298
        ],
        [
            0.11124084889888763,
            0.0033595487475395203,
            0.037319108843803406
        ],
        [
            0.10794970393180847,
            0.015073053538799286,
            -0.01570870168507099
        ],
        [
            0.038803666830062866,
            0.016753625124692917,
            -0.022862624377012253
        ],
        [
            0.03082617186009884,
            0.0161605104804039,
            -0.02652762271463871
        ],
        [
            0.029543224722146988,
            0.010633913800120354,
            -0.021318843588232994
        ],
        [
            0.037010908126831055,
            0.010593179613351822,
            -0.017470963299274445
        ],
        [
            0.02281063422560692,
            -0.038212500512599945,
            -0.02486741542816162
        ],
        [
            0.022509392350912094,
            -0.03077787160873413,
            -0.02683657966554165
        ],
        [
            0.029870321974158287,
            -0.026476174592971802,
            -0.027026664465665817
        ],
        [
            0.07144522666931152,
            0.02490955963730812,
            0.010138815268874168
        ],
        [
            0.07494821399450302,
            0.028173599392175674,
            0.021817490458488464
        ],
        [
            0.016971688717603683,
            -0.021808475255966187,
            -0.014708117581903934
        ],
        [
            -0.010655680671334267,
            -0.03530745208263397,
            -0.021530723199248314
        ],
        [
            -0.008528335951268673,
            -0.031592436134815216,
            -0.025832002982497215
        ],
        [
            0.008360191248357296,
            -0.036596640944480896,
            -0.025648286566138268
        ],
        [
            0.006023760885000229,
            -0.041139811277389526,
            -0.020840423181653023
        ],
        [
            0.010380135849118233,
            -0.026258187368512154,
            -0.008429432287812233
        ],
        [
            0.013472594320774078,
            -0.022730909287929535,
            -0.01368426438421011
        ],
        [
            0.01161138154566288,
            -0.023267589509487152,
            -0.012594620697200298
        ],
        [
            0.00804423913359642,
            -0.024702120572328568,
            -0.0071612270548939705
        ],
        [
            0.01880529150366783,
            -0.008706114254891872,
            0.019395973533391953
        ],
        [
            0.022191690281033516,
            -0.0061074793338775635,
            0.02026546373963356
        ],
        [
            0.02255444973707199,
            -0.04162260517477989,
            0.0014675664715468884
        ],
        [
            0.02615043707191944,
            -0.04821489378809929,
            -0.01014908030629158
        ],
        [
            0.037933580577373505,
            -0.04322167485952377,
            -0.01091592013835907
        ],
        [
            0.03453413397073746,
            -0.005130212754011154,
            0.009560700505971909
        ],
        [
            0.02528848871588707,
            -0.008979694917798042,
            0.011089969426393509
        ],
        [
            0.026027604937553406,
            -0.006893714889883995,
            0.014530573040246964
        ],
        [
            0.02035372331738472,
            -0.01850021257996559,
            -0.008375677280128002
        ],
        [
            0.014773955568671227,
            -0.022232038900256157,
            -0.009139586240053177
        ],
        [
            0.016530141234397888,
            -0.02094963937997818,
            -0.005105357151478529
        ],
        [
            0.021919991821050644,
            -0.01647474616765976,
            -0.003714841092005372
        ],
        [
            0.06318546831607819,
            0.006286663934588432,
            0.043284621089696884
        ],
        [
            0.05944293364882469,
            0.01707812026143074,
            0.04046744108200073
        ],
        [
            -0.011966696009039879,
            -0.021513329818844795,
            -0.02652525156736374
        ],
        [
            -0.009388741105794907,
            -0.023958254605531693,
            -0.026422960683703423
        ],
        [
            0.04476385563611984,
            -0.0006185714155435562,
            0.008375098928809166
        ],
        [
            0.05099143832921982,
            -0.03585940971970558,
            -0.011682026088237762
        ],
        [
            0.05422010272741318,
            0.005390554666519165,
            0.007239560596644878
        ],
        [
            0.023558219894766808,
            -0.016792424023151398,
            0.035566654056310654
        ],
        [
            0.021378271281719208,
            -0.00882691703736782,
            0.03388907015323639
        ],
        [
            0.0184096097946167,
            -0.0077599529176950455,
            0.03154243528842926
        ],
        [
            0.01709730550646782,
            -0.013017158955335617,
            0.03276769816875458
        ],
        [
            -0.005656172521412373,
            -0.02199404686689377,
            -0.007220420520752668
        ],
        [
            -0.004579328931868076,
            -0.018573297187685966,
            -0.011905823834240437
        ],
        [
            -0.006960360333323479,
            -0.017511969432234764,
            -0.012196805328130722
        ],
        [
            -0.009402913972735405,
            -0.02056538686156273,
            -0.007685605902224779
        ],
        [
            0.015421334654092789,
            -0.02301250398159027,
            -0.01924004592001438
        ],
        [
            0.016944272443652153,
            -0.026026736944913864,
            -0.024618640542030334
        ],
        [
            0.011797302402555943,
            -0.025064149871468544,
            -0.023594040423631668
        ],
        [
            0.011489270254969597,
            -0.02318899892270565,
            -0.017841577529907227
        ],
        [
            0.016234682872891426,
            -0.031757958233356476,
            -0.026579150930047035
        ],
        [
            0.01074582152068615,
            -0.03073296882212162,
            -0.026449773460626602
        ],
        [
            -0.008125790394842625,
            -0.02770473062992096,
            -0.00564032094553113
        ],
        [
            -0.010919945314526558,
            -0.033687081187963486,
            -0.009270884096622467
        ],
        [
            0.004461419302970171,
            -0.03856269270181656,
            -0.006919465027749538
        ],
        [
            0.004300817381590605,
            -0.03100094385445118,
            -0.004777572117745876
        ],
        [
            0.07475356757640839,
            -0.015481299720704556,
            0.025877654552459717
        ],
        [
            0.07513486593961716,
            -0.0077051566913723946,
            0.03379020467400551
        ],
        [
            0.06018984690308571,
            -0.011034672148525715,
            0.03578566759824753
        ],
        [
            0.04521932825446129,
            -0.01503504067659378,
            0.03897859528660774
        ],
        [
            0.03118705004453659,
            -0.018160497769713402,
            0.040171027183532715
        ],
        [
            0.030477862805128098,
            -0.028272083029150963,
            0.03324253112077713
        ],
        [
            0.06178669631481171,
            -0.004561198875308037,
            0.04069816321134567
        ],
        [
            0.01319952867925167,
            -0.03228569030761719,
            -0.0030803310219198465
        ],
        [
            0.014721576124429703,
            -0.040743205696344376,
            -0.004916714504361153
        ],
        [
            0.015243278816342354,
            -0.03723687678575516,
            -0.0007313385140150785
        ],
        [
            0.05360553786158562,
            0.010448968037962914,
            0.012666741386055946
        ],
        [
            -0.006245356984436512,
            -0.026839671656489372,
            -0.02687651664018631
        ],
        [
            0.10485412925481796,
            -0.01789073273539543,
            -0.006441238336265087
        ],
        [
            0.10493762046098709,
            -0.017414521425962448,
            0.007332195527851582
        ],
        [
            0.0968141108751297,
            -0.019753603264689445,
            0.004917173646390438
        ],
        [
            0.09606949985027313,
            -0.019437704235315323,
            -0.01117938756942749
        ],
        [
            -0.004049007780849934,
            -0.01836470514535904,
            -0.0189286470413208
        ],
        [
            -0.0042083291336894035,
            -0.02130594477057457,
            -0.024604955688118935
        ],
        [
            0.02197527512907982,
            -0.0016688071191310883,
            0.024775883182883263
        ],
        [
            0.018827300518751144,
            -0.004785052500665188,
            0.02378702536225319
        ],
        [
            0.019214048981666565,
            -0.0037255878560245037,
            0.026698142290115356
        ],
        [
            0.020773695781826973,
            0.0003737751394510269,
            0.028131665661931038
        ],
        [
            0.07644273340702057,
            -0.0028186440467834473,
            0.03702566772699356
        ],
        [
            0.02918590046465397,
            0.005256937816739082,
            0.045861825346946716
        ],
        [
            0.028701037168502808,
            -0.0073648118413984776,
            0.04585869982838631
        ],
        [
            0.08795876801013947,
            -0.00524127297103405,
            0.03183092921972275
        ],
        [
            0.08796153962612152,
            -0.01249747071415186,
            0.025340966880321503
        ],
        [
            0.09742222726345062,
            -0.010153884068131447,
            0.025540871545672417
        ],
        [
            0.02322346903383732,
            -0.03343481943011284,
            0.021096419543027878
        ],
        [
            0.07228740304708481,
            -0.020971115678548813,
            0.019666794687509537
        ],
        [
            0.08628654479980469,
            -0.016892412677407265,
            0.019335635006427765
        ],
        [
            0.09749831259250641,
            -0.014288407750427723,
            0.019304733723402023
        ],
        [
            0.10560806840658188,
            -0.012713956646621227,
            0.02021617814898491
        ],
        [
            0.10465651750564575,
            -0.008180802688002586,
            0.02687334269285202
        ],
        [
            -0.011455150321125984,
            -0.03551814332604408,
            -0.015232188627123833
        ],
        [
            -0.016194891184568405,
            -0.030638979747891426,
            -0.009698789566755295
        ],
        [
            0.11325213313102722,
            -0.007128413766622543,
            0.02946358174085617
        ],
        [
            0.11381976306438446,
            -0.011726077646017075,
            0.02147320657968521
        ],
        [
            0.08492807298898697,
            -0.02116686850786209,
            0.011299826204776764
        ],
        [
            0.08289431035518646,
            -0.025009404867887497,
            0.0002610897645354271
        ],
        [
            0.0713907778263092,
            -0.02476639673113823,
            0.011843905784189701
        ],
        [
            0.06846437603235245,
            -0.02911103330552578,
            0.0013563372194766998
        ],
        [
            0.02561112865805626,
            -0.043005846440792084,
            0.015110844746232033
        ],
        [
            -0.026475099846720695,
            -0.014905553311109543,
            -0.010801492258906364
        ],
        [
            -0.018812797963619232,
            -0.022599147632718086,
            -0.007720092311501503
        ],
        [
            -0.01439365092664957,
            -0.018773121759295464,
            -0.008146324194967747
        ],
        [
            -0.023181332275271416,
            -0.012556575238704681,
            -0.009399319998919964
        ],
        [
            -0.012731813825666904,
            -0.025239095091819763,
            -0.006442906800657511
        ],
        [
            -0.020707281306385994,
            -0.02683159150183201,
            -0.01115383394062519
        ],
        [
            0.06522691249847412,
            -0.029667899012565613,
            -0.013735087588429451
        ],
        [
            0.012449544854462147,
            -0.024700317531824112,
            -0.005523486062884331
        ],
        [
            0.07980620861053467,
            -0.02263018488883972,
            -0.018760548904538155
        ],
        [
            0.05551134794950485,
            -0.028020406141877174,
            -0.027586067095398903
        ],
        [
            0.06509965658187866,
            -0.020205555483698845,
            -0.03199698030948639
        ],
        [
            0.09414630383253098,
            -0.013864599168300629,
            -0.025164205580949783
        ],
        [
            0.07873253524303436,
            -0.011961549520492554,
