{
    "pred_cam": [
        8.340021133422852,
        -0.15874287486076355,
        -0.054071277379989624
    ],
    "pred_mano_params": {
        "global_orient": [
            [
                [
                    -0.2820947468280792,
                    -0.9510236978530884,
                    0.12639832496643066
                ],
                [
                    -0.6007522344589233,
                    0.07238180935382843,
                    -0.7961518168449402
                ],
                [
                    0.7480102777481079,
                    -0.3005243241786957,
                    -0.5917481184005737
                ]
            ]
        ],
        "hand_pose": [
            [
                [
                    0.7145447134971619,
                    -0.564795732498169,
                    -0.4128338396549225
                ],
                [
                    0.5487028956413269,
                    0.8185274004936218,
                    -0.17011210322380066
                ],
                [
                    0.4339943528175354,
                    -0.10497042536735535,
                    0.8947795033454895
                ]
            ],
            [
                [
                    0.9933505654335022,
                    -0.06902820616960526,
                    0.09214013814926147
                ],
                [
                    0.08444908261299133,
                    0.9808269739151001,
                    -0.17563258111476898
                ],
                [
                    -0.07824993133544922,
                    0.1822458654642105,
                    0.9801344275474548
                ]
            ],
            [
                [
                    0.8334726095199585,
                    -0.5524865388870239,
                    0.009059037081897259
                ],
                [
                    0.5333588719367981,
                    0.8001164197921753,
                    -0.27448517084121704
                ],
                [
                    0.14440104365348816,
                    0.23360759019851685,
                    0.9615486860275269
                ]
            ],
            [
                [
                    0.6858502626419067,
                    -0.6402076482772827,
                    -0.34603989124298096
                ],
                [
                    0.6241384744644165,
                    0.7619863748550415,
                    -0.1727079600095749
                ],
                [
                    0.3742465674877167,
                    -0.09752500057220459,
                    0.9221867918968201
                ]
            ],
            [
                [
                    0.9672495722770691,
                    -0.24390606582164764,
                    -0.07027185708284378
                ],
                [
                    0.2537916898727417,
                    0.9246758818626404,
                    0.2838384211063385
                ],
                [
                    -0.004251216538250446,
                    -0.2923769950866699,
                    0.9562937021255493
                ]
            ],
            [
                [
                    0.7593133449554443,
                    -0.603697657585144,
                    -0.2428833395242691
                ],
                [
                    0.6401534080505371,
                    0.7600007057189941,
                    0.11226104199886322
                ],
                [
                    0.11681977659463882,
                    -0.24072390794754028,
                    0.9635378122329712
                ]
            ],
            [
                [
                    0.3957972228527069,
                    -0.7838633060455322,
                    0.4784380793571472
                ],
                [
                    0.7581501603126526,
                    0.5729014873504639,
                    0.3114358186721802
                ],
                [
                    -0.5182209610939026,
                    0.2394624650478363,
                    0.8210389018058777
                ]
            ],
            [
                [
                    0.9181209206581116,
                    -0.14175330102443695,
                    -0.3700808584690094
                ],
                [
                    0.26708441972732544,
                    0.9112300872802734,
                    0.313569039106369
                ],
                [
                    0.2927793860435486,
                    -0.3867371678352356,
                    0.8744795322418213
                ]
            ],
            [
                [
                    0.7024352550506592,
                    -0.6839030385017395,
                    0.19713273644447327
                ],
                [
                    0.6849364042282104,
                    0.724833071231842,
                    0.07402146607637405
                ],
                [
                    -0.19351182878017426,
                    0.08302810043096542,
                    0.9775784015655518
                ]
            ],
            [
                [
                    0.6574381589889526,
                    -0.752621054649353,
                    -0.03655963018536568
                ],
                [
                    0.7397286295890808,
                    0.6538916826248169,
                    -0.15883050858974457
                ],
                [
                    0.14344522356987,
                    0.07737703621387482,
                    0.9866286516189575
                ]
            ],
            [
                [
                    0.9545883536338806,
                    -0.26879435777664185,
                    -0.12849430739879608
                ],
                [
                    0.29782071709632874,
                    0.8725147247314453,
                    0.3873251676559448
                ],
                [
                    0.008002357557415962,
                    -0.4080042839050293,
                    0.9129449129104614
                ]
            ],
            [
                [
                    0.7346369028091431,
                    -0.5074930787086487,
                    -0.45028817653656006
                ],
                [
                    0.6368602514266968,
                    0.7446454167366028,
                    0.19978033006191254
                ],
                [
                    0.23391792178153992,
                    -0.43353667855262756,
                    0.870246171951294
                ]
            ],
            [
                [
                    0.9875413179397583,
                    0.09757353365421295,
                    -0.12345625460147858
                ],
                [
                    -0.15649262070655823,
                    0.6912099719047546,
                    -0.7055060863494873
                ],
                [
                    0.0164954736828804,
                    0.7160364389419556,
                    0.6978679299354553
                ]
            ],
            [
                [
                    0.8618789911270142,
                    -0.26072192192077637,
                    -0.434958279132843
                ],
                [
                    0.43614858388900757,
                    0.8187058568000793,
                    0.37349027395248413
                ],
                [
                    0.2587258517742157,
                    -0.5116098523139954,
                    0.819338858127594
                ]
            ],
            [
                [
                    0.9404839873313904,
                    0.30673080682754517,
                    -0.14630818367004395
                ],
                [
                    -0.30872660875320435,
                    0.9511039853096008,
                    0.009435434825718403
                ],
                [
                    0.1420484483242035,
                    0.03629535436630249,
                    0.9891940355300903
                ]
            ]
        ],
        "betas": [
            -0.024219229817390442,
            -0.027400314807891846,
            -0.08014315366744995,
            -0.013090580701828003,
            0.03271174430847168,
            0.04502459987998009,
            0.08062160015106201,
            -0.04973229765892029,
            0.03866243362426758,
            0.007586658000946045
        ]
    },
    "pred_cam_t": [
        -0.15874287486076355,
        -0.054071277379989624,
        4.683741092681885
    ],
    "focal_length": [
        5000.0,
        5000.0
    ],
    "pred_keypoints_3d": [
        [
            0.09587559103965759,
            0.0063877468928694725,
            0.006214852444827557
        ],
        [
            0.12066371738910675,
            -0.0007834294810891151,
            -0.02243109792470932
        ],
        [
            0.1414749026298523,
            -0.001737341284751892,
            -0.045105624943971634
        ],
        [
            0.15683932602405548,
            0.013446643948554993,
            -0.06152753159403801
        ],
        [
            0.16676481068134308,
            0.03270658105611801,
            -0.09051975607872009
        ],
        [
            0.12833471596240997,
            0.04259514808654785,
            -0.07049217075109482
        ],
        [
            0.1485840529203415,
            0.06759178638458252,
            -0.07836582511663437
        ],
        [
            0.16582970321178436,
            0.0815848559141159,
            -0.08002733439207077
        ],
        [
            0.18708422780036926,
            0.09281235188245773,
            -0.07072561979293823
        ],
        [
            0.12360598891973495,
            0.06595973670482635,
            -0.06227753683924675
        ],
        [
            0.14357627928256989,
            0.09069257229566574,
            -0.06250271946191788
        ],
        [
            0.16283704340457916,
            0.10264626890420914,
            -0.05697043240070343
        ],
        [
            0.18457351624965668,
            0.10406964272260666,
            -0.043117914348840714
        ],
        [
            0.11935031414031982,
            0.0765514150261879,
            -0.03806208446621895
        ],
        [
            0.1417800486087799,
            0.0943538248538971,
            -0.042112525552511215
        ],
        [
            0.1628640592098236,
            0.10395302623510361,
            -0.03313687443733215
        ],
        [
            0.1789318323135376,
            0.10395653545856476,
            -0.012677144259214401
        ],
        [
            0.1193179115653038,
            0.08148476481437683,
            -0.016779419034719467
        ],
        [
            0.1387176513671875,
            0.08907763659954071,
            -0.020458152517676353
        ],
        [
            0.15509214997291565,
            0.09635274112224579,
            -0.014157703146338463
        ],
        [
            0.16790886223316193,
            0.0946902260184288,
            -0.0032538240775465965
        ]
    ],
    "pred_vertices": [
        [
            0.1282770186662674,
            0.022162342444062233,
            -0.035805266350507736
        ],
        [
            0.12706273794174194,
            0.016478246077895164,
            -0.02706870436668396
        ],
        [
            0.13412582874298096,
            0.015132475644350052,
            -0.0349082313477993
        ],
        [
            0.1339837908744812,
            0.0197447557002306,
            -0.04333005100488663
        ],
        [
            0.13856443762779236,
            0.001942276954650879,
            -0.0181686133146286
        ],
        [
            0.13788112998008728,
            -0.010350195690989494,
            -0.01780950278043747
        ],
        [
            0.14782540500164032,
            -0.006791025400161743,
            -0.03150723874568939
        ],
        [
            0.1477174460887909,
            0.002973431721329689,
            -0.028751235455274582
        ],
        [
            0.13680791854858398,
            0.01773270219564438,
            -0.050146669149398804
        ],
        [
            0.13960081338882446,
            0.014050813391804695,
            -0.040925875306129456
        ],
        [
            0.1342814564704895,
            0.01505320705473423,
            -0.05276390537619591
        ],
        [
            0.12713855504989624,
            0.019187968224287033,
            -0.06374096125364304
        ],
        [
            0.13248828053474426,
            0.021580053493380547,
            -0.05902767926454544
        ],
        [
            0.1249285489320755,
            0.024906132370233536,
            -0.07025521993637085
        ],
        [
            0.11676720529794693,
            0.014844467863440514,
            -0.06229333579540253
        ],
        [
            0.11578190326690674,
            0.0281359925866127,
            -0.07111522555351257
        ],
        [
            0.09799404442310333,
            0.030986716970801353,
            -0.046840302646160126
        ],
        [
            0.09464602172374725,
            0.03935086727142334,
            -0.036624252796173096
        ],
        [
            0.09972096979618073,
            0.05128169804811478,
            -0.04823362082242966
        ],
        [
            0.10351750254631042,
            0.04158678278326988,
            -0.057205796241760254
        ],
        [
            0.09790683537721634,
            0.058708466589450836,
            -0.028688400983810425
        ],
        [
            0.09909794479608536,
            0.05528099089860916,
            -0.040047504007816315
        ],
        [
            0.0928366482257843,
            0.04349245876073837,
            -0.02880212478339672
        ],
        [
            0.09234871715307236,
            0.047035202383995056,
            -0.019162703305482864
        ],
        [
            0.1213672012090683,
            0.02796565368771553,
            -0.022028911858797073
        ],
        [
            0.11926104128360748,
            0.022004682570695877,
            -0.013306587934494019
        ],
        [
            0.12074070423841476,
            0.01964699476957321,
            -0.01857348531484604
        ],
        [
            0.12302212417125702,
            0.025175847113132477,
            -0.026671554893255234
        ],
        [
            0.13644511997699738,
            0.0070481449365615845,
            -0.05529627203941345
        ],
        [
            0.1258254498243332,
            0.001908089965581894,
            -0.05490781366825104
        ],
        [
            0.1284012496471405,
            0.009430406615138054,
            -0.055749665945768356
        ],
        [
            0.1393248736858368,
            0.011022372171282768,
            -0.05237860977649689
        ],
        [
            0.11795739829540253,
            0.012347333133220673,
            0.01420106366276741
        ],
        [
            0.10924150049686432,
            0.003722049295902252,
            0.019905030727386475
        ],
        [
            0.10965807735919952,
            -0.0004272572696208954,
            0.015754811465740204
        ],
        [
            0.1170702800154686,
            0.008545838296413422,
            0.011246994137763977
        ],
        [
            0.12037785351276398,
            -0.012022670358419418,
            -0.0009327083826065063
        ],
        [
            0.11089080572128296,
            -0.014163970947265625,
            0.0040406733751297
        ],
        [
            0.10239364206790924,
            -0.023903053253889084,
            -0.0009353384375572205
        ],
        [
            0.10930973291397095,
            -0.022040124982595444,
            -0.008443161845207214
        ],
        [
            0.1300293356180191,
            -0.01104981079697609,
            -0.008939824998378754
        ],
        [
            0.12164465337991714,
            -0.02110184356570244,
            -0.014470338821411133
        ],
        [
            0.1320011168718338,
            -0.018939079716801643,
            -0.023287907242774963
        ],
        [
            0.14365047216415405,
            -0.013347398489713669,
            -0.03687174990773201
        ],
        [
            0.10543153434991837,
            0.012991227209568024,
            0.027958430349826813
        ],
        [
            0.11174251139163971,
            0.020532559603452682,
            0.025193240493535995
        ],
        [
            0.15894387662410736,
            0.06396274268627167,
            -0.07749353349208832
        ],
        [
            0.15805722773075104,
            0.06731024384498596,
            -0.07277625799179077
        ],
        [
            0.15517841279506683,
            0.06290688365697861,
            -0.0719338208436966
        ],
        [
            0.15622515976428986,
            0.060661640018224716,
            -0.07719141989946365
        ],
        [
            0.09213224053382874,
            0.028171729296445847,
            0.026136524975299835
        ],
        [
            0.08320692181587219,
            0.029026299715042114,
            0.021494809538125992
        ],
        [
            0.0821910947561264,
            0.02472737431526184,
            0.027319349348545074
        ],
        [
            0.09065492451190948,
            0.02227117121219635,
            0.030660580843687057
        ],
        [
            0.09414827823638916,
            0.035917602479457855,
            0.020122528076171875
        ],
        [
            0.08526335656642914,
            0.03460110351443291,
            0.013274502009153366
        ],
        [
            0.1531725823879242,
            0.06943374872207642,
            -0.08756762742996216
        ],
        [
            0.15657344460487366,
            0.06589002162218094,
            -0.08590087294578552
        ],
        [
            0.1521608978509903,
            0.06302998960018158,
            -0.08608841150999069
        ],
        [
            0.14827251434326172,
            0.0664425939321518,
            -0.08661384135484695
        ],
        [
            0.13369733095169067,
            0.02415809966623783,
            -0.05184515565633774
        ],
        [
            0.13101878762245178,
            0.027594659477472305,
            -0.04329206794500351
        ],
        [
            0.13645070791244507,
            0.03602243959903717,
            -0.06351206451654434
        ],
        [
            0.13330352306365967,
            0.03392736613750458,
            -0.055343009531497955
        ],
        [
            0.13335634768009186,
            0.02828492596745491,
            -0.06006980687379837
        ],
        [
            0.13494344055652618,
            0.031244348734617233,
            -0.06692946702241898
        ],
        [
            0.12611538171768188,
            0.04555944725871086,
            -0.03568904846906662
        ],
        [
            0.12289032340049744,
            0.037563811987638474,
            -0.02776787430047989
        ],
        [
            0.12462356686592102,
            0.03470969200134277,
            -0.033538103103637695
        ],
        [
            0.12917672097682953,
            0.04220367595553398,
            -0.04307806119322777
        ],
        [
            0.12248075753450394,
            0.04524336755275726,
            -0.015798959881067276
        ],
        [
            0.1252218633890152,
            0.05252721160650253,
            -0.02470567636191845
        ],
        [
            0.12454184144735336,
            0.056049950420856476,
            -0.016849953681230545
        ],
        [
            0.12372953444719315,
            0.05012958496809006,
            -0.011625275015830994
        ],
        [
            0.12954039871692657,
            0.06206680089235306,
            -0.042421936988830566
        ],
        [
            0.13023574650287628,
            0.06581521034240723,
            -0.04725182428956032
        ],
        [
            0.13173727691173553,
            0.06921914964914322,
            -0.04399704560637474
        ],
        [
            0.12904220819473267,
            0.06406958401203156,
            -0.03906470164656639
        ],
        [
            0.08019513636827469,
            0.0202295184135437,
            0.032452963292598724
        ],
        [
            0.08896556496620178,
            0.016120217740535736,
            0.03422119840979576
        ],
        [
            0.09926650673151016,
            0.06696787476539612,
            -0.008317936211824417
        ],
        [
            0.10400334000587463,
            0.06591595709323883,
            0.0018416345119476318
        ],
        [
            0.10755346715450287,
            0.07758863270282745,
            -0.004970509558916092
        ],
        [
            0.10098370164632797,
            0.07593607902526855,
            -0.014565369114279747
        ],
        [
            0.07767588645219803,
            0.02646179124712944,
            0.013078957796096802
        ],
        [
            0.07530343532562256,
            0.023706719279289246,
            0.020051173865795135
        ],
        [
            0.14982624351978302,
            0.07429702579975128,
            -0.08571110665798187
        ],
        [
            0.14529328048229218,
            0.07077105343341827,
            -0.08373615145683289
        ],
        [
            0.11978361755609512,
            -0.021141398698091507,
            -0.028914254158735275
        ],
        [
            0.13619504868984222,
            -0.015515320003032684,
            -0.04247252270579338
        ],
        [
            0.10699934512376785,
            -0.022185329347848892,
            -0.018954530358314514
        ],
        [
            0.09794202446937561,
            -0.022013630717992783,
            -0.012348346412181854
        ],
        [
            0.09171408414840698,
            -0.02459453046321869,
            -0.006587497889995575
        ],
        [
            0.13339531421661377,
            0.04029713571071625,
            -0.053917720913887024
        ],
        [
            0.12639781832695007,
            0.029164889827370644,
            -0.03515315428376198
        ],
        [
            0.12060412019491196,
            0.030663933604955673,
            -0.017726965248584747
        ],
        [
            0.12256389111280441,
            0.0506557933986187,
            0.005831863731145859
        ],
        [
            0.12042513489723206,
            0.042982589453458786,
            0.012725830078125
        ],
        [
            0.12343178689479828,
            0.039084602147340775,
            0.003180410712957382
        ],
        [
            0.12411411851644516,
            0.046697262674570084,
            -0.0010743141174316406
        ],
        [
            0.11295837163925171,
            0.06518414616584778,
            0.00604257732629776
        ],
        [
            0.12021418660879135,
            0.0623360313475132,
            0.0033787302672863007
        ],
        [
            0.12123901396989822,
            0.06949499249458313,
            -0.0020084530115127563
        ],
        [
            0.11476392298936844,
            0.07430297136306763,
            -0.00031332671642303467
        ],
        [
            0.13708026707172394,
            0.00035874173045158386,
            -0.058492809534072876
        ],
        [
            0.12500940263271332,
            -0.005489800125360489,
            -0.053653374314308167
        ],
        [
            0.10196595638990402,
            0.024725429713726044,
            0.02810964360833168
        ],
        [
            0.0997028797864914,
            0.01765308529138565,
            0.0305597223341465
        ],
        [
            0.09516431391239166,
            0.011411353945732117,
            0.03411659225821495
        ],
        [
            0.11940456181764603,
            0.016185790300369263,
            -5.146116018295288e-05
        ],
        [
            0.11663636565208435,
            0.005853075534105301,
            0.009243421256542206
        ],
        [
            0.11803475767374039,
            0.0033355727791786194,
            0.005894489586353302
        ],
        [
            0.1189163476228714,
            0.014749012887477875,
            -0.0029788613319396973
        ],
        [
            0.12837596237659454,
            0.011390872299671173,
            -0.01670745760202408
        ],
        [
            0.12905314564704895,
            0.0017424114048480988,
            -0.00724145770072937
        ],
        [
            0.1368173062801361,
            0.011795040220022202,
            -0.02524840086698532
        ],
        [
            0.10964679718017578,
            -0.0072119832038879395,
            0.011314786970615387
        ],
        [
            0.1050649881362915,
            -0.007809821516275406,
            0.021279744803905487
        ],
        [
            0.10474453121423721,
            -0.014337275177240372,
            0.015240080654621124
        ],
        [
            0.10285039246082306,
            -0.0005699917674064636,
            0.027529291808605194
        ],
        [
            0.09964078664779663,
            0.0062731727957725525,
            0.03228452056646347
        ],
        [
            0.0701160803437233,
            0.02043796330690384,
            0.026006463915109634
        ],
        [
            0.1033618375658989,
            -0.019368432462215424,
            0.008662477135658264
        ],
        [
            0.15248410403728485,
            0.0037326961755752563,
            -0.03709537163376808
        ],
        [
            0.1555706113576889,
            0.006046593189239502,
            -0.0442478284239769
        ],
        [
            0.15113282203674316,
            0.011591330170631409,
            -0.043812960386276245
        ],
        [
            0.1480286419391632,
            0.010059835389256477,
            -0.038369305431842804
        ],
        [
            0.12602584064006805,
            0.032697923481464386,
            -0.07653998583555222
        ],
        [
            0.13233999907970428,
            0.03059670701622963,
            -0.0723443329334259
        ],
        [
            0.1306232362985611,
            0.024057025089859962,
            -0.06557691842317581
        ],
        [
            0.12090401351451874,
            0.02315686270594597,
            0.011108964681625366
        ],
        [
            0.1156800165772438,
            0.029600773006677628,
            0.02067676931619644
        ],
        [
            0.13616693019866943,
            0.04222666472196579,
            -0.06179011985659599
        ],
        [
            0.1436871737241745,
            0.06385071575641632,
            -0.08597065508365631
        ],
        [
            0.14791738986968994,
            0.05980069935321808,
            -0.08558157831430435
        ],
        [
            0.1359950751066208,
            0.04507582634687424,
            -0.08171157538890839
        ],
        [
            0.13153256475925446,
            0.050265491008758545,
            -0.08273717761039734
        ],
        [
            0.13417524099349976,
            0.052319131791591644,
            -0.0643661692738533
        ],
        [
            0.1369723081588745,
            0.04564905911684036,
            -0.06322972476482391
        ],
        [
            0.13711556792259216,
            0.04831656441092491,
            -0.06354685127735138
        ],
        [
            0.135352224111557,
            0.054648496210575104,
            -0.06263800710439682
        ],
        [
            0.13000743091106415,
            0.07126942276954651,
            -0.03510131686925888
        ],
        [
            0.12786851823329926,
            0.06658627837896347,
            -0.030829085037112236
        ],
        [
            0.11250121146440506,
            0.05216124653816223,
            -0.06564754992723465
        ],
        [
            0.1109396368265152,
            0.04212455824017525,
            -0.07408212870359421
        ],
        [
            0.10709446668624878,
            0.033171266317367554,
            -0.06553997099399567
        ],
        [
            0.12501707673072815,
            0.04896852746605873,
            -0.029102059081196785
        ],
        [
            0.1278594583272934,
            0.056557588279247284,
            -0.03564347326755524
        ],
        [
            0.12725183367729187,
            0.058807969093322754,
            -0.03216765820980072
        ],
        [
            0.13333161175251007,
            0.045103322714567184,
            -0.05438264086842537
        ],
        [
            0.13472513854503632,
            0.04806405305862427,
            -0.06019674986600876
        ],
        [
            0.13314040005207062,
            0.05068305507302284,
            -0.056456249207258224
        ],
        [
            0.13159842789173126,
            0.047780465334653854,
            -0.049799300730228424
        ],
        [
            0.09953660517930984,
            0.05529279261827469,
            0.008777331560850143
        ],
        [
            0.11008486896753311,
            0.054863132536411285,
            0.013822872191667557
        ],
        [
            0.15852490067481995,
            0.06367120146751404,
            -0.08228445053100586
        ],
        [
            0.15494751930236816,
            0.06067398190498352,
            -0.08241482824087143
        ],
        [
            0.12191392481327057,
            0.04104936122894287,
            -0.02146431803703308
        ],
        [
            0.10352829098701477,
            0.02362864837050438,
            -0.05428487807512283
        ],
        [
            0.12019764631986618,
            0.03355652838945389,
            -0.01302410289645195
        ],
        [
            0.1106753796339035,
            0.07640135288238525,
            -0.031489938497543335
        ],
        [
            0.11816254258155823,
            0.07795122265815735,
            -0.02710997499525547
        ],
        [
            0.1212276741862297,
            0.08013707399368286,
            -0.030413182452321053
        ],
        [
            0.11673539876937866,
            0.08107506483793259,
            -0.03491174802184105
        ],
        [
            0.14460274577140808,
            0.06706570833921432,
            -0.06651316583156586
        ],
        [
            0.14905209839344025,
            0.0632721558213234,
            -0.06668829917907715
        ],
        [
            0.15237703919410706,
            0.06719733029603958,
            -0.06819958239793777
        ],
        [
            0.14833955466747284,
            0.07135094702243805,
            -0.06838234513998032
        ],
        [
            0.13844510912895203,
            0.040638141334056854,
            -0.06589525192975998
        ],
        [
            0.1380283236503601,
            0.03626661375164986,
            -0.0704115480184555
        ],
        [
            0.1412322074174881,
            0.041795678436756134,
            -0.07141681015491486
        ],
        [
            0.13984015583992004,
            0.04527226835489273,
            -0.06673363596200943
        ],
        [
            0.13543111085891724,
            0.03660597652196884,
            -0.07587902992963791
        ],
        [
            0.1393262892961502,
            0.041880711913108826,
            -0.0773809477686882
        ],
        [
            0.14031966030597687,
            0.07001674175262451,
            -0.07051979005336761
        ],
        [
            0.1381552666425705,
            0.07039462774991989,
            -0.07774151861667633
        ],
        [
            0.12690114974975586,
            0.05933661758899689,
            -0.07355523109436035
        ],
        [
            0.13174130022525787,
            0.059819381684064865,
            -0.06696943938732147
        ],
        [
            0.08574238419532776,
            0.03627461940050125,
            -0.010582361370325089
        ],
        [
            0.08704466372728348,
            0.04149578511714935,
            -0.0007856786251068115
        ],
        [
            0.09345218539237976,
            0.052509963512420654,
            -0.009093351662158966
        ],
        [
            0.09851517528295517,
            0.06424786895513535,
            -0.01730966567993164
        ],
        [
            0.10425006598234177,
            0.07411368936300278,
            -0.025877472013235092
        ],
        [
            0.10172544419765472,
            0.06900529563426971,
            -0.03669681027531624
        ],
        [
            0.09440849721431732,
            0.054881781339645386,
            -0.0012384727597236633
        ],
        [
            0.1271754652261734,
            0.05697577819228172,
            -0.06650079786777496
        ],
        [
            0.1199619323015213,
            0.05287354439496994,
            -0.0710921660065651
        ],
        [
            0.12058287113904953,
            0.056383971124887466,
            -0.06775384396314621
        ],
        [
            0.12147725373506546,
            0.03775283694267273,
            -0.00696718692779541
        ],
        [
            0.1511019617319107,
            0.05709797888994217,
            -0.08225072920322418
        ],
        [
            0.07929246872663498,
            -0.007477249950170517,
            -0.012930437922477722
        ],
        [
            0.07382131367921829,
            0.0030022524297237396,
            -0.006584029644727707
        ],
        [
            0.07831505686044693,
            0.006605766713619232,
            -0.013236664235591888
        ],
        [
            0.08528435975313187,
            -0.005229674279689789,
            -0.020039696246385574
        ],
        [
            0.15231885015964508,
            0.058631837368011475,
            -0.07057240605354309
        ],
        [
            0.1534041166305542,
            0.05624064803123474,
            -0.0763532891869545
        ],
        [
            0.12773862481117249,
            0.07109054923057556,
            -0.025696074590086937
        ],
        [
            0.1290527880191803,
            0.07464708387851715,
            -0.030476348474621773
        ],
        [
            0.12721800804138184,
            0.07810415327548981,
            -0.029013339430093765
        ],
        [
            0.12805423140525818,
            0.07649145275354385,
            -0.023029275238513947
        ],
        [
            0.08796949684619904,
            0.04275362566113472,
            0.0050082020461559296
        ],
        [
            0.11364825069904327,
            0.08341973274946213,
            -0.009825890883803368
        ],
        [
            0.10717488825321198,
            0.08180301636457443,
            -0.018273847177624702
        ],
        [
            0.08137790858745575,
            0.03175933286547661,
            0.006038665771484375
        ],
        [
            0.07956159114837646,
            0.02732202038168907,
            -0.002514488995075226
        ],
        [
            0.07511333376169205,
            0.02126624807715416,
            0.0037596561014652252
        ],
        [
            0.10799084603786469,
            0.06574307382106781,
            -0.050410687923431396
        ],
        [
            0.0864405483007431,
            0.033543460071086884,
            -0.018828589469194412
        ],
        [
            0.08041644096374512,
            0.024118218570947647,
            -0.00945064052939415
        ],
        [
            0.07513286173343658,
            0.016729231923818588,
            -0.0022766925394535065
        ],
        [
            0.07078195363283157,
            0.012101653963327408,
            0.0031894296407699585
        ],
        [
            0.07132744044065475,
            0.01750374585390091,
            0.009281665086746216
        ],
        [
            0.1403222382068634,
            0.06796959042549133,
            -0.08249066025018692
        ],
        [
            0.1431458741426468,
            0.07449659705162048,
            -0.07883948087692261
        ],
        [
            0.06550377607345581,
            0.013910025358200073,
            0.015329908579587936
        ],
        [
            0.06574156135320663,
            0.007727239280939102,
            0.0084058977663517
        ],
        [
            0.0820421651005745,
            0.0191635824739933,
            -0.017055094242095947
        ],
        [
            0.08542096614837646,
            0.012394703924655914,
            -0.025627203285694122
        ],
        [
            0.08804229646921158,
            0.028439905494451523,
            -0.02573731169104576
        ],
        [
            0.09162905812263489,
            0.022640101611614227,
            -0.03510046377778053
        ],
        [
            0.10358212888240814,
            0.05914054065942764,
            -0.05812949314713478
        ],
        [
            0.1577453762292862,
            0.08601561188697815,
            -0.0785917267203331
        ],
        [
            0.14873424172401428,
            0.07910232990980148,
            -0.07532510161399841
        ],
        [
            0.15149769186973572,
            0.07636932283639908,
            -0.07092299312353134
        ],
        [
            0.15838226675987244,
            0.08494697511196136,
            -0.07426755130290985
        ],
        [
            0.14470352232456207,
            0.07415260374546051,
            -0.07222678512334824
        ],
        [
            0.14767397940158844,
            0.07810951769351959,
            -0.08091793209314346
        ],
        [
            0.09896817803382874,
            0.012644264847040176,
            -0.04361724480986595
        ],
        [
            0.1343890130519867,
            0.054920800030231476,
            -0.061727989464998245
        ],
        [
            0.09552758932113647,
            -0.000822160392999649,
            -0.03305378556251526
        ],
        [
            0.11075534671545029,
            0.005139652639627457,
            -0.05421479418873787
        ],
        [
            0.11057348549365997,
            -0.005258873105049133,
            -0.04566985368728638
        ],
        [
            0.09409385919570923,
            -0.01540384441614151,
            -0.022658996284008026
        ],
        [
            0.10738544166088104,
            -0.016182169318199158,
            -0.033830393105745316
        ],
        [
            0.0825306698679924,
            -0.019043073058128357,
            -0.009160041809082031
        ],
        [
            0.08742490410804749,
            -0.015830356627702713,
            -0.01571708917617798
        ],
        [
            0.12199486792087555,
            -0.014920471236109734,
            -0.04401317983865738
        ],
        [
