{
    "pred_cam": [
        10.590124130249023,
        0.13207383453845978,
        -0.042864952236413956
    ],
    "pred_mano_params": {
        "global_orient": [
            [
                [
                    -0.6501284241676331,
                    -0.05876964330673218,
                    -0.7575480937957764
                ],
                [
                    -0.47613200545310974,
                    -0.7454684972763062,
                    0.4664493799209595
                ],
                [
                    -0.5921412706375122,
                    0.6639449000358582,
                    0.4566681385040283
                ]
            ]
        ],
        "hand_pose": [
            [
                [
                    0.7039899826049805,
                    -0.6743890047073364,
                    -0.22270514070987701
                ],
                [
                    0.6633024215698242,
                    0.7364025115966797,
                    -0.1331961750984192
                ],
                [
                    0.25382664799690247,
                    -0.053952086716890335,
                    0.9657438397407532
                ]
            ],
            [
                [
                    0.4569973349571228,
                    -0.855358362197876,
                    0.24395789206027985
                ],
                [
                    0.882641613483429,
                    0.4021841585636139,
                    -0.24329334497451782
                ],
                [
                    0.10998700559139252,
                    0.32651183009147644,
                    0.9387719631195068
                ]
            ],
            [
                [
                    0.8144631385803223,
                    -0.5585305094718933,
                    0.15714137256145477
                ],
                [
                    0.5452054142951965,
                    0.8293703198432922,
                    0.12204870581626892
                ],
                [
                    -0.19849632680416107,
                    -0.013729842379689217,
                    0.9800054430961609
                ]
            ],
            [
                [
                    0.6026126742362976,
                    -0.7721095681190491,
                    -0.20175394415855408
                ],
                [
                    0.796207845211029,
                    0.5987949967384338,
                    0.08658837527036667
                ],
                [
                    0.05395354703068733,
                    -0.21281734108924866,
                    0.9756011366844177
                ]
            ],
            [
                [
                    0.6458613276481628,
                    -0.7399494051933289,
                    -0.18798449635505676
                ],
                [
                    0.7629802823066711,
                    0.6169072985649109,
                    0.1930973082780838
                ],
                [
                    -0.026913221925497055,
                    -0.2681425213813782,
                    0.9630033373832703
                ]
            ],
            [
                [
                    0.8083231449127197,
                    -0.5875384211540222,
                    0.03757964447140694
                ],
                [
                    0.5861110687255859,
                    0.8090984225273132,
                    0.042820364236831665
                ],
                [
                    -0.055564235895872116,
                    -0.012586848810315132,
                    0.9983757734298706
                ]
            ],
            [
                [
                    0.6124317049980164,
                    -0.7389009594917297,
                    0.2809852659702301
                ],
                [
                    0.6111130714416504,
                    0.6679965257644653,
                    0.42464253306388855
                ],
                [
                    -0.5014660358428955,
                    -0.08835076540708542,
                    0.8606542944908142
                ]
            ],
            [
                [
                    0.6665458083152771,
                    -0.7244914770126343,
                    -0.17558123171329498
                ],
                [
                    0.6005521416664124,
                    0.3823268413543701,
                    0.7022558450698853
                ],
                [
                    -0.4416489899158478,
                    -0.5735313892364502,
                    0.6899333000183105
                ]
            ],
            [
                [
                    0.9072598218917847,
                    -0.4161117374897003,
                    0.061079032719135284
                ],
                [
                    0.33161139488220215,
                    0.7970965504646301,
                    0.5046494603157043
                ],
                [
                    -0.2586764097213745,
                    -0.4375936686992645,
                    0.8611610531806946
                ]
            ],
            [
                [
                    0.6835498213768005,
                    -0.7254699468612671,
                    0.0803304985165596
                ],
                [
                    0.7252064943313599,
                    0.6874911189079285,
                    0.03783528134226799
                ],
                [
                    -0.08267486095428467,
                    0.03239389881491661,
                    0.9960499405860901
                ]
            ],
            [
                [
                    0.6279941201210022,
                    -0.7535086274147034,
                    -0.1945461928844452
                ],
                [
                    0.7259988188743591,
                    0.47722259163856506,
                    0.49516093730926514
                ],
                [
                    -0.2802661657333374,
                    -0.45219844579696655,
                    0.8467393517494202
                ]
            ],
            [
                [
                    0.7681571841239929,
                    -0.6393214464187622,
                    0.03467899560928345
                ],
                [
                    0.6039108633995056,
                    0.7414726614952087,
                    0.2924209237098694
                ],
                [
                    -0.21266448497772217,
                    -0.20368222892284393,
                    0.9556607007980347
                ]
            ],
            [
                [
                    0.951606035232544,
                    0.2227914184331894,
                    0.2116834968328476
                ],
                [
                    -0.05081887170672417,
                    0.7933977246284485,
                    -0.606578528881073
                ],
                [
                    -0.3030897080898285,
                    0.5664662718772888,
                    0.7663240432739258
                ]
            ],
            [
                [
                    0.9872061610221863,
                    -0.15413826704025269,
                    0.040809836238622665
                ],
                [
                    0.10020267963409424,
                    0.7988150715827942,
                    0.5931727290153503
                ],
                [
                    -0.12403013557195663,
                    -0.5814945101737976,
                    0.804040253162384
                ]
            ],
            [
                [
                    0.6343469619750977,
                    -0.7644066214561462,
                    -0.11526639759540558
                ],
                [
                    0.36998483538627625,
                    0.4311276078224182,
                    -0.8229459524154663
                ],
                [
                    0.6787599325180054,
                    0.47938650846481323,
                    0.5563033223152161
                ]
            ]
        ],
        "betas": [
            -0.12492623925209045,
            -0.09355783462524414,
            0.037881284952163696,
            0.023702114820480347,
            -0.011158794164657593,
            0.016040805727243423,
            -0.01344415545463562,
            0.05443491041660309,
            -0.01871301233768463,
            -0.05276671051979065
        ]
    },
    "pred_cam_t": [
        -0.13207383453845978,
        -0.042864952236413956,
        3.6885781288146973
    ],
    "focal_length": [
        5000.0,
        5000.0
    ],
    "pred_keypoints_3d": [
        [
            0.096236951649189,
            0.00643889419734478,
            0.0062287477776408195
        ],
        [
            0.09315934777259827,
            0.04177934676408768,
            0.02207857370376587
        ],
        [
            0.08382702618837357,
            0.06925913691520691,
            0.03295185789465904
        ],
        [
            0.07841043174266815,
            0.09238464385271072,
            0.04627180099487305
        ],
        [
            0.09160429239273071,
            0.12092739343643188,
            0.034179627895355225
        ],
        [
            0.1384139358997345,
            0.0622040331363678,
            0.06472673267126083
        ],
        [
            0.16143783926963806,
            0.08600573241710663,
            0.06468019634485245
        ],
        [
            0.16064822673797607,
            0.09558681398630142,
            0.04457267373800278
        ],
        [
            0.1493666023015976,
            0.0982331931591034,
            0.022783353924751282
        ],
        [
            0.1608296036720276,
            0.05131484568119049,
            0.06006679683923721
        ],
        [
            0.18041887879371643,
            0.07507699728012085,
            0.05179887264966965
        ],
        [
            0.1764877438545227,
            0.08836061507463455,
            0.0329475924372673
        ],
        [
            0.16213801503181458,
            0.09768761694431305,
            0.013942576944828033
        ],
        [
            0.1703360676765442,
            0.036016546189785004,
            0.04003075882792473
        ],
        [
            0.18740469217300415,
            0.059488244354724884,
            0.038570549339056015
        ],
        [
            0.18291564285755157,
            0.07409830391407013,
            0.01886940374970436
        ],
        [
            0.166528582572937,
            0.08344180881977081,
            0.0022271759808063507
        ],
        [
            0.17484071850776672,
            0.02651100791990757,
            0.020725034177303314
        ],
        [
            0.1865888386964798,
            0.04394824057817459,
            0.017541635781526566
        ],
        [
            0.17805221676826477,
            0.055316533893346786,
            0.004813275299966335
        ],
        [
            0.16132275760173798,
            0.061280593276023865,
            -0.003651856444776058
        ]
    ],
    "pred_vertices": [
        [
            0.11675754934549332,
            0.0524168461561203,
            0.03251778706908226
        ],
        [
            0.11057079583406448,
            0.05028589814901352,
            0.025295045226812363
        ],
        [
            0.1074291244149208,
            0.06156124174594879,
            0.029855385422706604
        ],
        [
            0.11393662542104721,
            0.06210798770189285,
            0.03731272369623184
        ],
        [
            0.09543617814779282,
            0.058017291128635406,
            0.010931648313999176
        ],
        [
            0.08439772576093674,
            0.05556851252913475,
            0.008681714534759521
        ],
        [
            0.08311683684587479,
            0.06958532333374023,
            0.017141111195087433
        ],
        [
            0.0920213982462883,
            0.0717247724533081,
            0.017913181334733963
        ],
        [
            0.11005169153213501,
            0.06943049281835556,
            0.04316803812980652
        ],
        [
            0.104689821600914,
            0.07031768560409546,
            0.03389778360724449
        ],
        [
            0.10356374084949493,
            0.07033371925354004,
            0.048065997660160065
        ],
        [
            0.1111743152141571,
            0.06393169611692429,
            0.05910228192806244
        ],
        [
            0.11562958359718323,
            0.06613630801439285,
            0.052371397614479065
        ],
        [
            0.11843575537204742,
            0.06239003688097,
            0.06548478454351425
        ],
        [
            0.10590492188930511,
            0.053703561425209045,
            0.06162610650062561
        ],
        [
            0.12080378830432892,
            0.05390731617808342,
            0.07042696326971054
        ],
        [
            0.1221342384815216,
            0.026715319603681564,
            0.0553528256714344
        ],
        [
            0.12986914813518524,
            0.018267855048179626,
            0.047580525279045105
        ],
        [
            0.143103688955307,
            0.025731472298502922,
            0.05686069652438164
        ],
        [
            0.13401256501674652,
            0.034378644078969955,
            0.06321999430656433
        ],
        [
            0.1495693325996399,
            0.015085577964782715,
            0.03961722552776337
        ],
        [
            0.14669376611709595,
            0.021242579445242882,
            0.0495360791683197
        ],
        [
            0.13358274102210999,
            0.012800246477127075,
            0.041231948882341385
        ],
        [
            0.13681823015213013,
            0.007866442203521729,
            0.032705675810575485
        ],
        [
            0.12204580008983612,
            0.0384012870490551,
            0.022541407495737076
        ],
        [
            0.11603745818138123,
            0.034215450286865234,
            0.015364520251750946
        ],
        [
            0.1141125038266182,
            0.03906504437327385,
            0.01985267922282219
        ],
        [
            0.11954328417778015,
            0.04265641048550606,
            0.026158899068832397
        ],
        [
            0.08828239142894745,
            0.07094120979309082,
            0.04821373522281647
        ],
        [
            0.09031836688518524,
            0.060116641223430634,
            0.04971300810575485
        ],
        [
            0.09739487618207932,
            0.06432768702507019,
            0.05173027515411377
        ],
        [
            0.09196891635656357,
            0.07470545917749405,
            0.046529222279787064
        ],
        [
            0.10530760884284973,
            0.022428855299949646,
            -0.009960770606994629
        ],
        [
            0.09527755528688431,
            0.013340815901756287,
            -0.011918682605028152
        ],
        [
            0.09139980375766754,
            0.016044363379478455,
            -0.008406054228544235
        ],
        [
            0.10175694525241852,
            0.023456387221813202,
            -0.006907131522893906
        ],
        [
            0.0823087990283966,
            0.03319936245679855,
            0.002252839505672455
        ],
        [
            0.07862973213195801,
            0.023372765630483627,
            0.0014523491263389587
        ],
        [
            0.06735961139202118,
            0.018880054354667664,
            0.009016178548336029
        ],
        [
            0.07052478939294815,
            0.02705274149775505,
            0.012987960129976273
        ],
        [
            0.08416596800088882,
            0.04448828846216202,
            0.0049168989062309265
        ],
        [
            0.07324082404375076,
            0.039230432361364365,
            0.01245366781949997
        ],
        [
            0.07562896609306335,
            0.050289615988731384,
            0.014166086912155151
        ],
        [
            0.07637469470500946,
            0.06373920291662216,
            0.02136187255382538
        ],
        [
            0.10376414656639099,
            0.005227457731962204,
            -0.017417151480913162
        ],
        [
            0.11226586997509003,
            0.011036582291126251,
            -0.01723792776465416
        ],
        [
            0.14932407438755035,
            0.08696804195642471,
            0.05585917830467224
        ],
        [
            0.15295197069644928,
            0.08339071273803711,
            0.05217115581035614
        ],
        [
            0.15128810703754425,
            0.08234981447458267,
            0.05313791707158089
        ],
        [
            0.14833436906337738,
            0.0859176516532898,
            0.05675523728132248
        ],
        [
            0.1169944480061531,
            -0.008279174566268921,
            -0.009694229811429977
        ],
        [
            0.11664649099111557,
            -0.014594662934541702,
            -0.0017198510468006134
        ],
        [
            0.11209262162446976,
            -0.017324820160865784,
            -0.006807256489992142
        ],
        [
            0.11079999804496765,
            -0.010654568672180176,
            -0.013457126915454865
        ],
        [
            0.1251189410686493,
            -0.005047120153903961,
            -0.00470762699842453
        ],
        [
            0.12264364957809448,
            -0.010085947811603546,
            0.005198083817958832
        ],
        [
            0.1568991094827652,
            0.09289684891700745,
            0.0646306574344635
        ],
        [
            0.15212418138980865,
            0.09275771677494049,
            0.062178485095500946
        ],
        [
            0.15160152316093445,
            0.08997771143913269,
            0.06557973474264145
        ],
        [
            0.15618868172168732,
            0.08850814402103424,
            0.06830783933401108
        ],
        [
            0.11960495263338089,
            0.06304185092449188,
            0.04495740681886673
        ],
        [
            0.12307880818843842,
            0.056188784539699554,
            0.03823978826403618
        ],
        [
            0.13292431831359863,
            0.06672310084104538,
            0.054198428988456726
        ],
        [
            0.13023273646831512,
            0.06161732226610184,
            0.048464540392160416
        ],
        [
            0.1244603842496872,
            0.06442033499479294,
            0.052476927638053894
        ],
        [
            0.12765082716941833,
            0.0676281750202179,
            0.057699620723724365
        ],
        [
            0.14041461050510406,
            0.04550535976886749,
            0.03379574418067932
        ],
        [
            0.13186585903167725,
            0.04050903022289276,
            0.02751116454601288
        ],
        [
            0.12938988208770752,
            0.04494008049368858,
            0.0320267453789711
        ],
        [
            0.13765648007392883,
            0.05175914615392685,
            0.03918691724538803
        ],
        [
            0.13919426500797272,
            0.03412402421236038,
            0.01701834797859192
        ],
        [
            0.14699898660182953,
            0.039190590381622314,
            0.024385390803217888
        ],
        [
            0.15021918714046478,
            0.03489484265446663,
            0.017591189593076706
        ],
        [
            0.14413979649543762,
            0.03284268081188202,
            0.012879040092229843
        ],
        [
            0.15757225453853607,
            0.04877466708421707,
            0.03907422348856926
        ],
        [
            0.1610269546508789,
            0.05135297402739525,
            0.04307714104652405
        ],
        [
            0.16406360268592834,
            0.050961777567863464,
            0.040467265993356705
        ],
        [
            0.15924061834812164,
            0.04680371657013893,
            0.036333996802568436
        ],
        [
            0.10718710720539093,
            -0.020588058978319168,
            -0.01088036596775055
        ],
        [
            0.10433004796504974,
            -0.012759577482938766,
            -0.01628176122903824
        ],
        [
            0.15714141726493835,
            0.0071580857038497925,
            0.02041126787662506
        ],
        [
            0.1564198136329651,
            0.00763997808098793,
            0.009100114926695824
        ],
        [
            0.1682054102420807,
            0.012720081955194473,
            0.013468405231833458
        ],
        [
            0.16617245972156525,
            0.01045525074005127,
            0.02504139207303524
        ],
        [
            0.11345548182725906,
            -0.015759184956550598,
            0.008197635412216187
        ],
        [
            0.11022549867630005,
            -0.020440012216567993,
            0.002688989043235779
        ],
        [
            0.16297033429145813,
            0.09035453200340271,
            0.06469494849443436
        ],
        [
            0.1620049774646759,
            0.08580586314201355,
            0.06799857318401337
        ],
        [
            0.07244162261486053,
            0.041235312819480896,
            0.024791527539491653
        ],
        [
            0.07384888827800751,
            0.05815962702035904,
            0.028864435851573944
        ],
        [
            0.07066929340362549,
            0.02791547030210495,
            0.022637106478214264
        ],
        [
            0.06933131068944931,
            0.0183710940182209,
            0.020961791276931763
        ],
        [
            0.06537306308746338,
            0.011571977287530899,
            0.018388979136943817
        ],
        [
            0.13675116002559662,
            0.06000372767448425,
            0.04725268483161926
        ],
        [
            0.12406802177429199,
            0.04827024042606354,
            0.032633353024721146
        ],
        [
            0.12450260668992996,
            0.03537844121456146,
            0.018965501338243484
        ],
        [
            0.1441316157579422,
            0.024586103856563568,
            -0.002681918442249298
        ],
        [
            0.13608571887016296,
            0.020860590040683746,
            -0.008469656109809875
        ],
        [
            0.13286063075065613,
            0.028057213872671127,
            -0.0010791197419166565
        ],
        [
            0.14058537781238556,
            0.029353609308600426,
            0.0028789713978767395
        ],
        [
            0.15689514577388763,
            0.014149516820907593,
            0.0015017688274383545
        ],
        [
            0.1552697718143463,
            0.022086424753069878,
            0.0009142979979515076
        ],
        [
            0.16226132214069366,
            0.024804625660181046,
            0.005533479154109955
        ],
        [
            0.16577106714248657,
            0.017915282398462296,
            0.006417538970708847
        ],
        [
            0.08088095486164093,
            0.06922928988933563,
            0.047306835651397705
        ],
        [
            0.08363170176744461,
            0.05737365037202835,
            0.046544477343559265
        ],
        [
            0.11495305597782135,
            0.00034021586179733276,
            -0.015700209885835648
        ],
        [
            0.10751959681510925,
            -0.0017172321677207947,
            -0.01726730912923813
        ],
        [
            0.10053884983062744,
            -0.006407361477613449,
            -0.018924780189990997
        ],
        [
            0.11023811995983124,
            0.02949817106127739,
            0.0029085353016853333
        ],
        [
            0.0993809700012207,
            0.024316206574440002,
            -0.004876341670751572
        ],
        [
            0.09758076816797256,
            0.02744193747639656,
            -0.0022888630628585815
        ],
        [
            0.10932937264442444,
            0.030936982482671738,
            0.006005685776472092
        ],
        [
            0.10603739321231842,
            0.048160236328840256,
            0.015276893973350525
        ],
        [
            0.09737496078014374,
            0.0435943603515625,
            0.0053207725286483765
        ],
        [
            0.1034335196018219,
            0.06106323003768921,
            0.019890159368515015
        ],
        [
            0.08499310165643692,
            0.018750831484794617,
            -0.00454103946685791
        ],
        [
            0.08313238620758057,
            0.010668642818927765,
            -0.011967573314905167
        ],
        [
            0.07675552368164062,
            0.013756170868873596,
            -0.006526097655296326
        ],
        [
            0.0898783802986145,
            0.005018271505832672,
            -0.01649751514196396
        ],
        [
            0.09610792994499207,
            -0.0008588247001171112,
            -0.019278597086668015
        ],
        [
            0.10607092827558517,
            -0.027106162160634995,
            -0.0007918179035186768
        ],
        [
            0.07165650278329849,
            0.015790477395057678,
            -4.042685031890869e-05
        ],
        [
            0.08869078010320663,
            0.07829299569129944,
            0.02443624660372734
        ],
        [
            0.08476912975311279,
            0.08313398063182831,
            0.02947937324643135
        ],
        [
            0.0911812037229538,
            0.08244089037179947,
            0.03422848507761955
        ],
        [
            0.09497829526662827,
            0.07793234288692474,
            0.030174732208251953
        ],
        [
            0.12677240371704102,
            0.06449936330318451,
            0.07049527019262314
        ],
        [
            0.12595881521701813,
            0.0681305080652237,
            0.06365881115198135
        ],
        [
            0.11898469924926758,
            0.06542935222387314,
            0.0586705282330513
        ],
        [
            0.11648304760456085,
            0.024766864255070686,
            -0.007929805666208267
        ],
        [
            0.12195712327957153,
            0.015145393088459969,
            -0.01434018462896347
        ],
        [
            0.139151930809021,
            0.06521077454090118,
            0.05301991105079651
        ],
        [
            0.1545981764793396,
            0.08501552045345306,
            0.07103273272514343
        ],
        [
            0.14946863055229187,
            0.08719160407781601,
            0.06833786517381668
        ],
        [
            0.13812580704689026,
            0.07451833784580231,
            0.07093572616577148
        ],
        [
            0.14361067116260529,
            0.07164338231086731,
            0.07447025924921036
        ],
        [
            0.14834390580654144,
            0.06419803947210312,
            0.05688941478729248
        ],
        [
            0.14204563200473785,
            0.06662944704294205,
            0.054075587540864944
        ],
        [
            0.14398325979709625,
            0.06692373752593994,
            0.054361481219530106
        ],
        [
            0.15052993595600128,
            0.06521861255168915,
            0.05492270365357399
        ],
        [
            0.1661403328180313,
            0.045599259436130524,
            0.033014439046382904
        ],
        [
            0.16159465909004211,
            0.0421440452337265,
            0.029278919100761414
        ],
        [
            0.14629925787448883,
            0.044231265783309937,
            0.06754345446825027
        ],
        [
            0.1358160823583603,
            0.048417672514915466,
            0.07585638016462326
        ],
        [
            0.1254054307937622,
            0.04263845831155777,
            0.06931786239147186
        ],
        [
            0.1435215324163437,
            0.04133514687418938,
            0.028337746858596802
        ],
        [
            0.15160442888736725,
            0.0454239621758461,
            0.033461157232522964
        ],
        [
            0.15368770062923431,
            0.04315045848488808,
            0.03061523661017418
        ],
        [
            0.1414678692817688,
            0.059516310691833496,
            0.047857437282800674
        ],
        [
            0.1448279172182083,
            0.06275922060012817,
            0.052589163184165955
        ],
        [
            0.14672580361366272,
            0.05919574573636055,
            0.050044748932123184
        ],
        [
            0.1436193734407425,
            0.0558059923350811,
            0.04455611854791641
        ],
        [
            0.14534245431423187,
            0.0018378794193267822,
            0.004264697432518005
        ],
        [
            0.14633941650390625,
            0.009381379932165146,
            -0.004745524376630783
        ],
        [
            0.14922761917114258,
            0.09046555310487747,
            0.05922340601682663
        ],
        [
            0.14845755696296692,
            0.08888590335845947,
            0.06130809336900711
        ],
        [
            0.13505417108535767,
            0.036542076617479324,
            0.02227136865258217
        ],
        [
            0.1151638925075531,
            0.03611890971660614,
            0.05974402278661728
        ],
        [
            0.12721332907676697,
            0.032656844705343246,
            0.01491989940404892
        ],
        [
            0.16944344341754913,
            0.02549617551267147,
            0.03726853057742119
        ],
        [
            0.17214858531951904,
            0.03053814172744751,
            0.030760854482650757
        ],
        [
            0.17465563118457794,
            0.03518855944275856,
            0.032452553510665894
        ],
        [
            0.17503716051578522,
            0.03268328681588173,
            0.038079459220170975
        ],
        [
            0.15983067452907562,
            0.07456614822149277,
            0.05384199321269989
        ],
        [
            0.15531857311725616,
            0.0779467225074768,
            0.05158130079507828
        ],
        [
            0.15633396804332733,
            0.07869453728199005,
            0.05165949463844299
        ],
        [
            0.16192080080509186,
            0.07684756070375443,
            0.05349772423505783
        ],
        [
            0.13673260807991028,
            0.06903813779354095,
            0.05531167984008789
        ],
        [
            0.13206587731838226,
            0.07096439599990845,
            0.05922306329011917
        ],
        [
            0.13620439171791077,
            0.0738312229514122,
            0.058744966983795166
        ],
        [
            0.14034050703048706,
            0.07059234380722046,
            0.05553416162729263
        ],
        [
            0.13126946985721588,
            0.07128418236970901,
            0.06540336459875107
        ],
        [
            0.13535979390144348,
            0.07496486604213715,
            0.06513173878192902
        ],
        [
            0.16355641186237335,
            0.07391617447137833,
            0.059238798916339874
        ],
        [
            0.1637953817844391,
            0.0773426741361618,
            0.06630300730466843
        ],
        [
            0.1544865071773529,
            0.0637764260172844,
            0.06861632317304611
        ],
        [
            0.15553593635559082,
            0.0643581673502922,
            0.06078384444117546
        ],
        [
            0.12492848932743073,
            -0.00012309104204177856,
            0.027069488540291786
        ],
        [
            0.1300891935825348,
            -0.0036946721374988556,
            0.01771971397101879
        ],
        [
            0.14217278361320496,
            0.003951914608478546,
            0.023185066878795624
        ],
        [
            0.1547372043132782,
            0.010346803814172745,
            0.028996923938393593
        ],
        [
            0.1656387895345688,
            0.017717329785227776,
            0.03450034186244011
        ],
        [
            0.1607934683561325,
            0.02022763341665268,
            0.045664314180612564
        ],
        [
            0.14445239305496216,
            0.0013085007667541504,
            0.015625840052962303
        ],
        [
            0.15104170143604279,
            0.05662086606025696,
            0.061975765973329544
        ],
        [
            0.14794613420963287,
            0.05436455458402634,
            0.06940284371376038
        ],
        [
            0.15053629875183105,
            0.051313433796167374,
            0.06585502624511719
        ],
        [
            0.13144974410533905,
            0.03071652166545391,
            0.008989989757537842
        ],
        [
            0.1465606689453125,
            0.08744755387306213,
            0.06364058703184128
        ],
        [
            0.08064181357622147,
            0.0009934231638908386,
            0.030026447027921677
        ],
        [
            0.08998759090900421,
            -0.007848411798477173,
            0.02694409340620041
        ],
        [
            0.0944119542837143,
            -0.0015657655894756317,
            0.03133762627840042
        ],
        [
            0.08408230543136597,
            0.008753582835197449,
            0.03403118625283241
        ],
        [
            0.14989866316318512,
            0.0826302096247673,
            0.0530361533164978
        ],
        [
            0.14622622728347778,
            0.08574898540973663,
            0.05749507248401642
        ],
        [
            0.16607479751110077,
            0.039724186062812805,
            0.024938330054283142
        ],
        [
            0.16969025135040283,
            0.042797163128852844,
            0.029251057654619217
        ],
        [
            0.17289239168167114,
            0.0406251922249794,
            0.02907707914710045
        ],
        [
            0.1714773327112198,
            0.03878970444202423,
            0.02303043194115162
        ],
        [
            0.13132725656032562,
            -0.00538862869143486,
            0.012040264904499054
        ],
        [
            0.17514309287071228,
            0.019084764644503593,
            0.01417534239590168
        ],
        [
            0.17330259084701538,
            0.016222432255744934,
            0.025040291249752045
        ],
        [
            0.11940595507621765,
            -0.01022695004940033,
            0.013353392481803894
        ],
        [
            0.11491771042346954,
            -0.007734626531600952,
            0.021791135892271996
        ],
        [
            0.10811580717563629,
            -0.013510890305042267,
            0.01763312518596649
        ],
        [
            0.15884901583194733,
            0.031867437064647675,
            0.05557586997747421
        ],
        [
            0.12249471247196198,
            0.004328981041908264,
            0.034243497997522354
        ],
        [
            0.1119970977306366,
            -0.0036251842975616455,
            0.027680302038788795
        ],
        [
            0.10372625291347504,
            -0.010330233722925186,
            0.022971786558628082
        ],
        [
            0.09838663786649704,
            -0.015919432044029236,
            0.01959361881017685
        ],
        [
            0.10372389107942581,
            -0.01874377205967903,
            0.014007672667503357
        ],
        [
            0.15986624360084534,
            0.08131080865859985,
            0.06981230527162552
        ],
        [
            0.16700492799282074,
            0.08181881904602051,
            0.06408150494098663
        ],
        [
            0.09915558993816376,
            -0.025983400642871857,
            0.010684680193662643
        ],
        [
            0.09318487346172333,
            -0.022018752992153168,
            0.016715340316295624
        ],
        [
            0.1074669286608696,
            0.0016675330698490143,
            0.033828601241111755
        ],
        [
            0.1015506386756897,
            0.009063560515642166,
            0.04002286493778229
        ],
        [
            0.11777292191982269,
            0.009358864277601242,
            0.039770253002643585
        ],
        [
            0.11272260546684265,
            0.01723678782582283,
            0.04671309143304825
        ],
        [
            0.1524319052696228,
            0.031983211636543274,
            0.06476826220750809
        ],
        [
            0.16881801187992096,
            0.09157101809978485,
            0.04791112616658211
        ],
        [
            0.16837041079998016,
            0.08312581479549408,
            0.05544189736247063
        ],
        [
            0.1642400324344635,
            0.08035405725240707,
            0.052103105932474136
        ],
        [
            0.16723482310771942,
            0.08821436762809753,
            0.045653086155653
        ],
        [
            0.16593092679977417,
            0.07773229479789734,
            0.05774478614330292
        ],
        [
            0.16800431907176971,
            0.08639485388994217,
            0.06042957305908203
        ],
        [
            0.1036485806107521,
            0.028759215027093887,
            0.05104357376694679
        ],
        [
            0.1500634104013443,
            0.06151352822780609,
            0.05454545095562935
        ],
        [
            0.0900513082742691,
            0.022324442863464355,
            0.04178163781762123
        ],
        [
            0.09594915062189102,
            0.04505959153175354,
            0.05556900426745415
        ],
        [
            0.08598729968070984,
            0.04111046716570854,
            0.04639584571123123
        ],
        [
            0.07561540603637695,
            0.01785522699356079,
            0.0319744236767292
        ],
        [
            0.07569683343172073,
            0.03303256630897522,
            0.03577709197998047
        ],
        [
            0.06951827555894852,
            0.0038691163063049316,
            0.024767331779003143
        ],
        [
            0.07386389374732971,
            0.009973466396331787,
            0.028737306594848633
        ],
        [
            0.07603424787521362,
            0.04831574112176895,
            0.037198662757873535
        ],
        [
            0.1518513709306717,
            0.09001053869724274,
            0.04794603958725929
        ],
        [
            0.15625683963298798,
            0.08627153933048248,
