{
    "pred_cam": [
        8.314046859741211,
        -0.1545783281326294,
        -0.056228362023830414
    ],
    "pred_mano_params": {
        "global_orient": [
            [
                [
                    -0.25218260288238525,
                    -0.9577881097793579,
                    0.13800670206546783
                ],
                [
                    -0.6067357063293457,
                    0.04540175199508667,
                    -0.7936060428619385
                ],
                [
                    0.7538406848907471,
                    -0.2838672399520874,
                    -0.5925737619400024
                ]
            ]
        ],
        "hand_pose": [
            [
                [
                    0.7018038034439087,
                    -0.575293779373169,
                    -0.42012903094291687
                ],
                [
                    0.5574991106987,
                    0.8106889724731445,
                    -0.17882439494132996
                ],
                [
                    0.4434705376625061,
                    -0.10872189700603485,
                    0.8896703720092773
                ]
            ],
            [
                [
                    0.9932899475097656,
                    -0.07245049625635147,
                    0.09014491736888885
                ],
                [
                    0.08742805570363998,
                    0.980643630027771,
                    -0.17519856989383698
                ],
                [
                    -0.07570680230855942,
                    0.1819041520357132,
                    0.980397641658783
                ]
            ],
            [
                [
                    0.8421210646629333,
                    -0.539210855960846,
                    0.009153086692094803
                ],
                [
                    0.5205718874931335,
                    0.8083444833755493,
                    -0.2749255299568176
                ],
                [
                    0.14084398746490479,
                    0.23628541827201843,
                    0.9614219069480896
                ]
            ],
            [
                [
                    0.676270067691803,
                    -0.6478065848350525,
                    -0.35072121024131775
                ],
                [
                    0.6294712424278259,
                    0.7554869651794434,
                    -0.18167392909526825
                ],
                [
                    0.3826548755168915,
                    -0.09790825098752975,
                    0.9186888337135315
                ]
            ],
            [
                [
                    0.9683545231819153,
                    -0.236177459359169,
                    -0.08068301528692245
                ],
                [
                    0.24942754209041595,
                    0.9270538091659546,
                    0.27992331981658936
                ],
                [
                    0.008685925975441933,
                    -0.2911895513534546,
                    0.9566259384155273
                ]
            ],
            [
                [
                    0.7771674990653992,
                    -0.5903816223144531,
                    -0.21785394847393036
                ],
                [
                    0.6204267144203186,
                    0.7767481803894043,
                    0.10831867903470993
                ],
                [
                    0.10526830703020096,
                    -0.21934416890144348,
                    0.9699519872665405
                ]
            ],
            [
                [
                    0.42412835359573364,
                    -0.7753303050994873,
                    0.467950701713562
                ],
                [
                    0.7503963112831116,
                    0.5901585221290588,
                    0.29768815636634827
                ],
                [
                    -0.5069717764854431,
                    0.22489050030708313,
                    0.8321079611778259
                ]
            ],
            [
                [
                    0.9256247282028198,
                    -0.12561272084712982,
                    -0.3569876551628113
                ],
                [
                    0.23619553446769714,
                    0.928781270980835,
                    0.28561681509017944
                ],
                [
                    0.29568636417388916,
                    -0.348692923784256,
                    0.8893720507621765
                ]
            ],
            [
                [
                    0.7352782487869263,
                    -0.6542697548866272,
                    0.17690904438495636
                ],
                [
                    0.6512287259101868,
                    0.7543214559555054,
                    0.08306771516799927
                ],
                [
                    -0.1877949982881546,
                    0.05413036048412323,
                    0.9807154536247253
                ]
            ],
            [
                [
                    0.6598019003868103,
                    -0.7507807612419128,
                    -0.03146040812134743
                ],
                [
                    0.7376981973648071,
                    0.655138373374939,
                    -0.16308006644248962
                ],
                [
                    0.14304828643798828,
                    0.084392249584198,
                    0.9861111640930176
                ]
            ],
            [
                [
                    0.9556811451911926,
                    -0.2638358175754547,
                    -0.13063010573387146
                ],
                [
                    0.2940720021724701,
                    0.8765462040901184,
                    0.38103607296943665
                ],
                [
                    0.013972345739603043,
                    -0.4025636315345764,
                    0.9152854084968567
                ]
            ],
            [
                [
                    0.7591364979743958,
                    -0.5061424970626831,
                    -0.40930604934692383
                ],
                [
                    0.6167678833007812,
                    0.7603318691253662,
                    0.20369784533977509
                ],
                [
                    0.20810827612876892,
                    -0.40708133578300476,
                    0.8893681168556213
                ]
            ],
            [
                [
                    0.9872745275497437,
                    0.08185715973377228,
                    -0.13633906841278076
                ],
                [
                    -0.15491846203804016,
                    0.6886465549468994,
                    -0.7083545327186584
                ],
                [
                    0.03590553253889084,
                    0.7204618453979492,
                    0.6925643682479858
                ]
            ],
            [
                [
                    0.8635947108268738,
                    -0.27203959226608276,
                    -0.42449793219566345
                ],
                [
                    0.4426668882369995,
                    0.8121405243873596,
                    0.38009703159332275
                ],
                [
                    0.24135050177574158,
                    -0.5161610245704651,
                    0.821783185005188
                ]
            ],
            [
                [
                    0.9422754049301147,
                    0.3095129728317261,
                    -0.1277449131011963
                ],
                [
                    -0.3140466511249542,
                    0.9492640495300293,
                    -0.016508813947439194
                ],
                [
                    0.11615395545959473,
                    0.055673711001873016,
                    0.9916696548461914
                ]
            ]
        ],
        "betas": [
            -0.02166883647441864,
            -0.011547952890396118,
            -0.07958823442459106,
            0.004092544317245483,
            0.04448777437210083,
            0.03860108554363251,
            0.07266207039356232,
            -0.05350324511528015,
            0.03337857127189636,
            0.018605053424835205
        ]
    },
    "pred_cam_t": [
        -0.1545783281326294,
        -0.056228362023830414,
        4.698373794555664
    ],
    "focal_length": [
        5000.0,
        5000.0
    ],
    "pred_keypoints_3d": [
        [
            0.09586001932621002,
            0.006390363909304142,
            0.006207634694874287
        ],
        [
            0.12034344673156738,
            -0.00015803519636392593,
            -0.022861238569021225
        ],
        [
            0.14087972044944763,
            -3.1096860766410828e-06,
            -0.04581315442919731
        ],
        [
            0.1558319628238678,
            0.01566004380583763,
            -0.06216326355934143
        ],
        [
            0.16585370898246765,
            0.03485707566142082,
            -0.09122307598590851
        ],
        [
            0.12596037983894348,
            0.043310314416885376,
            -0.0711282268166542
        ],
        [
            0.14555320143699646,
            0.0688767358660698,
            -0.07882319390773773
        ],
        [
            0.1624571979045868,
            0.08329695463180542,
            -0.08032231032848358
        ],
        [
            0.18347454071044922,
            0.09514731168746948,
            -0.07124321162700653
        ],
        [
            0.12072134763002396,
            0.06654796749353409,
            -0.06285526603460312
        ],
        [
            0.13998816907405853,
            0.09181661903858185,
            -0.06305113434791565
        ],
        [
            0.15874862670898438,
            0.10447469353675842,
            -0.05740052089095116
        ],
        [
            0.18062672019004822,
            0.10729643702507019,
            -0.044003576040267944
        ],
        [
            0.11660145968198776,
            0.07706340402364731,
            -0.03857937827706337
        ],
        [
            0.1383783519268036,
            0.09550019353628159,
            -0.043153066188097
        ],
        [
            0.1592029184103012,
            0.10600651055574417,
            -0.03463120758533478
        ],
        [
            0.1763502061367035,
            0.10737237334251404,
            -0.015195582062005997
        ],
        [
            0.11681239306926727,
            0.08203976601362228,
            -0.017313368618488312
        ],
        [
            0.1356683224439621,
            0.09064490348100662,
            -0.021503740921616554
        ],
        [
            0.15189898014068604,
            0.09905581921339035,
            -0.01636512205004692
        ],
        [
            0.16583037376403809,
            0.09877648949623108,
            -0.006485295481979847
        ]
    ],
    "pred_vertices": [
        [
            0.12707100808620453,
            0.023019442334771156,
            -0.03633023798465729
        ],
        [
            0.12614277005195618,
            0.017323849722743034,
            -0.027484778314828873
        ],
        [
            0.13310208916664124,
            0.016290603205561638,
            -0.035359419882297516
        ],
        [
            0.13270992040634155,
            0.020816095173358917,
            -0.04389750957489014
        ],
        [
            0.13824839890003204,
            0.0031426623463630676,
            -0.018794499337673187
        ],
        [
            0.13797111809253693,
            -0.009172756224870682,
            -0.018565766513347626
        ],
        [
            0.1476052850484848,
            -0.005108555778861046,
            -0.032378848642110825
        ],
        [
            0.14721627533435822,
            0.004628455266356468,
            -0.029470451176166534
        ],
        [
            0.13549457490444183,
            0.018975308164954185,
            -0.05071040615439415
        ],
        [
            0.13852576911449432,
            0.01546238549053669,
            -0.041438810527324677
        ],
        [
            0.13308699429035187,
            0.01636432856321335,
            -0.05326668918132782
        ],
        [
            0.12557262182235718,
            0.020099220797419548,
            -0.06424690783023834
        ],
        [
            0.13091491162776947,
            0.02257721871137619,
            -0.05962700396776199
        ],
        [
            0.12306347489356995,
            0.025653157383203506,
            -0.0707799419760704
        ],
        [
            0.11535271257162094,
            0.015476211905479431,
            -0.06265595555305481
        ],
        [
            0.11382138729095459,
            0.02862548828125,
            -0.07152150571346283
        ],
        [
            0.09636253863573074,
            0.03092481940984726,
            -0.046930670738220215
        ],
        [
            0.09295864403247833,
            0.039199743419885635,
            -0.03666113317012787
        ],
        [
            0.09749642014503479,
            0.051245976239442825,
            -0.04839023947715759
        ],
        [
            0.10140406340360641,
            0.041657060384750366,
            -0.0574270598590374
        ],
        [
            0.09583137184381485,
            0.058631185442209244,
            -0.0287929680198431
        ],
        [
            0.09691014885902405,
            0.055221956223249435,
            -0.04018042981624603
        ],
        [
            0.09117142856121063,
            0.04330018162727356,
            -0.02880989946424961
        ],
        [
            0.09075368195772171,
            0.04684774577617645,
            -0.019163798540830612
        ],
        [
            0.12025786191225052,
            0.028604239225387573,
            -0.02250732108950615
        ],
        [
            0.11845947802066803,
            0.022590558975934982,
            -0.013722475618124008
        ],
        [
            0.1198977679014206,
            0.02026887983083725,
            -0.01896650716662407
        ],
        [
            0.12190116196870804,
            0.02586246281862259,
            -0.02715427801012993
        ],
        [
            0.13559433817863464,
            0.00869145616889,
            -0.05587271973490715
        ],
        [
            0.12498676776885986,
            0.0030542872846126556,
            -0.05540827289223671
        ],
        [
            0.1273379623889923,
            0.010628381744027138,
            -0.056228574365377426
        ],
        [
            0.1383926421403885,
            0.01270611397922039,
            -0.052933841943740845
        ],
        [
            0.11790896952152252,
            0.012975916266441345,
            0.013796556740999222
        ],
        [
            0.10954158008098602,
            0.00412847101688385,
            0.019673243165016174
        ],
        [
            0.10999976098537445,
            -2.2701919078826904e-05,
            0.015528380870819092
        ],
        [
            0.11707840859889984,
            0.009128201752901077,
            0.010872520506381989
        ],
        [
            0.12077067047357559,
            -0.011395499110221863,
            -0.0013453960418701172
        ],
        [
            0.1114191859960556,
            -0.01377788931131363,
            0.0038030147552490234
        ],
        [
            0.10312019288539886,
            -0.023729778826236725,
            -0.0010120421648025513
        ],
        [
            0.10988748073577881,
            -0.021685943007469177,
            -0.008672371506690979
        ],
        [
            0.13028092682361603,
            -0.010157618671655655,
            -0.00954531878232956
        ],
        [
            0.12211701273918152,
            -0.020395968109369278,
            -0.014981865882873535
        ],
        [
            0.1322820633649826,
            -0.017870750278234482,
            -0.02406316250562668
        ],
        [
            0.143583744764328,
            -0.011714478954672813,
            -0.037793371826410294
        ],
        [
            0.10560812801122665,
            0.013313308358192444,
            0.027758967131376266
        ],
        [
            0.11165986955165863,
            0.021012723445892334,
            0.024869833141565323
        ],
        [
            0.15601980686187744,
            0.06547337770462036,
            -0.07801426947116852
        ],
        [
            0.15506786108016968,
            0.06873966753482819,
            -0.07324868440628052
        ],
        [
            0.1522868275642395,
            0.06426192820072174,
            -0.07244790345430374
        ],
        [
            0.15337154269218445,
            0.06210080534219742,
            -0.07774125784635544
        ],
        [
            0.09186198562383652,
            0.028106849640607834,
            0.026144348084926605
        ],
        [
            0.08283263444900513,
            0.028700090944767,
            0.021659795194864273
        ],
        [
            0.08203768730163574,
            0.02439458668231964,
            0.027509570121765137
        ],
        [
            0.09062515199184418,
            0.02218720316886902,
            0.030706506222486496
        ],
        [
            0.09356376528739929,
            0.03588138893246651,
            0.0200815312564373
        ],
        [
            0.0845913290977478,
            0.0343058705329895,
            0.013392060995101929
        ],
        [
            0.15007659792900085,
            0.07092615216970444,
            -0.08799408376216888
        ],
        [
            0.15357013046741486,
            0.0674474760890007,
            -0.08638705313205719
        ],
        [
            0.1492202877998352,
            0.06447893381118774,
            -0.08660192042589188
        ],
        [
            0.14524583518505096,
            0.06780658662319183,
            -0.08707651495933533
        ],
        [
            0.13216130435466766,
            0.025132952257990837,
            -0.052494294941425323
        ],
        [
            0.12953615188598633,
            0.02847881428897381,
            -0.04391980916261673
        ],
        [
            0.13435009121894836,
            0.03693077713251114,
            -0.06425761431455612
        ],
        [
            0.13142341375350952,
            0.03481380641460419,
            -0.0560494102537632
        ],
        [
            0.13155046105384827,
            0.02918517217040062,
            -0.06076338142156601
        ],
        [
            0.13293981552124023,
            0.03214268386363983,
            -0.06764132529497147
        ],
        [
            0.12427181750535965,
            0.0462833009660244,
            -0.036287929862737656
        ],
        [
            0.12141630798578262,
            0.03822210431098938,
            -0.028298083692789078
        ],
        [
            0.12312200665473938,
            0.0354083776473999,
            -0.03408968448638916
        ],
        [
            0.1272914856672287,
            0.04299718141555786,
            -0.04372493177652359
        ],
        [
            0.12101646512746811,
            0.04591035842895508,
            -0.016336530447006226
        ],
        [
            0.1233898401260376,
            0.05324666202068329,
            -0.025301124900579453
        ],
        [
            0.12277235090732574,
            0.05676736310124397,
            -0.01744323968887329
        ],
        [
            0.12220903486013412,
            0.050839491188526154,
            -0.012195061892271042
        ],
        [
            0.12708574533462524,
            0.06285098195075989,
            -0.0431162528693676
        ],
        [
            0.12756183743476868,
            0.06657280027866364,
            -0.04794272407889366
        ],
        [
            0.12906195223331451,
            0.07006852328777313,
            -0.044705234467983246
        ],
        [
            0.12660633027553558,
            0.06486585736274719,
            -0.039738766849040985
        ],
        [
            0.08025676012039185,
            0.019861921668052673,
            0.03268894553184509
        ],
        [
            0.08916973322629929,
            0.016003765165805817,
            0.034309376031160355
        ],
        [
            0.09737420082092285,
            0.06691762804985046,
            -0.008464328944683075
        ],
        [
            0.10232684761285782,
            0.06603784114122391,
            0.0016001947224140167
        ],
        [
            0.10545676201581955,
            0.07772353291511536,
            -0.005239585414528847
        ],
        [
            0.0987732782959938,
            0.07585535198450089,
            -0.01469956710934639
        ],
        [
            0.07721835374832153,
            0.02596643939614296,
            0.013346835970878601
        ],
        [
            0.0750470906496048,
            0.023165900260210037,
            0.0203644260764122
        ],
        [
            0.14661887288093567,
            0.0756814256310463,
            -0.08606273680925369
        ],
        [
            0.14217013120651245,
            0.0720345601439476,
            -0.08414071798324585
        ],
        [
            0.12003916501998901,
            -0.020411884412169456,
            -0.0295124351978302
        ],
        [
            0.1361304223537445,
            -0.014064453542232513,
            -0.043325360864400864
        ],
        [
            0.10741457343101501,
            -0.021915383636951447,
            -0.01924321800470352
        ],
        [
            0.0984378382563591,
            -0.022002819925546646,
            -0.012413188815116882
        ],
        [
            0.09236544370651245,
            -0.024734698235988617,
            -0.006497152149677277
        ],
        [
            0.1313515156507492,
            0.04116694629192352,
            -0.05464223027229309
        ],
        [
            0.12501981854438782,
            0.029923541471362114,
            -0.0357150137424469
        ],
        [
            0.11949854344129562,
            0.031286027282476425,
            -0.01820434257388115
        ],
        [
            0.12134243547916412,
            0.05136767774820328,
            0.005281373858451843
        ],
        [
            0.11952229589223862,
            0.043653227388858795,
            0.012225817888975143
        ],
        [
            0.12246815115213394,
            0.039825718849897385,
            0.0026368126273155212
        ],
        [
            0.12287460267543793,
            0.047443799674510956,
            -0.0016432516276836395
        ],
        [
            0.11138046532869339,
            0.06557898223400116,
            0.005641348659992218
        ],
        [
            0.11866076290607452,
            0.06295327842235565,
            0.002846665680408478
        ],
        [
            0.1194319799542427,
            0.07011059671640396,
            -0.002581082284450531
        ],
        [
            0.11286357045173645,
            0.0746845155954361,
            -0.0007406100630760193
        ],
        [
            0.13639110326766968,
            0.0020617954432964325,
            -0.05914406105875969
        ],
        [
            0.12442326545715332,
            -0.00436738133430481,
            -0.05419989675283432
        ],
        [
            0.10181894898414612,
            0.02494066208600998,
            0.027945250272750854
        ],
        [
            0.09979557245969772,
            0.017820924520492554,
            0.0304483100771904
        ],
        [
            0.09549466520547867,
            0.011468484997749329,
            0.034103889018297195
        ],
        [
            0.11899515241384506,
            0.016790036112070084,
            -0.000469014048576355
        ],
        [
            0.11668427288532257,
            0.006403081119060516,
            0.00888543576002121
        ],
        [
            0.11808843165636063,
            0.003894548863172531,
            0.005521669983863831
        ],
        [
            0.1184859499335289,
            0.015309222042560577,
            -0.003365539014339447
        ],
        [
            0.1277683973312378,
            0.012222614139318466,
            -0.017110280692577362
        ],
        [
            0.12892648577690125,
            0.002559695392847061,
            -0.007742643356323242
        ],
        [
            0.13604722917079926,
            0.01301269419491291,
            -0.02570769190788269
        ],
        [
            0.11009880900382996,
            -0.006829753518104553,
            0.011099159717559814
        ],
        [
            0.10570542514324188,
            -0.007510911673307419,
            0.02114715427160263
        ],
        [
            0.10546106100082397,
            -0.014062117785215378,
            0.015124768018722534
        ],
        [
            0.10340317338705063,
            -0.0003183335065841675,
            0.027418378740549088
        ],
        [
            0.10008158534765244,
            0.006449654698371887,
            0.032204918563365936
        ],
        [
            0.07005925476551056,
            0.019776366651058197,
            0.026417575776576996
        ],
        [
            0.1041107252240181,
            -0.019145864993333817,
            0.008580408990383148
        ],
        [
            0.15188245475292206,
            0.005631189793348312,
            -0.0378703773021698
        ],
        [
            0.15489640831947327,
            0.008095234632492065,
            -0.04501202702522278
        ],
        [
            0.15030159056186676,
            0.013522449880838394,
            -0.04447229951620102
        ],
        [
            0.14720675349235535,
            0.011851232498884201,
            -0.03899475932121277
        ],
        [
            0.12388424575328827,
            0.03342695161700249,
            -0.07708778232336044
        ],
        [
            0.1302947849035263,
            0.03145825117826462,
            -0.0729915201663971
        ],
        [
            0.12885141372680664,
            0.02493053674697876,
            -0.06619427353143692
        ],
        [
            0.1205047145485878,
            0.023857291787862778,
            0.010632950812578201
        ],
        [
            0.11527245491743088,
            0.030171480029821396,
            0.020275719463825226
        ],
        [
            0.13390377163887024,
            0.04310315102338791,
            -0.06251407414674759
        ],
        [
            0.1407172828912735,
            0.06507135927677155,
            -0.08643627911806107
        ],
        [
            0.14505064487457275,
            0.0611175112426281,
            -0.08610466867685318
        ],
        [
            0.13351836800575256,
            0.046009112149477005,
            -0.08229409903287888
        ],
        [
            0.12891288101673126,
            0.05109668895602226,
            -0.08326300233602524
        ],
        [
            0.13159528374671936,
            0.05312136188149452,
            -0.06495662778615952
        ],
        [
            0.1345730423927307,
            0.04650571569800377,
            -0.06386323273181915
        ],
        [
            0.13463103771209717,
            0.04916302487254143,
            -0.06411323696374893
        ],
        [
            0.1326970010995865,
            0.055445145815610886,
            -0.06314148753881454
        ],
        [
            0.12741872668266296,
            0.0721292644739151,
            -0.03578826040029526
        ],
        [
            0.12550310790538788,
            0.06739293038845062,
            -0.03148959204554558
        ],
        [
            0.1099679097533226,
            0.05245906859636307,
            -0.0660426914691925
        ],
        [
            0.10854768753051758,
            0.04241560772061348,
            -0.07446369528770447
        ],
        [
            0.10507798194885254,
            0.03337589651346207,
            -0.06581367552280426
        ],
        [
            0.12319957464933395,
            0.04967507719993591,
            -0.029687143862247467
        ],
        [
            0.12570606172084808,
            0.05732378736138344,
            -0.03629199042916298
        ],
        [
            0.12510161101818085,
            0.05956987664103508,
            -0.03280787169933319
        ],
        [
            0.1311441957950592,
            0.04596506059169769,
            -0.055105775594711304
        ],
        [
            0.13233216106891632,
            0.04891213774681091,
            -0.06090957298874855
        ],
        [
            0.1307782083749771,
            0.05153787136077881,
            -0.057178106158971786
        ],
        [
            0.12943436205387115,
            0.048620112240314484,
            -0.050494417548179626
        ],
        [
            0.098239965736866,
            0.055345091968774796,
            0.008616738021373749
        ],
        [
            0.10889162868261337,
            0.0552278533577919,
            0.013480443507432938
        ],
        [
            0.15558919310569763,
            0.0652318075299263,
            -0.082807756960392
        ],
        [
            0.15207523107528687,
            0.062143608927726746,
            -0.08296418935060501
        ],
        [
            0.12045741826295853,
            0.04169127345085144,
            -0.0219828300178051
        ],
        [
            0.10198451578617096,
            0.02376197837293148,
            -0.05446021631360054
        ],
        [
            0.11909883469343185,
            0.03417524695396423,
            -0.013501644134521484
        ],
        [
            0.10803355276584625,
            0.07666966319084167,
            -0.03186589106917381
        ],
        [
            0.11551779508590698,
            0.07848227024078369,
            -0.02766292728483677
        ],
        [
            0.11845320463180542,
            0.08076419681310654,
            -0.03103083372116089
        ],
        [
            0.11386971175670624,
            0.08153238147497177,
            -0.03543946146965027
        ],
        [
            0.14161959290504456,
            0.06811985373497009,
            -0.0669431984424591
        ],
        [
            0.14616458117961884,
            0.06443753093481064,
            -0.067170649766922
        ],
        [
            0.1493910551071167,
            0.06844310462474823,
            -0.0686538815498352
        ],
        [
            0.14524967968463898,
            0.07249908894300461,
            -0.0687757357954979
        ],
        [
            0.13616831600666046,
            0.04154778644442558,
            -0.06656116992235184
        ],
        [
            0.13584572076797485,
            0.03720085695385933,
            -0.07109679281711578
        ],
        [
            0.13889279961585999,
            0.04279511421918869,
            -0.07204628735780716
        ],
        [
            0.13742662966251373,
            0.0462087020277977,
            -0.06733162701129913
        ],
        [
            0.13320352137088776,
            0.03749829903244972,
            -0.0765092745423317
        ],
        [
            0.1369548738002777,
            0.042871009558439255,
            -0.07799690961837769
        ],
        [
            0.13724926114082336,
            0.07100371271371841,
            -0.07090745866298676
        ],
        [
            0.13505473732948303,
            0.07140127569437027,
            -0.07812116295099258
        ],
        [
            0.12407567352056503,
            0.05999334156513214,
            -0.07398320734500885
        ],
        [
            0.12892712652683258,
            0.06056036427617073,
            -0.06740448623895645
        ],
        [
            0.08459658920764923,
            0.0359378382563591,
            -0.010459590703248978
        ],
        [
            0.08593399822711945,
            0.04121079668402672,
            -0.000699751079082489
        ],
        [
            0.09189533442258835,
            0.05236458405852318,
            -0.009125810116529465
        ],
        [
            0.0965096652507782,
            0.06418308615684509,
            -0.017427271232008934
        ],
        [
            0.101837657392025,
            0.07416856288909912,
            -0.02608254924416542
        ],
        [
            0.09923422336578369,
            0.06899898499250412,
            -0.036880090832710266
        ],
        [
            0.09293782711029053,
            0.05477317422628403,
            -0.0012971088290214539
        ],
        [
            0.12454100698232651,
            0.05766182392835617,
            -0.06707648932933807
        ],
        [
            0.11734303832054138,
            0.053366512060165405,
            -0.0715583935379982
        ],
        [
            0.11795984208583832,
            0.05689365789294243,
            -0.06825707107782364
        ],
        [
            0.12037288397550583,
            0.038419146090745926,
            -0.0074760690331459045
        ],
        [
            0.14831484854221344,
            0.058457665145397186,
            -0.08280829340219498
        ],
        [
            0.0793350338935852,
            -0.007986355572938919,
            -0.012643471360206604
        ],
        [
            0.07367974519729614,
            0.002354700118303299,
            -0.006201893091201782
        ],
        [
            0.07795922458171844,
            0.006061576306819916,
            -0.012949537485837936
        ],
        [
            0.08514393121004105,
            -0.00558948889374733,
            -0.019887123256921768
        ],
        [
            0.1495351791381836,
            0.05991586297750473,
            -0.07111290097236633
        ],
        [
            0.15066076815128326,
            0.05760175734758377,
            -0.07692384719848633
        ],
        [
            0.1253315806388855,
            0.07192366570234299,
            -0.026390440762043
        ],
        [
            0.12643489241600037,
            0.07551208138465881,
            -0.031184105202555656
        ],
        [
            0.12451884150505066,
            0.07893289625644684,
            -0.029721705242991447
        ],
        [
            0.12552812695503235,
            0.0773528516292572,
            -0.023771334439516068
        ],
        [
            0.0869341492652893,
            0.04250212013721466,
            0.005072392523288727
        ],
        [
            0.11113375425338745,
            0.08372214436531067,
            -0.010145708918571472
        ],
        [
            0.10459685325622559,
            0.08192859590053558,
            -0.018456177785992622
        ],
        [
            0.08065035939216614,
            0.031344469636678696,
            0.006234828382730484
        ],
        [
            0.07880883663892746,
            0.02683904767036438,
            -0.002274487167596817
        ],
        [
            0.07463342696428299,
            0.020682930946350098,
            0.0040850527584552765
        ],
        [
            0.1053379476070404,
            0.065904900431633,
            -0.05072513595223427
        ],
        [
            0.08523046970367432,
            0.03320508077740669,
            -0.018712185323238373
        ],
        [
            0.0796319991350174,
            0.02364201471209526,
            -0.009219951927661896
        ],
        [
            0.07467770576477051,
            0.016129516065120697,
            -0.001939930021762848
        ],
        [
            0.07054838538169861,
            0.011398401111364365,
            0.0036083199083805084
        ],
        [
            0.0710502564907074,
            0.01683163270354271,
            0.009680226445198059
        ],
        [
            0.13726679980754852,
            0.06907934695482254,
            -0.0829048901796341
        ],
        [
            0.13995151221752167,
            0.07564345002174377,
            -0.07918693870306015
        ],
        [
            0.06543764472007751,
            0.013096287846565247,
            0.015835314989089966
        ],
        [
            0.06572441756725311,
            0.0069023557007312775,
            0.008918523788452148
        ],
        [
            0.08126857131719589,
            0.018711403012275696,
            -0.016848787665367126
        ],
        [
            0.08468686044216156,
            0.012025509029626846,
            -0.025478258728981018
        ],
        [
            0.08685533702373505,
            0.02813001722097397,
            -0.025648437440395355
        ],
        [
            0.09043991565704346,
            0.022422604262828827,
            -0.035065241158008575
        ],
        [
            0.10098038613796234,
            0.05919351801276207,
            -0.058385640382766724
        ],
        [
            0.15426303446292877,
            0.08750072121620178,
            -0.07881250232458115
        ],
        [
            0.14544378221035004,
            0.08032619953155518,
            -0.07560326904058456
        ],
        [
            0.1482938826084137,
            0.07760773599147797,
            -0.07124774158000946
        ],
        [
            0.1549552083015442,
            0.08640437573194504,
            -0.07450767606496811
        ],
        [
            0.14153532683849335,
            0.07525642961263657,
            -0.07257721573114395
        ],
        [
            0.1443897783756256,
            0.07937732338905334,
            -0.08120904117822647
        ],
        [
            0.09792263060808182,
            0.012661140412092209,
            -0.04371476173400879
        ],
        [
            0.131840318441391,
            0.05578712001442909,
            -0.06243017315864563
        ],
        [
            0.09505128860473633,
            -0.0008898377418518066,
            -0.03311971575021744
        ],
        [
            0.10976426303386688,
            0.005629938095808029,
            -0.0545070581138134
        ],
        [
            0.11003671586513519,
            -0.004773862659931183,
            -0.046009231358766556
        ],
        [
            0.09422628581523895,
            -0.015509478747844696,
            -0.02270819991827011
        ],
        [
            0.10738521069288254,
            -0.01583678647875786,
            -0.03417672961950302
        ],
        [
            0.08297311514616013,
            -0.019447069615125656,
            -0.008910410106182098
        ],
        [
            0.08767399191856384,
            -0.01611964777112007,
            -0.015590041875839233
        ],
        [
            0.12183724343776703,
            -0.013957899063825607,
            -0.0446353480219841
        ],
        [
            0.1628105342388153,
            0.0737789049744606,
