{
    "pred_cam": [
        12.277857780456543,
        0.07402263581752777,
        -0.04394880682229996
    ],
    "pred_mano_params": {
        "global_orient": [
            [
                [
                    0.5005737543106079,
                    -0.6048957705497742,
                    0.6192956566810608
                ],
                [
                    -0.2885042130947113,
                    -0.7910455465316772,
                    -0.5394555926322937
                ],
                [
                    0.8162054419517517,
                    0.09136784821748734,
                    -0.57049161195755
                ]
            ]
        ],
        "hand_pose": [
            [
                [
                    0.6599560379981995,
                    -0.6432332992553711,
                    -0.3882123827934265
                ],
                [
                    0.5761381983757019,
                    0.7649326920509338,
                    -0.28799766302108765
                ],
                [
                    0.4822060763835907,
                    -0.03359820693731308,
                    0.8754132390022278
                ]
            ],
            [
                [
                    0.6934810280799866,
                    -0.6554333567619324,
                    0.2991507649421692
                ],
                [
                    0.715720534324646,
                    0.6743350028991699,
                    -0.18170420825481415
                ],
                [
                    -0.08263281732797623,
                    0.3401167690753937,
                    0.9367456436157227
                ]
            ],
            [
                [
                    0.7024017572402954,
                    -0.7073575854301453,
                    0.07922720909118652
                ],
                [
                    0.7078234553337097,
                    0.7058770656585693,
                    0.026897188276052475
                ],
                [
                    -0.07495059818029404,
                    0.03718625009059906,
                    0.9964935779571533
                ]
            ],
            [
                [
                    0.6800697445869446,
                    -0.6674908995628357,
                    -0.30325067043304443
                ],
                [
                    0.6623750925064087,
                    0.7367014288902283,
                    -0.13612569868564606
                ],
                [
                    0.3142678737640381,
                    -0.10829072445631027,
                    0.9431377053260803
                ]
            ],
            [
                [
                    0.5298718810081482,
                    -0.8324845433235168,
                    -0.1618809700012207
                ],
                [
                    0.8362982869148254,
                    0.4812014102935791,
                    0.2627744972705841
                ],
                [
                    -0.14085830748081207,
                    -0.2746175527572632,
                    0.9511804580688477
                ]
            ],
            [
                [
                    0.699366569519043,
                    -0.7060223817825317,
                    -0.11143864691257477
                ],
                [
                    0.7137946486473083,
                    0.6979916095733643,
                    0.05748897045850754
                ],
                [
                    0.03719472512602806,
                    -0.11975018680095673,
                    0.9921070337295532
                ]
            ],
            [
                [
                    0.516710102558136,
                    -0.8541160821914673,
                    0.0591302216053009
                ],
                [
                    0.7927531003952026,
                    0.5033836364746094,
                    0.3437258005142212
                ],
                [
                    -0.32334694266319275,
                    -0.13073091208934784,
                    0.9372065663337708
                ]
            ],
            [
                [
                    0.8726984858512878,
                    -0.48750200867652893,
                    -0.027187464758753777
                ],
                [
                    0.46551117300987244,
                    0.8139496445655823,
                    0.3475417196750641
                ],
                [
                    -0.14729806780815125,
                    -0.31595519185066223,
                    0.9372702836990356
                ]
            ],
            [
                [
                    0.848053514957428,
                    -0.5218192338943481,
                    0.09224901348352432
                ],
                [
                    0.4372781217098236,
                    0.7874534130096436,
                    0.43440181016921997
                ],
                [
                    -0.2993210554122925,
                    -0.32805749773979187,
                    0.8959828019142151
                ]
            ],
            [
                [
                    0.5582097768783569,
                    -0.8250229358673096,
                    -0.08797196298837662
                ],
                [
                    0.8160518407821655,
                    0.5650849342346191,
                    -0.12140192836523056
                ],
                [
                    0.14987100660800934,
                    -0.004021940752863884,
                    0.9886974096298218
                ]
            ],
            [
                [
                    0.7762027978897095,
                    -0.6300838589668274,
                    -0.022440465167164803
                ],
                [
                    0.5495172142982483,
                    0.6586456298828125,
                    0.5140202641487122
                ],
                [
                    -0.3090955317020416,
                    -0.411315381526947,
                    0.8574845194816589
                ]
            ],
            [
                [
                    0.7420690655708313,
                    -0.6417282819747925,
                    -0.19369660317897797
                ],
                [
                    0.6702329516410828,
                    0.7055701017379761,
                    0.23012736439704895
                ],
                [
                    -0.011012685485184193,
                    -0.30059224367141724,
                    0.9536892175674438
                ]
            ],
            [
                [
                    0.9899355173110962,
                    0.0015368318418040872,
                    0.14151108264923096
                ],
                [
                    0.1223699226975441,
                    0.49298709630966187,
                    -0.8613880276679993
                ],
                [
                    -0.07108692824840546,
                    0.8700352311134338,
                    0.48783737421035767
                ]
            ],
            [
                [
                    0.9133965373039246,
                    -0.39882326126098633,
                    -0.08152791857719421
                ],
                [
                    0.3682723343372345,
                    0.7242625951766968,
                    0.5829399824142456
                ],
                [
                    -0.17344240844249725,
                    -0.5624798536300659,
                    0.8084145188331604
                ]
            ],
            [
                [
                    0.9130169749259949,
                    0.4079211354255676,
                    -0.00047517172060906887
                ],
                [
                    -0.4079084098339081,
                    0.9129966497421265,
                    0.006908858194947243
                ],
                [
                    0.0032520995009690523,
                    -0.006114079151302576,
                    0.9999759197235107
                ]
            ]
        ],
        "betas": [
            0.00024008750915527344,
            -0.11582034826278687,
            -0.06006023287773132,
            -0.04467162489891052,
            0.001483321189880371,
            -0.003574524074792862,
            0.054365456104278564,
            -0.022310584783554077,
            0.020440906286239624,
            -0.0028611719608306885
        ]
    },
    "pred_cam_t": [
        -0.07402263581752777,
        -0.04394880682229996,
        3.1815402507781982
    ],
    "focal_length": [
        5000.0,
        5000.0
    ],
    "pred_keypoints_3d": [
        [
            0.09574964642524719,
            0.006379890721291304,
            0.0062237391248345375
        ],
        [
            0.10900598764419556,
            0.011653097346425056,
            -0.02950524538755417
        ],
        [
            0.12293562293052673,
            0.02662016451358795,
            -0.05248960852622986
        ],
        [
            0.13144584000110626,
            0.04344041272997856,
            -0.07197555899620056
        ],
        [
            0.14094579219818115,
            0.05124836415052414,
            -0.1064651608467102
        ],
        [
            0.06753359735012054,
            0.024815086275339127,
            -0.07784408330917358
        ],
        [
            0.05628441274166107,
            0.05256710201501846,
            -0.09182418882846832
        ],
        [
            0.06637705117464066,
            0.07232105731964111,
            -0.0902220755815506
        ],
        [
            0.08450418710708618,
            0.0833301767706871,
            -0.07727397978305817
        ],
        [
            0.047158222645521164,
            0.03674216940999031,
            -0.06922346353530884
        ],
        [
            0.03855281323194504,
            0.06565861403942108,
            -0.0791923776268959
        ],
        [
            0.054722175002098083,
            0.08194286376237869,
            -0.07496634870767593
        ],
        [
            0.07762730121612549,
            0.08609237521886826,
            -0.0646582767367363
        ],
        [
            0.04067293182015419,
            0.047503624111413956,
            -0.04568195343017578
        ],
        [
            0.0392783023416996,
            0.07435698062181473,
            -0.05633579194545746
        ],
        [
            0.05591288208961487,
            0.09263298660516739,
            -0.05373643338680267
        ],
        [
            0.07842517644166946,
            0.0997278168797493,
            -0.044183842837810516
        ],
        [
            0.0405200831592083,
            0.05739329382777214,
            -0.02626495063304901
        ],
        [
            0.04259340092539787,
            0.07760246843099594,
            -0.03220917284488678
        ],
        [
            0.0547272190451622,
            0.09219496697187424,
            -0.03128885477781296
        ],
        [
            0.07267826050519943,
            0.09699617326259613,
            -0.027935735881328583
        ]
    ],
    "pred_vertices": [
        [
            0.091886006295681,
            0.025961995124816895,
            -0.046165961772203445
        ],
        [
            0.09746486693620682,
            0.024883253499865532,
            -0.03789565712213516
        ],
        [
            0.10215044766664505,
            0.028548521921038628,
            -0.046241842210292816
        ],
        [
            0.09619935601949692,
            0.027397971600294113,
            -0.054917532950639725
        ],
        [
            0.11562211811542511,
            0.029937148094177246,
            -0.027664102613925934
        ],
        [
            0.12530378997325897,
            0.02316908724606037,
            -0.02557690441608429
        ],
        [
            0.1290418654680252,
            0.030925018712878227,
            -0.03890293464064598
        ],
        [
            0.1210104301571846,
            0.036705583333969116,
            -0.03801407292485237
        ],
        [
            0.09965935349464417,
            0.027913624420762062,
            -0.06185741722583771
        ],
        [
            0.10620339214801788,
            0.03189520165324211,
            -0.05254456028342247
        ],
        [
            0.10280768573284149,
            0.026306945830583572,
            -0.06388438493013382
        ],
        [
            0.09083152562379837,
            0.016266904771327972,
            -0.07147477567195892
        ],
        [
            0.0912376344203949,
            0.022199420258402824,
            -0.06880706548690796
        ],
        [
            0.08230932056903839,
            0.014074786566197872,
            -0.07640160620212555
        ],
        [
            0.0893334150314331,
            0.006477272137999535,
            -0.06648356467485428
        ],
        [
            0.07457491755485535,
            0.008411578834056854,
            -0.07417729496955872
        ],
        [
            0.06637947261333466,
            0.0035726558417081833,
            -0.04437163099646568
        ],
        [
            0.05939459428191185,
            0.008905461058020592,
            -0.033673208206892014
        ],
        [
            0.04964148998260498,
            0.01536189392209053,
            -0.04669657349586487
        ],
        [
            0.05818675458431244,
            0.009984564036130905,
            -0.0562666654586792
        ],
        [
            0.0461578331887722,
            0.024631379172205925,
            -0.028302006423473358
        ],
        [
            0.04751642793416977,
            0.019863853231072426,
            -0.03909776359796524
        ],
        [
            0.05648324638605118,
            0.012436170130968094,
            -0.02590547874569893
        ],
        [
            0.05508612096309662,
            0.017255574464797974,
            -0.016976505517959595
        ],
        [
            0.08543135225772858,
            0.02801639214158058,
            -0.03045213595032692
        ],
        [
            0.09084238857030869,
            0.02596166543662548,
            -0.021984852850437164
        ],
        [
            0.09256915748119354,
            0.023935634642839432,
            -0.028035026043653488
        ],
        [
            0.08786964416503906,
            0.026243839412927628,
            -0.03562987968325615
        ],
        [
            0.1162223219871521,
            0.02604023739695549,
            -0.0653533786535263
        ],
        [
            0.10901949554681778,
            0.012290207669138908,
            -0.06161689758300781
        ],
        [
            0.10424147546291351,
            0.018197614699602127,
            -0.06450455635786057
        ],
        [
            0.11458621919155121,
            0.031351082026958466,
            -0.06399229913949966
        ],
        [
            0.10355355590581894,
            0.029182448983192444,
            0.004821278154850006
        ],
        [
            0.10735182464122772,
            0.019718846306204796,
            0.013727262616157532
        ],
        [
            0.11015599966049194,
            0.016276154667139053,
            0.009855538606643677
        ],
        [
            0.10552594065666199,
            0.025258148089051247,
            0.0024262145161628723
        ],
        [
            0.12006420642137527,
            0.012356789782643318,
            -0.00825279951095581
        ],
        [
            0.11940868198871613,
            0.005494436249136925,
            -0.0007898434996604919
        ],
        [
            0.1226867064833641,
            -0.007580643519759178,
            -0.0017859414219856262
        ],
        [
            0.12290811538696289,
            -0.0033558588474988937,
            -0.010935142636299133
        ],
        [
            0.12208680808544159,
            0.018231231719255447,
            -0.017261259257793427
        ],
        [
            0.12647414207458496,
            0.005311137065291405,
            -0.019506171345710754
        ],
        [
            0.12930554151535034,
            0.012796757742762566,
            -0.02817089855670929
        ],
        [
            0.13256807625293732,
            0.022934436798095703,
            -0.04186561703681946
        ],
        [
            0.09920265525579453,
            0.024616077542304993,
            0.022329799830913544
        ],
        [
            0.09564055502414703,
            0.032642364501953125,
            0.017114315181970596
        ],
        [
            0.06924707442522049,
            0.054192811250686646,
            -0.08880054950714111
        ],
        [
            0.06679467111825943,
            0.056673213839530945,
            -0.08386014401912689
        ],
        [
            0.06759731471538544,
            0.05358017608523369,
            -0.08303824812173843
        ],
        [
            0.06960741430521011,
            0.051854245364665985,
            -0.08832097053527832
        ],
        [
            0.0793752670288086,
            0.02211274579167366,
            0.02531937137246132
        ],
        [
            0.07323095202445984,
            0.014199614524841309,
            0.024473316967487335
        ],
        [
            0.07739084213972092,
            0.013034619390964508,
            0.030350126326084137
        ],
        [
            0.08440038561820984,
            0.019275691360235214,
            0.030221186578273773
        ],
        [
            0.07279187440872192,
            0.025845356285572052,
            0.018776752054691315
        ],
        [
            0.0680796205997467,
            0.016038328409194946,
            0.01596248522400856
        ],
        [
            0.06109507381916046,
            0.05499476566910744,
            -0.09877516329288483
        ],
        [
            0.06597431004047394,
            0.054218750447034836,
            -0.0971815437078476
        ],
        [
            0.06439442932605743,
            0.04996558278799057,
            -0.09702190011739731
        ],
        [
            0.05922301858663559,
            0.0497741773724556,
            -0.0973508208990097
        ],
        [
            0.09000346809625626,
            0.0259329192340374,
            -0.06255856156349182
        ],
        [
            0.08694058656692505,
            0.02820003591477871,
            -0.053774863481521606
        ],
        [
            0.07848294824361801,
            0.029858585447072983,
            -0.07384967803955078
        ],
        [
            0.08024661988019943,
            0.02908945642411709,
            -0.06563025712966919
        ],
        [
            0.08430585265159607,
            0.02468537725508213,
            -0.06981265544891357
        ],
        [
            0.08130359649658203,
            0.025204995647072792,
            -0.07642669230699539
        ],
        [
            0.07051433622837067,
            0.03657782822847366,
            -0.04513832926750183
        ],
        [
            0.07704240083694458,
            0.032444875687360764,
            -0.03637133538722992
        ],
        [
            0.07926793396472931,
            0.030274542048573494,
            -0.042345769703388214
        ],
        [
            0.0734824612736702,
            0.03457768261432648,
            -0.05300277844071388
        ],
        [
            0.07270291447639465,
            0.04036405682563782,
            -0.025467969477176666
        ],
        [
            0.06632030010223389,
            0.04337289556860924,
            -0.03492525964975357
        ],
        [
            0.06460781395435333,
            0.04740191251039505,
            -0.0275656096637249
        ],
        [
            0.07010377943515778,
            0.04538412764668465,
            -0.022272910922765732
        ],
        [
            0.057200346142053604,
            0.04594600200653076,
            -0.053127508610486984
        ],
        [
            0.05360301956534386,
            0.0470312237739563,
            -0.05789469555020332
        ],
        [
            0.052420757710933685,
            0.05098409578204155,
            -0.05556163936853409
        ],
        [
            0.05602309852838516,
            0.047661688178777695,
            -0.050000350922346115
        ],
        [
            0.08109158277511597,
            0.010769687592983246,
            0.03597481548786163
        ],
        [
            0.08934144675731659,
            0.015805091708898544,
            0.03432762995362282
        ],
        [
            0.044382430613040924,
            0.03715573996305466,
            -0.010284475982189178
        ],
        [
            0.04992467164993286,
            0.043512411415576935,
            -0.002941347658634186
        ],
        [
            0.0419236421585083,
            0.050599489361047745,
            -0.010553095489740372
        ],
        [
            0.037128984928131104,
            0.041583895683288574,
            -0.016745518893003464
        ],
        [
            0.0709957554936409,
            0.00575961172580719,
            0.01895204186439514
        ],
        [
            0.07337641716003418,
            0.0047779567539691925,
            0.026359476149082184
        ],
        [
            0.05553359538316727,
            0.05679036304354668,
            -0.09665662795305252
        ],
        [
            0.054062340408563614,
            0.051328811794519424,
            -0.09460261464118958
        ],
        [
            0.12491774559020996,
            0.0001309998333454132,
            -0.031542688608169556
        ],
        [
            0.13061605393886566,
            0.014490056782960892,
            -0.046601198613643646
        ],
        [
            0.120334692299366,
            -0.008622106164693832,
            -0.019497588276863098
        ],
        [
            0.11682209372520447,
            -0.01374172791838646,
            -0.010762311518192291
        ],
        [
            0.11690596491098404,
            -0.018019717186689377,
            -0.0031351670622825623
        ],
        [
            0.07511736452579498,
            0.0329756885766983,
            -0.06445653736591339
        ],
        [
            0.08462511003017426,
            0.028132706880569458,
            -0.044520098716020584
        ],
        [
            0.08355435729026794,
            0.030364589765667915,
            -0.02611815556883812
        ],
        [
            0.07243742793798447,
            0.050692055374383926,
            -0.005809523165225983
        ],
        [
            0.07899545133113861,
            0.04724913462996483,
            0.0015966594219207764
        ],
        [
            0.08195088058710098,
            0.044185589998960495,
            -0.008198946714401245
        ],
        [
            0.07516860961914062,
            0.04737791419029236,
            -0.012613024562597275
        ],
        [
            0.05600736290216446,
            0.05138595774769783,
            -0.002483304589986801
        ],
        [
            0.061438970267772675,
            0.054427217692136765,
            -0.007555656135082245
        ],
        [
            0.05589798837900162,
            0.057229768484830856,
            -0.013198129832744598
        ],
        [
            0.04937715455889702,
            0.05565982311964035,
            -0.009196072816848755
        ],
        [
            0.1225821003317833,
            0.02170368656516075,
            -0.0660310834646225
        ],
        [
            0.1149194985628128,
            0.008100543171167374,
            -0.05851300060749054
        ],
        [
            0.08765967190265656,
            0.028427965939044952,
            0.023444417864084244
        ],
        [
            0.09287073463201523,
            0.023662155494093895,
            0.026789702475070953
        ],
        [
            0.09641861915588379,
            0.01795255020260811,
            0.03200970217585564
        ],
        [
            0.0979929268360138,
            0.02721456252038479,
            -0.009491324424743652
        ],
        [
            0.10689271986484528,
            0.02258104644715786,
            0.0007218718528747559
        ],
        [
            0.10840553790330887,
            0.02085835114121437,
            -0.0029086843132972717
        ],
        [
            0.0979388952255249,
            0.024762926623225212,
            -0.012449458241462708
        ],
        [
            0.10247045755386353,
            0.025930950418114662,
            -0.027615025639533997
        ],
        [
            0.11104107648134232,
            0.024139229208230972,
            -0.017577171325683594
        ],
        [
            0.10695283114910126,
            0.03189529478549957,
            -0.03578905016183853
        ],
        [
            0.11466777324676514,
            0.010878095403313637,
            0.005970746278762817
        ],
        [
            0.11507922410964966,
            0.010611062869429588,
            0.016973048448562622
        ],
        [
            0.11913342773914337,
            0.0047135017812252045,
            0.011725544929504395
        ],
        [
            0.10909569263458252,
            0.015017816796898842,
            0.023353643715381622
        ],
        [
            0.10265767574310303,
            0.01794745959341526,
            0.028759591281414032
        ],
        [
            0.07454516738653183,
            0.0010253004729747772,
            0.03392653912305832
        ],
        [
            0.12139800190925598,
            -0.0012650750577449799,
            0.006369948387145996
        ],
        [
            0.12519307434558868,
            0.03967908397316933,
            -0.046695563942193985
        ],
        [
            0.1293548047542572,
            0.04230619594454765,
            -0.05435090884566307
        ],
        [
            0.12218610942363739,
            0.04264269396662712,
            -0.056243378669023514
        ],
        [
            0.11751426756381989,
            0.03988473862409592,
            -0.04958155378699303
        ],
        [
            0.07469920814037323,
            0.01673145219683647,
            -0.0826045572757721
        ],
        [
            0.0800328478217125,
            0.021539561450481415,
            -0.08056288212537766
        ],
        [
            0.08617442846298218,
            0.01912814937531948,
            -0.07389993965625763
        ],
        [
            0.09547039866447449,
            0.036286670714616776,
            0.0005433708429336548
        ],
        [
            0.08920352160930634,
            0.03905070945620537,
            0.011164143681526184
        ],
        [
            0.07334097474813461,
            0.03340576961636543,
            -0.07223843783140182
        ],
        [
            0.05822696164250374,
            0.045155592262744904,
            -0.09663014113903046
        ],
        [
            0.06420999020338058,
            0.045518916100263596,
            -0.09651056677103043
        ],
        [
            0.06895522028207779,
            0.029547641053795815,
            -0.09039951860904694
        ],
        [
            0.06199478730559349,
            0.028665907680988312,
            -0.09063255786895752
        ],
        [
            0.06332141906023026,
            0.03623410314321518,
            -0.07392123341560364
        ],
        [
            0.07052227854728699,
            0.03532308340072632,
            -0.07325435429811478
        ],
        [
            0.0684237852692604,
            0.03655555099248886,
            -0.07325395196676254
        ],
        [
            0.06217358633875847,
            0.03870343789458275,
            -0.07213202863931656
        ],
        [
            0.051686011254787445,
            0.05346319451928139,
            -0.04669800400733948
        ],
        [
            0.05505286157131195,
            0.050758831202983856,
            -0.04212767630815506
        ],
        [
            0.05216953530907631,
            0.0195954330265522,
            -0.0677410289645195
        ],
        [
            0.0584268793463707,
            0.010288719087839127,
            -0.07517970353364944
        ],
        [
            0.06617888808250427,
            0.005750853568315506,
            -0.06568514555692673
        ],
        [
            0.06834864616394043,
            0.039815329015254974,
            -0.03876957297325134
        ],
        [
            0.06222193315625191,
            0.04388026148080826,
            -0.04610200226306915
        ],
        [
            0.06071777641773224,
            0.04577342048287392,
            -0.04277191311120987
        ],
        [
            0.07099103182554245,
            0.035378348082304,
            -0.0649881586432457
        ],
        [
            0.06796741485595703,
            0.03591418266296387,
            -0.07062709331512451
        ],
        [
            0.0659145638346672,
            0.03763578087091446,
            -0.06696656346321106
        ],
        [
            0.0687999427318573,
            0.03716598078608513,
            -0.060253944247961044
        ],
        [
            0.057330794632434845,
            0.036661308258771896,
            0.005637284368276596
        ],
        [
            0.06404970586299896,
            0.04615534842014313,
            0.006208136677742004
        ],
        [
            0.06897564232349396,
            0.0536135733127594,
            -0.09360107034444809
        ],
        [
            0.06840001046657562,
            0.05057115852832794,
            -0.09352660924196243
        ],
        [
            0.07482728362083435,
            0.035728391259908676,
            -0.030316807329654694
        ],
        [
            0.07472091168165207,
            0.0018615536391735077,
            -0.053831007331609726
        ],
        [
            0.08182679116725922,
            0.03323632851243019,
            -0.021704774349927902
        ],
        [
            0.03767188638448715,
            0.04343113675713539,
            -0.03634274750947952
        ],
        [
            0.041379254311323166,
            0.05184048041701317,
            -0.03528334200382233
        ],
        [
            0.04071388393640518,
            0.053959786891937256,
            -0.0390964113175869
        ],
        [
            0.03671295568346977,
            0.049776144325733185,
            -0.04151102155447006
        ],
        [
            0.05770564451813698,
            0.051105331629514694,
            -0.07736127078533173
        ],
        [
            0.06337884813547134,
            0.05218442529439926,
            -0.07821546494960785
        ],
        [
            0.06288019567728043,
            0.05503322184085846,
            -0.07917631417512894
        ],
        [
            0.05691478028893471,
            0.05547218769788742,
            -0.0791311040520668
        ],
        [
            0.07527149468660355,
            0.03317422419786453,
            -0.075942762196064
        ],
        [
            0.07821578532457352,
            0.029372340068221092,
            -0.08009476214647293
        ],
        [
            0.07543458044528961,
            0.034456636756658554,
            -0.0814560204744339
        ],
        [
            0.07219498604536057,
            0.03633514791727066,
            -0.07678650319576263
        ],
        [
            0.07607308030128479,
            0.02613314427435398,
            -0.08442097902297974
        ],
        [
            0.0738072618842125,
            0.03146049380302429,
            -0.08675931394100189
        ],
        [
            0.052273672074079514,
            0.04945821687579155,
            -0.08043723553419113
        ],
        [
            0.05032525956630707,
            0.04743540287017822,
            -0.08744724839925766
        ],
        [
            0.05268707871437073,
            0.03244848549365997,
            -0.0806225836277008
        ],
        [
            0.05531572550535202,
            0.037671998143196106,
            -0.0753750205039978
        ],
        [
            0.06239374727010727,
            0.009254034608602524,
            -0.006199803203344345
        ],
        [
            0.06054467707872391,
            0.01640331745147705,
            0.002146713435649872
        ],
        [
            0.05300245061516762,
            0.024486258625984192,
            -0.008313145488500595
        ],
        [
            0.04429737105965614,
            0.032032281160354614,
            -0.018233027309179306
        ],
        [
            0.03744751960039139,
            0.03915221244096756,
            -0.028602242469787598
        ],
        [
            0.03769353777170181,
            0.03059057891368866,
            -0.037557873874902725
        ],
        [
            0.05305103957653046,
            0.029142022132873535,
            -0.00154900923371315
        ],
        [
            0.0558888278901577,
            0.032909952104091644,
            -0.07397836446762085
        ],
        [
            0.05456148833036423,
            0.023857396095991135,
            -0.07589312642812729
        ],
        [
            0.05264289304614067,
            0.02727309614419937,
            -0.07268987596035004
        ],
        [
            0.08013604581356049,
            0.0385490320622921,
            -0.016743198037147522
        ],
        [
            0.0686299279332161,
            0.046915601938962936,
            -0.0936717763543129
        ],
        [
            0.0951843187212944,
            -0.020329520106315613,
            -0.004832081496715546
        ],
        [
            0.08484460413455963,
            -0.016630738973617554,
            0.002996973693370819
        ],
        [
            0.08289724588394165,
            -0.013470552861690521,
            -0.004982180893421173
        ],
        [
            0.09517506510019302,
            -0.016869012266397476,
            -0.013929188251495361
        ],
        [
            0.06872433423995972,
            0.051395200192928314,
            -0.08273179829120636
        ],
        [
            0.07098239660263062,
            0.049215566366910934,
            -0.08823229372501373
        ],
        [
            0.05251144617795944,
            0.054883260279893875,
            -0.03762345761060715
        ],
        [
            0.049407318234443665,
            0.05620112642645836,
            -0.04218817129731178
        ],
        [
            0.045952025800943375,
            0.05733824521303177,
            -0.03990078717470169
        ],
        [
            0.049087636172771454,
            0.05912311002612114,
            -0.03535795956850052
        ],
        [
            0.06105309724807739,
            0.019734956324100494,
            0.007069598883390427
        ],
        [
            0.039970725774765015,
            0.05728519707918167,
            -0.01544329896569252
        ],
        [
            0.03497408330440521,
            0.04890061542391777,
            -0.021466931328177452
        ],
        [
            0.06712692230939865,
            0.009095221757888794,
            0.010894536972045898
        ],
        [
            0.06827796995639801,
            0.002397298812866211,
            0.003872603178024292
        ],
        [
            0.07226376235485077,
            -0.0021759048104286194,
            0.011527128517627716
        ],
        [
            0.041313424706459045,
            0.029047247022390366,
            -0.0524018257856369
        ],
        [
            0.06347611546516418,
            0.005518771708011627,
            -0.013954386115074158
        ],
        [
            0.07007062435150146,
            -0.0010345429182052612,
            -0.0027315542101860046
        ],
        [
            0.07490316033363342,
            -0.006664704531431198,
            0.00611240416765213
        ],
        [
            0.07756168395280838,
            -0.010684117674827576,
            0.012938499450683594
        ],
        [
            0.07450008392333984,
            -0.005263179540634155,
            0.018167614936828613
        ],
        [
            0.053296543657779694,
            0.04615214467048645,
            -0.09276401996612549
        ],
        [
            0.05008016526699066,
            0.053719520568847656,
            -0.08920758962631226
        ],
        [
            0.07563519477844238,
            -0.009648386389017105,
            0.026064887642860413
        ],
        [
            0.07960100471973419,
            -0.015178922563791275,
            0.019779227674007416
        ],
        [
            0.0735902339220047,
            -0.005064826458692551,
            -0.010207325220108032
        ],
        [
            0.07947327196598053,
            -0.009033866226673126,
            -0.019534863531589508
        ],
        [
            0.0672280564904213,
            0.0016101524233818054,
            -0.020778346806764603
        ],
        [
            0.07224956154823303,
            -0.001938559114933014,
            -0.030809026211500168
        ],
        [
            0.04301345348358154,
            0.01932339370250702,
            -0.05758731812238693
        ],
        [
            0.05700554698705673,
            0.07189083099365234,
            -0.08864230662584305
        ],
        [
            0.05230936408042908,
            0.061502374708652496,
            -0.08584839850664139
        ],
        [
            0.05638750642538071,
            0.06052713841199875,
            -0.08174186199903488
        ],
        [
            0.05818565562367439,
            0.07094815373420715,
            -0.08454025536775589
        ],
        [
            0.05207442492246628,
            0.055089958012104034,
            -0.08250118046998978
        ],
        [
            0.05178273469209671,
            0.05956455320119858,
            -0.09129692614078522
        ],
        [
            0.08353203535079956,
            -0.004015026614069939,
            -0.0419553741812706
        ],
        [
            0.06211259961128235,
            0.03894726559519768,
            -0.07221730053424835
        ],
        [
            0.09495030343532562,
            -0.010491207242012024,
            -0.030576888471841812
        ],
        [
            0.09564023464918137,
            -0.0005789455026388168,
            -0.05639120936393738
        ],
        [
            0.10560225695371628,
            -0.0035866927355527878,
            -0.04731861129403114
        ],
        [
            0.10794851183891296,
            -0.01630347967147827,
            -0.019370630383491516
        ],
        [
            0.11446855962276459,
            -0.008911628276109695,
            -0.0340072326362133
        ],
        [
            0.10722177475690842,
            -0.022834479808807373,
            -0.0022554174065589905
        ],
        [
            0.1058545857667923,
            -0.0195297971367836,
            -0.01034882664680481
        ],
        [
            0.12128233909606934,
            0.0024269558489322662,
