{
    "pred_cam": [
        7.333331108093262,
        -0.032313548028469086,
        -0.004633687436580658
    ],
    "pred_mano_params": {
        "global_orient": [
            [
                [
                    0.90909343957901,
                    0.3939404785633087,
                    0.13549891114234924
                ],
                [
                    0.416197270154953,
                    -0.8446887731552124,
                    -0.33657193183898926
                ],
                [
                    -0.018134908750653267,
                    0.3623696565628052,
                    -0.9318580031394958
                ]
            ]
        ],
        "hand_pose": [
            [
                [
                    0.7071309089660645,
                    -0.6855451464653015,
                    -0.1731867492198944
                ],
                [
                    0.6682326793670654,
                    0.7279928922653198,
                    -0.15326888859272003
                ],
                [
                    0.2311515063047409,
                    -0.007347877137362957,
                    0.9728899598121643
                ]
            ],
            [
                [
                    0.7317718863487244,
                    -0.6618669033050537,
                    0.1626102775335312
                ],
                [
                    0.6751100420951843,
                    0.6712038516998291,
                    -0.306123822927475
                ],
                [
                    0.09346859157085419,
                    0.33379262685775757,
                    0.9380010962486267
                ]
            ],
            [
                [
                    0.8644660115242004,
                    -0.49850204586982727,
                    0.06476281583309174
                ],
                [
                    0.4886924624443054,
                    0.8635810017585754,
                    0.12412725389003754
                ],
                [
                    -0.117805615067482,
                    -0.07565469294786453,
                    0.9901506304740906
                ]
            ],
            [
                [
                    0.37741562724113464,
                    -0.8801905512809753,
                    -0.2877882421016693
                ],
                [
                    0.9229313135147095,
                    0.3829811215400696,
                    0.03902946412563324
                ],
                [
                    0.07586412876844406,
                    -0.2803390920162201,
                    0.9568984508514404
                ]
            ],
            [
                [
                    0.9382638931274414,
                    -0.2822217047214508,
                    -0.2000291645526886
                ],
                [
                    0.31759414076805115,
                    0.9319780468940735,
                    0.1747877150774002
                ],
                [
                    0.1370939165353775,
                    -0.22752511501312256,
                    0.9640733003616333
                ]
            ],
            [
                [
                    0.8963831067085266,
                    -0.4011147916316986,
                    0.18869079649448395
                ],
                [
                    0.40668603777885437,
                    0.9135137796401978,
                    0.009949380531907082
                ],
                [
                    -0.17636249959468842,
                    0.06781946867704391,
                    0.9819861054420471
                ]
            ],
            [
                [
                    0.3134443163871765,
                    -0.9385883212089539,
                    -0.14423812925815582
                ],
                [
                    0.5535776615142822,
                    0.05719038471579552,
                    0.8308314681053162
                ],
                [
                    -0.7715596556663513,
                    -0.34026649594306946,
                    0.5375075340270996
                ]
            ],
            [
                [
                    0.962653398513794,
                    -0.22124111652374268,
                    -0.1560470461845398
                ],
                [
                    0.21919918060302734,
                    0.9752065539360046,
                    -0.03039401024580002
                ],
                [
                    0.15890252590179443,
                    -0.004946497734636068,
                    0.9872817993164062
                ]
            ],
            [
                [
                    0.9798411726951599,
                    0.12293290346860886,
                    0.1574765145778656
                ],
                [
                    -0.17441551387310028,
                    0.9107803106307983,
                    0.37424391508102417
                ],
                [
                    -0.0974196121096611,
                    -0.39416590332984924,
                    0.9138614535331726
                ]
            ],
            [
                [
                    0.13371163606643677,
                    -0.9884839057922363,
                    -0.07085713744163513
                ],
                [
                    0.9594460725784302,
                    0.11121616512537003,
                    0.2590254247188568
                ],
                [
                    -0.24816200137138367,
                    -0.10261833667755127,
                    0.9632678627967834
                ]
            ],
            [
                [
                    0.9942751526832581,
                    -0.0920090451836586,
                    -0.05432587489485741
                ],
                [
                    0.10562976449728012,
                    0.9230201244354248,
                    0.3699677884578705
                ],
                [
                    0.016103487461805344,
                    -0.3735881745815277,
                    0.9274548888206482
                ]
            ],
            [
                [
                    0.9276677966117859,
                    -0.2571853995323181,
                    0.2707176208496094
                ],
                [
                    0.1915421187877655,
                    0.9500925540924072,
                    0.24624325335025787
                ],
                [
                    -0.32053694128990173,
                    -0.1765781044960022,
                    0.9306321144104004
                ]
            ],
            [
                [
                    0.9199072122573853,
                    -0.28041204810142517,
                    -0.2741164565086365
                ],
                [
                    -0.19774805009365082,
                    0.2719164490699768,
                    -0.9417840838432312
                ],
                [
                    0.3386242985725403,
                    0.9205600023269653,
                    0.19468696415424347
                ]
            ],
            [
                [
                    0.9358842372894287,
                    -0.34269291162490845,
                    0.08174417167901993
                ],
                [
                    0.23946498334407806,
                    0.7889519929885864,
                    0.565872073173523
                ],
                [
                    -0.25841259956359863,
                    -0.5100159645080566,
                    0.8204306960105896
                ]
            ],
            [
                [
                    0.9856224060058594,
                    0.16315589845180511,
                    -0.043917521834373474
                ],
                [
                    -0.16896294057369232,
                    0.951238214969635,
                    -0.2580646574497223
                ],
                [
                    -0.000328732916386798,
                    0.2617747187614441,
                    0.965129017829895
                ]
            ]
        ],
        "betas": [
            0.044467613101005554,
            0.011464059352874756,
            -4.5299530029296875e-06,
            -0.023335307836532593,
            -0.0426994264125824,
            -0.11924179643392563,
            -0.009048163890838623,
            -0.06034180521965027,
            0.014810100197792053,
            -0.06172502040863037
        ]
    },
    "pred_cam_t": [
        -0.032313548028469086,
        -0.004633687436580658,
        5.3267059326171875
    ],
    "focal_length": [
        5000.0,
        5000.0
    ],
    "pred_keypoints_3d": [
        [
            0.09546126425266266,
            0.006354783661663532,
            0.006166992709040642
        ],
        [
            0.07096967101097107,
            0.0008483529090881348,
            -0.02298848144710064
        ],
        [
            0.04110383614897728,
            0.006305144168436527,
            -0.02792128175497055
        ],
        [
            0.014746490865945816,
            0.011997700668871403,
            -0.030293114483356476
        ],
        [
            -0.02011856436729431,
            0.017544394358992577,
            -0.03792155534029007
        ],
        [
            0.01633337140083313,
            -0.03275999799370766,
            -0.013326464220881462
        ],
        [
            -0.015786349773406982,
            -0.025651216506958008,
            -0.014778773300349712
        ],
        [
            -0.024628393352031708,
            -0.005469253286719322,
            -0.016986358910799026
        ],
        [
            -0.023928027600049973,
            0.019014626741409302,
            -0.02026679925620556
        ],
        [
            0.008588939905166626,
            -0.030593033879995346,
            0.010482972487807274
        ],
        [
            -0.014387218281626701,
            -0.008936285972595215,
            0.008111825212836266
        ],
        [
            -0.02193385735154152,
            0.01279260404407978,
            0.0048805358819663525
        ],
        [
            -0.027209846302866936,
            0.035464104264974594,
            -0.005677461624145508
        ],
        [
            0.016173824667930603,
            -0.015282382257282734,
            0.031025491654872894
        ],
        [
            0.00033699534833431244,
            0.005586680956184864,
            0.019132429733872414
        ],
        [
            -0.005496291443705559,
            0.02800968661904335,
            0.01039972621947527
        ],
        [
            -0.012338981032371521,
            0.04662808030843735,
            -0.005137886852025986
        ],
        [
            0.02331569790840149,
            0.000710795633494854,
            0.0439906045794487
        ],
        [
            0.013127069920301437,
            0.013760468922555447,
            0.03093331679701805
        ],
        [
            0.007684508338570595,
            0.027994617819786072,
            0.019733145833015442
        ],
        [
            9.342608973383904e-05,
            0.04139978811144829,
            0.003896934911608696
        ]
    ],
    "pred_vertices": [
        [
            0.04636859521269798,
            -0.005518700927495956,
            -0.012930188328027725
        ],
        [
            0.056519292294979095,
            2.1614134311676025e-05,
            -0.011900743469595909
        ],
        [
            0.049162715673446655,
            0.00029217079281806946,
            -0.014534572139382362
        ],
        [
            0.040806178003549576,
            -0.00682036392390728,
            -0.018216097727417946
        ],
        [
            0.06136085093021393,
            0.017987390980124474,
            -0.01677118055522442
        ],
        [
            0.06658317148685455,
            0.019968954846262932,
            -0.027374962344765663
        ],
        [
            0.0502190925180912,
            0.01946047693490982,
            -0.028531625866889954
        ],
        [
            0.04834851250052452,
            0.018921170383691788,
            -0.018566492944955826
        ],
        [
            0.035871658474206924,
            -0.008724285289645195,
            -0.020898133516311646
        ],
        [
            0.04194345697760582,
            0.00106874480843544,
            -0.016645522788167
        ],
        [
            0.034598592668771744,
            -0.01033611036837101,
            -0.021080467849969864
        ],
        [
            0.032983195036649704,
            -0.025525055825710297,
            -0.024571608752012253
        ],
        [
            0.03171178326010704,
            -0.019361421465873718,
            -0.02359030582010746
        ],
        [
            0.02885879948735237,
            -0.03299133479595184,
            -0.023730259388685226
        ],
        [
            0.04166001081466675,
            -0.03096042573451996,
            -0.023885872215032578
        ],
        [
            0.03157666325569153,
            -0.04007469490170479,
            -0.01816423051059246
        ],
        [
            0.05296779051423073,
            -0.034068625420331955,
            0.001527611631900072
        ],
        [
            0.05487484857439995,
            -0.028937939554452896,
            0.014143845997750759
        ],
        [
            0.03814297541975975,
            -0.0357464961707592,
            0.016840573400259018
        ],
        [
            0.03779378533363342,
            -0.03931710124015808,
            0.003306320868432522
        ],
        [
            0.04378192871809006,
            -0.02227146551012993,
            0.03210766613483429
        ],
        [
            0.03987067937850952,
            -0.02988133393228054,
            0.023761523887515068
        ],
        [
            0.05709118768572807,
            -0.02431555837392807,
            0.021608328446745872
        ],
        [
            0.05973934382200241,
            -0.017544496804475784,
            0.02883308380842209
        ],
        [
            0.05293706804513931,
            0.0003144349902868271,
            -0.0006660572253167629
        ],
        [
            0.06251189112663269,
            0.0055570416152477264,
            -0.0010617468506097794
        ],
        [
            0.061491332948207855,
            0.002004094421863556,
            -0.005703708156943321
        ],
        [
            0.05173730105161667,
            -0.002223823219537735,
            -0.005460941232740879
        ],
        [
            0.03229465335607529,
            -0.0050308583304286,
            -0.02750210091471672
        ],
        [
            0.04405658319592476,
            -0.015195811167359352,
            -0.030444951727986336
        ],
        [
            0.038436420261859894,
            -0.01543574221432209,
            -0.02546469122171402
        ],
        [
            0.030494799837470055,
            -0.0020780442282557487,
            -0.023070544004440308
        ],
        [
            0.08211386203765869,
            0.02650509402155876,
            0.004231548868119717
        ],
        [
            0.09562882781028748,
            0.02549256756901741,
            0.00405324948951602
        ],
        [
            0.09603284299373627,
            0.022736255079507828,
            -0.0012279665097594261
        ],
        [
            0.0838097333908081,
            0.023742103949189186,
            6.645265966653824e-05
        ],
        [
            0.0878676101565361,
            0.01831970363855362,
            -0.021381404250860214
        ],
        [
            0.09775152802467346,
            0.01563374325633049,
            -0.018018927425146103
        ],
        [
            0.10578853636980057,
            0.007231313735246658,
            -0.023677248507738113
        ],
        [
            0.09544458985328674,
            0.007220033556222916,
            -0.028322508558630943
        ],
        [
            0.07714631408452988,
            0.019386310130357742,
            -0.024993160739541054
        ],
        [
            0.08305990695953369,
            0.01163562387228012,
            -0.033424392342567444
        ],
        [
            0.06979775428771973,
            0.013880612328648567,
            -0.035944096744060516
        ],
        [
            0.05147159844636917,
            0.014745328575372696,
            -0.036164458841085434
        ],
        [
            0.0960264578461647,
            0.02861446514725685,
            0.01644778996706009
        ],
        [
            0.08607466518878937,
            0.030386965721845627,
            0.018239343538880348
        ],
        [
            -0.00976384337991476,
            -0.015485549345612526,
            -0.021983973681926727
        ],
        [
            -0.009587368927896023,
            -0.013004550710320473,
            -0.01642102375626564
        ],
        [
            -0.006118586752563715,
            -0.014736054465174675,
            -0.016964701935648918
        ],
        [
            -0.007083180360496044,
            -0.01709594391286373,
            -0.022135552018880844
        ],
        [
            0.09381178021430969,
            0.017918843775987625,
            0.033483296632766724
        ],
        [
            0.0964808389544487,
            0.008588653057813644,
            0.03605731949210167
        ],
        [
            0.10260791331529617,
            0.012479718774557114,
            0.035692695528268814
        ],
        [
            0.10060001909732819,
            0.020614631474018097,
            0.03150083124637604
        ],
        [
            0.08486977219581604,
            0.014291465282440186,
            0.036078814417123795
        ],
        [
            0.08778012543916702,
            0.003440339118242264,
            0.0359705314040184
        ],
        [
            -0.018938396126031876,
            -0.0244121253490448,
            -0.022334836423397064
        ],
        [
            -0.015741201117634773,
            -0.02135414257645607,
            -0.02512393519282341
        ],
        [
            -0.012837515212595463,
            -0.025307204574346542,
            -0.024378007277846336
        ],
        [
            -0.014919525943696499,
            -0.02872835099697113,
            -0.02073768898844719
        ],
        [
            0.033534709364175797,
            -0.013950468972325325,
            -0.0204046368598938
        ],
        [
            0.0372522696852684,
            -0.009668739512562752,
            -0.01380316261202097
        ],
        [
            0.01959143579006195,
            -0.0215885192155838,
            -0.018144428730010986
        ],
        [
            0.026079000905156136,
            -0.017674792557954788,
            -0.015371553599834442
        ],
        [
            0.027419300749897957,
            -0.020776815712451935,
            -0.021251985803246498
        ],
        [
            0.02200666069984436,
            -0.02477361261844635,
            -0.02272951602935791
        ],
        [
            0.032672394067049026,
            -0.007910165935754776,
            0.0050117140635848045
        ],
        [
            0.04326869919896126,
            -0.0035121049731969833,
            0.003679228015244007
        ],
        [
            0.04125876724720001,
            -0.006711285561323166,
            -0.0017688465304672718
        ],
        [
            0.029318122193217278,
            -0.01138652116060257,
            -0.002153340494260192
        ],
        [
            0.04461843892931938,
            0.0050156936049461365,
            0.014830061234533787
        ],
        [
            0.034443240612745285,
            -0.0005136635154485703,
            0.01546451635658741
        ],
        [
            0.03672585263848305,
            0.004957312718033791,
            0.02164229191839695
        ],
        [
            0.04298979416489601,
            0.008802907541394234,
            0.01976030319929123
        ],
        [
            0.01788179948925972,
            -0.011945675127208233,
            0.013451959937810898
        ],
        [
            0.014174209907650948,
            -0.015002095140516758,
            0.013013889081776142
        ],
        [
            0.014494387432932854,
            -0.01256038062274456,
            0.015204304829239845
        ],
        [
            0.018905388191342354,
            -0.009808811359107494,
            0.01617627777159214
        ],
        [
            0.10913150012493134,
            0.015246540307998657,
            0.03531770780682564
        ],
        [
            0.1072179302573204,
            0.022456467151641846,
            0.029003139585256577
        ],
        [
            0.04798438400030136,
            -0.005562815815210342,
            0.04597832262516022
        ],
        [
            0.05133405700325966,
            0.005168719217181206,
            0.04668154940009117
        ],
        [
            0.038436975330114365,
            0.0036622304469347,
            0.049084682017564774
        ],
        [
            0.03776080906391144,
            -0.008776504546403885,
            0.04875657334923744
        ],
        [
            0.0973668172955513,
            -0.0012026000767946243,
            0.03288206830620766
        ],
        [
            0.10391156375408173,
            0.0025998353958129883,
            0.034804899245500565
        ],
        [
            -0.021032152697443962,
            -0.025549260899424553,
            -0.016436465084552765
        ],
        [
            -0.016549719497561455,
            -0.029398441314697266,
            -0.0148563701659441
        ],
        [
            0.07454200088977814,
            0.0009494498372077942,
            -0.038849398493766785
        ],
        [
            0.052861522883176804,
            0.005660604685544968,
            -0.040413737297058105
        ],
        [
            0.09039255976676941,
            -0.0020188838243484497,
            -0.03308147192001343
        ],
        [
            0.10063622891902924,
            -0.004238162189722061,
            -0.026304518803954124
        ],
        [
            0.10969112813472748,
            -0.004346437752246857,
            -0.022385649383068085
        ],
        [
            0.022777467966079712,
            -0.016819283366203308,
            -0.009826582856476307
        ],
        [
            0.04294014349579811,
            -0.006585309281945229,
            -0.007389679551124573
        ],
        [
            0.05367599427700043,
            0.003070129081606865,
            0.0036109033972024918
        ],
        [
            0.05176426097750664,
            0.021329078823328018,
            0.028307907283306122
        ],
        [
            0.060932788997888565,
            0.025517906993627548,
            0.026449579745531082
        ],
        [
            0.05689968168735504,
            0.020449019968509674,
            0.017861278727650642
        ],
        [
            0.049904849380254745,
            0.01728701777756214,
            0.021527588367462158
        ],
        [
            0.048756204545497894,
            0.014582164585590363,
            0.04358788952231407
        ],
        [
            0.04526541754603386,
            0.01755412109196186,
            0.03696368634700775
        ],
        [
            0.038604483008384705,
            0.014634919352829456,
            0.03806164860725403
        ],
        [
            0.03948764503002167,
            0.011750723235309124,
            0.04509662464261055
        ],
        [
            0.03365369886159897,
            -0.004072322975844145,
            -0.034665901213884354
        ],
        [
            0.048756856471300125,
            -0.013059659861028194,
            -0.03543490171432495
        ],
        [
            0.09087332338094711,
            0.025954948738217354,
            0.027249354869127274
        ],
        [
            0.09787194430828094,
            0.026637684553861618,
            0.023813331499695778
        ],
        [
            0.10633139312267303,
            0.026612896472215652,
            0.02253672480583191
        ],
        [
            0.07248865067958832,
            0.015960168093442917,
            -0.0001995731145143509
        ],
        [
            0.08498568087816238,
            0.02190793864428997,
            -0.002973092719912529
        ],
        [
            0.08437378704547882,
            0.020088855177164078,
            -0.00711149163544178
        ],
        [
            0.07291749119758606,
            0.012940414249897003,
            -0.002726134844124317
        ],
        [
            0.06539327651262283,
            0.008331038057804108,
            -0.010435285046696663
        ],
        [
            0.07379844039678574,
            0.017304424196481705,
            -0.014833328314125538
        ],
        [
            0.05528382211923599,
            0.009898226708173752,
            -0.010930722579360008
        ],
        [
            0.0980910062789917,
            0.019562795758247375,
            -0.008611682802438736
        ],
        [
            0.1061655655503273,
            0.02412191778421402,
            -0.0023942613042891026
        ],
        [
            0.10739283263683319,
            0.019619405269622803,
            -0.009968704544007778
        ],
        [
            0.10600098222494125,
            0.027147788554430008,
            0.006903802510350943
        ],
        [
            0.10593172907829285,
            0.028349464759230614,
            0.015701668336987495
        ],
        [
            0.11197345703840256,
            0.0038612056523561478,
            0.037186697125434875
        ],
        [
            0.10793797671794891,
            0.014242757111787796,
            -0.016210729256272316
        ],
        [
            0.039307087659835815,
            0.018371164798736572,
            -0.021247174590826035
        ],
        [
            0.031025834381580353,
            0.018439559265971184,
            -0.024484843015670776
        ],
        [
            0.029796699061989784,
            0.013103862293064594,
            -0.019111040979623795
        ],
        [
            0.03759056329727173,
            0.012373330071568489,
            -0.01564701460301876
        ],
        [
            0.021456928923726082,
            -0.03742123395204544,
            -0.022427042946219444
        ],
        [
            0.021446984261274338,
            -0.030101489275693893,
            -0.02455468848347664
        ],
        [
            0.028696803376078606,
            -0.02602333575487137,
            -0.024953337386250496
        ],
        [
            0.07206283509731293,
            0.025576354935765266,
            0.01006310898810625
        ],
        [
            0.07585965842008591,
            0.029107335954904556,
            0.021609338000416756
        ],
        [
            0.016376197338104248,
            -0.020779408514499664,
            -0.012565700337290764
        ],
        [
            -0.011504399590194225,
            -0.03238944709300995,
            -0.019703315570950508
        ],
        [
            -0.009110761806368828,
            -0.02891729772090912,
            -0.024098725989460945
        ],
        [
            0.00752051267772913,
            -0.03511723130941391,
            -0.023443352431058884
        ],
        [
            0.0047973585315048695,
            -0.039346322417259216,
            -0.018504831939935684
        ],
        [
            0.009642926044762135,
            -0.024589084088802338,
            -0.006302217952907085
        ],
        [
            0.013085784390568733,
            -0.021350594237446785,
            -0.011660836637020111
        ],
        [
            0.011270366609096527,
            -0.021643346175551414,
            -0.01066451147198677
        ],
        [
            0.007483157329261303,
            -0.022653859108686447,
            -0.005250699818134308
        ],
        [
            0.01898377388715744,
            -0.006909915711730719,
            0.02109994739294052
        ],
        [
            0.022334707900881767,
            -0.004340738989412785,
            0.021705957129597664
        ],
        [
            0.02161562815308571,
            -0.04026338458061218,
            0.004033916164189577
        ],
        [
            0.02459190972149372,
            -0.04728420823812485,
            -0.007424893788993359
        ],
        [
            0.03660467639565468,
            -0.04257575795054436,
            -0.008582009933888912
        ],
        [
            0.034487031400203705,
            -0.003795439377427101,
            0.01096087135374546
        ],
        [
            0.02518022060394287,
            -0.007413415238261223,
            0.012746642343699932
        ],
        [
            0.026045173406600952,
            -0.00526735745370388,
            0.016103018075227737
        ],
        [
            0.01967754401266575,
            -0.017414933070540428,
            -0.006355924531817436
        ],
        [
            0.014084121212363243,
            -0.020978353917598724,
            -0.006960894912481308
        ],
        [
            0.015813110396265984,
            -0.019565198570489883,
            -0.002983470680192113
        ],
        [
            0.021357228979468346,
            -0.015246456488966942,
            -0.0018001282587647438
        ],
        [
            0.06401944905519485,
            0.008000832982361317,
            0.043976791203022
        ],
        [
            0.06045445054769516,
            0.01882145181298256,
            0.04090660810470581
        ],
        [
            -0.012200331315398216,
            -0.01829030178487301,
            -0.02502450719475746
        ],
        [
            -0.009588221088051796,
            -0.021034860983490944,
            -0.024885114282369614
        ],
        [
            0.044790033251047134,
            0.0004963316023349762,
            0.00946437194943428
        ],
        [
            0.04981816187500954,
            -0.03544217348098755,
            -0.009798082523047924
        ],
        [
            0.05433965474367142,
            0.006309112533926964,
            0.0079885832965374
        ],
        [
            0.02373259887099266,
            -0.0144977867603302,
            0.03742356598377228
        ],
        [
            0.02179291471838951,
            -0.006427138578146696,
            0.03544013574719429
        ],
        [
            0.019185088574886322,
            -0.005547059699892998,
            0.033313632011413574
        ],
        [
            0.01766301319003105,
            -0.010695096105337143,
            0.034798722714185715
        ],
        [
            -0.0059865377843379974,
            -0.0189936812967062,
            -0.005682738497853279
        ],
        [
            -0.0046244291588664055,
            -0.01578998751938343,
            -0.010480426251888275
        ],
        [
            -0.006973121780902147,
            -0.014469090849161148,
            -0.010768450796604156
        ],
        [
            -0.009596822783350945,
            -0.017300689592957497,
            -0.006208231672644615
        ],
        [
            0.015116935595870018,
            -0.021863680332899094,
            -0.017200982198119164
        ],
        [
            0.016443539410829544,
            -0.02507043071091175,
            -0.022488035261631012
        ],
        [
            0.011601981706917286,
            -0.023735059425234795,
            -0.021649839356541634
        ],
        [
            0.011285103857517242,
            -0.021681232377886772,
            -0.015924839302897453
        ],
        [
            0.0155488271266222,
            -0.030749676749110222,
            -0.02437007799744606
        ],
        [
            0.01027880422770977,
            -0.029421206563711166,
            -0.024386873468756676
        ],
        [
            -0.008783687837421894,
            -0.024516642093658447,
            -0.003980732057243586
        ],
        [
            -0.011814028024673462,
            -0.030451735481619835,
            -0.0075010196305811405
        ],
        [
            0.0030925488099455833,
            -0.03621256351470947,
            -0.004651831462979317
        ],
        [
            0.003278840333223343,
            -0.02855057269334793,
            -0.002734493464231491
        ],
        [
            0.07483962178230286,
            -0.0145490737631917,
            0.02690540812909603
        ],
        [
            0.07552067190408707,
            -0.006547803059220314,
            0.034608207643032074
        ],
        [
            0.060501787811517715,
            -0.00953482836484909,
            0.036981046199798584
        ],
        [
            0.045429106801748276,
            -0.013145950622856617,
            0.040549084544181824
        ],
        [
            0.03127916157245636,
            -0.01593148335814476,
            0.0420391783118248
        ],
        [
            0.030322406440973282,
            -0.02623901143670082,
            0.03540629893541336
        ],
        [
            0.06232083961367607,
            -0.002924501895904541,
            0.04169478639960289
        ],
        [
            0.012032470665872097,
            -0.03078472800552845,
            -0.0005711361300200224
        ],
        [
            0.01346347201615572,
            -0.03916209191083908,
            -0.002370743779465556
        ],
        [
            0.01436537504196167,
            -0.03588401898741722,
            0.0019175426568835974
        ],
        [
            0.05392322689294815,
            0.011560048907995224,
            0.01328607089817524
        ],
        [
            -0.006536230444908142,
            -0.024371890351176262,
            -0.02524593286216259
        ],
        [
            0.1043001189827919,
            -0.01848042756319046,
            -0.00597767811268568
        ],
        [
            0.10467421263456345,
            -0.017625480890274048,
            0.007828695699572563
        ],
        [
            0.09644249081611633,
            -0.019866958260536194,
            0.005614740774035454
        ],
        [
            0.09534565359354019,
            -0.01995156519114971,
            -0.01055130548775196
        ],
        [
            -0.00394558347761631,
            -0.01583857089281082,
            -0.017508214339613914
        ],
        [
            -0.004200254566967487,
            -0.018917296081781387,
            -0.023107489570975304
        ],
        [
            0.02242260053753853,
            0.0002803802490234375,
            0.026012632995843887
        ],
        [
            0.01937730237841606,
            -0.002897891215980053,
            0.02535128965973854
        ],
        [
            0.020138617604970932,
            -0.0016604941338300705,
            0.028391914442181587
        ],
        [
            0.021577628329396248,
            0.002403315156698227,
            0.029373973608016968
        ],
        [
            0.07698766887187958,
            -0.001577027142047882,
            0.03769136592745781
        ],
        [
            0.030278349295258522,
            0.00793226808309555,
            0.0470278263092041
        ],
        [
            0.029083875939249992,
            -0.004719574470072985,
            0.047328803688287735
        ],
        [
            0.08838266879320145,
            -0.004399120807647705,
            0.032340727746486664
        ],
        [
            0.08811724931001663,
            -0.011836825869977474,
            0.026037558913230896
        ],
        [
            0.09764129668474197,
            -0.009688569232821465,
            0.02600264921784401
        ],
        [
            0.022807136178016663,
            -0.031526438891887665,
            0.023396136239171028
        ],
        [
            0.07214915752410889,
            -0.020161790773272514,
            0.02086726576089859
        ],
        [
            0.08624028414487839,
            -0.01637817919254303,
            0.020169265568256378
        ],
        [
            0.09752297401428223,
            -0.014007514342665672,
            0.0198686420917511
        ],
        [
            0.10569000244140625,
            -0.012581592425704002,
            0.020598381757736206
        ],
        [
            0.10495058447122574,
            -0.00783909298479557,
            0.027157042175531387
        ],
        [
            -0.01235081534832716,
            -0.03238936513662338,
            -0.013418721035122871
        ],
        [
            -0.016773542389273643,
            -0.027092859148979187,
            -0.008119641803205013
        ],
        [
            0.1136162281036377,
            -0.006906842812895775,
            0.029572689905762672
        ],
        [
            0.11393939703702927,
            -0.011751973070204258,
            0.021691735833883286
        ],
        [
            0.08464014530181885,
            -0.020861253142356873,
            0.012261824682354927
        ],
        [
            0.08227600157260895,
            -0.02495061606168747,
            0.0013206824660301208
        ],
        [
            0.07102358341217041,
            -0.024166526272892952,
            0.013142092153429985
        ],
        [
            0.06778409332036972,
            -0.02872898057103157,
            0.002794151194393635
        ],
        [
            0.025165976956486702,
            -0.04122074693441391,
            0.017543725669384003
        ],
        [
            -0.0268316101282835,
            -0.01092018187046051,
            -0.009464031085371971
        ],
        [
            -0.01937214843928814,
            -0.018933705985546112,
            -0.0062444452196359634
        ],
        [
            -0.014780450612306595,
            -0.015299215912818909,
            -0.006621925160288811
        ],
        [
            -0.023435693234205246,
            -0.008774969726800919,
            -0.007940287701785564
        ],
        [
            -0.013135816901922226,
            -0.021797237917780876,
            -0.004910964053124189
        ],
        [
            -0.021376606076955795,
            -0.023101938888430595,
            -0.009679692797362804
        ],
        [
            0.06414227187633514,
            -0.02957965061068535,
            -0.012300567701458931
        ],
        [
            0.011377145536243916,
            -0.023031754419207573,
            -0.0031962874345481396
        ],
        [
            0.07873375713825226,
            -0.022946566343307495,
            -0.017815938219428062
        ],
        [
            0.054020535200834274,
            -0.027901237830519676,
            -0.02595200389623642
        ],
        [
            0.06365908682346344,
            -0.020367559045553207,
            -0.030804745852947235
        ],
        [
            0.09318327903747559,
            -0.014641202986240387,
            -0.02472316287457943
        ],
        [
            0.0774398073554039,
            -0.012513047084212303,
