{
    "pred_cam": [
        14.708355903625488,
        0.08869950473308563,
        -0.0475187748670578
    ],
    "pred_mano_params": {
        "global_orient": [
            [
                [
                    0.4231804609298706,
                    -0.5911355018615723,
                    0.6866418123245239
                ],
                [
                    -0.2924034893512726,
                    -0.806398332118988,
                    -0.5140251517295837
                ],
                [
                    0.8575654029846191,
                    0.0167489442974329,
                    -0.5141021013259888
                ]
            ]
        ],
        "hand_pose": [
            [
                [
                    0.5849578976631165,
                    -0.6768013834953308,
                    -0.44694992899894714
                ],
                [
                    0.5939242243766785,
                    0.7327224016189575,
                    -0.3322226405143738
                ],
                [
                    0.5523389577865601,
                    -0.07111817598342896,
                    0.8305805325508118
                ]
            ],
            [
                [
                    0.6908616423606873,
                    -0.6480790376663208,
                    0.3204742968082428
                ],
                [
                    0.7082278728485107,
                    0.6957477331161499,
                    -0.11978471279144287
                ],
                [
                    -0.14533931016921997,
                    0.30972346663475037,
                    0.9396530389785767
                ]
            ],
            [
                [
                    0.6742933988571167,
                    -0.724470317363739,
                    0.14307768642902374
                ],
                [
                    0.7330764532089233,
                    0.6800506711006165,
                    -0.011406753212213516
                ],
                [
                    -0.08903621882200241,
                    0.1125783696770668,
                    0.989645779132843
                ]
            ],
            [
                [
                    0.6645159721374512,
                    -0.6657100915908813,
                    -0.3394826352596283
                ],
                [
                    0.669971764087677,
                    0.7319691777229309,
                    -0.12393081188201904
                ],
                [
                    0.3309928774833679,
                    -0.145089790225029,
                    0.9324121475219727
                ]
            ],
            [
                [
                    0.585438072681427,
                    -0.8005601763725281,
                    -0.12792867422103882
                ],
                [
                    0.7932780385017395,
                    0.5331149101257324,
                    0.29410624504089355
                ],
                [
                    -0.16724905371665955,
                    -0.2736639976501465,
                    0.9471725821495056
                ]
            ],
            [
                [
                    0.7241684198379517,
                    -0.6777213215827942,
                    -0.12756900489330292
                ],
                [
                    0.6881526708602905,
                    0.722226619720459,
                    0.0695316419005394
                ],
                [
                    0.04501064866781235,
                    -0.13813957571983337,
                    0.9893894195556641
                ]
            ],
            [
                [
                    0.44207993149757385,
                    -0.896190881729126,
                    0.03751252219080925
                ],
                [
                    0.8035821318626404,
                    0.4142848253250122,
                    0.4273450970649719
                ],
                [
                    -0.3985236883163452,
                    -0.15877629816532135,
                    0.9033100008964539
                ]
            ],
            [
                [
                    0.9167470932006836,
                    -0.39473965764045715,
                    -0.06128101050853729
                ],
                [
                    0.3931925296783447,
                    0.8645791411399841,
                    0.31289398670196533
                ],
                [
                    -0.07052938640117645,
                    -0.3109399080276489,
                    0.947809100151062
                ]
            ],
            [
                [
                    0.7906968593597412,
                    -0.5910075306892395,
                    0.15971441566944122
                ],
                [
                    0.49505195021629333,
                    0.7707231044769287,
                    0.4011353552341461
                ],
                [
                    -0.36016955971717834,
                    -0.2381094992160797,
                    0.9019877910614014
                ]
            ],
            [
                [
                    0.4901537299156189,
                    -0.8665440678596497,
                    -0.09407854825258255
                ],
                [
                    0.8642791509628296,
                    0.4971711337566376,
                    -0.07643621414899826
                ],
                [
                    0.11300847679376602,
                    -0.04384462535381317,
                    0.9926263093948364
                ]
            ],
            [
                [
                    0.8520289063453674,
                    -0.5232402682304382,
                    0.016320083290338516
                ],
                [
                    0.445583313703537,
                    0.7412329912185669,
                    0.5020250082015991
                ],
                [
                    -0.2747766971588135,
                    -0.42046788334846497,
                    0.8646990656852722
                ]
            ],
            [
                [
                    0.7780675888061523,
                    -0.5886526703834534,
                    -0.21931444108486176
                ],
                [
                    0.628084659576416,
                    0.7350975275039673,
                    0.2552279829978943
                ],
                [
                    0.010976860299706459,
                    -0.33633264899253845,
                    0.9416792392730713
                ]
            ],
            [
                [
                    0.9668177962303162,
                    -0.073186956346035,
                    0.2447591871023178
                ],
                [
                    0.25352755188941956,
                    0.3927067220211029,
                    -0.8840278387069702
                ],
                [
                    -0.03141925856471062,
                    0.9167470335960388,
                    0.39823076128959656
                ]
            ],
            [
                [
                    0.9069644808769226,
                    -0.40968307852745056,
                    -0.0978531613945961
                ],
                [
                    0.38897645473480225,
                    0.7255211472511292,
                    0.5677291750907898
                ],
                [
                    -0.1615944802761078,
                    -0.5529727339744568,
                    0.8173789978027344
                ]
            ],
            [
                [
                    0.8153373599052429,
                    0.5766648650169373,
                    -0.05179358646273613
                ],
                [
                    -0.5583817362785339,
                    0.8068216443061829,
                    0.19299915432929993
                ],
                [
                    0.15308400988578796,
                    -0.12843884527683258,
                    0.9798309803009033
                ]
            ]
        ],
        "betas": [
            -0.03581872582435608,
            -0.09049680829048157,
            -0.09421998262405396,
            -0.03441318869590759,
            0.016511768102645874,
            0.010920349508523941,
            0.04829743504524231,
            -0.013398244976997375,
            0.028587833046913147,
            0.006220638751983643
        ]
    },
    "pred_cam_t": [
        -0.08869950473308563,
        -0.0475187748670578,
        2.6558032035827637
    ],
    "focal_length": [
        5000.0,
        5000.0
    ],
    "pred_keypoints_3d": [
        [
            0.0959329754114151,
            0.006396985612809658,
            0.006229856051504612
        ],
        [
            0.11259836703538895,
            0.012677029706537724,
            -0.027967222034931183
        ],
        [
            0.129561647772789,
            0.03165049105882645,
            -0.045368894934654236
        ],
        [
            0.14001569151878357,
            0.05220450088381767,
            -0.05972426384687424
        ],
        [
            0.14808966219425201,
            0.06117485463619232,
            -0.09447118639945984
        ],
        [
            0.07580376416444778,
            0.025796569883823395,
            -0.08014456182718277
        ],
        [
            0.0649571642279625,
            0.05493868142366409,
            -0.0915604755282402
        ],
        [
            0.07532501965761185,
            0.0743933618068695,
            -0.08823847770690918
        ],
        [
            0.09382103383541107,
            0.0831502377986908,
            -0.07401996850967407
        ],
        [
            0.05433814972639084,
            0.03710346668958664,
            -0.07337475568056107
        ],
        [
            0.046164292842149734,
            0.06638145446777344,
            -0.08280657976865768
        ],
        [
            0.06143590807914734,
            0.0835050642490387,
            -0.07834046334028244
        ],
        [
            0.08366196602582932,
            0.08977946639060974,
            -0.06736160814762115
        ],
        [
            0.04525703191757202,
            0.04727371037006378,
            -0.05036306381225586
        ],
        [
            0.04673486948013306,
            0.07471203804016113,
            -0.05954902619123459
        ],
        [
            0.06232276186347008,
            0.09381353110074997,
            -0.056084226816892624
        ],
        [
            0.08345633745193481,
            0.10326071083545685,
            -0.04509493336081505
        ],
        [
            0.04291800409555435,
            0.056811146438121796,
            -0.030863866209983826
        ],
        [
            0.04764898866415024,
            0.07688301801681519,
            -0.035803161561489105
        ],
        [
            0.059521984308958054,
            0.09159061312675476,
            -0.03349028900265694
        ],
        [
            0.07681494206190109,
            0.09521086513996124,
            -0.028708435595035553
        ]
    ],
    "pred_vertices": [
        [
            0.09707070887088776,
            0.027388300746679306,
            -0.04606427624821663
        ],
        [
            0.10178079456090927,
            0.02631760574877262,
            -0.037196286022663116
        ],
        [
            0.10741506516933441,
            0.03089539147913456,
            -0.04373631626367569
        ],
        [
            0.10239595919847488,
            0.029520001262426376,
            -0.05383070185780525
        ],
        [
            0.11773663759231567,
            0.030746422708034515,
            -0.022465780377388
        ],
        [
            0.12724216282367706,
            0.02390233799815178,
            -0.019676782190799713
        ],
        [
            0.13286249339580536,
            0.033547185361385345,
            -0.03043564409017563
        ],
        [
            0.12446130812168121,
            0.03901169076561928,
            -0.03002171218395233
        ],
        [
            0.10677728056907654,
            0.030918961390852928,
            -0.0594918355345726
        ],
        [
            0.11218825727701187,
            0.03501370549201965,
            -0.04835779592394829
        ],
        [
            0.11050547659397125,
            0.03037865087389946,
            -0.06025991588830948
        ],
        [
            0.09931293874979019,
            0.019153887405991554,
            -0.07091056555509567
        ],
        [
            0.09902834892272949,
            0.02453647553920746,
            -0.0682782307267189
        ],
        [
            0.09104950726032257,
            0.016230784356594086,
            -0.07725423574447632
        ],
        [
            0.09762188792228699,
            0.009235022589564323,
            -0.06657838821411133
        ],
        [
            0.0832255557179451,
            0.01027369499206543,
            -0.07618089765310287
        ],
        [
            0.07189152389764786,
            0.00395173579454422,
            -0.0473862886428833
        ],
        [
            0.06360331922769547,
            0.008795708417892456,
            -0.03724931180477142
        ],
        [
            0.05493466183543205,
            0.015270844101905823,
            -0.05114483833312988
        ],
        [
            0.06465921550989151,
            0.010345026850700378,
            -0.05995708703994751
        ],
        [
            0.049244534224271774,
            0.024154189974069595,
            -0.03302213177084923
        ],
        [
            0.051900845021009445,
            0.019605685025453568,
            -0.043708886951208115
        ],
        [
            0.05980733409523964,
            0.01211397722363472,
            -0.029735393822193146
        ],
        [
            0.05735767260193825,
            0.016734275966882706,
            -0.02090475708246231
        ],
        [
            0.08877749741077423,
            0.028562428429722786,
            -0.031074725091457367
        ],
        [
            0.0933777242898941,
            0.026457011699676514,
            -0.022329460829496384
        ],
        [
            0.09582076966762543,
            0.02468244731426239,
            -0.028395600616931915
        ],
        [
            0.09184785187244415,
            0.027056002989411354,
            -0.03609701618552208
        ],
        [
            0.12493080645799637,
            0.03256453946232796,
            -0.05895251780748367
        ],
        [
            0.1171363815665245,
            0.01676967553794384,
            -0.058396462351083755
        ],
        [
            0.1124846339225769,
            0.022664690390229225,
            -0.061364661902189255
        ],
        [
            0.1227109357714653,
            0.0374729186296463,
            -0.05707667022943497
        ],
        [
            0.10325681418180466,
            0.029434137046337128,
            0.006003193557262421
        ],
        [
            0.10638684034347534,
            0.019869081676006317,
            0.015127226710319519
        ],
        [
            0.1096428632736206,
            0.016522830352187157,
            0.011466316878795624
        ],
        [
            0.10553591698408127,
            0.025515742599964142,
            0.0036590471863746643
        ],
        [
            0.12067669630050659,
            0.0126419086009264,
            -0.005602121353149414
        ],
        [
            0.11999853700399399,
            0.005874237045645714,
            0.0015180855989456177
        ],
        [
            0.12382520735263824,
            -0.006903117522597313,
            0.0006894543766975403
        ],
        [
            0.12472762167453766,
            -0.0024977177381515503,
            -0.008244544267654419
        ],
        [
            0.12308865040540695,
            0.01850505918264389,
            -0.013324238359928131
        ],
        [
            0.12853050231933594,
            0.006221126765012741,
            -0.0157461017370224
        ],
        [
            0.13217811286449432,
            0.014077490195631981,
            -0.022645466029644012
        ],
        [
            0.1374278962612152,
            0.02637883648276329,
            -0.03391521796584129
        ],
        [
            0.09726087003946304,
            0.024407250806689262,
            0.022956348955631256
        ],
        [
            0.09403678774833679,
            0.03248099237680435,
            0.017525777220726013
        ],
        [
            0.07762464880943298,
            0.05615326389670372,
            -0.08808553963899612
        ],
        [
            0.07503194361925125,
            0.05823972821235657,
            -0.0830492377281189
        ],
        [
            0.07561109215021133,
            0.05518948659300804,
            -0.08238803595304489
        ],
        [
            0.07786504924297333,
            0.05390135198831558,
            -0.08779381960630417
        ],
        [
            0.0772581547498703,
            0.021366029977798462,
            0.023869827389717102
        ],
        [
            0.07143986225128174,
            0.01330874115228653,
            0.022259555757045746
        ],
        [
            0.07502064108848572,
            0.012117475271224976,
            0.02851751819252968
        ],
        [
            0.08184650540351868,
            0.018542252480983734,
            0.029216837137937546
        ],
        [
            0.07123717665672302,
            0.02507762238383293,
            0.016766883432865143
        ],
        [
            0.06710250675678253,
            0.015194684267044067,
            0.01329139992594719
        ],
        [
            0.07001300156116486,
            0.058242298662662506,
            -0.0983886867761612
        ],
        [
            0.07476329803466797,
            0.05713526904582977,
            -0.09659837186336517
        ],
        [
            0.07307508587837219,
            0.05302249640226364,
            -0.09696651250123978
        ],
        [
            0.067954882979393,
            0.05311504006385803,
            -0.09759446233510971
        ],
        [
            0.09684620797634125,
            0.027632668614387512,
            -0.06242857500910759
        ],
        [
            0.09272267669439316,
            0.02940225973725319,
            -0.054099805653095245
        ],
        [
            0.08634872734546661,
            0.030815204605460167,
            -0.07497513294219971
        ],
        [
            0.0871598869562149,
            0.030130969360470772,
            -0.06661003828048706
        ],
        [
            0.09180930256843567,
            0.026055341586470604,
            -0.0704493448138237
        ],
        [
            0.08948390930891037,
            0.02653922140598297,
            -0.07737787812948227
        ],
        [
            0.07514931261539459,
            0.03695846349000931,
            -0.04699341580271721
        ],
        [
            0.0808744728565216,
            0.032834138721227646,
            -0.03767189010977745
        ],
        [
            0.0837717056274414,
            0.030870355665683746,
            -0.04347047954797745
        ],
        [
            0.07895508408546448,
            0.03518204391002655,
            -0.054576560854911804
        ],
        [
            0.07527913898229599,
            0.040437061339616776,
            -0.02708088606595993
        ],
        [
            0.06978605687618256,
            0.04342509061098099,
            -0.03708165884017944
        ],
        [
            0.06727609038352966,
            0.04725123196840286,
            -0.029817305505275726
        ],
        [
            0.07225858420133591,
            0.045328471809625626,
            -0.024060875177383423
        ],
        [
            0.0626208484172821,
            0.04607396200299263,
            -0.05612560361623764
        ],
        [
            0.0597560852766037,
            0.04712217301130295,
            -0.061212919652462006
        ],
        [
            0.05834583938121796,
            0.05076497048139572,
            -0.05877802520990372
        ],
        [
            0.06110108271241188,
            0.04764053225517273,
            -0.05305429548025131
        ],
        [
            0.07819974422454834,
            0.009822383522987366,
            0.034462329000234604
        ],
        [
            0.08644974231719971,
            0.015105064958333969,
            0.03376013785600662
        ],
        [
            0.045324571430683136,
            0.036328431218862534,
            -0.014986161142587662
        ],
        [
            0.05001826584339142,
            0.04257744178175926,
            -0.00693579763174057
        ],
        [
            0.042745836079120636,
            0.04973199591040611,
            -0.015327122062444687
        ],
        [
            0.038556069135665894,
            0.04075830057263374,
            -0.022222135215997696
        ],
        [
            0.06998588144779205,
            0.004911389201879501,
            0.016382955014705658
        ],
        [
            0.07164128869771957,
            0.0038368254899978638,
            0.02398650348186493
        ],
        [
            0.06445830315351486,
            0.06005828082561493,
            -0.0964030995965004
        ],
        [
            0.06268385052680969,
            0.05462804064154625,
            -0.09498313814401627
        ],
        [
            0.1290215700864792,
            0.0018925927579402924,
            -0.027894437313079834
        ],
        [
            0.13668709993362427,
            0.018568258732557297,
            -0.040095120668411255
        ],
        [
            0.12332767248153687,
            -0.00768931582570076,
            -0.017248831689357758
        ],
        [
            0.11912114918231964,
            -0.01308576762676239,
            -0.009130008518695831
        ],
        [
            0.1185409426689148,
            -0.01742457039654255,
            -0.0015305206179618835
        ],
        [
            0.08184497058391571,
            0.03372536972165108,
            -0.06590263545513153
        ],
        [
            0.08942916989326477,
            0.028995107859373093,
            -0.045161210000514984
        ],
        [
            0.0864010751247406,
            0.030743032693862915,
            -0.02685096114873886
        ],
        [
            0.07276840507984161,
            0.05040741711854935,
            -0.0073268599808216095
        ],
        [
            0.07862751185894012,
            0.047004133462905884,
            0.0006324462592601776
        ],
        [
            0.08266477286815643,
            0.044211167842149734,
            -0.008884705603122711
        ],
        [
            0.0762891098856926,
            0.04729782044887543,
            -0.013896949589252472
        ],
        [
            0.05592455714941025,
            0.05058809742331505,
            -0.005659580230712891
        ],
        [
            0.061868537217378616,
            0.05384012684226036,
            -0.010047931224107742
        ],
        [
            0.056988224387168884,
            0.056521568447351456,
            -0.0160779170691967
        ],
        [
            0.04998300224542618,
            0.054811328649520874,
            -0.0129423588514328
        ],
        [
            0.13166029751300812,
            0.02873847261071205,
            -0.05921819433569908
        ],
        [
            0.12281037867069244,
            0.012547312304377556,
            -0.054890766739845276
        ],
        [
            0.08553779125213623,
            0.027934029698371887,
            0.022954650223255157
        ],
        [
            0.09051968157291412,
            0.023215075954794884,
            0.02674379199743271
        ],
        [
            0.09368735551834106,
            0.01747046783566475,
            0.03220170736312866
        ],
        [
            0.09914645552635193,
            0.027500346302986145,
            -0.009130120277404785
        ],
        [
            0.10707272589206696,
            0.02279597707092762,
            0.0019488334655761719
        ],
        [
            0.10879138112068176,
            0.02099720574915409,
            -0.0016818046569824219
        ],
        [
            0.09935186058282852,
            0.024987731128931046,
            -0.012355513870716095
        ],
        [
            0.10509264469146729,
            0.02657349407672882,
            -0.02602989226579666
        ],
        [
            0.11207472532987595,
            0.02417776733636856,
            -0.015166811645030975
        ],
        [
            0.11048563569784164,
            0.0335242860019207,
            -0.0316508486866951
        ],
        [
            0.11457470059394836,
            0.011176254600286484,
            0.007880046963691711
        ],
        [
            0.11398731172084808,
            0.010834846645593643,
            0.01898699253797531
        ],
        [
            0.11867833137512207,
            0.00509488582611084,
            0.014041207730770111
        ],
        [
            0.10727447271347046,
            0.014998363330960274,
            0.024815283715724945
        ],
        [
            0.10023614764213562,
            0.017675600945949554,
            0.02959465980529785
        ],
        [
            0.07214751839637756,
            -4.748255014419556e-05,
            0.03158646821975708
        ],
        [
            0.12163232266902924,
            -0.0007218234241008759,
            0.008824728429317474
        ],
        [
            0.12990020215511322,
            0.043562375009059906,
            -0.037082068622112274
        ],
        [
            0.13521158695220947,
            0.047872789204120636,
            -0.04330289363861084
        ],
        [
            0.1284419298171997,
            0.04818595573306084,
            -0.046318523585796356
        ],
        [
            0.12277953326702118,
            0.04394683241844177,
            -0.04119895398616791
        ],
        [
            0.08372702449560165,
            0.01872923970222473,
            -0.08431221544742584
        ],
        [
            0.08875005692243576,
            0.023288022726774216,
            -0.08164206147193909
        ],
        [
            0.09438010305166245,
            0.02102109231054783,
            -0.07426366955041885
        ],
        [
            0.09545454382896423,
            0.036466337740421295,
            0.001059696078300476
        ],
        [
            0.08806708455085754,
            0.03887224569916725,
            0.011045984923839569
        ],
        [
            0.08105559647083282,
            0.03404330834746361,
            -0.07362856715917587
        ],
        [
            0.06706108152866364,
            0.04833037406206131,
            -0.0972159206867218
        ],
        [
            0.07302446663379669,
            0.048610951751470566,
            -0.09666871279478073
        ],
        [
            0.07815041393041611,
            0.031871091574430466,
            -0.09171099960803986
        ],
        [
            0.07119467109441757,
            0.030928144231438637,
            -0.09254448860883713
        ],
        [
            0.07115738838911057,
            0.03664206340909004,
            -0.07561523467302322
        ],
        [
            0.07837914675474167,
            0.03578726574778557,
            -0.07427162677049637
        ],
        [
            0.07623742520809174,
            0.03698105737566948,
            -0.07404027134180069
        ],
        [
            0.06982740014791489,
            0.03888808563351631,
            -0.07313690334558487
        ],
        [
            0.056756120175123215,
            0.05304943397641182,
            -0.04993411898612976
        ],
        [
            0.05937729775905609,
            0.05051523074507713,
            -0.04522397369146347
        ],
        [
            0.059536341577768326,
            0.01997286081314087,
            -0.07177028059959412
        ],
        [
            0.06668055057525635,
            0.011228298768401146,
            -0.07889140397310257
        ],
        [
            0.07392287999391556,
            0.006843565031886101,
            -0.06872505694627762
        ],
        [
            0.07226957380771637,
            0.04000557214021683,
            -0.04079350084066391
        ],
        [
            0.06683061271905899,
            0.044030047953128815,
            -0.04863747954368591
        ],
        [
            0.06497746706008911,
            0.045796025544404984,
            -0.045409996062517166
        ],
        [
            0.07774511724710464,
            0.03604188933968544,
            -0.06676099449396133
        ],
        [
            0.07544741034507751,
            0.03639981895685196,
            -0.07249727845191956
        ],
        [
            0.0728321224451065,
            0.03829406946897507,
            -0.06921936571598053
        ],
        [
            0.07497937232255936,
            0.03779745474457741,
            -0.062222667038440704
        ],
        [
            0.05676748603582382,
            0.03576157987117767,
            0.0022676214575767517
        ],
        [
            0.06322343647480011,
            0.04542713984847069,
            0.003709569573402405
        ],
        [
            0.07757201790809631,
            0.05605362355709076,
            -0.09295010566711426
        ],
        [
            0.07689718157052994,
            0.05316382646560669,
            -0.09320399165153503
        ],
        [
            0.07798920571804047,
            0.03594449907541275,
            -0.031792204827070236
        ],
        [
            0.08146713674068451,
            0.00305352546274662,
            -0.056081198155879974
        ],
        [
            0.08416987955570221,
            0.03348810225725174,
            -0.022558167576789856
        ],
        [
            0.04152633249759674,
            0.043111640959978104,
            -0.041445933282375336
        ],
        [
            0.04537467285990715,
            0.051442816853523254,
            -0.03976749628782272
        ],
        [
            0.0453098826110363,
            0.053663477301597595,
            -0.04333827644586563
        ],
        [
            0.04146682843565941,
            0.049693331122398376,
            -0.046268824487924576
        ],
        [
            0.06542440503835678,
            0.05206437408924103,
            -0.07739415019750595
        ],
        [
            0.07114030420780182,
            0.05321614444255829,
            -0.07770879566669464
        ],
        [
            0.07067158818244934,
            0.05634184926748276,
            -0.07866908609867096
        ],
        [
            0.06470023840665817,
            0.0568990632891655,
            -0.0789923220872879
        ],
        [
            0.083397775888443,
            0.03401227667927742,
            -0.07673154026269913
        ],
        [
            0.0867389440536499,
            0.030709877610206604,
            -0.08093336224555969
        ],
        [
            0.08393524587154388,
            0.035879943519830704,
            -0.08186843991279602
        ],
        [
            0.08029599487781525,
            0.037210509181022644,
            -0.07727847993373871
        ],
        [
            0.08501783013343811,
            0.02791311964392662,
            -0.0855104923248291
        ],
        [
            0.08271986246109009,
            0.0334545262157917,
            -0.08753866702318192
        ],
        [
            0.06015664339065552,
            0.05083520710468292,
            -0.08100979030132294
        ],
        [
            0.05859453231096268,
            0.04966947063803673,
            -0.08833672851324081
        ],
        [
            0.06103620305657387,
            0.03346344828605652,
            -0.08289247751235962
        ],
        [
            0.06317365169525146,
            0.03814205154776573,
            -0.07690688222646713
        ],
        [
            0.06381001323461533,
            0.00868941843509674,
            -0.009515158832073212
        ],
        [
            0.06094508618116379,
            0.0156429260969162,
            -0.001263156533241272
        ],
        [
            0.05420006811618805,
            0.023762192577123642,
            -0.012358803302049637
        ],
        [
            0.046189334243535995,
            0.03135727345943451,
            -0.02307683229446411
        ],
        [
            0.040189411491155624,
            0.03853917866945267,
            -0.03400319442152977
        ],
        [
            0.04151030257344246,
            0.03016841970384121,
            -0.043029770255088806
        ],
        [
            0.05344553291797638,
            0.028300123289227486,
            -0.005505513399839401
        ],
        [
            0.06357354670763016,
            0.033469922840595245,
            -0.07734975218772888
        ],
        [
            0.06264081597328186,
            0.024548262357711792,
            -0.07928125560283661
        ],
        [
            0.060268133878707886,
            0.02781287580728531,
            -0.07653338462114334
        ],
        [
            0.08185511827468872,
            0.038672663271427155,
            -0.017680030316114426
        ],
        [
            0.07732237130403519,
            0.049694761633872986,
            -0.0933821052312851
        ],
        [
            0.09720052778720856,
            -0.0201554037630558,
            -0.005461044609546661
        ],
        [
            0.08600723743438721,
            -0.016845669597387314,
            0.0014711618423461914
        ],
        [
            0.08478982001543045,
            -0.0135757215321064,
            -0.006659515202045441
        ],
        [
            0.0980745404958725,
            -0.016465745866298676,
            -0.014598555862903595
        ],
        [
            0.07676722854375839,
            0.052933469414711,
            -0.08193585276603699
        ],
        [
            0.07936658710241318,
            0.05139700323343277,
            -0.08753722906112671
        ],
        [
            0.056579526513814926,
            0.054540008306503296,
            -0.04085000604391098
        ],
        [
            0.0541720874607563,
            0.055809181183576584,
            -0.04557354003190994
        ],
        [
            0.05071822181344032,
            0.056935545057058334,
            -0.04344433173537254
        ],
        [
            0.05324888229370117,
            0.05856375768780708,
            -0.03877504914999008
        ],
        [
            0.060865841805934906,
            0.01890406757593155,
            0.003766484558582306
        ],
        [
            0.041745226830244064,
            0.05681934952735901,
            -0.020263424143195152
        ],
        [
            0.037248268723487854,
            0.0483875572681427,
            -0.027104441076517105
        ],
        [
            0.06684600561857224,
            0.008318092674016953,
            0.00801268219947815
        ],
        [
            0.0688801109790802,
            0.0017780810594558716,
            0.001016959547996521
        ],
        [
            0.07221732288599014,
            -0.0028495676815509796,
            0.00897514820098877
        ],
        [
            0.04696029797196388,
            0.028971275314688683,
            -0.057332128286361694
        ],
        [
            0.06578557938337326,
            0.0051287077367305756,
            -0.017205603420734406
        ],
        [
            0.07142427563667297,
            -0.0014893785119056702,
            -0.005447708070278168
        ],
        [
            0.07551365345716476,
            -0.007175475358963013,
            0.0037663131952285767
        ],
        [
            0.07758822292089462,
            -0.011258535087108612,
            0.010771818459033966
        ],
        [
            0.0738542303442955,
            -0.0060204677283763885,
            0.015764251351356506
        ],
        [
            0.06184922903776169,
            0.04900439828634262,
            -0.09359559416770935
        ],
        [
            0.05841550976037979,
            0.056438229978084564,
            -0.08963614702224731
        ],
        [
            0.0743122473359108,
            -0.010540850460529327,
            0.023678332567214966
        ],
        [
            0.07904992997646332,
            -0.01584697887301445,
            0.017720572650432587
        ],
        [
            0.07579194009304047,
            -0.00530020147562027,
            -0.012622319161891937
        ],
        [
            0.08277197182178497,
            -0.008867926895618439,
            -0.021550890058279037
        ],
        [
            0.07033660262823105,
            0.0014367662370204926,
            -0.023708060383796692
        ],
        [
            0.07650070637464523,
            -0.0017276965081691742,
            -0.033331580460071564
        ],
        [
            0.049304161220788956,
            0.019285403192043304,
            -0.06256082653999329
        ],
        [
            0.06594085693359375,
            0.07410597801208496,
            -0.08691279590129852
        ],
        [
            0.0607195720076561,
            0.06364751607179642,
            -0.08531924337148666
        ],
        [
            0.06458859145641327,
            0.06218047812581062,
            -0.08113408088684082
        ],
        [
            0.06690606474876404,
            0.07283907383680344,
            -0.08281576633453369
        ],
        [
            0.060043275356292725,
            0.05700318515300751,
            -0.08271637558937073
        ],
        [
            0.0604630745947361,
            0.062283970415592194,
            -0.09100806713104248
        ],
        [
            0.08922717720270157,
            -0.0028856247663497925,
            -0.04353385418653488
        ],
        [
            0.0696169063448906,
            0.03957383334636688,
            -0.07486782222986221
        ],
        [
            0.09962141513824463,
            -0.009379405528306961,
            -0.0313243567943573
        ],
        [
            0.1031339019536972,
            0.002130987122654915,
            -0.05622120946645737
        ],
        [
            0.11215311288833618,
            -0.0009745992720127106,
            -0.046270646154880524
        ],
        [
            0.11144423484802246,
            -0.01543547585606575,
            -0.018846750259399414
        ],
        [
            0.11947718262672424,
            -0.007023867219686508,
            -0.03235115855932236
        ],
        [
            0.10899198055267334,
            -0.022420091554522514,
            -0.001709379255771637
        ],
        [
            0.10839489847421646,
            -0.01898757927119732,
            -0.00998137891292572
        ],
        [
            0.12784096598625183,
            0.006021030247211456,
            -0.04342614859342575
        ],
        [
