{
    "pred_cam": [
        9.103679656982422,
        -0.04574723541736603,
        -0.009770398959517479
    ],
    "pred_mano_params": {
        "global_orient": [
            [
                [
                    0.9124858379364014,
                    0.27509790658950806,
                    0.3028049170970917
                ],
                [
                    0.37555649876594543,
                    -0.8568170666694641,
                    -0.3533015549182892
                ],
                [
                    0.1622558981180191,
                    0.4361029863357544,
                    -0.8851482272148132
                ]
            ]
        ],
        "hand_pose": [
            [
                [
                    0.7299585342407227,
                    -0.6561123728752136,
                    -0.19151227176189423
                ],
                [
                    0.622725248336792,
                    0.7539170384407043,
                    -0.20933757722377777
                ],
                [
                    0.2817333936691284,
                    0.03354823216795921,
                    0.9589059352874756
                ]
            ],
            [
                [
                    0.7416147589683533,
                    -0.6543354988098145,
                    0.14782623946666718
                ],
                [
                    0.6659400463104248,
                    0.6915668845176697,
                    -0.27974826097488403
                ],
                [
                    0.08081749826669693,
                    0.30590882897377014,
                    0.9486244320869446
                ]
            ],
            [
                [
                    0.8458408713340759,
                    -0.5319430232048035,
                    0.03987392038106918
                ],
                [
                    0.5249952077865601,
                    0.84337317943573,
                    0.11446265876293182
                ],
                [
                    -0.09451620280742645,
                    -0.07588356733322144,
                    0.9926270842552185
                ]
            ],
            [
                [
                    0.453285276889801,
                    -0.8483730554580688,
                    -0.27348771691322327
                ],
                [
                    0.878055214881897,
                    0.47780466079711914,
                    -0.026864206418395042
                ],
                [
                    0.15346457064151764,
                    -0.22796019911766052,
                    0.9615002274513245
                ]
            ],
            [
                [
                    0.8489291071891785,
                    -0.47879156470298767,
                    -0.22378113865852356
                ],
                [
                    0.5127673149108887,
                    0.8487340211868286,
                    0.12930676341056824
                ],
                [
                    0.12801967561244965,
                    -0.22451992332935333,
                    0.9660236835479736
                ]
            ],
            [
                [
                    0.858670175075531,
                    -0.5002137422561646,
                    0.11167651414871216
                ],
                [
                    0.5024659037590027,
                    0.8645499348640442,
                    0.009019801393151283
                ],
                [
                    -0.10106176137924194,
                    0.048368606716394424,
                    0.9937036037445068
                ]
            ],
            [
                [
                    0.45087167620658875,
                    -0.8925882577896118,
                    0.0009811082854866982
                ],
                [
                    0.5975172519683838,
                    0.3026391565799713,
                    0.7425514459609985
                ],
                [
                    -0.6630895733833313,
                    -0.3342092037200928,
                    0.6697883009910583
                ]
            ],
            [
                [
                    0.9497100114822388,
                    -0.27030909061431885,
                    -0.15806278586387634
                ],
                [
                    0.2841039001941681,
                    0.9560879468917847,
                    0.07197830826044083
                ],
                [
                    0.13166552782058716,
                    -0.1132647767663002,
                    0.9848021864891052
                ]
            ],
            [
                [
                    0.9882978796958923,
                    -0.10947711020708084,
                    0.10621683299541473
                ],
                [
                    0.05098624899983406,
                    0.8933802247047424,
                    0.446399062871933
                ],
                [
                    -0.1437625139951706,
                    -0.43575969338417053,
                    0.888507604598999
                ]
            ],
            [
                [
                    0.3180396854877472,
                    -0.9474114179611206,
                    -0.03553036227822304
                ],
                [
                    0.9387298226356506,
                    0.3094331920146942,
                    0.15178078413009644
                ],
                [
                    -0.13280457258224487,
                    -0.08162572979927063,
                    0.9877753853797913
                ]
            ],
            [
                [
                    0.9615997672080994,
                    -0.26344388723373413,
                    -0.07696270197629929
                ],
                [
                    0.272508442401886,
                    0.8831237554550171,
                    0.38187897205352783
                ],
                [
                    -0.03263609856367111,
                    -0.3881876766681671,
                    0.9210022687911987
                ]
            ],
            [
                [
                    0.8978698253631592,
                    -0.41795799136161804,
                    0.13835103809833527
                ],
                [
                    0.37986287474632263,
                    0.8943079113960266,
                    0.2364690899848938
                ],
                [
                    -0.22256256639957428,
                    -0.15976400673389435,
                    0.9617388248443604
                ]
            ],
            [
                [
                    0.8746057748794556,
                    -0.32790839672088623,
                    -0.3571285605430603
                ],
                [
                    -0.25922223925590515,
                    0.3062109351158142,
                    -0.9159905314445496
                ],
                [
                    0.4097176492214203,
                    0.8937062621116638,
                    0.18281270563602448
                ]
            ],
            [
                [
                    0.9439591765403748,
                    -0.32736921310424805,
                    0.04207707941532135
                ],
                [
                    0.2567138671875,
                    0.8083248138427734,
                    0.5298197269439697
                ],
                [
                    -0.20745863020420074,
                    -0.4893264174461365,
                    0.8470658659934998
                ]
            ],
            [
                [
                    0.994251549243927,
                    0.07614417374134064,
                    0.07527239620685577
                ],
                [
                    -0.06131017580628395,
                    0.9812409281730652,
                    -0.18277670443058014
                ],
                [
                    -0.08777773380279541,
                    0.17711104452610016,
                    0.9802687168121338
                ]
            ]
        ],
        "betas": [
            0.039551377296447754,
            -0.037121742963790894,
            -0.02921503782272339,
            -0.06504753232002258,
            -0.05506458878517151,
            -0.0630524680018425,
            0.013409525156021118,
            -0.052006810903549194,
            0.016165122389793396,
            -0.046062588691711426
        ]
    },
    "pred_cam_t": [
        -0.04574723541736603,
        -0.009770398959517479,
        4.290847301483154
    ],
    "focal_length": [
        5000.0,
        5000.0
    ],
    "pred_keypoints_3d": [
        [
            0.09551344066858292,
            0.006354056764394045,
            0.006193647626787424
        ],
        [
            0.07710903882980347,
            0.0015445421449840069,
            -0.02719082124531269
        ],
        [
            0.048108696937561035,
            0.006851173471659422,
            -0.03583921492099762
        ],
        [
            0.02195589989423752,
            0.012422079220414162,
            -0.04005349427461624
        ],
        [
            -0.010594991967082024,
            0.019213290885090828,
            -0.053714320063591
        ],
        [
            0.020147614181041718,
            -0.029465317726135254,
            -0.028525808826088905
        ],
        [
            -0.01137705147266388,
            -0.02192951738834381,
            -0.0345110185444355
        ],
        [
            -0.019943032413721085,
            -0.0017034728080034256,
            -0.03751062974333763
        ],
        [
            -0.018118251115083694,
            0.02292346954345703,
            -0.039439499378204346
        ],
        [
            0.007894426584243774,
            -0.026667695492506027,
            -0.0067818197421729565
        ],
        [
            -0.01551041193306446,
            -0.0057400893419981,
            -0.01123396959155798
        ],
        [
            -0.018866442143917084,
            0.017005525529384613,
            -0.014781257137656212
        ],
        [
            -0.01491334568709135,
            0.04068206250667572,
            -0.023444730788469315
        ],
        [
            0.011914916336536407,
            -0.011492375284433365,
            0.014799496158957481
        ],
        [
            -0.005723416805267334,
            0.007820673286914825,
            0.0026581119745969772
        ],
        [
            -0.009746565483510494,
            0.030753010883927345,
            -0.00587066076695919
        ],
        [
            -0.00861002691090107,
            0.05168425291776657,
            -0.019909875467419624
        ],
        [
            0.017062753438949585,
            0.004302873741835356,
            0.028887053951621056
        ],
        [
            0.005522837862372398,
            0.017003769055008888,
            0.016602521762251854
        ],
        [
            0.0005028117448091507,
            0.031867362558841705,
            0.006007205694913864
        ],
        [
            -0.0009098022128455341,
            0.046306099742650986,
            -0.009449806064367294
        ]
    ],
    "pred_vertices": [
        [
            0.05110567808151245,
            -0.0035570524632930756,
            -0.021820927038788795
        ],
        [
            0.061483751982450485,
            0.0017314925789833069,
            -0.01865495927631855
        ],
        [
            0.0548199824988842,
            0.002072032541036606,
            -0.022078020498156548
        ],
        [
            0.046776626259088516,
            -0.004748072475194931,
            -0.027678929269313812
        ],
        [
            0.0673479288816452,
            0.019098157063126564,
            -0.023143019527196884
        ],
        [
            0.07401669770479202,
            0.02044004201889038,
            -0.033004969358444214
        ],
        [
            0.057705357670784,
            0.019851574674248695,
            -0.036235325038433075
        ],
        [
            0.054693255573511124,
            0.0198301300406456,
            -0.026458492502570152
        ],
        [
            0.04246065020561218,
            -0.006729777902364731,
            -0.030641350895166397
        ],
        [
            0.04807690531015396,
            0.00277910940349102,
            -0.02503816783428192
        ],
        [
            0.04121144115924835,
            -0.008776409551501274,
            -0.03018881194293499
        ],
        [
            0.039310626685619354,
            -0.023430408909916878,
            -0.035002198070287704
        ],
        [
            0.03815310448408127,
            -0.017058294266462326,
            -0.03471172973513603
        ],
        [
            0.03459497541189194,
            -0.030472148209810257,
            -0.035601869225502014
        ],
        [
            0.047307152301073074,
            -0.029251329600811005,
            -0.0326789990067482
        ],
        [
            0.035888008773326874,
            -0.03755130618810654,
            -0.02964484877884388
        ],
        [
            0.05306534841656685,
            -0.03208903968334198,
            -0.006585049442946911
        ],
        [
            0.052649956196546555,
            -0.026854034513235092,
            0.006009342148900032
        ],
        [
            0.0356195792555809,
            -0.03274616226553917,
            0.00522624421864748
        ],
        [
            0.03772532567381859,
            -0.03654738515615463,
            -0.007960662245750427
        ],
        [
            0.038853369653224945,
            -0.019328583031892776,
            0.02112698368728161
        ],
        [
            0.0362427644431591,
            -0.026923101395368576,
            0.012306617572903633
        ],
        [
            0.05356738716363907,
            -0.022239526733756065,
            0.013712816871702671
        ],
        [
            0.055068694055080414,
            -0.015470791608095169,
            0.02124004065990448
        ],
        [
            0.05507569760084152,
            0.002077842131257057,
            -0.008923392742872238
        ],
        [
            0.0649310052394867,
            0.006958965212106705,
            -0.0074141258373856544
        ],
        [
            0.06495888531208038,
            0.0035359878093004227,
            -0.01201776135712862
        ],
        [
            0.05485406517982483,
            -0.0004184134304523468,
            -0.013740443624556065
        ],
        [
            0.03949851542711258,
            -0.004438450094312429,
            -0.03566139191389084
        ],
        [
            0.05135621875524521,
            -0.01435994915664196,
            -0.0378456637263298
        ],
        [
            0.04528704285621643,
            -0.014223812147974968,
            -0.03374478965997696
        ],
        [
            0.03737548738718033,
            -0.0012571532279253006,
            -0.031571224331855774
        ],
        [
            0.08380618691444397,
            0.026997435837984085,
            0.001524657942354679
        ],
        [
            0.09700573980808258,
            0.025382155552506447,
            0.004068364389240742
        ],
        [
            0.0983353704214096,
            0.022555360570549965,
            -0.0010312190279364586
        ],
        [
            0.08620977401733398,
            0.024145500734448433,
            -0.0022458117455244064
        ],
        [
            0.09409108012914658,
            0.01849527657032013,
            -0.02292921394109726
        ],
        [
            0.10294350981712341,
            0.015239518135786057,
            -0.017303623259067535
        ],
        [
            0.11146867275238037,
            0.006347928196191788,
            -0.021117089316248894
        ],
        [
            0.10214665532112122,
            0.006711062043905258,
            -0.0278960932046175
        ],
        [
            0.0842788964509964,
            0.019948750734329224,
            -0.028817376121878624
        ],
        [
            0.09102420508861542,
            0.01149679347872734,
            -0.035667840391397476
        ],
        [
            0.07801273465156555,
            0.013754678890109062,
            -0.040780577808618546
        ],
        [
            0.05950019881129265,
            0.014714129269123077,
            -0.04346347600221634
        ],
        [
            0.09507153928279877,
            0.028695572167634964,
            0.01625628024339676
        ],
        [
            0.08505541831254959,
            0.030898861587047577,
            0.01600757986307144
        ],
        [
            -0.004616172984242439,
            -0.011802095919847488,
            -0.0405820831656456
        ],
        [
            -0.005168819800019264,
            -0.009469162672758102,
            -0.035005103796720505
        ],
        [
            -0.0017342297360301018,
            -0.011180786415934563,
            -0.035034410655498505
        ],
        [
            -0.001976914703845978,
            -0.013413891196250916,
            -0.04037253186106682
        ],
        [
            0.08899583667516708,
            0.018363414332270622,
            0.03250891715288162
        ],
        [
            0.0906556099653244,
            0.008979677222669125,
            0.03563685715198517
        ],
        [
            0.09690189361572266,
            0.012601177208125591,
            0.03648325055837631
        ],
        [
            0.09615752846002579,
            0.020734723657369614,
            0.031913720071315765
        ],
        [
            0.07955390959978104,
            0.015173979103565216,
            0.033248014748096466
        ],
        [
            0.08192822337150574,
            0.0042238179594278336,
            0.033823564648628235
        ],
        [
            -0.013829158619046211,
            -0.020475992932915688,
            -0.04249457269906998
        ],
        [
            -0.010210676118731499,
            -0.017427777871489525,
            -0.044701848179101944
        ],
        [
            -0.007508664391934872,
            -0.021449360996484756,
            -0.04367010295391083
        ],
        [
            -0.010202310048043728,
            -0.024897905066609383,
            -0.04048655182123184
        ],
        [
            0.03947035223245621,
            -0.011576568707823753,
            -0.031677283346652985
        ],
        [
            0.041932813823223114,
            -0.0073419902473688126,
            -0.02471758984029293
        ],
        [
            0.02455861307680607,
            -0.01844101957976818,
            -0.03267016261816025
        ],
        [
            0.030784938484430313,
            -0.014829302206635475,
            -0.028635382652282715
        ],
        [
            0.033144183456897736,
            -0.018042761832475662,
            -0.03402930870652199
        ],
        [
            0.027723848819732666,
            -0.02176336571574211,
            -0.03665977716445923
        ],
        [
            0.033570773899555206,
            -0.005127923563122749,
            -0.00744287297129631
        ],
        [
            0.04446689039468765,
            -0.001257963478565216,
            -0.006632630247622728
        ],
        [
            0.043472182005643845,
            -0.004417696967720985,
            -0.012326635420322418
        ],
        [
            0.03156910836696625,
            -0.008550623431801796,
            -0.015104713849723339
        ],
        [
            0.04389860853552818,
            0.007332321256399155,
            0.004527492914348841
        ],
        [
            0.03345458209514618,
            0.00233667716383934,
            0.003100201953202486
        ],
        [
            0.03460139408707619,
            0.00775996595621109,
            0.009603559039533138
        ],
        [
            0.04143320024013519,
            0.011251859366893768,
            0.0090044429525733
        ],
        [
            0.017026375979185104,
            -0.008287298493087292,
            -0.0021729220170527697
        ],
        [
            0.01289382204413414,
            -0.011112138628959656,
            -0.003144157351925969
        ],
        [
            0.012190254405140877,
            -0.008162692189216614,
            -0.0010070792632177472
        ],
        [
            0.01747508905827999,
            -0.006100725382566452,
            0.0007303568418137729
        ],
        [
            0.10348816961050034,
            0.015068124048411846,
            0.03740263730287552
        ],
        [
            0.10321295261383057,
            0.02224605344235897,
            0.030788753181695938
        ],
        [
            0.04089474305510521,
            -0.002683935221284628,
            0.03540985286235809
        ],
        [
            0.044260647147893906,
            0.007910148240625858,
            0.03676114231348038
        ],
        [
            0.031133834272623062,
            0.006871857680380344,
            0.0369277223944664
        ],
        [
            0.03043152019381523,
            -0.005313755013048649,
            0.03621651232242584
        ],
        [
            0.09171081334352493,
            -0.0008676853030920029,
            0.032750729471445084
        ],
        [
            0.09790197759866714,
            0.00267961248755455,
            0.0359291210770607
        ],
        [
            -0.016769491136074066,
            -0.02171146869659424,
            -0.037002768367528915
        ],
        [
            -0.012727750465273857,
            -0.02566402405500412,
            -0.03490982577204704
        ],
        [
            0.08268474042415619,
            0.0005970355123281479,
            -0.04226689413189888
        ],
        [
            0.06124824285507202,
            0.005433661863207817,
            -0.047040969133377075
        ],
        [
            0.09738986939191818,
            -0.002552676945924759,
            -0.0335816815495491
        ],
        [
            0.10624068975448608,
            -0.004975724965333939,
            -0.0247409176081419
        ],
        [
            0.11448409408330917,
            -0.005363186821341515,
            -0.018984168767929077
        ],
        [
            0.02642633579671383,
            -0.01377827674150467,
            -0.023933762684464455
        ],
        [
            0.04632607847452164,
            -0.004429515451192856,
            -0.017413072288036346
        ],
        [
            0.05502178892493248,
            0.004827400669455528,
            -0.004627848044037819
        ],
        [
            0.04891699552536011,
            0.023485278710722923,
            0.018987510353326797
        ],
        [
            0.058538030833005905,
            0.027238767594099045,
            0.01896803267300129
        ],
        [
            0.05607046186923981,
            0.022208718582987785,
            0.00984109751880169
        ],
        [
            0.04827494919300079,
            0.01941554807126522,
            0.012051026336848736
        ],
        [
            0.042623165994882584,
            0.01726418361067772,
            0.03322500362992287
        ],
        [
            0.04048886522650719,
            0.020193185657262802,
            0.026091383770108223
        ],
        [
            0.033224862068891525,
            0.017520267516374588,
            0.02597464993596077
        ],
        [
            0.032920416444540024,
            0.014848974533379078,
            0.03303896263241768
        ],
        [
            0.04143974184989929,
            -0.003901566844433546,
            -0.042639609426259995
        ],
        [
            0.056567538529634476,
            -0.012652185745537281,
            -0.042119406163692474
        ],
        [
            0.08774778991937637,
            0.02642419934272766,
            0.02577950619161129
        ],
        [
            0.09531500190496445,
            0.02675717882812023,
            0.023822370916604996
        ],
        [
            0.1038309708237648,
            0.026339299976825714,
            0.024263374507427216
        ],
        [
            0.07495184987783432,
            0.016941571608185768,
            -0.004746183753013611
        ],
        [
            0.08792043477296829,
            0.022279100492596626,
            -0.005053521599620581
        ],
        [
            0.08814401179552078,
            0.020568298175930977,
            -0.00936825480312109
        ],
        [
            0.07591670006513596,
            0.014020144939422607,
            -0.007186709903180599
        ],
        [
            0.07040541619062424,
            0.009942620992660522,
            -0.015952128916978836
        ],
        [
            0.07953951507806778,
            0.018509794026613235,
            -0.019334865733981133
        ],
        [
            0.0604444295167923,
            0.011461781337857246,
            -0.017701733857393265
        ],
        [
            0.1016615778207779,
            0.019231513142585754,
            -0.00791633315384388
        ],
        [
            0.10852417349815369,
            0.023460883647203445,
            -0.00013048294931650162
        ],
        [
            0.11101704835891724,
            0.018815362825989723,
            -0.00729700643569231
        ],
        [
            0.10664832592010498,
            0.026621824130415916,
            0.008921084925532341
        ],
        [
            0.10488304495811462,
            0.027989355847239494,
            0.01750124990940094
        ],
        [
            0.10538522899150848,
            0.0036109834909439087,
            0.03986568748950958
        ],
        [
            0.11252220720052719,
            0.013347921893000603,
            -0.013283966109156609
        ],
        [
            0.04602918028831482,
            0.019181136041879654,
            -0.02982497587800026
        ],
        [
            0.03815338760614395,
            0.018964514136314392,
            -0.033459510654211044
        ],
        [
            0.036463163793087006,
            0.01394131314009428,
            -0.027958568185567856
        ],
        [
            0.0437474325299263,
            0.013474447652697563,
            -0.024132058024406433
        ],
        [
            0.026681482791900635,
            -0.034478187561035156,
            -0.03619777038693428
        ],
        [
            0.027307353913784027,
            -0.02711375057697296,
            -0.03839173913002014
        ],
        [
            0.0349581278860569,
            -0.023458214476704597,
            -0.03706871718168259
        ],
        [
            0.07274562120437622,
            0.026571717113256454,
            0.005222640931606293
        ],
        [
            0.07431785017251968,
            0.030101364478468895,
            0.017248373478651047
        ],
        [
            0.020340176299214363,
            -0.01756805181503296,
            -0.027738263830542564
        ],
        [
            -0.006873585283756256,
            -0.028583578765392303,
            -0.03901804983615875
        ],
        [
            -0.003801463171839714,
            -0.02502698078751564,
            -0.04287395626306534
        ],
        [
            0.012613536790013313,
            -0.03144445642828941,
            -0.039828281849622726
        ],
        [
            0.009118558838963509,
            -0.03576403856277466,
            -0.03554689884185791
        ],
        [
            0.012287097051739693,
            -0.021301617845892906,
            -0.02261030673980713
        ],
        [
            0.01671265810728073,
            -0.018152715638279915,
            -0.027118105441331863
        ],
        [
            0.014642324298620224,
            -0.018487967550754547,
            -0.026307925581932068
        ],
        [
            0.010042169131338596,
            -0.019593175500631332,
            -0.021626977249979973
        ],
        [
            0.015469314530491829,
            -0.002519349567592144,
            0.005613517016172409
        ],
        [
            0.019889455288648605,
            -0.0006859637796878815,
            0.006864991504698992
        ],
        [
            0.021717950701713562,
            -0.03692112863063812,
            -0.010630841366946697
        ],
        [
            0.02666505053639412,
            -0.04418983682990074,
            -0.021103685721755028
        ],
        [
            0.038776982575654984,
            -0.039992555975914,
            -0.019463196396827698
        ],
        [
            0.03431208059191704,
            -0.0010112766176462173,
            -0.001279973890632391
        ],
        [
            0.02459312044084072,
            -0.0041520241647958755,
            -0.0013875416480004787
        ],
        [
            0.024791963398456573,
            -0.0019962191581726074,
            0.002075551776215434
        ],
        [
            0.02264067903161049,
            -0.014218736439943314,
            -0.0211392343044281
        ],
        [
            0.017061443999409676,
            -0.017659077420830727,
            -0.022705113515257835
        ],
        [
            0.01802283525466919,
            -0.016081951558589935,
            -0.018629001453518867
        ],
        [
            0.02347451075911522,
            -0.012034046463668346,
            -0.0163519736379385
        ],
        [
            0.057327549904584885,
            0.010041952133178711,
            0.03669559210538864
        ],
        [
            0.054881345480680466,
            0.02089076302945614,
            0.03296815603971481
        ],
        [
            -0.0066596404649317265,
            -0.014464199542999268,
            -0.04400843381881714
        ],
        [
            -0.004130436107516289,
            -0.017234420403838158,
            -0.04357101768255234
        ],
        [
            0.04495639726519585,
            0.002753050997853279,
            -0.0006796978414058685
        ],
        [
            0.05222184956073761,
            -0.03359173238277435,
            -0.01798609271645546
        ],
        [
            0.054934971034526825,
            0.00807240791618824,
            -0.00021459953859448433
        ],
        [
            0.018355824053287506,
            -0.011337426491081715,
            0.02278612181544304
        ],
        [
            0.016632473096251488,
            -0.0030591264367103577,
            0.020573647692799568
        ],
        [
            0.013434071093797684,
            -0.0022172201424837112,
            0.018053241074085236
        ],
        [
            0.01188381016254425,
            -0.007697852328419685,
            0.019283603876829147
        ],
        [
            -0.0032542506232857704,
            -0.01573050767183304,
            -0.023951461538672447
        ],
        [
            -0.0011352496221661568,
            -0.012395449914038181,
            -0.028330523520708084
        ],
        [
            -0.0034980345517396927,
            -0.011087195947766304,
            -0.029030336067080498
        ],
        [
            -0.006813669577240944,
            -0.013997800648212433,
            -0.025013210251927376
        ],
        [
            0.01960461586713791,
            -0.018593816086649895,
            -0.03224784508347511
        ],
        [
            0.02179894410073757,
            -0.021775586530566216,
            -0.03732012212276459
        ],
        [
            0.016606993973255157,
            -0.020272154361009598,
            -0.037085533142089844
        ],
        [
            0.015452230349183083,
            -0.018384164199233055,
            -0.03145864978432655
        ],
        [
            0.02098439261317253,
            -0.02737009897828102,
            -0.03932352364063263
        ],
        [
            0.015587047673761845,
            -0.025808392092585564,
            -0.04014426842331886
        ],
        [
            -0.006382674910128117,
            -0.021247273311018944,
            -0.022868162021040916
        ],
        [
            -0.008976150304079056,
            -0.02701745182275772,
            -0.026946771889925003
        ],
        [
            0.005387082230299711,
            -0.03302735835313797,
            -0.022106222808361053
        ],
        [
            0.005421401001513004,
            -0.0254831500351429,
            -0.01998899132013321
        ],
        [
            0.07028413563966751,
            -0.013240741565823555,
            0.02240745536983013
        ],
        [
            0.0697854608297348,
            -0.005170063115656376,
            0.030042367056012154
        ],
        [
            0.05457811802625656,
            -0.007350109983235598,
            0.02928503230214119
        ],
        [
            0.03922543674707413,
            -0.0101777333766222,
            0.029710181057453156
        ],
        [
            0.025128737092018127,
            -0.012391334399580956,
            0.02841964177787304
        ],
        [
            0.025063389912247658,
            -0.02281245030462742,
            0.021740902215242386
        ],
        [
            0.055697374045848846,
            -0.0008168807253241539,
            0.03422452509403229
        ],
        [
            0.013035341165959835,
            -0.026987476274371147,
            -0.016955140978097916
        ],
        [
            0.015085501596331596,
            -0.035881005227565765,
            -0.018402067944407463
        ],
        [
            0.014938087202608585,
            -0.032240692526102066,
            -0.014139045961201191
        ],
        [
            0.053690869361162186,
            0.01339755579829216,
            0.004848416894674301
        ],
        [
            -0.0009876638650894165,
            -0.020481109619140625,
            -0.043456070125103
        ],
        [
            0.10539954155683517,
            -0.01897599548101425,
            -0.003843240439891815
        ],
        [
            0.1030963808298111,
            -0.017937153577804565,
            0.009765325114130974
        ],
        [
            0.09538444876670837,
            -0.019845305010676384,
            0.005979681387543678
        ],
        [
            0.09742741286754608,
            -0.02014731988310814,
            -0.010099146515130997
        ],
        [
            0.0005915239453315735,
            -0.01222604513168335,
            -0.0351334810256958
        ],
        [
            0.001104137860238552,
            -0.015129761770367622,
            -0.04081715643405914
        ],
        [
            0.019047264009714127,
            0.0037214476615190506,
            0.011354228481650352
        ],
        [
            0.015089835971593857,
            0.0011826874688267708,
            0.01006210409104824
        ],
        [
            0.014541400596499443,
            0.0020794300362467766,
            0.013459710404276848
        ],
        [
            0.0169959906488657,
            0.006174386478960514,
            0.01456832978874445
        ],
        [
            0.07083147764205933,
            -0.00025799311697483063,
            0.03332287445664406
        ],
        [
            0.02343432791531086,
            0.010806555859744549,
            0.033802635967731476
        ],
        [
            0.022393077611923218,
            -0.001556255156174302,
            0.033889323472976685
        ],
        [
            0.08289223909378052,
            -0.0036707837134599686,
            0.030434846878051758
        ],
        [
            0.08355078101158142,
            -0.011182098649442196,
            0.024250062182545662
        ],
        [
            0.09296945482492447,
            -0.009441694244742393,
            0.026101816445589066
        ],
        [
            0.019510339945554733,
            -0.028200993314385414,
            0.008617375046014786
        ],
        [
            0.06858929246664047,
            -0.018834806978702545,
            0.01601373963057995
        ],
        [
            0.08267368376255035,
            -0.01571941189467907,
            0.018161606043577194
        ],
        [
            0.09387482702732086,
            -0.013851595111191273,
            0.020104482769966125
        ],
        [
            0.10178542882204056,
            -0.012742157094180584,
            0.022427596151828766
        ],
        [
            0.09997505694627762,
            -0.007883388549089432,
            0.02867821976542473
        ],
        [
            -0.008686045184731483,
            -0.02876284159719944,
            -0.032930996268987656
        ],
        [
            -0.013852632604539394,
            -0.02355538122355938,
            -0.028220251202583313
        ],
        [
            0.10803213715553284,
            -0.007300735451281071,
            0.032780278474092484
        ],
        [
            0.10970043390989304,
            -0.012249507009983063,
            0.02514646202325821
        ],
        [
            0.08247886598110199,
            -0.02023627795279026,
            0.010140263475477695
        ],
        [
            0.0821409523487091,
            -0.024367835372686386,
            -0.0010194964706897736
        ],
        [
            0.06883957982063293,
            -0.02288513258099556,
            0.008276528678834438
        ],
        [
            0.06751935929059982,
            -0.027443742379546165,
            -0.0024494249373674393
        ],
        [
            0.022702008485794067,
            -0.03776014968752861,
            0.003264589235186577
        ],
        [
            -0.023171257227659225,
            -0.007233817130327225,
            -0.03046553209424019
        ],
        [
            -0.016416171565651894,
            -0.015451239421963692,
            -0.026540100574493408
        ],
        [
            -0.011753832921385765,
            -0.011928854510188103,
            -0.026153475046157837
        ],
        [
            -0.01995660364627838,
            -0.005217570811510086,
            -0.028435125946998596
        ],
        [
            -0.010600517503917217,
            -0.018449850380420685,
            -0.024379858747124672
        ],
        [
            -0.018010707572102547,
            -0.019454028457403183,
            -0.03032032400369644
        ],
        [
            0.06690675020217896,
            -0.028460612520575523,
            -0.01766239106655121
        ],
        [
            0.013229357078671455,
            -0.01916620135307312,
            -0.01957649737596512
        ],
        [
            0.08239384740591049,
            -0.022627178579568863,
            -0.020307032391428947
        ],
        [
            0.05975203216075897,
            -0.026861315593123436,
            -0.03240795433521271
        ],
        [
            0.0701555609703064,
            -0.019931375980377197,
            -0.03550098463892937
        ],
        [
            0.09808528423309326,
            -0.015095178037881851,
            -0.02453666552901268
        ],
        [
            0.0843915119767189,
            -0.01277756318449974,
