{
    "pred_cam": [
        9.829273223876953,
        -0.14993105828762054,
        -0.05660582333803177
    ],
    "pred_mano_params": {
        "global_orient": [
            [
                [
                    -0.16873706877231598,
                    -0.9742234945297241,
                    0.1497209072113037
                ],
                [
                    -0.6118146181106567,
                    -0.015572070144116879,
                    -0.7908477783203125
                ],
                [
                    0.7727939486503601,
                    -0.225046768784523,
                    -0.5934165716171265
                ]
            ]
        ],
        "hand_pose": [
            [
                [
                    0.6579141020774841,
                    -0.6033403277397156,
                    -0.4506988525390625
                ],
                [
                    0.5868297815322876,
                    0.785803496837616,
                    -0.19530411064624786
                ],
                [
                    0.4719955623149872,
                    -0.13599015772342682,
                    0.8710492849349976
                ]
            ],
            [
                [
                    0.9916276335716248,
                    -0.07775163650512695,
                    0.10309892892837524
                ],
                [
                    0.0956747755408287,
                    0.9785921573638916,
                    -0.1822189837694168
                ],
                [
                    -0.08672396838665009,
                    0.1905573308467865,
                    0.9778379201889038
                ]
            ],
            [
                [
                    0.8557376861572266,
                    -0.5173565149307251,
                    0.007431754842400551
                ],
                [
                    0.49962127208709717,
                    0.8224982023239136,
                    -0.27180030941963196
                ],
                [
                    0.13450506329536438,
                    0.23630283772945404,
                    0.9623250365257263
                ]
            ],
            [
                [
                    0.653153121471405,
                    -0.6774508357048035,
                    -0.33830660581588745
                ],
                [
                    0.6646720767021179,
                    0.7269576787948608,
                    -0.17246322333812714
                ],
                [
                    0.3627699315547943,
                    -0.11221804469823837,
                    0.9250973463058472
                ]
            ],
            [
                [
                    0.9761179089546204,
                    -0.20263522863388062,
                    -0.07831229269504547
                ],
                [
                    0.21652229130268097,
                    0.9367821216583252,
                    0.27487683296203613
                ],
                [
                    0.017661839723587036,
                    -0.28526854515075684,
                    0.958284854888916
                ]
            ],
            [
                [
                    0.8024773001670837,
                    -0.5602259039878845,
                    -0.2053707242012024
                ],
                [
                    0.5869447588920593,
                    0.8030790090560913,
                    0.10276125371456146
                ],
                [
                    0.10735942423343658,
                    -0.203004851937294,
                    0.9732743501663208
                ]
            ],
            [
                [
                    0.4024927020072937,
                    -0.7929791808128357,
                    0.45736607909202576
                ],
                [
                    0.7592945098876953,
                    0.568274199962616,
                    0.31707465648651123
                ],
                [
                    -0.5113429427146912,
                    0.21965530514717102,
                    0.8308309316635132
                ]
            ],
            [
                [
                    0.92801833152771,
                    -0.11657528579235077,
                    -0.3538251519203186
                ],
                [
                    0.2190060168504715,
                    0.9390409588813782,
                    0.2650253176689148
                ],
                [
                    0.3013609051704407,
                    -0.3234381675720215,
                    0.8969779014587402
                ]
            ],
            [
                [
                    0.7399700880050659,
                    -0.6336350440979004,
                    0.22572340071201324
                ],
                [
                    0.6405665278434753,
                    0.766211211681366,
                    0.05093944072723389
                ],
                [
                    -0.20522883534431458,
                    0.10689721256494522,
                    0.9728587865829468
                ]
            ],
            [
                [
                    0.6305022239685059,
                    -0.7759970426559448,
                    -0.01718919537961483
                ],
                [
                    0.7656704783439636,
                    0.6254399418830872,
                    -0.15024493634700775
                ],
                [
                    0.12734045088291168,
                    0.08156851679086685,
                    0.9884993433952332
                ]
            ],
            [
                [
                    0.960903525352478,
                    -0.24392136931419373,
                    -0.13102209568023682
                ],
                [
                    0.27553725242614746,
                    0.8890005350112915,
                    0.3657284677028656
                ],
                [
                    0.027269728481769562,
                    -0.38753125071525574,
                    0.9214531779289246
                ]
            ],
            [
                [
                    0.7756873369216919,
                    -0.5033765435218811,
                    -0.38068506121635437
                ],
                [
                    0.598724901676178,
                    0.7776928544044495,
                    0.1916307657957077
                ],
                [
                    0.19959360361099243,
                    -0.3765711784362793,
                    0.9046305418014526
                ]
            ],
            [
                [
                    0.9887171983718872,
                    0.06898513436317444,
                    -0.13296350836753845
                ],
                [
                    -0.1429130584001541,
                    0.7003613114356995,
                    -0.6993352174758911
                ],
                [
                    0.0448787584900856,
                    0.7104470133781433,
                    0.7023181319236755
                ]
            ],
            [
                [
                    0.8596959114074707,
                    -0.2848221957683563,
                    -0.42402762174606323
                ],
                [
                    0.4462621510028839,
                    0.8226970434188843,
                    0.35216426849365234
                ],
                [
                    0.24854210019111633,
                    -0.4919816255569458,
                    0.8343746662139893
                ]
            ],
            [
                [
                    0.9426800012588501,
                    0.31151169538497925,
                    -0.11964467912912369
                ],
                [
                    -0.31627100706100464,
                    0.9483994245529175,
                    -0.022607555612921715
                ],
                [
                    0.10642843693494797,
                    0.059151843190193176,
                    0.9925593137741089
                ]
            ]
        ],
        "betas": [
            -0.02983999252319336,
            -0.025214403867721558,
            -0.0741894543170929,
            -0.002683490514755249,
            0.0410025417804718,
            0.05098748207092285,
            0.0771685540676117,
            -0.057492345571517944,
            0.03504975140094757,
            0.021147847175598145
        ]
    },
    "pred_cam_t": [
        -0.14993105828762054,
        -0.05660582333803177,
        3.9740984439849854
    ],
    "focal_length": [
        5000.0,
        5000.0
    ],
    "pred_keypoints_3d": [
        [
            0.09589531272649765,
            0.0063927313312888145,
            0.006215446628630161
        ],
        [
            0.1189240962266922,
            0.0009722961112856865,
            -0.024249814450740814
        ],
        [
            0.13799625635147095,
            0.0020182309672236443,
            -0.04840841516852379
        ],
        [
            0.151459738612175,
            0.01860441267490387,
            -0.06514353305101395
        ],
        [
            0.15955452620983124,
            0.03823716193437576,
            -0.09455092251300812
        ],
        [
            0.1189592033624649,
            0.044148195534944534,
            -0.07313600182533264
        ],
        [
            0.13716550171375275,
            0.0708623006939888,
            -0.08036177605390549
        ],
        [
            0.1535521149635315,
            0.08587941527366638,
            -0.08184590190649033
        ],
        [
            0.1744014173746109,
            0.09855295717716217,
            -0.07347743213176727
        ],
        [
            0.11283592879772186,
            0.06714044511318207,
            -0.06475196033716202
        ],
        [
            0.13165436685085297,
            0.09273788332939148,
            -0.06593266874551773
        ],
        [
            0.1500578224658966,
            0.10639439523220062,
            -0.061522308737039566
        ],
        [
            0.17245402932167053,
            0.11163531988859177,
            -0.04969922825694084
        ],
        [
            0.10956089198589325,
            0.077687568962574,
            -0.04035267233848572
        ],
        [
            0.1307213008403778,
            0.09659719467163086,
            -0.04591098427772522
        ],
        [
            0.15136930346488953,
            0.10826081782579422,
            -0.03850739449262619
        ],
        [
            0.16958661377429962,
            0.11153025180101395,
            -0.020328078418970108
        ],
        [
            0.11075662821531296,
            0.08292235434055328,
            -0.019171390682458878
        ],
        [
            0.12909139692783356,
            0.09222587943077087,
            -0.024159783497452736
        ],
        [
            0.1451270878314972,
            0.10157804936170578,
            -0.02012435905635357
        ],
        [
            0.15986710786819458,
            0.1022912785410881,
            -0.011755145154893398
        ]
    ],
    "pred_vertices": [
        [
            0.12348160147666931,
            0.024413567036390305,
            -0.038250986486673355
        ],
        [
            0.12351718544960022,
            0.01876113936305046,
            -0.02926628664135933
        ],
        [
            0.1300833821296692,
            0.017988750711083412,
            -0.03749715909361839
        ],
        [
            0.12880948185920715,
            0.022450141608715057,
            -0.04610448330640793
        ],
        [
            0.13678956031799316,
            0.004999440163373947,
            -0.02121010422706604
        ],
        [
            0.13708476722240448,
            -0.007369723170995712,
            -0.02099694311618805
        ],
        [
            0.14564943313598633,
            -0.0029020272195339203,
            -0.035317275673151016
        ],
        [
            0.1449367254972458,
            0.006853366270661354,
            -0.0322905108332634
        ],
        [
            0.1312769204378128,
            0.02067745476961136,
            -0.05302201956510544
        ],
        [
            0.13513153791427612,
            0.017358774319291115,
            -0.0438481830060482
        ],
        [
            0.128843292593956,
            0.017890755087137222,
            -0.055389419198036194
        ],
        [
            0.12043652683496475,
            0.02111212909221649,
            -0.06602414697408676
        ],
        [
            0.125880166888237,
            0.02392416074872017,
            -0.06173960864543915
        ],
        [
            0.11717592179775238,
            0.02644479088485241,
            -0.07249166071414948
        ],
        [
            0.11058936268091202,
            0.015931667760014534,
            -0.06382771581411362
        ],
        [
            0.10772617906332016,
            0.028914716094732285,
            -0.07278274744749069
        ],
        [
            0.09166540205478668,
            0.030348775908350945,
            -0.047101736068725586
        ],
        [
            0.08839878439903259,
            0.038508735597133636,
            -0.036709852516651154
        ],
        [
            0.09143415838479996,
            0.05074566602706909,
            -0.0488453209400177
        ],
        [
            0.09536920487880707,
            0.041291192173957825,
            -0.05802622810006142
        ],
        [
            0.09052209556102753,
            0.0582529753446579,
            -0.02921992354094982
        ],
        [
            0.09111902117729187,
            0.05477382615208626,
            -0.04063304141163826
        ],
        [
            0.08684586733579636,
            0.04259435459971428,
            -0.028790056705474854
        ],
        [
            0.0867992639541626,
            0.04622894525527954,
            -0.01916063204407692
        ],
        [
            0.11713310331106186,
            0.029716581106185913,
            -0.02411758154630661
        ],
        [
            0.11626074463129044,
            0.02372288703918457,
            -0.015178043395280838
        ],
        [
            0.11755835264921188,
            0.021450333297252655,
            -0.020453553646802902
        ],
        [
            0.11867448687553406,
            0.027039315551519394,
            -0.028821714222431183
        ],
        [
            0.13177300989627838,
            0.010399386286735535,
            -0.05812453478574753
        ],
        [
            0.12141237407922745,
            0.004151560366153717,
            -0.0571155846118927
        ],
        [
            0.12327896058559418,
            0.01184234768152237,
            -0.058055661618709564
        ],
        [
            0.1344599574804306,
            0.014550523832440376,
            -0.0552850142121315
        ],
        [
            0.11794445663690567,
            0.014381453394889832,
            0.012390285730361938
        ],
        [
            0.11048614978790283,
            0.00511130690574646,
            0.01883450150489807
        ],
        [
            0.11094027757644653,
            0.0009412765502929688,
            0.01469770073890686
        ],
        [
            0.1171669289469719,
            0.010452434420585632,
            0.009547591209411621
        ],
        [
            0.1212432011961937,
            -0.010102249681949615,
            -0.0027384385466575623
        ],
        [
            0.11241653561592102,
            -0.012879081070423126,
            0.002992875874042511
        ],
        [
            0.10445109009742737,
            -0.023356087505817413,
            -0.0012364238500595093
        ],
        [
            0.11054139584302902,
            -0.02104249596595764,
            -0.009331680834293365
        ],
        [
            0.1301036775112152,
            -0.008565455675125122,
            -0.011512011289596558
        ],
        [
            0.1221722811460495,
            -0.019238367676734924,
            -0.01642083376646042
        ],
        [
            0.13150955736637115,
            -0.016361065208911896,
            -0.026209913194179535
        ],
        [
            0.14175577461719513,
            -0.009700559079647064,
            -0.04060795530676842
        ],
        [
            0.10650396347045898,
            0.014142327010631561,
            0.027079693973064423
        ],
        [
            0.11190065741539001,
            0.022165540605783463,
            0.02376733347773552
        ],
        [
            0.1478274166584015,
            0.06776796281337738,
            -0.07989798486232758
        ],
        [
            0.14691711962223053,
            0.0708579421043396,
            -0.07501006126403809
        ],
        [
            0.14431478083133698,
            0.06621907651424408,
            -0.07425310462713242
        ],
        [
            0.14532694220542908,
            0.06426563113927841,
            -0.07965514808893204
        ],
        [
            0.0918070524930954,
            0.028078977018594742,
            0.026193741708993912
        ],
        [
            0.08250376582145691,
            0.028074342757463455,
            0.02226174995303154
        ],
        [
            0.08232641220092773,
            0.02379341423511505,
            0.02818487584590912
        ],
        [
            0.09121157228946686,
            0.022141486406326294,
            0.030870113521814346
        ],
        [
            0.09265446662902832,
            0.0358845517039299,
            0.019980352371931076
        ],
        [
            0.08341145515441895,
            0.033687226474285126,
            0.013858310878276825
        ],
        [
            0.14135503768920898,
            0.07325001806020737,
            -0.08951490372419357
        ],
        [
            0.1450285017490387,
            0.06987224519252777,
            -0.08812113851308823
        ],
        [
            0.14079801738262177,
            0.06673412024974823,
            -0.08830247819423676
        ],
        [
            0.1366821527481079,
            0.06990271806716919,
            -0.08853806555271149
        ],
        [
            0.127393901348114,
            0.026619618758559227,
            -0.05473071709275246
        ],
        [
            0.12509101629257202,
            0.02990068681538105,
            -0.04605070501565933
        ],
        [
            0.128046452999115,
            0.038171492516994476,
            -0.06671356409788132
        ],
        [
            0.12579768896102905,
            0.03615448996424675,
            -0.058349765837192535
        ],
        [
            0.12597918510437012,
            0.030499208718538284,
            -0.06302434206008911
        ],
        [
            0.1267775148153305,
            0.033386364579200745,
            -0.06997419893741608
        ],
        [
            0.11919345706701279,
            0.04743035137653351,
            -0.03826750069856644
        ],
        [
            0.11733370274305344,
            0.039310529828071594,
            -0.03005325049161911
        ],
        [
            0.11885837465524673,
            0.03653920814394951,
            -0.03591301292181015
        ],
        [
            0.12194953858852386,
            0.04423783719539642,
            -0.04584655165672302
        ],
        [
            0.11718827486038208,
            0.047102056443691254,
            -0.018149252980947495
        ],
        [
            0.11854767054319382,
            0.054457083344459534,
            -0.027300456538796425
        ],
        [
            0.11818335950374603,
            0.05801951140165329,
            -0.01944105327129364
        ],
        [
            0.11832315474748611,
            0.05213950574398041,
            -0.014124631881713867
        ],
        [
            0.1205313503742218,
            0.06400791555643082,
            -0.04535401239991188
        ],
        [
            0.12053152918815613,
            0.06758931279182434,
            -0.05015495419502258
        ],
        [
            0.12205994874238968,
            0.07110562175512314,
            -0.046985507011413574
        ],
        [
            0.12016100436449051,
            0.06599394232034683,
            -0.04195788502693176
        ],
        [
            0.08113990724086761,
            0.01921815425157547,
            0.033501025289297104
        ],
        [
            0.09035395085811615,
            0.01591981202363968,
            0.03460797667503357
        ],
        [
            0.09278251230716705,
            0.06684252619743347,
            -0.009045705199241638
        ],
        [
            0.09838074445724487,
            0.06633493304252625,
            0.0007198378443717957
        ],
        [
            0.10039810091257095,
            0.0781034454703331,
            -0.006418824195861816
        ],
        [
            0.09323649108409882,
            0.07581603527069092,
            -0.015479877591133118
        ],
        [
            0.07657527178525925,
            0.02490994706749916,
            0.014327317476272583
        ],
        [
            0.07500484585762024,
            0.022063255310058594,
            0.021487843245267868
        ],
        [
            0.1377898007631302,
            0.07780426740646362,
            -0.08732515573501587
        ],
        [
            0.1335347294807434,
            0.07389798015356064,
            -0.08536911010742188
        ],
        [
            0.11916234344244003,
            -0.01945810765028,
            -0.030905939638614655
        ],
        [
            0.13410529494285583,
            -0.01239311508834362,
            -0.04575439915060997
        ],
        [
            0.10738413780927658,
            -0.021513942629098892,
            -0.019784927368164062
        ],
        [
            0.09893820434808731,
            -0.022026922553777695,
            -0.01236821711063385
        ],
        [
            0.09346543997526169,
            -0.02504410594701767,
            -0.006040461361408234
        ],
        [
            0.125400111079216,
            0.04245303198695183,
            -0.05699717625975609
        ],
        [
            0.12099716812372208,
            0.03116728737950325,
            -0.037600427865982056
        ],
        [
            0.11646712571382523,
            0.03239184245467186,
            -0.019802913069725037
        ],
        [
            0.11848805099725723,
            0.05282720550894737,
            0.003372758626937866
        ],
        [
            0.11757620424032211,
            0.04510553181171417,
            0.010477036237716675
        ],
        [
            0.12016703188419342,
            0.0413399301469326,
            0.0007532387971878052
        ],
        [
            0.11984115093946457,
            0.04891560971736908,
            -0.0036047250032424927
        ],
        [
            0.10768470913171768,
            0.06644254177808762,
            0.0042205676436424255
        ],
        [
            0.11493749916553497,
            0.06419989466667175,
            0.0010221749544143677
        ],
        [
            0.11492760479450226,
            0.07127869874238968,
            -0.004481736570596695
        ],
        [
            0.10822087526321411,
            0.0755186676979065,
            -0.0023141205310821533
        ],
        [
            0.1327911764383316,
            0.00383029505610466,
            -0.061472322791814804
        ],
        [
            0.12129907310009003,
            -0.0032828599214553833,
            -0.05587313696742058
        ],
        [
            0.10203512012958527,
            0.025535032153129578,
            0.027408558875322342
        ],
        [
            0.10060100257396698,
            0.018328599631786346,
            0.030087247490882874
        ],
        [
            0.09691938757896423,
            0.01176605373620987,
            0.034050606191158295
        ],
        [
            0.11794103682041168,
            0.01809746026992798,
            -0.0019415616989135742
        ],
        [
            0.11681422591209412,
            0.007679633796215057,
            0.007607609033584595
        ],
        [
            0.11815541237592697,
            0.005199164152145386,
            0.0041885897517204285
        ],
        [
            0.11736124753952026,
            0.01655888557434082,
            -0.00477658212184906
        ],
        [
            0.12607841193675995,
            0.013733718544244766,
            -0.018938098102808
        ],
        [
            0.1282425969839096,
            0.004151888191699982,
            -0.009646043181419373
        ],
        [
            0.13378223776817322,
            0.014810414984822273,
            -0.0279683917760849
        ],
        [
            0.11116646975278854,
            -0.005910415202379227,
            0.010314710438251495
        ],
        [
            0.10745415091514587,
            -0.006726432591676712,
            0.020630374550819397
        ],
        [
            0.10723325610160828,
            -0.013356290757656097,
            0.01467946171760559
        ],
        [
            0.1051066443324089,
            0.0003922805190086365,
            0.02697829157114029
        ],
        [
            0.10167920589447021,
            0.007006935775279999,
            0.031910039484500885
        ],
        [
            0.0706038624048233,
            0.018448427319526672,
            0.027863673865795135
        ],
        [
            0.10578712075948715,
            -0.018593817949295044,
            0.00826321542263031
        ],
        [
            0.14906686544418335,
            0.00811818614602089,
            -0.04084152355790138
        ],
        [
            0.15158143639564514,
            0.010831091552972794,
            -0.048035308718681335
        ],
        [
            0.1466914564371109,
            0.016004350036382675,
            -0.047275394201278687
        ],
        [
            0.14398029446601868,
            0.01411907747387886,
            -0.041698578745126724
        ],
        [
            0.11726877093315125,
            0.034277450293302536,
            -0.07884732633829117
        ],
        [
            0.12394879758358002,
            0.032585516571998596,
            -0.07512106001377106
        ],
        [
            0.12324387580156326,
            0.026071496307849884,
            -0.06823089718818665
        ],
        [
            0.11967793852090836,
            0.025369100272655487,
            0.008985660970211029
        ],
        [
            0.11466039717197418,
            0.031479913741350174,
            0.01888672262430191
        ],
        [
            0.1273154765367508,
            0.04421239346265793,
            -0.0648968294262886
        ],
        [
            0.1322607547044754,
            0.06695844233036041,
            -0.08789241313934326
        ],
        [
            0.13678275048732758,
            0.0631822943687439,
            -0.08781062066555023
        ],
        [
            0.12608274817466736,
            0.04733576253056526,
            -0.08421579003334045
        ],
        [
            0.12119809538125992,
            0.052236124873161316,
            -0.08489392697811127
        ],
        [
            0.12429071962833405,
            0.05391174554824829,
            -0.06687050312757492
        ],
        [
            0.12768329679965973,
            0.047445595264434814,
            -0.06598164886236191
        ],
        [
            0.1275717318058014,
            0.050045959651470184,
            -0.06600719690322876
        ],
        [
            0.12533330917358398,
            0.056198325008153915,
            -0.06476040929555893
        ],
        [
            0.12082063406705856,
            0.07319473475217819,
            -0.03800342604517937
        ],
        [
            0.1194019615650177,
            0.0685284361243248,
            -0.03367171809077263
        ],
        [
            0.10274076461791992,
            0.05247154459357262,
            -0.06719285994768143
        ],
        [
            0.10145608335733414,
            0.042420290410518646,
            -0.07553106546401978
        ],
        [
            0.09902166575193405,
            0.033162374049425125,
            -0.06660384684801102
        ],
        [
            0.11831735074520111,
            0.05083071067929268,
            -0.03164009377360344
        ],
        [
            0.11993139982223511,
            0.05852380022406578,
            -0.03843970596790314
        ],
        [
            0.1194039061665535,
            0.06075875461101532,
            -0.034939538687467575
        ],
        [
            0.12488450855016708,
            0.04720762372016907,
            -0.05745067447423935
        ],
        [
            0.12550197541713715,
            0.0499560721218586,
            -0.0632222592830658
        ],
        [
            0.12406554818153381,
            0.05272463709115982,
            -0.0594978854060173
        ],
        [
            0.12332753092050552,
            0.04988032206892967,
            -0.052763134241104126
        ],
        [
            0.0954056829214096,
            0.055489398539066315,
            0.008079275488853455
        ],
        [
            0.10632873326539993,
            0.056053340435028076,
            0.012287002056837082
        ],
        [
            0.14724844694137573,
            0.0676383450627327,
            -0.08467870205640793
        ],
        [
            0.14385956525802612,
            0.06441202014684677,
            -0.08483407646417618
        ],
        [
            0.11654988676309586,
            0.04278998821973801,
            -0.02371900901198387
        ],
        [
            0.09724624454975128,
            0.02347780019044876,
            -0.054917894303798676
        ],
        [
            0.11617767065763474,
            0.035305991768836975,
            -0.015108495950698853
        ],
        [
            0.10151775181293488,
            0.07691136747598648,
            -0.03315645083785057
        ],
        [
            0.10917745530605316,
            0.07911932468414307,
            -0.02935503050684929
        ],
        [
            0.11185194551944733,
            0.08147916197776794,
            -0.03281938284635544
        ],
        [
            0.10704003274440765,
            0.08199124038219452,
            -0.03699900582432747
        ],
        [
            0.1335868239402771,
            0.06941131502389908,
            -0.06832875311374664
        ],
        [
            0.13829630613327026,
            0.06594618409872055,
            -0.0688120424747467
        ],
        [
            0.14136528968811035,
            0.07015104591846466,
            -0.07023198902606964
        ],
        [
            0.13704805076122284,
            0.07403254508972168,
            -0.07010753452777863
        ],
        [
            0.12946060299873352,
            0.042641349136829376,
            -0.06882622838020325
        ],
        [
            0.12922658026218414,
            0.038424573838710785,
            -0.0734214335680008
        ],
        [
            0.13193672895431519,
            0.044097013771533966,
            -0.07423340529203415
        ],
        [
            0.13043680787086487,
            0.04731578007340431,
            -0.06937861442565918
        ],
        [
            0.12638068199157715,
            0.03866925835609436,
            -0.0786375030875206
        ],
        [
            0.12980234622955322,
            0.044248368591070175,
            -0.08011110126972198
        ],
        [
            0.1289811134338379,
            0.07222648710012436,
            -0.07206887751817703
        ],
        [
            0.12657903134822845,
            0.0727527067065239,
            -0.07920118421316147
        ],
        [
            0.11616846174001694,
            0.06064875051379204,
            -0.07519285380840302
        ],
        [
            0.12118098884820938,
            0.06127225607633591,
            -0.06871109455823898
        ],
        [
            0.08186520636081696,
            0.03504553064703941,
            -0.009986314922571182
        ],
        [
            0.08346661180257797,
            0.04050781577825546,
            -0.00036171823740005493
        ],
        [
            0.08819975703954697,
            0.051928818225860596,
            -0.009247984737157822
        ],
        [
            0.09155028313398361,
            0.06396499276161194,
            -0.01795041561126709
        ],
        [
            0.0957089439034462,
            0.0741804838180542,
            -0.027038903906941414
        ],
        [
            0.09278161078691483,
            0.06877510249614716,
            -0.03763531148433685
        ],
        [
            0.08956551551818848,
            0.05448631942272186,
            -0.001503773033618927
        ],
        [
            0.11698415875434875,
            0.05818362906575203,
            -0.06889477372169495
        ],
        [
            0.10981282591819763,
            0.05369286611676216,
            -0.07292618602514267
        ],
        [
            0.1104249581694603,
            0.05716713145375252,
            -0.06980060786008835
        ],
        [
            0.11755378544330597,
            0.039689116179943085,
            -0.009204022586345673
        ],
        [
            0.14026732742786407,
            0.060573894530534744,
            -0.08470898866653442
        ],
        [
            0.07913421094417572,
            -0.00915529951453209,
            -0.011489838361740112
        ],
        [
            0.07327648997306824,
            0.0008979029953479767,
            -0.004790402948856354
        ],
        [
            0.07690456509590149,
            0.004783757030963898,
            -0.011815842241048813
        ],
        [
            0.08432474732398987,
            -0.006481613963842392,
            -0.01910438761115074
        ],
        [
            0.14175862073898315,
            0.06172062084078789,
            -0.07301060110330582
        ],
        [
            0.1428261548280716,
            0.05964156612753868,
            -0.07892349362373352
        ],
        [
            0.11931905895471573,
            0.07307054102420807,
            -0.028592802584171295
        ],
        [
            0.11998210102319717,
            0.0765974298119545,
            -0.03338255360722542
        ],
        [
            0.118031807243824,
            0.07991842925548553,
            -0.03179330751299858
        ],
        [
            0.11940865218639374,
            0.07847930490970612,
            -0.02599014900624752
        ],
        [
            0.08473218977451324,
            0.04192771017551422,
            0.005335092544555664
        ],
        [
            0.1055665984749794,
            0.08432545512914658,
            -0.011644605547189713
        ],
        [
            0.09859631210565567,
            0.08211563527584076,
            -0.01963474415242672
        ],
        [
            0.0792359858751297,
            0.030407607555389404,
            0.006971701979637146
        ],
        [
            0.07715559750795364,
            0.0256977342069149,
            -0.0013778060674667358
        ],
        [
            0.07375870645046234,
            0.01936955749988556,
            0.005279805511236191
        ],
        [
            0.09828343242406845,
            0.06581713259220123,
            -0.051728274673223495
        ],
        [
            0.0821591466665268,
            0.03225903958082199,
            -0.018245097249746323
        ],
        [
            0.07774525880813599,
            0.02247484400868416,
            -0.008337963372468948
        ],
        [
            0.07370875775814056,
            0.014756448566913605,
            -0.0007047578692436218
        ],
        [
            0.07022055983543396,
            0.009848568588495255,
            0.0051284059882164
        ],
        [
            0.07075987011194229,
            0.01537424698472023,
            0.011116314679384232
        ],
        [
            0.1287492960691452,
            0.07068242132663727,
            -0.08412317931652069
        ],
        [
            0.1313120573759079,
            0.07726875692605972,
            -0.08023688942193985
        ],
        [
            0.06576234847307205,
            0.011379852890968323,
            0.017635691910982132
        ],
        [
            0.06600555777549744,
            0.005131624639034271,
            0.010763153433799744
        ],
        [
            0.07920128107070923,
            0.01756325736641884,
            -0.01601458713412285
        ],
        [
            0.08248459547758102,
            0.01101066917181015,
            -0.024791445583105087
        ],
        [
            0.08366239070892334,
            0.02720559760928154,
            -0.025228317826986313
        ],
        [
            0.08700500428676605,
            0.02162161096930504,
            -0.034806739538908005
        ],
        [
            0.093812957406044,
            0.05886789783835411,
            -0.05914870277047157
        ],
        [
            0.145244762301445,
            0.08971992880105972,
            -0.07999372482299805
        ],
        [
            0.13678798079490662,
            0.08210199326276779,
            -0.07668951898813248
        ],
        [
            0.13988623023033142,
            0.07937631011009216,
            -0.07252366840839386
        ],
        [
            0.14612868428230286,
            0.08854595571756363,
            -0.07575476169586182
        ],
        [
            0.13310781121253967,
            0.07675355672836304,
            -0.07370464503765106
        ],
        [
            0.13557535409927368,
            0.0812603309750557,
            -0.0822865217924118
        ],
        [
            0.09451749175786972,
            0.012274172157049179,
            -0.043831273913383484
        ],
        [
            0.124564528465271,
            0.05676398426294327,
            -0.0647042766213417
        ],
        [
            0.09308504313230515,
            -0.0012945830821990967,
            -0.03298182785511017
        ],
        [
            0.10608691722154617,
            0.005862779915332794,
            -0.05530398339033127
        ],
        [
            0.10744370520114899,
            -0.00441722571849823,
            -0.046775709837675095
        ],
        [
            0.09372030198574066,
            -0.015866108238697052,
            -0.022452708333730698
        ],
        [
            0.10608652979135513,
            -0.0155235156416893,
            -0.034761942923069
        ],
        [
            0.08366663008928299,
            -0.020344242453575134,
            -0.007899045944213867
        ],
        [
            0.0877126157283783,
            -0.016804996877908707,
            -0.014903724193572998
        ],
        [
            0.11975452303886414,
            -0.012950800359249115,
            -0.04618632048368454
        ],
        [
            0.15437950193881989,
            0.07628137618303299,
