{
    "pred_cam": [
        9.540609359741211,
        -0.14703963696956635,
        -0.05979914590716362
    ],
    "pred_mano_params": {
        "global_orient": [
            [
                [
                    -0.11660696566104889,
                    -0.9834283590316772,
                    0.13882148265838623
                ],
                [
                    -0.6252161860466003,
                    -0.03591931238770485,
                    -0.7796245813369751
                ],
                [
                    0.7716913819313049,
                    -0.1777030974626541,
                    -0.6106669306755066
                ]
            ]
        ],
        "hand_pose": [
            [
                [
                    0.7031141519546509,
                    -0.5642681121826172,
                    -0.4327031672000885
                ],
                [
                    0.5429313778877258,
                    0.8189744353294373,
                    -0.18575884401798248
                ],
                [
                    0.4591906666755676,
                    -0.10431847721338272,
                    0.8821913599967957
                ]
            ],
            [
                [
                    0.9872711896896362,
                    -0.13315550982952118,
                    0.08697846531867981
                ],
                [
                    0.14850324392318726,
                    0.9675612449645996,
                    -0.20438222587108612
                ],
                [
                    -0.05694236978888512,
                    0.21469725668430328,
                    0.9750193953514099
                ]
            ],
            [
                [
                    0.8499708771705627,
                    -0.526829719543457,
                    0.00014611324877478182
                ],
                [
                    0.5125485062599182,
                    0.8268658518791199,
                    -0.2314884513616562
                ],
                [
                    0.1218341663479805,
                    0.19683332741260529,
                    0.9728376865386963
                ]
            ],
            [
                [
                    0.6477199792861938,
                    -0.6757643818855286,
                    -0.3518540561199188
                ],
                [
                    0.6552480459213257,
                    0.7297353148460388,
                    -0.1952853798866272
                ],
                [
                    0.38872724771499634,
                    -0.10406140983104706,
                    0.9154574275016785
                ]
            ],
            [
                [
                    0.9743211269378662,
                    -0.20787681639194489,
                    -0.08651941269636154
                ],
                [
                    0.2241176813840866,
                    0.9323278069496155,
                    0.2837888300418854
                ],
                [
                    0.021671338006854057,
                    -0.29589197039604187,
                    0.9549755454063416
                ]
            ],
            [
                [
                    0.8110963106155396,
                    -0.5626627206802368,
                    -0.15979164838790894
                ],
                [
                    0.5795213580131531,
                    0.8100571036338806,
                    0.0892329216003418
                ],
                [
                    0.07923231273889542,
                    -0.16497915983200073,
                    0.9831094145774841
                ]
            ],
            [
                [
                    0.5152807831764221,
                    -0.7657906413078308,
                    0.3847731053829193
                ],
                [
                    0.7715852856636047,
                    0.6099402904510498,
                    0.18063493072986603
                ],
                [
                    -0.37301716208457947,
                    0.20380756258964539,
                    0.9051632881164551
                ]
            ],
            [
                [
                    0.946709394454956,
                    -0.10505811870098114,
                    -0.3044733703136444
                ],
                [
                    0.202750563621521,
                    0.92889803647995,
                    0.3099042773246765
                ],
                [
                    0.25026676058769226,
                    -0.3551214635372162,
                    0.9006971120834351
                ]
            ],
            [
                [
                    0.7035423517227173,
                    -0.6526941061019897,
                    0.2811020016670227
                ],
                [
                    0.6542473435401917,
                    0.7493166327476501,
                    0.10239638388156891
                ],
                [
                    -0.2774679362773895,
                    0.11187002807855606,
                    0.9541993737220764
                ]
            ],
            [
                [
                    0.6680572628974915,
                    -0.7419062852859497,
                    -0.05722426995635033
                ],
                [
                    0.7222313284873962,
                    0.6650055646896362,
                    -0.19013004004955292
                ],
                [
                    0.17911314964294434,
                    0.08568856865167618,
                    0.9800897240638733
                ]
            ],
            [
                [
                    0.952502429485321,
                    -0.27834320068359375,
                    -0.12354843318462372
                ],
                [
                    0.3044656813144684,
                    0.8788125514984131,
                    0.3674086928367615
                ],
                [
                    0.006310201250016689,
                    -0.38757389783859253,
                    0.9218170642852783
                ]
            ],
            [
                [
                    0.7727612853050232,
                    -0.5547125935554504,
                    -0.30843791365623474
                ],
                [
                    0.6186832189559937,
                    0.7668110132217407,
                    0.1709734946489334
                ],
                [
                    0.14167244732379913,
                    -0.32294705510139465,
                    0.9357532262802124
                ]
            ],
            [
                [
                    0.9866565465927124,
                    0.10422325879335403,
                    -0.12508568167686462
                ],
                [
                    -0.16100335121154785,
                    0.7388663291931152,
                    -0.6543351411819458
                ],
                [
                    0.024224672466516495,
                    0.6657432317733765,
                    0.7457876205444336
                ]
            ],
            [
                [
                    0.8448394536972046,
                    -0.31566154956817627,
                    -0.4319770336151123
                ],
                [
                    0.4677060842514038,
                    0.8278118968009949,
                    0.30980390310287476
                ],
                [
                    0.25980257987976074,
                    -0.46377283334732056,
                    0.8470050096511841
                ]
            ],
            [
                [
                    0.9531301856040955,
                    0.2546054720878601,
                    -0.16345882415771484
                ],
                [
                    -0.2678326964378357,
                    0.9613117575645447,
                    -0.06438442319631577
                ],
                [
                    0.14074227213859558,
                    0.1051463708281517,
                    0.9844469428062439
                ]
            ]
        ],
        "betas": [
            -0.048273563385009766,
            -0.0038940012454986572,
            -0.06598612666130066,
            -0.00015720725059509277,
            0.04586192965507507,
            0.03650406002998352,
            0.07237376272678375,
            -0.06839203834533691,
            0.03992944955825806,
            0.024560362100601196
        ]
    },
    "pred_cam_t": [
        -0.14703963696956635,
        -0.05979914590716362,
        4.0943403244018555
    ],
    "focal_length": [
        5000.0,
        5000.0
    ],
    "pred_keypoints_3d": [
        [
            0.09596709907054901,
            0.006399556528776884,
            0.006214347667992115
        ],
        [
            0.11764732003211975,
            0.0018966360948979855,
            -0.025434967130422592
        ],
        [
            0.13423733413219452,
            0.0023762467317283154,
            -0.05141768604516983
        ],
        [
            0.14678658545017242,
            0.019142115488648415,
            -0.06870787590742111
        ],
        [
            0.15483896434307098,
            0.04087381064891815,
            -0.09645303338766098
        ],
        [
            0.11426928639411926,
            0.04569043219089508,
            -0.07373902946710587
        ],
        [
            0.13015544414520264,
            0.0732351541519165,
            -0.08310690522193909
        ],
        [
            0.1459432691335678,
            0.08884602785110474,
            -0.08508618175983429
        ],
        [
            0.1666901409626007,
            0.10186778008937836,
            -0.07723185420036316
        ],
        [
            0.10800909250974655,
            0.068453349173069,
            -0.06473144888877869
        ],
        [
            0.12560482323169708,
            0.09492930769920349,
            -0.0659058690071106
        ],
        [
            0.14357677102088928,
            0.10919802635908127,
            -0.06158759444952011
        ],
        [
            0.16645017266273499,
            0.11518912762403488,
            -0.05118261277675629
        ],
        [
            0.10568718612194061,
            0.07863110303878784,
            -0.04001365974545479
        ],
        [
            0.12450876086950302,
            0.09966670721769333,
            -0.04634914547204971
        ],
        [
            0.1448051482439041,
            0.11237981170415878,
            -0.039687443524599075
        ],
        [
            0.16469691693782806,
            0.11556737124919891,
            -0.023577261716127396
        ],
        [
            0.1078166589140892,
            0.08363701403141022,
            -0.018816258758306503
        ],
        [
            0.12387166172266006,
            0.09658559411764145,
            -0.0236000195145607
        ],
        [
            0.13887596130371094,
            0.1076188012957573,
            -0.01978205516934395
        ],
        [
            0.1542339324951172,
            0.10813857614994049,
            -0.012936887331306934
        ]
    ],
    "pred_vertices": [
        [
            0.1209990382194519,
            0.025579586625099182,
            -0.03939196094870567
        ],
        [
            0.12175701558589935,
            0.019765740260481834,
            -0.030584458261728287
        ],
        [
            0.1277739405632019,
            0.01887815073132515,
            -0.039479151368141174
        ],
        [
            0.12592466175556183,
            0.023663710802793503,
            -0.04768672212958336
        ],
        [
            0.13552410900592804,
            0.005443796515464783,
            -0.023940391838550568
        ],
        [
            0.13575387001037598,
            -0.007048867642879486,
            -0.023838810622692108
        ],
        [
            0.1430991291999817,
            -0.0026879850775003433,
            -0.03896911442279816
        ],
        [
            0.14265432953834534,
            0.007145389914512634,
            -0.03577202558517456
        ],
        [
            0.12790009379386902,
            0.021775005385279655,
            -0.05491253733634949
        ],
        [
            0.13226258754730225,
            0.018122326582670212,
            -0.04628896340727806
        ],
        [
            0.12513211369514465,
            0.01873713545501232,
            -0.05728745460510254
        ],
        [
            0.11635075509548187,
            0.022301506251096725,
            -0.06713411211967468
        ],
        [
            0.12209689617156982,
            0.025270452722907066,
            -0.06308893859386444
        ],
        [
            0.11278178542852402,
            0.027759429067373276,
            -0.07326336950063705
        ],
        [
            0.1066536083817482,
            0.016918620094656944,
            -0.06441519409418106
        ],
        [
            0.1032627522945404,
            0.029980208724737167,
            -0.07292117923498154
        ],
        [
            0.08854150772094727,
            0.030892716720700264,
            -0.046520404517650604
        ],
        [
            0.08562824875116348,
            0.0388457253575325,
            -0.035878341645002365
        ],
        [
            0.08782756328582764,
            0.05126797407865524,
            -0.04798756539821625
        ],
        [
            0.09149867296218872,
            0.0420190691947937,
            -0.057475894689559937
        ],
        [
            0.08775604516267776,
            0.05839267000555992,
            -0.02813916839659214
        ],
        [
            0.08783166110515594,
            0.055150728672742844,
            -0.039675381034612656
        ],
        [
            0.084373340010643,
            0.042785003781318665,
            -0.027814283967018127
        ],
        [
            0.08472807705402374,
            0.046279046684503555,
            -0.018112920224666595
        ],
        [
            0.11520075052976608,
            0.030615393072366714,
            -0.024815864861011505
        ],
        [
            0.11496054381132126,
            0.024536971002817154,
            -0.015881028026342392
        ],
        [
            0.11614678055047989,
            0.022384576499462128,
            -0.021245650947093964
        ],
        [
            0.11659709364175797,
            0.028036076575517654,
            -0.029627546668052673
        ],
        [
            0.12759250402450562,
            0.010970592498779297,
            -0.06048305332660675
        ],
        [
            0.11758805811405182,
            0.004918806254863739,
            -0.05870792269706726
        ],
        [
            0.11940760910511017,
            0.012647155672311783,
            -0.059677768498659134
        ],
        [
            0.130459725856781,
            0.01506437361240387,
            -0.057786427438259125
        ],
        [
            0.11813940852880478,
            0.014846283942461014,
            0.011424034833908081
        ],
        [
            0.11122454702854156,
            0.00531044602394104,
            0.018100731074810028
        ],
        [
            0.11159012466669083,
            0.0012102052569389343,
            0.01388484239578247
        ],
        [
            0.1173475980758667,
            0.010961588472127914,
            0.008573926985263824
        ],
        [
            0.12131692469120026,
            -0.009663213044404984,
            -0.004352003335952759
        ],
        [
            0.11281584948301315,
            -0.012463323771953583,
            0.001912929117679596
        ],
        [
            0.1047838106751442,
            -0.023128561675548553,
            -0.0020555108785629272
        ],
        [
            0.11026787757873535,
            -0.020693354308605194,
            -0.01045505702495575
        ],
        [
            0.12957006692886353,
            -0.008161846548318863,
            -0.01373550295829773
        ],
        [
            0.1213228702545166,
            -0.018865983933210373,
            -0.018228955566883087
        ],
        [
            0.12974654138088226,
            -0.01603926345705986,
            -0.028749480843544006
        ],
        [
            0.13882723450660706,
            -0.009507149457931519,
            -0.04406902566552162
        ],
        [
            0.10743112117052078,
            0.014156065881252289,
            0.026663735508918762
        ],
        [
            0.1124664768576622,
            0.022345516830682755,
            0.023204810917377472
        ],
        [
            0.14114917814731598,
            0.07045723497867584,
            -0.08296588808298111
        ],
        [
            0.14032691717147827,
            0.07355935126543045,
            -0.07802697271108627
        ],
        [
            0.13808047771453857,
            0.06884738057851791,
            -0.07710960507392883
        ],
        [
            0.13890135288238525,
            0.06685120612382889,
            -0.08253386616706848
        ],
        [
            0.09236599504947662,
            0.027755752205848694,
            0.02670152485370636
        ],
        [
            0.08285559713840485,
            0.027583234012126923,
            0.023224152624607086
        ],
        [
            0.08307942003011703,
            0.02322683483362198,
            0.029096052050590515
        ],
        [
            0.09214159846305847,
            0.021753422915935516,
            0.031322453171014786
        ],
        [
            0.09274183958768845,
            0.03564370423555374,
            0.020545169711112976
        ],
        [
            0.0832209438085556,
            0.03331301733851433,
            0.014851462095975876
        ],
        [
            0.1338893473148346,
            0.07548648864030838,
            -0.09226800501346588
        ],
        [
            0.13781633973121643,
            0.07232066988945007,
            -0.0910642221570015
        ],
        [
            0.13373488187789917,
            0.06893844902515411,
            -0.0909707322716713
        ],
        [
            0.12936921417713165,
            0.07185162603855133,
            -0.09101656079292297
        ],
        [
            0.12399870902299881,
            0.028038622811436653,
            -0.05605847388505936
        ],
        [
            0.12207715958356857,
            0.031227128580212593,
            -0.04716844856739044
        ],
        [
            0.12392710149288177,
            0.04008066654205322,
            -0.06791229546070099
        ],
        [
            0.1220623254776001,
            0.03769008070230484,
            -0.05940122902393341
        ],
        [
            0.12215343117713928,
            0.03206527233123779,
            -0.06417704373598099
        ],
        [
            0.12255723774433136,
            0.03517528623342514,
            -0.07118091732263565
        ],
        [
            0.11615674942731857,
            0.04856715351343155,
            -0.038838766515254974
        ],
        [
            0.11488618701696396,
            0.04028791934251785,
            -0.030642997473478317
        ],
        [
            0.11618372797966003,
            0.037621527910232544,
            -0.03661320358514786
        ],
        [
            0.11861291527748108,
            0.045528754591941833,
            -0.04659775644540787
        ],
        [
            0.11516008526086807,
            0.04795225337147713,
            -0.018630333244800568
        ],
        [
            0.11592469364404678,
            0.05547574907541275,
            -0.027753714472055435
        ],
        [
            0.11590834707021713,
            0.05896977707743645,
            -0.019850555807352066
        ],
        [
            0.11639828979969025,
            0.05298896133899689,
            -0.01460551843047142
        ],
        [
            0.11674222350120544,
            0.06533172726631165,
            -0.045831069350242615
        ],
        [
            0.1163141056895256,
            0.0690101608633995,
            -0.050601109862327576
        ],
        [
            0.11798632144927979,
            0.07291477173566818,
            -0.047562550753355026
        ],
        [
            0.11652519553899765,
            0.06737726926803589,
            -0.0424114391207695
        ],
        [
            0.08226794749498367,
            0.01856303960084915,
            0.0344042107462883
        ],
        [
            0.09161777049303055,
            0.015469543635845184,
            0.03501036763191223
        ],
        [
            0.09091664850711823,
            0.0666741132736206,
            -0.007960431277751923
        ],
        [
            0.09706643223762512,
            0.06628301739692688,
            0.0014703795313835144
        ],
        [
            0.09836097061634064,
            0.07801446318626404,
            -0.0053580887615680695
        ],
        [
            0.09090408682823181,
            0.07557650655508041,
            -0.014076769351959229
        ],
        [
            0.07659012079238892,
            0.02437550574541092,
            0.015531215816736221
        ],
        [
            0.07544957101345062,
            0.02140618860721588,
            0.022730082273483276
        ],
        [
            0.13018454611301422,
            0.07985333353281021,
            -0.08988881856203079
        ],
        [
            0.12615706026554108,
            0.07571001350879669,
            -0.08770760148763657
        ],
        [
            0.11720030009746552,
            -0.01897243782877922,
            -0.032505594193935394
        ],
        [
            0.13077637553215027,
            -0.012072626501321793,
            -0.048594843596220016
        ],
        [
            0.10643371194601059,
            -0.0210379920899868,
            -0.02062910795211792
        ],
        [
            0.09857857972383499,
            -0.02174457162618637,
            -0.01278204470872879
        ],
        [
            0.09358347952365875,
            -0.02498747408390045,
            -0.006272122263908386
        ],
        [
            0.12161992490291595,
            0.04401860013604164,
            -0.05793200433254242
        ],
        [
            0.11837439984083176,
            0.032310694456100464,
            -0.03848128393292427
        ],
        [
            0.1146729588508606,
            0.03321963921189308,
            -0.02043914422392845
        ],
        [
            0.11744090914726257,
            0.05343495309352875,
            0.002885185182094574
        ],
        [
            0.11702138930559158,
            0.045571036636829376,
            0.009941227734088898
        ],
        [
            0.11919752508401871,
            0.04201262816786766,
            4.826486110687256e-05
        ],
        [
            0.11851032823324203,
            0.049658335745334625,
            -0.00420244038105011
        ],
        [
            0.10652144253253937,
            0.06665583699941635,
            0.004473686218261719
        ],
        [
            0.1136283129453659,
            0.06473741680383682,
            0.0008310340344905853
        ],
        [
            0.11325258761644363,
            0.07194021344184875,
            -0.0046253204345703125
        ],
        [
            0.10655458271503448,
            0.07574255764484406,
            -0.0018673501908779144
        ],
        [
            0.1283252090215683,
            0.004407819360494614,
            -0.06398789584636688
        ],
        [
            0.11749190837144852,
            -0.0025863908231258392,
            -0.057529862970113754
        ],
        [
            0.10271074622869492,
            0.02543606236577034,
            0.027376003563404083
        ],
        [
            0.10157883167266846,
            0.01816733181476593,
            0.030019152909517288
        ],
        [
            0.09825128316879272,
            0.011472821235656738,
            0.034068115055561066
        ],
        [
            0.117439866065979,
            0.018796484917402267,
            -0.002816148102283478
        ],
        [
            0.1170039251446724,
            0.008223198354244232,
            0.0066183581948280334
        ],
        [
            0.11831814050674438,
            0.0058007314801216125,
            0.0030893906950950623
        ],
        [
            0.11685767024755478,
            0.017313305288553238,
            -0.0056198835372924805
        ],
        [
            0.12514954805374146,
            0.014540862292051315,
            -0.020590540021657944
        ],
        [
            0.12785662710666656,
            0.004754882305860519,
            -0.011531218886375427
        ],
        [
            0.13214819133281708,
            0.015435952693223953,
            -0.030459631234407425
        ],
        [
            0.11179226636886597,
            -0.005584977567195892,
            0.009404562413692474
        ],
        [
            0.10857971757650375,
            -0.00662105530500412,
            0.01988464593887329
        ],
        [
            0.10822849720716476,
            -0.013195540755987167,
            0.013861455023288727
        ],
        [
            0.10636752843856812,
            0.0003687739372253418,
            0.026442967355251312
        ],
        [
            0.10301509499549866,
            0.00684916228055954,
            0.03162733465433121
        ],
        [
            0.07146194577217102,
            0.01761046051979065,
            0.029270250350236893
        ],
        [
            0.1065608561038971,
            -0.018404126167297363,
            0.007442973554134369
        ],
        [
            0.14604803919792175,
            0.008304163813591003,
            -0.044597044587135315
        ],
        [
            0.14800062775611877,
            0.011049497872591019,
            -0.05177972838282585
        ],
        [
            0.1431240737438202,
            0.016251888126134872,
            -0.050606127828359604
        ],
        [
            0.14085084199905396,
            0.014369247481226921,
            -0.04497808218002319
        ],
        [
            0.11231778562068939,
            0.035670891404151917,
            -0.079583540558815
        ],
        [
            0.11935978382825851,
            0.034264929592609406,
            -0.07623954117298126
        ],
        [
            0.11917106062173843,
            0.027537163347005844,
            -0.06934968382120132
        ],
        [
            0.11944466084241867,
            0.025914102792739868,
            0.008084408938884735
        ],
        [
            0.11478179693222046,
            0.031779155135154724,
            0.018316995352506638
        ],
        [
            0.12313161790370941,
            0.046190906316041946,
            -0.0660495012998581
        ],
        [
            0.12510496377944946,
            0.06872586905956268,
            -0.090082548558712
        ],
        [
            0.12986162304878235,
            0.06520038098096848,
            -0.0902407318353653
        ],
        [
            0.1202351301908493,
            0.04924210160970688,
            -0.08566480875015259
        ],
        [
            0.11505864560604095,
            0.0538581945002079,
            -0.08605709671974182
        ],
        [
            0.11960304528474808,
            0.05596940964460373,
            -0.06803454458713531
        ],
        [
            0.12327903509140015,
            0.049704767763614655,
            -0.0674058049917221
        ],
        [
            0.12300233542919159,
            0.05236715078353882,
            -0.06758323311805725
        ],
        [
            0.12053830921649933,
            0.058418240398168564,
            -0.0662822276353836
        ],
        [
            0.1170448362827301,
            0.07481685280799866,
            -0.03851846978068352
        ],
        [
            0.11607574671506882,
            0.06987081468105316,
            -0.03409886360168457
        ],
        [
            0.09818227589130402,
            0.05349606275558472,
            -0.06690949946641922
        ],
        [
            0.09665383398532867,
            0.04329250007867813,
            -0.07519352436065674
        ],
        [
            0.0948588103055954,
            0.03403849899768829,
            -0.0662352591753006
        ],
        [
            0.11554093658924103,
            0.05187760666012764,
            -0.03212350979447365
        ],
        [
            0.1166488528251648,
            0.05972283333539963,
            -0.03891324996948242
        ],
        [
            0.11625741422176361,
            0.06194724887609482,
            -0.03537154197692871
        ],
        [
            0.12095431983470917,
            0.04878303408622742,
            -0.058320801705121994
        ],
        [
            0.12123949080705643,
            0.05181306600570679,
            -0.06419264525175095
        ],
        [
            0.11987113952636719,
            0.05429324880242348,
            -0.06028356775641441
        ],
        [
            0.11951934546232224,
            0.05130729824304581,
            -0.05352010577917099
        ],
        [
            0.09457138925790787,
            0.0553785040974617,
            0.008792567998170853
        ],
        [
            0.10567472130060196,
            0.05619271099567413,
            0.012456923723220825
        ],
        [
            0.1403350681066513,
            0.07024900615215302,
            -0.08771462738513947
        ],
        [
            0.13714122772216797,
            0.06683683395385742,
            -0.08764013648033142
        ],
        [
            0.11433401703834534,
            0.043682925403118134,
            -0.024221844971179962
        ],
        [
            0.09379605203866959,
            0.024229910224676132,
            -0.05463636294007301
        ],
        [
            0.1145450547337532,
            0.03607296571135521,
            -0.015693344175815582
        ],
        [
            0.0978916808962822,
            0.07746065407991409,
            -0.03240729868412018
        ],
        [
            0.10559363663196564,
            0.08024606108665466,
            -0.02905712090432644
        ],
        [
            0.10771351307630539,
            0.08264283090829849,
            -0.03272789716720581
        ],
        [
            0.10260824114084244,
            0.08289266377687454,
            -0.03658205643296242
        ],
        [
            0.127638578414917,
            0.07174766063690186,
            -0.07064977288246155
        ],
        [
            0.1324959099292755,
            0.06855049729347229,
            -0.07141143083572388
        ],
        [
            0.13516592979431152,
            0.07266870141029358,
            -0.07296675443649292
        ],
        [
            0.13065236806869507,
            0.07631530612707138,
            -0.0726165771484375
        ],
        [
            0.12503691017627716,
            0.04494627192616463,
            -0.07035466283559799
        ],
        [
            0.12461274117231369,
            0.040589552372694016,
            -0.07490472495555878
        ],
        [
            0.12698976695537567,
            0.04650666564702988,
            -0.07607205957174301
        ],
        [
            0.12571752071380615,
            0.0497293695807457,
            -0.07115005701780319
        ],
        [
            0.12134736031293869,
            0.04068644344806671,
            -0.08000588417053223
        ],
        [
            0.12441153824329376,
            0.04642922058701515,
            -0.08179646730422974
        ],
        [
            0.12261959910392761,
            0.0742105096578598,
            -0.07407835125923157
        ],
        [
            0.119730643928051,
            0.07441458851099014,
            -0.08104853332042694
        ],
        [
            0.11037171632051468,
            0.062182486057281494,
            -0.07608838379383087
        ],
        [
            0.1157938539981842,
            0.06316442042589188,
            -0.07001709938049316
        ],
        [
            0.08047561347484589,
            0.03490637615323067,
            -0.008883681148290634
        ],
        [
            0.08242947608232498,
            0.040287479758262634,
            0.0007379986345767975
        ],
        [
            0.08651784062385559,
            0.05186392366886139,
            -0.008180379867553711
        ],
        [
            0.08924559503793716,
            0.06391982734203339,
            -0.01679806038737297
        ],
        [
            0.09284058213233948,
            0.07428212463855743,
            -0.025878984481096268
        ],
        [
            0.08937421441078186,
            0.06900828331708908,
            -0.0364847294986248
        ],
        [
            0.08822992444038391,
            0.05435124784708023,
            -0.0004854835569858551
        ],
        [
            0.11223037540912628,
            0.05981628596782684,
            -0.0692923367023468
        ],
        [
            0.10474518686532974,
            0.05497715622186661,
            -0.0731363445520401
        ],
        [
            0.10568469762802124,
            0.058554794639348984,
            -0.06987038999795914
        ],
        [
            0.11611989140510559,
            0.040421973913908005,
            -0.009802784770727158
        ],
        [
            0.1336742341518402,
            0.0628567785024643,
            -0.0873292088508606
        ],
        [
            0.0786643922328949,
            -0.009340643882751465,
            -0.010814167559146881
        ],
        [
            0.07291924208402634,
            0.0004883445799350739,
            -0.003749378025531769
        ],
        [
            0.07611033320426941,
            0.004553895443677902,
            -0.01089024543762207
        ],
        [
            0.08337222039699554,
            -0.006417602300643921,
            -0.018583517521619797
        ],
        [
            0.13589951395988464,
            0.06442888081073761,
            -0.07579780369997025
        ],
        [
            0.13665515184402466,
            0.06221325695514679,
            -0.08171455562114716
        ],
        [
            0.11596265435218811,
            0.07449053972959518,
            -0.029012953862547874
        ],
        [
            0.11614111810922623,
            0.07811717689037323,
            -0.033818673342466354
        ],
        [
            0.1140027567744255,
            0.081409752368927,
            -0.03209488466382027
        ],
        [
            0.11584334820508957,
            0.08011265844106674,
            -0.02634715661406517
        ],
        [
            0.08395770937204361,
            0.04166090115904808,
            0.006387844681739807
        ],
        [
            0.10212977975606918,
            0.08453402668237686,
            -0.010508406907320023
        ],
        [
            0.0952831506729126,
            0.08233970403671265,
            -0.018171194940805435
        ],
        [
            0.07876304537057877,
            0.030019424855709076,
            0.008125796914100647
        ],
        [
            0.07638629525899887,
            0.02535748854279518,
            -0.0001879967749118805
        ],
        [
            0.0734531581401825,
            0.018873419612646103,
            0.00654224306344986
        ],
        [
            0.09415145218372345,
            0.06658903509378433,
            -0.05104857683181763
        ],
        [
            0.08042719215154648,
            0.032228123396635056,
            -0.01720140501856804
        ],
        [
            0.07671555876731873,
            0.022225964814424515,
            -0.007225193083286285
        ],
        [
            0.0732235312461853,
            0.014319807291030884,
            0.0004937276244163513
        ],
        [
            0.07013171911239624,
            0.009259041398763657,
            0.0064274221658706665
        ],
        [
            0.07083484530448914,
            0.014736488461494446,
            0.012468356639146805
        ],
        [
            0.1216617226600647,
            0.07231786847114563,
            -0.08612566441297531
        ],
        [
            0.12414538860321045,
            0.07907460629940033,
            -0.08241809904575348
        ],
        [
            0.06626483052968979,
            0.010543853044509888,
            0.019176382571458817
        ],
        [
            0.06631113588809967,
            0.004377305507659912,
            0.012203216552734375
        ],
        [
            0.0779118686914444,
            0.017438475042581558,
            -0.015044376254081726
        ],
        [
            0.0808863639831543,
            0.011095985770225525,
            -0.02400348335504532
        ],
        [
            0.08170728385448456,
            0.027296584099531174,
            -0.02433578297495842
        ],
        [
            0.08469372987747192,
            0.021921008825302124,
            -0.03412339836359024
        ],
        [
            0.08951862901449203,
            0.05957460403442383,
            -0.058329734951257706
        ],
        [
            0.13750511407852173,
            0.09230801463127136,
            -0.08291308581829071
        ],
        [
            0.12960593402385712,
            0.0843142718076706,
            -0.07923560589551926
        ],
        [
            0.13302448391914368,
            0.08174647390842438,
            -0.07522257417440414
        ],
        [
            0.13862255215644836,
            0.09116297960281372,
            -0.07873286306858063
        ],
        [
            0.12636473774909973,
            0.0787690132856369,
            -0.0759761705994606
        ],
        [
            0.12814611196517944,
            0.08332942426204681,
            -0.08472339808940887
        ],
        [
            0.09182879328727722,
            0.012854285538196564,
            -0.04353594034910202
        ],
        [
            0.12003123760223389,
            0.05853777751326561,
            -0.06548097729682922
        ],
        [
            0.09117016196250916,
            -0.0008380338549613953,
            -0.032702069729566574
        ],
        [
            0.10265904664993286,
            0.0066724009811878204,
            -0.055731505155563354
        ],
        [
            0.10454673320055008,
            -0.0036971718072891235,
            -0.047357115894556046
        ],
        [
            0.09260962903499603,
            -0.015509333461523056,
            -0.022425435483455658
        ],
        [
            0.10399650037288666,
            -0.014918729662895203,
            -0.03536691889166832
        ],
        [
            0.08360650390386581,
            -0.02048170194029808,
            -0.007589027285575867
        ],
        [
            0.08715813606977463,
            -0.016729183495044708,
            -0.014683537185192108
        ],
        [
            0.11656194180250168,
            -0.012383874505758286,
            -0.047797590494155884
        ],
        [
            0.14729337394237518,
