{
    "pred_cam": [
        6.505861759185791,
        -0.03527607023715973,
        -0.004711739718914032
    ],
    "pred_mano_params": {
        "global_orient": [
            [
                [
                    0.9157348275184631,
                    0.3013664186000824,
                    0.26572149991989136
                ],
                [
                    0.3843171298503876,
                    -0.8498846292495728,
                    -0.36055025458335876
                ],
                [
                    0.11717487871646881,
                    0.4322897791862488,
                    -0.8940892219543457
                ]
            ]
        ],
        "hand_pose": [
            [
                [
                    0.7568575143814087,
                    -0.6300947666168213,
                    -0.17362968623638153
                ],
                [
                    0.6016561388969421,
                    0.775463342666626,
                    -0.19148477911949158
                ],
                [
                    0.2552970349788666,
                    0.040461327880620956,
                    0.966015636920929
                ]
            ],
            [
                [
                    0.7143110036849976,
                    -0.6803790926933289,
                    0.16384166479110718
                ],
                [
                    0.690682053565979,
                    0.6476560235023499,
                    -0.32171422243118286
                ],
                [
                    0.11277458816766739,
                    0.3429664969444275,
                    0.9325534701347351
                ]
            ],
            [
                [
                    0.8682276606559753,
                    -0.4931257665157318,
                    0.05484337732195854
                ],
                [
                    0.4809969365596771,
                    0.8636487126350403,
                    0.15084031224250793
                ],
                [
                    -0.1217486560344696,
                    -0.1045842245221138,
                    0.9870356917381287
                ]
            ],
            [
                [
                    0.47954800724983215,
                    -0.8373075127601624,
                    -0.2625831067562103
                ],
                [
                    0.8628650307655334,
                    0.5043865442276001,
                    -0.03252844139933586
                ],
                [
                    0.15967969596385956,
                    -0.21097484230995178,
                    0.9643609523773193
                ]
            ],
            [
                [
                    0.8466193675994873,
                    -0.47656360268592834,
                    -0.23690252006053925
                ],
                [
                    0.5133077502250671,
                    0.8487523198127747,
                    0.12702208757400513
                ],
                [
                    0.14053745567798615,
                    -0.22914327681064606,
                    0.963193953037262
                ]
            ],
            [
                [
                    0.8626607656478882,
                    -0.4806312024593353,
                    0.15751191973686218
                ],
                [
                    0.48650431632995605,
                    0.8736769556999207,
                    0.0014488400192931294
                ],
                [
                    -0.13831089437007904,
                    0.0753803700208664,
                    0.9875159859657288
                ]
            ],
            [
                [
                    0.44632354378700256,
                    -0.8933412432670593,
                    -0.05231337994337082
                ],
                [
                    0.5880290865898132,
                    0.24871590733528137,
                    0.7696506977081299
                ],
                [
                    -0.6745495796203613,
                    -0.37427499890327454,
                    0.6363183856010437
                ]
            ],
            [
                [
                    0.9458483457565308,
                    -0.2899837791919708,
                    -0.14587774872779846
                ],
                [
                    0.2856732904911041,
                    0.9570142030715942,
                    -0.05014478415250778
                ],
                [
                    0.15414826571941376,
                    0.005755983293056488,
                    0.9880309104919434
                ]
            ],
            [
                [
                    0.991767168045044,
                    0.06620486825704575,
                    0.10961201041936874
                ],
                [
                    -0.10833784937858582,
                    0.8901547193527222,
                    0.4425918161869049
                ],
                [
                    -0.06826993077993393,
                    -0.4508231580257416,
                    0.889998733997345
                ]
            ],
            [
                [
                    0.37761303782463074,
                    -0.9232803583145142,
                    -0.0704396665096283
                ],
                [
                    0.9217920899391174,
                    0.3676101267337799,
                    0.12313446402549744
                ],
                [
                    -0.08779329806566238,
                    -0.1114279180765152,
                    0.9898869395256042
                ]
            ],
            [
                [
                    0.9632778167724609,
                    -0.24512740969657898,
                    -0.10958334058523178
                ],
                [
                    0.26848387718200684,
                    0.884673535823822,
                    0.38114190101623535
                ],
                [
                    0.0035171625204384327,
                    -0.39656683802604675,
                    0.9179991483688354
                ]
            ],
            [
                [
                    0.8592087626457214,
                    -0.45500898361206055,
                    0.23393844068050385
                ],
                [
                    0.3877679109573364,
                    0.8774303793907166,
                    0.2824038863182068
                ],
                [
                    -0.3337610065937042,
                    -0.1519300490617752,
                    0.9303337335586548
                ]
            ],
            [
                [
                    0.8843676447868347,
                    -0.324477881193161,
                    -0.3355710804462433
                ],
                [
                    -0.25127851963043213,
                    0.2749174237251282,
                    -0.9280514717102051
                ],
                [
                    0.39338648319244385,
                    0.9050605297088623,
                    0.1615937501192093
                ]
            ],
            [
                [
                    0.946345329284668,
                    -0.3209061920642853,
                    0.03807493671774864
                ],
                [
                    0.24542661011219025,
                    0.7903591990470886,
                    0.5613359808921814
                ],
                [
                    -0.2102290838956833,
                    -0.5218731164932251,
                    0.8267116546630859
                ]
            ],
            [
                [
                    0.9902406930923462,
                    0.08094166219234467,
                    0.1134539395570755
                ],
                [
                    -0.06006767600774765,
                    0.9824431538581848,
                    -0.1766277700662613
                ],
                [
                    -0.1257585883140564,
                    0.1680891066789627,
                    0.9777171611785889
                ]
            ]
        ],
        "betas": [
            0.05701495707035065,
            -0.039495766162872314,
            -0.033762454986572266,
            -0.06524959206581116,
            -0.078942209482193,
            -0.07094501703977585,
            0.01842483878135681,
            -0.09198656678199768,
            0.0040822625160217285,
            -0.07470208406448364
        ]
    },
    "pred_cam_t": [
        -0.03527607023715973,
        -0.004711739718914032,
        6.0042009353637695
    ],
    "focal_length": [
        5000.0,
        5000.0
    ],
    "pred_keypoints_3d": [
        [
            0.09544408321380615,
            0.0063442811369895935,
            0.00619141012430191
        ],
        [
            0.07561735808849335,
            0.0010619303211569786,
            -0.026245534420013428
        ],
        [
            0.04634577035903931,
            0.0066377148032188416,
            -0.03361450880765915
        ],
        [
            0.020010581240057945,
            0.011702167801558971,
            -0.037188101559877396
        ],
        [
            -0.012433508411049843,
            0.017837347462773323,
            -0.05142570286989212
        ],
        [
            0.01895255595445633,
            -0.030392520129680634,
            -0.024690482765436172
        ],
        [
            -0.013038169592618942,
            -0.024494001641869545,
            -0.029869794845581055
        ],
        [
            -0.021890651434659958,
            -0.004346948117017746,
            -0.032379765063524246
        ],
        [
            -0.02138233743607998,
            0.02022029459476471,
            -0.03467289358377457
        ],
        [
            0.007662966847419739,
            -0.027469750493764877,
            -0.002474125474691391
        ],
        [
            -0.016744621098041534,
            -0.00754542276263237,
            -0.005785560235381126
        ],
        [
            -0.021100569516420364,
            0.015066519379615784,
            -0.008923226036131382
        ],
        [
            -0.019270451739430428,
            0.0386417992413044,
            -0.01839854195713997
        ],
        [
            0.012512065470218658,
            -0.012035517022013664,
            0.01871301233768463
        ],
        [
            -0.007274072617292404,
            0.006270218640565872,
            0.008532729931175709
        ],
        [
            -0.013468845747411251,
            0.029096931219100952,
            0.0011347243562340736
        ],
        [
            -0.015037776902318,
            0.048401761800050735,
            -0.01469116285443306
        ],
        [
            0.018154308199882507,
            0.003935046494007111,
            0.03236937150359154
        ],
        [
            0.0067693497985601425,
            0.01660519652068615,
            0.019952887669205666
        ],
        [
            0.0008293213322758675,
            0.0310916006565094,
            0.009354441426694393
        ],
        [
            -0.005060067865997553,
            0.04599461331963539,
            -0.0060424841940402985
        ]
    ],
    "pred_vertices": [
        [
            0.04989149421453476,
            -0.0042473189532756805,
            -0.019756581634283066
        ],
        [
            0.06030142307281494,
            0.001008443534374237,
            -0.01711275428533554
        ],
        [
            0.053482864052057266,
            0.0013104751706123352,
            -0.020199140533804893
        ],
        [
            0.04529630392789841,
            -0.005528267472982407,
            -0.02541707269847393
        ],
        [
            0.06587788462638855,
            0.01855343021452427,
            -0.021374531090259552
        ],
        [
            0.07214964926242828,
            0.020090444013476372,
            -0.031427059322595596
        ],
        [
            0.0557212233543396,
            0.01962742954492569,
            -0.03400813788175583
        ],
        [
            0.052995651960372925,
            0.019458863884210587,
            -0.0242238137871027
        ],
        [
            0.0408460833132267,
            -0.007482927292585373,
            -0.028196973726153374
        ],
        [
            0.04659233242273331,
            0.0020801350474357605,
            -0.022855618968605995
        ],
        [
            0.03962784260511398,
            -0.009347466751933098,
            -0.02773354761302471
        ],
        [
            0.03770829737186432,
            -0.024162858724594116,
            -0.03226616606116295
        ],
        [
            0.03650896996259689,
            -0.017873981967568398,
            -0.03192545846104622
        ],
        [
            0.03307585045695305,
            -0.03127868473529816,
            -0.0325106643140316
        ],
        [
            0.04585375636816025,
            -0.029829788953065872,
            -0.03027680702507496
        ],
        [
            0.03474437817931175,
            -0.03822064399719238,
            -0.026543445885181427
        ],
        [
            0.052829254418611526,
            -0.032480984926223755,
            -0.004287412390112877
        ],
        [
            0.05294595658779144,
            -0.027129951864480972,
            0.008269929327070713
        ],
        [
            0.0360160730779171,
            -0.033101603388786316,
            0.008289351128041744
        ],
        [
            0.037541113793849945,
            -0.037026990205049515,
            -0.004924378357827663
        ],
        [
            0.039840586483478546,
            -0.019530771300196648,
            0.023863185197114944
        ],
        [
            0.03691156208515167,
            -0.027227282524108887,
            0.015267571434378624
        ],
        [
            0.054164715111255646,
            -0.02243354730308056,
            0.015870068222284317
        ],
        [
            0.055935684591531754,
            -0.015586336143314838,
            0.02323981001973152
        ],
        [
            0.05443065986037254,
            0.0016005821526050568,
            -0.0070572709664702415
        ],
        [
            0.064273402094841,
            0.006525274366140366,
            -0.006068345159292221
        ],
        [
            0.06408758461475372,
            0.0029708407819271088,
            -0.01066291518509388
        ],
        [
            0.05399913340806961,
            -0.000976046547293663,
            -0.011852605268359184
        ],
        [
            0.037801213562488556,
            -0.004848819226026535,
            -0.033174797892570496
        ],
        [
            0.04960419237613678,
            -0.014741896651685238,
            -0.035737648606300354
        ],
        [
            0.04367242753505707,
            -0.014693113043904305,
            -0.03141877055168152
        ],
        [
            0.03574538975954056,
            -0.0016874196007847786,
            -0.029027871787548065
        ],
        [
            0.08339009433984756,
            0.026836376637220383,
            0.0018360574031248689
        ],
        [
            0.09670069068670273,
            0.02533598244190216,
            0.0038047125563025475
        ],
        [
            0.09782148152589798,
            0.022457584738731384,
            -0.0013099047355353832
        ],
        [
            0.08564097434282303,
            0.023947061970829964,
            -0.002003701403737068
        ],
        [
            0.0926131010055542,
            0.018146559596061707,
            -0.02271803840994835
        ],
        [
            0.10175126791000366,
            0.015038847923278809,
            -0.01763075403869152
        ],
        [
            0.11015462130308151,
            0.00621052086353302,
            -0.021747443825006485
        ],
        [
            0.10053292661905289,
            0.006523557007312775,
            -0.02803966961801052
        ],
        [
            0.08256025612354279,
            0.019473783671855927,
            -0.027893060818314552
        ],
        [
            0.08905014395713806,
            0.0112382173538208,
            -0.0351312980055809
        ],
        [
            0.07592584937810898,
            0.013619724661111832,
            -0.03941616043448448
        ],
        [
            0.05740479752421379,
            0.014575893059372902,
            -0.04130270332098007
        ],
        [
            0.0952838808298111,
            0.028763547539711,
            0.016020160168409348
        ],
        [
            0.08525563776493073,
            0.0308937169611454,
            0.016201918944716454
        ],
        [
            -0.006326668430119753,
            -0.013872649520635605,
            -0.03592392057180405
        ],
        [
            -0.0068844095803797245,
            -0.011591477319598198,
            -0.03030623495578766
        ],
        [
            -0.0033780522644519806,
            -0.013186769559979439,
            -0.030565833672881126
        ],
        [
            -0.0036262143403291702,
            -0.015377037227153778,
            -0.03584311902523041
        ],
        [
            0.09002506732940674,
            0.018570726737380028,
            0.03263489156961441
        ],
        [
            0.09189099073410034,
            0.00923730805516243,
            0.03576859086751938
        ],
        [
            0.09813281893730164,
            0.012911498546600342,
            0.03628840297460556
        ],
        [
            0.09712882339954376,
            0.020982829853892326,
            0.031686749309301376
        ],
        [
            0.08065981417894363,
            0.015323340892791748,
            0.033842526376247406
        ],
        [
            0.08313944935798645,
            0.004403473809361458,
            0.03441145271062851
        ],
        [
            -0.015087977051734924,
            -0.023050738498568535,
            -0.037640638649463654
        ],
        [
            -0.011689748615026474,
            -0.019793689250946045,
            -0.03993529453873634
        ],
        [
            -0.008775011636316776,
            -0.023665299639105797,
            -0.03896597772836685
        ],
        [
            -0.01113063469529152,
            -0.027300387620925903,
            -0.035705652087926865
        ],
        [
            0.03792811185121536,
            -0.012401917949318886,
            -0.02896505407989025
        ],
        [
            0.040673401206731796,
            -0.008084850385785103,
            -0.022152720019221306
        ],
        [
            0.022921476513147354,
            -0.01936953142285347,
            -0.02915702946484089
        ],
        [
            0.029418397694826126,
            -0.01566411927342415,
            -0.025454219430685043
        ],
        [
            0.03156040608882904,
            -0.018901828676462173,
            -0.030922455713152885
        ],
        [
            0.026012958958745003,
            -0.02273315005004406,
            -0.033246442675590515
        ],
        [
            0.03307842090725899,
            -0.005735021084547043,
            -0.004533792845904827
        ],
        [
            0.04397214204072952,
            -0.0017746388912200928,
            -0.004248031415045261
        ],
        [
            0.0427502766251564,
            -0.0050079599022865295,
            -0.009856488555669785
        ],
        [
            0.03076263517141342,
            -0.009251890704035759,
            -0.012048953212797642
        ],
        [
            0.043840326368808746,
            0.006921049207448959,
            0.00681633735075593
        ],
        [
            0.03338174894452095,
            0.0018327794969081879,
            0.005904507823288441
        ],
        [
            0.034799717366695404,
            0.007333595305681229,
            0.012264059856534004
        ],
        [
            0.041560061275959015,
            0.010866997763514519,
            0.011345656588673592
        ],
        [
            0.01672702096402645,
            -0.008946256712079048,
            0.001485378947108984
        ],
        [
            0.012397190555930138,
            -0.011824886314570904,
            0.0007978945504873991
        ],
        [
            0.011438814923167229,
            -0.008869629353284836,
            0.0028217860963195562
        ],
        [
            0.01725175604224205,
            -0.006731443107128143,
            0.004274810664355755
        ],
        [
            0.10472660511732101,
            0.015426293946802616,
            0.0368887260556221
        ],
        [
            0.10410774499177933,
            0.022520605474710464,
            0.030232474207878113
        ],
        [
            0.042301375418901443,
            -0.0027316566556692123,
            0.03782562166452408
        ],
        [
            0.04566367715597153,
            0.007850640453398228,
            0.03888435289263725
        ],
        [
            0.0326121486723423,
            0.00685733649879694,
            0.039492469280958176
        ],
        [
            0.03193579241633415,
            -0.005313729401677847,
            0.03904717415571213
        ],
        [
            0.09288879483938217,
            -0.0006201602518558502,
            0.032939620316028595
        ],
        [
            0.0991777628660202,
            0.0030049551278352737,
            0.035787854343652725
        ],
        [
            -0.017818421125411987,
            -0.024493705481290817,
            -0.03205513954162598
        ],
        [
            -0.013407931663095951,
            -0.028248697519302368,
            -0.030082639306783676
        ],
        [
            0.08061466366052628,
            0.0005054939538240433,
            -0.04132688790559769
        ],
        [
            0.059069208800792694,
            0.005387581884860992,
            -0.045073311775922775
        ],
        [
            0.09565647691488266,
            -0.0026984810829162598,
            -0.03342156484723091
        ],
        [
            0.10487666726112366,
            -0.005118159577250481,
            -0.025039032101631165
        ],
        [
            0.11334612965583801,
            -0.00546426884829998,
            -0.01966392993927002
        ],
        [
            0.02522791177034378,
            -0.01457961369305849,
            -0.020563852041959763
        ],
        [
            0.04536830261349678,
            -0.00506201758980751,
            -0.015074349008500576
        ],
        [
            0.05455046147108078,
            0.004406234249472618,
            -0.0027874752413481474
        ],
        [
            0.04939265921711922,
            0.023258214816451073,
            0.020844299346208572
        ],
        [
            0.0589536651968956,
            0.02708115056157112,
            0.020374516025185585
        ],
        [
            0.05611981078982353,
            0.021936999633908272,
            0.011427808552980423
        ],
        [
            0.04846733808517456,
            0.01910833641886711,
            0.014001010917127132
        ],
        [
            0.04381895065307617,
            0.01715720444917679,
            0.03532583639025688
        ],
        [
            0.04136822372674942,
            0.019994642585515976,
            0.028294211253523827
        ],
        [
            0.034225739538669586,
            0.017325647175312042,
            0.028396328911185265
        ],
        [
            0.034222040325403214,
            0.014749424532055855,
            0.03544633090496063
        ],
        [
            0.03953283280134201,
            -0.004256657790392637,
            -0.04019273817539215
        ],
        [
            0.054624125361442566,
            -0.012920278124511242,
            -0.04021000117063522
        ],
        [
            0.08841519057750702,
            0.026540571823716164,
            0.025888334959745407
        ],
        [
            0.09588057547807693,
            0.02690725401043892,
            0.023586999624967575
        ],
        [
            0.10440566390752792,
            0.02654099278151989,
            0.02365511655807495
        ],
        [
            0.0743270143866539,
            0.016601208597421646,
            -0.0039276182651519775
        ],
        [
            0.08723381161689758,
            0.0220493096858263,
            -0.004851592238992453
        ],
        [
            0.08726727962493896,
            0.020257320255041122,
            -0.00910759624093771
        ],
        [
            0.07517734169960022,
            0.013599243015050888,
            -0.006378524005413055
        ],
        [
            0.06926239281892776,
            0.009168822318315506,
            -0.014652630314230919
        ],
        [
            0.07820633798837662,
            0.017843008041381836,
            -0.018322093412280083
        ],
        [
            0.05923621356487274,
            0.010757824406027794,
            -0.015879789367318153
        ],
        [
            0.10085909068584442,
            0.01908489316701889,
            -0.008273139595985413
        ],
        [
            0.10802876949310303,
            0.023435309529304504,
            -0.000874062068760395
        ],
        [
            0.11023014783859253,
            0.018736615777015686,
            -0.008082929998636246
        ],
        [
            0.1065368577837944,
            0.026681333780288696,
            0.008209070190787315
        ],
        [
            0.1051403135061264,
            0.02812354266643524,
            0.016836252063512802
        ],
        [
            0.10680631548166275,
            0.0040242355316877365,
            0.039375483989715576
        ],
        [
            0.11150510609149933,
            0.013237878680229187,
            -0.014072510413825512
        ],
        [
            0.044181711971759796,
            0.018809659406542778,
            -0.027445141226053238
        ],
        [
            0.036197416484355927,
            0.018527284264564514,
            -0.03094649314880371
        ],
        [
            0.034720271825790405,
            0.01352711021900177,
            -0.02543727308511734
        ],
        [
            0.04211138188838959,
            0.01307547464966774,
            -0.02180078625679016
        ],
        [
            0.025274593383073807,
            -0.03550524637103081,
            -0.0326291024684906
        ],
        [
            0.02562892436981201,
            -0.028154373168945312,
            -0.03491121530532837
        ],
        [
            0.033292535692453384,
            -0.02431885153055191,
            -0.03402714431285858
        ],
        [
            0.0725221186876297,
            0.0263759084045887,
            0.006032370962202549
        ],
        [
            0.07459892332553864,
            0.030038904398679733,
            0.017936253920197487
        ],
        [
            0.018829170614480972,
            -0.01850324496626854,
            -0.024082569405436516
        ],
        [
            -0.007917456328868866,
            -0.03088465705513954,
            -0.034397248178720474
        ],
        [
            -0.005132926627993584,
            -0.027229629456996918,
            -0.0383872464299202
        ],
        [
            0.011042622849345207,
            -0.03307964652776718,
            -0.0357232503592968
        ],
        [
            0.00787260476499796,
            -0.037418559193611145,
            -0.031247876584529877
        ],
        [
            0.010925200767815113,
            -0.022413602098822594,
            -0.0186845064163208
        ],
        [
            0.015051864087581635,
            -0.01925600692629814,
            -0.023415716364979744
        ],
        [
            0.012970269657671452,
            -0.019704284146428108,
            -0.022582540288567543
        ],
        [
            0.008574077859520912,
            -0.020867787301540375,
            -0.017744524404406548
        ],
        [
            0.015057498589158058,
            -0.0030586598441004753,
            0.00902912300080061
        ],
        [
            0.01995154097676277,
            -0.0011837603524327278,
            0.01009383425116539
        ],
        [
            0.021449048072099686,
            -0.0375947430729866,
            -0.006841138005256653
        ],
        [
            0.026107028126716614,
            -0.044874146580696106,
            -0.017434723675251007
        ],
        [
            0.03809313848614693,
            -0.0405254103243351,
            -0.016457026824355125
        ],
        [
            0.03406108170747757,
            -0.0015460234135389328,
            0.0015330023597925901
        ],
        [
            0.024350332096219063,
            -0.004756191745400429,
            0.0018819564720615745
        ],
        [
            0.02469351515173912,
            -0.0025694016367197037,
            0.0052893985994160175
        ],
        [
            0.021558085456490517,
            -0.015038606710731983,
            -0.017602136358618736
        ],
        [
            0.015803994610905647,
            -0.01856052502989769,
            -0.018910087645053864
        ],
        [
            0.017088133841753006,
            -0.01692540943622589,
            -0.014864515513181686
        ],
        [
            0.022634921595454216,
            -0.012820644304156303,
            -0.012888642027974129
        ],
        [
            0.058670952916145325,
            0.010059671476483345,
            0.038286879658699036
        ],
        [
            0.05598682165145874,
            0.020838432013988495,
            0.03456299379467964
        ],
        [
            -0.008293168619275093,
            -0.016628829762339592,
            -0.03931441903114319
        ],
        [
            -0.005643533542752266,
            -0.019275397062301636,
            -0.03896826505661011
        ],
        [
            0.044695377349853516,
            0.002298608422279358,
            0.0016229083994403481
        ],
        [
            0.051470961421728134,
            -0.03406522050499916,
            -0.015693144872784615
        ],
        [
            0.054639048874378204,
            0.00769527442753315,
            0.0015905476175248623
        ],
        [
            0.019462870433926582,
            -0.011707212775945663,
            0.02640368603169918
        ],
        [
            0.01757499948143959,
            -0.0034264116548001766,
            0.024036703631281853
        ],
        [
            0.01404391136020422,
            -0.0028155758045613766,
            0.021765025332570076
        ],
        [
            0.012679492123425007,
            -0.008383769541978836,
            0.023322325199842453
        ],
        [
            -0.0046048471704125404,
            -0.017666984349489212,
            -0.01958177424967289
        ],
        [
            -0.0028144605457782745,
            -0.014325518161058426,
            -0.024115558713674545
        ],
        [
            -0.00495317904278636,
            -0.013137754052877426,
            -0.02452849969267845
        ],
        [
            -0.007990043610334396,
            -0.016168838366866112,
            -0.020381677895784378
        ],
        [
            0.01778065226972103,
            -0.01974101923406124,
            -0.02862442657351494
        ],
        [
            0.019933611154556274,
            -0.022974463179707527,
            -0.03369202837347984
        ],
        [
            0.014657754451036453,
            -0.021705102175474167,
            -0.033348362892866135
        ],
        [
            0.01361129805445671,
            -0.01971757784485817,
            -0.027746576815843582
        ],
        [
            0.01920478790998459,
            -0.028688419610261917,
            -0.03557675704360008
        ],
        [
            0.013769455254077911,
            -0.027351077646017075,
            -0.036253672093153
        ],
        [
            -0.007376266643404961,
            -0.023301679641008377,
            -0.018305690959095955
        ],
        [
            -0.009749168530106544,
            -0.029238302260637283,
            -0.022282114252448082
        ],
        [
            0.004463260527700186,
            -0.03447083383798599,
            -0.017771393060684204
        ],
        [
            0.004274728242307901,
            -0.026899011805653572,
            -0.015825528651475906
        ],
        [
            0.07114453613758087,
            -0.013243678025901318,
            0.02370106801390648
        ],
        [
            0.07092165946960449,
            -0.005112067796289921,
            0.031266968697309494
        ],
        [
            0.05572887510061264,
            -0.00740871112793684,
            0.03120879828929901
        ],
        [
            0.04047291725873947,
            -0.010292451828718185,
            0.032299160957336426
        ],
        [
            0.026417095214128494,
            -0.012535509653389454,
            0.031633634120225906
        ],
        [
            0.02624278888106346,
            -0.02307741716504097,
            0.025154784321784973
        ],
        [
            0.05700967460870743,
            -0.0008236868306994438,
            0.036006320267915726
        ],
        [
            0.01220412366092205,
            -0.027872195467352867,
            -0.01284474041312933
        ],
        [
            0.01444157212972641,
            -0.03683259338140488,
            -0.014337525703012943
        ],
        [
            0.014417074620723724,
            -0.03307533636689186,
            -0.010051806457340717
        ],
        [
            0.053587235510349274,
            0.013058168813586235,
            0.006647211499512196
        ],
        [
            -0.0026157088577747345,
            -0.022603031247854233,
            -0.039117615669965744
        ],
        [
            0.10504111647605896,
            -0.01899220421910286,
            -0.004015596583485603
        ],
        [
            0.1033443734049797,
            -0.01785328984260559,
            0.00967346876859665
        ],
        [
            0.09550030529499054,
            -0.019831208512187004,
            0.006257278844714165
        ],
        [
            0.09682381898164749,
            -0.020248154178261757,
            -0.009912071749567986
        ],
        [
            -0.0013108551502227783,
            -0.014194566756486893,
            -0.031000152230262756
        ],
        [
            -0.0007591275498270988,
            -0.017160404473543167,
            -0.036617204546928406
        ],
        [
            0.019351601600646973,
            0.0032748114317655563,
            0.01449487917125225
        ],
        [
            0.015020875260233879,
            0.0006662784144282341,
            0.01345614343881607
        ],
        [
            0.014606820419430733,
            0.0015236837789416313,
            0.01698899269104004
        ],
        [
            0.017500001937150955,
            0.005777589976787567,
            0.01772070862352848
        ],
        [
            0.07207345962524414,
            -0.00016632024198770523,
            0.0344509482383728
        ],
        [
            0.02494577318429947,
            0.010886913165450096,
            0.036551620811223984
        ],
        [
            0.023846302181482315,
            -0.0014952989295125008,
            0.036945365369319916
        ],
        [
            0.08400730043649673,
            -0.0035105524584650993,
            0.03105599246919155
        ],
        [
            0.08444613963365555,
            -0.011075163260102272,
            0.024929018691182137
        ],
        [
            0.09391146898269653,
            -0.009250891394913197,
            0.026337794959545135
        ],
        [
            0.019995255395770073,
            -0.028766252100467682,
            0.012408826500177383
        ],
        [
            0.06921723484992981,
            -0.01890302076935768,
            0.017456645146012306
        ],
        [
            0.0833345353603363,
            -0.01567107066512108,
            0.018940206617116928
        ],
        [
            0.09457901120185852,
            -0.013715668581426144,
            0.02036130614578724
        ],
        [
            0.10256390273571014,
            -0.01253464724868536,
            0.02231070026755333
        ],
        [
            0.10099875181913376,
            -0.007613967172801495,
            0.028570374473929405
        ],
        [
            -0.00946659967303276,
            -0.031068602576851845,
            -0.028270293027162552
        ],
        [
            -0.014547593891620636,
            -0.026124723255634308,
            -0.023347143083810806
        ],
        [
            0.10920459032058716,
            -0.00693966168910265,
            0.03229755535721779
        ],
        [
            0.11056550592184067,
            -0.01196291297674179,
            0.024662088602781296
        ],
        [
            0.0828157439827919,
            -0.02026505582034588,
            0.010991566814482212
        ],
        [
            0.08200688660144806,
            -0.024497458711266518,
            -0.00011523999273777008
        ],
        [
            0.06915305554866791,
            -0.02303251251578331,
            0.009772663936018944
        ],
        [
            0.06738777458667755,
            -0.02770557999610901,
            -0.0008434019982814789
        ],
        [
            0.02311239019036293,
            -0.03823813050985336,
            0.006966426037251949
        ],
        [
            -0.02480592206120491,
            -0.0101667121052742,
            -0.02538614720106125
        ],
        [
            -0.017605995759367943,
            -0.01808912307024002,
            -0.021556472405791283
        ],
        [
            -0.013106602244079113,
            -0.014339450746774673,
            -0.021283244714140892
        ],
        [
            -0.02166280895471573,
            -0.00800686702132225,
            -0.023435670882463455
        ],
        [
            -0.011495599523186684,
            -0.020794246345758438,
            -0.019601929932832718
        ],
        [
            -0.019064627587795258,
            -0.02221878245472908,
            -0.025295086205005646
        ],
        [
            0.06608353555202484,
            -0.028827162459492683,
            -0.01608438789844513
        ],
        [
            0.012173722498118877,
            -0.020045097917318344,
            -0.015538184903562069
        ],
        [
            0.08138199150562286,
            -0.022863484919071198,
            -0.019486360251903534
        ],
        [
            0.05827201157808304,
            -0.027284208685159683,
            -0.030574318021535873
        ],
        [
            0.06848330795764923,
            -0.020230723544955254,
            -0.03417431190609932
        ],
        [
            0.09683001041412354,
            -0.015214923769235611,
            -0.024424497038125992
        ],
        [
            0.08260568976402283,
            -0.012913135811686516,
