{
    "pred_cam": [
        12.70542049407959,
        0.13417746126651764,
        -0.044709786772727966
    ],
    "pred_mano_params": {
        "global_orient": [
            [
                [
                    -0.6138932108879089,
                    -0.09167934954166412,
                    -0.7840473055839539
                ],
                [
                    -0.4385020136833191,
                    -0.7862873673439026,
                    0.4352795481681824
                ],
                [
                    -0.656392514705658,
                    0.6110214591026306,
                    0.4424948990345001
                ]
            ]
        ],
        "hand_pose": [
            [
                [
                    0.7272342443466187,
                    -0.5988566875457764,
                    -0.33541160821914673
                ],
                [
                    0.5650704503059387,
                    0.7997487187385559,
                    -0.20272471010684967
                ],
                [
                    0.38964805006980896,
                    -0.04210285097360611,
                    0.9200008511543274
                ]
            ],
            [
                [
                    0.49888619780540466,
                    -0.8344240784645081,
                    0.23419852554798126
                ],
                [
                    0.8616603016853333,
                    0.44854459166526794,
                    -0.23737983405590057
                ],
                [
                    0.09302698075771332,
                    0.3202251195907593,
                    0.9427627921104431
                ]
            ],
            [
                [
                    0.7903786301612854,
                    -0.5892963409423828,
                    0.1674255132675171
                ],
                [
                    0.5820673704147339,
                    0.8076016902923584,
                    0.09474702179431915
                ],
                [
                    -0.19104720652103424,
                    0.022566907107830048,
                    0.9813212752342224
                ]
            ],
            [
                [
                    0.6091315150260925,
                    -0.7563010454177856,
                    -0.2386787086725235
                ],
                [
                    0.7886464595794678,
                    0.6093912720680237,
                    0.08172542601823807
                ],
                [
                    0.08363969624042511,
                    -0.23801463842391968,
                    0.9676535725593567
                ]
            ],
            [
                [
                    0.6790270805358887,
                    -0.7075423002243042,
                    -0.19571948051452637
                ],
                [
                    0.7341012358665466,
                    0.655964732170105,
                    0.17551539838314056
                ],
                [
                    0.004200498107820749,
                    -0.2628576159477234,
                    0.9648255109786987
                ]
            ],
            [
                [
                    0.8123036026954651,
                    -0.5829147100448608,
                    0.01931942068040371
                ],
                [
                    0.5815019011497498,
                    0.8119973540306091,
                    0.050159014761447906
                ],
                [
                    -0.0449257418513298,
                    -0.029510075226426125,
                    0.9985544085502625
                ]
            ],
            [
                [
                    0.5886386036872864,
                    -0.7507539391517639,
                    0.2997884154319763
                ],
                [
                    0.5954190492630005,
                    0.6534781455993652,
                    0.46737828850746155
                ],
                [
                    -0.5467912554740906,
                    -0.0966171994805336,
                    0.83167564868927
                ]
            ],
            [
                [
                    0.6906086206436157,
                    -0.710361659526825,
                    -0.13581638038158417
                ],
                [
                    0.5790688991546631,
                    0.43060657382011414,
                    0.692284107208252
                ],
                [
                    -0.43328866362571716,
                    -0.5567443370819092,
                    0.7087289690971375
                ]
            ],
            [
                [
                    0.9019237160682678,
                    -0.42942187190055847,
                    0.04615764692425728
                ],
                [
                    0.3488033711910248,
                    0.7872557044029236,
                    0.5084925889968872
                ],
                [
                    -0.25469571352005005,
                    -0.4425215423107147,
                    0.8598283529281616
                ]
            ],
            [
                [
                    0.649790346622467,
                    -0.751528263092041,
                    0.11392005532979965
                ],
                [
                    0.750912070274353,
                    0.65792316198349,
                    0.0571671687066555
                ],
                [
                    -0.1179133951663971,
                    0.04839727282524109,
                    0.9918437600135803
                ]
            ],
            [
                [
                    0.7064070701599121,
                    -0.6835777163505554,
                    -0.18360450863838196
                ],
                [
                    0.6678537130355835,
                    0.5578013062477112,
                    0.4927769601345062
                ],
                [
                    -0.234436497092247,
                    -0.4707220792770386,
                    0.85056471824646
                ]
            ],
            [
                [
                    0.7943199872970581,
                    -0.605860710144043,
                    0.04459264501929283
                ],
                [
                    0.5711773633956909,
                    0.7698140144348145,
                    0.2848556935787201
                ],
                [
                    -0.20691092312335968,
                    -0.20079626142978668,
                    0.9575325846672058
                ]
            ],
            [
                [
                    0.916373074054718,
                    0.28394243121147156,
                    0.28220030665397644
                ],
                [
                    -0.09736316651105881,
                    0.841839075088501,
                    -0.5308740735054016
                ],
                [
                    -0.3883049786090851,
                    0.459002822637558,
                    0.7990841865539551
                ]
            ],
            [
                [
                    0.9940672516822815,
                    -0.10216255486011505,
                    0.03732151910662651
                ],
                [
                    0.060480549931526184,
                    0.804395318031311,
                    0.5910077691078186
                ],
                [
                    -0.09040010720491409,
                    -0.585244357585907,
                    0.8058018684387207
                ]
            ],
            [
                [
                    0.5467085242271423,
                    -0.8185200095176697,
                    -0.17645028233528137
                ],
                [
                    0.32000842690467834,
                    0.3989836871623993,
                    -0.8593058586120605
                ],
                [
                    0.7737598419189453,
                    0.4133243262767792,
                    0.4800610840320587
                ]
            ]
        ],
        "betas": [
            -0.1395856738090515,
            -0.1200900673866272,
            0.04731190204620361,
            0.017046302556991577,
            -0.031704485416412354,
            0.024232644587755203,
            -0.025886863470077515,
            0.05045114457607269,
            0.004996180534362793,
            -0.037950336933135986
        ]
    },
    "pred_cam_t": [
        -0.13417746126651764,
        -0.044709786772727966,
        3.0744752883911133
    ],
    "focal_length": [
        5000.0,
        5000.0
    ],
    "pred_keypoints_3d": [
        [
            0.09627939760684967,
            0.006442148704081774,
            0.006243067793548107
        ],
        [
            0.0921308845281601,
            0.040706485509872437,
            0.024094179272651672
        ],
        [
            0.07844831049442291,
            0.06519439816474915,
            0.03727767616510391
        ],
        [
            0.06915472447872162,
            0.08485230058431625,
            0.05368490517139435
        ],
        [
            0.08356288075447083,
            0.11432860791683197,
            0.047002196311950684
        ],
        [
            0.1348775178194046,
            0.058433111757040024,
            0.07042788714170456
        ],
        [
            0.1614261120557785,
            0.07797833532094955,
            0.0736692026257515
        ],
        [
            0.1643345057964325,
            0.0896870568394661,
            0.054909538477659225
        ],
        [
            0.1552715003490448,
            0.09595851600170135,
            0.03276733309030533
        ],
        [
            0.15759599208831787,
            0.04791474714875221,
            0.06634188443422318
        ],
        [
            0.17818664014339447,
            0.07157453149557114,
            0.06043616309762001
        ],
        [
            0.1765822321176529,
            0.086435467004776,
            0.04240860044956207
        ],
        [
            0.16456815600395203,
            0.09798005223274231,
            0.0229266956448555
        ],
        [
            0.16829487681388855,
            0.03392750769853592,
            0.045931171625852585
        ],
        [
            0.18409910798072815,
            0.058342479169368744,
            0.046351753175258636
        ],
        [
            0.1820722222328186,
            0.07483768463134766,
            0.027734987437725067
        ],
        [
            0.16852831840515137,
            0.08698505163192749,
            0.010266892611980438
        ],
        [
            0.17392246425151825,
            0.02566402591764927,
            0.026337239891290665
        ],
        [
            0.18477535247802734,
            0.0439472496509552,
            0.025151584297418594
        ],
        [
            0.17668841779232025,
            0.05656987428665161,
            0.013307717628777027
        ],
        [
            0.16026660799980164,
            0.0626310259103775,
            0.004284024704247713
        ]
    ],
    "pred_vertices": [
        [
            0.114702969789505,
            0.05082835257053375,
            0.03670872002840042
        ],
        [
            0.10867322981357574,
            0.04956360533833504,
            0.029275916516780853
        ],
        [
            0.10409027338027954,
            0.06040062755346298,
            0.034904126077890396
        ],
        [
            0.11097773909568787,
            0.060157179832458496,
            0.04223714396357536
        ],
        [
            0.09334283322095871,
            0.058080315589904785,
            0.015121906995773315
        ],
        [
            0.08293407410383224,
            0.05507282167673111,
            0.011645898222923279
        ],
        [
            0.07937265187501907,
            0.06772249191999435,
            0.021615996956825256
        ],
        [
            0.08761636912822723,
            0.0706312507390976,
            0.023641932755708694
        ],
        [
            0.10584631562232971,
            0.06677856296300888,
            0.048763468861579895
        ],
        [
            0.1001083105802536,
            0.06851314008235931,
            0.0398111529648304
        ],
        [
            0.09814945608377457,
            0.06651392579078674,
            0.05372265726327896
        ],
        [
            0.1067543774843216,
            0.059879694133996964,
            0.06387922167778015
        ],
        [
            0.11189045011997223,
            0.06288546323776245,
            0.05749880522489548
        ],
        [
            0.11432761698961258,
            0.058312755078077316,
            0.07034369558095932
        ],
        [
            0.10165838152170181,
            0.049279067665338516,
            0.06519010663032532
        ],
        [
            0.11653603613376617,
            0.0494372732937336,
            0.07464855164289474
        ],
        [
            0.11930839717388153,
            0.023508910089731216,
            0.05790700018405914
        ],
        [
            0.12754139304161072,
            0.01565878838300705,
            0.050084471702575684
        ],
        [
            0.14018970727920532,
            0.02252754382789135,
            0.06053284555673599
        ],
        [
            0.13061366975307465,
            0.030703598633408546,
            0.06687165796756744
        ],
        [
            0.14777252078056335,
            0.012990206480026245,
            0.043110668659210205
        ],
        [
            0.14426657557487488,
            0.018514173105359077,
            0.05319192633032799
        ],
        [
            0.13164769113063812,
            0.010612592101097107,
            0.04362966865301132
        ],
        [
            0.13538934290409088,
            0.006233278661966324,
            0.035007018595933914
        ],
        [
            0.12099115550518036,
            0.03737867251038551,
            0.025959860533475876
        ],
        [
            0.11549562215805054,
            0.03379320353269577,
            0.018211573362350464
        ],
        [
            0.11323177814483643,
            0.038563214242458344,
            0.022974591702222824
        ],
        [
            0.11821237206459045,
            0.041455112397670746,
            0.029738139361143112
        ],
        [
            0.08177398145198822,
            0.06495525687932968,
            0.053009986877441406
        ],
        [
            0.08556608855724335,
            0.055307675153017044,
            0.05307529866695404
        ],
        [
            0.0921376496553421,
            0.05968979746103287,
            0.056162524968385696
        ],
        [
            0.0851009413599968,
            0.06927980482578278,
            0.05227982625365257
        ],
        [
            0.10618868470191956,
            0.023476362228393555,
            -0.008373484015464783
        ],
        [
            0.09630861133337021,
            0.014502603560686111,
            -0.011450029909610748
        ],
        [
            0.09225630760192871,
            0.017011914402246475,
            -0.007999509572982788
        ],
        [
            0.10254617035388947,
            0.024367067962884903,
            -0.005453608930110931
        ],
        [
            0.08237706869840622,
            0.033520568162202835,
            0.0032823532819747925
        ],
        [
            0.07904484868049622,
            0.02369505539536476,
            0.0015780255198478699
        ],
        [
            0.0672508031129837,
            0.01851116493344307,
            0.008210144937038422
        ],
        [
            0.07010337710380554,
            0.026157286018133163,
            0.012892261147499084
        ],
        [
            0.0836506336927414,
            0.04437911882996559,
            0.006834089756011963
        ],
        [
            0.07254661619663239,
            0.03802177309989929,
            0.013193272054195404
        ],
        [
            0.07432885468006134,
            0.04854472354054451,
            0.015738651156425476
        ],
        [
            0.0730891302227974,
            0.06050451844930649,
            0.024355992674827576
        ],
        [
            0.10512727499008179,
            0.006753828376531601,
            -0.01698845997452736
        ],
        [
            0.1135854721069336,
            0.012548141181468964,
            -0.01597415655851364
        ],
        [
            0.15071967244148254,
            0.08209564536809921,
            0.06435231864452362
        ],
        [
            0.15397116541862488,
            0.07830224186182022,
            0.06055209040641785
        ],
        [
            0.1519102305173874,
            0.0773128867149353,
            0.06131555140018463
        ],
        [
            0.14932231605052948,
            0.08107390999794006,
            0.06508538872003555
        ],
        [
            0.11798104643821716,
            -0.007220711559057236,
            -0.009414281696081161
        ],
        [
            0.11722206324338913,
            -0.014027819037437439,
            -0.0018799901008605957
        ],
        [
            0.11296983063220978,
            -0.016436204314231873,
            -0.007378812879323959
        ],
        [
            0.1120118498802185,
            -0.009356040507555008,
            -0.013661131262779236
        ],
        [
            0.12581273913383484,
            -0.0043107010424137115,
            -0.0037841983139514923
        ],
        [
            0.12280938029289246,
            -0.009960029274225235,
            0.005633730441331863
        ],
        [
            0.15842659771442413,
            0.08576801419258118,
            0.074146568775177
        ],
        [
            0.15392407774925232,
            0.08669763803482056,
            0.07140839099884033
        ],
        [
            0.15257945656776428,
            0.08372319489717484,
            0.074484683573246
        ],
        [
            0.1566484421491623,
            0.08121845126152039,
            0.07731664925813675
        ],
        [
            0.11674866080284119,
            0.06049397215247154,
            0.049936436116695404
        ],
        [
            0.12088581174612045,
            0.05413825064897537,
            0.0428767204284668
        ],
        [
            0.1301078051328659,
            0.06412870436906815,
            0.06017106771469116
        ],
        [
            0.1275453418493271,
            0.05898546800017357,
            0.05377175658941269
        ],
        [
            0.12144017219543457,
            0.06161576882004738,
            0.05771726742386818
        ],
        [
            0.12466370314359665,
            0.06480403989553452,
            0.06350567191839218
        ],
        [
            0.13868843019008636,
            0.04374542087316513,
            0.03863854706287384
        ],
        [
            0.13052403926849365,
            0.03914439305663109,
            0.03158083185553551
        ],
        [
            0.12776118516921997,
            0.04329150915145874,
            0.0362342894077301
        ],
        [
            0.13560207188129425,
            0.04965587705373764,
            0.044259212911129
        ],
        [
            0.1384594738483429,
            0.03343262895941734,
            0.021129820495843887
        ],
        [
            0.14581239223480225,
            0.03802333027124405,
            0.02922830730676651
        ],
        [
            0.14941604435443878,
            0.03414837643504143,
            0.022363919764757156
        ],
        [
            0.14362967014312744,
            0.03241449221968651,
            0.01719639077782631
        ],
        [
            0.1553918421268463,
            0.04672558233141899,
            0.04503011703491211
        ],
        [
            0.1584506630897522,
            0.0490909144282341,
            0.04936850070953369
        ],
        [
            0.1615201234817505,
            0.04865749925374985,
            0.04672253504395485
        ],
        [
            0.15724220871925354,
            0.044844139367341995,
            0.04222823679447174
        ],
        [
            0.10830922424793243,
            -0.01943604275584221,
            -0.011917948722839355
        ],
        [
            0.10571625083684921,
            -0.011282622814178467,
            -0.016970429569482803
        ],
        [
            0.1564483940601349,
            0.006281701847910881,
            0.023878278210759163
        ],
        [
            0.1563013792037964,
            0.007463749498128891,
            0.01257830485701561
        ],
        [
            0.16783903539180756,
            0.0123580452054739,
            0.0179410632699728
        ],
        [
            0.16524821519851685,
            0.009316030889749527,
            0.029273582622408867
        ],
        [
            0.11349009722471237,
            -0.015817102044820786,
            0.007754728198051453
        ],
        [
            0.11059386283159256,
            -0.020147524774074554,
            0.0017888136208057404
        ],
        [
            0.16392302513122559,
            0.08221740275621414,
            0.0742897018790245
        ],
        [
            0.16190341114997864,
            0.07755349576473236,
            0.07704593986272812
        ],
        [
            0.07113462686538696,
            0.038376130163669586,
            0.02518247440457344
        ],
        [
            0.07073453068733215,
            0.05380835756659508,
            0.030786864459514618
        ],
        [
            0.07004174590110779,
            0.025963876396417618,
            0.022216711193323135
        ],
        [
            0.06882159411907196,
            0.01695043221116066,
            0.019973542541265488
        ],
        [
            0.06485947221517563,
            0.010531686246395111,
            0.016861572861671448
        ],
        [
            0.13409563899040222,
            0.0575217641890049,
            0.05280473828315735
        ],
        [
            0.12233485281467438,
            0.04659295827150345,
            0.036786675453186035
        ],
        [
            0.12367002665996552,
            0.03456323593854904,
            0.022331859916448593
        ],
        [
            0.14453136920928955,
            0.025151479989290237,
            0.001166798174381256
        ],
        [
            0.13684368133544922,
            0.02180429734289646,
            -0.005286365747451782
        ],
        [
            0.13316869735717773,
            0.028520433232188225,
            0.002355508506298065
        ],
        [
            0.14065329730510712,
            0.029567115008831024,
            0.00681149959564209
        ],
        [
            0.15713272988796234,
            0.014447199180722237,
            0.0054202452301979065
        ],
        [
            0.1554703563451767,
            0.022409630939364433,
            0.005217086523771286
        ],
        [
            0.16214656829833984,
            0.024830058217048645,
            0.010367419570684433
        ],
        [
            0.165706604719162,
            0.017939306795597076,
            0.011059895157814026
        ],
        [
            0.07473196089267731,
            0.06264893710613251,
            0.05110767111182213
        ],
        [
            0.07939296215772629,
            0.05246369540691376,
            0.049083732068538666
        ],
        [
            0.11623363196849823,
            0.0017666108906269073,
            -0.014973927289247513
        ],
        [
            0.10890426486730576,
            -0.0001922324299812317,
            -0.017077431082725525
        ],
        [
            0.10204119980335236,
            -0.0047728680074214935,
            -0.019412271678447723
        ],
        [
            0.11049454659223557,
            0.029905296862125397,
            0.005165938287973404
        ],
        [
            0.1001310795545578,
            0.025178642943501472,
            -0.003509312868118286
        ],
        [
            0.09822253882884979,
            0.02831423468887806,
            -0.0008246079087257385
        ],
        [
            0.10949394851922989,
            0.03136087954044342,
            0.0083070769906044
        ],
        [
            0.10472177714109421,
            0.048512689769268036,
            0.019025593996047974
        ],
        [
            0.09696800261735916,
            0.04419630765914917,
            0.008076675236225128
        ],
        [
            0.10025864839553833,
            0.06093333661556244,
            0.025066252797842026
        ],
        [
            0.08569522202014923,
            0.01952289044857025,
            -0.004354000091552734
        ],
        [
            0.08419639617204666,
            0.011857695877552032,
            -0.012371450662612915
        ],
        [
            0.07751575112342834,
            0.014592036604881287,
            -0.00711379200220108
        ],
        [
            0.09120965003967285,
            0.006490200757980347,
            -0.01685842126607895
        ],
        [
            0.09761107712984085,
            0.0007926113903522491,
            -0.019653361290693283
        ],
        [
            0.10666850954294205,
            -0.026582032442092896,
            -0.0023338645696640015
        ],
        [
            0.0720386877655983,
            0.016151007264852524,
            -0.0007791668176651001
        ],
        [
            0.08302710950374603,
            0.0757618173956871,
            0.030801795423030853
        ],
        [
            0.07811576128005981,
            0.07922092080116272,
            0.03617114573717117
        ],
        [
            0.08412234485149384,
            0.07852396368980408,
            0.04144665598869324
        ],
        [
            0.08874943107366562,
            0.07532729208469391,
            0.037086471915245056
        ],
        [
            0.12309986352920532,
            0.0603315643966198,
            0.07610864192247391
        ],
        [
            0.122722327709198,
            0.06474097818136215,
            0.06951965391635895
        ],
        [
            0.11536300182342529,
            0.06202732026576996,
            0.06377308070659637
        ],
        [
            0.1172037422657013,
            0.025665687397122383,
            -0.005581621080636978
        ],
        [
            0.1230846494436264,
            0.016463320702314377,
            -0.012284155935049057
        ],
        [
            0.13633762300014496,
            0.062415920197963715,
            0.059222448617219925
        ],
        [
            0.1543709933757782,
            0.07776279747486115,
            0.07966092973947525
        ],
        [
            0.14984507858753204,
            0.08098145574331284,
            0.0768694132566452
        ],
        [
            0.13666017353534698,
            0.07003127783536911,
            0.07792128622531891
        ],
        [
            0.14141061902046204,
            0.06612785905599594,
            0.08146347850561142
        ],
        [
            0.145505890250206,
            0.06000763550400734,
            0.06357788294553757
        ],
        [
            0.13973742723464966,
            0.06316106021404266,
            0.06063155084848404
        ],
        [
            0.1419653743505478,
            0.062930628657341,
            0.06105847656726837
        ],
        [
            0.14812533557415009,
            0.060209330171346664,
            0.061789125204086304
        ],
        [
            0.16416333615779877,
            0.04379148408770561,
            0.039047520607709885
        ],
        [
            0.16003070771694183,
            0.04061208292841911,
            0.03500665724277496
        ],
        [
            0.14246930181980133,
            0.04018711671233177,
            0.07256103307008743
        ],
        [
            0.13139094412326813,
            0.04371451959013939,
            0.08039938658475876
        ],
        [
            0.1214897632598877,
            0.038358237594366074,
            0.07292230427265167
        ],
        [
            0.14211425185203552,
            0.039920806884765625,
            0.03310859203338623
        ],
        [
            0.14985868334770203,
            0.04368828609585762,
            0.03891615569591522
        ],
        [
            0.1521020233631134,
            0.04158026725053787,
            0.036044999957084656
        ],
        [
            0.13878077268600464,
            0.05694383755326271,
            0.05364814028143883
        ],
        [
            0.14184318482875824,
            0.059726838022470474,
            0.0588647797703743
        ],
        [
            0.1439773291349411,
            0.05645840987563133,
            0.05613933503627777
        ],
        [
            0.14123652875423431,
            0.05338121950626373,
            0.0502178817987442
        ],
        [
            0.1455126255750656,
            0.0019840747117996216,
            0.006743062287569046
        ],
        [
            0.14695268869400024,
            0.010088874027132988,
            -0.00170990452170372
        ],
        [
            0.15093252062797546,
            0.08523635566234589,
            0.06805314123630524
        ],
        [
            0.14959949254989624,
            0.08357205986976624,
            0.06993203610181808
        ],
        [
            0.13402141630649567,
            0.03551419824361801,
            0.026287563145160675
        ],
        [
            0.11188989132642746,
            0.0323689803481102,
            0.062464065849781036
        ],
        [
            0.1266181915998459,
            0.03210270777344704,
            0.018278107047080994
        ],
        [
            0.1676587611436844,
            0.023658819496631622,
            0.04249124601483345
        ],
        [
            0.17052562534809113,
            0.029102087020874023,
            0.03642896190285683
        ],
        [
            0.1728922724723816,
            0.03378266096115112,
            0.03840290755033493
        ],
        [
            0.17304815351963043,
            0.031032126396894455,
            0.043901100754737854
        ],
        [
            0.1589173972606659,
            0.06797617673873901,
            0.061946213245391846
        ],
        [
            0.1551864892244339,
            0.07219242304563522,
            0.059741370379924774
        ],
        [
            0.15638653934001923,
            0.0729748010635376,
            0.059790559113025665
        ],
        [
            0.16141563653945923,
            0.0700598955154419,
            0.061809003353118896
        ],
        [
            0.13473673164844513,
            0.06607258319854736,
            0.061860207468271255
        ],
        [
            0.12996262311935425,
            0.06804922968149185,
            0.06573076546192169
        ],
        [
            0.13514025509357452,
            0.0705224797129631,
            0.06570736318826675
        ],
        [
            0.13889175653457642,
            0.06699373573064804,
            0.062415674328804016
        ],
        [
            0.12919606268405914,
            0.06786543875932693,
            0.07189159840345383
        ],
        [
            0.13426101207733154,
            0.07128559052944183,
            0.07208507508039474
        ],
        [
            0.16209405660629272,
            0.06629662215709686,
            0.0674644187092781
        ],
        [
            0.1623965948820114,
            0.06901752203702927,
            0.07478991895914078
        ],
        [
            0.1512002944946289,
            0.05712015926837921,
            0.07557528465986252
        ],
        [
            0.15261366963386536,
            0.05809832736849785,
            0.06782020628452301
        ],
        [
            0.12384255230426788,
            -0.0013982169330120087,
            0.028205502778291702
        ],
        [
            0.12953442335128784,
            -0.004367750138044357,
            0.018947016447782516
        ],
        [
            0.14129196107387543,
            0.0029247738420963287,
            0.025575021281838417
        ],
        [
            0.15355898439884186,
            0.008935917168855667,
            0.032523803412914276
        ],
        [
            0.1641417294740677,
            0.01592874899506569,
            0.039141446352005005
        ],
        [
            0.15865381062030792,
            0.017762696370482445,
            0.05013609677553177
        ],
        [
            0.14399969577789307,
            0.0007591657340526581,
            0.01799396425485611
        ],
        [
            0.14774459600448608,
            0.05293504521250725,
            0.06831508129835129
        ],
        [
            0.14392903447151184,
            0.049407415091991425,
            0.07536142319440842
        ],
        [
            0.14701543748378754,
            0.04744315519928932,
            0.07171961665153503
        ],
        [
            0.13118650019168854,
            0.030543377622961998,
            0.012477632611989975
        ],
        [
            0.14733877778053284,
            0.08206520974636078,
            0.0720822662115097
        ],
        [
            0.07949478179216385,
            -0.000631280243396759,
            0.028656400740146637
        ],
        [
            0.08898039907217026,
            -0.009165845811367035,
            0.025623220950365067
        ],
        [
            0.09315241873264313,
            -0.0031802356243133545,
            0.030626043677330017
        ],
        [
            0.08278019726276398,
            0.006749648600816727,
            0.03323618695139885
        ],
        [
            0.15051908791065216,
            0.07755934447050095,
            0.06132090464234352
        ],
        [
            0.14712317287921906,
            0.08092707395553589,
            0.06580274552106857
        ],
        [
            0.16471484303474426,
            0.03854605555534363,
            0.030742963775992393
        ],
        [
            0.16799724102020264,
            0.04136988893151283,
            0.03532490134239197
        ],
        [
            0.17118936777114868,
            0.039342205971479416,
            0.03518913686275482
        ],
        [
            0.17010483145713806,
            0.03781091049313545,
            0.029080452397465706
        ],
        [
            0.13109585642814636,
            -0.005704142153263092,
            0.013247262686491013
        ],
        [
            0.1746164858341217,
            0.01897534728050232,
            0.019324228167533875
        ],
        [
            0.17224763333797455,
            0.015268063172698021,
            0.02998531050980091
        ],
        [
            0.11912442743778229,
            -0.010614827275276184,
            0.01357511430978775
        ],
        [
            0.11416266858577728,
            -0.008669812232255936,
            0.021896034479141235
        ],
        [
            0.1076238676905632,
            -0.014178823679685593,
            0.017005063593387604
        ],
        [
            0.15589192509651184,
            0.028739478439092636,
            0.0604952797293663
        ],
        [
            0.12098900973796844,
            0.0025902502238750458,
            0.03549879416823387
        ],
        [
            0.11089849472045898,
            -0.004943568259477615,
            0.027859922498464584
        ],
        [
            0.10292854905128479,
            -0.011350050568580627,
            0.022283602505922318
        ],
        [
            0.09780903905630112,
            -0.01672475039958954,
            0.018268395215272903
        ],
        [
            0.10346568375825882,
            -0.019180696457624435,
            0.012820515781641006
        ],
        [
            0.15900245308876038,
            0.07331861555576324,
            0.07839196175336838
        ],
        [
            0.16639582812786102,
            0.07310768216848373,
            0.07310228049755096
        ],
        [
            0.09912169724702835,
            -0.026200879365205765,
            0.00879589095711708
        ],
        [
            0.09280392527580261,
            -0.022635363042354584,
            0.014723684638738632
        ],
        [
            0.10600849241018295,
            -7.012486457824707e-05,
            0.03407369181513786
        ],
        [
            0.09979583323001862,
            0.0068168602883815765,
            0.04030715674161911
        ],
        [
            0.11593712866306305,
            0.007243778556585312,
            0.04105985909700394
        ],
        [
            0.11047728359699249,
            0.014605354517698288,
            0.048167966306209564
        ],
        [
            0.1489638239145279,
            0.02822401374578476,
            0.06932348757982254
        ],
        [
            0.1713642030954361,
            0.08398685604333878,
            0.05827459320425987
        ],
        [
            0.16875559091567993,
            0.075048066675663,
            0.06482483446598053
        ],
        [
            0.16453009843826294,
            0.07337554544210434,
            0.06094092130661011
        ],
        [
            0.16948005557060242,
            0.08114871382713318,
            0.05556949973106384
        ],
        [
            0.16516940295696259,
            0.06986813992261887,
            0.06637903302907944
        ],
        [
            0.16850221157073975,
            0.0778583437204361,
            0.07005048543214798
        ],
        [
            0.10105465352535248,
            0.025487586855888367,
            0.052606455981731415
        ],
        [
            0.14710624516010284,
            0.05845663323998451,
            0.061118513345718384
        ],
        [
            0.08826884627342224,
            0.019453279674053192,
            0.0420168898999691
        ],
        [
            0.09234406054019928,
            0.04078386351466179,
            0.05781097710132599
        ],
        [
            0.08316773176193237,
            0.03717968985438347,
            0.0476607047021389
        ],
        [
            0.07462731003761292,
            0.01549852266907692,
            0.031122855842113495
        ],
        [
            0.0740867555141449,
            0.029662277549505234,
            0.03575678542256355
        ],
        [
            0.0686526671051979,
            0.0024943724274635315,
            0.02297811210155487
        ],
        [
            0.0729011595249176,
            0.008181087672710419,
            0.027464967221021652
        ],
        [
            0.0732618123292923,
            0.04388171806931496,
            0.03822362795472145
        ],
        [
            0.15444770455360413,
            0.08534010499715805,
            0.05692366883158684
        ],
        [
            0.15836352109909058,
            0.08111809939146042,
            0.05452580377459526
        ],
        [
