{
    "pred_cam": [
        7.3937788009643555,
        -0.03530122712254524,
        -0.0011096205562353134
    ],
    "pred_mano_params": {
        "global_orient": [
            [
                [
                    0.8993889689445496,
                    0.32587960362434387,
                    0.2913793921470642
                ],
                [
                    0.4251764118671417,
                    -0.807029664516449,
                    -0.40979036688804626
                ],
                [
                    0.10160946846008301,
                    0.4924485981464386,
                    -0.8643898963928223
                ]
            ]
        ],
        "hand_pose": [
            [
                [
                    0.7361971139907837,
                    -0.6551243662834167,
                    -0.16978156566619873
                ],
                [
                    0.6287049651145935,
                    0.7548964619636536,
                    -0.18671195209026337
                ],
                [
                    0.2504870593547821,
                    0.03071429952979088,
                    0.967632532119751
                ]
            ],
            [
                [
                    0.7344682812690735,
                    -0.6642078757286072,
                    0.13922716677188873
                ],
                [
                    0.6662891507148743,
                    0.6667933464050293,
                    -0.33383437991142273
                ],
                [
                    0.1288996934890747,
                    0.3379563093185425,
                    0.9322930574417114
                ]
            ],
            [
                [
                    0.8804985880851746,
                    -0.47109004855155945,
                    0.05288146436214447
                ],
                [
                    0.4618646502494812,
                    0.8776421546936035,
                    0.1281612366437912
                ],
                [
                    -0.10678648948669434,
                    -0.08842170238494873,
                    0.9903424978256226
                ]
            ],
            [
                [
                    0.467042475938797,
                    -0.8316806554794312,
                    -0.30029749870300293
                ],
                [
                    0.8668338656425476,
                    0.49768251180648804,
                    -0.030185671523213387
                ],
                [
                    0.1745576560497284,
                    -0.24621005356311798,
                    0.9533678293228149
                ]
            ],
            [
                [
                    0.8662145137786865,
                    -0.43771693110466003,
                    -0.24099017679691315
                ],
                [
                    0.4734475612640381,
                    0.87317955493927,
                    0.1157793179154396
                ],
                [
                    0.1597491353750229,
                    -0.21438594162464142,
                    0.9635968208312988
                ]
            ],
            [
                [
                    0.8813289403915405,
                    -0.44877010583877563,
                    0.1478671431541443
                ],
                [
                    0.45492663979530334,
                    0.8904843926429749,
                    -0.008908791467547417
                ],
                [
                    -0.1276753693819046,
                    0.07512028515338898,
                    0.9889671206474304
                ]
            ],
            [
                [
                    0.4008769690990448,
                    -0.9065465927124023,
                    -0.13217763602733612
                ],
                [
                    0.6259565949440002,
                    0.1656893938779831,
                    0.7620534300804138
                ],
                [
                    -0.6689364910125732,
                    -0.38822710514068604,
                    0.6338798999786377
                ]
            ],
            [
                [
                    0.9641558527946472,
                    -0.21407152712345123,
                    -0.15676967799663544
                ],
                [
                    0.19699670374393463,
                    0.9733323454856873,
                    -0.11754286289215088
                ],
                [
                    0.1777516007423401,
                    0.08244653791189194,
                    0.9806154370307922
                ]
            ],
            [
                [
                    0.9808322787284851,
                    0.15294721722602844,
                    0.1207273006439209
                ],
                [
                    -0.1911599040031433,
                    0.8753606677055359,
                    0.44407373666763306
                ],
                [
                    -0.037760090082883835,
                    -0.45864012837409973,
                    0.8878193497657776
                ]
            ],
            [
                [
                    0.2869546711444855,
                    -0.9526053071022034,
                    -0.1009957417845726
                ],
                [
                    0.9514774084091187,
                    0.27119946479797363,
                    0.14540152251720428
                ],
                [
                    -0.11112027615308762,
                    -0.1378188282251358,
                    0.9842044115066528
                ]
            ],
            [
                [
                    0.9847220182418823,
                    -0.1542903333902359,
                    -0.08072814345359802
                ],
                [
                    0.17323479056358337,
                    0.9150481224060059,
                    0.36424797773361206
                ],
                [
                    0.017670204862952232,
                    -0.37266793847084045,
                    0.927796483039856
                ]
            ],
            [
                [
                    0.9105900526046753,
                    -0.3526747524738312,
                    0.21551363170146942
                ],
                [
                    0.3039395213127136,
                    0.9247410893440247,
                    0.2290734201669693
                ],
                [
                    -0.28008270263671875,
                    -0.14308889210224152,
                    0.9492518305778503
                ]
            ],
            [
                [
                    0.8726040720939636,
                    -0.34606218338012695,
                    -0.3446783423423767
                ],
                [
                    -0.2639537751674652,
                    0.2596494257450104,
                    -0.92892986536026
                ],
                [
                    0.4109630286693573,
                    0.9015671014785767,
                    0.13522672653198242
                ]
            ],
            [
                [
                    0.9364331364631653,
                    -0.34991276264190674,
                    0.025574147701263428
                ],
                [
                    0.2758755683898926,
                    0.7794076800346375,
                    0.5625089406967163
                ],
                [
                    -0.2167617529630661,
                    -0.5196967124938965,
                    0.826395571231842
                ]
            ],
            [
                [
                    0.9797195792198181,
                    0.1257830709218979,
                    0.155974879860878
                ],
                [
                    -0.09806828200817108,
                    0.9798209071159363,
                    -0.17416566610336304
                ],
                [
                    -0.17473453283309937,
                    0.15533731877803802,
                    0.9722850322723389
                ]
            ]
        ],
        "betas": [
            0.05141128599643707,
            -0.009052187204360962,
            -0.03939560055732727,
            -0.07119813561439514,
            -0.06922852993011475,
            -0.09053761512041092,
            0.025343894958496094,
            -0.061629265546798706,
            0.03602972626686096,
            -0.06456819176673889
        ]
    },
    "pred_cam_t": [
        -0.03530122712254524,
        -0.0011096205562353134,
        5.283157825469971
    ],
    "focal_length": [
        5000.0,
        5000.0
    ],
    "pred_keypoints_3d": [
        [
            0.09546111524105072,
            0.006341731175780296,
            0.006184072233736515
        ],
        [
            0.07627779245376587,
            -0.0018585780635476112,
            -0.026052094995975494
        ],
        [
            0.046696167439222336,
            0.002332432195544243,
            -0.03318721801042557
        ],
        [
            0.020206494256854057,
            0.00692414166405797,
            -0.036300938576459885
        ],
        [
            -0.012212683446705341,
            0.010795777663588524,
            -0.05174592509865761
        ],
        [
            0.020781241357326508,
            -0.03524386137723923,
            -0.02306302636861801
        ],
        [
            -0.011089380830526352,
            -0.02992393635213375,
            -0.029531599953770638
        ],
        [
            -0.020600341260433197,
            -0.01026599295437336,
            -0.03328266739845276
        ],
        [
            -0.021574942395091057,
            0.014209244400262833,
            -0.036869633942842484
        ],
        [
            0.009095482528209686,
            -0.031249968335032463,
            -0.001207409892231226
        ],
        [
            -0.015611639246344566,
            -0.011931868270039558,
            -0.005765033420175314
        ],
        [
            -0.02128422260284424,
            0.010193130001425743,
            -0.010094286873936653
        ],
        [
            -0.021855220198631287,
            0.03349023684859276,
            -0.02053729258477688
        ],
        [
            0.013099953532218933,
            -0.014235341921448708,
            0.01895826868712902
        ],
        [
            -0.004983730614185333,
            0.004412271082401276,
            0.006483340635895729
        ],
        [
            -0.011834083124995232,
            0.0264084842056036,
            -0.002656077966094017
        ],
        [
            -0.01635752245783806,
            0.04539228230714798,
            -0.018574487417936325
        ],
        [
            0.017968840897083282,
            0.002841111272573471,
            0.031570978462696075
        ],
        [
            0.007706545293331146,
            0.01546535361558199,
            0.018148280680179596
        ],
        [
            0.0008807112462818623,
            0.029286932200193405,
            0.007187731564044952
        ],
        [
            -0.007867345586419106,
            0.04337932541966438,
            -0.008407825604081154
        ]
    ],
    "pred_vertices": [
        [
            0.05075894668698311,
            -0.007710849866271019,
            -0.01943868026137352
        ],
        [
            0.061072200536727905,
            -0.0019222833216190338,
            -0.01699996180832386
        ],
        [
            0.0543769933283329,
            -0.002047192305326462,
            -0.019904756918549538
        ],
        [
            0.046347908675670624,
            -0.009522804990410805,
            -0.02492494136095047
        ],
        [
            0.06610457599163055,
            0.015561610460281372,
            -0.02209813892841339
        ],
        [
            0.07220342010259628,
            0.01666155830025673,
            -0.03232639282941818
        ],
        [
            0.05569089204072952,
            0.015565477311611176,
            -0.03465097397565842
        ],
        [
            0.05320888012647629,
            0.01596653461456299,
            -0.02476196177303791
        ],
        [
            0.042062267661094666,
            -0.011734157800674438,
            -0.027396492660045624
        ],
        [
            0.04753519967198372,
            -0.001620560884475708,
            -0.02245313487946987
        ],
        [
            0.04087047651410103,
            -0.013412076979875565,
            -0.026517659425735474
        ],
        [
            0.03941239044070244,
            -0.028759023174643517,
            -0.03050142154097557
        ],
        [
            0.038011498749256134,
            -0.02254805900156498,
            -0.030704164877533913
        ],
        [
            0.03503172844648361,
            -0.03611435741186142,
            -0.030492624267935753
        ],
        [
            0.047653406858444214,
            -0.03398658707737923,
            -0.02806609496474266
        ],
        [
            0.036806657910346985,
            -0.04262819141149521,
            -0.024093125015497208
        ],
        [
            0.05440837889909744,
            -0.034732069820165634,
            -0.0021561719477176666
        ],
        [
            0.05415653809905052,
            -0.02856678143143654,
            0.01004366111010313
        ],
        [
            0.03739401325583458,
            -0.035212401300668716,
            0.010300708003342152
        ],
        [
            0.03927244246006012,
            -0.03992259502410889,
            -0.0026407772675156593
        ],
        [
            0.040437936782836914,
            -0.020501162856817245,
            0.025041811168193817
        ],
        [
            0.03793426603078842,
            -0.028834784403443336,
            0.016893789172172546
        ],
        [
            0.05508970841765404,
            -0.023328958079218864,
            0.0173295009881258
        ],
        [
            0.05649850517511368,
            -0.015946796163916588,
            0.024259109050035477
        ],
        [
            0.05483929067850113,
            -0.000838523730635643,
            -0.007161060348153114
        ],
        [
            0.06449831277132034,
            0.0045101456344127655,
            -0.006423325277864933
        ],
        [
            0.06457588821649551,
            0.0006242990493774414,
            -0.010787289589643478
        ],
        [
            0.05459209159016609,
            -0.0037561319768428802,
            -0.011785175651311874
        ],
        [
            0.038446392863988876,
            -0.009088813327252865,
            -0.03180261701345444
        ],
        [
            0.050730008631944656,
            -0.019031625241041183,
            -0.03413014858961105
        ],
        [
            0.04491838067770004,
            -0.018857145681977272,
            -0.02981513924896717
        ],
        [
            0.0364731140434742,
            -0.005683218128979206,
            -0.027828596532344818
        ],
        [
            0.08272648602724075,
            0.02603103220462799,
            0.00033997331047430634
        ],
        [
            0.09605078399181366,
            0.025179820135235786,
            0.002556856255978346
        ],
        [
            0.09734329581260681,
            0.022012455388903618,
            -0.0023522963747382164
        ],
        [
            0.08513902127742767,
            0.022982433438301086,
            -0.0032980639953166246
        ],
        [
            0.09256181120872498,
            0.016079310327768326,
            -0.023588944226503372
        ],
        [
            0.10172368586063385,
            0.01368800550699234,
            -0.018167387694120407
        ],
        [
            0.11047767847776413,
            0.0049439892172813416,
            -0.021568870171904564
        ],
        [
            0.10088131576776505,
            0.0044851042330265045,
            -0.028002269566059113
        ],
        [
            0.08261337876319885,
            0.016659118235111237,
            -0.02883470430970192
        ],
        [
            0.08929528295993805,
            0.00824734941124916,
            -0.03549890220165253
        ],
        [
            0.07601150870323181,
            0.00982285663485527,
            -0.039938151836395264
        ],
        [
            0.05723452568054199,
            0.010144269093871117,
            -0.0416925773024559
        ],
        [
            0.09434633702039719,
            0.02935042977333069,
            0.014508606866002083
        ],
        [
            0.08424203097820282,
            0.03110511600971222,
            0.014428840950131416
        ],
        [
            -0.004682586528360844,
            -0.019550079479813576,
            -0.0361989364027977
        ],
        [
            -0.005352395586669445,
            -0.016955796629190445,
            -0.030728574842214584
        ],
        [
            -0.0016604196280241013,
            -0.01857701689004898,
            -0.030831333249807358
        ],
        [
            -0.001811266876757145,
            -0.02108956128358841,
            -0.03596331179141998
        ],
        [
            0.08923463523387909,
            0.020077664405107498,
            0.03171088546514511
        ],
        [
            0.09139911830425262,
            0.011044815182685852,
            0.035478949546813965
        ],
        [
            0.09749715775251389,
            0.014976851642131805,
            0.035823557525873184
        ],
        [
            0.09625793248414993,
            0.02269100770354271,
            0.030684012919664383
        ],
        [
            0.07998061180114746,
            0.01655566692352295,
            0.033030323684215546
        ],
        [
            0.08284864574670792,
            0.0057974811643362045,
            0.034354068338871
        ],
        [
            -0.013182389549911022,
            -0.029050016775727272,
            -0.03739628195762634
        ],
        [
            -0.009846681728959084,
            -0.02585512213408947,
            -0.03987867757678032
        ],
        [
            -0.006778644397854805,
            -0.029660485684871674,
            -0.038608845323324203
        ],
        [
            -0.009114434011280537,
            -0.03315208479762077,
            -0.0351293571293354
        ],
        [
            0.03918343782424927,
            -0.016878420487046242,
            -0.028205737471580505
        ],
        [
            0.04166989028453827,
            -0.012032264843583107,
            -0.021712766960263252
        ],
        [
            0.024565700441598892,
            -0.024401351809501648,
            -0.028160855174064636
        ],
        [
            0.03074589930474758,
            -0.020230339840054512,
            -0.024646123871207237
        ],
        [
            0.03308640047907829,
            -0.02375059202313423,
            -0.029833754524588585
        ],
        [
            0.027799930423498154,
            -0.02790059521794319,
            -0.03197159618139267
        ],
        [
            0.03376371040940285,
            -0.00879838690161705,
            -0.004388861358165741
        ],
        [
            0.04448352009057999,
            -0.0044158026576042175,
            -0.004246904514729977
        ],
        [
            0.04345683008432388,
            -0.00806443952023983,
            -0.009647279046475887
        ],
        [
            0.03167569637298584,
            -0.012891577556729317,
            -0.011690770275890827
        ],
        [
            0.043904032558202744,
            0.005004690960049629,
            0.0061992984265089035
        ],
        [
            0.03368410840630531,
            -0.0005390774458646774,
            0.005519903264939785
        ],
        [
            0.03484431281685829,
            0.005439359694719315,
            0.011494697071611881
        ],
        [
            0.04143281653523445,
            0.009166760370135307,
            0.010414408519864082
        ],
        [
            0.01757117174565792,
            -0.012246746569871902,
            0.0015481197042390704
        ],
        [
            0.013526360504329205,
            -0.015327150002121925,
            0.0008257185108959675
        ],
        [
            0.012714997865259647,
            -0.012363039888441563,
            0.0027586864307522774
        ],
        [
            0.018003996461629868,
            -0.009867998771369457,
            0.004220608156174421
        ],
        [
            0.1039871945977211,
            0.017776133492588997,
            0.03632472828030586
        ],
        [
            0.10319578647613525,
            0.024397842586040497,
            0.02920619025826454
        ],
        [
            0.04217218980193138,
            -0.0026719113811850548,
            0.03787269443273544
        ],
        [
            0.045220281928777695,
            0.008069637231528759,
            0.038210656493902206
        ],
        [
            0.03227577358484268,
            0.006676865741610527,
            0.038660962134599686
        ],
        [
            0.031834784895181656,
            -0.005598718300461769,
            0.03915410861372948
        ],
        [
            0.0927971675992012,
            0.0010618604719638824,
            0.03332548588514328
        ],
        [
            0.09891165792942047,
            0.005103927105665207,
            0.035996563732624054
        ],
        [
            -0.015936337411403656,
            -0.03021853417158127,
            -0.03174493461847305
        ],
        [
            -0.011441724374890327,
            -0.03378552943468094,
            -0.029469849541783333
        ],
        [
            0.0810825526714325,
            -0.0031763464212417603,
            -0.041014183312654495
        ],
        [
            0.059082698076963425,
            0.0007928777486085892,
            -0.04489452764391899
        ],
        [
            0.09630487859249115,
            -0.0052699074149131775,
            -0.032835423946380615
        ],
        [
            0.10559357702732086,
            -0.006771661341190338,
            -0.024190757423639297
        ],
        [
            0.11406317353248596,
            -0.006446134299039841,
            -0.018679242581129074
        ],
        [
            0.02647458016872406,
            -0.018991313874721527,
            -0.019885875284671783
        ],
        [
            0.046148236840963364,
            -0.008373323827981949,
            -0.014816139824688435
        ],
        [
            0.054794881492853165,
            0.002257904037833214,
            -0.003089294768869877
        ],
        [
            0.048662491142749786,
            0.02245558425784111,
            0.019157815724611282
        ],
        [
            0.058051664382219315,
            0.02658507227897644,
            0.01854337565600872
        ],
        [
            0.05553324520587921,
            0.020766697824001312,
            0.009925498627126217
        ],
        [
            0.04798257350921631,
            0.017833467572927475,
            0.012587117031216621
        ],
        [
            0.04313670098781586,
            0.01709793135523796,
            0.03398261219263077
        ],
        [
            0.04072936251759529,
            0.019399601966142654,
            0.026732156053185463
        ],
        [
            0.03384480997920036,
            0.0165034718811512,
            0.026876814663410187
        ],
        [
            0.03375810757279396,
            0.01435878872871399,
            0.03411726653575897
        ],
        [
            0.03993549942970276,
            -0.008965162560343742,
            -0.03888877481222153
        ],
        [
            0.05558295547962189,
            -0.017368029803037643,
            -0.03877636417746544
        ],
        [
            0.08742491900920868,
            0.02752523124217987,
            0.02443118207156658
        ],
        [
            0.09490452706813812,
            0.028024079278111458,
            0.022195126861333847
        ],
        [
            0.10343436896800995,
            0.027986302971839905,
            0.02237057313323021
        ],
        [
            0.07414299249649048,
            0.015085525810718536,
            -0.004879496991634369
        ],
        [
            0.08684222400188446,
            0.020954571664333344,
            -0.006024419795721769
        ],
        [
            0.08700428158044815,
            0.018871914595365524,
            -0.010199635289609432
        ],
        [
            0.07517166435718536,
            0.011942882090806961,
            -0.0071543073281645775
        ],
        [
            0.06981944292783737,
            0.006695874035358429,
            -0.014977661892771721
        ],
        [
            0.07838071137666702,
            0.01546373963356018,
            -0.01923457160592079
        ],
        [
            0.05982906371355057,
            0.007892835885286331,
            -0.0160404983907938
        ],
        [
            0.10058566927909851,
            0.018296871334314346,
            -0.009072871878743172
        ],
        [
            0.10750161111354828,
            0.02339942380785942,
            -0.0018669064156711102
        ],
        [
            0.10996498167514801,
            0.018322907388210297,
            -0.008733328431844711
        ],
        [
            0.10576959699392319,
            0.027181509882211685,
            0.006966679356992245
        ],
        [
            0.10420628637075424,
            0.02913983166217804,
            0.015467071905732155
        ],
        [
            0.10645737498998642,
            0.006651686504483223,
            0.03958450257778168
        ],
        [
            0.11150995641946793,
            0.012499984353780746,
            -0.014336024411022663
        ],
        [
            0.04436425864696503,
            0.014977170154452324,
            -0.027808591723442078
        ],
        [
            0.03627954423427582,
            0.014405300840735435,
            -0.0310734361410141
        ],
        [
            0.03510422259569168,
            0.009771181270480156,
            -0.02519640326499939
        ],
        [
            0.042652029544115067,
            0.009575674310326576,
            -0.02173769474029541
        ],
        [
            0.027414090931415558,
            -0.04056340083479881,
            -0.03052050992846489
        ],
        [
            0.027622457593679428,
            -0.03339076787233353,
            -0.03328302875161171
        ],
        [
            0.03504977375268936,
            -0.029272284358739853,
            -0.032491594552993774
        ],
        [
            0.07182088494300842,
            0.02544313482940197,
            0.004436522722244263
        ],
        [
            0.07359771430492401,
            0.02996203489601612,
            0.016079546883702278
        ],
        [
            0.020401887595653534,
            -0.023317188024520874,
            -0.023223422467708588
        ],
        [
            -0.0057850489392876625,
            -0.03662646561861038,
            -0.033450331538915634
        ],
        [
            -0.0029748007655143738,
            -0.03319745510816574,
            -0.03764452785253525
        ],
        [
            0.013376741670072079,
            -0.038652386516332626,
            -0.03414030000567436
        ],
        [
            0.010133007541298866,
            -0.04272804036736488,
            -0.02945009246468544
        ],
        [
            0.012522183358669281,
            -0.02699297107756138,
            -0.017774751409888268
        ],
        [
            0.016778547316789627,
            -0.02403280697762966,
            -0.02262597531080246
        ],
        [
            0.014736544340848923,
            -0.0244031623005867,
            -0.021839790046215057
        ],
        [
            0.01021616067737341,
            -0.025305503979325294,
            -0.01704125851392746
        ],
        [
            0.016190873458981514,
            -0.006135500967502594,
            0.00862846802920103
        ],
        [
            0.02047504484653473,
            -0.003912503831088543,
            0.009669076651334763
        ],
        [
            0.023205548524856567,
            -0.041187435388565063,
            -0.0047079697251319885
        ],
        [
            0.028188664466142654,
            -0.049007102847099304,
            -0.014740746468305588
        ],
        [
            0.04010336846113205,
            -0.0441720113158226,
            -0.013902682811021805
        ],
        [
            0.034527137875556946,
            -0.004186177626252174,
            0.001400397508405149
        ],
        [
            0.02497153729200363,
            -0.007738454267382622,
            0.0018400242552161217
        ],
        [
            0.02521061711013317,
            -0.005316134542226791,
            0.005089309997856617
        ],
        [
            0.022791560739278793,
            -0.019375979900360107,
            -0.016952408477663994
        ],
        [
            0.017239101231098175,
            -0.02315058559179306,
            -0.018118351697921753
        ],
        [
            0.01833205670118332,
            -0.02125072479248047,
            -0.014201678335666656
        ],
        [
            0.023707237094640732,
            -0.016804341226816177,
            -0.012396820820868015
        ],
        [
            0.05812773108482361,
            0.010744474828243256,
            0.03760729357600212
        ],
        [
            0.05512697249650955,
            0.021171322092413902,
            0.03311622515320778
        ],
        [
            -0.006544299423694611,
            -0.022565843537449837,
            -0.039425868541002274
        ],
        [
            -0.003711993806064129,
            -0.025223536416888237,
            -0.038850732147693634
        ],
        [
            0.044988468289375305,
            7.024221122264862e-05,
            0.0013466662494465709
        ],
        [
            0.05324592813849449,
            -0.037112757563591,
            -0.013402330689132214
        ],
        [
            0.05470344051718712,
            0.005841737613081932,
            0.0010521969525143504
        ],
        [
            0.019838890060782433,
            -0.013026466593146324,
            0.026572581380605698
        ],
        [
            0.017898764461278915,
            -0.0049631125293672085,
            0.02349771372973919
        ],
        [
            0.014934543520212173,
            -0.004579700529575348,
            0.021154534071683884
        ],
        [
            0.013518664985895157,
            -0.009917518123984337,
            0.023073380813002586
        ],
        [
            -0.0030014878138899803,
            -0.02240091562271118,
            -0.0195059422403574
        ],
        [
            -0.0011348212137818336,
            -0.019347239285707474,
            -0.024224575608968735
        ],
        [
            -0.0033346395939588547,
            -0.018164340406656265,
            -0.024834591895341873
        ],
        [
            -0.006366558372974396,
            -0.02097485587000847,
            -0.020535632967948914
        ],
        [
            0.019650155678391457,
            -0.024788446724414825,
            -0.02773645892739296
        ],
        [
            0.021937884390354156,
            -0.028285834938287735,
            -0.03253942355513573
        ],
        [
            0.016760297119617462,
            -0.02707134746015072,
            -0.032440077513456345
        ],
        [
            0.01552741788327694,
            -0.024732055142521858,
            -0.026988781988620758
        ],
        [
            0.021417999640107155,
            -0.034100621938705444,
            -0.034082964062690735
        ],
        [
            0.016039641574025154,
            -0.032921016216278076,
            -0.034992367029190063
        ],
        [
            -0.00571708008646965,
            -0.02798684872686863,
            -0.017916521057486534
        ],
        [
            -0.00789901427924633,
            -0.03422500938177109,
            -0.021515941247344017
        ],
        [
            0.006296394392848015,
            -0.038948893547058105,
            -0.0162703488022089
        ],
        [
            0.005926030687987804,
            -0.03124384954571724,
            -0.014840192161500454
        ],
        [
            0.07163989543914795,
            -0.012977284379303455,
            0.024721667170524597
        ],
        [
            0.07101808488368988,
            -0.004376834258437157,
            0.03172940015792847
        ],
        [
            0.05588402599096298,
            -0.007267303764820099,
            0.03167127072811127
        ],
        [
            0.04063776135444641,
            -0.010674238204956055,
            0.03281364217400551
        ],
        [
            0.0266152061522007,
            -0.013468010351061821,
            0.03211910277605057
        ],
        [
            0.026837430894374847,
            -0.02443234808743,
            0.026413436979055405
        ],
        [
            0.05687347427010536,
            -0.00032281409949064255,
            0.03604375571012497
        ],
        [
            0.013673650100827217,
            -0.03228682279586792,
            -0.011538021266460419
        ],
        [
            0.016203884035348892,
            -0.04103035852313042,
            -0.012381717562675476
        ],
        [
            0.015987129881978035,
            -0.03717872500419617,
            -0.008307547308504581
        ],
        [
            0.0533931590616703,
            0.011491319164633751,
            0.0057257963344454765
        ],
        [
            -0.00048560556024312973,
            -0.028608106076717377,
            -0.038623031228780746
        ],
        [
            0.10609627515077591,
            -0.01924748905003071,
            -0.0022357217967510223
        ],
        [
            0.10419480502605438,
            -0.017252743244171143,
            0.011345241218805313
        ],
        [
            0.09646853804588318,
            -0.019764915108680725,
            0.007979228161275387
        ],
        [
            0.09797463566064835,
            -0.021208010613918304,
            -0.008142221719026566
        ],
        [
            0.0005459524691104889,
            -0.019660919904708862,
            -0.031053952872753143
        ],
        [
            0.001256830058991909,
            -0.022983014583587646,
            -0.03645952790975571
        ],
        [
            0.019763439893722534,
            0.0008945576846599579,
            0.013651537708938122
        ],
        [
            0.01602393575012684,
            -0.0020163580775260925,
            0.012708460912108421
        ],
        [
            0.015839939936995506,
            -0.0007041222415864468,
            0.016108067706227303
        ],
        [
            0.01804584451019764,
            0.0035241572186350822,
            0.016601048409938812
        ],
        [
            0.07194653153419495,
            0.0008171144872903824,
            0.03459388017654419
        ],
        [
            0.0247467290610075,
            0.010345232672989368,
            0.03532496094703674
        ],
        [
            0.023685231804847717,
            -0.0020615574903786182,
            0.03649995103478432
        ],
        [
            0.084049753844738,
            -0.0022849589586257935,
            0.03154505789279938
        ],
        [
            0.08484793454408646,
            -0.010213551111519337,
            0.025936828926205635
        ],
        [
            0.09422552585601807,
            -0.007937747985124588,
            0.027318352833390236
        ],
        [
            0.021157732233405113,
            -0.03102506324648857,
            0.013876979239284992
        ],
        [
            0.07000695168972015,
            -0.01911219209432602,
            0.01883659139275551
        ],
        [
            0.08398836851119995,
            -0.015240170061588287,
            0.020247872918844223
        ],
        [
            0.09513986110687256,
            -0.01275815162807703,
            0.021652953699231148
        ],
        [
            0.10304899513721466,
            -0.011148842051625252,
            0.023609783500432968
        ],
        [
            0.10122031718492508,
            -0.005894698202610016,
            0.029517214745283127
        ],
        [
            -0.0074678873643279076,
            -0.03643365204334259,
            -0.027358708903193474
        ],
        [
            -0.012688865885138512,
            -0.031233355402946472,
            -0.022929523140192032
        ],
        [
            0.10935371369123459,
            -0.004656989127397537,
            0.0332748182117939
        ],
        [
            0.11099687218666077,
            -0.010117793455719948,
            0.026004375889897346
        ],
        [
            0.08374515920877457,
            -0.020367249846458435,
            0.01261004526168108
        ],
        [
            0.08322279155254364,
            -0.025364864617586136,
            0.0017819181084632874
        ],
        [
            0.07019831240177155,
            -0.02373582310974598,
            0.011432265862822533
        ],
        [
            0.06874532997608185,
            -0.02916616015136242,
            0.0011158101260662079
        ],
        [
            0.024707075208425522,
            -0.04086686670780182,
            0.009194880723953247
        ],
        [
            -0.023432057350873947,
            -0.01576044410467148,
            -0.026013359427452087
        ],
        [
            -0.015982264652848244,
            -0.023193014785647392,
            -0.02168128453195095
        ],
        [
            -0.0115888100117445,
            -0.019309842959046364,
            -0.021588705480098724
        ],
        [
            -0.020391689613461494,
            -0.013386912643909454,
            -0.024147238582372665
        ],
        [
            -0.00979520007967949,
            -0.025615449994802475,
            -0.01950182020664215
        ],
        [
            -0.01730574481189251,
            -0.02756870537996292,
            -0.025167902931571007
        ],
        [
            0.06764201074838638,
            -0.03134319558739662,
            -0.014008217491209507
        ],
        [
            0.013475186191499233,
            -0.024646464735269547,
            -0.01484776008874178
        ],
        [
            0.08269142359495163,
            -0.025027571246027946,
            -0.017681419849395752
        ],
        [
            0.05988440290093422,
            -0.0309969000518322,
            -0.028447167947888374
        ],
        [
            0.06977920979261398,
            -0.023823779076337814,
            -0.032478217035532
        ],
        [
            0.09786520898342133,
            -0.01711837388575077,
            -0.02299650013446808
        ],
        [
            0.0835651233792305,
            -0.016148556023836136,
