{
    "pred_cam": [
        6.516491889953613,
        -0.03803394362330437,
        0.004175011068582535
    ],
    "pred_mano_params": {
        "global_orient": [
            [
                [
                    0.8826724886894226,
                    0.3830084502696991,
                    0.27238547801971436
                ],
                [
                    0.46528860926628113,
                    -0.7938821315765381,
                    -0.3914814293384552
                ],
                [
                    0.06630124896764755,
                    0.47228771448135376,
                    -0.878947377204895
                ]
            ]
        ],
        "hand_pose": [
            [
                [
                    0.7441226840019226,
                    -0.6357914805412292,
                    -0.20506253838539124
                ],
                [
                    0.6029958128929138,
                    0.7713618874549866,
                    -0.2034623622894287
                ],
                [
                    0.2875370681285858,
                    0.027749113738536835,
                    0.957367479801178
                ]
            ],
            [
                [
                    0.7315412759780884,
                    -0.664328932762146,
                    0.15334419906139374
                ],
                [
                    0.674322783946991,
                    0.6717724800109863,
                    -0.30661138892173767
                ],
                [
                    0.10067840665578842,
                    0.3277023732662201,
                    0.9394014477729797
                ]
            ],
            [
                [
                    0.8355501294136047,
                    -0.5429709553718567,
                    0.08389579504728317
                ],
                [
                    0.5280895829200745,
                    0.8358309268951416,
                    0.15002666413784027
                ],
                [
                    -0.15158282220363617,
                    -0.08105029910802841,
                    0.9851159453392029
                ]
            ],
            [
                [
                    0.4346489906311035,
                    -0.8586350083351135,
                    -0.271709680557251
                ],
                [
                    0.8895753026008606,
                    0.4563851058483124,
                    -0.01919414848089218
                ],
                [
                    0.140485018491745,
                    -0.23336349427700043,
                    0.9621877670288086
                ]
            ],
            [
                [
                    0.8630258440971375,
                    -0.4474608600139618,
                    -0.2344464510679245
                ],
                [
                    0.4844565689563751,
                    0.8646258115768433,
                    0.1331317126750946
                ],
                [
                    0.14313721656799316,
                    -0.22847521305084229,
                    0.9629697799682617
                ]
            ],
            [
                [
                    0.8621575832366943,
                    -0.4808559715747833,
                    0.15956787765026093
                ],
                [
                    0.4857822358608246,
                    0.8740318417549133,
                    0.009166075848042965
                ],
                [
                    -0.14387497305870056,
                    0.06961263716220856,
                    0.9871444702148438
                ]
            ],
            [
                [
                    0.41765961050987244,
                    -0.9068848490715027,
                    -0.055860113352537155
                ],
                [
                    0.5848125219345093,
                    0.22126168012619019,
                    0.7804086208343506
                ],
                [
                    -0.6953810453414917,
                    -0.35861286520957947,
                    0.6227696537971497
                ]
            ],
            [
                [
                    0.9542108774185181,
                    -0.23334896564483643,
                    -0.18716269731521606
                ],
                [
                    0.23148499429225922,
                    0.9723097681999207,
                    -0.032068341970443726
                ],
                [
                    0.18946324288845062,
                    -0.01272539608180523,
                    0.9818053245544434
                ]
            ],
            [
                [
                    0.9892884492874146,
                    0.1162157729268074,
                    0.08833067864179611
                ],
                [
                    -0.14335975050926208,
                    0.8875147700309753,
                    0.4379103183746338
                ],
                [
                    -0.027502700686454773,
                    -0.445882648229599,
                    0.8946687579154968
                ]
            ],
            [
                [
                    0.25926217436790466,
                    -0.9646415710449219,
                    -0.047432877123355865
                ],
                [
                    0.9512283802032471,
                    0.24653954803943634,
                    0.18542605638504028
                ],
                [
                    -0.16717557609081268,
                    -0.09319346398115158,
                    0.9815127849578857
                ]
            ],
            [
                [
                    0.9755144119262695,
                    -0.2007194608449936,
                    -0.08990730345249176
                ],
                [
                    0.21987250447273254,
                    0.8998116254806519,
                    0.376822292804718
                ],
                [
                    0.005264065694063902,
                    -0.3873637318611145,
                    0.921911895275116
                ]
            ],
            [
                [
                    0.9148163199424744,
                    -0.35166776180267334,
                    0.19859760999679565
                ],
                [
                    0.302459180355072,
                    0.9224175810813904,
                    0.24013389647006989
                ],
                [
                    -0.2676372826099396,
                    -0.15961071848869324,
                    0.9502078294754028
                ]
            ],
            [
                [
                    0.8671957850456238,
                    -0.3356490731239319,
                    -0.3678467273712158
                ],
                [
                    -0.2763970196247101,
                    0.2900201678276062,
                    -0.91623854637146
                ],
                [
                    0.41421759128570557,
                    0.8962298631668091,
                    0.1587318629026413
                ]
            ],
            [
                [
                    0.9388953447341919,
                    -0.33575084805488586,
                    0.07580841332674026
                ],
                [
                    0.2409439980983734,
                    0.7983779907226562,
                    0.5518501996994019
                ],
                [
                    -0.24580791592597961,
                    -0.49986398220062256,
                    0.8304905295372009
                ]
            ],
            [
                [
                    0.9834942817687988,
                    0.08042926341295242,
                    0.1620805412530899
                ],
                [
                    -0.04831257462501526,
                    0.9799813032150269,
                    -0.1931387037038803
                ],
                [
                    -0.1743699014186859,
                    0.18212029337882996,
                    0.9676917791366577
                ]
            ]
        ],
        "betas": [
            0.0732562392950058,
            -0.03483423590660095,
            -0.023144006729125977,
            -0.06907382607460022,
            -0.03135514259338379,
            -0.035741426050662994,
            0.018243104219436646,
            -0.09376811981201172,
            0.015722721815109253,
            -0.08836188912391663
        ]
    },
    "pred_cam_t": [
        -0.03803394362330437,
        0.004175011068582535,
        5.994406223297119
    ],
    "focal_length": [
        5000.0,
        5000.0
    ],
    "pred_keypoints_3d": [
        [
            0.09538409858942032,
            0.006341253407299519,
            0.006187943741679192
        ],
        [
            0.07528381049633026,
            -0.0025842832401394844,
            -0.02523513324558735
        ],
        [
            0.04529275372624397,
            -0.0005556372925639153,
            -0.031236950308084488
        ],
        [
            0.018601909279823303,
            0.002360574435442686,
            -0.034316666424274445
        ],
        [
            -0.013816747814416885,
            0.006030356511473656,
            -0.04945643991231918
        ],
        [
            0.02154672145843506,
            -0.03840828686952591,
            -0.020131586119532585
        ],
        [
            -0.010984476655721664,
            -0.03483247384428978,
            -0.02368146926164627
        ],
        [
            -0.021732352674007416,
            -0.015777142718434334,
            -0.027006426826119423
        ],
        [
            -0.0219692625105381,
            0.00839310884475708,
            -0.031577207148075104
        ],
        [
            0.010632932186126709,
            -0.03507867455482483,
            0.002201199997216463
        ],
        [
            -0.014404736459255219,
            -0.016266437247395515,
            -0.0023840940557420254
        ],
        [
            -0.020213477313518524,
            0.005726644769310951,
            -0.007024850696325302
        ],
        [
            -0.020052049309015274,
            0.028540804982185364,
            -0.018303800374269485
        ],
        [
            0.014692157506942749,
            -0.01805698126554489,
            0.02227153070271015
        ],
        [
            -0.003929812461137772,
            -0.00046622753143310547,
            0.009155845269560814
        ],
        [
            -0.01038553100079298,
            0.021381352096796036,
            -0.0005039982497692108
        ],
        [
            -0.014077737927436829,
            0.04043709486722946,
            -0.01652582362294197
        ],
        [
            0.019298240542411804,
            -0.0008656838908791542,
            0.03476984053850174
        ],
        [
            0.007173076272010803,
            0.010146179236471653,
            0.021531669422984123
        ],
        [
            -0.00031632930040359497,
            0.02359432727098465,
            0.010587034747004509
        ],
        [
            -0.00903983786702156,
            0.037660449743270874,
            -0.004627948626875877
        ]
    ],
    "pred_vertices": [
        [
            0.05040011554956436,
            -0.00955742597579956,
            -0.01755693554878235
        ],
        [
            0.060516178607940674,
            -0.003232177346944809,
            -0.015516025945544243
        ],
        [
            0.0536525696516037,
            -0.0037851817905902863,
            -0.018188707530498505
        ],
        [
            0.045848339796066284,
            -0.011592868715524673,
            -0.022857263684272766
        ],
        [
            0.06417136639356613,
            0.01422027125954628,
            -0.021163351833820343
        ],
        [
            0.06982913613319397,
            0.015532724559307098,
            -0.0315893329679966
        ],
        [
            0.05344163253903389,
            0.013245724141597748,
            -0.033228591084480286
        ],
        [
            0.05120266601443291,
            0.013572897762060165,
            -0.023292213678359985
        ],
        [
            0.04150813817977905,
            -0.014172621071338654,
            -0.025204172357916832
        ],
        [
            0.04661879315972328,
            -0.003909047693014145,
            -0.020499061793088913
        ],
        [
            0.04033275693655014,
            -0.016243185847997665,
            -0.024411221966147423
        ],
        [
            0.039577025920152664,
            -0.03128041326999664,
            -0.02826465480029583
        ],
        [
            0.037882670760154724,
            -0.02504299208521843,
            -0.028370801359415054
        ],
        [
            0.035518404096364975,
            -0.03871118277311325,
            -0.028101930394768715
        ],
        [
            0.04817918688058853,
            -0.0361533984541893,
            -0.026199374347925186
        ],
        [
            0.03788580745458603,
            -0.045121897011995316,
            -0.021810032427310944
        ],
        [
            0.055976513773202896,
            -0.036480311304330826,
            -0.0006638215854763985
        ],
        [
            0.05592982470989227,
            -0.030385013669729233,
            0.011518057435750961
        ],
        [
            0.03948453813791275,
            -0.03780779242515564,
            0.012453950010240078
        ],
        [
            0.041069455444812775,
            -0.0423552468419075,
            -0.000552578829228878
        ],
        [
            0.04247003793716431,
            -0.02307805046439171,
            0.027138400822877884
        ],
        [
            0.04001734405755997,
            -0.031473010778427124,
            0.019057558849453926
        ],
        [
            0.05692603811621666,
            -0.025158241391181946,
            0.01879662647843361
        ],
        [
            0.058282509446144104,
            -0.017756979912519455,
            0.025705965235829353
        ],
        [
            0.054624684154987335,
            -0.0026063546538352966,
            -0.005500889848917723
        ],
        [
            0.06408262997865677,
            0.003195717930793762,
            -0.005113368853926659
        ],
        [
            0.06417737901210785,
            -0.0005818605422973633,
            -0.009444700554013252
        ],
        [
            0.05433642119169235,
            -0.005483604967594147,
            -0.010083235800266266
        ],
        [
            0.037773117423057556,
            -0.012518562376499176,
            -0.02985464222729206
        ],
        [
            0.05035628378391266,
            -0.021421656012535095,
            -0.03239201009273529
        ],
        [
            0.04462619125843048,
            -0.021523363888263702,
            -0.02787504345178604
        ],
        [
            0.03560228273272514,
            -0.009250616654753685,
            -0.02583828940987587
        ],
        [
            0.08151159435510635,
            0.02544657699763775,
            0.0009763727430254221
        ],
        [
            0.0949259102344513,
            0.025177717208862305,
            0.0026337052695453167
        ],
        [
            0.09616222232580185,
            0.02209864929318428,
            -0.002336387988179922
        ],
        [
            0.0839087963104248,
            0.022540096193552017,
            -0.002774263033643365
        ],
        [
            0.09075967222452164,
            0.016099803149700165,
            -0.02345370128750801
        ],
        [
            0.10026787966489792,
            0.014041315764188766,
            -0.01834774948656559
        ],
        [
            0.10927151888608932,
            0.005697038024663925,
            -0.022135434672236443
        ],
        [
            0.099451445043087,
            0.0047885961830616,
            -0.028174757957458496
        ],
        [
            0.08044591546058655,
            0.01622479408979416,
            -0.028460020199418068
        ],
        [
            0.08735016733407974,
            0.008005727082490921,
            -0.035259783267974854
        ],
        [
            0.07381350547075272,
            0.008770361542701721,
            -0.0392162948846817
        ],
        [
            0.05522659420967102,
            0.007838195189833641,
            -0.04022359848022461
        ],
        [
            0.09352649748325348,
            0.029216472059488297,
            0.014654616825282574
        ],
        [
            0.08337033540010452,
            0.030513837933540344,
            0.014999935403466225
        ],
        [
            -0.005722403526306152,
            -0.024374300613999367,
            -0.030890699476003647
        ],
        [
            -0.006091370712965727,
            -0.02173708565533161,
            -0.025432856753468513
        ],
        [
            -0.0024564899504184723,
            -0.02308279648423195,
            -0.025759287178516388
        ],
        [
            -0.0028826305642724037,
            -0.025679467245936394,
            -0.030871257185935974
        ],
        [
            0.08958376944065094,
            0.019680893048644066,
            0.031996019184589386
        ],
        [
            0.09232417494058609,
            0.010759226977825165,
            0.035616882145404816
        ],
        [
            0.09824284166097641,
            0.014971347525715828,
            0.035727981477975845
        ],
        [
            0.09642625600099564,
            0.022627726197242737,
            0.03069184347987175
        ],
        [
            0.08056971430778503,
            0.01572827249765396,
            0.03367648273706436
        ],
        [
            0.08398672938346863,
            0.0051306672394275665,
            0.034817203879356384
        ],
        [
            -0.013930772431194782,
            -0.03415515646338463,
            -0.03140953555703163
        ],
        [
            -0.010907554998993874,
            -0.030881229788064957,
            -0.03412983566522598
        ],
        [
            -0.007653527893126011,
            -0.034486547112464905,
            -0.033102720975875854
        ],
        [
            -0.009585634805262089,
            -0.037990644574165344,
            -0.02946064993739128
        ],
        [
            0.03889409452676773,
            -0.019258741289377213,
            -0.025905199348926544
        ],
        [
            0.04140572249889374,
            -0.014303423464298248,
            -0.019513335078954697
        ],
        [
            0.024517595767974854,
            -0.027430076152086258,
            -0.025433238595724106
        ],
        [
            0.03073052130639553,
            -0.022974815219640732,
            -0.02208026871085167
        ],
        [
            0.033003486692905426,
            -0.026373082771897316,
            -0.027386022731661797
        ],
        [
            0.027712205424904823,
            -0.0307813361287117,
            -0.029371701180934906
        ],
        [
            0.03406129032373428,
            -0.01152205653488636,
            -0.001901186304166913
        ],
        [
            0.0445602685213089,
            -0.0066666677594184875,
            -0.002184750745072961
        ],
        [
            0.043478380888700485,
            -0.0103138517588377,
            -0.0075488039292395115
        ],
        [
            0.03185902535915375,
            -0.015660354867577553,
            -0.00912590604275465
        ],
        [
            0.043984849005937576,
            0.0026402082294225693,
            0.008348552510142326
        ],
        [
            0.03401259332895279,
            -0.0033507663756608963,
            0.008070542477071285
        ],
        [
            0.035135578364133835,
            0.0026179123669862747,
            0.014057112857699394
        ],
        [
            0.04150424152612686,
            0.0066477637737989426,
            0.012706753797829151
        ],
        [
            0.018352633342146873,
            -0.015737313777208328,
            0.004822388291358948
        ],
        [
            0.014561492949724197,
            -0.01897737756371498,
            0.0043596671894192696
        ],
        [
            0.013996552675962448,
            -0.016078928485512733,
            0.006284086965024471
        ],
        [
            0.01884385570883751,
            -0.013341841287910938,
            0.007504744455218315
        ],
        [
            0.1046120747923851,
            0.01807154156267643,
            0.035978130996227264
        ],
        [
            0.10321124643087387,
            0.02466466836631298,
            0.02893911302089691
        ],
        [
            0.043942440301179886,
            -0.005274954251945019,
            0.040013935416936874
        ],
        [
            0.04648103564977646,
            0.005610601976513863,
            0.04033052921295166
        ],
        [
            0.03355967625975609,
            0.0035204123705625534,
            0.04137313738465309
        ],
        [
            0.03379201889038086,
            -0.00875807460397482,
            0.04173284024000168
        ],
        [
            0.09409376978874207,
            0.000872686505317688,
            0.03334882855415344
        ],
        [
            0.10012553632259369,
            0.00518328882753849,
            0.03578419238328934
        ],
        [
            -0.016216721385717392,
            -0.035336196422576904,
            -0.0255943164229393
        ],
        [
            -0.011462551541626453,
            -0.03863859549164772,
            -0.023648906499147415
        ],
        [
            0.07958044111728668,
            -0.0039827860891819,
            -0.04035627096891403
        ],
        [
            0.05758032202720642,
            -0.001442141830921173,
            -0.04341559857130051
        ],
        [
            0.09514758735895157,
            -0.005219336599111557,
            -0.032839518040418625
        ],
        [
            0.10484489798545837,
            -0.006252795457839966,
            -0.024594908580183983
        ],
        [
            0.11351141333580017,
            -0.005514867603778839,
            -0.019447721540927887
        ],
        [
            0.026621103286743164,
            -0.021940359845757484,
            -0.017173808068037033
        ],
        [
            0.045980390161275864,
            -0.010472843423485756,
            -0.012805087491869926
        ],
        [
            0.054598819464445114,
            0.00044745951890945435,
            -0.0014218972064554691
        ],
        [
            0.048468686640262604,
            0.020198166370391846,
            0.02121046371757984
        ],
        [
            0.05762727931141853,
            0.024765437468886375,
            0.020207881927490234
        ],
        [
            0.0550273172557354,
            0.01887333020567894,
            0.011670446023344994
        ],
        [
            0.04773251712322235,
            0.01557885855436325,
            0.014650221914052963
        ],
        [
            0.04379795119166374,
            0.014513041824102402,
            0.03626185655593872
        ],
        [
            0.04096948355436325,
            0.016725905239582062,
            0.029125215485692024
        ],
        [
            0.03414686769247055,
            0.013476615771651268,
            0.02963944524526596
        ],
        [
            0.03446643799543381,
            0.011298932135105133,
            0.03685138374567032
        ],
        [
            0.03923707455396652,
            -0.012283955700695515,
            -0.03695894777774811
        ],
        [
            0.05505499988794327,
            -0.019530463963747025,
            -0.03713938221335411
        ],
        [
            0.08712662756443024,
            0.02704821713268757,
            0.024833444505929947
        ],
        [
            0.09446834027767181,
            0.027898894622921944,
            0.022296231240034103
        ],
        [
            0.10299089550971985,
            0.028277795761823654,
            0.022130848839879036
        ],
        [
            0.07326529175043106,
            0.014192961156368256,
            -0.003923386335372925
        ],
        [
            0.08559039235115051,
            0.020628556609153748,
            -0.005577630829066038
        ],
        [
            0.08568461239337921,
            0.018610220402479172,
            -0.00976516492664814
        ],
        [
            0.07436072081327438,
            0.011172108352184296,
            -0.006242820527404547
        ],
        [
            0.06880350410938263,
            0.005865328013896942,
            -0.013992493972182274
        ],
        [
            0.07670503854751587,
            0.014990568161010742,
            -0.018667839467525482
        ],
        [
            0.05861002206802368,
            0.006330959498882294,
            -0.01473902352154255
        ],
        [
            0.09929517656564713,
            0.0185735784471035,
            -0.009195327758789062
        ],
        [
            0.10624880343675613,
            0.023956090211868286,
            -0.0022574777249246836
        ],
        [
            0.10866469889879227,
            0.019022423774003983,
            -0.009236956015229225
        ],
        [
            0.10470934957265854,
            0.02762524224817753,
            0.006653066724538803
        ],
        [
            0.10341326892375946,
            0.029487770050764084,
            0.015213769860565662
        ],
        [
            0.10773802548646927,
            0.0070664118975400925,
            0.03907296806573868
        ],
        [
            0.11025210469961166,
            0.013287454843521118,
            -0.014917906373739243
        ],
        [
            0.04239622503519058,
            0.011899249628186226,
            -0.025940358638763428
        ],
        [
            0.03436858206987381,
            0.010742586106061935,
            -0.029074380174279213
        ],
        [
            0.03346165269613266,
            0.005984198302030563,
            -0.023188261315226555
        ],
        [
            0.04108757525682449,
            0.006415557116270065,
            -0.019774261862039566
        ],
        [
            0.027962109073996544,
            -0.043497517704963684,
            -0.027805576100945473
        ],
        [
            0.02769245207309723,
            -0.03630293905735016,
            -0.030620593577623367
        ],
        [
            0.035117488354444504,
            -0.03183606639504433,
            -0.030105138197541237
        ],
        [
            0.0708303153514862,
            0.024340342730283737,
            0.00552042480558157
        ],
        [
            0.07287941873073578,
            0.028879377990961075,
            0.017099089920520782
        ],
        [
            0.02058807574212551,
            -0.026553981006145477,
            -0.020271072164177895
        ],
        [
            -0.005923825316131115,
            -0.04123916104435921,
            -0.028092270717024803
        ],
        [
            -0.003626253455877304,
            -0.037694282829761505,
            -0.03246937319636345
        ],
        [
            0.013281726278364658,
            -0.04222302511334419,
            -0.030451102182269096
        ],
        [
            0.010659666731953621,
            -0.046476881951093674,
            -0.025556089356541634
        ],
        [
            0.013365603052079678,
            -0.03063817322254181,
            -0.014203187078237534
        ],
        [
            0.017009776085615158,
            -0.02748268097639084,
            -0.019310222938656807
        ],
        [
            0.0150336604565382,
            -0.027993671596050262,
            -0.018270965665578842
        ],
        [
            0.011012119241058826,
            -0.02913854271173477,
            -0.013112615793943405
        ],
        [
            0.01727413386106491,
            -0.009729504585266113,
            0.01219152007251978
        ],
        [
            0.021208181977272034,
            -0.007313988171517849,
            0.013004849664866924
        ],
        [
            0.02506624162197113,
            -0.04431784898042679,
            -0.001948503777384758
        ],
        [
            0.030004039406776428,
            -0.05185121297836304,
            -0.012203809805214405
        ],
        [
            0.04166747257113457,
            -0.04649929702281952,
            -0.011797262355685234
        ],
        [
            0.03485029190778732,
            -0.006916144862771034,
            0.0038820095360279083
        ],
        [
            0.025509385392069817,
            -0.010897163301706314,
            0.004726276267319918
        ],
        [
            0.025777557864785194,
            -0.00849306583404541,
            0.007999569177627563
        ],
        [
            0.02310357242822647,
            -0.022502396255731583,
            -0.014071911573410034
        ],
        [
            0.01775597408413887,
            -0.02652435377240181,
            -0.014983885921537876
        ],
        [
            0.01889578066766262,
            -0.024593442678451538,
            -0.011066373437643051
        ],
        [
            0.024068942293524742,
            -0.01991773024201393,
            -0.009509486146271229
        ],
        [
            0.05923228710889816,
            0.008899440988898277,
            0.039148103445768356
        ],
        [
            0.055562324821949005,
            0.019171150401234627,
            0.03484995663166046
        ],
        [
            -0.007700439542531967,
            -0.02748498134315014,
            -0.033948805183172226
        ],
        [
            -0.004820308648049831,
            -0.02992428094148636,
            -0.03359556198120117
        ],
        [
            0.04509132727980614,
            -0.002201041206717491,
            0.003410882316529751
        ],
        [
            0.05449764430522919,
            -0.03889549896121025,
            -0.01179992500692606
        ],
        [
            0.05451913923025131,
            0.003990240395069122,
            0.0027508495841175318
        ],
        [
            0.021531378850340843,
            -0.016610072925686836,
            0.02961011417210102
        ],
        [
            0.019112206995487213,
            -0.00873375404626131,
            0.026851311326026917
        ],
        [
            0.01600022241473198,
            -0.008288580924272537,
            0.0245017409324646
        ],
        [
            0.014889227226376534,
            -0.013650442473590374,
            0.02623046562075615
        ],
        [
            -0.0025950027629733086,
            -0.026905059814453125,
            -0.014390889555215836
        ],
        [
            -0.001277834177017212,
            -0.023751599714159966,
            -0.019201520830392838
        ],
        [
            -0.003684726543724537,
            -0.022725563496351242,
            -0.01964866742491722
        ],
        [
            -0.006259549409151077,
            -0.02565617486834526,
            -0.015148154459893703
        ],
        [
            0.019496174529194832,
            -0.02810182422399521,
            -0.02461584284901619
        ],
        [
            0.021633189171552658,
            -0.03148438036441803,
            -0.02957266941666603
        ],
        [
            0.01625722460448742,
            -0.030529791489243507,
            -0.02898300066590309
        ],
        [
            0.015384112484753132,
            -0.028277307748794556,
            -0.023457201197743416
        ],
        [
            0.021214481443166733,
            -0.03731026127934456,
            -0.031014636158943176
        ],
        [
            0.015585736371576786,
            -0.03638016805052757,
            -0.03147153556346893
        ],
        [
            -0.004921901971101761,
            -0.03260895609855652,
            -0.012615345418453217
        ],
        [
            -0.007129519246518612,
            -0.038921818137168884,
            -0.0160328708589077
        ],
        [
            0.007819397374987602,
            -0.042966704815626144,
            -0.012094800360500813
        ],
        [
            0.007241467479616404,
            -0.0353085957467556,
            -0.010583186522126198
        ],
        [
            0.0732734277844429,
            -0.014091582968831062,
            0.025545775890350342
        ],
        [
            0.0725478082895279,
            -0.005562964826822281,
            0.0326269306242466
        ],
        [
            0.05758607015013695,
            -0.009164311923086643,
            0.03320003300905228
        ],
        [
            0.04256422072649002,
            -0.013321036472916603,
            0.03499257192015648
        ],
        [
            0.028639264404773712,
            -0.016835637390613556,
            0.03491014242172241
        ],
        [
            0.029074784368276596,
            -0.027682702988386154,
            0.02902931720018387
        ],
        [
            0.05843106284737587,
            -0.00219845212996006,
            0.037562429904937744
        ],
        [
            0.015187468379735947,
            -0.03569106012582779,
            -0.008259444497525692
        ],
        [
            0.01793164387345314,
            -0.044495441019535065,
            -0.00915062241256237
        ],
        [
            0.017695041373372078,
            -0.040503233671188354,
            -0.005259535275399685
        ],
        [
            0.05314462631940842,
            0.009542793035507202,
            0.007511706091463566
        ],
        [
            -0.0014448734000325203,
            -0.032965872436761856,
            -0.03363514319062233
        ],
        [
            0.10685516893863678,
            -0.018668539822101593,
            -0.002770179882645607
        ],
        [
            0.10542085766792297,
            -0.016817530617117882,
            0.010866510681807995
        ],
        [
            0.09768557548522949,
            -0.0196719728410244,
            0.007802968844771385
        ],
        [
            0.0986148789525032,
            -0.02100718766450882,
            -0.008330672048032284
        ],
        [
            -0.00017816945910453796,
            -0.023971587419509888,
            -0.0261420588940382
        ],
        [
            0.00020933616906404495,
            -0.027250323444604874,
            -0.03159896284341812
        ],
        [
            0.020358964800834656,
            -0.0025771986693143845,
            0.01708434335887432
        ],
        [
            0.016884595155715942,
            -0.005638520233333111,
            0.01628456450998783
        ],
        [
            0.016692394390702248,
            -0.004392778035253286,
            0.01952948234975338
        ],
        [
            0.018546508625149727,
            -0.0001088213175535202,
            0.02016420103609562
        ],
        [
            0.07335135340690613,
            -0.00034799426794052124,
            0.03547876700758934
        ],
        [
            0.02550363540649414,
            0.006769450381398201,
            0.038322482258081436
        ],
        [
            0.02533777430653572,
            -0.0056948112323880196,
            0.039471499621868134
        ],
        [
            0.08544372022151947,
            -0.00286867655813694,
            0.0319095179438591
        ],
        [
            0.0863783061504364,
            -0.010729869827628136,
            0.026232220232486725
        ],
        [
            0.09569354355335236,
            -0.008025197312235832,
            0.027243919670581818
        ],
        [
            0.023264165967702866,
            -0.03441479057073593,
            0.016718529164791107
        ],
        [
            0.0716833844780922,
            -0.020268337801098824,
            0.019709624350070953
        ],
        [
            0.08551857620477676,
            -0.015769412741065025,
            0.02056971564888954
        ],
        [
            0.09659312665462494,
            -0.012782277539372444,
            0.021531973034143448
        ],
        [
            0.10450170189142227,
            -0.010801689699292183,
            0.023168234154582024
        ],
        [
            0.1026768758893013,
            -0.005652299150824547,
            0.029163062572479248
        ],
        [
            -0.007117241621017456,
            -0.04110586270689964,
            -0.021878182888031006
        ],
        [
            -0.012297933921217918,
            -0.036155108362436295,
            -0.01704167015850544
        ],
        [
            0.11089812219142914,
            -0.004055710509419441,
            0.032602857798337936
        ],
        [
            0.1124974712729454,
            -0.009402062743902206,
            0.02524431049823761
        ],
        [
            0.08520175516605377,
            -0.02087230049073696,
            0.012927340343594551
        ],
        [
            0.08448686450719833,
            -0.025850672274827957,
            0.0021340958774089813
        ],
        [
            0.07178653031587601,
            -0.024842333048582077,
            0.012278479523956776
        ],
        [
            0.0701712891459465,
            -0.030296094715595245,
            0.002033347263932228
        ],
        [
            0.026959404349327087,
            -0.044046446681022644,
            0.01183449849486351
        ],
        [
            -0.023728879168629646,
            -0.02114996686577797,
            -0.019419942051172256
        ],
        [
            -0.015793457627296448,
            -0.028286028653383255,
            -0.015615187585353851
        ],
        [
            -0.011562630534172058,
            -0.02425132505595684,
            -0.01588219590485096
        ],
        [
            -0.02064087986946106,
            -0.01865895837545395,
            -0.017819995060563087
        ],
        [
            -0.009393897838890553,
            -0.030429376289248466,
            -0.013863269239664078
        ],
        [
            -0.01718473993241787,
            -0.032714374363422394,
            -0.018974509090185165
        ],
        [
            0.06860045343637466,
            -0.0325053408741951,
            -0.012956598773598671
        ],
        [
            0.014452269300818443,
            -0.02815568447113037,
            -0.011422931216657162
        ],
        [
            0.08320709317922592,
            -0.02555043250322342,
            -0.017186585813760757
        ],
        [
            0.06028236448764801,
            -0.0326642170548439,
            -0.027033599093556404
        ],
        [
            0.06970446556806564,
            -0.025083189830183983,
            -0.03138584643602371
        ],
        [
            0.09772373735904694,
            -0.016967635601758957,
            -0.02311275526881218
        ],
        [
            0.08295413851737976,
            -0.016774717718362808,
