{
    "pred_cam": [
        10.632177352905273,
        -0.14135035872459412,
        -0.061118826270103455
    ],
    "pred_mano_params": {
        "global_orient": [
            [
                [
                    -0.08887828886508942,
                    -0.9869025349617004,
                    0.1346253603696823
                ],
                [
                    -0.6187561750411987,
                    -0.051211196929216385,
                    -0.7839121222496033
                ],
                [
                    0.7805392146110535,
                    -0.15297304093837738,
                    -0.6061004400253296
                ]
            ]
        ],
        "hand_pose": [
            [
                [
                    0.7052659392356873,
                    -0.549896776676178,
                    -0.44745227694511414
                ],
                [
                    0.5276215672492981,
                    0.8286886215209961,
                    -0.18679025769233704
                ],
                [
                    0.47351402044296265,
                    -0.10434868186712265,
                    0.8745832443237305
                ]
            ],
            [
                [
                    0.983005702495575,
                    -0.15213099122047424,
                    0.1027422621846199
                ],
                [
                    0.16957496106624603,
                    0.9668741822242737,
                    -0.19078445434570312
                ],
                [
                    -0.07031460851430893,
                    0.20496472716331482,
                    0.9762404561042786
                ]
            ],
            [
                [
                    0.8451744914054871,
                    -0.5344816446304321,
                    -0.003081556409597397
                ],
                [
                    0.5228966474533081,
                    0.8280221223831177,
                    -0.20238210260868073
                ],
                [
                    0.11072109639644623,
                    0.16943685710430145,
                    0.9793018698692322
                ]
            ],
            [
                [
                    0.6406779289245605,
                    -0.6756730079650879,
                    -0.36468836665153503
                ],
                [
                    0.6541028022766113,
                    0.7290424108505249,
                    -0.2016104757785797
                ],
                [
                    0.4020960330963135,
                    -0.10937625169754028,
                    0.9090409874916077
                ]
            ],
            [
                [
                    0.9756091833114624,
                    -0.20524862408638,
                    -0.07784423232078552
                ],
                [
                    0.21897688508033752,
                    0.9347792267799377,
                    0.27970871329307556
                ],
                [
                    0.015357336960732937,
                    -0.2899324893951416,
                    0.9569239020347595
                ]
            ],
            [
                [
                    0.8118537068367004,
                    -0.5632690191268921,
                    -0.15369324386119843
                ],
                [
                    0.5801641941070557,
                    0.8078370690345764,
                    0.10396520048379898
                ],
                [
                    0.0655987337231636,
                    -0.17357182502746582,
                    0.9826340079307556
                ]
            ],
            [
                [
                    0.48848578333854675,
                    -0.7840992212295532,
                    0.3828445374965668
                ],
                [
                    0.7806285619735718,
                    0.5887428522109985,
                    0.20976386964321136
                ],
                [
                    -0.3898727297782898,
                    0.1963927000761032,
                    0.8996827602386475
                ]
            ],
            [
                [
                    0.9411391019821167,
                    -0.13948647677898407,
                    -0.3078972399234772
                ],
                [
                    0.23642787337303162,
                    0.9226377010345459,
                    0.30469924211502075
                ],
                [
                    0.2415761500597,
                    -0.3595598638057709,
                    0.9013088941574097
                ]
            ],
            [
                [
                    0.7090310454368591,
                    -0.6482093930244446,
                    0.27766793966293335
                ],
                [
                    0.6453879475593567,
                    0.755163848400116,
                    0.11490024626255035
                ],
                [
                    -0.284164160490036,
                    0.0977356806397438,
                    0.9537811279296875
                ]
            ],
            [
                [
                    0.6608229875564575,
                    -0.7479628324508667,
                    -0.0621657520532608
                ],
                [
                    0.7288351655006409,
                    0.6592821478843689,
                    -0.18478721380233765
                ],
                [
                    0.1791987270116806,
                    0.076803058385849,
                    0.9808104634284973
                ]
            ],
            [
                [
                    0.948481559753418,
                    -0.29213201999664307,
                    -0.12264448404312134
                ],
                [
                    0.3168298900127411,
                    0.8729792833328247,
                    0.37084507942199707
                ],
                [
                    -0.0012696303892880678,
                    -0.3905971348285675,
                    0.920560896396637
                ]
            ],
            [
                [
                    0.7669820785522461,
                    -0.5640668272972107,
                    -0.3058871924877167
                ],
                [
                    0.6286089420318604,
                    0.7561902403831482,
                    0.18173354864120483
                ],
                [
                    0.12879903614521027,
                    -0.3316698372364044,
                    0.9345617890357971
                ]
            ],
            [
                [
                    0.9870536923408508,
                    0.09769215434789658,
                    -0.12720514833927155
                ],
                [
                    -0.15747559070587158,
                    0.7407832145690918,
                    -0.6530249714851379
                ],
                [
                    0.03043600171804428,
                    0.664602518081665,
                    0.7465769648551941
                ]
            ],
            [
                [
                    0.85225909948349,
                    -0.29933664202690125,
                    -0.4290127754211426
                ],
                [
                    0.44810476899147034,
                    0.8408999443054199,
                    0.30346229672431946
                ],
                [
                    0.26991942524909973,
                    -0.45087119936943054,
                    0.8507987856864929
                ]
            ],
            [
                [
                    0.9537851810455322,
                    0.24064205586910248,
                    -0.17995919287204742
                ],
                [
                    -0.2577590346336365,
                    0.963026225566864,
                    -0.0783628299832344
                ],
                [
                    0.1544480323791504,
                    0.1211274042725563,
                    0.9805477857589722
                ]
            ]
        ],
        "betas": [
            -0.05149814486503601,
            -0.009928107261657715,
            -0.07653135061264038,
            0.0010283291339874268,
            0.04840034246444702,
            0.0390884131193161,
            0.06694215536117554,
            -0.057464420795440674,
            0.04524998366832733,
            0.02312353253364563
        ]
    },
    "pred_cam_t": [
        -0.14135035872459412,
        -0.061118826270103455,
        3.6739888191223145
    ],
    "focal_length": [
        5000.0,
        5000.0
    ],
    "pred_keypoints_3d": [
        [
            0.09598859399557114,
            0.006401880644261837,
            0.00621664896607399
        ],
        [
            0.11694112420082092,
            0.0018729949370026588,
            -0.025918859988451004
        ],
        [
            0.13291218876838684,
            0.002436191774904728,
            -0.052296511828899384
        ],
        [
            0.14449937641620636,
            0.019351232796907425,
            -0.07011701166629791
        ],
        [
            0.1515417844057083,
            0.041534844785928726,
            -0.09775447100400925
        ],
        [
            0.11176850646734238,
            0.04512534290552139,
            -0.07456308603286743
        ],
        [
            0.12644505500793457,
            0.07317811995744705,
            -0.08441583812236786
        ],
        [
            0.14206157624721527,
            0.0889018103480339,
            -0.08689996600151062
        ],
        [
            0.16317269206047058,
            0.10162918269634247,
            -0.07971322536468506
        ],
        [
            0.10542148351669312,
            0.06788952648639679,
            -0.06562942266464233
        ],
        [
            0.12247434258460999,
            0.09471552819013596,
            -0.06704368442296982
        ],
        [
            0.1402515023946762,
            0.10937575995922089,
            -0.06321617215871811
        ],
        [
            0.1633814126253128,
            0.11577257513999939,
            -0.05363606661558151
        ],
        [
            0.1035626232624054,
            0.07828523963689804,
            -0.04096647724509239
        ],
        [
            0.12213901430368423,
            0.09941133111715317,
            -0.0477517694234848
        ],
        [
            0.14267420768737793,
            0.11192747205495834,
            -0.0414237380027771
        ],
        [
            0.16298486292362213,
            0.11443605273962021,
            -0.025743793696165085
        ],
        [
            0.10613806545734406,
            0.08354015648365021,
            -0.019880834966897964
        ],
        [
            0.12241487205028534,
            0.09611476212739944,
            -0.02494831010699272
        ],
        [
            0.13778260350227356,
            0.10658910125494003,
            -0.020953090861439705
        ],
        [
            0.15311755239963531,
            0.1065138727426529,
            -0.013884998857975006
        ]
    ],
    "pred_vertices": [
        [
            0.119625523686409,
            0.025479396805167198,
            -0.04016588628292084
        ],
        [
            0.12069757282733917,
            0.01976928487420082,
            -0.03129328042268753
        ],
        [
            0.12652088701725006,
            0.018903208896517754,
            -0.04031055420637131
        ],
        [
            0.12437903881072998,
            0.0235676858574152,
            -0.04854443669319153
        ],
        [
            0.13481177389621735,
            0.005673971027135849,
            -0.024871841073036194
        ],
        [
            0.13518889248371124,
            -0.006793897598981857,
            -0.024663574993610382
        ],
        [
            0.14204812049865723,
            -0.002428913488984108,
            -0.03996467962861061
        ],
        [
            0.14155517518520355,
            0.0074146818369627,
            -0.036878205835819244
        ],
        [
            0.1261858493089676,
            0.021668056026101112,
            -0.05580322444438934
        ],
        [
            0.13083793222904205,
            0.018183108419179916,
            -0.04724179953336716
        ],
        [
            0.12331322580575943,
            0.01856750063598156,
            -0.058114226907491684
        ],
        [
            0.11432906985282898,
            0.021876027807593346,
            -0.06776869297027588
        ],
        [
            0.12014339119195938,
            0.024961255490779877,
            -0.06389244645833969
        ],
        [
            0.11055802553892136,
            0.02722126618027687,
            -0.07387347519397736
        ],
        [
            0.10478216409683228,
            0.01637575961649418,
            -0.06476321071386337
        ],
        [
            0.1010170429944992,
            0.029299747198820114,
            -0.07329808175563812
        ],
        [
            0.08693069964647293,
            0.03025810979306698,
            -0.04656820744276047
        ],
        [
            0.08416511863470078,
            0.038277823477983475,
            -0.035940416157245636
        ],
        [
            0.08588550984859467,
            0.05061238259077072,
            -0.048230819404125214
        ],
        [
            0.0894642174243927,
            0.04130382090806961,
            -0.057699717581272125
        ],
        [
            0.08617988228797913,
            0.057968590408563614,
            -0.028474662452936172
        ],
        [
            0.08603581041097641,
            0.0545881912112236,
            -0.039967130869627
        ],
        [
            0.08305095136165619,
            0.04228472709655762,
            -0.027893446385860443
        ],
        [
            0.08358699083328247,
            0.04589027166366577,
            -0.018246017396450043
        ],
        [
            0.11410146206617355,
            0.030566763132810593,
            -0.02552080899477005
        ],
        [
            0.11417017132043839,
            0.024577878415584564,
            -0.016514331102371216
        ],
        [
            0.11526605486869812,
            0.022390663623809814,
            -0.02187260240316391
        ],
        [
            0.11542274057865143,
            0.02796243503689766,
            -0.030334312468767166
        ],
        [
            0.1257104128599167,
            0.010754287242889404,
            -0.06129595264792442
        ],
        [
            0.11597677320241928,
            0.004572559148073196,
            -0.059204377233982086
        ],
        [
            0.1176239624619484,
            0.01232869178056717,
            -0.06030787527561188
        ],
        [
            0.12855303287506104,
            0.014954397454857826,
            -0.05873408168554306
        ],
        [
            0.11815159767866135,
            0.015210095793008804,
            0.010794997215270996
        ],
        [
            0.11153801530599594,
            0.005648910999298096,
            0.017736822366714478
        ],
        [
            0.11185870319604874,
            0.0015080124139785767,
            0.013554155826568604
        ],
        [
            0.11734560132026672,
            0.011281434446573257,
            0.008005693554878235
        ],
        [
            0.12127172201871872,
            -0.00943681225180626,
            -0.004806876182556152
        ],
        [
            0.11297429352998734,
            -0.012279827147722244,
            0.0016880929470062256
        ],
        [
            0.10500349849462509,
            -0.023090306669473648,
            -0.0019831955432891846
        ],
        [
            0.11023594439029694,
            -0.020667094737291336,
            -0.01054178923368454
        ],
        [
            0.12927982211112976,
            -0.007920332252979279,
            -0.014404691755771637
        ],
        [
            0.1210578978061676,
            -0.018763992935419083,
            -0.018598616123199463
        ],
        [
            0.12917284667491913,
            -0.015904515981674194,
            -0.02934243530035019
        ],
        [
            0.1377345323562622,
            -0.009352106600999832,
            -0.04487791657447815
        ],
        [
            0.10783091187477112,
            0.014528617262840271,
            0.026305265724658966
        ],
        [
            0.112664595246315,
            0.02275257185101509,
            0.022636398673057556
        ],
        [
            0.13746704161167145,
            0.07049708068370819,
            -0.08465611189603806
        ],
        [
            0.1368095725774765,
            0.07356750965118408,
            -0.07967614382505417
        ],
        [
            0.13468939065933228,
            0.06893333047628403,
            -0.07870285958051682
        ],
        [
            0.13533800840377808,
            0.06693936884403229,
            -0.0841616839170456
        ],
        [
            0.0925799012184143,
            0.027918905019760132,
            0.026568137109279633
        ],
        [
            0.08299451321363449,
            0.027578718960285187,
            0.023327551782131195
        ],
        [
            0.08342032134532928,
            0.023284971714019775,
            0.029237426817417145
        ],
        [
            0.09255263954401016,
            0.02195945382118225,
            0.03125530108809471
        ],
        [
            0.09269063174724579,
            0.03575131669640541,
            0.020325452089309692
        ],
        [
            0.0830749049782753,
            0.033227358013391495,
            0.014889385551214218
        ],
        [
            0.12984371185302734,
            0.07551492750644684,
            -0.09370774030685425
        ],
        [
            0.13383817672729492,
            0.07238005101680756,
            -0.09264077246189117
        ],
        [
            0.12985014915466309,
            0.06898133456707001,
            -0.09243018925189972
        ],
        [
            0.12547239661216736,
            0.07185204327106476,
            -0.09233471751213074
        ],
        [
            0.12218347191810608,
            0.027810528874397278,
            -0.05693819746375084
        ],
        [
            0.12042772024869919,
            0.031051965430378914,
            -0.0480397492647171
        ],
        [
            0.12168845534324646,
            0.039742227643728256,
            -0.0690024271607399
        ],
        [
            0.12003335356712341,
            0.037380196154117584,
            -0.06035221368074417
        ],
        [
            0.12010164558887482,
            0.03171806409955025,
            -0.06508462876081467
        ],
        [
            0.12029528617858887,
            0.03479907661676407,
            -0.0721886157989502
        ],
        [
            0.11446084082126617,
            0.04838044196367264,
            -0.039746567606925964
        ],
        [
            0.11350324749946594,
            0.04016972705721855,
            -0.031437866389751434
        ],
        [
            0.11469851434230804,
            0.03746332973241806,
            -0.03741250932216644
        ],
        [
            0.11677229404449463,
            0.045298125594854355,
            -0.0475369393825531
        ],
        [
            0.11395827680826187,
            0.047953858971595764,
            -0.01950783282518387
        ],
        [
            0.11439003050327301,
            0.05538885295391083,
            -0.028723130002617836
        ],
        [
            0.114509217441082,
            0.05894983932375908,
            -0.020850583910942078
        ],
        [
            0.1152217909693718,
            0.053041666746139526,
            -0.015563014894723892
        ],
        [
            0.11465030163526535,
            0.065037801861763,
            -0.046937450766563416
        ],
        [
            0.11405795067548752,
            0.06861184537410736,
            -0.051730550825595856
        ],
        [
            0.11576395481824875,
            0.07259088009595871,
            -0.04875849932432175
        ],
        [
            0.1144905686378479,
            0.06711401045322418,
            -0.043522194027900696
        ],
        [
            0.08280398696660995,
            0.01866155117750168,
            0.034611232578754425
        ],
        [
            0.09220827370882034,
            0.01570417732000351,
            0.03502006456255913
        ],
        [
            0.08969178050756454,
            0.06653513759374619,
            -0.008458424359560013
        ],
        [
            0.09606488049030304,
            0.06628623604774475,
            0.0008263103663921356
        ],
        [
            0.09706383943557739,
            0.07799294590950012,
            -0.00617893785238266
        ],
        [
            0.08939318358898163,
            0.07541891932487488,
            -0.014701800420880318
        ],
        [
            0.07659468054771423,
            0.024203598499298096,
            0.015823859721422195
        ],
        [
            0.07566920667886734,
            0.021292388439178467,
            0.023079849779605865
        ],
        [
            0.12619344890117645,
            0.07983505725860596,
            -0.09118565917015076
        ],
        [
            0.12232770770788193,
            0.07567328959703445,
            -0.08890821039676666
        ],
        [
            0.11657083034515381,
            -0.019038069993257523,
            -0.032772552222013474
        ],
        [
            0.12959088385105133,
            -0.012085255235433578,
            -0.049175798892974854
        ],
        [
            0.10615233331918716,
            -0.02116141840815544,
            -0.020634807646274567
        ],
        [
            0.09851310402154922,
            -0.021898098289966583,
            -0.012578412890434265
        ],
        [
            0.09373870491981506,
            -0.025140326470136642,
            -0.005906842648983002
        ],
        [
            0.11954659968614578,
            0.043704044073820114,
            -0.05894401669502258
        ],
        [
            0.11691970378160477,
            0.03216901049017906,
            -0.039277270436286926
        ],
        [
            0.11364133656024933,
            0.03320477902889252,
            -0.021159060299396515
        ],
        [
            0.11668158322572708,
            0.0536884106695652,
            0.001890517771244049
        ],
        [
            0.11655379086732864,
            0.045901842415332794,
            0.009028438478708267
        ],
        [
            0.11854130774736404,
            0.04226848855614662,
            -0.0008769780397415161
        ],
        [
            0.11763676255941391,
            0.04985058307647705,
            -0.005183488130569458
        ],
        [
            0.10559006035327911,
            0.0667944848537445,
            0.0036077871918678284
        ],
        [
            0.11263793706893921,
            0.06490840017795563,
            -0.00017021968960762024
        ],
        [
            0.1120225340127945,
            0.07200523465871811,
            -0.0056642331182956696
        ],
        [
            0.10534530878067017,
            0.07580745220184326,
            -0.002824261784553528
        ],
        [
            0.12650032341480255,
            0.004162687808275223,
            -0.06472049653530121
        ],
        [
            0.11602006107568741,
            -0.0028994157910346985,
            -0.05792950838804245
        ],
        [
            0.1029709056019783,
            0.025751180946826935,
            0.027016017585992813
        ],
        [
            0.1020069420337677,
            0.018493078649044037,
            0.02976348251104355
        ],
        [
            0.09887532144784927,
            0.01179078221321106,
            0.03395743668079376
        ],
        [
            0.11704962700605392,
            0.018999841064214706,
            -0.0034580454230308533
        ],
        [
            0.11699233949184418,
            0.008513495326042175,
            0.006087109446525574
        ],
        [
            0.11825470626354218,
            0.006066229194402695,
            0.0025548264384269714
        ],
        [
            0.11642277985811234,
            0.01747622713446617,
            -0.0062244608998298645
        ],
        [
            0.12441789358854294,
            0.014655720442533493,
            -0.021328143775463104
        ],
        [
            0.12746432423591614,
            0.004979994148015976,
            -0.012262187898159027
        ],
        [
            0.13116596639156342,
            0.015573011711239815,
            -0.031375519931316376
        ],
        [
            0.11204580962657928,
            -0.005334179848432541,
            0.009135745465755463
        ],
        [
            0.10910887271165848,
            -0.006302535533905029,
            0.019704222679138184
        ],
        [
            0.1087023913860321,
            -0.012943539768457413,
            0.013754710555076599
        ],
        [
            0.10695753246545792,
            0.0007240623235702515,
            0.026244625449180603
        ],
        [
            0.10364324599504471,
            0.007209315896034241,
            0.0314478762447834
        ],
        [
            0.07189465314149857,
            0.017504341900348663,
            0.029755227267742157
        ],
        [
            0.10695131123065948,
            -0.018240317702293396,
            0.007429279386997223
        ],
        [
            0.14463721215724945,
            0.008639141917228699,
            -0.04574316367506981
        ],
        [
            0.1462755799293518,
            0.01139916107058525,
            -0.05302798002958298
        ],
        [
            0.14131954312324524,
            0.01653256267309189,
            -0.051822517067193985
        ],
        [
            0.13934460282325745,
            0.014632465317845345,
            -0.046101029962301254
        ],
        [
            0.10977854579687119,
            0.03510501608252525,
            -0.08029250800609589
        ],
        [
            0.1169549748301506,
            0.03382675349712372,
            -0.07715141773223877
        ],
        [
            0.11705072969198227,
            0.027113202959299088,
            -0.07012882083654404
        ],
        [
            0.11921672523021698,
            0.02626081183552742,
            0.007312081754207611
        ],
        [
            0.11472590267658234,
            0.03216597065329552,
            0.017592843621969223
        ],
        [
            0.12083868682384491,
            0.04584658145904541,
            -0.06716404110193253
        ],
        [
            0.12136930972337723,
            0.0685994103550911,
            -0.09125208109617233
        ],
        [
            0.1261826902627945,
            0.06517316401004791,
            -0.09155692905187607
        ],
        [
            0.11720152944326401,
            0.04895227402448654,
            -0.08669549226760864
        ],
        [
            0.11188960820436478,
            0.05341718718409538,
            -0.08692318946123123
        ],
        [
            0.11701855808496475,
            0.05557216331362724,
            -0.06908547133207321
        ],
        [
            0.12083883583545685,
            0.04941142350435257,
            -0.06854886561632156
        ],
        [
            0.12045848369598389,
            0.05210045725107193,
            -0.06871193647384644
        ],
        [
            0.11785978078842163,
            0.0580732487142086,
            -0.06732645630836487
        ],
        [
            0.11505242437124252,
            0.07456018030643463,
            -0.03970455750823021
        ],
        [
            0.1142340824007988,
            0.06965278089046478,
            -0.03521787375211716
        ],
        [
            0.09575164318084717,
            0.05275217071175575,
            -0.06741676479578018
        ],
        [
            0.09413985162973404,
            0.042435090988874435,
            -0.07551392167806625
        ],
        [
            0.09272372722625732,
            0.03329543024301529,
            -0.06644275784492493
        ],
        [
            0.11395476758480072,
            0.05174703896045685,
            -0.03304947540163994
        ],
        [
            0.11478910595178604,
            0.059528034180402756,
            -0.039945561438798904
        ],
        [
            0.11445191502571106,
            0.06177274510264397,
            -0.0364127978682518
        ],
        [
            0.11879919469356537,
            0.04845301806926727,
            -0.05936151742935181
        ],
        [
            0.11889870464801788,
            0.05142848193645477,
            -0.06528215110301971
        ],
        [
            0.11758670210838318,
            0.053933314979076385,
            -0.061361007392406464
        ],
        [
            0.1174321398139,
            0.05101527273654938,
            -0.05454329773783684
        ],
        [
            0.0939275249838829,
            0.05540871247649193,
            0.00832705944776535
        ],
        [
            0.1051078736782074,
            0.05640123412013054,
            0.011714719235897064
        ],
        [
            0.13648934662342072,
            0.07030797749757767,
            -0.08937960118055344
        ],
        [
            0.1334066241979599,
            0.06691515445709229,
            -0.08921457827091217
        ],
        [
            0.1130584329366684,
            0.04361944645643234,
            -0.025037378072738647
        ],
        [
            0.09207760542631149,
            0.023600945249199867,
            -0.054740503430366516
        ],
        [
            0.11358875781297684,
            0.03610341623425484,
            -0.016439422965049744
        ],
        [
            0.09600959718227386,
            0.07710160315036774,
            -0.03315582126379013
        ],
        [
            0.10383332520723343,
            0.07994341850280762,
            -0.029983151704072952
        ],
        [
            0.10582924634218216,
            0.08232525736093521,
            -0.033694833517074585
        ],
        [
            0.10061393678188324,
            0.08252092450857162,
            -0.03743276000022888
        ],
        [
            0.12444551289081573,
            0.071611687541008,
            -0.07188578695058823
        ],
        [
            0.12934620678424835,
            0.06854375451803207,
            -0.07279188930988312
        ],
        [
            0.13184702396392822,
            0.0727056935429573,
            -0.07446558773517609
        ],
        [
            0.1272849440574646,
            0.07629317790269852,
            -0.07398016005754471
        ],
        [
            0.12261679023504257,
            0.0447072796523571,
            -0.07155020534992218
        ],
        [
            0.1221381425857544,
            0.040323249995708466,
            -0.07606647163629532
        ],
        [
            0.12432488054037094,
            0.04637657105922699,
            -0.0773317888379097
        ],
        [
            0.12312670052051544,
            0.04955025762319565,
            -0.07237086445093155
        ],
        [
            0.11870086193084717,
            0.04037446528673172,
            -0.0810643807053566
        ],
        [
            0.12156716734170914,
            0.04624995216727257,
            -0.08296630531549454
        ],
        [
            0.11927592009305954,
            0.07398378849029541,
            -0.07514263689517975
        ],
        [
            0.1161787286400795,
            0.07416258007287979,
            -0.08201932162046432
        ],
        [
            0.10728472471237183,
            0.06158226728439331,
            -0.07680351287126541
        ],
        [
            0.11285166442394257,
            0.06268882751464844,
            -0.07089940458536148
        ],
        [
            0.07972797751426697,
            0.034544363617897034,
            -0.00879080593585968
        ],
        [
            0.08183939754962921,
            0.040051065385341644,
            0.00072440505027771
        ],
        [
            0.08553408086299896,
            0.0516095906496048,
            -0.0084189772605896
        ],
        [
            0.08786433935165405,
            0.06365320086479187,
            -0.017240475863218307
        ],
        [
            0.09107962995767593,
            0.07398340106010437,
            -0.026523424312472343
        ],
        [
            0.08743981271982193,
            0.06853334605693817,
            -0.03696799650788307
        ],
        [
            0.08738967776298523,
            0.05420130491256714,
            -0.0007904134690761566
        ],
        [
            0.10966265201568604,
            0.059307582676410675,
            -0.07022947818040848
        ],
        [
            0.1020410880446434,
            0.05425935983657837,
            -0.07377481460571289
        ],
        [
            0.10314250737428665,
            0.05794452503323555,
            -0.07063927501440048
        ],
        [
            0.11524422466754913,
            0.04053313285112381,
            -0.010631565004587173
        ],
        [
            0.1301560401916504,
            0.06291025876998901,
            -0.08876200020313263
        ],
        [
            0.078504778444767,
            -0.009747855365276337,
            -0.010230287909507751
        ],
        [
            0.07280328869819641,
            7.16187059879303e-05,
            -0.0031159445643424988
        ],
        [
            0.07575663924217224,
            0.004108354449272156,
            -0.01037692278623581
        ],
        [
            0.08297573029994965,
            -0.006834987550973892,
            -0.018148615956306458
        ],
        [
            0.13271468877792358,
            0.06452637910842896,
            -0.0772927924990654
        ],
        [
            0.1333313137292862,
            0.062329187989234924,
            -0.08323909342288971
        ],
        [
            0.11422765254974365,
            0.07427344471216202,
            -0.030151646584272385
        ],
        [
            0.11426201462745667,
            0.07787267863750458,
            -0.034987181425094604
        ],
        [
            0.11214368790388107,
            0.08114227652549744,
            -0.033201079815626144
        ],
        [
            0.11416265368461609,
            0.07986395806074142,
            -0.027498288080096245
        ],
        [
            0.08348046988248825,
            0.0415053516626358,
            0.006321914494037628
        ],
        [
            0.10087084770202637,
            0.08450552821159363,
            -0.01145550049841404
        ],
        [
            0.0937686413526535,
            0.08216763287782669,
            -0.01898878626525402
        ],
        [
            0.07850578427314758,
            0.029802445322275162,
            0.008308157324790955
        ],
        [
            0.07599363476037979,
            0.025022614747285843,
            0.00010369345545768738
        ],
        [
            0.07332301139831543,
            0.018564369529485703,
            0.006971485912799835
        ],
        [
            0.09192774444818497,
            0.06597959250211716,
            -0.051600370556116104
        ],
        [
            0.07951915264129639,
            0.0317780077457428,
            -0.017076566815376282
        ],
        [
            0.07619577646255493,
            0.021824132651090622,
            -0.0069074854254722595
        ],
        [
            0.0730099081993103,
            0.013948328793048859,
            0.0009777247905731201
        ],
        [
            0.07013806700706482,
            0.008905090391635895,
            0.007037937641143799
        ],
        [
            0.07090683281421661,
            0.014452487230300903,
            0.013002246618270874
        ],
        [
            0.11798341572284698,
            0.07212686538696289,
            -0.0871795043349266
        ],
        [
            0.12042486667633057,
            0.07900934666395187,
            -0.08353959023952484
        ],
        [
            0.06656046956777573,
            0.010261870920658112,
            0.019864588975906372
        ],
        [
            0.06652720272541046,
            0.00402648001909256,
            0.012955479323863983
        ],
        [
            0.07726819068193436,
            0.01697331666946411,
            -0.014705687761306763
        ],
        [
            0.08010995388031006,
            0.010587114840745926,
            -0.023674264550209045
        ],
        [
            0.08069376647472382,
            0.026789482682943344,
            -0.02418818697333336
        ],
        [
            0.08351477980613708,
            0.021358292549848557,
            -0.033991292119026184
        ],
        [
            0.08720071613788605,
            0.05882950499653816,
            -0.05870687589049339
        ],
        [
            0.13368216156959534,
            0.09227108955383301,
            -0.08434081822633743
        ],
        [
            0.12595915794372559,
            0.08424435555934906,
            -0.08047422021627426
        ],
        [
            0.12953689694404602,
            0.08167295157909393,
            -0.07660327851772308
        ],
        [
            0.13499659299850464,
            0.09108476340770721,
            -0.08023593574762344
        ],
        [
            0.12285198271274567,
            0.0787108987569809,
            -0.07718466967344284
        ],
        [
            0.12430870532989502,
            0.08326784521341324,
            -0.08591611683368683
        ],
        [
            0.09054464101791382,
            0.012313086539506912,
            -0.04348931834101677
        ],
        [
            0.11757676303386688,
            0.05815181881189346,
            -0.0666152834892273
        ],
        [
            0.09034086018800735,
            -0.001273714005947113,
            -0.032518789172172546
        ],
        [
            0.10115072131156921,
            0.006160423159599304,
            -0.05588912591338158
        ],
        [
            0.10338777303695679,
            -0.004078317433595657,
            -0.04746074229478836
        ],
        [
            0.09223132580518723,
            -0.015833210200071335,
            -0.022142015397548676
        ],
        [
            0.10327135026454926,
            -0.015193484723567963,
            -0.035371098667383194
        ],
        [
            0.08367829769849777,
            -0.020783670246601105,
            -0.0070161521434783936
        ],
        [
            0.08699435740709305,
            -0.01705101877450943,
            -0.014241427183151245
        ],
        [
            0.11546966433525085,
            -0.012590475380420685,
            -0.048073384910821915
        ],
        [
            0.14361140131950378,
