{
    "pred_cam": [
        12.159947395324707,
        0.10061240196228027,
        -0.047129396349191666
    ],
    "pred_mano_params": {
        "global_orient": [
            [
                [
                    0.31243664026260376,
                    -0.6471289992332458,
                    0.6954188942909241
                ],
                [
                    -0.40379661321640015,
                    -0.7531101703643799,
                    -0.5193971395492554
                ],
                [
                    0.8598439693450928,
                    -0.1185290738940239,
                    -0.4966076910495758
                ]
            ]
        ],
        "hand_pose": [
            [
                [
                    0.6403965950012207,
                    -0.6691201329231262,
                    -0.377054899930954
                ],
                [
                    0.6197476983070374,
                    0.7401642203330994,
                    -0.26090192794799805
                ],
                [
                    0.45365720987319946,
                    -0.06659818440675735,
                    0.8886843323707581
                ]
            ],
            [
                [
                    0.766426682472229,
                    -0.5629032254219055,
                    0.3094029724597931
                ],
                [
                    0.6258520483970642,
                    0.7628316283226013,
                    -0.1624722182750702
                ],
                [
                    -0.14456620812416077,
                    0.31816351413726807,
                    0.9369486570358276
                ]
            ],
            [
                [
                    0.7526358962059021,
                    -0.6554945707321167,
                    0.062176935374736786
                ],
                [
                    0.6584008932113647,
                    0.7502201199531555,
                    -0.060647450387477875
                ],
                [
                    -0.00689230440184474,
                    0.08658279478549957,
                    0.9962208271026611
                ]
            ],
            [
                [
                    0.6291808485984802,
                    -0.7297767996788025,
                    -0.26750171184539795
                ],
                [
                    0.7376406192779541,
                    0.6691097617149353,
                    -0.09043475240468979
                ],
                [
                    0.2449852079153061,
                    -0.14042030274868011,
                    0.9593040943145752
                ]
            ],
            [
                [
                    0.5543482899665833,
                    -0.81956547498703,
                    -0.14494967460632324
                ],
                [
                    0.8175277709960938,
                    0.5035471320152283,
                    0.27944353222846985
                ],
                [
                    -0.15603329241275787,
                    -0.2734094262123108,
                    0.9491580128669739
                ]
            ],
            [
                [
                    0.8028262853622437,
                    -0.5594936013221741,
                    -0.20600225031375885
                ],
                [
                    0.5772959589958191,
                    0.815823495388031,
                    0.034079261124134064
                ],
                [
                    0.1489943414926529,
                    -0.14628399908542633,
                    0.9779579639434814
                ]
            ],
            [
                [
                    0.34928855299949646,
                    -0.9328166842460632,
                    0.08860325068235397
                ],
                [
                    0.7924062013626099,
                    0.3445262312889099,
                    0.5033826231956482
                ],
                [
                    -0.5000898241996765,
                    -0.10561605542898178,
                    0.8595088124275208
                ]
            ],
            [
                [
                    0.9024290442466736,
                    -0.42346253991127014,
                    -0.07938137650489807
                ],
                [
                    0.4301575720310211,
                    0.8752216100692749,
                    0.22125014662742615
                ],
                [
                    -0.024214845150709152,
                    -0.23380903899669647,
                    0.9719810485839844
                ]
            ],
            [
                [
                    0.8955251574516296,
                    -0.4244686961174011,
                    0.1336451768875122
                ],
                [
                    0.3703885078430176,
                    0.8774192929267883,
                    0.30487319827079773
                ],
                [
                    -0.24667200446128845,
                    -0.22352097928524017,
                    0.9429693818092346
                ]
            ],
            [
                [
                    0.4720941483974457,
                    -0.8814980983734131,
                    -0.00938575342297554
                ],
                [
                    0.8806434869766235,
                    0.4720652103424072,
                    -0.04026645049452782
                ],
                [
                    0.03992549329996109,
                    0.010744055733084679,
                    0.9991447925567627
                ]
            ],
            [
                [
                    0.8817298412322998,
                    -0.47175025939941406,
                    0.0020138928666710854
                ],
                [
                    0.4102024435997009,
                    0.7687877416610718,
                    0.49061116576194763
                ],
                [
                    -0.2329942137002945,
                    -0.4317604601383209,
                    0.8713762164115906
                ]
            ],
            [
                [
                    0.8222198486328125,
                    -0.4808639585971832,
                    -0.3045068383216858
                ],
                [
                    0.5467510223388672,
                    0.8159666657447815,
                    0.18778087198734283
                ],
                [
                    0.15817037224769592,
                    -0.3208865821361542,
                    0.9338168501853943
                ]
            ],
            [
                [
                    0.9100125432014465,
                    -0.2387586385011673,
                    0.33892694115638733
                ],
                [
                    0.38353830575942993,
                    0.17445452511310577,
                    -0.906898021697998
                ],
                [
                    0.1574024111032486,
                    0.955280065536499,
                    0.2503288984298706
                ]
            ],
            [
                [
                    0.8918890953063965,
                    -0.45121264457702637,
                    0.030675707384943962
                ],
                [
                    0.32631543278694153,
                    0.6890069246292114,
                    0.6471381187438965
                ],
                [
                    -0.313132643699646,
                    -0.5671654939651489,
                    0.7617554068565369
                ]
            ],
            [
                [
                    0.8519427180290222,
                    0.52186119556427,
                    -0.043064359575510025
                ],
                [
                    -0.5078213810920715,
                    0.8434739708900452,
                    0.1751260906457901
                ],
                [
                    0.12771518528461456,
                    -0.12732838094234467,
                    0.9836037755012512
                ]
            ]
        ],
        "betas": [
            0.00395636260509491,
            -0.0448758602142334,
            -0.08221060037612915,
            -0.005690068006515503,
            0.02730610966682434,
            -0.024858664721250534,
            0.02629867196083069,
            -0.02800557017326355,
            -0.030696988105773926,
            -0.011590391397476196
        ]
    },
    "pred_cam_t": [
        -0.10061240196228027,
        -0.047129396349191666,
        3.212390422821045
    ],
    "focal_length": [
        5000.0,
        5000.0
    ],
    "pred_keypoints_3d": [
        [
            0.09575100243091583,
            0.00638989731669426,
            0.006197657436132431
        ],
        [
            0.11617482453584671,
            0.014409073628485203,
            -0.025480687618255615
        ],
        [
            0.13423772156238556,
            0.038350556045770645,
            -0.03253954276442528
        ],
        [
            0.14931762218475342,
            0.060494571924209595,
            -0.03680246323347092
        ],
        [
            0.16624855995178223,
            0.07996003329753876,
            -0.0627952516078949
        ],
        [
            0.08591698855161667,
            0.035193655639886856,
            -0.07919618487358093
        ],
        [
            0.08069003373384476,
            0.06538254767656326,
            -0.09160807728767395
        ],
        [
            0.09154609590768814,
            0.08450929820537567,
            -0.08831488341093063
        ],
        [
            0.10706901550292969,
            0.0966717004776001,
            -0.07280835509300232
        ],
        [
            0.06478463858366013,
            0.04751405119895935,
            -0.07335153222084045
        ],
        [
            0.06324122846126556,
            0.07828256487846375,
            -0.08100612461566925
        ],
        [
            0.08013086020946503,
            0.09141898155212402,
            -0.07176164537668228
        ],
        [
            0.0990489274263382,
            0.09597279131412506,
            -0.05491795018315315
        ],
        [
            0.05424392223358154,
            0.056237947195768356,
            -0.05041645094752312
        ],
        [
            0.06055234372615814,
            0.08349068462848663,
            -0.05757705122232437
        ],
        [
            0.0765804573893547,
            0.10126367956399918,
            -0.05094185471534729
        ],
        [
            0.09381751716136932,
            0.11215656250715256,
            -0.03504156321287155
        ],
        [
            0.05067732185125351,
            0.06409384310245514,
            -0.030411548912525177
        ],
        [
            0.05967586860060692,
            0.0830228179693222,
            -0.033114295452833176
        ],
        [
            0.07249800860881805,
            0.09586066752672195,
            -0.027530018240213394
        ],
        [
            0.08872407674789429,
            0.10099963843822479,
            -0.019467143341898918
        ]
    ],
    "pred_vertices": [
        [
            0.10349602997303009,
            0.03259648382663727,
            -0.04278705641627312
        ],
        [
            0.10683320462703705,
            0.030141940340399742,
            -0.033249616622924805
        ],
        [
            0.1125870943069458,
            0.03563173860311508,
            -0.0365108884871006
        ],
        [
            0.10933911800384521,
            0.035571955144405365,
            -0.048684727400541306
        ],
        [
            0.11959262937307358,
            0.03035181760787964,
            -0.013756901025772095
        ],
        [
            0.12848486006259918,
            0.022654924541711807,
            -0.01180025190114975
        ],
        [
            0.13523055613040924,
            0.03477029129862785,
            -0.01759563758969307
        ],
        [
            0.12702257931232452,
            0.04041331633925438,
            -0.01675407961010933
        ],
        [
            0.1140492781996727,
            0.038196202367544174,
            -0.052080053836107254
        ],
        [
            0.11763106286525726,
            0.04070580005645752,
            -0.03846212476491928
        ],
        [
            0.11796251684427261,
            0.03928527981042862,
            -0.05081457272171974
        ],
        [
            0.10765613615512848,
            0.02835041843354702,
            -0.06649531424045563
        ],
        [
            0.10739527642726898,
            0.03250410035252571,
            -0.06391660869121552
        ],
        [
            0.09998269379138947,
            0.025534816086292267,
            -0.0748443678021431
        ],
        [
            0.10509929060935974,
            0.01855478808283806,
            -0.06395582854747772
        ],
        [
            0.09182631224393845,
            0.020190834999084473,
            -0.07535408437252045
        ],
        [
            0.07722637057304382,
            0.01111014187335968,
            -0.049377717077732086
        ],
        [
            0.06825711578130722,
            0.015395339578390121,
            -0.03960530832409859
        ],
        [
            0.06142357364296913,
            0.023798972368240356,
            -0.05356518551707268
        ],
        [
            0.07167753577232361,
            0.01908533275127411,
            -0.06181497871875763
        ],
        [
            0.05461694300174713,
            0.031438883394002914,
            -0.03527388349175453
        ],
        [
            0.05803660303354263,
            0.02764817886054516,
            -0.04602375626564026
        ],
        [
            0.06397362798452377,
            0.018295936286449432,
            -0.03219073638319969
        ],
        [
            0.06096401810646057,
            0.022270996123552322,
            -0.023235280066728592
        ],
        [
            0.09406446665525436,
            0.03248453512787819,
            -0.029201965779066086
        ],
        [
            0.09765032678842545,
            0.02917753905057907,
            -0.02053876221179962
        ],
        [
            0.10047522187232971,
            0.02785724774003029,
            -0.026471104472875595
        ],
        [
            0.0974765196442604,
            0.03135084733366966,
            -0.03397843614220619
        ],
        [
            0.1325470358133316,
            0.04291234910488129,
            -0.0454811155796051
        ],
        [
            0.12370795756578445,
            0.02598297968506813,
            -0.051055341958999634
        ],
        [
            0.1197902113199234,
            0.03239702433347702,
            -0.05316070094704628
        ],
        [
            0.1302950382232666,
            0.047202691435813904,
            -0.042604587972164154
        ],
        [
            0.10473312437534332,
            0.028633158653974533,
            0.00893373042345047
        ],
        [
            0.10619092732667923,
            0.01804899051785469,
            0.017340458929538727
        ],
        [
            0.1095384955406189,
            0.014733824878931046,
            0.013643123209476471
        ],
        [
            0.10700283944606781,
            0.024659309536218643,
            0.00630294531583786
        ],
        [
            0.12126882374286652,
            0.010908018797636032,
            -0.0031021982431411743
        ],
        [
            0.12002409994602203,
            0.0039642490446567535,
            0.0033624619245529175
        ],
        [
            0.12300167232751846,
            -0.008511591702699661,
            0.0017412006855010986
        ],
        [
            0.12510503828525543,
            -0.003136865794658661,
            -0.006628021597862244
        ],
        [
            0.12393058091402054,
            0.016635701060295105,
            -0.00873567909002304
        ],
        [
            0.12953133881092072,
            0.005663774907588959,
            -0.01249164342880249
        ],
        [
            0.13366055488586426,
            0.013977687805891037,
            -0.01632806286215782
        ],
        [
            0.1401301771402359,
            0.02884887158870697,
            -0.02232840657234192
        ],
        [
            0.09666787087917328,
            0.022569309920072556,
            0.02463872730731964
        ],
        [
            0.09462949633598328,
            0.031357645988464355,
            0.019775137305259705
        ],
        [
            0.09266713261604309,
            0.06606355309486389,
            -0.08680270612239838
        ],
        [
            0.08964736759662628,
            0.068590447306633,
            -0.08230429142713547
        ],
        [
            0.08986934274435043,
            0.0650196447968483,
            -0.08145585656166077
        ],
        [
            0.09263274818658829,
            0.06340932846069336,
            -0.08642738312482834
        ],
        [
            0.07654767483472824,
            0.021115660667419434,
            0.023368407040834427
        ],
        [
            0.07037817686796188,
            0.013744767755270004,
            0.020429648458957672
        ],
        [
            0.07319438457489014,
            0.011683952063322067,
            0.026829350739717484
        ],
        [
            0.08033265173435211,
            0.017436202615499496,
            0.0288049578666687
        ],
        [
            0.07157548516988754,
            0.025948990136384964,
            0.016160618513822556
        ],
        [
            0.06712518632411957,
            0.016803402453660965,
            0.01134028285741806
        ],
        [
            0.08656076341867447,
            0.06794656068086624,
            -0.09802118688821793
        ],
        [
            0.09094458818435669,
            0.06665745377540588,
            -0.09561999887228012
        ],
        [
            0.08898741006851196,
            0.06252346932888031,
            -0.09602422267198563
        ],
        [
            0.0840572789311409,
            0.06293834745883942,
            -0.097234807908535
        ],
        [
            0.1049458235502243,
            0.0343974307179451,
            -0.05883057415485382
        ],
        [
            0.10025237500667572,
            0.03534406051039696,
            -0.05123594403266907
        ],
        [
            0.09607891738414764,
            0.038838427513837814,
            -0.07249560952186584
        ],
        [
            0.09607736766338348,
            0.03742489963769913,
            -0.0642213374376297
        ],
        [
            0.1007152795791626,
            0.033515509217977524,
            -0.06776951998472214
        ],
        [
            0.0991387665271759,
            0.034496139734983444,
            -0.07486182451248169
        ],
        [
            0.08276716619729996,
            0.043260976672172546,
            -0.04535147547721863
        ],
        [
            0.08720281720161438,
            0.037880536168813705,
            -0.036014534533023834
        ],
        [
            0.09050166606903076,
            0.03627409040927887,
            -0.04166330397129059
        ],
        [
            0.08716130256652832,
            0.041893068701028824,
            -0.052675094455480576
        ],
        [
            0.08117356896400452,
            0.044894929975271225,
            -0.025293320417404175
        ],
        [
            0.07693711668252945,
            0.04916759580373764,
            -0.03537868335843086
        ],
        [
            0.07400667667388916,
            0.05247706547379494,
            -0.028018008917570114
        ],
        [
            0.07821930944919586,
            0.04968807101249695,
            -0.02207886427640915
        ],
        [
            0.07176286727190018,
            0.05406917631626129,
            -0.05448715016245842
        ],
        [
            0.06953948736190796,
            0.05581234022974968,
            -0.059510208666324615
        ],
        [
            0.06847484409809113,
            0.05910379812121391,
            -0.05676944926381111
        ],
        [
            0.07021203637123108,
            0.055450934916734695,
            -0.05137748643755913
        ],
        [
            0.07556033879518509,
            0.008597023785114288,
            0.03278465196490288
        ],
        [
            0.0841788724064827,
            0.013221587985754013,
            0.03338839113712311
        ],
        [
            0.049660347402095795,
            0.04218529909849167,
            -0.016617443412542343
        ],
        [
            0.05393990874290466,
            0.04718872159719467,
            -0.0075239576399326324
        ],
        [
            0.048002663999795914,
            0.05571497231721878,
            -0.016010858118534088
        ],
        [
            0.04387205094099045,
            0.04781385883688927,
            -0.024163775146007538
        ],
        [
            0.0689164400100708,
            0.006078638136386871,
            0.013647638261318207
        ],
        [
            0.06970712542533875,
            0.0041660405695438385,
            0.021207422018051147
        ],
        [
            0.08101066946983337,
            0.07025455683469772,
            -0.09680911898612976
        ],
        [
            0.07876095175743103,
            0.06485875695943832,
            -0.09523990005254745
        ],
        [
            0.13138733804225922,
            0.00389060378074646,
            -0.024667169898748398
        ],
        [
            0.1404327005147934,
            0.02315838262438774,
            -0.030526570975780487
        ],
        [
            0.12461553514003754,
            -0.00715642049908638,
            -0.016646258533000946
        ],
        [
            0.11922014504671097,
            -0.013226781040430069,
            -0.009515546262264252
        ],
        [
            0.11734911799430847,
            -0.018240828067064285,
            -0.002216055989265442
        ],
        [
            0.0909697413444519,
            0.04132924601435661,
            -0.06369222700595856
        ],
        [
            0.09611225128173828,
            0.0342402458190918,
            -0.042923908680677414
        ],
        [
            0.09144937992095947,
            0.03440023586153984,
            -0.025019343942403793
        ],
        [
            0.0773404911160469,
            0.0531495176255703,
            -0.004945296794176102
        ],
        [
            0.08208849281072617,
            0.04858553037047386,
            0.0031264275312423706
        ],
        [
            0.08689571917057037,
            0.04637054353952408,
            -0.006211668252944946
        ],
        [
            0.08130477368831635,
            0.05039028823375702,
            -0.011440426111221313
        ],
        [
            0.060280654579401016,
            0.05451073870062828,
            -0.004864346235990524
        ],
        [
            0.06695063412189484,
            0.05761963874101639,
            -0.008280061185359955
        ],
        [
            0.06285741180181503,
            0.06114383414387703,
            -0.014361821115016937
        ],
        [
            0.0552862212061882,
            0.059813134372234344,
            -0.012271709740161896
        ],
        [
            0.1389758586883545,
            0.038813091814517975,
            -0.0457238107919693
        ],
        [
            0.128681480884552,
            0.02098296955227852,
            -0.04787079244852066
        ],
        [
            0.0853089690208435,
            0.027031872421503067,
            0.02388077974319458
        ],
        [
            0.08951250463724136,
            0.021586228162050247,
            0.027621716260910034
        ],
        [
            0.09166739881038666,
            0.015118356794118881,
            0.032765984535217285
        ],
        [
            0.10211388766765594,
            0.02827608771622181,
            -0.006946288049221039
        ],
        [
            0.10851608216762543,
            0.021850058808922768,
            0.004314154386520386
        ],
        [
            0.11032040417194366,
            0.019985536113381386,
            0.00041816383600234985
        ],
        [
            0.10243110358715057,
            0.02587832510471344,
            -0.010654732584953308
        ],
        [
            0.10828068107366562,
            0.027650320902466774,
            -0.021486535668373108
        ],
        [
            0.1137402206659317,
            0.02292926423251629,
            -0.011129327118396759
        ],
        [
            0.1137266531586647,
            0.03555046021938324,
            -0.02265525981783867
        ],
        [
            0.11437292397022247,
            0.009213302284479141,
            0.009845659136772156
        ],
        [
            0.11261554062366486,
            0.00802881270647049,
            0.02096141129732132
        ],
        [
            0.11732810735702515,
            0.002380363643169403,
            0.01587740331888199
        ],
        [
            0.10570623725652695,
            0.01221342384815216,
            0.026521869003772736
        ],
        [
            0.09844226390123367,
            0.015020139515399933,
            0.03083127737045288
        ],
        [
            0.0691356435418129,
            -0.00042022019624710083,
            0.02838178724050522
        ],
        [
            0.12040138244628906,
            -0.0030823275446891785,
            0.01039125770330429
        ],
        [
            0.1336468607187271,
            0.04650692269206047,
            -0.020903408527374268
        ],
        [
            0.14084263145923615,
            0.052022892981767654,
            -0.02410105988383293
        ],
        [
            0.13480360805988312,
            0.054138507694005966,
            -0.02800663933157921
        ],
        [
            0.12738977372646332,
            0.04877877235412598,
            -0.025749199092388153
        ],
        [
            0.09372808784246445,
            0.028149522840976715,
            -0.08270595967769623
        ],
        [
            0.09866315871477127,
            0.03182273358106613,
            -0.07925788313150406
        ],
        [
            0.10325917601585388,
            0.02923189476132393,
            -0.07131657004356384
        ],
        [
            0.09800063073635101,
            0.03673899173736572,
            0.004046157002449036
        ],
        [
            0.08982937783002853,
            0.03879942744970322,
            0.013469040393829346
        ],
        [
            0.09097912907600403,
            0.04257660359144211,
            -0.07149766385555267
        ],
        [
            0.08248698711395264,
            0.05830186605453491,
            -0.096988245844841
        ],
        [
            0.08828932791948318,
            0.058052510023117065,
            -0.09573192149400711
        ],
        [
            0.09050335735082626,
            0.040793221443891525,
            -0.09041959792375565
        ],
        [
            0.08367062360048294,
            0.040704309940338135,
            -0.09208646416664124
        ],
        [
            0.08199818432331085,
            0.04638179764151573,
            -0.07461296021938324
        ],
        [
            0.08885800093412399,
            0.04476447403430939,
            -0.07276636362075806
        ],
        [
            0.08703409880399704,
            0.0462162159383297,
            -0.07304228097200394
        ],
        [
            0.08091665804386139,
            0.04894886910915375,
            -0.07290727645158768
        ],
        [
            0.06607392430305481,
            0.06090927496552467,
            -0.04793457314372063
        ],
        [
            0.06793694943189621,
            0.05778724327683449,
            -0.04343293234705925
        ],
        [
            0.06842771172523499,
            0.03006627783179283,
            -0.07293384522199631
        ],
        [
            0.07573223114013672,
            0.021532269194722176,
            -0.08006664365530014
        ],
        [
            0.08164863288402557,
            0.016377180814743042,
            -0.06969684362411499
        ],
        [
            0.07952220737934113,
            0.04594144597649574,
            -0.039174824953079224
        ],
        [
            0.07518968731164932,
            0.0510549359023571,
            -0.04700905829668045
        ],
        [
            0.07317936420440674,
            0.05264012888073921,
            -0.043780721724033356
        ],
        [
            0.08717171847820282,
            0.04403412714600563,
            -0.06470756232738495
        ],
        [
            0.08551207184791565,
            0.045333925634622574,
            -0.07065867632627487
        ],
        [
            0.08270535618066788,
            0.046719904989004135,
            -0.06727675348520279
        ],
        [
            0.08415424823760986,
            0.045468851923942566,
            -0.060320571064949036
        ],
        [
            0.059371113777160645,
            0.039045676589012146,
            0.0015396438539028168
        ],
        [
            0.06634334474802017,
            0.04797790199518204,
            0.00455847755074501
        ],
        [
            0.09319537878036499,
            0.06565923243761063,
            -0.09160228073596954
        ],
        [
            0.0922623947262764,
            0.06252293288707733,
            -0.09184262901544571
        ],
        [
            0.08399782329797745,
            0.04065403714776039,
            -0.030153881758451462
        ],
        [
            0.08766615390777588,
            0.011091543361544609,
            -0.057011477649211884
        ],
        [
            0.08901821076869965,
            0.03690192475914955,
            -0.020703285932540894
        ],
        [
            0.04936826974153519,
            0.05177445709705353,
            -0.042473118752241135
        ],
        [
            0.05375799909234047,
            0.05943389981985092,
            -0.03949415683746338
        ],
        [
            0.05426669865846634,
            0.062232453376054764,
            -0.04282372444868088
        ],
        [
            0.05056648328900337,
            0.058891765773296356,
            -0.046628691256046295
        ],
        [
            0.07881344854831696,
            0.06268783658742905,
            -0.07777012884616852
        ],
        [
            0.08458462357521057,
            0.06318502128124237,
            -0.07737904787063599
        ],
        [
            0.08468169718980789,
            0.0667671263217926,
            -0.07842524349689484
        ],
        [
            0.0789179801940918,
            0.06777462363243103,
            -0.07951759546995163
        ],
        [
            0.09388472884893417,
            0.042403966188430786,
            -0.07471027225255966
        ],
        [
            0.09731873869895935,
            0.038860809057950974,
            -0.0785968229174614
        ],
        [
            0.09542421996593475,
            0.044145770370960236,
            -0.07991009950637817
        ],
        [
            0.09144499897956848,
            0.04591996967792511,
            -0.07577967643737793
        ],
        [
            0.0959770455956459,
            0.03634227439761162,
            -0.08351456373929977
        ],
        [
            0.0946744829416275,
            0.04185410961508751,
            -0.08571812510490417
        ],
        [
            0.07401527464389801,
            0.0618622787296772,
            -0.08199673146009445
        ],
        [
            0.07326477766036987,
            0.06055153161287308,
            -0.08934827148914337
        ],
        [
            0.07290038466453552,
            0.044529080390930176,
            -0.08378728479146957
        ],
        [
            0.07485982775688171,
            0.04901164770126343,
            -0.07756903767585754
        ],
        [
            0.06565925478935242,
            0.012716017663478851,
            -0.012159351259469986
        ],
        [
            0.062499672174453735,
            0.01909075677394867,
            -0.003583107143640518
        ],
        [
            0.057450152933597565,
            0.028708893805742264,
            -0.014400243759155273
        ],
        [
            0.051041148602962494,
            0.037938736379146576,
            -0.025056712329387665
        ],
        [
            0.04665237292647362,
            0.04656403511762619,
            -0.03579350933432579
        ],
        [
            0.04844695329666138,
            0.03898125886917114,
            -0.04533097892999649
        ],
        [
            0.05634528398513794,
            0.03265666216611862,
            -0.007227655500173569
        ],
        [
            0.07446901500225067,
            0.04335879161953926,
            -0.07628628611564636
        ],
        [
            0.07285181432962418,
            0.03516872972249985,
            -0.07977882772684097
        ],
        [
            0.07058871537446976,
            0.03805479779839516,
            -0.0764872282743454
        ],
        [
            0.0866016298532486,
            0.04177642613649368,
            -0.015565112233161926
        ],
        [
            0.09218162298202515,
            0.05872034281492233,
            -0.09200187772512436
        ],
        [
            0.09637042880058289,
            -0.018891949206590652,
            -0.008199848234653473
        ],
        [
            0.08472303301095963,
            -0.015424862504005432,
            -0.0018264874815940857
        ],
        [
            0.08462834358215332,
            -0.011305611580610275,
            -0.00970672070980072
        ],
        [
            0.09859751164913177,
            -0.014293104410171509,
            -0.017014607787132263
        ],
        [
            0.09057950228452682,
            0.06213244050741196,
            -0.08081881701946259
        ],
        [
            0.09366738051176071,
            0.06029432266950607,
            -0.08600268512964249
        ],
        [
            0.06512990593910217,
            0.06164933741092682,
            -0.03894898295402527
        ],
        [
            0.06329565495252609,
            0.0636635348200798,
            -0.04369671270251274
        ],
        [
            0.059858061373233795,
            0.0649818629026413,
            -0.041962310671806335
        ],
        [
            0.06200282275676727,
            0.06574834138154984,
            -0.036795474588871
        ],
        [
            0.06216070428490639,
            0.0218796469271183,
            0.0017109885811805725
        ],
        [
            0.04847848415374756,
            0.06365348398685455,
            -0.02051164023578167
        ],
        [
            0.04410887137055397,
            0.05612578243017197,
            -0.028612881898880005
        ],
        [
            0.06690029054880142,
            0.010490894317626953,
            0.005413711071014404
        ],
        [
            0.06914293766021729,
            0.004486672580242157,
            -0.0019608810544013977
        ],
        [
            0.07129119336605072,
            -0.0011186525225639343,
            0.0057559534907341
        ],
        [
            0.05524817854166031,
            0.03863708674907684,
            -0.058981459587812424
        ],
        [
            0.06815051287412643,
            0.009736616164445877,
            -0.01992661878466606
        ],
        [
            0.07207813858985901,
            0.0016333460807800293,
            -0.008440159261226654
        ],
        [
            0.07477670907974243,
            -0.005189221352338791,
            0.0004881620407104492
        ],
        [
            0.07581096887588501,
            -0.010067977011203766,
            0.007191255688667297
        ],
        [
            0.07199683040380478,
            -0.005024507641792297,
            0.012306943535804749
        ],
        [
            0.07702954113483429,
            0.059505581855773926,
            -0.09403426945209503
        ],
        [
            0.07406008988618851,
            0.06719332933425903,
            -0.09065025299787521
        ],
        [
            0.0713127851486206,
            -0.010266236960887909,
            0.01971258968114853
        ],
        [
            0.07621800154447556,
            -0.015371937304735184,
            0.013726763427257538
        ],
        [
            0.07688422501087189,
            -0.001829046756029129,
            -0.015522867441177368
        ],
        [
            0.08456908911466599,
            -0.004913050681352615,
            -0.024278581142425537
        ],
        [
            0.07306492328643799,
            0.006309129297733307,
            -0.026323117315769196
        ],
        [
            0.0799700990319252,
            0.0037090182304382324,
            -0.03565456345677376
        ],
        [
            0.057194050401449203,
            0.02942388691008091,
            -0.06507032364606857
        ],
        [
            0.08209055662155151,
            0.08482887595891953,
            -0.08839999884366989
        ],
        [
            0.07622727006673813,
            0.07459069788455963,
            -0.08664491772651672
        ],
        [
            0.07942473143339157,
            0.07322798669338226,
            -0.08194153755903244
        ],
        [
            0.08245386183261871,
            0.08378706872463226,
            -0.0841345265507698
        ],
        [
            0.07479703426361084,
            0.06801192462444305,
            -0.08377294987440109
        ],
        [
            0.07658752053976059,
            0.07292424142360687,
            -0.09219197928905487
        ],
        [
            0.09378813952207565,
            0.0034056156873703003,
            -0.04477514326572418
        ],
        [
            0.08038152754306793,
            0.04858960956335068,
            -0.0727265253663063
        ],
        [
            0.10263025015592575,
            -0.004980791360139847,
            -0.03290273994207382
        ],
        [
            0.10914327204227448,
            0.01033780351281166,
            -0.05447950214147568
        ],
        [
            0.11695046722888947,
            0.005462955683469772,
            -0.044559378176927567
        ],
        [
            0.11276845633983612,
            -0.013521727174520493,
            -0.02028679847717285
        ],
        [
            0.1226445883512497,
            -0.0032973065972328186,
            -0.03162246569991112
        ],
        [
            0.10755861550569534,
            -0.022399742156267166,
            -0.003678441047668457
        ],
        [
            0.10826309025287628,
            -0.01803189143538475,
            -0.011839345097541809
        ],
        [
            0.132205531001091,
            0.012062832713127136,
            -0.03831843286752701
        ],
        [
