{
    "pred_cam": [
        10.486330032348633,
        0.09861932694911957,
        -0.05217500403523445
    ],
    "pred_mano_params": {
        "global_orient": [
            [
                [
                    0.328950434923172,
                    -0.6371049880981445,
                    0.6970572471618652
                ],
                [
                    -0.3816380202770233,
                    -0.7648621797561646,
                    -0.5189781188964844
                ],
                [
                    0.8637962341308594,
                    -0.09530550241470337,
                    -0.4947452247142792
                ]
            ]
        ],
        "hand_pose": [
            [
                [
                    0.6618849039077759,
                    -0.6552814841270447,
                    -0.36402568221092224
                ],
                [
                    0.6082662343978882,
                    0.7533128261566162,
                    -0.2500639855861664
                ],
                [
                    0.43808749318122864,
                    -0.05591096729040146,
                    0.8971920013427734
                ]
            ],
            [
                [
                    0.7351341247558594,
                    -0.5993326902389526,
                    0.3168252408504486
                ],
                [
                    0.663340151309967,
                    0.7323430180549622,
                    -0.1537972092628479
                ],
                [
                    -0.13984905183315277,
                    0.3232244551181793,
                    0.9359318017959595
                ]
            ],
            [
                [
                    0.7838609218597412,
                    -0.6179987192153931,
                    0.060330238193273544
                ],
                [
                    0.6206438541412354,
                    0.782767117023468,
                    -0.04557249695062637
                ],
                [
                    -0.019060784950852394,
                    0.07316608726978302,
                    0.9971376657485962
                ]
            ],
            [
                [
                    0.6491312980651855,
                    -0.713013231754303,
                    -0.2650296092033386
                ],
                [
                    0.7248561382293701,
                    0.6854625940322876,
                    -0.0687360167503357
                ],
                [
                    0.2306775599718094,
                    -0.14748963713645935,
                    0.961787223815918
                ]
            ],
            [
                [
                    0.5493701696395874,
                    -0.821919858455658,
                    -0.15046659111976624
                ],
                [
                    0.8223357200622559,
                    0.49989134073257446,
                    0.2717950642108917
                ],
                [
                    -0.14817681908607483,
                    -0.2730501592159271,
                    0.9505194425582886
                ]
            ],
            [
                [
                    0.8354907035827637,
                    -0.5306864976882935,
                    -0.14257292449474335
                ],
                [
                    0.5382145643234253,
                    0.8426249027252197,
                    0.017559781670570374
                ],
                [
                    0.11081676185131073,
                    -0.09140585362911224,
                    0.9896284937858582
                ]
            ],
            [
                [
                    0.3655775785446167,
                    -0.9279665350914001,
                    0.07232548296451569
                ],
                [
                    0.8029581308364868,
                    0.35371989011764526,
                    0.4797295033931732
                ],
                [
                    -0.470755934715271,
                    -0.11730406433343887,
                    0.8744302988052368
                ]
            ],
            [
                [
                    0.8994107246398926,
                    -0.43212899565696716,
                    -0.0657636821269989
                ],
                [
                    0.4354289174079895,
                    0.8726032972335815,
                    0.22128067910671234
                ],
                [
                    -0.03823619335889816,
                    -0.22765761613845825,
                    0.9729902148246765
                ]
            ],
            [
                [
                    0.9298896789550781,
                    -0.3470381498336792,
                    0.12194148451089859
                ],
                [
                    0.29050499200820923,
                    0.8962150812149048,
                    0.33526918292045593
                ],
                [
                    -0.22563697397708893,
                    -0.27633872628211975,
                    0.9341974854469299
                ]
            ],
            [
                [
                    0.4655053913593292,
                    -0.8848991990089417,
                    -0.016071053221821785
                ],
                [
                    0.8847591876983643,
                    0.46573972702026367,
                    -0.01696149818599224
                ],
                [
                    0.02249414287507534,
                    -0.006323345471173525,
                    0.9997270107269287
                ]
            ],
            [
                [
                    0.8936864733695984,
                    -0.4486854672431946,
                    0.0024031850043684244
                ],
                [
                    0.39175891876220703,
                    0.782889723777771,
                    0.48333078622817993
                ],
                [
                    -0.2187449187040329,
                    -0.43100476264953613,
                    0.8754344582557678
                ]
            ],
            [
                [
                    0.8691920042037964,
                    -0.44151097536087036,
                    -0.22265073657035828
                ],
                [
                    0.4818515181541443,
                    0.8573718070983887,
                    0.18092195689678192
                ],
                [
                    0.1110154241323471,
                    -0.26454049348831177,
                    0.9579634666442871
                ]
            ],
            [
                [
                    0.8966197967529297,
                    -0.22581657767295837,
                    0.380893349647522
                ],
                [
                    0.4226225018501282,
                    0.1797022670507431,
                    -0.8883114457130432
                ],
                [
                    0.13214802742004395,
                    0.9574517607688904,
                    0.2565597891807556
                ]
            ],
            [
                [
                    0.899222731590271,
                    -0.43585631251335144,
                    0.03778696060180664
                ],
                [
                    0.32913875579833984,
                    0.7308864593505859,
                    0.5978901982307434
                ],
                [
                    -0.2882121801376343,
                    -0.5251992344856262,
                    0.8006868958473206
                ]
            ],
            [
                [
                    0.8384042978286743,
                    0.49159303307533264,
                    -0.23540309071540833
                ],
                [
                    -0.4710829555988312,
                    0.8707964420318604,
                    0.14069271087646484
                ],
                [
                    0.2741517126560211,
                    -0.007062988821417093,
                    0.9616605639457703
                ]
            ]
        ],
        "betas": [
            0.009696230292320251,
            -0.04566583037376404,
            -0.0738801658153534,
            -0.0015384256839752197,
            0.017591118812561035,
            -0.047245778143405914,
            0.024073004722595215,
            -0.046760380268096924,
            -0.029387757182121277,
            -0.03328913450241089
        ]
    },
    "pred_cam_t": [
        -0.09861932694911957,
        -0.05217500403523445,
        3.725087881088257
    ],
    "focal_length": [
        5000.0,
        5000.0
    ],
    "pred_keypoints_3d": [
        [
            0.09572117030620575,
            0.0063857086934149265,
            0.006193726789206266
        ],
        [
            0.11564366519451141,
            0.014077262952923775,
            -0.02587481215596199
        ],
        [
            0.13432511687278748,
            0.03756918013095856,
            -0.03282614052295685
        ],
        [
            0.14925231039524078,
            0.05991631746292114,
            -0.036504633724689484
        ],
        [
            0.16275453567504883,
            0.08415034413337708,
            -0.06010434776544571
        ],
        [
            0.0844150185585022,
            0.03330202400684357,
            -0.07959867268800735
        ],
        [
            0.07848823815584183,
            0.06272690743207932,
            -0.09340854734182358
        ],
        [
            0.089596688747406,
            0.08173508942127228,
            -0.09036608785390854
        ],
        [
            0.10542196035385132,
            0.09474469721317291,
            -0.07592180371284485
        ],
        [
            0.06317272782325745,
            0.04541506618261337,
            -0.07374788820743561
        ],
        [
            0.06096775084733963,
            0.07575151324272156,
            -0.08276532590389252
        ],
        [
            0.07783818244934082,
            0.08946531265974045,
            -0.07439878582954407
        ],
        [
            0.09763723611831665,
            0.09616483002901077,
            -0.05942288413643837
        ],
        [
            0.05278550088405609,
            0.054448824375867844,
            -0.05086802318692207
        ],
        [
            0.059138573706150055,
            0.08149576187133789,
            -0.05867758393287659
        ],
        [
            0.07504390925168991,
            0.09970639646053314,
            -0.053035542368888855
        ],
        [
            0.09298644959926605,
            0.11294960975646973,
            -0.040078043937683105
        ],
        [
            0.04934917390346527,
            0.06265704333782196,
            -0.030986793339252472
        ],
        [
            0.057455819100141525,
            0.08194579184055328,
            -0.033918265253305435
        ],
        [
            0.07000789791345596,
            0.0951923131942749,
            -0.02871493622660637
        ],
        [
            0.08668678998947144,
            0.10195128619670868,
            -0.021598991006612778
        ]
    ],
    "pred_vertices": [
        [
            0.10269563645124435,
            0.0318254679441452,
            -0.043412428349256516
        ],
        [
            0.10628250241279602,
            0.029728081077337265,
            -0.0339544415473938
        ],
        [
            0.11223644018173218,
            0.03513963893055916,
            -0.03724001720547676
        ],
        [
            0.10862119495868683,
            0.03476334363222122,
            -0.0493975505232811
        ],
        [
            0.11908482015132904,
            0.029907923191785812,
            -0.014331184327602386
        ],
        [
            0.12789835035800934,
            0.02210354432463646,
            -0.01219184696674347
        ],
        [
            0.13483963906764984,
            0.03392171114683151,
            -0.01785881072282791
        ],
        [
            0.12660786509513855,
            0.039637304842472076,
            -0.017252564430236816
        ],
        [
            0.1134629100561142,
            0.03728971630334854,
            -0.05283046141266823
        ],
        [
            0.11734514683485031,
            0.040083542466163635,
            -0.03920009732246399
        ],
        [
            0.11762592196464539,
            0.038247544318437576,
            -0.05159911513328552
        ],
        [
            0.10694442689418793,
            0.0270267091691494,
            -0.06694673746824265
        ],
        [
            0.10648860037326813,
            0.03126868978142738,
            -0.064496248960495
        ],
        [
            0.09898126870393753,
            0.023958539590239525,
            -0.07515060901641846
        ],
        [
            0.10457669198513031,
            0.017225010320544243,
            -0.0641886442899704
        ],
        [
            0.09088711440563202,
            0.01847887597978115,
            -0.07542610168457031
        ],
        [
            0.07649645209312439,
            0.009715534746646881,
            -0.04919806122779846
        ],
        [
            0.06755071878433228,
            0.014051254838705063,
            -0.03940809890627861
        ],
        [
            0.06043463945388794,
            0.022062476724386215,
            -0.05341535434126854
        ],
        [
            0.07068344950675964,
            0.017340777441859245,
            -0.06168784573674202
        ],
        [
            0.05371593311429024,
            0.0299766156822443,
            -0.035224929451942444
        ],
        [
            0.05705350264906883,
            0.026015065610408783,
            -0.04593013972043991
        ],
        [
            0.06330934911966324,
            0.017037417739629745,
            -0.03200172260403633
        ],
        [
            0.06035230681300163,
            0.021147381514310837,
            -0.023092016577720642
        ],
        [
            0.09324359148740768,
            0.0317574068903923,
            -0.02969149872660637
        ],
        [
            0.09698228538036346,
            0.02874043583869934,
            -0.021064870059490204
        ],
        [
            0.0998186394572258,
            0.027437111362814903,
            -0.027072399854660034
        ],
        [
            0.0966612696647644,
            0.03061744198203087,
            -0.03450834006071091
        ],
        [
            0.1328773945569992,
            0.041853293776512146,
            -0.04585323855280876
        ],
        [
            0.1237044483423233,
            0.024912375956773758,
            -0.05142219737172127
        ],
        [
            0.11969122290611267,
            0.03128135949373245,
            -0.05373694747686386
        ],
        [
            0.13043594360351562,
            0.04615543782711029,
            -0.04320158436894417
        ],
        [
            0.10440514236688614,
            0.028812488541007042,
            0.008374877274036407
        ],
        [
            0.10612662136554718,
            0.01841459795832634,
            0.016970470547676086
        ],
        [
            0.10946248471736908,
            0.015073016285896301,
            0.013282693922519684
        ],
        [
            0.10667699575424194,
            0.02483414113521576,
            0.005766086280345917
        ],
        [
            0.12081433832645416,
            0.010943271219730377,
            -0.003573402762413025
        ],
        [
            0.11986640840768814,
            0.004185337573289871,
            0.003065846860408783
        ],
        [
            0.12304665148258209,
            -0.008308343589305878,
            0.0016925707459449768
        ],
        [
            0.1248890608549118,
            -0.0031823739409446716,
            -0.006763026118278503
        ],
        [
            0.12330199033021927,
            0.016413889825344086,
            -0.009222954511642456
        ],
        [
            0.12903352081775665,
            0.005357224494218826,
            -0.012733958661556244
        ],
        [
            0.13314194977283478,
            0.013302579522132874,
            -0.01650514453649521
        ],
        [
            0.13994750380516052,
            0.02793973684310913,
            -0.022351790219545364
        ],
        [
            0.09662623703479767,
            0.022944126278162003,
            0.024297982454299927
        ],
        [
            0.09439407289028168,
            0.031599726527929306,
            0.019294418394565582
        ],
        [
            0.09061868488788605,
            0.06339052319526672,
            -0.08849745988845825
        ],
        [
            0.08763012290000916,
            0.0660492554306984,
            -0.08403674513101578
        ],
        [
            0.08782662451267242,
            0.06269030272960663,
            -0.08309607207775116
        ],
        [
            0.0905807688832283,
            0.06091376021504402,
            -0.08802199363708496
        ],
        [
            0.07650904357433319,
            0.02116740494966507,
            0.023316480219364166
        ],
        [
            0.07041358947753906,
            0.01364671066403389,
            0.020595353096723557
        ],
        [
            0.07334131002426147,
            0.011760782450437546,
            0.026995237916707993
        ],
        [
            0.0804164856672287,
            0.01765551045536995,
            0.028772175312042236
        ],
        [
            0.07138155400753021,
            0.025777865201234818,
            0.01607571914792061
        ],
        [
            0.0670059323310852,
            0.01647070422768593,
            0.011492528021335602
        ],
        [
            0.08444826304912567,
            0.0649682879447937,
            -0.09971315413713455
        ],
        [
            0.08884395658969879,
            0.06374993920326233,
            -0.0973062738776207
        ],
        [
            0.08689803630113602,
            0.05969991907477379,
            -0.0975804403424263
        ],
        [
            0.08195817470550537,
            0.06005142256617546,
            -0.09879763424396515
        ],
        [
            0.10390569269657135,
            0.03325425460934639,
            -0.05945523828268051
        ],
        [
            0.09919333457946777,
            0.034281279891729355,
            -0.05184220150113106
        ],
        [
            0.09456373751163483,
            0.0373188778758049,
            -0.07312928885221481
        ],
        [
            0.09474995732307434,
            0.03601657971739769,
            -0.06480371952056885
        ],
        [
            0.09945376962423325,
            0.03211325407028198,
            -0.06831283867359161
        ],
        [
            0.09770455211400986,
            0.03292449936270714,
            -0.07542530447244644
        ],
        [
            0.08156874775886536,
            0.04201747849583626,
            -0.04589877277612686
        ],
        [
            0.08620069175958633,
            0.03689299896359444,
            -0.03651057556271553
        ],
        [
            0.08946360647678375,
            0.03522665798664093,
            -0.04216920584440231
        ],
        [
            0.08589167892932892,
            0.04057002812623978,
            -0.05324629694223404
        ],
        [
            0.08019542694091797,
            0.04403122514486313,
            -0.0258626788854599
        ],
        [
            0.0757737010717392,
            0.048037633299827576,
            -0.03597850352525711
        ],
        [
            0.07288636267185211,
            0.051453784108161926,
            -0.028653305023908615
        ],
        [
            0.077206552028656,
            0.04884297773241997,
            -0.022708483040332794
        ],
        [
            0.07029766589403152,
            0.05249867960810661,
            -0.05511404201388359
        ],
        [
            0.06802313774824142,
            0.054147880524396896,
            -0.060214344412088394
        ],
        [
            0.06693261116743088,
            0.05726238340139389,
            -0.05753476917743683
        ],
        [
            0.06873978674411774,
            0.05386149510741234,
            -0.052029818296432495
        ],
        [
            0.07582292705774307,
            0.008830443024635315,
            0.03297453746199608
        ],
        [
            0.08437779545783997,
            0.013588588684797287,
            0.03337909281253815
        ],
        [
            0.04889374226331711,
            0.04101121425628662,
            -0.01672586426138878
        ],
        [
            0.05321356654167175,
            0.04627055674791336,
            -0.007802121341228485
        ],
        [
            0.04706583172082901,
            0.05451041832566261,
            -0.016334407031536102
        ],
        [
            0.042959682643413544,
            0.04640321433544159,
            -0.024268710985779762
        ],
        [
            0.0689825490117073,
            0.005824755877256393,
            0.013980850577354431
        ],
        [
            0.0698956772685051,
            0.0040803588926792145,
            0.0215623676776886
        ],
        [
            0.07889522612094879,
            0.06729696691036224,
            -0.09853095561265945
        ],
        [
            0.0766347125172615,
            0.06203769892454147,
            -0.0968971848487854
        ],
        [
            0.13096095621585846,
            0.0031967274844646454,
            -0.024697240442037582
        ],
        [
            0.1403529942035675,
            0.022121764719486237,
            -0.03054158017039299
        ],
        [
            0.12429309636354446,
            -0.007499996572732925,
            -0.016607314348220825
        ],
        [
            0.1191355288028717,
            -0.013370100408792496,
            -0.00938272476196289
        ],
        [
            0.11749425530433655,
            -0.018182750791311264,
            -0.0019959434866905212
        ],
        [
            0.08955913782119751,
            0.03987446799874306,
            -0.06429144740104675
        ],
        [
            0.09512647986412048,
            0.03327110782265663,
            -0.0434650257229805
        ],
        [
            0.09063499420881271,
            0.03370409086346626,
            -0.025506198406219482
        ],
        [
            0.07649112492799759,
            0.052635639905929565,
            -0.005638137459754944
        ],
        [
            0.08140169084072113,
            0.04830267280340195,
            0.0024688541889190674
        ],
        [
            0.08612152934074402,
            0.045970186591148376,
            -0.0068828389048576355
        ],
        [
            0.08040778338909149,
            0.04980321228504181,
            -0.012124616652727127
        ],
        [
            0.059462450444698334,
            0.05374257266521454,
            -0.0053764693439006805
        ],
        [
            0.06601841002702713,
            0.056885529309511185,
            -0.008943580090999603
        ],
        [
            0.06181991100311279,
            0.0602310374379158,
            -0.01505698636174202
        ],
        [
            0.054330721497535706,
            0.05880836769938469,
            -0.012810196727514267
        ],
        [
            0.13940927386283875,
            0.037796493619680405,
            -0.04572044312953949
        ],
        [
            0.12864433228969574,
            0.01994282379746437,
            -0.04805246740579605
        ],
        [
            0.08518780767917633,
            0.027220867574214935,
            0.02360190451145172
        ],
        [
            0.0895194560289383,
            0.02191556617617607,
            0.027391649782657623
        ],
        [
            0.09182603657245636,
            0.01557929813861847,
            0.032626889646053314
        ],
        [
            0.10156643390655518,
            0.028159242123365402,
            -0.007524058222770691
        ],
        [
            0.10817259550094604,
            0.02201947011053562,
            0.003785543143749237
        ],
        [
            0.10989393293857574,
            0.020118247717618942,
            -0.00014317035675048828
        ],
        [
            0.10185101628303528,
            0.025758644565939903,
            -0.011258117854595184
        ],
        [
            0.10775040835142136,
            0.027455877512693405,
            -0.02222559228539467
        ],
        [
            0.11308325827121735,
            0.022814985364675522,
            -0.011816553771495819
        ],
        [
            0.11343055963516235,
            0.035180337727069855,
            -0.023347079753875732
        ],
        [
            0.11429011076688766,
            0.00953800231218338,
            0.00951724499464035
        ],
        [
            0.11273644119501114,
            0.00855943188071251,
            0.020698755979537964
        ],
        [
            0.11745994538068771,
            0.002871006727218628,
            0.015666142106056213
        ],
        [
            0.10583549737930298,
            0.012754954397678375,
            0.02626585215330124
        ],
        [
            0.09857866168022156,
            0.015539664775133133,
            0.030606411397457123
        ],
        [
            0.06947802752256393,
            -0.0003616213798522949,
            0.028824225068092346
        ],
        [
            0.12053905427455902,
            -0.0026741959154605865,
            0.010252796113491058
        ],
        [
            0.13309253752231598,
            0.04571493715047836,
            -0.02120426669716835
        ],
        [
            0.14020222425460815,
            0.05125901475548744,
            -0.024136576801538467
        ],
        [
            0.13430574536323547,
            0.053281620144844055,
            -0.028472330421209335
        ],
        [
            0.12693223357200623,
            0.047986313700675964,
            -0.026383765041828156
        ],
        [
            0.09243163466453552,
            0.026224058121442795,
            -0.08302740007638931
        ],
        [
            0.09728077054023743,
            0.030104950070381165,
            -0.07974685728549957
        ],
        [
            0.10215317457914352,
            0.02778707444667816,
            -0.0717773586511612
        ],
        [
            0.09749286621809006,
            0.036710139364004135,
            0.0034231841564178467
        ],
        [
            0.08940389752388,
            0.0388387031853199,
            0.012905865907669067
        ],
        [
            0.08939941227436066,
            0.04104261100292206,
            -0.0721980482339859
        ],
        [
            0.08046919852495193,
            0.05546373873949051,
            -0.09841065853834152
        ],
        [
            0.08628173917531967,
            0.05531148985028267,
            -0.09716881066560745
        ],
        [
            0.08874186873435974,
            0.038485296070575714,
            -0.09121867269277573
        ],
        [
            0.08189769089221954,
            0.03821637108922005,
            -0.09281601011753082
        ],
        [
            0.08029036968946457,
            0.04461653530597687,
            -0.07548118382692337
        ],
        [
            0.08719640225172043,
            0.04321647435426712,
            -0.07365682721138
        ],
        [
            0.08534376323223114,
            0.04461761936545372,
            -0.07403808832168579
        ],
        [
            0.07918581366539001,
            0.04725078493356705,
            -0.0739654004573822
        ],
        [
            0.06465401500463486,
            0.059181246906518936,
            -0.04869014769792557
        ],
        [
            0.06652383506298065,
            0.056309133768081665,
            -0.044113077223300934
        ],
        [
            0.067064568400383,
            0.028000757098197937,
            -0.07297471910715103
        ],
        [
            0.07452167570590973,
            0.019416270777583122,
            -0.07997786998748779
        ],
        [
            0.08072640001773834,
            0.014650041237473488,
            -0.06960184872150421
        ],
        [
            0.07836157083511353,
            0.044774916023015976,
            -0.039738837629556656
        ],
        [
            0.07385458052158356,
            0.04966604337096214,
            -0.04762103408575058
        ],
        [
            0.07185093313455582,
            0.05127754807472229,
            -0.04440517723560333
        ],
        [
            0.08569987118244171,
            0.042500484734773636,
            -0.06532959640026093
        ],
        [
            0.08390694856643677,
            0.04371744394302368,
            -0.07135538011789322
        ],
        [
            0.08115372806787491,
            0.045042648911476135,
            -0.06791006028652191
        ],
        [
            0.08272580802440643,
            0.0439440980553627,
            -0.0609314851462841
        ],
        [
            0.05883774906396866,
            0.03839285299181938,
            0.0013525597751140594
        ],
        [
            0.06570099294185638,
            0.04748470336198807,
            0.004100728780031204
        ],
        [
            0.09111850708723068,
            0.06285898387432098,
            -0.09328238666057587
        ],
        [
            0.0901992991566658,
            0.05985692888498306,
            -0.09340903908014297
        ],
        [
            0.08302360773086548,
            0.03973500058054924,
            -0.03067028522491455
        ],
        [
            0.08697771281003952,
            0.00970851443707943,
            -0.05694187805056572
        ],
        [
            0.0882151871919632,
            0.0362517349421978,
            -0.021210666745901108
        ],
        [
            0.04808514565229416,
            0.050130873918533325,
            -0.04272856563329697
        ],
        [
            0.05241117998957634,
            0.05793542042374611,
            -0.039995916187763214
        ],
        [
            0.05295181646943092,
            0.06061665341258049,
            -0.04336116462945938
        ],
        [
            0.04921437054872513,
            0.05717526376247406,
            -0.047013796865940094
        ],
        [
            0.07683432847261429,
            0.06059227138757706,
            -0.0793207511305809
        ],
        [
            0.08260150253772736,
            0.06118207052350044,
            -0.07899780571460724
        ],
        [
            0.0826423168182373,
            0.06450232863426208,
            -0.08010014146566391
        ],
        [
            0.07686328887939453,
            0.06545510143041611,
            -0.08119077980518341
        ],
        [
            0.09223499894142151,
            0.04085106775164604,
            -0.07556702196598053
        ],
        [
            0.09569569677114487,
            0.03718797117471695,
            -0.07934679836034775
        ],
        [
            0.09368747472763062,
            0.04237857460975647,
            -0.08089880645275116
        ],
        [
            0.08972491323947906,
            0.044266220182180405,
            -0.07680851966142654
        ],
        [
            0.09435606002807617,
            0.03444714471697807,
            -0.08418889343738556
        ],
        [
            0.09293420612812042,
            0.039815373718738556,
            -0.08660192042589188
        ],
        [
            0.07200855016708374,
            0.05955807864665985,
            -0.08347199857234955
        ],
        [
            0.07124804705381393,
            0.05798207223415375,
            -0.09078699350357056
        ],
        [
            0.07115022838115692,
            0.04224739223718643,
            -0.08455993235111237
        ],
        [
            0.07308359444141388,
            0.04700131341814995,
            -0.07856258004903793
        ],
        [
            0.06532438844442368,
            0.011890575289726257,
            -0.0118991918861866
        ],
        [
            0.06217000260949135,
            0.018385984003543854,
            -0.0034129247069358826
        ],
        [
            0.05685245990753174,
            0.027702193707227707,
            -0.014346163719892502
        ],
        [
            0.050200220197439194,
            0.03661768138408661,
            -0.025089707225561142
        ],
        [
            0.04556048661470413,
            0.0449877604842186,
            -0.03592140972614288
        ],
        [
            0.04728001356124878,
            0.03724616765975952,
            -0.04533401131629944
        ],
        [
            0.05578969791531563,
            0.03177877515554428,
            -0.0072447508573532104
        ],
        [
            0.0727379322052002,
            0.04123834893107414,
            -0.07685545086860657
        ],
        [
            0.07129280269145966,
            0.032989636063575745,
            -0.08009342849254608
        ],
        [
            0.06892578303813934,
            0.0358547680079937,
            -0.07677794992923737
        ],
        [
            0.08578462898731232,
            0.0411883108317852,
            -0.01614038273692131
        ],
        [
            0.09019341319799423,
            0.056182846426963806,
            -0.09348522871732712
        ],
        [
            0.0965152382850647,
            -0.01917748898267746,
            -0.007705956697463989
        ],
        [
            0.08490737527608871,
            -0.015747353434562683,
            -0.0012682676315307617
        ],
        [
            0.08466335386037827,
            -0.011783085763454437,
            -0.009216442704200745
        ],
        [
            0.09855830669403076,
            -0.014737453311681747,
            -0.016620054841041565
        ],
        [
            0.08859887719154358,
            0.06008000671863556,
            -0.08245129883289337
        ],
        [
            0.0916806161403656,
            0.058026690036058426,
            -0.08756475150585175
        ],
        [
            0.06373138725757599,
            0.06024213507771492,
            -0.03967830538749695
        ],
        [
            0.06193450838327408,
            0.062039054930210114,
            -0.04445304721593857
        ],
        [
            0.05857948213815689,
            0.06337671726942062,
            -0.04267968609929085
        ],
        [
            0.06061859428882599,
            0.06436284631490707,
            -0.03757202625274658
        ],
        [
            0.061855413019657135,
            0.021274667233228683,
            0.0018293187022209167
        ],
        [
            0.04726250469684601,
            0.062276288866996765,
            -0.02092881314456463
        ],
        [
            0.042925767600536346,
            0.054591089487075806,
            -0.028828090056777
        ],
        [
            0.06680348515510559,
            0.010038018226623535,
            0.005691856145858765
        ],
        [
            0.06904853880405426,
            0.003924377262592316,
            -0.0015908479690551758
        ],
        [
            0.07136520743370056,
            -0.0014930665493011475,
            0.006200827658176422
        ],
        [
            0.053911708295345306,
            0.03669053688645363,
            -0.05904585123062134
        ],
        [
            0.06776820123195648,
            0.008796732872724533,
            -0.019630562514066696
        ],
        [
            0.07195146381855011,
            0.000989820808172226,
            -0.008045516908168793
        ],
        [
            0.07484763860702515,
            -0.005614493042230606,
            0.0009721294045448303
        ],
        [
            0.07602542638778687,
            -0.010347440838813782,
            0.007745906710624695
        ],
        [
            0.07220578193664551,
            -0.005253873765468597,
            0.012810379266738892
        ],
        [
            0.07500868290662766,
            0.05675257742404938,
            -0.09548097103834152
        ],
        [
            0.0719379261136055,
            0.06453228741884232,
            -0.09232215583324432
        ],
        [
            0.07168751209974289,
            -0.01034797728061676,
            0.020313076674938202
        ],
        [
            0.07658503949642181,
            -0.015504736453294754,
            0.014364086091518402
        ],
        [
            0.0767233744263649,
            -0.0025386251509189606,
            -0.015116456896066666
        ],
        [
            0.08434389531612396,
            -0.005681298673152924,
            -0.023900911211967468
        ],
        [
            0.07265119254589081,
            0.005315516144037247,
            -0.026020225137472153
        ],
        [
            0.07949146628379822,
            0.0026353299617767334,
            -0.03538094460964203
        ],
        [
            0.055973395705223083,
            0.02736969105899334,
            -0.06490734964609146
        ],
        [
            0.08013198524713516,
            0.0820726826786995,
            -0.09041105210781097
        ],
        [
            0.07418833673000336,
            0.07196290791034698,
            -0.08839409053325653
        ],
        [
            0.07743221521377563,
            0.07071028649806976,
            -0.08368714153766632
        ],
        [
            0.08057138323783875,
            0.08115700632333755,
            -0.08613874018192291
        ],
        [
            0.07272398471832275,
            0.06555888056755066,
            -0.08542860299348831
        ],
        [
            0.0744892954826355,
            0.07013554871082306,
            -0.09391479194164276
        ],
        [
            0.09331043809652328,
            0.0023513399064540863,
            -0.044640302658081055
        ],
        [
            0.07868561148643494,
            0.04673448204994202,
            -0.07348544150590897
        ],
        [
            0.10233767330646515,
            -0.005712933838367462,
            -0.03270001336932182
        ],
        [
            0.10881102085113525,
            0.009214777499437332,
            -0.054575365036726
        ],
        [
            0.11665598303079605,
            0.004575517028570175,
            -0.04457159712910652
        ],
        [
            0.11259536445140839,
            -0.013946309685707092,
            -0.020030640065670013
        ],
        [
            0.12231387197971344,
            -0.003977213054895401,
            -0.03151882812380791
        ],
        [
            0.10779381543397903,
            -0.022458452731370926,
            -0.0032563358545303345
        ],
        [
            0.10829909890890121,
            -0.01828673854470253,
            -0.011492691934108734
        ],
        [
            0.13205945491790771,
            0.011113598942756653,
            -0.03835195302963257
        ],
        [
