{
    "pred_cam": [
        10.594786643981934,
        0.09450836479663849,
        -0.05455143749713898
    ],
    "pred_mano_params": {
        "global_orient": [
            [
                [
                    0.32739701867103577,
                    -0.6286595463752747,
                    0.7054065465927124
                ],
                [
                    -0.36896345019340515,
                    -0.7723400592803955,
                    -0.5170655846595764
                ],
                [
                    0.869871973991394,
                    -0.09098351746797562,
                    -0.48481422662734985
                ]
            ]
        ],
        "hand_pose": [
            [
                [
                    0.6498249173164368,
                    -0.6598206758499146,
                    -0.37731170654296875
                ],
                [
                    0.6142760515213013,
                    0.7482529282569885,
                    -0.250564306974411
                ],
                [
                    0.447652131319046,
                    -0.0689505934715271,
                    0.8915454149246216
                ]
            ],
            [
                [
                    0.7660434246063232,
                    -0.5634562969207764,
                    0.30934515595436096
                ],
                [
                    0.6279871463775635,
                    0.7587186098098755,
                    -0.17314228415489197
                ],
                [
                    -0.13714779913425446,
                    0.32689931988716125,
                    0.9350547194480896
                ]
            ],
            [
                [
                    0.779495894908905,
                    -0.624604344367981,
                    0.04749327525496483
                ],
                [
                    0.6262869834899902,
                    0.7785893082618713,
                    -0.03953969478607178
                ],
                [
                    -0.012281089089810848,
                    0.06056544557213783,
                    0.9980887174606323
                ]
            ],
            [
                [
                    0.623452365398407,
                    -0.732123851776123,
                    -0.2744119167327881
                ],
                [
                    0.7472031712532043,
                    0.6612514853477478,
                    -0.0665876492857933
                ],
                [
                    0.2302056849002838,
                    -0.1635272055864334,
                    0.9593040943145752
                ]
            ],
            [
                [
                    0.6233723163604736,
                    -0.7692495584487915,
                    -0.1402217596769333
                ],
                [
                    0.7709845900535583,
                    0.5747925639152527,
                    0.27421942353248596
                ],
                [
                    -0.13034473359584808,
                    -0.2790496051311493,
                    0.9513893127441406
                ]
            ],
            [
                [
                    0.8462737798690796,
                    -0.5127851366996765,
                    -0.14447198808193207
                ],
                [
                    0.5189459919929504,
                    0.8547868728637695,
                    0.005872422829270363
                ],
                [
                    0.1204814687371254,
                    -0.07994283735752106,
                    0.9894915223121643
                ]
            ],
            [
                [
                    0.35021674633026123,
                    -0.9348889589309692,
                    0.05771411210298538
                ],
                [
                    0.7930204272270203,
                    0.32873404026031494,
                    0.5128865242004395
                ],
                [
                    -0.4984644949436188,
                    -0.13385295867919922,
                    0.8565142154693604
                ]
            ],
            [
                [
                    0.9194883704185486,
                    -0.38637784123420715,
                    -0.0724792405962944
                ],
                [
                    0.3931162655353546,
                    0.9041138887405396,
                    0.16744451224803925
                ],
                [
                    0.0008326325914822519,
                    -0.18245606124401093,
                    0.9832136034965515
                ]
            ],
            [
                [
                    0.9428290128707886,
                    -0.31745997071266174,
                    0.10145225375890732
                ],
                [
                    0.2680726945400238,
                    0.9032420516014099,
                    0.3350982964038849
                ],
                [
                    -0.1980162411928177,
                    -0.28874385356903076,
                    0.9367051720619202
                ]
            ],
            [
                [
                    0.4602627754211426,
                    -0.8873851299285889,
                    -0.026568913832306862
                ],
                [
                    0.8874591588973999,
                    0.46069690585136414,
                    -0.013214104808866978
                ],
                [
                    0.023966211825609207,
                    -0.01749686524271965,
                    0.9995597004890442
                ]
            ],
            [
                [
                    0.9136395454406738,
                    -0.40640607476234436,
                    0.009840242564678192
                ],
                [
                    0.3543589115142822,
                    0.8080285787582397,
                    0.47065865993499756
                ],
                [
                    -0.19922973215579987,
                    -0.42652541399002075,
                    0.8822605013847351
                ]
            ],
            [
                [
                    0.8635717034339905,
                    -0.4489600658416748,
                    -0.22951838374137878
                ],
                [
                    0.48990362882614136,
                    0.8547984957695007,
                    0.17121313512325287
                ],
                [
                    0.11932411044836044,
                    -0.2602967321872711,
                    0.958126962184906
                ]
            ],
            [
                [
                    0.8992631435394287,
                    -0.26565825939178467,
                    0.3474932014942169
                ],
                [
                    0.39744746685028076,
                    0.16453027725219727,
                    -0.9027543067932129
                ],
                [
                    0.18265102803707123,
                    0.9499238729476929,
                    0.2535412311553955
                ]
            ],
            [
                [
                    0.8945819735527039,
                    -0.4452182948589325,
                    0.03877934440970421
                ],
                [
                    0.33237192034721375,
                    0.720816969871521,
                    0.60823655128479
                ],
                [
                    -0.2987508773803711,
                    -0.531228244304657,
                    0.792807936668396
                ]
            ],
            [
                [
                    0.8614991903305054,
                    0.48182424902915955,
                    -0.1602015346288681
                ],
                [
                    -0.46565526723861694,
                    0.8755034804344177,
                    0.12906938791275024
                ],
                [
                    0.20244574546813965,
                    -0.03659448400139809,
                    0.978609561920166
                ]
            ]
        ],
        "betas": [
            0.007730811834335327,
            -0.04485282301902771,
            -0.07007333636283875,
            -0.007348150014877319,
            0.0283641517162323,
            -0.04540715366601944,
            0.003599017858505249,
            -0.03719860315322876,
            -0.022242724895477295,
            -0.025797605514526367
        ]
    },
    "pred_cam_t": [
        -0.09450836479663849,
        -0.05455143749713898,
        3.6869547367095947
    ],
    "focal_length": [
        5000.0,
        5000.0
    ],
    "pred_keypoints_3d": [
        [
            0.09572039544582367,
            0.006388998590409756,
            0.0061947377398610115
        ],
        [
            0.11576779931783676,
            0.013933856971561909,
            -0.02583753690123558
        ],
        [
            0.13312819600105286,
            0.03830639645457268,
            -0.033184267580509186
        ],
        [
            0.1471167802810669,
            0.061216771602630615,
            -0.037081554532051086
        ],
        [
            0.16142018139362335,
            0.08514904230833054,
            -0.060617171227931976
        ],
        [
            0.08468986302614212,
            0.03225540369749069,
            -0.07995134592056274
        ],
        [
            0.07853462547063828,
            0.06170756742358208,
            -0.09359856694936752
        ],
        [
            0.08883974701166153,
            0.0812487080693245,
            -0.09113692492246628
        ],
        [
            0.10404543578624725,
            0.09522835165262222,
            -0.07692462205886841
        ],
        [
            0.06328797340393066,
            0.04421601444482803,
            -0.07435974478721619
        ],
        [
            0.06156877800822258,
            0.07471964508295059,
            -0.08293258398771286
        ],
        [
            0.07765175402164459,
            0.08972157537937164,
            -0.07523836195468903
        ],
        [
            0.09696701169013977,
            0.09873318672180176,
            -0.06078476086258888
        ],
        [
            0.05265796184539795,
            0.053389012813568115,
            -0.05164394900202751
        ],
        [
            0.05886533856391907,
            0.08045844733715057,
            -0.05948461592197418
        ],
        [
            0.07399226725101471,
            0.0995175838470459,
            -0.054541051387786865
        ],
        [
            0.09136675298213959,
            0.11381751298904419,
            -0.0419301763176918
        ],
        [
            0.04900936782360077,
            0.06178367882966995,
            -0.031876128166913986
        ],
        [
            0.05772799998521805,
            0.08080176264047623,
            -0.0348866730928421
        ],
        [
            0.06994149088859558,
            0.09465537965297699,
            -0.03048846125602722
        ],
        [
            0.08642476052045822,
            0.10290196537971497,
            -0.023846665397286415
        ]
    ],
    "pred_vertices": [
        [
            0.10249926149845123,
            0.03134389966726303,
            -0.04349200055003166
        ],
        [
            0.10595075786113739,
            0.029282215982675552,
            -0.0337989404797554
        ],
        [
            0.11154394596815109,
            0.034806977957487106,
            -0.03702222555875778
        ],
        [
            0.10821782052516937,
            0.03431379422545433,
            -0.049389470368623734
        ],
        [
            0.11893890053033829,
            0.02989005297422409,
            -0.014212287962436676
        ],
        [
            0.12806858122348785,
            0.022369831800460815,
            -0.012299306690692902
        ],
        [
            0.13437388837337494,
            0.03453265130519867,
            -0.01822272315621376
        ],
        [
            0.12592409551143646,
            0.03994714841246605,
            -0.01732821762561798
        ],
        [
            0.11277549713850021,
            0.03696323186159134,
            -0.052751440554857254
        ],
        [
            0.1163814440369606,
            0.0399247482419014,
            -0.03901790827512741
        ],
        [
            0.11658044904470444,
            0.038208261132240295,
            -0.051469940692186356
        ],
        [
            0.10659072548151016,
            0.026549331843852997,
            -0.06697548925876617
        ],
        [
            0.10625646263360977,
            0.03070513717830181,
            -0.06456143409013748
        ],
        [
            0.09896988421678543,
            0.023214250802993774,
            -0.07527793198823929
        ],
        [
            0.10433749854564667,
            0.016806503757834435,
            -0.0642101988196373
        ],
        [
            0.09095539897680283,
            0.017660140991210938,
            -0.07558324933052063
        ],
        [
            0.07676581293344498,
            0.008925192058086395,
            -0.049367938190698624
        ],
        [
            0.06775251030921936,
            0.013259854167699814,
            -0.03967845439910889
        ],
        [
            0.06059224531054497,
            0.02104811556637287,
            -0.05385483056306839
        ],
        [
            0.07093128561973572,
            0.0163473691791296,
            -0.062001679092645645
        ],
        [
            0.053690046072006226,
            0.02908928133547306,
            -0.035767123103141785
        ],
        [
            0.05714895576238632,
            0.02504805102944374,
            -0.046412549912929535
        ],
        [
            0.06343524158000946,
            0.016281016170978546,
            -0.03233260288834572
        ],
        [
            0.06036841869354248,
            0.020458322018384933,
            -0.023489605635404587
        ],
        [
            0.09317755699157715,
            0.0313393734395504,
            -0.029955871403217316
        ],
        [
            0.09688632190227509,
            0.02842114120721817,
            -0.021219834685325623
        ],
        [
            0.09969263523817062,
            0.027026226744055748,
            -0.027083098888397217
        ],
        [
            0.0965784564614296,
            0.030168985947966576,
            -0.034692998975515366
        ],
        [
            0.13122665882110596,
            0.04261336475610733,
            -0.04606659710407257
        ],
        [
            0.12286330759525299,
            0.025178760290145874,
            -0.05150763690471649
        ],
        [
            0.11868824809789658,
            0.031392902135849,
            -0.05370341241359711
        ],
        [
            0.12874482572078705,
            0.046789027750492096,
            -0.04326379671692848
        ],
        [
            0.10415811836719513,
            0.028933824971318245,
            0.008188284933567047
        ],
        [
            0.105918750166893,
            0.018647795543074608,
            0.01690339297056198
        ],
        [
            0.10932709276676178,
            0.015297302976250648,
            0.013281106948852539
        ],
        [
            0.10651843249797821,
            0.0249335840344429,
            0.005654729902744293
        ],
        [
            0.12108372151851654,
            0.011101379990577698,
            -0.003459259867668152
        ],
        [
            0.12003381550312042,
            0.0044217221438884735,
            0.003226354718208313
        ],
        [
            0.12330810725688934,
            -0.00799393281340599,
            0.0019732117652893066
        ],
        [
            0.1252405196428299,
            -0.0028641000390052795,
            -0.006585970520973206
        ],
        [
            0.12363606691360474,
            0.01652080938220024,
            -0.009158551692962646
        ],
        [
            0.12944447994232178,
            0.005695313215255737,
            -0.012736894190311432
        ],
        [
            0.1334376335144043,
            0.01381075382232666,
            -0.016819506883621216
        ],
        [
            0.1395302265882492,
            0.028828777372837067,
            -0.022969689220190048
        ],
        [
            0.09631888568401337,
            0.023152511566877365,
            0.024113021790981293
        ],
        [
            0.09404060989618301,
            0.03173375874757767,
            0.019001491367816925
        ],
        [
            0.09057643264532089,
            0.06292427331209183,
            -0.08887161314487457
        ],
        [
            0.0875253975391388,
            0.06555933505296707,
            -0.08445524424314499
        ],
        [
            0.0878508910536766,
            0.06199650466442108,
            -0.08345341682434082
        ],
        [
            0.09062431007623672,
            0.060261547565460205,
            -0.08836439996957779
        ],
        [
            0.07623612880706787,
            0.021147891879081726,
            0.023023154586553574
        ],
        [
            0.07024195045232773,
            0.013532940298318863,
            0.020347528159618378
        ],
        [
            0.0731431245803833,
            0.011744942516088486,
            0.026787981390953064
        ],
        [
            0.08013983070850372,
            0.01773751899600029,
            0.028544344007968903
        ],
        [
            0.07111215591430664,
            0.025623198598623276,
            0.015695132315158844
        ],
        [
            0.06686799973249435,
            0.016222696751356125,
            0.011189542710781097
        ],
        [
            0.08428442478179932,
            0.06405746191740036,
            -0.10006329417228699
        ],
        [
            0.08873529732227325,
            0.06303354352712631,
            -0.09767291694879532
        ],
        [
            0.08691996335983276,
            0.05882444232702255,
            -0.09785760194063187
        ],
        [
            0.08196378499269485,
            0.05900420993566513,
            -0.09902393817901611
        ],
        [
            0.1038195863366127,
            0.032648902386426926,
            -0.05960100516676903
        ],
        [
            0.09915582835674286,
            0.033685747534036636,
            -0.05206390470266342
        ],
        [
            0.09479402750730515,
            0.03638084605336189,
            -0.0734742283821106
        ],
        [
            0.09487059712409973,
            0.03522292897105217,
            -0.06511574983596802
        ],
        [
            0.09957675635814667,
            0.0313345342874527,
            -0.06854589283466339
        ],
        [
            0.09793303161859512,
            0.03202807530760765,
            -0.07570483535528183
        ],
        [
            0.08152954280376434,
            0.04129721596837044,
            -0.04636164754629135
        ],
        [
            0.08614955842494965,
            0.036327946931123734,
            -0.03689486160874367
        ],
        [
            0.08945298194885254,
            0.03463428467512131,
            -0.042505957186222076
        ],
        [
            0.0859176367521286,
            0.039815258234739304,
            -0.053665995597839355
        ],
        [
            0.08001348376274109,
            0.04351736977696419,
            -0.026361141353845596
        ],
        [
            0.07561218738555908,
            0.047351907938718796,
            -0.036539141088724136
        ],
        [
            0.0726584792137146,
            0.05081065371632576,
            -0.029263347387313843
        ],
        [
            0.07696317136287689,
            0.048328932374715805,
            -0.023274991661310196
        ],
        [
            0.070220947265625,
            0.05149345472455025,
            -0.05575752258300781
        ],
        [
            0.06805244088172913,
            0.05298398435115814,
            -0.06083430349826813
        ],
        [
            0.06688903272151947,
            0.05620669946074486,
            -0.05826706066727638
        ],
        [
            0.06865258514881134,
            0.0529068224132061,
            -0.052702147513628006
        ],
        [
            0.07561690360307693,
            0.008905868977308273,
            0.032817207276821136
        ],
        [
            0.08411479741334915,
            0.013763099908828735,
            0.033223994076251984
        ],
        [
            0.048648037016391754,
            0.04029487073421478,
            -0.017420694231987
        ],
        [
            0.05287525802850723,
            0.045659683644771576,
            -0.008520402014255524
        ],
        [
            0.046796709299087524,
            0.05378381162881851,
            -0.01719461753964424
        ],
        [
            0.0427379235625267,
            0.04556925594806671,
            -0.025079552084207535
        ],
        [
            0.0689396783709526,
            0.005624160170555115,
            0.013812176883220673
        ],
        [
            0.06981780380010605,
            0.003967806696891785,
            0.021420083940029144
        ],
        [
            0.07867421954870224,
            0.06622862070798874,
            -0.09887664020061493
        ],
        [
            0.07663192600011826,
            0.060823094099760056,
            -0.09705880284309387
        ],
        [
            0.13128745555877686,
            0.00368611142039299,
            -0.024979766458272934
        ],
        [
            0.1399194896221161,
            0.023079801350831985,
            -0.031171072274446487
        ],
        [
            0.12481077015399933,
            -0.007215924561023712,
            -0.01658318191766739
        ],
        [
            0.11959432810544968,
            -0.013163961470127106,
            -0.009184055030345917
        ],
        [
            0.11788184940814972,
            -0.017965782433748245,
            -0.0016710907220840454
        ],
        [
            0.08968252688646317,
            0.039014242589473724,
            -0.06468208134174347
        ],
        [
            0.09509891271591187,
            0.032720744609832764,
            -0.0437222383916378
        ],
        [
            0.09054213762283325,
            0.033309318125247955,
            -0.02582702413201332
        ],
        [
            0.07609517127275467,
            0.052299864590168,
            -0.006252281367778778
        ],
        [
            0.08099211752414703,
            0.04811251163482666,
            0.0019209422171115875
        ],
        [
            0.08579766005277634,
            0.04573315382003784,
            -0.007371123880147934
        ],
        [
            0.08008548617362976,
            0.049442216753959656,
            -0.01268361508846283
        ],
        [
            0.05905400961637497,
            0.05321907997131348,
            -0.006113138049840927
        ],
        [
            0.06561511009931564,
            0.05638650804758072,
            -0.009649071842432022
        ],
        [
            0.061497315764427185,
            0.059593409299850464,
            -0.01579253003001213
        ],
        [
            0.05400000512599945,
            0.0581509992480278,
            -0.013624470680952072
        ],
        [
            0.1378629058599472,
            0.03880443423986435,
            -0.04621564596891403
        ],
        [
            0.127980038523674,
            0.020386360585689545,
            -0.04827943444252014
        ],
        [
            0.08484724164009094,
            0.02730008214712143,
            0.02329763025045395
        ],
        [
            0.08920404314994812,
            0.022082824259996414,
            0.027173705399036407
        ],
        [
            0.09154599905014038,
            0.015828419476747513,
            0.03249754011631012
        ],
        [
            0.10145748406648636,
            0.028026366606354713,
            -0.007659912109375
        ],
        [
            0.10809223353862762,
            0.02209305949509144,
            0.0037321150302886963
        ],
        [
            0.10991527885198593,
            0.020131882280111313,
            -0.00012865662574768066
        ],
        [
            0.10180805623531342,
            0.02553054317831993,
            -0.011293627321720123
        ],
        [
            0.10758768022060394,
            0.02700584940612316,
            -0.02189696952700615
        ],
        [
            0.11325821280479431,
            0.022578302770853043,
            -0.011579446494579315
        ],
        [
            0.11282933503389359,
            0.0349312499165535,
            -0.02305492013692856
        ],
        [
            0.11427728831768036,
            0.009765822440385818,
            0.009604163467884064
        ],
        [
            0.11260633915662766,
            0.008897561579942703,
            0.02078516036272049
        ],
        [
            0.1174321174621582,
            0.0032073892652988434,
            0.01584053784608841
        ],
        [
            0.10562430322170258,
            0.013081323355436325,
            0.026258982717990875
        ],
        [
            0.09831170737743378,
            0.015839196741580963,
            0.030520789325237274
        ],
        [
            0.06940074265003204,
            -0.0004013143479824066,
            0.02873067557811737
        ],
        [
            0.12061704695224762,
            -0.002346344292163849,
            0.010502070188522339
        ],
        [
            0.13206574320793152,
            0.046278078109025955,
            -0.021426886320114136
        ],
        [
            0.1388595700263977,
            0.0521116778254509,
            -0.02453014999628067
        ],
        [
            0.1327401101589203,
            0.05396915227174759,
            -0.028592487797141075
        ],
        [
            0.12565429508686066,
            0.048337627202272415,
            -0.026347089558839798
        ],
        [
            0.09259169548749924,
            0.02531139925122261,
            -0.08324307948350906
        ],
        [
            0.09747148305177689,
            0.02920740470290184,
            -0.07998303323984146
        ],
        [
            0.10218754410743713,
            0.027053356170654297,
            -0.07191704958677292
        ],
        [
            0.09719176590442657,
            0.03670429438352585,
            0.0031007975339889526
        ],
        [
            0.08902290463447571,
            0.03884866461157799,
            0.012502595782279968
        ],
        [
            0.08962130546569824,
            0.04004419595003128,
            -0.07257126271724701
        ],
        [
            0.08050582557916641,
            0.05437178164720535,
            -0.09862113744020462
        ],
        [
            0.08632618933916092,
            0.05435233563184738,
            -0.09742694348096848
        ],
        [
            0.08896496146917343,
            0.03746704012155533,
            -0.09150832891464233
        ],
        [
            0.08212166279554367,
            0.037135377526283264,
            -0.09307575970888138
        ],
        [
            0.08052297681570053,
            0.04348518326878548,
            -0.07579325884580612
        ],
        [
            0.08744143694639206,
            0.04215165600180626,
            -0.07397550344467163
        ],
        [
            0.08557592332363129,
            0.04354078695178032,
            -0.07431796938180923
        ],
        [
            0.07939669489860535,
            0.04612058401107788,
            -0.07421180605888367
        ],
        [
            0.06457043439149857,
            0.058208104223012924,
            -0.04945870116353035
        ],
        [
            0.0664110779762268,
            0.05541389435529709,
            -0.044824883341789246
        ],
        [
            0.06730935722589493,
            0.026856740936636925,
            -0.07341280579566956
        ],
        [
            0.07482517510652542,
            0.018305810168385506,
            -0.08027791976928711
        ],
        [
            0.08092320710420609,
            0.01372499018907547,
            -0.06980624794960022
        ],
        [
            0.07825206220149994,
            0.044081155210733414,
            -0.0402509830892086
        ],
        [
            0.07374971359968185,
            0.048824988305568695,
            -0.04820798337459564
        ],
        [
            0.07172085344791412,
            0.0504477433860302,
            -0.04501967504620552
        ],
        [
            0.08581191301345825,
            0.0415852852165699,
            -0.06575749814510345
        ],
        [
            0.08409716933965683,
            0.042675986886024475,
            -0.07176608592271805
        ],
        [
            0.0812566950917244,
            0.044038448482751846,
            -0.06838813424110413
        ],
        [
            0.08277618139982224,
            0.0430624857544899,
            -0.06139902397990227
        ],
        [
            0.05851686745882034,
            0.037945229560136795,
            0.0007602684199810028
        ],
        [
            0.06527671217918396,
            0.047136157751083374,
            0.0034612566232681274
        ],
        [
            0.09106414020061493,
            0.06230859458446503,
            -0.09364652633666992
        ],
        [
            0.09023310989141464,
            0.0591200515627861,
            -0.09372151643037796
        ],
        [
            0.08290952444076538,
            0.03919723629951477,
            -0.031104780733585358
        ],
        [
            0.08713911473751068,
            0.009014859795570374,
            -0.05704047158360481
        ],
        [
            0.08807853609323502,
            0.03588264435529709,
            -0.02158144861459732
        ],
        [
            0.048001985996961594,
            0.04909427836537361,
            -0.04345862939953804
        ],
        [
            0.05234834551811218,
            0.05689236521720886,
            -0.04075964540243149
        ],
        [
            0.052871719002723694,
            0.059546664357185364,
            -0.04412248358130455
        ],
        [
            0.04912544786930084,
            0.056083161383867264,
            -0.04775165393948555
        ],
        [
            0.07688626646995544,
            0.05952494218945503,
            -0.07959005236625671
        ],
        [
            0.08264705538749695,
            0.06020268052816391,
            -0.07930421829223633
        ],
        [
            0.08264815807342529,
            0.06372050940990448,
            -0.0804375410079956
        ],
        [
            0.07684867084026337,
            0.06449510902166367,
            -0.08149593323469162
        ],
        [
            0.09249254316091537,
            0.03983280062675476,
            -0.07589279115200043
        ],
        [
            0.09596186876296997,
            0.036209505051374435,
            -0.07966315001249313
        ],
        [
            0.09392081946134567,
            0.04138792306184769,
            -0.0812135860323906
        ],
        [
            0.08995409309864044,
            0.04323737695813179,
            -0.07710713148117065
        ],
        [
            0.09461882710456848,
            0.03346393629908562,
            -0.08447597920894623
        ],
        [
            0.09316198527812958,
            0.03883204981684685,
            -0.08691076189279556
        ],
        [
            0.07207879424095154,
            0.05836047604680061,
            -0.08370967209339142
        ],
        [
            0.07130740582942963,
            0.056684963405132294,
            -0.09097881615161896
        ],
        [
            0.0713592991232872,
            0.04103286564350128,
            -0.08480394631624222
        ],
        [
            0.07328714430332184,
            0.04582277685403824,
            -0.07879579812288284
        ],
        [
            0.06537408381700516,
            0.01137184351682663,
            -0.012157130986452103
        ],
        [
            0.06210014596581459,
            0.01792607456445694,
            -0.0037662535905838013
        ],
        [
            0.05674232169985771,
            0.027073141187429428,
            -0.014842875301837921
        ],
        [
            0.050054147839546204,
            0.03582097589969635,
            -0.025737378746271133
        ],
        [
            0.04541395232081413,
            0.04402868449687958,
            -0.03666990250349045
        ],
        [
            0.04724261164665222,
            0.03618905693292618,
            -0.04598362371325493
        ],
        [
            0.05559435859322548,
            0.031216636300086975,
            -0.0077903419733047485
        ],
        [
            0.07302862405776978,
            0.04007294028997421,
            -0.07725916057825089
        ],
        [
            0.0715528354048729,
            0.03182745724916458,
            -0.0804460346698761
        ],
        [
            0.06923098862171173,
            0.03472476452589035,
            -0.07724040746688843
        ],
        [
            0.085569828748703,
            0.040850866585969925,
            -0.01658065989613533
        ],
        [
            0.09022657573223114,
            0.05529458075761795,
            -0.09379057586193085
        ],
        [
            0.09689755737781525,
            -0.01930343359708786,
            -0.007459275424480438
        ],
        [
            0.08519881963729858,
            -0.015940461307764053,
            -0.001094140112400055
        ],
        [
            0.08496758341789246,
            -0.012065958231687546,
            -0.009099133312702179
        ],
        [
            0.09895902127027512,
            -0.014910880476236343,
            -0.01645149290561676
        ],
        [
            0.0886334702372551,
            0.05916175991296768,
            -0.08277366310358047
        ],
        [
            0.09172303974628448,
            0.05717652291059494,
            -0.08789575845003128
        ],
        [
            0.06363224983215332,
            0.05935220047831535,
            -0.04042591154575348
        ],
        [
            0.061842989176511765,
            0.061072345823049545,
            -0.04523204267024994
        ],
        [
            0.058492012321949005,
            0.06237500533461571,
            -0.04343826323747635
        ],
        [
            0.060571081936359406,
            0.06338901072740555,
            -0.03834321349859238
        ],
        [
            0.06172267720103264,
            0.020869337022304535,
            0.0014405623078346252
        ],
        [
            0.047156088054180145,
            0.06156938895583153,
            -0.021786630153656006
        ],
        [
            0.04282093048095703,
            0.05374721437692642,
            -0.029692858457565308
        ],
        [
            0.0667700469493866,
            0.009725235402584076,
            0.0054616779088974
        ],
        [
            0.06912403553724289,
            0.0035566575825214386,
            -0.0017353296279907227
        ],
        [
            0.07144970446825027,
            -0.0017527937889099121,
            0.006132304668426514
        ],
        [
            0.053983744233846664,
            0.03558086231350899,
            -0.059650592505931854
        ],
        [
            0.06790629029273987,
            0.008220706135034561,
            -0.019838180392980576
        ],
        [
            0.07210053503513336,
            0.0005818977952003479,
            -0.008138611912727356
        ],
        [
            0.0750105082988739,
            -0.0058920495212078094,
            0.0009739995002746582
        ],
        [
            0.07619333267211914,
            -0.010541748255491257,
            0.007809199392795563
        ],
        [
            0.07228535413742065,
            -0.005434829741716385,
            0.012791335582733154
        ],
        [
            0.07505837082862854,
            0.055534545332193375,
            -0.09565262496471405
        ],
        [
            0.07190704345703125,
            0.06323229521512985,
            -0.09251720458269119
        ],
        [
            0.07177513092756271,
            -0.010454684495925903,
            0.020350433886051178
        ],
        [
            0.07676826417446136,
            -0.015622381120920181,
            0.014491744339466095
        ],
        [
            0.07696004211902618,
            -0.002974763512611389,
            -0.015144214034080505
        ],
        [
            0.08465533703565598,
            -0.006114274263381958,
            -0.023867957293987274
        ],
        [
            0.07287217676639557,
            0.004718467593193054,
            -0.02616121619939804
        ],
        [
            0.07977857440710068,
            0.002020418643951416,
            -0.03545384481549263
        ],
        [
            0.05609317868947983,
            0.02621680498123169,
            -0.06548988074064255
        ],
        [
            0.07936383038759232,
            0.08122608810663223,
            -0.0911649614572525
        ],
        [
            0.07388439029455185,
            0.07089588046073914,
            -0.08885391801595688
        ],
        [
            0.07718172669410706,
            0.06986571848392487,
            -0.08414039760828018
        ],
        [
            0.07985282689332962,
            0.08040488511323929,
            -0.08687714487314224
        ],
        [
            0.07268215715885162,
            0.06440144777297974,
            -0.08570000529289246
        ],
        [
            0.07422225177288055,
            0.0689755529165268,
            -0.09432098269462585
        ],
        [
            0.09352574497461319,
            0.0018767975270748138,
            -0.04465828463435173
        ],
        [
            0.07889115065336227,
            0.04559271037578583,
            -0.07393263280391693
        ],
        [
            0.10264808684587479,
            -0.005918961018323898,
            -0.032672908157110214
        ],
        [
            0.10866040736436844,
            0.009008094668388367,
            -0.05459944158792496
        ],
        [
            0.11663340032100677,
            0.004617299884557724,
            -0.0446598082780838
        ],
        [
            0.11308887600898743,
            -0.01388140395283699,
            -0.019931718707084656
        ],
        [
            0.1226331889629364,
            -0.003715917468070984,
            -0.03165842965245247
        ],
        [
            0.1081986129283905,
            -0.02239338681101799,
            -0.0029168054461479187
        ],
        [
            0.10874839127063751,
            -0.018262755125761032,
            -0.011256694793701172
        ],
        [
            0.1318296492099762,
            0.01172596588730812,
            -0.038745760917663574
        ],
        [
