{
    "pred_cam": [
        7.505683422088623,
        -0.03685334324836731,
        -0.0021245181560516357
    ],
    "pred_mano_params": {
        "global_orient": [
            [
                [
                    0.892921507358551,
                    0.40542927384376526,
                    0.19575071334838867
                ],
                [
                    0.449714720249176,
                    -0.7827730178833008,
                    -0.430143266916275
                ],
                [
                    -0.021164322271943092,
                    0.4721161127090454,
                    -0.881282389163971
                ]
            ]
        ],
        "hand_pose": [
            [
                [
                    0.7316329479217529,
                    -0.6577652096748352,
                    -0.17904765903949738
                ],
                [
                    0.6240907907485962,
                    0.7519616484642029,
                    -0.21228371560573578
                ],
                [
                    0.27426984906196594,
                    0.04357178136706352,
                    0.9606651067733765
                ]
            ],
            [
                [
                    0.7463477849960327,
                    -0.6475932002067566,
                    0.153583824634552
                ],
                [
                    0.6611661314964294,
                    0.6949535012245178,
                    -0.282664030790329
                ],
                [
                    0.076317697763443,
                    0.31251007318496704,
                    0.946843683719635
                ]
            ],
            [
                [
                    0.8819714784622192,
                    -0.46391743421554565,
                    0.08310765027999878
                ],
                [
                    0.4518677890300751,
                    0.8824670314788818,
                    0.13064171373844147
                ],
                [
                    -0.1339467465877533,
                    -0.07766859978437424,
                    0.9879400730133057
                ]
            ],
            [
                [
                    0.39800259470939636,
                    -0.859135091304779,
                    -0.3216843903064728
                ],
                [
                    0.9072741270065308,
                    0.4205392003059387,
                    -0.0006293508922681212
                ],
                [
                    0.13582158088684082,
                    -0.29160547256469727,
                    0.9468467235565186
                ]
            ],
            [
                [
                    0.9140857458114624,
                    -0.3453752398490906,
                    -0.2125164121389389
                ],
                [
                    0.3789825141429901,
                    0.9140297174453735,
                    0.14464440941810608
                ],
                [
                    0.14428970217704773,
                    -0.2127573937177658,
                    0.9663926959037781
                ]
            ],
            [
                [
                    0.9028587341308594,
                    -0.3963361084461212,
                    0.16662462055683136
                ],
                [
                    0.40163612365722656,
                    0.9157970547676086,
                    0.0020569809712469578
                ],
                [
                    -0.15340958535671234,
                    0.06506530195474625,
                    0.9860182404518127
                ]
            ],
            [
                [
                    0.3451400697231293,
                    -0.9195579886436462,
                    -0.187859907746315
                ],
                [
                    0.5803112387657166,
                    0.05177050456404686,
                    0.8127475380897522
                ],
                [
                    -0.7376429438591003,
                    -0.3895289897918701,
                    0.5514979362487793
                ]
            ],
            [
                [
                    0.9583849906921387,
                    -0.23482881486415863,
                    -0.16233758628368378
                ],
                [
                    0.20513877272605896,
                    0.9619553685188293,
                    -0.18044382333755493
                ],
                [
                    0.19853490591049194,
                    0.1396329402923584,
                    0.9700961112976074
                ]
            ],
            [
                [
                    0.9649693369865417,
                    0.24830132722854614,
                    0.0847383439540863
                ],
                [
                    -0.25856661796569824,
                    0.8452956676483154,
                    0.46756651997566223
                ],
                [
                    0.04446842521429062,
                    -0.47309786081314087,
                    0.8798868060112
                ]
            ],
            [
                [
                    0.18461249768733978,
                    -0.9793672561645508,
                    -0.08220699429512024
                ],
                [
                    0.9585009813308716,
                    0.1609262377023697,
                    0.23532645404338837
                ],
                [
                    -0.21724176406860352,
                    -0.12223972380161285,
                    0.9684334397315979
                ]
            ],
            [
                [
                    0.9893713593482971,
                    -0.13225577771663666,
                    -0.06043851375579834
                ],
                [
                    0.14519177377223969,
                    0.9213302731513977,
                    0.3606520891189575
                ],
                [
                    0.007985488511621952,
                    -0.3655939996242523,
                    0.930740237236023
                ]
            ],
            [
                [
                    0.9399963617324829,
                    -0.27973660826683044,
                    0.19533124566078186
                ],
                [
                    0.23386533558368683,
                    0.9451327919960022,
                    0.22810319066047668
                ],
                [
                    -0.2484227567911148,
                    -0.16873496770858765,
                    0.9538421034812927
                ]
            ],
            [
                [
                    0.8962790369987488,
                    -0.31834807991981506,
                    -0.3087691366672516
                ],
                [
                    -0.23058001697063446,
                    0.26022353768348694,
                    -0.9376121163368225
                ],
                [
                    0.378836065530777,
                    0.9115580916404724,
                    0.15982820093631744
                ]
            ],
            [
                [
                    0.945845365524292,
                    -0.306672602891922,
                    0.1064353659749031
                ],
                [
                    0.19412624835968018,
                    0.7971518039703369,
                    0.5717200636863708
                ],
                [
                    -0.26017606258392334,
                    -0.5200968384742737,
                    0.8135155439376831
                ]
            ],
            [
                [
                    0.9942200183868408,
                    0.10728757083415985,
                    0.003999574575573206
                ],
                [
                    -0.10064707696437836,
                    0.94435715675354,
                    -0.3131448030471802
                ],
                [
                    -0.03737356886267662,
                    0.3109322488307953,
                    0.949696958065033
                ]
            ]
        ],
        "betas": [
            0.10415332019329071,
            0.023296654224395752,
            -0.07766473293304443,
            -0.04660406708717346,
            -0.0519542396068573,
            -0.10906072705984116,
            -0.0516088604927063,
            -0.06838777661323547,
            0.011697769165039062,
            -0.08944699168205261
        ]
    },
    "pred_cam_t": [
        -0.03685334324836731,
        -0.0021245181560516357,
        5.204389572143555
    ],
    "focal_length": [
        5000.0,
        5000.0
    ],
    "pred_keypoints_3d": [
        [
            0.09523913264274597,
            0.0063346317037940025,
            0.006159014068543911
        ],
        [
            0.072548508644104,
            -0.003322445787489414,
            -0.023172587156295776
        ],
        [
            0.04248853027820587,
            0.0002585742622613907,
            -0.02819601073861122
        ],
        [
            0.015884149819612503,
            0.003699300345033407,
            -0.031520623713731766
        ],
        [
            -0.01850844733417034,
            0.009000014513731003,
            -0.040769848972558975
        ],
        [
            0.01892697811126709,
            -0.03785141184926033,
            -0.012515353970229626
        ],
        [
            -0.013581525534391403,
            -0.03322116658091545,
            -0.014455223456025124
        ],
        [
            -0.02427196316421032,
            -0.01419987715780735,
            -0.01810063235461712
        ],
        [
            -0.026805078610777855,
            0.00968119502067566,
            -0.023829836398363113
        ],
        [
            0.009917221963405609,
            -0.033444806933403015,
            0.010406319983303547
        ],
        [
            -0.014061100780963898,
            -0.013206861913204193,
            0.006588571239262819
        ],
        [
            -0.021306127309799194,
            0.00820963829755783,
            0.001435553189367056
        ],
        [
            -0.025979965925216675,
            0.03032212145626545,
            -0.01046954095363617
        ],
        [
            0.015848606824874878,
            -0.01574493572115898,
            0.029345199465751648
        ],
        [
            -0.001363661140203476,
            0.0025915242731571198,
            0.015504641458392143
        ],
        [
            -0.007886185310781002,
            0.023726586252450943,
            0.00443679466843605
        ],
        [
            -0.013912553898990154,
            0.041818007826805115,
            -0.012111730873584747
        ],
        [
            0.021690532565116882,
            0.0017684223130345345,
            0.040729768574237823
        ],
        [
            0.011501064524054527,
            0.013370197266340256,
            0.02644435502588749
        ],
        [
            0.0044020176865160465,
            0.026380198076367378,
            0.014751176349818707
        ],
        [
            -0.0063437423668801785,
            0.040526133030653,
            -0.0007058009505271912
        ]
    ],
    "pred_vertices": [
        [
            0.048051346093416214,
            -0.009615195915102959,
            -0.013514104299247265
        ],
        [
            0.05814230069518089,
            -0.003575477749109268,
            -0.012542864307761192
        ],
        [
            0.05099353939294815,
            -0.0039003491401672363,
            -0.014969704672694206
        ],
        [
            0.04291665554046631,
            -0.011691298335790634,
            -0.018556497991085052
        ],
        [
            0.06212062016129494,
            0.013977404683828354,
            -0.01861722767353058
        ],
        [
            0.06737745553255081,
            0.015085969120264053,
            -0.029195867478847504
        ],
        [
            0.05101625993847847,
            0.013573180884122849,
            -0.030176440253853798
        ],
        [
            0.04894065484404564,
            0.013955919072031975,
            -0.020332083106040955
        ],
        [
            0.03818389028310776,
            -0.01410859078168869,
            -0.02080419845879078
        ],
        [
            0.04370187968015671,
            -0.0037136003375053406,
            -0.01700066402554512
        ],
        [
            0.036879319697618484,
            -0.015920724719762802,
            -0.020396772772073746
        ],
        [
            0.03595995157957077,
            -0.031209327280521393,
            -0.02302401140332222
        ],
        [
            0.034409958869218826,
            -0.02504652738571167,
            -0.022969409823417664
        ],
        [
            0.03200104832649231,
            -0.038610246032476425,
            -0.021921761333942413
        ],
        [
            0.04468812793493271,
            -0.03608018904924393,
            -0.021426476538181305
        ],
        [
            0.03474929928779602,
            -0.04484857618808746,
            -0.015587574802339077
        ],
        [
            0.054739128798246384,
            -0.03587256744503975,
            0.004003529436886311
        ],
        [
            0.055801596492528915,
            -0.02935277670621872,
            0.015978243201971054
        ],
        [
            0.0393175408244133,
            -0.0364706851541996,
            0.018572580069303513
        ],
        [
            0.03978759050369263,
            -0.041494157165288925,
            0.005577483214437962
        ],
        [
            0.04364200308918953,
            -0.021279094740748405,
            0.03238988295197487
        ],
        [
            0.04047458618879318,
            -0.02985609695315361,
            0.024807294830679893
        ],
        [
            0.05744943767786026,
            -0.023895997554063797,
            0.02291467785835266
        ],
        [
            0.05945109575986862,
            -0.016327546909451485,
            0.02941882237792015
        ],
        [
            0.05357675999403,
            -0.0022669583559036255,
            -0.0019232635386288166
        ],
        [
            0.06300675123929977,
            0.0032980889081954956,
            -0.0024764384143054485
        ],
        [
            0.06250475347042084,
            -0.0007459521293640137,
            -0.006694076582789421
        ],
        [
            0.05278351157903671,
            -0.005340207368135452,
            -0.006402241066098213
        ],
        [
            0.034484803676605225,
            -0.01171076949685812,
            -0.02678355760872364
        ],
        [
            0.046727195382118225,
            -0.021164365112781525,
            -0.02882497012615204
        ],
        [
            0.04106295481324196,
            -0.021214324980974197,
            -0.024051133543252945
        ],
        [
            0.032367922365665436,
            -0.008458389900624752,
            -0.022753585129976273
        ],
        [
            0.08133867383003235,
            0.02541956678032875,
            0.001413063146173954
        ],
        [
            0.09481346607208252,
            0.024999210610985756,
            0.002010815776884556
        ],
        [
            0.09559740871191025,
            0.021740883588790894,
            -0.002902745734900236
        ],
        [
            0.08336538821458817,
            0.022342253476381302,
            -0.0023603616282343864
        ],
        [
            0.08852535486221313,
            0.014995597302913666,
            -0.022893939167261124
        ],
        [
            0.09833606332540512,
            0.013073749840259552,
            -0.018748238682746887
        ],
        [
            0.10688195377588272,
            0.0044997744262218475,
            -0.02299916185438633
        ],
        [
            0.09667558968067169,
            0.003614477813243866,
            -0.028110528364777565
        ],
        [
            0.07798606902360916,
            0.015231061726808548,
            -0.026854390278458595
        ],
        [
            0.08428530395030975,
            0.006938338279724121,
            -0.034073252230882645
        ],
        [
            0.07095691561698914,
            0.008302751928567886,
            -0.03691882640123367
        ],
        [
            0.05269784480333328,
            0.00811363197863102,
            -0.03714898228645325
        ],
        [
            0.09445097297430038,
            0.029441459104418755,
            0.013934364542365074
        ],
        [
            0.08440052717924118,
            0.030922411009669304,
            0.015017738565802574
        ],
        [
            -0.008648646995425224,
            -0.023311978206038475,
            -0.02238069660961628
        ],
        [
            -0.008646873757243156,
            -0.020420758053660393,
            -0.017078643664717674
        ],
        [
            -0.005059034563601017,
            -0.021924464032053947,
            -0.017368311062455177
        ],
        [
            -0.005839231424033642,
            -0.02471262961626053,
            -0.022352859377861023
        ],
        [
            0.09176309406757355,
            0.020595792680978775,
            0.031799569725990295
        ],
        [
            0.0946279764175415,
            0.011772260069847107,
            0.035499267280101776
        ],
        [
            0.10059894621372223,
            0.015848781913518906,
            0.035004161298274994
        ],
        [
            0.09851840883493423,
            0.023346364498138428,
            0.029879111796617508
        ],
        [
            0.08286277204751968,
            0.01689266413450241,
            0.034300826489925385
        ],
        [
            0.08617062121629715,
            0.006294123828411102,
            0.03554757684469223
        ],
        [
            -0.01708918996155262,
            -0.032849304378032684,
            -0.022030942142009735
        ],
        [
            -0.014151718467473984,
            -0.029794668778777122,
            -0.02502501755952835
        ],
        [
            -0.010987451300024986,
            -0.03343121334910393,
            -0.024014770984649658
        ],
        [
            -0.01285472046583891,
            -0.03669296205043793,
            -0.020182982087135315
        ],
        [
            0.035858139395713806,
            -0.019282856956124306,
            -0.020564673468470573
        ],
        [
            0.03903832286596298,
            -0.014196299016475677,
            -0.014468060806393623
        ],
        [
            0.02176716923713684,
            -0.027114223688840866,
            -0.01831992343068123
        ],
        [
            0.028169644996523857,
            -0.02271961234509945,
            -0.015771735459566116
        ],
        [
            0.029908020049333572,
            -0.02632925659418106,
            -0.021139707416296005
        ],
        [
            0.024540407583117485,
            -0.030634261667728424,
            -0.022433433681726456
        ],
        [
            0.03333529829978943,
            -0.010607397183775902,
            0.0035979016683995724
        ],
        [
            0.043827906250953674,
            -0.005980785936117172,
            0.002321448177099228
        ],
        [
            0.04223569855093956,
            -0.00981784239411354,
            -0.002801623661071062
        ],
        [
            0.030489422380924225,
            -0.014969773590564728,
            -0.0032553221099078655
        ],
        [
            0.044275715947151184,
            0.0037342850118875504,
            0.012447349727153778
        ],
        [
            0.03428145498037338,
            -0.0020772069692611694,
            0.013173792511224747
        ],
        [
            0.03602665662765503,
            0.004105012863874435,
            0.018754538148641586
        ],
        [
            0.042249735444784164,
            0.00795184075832367,
            0.016797658056020737
        ],
        [
            0.018285926431417465,
            -0.01436015497893095,
            0.011588449589908123
        ],
        [
            0.014664704911410809,
            -0.017619509249925613,
            0.01126149483025074
        ],
        [
            0.014483881182968616,
            -0.014801675453782082,
            0.013238723389804363
        ],
        [
            0.01904250867664814,
            -0.011861490085721016,
            0.014126154594123363
        ],
        [
            0.107009656727314,
            0.018820663914084435,
            0.03464777022600174
        ],
        [
            0.1051645427942276,
            0.025176379829645157,
            0.027527915313839912
        ],
        [
            0.04642796516418457,
            -0.0030701644718647003,
            0.04435428977012634
        ],
        [
            0.04930270463228226,
            0.0076926033943891525,
            0.043979961425065994
        ],
        [
            0.0364893339574337,
            0.006055653095245361,
            0.0458260215818882
        ],
        [
            0.03628971055150032,
            -0.006244607735425234,
            0.04691963270306587
        ],
        [
            0.0960453525185585,
            0.001804359257221222,
            0.03346683084964752
        ],
        [
            0.10231421887874603,
            0.006061425432562828,
            0.035261787474155426
        ],
        [
            -0.019084304571151733,
            -0.0336717888712883,
            -0.016099838539958
        ],
        [
            -0.014478228986263275,
            -0.03704124689102173,
            -0.014288605190813541
        ],
        [
            0.0762752890586853,
            -0.004639085382223129,
            -0.03837694227695465
        ],
        [
            0.05466732382774353,
            -0.001236002892255783,
            -0.040422700345516205
        ],
        [
            0.09204646944999695,
            -0.006276708096265793,
            -0.032054804265499115
        ],
        [
            0.10217033326625824,
            -0.007341429591178894,
            -0.024658167734742165
        ],
        [
            0.11111754179000854,
            -0.0066568367183208466,
            -0.02029646933078766
        ],
        [
            0.0245390385389328,
            -0.021455632522702217,
            -0.010557152330875397
        ],
        [
            0.044237278401851654,
            -0.010231554508209229,
            -0.00824818667024374
        ],
        [
            0.05396666377782822,
            0.0009582396596670151,
            0.0020280075259506702
        ],
        [
            0.05008033290505409,
            0.021624654531478882,
            0.02423720620572567
        ],
        [
            0.059151604771614075,
            0.025940291583538055,
            0.022388949990272522
        ],
        [
            0.055776532739400864,
            0.019827743992209435,
            0.014311611652374268
        ],
        [
            0.04874262586236,
            0.016807254403829575,
            0.01793384552001953
        ],
        [
            0.04654744267463684,
            0.01654638536274433,
            0.03977380320429802
        ],
        [
            0.043302539736032486,
            0.018599461764097214,
            0.03279132395982742
        ],
        [
            0.03672485798597336,
            0.015612940303981304,
            0.033756837248802185
        ],
        [
            0.037400729954242706,
            0.013616872951388359,
            0.04100509360432625
        ],
        [
            0.03596048057079315,
            -0.011380192823708057,
            -0.033905863761901855
        ],
        [
            0.051377393305301666,
            -0.019318629056215286,
            -0.033795714378356934
        ],
        [
            0.08886869996786118,
            0.0277419276535511,
            0.024627570062875748
        ],
        [
            0.09598258137702942,
            0.028364550322294235,
            0.021506862714886665
        ],
        [
            0.10445574671030045,
            0.02856597490608692,
            0.020650990307331085
        ],
        [
            0.07247301936149597,
            0.01412712037563324,
            -0.0023426543921232224
        ],
        [
            0.08477532863616943,
            0.020278889685869217,
            -0.005164025351405144
        ],
        [
            0.08446075022220612,
            0.018042337149381638,
            -0.009164121001958847
        ],
        [
            0.07321976870298386,
            0.010911509394645691,
            -0.004565034061670303
        ],
        [
            0.06668424606323242,
            0.005248472094535828,
            -0.011662714183330536
        ],
        [
            0.07464595139026642,
            0.014085255563259125,
            -0.016849424690008163
        ],
        [
            0.056488215923309326,
            0.006269466131925583,
            -0.01205844059586525
        ],
        [
            0.09812300652265549,
            0.017932675778865814,
            -0.00980409886687994
        ],
        [
            0.10567796230316162,
            0.02341971918940544,
            -0.0037120794877409935
        ],
        [
            0.1074458658695221,
            0.018220167607069016,
            -0.010656531900167465
        ],
        [
            0.10491956025362015,
            0.027396194636821747,
            0.005139745771884918
        ],
        [
            0.10434293001890182,
            0.029545536264777184,
            0.013693033717572689
        ],
        [
            0.11017607152462006,
            0.007903125137090683,
            0.03786889836192131
        ],
        [
            0.10848710685968399,
            0.012277264147996902,
            -0.016217440366744995
        ],
        [
            0.03997361660003662,
            0.012555062770843506,
            -0.022864513099193573
        ],
        [
            0.03180526942014694,
            0.011677568778395653,
            -0.026085451245307922
        ],
        [
            0.030707068741321564,
            0.006867852993309498,
            -0.020237702876329422
        ],
        [
            0.03843124955892563,
            0.0071073491126298904,
            -0.016727829352021217
        ],
        [
            0.024587981402873993,
            -0.043170709162950516,
            -0.020725445821881294
        ],
        [
            0.024286041036248207,
            -0.03611370176076889,
            -0.023614242672920227
        ],
        [
            0.03160509094595909,
            -0.031858377158641815,
            -0.023993104696273804
        ],
        [
            0.07108251750469208,
            0.024701401591300964,
            0.006793616339564323
        ],
        [
            0.07411057502031326,
            0.029593700543045998,
            0.017956532537937164
        ],
        [
            0.018274476751685143,
            -0.026003973558545113,
            -0.012900085188448429
        ],
        [
            -0.009089803323149681,
            -0.039948929101228714,
            -0.018895315006375313
        ],
        [
            -0.006933491677045822,
            -0.0366131030023098,
            -0.023446550592780113
        ],
        [
            0.010138208977878094,
            -0.04150116816163063,
            -0.022305388003587723
        ],
        [
            0.0076790498569607735,
            -0.04557691887021065,
            -0.017183203250169754
        ],
        [
            0.011389894410967827,
            -0.029720187187194824,
            -0.006262608338147402
        ],
        [
            0.014817564748227596,
            -0.026745425537228584,
            -0.011658688075840473
        ],
        [
            0.012912528589367867,
            -0.02714775875210762,
            -0.010526667349040508
        ],
        [
            0.009154204279184341,
            -0.028073415160179138,
            -0.005143617279827595
        ],
        [
            0.01843728870153427,
            -0.00830855593085289,
            0.018568605184555054
        ],
        [
            0.02198754996061325,
            -0.00566596444696188,
            0.019084172323346138
        ],
        [
            0.02368750609457493,
            -0.043186794966459274,
            0.0055812811478972435
        ],
        [
            0.0276045985519886,
            -0.05120208486914635,
            -0.004873020574450493
        ],
        [
            0.0393531434237957,
            -0.04602240025997162,
            -0.005707386881113052
        ],
        [
            0.034688595682382584,
            -0.005820414051413536,
            0.009106794372200966
        ],
        [
            0.02542741410434246,
            -0.009596725925803185,
            0.010806404985487461
        ],
        [
            0.02603192999958992,
            -0.007065242156386375,
            0.01391870342195034
        ],
        [
            0.021290279924869537,
            -0.02184370718896389,
            -0.0071835811249911785
        ],
        [
            0.015818865969777107,
            -0.025797836482524872,
            -0.007469082251191139
        ],
        [
            0.017297979444265366,
            -0.02378087490797043,
            -0.0038448821287602186
        ],
        [
            0.022657711058855057,
            -0.019099902361631393,
            -0.002866733353585005
        ],
        [
            0.06194344907999039,
            0.010683175176382065,
            0.041692592203617096
        ],
        [
            0.05816175788640976,
            0.020883899182081223,
            0.03731810674071312
        ],
        [
            -0.010864075273275375,
            -0.02649519592523575,
            -0.025169696658849716
        ],
        [
            -0.008046450093388557,
            -0.02899792604148388,
            -0.02480187639594078
        ],
        [
            0.0448935367166996,
            -0.001319345086812973,
            0.0076616620644927025
        ],
        [
            0.0522402785718441,
            -0.03859682008624077,
            -0.007015557028353214
        ],
        [
            0.05428475886583328,
            0.0046618226915597916,
            0.006036720238626003
        ],
        [
            0.02313871681690216,
            -0.013922592625021935,
            0.03590630367398262
        ],
        [
            0.020901894196867943,
            -0.006192361004650593,
            0.032823480665683746
        ],
        [
            0.018176300451159477,
            -0.005742560140788555,
            0.03062368929386139
        ],
        [
            0.016904694959521294,
            -0.01081341877579689,
            0.03272399306297302
        ],
        [
            -0.004591754637658596,
            -0.025435496121644974,
            -0.005843674764037132
        ],
        [
            -0.0034244507551193237,
            -0.02244250476360321,
            -0.01075446605682373
        ],
        [
            -0.005968846380710602,
            -0.02131367102265358,
            -0.011233867146074772
        ],
        [
            -0.00839490257203579,
            -0.024025361984968185,
            -0.006548049859702587
        ],
        [
            0.01696263626217842,
            -0.02752716839313507,
            -0.017088942229747772
        ],
        [
            0.01864771358668804,
            -0.031065553426742554,
            -0.02211304008960724
        ],
        [
            0.013470481149852276,
            -0.02989005669951439,
            -0.021237578243017197
        ],
        [
            0.012967033311724663,
            -0.027528759092092514,
            -0.01571878045797348
        ],
        [
            0.018033355474472046,
            -0.03684413805603981,
            -0.023455318063497543
        ],
        [
            0.01252274215221405,
            -0.035747457295656204,
            -0.023578757420182228
        ],
        [
            -0.007006422616541386,
            -0.031000617891550064,
            -0.0038180844858288765
        ],
        [
            -0.009588995017111301,
            -0.037307288497686386,
            -0.0069152237847447395
        ],
        [
            0.005666292272508144,
            -0.041744790971279144,
            -0.003712833859026432
        ],
        [
            0.005351679865270853,
            -0.0340728759765625,
            -0.002322740852832794
        ],
        [
            0.07444483041763306,
            -0.01296258345246315,
            0.02792348712682724
        ],
        [
            0.07442200928926468,
            -0.004204966127872467,
            0.034676164388656616
        ],
        [
            0.05947301909327507,
            -0.0074929846450686455,
            0.03658846393227577
        ],
        [
            0.04447244107723236,
            -0.011248677968978882,
            0.039739251136779785
        ],
        [
            0.030453521758317947,
            -0.014369269832968712,
            0.04085090383887291
        ],
        [
            0.03028528392314911,
            -0.025423850864171982,
            0.03550020605325699
        ],
        [
            0.06078670918941498,
            -0.00040644221007823944,
            0.04058999940752983
        ],
        [
            0.013541018590331078,
            -0.034775204956531525,
            -0.000356426666257903
        ],
        [
            0.015908125787973404,
            -0.043467842042446136,
            -0.0011450257152318954
        ],
        [
            0.01609644666314125,
            -0.03939341381192207,
            0.002723849145695567
        ],
        [
            0.05340280383825302,
            0.01040731929242611,
            0.010671434924006462
        ],
        [
            -0.004660779610276222,
            -0.03198593482375145,
            -0.02485235594213009
        ],
        [
            0.10552720725536346,
            -0.019114524126052856,
            -0.002758731134235859
        ],
        [
            0.10520171374082565,
            -0.016746440902352333,
            0.010832255706191063
        ],
        [
            0.09720199555158615,
            -0.019563468173146248,
            0.008484842255711555
        ],
        [
            0.09685689955949783,
            -0.021467076614499092,
            -0.007551534567028284
        ],
        [
            -0.0026893289759755135,
            -0.022862672805786133,
            -0.01769636943936348
        ],
        [
            -0.002718946896493435,
            -0.02626950666308403,
            -0.023072175681591034
        ],
        [
            0.021676816046237946,
            -0.0006375610828399658,
            0.022796230390667915
        ],
        [
            0.018514933064579964,
            -0.0038882941007614136,
            0.022357895970344543
        ],
        [
            0.018956322222948074,
            -0.002324376255273819,
            0.025355562567710876
        ],
        [
            0.020495593547821045,
            0.0018932782113552094,
            0.025748975574970245
        ],
        [
            0.07553588598966599,
            0.0010754317045211792,
            0.037252798676490784
        ],
        [
            0.02855551987886429,
            0.009679557755589485,
            0.04298839718103409
        ],
        [
            0.02771580033004284,
            -0.002739878837019205,
            0.04474642500281334
        ],
        [
            0.08725732564926147,
            -0.0018020160496234894,
            0.032848432660102844
        ],
        [
            0.08759729564189911,
            -0.009836232289671898,
            0.027428029105067253
        ],
        [
            0.09699340909719467,
            -0.007297933101654053,
            0.027606472373008728
        ],
        [
            0.023568619042634964,
            -0.032354846596717834,
            0.0238750409334898
        ],
        [
            0.07229441404342651,
            -0.019258718937635422,
            0.022444935515522957
        ],
        [
            0.08620134741067886,
            -0.015022939071059227,
            0.02204246073961258
        ],
        [
            0.09734702855348587,
            -0.012220636010169983,
            0.02202930673956871
        ],
        [
            0.10538597404956818,
            -0.010380486026406288,
            0.022968247532844543
        ],
        [
            0.10413656383752823,
            -0.005015309900045395,
            0.02887902408838272
        ],
        [
            -0.009989327751100063,
            -0.039615448564291,
            -0.012657618150115013
        ],
        [
            -0.014846434816718102,
            -0.03434566408395767,
            -0.007764557842165232
        ],
        [
            0.11260917037725449,
            -0.003464397042989731,
            0.0315776951611042
        ],
        [
            0.11351940035820007,
            -0.009081987664103508,
            0.02433900162577629
        ],
        [
            0.08517072349786758,
            -0.020349115133285522,
            0.014615658670663834
        ],
        [
            0.0835103988647461,
            -0.025683965533971786,
            0.004153176210820675
        ],
        [
            0.07172266393899918,
            -0.024093661457300186,
            0.015211327001452446
        ],
        [
            0.06919163465499878,
            -0.029853934422135353,
            0.005352727137506008
        ],
        [
            0.026639044284820557,
            -0.04244924709200859,
            0.01925099641084671
        ],
        [
            -0.02584489993751049,
            -0.01920820027589798,
            -0.01020317617803812
        ],
        [
            -0.017839211970567703,
            -0.026298917829990387,
            -0.006506000645458698
        ],
        [
            -0.013581814244389534,
            -0.022370675578713417,
            -0.007195573765784502
        ],
        [
            -0.022694062441587448,
            -0.01661926507949829,
            -0.008947637863457203
        ],
        [
            -0.01160854659974575,
            -0.028652433305978775,
            -0.004955419339239597
        ],
        [
            -0.019545840099453926,
            -0.030822841450572014,
            -0.0095842145383358
        ],
        [
            0.0663210079073906,
            -0.032488636672496796,
            -0.009511011652648449
        ],
        [
            0.012754613533616066,
            -0.02742353454232216,
            -0.0038470355793833733
        ],
        [
            0.0807328075170517,
            -0.025922877714037895,
            -0.015087349340319633
        ],
        [
            0.056843869388103485,
            -0.03272838145494461,
            -0.023239465430378914
        ],
        [
            0.06620298326015472,
            -0.025367049500346184,
            -0.028469301760196686
        ],
        [
            0.09500592947006226,
            -0.01778324507176876,
            -0.0222746841609478
        ],
        [
            0.0795632153749466,
            -0.017428355291485786,
