{
    "pred_cam": [
        7.5009765625,
        -0.038805000483989716,
        -0.002704659476876259
    ],
    "pred_mano_params": {
        "global_orient": [
            [
                [
                    0.8926388025283813,
                    0.4335915148258209,
                    0.12326522171497345
                ],
                [
                    0.4456958472728729,
                    -0.8080213665962219,
                    -0.3853006362915039
                ],
                [
                    -0.06746216118335724,
                    0.39887312054634094,
                    -0.9145211577415466
                ]
            ]
        ],
        "hand_pose": [
            [
                [
                    0.7239051461219788,
                    -0.6680216789245605,
                    -0.17236082255840302
                ],
                [
                    0.6447979211807251,
                    0.743974506855011,
                    -0.17532119154930115
                ],
                [
                    0.2453504204750061,
                    0.01577802561223507,
                    0.9693059325218201
                ]
            ],
            [
                [
                    0.7258604764938354,
                    -0.6682063937187195,
                    0.16317683458328247
                ],
                [
                    0.6824066638946533,
                    0.669804036617279,
                    -0.29271766543388367
                ],
                [
                    0.08629931509494781,
                    0.3238251805305481,
                    0.9421727657318115
                ]
            ],
            [
                [
                    0.8781498074531555,
                    -0.4705745577812195,
                    0.08609630167484283
                ],
                [
                    0.4579634964466095,
                    0.8789584040641785,
                    0.13304749131202698
                ],
                [
                    -0.13828381896018982,
                    -0.07740665972232819,
                    0.9873631000518799
                ]
            ],
            [
                [
                    0.3648533821105957,
                    -0.8722670078277588,
                    -0.3256259262561798
                ],
                [
                    0.9252063035964966,
                    0.3788338899612427,
                    0.02186686173081398
                ],
                [
                    0.10428436845541,
                    -0.3092493712902069,
                    0.9452457427978516
                ]
            ],
            [
                [
                    0.9292546510696411,
                    -0.3048882782459259,
                    -0.208636075258255
                ],
                [
                    0.3386209309101105,
                    0.9287247061729431,
                    0.15101788938045502
                ],
                [
                    0.14772187173366547,
                    -0.21098259091377258,
                    0.9662632942199707
                ]
            ],
            [
                [
                    0.9049481153488159,
                    -0.3900577127933502,
                    0.17007037997245789
                ],
                [
                    0.3960436284542084,
                    0.9182305932044983,
                    -0.0013872053241357207
                ],
                [
                    -0.15562275052070618,
                    0.06861063092947006,
                    0.985430896282196
                ]
            ],
            [
                [
                    0.324114590883255,
                    -0.929755687713623,
                    -0.17465390264987946
                ],
                [
                    0.5665635466575623,
                    0.04292411357164383,
                    0.8228992223739624
                ],
                [
                    -0.7575984597206116,
                    -0.3656662106513977,
                    0.5406780242919922
                ]
            ],
            [
                [
                    0.9566219449043274,
                    -0.24460947513580322,
                    -0.1582428216934204
                ],
                [
                    0.2264627069234848,
                    0.966057538986206,
                    -0.12428807467222214
                ],
                [
                    0.18327370285987854,
                    0.08306059241294861,
                    0.9795467853546143
                ]
            ],
            [
                [
                    0.9756564497947693,
                    0.20135661959648132,
                    0.08689051866531372
                ],
                [
                    -0.21877466142177582,
                    0.8661209940910339,
                    0.449413001537323
                ],
                [
                    0.015234577469527721,
                    -0.45748215913772583,
                    0.8890882730484009
                ]
            ],
            [
                [
                    0.1569543331861496,
                    -0.9851113557815552,
                    -0.07014951854944229
                ],
                [
                    0.9584169983863831,
                    0.1347896307706833,
                    0.2515326142311096
                ],
                [
                    -0.23833219707012177,
                    -0.10671161860227585,
                    0.9653033018112183
                ]
            ],
            [
                [
                    0.99000084400177,
                    -0.1260412484407425,
                    -0.06333895027637482
                ],
                [
                    0.1406175196170807,
                    0.9173847436904907,
                    0.37233299016952515
                ],
                [
                    0.011176884174346924,
                    -0.37751659750938416,
                    0.9259352684020996
                ]
            ],
            [
                [
                    0.9419717788696289,
                    -0.2645876109600067,
                    0.2065977156162262
                ],
                [
                    0.21663598716259003,
                    0.9492620825767517,
                    0.22796982526779175
                ],
                [
                    -0.2564333975315094,
                    -0.1699846386909485,
                    0.9514973163604736
                ]
            ],
            [
                [
                    0.9127412438392639,
                    -0.28083181381225586,
                    -0.29671013355255127
                ],
                [
                    -0.21917201578617096,
                    0.27631184458732605,
                    -0.9357432126998901
                ],
                [
                    0.34477099776268005,
                    0.9191219806671143,
                    0.19065074622631073
                ]
            ],
            [
                [
                    0.9403971433639526,
                    -0.322136253118515,
                    0.10900187492370605
                ],
                [
                    0.20458301901817322,
                    0.791910707950592,
                    0.5753462314605713
                ],
                [
                    -0.27165961265563965,
                    -0.5187540650367737,
                    0.8106141686439514
                ]
            ],
            [
                [
                    0.9946660399436951,
                    0.09956175833940506,
                    -0.026963859796524048
                ],
                [
                    -0.10297106206417084,
                    0.9431082010269165,
                    -0.3161390721797943
                ],
                [
                    -0.0060455151833593845,
                    0.3172292709350586,
                    0.9483296871185303
                ]
            ]
        ],
        "betas": [
            0.09105189144611359,
            0.029606372117996216,
            -0.057894229888916016,
            -0.03166702389717102,
            -0.03639054298400879,
            -0.09435250610113144,
            -0.02969387173652649,
            -0.04096946120262146,
            0.008750930428504944,
            -0.0887727439403534
        ]
    },
    "pred_cam_t": [
        -0.038805000483989716,
        -0.002704659476876259,
        5.207655429840088
    ],
    "focal_length": [
        5000.0,
        5000.0
    ],
    "pred_keypoints_3d": [
        [
            0.09529567509889603,
            0.006339693907648325,
            0.0061555709689855576
        ],
        [
            0.07030308246612549,
            -0.0017164438031613827,
            -0.021818893030285835
        ],
        [
            0.040052205324172974,
            0.0018525957129895687,
            -0.025684848427772522
        ],
        [
            0.013376889750361443,
            0.0055631473660469055,
            -0.02806217409670353
        ],
        [
            -0.021480368450284004,
            0.011292441748082638,
            -0.03486904129385948
        ],
        [
            0.01729743182659149,
            -0.036483507603406906,
            -0.008791396394371986
        ],
        [
            -0.015190482139587402,
            -0.03130238875746727,
            -0.009018453769385815
        ],
        [
            -0.025130584836006165,
            -0.011723507195711136,
            -0.011699333786964417
        ],
        [
            -0.0265689417719841,
            0.012391000986099243,
            -0.016682347282767296
        ],
        [
            0.010130085051059723,
            -0.03320768475532532,
            0.014983778819441795
        ],
        [
            -0.013179345056414604,
            -0.011960731819272041,
            0.012819080613553524
        ],
        [
            -0.020678024739027023,
            0.009631181135773659,
            0.008912241086363792
        ],
        [
            -0.02627684734761715,
            0.03210818022489548,
            -0.0018692724406719208
        ],
        [
            0.017680443823337555,
            -0.016522934660315514,
            0.03430749475955963
        ],
        [
            0.0002694781869649887,
            0.0027747396379709244,
            0.02208925597369671
        ],
        [
            -0.006310603581368923,
            0.024518262594938278,
            0.012324027717113495
        ],
        [
            -0.013229066506028175,
            0.04328789561986923,
            -0.003077644854784012
        ],
        [
            0.024561114609241486,
            0.00037287408486008644,
            0.04609472304582596
        ],
        [
            0.013688193634152412,
            0.012567248195409775,
            0.03284183889627457
        ],
        [
            0.006844625808298588,
            0.026165569201111794,
            0.02168027125298977
        ],
        [
            -0.0029269838705658913,
            0.040784627199172974,
            0.006663406267762184
        ]
    ],
    "pred_vertices": [
        [
            0.04640567675232887,
            -0.008401680737733841,
            -0.010732464492321014
        ],
        [
            0.05641518533229828,
            -0.002483796328306198,
            -0.010280197486281395
        ],
        [
            0.048952531069517136,
            -0.0027630887925624847,
            -0.012542969547212124
        ],
        [
            0.04078333079814911,
            -0.01025790348649025,
            -0.01566941663622856
        ],
        [
            0.05996256321668625,
            0.01522781327366829,
            -0.016090773046016693
        ],
        [
            0.06470146030187607,
            0.016878273338079453,
            -0.026865746825933456
        ],
        [
            0.04834463819861412,
            0.015374582260847092,
            -0.02729851007461548
        ],
        [
            0.04671357572078705,
            0.015258697792887688,
            -0.01735561713576317
        ],
        [
            0.03578530251979828,
            -0.012611646205186844,
            -0.017988044768571854
        ],
        [
            0.04150855541229248,
            -0.002525497227907181,
            -0.014348846860229969
        ],
        [
            0.034474849700927734,
            -0.014497051015496254,
            -0.017958294600248337
        ],
        [
            0.033435672521591187,
            -0.029537130147218704,
            -0.020715143531560898
        ],
        [
            0.0319305844604969,
            -0.0233320165425539,
            -0.020090816542506218
        ],
        [
            0.029580898582935333,
            -0.03692858666181564,
            -0.01942981779575348
        ],
        [
            0.04232528433203697,
            -0.03453950583934784,
            -0.019974756985902786
        ],
        [
            0.032749999314546585,
            -0.043516501784324646,
            -0.013593008741736412
        ],
        [
            0.05431282892823219,
            -0.03559442237019539,
            0.00499800406396389
        ],
        [
            0.05634598806500435,
            -0.02969571202993393,
            0.017207100987434387
        ],
        [
            0.03998188674449921,
            -0.036910586059093475,
            0.020754486322402954
        ],
        [
            0.039414141327142715,
            -0.04124648869037628,
            0.007484040223062038
        ],
        [
            0.04552662745118141,
            -0.022421302273869514,
            0.03496551886200905
        ],
        [
            0.0416901670396328,
            -0.030598675832152367,
            0.02721249870955944
        ],
        [
            0.058579739183187485,
            -0.024598687887191772,
            0.02428276836872101
        ],
        [
            0.06115524470806122,
            -0.017371950671076775,
            0.03100227564573288
        ],
        [
            0.052986256778240204,
            -0.0016322508454322815,
            0.0008957092650234699
        ],
        [
            0.06237113103270531,
            0.003910675644874573,
            -7.146038115024567e-05
        ],
        [
            0.061416953802108765,
            8.254498243331909e-05,
            -0.004454793408513069
        ],
        [
            0.051785580813884735,
            -0.004476243630051613,
            -0.003686833195388317
        ],
        [
            0.03193998336791992,
            -0.010056226514279842,
            -0.024513302370905876
        ],
        [
            0.043978169560432434,
            -0.01938946172595024,
            -0.027240529656410217
        ],
        [
            0.038502711802721024,
            -0.019639834761619568,
            -0.022137567400932312
        ],
        [
            0.029977897182106972,
            -0.006997125223278999,
            -0.02024846151471138
        ],
        [
            0.08121556043624878,
            0.0257404875010252,
            0.0034777987748384476
        ],
        [
            0.09470073878765106,
            0.025228964164853096,
            0.00299002043902874
        ],
        [
            0.09507045149803162,
            0.022218860685825348,
            -0.002124604769051075
        ],
        [
            0.08290686458349228,
            0.02284541353583336,
            -0.0005652867257595062
        ],
        [
            0.08643495291471481,
            0.0164773091673851,
            -0.02172819711267948
        ],
        [
            0.09655101597309113,
            0.014324866235256195,
            -0.01849788799881935
        ],
        [
            0.10472071170806885,
            0.005920693278312683,
            -0.02387535199522972
        ],
        [
            0.09421083331108093,
            0.00529087707400322,
            -0.02820354700088501
        ],
        [
            0.07547719031572342,
            0.01692485809326172,
            -0.024989750236272812
        ],
        [
            0.08143133670091629,
            0.00895703211426735,
            -0.033093880861997604
        ],
        [
            0.06796646118164062,
            0.010482948273420334,
            -0.03512236475944519
        ],
        [
            0.04978597164154053,
            0.010277116671204567,
            -0.034623246639966965
        ],
        [
            0.0953088104724884,
            0.029064849019050598,
            0.015129398554563522
        ],
        [
            0.08537398278713226,
            0.03054231032729149,
            0.017071392387151718
        ],
        [
            -0.010059239342808723,
            -0.021221984177827835,
            -0.016911370679736137
        ],
        [
            -0.009748987853527069,
            -0.018477313220500946,
            -0.01151095237582922
        ],
        [
            -0.006292626727372408,
            -0.02002321369946003,
            -0.012059517204761505
        ],
        [
            -0.007353406865149736,
            -0.02265603095293045,
            -0.0170705895870924
        ],
        [
            0.09393017739057541,
            0.019319377839565277,
            0.03271445259451866
        ],
        [
            0.09700173884630203,
            0.010295113548636436,
            0.03573489189147949
        ],
        [
            0.10296095162630081,
            0.014368146657943726,
            0.03498245030641556
        ],
        [
            0.10054825991392136,
            0.02213994786143303,
            0.030409496277570724
        ],
        [
            0.08521310240030289,
            0.015530366450548172,
            0.03572354093194008
        ],
        [
            0.08851464092731476,
            0.004852123558521271,
            0.03616638109087944
        ],
        [
            -0.01876586116850376,
            -0.03055681101977825,
            -0.016444137319922447
        ],
        [
            -0.015864171087741852,
            -0.02748739905655384,
            -0.019493812695145607
        ],
        [
            -0.012776287272572517,
            -0.03122083842754364,
            -0.01871577277779579
        ],
        [
            -0.01453907135874033,
            -0.0345611497759819,
            -0.014874698594212532
        ],
        [
            0.03364944085478783,
            -0.01764773391187191,
            -0.017335494980216026
        ],
        [
            0.037374500185251236,
            -0.01286175288259983,
            -0.011149518191814423
        ],
        [
            0.019885694608092308,
            -0.025501901283860207,
            -0.014286702498793602
        ],
        [
            0.026413606479763985,
            -0.021253202110528946,
            -0.011977599933743477
        ],
        [
            0.027694009244441986,
            -0.024622151628136635,
            -0.017682816833257675
        ],
        [
            0.022303998470306396,
            -0.028850369155406952,
            -0.018761083483695984
        ],
        [
            0.033188387751579285,
            -0.01016024500131607,
            0.00755819259211421
        ],
        [
            0.04358188807964325,
            -0.005515150725841522,
            0.005699829198420048
        ],
        [
            0.04154949635267258,
            -0.009078513830900192,
            0.0005166898481547832
        ],
        [
            0.029778502881526947,
            -0.014151617884635925,
            0.0007238122634589672
        ],
        [
            0.044912487268447876,
            0.0036701057106256485,
            0.01626083254814148
        ],
        [
            0.03496086597442627,
            -0.002133414149284363,
            0.01747274026274681
        ],
        [
            0.037198178470134735,
            0.003746137022972107,
            0.023225577548146248
        ],
        [
            0.04327382147312164,
            0.007667999714612961,
            0.020978400483727455
        ],
        [
            0.018814921379089355,
            -0.014263099059462547,
            0.016528621315956116
        ],
        [
            0.015282472595572472,
            -0.017502203583717346,
            0.016235031187534332
        ],
        [
            0.015373053029179573,
            -0.014771519228816032,
            0.018387360498309135
        ],
        [
            0.019803915172815323,
            -0.011876033619046211,
            0.019118880853056908
        ],
        [
            0.10935818403959274,
            0.017335552722215652,
            0.034271880984306335
        ],
        [
            0.10701566189527512,
            0.02407263033092022,
            0.02763681672513485
        ],
        [
            0.049436237663030624,
            -0.004854224622249603,
            0.047656405717134476
        ],
        [
            0.05239592865109444,
            0.005932454951107502,
            0.04761897772550583
        ],
        [
            0.03970041126012802,
            0.004212334752082825,
            0.050396692007780075
        ],
        [
            0.03945406526327133,
            -0.00817875936627388,
            0.050862252712249756
        ],
        [
            0.09817122668027878,
            0.00042131543159484863,
            0.033095583319664
        ],
        [
            0.10460872948169708,
            0.00455591082572937,
            0.03461417555809021
        ],
        [
            -0.020529409870505333,
            -0.03151752054691315,
            -0.010429923422634602
        ],
        [
            -0.01590927504003048,
            -0.03505322337150574,
            -0.00891175027936697
        ],
        [
            0.07325214147567749,
            -0.0023635774850845337,
            -0.03752278909087181
        ],
        [
            0.05159986764192581,
            0.001098325476050377,
            -0.038432978093624115
        ],
        [
            0.0893503949046135,
            -0.004342425614595413,
            -0.03225924074649811
        ],
        [
            0.0998983234167099,
            -0.00579492375254631,
            -0.025708187371492386
        ],
        [
            0.1090870201587677,
            -0.005369167774915695,
            -0.022057268768548965
        ],
        [
            0.023226700723171234,
            -0.020215680822730064,
            -0.006415977608412504
        ],
        [
            0.04309499263763428,
            -0.009228724986314774,
            -0.005112775601446629
        ],
        [
            0.05372687429189682,
            0.00138784758746624,
            0.004968144465237856
        ],
        [
            0.05177667364478111,
            0.020918477326631546,
            0.028495505452156067
        ],
        [
            0.06071028858423233,
            0.025289110839366913,
            0.02616126835346222
        ],
        [
            0.056662704795598984,
            0.019612092524766922,
            0.018046356737613678
        ],
        [
            0.04990960285067558,
            0.016436196863651276,
            0.022056665271520615
        ],
        [
            0.04941098019480705,
            0.015028652735054493,
            0.044074948877096176
        ],
        [
            0.04566293954849243,
            0.01746932417154312,
            0.03744186460971832
        ],
        [
            0.03916890546679497,
            0.014440043829381466,
            0.03881487250328064
        ],
        [
            0.04034382849931717,
            0.012039219960570335,
            0.04592209681868553
        ],
        [
            0.033170901238918304,
            -0.009406422264873981,
            -0.03170353174209595
        ],
        [
            0.04844309389591217,
            -0.017306365072727203,
            -0.03241743892431259
        ],
        [
            0.09054742753505707,
            0.026844769716262817,
            0.026145681738853455
        ],
        [
            0.0974121242761612,
            0.027592506259679794,
            0.022507350891828537
        ],
        [
            0.10580188781023026,
            0.027815310284495354,
            0.02099916711449623
        ],
        [
            0.07193594425916672,
            0.014688562601804733,
            -8.851848542690277e-05
        ],
        [
            0.08406931161880493,
            0.02091769129037857,
            -0.003536069765686989
        ],
        [
            0.08340659737586975,
            0.01888316124677658,
            -0.007558329962193966
        ],
        [
            0.07243332266807556,
            0.01158442348241806,
            -0.002466975711286068
        ],
        [
            0.06489668786525726,
            0.006237059831619263,
            -0.009563908912241459
        ],
        [
            0.07265999913215637,
            0.0153106190264225,
            -0.014738150872290134
        ],
        [
            0.054597266018390656,
            0.007190089672803879,
            -0.009643279016017914
        ],
        [
            0.09703443199396133,
            0.018751852214336395,
            -0.009365416131913662
        ],
        [
            0.10507767647504807,
            0.02390448749065399,
            -0.0036485595628619194
        ],
        [
            0.10626751184463501,
            0.01905161142349243,
            -0.010967173613607883
        ],
        [
            0.1050436794757843,
            0.027433279901742935,
            0.005437343381345272
        ],
        [
            0.10516084730625153,
            0.02914946898818016,
            0.014120335690677166
        ],
        [
            0.1126801148056984,
            0.006236741319298744,
            0.0366855263710022
        ],
        [
            0.10684063285589218,
            0.013371888548135757,
            -0.01688316836953163
        ],
        [
            0.03765309602022171,
            0.013961125165224075,
            -0.019707055762410164
        ],
        [
            0.029393689706921577,
            0.013276448473334312,
            -0.022779062390327454
        ],
        [
            0.028505494818091393,
            0.008180644363164902,
            -0.017111221328377724
        ],
        [
            0.03635404631495476,
            0.008210979402065277,
            -0.013773128390312195
        ],
        [
            0.022335181012749672,
            -0.04149489477276802,
            -0.017734000459313393
        ],
        [
            0.021912623196840286,
            -0.034297775477170944,
            -0.02024735137820244
        ],
        [
            0.029091570526361465,
            -0.030052555724978447,
            -0.021058756858110428
        ],
        [
            0.07138798385858536,
            0.024803947657346725,
            0.009600574150681496
        ],
        [
            0.07532026618719101,
            0.029109226539731026,
            0.02074260637164116
        ],
        [
            0.016800105571746826,
            -0.024566445499658585,
            -0.00863061286509037
        ],
        [
            -0.010859226807951927,
            -0.037941113114356995,
            -0.01386892981827259
        ],
        [
            -0.008843757212162018,
            -0.034535810351371765,
            -0.018460551276803017
        ],
        [
            0.00807933509349823,
            -0.03975551575422287,
            -0.018294433131814003
        ],
        [
            0.0058137597516179085,
            -0.04391511529684067,
            -0.01312596071511507
        ],
        [
            0.01036092359572649,
            -0.028415387496352196,
            -0.0018591401167213917
        ],
        [
            0.013463535346090794,
            -0.02528933435678482,
            -0.007425420451909304
        ],
        [
            0.011652936227619648,
            -0.02566952258348465,
            -0.006290712393820286
        ],
        [
            0.008171206340193748,
            -0.02666793018579483,
            -0.0007166285649873316
        ],
        [
            0.019748255610466003,
            -0.008590877056121826,
            0.02382299117743969
        ],
        [
            0.023166799917817116,
            -0.0059554073959589005,
            0.024193180724978447
        ],
        [
            0.023319199681282043,
            -0.04276961460709572,
            0.008697645738720894
        ],
        [
            0.0263389702886343,
            -0.050300952047109604,
            -0.0024254918098449707
        ],
        [
            0.03808865323662758,
            -0.04521889612078667,
            -0.004084158223122358
        ],
        [
            0.035010647028684616,
            -0.005665251985192299,
            0.013189714401960373
        ],
        [
            0.025892507284879684,
            -0.009484799578785896,
            0.015419969335198402
        ],
        [
            0.02676454186439514,
            -0.007112056016921997,
            0.018605351448059082
        ],
        [
            0.020250793546438217,
            -0.020740516483783722,
            -0.0028329649940133095
        ],
        [
            0.014729690738022327,
            -0.02457643300294876,
            -0.0029974470380693674
        ],
        [
            0.01654202491044998,
            -0.02286035567522049,
            0.0007190548349171877
        ],
        [
            0.021976349875330925,
            -0.018254060298204422,
            0.0015114140696823597
        ],
        [
            0.06485708802938461,
            0.009009527042508125,
            0.044457241892814636
        ],
        [
            0.060838717967271805,
            0.01947074383497238,
            0.04089249670505524
        ],
        [
            -0.012486238032579422,
            -0.024268371984362602,
            -0.019694320857524872
        ],
        [
            -0.009771963581442833,
            -0.026821626350283623,
            -0.019533444195985794
        ],
        [
            0.04510538652539253,
            -0.0011338833719491959,
            0.01117883063852787
        ],
        [
            0.050967033952474594,
            -0.037755563855171204,
            -0.006031025666743517
        ],
        [
            0.05439424142241478,
            0.0048836469650268555,
            0.009129062294960022
        ],
        [
            0.025389861315488815,
            -0.015079776756465435,
            0.040374189615249634
        ],
        [
            0.02306411974132061,
            -0.007199689745903015,
            0.037935204803943634
        ],
        [
            0.020275454968214035,
            -0.00656186044216156,
            0.035916682332754135
        ],
        [
            0.0190549585968256,
            -0.01169620268046856,
            0.03776789456605911
        ],
        [
            -0.005467168055474758,
            -0.0237848162651062,
            -0.0006713392212986946
        ],
        [
            -0.004491068422794342,
            -0.020703980699181557,
            -0.0055980924516916275
        ],
        [
            -0.006896625272929668,
            -0.019551491364836693,
            -0.005868205334991217
        ],
        [
            -0.009175170212984085,
            -0.02231683023273945,
            -0.0011127532925456762
        ],
        [
            0.015287471935153008,
            -0.025943800806999207,
            -0.013000466860830784
        ],
        [
            0.016597077250480652,
            -0.02932414971292019,
            -0.018201861530542374
        ],
        [
            0.011616921052336693,
            -0.02817663550376892,
            -0.017126545310020447
        ],
        [
            0.011437988840043545,
            -0.025925926864147186,
            -0.011512544006109238
        ],
        [
            0.015873128548264503,
            -0.035098735243082047,
            -0.01975158601999283
        ],
        [
            0.010477863252162933,
            -0.03399668633937836,
            -0.01956027001142502
        ],
        [
            -0.007894408889114857,
            -0.029350219294428825,
            0.0013571408344432712
        ],
        [
            -0.010764507576823235,
            -0.035541366785764694,
            -0.0017798475455492735
        ],
        [
            0.004544700495898724,
            -0.04034998267889023,
            0.0005737515166401863
        ],
        [
            0.004419978708028793,
            -0.03268124908208847,
            0.0021753557957708836
        ],
        [
            0.07604632526636124,
            -0.013981403782963753,
            0.028509821742773056
        ],
        [
            0.0766269713640213,
            -0.005565488710999489,
            0.03569226339459419
        ],
        [
            0.06182093918323517,
            -0.008906017057597637,
            0.03861523047089577
        ],
        [
            0.04703124240040779,
            -0.012786129489541054,
            0.042765550315380096
        ],
        [
            0.0330757312476635,
            -0.015924528241157532,
            0.044794607907533646
        ],
        [
            0.032364554703235626,
            -0.02665441483259201,
            0.0388636477291584
        ],
        [
            0.06351276487112045,
            -0.0020222757011651993,
            0.04287492856383324
        ],
        [
            0.013082629069685936,
            -0.0340152345597744,
            0.0038740180898457766
        ],
        [
            0.014998476020991802,
            -0.04249036684632301,
            0.0025447667576372623
        ],
        [
            0.015680499374866486,
            -0.038784656673669815,
            0.006578117609024048
        ],
        [
            0.05392730236053467,
            0.010392589494585991,
            0.014114211313426495
        ],
        [
            -0.006565449759364128,
            -0.029913589358329773,
            -0.019874125719070435
        ],
        [
            0.1047058254480362,
            -0.018685683608055115,
            -0.004792554769665003
        ],
        [
            0.10541106015443802,
            -0.017018381506204605,
            0.008880075998604298
        ],
        [
            0.09722337871789932,
            -0.019691362977027893,
            0.007026222534477711
        ],
        [
            0.09570525586605072,
            -0.02075517177581787,
            -0.009005158208310604
        ],
        [
            -0.004116717725992203,
            -0.020980242639780045,
            -0.012606746517121792
        ],
        [
            -0.004442022182047367,
            -0.02427716925740242,
            -0.01804913766682148
        ],
        [
            0.023192010819911957,
            -0.0011034216731786728,
            0.028184663504362106
        ],
        [
            0.02010790817439556,
            -0.004344867542386055,
            0.027825085446238518
        ],
        [
            0.020838622003793716,
            -0.0029155919328331947,
            0.03079298324882984
        ],
        [
            0.02230542153120041,
            0.0012387055903673172,
            0.031391691416502
        ],
        [
            0.07798561453819275,
            -0.0004123970866203308,
            0.03844171389937401
        ],
        [
            0.03149348124861717,
            0.008065270259976387,
            0.048334382474422455
        ],
        [
            0.03068329207599163,
            -0.0044950987212359905,
            0.049458540976047516
        ],
        [
            0.08931705355644226,
            -0.003115033730864525,
            0.03298083692789078
        ],
        [
            0.08916602283716202,
            -0.010876434855163097,
            0.027140768244862556
        ],
        [
            0.09858432412147522,
            -0.008388066664338112,
            0.026716165244579315
        ],
        [
            0.02473563328385353,
            -0.032874055206775665,
            0.02744109369814396
        ],
        [
            0.07341508567333221,
            -0.019996024668216705,
            0.022895490750670433
        ],
        [
            0.08731041848659515,
            -0.01578856259584427,
            0.021615946665406227
        ],
        [
            0.09846311807632446,
            -0.013028986752033234,
            0.02087220922112465
        ],
        [
            0.10657844692468643,
            -0.01126372255384922,
            0.021280547603964806
        ],
        [
            0.10583939403295517,
            -0.006204394623637199,
            0.027550354599952698
        ],
        [
            -0.011452303268015385,
            -0.03773409128189087,
            -0.007574973162263632
        ],
        [
            -0.015946853905916214,
            -0.032488517463207245,
            -0.002282410394400358
        ],
        [
            0.11452735960483551,
            -0.004820400848984718,
            0.029658067971467972
        ],
        [
            0.11482524871826172,
            -0.01006687805056572,
            0.02208208478987217
        ],
        [
            0.08566587418317795,
            -0.0207341518253088,
            0.01402866281569004
        ],
        [
            0.08318810164928436,
            -0.025524746626615524,
            0.0034542831126600504
        ],
        [
            0.0722411647439003,
            -0.0244494266808033,
            0.015474087558686733
        ],
        [
            0.06891685724258423,
            -0.029695065692067146,
            0.005538857541978359
        ],
        [
            0.027266258373856544,
            -0.042822226881980896,
            0.02215689793229103
        ],
        [
            -0.026611998677253723,
            -0.016913827508687973,
            -0.0038722832687199116
        ],
        [
            -0.018699346110224724,
            -0.024376772344112396,
            -0.0006636246107518673
        ],
        [
            -0.014335847459733486,
            -0.020554104819893837,
            -0.0014363315422087908
        ],
        [
            -0.023311438038945198,
            -0.014485348016023636,
            -0.002663248684257269
        ],
        [
            -0.012431401759386063,
            -0.026905769482254982,
            0.0005247319350019097
        ],
        [
            -0.020660167559981346,
            -0.028788303956389427,
            -0.0037891105748713017
        ],
        [
            0.06495334208011627,
            -0.03156892955303192,
            -0.009269644506275654
        ],
        [
            0.012108414433896542,
            -0.02653156965970993,
            0.0007936418987810612
        ],
        [
            0.07908418029546738,
            -0.024766216054558754,
            -0.015554293990135193
        ],
        [
            0.05447739362716675,
            -0.031151562929153442,
            -0.02251778170466423
        ],
        [
            0.06363239139318466,
            -0.023562565445899963,
            -0.028033699840307236
        ],
        [
            0.09292097389698029,
            -0.01632712408900261,
            -0.023324936628341675
        ],
        [
            0.0768604576587677,
            -0.01541575975716114,
