{
    "pred_cam": [
        8.746429443359375,
        0.06655619293451309,
        -0.060146063566207886
    ],
    "pred_mano_params": {
        "global_orient": [
            [
                [
                    0.5217294096946716,
                    -0.5132046341896057,
                    0.6814832091331482
                ],
                [
                    -0.4504430592060089,
                    -0.8441103100776672,
                    -0.29082435369491577
                ],
                [
                    0.7244994044303894,
                    -0.15523773431777954,
                    -0.6715666651725769
                ]
            ]
        ],
        "hand_pose": [
            [
                [
                    0.747851550579071,
                    -0.5665137767791748,
                    -0.3460926413536072
                ],
                [
                    0.5273838639259338,
                    0.8236249685287476,
                    -0.20858608186244965
                ],
                [
                    0.40321746468544006,
                    -0.02653222344815731,
                    0.9147194027900696
                ]
            ],
            [
                [
                    0.8980464339256287,
                    -0.3806850016117096,
                    0.22043509781360626
                ],
                [
                    0.42784449458122253,
                    0.8723723292350769,
                    -0.23646476864814758
                ],
                [
                    -0.10228290408849716,
                    0.3066682517528534,
                    0.9463048577308655
                ]
            ],
            [
                [
                    0.7973228096961975,
                    -0.6031708717346191,
                    0.021478014066815376
                ],
                [
                    0.6035383939743042,
                    0.7965501546859741,
                    -0.03534558787941933
                ],
                [
                    0.004211111459881067,
                    0.04114465042948723,
                    0.9991443753242493
                ]
            ],
            [
                [
                    0.7863935828208923,
                    -0.568952202796936,
                    -0.24057967960834503
                ],
                [
                    0.5673128962516785,
                    0.8192925453186035,
                    -0.0831618681550026
                ],
                [
                    0.24442024528980255,
                    -0.07108599692583084,
                    0.9670603275299072
                ]
            ],
            [
                [
                    0.7260161638259888,
                    -0.6637237668037415,
                    -0.17992030084133148
                ],
                [
                    0.6858839392662048,
                    0.6800144910812378,
                    0.2591206133365631
                ],
                [
                    -0.04963609576225281,
                    -0.311530202627182,
                    0.9489389657974243
                ]
            ],
            [
                [
                    0.8366519212722778,
                    -0.5465745329856873,
                    -0.035635724663734436
                ],
                [
                    0.5472280383110046,
                    0.8369051218032837,
                    0.011458978056907654
                ],
                [
                    0.023560533300042152,
                    -0.029088040813803673,
                    0.999299168586731
                ]
            ],
            [
                [
                    0.5277251601219177,
                    -0.8403834104537964,
                    0.12353848665952682
                ],
                [
                    0.7612448930740356,
                    0.5324425101280212,
                    0.3701501190662384
                ],
                [
                    -0.37684521079063416,
                    -0.10129451006650925,
                    0.9207209348678589
                ]
            ],
            [
                [
                    0.9631649255752563,
                    -0.18795378506183624,
                    -0.19231955707073212
                ],
                [
                    0.20515534281730652,
                    0.9759544730186462,
                    0.0736488401889801
                ],
                [
                    0.17385254800319672,
                    -0.11039135605096817,
                    0.9785648584365845
                ]
            ],
            [
                [
                    0.9502934813499451,
                    -0.21222978830337524,
                    0.22781775891780853
                ],
                [
                    0.14052529633045197,
                    0.9452838897705078,
                    0.29443320631980896
                ],
                [
                    -0.2778399586677551,
                    -0.24778375029563904,
                    0.9281207919120789
                ]
            ],
            [
                [
                    0.5793373584747314,
                    -0.8144456744194031,
                    -0.03235175088047981
                ],
                [
                    0.8132142424583435,
                    0.5802398324012756,
                    -0.044769734144210815
                ],
                [
                    0.055234283208847046,
                    -0.0003721289976965636,
                    0.9984734654426575
                ]
            ],
            [
                [
                    0.9800446033477783,
                    -0.19407488405704498,
                    -0.04298160970211029
                ],
                [
                    0.19500234723091125,
                    0.8967463374137878,
                    0.3972656726837158
                ],
                [
                    -0.03855567052960396,
                    -0.3977196514606476,
                    0.9166964888572693
                ]
            ],
            [
                [
                    0.9178563356399536,
                    -0.39371973276138306,
                    -0.05024414882063866
                ],
                [
                    0.39630118012428284,
                    0.9020456671714783,
                    0.17105278372764587
                ],
                [
                    -0.02202434092760086,
                    -0.17691370844841003,
                    0.9839799404144287
                ]
            ],
            [
                [
                    0.9339969158172607,
                    -0.29636454582214355,
                    0.19954407215118408
                ],
                [
                    0.25153985619544983,
                    0.14882415533065796,
                    -0.956336259841919
                ],
                [
                    0.2537271976470947,
                    0.9434083700180054,
                    0.21354879438877106
                ]
            ],
            [
                [
                    0.9108089208602905,
                    -0.41280287504196167,
                    -0.004590495023876429
                ],
                [
                    0.3317009508609772,
                    0.725155234336853,
                    0.6034272909164429
                ],
                [
                    -0.24576763808727264,
                    -0.5511295199394226,
                    0.797404944896698
                ]
            ],
            [
                [
                    0.9268674254417419,
                    0.37092748284339905,
                    -0.05770245939493179
                ],
                [
                    -0.3663278818130493,
                    0.9273145794868469,
                    0.07675627619028091
                ],
                [
                    0.08197933435440063,
                    -0.05000486969947815,
                    0.9953787326812744
                ]
            ]
        ],
        "betas": [
            0.0007356703281402588,
            -0.04291978478431702,
            -0.029690980911254883,
            -0.04078647494316101,
            0.009158223867416382,
            -0.02171165868639946,
            0.03708386421203613,
            -0.08271470665931702,
            0.009059444069862366,
            -0.05913513898849487
        ]
    },
    "pred_cam_t": [
        -0.06655619293451309,
        -0.060146063566207886,
        4.466108322143555
    ],
    "focal_length": [
        5000.0,
        5000.0
    ],
    "pred_keypoints_3d": [
        [
            0.09573306143283844,
            0.006377513520419598,
            0.006204969249665737
        ],
        [
            0.10870558768510818,
            0.0228203684091568,
            -0.02613263577222824
        ],
        [
            0.11612924188375473,
            0.05199524760246277,
            -0.032499998807907104
        ],
        [
            0.12029074132442474,
            0.07858537137508392,
            -0.0357409305870533
        ],
        [
            0.12419985979795456,
            0.10873297601938248,
            -0.05565434694290161
        ],
        [
            0.0664992555975914,
            0.044452004134655,
            -0.07067632675170898
        ],
        [
            0.0518534816801548,
            0.07227103412151337,
            -0.08081186562776566
        ],
        [
            0.052964456379413605,
            0.09444986283779144,
            -0.08043729513883591
        ],
        [
            0.06199202686548233,
            0.11520256102085114,
            -0.06950012594461441
        ],
        [
            0.044774677604436874,
            0.05125599354505539,
            -0.05990523844957352
        ],
        [
            0.031216947361826897,
            0.07925309985876083,
            -0.06621555238962173
        ],
        [
            0.039115630090236664,
            0.10042142868041992,
            -0.06055279076099396
        ],
        [
            0.055436860769987106,
            0.11793958395719528,
            -0.05144885182380676
        ],
        [
            0.03689587861299515,
            0.054309893399477005,
            -0.03453506529331207
        ],
        [
            0.03407225012779236,
            0.08257021009922028,
            -0.039757732301950455
        ],
        [
            0.03870081529021263,
            0.10659634321928024,
            -0.03557935729622841
        ],
        [
            0.04859660565853119,
            0.12935197353363037,
            -0.029328569769859314
        ],
        [
            0.03547609597444534,
            0.05836717411875725,
            -0.013132301159203053
        ],
        [
            0.035499457269907,
            0.07944850623607635,
            -0.014665473252534866
        ],
        [
            0.037653397768735886,
            0.09794288873672485,
            -0.011055161245167255
        ],
        [
            0.04624094069004059,
            0.11553948372602463,
            -0.010156473144888878
        ]
    ],
    "pred_vertices": [
        [
            0.0896461233496666,
            0.03977262228727341,
            -0.03777411952614784
        ],
        [
            0.09475885331630707,
            0.036154136061668396,
            -0.02905917912721634
        ],
        [
            0.097515769302845,
            0.04307737573981285,
            -0.03220704197883606
        ],
        [
            0.09304849803447723,
            0.044482193887233734,
            -0.043778710067272186
        ],
        [
            0.1102505475282669,
            0.03774898126721382,
            -0.012569010257720947
        ],
        [
            0.12117192149162292,
            0.03281736746430397,
            -0.013753194361925125
        ],
        [
            0.12215879559516907,
            0.04723559319972992,
            -0.0189494825899601
        ],
        [
            0.1129959374666214,
            0.04977664351463318,
            -0.015482574701309204
        ],
        [
            0.09537678956985474,
            0.048348281532526016,
            -0.047421179711818695
        ],
        [
            0.10001881420612335,
            0.04952005296945572,
            -0.03423415496945381
        ],
        [
            0.09761461615562439,
            0.04987090453505516,
            -0.046881675720214844
        ],
        [
            0.0890539214015007,
            0.03986380249261856,
            -0.0623931959271431
        ],
        [
            0.08912164717912674,
            0.04356914386153221,
            -0.0590844601392746
        ],
        [
            0.08170848339796066,
            0.037015944719314575,
            -0.0698734000325203
        ],
        [
            0.08900952339172363,
            0.029622653499245644,
            -0.06134415417909622
        ],
        [
            0.07496591657400131,
            0.03019464761018753,
            -0.06992805749177933
        ],
        [
            0.06747890263795853,
            0.015010003000497818,
            -0.04444708675146103
        ],
        [
            0.05978929251432419,
            0.01600736379623413,
            -0.03294062241911888
        ],
        [
            0.04970690980553627,
            0.024737631902098656,
            -0.0439118817448616
        ],
        [
            0.05887758731842041,
            0.023374704644083977,
            -0.05421338975429535
        ],
        [
            0.044782593846321106,
            0.02813141793012619,
            -0.023892007768154144
        ],
        [
            0.04684559255838394,
            0.026666969060897827,
            -0.035497043281793594
        ],
        [
            0.05637811869382858,
            0.016890086233615875,
            -0.024603597819805145
        ],
        [
            0.054334379732608795,
            0.018871773034334183,
            -0.014743268489837646
        ],
        [
            0.0833999365568161,
            0.03627612441778183,
            -0.023469485342502594
        ],
        [
            0.0890277624130249,
            0.032347340136766434,
            -0.015956275165081024
        ],
        [
            0.09088548272848129,
            0.032063018530607224,
            -0.022117923945188522
        ],
        [
            0.08598262071609497,
            0.036346130073070526,
            -0.028693243861198425
        ],
        [
            0.10952582955360413,
            0.056672438979148865,
            -0.043951213359832764
        ],
        [
            0.1061135083436966,
            0.039021674543619156,
            -0.050613828003406525
        ],
        [
            0.10035225749015808,
            0.04415518790483475,
            -0.05078840255737305
        ],
        [
            0.10683661699295044,
            0.05957134813070297,
            -0.039967797696590424
        ],
        [
            0.10105407238006592,
            0.029380302876234055,
            0.011485345661640167
        ],
        [
            0.10573208332061768,
            0.018191609531641006,
            0.01761549711227417
        ],
        [
            0.1089603453874588,
            0.016170788556337357,
            0.012967616319656372
        ],
        [
            0.10362471640110016,
            0.026320312172174454,
            0.007950644940137863
        ],
        [
            0.11891438066959381,
            0.017711445689201355,
            -0.005486048758029938
        ],
        [
            0.11965266615152359,
            0.00956578180193901,
            -0.0003537014126777649
        ],
        [
            0.12425635755062103,
            -0.0015800558030605316,
            -0.004616372287273407
        ],
        [
            0.12411579489707947,
            0.005632799118757248,
            -0.012141771614551544
        ],
        [
            0.1193513497710228,
            0.025023628026247025,
            -0.01057250052690506
        ],
        [
            0.12594124674797058,
            0.016410548239946365,
            -0.017192717641592026
        ],
        [
            0.12709009647369385,
            0.026734646409749985,
            -0.0207999125123024
        ],
        [
            0.12720602750778198,
            0.04393116757273674,
            -0.025682546198368073
        ],
        [
            0.09695062786340714,
            0.019634585827589035,
            0.026860930025577545
        ],
        [
            0.0925973504781723,
            0.02843746915459633,
            0.023939810693264008
        ],
        [
            0.06240708753466606,
            0.07821734994649887,
            -0.07872123271226883
        ],
        [
            0.0593237467110157,
            0.07962878048419952,
            -0.07386971265077591
        ],
        [
            0.061302218586206436,
            0.07556837797164917,
            -0.07307453453540802
        ],
        [
            0.06364241242408752,
            0.07494920492172241,
            -0.07835454493761063
        ],
        [
            0.07746946811676025,
            0.01434023305773735,
            0.02825244888663292
        ],
        [
            0.07226438820362091,
            0.00634925439953804,
            0.024975568056106567
        ],
        [
            0.07647353410720825,
            0.004041679203510284,
            0.030459236353635788
        ],
        [
            0.08272750675678253,
            0.010788824409246445,
            0.03237977996468544
        ],
        [
            0.0705888420343399,
            0.01903638243675232,
            0.02271983027458191
        ],
        [
            0.06701871752738953,
            0.009927354753017426,
            0.017098568379878998
        ],
        [
            0.05446513369679451,
            0.07643908262252808,
            -0.08861863613128662
        ],
        [
            0.059307001531124115,
            0.07723302394151688,
            -0.08707230538129807
        ],
        [
            0.05919674038887024,
            0.07229822874069214,
            -0.08708421140909195
        ],
        [
            0.05433781072497368,
            0.07069267332553864,
            -0.08738503605127335
        ],
        [
            0.08796235173940659,
            0.04435360059142113,
            -0.053462643176317215
        ],
        [
            0.08489188551902771,
            0.043333590030670166,
            -0.04527334123849869
        ],
        [
            0.0765628069639206,
            0.04960798844695091,
            -0.06523264944553375
        ],
        [
            0.07845593988895416,
            0.04664985463023186,
            -0.05709386244416237
        ],
        [
            0.08291023969650269,
            0.04424050450325012,
            -0.06184008717536926
        ],
        [
            0.07992931455373764,
            0.04604480043053627,
            -0.06864809989929199
        ],
        [
            0.06779171526432037,
            0.04691344499588013,
            -0.035861849784851074
        ],
        [
            0.07465247809886932,
            0.04122314974665642,
            -0.028293363749980927
        ],
        [
            0.07714313268661499,
            0.04107779264450073,
            -0.03450905531644821
        ],
        [
            0.07104428112506866,
            0.04752903804183006,
            -0.0438540056347847
        ],
        [
            0.06937936693429947,
            0.04530936852097511,
            -0.01580679416656494
        ],
        [
            0.06278212368488312,
            0.05011696740984917,
            -0.024325573816895485
        ],
        [
            0.06058374047279358,
            0.051762279123067856,
            -0.016201550140976906
        ],
        [
            0.06619709730148315,
            0.04894311726093292,
            -0.01144920289516449
        ],
        [
            0.05347905308008194,
            0.05684536695480347,
            -0.04139901325106621
        ],
        [
            0.04949609935283661,
            0.059081073850393295,
            -0.04609858617186546
        ],
        [
            0.04831364378333092,
            0.061102092266082764,
            -0.04286755993962288
        ],
        [
            0.052102819085121155,
            0.0572015680372715,
            -0.037993863224983215
        ],
        [
            0.08033272624015808,
            0.0006961338222026825,
            0.03538457304239273
        ],
        [
            0.08797545731067657,
            0.006837591528892517,
            0.035557691007852554
        ],
        [
            0.04151381179690361,
            0.03496885672211647,
            -0.0032717473804950714
        ],
        [
            0.04616691917181015,
            0.03957594186067581,
            0.005790088325738907
        ],
        [
            0.037536874413490295,
            0.04761289805173874,
            4.247389733791351e-05
        ],
        [
            0.03398239612579346,
            0.040247440338134766,
            -0.008558040484786034
        ],
        [
            0.07102854549884796,
            -0.0004361271858215332,
            0.017223816365003586
        ],
        [
            0.07343928515911102,
            -0.0031727291643619537,
            0.024156667292118073
        ],
        [
            0.04872079938650131,
            0.07646462321281433,
            -0.086466483771801
        ],
        [
            0.049252793192863464,
            0.07051298022270203,
            -0.08435837179422379
        ],
        [
            0.12526935338974,
            0.01734096184372902,
            -0.030205126851797104
        ],
        [
            0.12704357504844666,
            0.03942319378256798,
            -0.03463582694530487
        ],
        [
            0.12272271513938904,
            0.0034312084317207336,
            -0.02287522330880165
        ],
        [
            0.1196681559085846,
            -0.0050956010818481445,
            -0.0160583034157753
        ],
        [
            0.11978206038475037,
            -0.011647205799818039,
            -0.009473241865634918
        ],
        [
            0.07292032986879349,
            0.049528494477272034,
            -0.05523037165403366
        ],
        [
            0.08264507353305817,
            0.04029832407832146,
            -0.036814264953136444
        ],
        [
            0.08126506209373474,
            0.037094611674547195,
            -0.01875155046582222
        ],
        [
            0.06776519119739532,
            0.04970185458660126,
            0.005958098918199539
        ],
        [
            0.07459209859371185,
            0.04502345249056816,
            0.012394346296787262
        ],
        [
            0.07797269523143768,
            0.04515339434146881,
            0.002248656004667282
        ],
        [
            0.0709172785282135,
            0.04871750622987747,
            -0.001393742859363556
        ],
        [
            0.05131607502698898,
            0.04764921963214874,
            0.008672405034303665
        ],
        [
            0.056426383554935455,
            0.05257343500852585,
            0.004859279841184616
        ],
        [
            0.05065789818763733,
            0.05623859539628029,
            -3.246590495109558e-05
        ],
        [
            0.04430585354566574,
            0.05290314555168152,
            0.0030961837619543076
        ],
        [
            0.11661307513713837,
            0.05520270764827728,
            -0.04617922008037567
        ],
        [
            0.11270785331726074,
            0.03544559329748154,
            -0.049362581223249435
        ],
        [
            0.0850243866443634,
            0.021777044981718063,
            0.028521772474050522
        ],
        [
            0.09069635719060898,
            0.016822904348373413,
            0.030624892562627792
        ],
        [
            0.09479285776615143,
            0.010254982858896255,
            0.03420085832476616
        ],
        [
            0.096035435795784,
            0.030548587441444397,
            -0.0035351887345314026
        ],
        [
            0.10538924485445023,
            0.024157965555787086,
            0.005373068153858185
        ],
        [
            0.10703903436660767,
            0.023218916729092598,
            0.0011385679244995117
        ],
        [
            0.0963098332285881,
            0.02858584187924862,
            -0.0074121057987213135
        ],
        [
            0.09914272278547287,
            0.03241024911403656,
            -0.018108926713466644
        ],
        [
            0.10796348005533218,
            0.02833404392004013,
            -0.009835783392190933
        ],
        [
            0.10111770033836365,
            0.0416271835565567,
            -0.01905471459031105
        ],
        [
            0.11410094797611237,
            0.012369237840175629,
            0.007649056613445282
        ],
        [
            0.11431044340133667,
            0.009228523820638657,
            0.018469080328941345
        ],
        [
            0.11904014647006989,
            0.00545913353562355,
            0.011872582137584686
        ],
        [
            0.10783684253692627,
            0.011111065745353699,
            0.025600112974643707
        ],
        [
            0.1010405421257019,
            0.01178249716758728,
            0.03131702542304993
        ],
        [
            0.07494215667247772,
            -0.008731938898563385,
            0.030431531369686127
        ],
        [
            0.12208695709705353,
            0.0016503669321537018,
            0.00514618307352066
        ],
        [
            0.11569532006978989,
            0.05807439237833023,
            -0.019668780267238617
        ],
        [
            0.11899937689304352,
            0.06593497842550278,
            -0.023236297070980072
        ],
        [
            0.11179175972938538,
            0.06601834297180176,
            -0.025394737720489502
        ],
        [
            0.10798218846321106,
            0.05844317376613617,
            -0.022685259580612183
        ],
        [
            0.07422756403684616,
            0.039060212671756744,
            -0.07646412402391434
        ],
        [
            0.07896272838115692,
            0.043576255440711975,
            -0.07333286851644516
        ],
        [
            0.0850936695933342,
            0.040899086743593216,
            -0.06635662913322449
        ],
        [
            0.09221641719341278,
            0.036573559045791626,
            0.009046927094459534
        ],
        [
            0.08555643260478973,
            0.03557594120502472,
            0.019738290458917618
        ],
        [
            0.07094938308000565,
            0.052224986255168915,
            -0.06310325860977173
        ],
        [
            0.05409928411245346,
            0.06569133698940277,
            -0.0869932696223259
        ],
        [
            0.05974793806672096,
            0.06744374334812164,
            -0.08681374043226242
        ],
        [
            0.06686137616634369,
            0.05124638229608536,
            -0.08276280015707016
        ],
        [
            0.06017379090189934,
            0.04942291975021362,
            -0.0832395851612091
        ],
        [
            0.06056029722094536,
            0.05440294370055199,
            -0.06507796049118042
        ],
        [
            0.06778724491596222,
            0.054322242736816406,
            -0.06448764353990555
        ],
        [
            0.0654471144080162,
            0.05546217039227486,
            -0.06476195156574249
        ],
        [
            0.05903727188706398,
            0.056669484823942184,
            -0.06355807930231094
        ],
        [
            0.04737383499741554,
            0.06111007183790207,
            -0.03358318656682968
        ],
        [
            0.05071384832262993,
            0.05786821246147156,
            -0.029546750709414482
        ],
        [
            0.051885247230529785,
            0.03478711098432541,
            -0.06272195279598236
        ],
        [
            0.05941079556941986,
            0.028811676427721977,
            -0.07187624275684357
        ],
        [
            0.06721576303243637,
            0.02384556271135807,
            -0.0635981634259224
        ],
        [
            0.06522614508867264,
            0.04800843447446823,
            -0.02892865054309368
        ],
        [
            0.05873824283480644,
            0.05330813676118851,
            -0.0350910946726799
        ],
        [
            0.056983426213264465,
            0.05397672951221466,
            -0.03141710162162781
        ],
        [
            0.06850636750459671,
            0.05154483765363693,
            -0.055303893983364105
        ],
        [
            0.06532808393239975,
            0.05358918756246567,
            -0.060993049293756485
        ],
        [
            0.06314387917518616,
            0.05363515019416809,
            -0.0567864328622818
        ],
        [
            0.0661262720823288,
            0.051551248878240585,
            -0.050322480499744415
        ],
        [
            0.0541885644197464,
            0.03141586855053902,
            0.012435689568519592
        ],
        [
            0.05980074033141136,
            0.04107258468866348,
            0.015904773026704788
        ],
        [
            0.062322162091732025,
            0.07762724906206131,
            -0.08350111544132233
        ],
        [
            0.062794990837574,
            0.07368035614490509,
            -0.08354715257883072
        ],
        [
            0.07204568386077881,
            0.042441822588443756,
            -0.021662894636392593
        ],
        [
            0.07588967680931091,
            0.018071960657835007,
            -0.053309038281440735
        ],
        [
            0.07920386642217636,
            0.03842945396900177,
            -0.013789147138595581
        ],
        [
            0.03441845625638962,
            0.04744511470198631,
            -0.026642438024282455
        ],
        [
            0.03732465207576752,
            0.055371854454278946,
            -0.023314230144023895
        ],
        [
            0.03652075678110123,
            0.05869346112012863,
            -0.026641152799129486
        ],
        [
            0.03286551311612129,
            0.0549440011382103,
            -0.03016575612127781
        ],
        [
            0.052413661032915115,
            0.06937864422798157,
            -0.06756289303302765
        ],
        [
            0.0577387735247612,
            0.07156835496425629,
            -0.06814564019441605
        ],
        [
            0.056403301656246185,
            0.0755687803030014,
            -0.06918393075466156
        ],
        [
            0.050671909004449844,
            0.07433591783046722,
            -0.06921371072530746
        ],
        [
            0.07274413108825684,
            0.053217507898807526,
            -0.06744158267974854
        ],
        [
            0.07619235664606094,
            0.05055205523967743,
            -0.07206065952777863
        ],
        [
            0.07259193807840347,
            0.055547911673784256,
            -0.073087178170681
        ],
        [
            0.0691574364900589,
            0.05625637620687485,
            -0.06825286149978638
        ],
        [
            0.07441270351409912,
            0.047984179109334946,
            -0.07709340006113052
        ],
        [
            0.07140946388244629,
            0.05327245965600014,
            -0.07881900668144226
        ],
        [
            0.0475940927863121,
            0.06683477759361267,
            -0.07098370790481567
        ],
        [
            0.04613717645406723,
            0.06485015153884888,
            -0.0780193954706192
        ],
        [
            0.05058322846889496,
            0.050289858132600784,
            -0.07323328405618668
        ],
        [
            0.05254356935620308,
            0.05523746833205223,
            -0.06726415455341339
        ],
        [
            0.06236511468887329,
            0.008994560688734055,
            -0.006320450454950333
        ],
        [
            0.05963144078850746,
            0.013311948627233505,
            0.0035992152988910675
        ],
        [
            0.05135846138000488,
            0.023152343928813934,
            -0.004518713802099228
        ],
        [
            0.042023494839668274,
            0.03223816677927971,
            -0.012282032519578934
        ],
        [
            0.034608468413352966,
            0.041195347905159,
            -0.020471690222620964
        ],
        [
            0.03584905341267586,
            0.03547776862978935,
            -0.03134951367974281
        ],
        [
            0.05085068196058273,
            0.02576814591884613,
            0.0032711029052734375
        ],
        [
            0.05343448743224144,
            0.04931638389825821,
            -0.06556959450244904
        ],
        [
            0.05366029590368271,
            0.041187066584825516,
            -0.06962409615516663
        ],
        [
            0.05102129280567169,
            0.042957697063684464,
            -0.06555929780006409
        ],
        [
            0.07687728106975555,
            0.041947945952415466,
            -0.007614627480506897
        ],
        [
            0.06372567266225815,
            0.06926769763231277,
            -0.08381844311952591
        ],
        [
            0.09840507805347443,
            -0.015922918915748596,
            -0.012389399111270905
        ],
        [
            0.08750085532665253,
            -0.01592099294066429,
            -0.0038918182253837585
        ],
        [
            0.08537480235099792,
            -0.010822482407093048,
            -0.010822057723999023
        ],
        [
            0.09830514341592789,
            -0.009701766073703766,
            -0.020522885024547577
        ],
        [
            0.06312023848295212,
            0.07213082164525986,
            -0.07248090952634811
        ],
        [
            0.06567235291004181,
            0.07132197171449661,
            -0.07816474884748459
        ],
        [
            0.04780340567231178,
            0.06037592142820358,
            -0.02419227734208107
        ],
        [
            0.04483924061059952,
            0.06254668533802032,
            -0.028577283024787903
        ],
        [
            0.04145059362053871,
            0.06287240236997604,
            -0.026389604434370995
        ],
        [
            0.04414025694131851,
            0.06343130767345428,
            -0.021077526733279228
        ],
        [
            0.05972861498594284,
            0.015202626585960388,
            0.009285535663366318
        ],
        [
            0.03494928777217865,
            0.055061422288417816,
            -0.003114728257060051
        ],
        [
            0.03113730065524578,
            0.04811789095401764,
            -0.011302368715405464
        ],
        [
            0.06689217686653137,
            0.004584837704896927,
            0.010250724852085114
        ],
        [
            0.06886853277683258,
            0.0002595633268356323,
            0.0016905702650547028
        ],
        [
            0.07324756681919098,
            -0.0058310553431510925,
            0.007932402193546295
        ],
        [
            0.039782289415597916,
            0.03831872344017029,
            -0.04589960351586342
        ],
        [
            0.06396057456731796,
            0.00769786536693573,
            -0.014764230698347092
        ],
        [
            0.07112500071525574,
            -0.000990055501461029,
            -0.005539163947105408
        ],
        [
            0.0764508917927742,
            -0.008335050195455551,
            0.0015789158642292023
        ],
        [
            0.07945405691862106,
            -0.013798944652080536,
            0.007113423198461533
        ],
        [
            0.07574750483036041,
            -0.010383807122707367,
            0.013537604361772537
        ],
        [
            0.04919304698705673,
            0.06503283977508545,
            -0.0831342414021492
        ],
        [
            0.0449218824505806,
            0.07118740677833557,
            -0.07915043830871582
        ],
        [
            0.07728797197341919,
            -0.01663251966238022,
            0.019943110644817352
        ],
        [
            0.08190850913524628,
            -0.01975550502538681,
            0.012511637061834335
        ],
        [
            0.07518482208251953,
            -0.002373211085796356,
            -0.013727337121963501
        ],
        [
            0.08171509206295013,
            -0.0025630593299865723,
            -0.023909542709589005
        ],
        [
            0.06823722273111343,
            0.006283089518547058,
            -0.02228943258523941
        ],
        [
            0.07377772033214569,
            0.0064696334302425385,
            -0.032819535583257675
        ],
        [
            0.043053820729255676,
            0.030733607709407806,
            -0.05321110785007477
        ],
        [
            0.04445444047451019,
            0.09064069390296936,
            -0.07897638529539108
        ],
        [
            0.04430568590760231,
            0.07917508482933044,
            -0.0759039893746376
        ],
        [
            0.048348404467105865,
            0.07971031218767166,
            -0.07177229225635529
        ],
        [
            0.04590054601430893,
            0.09034392237663269,
            -0.07483910024166107
        ],
        [
            0.046214498579502106,
            0.07267586141824722,
            -0.07268396764993668
        ],
        [
            0.044455595314502716,
            0.07740136981010437,
            -0.08134882152080536
        ],
        [
            0.08532985299825668,
            0.010225001722574234,
            -0.04372306540608406
        ],
        [
            0.0589304193854332,
            0.05580750107765198,
            -0.06197159364819527
        ],
        [
            0.09763893485069275,
            0.0024570561945438385,
            -0.035013917833566666
        ],
        [
            0.09621401131153107,
            0.02139144018292427,
            -0.054285842925310135
        ],
        [
            0.10665372759103775,
            0.017370034009218216,
            -0.046795643866062164
        ],
        [
            0.11157640069723129,
            -0.005134966224431992,
            -0.02575811743736267
        ],
        [
            0.11679723858833313,
            0.00890989601612091,
            -0.03671475127339363
        ],
        [
            0.11069871485233307,
            -0.017623834311962128,
            -0.010230101644992828
        ],
        [
            0.10934542119503021,
            -0.011927369982004166,
            -0.017580274492502213
        ],
        [
            0.12058797478675842,
            0.027078915387392044,
