{
    "pred_cam": [
        7.347385406494141,
        -0.04130103439092636,
        -0.0026504304260015488
    ],
    "pred_mano_params": {
        "global_orient": [
            [
                [
                    0.9253014922142029,
                    0.3515125513076782,
                    0.14232361316680908
                ],
                [
                    0.3783896267414093,
                    -0.8307583928108215,
                    -0.40824225544929504
                ],
                [
                    -0.02526574209332466,
                    0.43160098791122437,
                    -0.9017106890678406
                ]
            ]
        ],
        "hand_pose": [
            [
                [
                    0.7294504642486572,
                    -0.6534375548362732,
                    -0.20229031145572662
                ],
                [
                    0.621635913848877,
                    0.7566603422164917,
                    -0.20256845653057098
                ],
                [
                    0.2854308784008026,
                    0.0220127385109663,
                    0.9581465125083923
                ]
            ],
            [
                [
                    0.7208473086357117,
                    -0.6752013564109802,
                    0.15646842122077942
                ],
                [
                    0.6863358020782471,
                    0.6639421582221985,
                    -0.29685693979263306
                ],
                [
                    0.09655221551656723,
                    0.3213784098625183,
                    0.9420157670974731
                ]
            ],
            [
                [
                    0.8713518381118774,
                    -0.48609659075737,
                    0.06675299257040024
                ],
                [
                    0.4761883616447449,
                    0.8705884218215942,
                    0.1237756758928299
                ],
                [
                    -0.11828131228685379,
                    -0.07606517523527145,
                    0.9900623559951782
                ]
            ],
            [
                [
                    0.407383531332016,
                    -0.86455237865448,
                    -0.2942582070827484
                ],
                [
                    0.9026071429252625,
                    0.43022364377975464,
                    -0.01442134752869606
                ],
                [
                    0.13906484842300415,
                    -0.25972452759742737,
                    0.9556171894073486
                ]
            ],
            [
                [
                    0.9007138609886169,
                    -0.37576940655708313,
                    -0.21797211468219757
                ],
                [
                    0.409607470035553,
                    0.9017599821090698,
                    0.13802410662174225
                ],
                [
                    0.1446932852268219,
                    -0.21360325813293457,
                    0.9661456942558289
                ]
            ],
            [
                [
                    0.89739590883255,
                    -0.40964803099632263,
                    0.1639176309108734
                ],
                [
                    0.4160919487476349,
                    0.9093058109283447,
                    -0.005514383781701326
                ],
                [
                    -0.14679229259490967,
                    0.07315339893102646,
                    0.9864585399627686
                ]
            ],
            [
                [
                    0.37048378586769104,
                    -0.9215222001075745,
                    -0.11635559797286987
                ],
                [
                    0.5965903997421265,
                    0.14007224142551422,
                    0.7902275919914246
                ],
                [
                    -0.7119140625,
                    -0.362183153629303,
                    0.6016657948493958
                ]
            ],
            [
                [
                    0.9563955068588257,
                    -0.24585740268230438,
                    -0.15767621994018555
                ],
                [
                    0.2457713484764099,
                    0.9691141247749329,
                    -0.020353663712739944
                ],
                [
                    0.15781034529209137,
                    -0.01928613893687725,
                    0.987281084060669
                ]
            ],
            [
                [
                    0.9871715903282166,
                    0.09197419881820679,
                    0.13051001727581024
                ],
                [
                    -0.1393117606639862,
                    0.8955233097076416,
                    0.4226466417312622
                ],
                [
                    -0.0780021920800209,
                    -0.4354064166545868,
                    0.8968482613563538
                ]
            ],
            [
                [
                    0.18382687866687775,
                    -0.9801256060600281,
                    -0.07457408308982849
                ],
                [
                    0.964497447013855,
                    0.16521990299224854,
                    0.20602688193321228
                ],
                [
                    -0.18961113691329956,
                    -0.10979978740215302,
                    0.9757004976272583
                ]
            ],
            [
                [
                    0.9876581430435181,
                    -0.1443985104560852,
                    -0.06066751107573509
                ],
                [
                    0.15660464763641357,
                    0.9167261719703674,
                    0.367543488740921
                ],
                [
                    0.002542755799368024,
                    -0.37250810861587524,
                    0.9280255436897278
                ]
            ],
            [
                [
                    0.945908784866333,
                    -0.24987341463565826,
                    0.20692938566207886
                ],
                [
                    0.2069467306137085,
                    0.95591801404953,
                    0.208311527967453
                ],
                [
                    -0.2498590648174286,
                    -0.1542203575372696,
                    0.9559217095375061
                ]
            ],
            [
                [
                    0.916774332523346,
                    -0.28369876742362976,
                    -0.2811402380466461
                ],
                [
                    -0.20709869265556335,
                    0.26422715187072754,
                    -0.9419628977775574
                ],
                [
                    0.3415185511112213,
                    0.9217912554740906,
                    0.1834830343723297
                ]
            ],
            [
                [
                    0.9451554417610168,
                    -0.3209032118320465,
                    0.0608472041785717
                ],
                [
                    0.23940923810005188,
                    0.8073839545249939,
                    0.5392720699310303
                ],
                [
                    -0.22218120098114014,
                    -0.4951285123825073,
                    0.839930534362793
                ]
            ],
            [
                [
                    0.9949225783348083,
                    0.08742927014827728,
                    -0.049850840121507645
                ],
                [
                    -0.09741055220365524,
                    0.9610636234283447,
                    -0.25858813524246216
                ],
                [
                    0.025301650166511536,
                    0.2621311843395233,
                    0.96470046043396
                ]
            ]
        ],
        "betas": [
            0.05876028537750244,
            -0.011659502983093262,
            -0.013185769319534302,
            -0.041477710008621216,
            -0.045524269342422485,
            -0.07738444954156876,
            -0.023010611534118652,
            -0.03020492196083069,
            0.0592123419046402,
            -0.04997783899307251
        ]
    },
    "pred_cam_t": [
        -0.04130103439092636,
        -0.0026504304260015488,
        5.316516876220703
    ],
    "focal_length": [
        5000.0,
        5000.0
    ],
    "pred_keypoints_3d": [
        [
            0.09539103507995605,
            0.006346364971250296,
            0.006177064962685108
        ],
        [
            0.07138942182064056,
            -0.0003380938433110714,
            -0.023042581975460052
        ],
        [
            0.041844744235277176,
            0.005838574375957251,
            -0.02871052175760269
        ],
        [
            0.015611805021762848,
            0.012055721133947372,
            -0.030863860622048378
        ],
        [
            -0.018879450857639313,
            0.019878890365362167,
            -0.037053972482681274
        ],
        [
            0.015289783477783203,
            -0.030960166826844215,
            -0.012386766262352467
        ],
        [
            -0.01677897199988365,
            -0.023561354726552963,
            -0.01293380931019783
        ],
        [
            -0.025187289342284203,
            -0.003238113597035408,
            -0.015505801886320114
        ],
        [
            -0.024351222440600395,
            0.02109561115503311,
            -0.019775129854679108
        ],
        [
            0.007104314863681793,
            -0.026768045499920845,
            0.010960176587104797
        ],
        [
            -0.015629606321454048,
            -0.004844119772315025,
            0.008660385385155678
        ],
        [
            -0.020875006914138794,
            0.01744757778942585,
            0.004763161763548851
        ],
        [
            -0.023012029007077217,
            0.040599822998046875,
            -0.005862180143594742
        ],
        [
            0.014834955334663391,
            -0.010352231562137604,
            0.030512195080518723
        ],
        [
            -0.0012928266078233719,
            0.010193804278969765,
            0.018450044095516205
        ],
        [
            -0.006156107410788536,
            0.03250400722026825,
            0.008903378620743752
        ],
        [
            -0.011725058779120445,
            0.05203831195831299,
            -0.006150439381599426
        ],
        [
            0.0223245769739151,
            0.006217529531568289,
            0.04247653856873512
        ],
        [
            0.011417163535952568,
            0.01911834441125393,
            0.029850613325834274
        ],
        [
            0.005866966210305691,
            0.033346276730298996,
            0.018693825230002403
        ],
        [
            -0.0008982648141682148,
            0.04731125757098198,
            0.0027824267745018005
        ]
    ],
    "pred_vertices": [
        [
            0.04644458740949631,
            -0.005060179159045219,
            -0.01318671926856041
        ],
        [
            0.05682303011417389,
            9.493157267570496e-05,
            -0.01228632777929306
        ],
        [
            0.04956168308854103,
            0.0004007965326309204,
            -0.014983091503381729
        ],
        [
            0.040989458560943604,
            -0.006556827574968338,
            -0.01842447556555271
        ],
        [
            0.06237519904971123,
            0.01741716079413891,
            -0.01808042824268341
        ],
        [
            0.06783363223075867,
            0.01851038448512554,
            -0.02868242748081684
        ],
        [
            0.05152176320552826,
            0.018475908786058426,
            -0.030013568699359894
        ],
        [
            0.04953144118189812,
            0.018600447103381157,
            -0.02005704492330551
        ],
        [
            0.03608612343668938,
            -0.008539451286196709,
            -0.020958999171853065
        ],
        [
            0.04243050143122673,
            0.0012329034507274628,
            -0.01717514544725418
        ],
        [
            0.03486742079257965,
            -0.010272359475493431,
            -0.020894762128591537
        ],
        [
            0.03255598992109299,
            -0.025311386212706566,
            -0.023576026782393456
        ],
        [
            0.03148617595434189,
            -0.019045650959014893,
            -0.023103026673197746
        ],
        [
            0.02801360934972763,
            -0.032430775463581085,
            -0.022416729480028152
        ],
        [
            0.04097622632980347,
            -0.03095085546374321,
            -0.02235225960612297
        ],
        [
            0.030390523374080658,
            -0.039142876863479614,
            -0.016334168612957
        ],
        [
            0.05150254815816879,
            -0.032542634755373,
            0.0033720792271196842
        ],
        [
            0.05332673341035843,
            -0.02658851072192192,
            0.015614824369549751
        ],
        [
            0.03635792434215546,
            -0.03248221427202225,
            0.018299579620361328
        ],
        [
            0.036157894879579544,
            -0.03702756017446518,
            0.005093658342957497
        ],
        [
            0.04221123456954956,
            -0.018203191459178925,
            0.032654523849487305
        ],
        [
            0.0381607748568058,
            -0.026231413707137108,
            0.024814948439598083
        ],
        [
            0.05556096136569977,
            -0.02153928577899933,
            0.022754337638616562
        ],
        [
            0.05832061544060707,
            -0.014374731108546257,
            0.029508324339985847
        ],
        [
            0.05290451645851135,
            0.0014145001769065857,
            -0.0012403270229697227
        ],
        [
            0.06269723922014236,
            0.006227223202586174,
            -0.0017838510684669018
        ],
        [
            0.061677251011133194,
            0.002377185970544815,
            -0.006193889304995537
        ],
        [
            0.05173023045063019,
            -0.0014193300157785416,
            -0.005870371591299772
        ],
        [
            0.03284681588411331,
            -0.005385127849876881,
            -0.02749498188495636
        ],
        [
            0.04419304057955742,
            -0.015919461846351624,
            -0.029835598543286324
        ],
        [
            0.03856133669614792,
            -0.015717094764113426,
            -0.02490841969847679
        ],
        [
            0.031158121302723885,
            -0.002173139713704586,
            -0.02324465475976467
        ],
        [
            0.08292311429977417,
            0.026736915111541748,
            0.002465583384037018
        ],
        [
            0.09636210650205612,
            0.025199349969625473,
            0.0027155159041285515
        ],
        [
            0.09677837044000626,
            0.022067300975322723,
            -0.0023399717174470425
        ],
        [
            0.08460669219493866,
            0.02362155355513096,
            -0.0014410261064767838
        ],
        [
            0.08889462798833847,
            0.016559235751628876,
            -0.02227427251636982
        ],
        [
            0.09857876598834991,
            0.013737324625253677,
            -0.01850634068250656
        ],
        [
            0.10638489574193954,
            0.004674132913351059,
            -0.023344801738858223
        ],
        [
            0.09615035355091095,
            0.004731759428977966,
            -0.02821376733481884
        ],
        [
            0.07831311225891113,
            0.017747975885868073,
            -0.026123374700546265
        ],
        [
            0.08406089246273041,
            0.009238079190254211,
            -0.033871330320835114
        ],
        [
            0.07092133164405823,
            0.01178339309990406,
            -0.03679368644952774
        ],
        [
            0.052618227899074554,
            0.013290699571371078,
            -0.03735978156328201
        ],
        [
            0.0966099351644516,
            0.029213812202215195,
            0.014835315756499767
        ],
        [
            0.08671010285615921,
            0.03146537393331528,
            0.016221176832914352
        ],
        [
            -0.010831773281097412,
            -0.013807334005832672,
            -0.0207435991615057
        ],
        [
            -0.010352197103202343,
            -0.011139145120978355,
            -0.015291035175323486
        ],
        [
            -0.007030225358903408,
            -0.012916507199406624,
            -0.015879003331065178
        ],
        [
            -0.008232206106185913,
            -0.015439171344041824,
            -0.020931756123900414
        ],
        [
            0.09359175711870193,
            0.01989585906267166,
            0.032488759607076645
        ],
        [
            0.09582743048667908,
            0.010707540437579155,
            0.03580419346690178
        ],
        [
            0.10210275650024414,
            0.014333229511976242,
            0.03532041236758232
        ],
        [
            0.10051394253969193,
            0.02219603955745697,
            0.030500756576657295
        ],
        [
            0.08445955812931061,
            0.0167914479970932,
            0.035072408616542816
        ],
        [
            0.08694501966238022,
            0.005898880772292614,
            0.03584901988506317
        ],
        [
            -0.02023964188992977,
            -0.022478703409433365,
            -0.020393865182995796
        ],
        [
            -0.01708649843931198,
            -0.019605664536356926,
            -0.023419715464115143
        ],
        [
            -0.014266018755733967,
            -0.023580608889460564,
            -0.022652143612504005
        ],
        [
            -0.016311164945364,
            -0.026825353503227234,
            -0.018813656643033028
        ],
        [
            0.03342653065919876,
            -0.013467881828546524,
            -0.02032538503408432
        ],
        [
            0.03715026378631592,
            -0.008863618597388268,
            -0.013995994813740253
        ],
        [
            0.018853282555937767,
            -0.0202675499022007,
            -0.01795174553990364
        ],
        [
            0.025646861642599106,
            -0.016459297388792038,
            -0.015300314873456955
        ],
        [
            0.026966340839862823,
            -0.02001500502228737,
            -0.020917534828186035
        ],
        [
            0.021226443350315094,
            -0.0238628089427948,
            -0.022256262600421906
        ],
        [
            0.03217374160885811,
            -0.005531974136829376,
            0.004487649071961641
        ],
        [
            0.042983561754226685,
            -0.0016880780458450317,
            0.0031208056025207043
        ],
        [
            0.04097266495227814,
            -0.00518546998500824,
            -0.0021323966793715954
        ],
        [
            0.028845317661762238,
            -0.00938289426267147,
            -0.002486524172127247
        ],
        [
            0.044409919530153275,
            0.007549908012151718,
            0.013651014305651188
        ],
        [
            0.03397360444068909,
            0.002518685534596443,
            0.014409627765417099
        ],
        [
            0.03630244359374046,
            0.00830962136387825,
            0.020237665623426437
        ],
        [
            0.04280289262533188,
            0.01174069195985794,
            0.01823814958333969
        ],
        [
            0.016998320817947388,
            -0.008347610011696815,
            0.012738535180687904
        ],
        [
            0.013045924715697765,
            -0.011249274015426636,
            0.01252689678221941
        ],
        [
            0.013157123699784279,
            -0.008429194800555706,
            0.014551922678947449
        ],
        [
            0.018000833690166473,
            -0.006040607579052448,
            0.015354553237557411
        ],
        [
            0.10873033106327057,
            0.01681940257549286,
            0.034904658794403076
        ],
        [
            0.10724526643753052,
            0.02360815554857254,
            0.028049441054463387
        ],
        [
            0.04675739258527756,
            -0.0007348223589360714,
            0.04533522576093674
        ],
        [
            0.05042596533894539,
            0.009852475486695766,
            0.04533384367823601
        ],
        [
            0.037537917494773865,
            0.009039792232215405,
            0.04764207825064659
        ],
        [
            0.03647029399871826,
            -0.003286834340542555,
            0.04810801520943642
        ],
        [
            0.09640011191368103,
            0.0007083741948008537,
            0.03335786238312721
        ],
        [
            0.10303854197263718,
            0.004394388757646084,
            0.035176027566194534
        ],
        [
            -0.022120241075754166,
            -0.02337179146707058,
            -0.014376722276210785
        ],
        [
            -0.017770739272236824,
            -0.027262981981039047,
            -0.012838348746299744
        ],
        [
            0.07522173970937729,
            -0.001430753618478775,
            -0.03875012323260307
        ],
        [
            0.053752120584249496,
            0.0039117541164159775,
            -0.041011858731508255
        ],
        [
            0.09081631153821945,
            -0.004573343321681023,
            -0.03244105726480484
        ],
        [
            0.1008274108171463,
            -0.006702441722154617,
            -0.025280281901359558
        ],
        [
            0.10979367047548294,
            -0.006884606555104256,
            -0.021137522533535957
        ],
        [
            0.022248728200793266,
            -0.01508350856602192,
            -0.009950339794158936
        ],
        [
            0.042802151292562485,
            -0.005548475310206413,
            -0.007694113068282604
        ],
        [
            0.05364980176091194,
            0.004441648721694946,
            0.002841849345713854
        ],
        [
            0.05186433345079422,
            0.02448001690208912,
            0.026009097695350647
        ],
        [
            0.061237137764692307,
            0.028156913816928864,
            0.02406894788146019
        ],
        [
            0.057215191423892975,
            0.022639986127614975,
            0.015830304473638535
        ],
        [
            0.05001099035143852,
            0.020029205828905106,
            0.01953614503145218
        ],
        [
            0.048253074288368225,
            0.019067753106355667,
            0.04152887314558029
        ],
        [
            0.04498417675495148,
            0.02164779230952263,
            0.03468795120716095
        ],
        [
            0.038099370896816254,
            0.01907462626695633,
            0.03585682809352875
        ],
        [
            0.0388440303504467,
            0.016752684488892555,
            0.04305039346218109
        ],
        [
            0.034183938056230545,
            -0.004849073942750692,
            -0.034695982933044434
        ],
        [
            0.048971645534038544,
            -0.014270770363509655,
            -0.0348607674241066
        ],
        [
            0.09112120419740677,
            0.027548031881451607,
            0.025626765564084053
        ],
        [
            0.09820698946714401,
            0.027727484703063965,
            0.022348735481500626
        ],
        [
            0.10666799545288086,
            0.027308188378810883,
            0.021286102011799812
        ],
        [
            0.07303261011838913,
            0.016276052221655846,
            -0.0014349650591611862
        ],
        [
            0.08578135073184967,
            0.021538861095905304,
            -0.004314647056162357
        ],
        [
            0.08519550412893295,
            0.019463222473859787,
            -0.008325107395648956
        ],
        [
            0.07341719418764114,
            0.013069411739706993,
            -0.003736486192792654
        ],
        [
            0.06596358865499496,
            0.008117236196994781,
            -0.011170553043484688
        ],
        [
            0.07473623752593994,
            0.016484543681144714,
            -0.01598469354212284
        ],
        [
            0.05594634264707565,
            0.009947875514626503,
            -0.01184803806245327
        ],
        [
            0.09887007623910904,
            0.01830349676311016,
            -0.009420150890946388
        ],
        [
            0.1069609746336937,
            0.02299053966999054,
            -0.003351519349962473
        ],
        [
            0.10817879438400269,
            0.017915643751621246,
            -0.01054063905030489
        ],
        [
            0.10670661926269531,
            0.02668122947216034,
            0.005686125718057156
        ],
        [
            0.10648927092552185,
            0.028548114001750946,
            0.01435258612036705
        ],
        [
            0.11109443008899689,
            0.005523129366338253,
            0.03764677420258522
        ],
        [
            0.10864918678998947,
            0.012092944234609604,
            -0.016350040212273598
        ],
        [
            0.04057511314749718,
            0.018163233995437622,
            -0.02259128913283348
        ],
        [
            0.03238604962825775,
            0.018230339512228966,
            -0.025618065148591995
        ],
        [
            0.031020276248455048,
            0.013208556920289993,
            -0.019967686384916306
        ],
        [
            0.03862980380654335,
            0.01252034306526184,
            -0.01667608506977558
        ],
        [
            0.020233817398548126,
            -0.036482762545347214,
            -0.021009763702750206
        ],
        [
            0.020465025678277016,
            -0.029301965609192848,
            -0.023660369217395782
        ],
        [
            0.028128478676080704,
            -0.025576278567314148,
            -0.024153221398591995
        ],
        [
            0.07273218780755997,
            0.026608522981405258,
            0.008077539503574371
        ],
        [
            0.07638950645923615,
            0.030811361968517303,
            0.019383888691663742
        ],
        [
            0.015607853420078754,
            -0.019034137949347496,
            -0.012425529770553112
        ],
        [
            -0.01290438324213028,
            -0.030478302389383316,
            -0.017773808911442757
        ],
        [
            -0.010594040155410767,
            -0.027211826294660568,
            -0.02236652933061123
        ],
        [
            0.005858160555362701,
            -0.03365180641412735,
            -0.021944500505924225
        ],
        [
            0.003222652245312929,
            -0.03763102367520332,
            -0.01680312119424343
        ],
        [
            0.00868736021220684,
            -0.022344257682561874,
            -0.005689274054020643
        ],
        [
            0.012172484770417213,
            -0.019540756940841675,
            -0.011148057878017426
        ],
        [
            0.010324079543352127,
            -0.019789181649684906,
            -0.009934465400874615
        ],
        [
            0.00669470988214016,
            -0.02053079940378666,
            -0.004397154785692692
        ],
        [
            0.017722155898809433,
            -0.0025643417611718178,
            0.020101040601730347
        ],
        [
            0.021508576348423958,
            -0.0003521749749779701,
            0.02055910974740982
        ],
        [
            0.01998281478881836,
            -0.03739054501056671,
            0.005408015102148056
        ],
        [
            0.023012716323137283,
            -0.04529533535242081,
            -0.005396226420998573
        ],
        [
            0.035107459872961044,
            -0.04107172414660454,
            -0.006488037761300802
        ],
        [
            0.03401075303554535,
            -0.0010827314108610153,
            0.010166036896407604
        ],
        [
            0.02450396493077278,
            -0.004175212234258652,
            0.011957000941038132
        ],
        [
            0.02535238489508629,
            -0.0018287431448698044,
            0.015172114595770836
        ],
        [
            0.01904609426856041,
            -0.015326257795095444,
            -0.006512187421321869
        ],
        [
            0.013309328816831112,
            -0.018784265965223312,
            -0.006886621005833149
        ],
        [
            0.014977658167481422,
            -0.017037248238921165,
            -0.00312091875821352
        ],
        [
            0.020704369992017746,
            -0.012880716472864151,
            -0.0020760733168572187
        ],
        [
            0.0632406696677208,
            0.011946276761591434,
            0.04279544577002525
        ],
        [
            0.06016948074102402,
            0.02260313183069229,
            0.03888492286205292
        ],
        [
            -0.013467604294419289,
            -0.016643580049276352,
            -0.023574694991111755
        ],
        [
            -0.010929670184850693,
            -0.019405294209718704,
            -0.023444030433893204
        ],
        [
            0.04452607035636902,
            0.0026605073362588882,
            0.008635229431092739
        ],
        [
            0.048575934022665024,
            -0.034633442759513855,
            -0.00786442868411541
        ],
        [
            0.054344434291124344,
            0.007952196523547173,
            0.006989157758653164
        ],
        [
            0.02239174395799637,
            -0.009541934356093407,
            0.03704569488763809
        ],
        [
            0.02062533237040043,
            -0.0014686076901853085,
            0.03445756807923317
        ],
        [
            0.017850348725914955,
            -0.0007086950354278088,
            0.03237474709749222
        ],
        [
            0.016238747164607048,
            -0.005795982666313648,
            0.03421850502490997
        ],
        [
            -0.006638341583311558,
            -0.01671667769551277,
            -0.004457574337720871
        ],
        [
            -0.005391485057771206,
            -0.013706524856388569,
            -0.00939260609447956
        ],
        [
            -0.007649564184248447,
            -0.012430636212229729,
            -0.00967000424861908
        ],
        [
            -0.010165085084736347,
            -0.015036959201097488,
            -0.004917090758681297
        ],
        [
            0.014064024202525616,
            -0.020366305485367775,
            -0.01667647436261177
        ],
        [
            0.015294505283236504,
            -0.023903923109173775,
            -0.021832622587680817
        ],
        [
            0.010254265740513802,
            -0.022347919642925262,
            -0.02076052874326706
        ],
        [
            0.010159270837903023,
            -0.020056933164596558,
            -0.015154266729950905
        ],
        [
            0.01412977185100317,
            -0.029621489346027374,
            -0.023295288905501366
        ],
        [
            0.008706392720341682,
            -0.028079837560653687,
            -0.023190274834632874
        ],
        [
            -0.009483108296990395,
            -0.02211104892194271,
            -0.0024510216899216175
        ],
        [
            -0.012765396386384964,
            -0.028097620233893394,
            -0.005635871551930904
        ],
        [
            0.002039925195276737,
            -0.03394788131117821,
            -0.003089424455538392
        ],
        [
            0.002484290860593319,
            -0.02626599371433258,
            -0.0015122470213100314
        ],
        [
            0.0735313817858696,
            -0.012136233039200306,
            0.027779608964920044
        ],
        [
            0.07435905188322067,
            -0.0036440249532461166,
            0.03488578647375107
        ],
        [
            0.05922425538301468,
            -0.005825553555041552,
            0.03704116865992546
        ],
        [
            0.04405105859041214,
            -0.008564514108002186,
            0.04043842852115631
        ],
        [
            0.029850022867321968,
            -0.010703621432185173,
            0.04178979992866516
        ],
        [
            0.02860710211098194,
            -0.021456239745020866,
            0.03590746968984604
        ],
        [
            0.06119529530405998,
            0.0009899279102683067,
            0.0413043275475502
        ],
        [
            0.010490002110600471,
            -0.027780327945947647,
            3.719195956364274e-05
        ],
        [
            0.012134797871112823,
            -0.036700762808322906,
            -0.001067370641976595
        ],
        [
            0.01271313987672329,
            -0.0328206866979599,
            0.0028144281823188066
        ],
        [
            0.05401591211557388,
            0.013572990894317627,
            0.011869887821376324
        ],
        [
            -0.0079695088788867,
            -0.02275795303285122,
            -0.023751897737383842
        ],
        [
            0.10350517183542252,
            -0.019556518644094467,
            -0.003934111446142197
        ],
        [
            0.10360769182443619,
            -0.017705779522657394,
            0.009765229187905788
        ],
        [
            0.09535355120897293,
            -0.019798237830400467,
            0.007511740550398827
        ],
        [
            0.09460403025150299,
            -0.021015040576457977,
            -0.008615443482995033
        ],
        [
            -0.004967418499290943,
            -0.014004096388816833,
            -0.016416694968938828
        ],
        [
            -0.005463201552629471,
            -0.017282890155911446,
            -0.02188996784389019
        ],
        [
            0.02162853628396988,
            0.004472537897527218,
            0.0246192067861557
        ],
        [
            0.018204612657427788,
            0.0015946170315146446,
            0.024144643917679787
        ],
        [
            0.01877245306968689,
            0.0029671299271285534,
            0.02730575017631054
        ],
        [
            0.020601846277713776,
            0.006989066489040852,
            0.02780764177441597
        ],
        [
            0.07595076411962509,
            0.0014481758698821068,
            0.03763222321867943
        ],
        [
            0.029657840728759766,
            0.013266717083752155,
            0.045310378074645996
        ],
        [
            0.028110116720199585,
            0.0008026547729969025,
            0.04649948701262474
        ],
        [
            0.08732524514198303,
            -0.00217484962195158,
            0.03281945362687111
        ],
        [
            0.0869080126285553,
            -0.010025881230831146,
            0.027076981961727142
        ],
        [
            0.09649809449911118,
            -0.008238151669502258,
            0.027119820937514305
        ],
        [
            0.021057521924376488,
            -0.02736932784318924,
            0.024153443053364754
        ],
        [
            0.07075609266757965,
            -0.018063418567180634,
            0.022110946476459503
        ],
        [
            0.08498600870370865,
            -0.014897123910486698,
            0.021514102816581726
        ],
        [
            0.09634435176849365,
            -0.012977132573723793,
            0.02132437378168106
        ],
        [
            0.1045370101928711,
            -0.011799578554928303,
            0.02214660495519638
        ],
        [
            0.10384142398834229,
            -0.006580146960914135,
            0.02831946313381195
        ],
        [
            -0.013548005372285843,
            -0.030245715752243996,
            -0.01146753691136837
        ],
        [
            -0.01767328754067421,
            -0.024705760180950165,
            -0.006181526929140091
        ],
        [
            0.11249231547117233,
            -0.0057937223464250565,
            0.030870135873556137
        ],
        [
            0.11280005425214767,
            -0.01118947472423315,
            0.02337431162595749
        ],
        [
            0.08338826894760132,
            -0.019870005548000336,
            0.01392027735710144
        ],
        [
            0.0811086893081665,
            -0.024648446589708328,
            0.003242465667426586
        ],
        [
            0.06964933127164841,
            -0.02255968004465103,
            0.014686044305562973
        ],
        [
            0.0664641261100769,
            -0.02772834151983261,
            0.004620720632374287
        ],
        [
            0.02324610762298107,
            -0.0374482162296772,
            0.01899508386850357
        ],
        [
            -0.02716587297618389,
            -0.0083545483648777,
            -0.007705871947109699
        ],
        [
            -0.019852258265018463,
            -0.01642872393131256,
            -0.0045228032395243645
        ],
        [
            -0.015184465795755386,
            -0.01294638030230999,
            -0.0052223894745111465
        ],
        [
            -0.023661745712161064,
            -0.00623137503862381,
            -0.006428674794733524
        ],
        [
            -0.013766400516033173,
            -0.019387435168027878,
            -0.003316826419904828
        ],
        [
            -0.022119911387562752,
            -0.02066207118332386,
            -0.0076994746923446655
        ],
        [
            0.06313585489988327,
            -0.029533378779888153,
            -0.010427767410874367
        ],
        [
            0.0102136405184865,
            -0.02019655704498291,
            -0.0031016769353300333
        ],
        [
            0.07805787026882172,
            -0.02387552335858345,
            -0.016055839136242867
        ],
        [
            0.05344754457473755,
            -0.028493717312812805,
            -0.024367205798625946
        ],
        [
            0.06341759860515594,
            -0.021668870002031326,
            -0.02949449047446251
        ],
        [
            0.09293689578771591,
            -0.016633328050374985,
            -0.02317478507757187
        ],
        [
            0.07751111686229706,
            -0.014624180272221565,
            -0.033653661608695984
