{
    "pred_cam": [
        10.00584602355957,
        0.06452994793653488,
        -0.06404317170381546
    ],
    "pred_mano_params": {
        "global_orient": [
            [
                [
                    0.5815811157226562,
                    -0.46847137808799744,
                    0.6650548577308655
                ],
                [
                    -0.46222981810569763,
                    -0.8630416989326477,
                    -0.20372183620929718
                ],
                [
                    0.6694079041481018,
                    -0.18892739713191986,
                    -0.7184702157974243
                ]
            ]
        ],
        "hand_pose": [
            [
                [
                    0.7697997093200684,
                    -0.5191972851753235,
                    -0.3712715208530426
                ],
                [
                    0.4730914831161499,
                    0.8545864224433899,
                    -0.21416465938091278
                ],
                [
                    0.42847731709480286,
                    -0.010781506076455116,
                    0.9034882187843323
                ]
            ],
            [
                [
                    0.8424657583236694,
                    -0.47365960478782654,
                    0.25670623779296875
                ],
                [
                    0.5251902341842651,
                    0.8282688856124878,
                    -0.19530992209911346
                ],
                [
                    -0.12011135369539261,
                    0.29936152696609497,
                    0.9465495944023132
                ]
            ],
            [
                [
                    0.7511573433876038,
                    -0.658582866191864,
                    0.04507063701748848
                ],
                [
                    0.6600446701049805,
                    0.7482615113258362,
                    -0.06667697429656982
                ],
                [
                    0.010187684558331966,
                    0.07983352243900299,
                    0.9967562556266785
                ]
            ],
            [
                [
                    0.807746410369873,
                    -0.5476202368736267,
                    -0.21830657124519348
                ],
                [
                    0.5436733365058899,
                    0.8351487517356873,
                    -0.08334214240312576
                ],
                [
                    0.2279582917690277,
                    -0.05136813595890999,
                    0.9723148941993713
                ]
            ],
            [
                [
                    0.7419646382331848,
                    -0.6492904424667358,
                    -0.16706401109695435
                ],
                [
                    0.6679519414901733,
                    0.6944504976272583,
                    0.26754191517829895
                ],
                [
                    -0.057694725692272186,
                    -0.3100973665714264,
                    0.9489524960517883
                ]
            ],
            [
                [
                    0.848807692527771,
                    -0.5250827670097351,
                    -0.06175363436341286
                ],
                [
                    0.5274578332901001,
                    0.8490217328071594,
                    0.030824515968561172
                ],
                [
                    0.03624476492404938,
                    -0.05873652920126915,
                    0.9976152181625366
                ]
            ],
            [
                [
                    0.41382691264152527,
                    -0.9037302732467651,
                    0.10963044315576553
                ],
                [
                    0.7673313021659851,
                    0.4110720157623291,
                    0.4921609163284302
                ],
                [
                    -0.48984673619270325,
                    -0.11954659223556519,
                    0.8635731935501099
                ]
            ],
            [
                [
                    0.9567275643348694,
                    -0.23028011620044708,
                    -0.17788606882095337
                ],
                [
                    0.24583016335964203,
                    0.9667325019836426,
                    0.07068122178316116
                ],
                [
                    0.15569175779819489,
                    -0.11135242879390717,
                    0.9815094470977783
                ]
            ],
            [
                [
                    0.9387637972831726,
                    -0.22040340304374695,
                    0.26484858989715576
                ],
                [
                    0.16203275322914124,
                    0.9607468843460083,
                    0.2251906841993332
                ],
                [
                    -0.30408525466918945,
                    -0.16848674416542053,
                    0.9376269578933716
                ]
            ],
            [
                [
                    0.5656698942184448,
                    -0.8246197700500488,
                    0.004457689821720123
                ],
                [
                    0.8246316313743591,
                    0.5656579732894897,
                    -0.0037183735985308886
                ],
                [
                    0.000544716720469296,
                    0.005779323633760214,
                    0.9999831914901733
                ]
            ],
            [
                [
                    0.9903110265731812,
                    -0.13061144948005676,
                    -0.04716835916042328
                ],
                [
                    0.13873811066150665,
                    0.9159001111984253,
                    0.3766680657863617
                ],
                [
                    -0.0059956652112305164,
                    -0.37956252694129944,
                    0.925146758556366
                ]
            ],
            [
                [
                    0.9342073202133179,
                    -0.35199543833732605,
                    -0.05793014541268349
                ],
                [
                    0.3565956950187683,
                    0.9169934988021851,
                    0.17878028750419617
                ],
                [
                    -0.00980827771127224,
                    -0.18767549097537994,
                    0.9821820855140686
                ]
            ],
            [
                [
                    0.9491869807243347,
                    -0.19252929091453552,
                    0.2489510029554367
                ],
                [
                    0.28286072611808777,
                    0.17512977123260498,
                    -0.9430373311042786
                ],
                [
                    0.13796359300613403,
                    0.9655371308326721,
                    0.22068987786769867
                ]
            ],
            [
                [
                    0.9380692839622498,
                    -0.34089282155036926,
                    -0.06179064139723778
                ],
                [
                    0.30621224641799927,
                    0.7324057817459106,
                    0.6081247925758362
                ],
                [
                    -0.1620495617389679,
                    -0.5893842577934265,
                    0.7914329171180725
                ]
            ],
            [
                [
                    0.8799075484275818,
                    0.4335174560546875,
                    -0.19448743760585785
                ],
                [
                    -0.40247783064842224,
                    0.8975898027420044,
                    0.17984476685523987
                ],
                [
                    0.25253579020500183,
                    -0.0799698755145073,
                    0.9642772078514099
                ]
            ]
        ],
        "betas": [
            -0.029896438121795654,
            -0.03810259699821472,
            -0.047047197818756104,
            -0.030811578035354614,
            0.013880044221878052,
            0.00245777890086174,
            0.05718371272087097,
            -0.0588284432888031,
            0.012200161814689636,
            -0.052562177181243896
        ]
    },
    "pred_cam_t": [
        -0.06452994793653488,
        -0.06404317170381546,
        3.9039676189422607
    ],
    "focal_length": [
        5000.0,
        5000.0
    ],
    "pred_keypoints_3d": [
        [
            0.09588915854692459,
            0.006389126647263765,
            0.006212303880602121
        ],
        [
            0.10630859434604645,
            0.02567857690155506,
            -0.025549275800585747
        ],
        [
            0.11401411890983582,
            0.05494716018438339,
            -0.0313602089881897
        ],
        [
            0.11636815220117569,
            0.08160646259784698,
            -0.0358969047665596
        ],
        [
            0.11221359670162201,
            0.10972356051206589,
            -0.05843297392129898
        ],
        [
            0.06073679029941559,
            0.0474696159362793,
            -0.06675116717815399
        ],
        [
            0.042215198278427124,
            0.07375632971525192,
            -0.07454739511013031
        ],
        [
            0.043039098381996155,
            0.09585870802402496,
            -0.0721592903137207
        ],
        [
            0.053544506430625916,
            0.11451791226863861,
            -0.05897282436490059
        ],
        [
            0.03915274888277054,
            0.05219385400414467,
            -0.05457837134599686
        ],
        [
            0.023200493305921555,
            0.07925647497177124,
            -0.05941864103078842
        ],
        [
            0.029212795197963715,
            0.1010216474533081,
            -0.05357203632593155
        ],
        [
            0.04358646273612976,
            0.12021195888519287,
            -0.044287003576755524
        ],
        [
            0.03231696039438248,
            0.05310097336769104,
            -0.02869235910475254
        ],
        [
            0.02896738424897194,
            0.08154837042093277,
            -0.032770585268735886
        ],
        [
            0.03176647797226906,
            0.10582954436540604,
            -0.028245674446225166
        ],
        [
            0.03901313245296478,
            0.12962889671325684,
            -0.02183404006063938
        ],
        [
            0.03167901188135147,
            0.05567404255270958,
            -0.006984790321439505
        ],
        [
            0.03412843123078346,
            0.07669443637132645,
            -0.007269806694239378
        ],
        [
            0.039135947823524475,
            0.09437429904937744,
            -0.00246138172224164
        ],
        [
            0.05008990317583084,
            0.11008107662200928,
            -0.0010607861913740635
        ]
    ],
    "pred_vertices": [
        [
            0.08601228147745132,
            0.04230009391903877,
            -0.035709597170352936
        ],
        [
            0.09172804653644562,
            0.03876872360706329,
            -0.027910571545362473
        ],
        [
            0.09439954906702042,
            0.04617986083030701,
            -0.031316228210926056
        ],
        [
            0.08916047215461731,
            0.04767930880188942,
            -0.04194319248199463
        ],
        [
            0.10716761648654938,
            0.040521830320358276,
            -0.011858511716127396
        ],
        [
            0.11813332140445709,
            0.035887788981199265,
            -0.012890614569187164
        ],
        [
            0.11916021257638931,
            0.05040865018963814,
            -0.017682082951068878
        ],
        [
            0.11003683507442474,
            0.052843786776065826,
            -0.014568053185939789
        ],
        [
            0.09152914583683014,
            0.05189039185643196,
            -0.045933060348033905
        ],
        [
            0.09686160832643509,
            0.052842143923044205,
            -0.033366914838552475
        ],
        [
            0.09425175935029984,
            0.053073007613420486,
            -0.04594462364912033
        ],
        [
            0.08497405052185059,
            0.04360619932413101,
            -0.06068112701177597
        ],
        [
            0.08460895717144012,
            0.04731001704931259,
            -0.05694161728024483
        ],
        [
            0.07702969014644623,
            0.04092109948396683,
            -0.06758226454257965
        ],
        [
            0.08565952628850937,
            0.033088959753513336,
            -0.06005821377038956
        ],
        [
            0.07073839753866196,
            0.033596061170101166,
            -0.06764701008796692
        ],
        [
            0.06483713537454605,
            0.016432099044322968,
            -0.04262617975473404
        ],
        [
            0.05751514807343483,
            0.016229059547185898,
            -0.030711594969034195
        ],
        [
            0.046421829611063004,
            0.02498897910118103,
            -0.04060962051153183
        ],
        [
            0.05529896169900894,
            0.024873903021216393,
            -0.05139252915978432
        ],
        [
            0.042025670409202576,
            0.02679021656513214,
            -0.020235100761055946
        ],
        [
            0.04375441372394562,
            0.026195209473371506,
            -0.03197538107633591
        ],
        [
            0.0544145293533802,
            0.016361054033041,
            -0.022185927256941795
        ],
        [
            0.052676938474178314,
            0.01756994053721428,
            -0.0121338851749897
        ],
        [
            0.08035443723201752,
            0.03735864907503128,
            -0.020938053727149963
        ],
        [
            0.08653751015663147,
            0.03338300436735153,
            -0.014027521014213562
        ],
        [
            0.08818493783473969,
            0.03376401215791702,
            -0.020542513579130173
        ],
        [
            0.08276566863059998,
            0.037984561175107956,
            -0.026397913694381714
        ],
        [
            0.10685627162456512,
            0.05922054499387741,
            -0.04339861869812012
        ],
        [
            0.1035647988319397,
            0.042209744453430176,
            -0.049847930669784546
        ],
        [
            0.09744030237197876,
            0.0472642257809639,
            -0.049985527992248535
        ],
        [
            0.1039385199546814,
            0.06214015185832977,
            -0.039522040635347366
        ],
        [
            0.10002724826335907,
            0.029337191954255104,
            0.012803763151168823
        ],
        [
            0.10569194704294205,
            0.018084373325109482,
            0.017967138439416885
        ],
        [
            0.1087987869977951,
            0.016588084399700165,
            0.01305774599313736
        ],
        [
            0.10253840684890747,
            0.02669651061296463,
            0.008958693593740463
        ],
        [
            0.11727626621723175,
            0.01991349458694458,
            -0.005505897104740143
        ],
        [
            0.11904589831829071,
            0.0114634670317173,
            -0.0010089203715324402
        ],
        [
            0.12427282333374023,
            0.0008039139211177826,
            -0.006201021373271942
        ],
        [
            0.1232389584183693,
            0.008288189768791199,
            -0.013095296919345856
        ],
        [
            0.11672794818878174,
            0.02777736261487007,
            -0.01016288623213768
        ],
        [
            0.12399345636367798,
            0.019477713853120804,
            -0.01724526658654213
        ],
        [
            0.12451852858066559,
            0.029956765472888947,
            -0.01985536888241768
        ],
        [
            0.12445040047168732,
            0.04695853963494301,
            -0.02424691617488861
        ],
        [
            0.0972791388630867,
            0.018355313688516617,
            0.027690738439559937
        ],
        [
            0.09224646538496017,
            0.02705497294664383,
            0.025557365268468857
        ],
        [
            0.05290674418210983,
            0.07994433492422104,
            -0.0725053995847702
        ],
        [
            0.05011182650923729,
            0.08082516491413116,
            -0.06731212139129639
        ],
        [
            0.05219776928424835,
            0.07731795310974121,
            -0.06696468591690063
        ],
        [
            0.05422913655638695,
            0.07715874165296555,
            -0.07246033847332001
        ],
        [
            0.07818801701068878,
            0.011737611144781113,
            0.02956349402666092
        ],
        [
            0.07332965731620789,
            0.003653779625892639,
            0.02597125619649887
        ],
        [
            0.07793860882520676,
            0.001257140189409256,
            0.031107142567634583
        ],
        [
            0.08386451005935669,
            0.0082608163356781,
            0.03321332484483719
        ],
        [
            0.07073269784450531,
            0.01632833480834961,
            0.02468528226017952
        ],
        [
            0.06748129427433014,
            0.00739612802863121,
            0.018581677228212357
        ],
        [
            0.044323571026325226,
            0.07874984294176102,
            -0.08206041157245636
        ],
        [
            0.049244225025177,
            0.07960493117570877,
            -0.08073117583990097
        ],
        [
            0.049304962158203125,
            0.07486002147197723,
            -0.08114910870790482
        ],
        [
            0.044505901634693146,
            0.07303396612405777,
            -0.08129721879959106
        ],
        [
            0.08333244919776917,
            0.047708917409181595,
            -0.05089961737394333
        ],
        [
            0.08053112775087357,
            0.04593818634748459,
            -0.042462728917598724
        ],
        [
            0.07061594724655151,
            0.053125739097595215,
            -0.06157951056957245
        ],
        [
            0.07323325425386429,
            0.04959214851260185,
            -0.05362439155578613
        ],
        [
            0.0777086690068245,
            0.04784487932920456,
            -0.058842603117227554
        ],
        [
            0.07409558445215225,
            0.049982745200395584,
            -0.06543374806642532
        ],
        [
            0.06351570785045624,
            0.0477190762758255,
            -0.03186227008700371
        ],
        [
            0.07106717675924301,
            0.042003341019153595,
            -0.024981947615742683
        ],
        [
            0.073292575776577,
            0.04244615510106087,
            -0.03134377300739288
        ],
        [
            0.06634832173585892,
            0.04907435551285744,
            -0.03995418921113014
        ],
        [
            0.06616238504648209,
            0.04490030184388161,
            -0.01198892667889595
        ],
        [
            0.058883748948574066,
            0.04978393018245697,
            -0.019886955618858337
        ],
        [
            0.057015929371118546,
            0.05069873481988907,
            -0.011545306071639061
        ],
        [
            0.06299186497926712,
            0.048013582825660706,
            -0.00724438950419426
        ],
        [
            0.04839562252163887,
            0.05711266025900841,
            -0.0360422283411026
        ],
        [
            0.043950404971838,
            0.05945541709661484,
            -0.04044751077890396
        ],
        [
            0.043111588805913925,
            0.060871027410030365,
            -0.03703008592128754
        ],
        [
            0.047245800495147705,
            0.057064734399318695,
            -0.03254364803433418
        ],
        [
            0.0822409987449646,
            -0.002153780311346054,
            0.035633452236652374
        ],
        [
            0.08950977772474289,
            0.004454020410776138,
            0.03590424358844757
        ],
        [
            0.039117977023124695,
            0.0320555716753006,
            0.0009880606085062027
        ],
        [
            0.04402363300323486,
            0.036224596202373505,
            0.01016821525990963
        ],
        [
            0.034648552536964417,
            0.044278278946876526,
            0.0052144210785627365
        ],
        [
            0.030843261629343033,
            0.03727243095636368,
            -0.003758370876312256
        ],
        [
            0.0721418485045433,
            -0.0026839450001716614,
            0.017827555537223816
        ],
        [
            0.07505011558532715,
            -0.005713608115911484,
            0.024459518492221832
        ],
        [
            0.038729358464479446,
            0.07833074778318405,
            -0.07955522835254669
        ],
        [
            0.039559464901685715,
            0.07237939536571503,
            -0.07801291346549988
        ],
        [
            0.12335389852523804,
            0.020608190447092056,
            -0.029660914093255997
        ],
        [
            0.12458792328834534,
            0.042469270527362823,
            -0.033244095742702484
        ],
        [
            0.12157225608825684,
            0.0064405351877212524,
            -0.023447927087545395
        ],
        [
            0.11934919655323029,
            -0.0024507716298103333,
            -0.01737205684185028
        ],
        [
            0.1202189177274704,
            -0.009237859398126602,
            -0.011455714702606201
        ],
        [
            0.06758759915828705,
            0.052003420889377594,
            -0.05129142850637436
        ],
        [
            0.07878537476062775,
            0.042201921343803406,
            -0.0340241976082325
        ],
        [
            0.07838219404220581,
            0.03770861402153969,
            -0.01602952927350998
        ],
        [
            0.0652969628572464,
            0.04774872958660126,
            0.01013905182480812
        ],
        [
            0.07267456501722336,
            0.043155524879693985,
            0.015940800309181213
        ],
        [
            0.0755995437502861,
            0.04417195916175842,
            0.0056633055210113525
        ],
        [
            0.06819052994251251,
            0.04746859148144722,
            0.0025812238454818726
        ],
        [
            0.04894397407770157,
            0.04438698664307594,
            0.013424411416053772
        ],
        [
            0.053719766438007355,
            0.04983238875865936,
            0.009784122928977013
        ],
        [
            0.04767453670501709,
            0.053291916847229004,
            0.005468955263495445
        ],
        [
            0.04140748828649521,
            0.04952356219291687,
            0.008489690721035004
        ],
        [
            0.1140894889831543,
            0.057966846972703934,
            -0.04544137790799141
        ],
        [
            0.1104007363319397,
            0.03878479450941086,
            -0.04858861863613129
        ],
        [
            0.0852963775396347,
            0.01962447166442871,
            0.030013076961040497
        ],
        [
            0.0913766622543335,
            0.01490534096956253,
            0.03153405711054802
        ],
        [
            0.09605586528778076,
            0.00839279219508171,
            0.03448061645030975
        ],
        [
            0.09412232041358948,
            0.031237302348017693,
            -0.001962680369615555
        ],
        [
            0.10422386229038239,
            0.024839140474796295,
            0.006168827414512634
        ],
        [
            0.10558543354272842,
            0.02433609589934349,
            0.001801472157239914
        ],
        [
            0.09422692656517029,
            0.029641881585121155,
            -0.006067413836717606
        ],
        [
            0.09622257202863693,
            0.03497646003961563,
            -0.01754465326666832
        ],
        [
            0.10512934625148773,
            0.030745122581720352,
            -0.009311255067586899
        ],
        [
            0.0982004851102829,
            0.0444607213139534,
            -0.018556300550699234
        ],
        [
            0.11384265124797821,
            0.013464443385601044,
            0.007315449416637421
        ],
        [
            0.11486995220184326,
            0.009670168161392212,
            0.01785361021757126
        ],
        [
            0.1194969117641449,
            0.006630081683397293,
            0.0108255073428154
        ],
        [
            0.10862308740615845,
            0.01065940409898758,
            0.025378327816724777
        ],
        [
            0.10206849128007889,
            0.010507341474294662,
            0.03143296018242836
        ],
        [
            0.07720343768596649,
            -0.011575277894735336,
            0.030288733541965485
        ],
        [
            0.12243518233299255,
            0.003414418548345566,
            0.0037331655621528625
        ],
        [
            0.11262691020965576,
            0.06129584088921547,
            -0.018856916576623917
        ],
        [
            0.11554517596960068,
            0.06922878324985504,
            -0.022753968834877014
        ],
        [
            0.1084643080830574,
            0.0689435750246048,
            -0.02501232549548149
        ],
        [
            0.10510870814323425,
            0.06153762340545654,
            -0.022113263607025146
        ],
        [
            0.0686543732881546,
            0.04290107637643814,
            -0.07356546074151993
        ],
        [
            0.07311990857124329,
            0.04768040031194687,
            -0.07035307586193085
        ],
        [
            0.08013364672660828,
            0.0448884591460228,
            -0.06388959288597107
        ],
        [
            0.09066396951675415,
            0.036109842360019684,
            0.01124875620007515
        ],
        [
            0.08457426726818085,
            0.034000150859355927,
            0.02214968204498291
        ],
        [
            0.06490959972143173,
            0.05518711730837822,
            -0.0590219721198082
        ],
        [
            0.04479517787694931,
            0.06811250746250153,
            -0.08122768998146057
        ],
        [
            0.05032651126384735,
            0.07028736174106598,
            -0.08123510330915451
        ],
        [
            0.05921497568488121,
            0.0549185648560524,
            -0.07860933244228363
        ],
        [
            0.05272969603538513,
            0.0524129718542099,
            -0.07881347835063934
        ],
        [
            0.054110996425151825,
            0.05651552602648735,
            -0.06035666540265083
        ],
        [
            0.06124985218048096,
            0.05710182711482048,
            -0.06019650772213936
        ],
        [
            0.05867355689406395,
            0.05799200385808945,
            -0.06027761101722717
        ],
        [
            0.05225357785820961,
            0.058401379734277725,
            -0.05863294377923012
        ],
        [
            0.042720258235931396,
            0.060411252081394196,
            -0.027635160833597183
        ],
        [
            0.046358294785022736,
            0.05712981894612312,
            -0.02394065074622631
        ],
        [
            0.047220706939697266,
            0.03629869222640991,
            -0.058752868324518204
        ],
        [
            0.05482890456914902,
            0.03133933246135712,
            -0.0686313658952713
        ],
        [
            0.06346017122268677,
            0.026415880769491196,
            -0.0612228624522686
        ],
        [
            0.06122110038995743,
            0.04817274585366249,
            -0.024746188893914223
        ],
        [
            0.054151780903339386,
            0.05343884229660034,
            -0.030250176787376404
        ],
        [
            0.05257333070039749,
            0.05371569097042084,
            -0.02644098922610283
        ],
        [
            0.06304027140140533,
            0.053722042590379715,
            -0.0510367825627327
        ],
        [
            0.059380851686000824,
            0.05594509840011597,
            -0.056493256241083145
        ],
        [
            0.05745352804660797,
            0.055533282458782196,
            -0.052107833325862885
        ],
        [
            0.0608852319419384,
            0.0532059483230114,
            -0.04592830315232277
        ],
        [
            0.052958711981773376,
            0.028227724134922028,
            0.0159376822412014
        ],
        [
            0.05821870267391205,
            0.037991732358932495,
            0.019834276288747787
        ],
        [
            0.0525057390332222,
            0.07978817820549011,
            -0.07733016461133957
        ],
        [
            0.05309832841157913,
            0.07623378187417984,
            -0.07772238552570343
        ],
        [
            0.06871389597654343,
            0.042611122131347656,
            -0.01815716177225113
        ],
        [
            0.07297319173812866,
            0.02047550305724144,
            -0.05175332725048065
        ],
        [
            0.0764785036444664,
            0.038580119609832764,
            -0.01087687537074089
        ],
        [
            0.03063211217522621,
            0.04576786980032921,
            -0.021138902753591537
        ],
        [
            0.03366916999220848,
            0.053610365837812424,
            -0.017358379438519478
        ],
        [
            0.03249979764223099,
            0.05722421780228615,
            -0.020420067012310028
        ],
        [
            0.02874775044620037,
            0.053526557981967926,
            -0.024067502468824387
        ],
        [
            0.0441473089158535,
            0.07039004564285278,
            -0.06137349084019661
        ],
        [
            0.04919453337788582,
            0.07310891896486282,
            -0.06210685893893242
        ],
        [
            0.0475565567612648,
            0.07668773084878922,
            -0.06279575079679489
        ],
        [
            0.04185584932565689,
            0.07511094212532043,
            -0.06258995085954666
        ],
        [
            0.06606368720531464,
            0.05664918199181557,
            -0.06351684033870697
        ],
        [
            0.0694819837808609,
            0.05450865253806114,
            -0.06848592311143875
        ],
        [
            0.06515471637248993,
            0.05926012247800827,
            -0.06903813779354095
        ],
        [
            0.062022045254707336,
            0.05935186147689819,
            -0.06395763158798218
        ],
        [
            0.0675494521856308,
            0.052057161927223206,
            -0.07361317425966263
        ],
        [
            0.06379759311676025,
            0.0571843646466732,
            -0.07482355833053589
        ],
        [
            0.03927379101514816,
            0.06768858432769775,
            -0.06463367491960526
        ],
        [
            0.03747223690152168,
            0.06613891571760178,
            -0.07174059003591537
        ],
        [
            0.043804045766592026,
            0.051700275391340256,
            -0.0681539922952652
        ],
        [
            0.04566665366292,
            0.056421056389808655,
            -0.06200990080833435
        ],
        [
            0.061747580766677856,
            0.007682740688323975,
            -0.004697367548942566
        ],
        [
            0.05921636521816254,
            0.011170584708452225,
            0.0056200213730335236
        ],
        [
            0.049873556941747665,
            0.02097909152507782,
            -0.0015046559274196625
        ],
        [
            0.03945275396108627,
            0.029996301978826523,
            -0.008287951350212097
        ],
        [
            0.03106706216931343,
            0.03900044038891792,
            -0.015571260824799538
        ],
        [
            0.03231778368353844,
            0.0340348556637764,
            -0.02677619457244873
        ],
        [
            0.04955475032329559,
            0.02303449437022209,
            0.006502438336610794
        ],
        [
            0.04756167531013489,
            0.05100641027092934,
            -0.060765910893678665
        ],
        [
            0.048148319125175476,
            0.042951252311468124,
            -0.06533604115247726
        ],
        [
            0.04562442749738693,
            0.044489532709121704,
            -0.06101958453655243
        ],
        [
            0.07423609495162964,
            0.04153495654463768,
            -0.0043606236577034
        ],
        [
            0.05435645207762718,
            0.07231436669826508,
            -0.07832431048154831
        ],
        [
            0.09903553128242493,
            -0.01455281674861908,
            -0.013858523219823837
        ],
        [
            0.08854380249977112,
            -0.015717729926109314,
            -0.004989270120859146
        ],
        [
            0.08576938509941101,
            -0.010343808680772781,
            -0.011469613760709763
        ],
        [
            0.09820724278688431,
            -0.007919903844594955,
            -0.021473482251167297
        ],
        [
            0.054199498146772385,
            0.07449518889188766,
            -0.06675437092781067
        ],
        [
            0.056468430906534195,
            0.07419867813587189,
            -0.07263577729463577
        ],
        [
            0.04384111613035202,
            0.05916854739189148,
            -0.018265340477228165
        ],
        [
            0.04047653451561928,
            0.06156766414642334,
            -0.02239925041794777
        ],
        [
            0.03729716315865517,
            0.061659909784793854,
            -0.020084965974092484
        ],
        [
            0.040464848279953,
            0.06179438903927803,
            -0.014773625880479813
        ],
        [
            0.059457290917634964,
            0.012692324817180634,
            0.01143910363316536
        ],
        [
            0.03214479610323906,
            0.052480340003967285,
            0.0027523301541805267
        ],
        [
            0.02797957882285118,
            0.04570033401250839,
            -0.005962364375591278
        ],
        [
            0.0673605352640152,
            0.0025132112205028534,
            0.0113757885992527
        ],
        [
            0.06919547915458679,
            -0.001122109591960907,
            0.0024496987462043762
        ],
        [
            0.07425510883331299,
            -0.007314626127481461,
            0.008090686053037643
        ],
        [
            0.03562086820602417,
            0.03797595202922821,
            -0.04121331498026848
        ],
        [
            0.06303106993436813,
            0.007039222866296768,
            -0.013290099799633026
        ],
        [
            0.07118169963359833,
            -0.0017617158591747284,
            -0.004954967647790909
        ],
        [
            0.07730506360530853,
            -0.00920049101114273,
            0.0014368407428264618
        ],
        [
            0.08091025054454803,
            -0.01480412483215332,
            0.006478648632764816
        ],
        [
            0.07729487121105194,
            -0.012063782662153244,
            0.013274937868118286
        ],
        [
            0.04016605019569397,
            0.06685245037078857,
            -0.07711544632911682
        ],
        [
            0.03550556302070618,
            0.07242289185523987,
            -0.07243330031633377
        ],
        [
            0.07952967286109924,
            -0.018617723137140274,
            0.01919291913509369
        ],
        [
            0.08398772776126862,
            -0.020946349948644638,
            0.01137048751115799
        ],
        [
            0.07492545247077942,
            -0.00236719474196434,
            -0.013394184410572052
        ],
        [
            0.0810466781258583,
            -0.0015465766191482544,
            -0.023813940584659576
        ],
        [
            0.06705282628536224,
            0.0063842348754405975,
            -0.02107686549425125
        ],
        [
            0.07214364409446716,
            0.007569931447505951,
            -0.03181702271103859
        ],
        [
            0.03908524662256241,
            0.031123319640755653,
            -0.049118898808956146
        ],
        [
            0.03471344709396362,
            0.09173719584941864,
            -0.07038500905036926
        ],
        [
            0.034884706139564514,
            0.08000340312719345,
            -0.06841849535703659
        ],
        [
            0.03923509269952774,
            0.08029904216527939,
            -0.06454098969697952
        ],
        [
            0.03641698881983757,
            0.09103758633136749,
            -0.06636527925729752
        ],
        [
            0.037223752588033676,
            0.07348531484603882,
            -0.06588880717754364
        ],
        [
            0.034739840775728226,
            0.07869917154312134,
            -0.07402335107326508
        ],
        [
            0.08330065757036209,
            0.012551460415124893,
            -0.042986128479242325
        ],
        [
            0.05277935415506363,
            0.0577213391661644,
            -0.05696197226643562
        ],
        [
            0.09643267095088959,
            0.004864528775215149,
            -0.03505249321460724
        ],
        [
            0.09375016391277313,
            0.024656828492879868,
            -0.053547829389572144
        ],
        [
            0.10469113290309906,
            0.020670581609010696,
            -0.04635914787650108
        ],
        [
            0.11099085956811905,
            -0.0025227852165699005,
            -0.026615440845489502
        ],
        [
            0.11533920466899872,
            0.01208854466676712,
            -0.03665168583393097
        ],
        [
            0.1114969551563263,
            -0.01565157249569893,
            -0.012300975620746613
        ],
        [
            0.10945992916822433,
            -0.009716834872961044,
            -0.019050326198339462
        ],
        [
            0.11864586174488068,
            0.03032008931040764,
            -0.04145108163356781
