{
    "pred_cam": [
        6.908073902130127,
        -0.15933816134929657,
        -0.05414725840091705
    ],
    "pred_mano_params": {
        "global_orient": [
            [
                [
                    -0.3587919771671295,
                    -0.9191681146621704,
                    0.1624753773212433
                ],
                [
                    -0.5924683809280396,
                    0.08975358307361603,
                    -0.8005781769752502
                ],
                [
                    0.7212831974029541,
                    -0.3835025429725647,
                    -0.5767808556556702
                ]
            ]
        ],
        "hand_pose": [
            [
                [
                    0.7179707288742065,
                    -0.565670907497406,
                    -0.40562838315963745
                ],
                [
                    0.5618341565132141,
                    0.8149624466896057,
                    -0.14205136895179749
                ],
                [
                    0.4109262228012085,
                    -0.12590713798999786,
                    0.9029324054718018
                ]
            ],
            [
                [
                    0.994210422039032,
                    -0.04144773632287979,
                    0.0991351529955864
                ],
                [
                    0.05630725249648094,
                    0.9867535829544067,
                    -0.15214119851589203
                ],
                [
                    -0.09151604771614075,
                    0.15684238076210022,
                    0.9833744764328003
                ]
            ],
            [
                [
                    0.8504933714866638,
                    -0.5240927338600159,
                    0.04458479955792427
                ],
                [
                    0.5088291764259338,
                    0.7983183264732361,
                    -0.32215017080307007
                ],
                [
                    0.13324370980262756,
                    0.29667264223098755,
                    0.945638120174408
                ]
            ],
            [
                [
                    0.7056265473365784,
                    -0.6268852949142456,
                    -0.33031201362609863
                ],
                [
                    0.6182763576507568,
                    0.7724351286888123,
                    -0.14518387615680695
                ],
                [
                    0.3461582362651825,
                    -0.1017785295844078,
                    0.9326390624046326
                ]
            ],
            [
                [
                    0.9717471599578857,
                    -0.22983062267303467,
                    -0.053715780377388
                ],
                [
                    0.23511835932731628,
                    0.9226923584938049,
                    0.3055456280708313
                ],
                [
                    -0.020660603418946266,
                    -0.3095426559448242,
                    0.9506610631942749
                ]
            ],
            [
                [
                    0.7923404574394226,
                    -0.5721319317817688,
                    -0.21180547773838043
                ],
                [
                    0.5998726487159729,
                    0.7938647270202637,
                    0.09965764731168747
                ],
                [
                    0.11112756282091141,
                    -0.2060191035270691,
                    0.9722174406051636
                ]
            ],
            [
                [
                    0.43007326126098633,
                    -0.7233871221542358,
                    0.5401369333267212
                ],
                [
                    0.7119685411453247,
                    0.6396410465240479,
                    0.28975868225097656
                ],
                [
                    -0.5551014542579651,
                    0.25994306802749634,
                    0.7901213765144348
                ]
            ],
            [
                [
                    0.9361699819564819,
                    -0.12003713846206665,
                    -0.33041912317276
                ],
                [
                    0.22953186929225922,
                    0.9206168055534363,
                    0.31587955355644226
                ],
                [
                    0.26627206802368164,
                    -0.37155869603157043,
                    0.889406144618988
                ]
            ],
            [
                [
                    0.7713473439216614,
                    -0.6282016634941101,
                    0.10191141813993454
                ],
                [
                    0.6218659281730652,
                    0.7780318260192871,
                    0.08915822207927704
                ],
                [
                    -0.1352996677160263,
                    -0.005396715365350246,
                    0.9907900094985962
                ]
            ],
            [
                [
                    0.6557413339614868,
                    -0.7549827098846436,
                    -0.0021072374656796455
                ],
                [
                    0.7481647729873657,
                    0.6501889228820801,
                    -0.13230206072330475
                ],
                [
                    0.101255863904953,
                    0.08517936617136002,
                    0.9912072420120239
                ]
            ],
            [
                [
                    0.9712072014808655,
                    -0.21615013480186462,
                    -0.10017820447683334
                ],
                [
                    0.2382201999425888,
                    0.8860058784484863,
                    0.39779987931251526
                ],
                [
                    0.002773977816104889,
                    -0.41021057963371277,
                    0.9119865894317627
                ]
            ],
            [
                [
                    0.7851590514183044,
                    -0.4761494994163513,
                    -0.3959885537624359
                ],
                [
                    0.577502429485321,
                    0.793848991394043,
                    0.19051162898540497
                ],
                [
                    0.22364312410354614,
                    -0.37826627492904663,
                    0.8982751965522766
                ]
            ],
            [
                [
                    0.9867590665817261,
                    0.12270686030387878,
                    -0.10606376826763153
                ],
                [
                    -0.16179199516773224,
                    0.6987452507019043,
                    -0.6968346238136292
                ],
                [
                    -0.011394831351935863,
                    0.704768180847168,
                    0.7093461751937866
                ]
            ],
            [
                [
                    0.8685126900672913,
                    -0.2560442388057709,
                    -0.4244135916233063
                ],
                [
                    0.4401963949203491,
                    0.7920277118682861,
                    0.4229883551597595
                ],
                [
                    0.22784359753131866,
                    -0.5541961789131165,
                    0.8005958795547485
                ]
            ],
            [
                [
                    0.9249913096427917,
                    0.3589981198310852,
                    -0.124545156955719
                ],
                [
                    -0.35727518796920776,
                    0.933278501033783,
                    0.036683954298496246
                ],
                [
                    0.12940478324890137,
                    0.01056455448269844,
                    0.9915356040000916
                ]
            ]
        ],
        "betas": [
            -0.038133323192596436,
            -0.007895708084106445,
            -0.09520325064659119,
            0.013821035623550415,
            0.05438867211341858,
            0.050755854696035385,
            0.05971139669418335,
            -0.04397380352020264,
            0.009346067905426025,
            0.016986697912216187
        ]
    },
    "pred_cam_t": [
        -0.15933816134929657,
        -0.05414725840091705,
        5.65461540222168
    ],
    "focal_length": [
        5000.0,
        5000.0
    ],
    "pred_keypoints_3d": [
        [
            0.09595140069723129,
            0.006403360515832901,
            0.006210073828697205
        ],
        [
            0.12307113409042358,
            -0.0013658516108989716,
            -0.020160512998700142
        ],
        [
            0.145486980676651,
            -0.003708847798407078,
            -0.041207537055015564
        ],
        [
            0.1626625657081604,
            0.009670393541455269,
            -0.05744427070021629
        ],
        [
            0.17366109788417816,
            0.026278194040060043,
            -0.08784019947052002
        ],
        [
            0.13581052422523499,
            0.04172224923968315,
            -0.06749261170625687
        ],
        [
            0.15767934918403625,
            0.06579151749610901,
            -0.07390844076871872
        ],
        [
            0.17545531690120697,
            0.0791974738240242,
            -0.07499441504478455
        ],
        [
            0.1970396339893341,
            0.09007689356803894,
            -0.06577810645103455
        ],
        [
            0.1308198720216751,
            0.06521502882242203,
            -0.05973733216524124
        ],
        [
            0.15154162049293518,
            0.08932878077030182,
            -0.05920005217194557
        ],
        [
            0.17096883058547974,
            0.100849948823452,
            -0.053305890411138535
        ],
        [
            0.19269725680351257,
            0.10323034971952438,
            -0.03950412943959236
        ],
        [
            0.12464876472949982,
            0.07597029209136963,
            -0.035984862595796585
        ],
        [
            0.1482749581336975,
            0.09243188053369522,
            -0.0386924147605896
        ],
        [
            0.16940079629421234,
            0.10184545814990997,
            -0.029583923518657684
        ],
        [
            0.18617863953113556,
            0.10398536920547485,
            -0.009821273386478424
        ],
        [
            0.12284153699874878,
            0.08098398149013519,
            -0.014791712164878845
        ],
        [
            0.14231079816818237,
            0.08827002346515656,
            -0.01873304322361946
        ],
        [
            0.15909725427627563,
            0.09550171345472336,
            -0.013515045866370201
        ],
        [
            0.1728968322277069,
            0.09542535990476608,
            -0.0028935158625245094
        ]
    ],
    "pred_vertices": [
        [
            0.13233816623687744,
            0.021331021562218666,
            -0.03297477588057518
        ],
        [
            0.13031138479709625,
            0.015677884221076965,
            -0.024479851126670837
        ],
        [
            0.13803280889987946,
            0.013946007937192917,
            -0.03183802217245102
        ],
        [
            0.138668492436409,
            0.018648900091648102,
            -0.04007641226053238
        ],
        [
            0.1407814621925354,
            0.0008710138499736786,
            -0.01463308185338974
        ],
        [
            0.13973289728164673,
            -0.011337922886013985,
            -0.014089241623878479
        ],
        [
            0.15088538825511932,
            -0.008490519598126411,
            -0.027144338935613632
        ],
        [
            0.15100324153900146,
            0.001261875033378601,
            -0.02469477429986
        ],
        [
            0.14212557673454285,
            0.016375092789530754,
            -0.04674612358212471
        ],
        [
            0.14404591917991638,
            0.012525875121355057,
            -0.03746582195162773
        ],
        [
            0.13993772864341736,
            0.013584049418568611,
            -0.04964840039610863
        ],
        [
            0.1336003988981247,
            0.018074432387948036,
            -0.06099209189414978
        ],
        [
            0.13858595490455627,
            0.020454423502087593,
            -0.055808767676353455
        ],
        [
            0.13200287520885468,
            0.023941658437252045,
            -0.06760319322347641
        ],
        [
            0.12297914177179337,
            0.013995006680488586,
            -0.06034648418426514
        ],
        [
            0.12301748245954514,
            0.02738102339208126,
            -0.0692337304353714
        ],
        [
            0.10322543233633041,
            0.03074406459927559,
            -0.0465652197599411
        ],
        [
            0.09915675222873688,
            0.03922921419143677,
            -0.03667826950550079
        ],
        [
            0.10546811670064926,
            0.05101943761110306,
            -0.047801196575164795
        ],
        [
            0.10985668003559113,
            0.04121164232492447,
            -0.0564156100153923
        ],
        [
            0.10208887606859207,
            0.05854608863592148,
            -0.028481630608439445
        ],
        [
            0.10419533401727676,
            0.05505896359682083,
            -0.039699092507362366
        ],
        [
            0.09673803299665451,
            0.043432869017124176,
            -0.02904394082725048
        ],
        [
            0.09546448290348053,
            0.04701858013868332,
            -0.01947924494743347
        ],
        [
            0.12431050091981888,
            0.027392052114009857,
            -0.019763652235269547
        ],
        [
            0.12132784724235535,
            0.02151484414935112,
            -0.011261742562055588
        ],
        [
            0.12327422946691513,
            0.019110966473817825,
            -0.016430549323558807
        ],
        [
            0.12633401155471802,
            0.024545341730117798,
            -0.024265360087156296
        ],
        [
            0.14184285700321198,
            0.005112498998641968,
            -0.052017971873283386
        ],
        [
            0.13101276755332947,
            0.0006774105131626129,
            -0.05216585099697113
        ],
        [
            0.1340196281671524,
            0.00811670534312725,
            -0.05295172333717346
        ],
        [
            0.14481425285339355,
            0.009018778800964355,
            -0.049036916345357895
        ],
        [
            0.11737392097711563,
            0.011984024196863174,
            0.016098853200674057
        ],
        [
            0.10803002864122391,
            0.003537595272064209,
            0.02104908600449562
        ],
        [
            0.10873932391405106,
            -0.0006293952465057373,
            0.01696661487221718
        ],
        [
            0.11668962985277176,
            0.00820939987897873,
            0.013088036328554153
        ],
        [
            0.12068621814250946,
            -0.012463554739952087,
            0.001275487244129181
        ],
        [
            0.11073668301105499,
            -0.014399651437997818,
            0.005445912480354309
        ],
        [
            0.10247683525085449,
            -0.024049092084169388,
            -0.00022140145301818848
        ],
        [
            0.11003589630126953,
            -0.022344592958688736,
            -0.007104001939296722
        ],
        [
            0.1310328096151352,
            -0.011746000498533249,
            -0.0058902353048324585
        ],
        [
            0.12288028001785278,
            -0.021679043769836426,
            -0.011995837092399597
        ],
        [
            0.13398565351963043,
            -0.019836604595184326,
            -0.019801408052444458
        ],
        [
            0.14664636552333832,
            -0.014989588409662247,
            -0.03254106268286705
        ],
        [
            0.10369046032428741,
            0.012919649481773376,
            0.028708353638648987
        ],
        [
            0.11036816984415054,
            0.02032746747136116,
            0.026489820331335068
        ],
        [
            0.16777682304382324,
            0.06188315153121948,
            -0.07267287373542786
        ],
        [
            0.1667887419462204,
            0.06527157127857208,
            -0.0680096298456192
        ],
        [
            0.16363704204559326,
            0.06102227792143822,
            -0.06732062995433807
        ],
        [
            0.1648726910352707,
            0.05872982740402222,
            -0.07252541184425354
        ],
        [
            0.09089377522468567,
            0.02834368497133255,
            0.02568504959344864
        ],
        [
            0.08241502940654755,
            0.029353834688663483,
            0.020273245871067047
        ],
        [
            0.0807996615767479,
            0.02509964257478714,
            0.026001065969467163
        ],
        [
            0.08889797329902649,
            0.022495925426483154,
            0.03007952868938446
        ],
        [
            0.09360218793153763,
            0.03602093085646629,
            0.019859056919813156
        ],
        [
            0.08530953526496887,
            0.03485291451215744,
            0.012242130935192108
        ],
        [
            0.16278745234012604,
            0.0676162838935852,
            -0.08304931968450546
        ],
        [
            0.16593553125858307,
            0.06392127275466919,
            -0.08119774609804153
        ],
        [
            0.16143149137496948,
            0.06128749996423721,
            -0.08164074271917343
        ],
        [
            0.15777364373207092,
            0.06489667296409607,
            -0.08238204568624496
        ],
        [
            0.1391865313053131,
            0.0231370460242033,
            -0.04847865551710129
        ],
        [
            0.13581450283527374,
            0.026723770424723625,
            -0.0401453897356987
        ],
        [
            0.14311183989048004,
            0.03495113551616669,
            -0.059845421463251114
        ],
        [
            0.13924875855445862,
            0.03299183398485184,
            -0.05194466561079025
        ],
        [
            0.13960126042366028,
            0.027296915650367737,
            -0.05666901543736458
        ],
        [
            0.14178605377674103,
            0.030183464288711548,
            -0.0633770227432251
        ],
        [
            0.13058575987815857,
            0.044849663972854614,
            -0.03298453986644745
        ],
        [
            0.12651947140693665,
            0.03694242238998413,
            -0.02535589411854744
        ],
        [
            0.12870439887046814,
            0.034033820033073425,
            -0.030958469957113266
        ],
        [
            0.13421818614006042,
            0.04140771925449371,
            -0.040080659091472626
        ],
        [
            0.12522272765636444,
            0.04467911273241043,
            -0.01346677541732788
        ],
        [
            0.12887930870056152,
            0.05188310146331787,
            -0.022118352353572845
        ],
        [
            0.12761133909225464,
            0.05546846240758896,
            -0.014354262501001358
        ],
        [
            0.126202791929245,
            0.049571581184864044,
            -0.009207427501678467
        ],
        [
            0.1349015235900879,
            0.06129864603281021,
            -0.03937775641679764
        ],
        [
            0.13617746531963348,
            0.06503027677536011,
            -0.04415952414274216
        ],
        [
            0.13725292682647705,
            0.06817612051963806,
            -0.040796443819999695
        ],
        [
            0.13408558070659637,
            0.06330190598964691,
            -0.036085519939661026
        ],
        [
            0.07826747745275497,
            0.020662181079387665,
            0.030958954244852066
        ],
        [
            0.08678105473518372,
            0.01638910174369812,
            0.03349944204092026
        ],
        [
            0.10188059508800507,
            0.06678109616041183,
            -0.0080818310379982
        ],
        [
            0.10569961369037628,
            0.06575150787830353,
            0.002481423318386078
        ],
        [
            0.11005416512489319,
            0.07735531777143478,
            -0.004062578082084656
        ],
        [
            0.10434210300445557,
            0.07563024759292603,
            -0.01413218304514885
        ],
        [
            0.07757686078548431,
            0.02686735987663269,
            0.011396948248147964
        ],
        [
            0.07454144209623337,
            0.024184543639421463,
            0.018147923052310944
        ],
        [
            0.1595797836780548,
            0.07264436781406403,
            -0.08139074593782425
        ],
        [
            0.15485063195228577,
            0.0693855807185173,
            -0.07967701554298401
        ],
        [
            0.12215220928192139,
            -0.021824587136507034,
            -0.02637874335050583
        ],
        [
            0.13957907259464264,
            -0.0169973224401474,
            -0.03857097029685974
        ],
        [
            0.10859662294387817,
            -0.02246549353003502,
            -0.0176561176776886
        ],
        [
            0.09904913604259491,
            -0.022090226411819458,
            -0.01191786676645279
        ],
        [
            0.09230213612318039,
            -0.024563685059547424,
            -0.006763547658920288
        ],
        [
            0.1393374800682068,
            0.03938555717468262,
            -0.05051146447658539
        ],
        [
            0.13052017986774445,
            0.028438333421945572,
            -0.03241870924830437
        ],
        [
            0.1232127994298935,
            0.030119191855192184,
            -0.015537399798631668
        ],
        [
            0.12351959198713303,
            0.050187889486551285,
            0.008096367120742798
        ],
        [
            0.12060227990150452,
            0.042563602328300476,
            0.014802295714616776
        ],
        [
            0.12436548620462418,
            0.03857707232236862,
            0.005553189665079117
        ],
        [
            0.1255880445241928,
            0.04617198184132576,
            0.0013552196323871613
        ],
        [
            0.11424603313207626,
            0.06490249931812286,
            0.007440969347953796
        ],
        [
            0.12166908383369446,
            0.061936866492033005,
            0.005402825772762299
        ],
        [
            0.12335184961557388,
            0.06918580830097198,
            5.239620804786682e-05
        ],
        [
            0.11682676523923874,
            0.07405198365449905,
            0.0011901594698429108
        ],
        [
            0.1422363817691803,
            -0.0017360039055347443,
            -0.054983556270599365
        ],
        [
            0.12980486452579498,
            -0.006745077669620514,
            -0.05083662271499634
        ],
        [
            0.10045203566551208,
            0.024716101586818695,
            0.028522975742816925
        ],
        [
            0.09783868491649628,
            0.017699502408504486,
            0.030780930072069168
        ],
        [
            0.09288336336612701,
            0.0115591362118721,
            0.03395109251141548
        ],
        [
            0.12018273770809174,
            0.01577240228652954,
            0.001995690166950226
        ],
        [
            0.11639458686113358,
            0.005538620054721832,
            0.011056680232286453
        ],
        [
            0.11806124448776245,
            0.0030063651502132416,
            0.007829427719116211
        ],
        [
            0.11995582282543182,
            0.01436019316315651,
            -0.0009893104434013367
        ],
        [
            0.1306653767824173,
            0.010679522529244423,
            -0.014074467122554779
        ],
        [
            0.1302495151758194,
            0.0011318735778331757,
            -0.004432022571563721
        ],
        [
            0.1398981809616089,
            0.010603971779346466,
            -0.022055543959140778
        ],
        [
            0.1090003103017807,
            -0.007417019456624985,
            0.01257004588842392
        ],
        [
            0.10353539139032364,
            -0.007915474474430084,
            0.022099822759628296
        ],
        [
            0.10362312197685242,
            -0.014462586492300034,
            0.01607222855091095
        ],
        [
            0.10091111063957214,
            -0.0006028637290000916,
            0.028109975159168243
        ],
        [
            0.09741221368312836,
            0.006325967609882355,
            0.032539356499910355
        ],
        [
            0.06878140568733215,
            0.021041736006736755,
            0.023642607033252716
        ],
        [
            0.1027122288942337,
            -0.01949656754732132,
            0.009404651820659637
        ],
        [
            0.15647391974925995,
            0.0014529582113027573,
            -0.032925501465797424
        ],
        [
            0.16021840274333954,
            0.0031989552080631256,
            -0.04008861631155014
        ],
        [
            0.15615785121917725,
            0.008996114134788513,
            -0.04002877324819565
        ],
        [
            0.15249310433864594,
            0.007932931184768677,
            -0.03461369499564171
        ],
        [
            0.13372670114040375,
            0.031755879521369934,
            -0.07373341172933578
        ],
        [
            0.13962234556674957,
            0.029531467705965042,
            -0.06902492791414261
        ],
        [
            0.13727246224880219,
            0.02302687242627144,
            -0.06243518739938736
        ],
        [
            0.12080156058073044,
            0.022722799330949783,
            0.013259503990411758
        ],
        [
            0.11488296091556549,
            0.029300011694431305,
            0.022326819598674774
        ],
        [
            0.1428801417350769,
            0.04116278886795044,
            -0.05816083773970604
        ],
        [
            0.15309913456439972,
            0.062448374927043915,
            -0.08196020126342773
        ],
        [
            0.15709449350833893,
            0.05821330100297928,
            -0.08132186532020569
        ],
        [
            0.1443406492471695,
            0.04382195323705673,
            -0.07816550880670547
        ],
        [
            0.14017485082149506,
            0.049198612570762634,
            -0.07948146760463715
        ],
        [
            0.14150944352149963,
            0.051236335188150406,
            -0.06094471365213394
        ],
        [
            0.1440233737230301,
            0.044446058571338654,
            -0.05960996448993683
        ],
        [
            0.14435634016990662,
            0.047066811472177505,
            -0.059947893023490906
        ],
        [
            0.142814040184021,
            0.05347627028822899,
            -0.05915626883506775
        ],
        [
            0.13478192687034607,
            0.07038796693086624,
            -0.032082054764032364
        ],
        [
            0.1322106122970581,
            0.0659489706158638,
            -0.027985218912363052
        ],
        [
            0.11973811686038971,
            0.05162506923079491,
            -0.06399650871753693
        ],
        [
            0.1187426894903183,
            0.04160341992974281,
            -0.07253780215978622
        ],
        [
            0.11399015039205551,
            0.03265049308538437,
            -0.06442483514547348
        ],
        [
            0.12898322939872742,
            0.048307061195373535,
            -0.026515472680330276
        ],
        [
            0.13252903521060944,
            0.0558263324201107,
            -0.03279335796833038
        ],
        [
            0.13165529072284698,
            0.0581132173538208,
            -0.029383724555373192
        ],
        [
            0.13941597938537598,
            0.04419407993555069,
            -0.050986286252737045
        ],
        [
            0.14145226776599884,
            0.04707151651382446,
            -0.05668115243315697
        ],
        [
            0.13949520885944366,
            0.04977691173553467,
            -0.05307256802916527
        ],
        [
            0.13732613623142242,
            0.04691946506500244,
            -0.046572521328926086
        ],
        [
            0.10039428621530533,
            0.05523476377129555,
            0.008998680859804153
        ],
        [
            0.11046680808067322,
            0.05463984236121178,
            0.014970462769269943
        ],
        [
            0.16759537160396576,
            0.06161034107208252,
            -0.0774896889925003
        ],
        [
            0.16389334201812744,
            0.058800652623176575,
            -0.07781756669282913
        ],
        [
            0.12506453692913055,
            0.04046980291604996,
            -0.01915852352976799
        ],
        [
            0.10924630612134933,
            0.023212121799588203,
            -0.0534779392182827
        ],
        [
            0.12244850397109985,
            0.03303927183151245,
            -0.01088424026966095
        ],
        [
            0.11538700759410858,
            0.07605760544538498,
            -0.03020353987812996
        ],
        [
            0.12232329696416855,
            0.07749339938163757,
            -0.02535458281636238
        ],
        [
            0.1259947121143341,
            0.07957010716199875,
            -0.02832946553826332
        ],
        [
            0.12199766933917999,
            0.08057330548763275,
            -0.03315497934818268
        ],
        [
            0.1529233455657959,
            0.06560245901346207,
            -0.06246187537908554
        ],
        [
            0.1571984887123108,
            0.061602894216775894,
            -0.06234944239258766
        ],
        [
            0.16080766916275024,
            0.06546278297901154,
            -0.06374998390674591
        ],
        [
            0.15697318315505981,
            0.06980568170547485,
            -0.06417021155357361
        ],
        [
            0.14549075067043304,
            0.03936503082513809,
            -0.06216903030872345
        ],
        [
            0.14526011049747467,
            0.035007499158382416,
            -0.06668908894062042
        ],
        [
            0.148734450340271,
            0.04034929722547531,
            -0.06753707677125931
        ],
        [
            0.14716629683971405,
            0.04389585182070732,
            -0.06294947117567062
        ],
        [
            0.1430845409631729,
            0.035378918051719666,
            -0.07237089425325394
        ],
        [
            0.1472412794828415,
            0.04049679636955261,
            -0.07362291216850281
        ],
        [
            0.14904092252254486,
            0.0687507688999176,
            -0.06675568968057632
        ],
        [
            0.14733918011188507,
            0.06925532221794128,
            -0.07411592453718185
        ],
        [
            0.13530945777893066,
            0.058476198464632034,
            -0.07064740359783173
        ],
        [
            0.13974499702453613,
            0.05878455564379692,
            -0.06373197585344315
        ],
        [
            0.08790533989667892,
            0.03642924502491951,
            -0.011495843529701233
        ],
        [
            0.0884646624326706,
            0.0416528694331646,
            -0.0016241669654846191
        ],
        [
            0.09581314027309418,
            0.052493866533041,
            -0.009346771985292435
        ],
        [
            0.10182403773069382,
            0.06407935917377472,
            -0.01708354614675045
        ],
        [
            0.10845405608415604,
            0.07381933182477951,
            -0.02510605752468109
        ],
        [
            0.10680422931909561,
            0.06877383589744568,
            -0.036130696535110474
        ],
        [
            0.09614504873752594,
            0.05487290397286415,
            -0.0014362707734107971
        ],
        [
            0.13443629443645477,
            0.056101247668266296,
            -0.0637039989233017
        ],
        [
            0.12775850296020508,
            0.05219626799225807,
            -0.06874118000268936
        ],
        [
            0.12789452075958252,
            0.05565987899899483,
            -0.06544958055019379
        ],
        [
            0.12328232079744339,
            0.0372404046356678,
            -0.004738371819257736
        ],
        [
            0.15995638072490692,
            0.055357880890369415,
            -0.07778804004192352
        ],
        [
            0.0808180719614029,
            -0.007234212011098862,
            -0.014265410602092743
        ],
        [
            0.07502222806215286,
            0.0033748671412467957,
            -0.008470680564641953
        ],
        [
            0.08016091585159302,
            0.006870843470096588,
            -0.014731146395206451
        ],
        [
            0.08744796365499496,
            -0.005112882703542709,
            -0.020809657871723175
        ],
        [
            0.160494863986969,
            0.056803807616233826,
            -0.0660136342048645
        ],
        [
            0.16185103356838226,
            0.054389480501413345,
            -0.07174481451511383
        ],
        [
            0.1317395567893982,
            0.07056412100791931,
            -0.022940615192055702
        ],
        [
            0.1335768848657608,
            0.07389967143535614,
            -0.02761872112751007
        ],
        [
            0.13180997967720032,
            0.07737216353416443,
            -0.026425905525684357
        ],
        [
            0.13193479180335999,
            0.07598765939474106,
            -0.02045021578669548
        ],
        [
            0.08891646564006805,
            0.04290716350078583,
            0.004231389611959457
        ],
        [
            0.11645293235778809,
            0.08310218900442123,
            -0.008707856759428978
        ],
        [
            0.11064130067825317,
            0.08139581978321075,
            -0.017422368749976158
        ],
        [
            0.08200022578239441,
            0.032062482088804245,
            0.004691410809755325
        ],
        [
            0.08085426688194275,
            0.027625087648630142,
            -0.0039842091500759125
        ],
        [
            0.07573756575584412,
            0.021682865917682648,
            0.0018920190632343292
        ],
        [
            0.1141497939825058,
            0.0653064101934433,
            -0.049215205013751984
        ],
        [
            0.08928420394659042,
            0.03364819288253784,
            -0.019651178270578384
        ],
        [
            0.08225664496421814,
            0.02437470108270645,
            -0.010819558054208755
        ],
        [
            0.07620615512132645,
            0.017114002257585526,
            -0.004109621047973633
        ],
        [
            0.07129286974668503,
            0.012587174773216248,
            0.0009738430380821228
        ],
        [
            0.07139762490987778,
            0.018013469874858856,
            0.007078666239976883
        ],
        [
            0.1497032791376114,
            0.06675845384597778,
            -0.07870563864707947
        ],
        [
            0.1525428742170334,
            0.07318875193595886,
            -0.07494433969259262
        ],
        [
            0.06498949229717255,
            0.014552861452102661,
            0.01261066272854805
        ],
        [
            0.06571892648935318,
            0.0083257295191288,
            0.005745675414800644
        ],
        [
            0.08446080982685089,
            0.019348088651895523,
            -0.018253464251756668
        ],
        [
            0.08844023197889328,
            0.012487072497606277,
            -0.0264580138027668
        ],
        [
            0.09139659255743027,
            0.028476465493440628,
            -0.02639833837747574
        ],
        [
            0.09567812085151672,
            0.02257635071873665,
            -0.03539256751537323
        ],
        [
            0.11031463742256165,
            0.058755695819854736,
            -0.057264119386672974
        ],
        [
            0.16752803325653076,
            0.08394268900156021,
            -0.07391073554754257
        ],
        [
            0.15804973244667053,
            0.0774393305182457,
            -0.07103219628334045
        ],
        [
            0.16050375998020172,
            0.07461988925933838,
            -0.06648411601781845
        ],
        [
            0.16795098781585693,
            0.08294538408517838,
            -0.06953289359807968
        ],
        [
            0.15368863940238953,
            0.07276737689971924,
            -0.06824102997779846
        ],
        [
            0.1572643369436264,
            0.07650516927242279,
            -0.07672449946403503
        ],
        [
            0.10352010279893875,
            0.01235136017203331,
            -0.04318536818027496
        ],
        [
            0.14126542210578918,
            0.05393465608358383,
            -0.05830572545528412
        ],
        [
            0.09884856641292572,
            -0.0009815730154514313,
            -0.032847147434949875
        ],
        [
            0.11599027365446091,
            0.0044615138322114944,
            -0.05269690603017807
        ],
        [
            0.11477334797382355,
            -0.0059177204966545105,
            -0.04408978298306465
        ],
        [
            0.09619425237178802,
            -0.015444666147232056,
            -0.02252279222011566
        ],
        [
            0.11031447350978851,
            -0.016646869480609894,
            -0.032424621284008026
        ],
        [
            0.08347953855991364,
            -0.018849987536668777,
            -0.010176792740821838
        ],
        [
            0.0889783501625061,
            -0.015733972191810608,
            -0.016250140964984894
        ],
        [
            0.125643789768219,
            -0.015941590070724487,
            -0.04125678911805153
        ],
        [
