{
    "pred_cam": [
        8.18484115600586,
        -0.1578381508588791,
        -0.04778406769037247
    ],
    "pred_mano_params": {
        "global_orient": [
            [
                [
                    -0.3527821898460388,
                    -0.9245256781578064,
                    0.14421164989471436
                ],
                [
                    -0.576823890209198,
                    0.09352458268404007,
                    -0.8114969730377197
                ],
                [
                    0.7367624640464783,
                    -0.3694664239883423,
                    -0.5662822723388672
                ]
            ]
        ],
        "hand_pose": [
            [
                [
                    0.7004537582397461,
                    -0.5777567625045776,
                    -0.41900065541267395
                ],
                [
                    0.5690164566040039,
                    0.8064558506011963,
                    -0.16077688336372375
                ],
                [
                    0.43079549074172974,
                    -0.12580148875713348,
                    0.8936381340026855
                ]
            ],
            [
                [
                    0.994291365146637,
                    -0.047952763736248016,
                    0.09531641006469727
                ],
                [
                    0.06296215951442719,
                    0.9848954081535339,
                    -0.16129730641841888
                ],
                [
                    -0.08614204078912735,
                    0.16637784242630005,
                    0.9822922348976135
                ]
            ],
            [
                [
                    0.8456397652626038,
                    -0.5330997705459595,
                    0.026419471949338913
                ],
                [
                    0.5135902166366577,
                    0.7992200255393982,
                    -0.3122057318687439
                ],
                [
                    0.1453218311071396,
                    0.2775823771953583,
                    0.949647068977356
                ]
            ],
            [
                [
                    0.6928758025169373,
                    -0.6392192840576172,
                    -0.333649218082428
                ],
                [
                    0.624427080154419,
                    0.763312578201294,
                    -0.16566427052021027
                ],
                [
                    0.36057448387145996,
                    -0.09355485439300537,
                    0.9280266761779785
                ]
            ],
            [
                [
                    0.9668713212013245,
                    -0.24538876116275787,
                    -0.07031495869159698
                ],
                [
                    0.25517594814300537,
                    0.9218997359275818,
                    0.29152366518974304
                ],
                [
                    -0.006713283248245716,
                    -0.2998085618019104,
                    0.9539757370948792
                ]
            ],
            [
                [
                    0.7869007587432861,
                    -0.5684499144554138,
                    -0.24010801315307617
                ],
                [
                    0.6042814254760742,
                    0.7886892557144165,
                    0.1131957620382309
                ],
                [
                    0.1250244677066803,
                    -0.23416665196418762,
                    0.9641239047050476
                ]
            ],
            [
                [
                    0.4217723309993744,
                    -0.7404910326004028,
                    0.5232409834861755
                ],
                [
                    0.7130679488182068,
                    0.6273373365402222,
                    0.31302082538604736
                ],
                [
                    -0.5600376725196838,
                    0.2410827875137329,
                    0.7926139831542969
                ]
            ],
            [
                [
                    0.9299799799919128,
                    -0.11348691582679749,
                    -0.349653959274292
                ],
                [
                    0.21219199895858765,
                    0.9424212574958801,
                    0.25848931074142456
                ],
                [
                    0.3001861572265625,
                    -0.3145836889743805,
                    0.9005139470100403
                ]
            ],
            [
                [
                    0.779034435749054,
                    -0.6140332221984863,
                    0.1267615258693695
                ],
                [
                    0.6094827055931091,
                    0.7890851497650146,
                    0.0766516700387001
                ],
                [
                    -0.1470923125743866,
                    0.017544658854603767,
                    0.9889671206474304
                ]
            ],
            [
                [
                    0.6687036752700806,
                    -0.7434864640235901,
                    -0.007957464084029198
                ],
                [
                    0.7357608675956726,
                    0.6632223129272461,
                    -0.13708436489105225
                ],
                [
                    0.10719794034957886,
                    0.08581402152776718,
                    0.9905274510383606
                ]
            ],
            [
                [
                    0.9645963311195374,
                    -0.2366754114627838,
                    -0.11635557562112808
                ],
                [
                    0.2635176479816437,
                    0.8826707601547241,
                    0.3891667425632477
                ],
                [
                    0.010597472079098225,
                    -0.40605059266090393,
                    0.9137891530990601
                ]
            ],
            [
                [
                    0.76844722032547,
                    -0.47878071665763855,
                    -0.4245678782463074
                ],
                [
                    0.5980615615844727,
                    0.7733493447303772,
                    0.21036453545093536
                ],
                [
                    0.22762076556682587,
                    -0.41557177901268005,
                    0.8806185126304626
                ]
            ],
            [
                [
                    0.9913815259933472,
                    0.09362360835075378,
                    -0.09163733571767807
                ],
                [
                    -0.13082551956176758,
                    0.6707227230072021,
                    -0.7300792336463928
                ],
                [
                    -0.006889404263347387,
                    0.7357755303382874,
                    0.6771904826164246
                ]
            ],
            [
                [
                    0.8661965727806091,
                    -0.24501457810401917,
                    -0.4355126917362213
                ],
                [
                    0.43272918462753296,
                    0.8036417961120605,
                    0.4085405170917511
                ],
                [
                    0.2498977929353714,
                    -0.5423354506492615,
                    0.8021367192268372
                ]
            ],
            [
                [
                    0.9199952483177185,
                    0.37580785155296326,
                    -0.11125301569700241
                ],
                [
                    -0.36980682611465454,
                    0.9263777136802673,
                    0.0711846798658371
                ],
                [
                    0.12981407344341278,
                    -0.024347444996237755,
                    0.9912394285202026
                ]
            ]
        ],
        "betas": [
            -0.027030348777770996,
            -0.02213844656944275,
            -0.0939185619354248,
            0.010076969861984253,
            0.04196557402610779,
            0.045813802629709244,
            0.0716983824968338,
            -0.05364525318145752,
            0.025737449526786804,
            0.011213868856430054
        ]
    },
    "pred_cam_t": [
        -0.1578381508588791,
        -0.04778406769037247,
        4.7725419998168945
    ],
    "focal_length": [
        5000.0,
        5000.0
    ],
    "pred_keypoints_3d": [
        [
            0.09589994698762894,
            0.006394426338374615,
            0.006211764179170132
        ],
        [
            0.1224595159292221,
            -0.0020825397223234177,
            -0.020447466522455215
        ],
        [
            0.1455923467874527,
            -0.0045875059440732,
            -0.040644921362400055
        ],
        [
            0.1628786027431488,
            0.009104381315410137,
            -0.05647515505552292
        ],
        [
            0.17336039245128632,
            0.025147033855319023,
            -0.08733860403299332
        ],
        [
            0.1348467469215393,
            0.04007967934012413,
            -0.06864865124225616
        ],
        [
            0.15686021745204926,
            0.06402230262756348,
            -0.07496301829814911
        ],
        [
            0.17472133040428162,
            0.0773177444934845,
            -0.07576850801706314
        ],
        [
            0.19599364697933197,
            0.08818229287862778,
            -0.0658748522400856
        ],
        [
            0.13024766743183136,
            0.06373122334480286,
            -0.06121361255645752
        ],
        [
            0.1511150300502777,
            0.0877036526799202,
            -0.060871560126543045
        ],
        [
            0.17047865688800812,
            0.0990416556596756,
            -0.05446825176477432
        ],
        [
            0.19151164591312408,
            0.10118097066879272,
            -0.03955730423331261
        ],
        [
            0.12459740042686462,
            0.07492773979902267,
            -0.03756240755319595
        ],
        [
            0.14806026220321655,
            0.09142014384269714,
            -0.04123074561357498
        ],
        [
            0.16922366619110107,
            0.10089734196662903,
            -0.03230578452348709
        ],
        [
            0.1855725198984146,
            0.1025606095790863,
            -0.012122441083192825
        ],
        [
            0.12319682538509369,
            0.08029765635728836,
            -0.01644119620323181
        ],
        [
            0.14283907413482666,
            0.08702780306339264,
            -0.020482860505580902
        ],
        [
            0.1596028059720993,
            0.0947071835398674,
            -0.015904318541288376
        ],
        [
            0.17384706437587738,
            0.09527942538261414,
            -0.005966348573565483
        ]
    ],
    "pred_vertices": [
        [
            0.1318104863166809,
            0.020297793671488762,
            -0.03376602381467819
        ],
        [
            0.1297955960035324,
            0.01485149934887886,
            -0.025125853717327118
        ],
        [
            0.13753247261047363,
            0.013046884909272194,
            -0.03222791850566864
        ],
        [
            0.13807909190654755,
            0.017496950924396515,
            -0.04077514633536339
        ],
        [
            0.1400574892759323,
            0.0004661399871110916,
            -0.014502286911010742
        ],
        [
            0.13899658620357513,
            -0.0117197185754776,
            -0.013726063072681427
        ],
        [
            0.15039512515068054,
            -0.009056447073817253,
            -0.02637515217065811
        ],
        [
            0.15040290355682373,
            0.0007390137761831284,
            -0.02408413216471672
        ],
        [
            0.14153090119361877,
            0.015164099633693695,
            -0.04722927138209343
        ],
        [
            0.14359132945537567,
            0.01158164069056511,
            -0.03761235997080803
        ],
        [
            0.13940325379371643,
            0.012386392802000046,
            -0.049847595393657684
        ],
        [
            0.13284629583358765,
            0.016626883298158646,
            -0.06156019866466522
        ],
        [
            0.1377873420715332,
            0.01903538405895233,
            -0.05653185397386551
        ],
        [
            0.131093829870224,
            0.022378500550985336,
            -0.06835794448852539
        ],
        [
            0.1222667545080185,
            0.012617984786629677,
            -0.06077801436185837
        ],
        [
            0.12212850898504257,
            0.025885306298732758,
            -0.06997513025999069
        ],
        [
            0.10258036106824875,
            0.029802218079566956,
            -0.0470450296998024
        ],
        [
            0.09873220324516296,
            0.03848475217819214,
            -0.03721616044640541
        ],
        [
            0.10497240722179413,
            0.05002359300851822,
            -0.04863371327519417
        ],
        [
            0.10912913084030151,
            0.04004784673452377,
            -0.05717072635889053
        ],
        [
            0.10200423747301102,
            0.05787413939833641,
            -0.029386023059487343
        ],
        [
            0.10387929528951645,
            0.05419355258345604,
            -0.04057299718260765
        ],
        [
            0.09648947417736053,
            0.04283227026462555,
            -0.029615525156259537
        ],
        [
            0.09542101621627808,
            0.04657909274101257,
            -0.020099736750125885
        ],
        [
            0.12400852888822556,
            0.026638809591531754,
            -0.020556703209877014
        ],
        [
            0.12108519673347473,
            0.020923029631376266,
            -0.01197308674454689
        ],
        [
            0.12288832664489746,
            0.01841285452246666,
            -0.017178092151880264
        ],
        [
            0.12593233585357666,
            0.02369481697678566,
            -0.0250617116689682
        ],
        [
            0.14179573953151703,
            0.0039906129240989685,
            -0.0517236590385437
        ],
        [
            0.13068415224552155,
            -0.0005848463624715805,
            -0.05217594653367996
        ],
        [
            0.1335926651954651,
            0.006841357797384262,
            -0.053084276616573334
        ],
        [
            0.14460845291614532,
            0.00799194723367691,
            -0.04872656986117363
        ],
        [
            0.11752094328403473,
            0.0118788480758667,
            0.015650752931833267
        ],
        [
            0.10816778987646103,
            0.0036219432950019836,
            0.02088446542620659
        ],
        [
            0.10874251276254654,
            -0.000615287572145462,
            0.016849808394908905
        ],
        [
            0.1167139932513237,
            0.008058104664087296,
            0.012692991644144058
        ],
        [
            0.12011878937482834,
            -0.012615486979484558,
            0.0012963339686393738
        ],
        [
            0.11032815277576447,
            -0.014555796980857849,
            0.005532488226890564
        ],
        [
            0.10196837782859802,
            -0.024186033755540848,
            0.0001680031418800354
        ],
        [
            0.10946600884199142,
            -0.022617749869823456,
            -0.006777867674827576
        ],
        [
            0.13033069670200348,
            -0.011962391436100006,
            -0.0057838112115859985
        ],
        [
            0.12222971767187119,
            -0.022019311785697937,
            -0.011686757206916809
        ],
        [
            0.1333838850259781,
            -0.020360369235277176,
            -0.019324205815792084
        ],
        [
            0.14642421901226044,
            -0.015687700361013412,
            -0.03176345303654671
        ],
        [
            0.10407143086194992,
            0.013166584074497223,
            0.0284605510532856
        ],
        [
            0.11078988015651703,
            0.02046123519539833,
            0.026012472808361053
        ],
        [
            0.16693565249443054,
            0.06003664433956146,
            -0.07354103028774261
        ],
        [
            0.1659022867679596,
            0.06344211101531982,
            -0.068902887403965
        ],
        [
            0.16273821890354156,
            0.05918188393115997,
            -0.06823676079511642
        ],
        [
            0.16402165591716766,
            0.05687006190419197,
            -0.07341807335615158
        ],
        [
            0.09140364825725555,
            0.028680600225925446,
            0.025397788733243942
        ],
        [
            0.08285938203334808,
            0.029697466641664505,
            0.020111244171857834
        ],
        [
            0.08129841834306717,
            0.025555577129125595,
            0.025928214192390442
        ],
        [
            0.08942332863807678,
            0.02292558178305626,
            0.029915105551481247
        ],
        [
            0.09408728033304214,
            0.036233801394701004,
            0.0194053053855896
        ],
        [
            0.085669606924057,
            0.03503596410155296,
            0.01195487380027771
        ],
        [
            0.16208696365356445,
            0.06573788821697235,
            -0.0839780867099762
        ],
        [
            0.16520145535469055,
            0.06204408407211304,
            -0.08208416402339935
        ],
        [
            0.1606808304786682,
            0.05940356105566025,
            -0.08256566524505615
        ],
        [
            0.15703053772449493,
            0.06301185488700867,
            -0.08335082232952118
        ],
        [
            0.13842760026454926,
            0.021797185763716698,
            -0.04934576898813248
        ],
        [
            0.1351853609085083,
            0.025527555495500565,
            -0.041074737906455994
        ],
        [
            0.14217737317085266,
            0.03331400454044342,
            -0.06098775938153267
        ],
        [
            0.13845285773277283,
            0.031559064984321594,
            -0.05302932858467102
        ],
        [
            0.1386953890323639,
            0.025799693539738655,
            -0.05764877051115036
        ],
        [
            0.14079678058624268,
            0.028544630855321884,
            -0.06441732496023178
        ],
        [
            0.1302427351474762,
            0.043811097741127014,
            -0.034140150994062424
        ],
        [
            0.12622150778770447,
            0.03607494756579399,
            -0.026320986449718475
        ],
        [
            0.12828144431114197,
            0.03305205702781677,
            -0.03191067650914192
        ],
        [
            0.1337144374847412,
            0.04021783173084259,
            -0.04123062267899513
        ],
        [
            0.1252058446407318,
            0.044006429612636566,
            -0.014554508030414581
        ],
        [
            0.1287950575351715,
            0.051028430461883545,
            -0.023377325385808945
        ],
        [
            0.12768830358982086,
            0.05473717302083969,
            -0.015659425407648087
        ],
        [
            0.12630748748779297,
            0.04894550144672394,
            -0.01039503887295723
        ],
        [
            0.1346110701560974,
            0.060099296271800995,
            -0.04089666157960892
        ],
        [
            0.13577020168304443,
            0.06374137848615646,
            -0.04574991762638092
        ],
        [
            0.137046679854393,
            0.06701739132404327,
            -0.0425177700817585
        ],
        [
            0.1339132934808731,
            0.06217649579048157,
            -0.03762020915746689
        ],
        [
            0.0788012146949768,
            0.021228790283203125,
            0.03099009394645691
        ],
        [
            0.08729533851146698,
            0.016902513802051544,
            0.03345976769924164
        ],
        [
            0.1022263765335083,
            0.06644377112388611,
            -0.009150777012109756
        ],
        [
            0.10619698464870453,
            0.06551362574100494,
            0.001341540366411209
        ],
        [
            0.11062012612819672,
            0.07692188024520874,
            -0.005432154983282089
        ],
        [
            0.10470791161060333,
            0.07515355199575424,
            -0.01537187211215496
        ],
        [
            0.07785966247320175,
            0.027124591171741486,
            0.011364772915840149
        ],
        [
            0.07491423189640045,
            0.024586178362369537,
            0.018200311809778214
        ],
        [
            0.15886959433555603,
            0.070771723985672,
            -0.08236534893512726
        ],
        [
            0.15409058332443237,
            0.06750848144292831,
            -0.0806887224316597
        ],
        [
            0.12161558121442795,
            -0.02251742035150528,
            -0.02603229135274887
        ],
        [
            0.13947351276874542,
            -0.017872683703899384,
            -0.037974607199430466
        ],
        [
            0.10795021802186966,
            -0.02297045662999153,
            -0.01734793931245804
        ],
        [
            0.09842091798782349,
            -0.022423941642045975,
            -0.011555097997188568
        ],
        [
            0.09171890467405319,
            -0.024709884077310562,
            -0.006252780556678772
        ],
        [
            0.13861042261123657,
            0.037951380014419556,
            -0.05171414464712143
        ],
        [
            0.1300201267004013,
            0.027415629476308823,
            -0.033312227576971054
        ],
        [
            0.1230132132768631,
            0.029447205364704132,
            -0.01634933054447174
        ],
        [
            0.12392260134220123,
            0.04985855147242546,
            0.00692463293671608
        ],
        [
            0.1210458055138588,
            0.0423869825899601,
            0.013795893639326096
        ],
        [
            0.1246044859290123,
            0.03821452707052231,
            0.004561141133308411
        ],
        [
            0.1258324831724167,
            0.0457196980714798,
            0.0002214089035987854
        ],
        [
            0.11481231451034546,
            0.06463320553302765,
            0.00617508590221405
        ],
        [
            0.12215358018875122,
            0.06155318766832352,
            0.004077881574630737
        ],
        [
            0.12383648753166199,
            0.06862881779670715,
            -0.0013984963297843933
        ],
        [
            0.11741653084754944,
            0.07359366118907928,
            -0.00023811310529708862
        ],
        [
            0.14242859184741974,
            -0.002867959439754486,
            -0.05455351993441582
        ],
        [
            0.1295546591281891,
            -0.007945645600557327,
            -0.05071030557155609
        ],
        [
            0.10096095502376556,
            0.024992745369672775,
            0.028136078268289566
        ],
        [
            0.09831289201974869,
            0.01804400607943535,
            0.030551481992006302
        ],
        [
            0.09334047138690948,
            0.012014046311378479,
            0.03389008343219757
        ],
        [
            0.12006443738937378,
            0.015406087040901184,
            0.0013862177729606628
        ],
        [
            0.11631575226783752,
            0.005361501127481461,
            0.01069246232509613
        ],
        [
            0.11781447380781174,
            0.0027991272509098053,
            0.007469534873962402
        ],
        [
            0.11970580369234085,
            0.013958118855953217,
            -0.0016228482127189636
        ],
        [
            0.13001224398612976,
            0.01014120876789093,
            -0.014557167887687683
        ],
        [
            0.12957856059074402,
            0.0008589290082454681,
            -0.0047079697251319885
        ],
        [
            0.1392764002084732,
            0.009991418570280075,
            -0.02213379368185997
        ],
        [
            0.10881118476390839,
            -0.007460303604602814,
            0.012544386088848114
        ],
        [
            0.10354761779308319,
            -0.007754173129796982,
            0.022174112498760223
        ],
        [
            0.10345306247472763,
            -0.014386668801307678,
            0.016248323023319244
        ],
        [
            0.10111689567565918,
            -0.000324152410030365,
            0.02811053767800331
        ],
        [
            0.09778094291687012,
            0.006710149347782135,
            0.032484643161296844
        ],
        [
            0.06921625882387161,
            0.021599259227514267,
            0.023828141391277313
        ],
        [
            0.10239414870738983,
            -0.019510306417942047,
            0.009688980877399445
        ],
        [
            0.15606939792633057,
            0.000925382599234581,
            -0.03203515708446503
        ],
        [
            0.1599591076374054,
            0.00272967666387558,
            -0.039070047438144684
        ],
        [
            0.15580178797245026,
            0.008423611521720886,
            -0.03924243152141571
        ],
        [
            0.1520671248435974,
            0.0072976164519786835,
            -0.03398378938436508
        ],
        [
            0.13277305662631989,
            0.03010312095284462,
            -0.07464751601219177
        ],
        [
            0.13863009214401245,
            0.02786140888929367,
            -0.06998409330844879
        ],
        [
            0.13633275032043457,
            0.021490653976798058,
            -0.06325554847717285
        ],
        [
            0.12101571261882782,
            0.02253139391541481,
            0.012583523988723755
        ],
        [
            0.11532208323478699,
            0.029315926134586334,
            0.02162769064307213
        ],
        [
            0.14198870956897736,
            0.039520107209682465,
            -0.05937166512012482
        ],
        [
            0.15231406688690186,
            0.06059455871582031,
            -0.08298049867153168
        ],
        [
            0.15629416704177856,
            0.05634419620037079,
            -0.08229485154151917
        ],
        [
            0.14343993365764618,
            0.042030464857816696,
            -0.079184889793396
        ],
        [
            0.1393069624900818,
            0.04742218181490898,
            -0.08055263012647629
        ],
        [
            0.14061255753040314,
            0.049555957317352295,
            -0.0621349960565567
        ],
        [
            0.14306093752384186,
            0.042757198214530945,
            -0.060729771852493286
        ],
        [
            0.14336442947387695,
            0.04537312686443329,
            -0.06101565062999725
        ],
        [
            0.14183537662029266,
            0.051792893558740616,
            -0.06025628745555878
        ],
        [
            0.13479936122894287,
            0.06938755512237549,
            -0.03379809856414795
        ],
        [
            0.13223840296268463,
            0.06495413929224014,
            -0.029528634622693062
        ],
        [
            0.11899467557668686,
            0.05021359398961067,
            -0.06508474797010422
        ],
        [
            0.11778465658426285,
            0.040124937891960144,
            -0.0734783336520195
        ],
        [
            0.11313897371292114,
            0.031313978135585785,
            -0.06513749808073044
        ],
        [
            0.1287880837917328,
            0.047385625541210175,
            -0.027710504829883575
        ],
        [
            0.1323099434375763,
            0.05476169288158417,
            -0.034169137477874756
        ],
        [
            0.13152466714382172,
            0.057107605040073395,
            -0.03078567050397396
        ],
        [
            0.13873165845870972,
            0.042745042592287064,
            -0.05225955322384834
        ],
        [
            0.14064395427703857,
            0.04546474665403366,
            -0.05797562003135681
        ],
        [
            0.13886229693889618,
            0.048298340290784836,
            -0.05442214757204056
        ],
        [
            0.1367703676223755,
            0.045585475862026215,
            -0.04785849153995514
        ],
        [
            0.10089026391506195,
            0.055183686316013336,
            0.008120983839035034
        ],
        [
            0.11104260385036469,
            0.054564572870731354,
            0.013925913721323013
        ],
        [
            0.16680963337421417,
            0.05974597483873367,
            -0.07835198193788528
        ],
        [
            0.16309387981891632,
            0.05692477524280548,
            -0.07871510088443756
        ],
        [
            0.12490955740213394,
            0.039713889360427856,
            -0.020167477428913116
        ],
        [
            0.10852666944265366,
            0.022071195766329765,
            -0.053972162306308746
        ],
        [
            0.12235870212316513,
            0.03244687244296074,
            -0.011734940111637115
        ],
        [
            0.11542773246765137,
            0.07517509162425995,
            -0.031604304909706116
        ],
        [
            0.12248856574296951,
            0.07655523717403412,
            -0.026870962232351303
        ],
        [
            0.12607206404209137,
            0.07864129543304443,
            -0.03002830408513546
        ],
        [
            0.12195807695388794,
            0.07961097359657288,
            -0.03479595109820366
        ],
        [
            0.1519973874092102,
            0.06382596492767334,
            -0.06350994855165482
        ],
        [
            0.15625733137130737,
            0.0598120354115963,
            -0.06335677951574326
        ],
        [
            0.15989474952220917,
            0.06363227218389511,
            -0.0647045224905014
        ],
        [
            0.15608133375644684,
            0.06797808408737183,
            -0.06516879051923752
        ],
        [
            0.14451315999031067,
            0.037654366344213486,
            -0.06323658674955368
        ],
        [
            0.14426873624324799,
            0.03327781334519386,
            -0.06772199273109436
        ],
        [
            0.14775919914245605,
            0.038591500371694565,
            -0.06852509081363678
        ],
        [
            0.14618057012557983,
            0.04217391461133957,
            -0.06397344172000885
        ],
        [
            0.14210888743400574,
            0.03362824395298958,
            -0.07335030287504196
        ],
        [
            0.14629824459552765,
            0.03871673718094826,
            -0.07460937649011612
        ],
        [
            0.14816179871559143,
            0.06696975231170654,
            -0.06783411651849747
        ],
        [
            0.14652711153030396,
            0.06744299829006195,
            -0.07519970089197159
        ],
        [
            0.1344262808561325,
            0.05677581951022148,
            -0.07178860902786255
        ],
        [
            0.13880906999111176,
            0.05710158497095108,
            -0.06485144048929214
        ],
        [
            0.08789394795894623,
            0.036203376948833466,
            -0.011828608810901642
        ],
        [
            0.08866532146930695,
            0.04157763719558716,
            -0.0020615607500076294
        ],
        [
            0.09598898887634277,
            0.05221131443977356,
            -0.010078441351652145
        ],
        [
            0.10199087858200073,
            0.06359552592039108,
            -0.01809648424386978
        ],
        [
            0.10859303921461105,
            0.07310617715120316,
            -0.0263657309114933
        ],
        [
            0.10668595880270004,
            0.0678906962275505,
            -0.03725716471672058
        ],
        [
            0.0964718833565712,
            0.05470849201083183,
            -0.002224888652563095
        ],
        [
            0.13381759822368622,
            0.05451343581080437,
            -0.0649588331580162
        ],
        [
            0.1269368827342987,
            0.05060097947716713,
            -0.0698959156870842
        ],
        [
            0.12728750705718994,
            0.05410541966557503,
            -0.06667313724756241
        ],
        [
            0.12333442270755768,
            0.03673060983419418,
            -0.005677893757820129
        ],
        [
            0.1591101437807083,
            0.05349579080939293,
            -0.07873649150133133
        ],
        [
            0.08031708002090454,
            -0.007389549165964127,
            -0.013836339116096497
        ],
        [
            0.07472096383571625,
            0.003376957029104233,
            -0.008086074143648148
        ],
        [
            0.0797913670539856,
            0.006707463413476944,
            -0.014474187046289444
        ],
        [
            0.08688683807849884,
            -0.005474019795656204,
            -0.02054743841290474
        ],
        [
            0.15956228971481323,
            0.054993487894535065,
            -0.06698109209537506
        ],
        [
            0.16095171868801117,
            0.05254567787051201,
            -0.07268266379833221
        ],
        [
            0.13190805912017822,
            0.06960565596818924,
            -0.024548949673771858
        ],
        [
            0.1336856484413147,
            0.07295152544975281,
            -0.029360027983784676
        ],
        [
            0.13193781673908234,
            0.07646645605564117,
            -0.028206923976540565
        ],
        [
            0.13220033049583435,
            0.07501406967639923,
            -0.022115226835012436
        ],
        [
            0.08921828866004944,
            0.04292209446430206,
            0.003758274018764496
        ],
        [
            0.11711134016513824,
            0.08247167617082596,
            -0.010116327553987503
        ],
        [
            0.11109279841184616,
            0.0807613804936409,
            -0.01878773234784603
        ],
        [
            0.08221772313117981,
            0.03216250613331795,
            0.004511907696723938
        ],
        [
            0.08088237047195435,
            0.0276041142642498,
            -0.004065878689289093
        ],
        [
            0.0758112221956253,
            0.021815117448568344,
            0.0019826404750347137
        ],
        [
            0.11375986039638519,
            0.06417205184698105,
            -0.05045471712946892
        ],
        [
            0.08910201489925385,
            0.03328220918774605,
            -0.019950415939092636
        ],
        [
            0.08213488757610321,
            0.02423427253961563,
            -0.010862816125154495
        ],
        [
            0.07612654566764832,
            0.017153684049844742,
            -0.003949806094169617
        ],
        [
            0.07125706225633621,
            0.012767896056175232,
            0.0012745782732963562
        ],
        [
            0.07152798771858215,
            0.01828042045235634,
            0.0072883665561676025
        ],
        [
            0.14891307055950165,
            0.064912810921669,
            -0.0797639712691307
        ],
        [
            0.1517665982246399,
            0.0713362768292427,
            -0.07597912102937698
        ],
        [
            0.06518051028251648,
            0.014985650777816772,
            0.012966562062501907
        ],
        [
            0.0657249316573143,
            0.008652452379465103,
            0.006191931664943695
        ],
        [
            0.08415573835372925,
            0.019074056297540665,
            -0.01824379712343216
        ],
        [
            0.08795712888240814,
            0.01202397421002388,
            -0.026445847004652023
        ],
        [
            0.09104003012180328,
            0.02799108624458313,
            -0.026641499251127243
        ],
        [
            0.09512850642204285,
            0.021894168108701706,
            -0.035628970712423325
        ],
        [
            0.10975775122642517,
            0.05755724012851715,
            -0.058344367891550064
        ],
        [
            0.1667901873588562,
            0.08210156857967377,
            -0.0748303011059761
        ],
        [
            0.15726906061172485,
            0.07562412321567535,
            -0.07206414639949799
        ],
        [
            0.15964360535144806,
            0.07280617207288742,
            -0.06748300045728683
        ],
        [
            0.16712871193885803,
            0.08108547329902649,
            -0.07045163214206696
        ],
        [
            0.15284959971904755,
            0.07093468308448792,
            -0.06926986575126648
        ],
        [
            0.15653997659683228,
            0.07466888427734375,
            -0.07774095237255096
        ],
        [
            0.10287842899560928,
            0.011435892432928085,
            -0.043447352945804596
        ],
        [
            0.14060808718204498,
            0.05234993249177933,
            -0.05964772403240204
        ],
        [
            0.09827131032943726,
            -0.0017020739614963531,
            -0.03288952633738518
        ],
        [
            0.11540307849645615,
            0.003252299502491951,
            -0.05292031541466713
        ],
        [
            0.11427322775125504,
            -0.006957380101084709,
            -0.04412953555583954
        ],
        [
            0.09558583796024323,
            -0.015972435474395752,
            -0.022262565791606903
        ],
        [
            0.10978741943836212,
            -0.017452051863074303,
            -0.03224809840321541
        ],
        [
            0.08292815089225769,
            -0.01896299049258232,
            -0.009612642228603363
        ],
        [
            0.0883835032582283,
            -0.016034509986639023,
            -0.015849478542804718
        ],
        [
            0.12541571259498596,
            -0.016952306032180786,
            -0.04099836200475693
        ],
        [
            0.17420631647109985,
