{
    "pred_cam": [
        10.531639099121094,
        0.13529594242572784,
        -0.03930383175611496
    ],
    "pred_mano_params": {
        "global_orient": [
            [
                [
                    -0.5917717814445496,
                    -0.04261259362101555,
                    -0.8049784898757935
                ],
                [
                    -0.376232385635376,
                    -0.8685637712478638,
                    0.32256200909614563
                ],
                [
                    -0.7129203081130981,
                    0.49374207854270935,
                    0.49795928597450256
                ]
            ]
        ],
        "hand_pose": [
            [
                [
                    0.7858365774154663,
                    -0.5152779221534729,
                    -0.34197890758514404
                ],
                [
                    0.46191567182540894,
                    0.8567319512367249,
                    -0.2294435054063797
                ],
                [
                    0.41121143102645874,
                    0.022339677438139915,
                    0.9112662672996521
                ]
            ],
            [
                [
                    0.17346437275409698,
                    -0.9412712454795837,
                    0.2896868586540222
                ],
                [
                    0.9748422503471375,
                    0.12230093777179718,
                    -0.18634630739688873
                ],
                [
                    0.1399734616279602,
                    0.31472349166870117,
                    0.9388058185577393
                ]
            ],
            [
                [
                    0.6664299368858337,
                    -0.7129145264625549,
                    0.2182292342185974
                ],
                [
                    0.6923722624778748,
                    0.7003552913665771,
                    0.17356006801128387
                ],
                [
                    -0.27657151222229004,
                    0.035430245101451874,
                    0.9603399634361267
                ]
            ],
            [
                [
                    0.6571803092956543,
                    -0.7097303867340088,
                    -0.25376519560813904
                ],
                [
                    0.7282994389533997,
                    0.6846554279327393,
                    -0.028753964230418205
                ],
                [
                    0.19414930045604706,
                    -0.16592051088809967,
                    0.9668383002281189
                ]
            ],
            [
                [
                    0.4302840232849121,
                    -0.8767764568328857,
                    -0.21475252509117126
                ],
                [
                    0.9012952446937561,
                    0.4040464460849762,
                    0.15624761581420898
                ],
                [
                    -0.050224244594573975,
                    -0.2607862949371338,
                    0.9640891551971436
                ]
            ],
            [
                [
                    0.683313250541687,
                    -0.7248744964599609,
                    0.08740656077861786
                ],
                [
                    0.720064640045166,
                    0.6888562440872192,
                    0.08357056230306625
                ],
                [
                    -0.12078872323036194,
                    0.005833494942635298,
                    0.9926611185073853
                ]
            ],
            [
                [
                    0.5829704403877258,
                    -0.791314423084259,
                    0.18430131673812866
                ],
                [
                    0.6433663368225098,
                    0.5881211161613464,
                    0.49009519815444946
                ],
                [
                    -0.49621090292930603,
                    -0.1671377420425415,
                    0.8519623279571533
                ]
            ],
            [
                [
                    0.6989063620567322,
                    -0.7109168767929077,
                    -0.07827544957399368
                ],
                [
                    0.5880140662193298,
                    0.5088530778884888,
                    0.6287351846694946
                ],
                [
                    -0.40714776515960693,
                    -0.48545411229133606,
                    0.7736697793006897
                ]
            ],
            [
                [
                    0.938849925994873,
                    -0.33793923258781433,
                    0.06601482629776001
                ],
                [
                    0.2525217533111572,
                    0.8060957193374634,
                    0.535203218460083
                ],
                [
                    -0.23408043384552002,
                    -0.4858052730560303,
                    0.8421398997306824
                ]
            ],
            [
                [
                    0.7318630218505859,
                    -0.6810474395751953,
                    0.023469259962439537
                ],
                [
                    0.6814490556716919,
                    0.7315220236778259,
                    -0.02242034487426281
                ],
                [
                    -0.0018989609088748693,
                    0.03240172937512398,
                    0.9994730353355408
                ]
            ],
            [
                [
                    0.5446630120277405,
                    -0.8094385266304016,
                    -0.21943452954292297
                ],
                [
                    0.7705727815628052,
                    0.3797453045845032,
                    0.5118701457977295
                ],
                [
                    -0.33099818229675293,
                    -0.44788700342178345,
                    0.830564558506012
                ]
            ],
            [
                [
                    0.6887601017951965,
                    -0.723855197429657,
                    0.04053491726517677
                ],
                [
                    0.6734554767608643,
                    0.6595039367675781,
                    0.333934485912323
                ],
                [
                    -0.2684531509876251,
                    -0.2027023285627365,
                    0.9417242407798767
                ]
            ],
            [
                [
                    0.9326231479644775,
                    0.24807189404964447,
                    0.2620580494403839
                ],
                [
                    -0.04386328533291817,
                    0.7987694144248962,
                    -0.6000362038612366
                ],
                [
                    -0.358176052570343,
                    0.5481129288673401,
                    0.7558320760726929
                ]
            ],
            [
                [
                    0.9860751032829285,
                    -0.15631985664367676,
                    0.05674481391906738
                ],
                [
                    0.0896279588341713,
                    0.7869724035263062,
                    0.6104435920715332
                ],
                [
                    -0.14008104801177979,
                    -0.5968573093414307,
                    0.7900245189666748
                ]
            ],
            [
                [
                    0.6648542881011963,
                    -0.7139899730682373,
                    -0.21951551735401154
                ],
                [
                    0.34293434023857117,
                    0.5528287291526794,
                    -0.7594580054283142
                ],
                [
                    0.6635999083518982,
                    0.4296494722366333,
                    0.6124022006988525
                ]
            ]
        ],
        "betas": [
            -0.07968273758888245,
            -0.1791801154613495,
            0.018530935049057007,
            0.015210658311843872,
            -0.08034706115722656,
            -0.009512316435575485,
            -0.018747299909591675,
            0.009175166487693787,
            0.01763872802257538,
            -0.05116662383079529
        ]
    },
    "pred_cam_t": [
        -0.13529594242572784,
        -0.03930383175611496,
        3.709061861038208
    ],
    "focal_length": [
        5000.0,
        5000.0
    ],
    "pred_keypoints_3d": [
        [
            0.09602412581443787,
            0.006413305178284645,
            0.0062439898028969765
        ],
        [
            0.0900736004114151,
            0.03739115595817566,
            0.028615612536668777
        ],
        [
            0.07704786956310272,
            0.06111885607242584,
            0.04352154582738876
        ],
        [
            0.06748096644878387,
            0.0801491066813469,
            0.060417525470256805
        ],
        [
            0.0765468180179596,
            0.11265593767166138,
            0.05939909815788269
        ],
        [
            0.1319293975830078,
            0.050784796476364136,
            0.07689589262008667
        ],
        [
            0.15845975279808044,
            0.06848578155040741,
            0.08559215813875198
        ],
        [
            0.15705743432044983,
            0.07958967238664627,
            0.06634250283241272
        ],
        [
            0.14110058546066284,
            0.08102276176214218,
            0.04798660799860954
        ],
        [
            0.15509304404258728,
            0.042358189821243286,
            0.07146961987018585
        ],
        [
            0.1775524914264679,
            0.06485706567764282,
            0.06965254247188568
        ],
        [
            0.17210562527179718,
            0.07868683338165283,
            0.05160573869943619
        ],
        [
            0.15320241451263428,
            0.08504747599363327,
            0.03606797382235527
        ],
        [
            0.16639640927314758,
            0.032091639935970306,
            0.04942578449845314
        ],
        [
            0.184360533952713,
            0.05439167469739914,
            0.05415309965610504
        ],
        [
            0.1791585087776184,
            0.07209493219852448,
            0.037405382841825485
        ],
        [
            0.1602848917245865,
            0.08175121992826462,
            0.024163346737623215
        ],
        [
            0.17234280705451965,
            0.027009783312678337,
            0.028986327350139618
        ],
        [
            0.1821489930152893,
            0.04585305601358414,
            0.028243590146303177
        ],
        [
            0.173435240983963,
            0.05971438065171242,
            0.01846805028617382
        ],
        [
            0.15664514899253845,
            0.06823862344026566,
            0.01089649647474289
        ]
    ],
    "pred_vertices": [
        [
            0.11212003231048584,
            0.046907879412174225,
            0.04241764172911644
        ],
        [
            0.10634753108024597,
            0.046116702258586884,
            0.034763239324092865
        ],
        [
            0.10185335576534271,
            0.05603017657995224,
            0.04123707115650177
        ],
        [
            0.10823771357536316,
            0.05525936186313629,
            0.04889059439301491
        ],
        [
            0.0915466696023941,
            0.055553633719682693,
            0.021121755242347717
        ],
        [
            0.08106903731822968,
            0.05282364785671234,
            0.01750721037387848
        ],
        [
            0.07771392166614532,
            0.06466596573591232,
            0.028210565447807312
        ],
        [
            0.08612580597400665,
            0.06733185797929764,
            0.030209623277187347
        ],
        [
            0.10324816405773163,
            0.0610312819480896,
            0.05577840656042099
        ],
        [
            0.09800845384597778,
            0.06360983848571777,
            0.04662487655878067
        ],
        [
            0.09604305028915405,
            0.060637231916189194,
            0.060197293758392334
        ],
        [
            0.10427922755479813,
            0.052386052906513214,
            0.07010959088802338
        ],
        [
            0.10903526097536087,
            0.05610787495970726,
            0.06436073035001755
        ],
        [
            0.11166706681251526,
            0.050003696233034134,
            0.07650462538003922
        ],
        [
            0.09965873509645462,
            0.04163891077041626,
            0.07007908821105957
        ],
        [
            0.11424598097801208,
            0.04074588418006897,
            0.07937221974134445
        ],
        [
            0.11829465627670288,
            0.01738778129220009,
            0.059465065598487854
        ],
        [
            0.12686827778816223,
            0.011188395321369171,
            0.050665482878685
        ],
        [
            0.13894104957580566,
            0.017309237271547318,
            0.06180102750658989
        ],
        [
            0.12904399633407593,
            0.023898432031273842,
            0.06918234378099442
        ],
        [
            0.1469200849533081,
            0.01078164204955101,
            0.04343564808368683
        ],
        [
            0.14318059384822845,
            0.014612898230552673,
            0.05409015342593193
        ],
        [
            0.13118232786655426,
            0.007376212626695633,
            0.04363247752189636
        ],
        [
            0.13509033620357513,
            0.004503495991230011,
            0.03455468267202377
        ],
        [
            0.11892807483673096,
            0.035491958260536194,
            0.03006799891591072
        ],
        [
            0.11356392502784729,
            0.03263890743255615,
            0.021944958716630936
        ],
        [
            0.11109305918216705,
            0.03641095384955406,
            0.02730967476963997
        ],
        [
            0.11596572399139404,
            0.03879415616393089,
            0.03435520455241203
        ],
        [
            0.08013410866260529,
            0.06011424958705902,
            0.059057749807834625
        ],
        [
            0.08379301428794861,
            0.049433398991823196,
            0.05865577608346939
        ],
        [
            0.09026256203651428,
            0.05364516004920006,
            0.06202656775712967
        ],
        [
            0.08344655483961105,
            0.06448400765657425,
            0.058514900505542755
        ],
        [
            0.10476775467395782,
            0.025756746530532837,
            -0.005766615271568298
        ],
        [
            0.09543827176094055,
            0.016768548637628555,
            -0.010072372853755951
        ],
        [
            0.09127193689346313,
            0.018480265513062477,
            -0.006315596401691437
        ],
        [
            0.1010737270116806,
            0.025944724678993225,
            -0.00276319682598114
        ],
        [
            0.08090539276599884,
            0.03245779126882553,
            0.0069892629981040955
        ],
        [
            0.07780661433935165,
            0.02291668951511383,
            0.004025153815746307
        ],
        [
            0.06646692752838135,
            0.016369272023439407,
            0.009829804301261902
        ],
        [
            0.0689922347664833,
            0.023588739335536957,
            0.015471547842025757
        ],
        [
            0.08194473385810852,
            0.04284035414457321,
            0.011816881597042084
        ],
        [
            0.07104440033435822,
            0.03555302321910858,
            0.017343416810035706
        ],
        [
            0.07253023236989975,
            0.04592231661081314,
            0.02100047469139099
        ],
        [
            0.07137061655521393,
            0.05749994143843651,
            0.030450470745563507
        ],
        [
            0.10461863875389099,
            0.01045193150639534,
            -0.01660872995853424
        ],
        [
            0.11270372569561005,
            0.016502613201737404,
            -0.014765731990337372
        ],
        [
            0.14578555524349213,
            0.0709100291132927,
            0.07668475061655045
        ],
        [
            0.14934170246124268,
            0.06746750324964523,
            0.07263943552970886
        ],
        [
            0.14880181849002838,
            0.06800919026136398,
            0.07321976125240326
        ],
        [
            0.14576324820518494,
            0.07099620997905731,
            0.0773019790649414
        ],
        [
            0.11826390027999878,
            -0.003598768264055252,
            -0.011050909757614136
        ],
        [
            0.11796167492866516,
            -0.011378426104784012,
            -0.0045745037496089935
        ],
        [
            0.11383715271949768,
            -0.013225406408309937,
            -0.010339878499507904
        ],
        [
            0.11241544038057327,
            -0.0054556019604206085,
            -0.015543445944786072
        ],
        [
            0.1259307563304901,
            -0.0010678581893444061,
            -0.005074001848697662
        ],
        [
            0.12333810329437256,
            -0.008105061948299408,
            0.003401782363653183
        ],
        [
            0.15372119843959808,
            0.0753127709031105,
            0.08594988286495209
        ],
        [
            0.14892248809337616,
            0.07574339210987091,
            0.08347748219966888
        ],
        [
            0.14863964915275574,
            0.07312770187854767,
            0.08639843761920929
        ],
        [
            0.15299087762832642,
            0.07087831199169159,
            0.08894918113946915
        ],
        [
            0.11374138295650482,
            0.05480382218956947,
            0.05678626522421837
        ],
        [
            0.11805605888366699,
            0.049686431884765625,
            0.04903740808367729
        ],
        [
            0.12721829116344452,
            0.057925865054130554,
            0.06772282719612122
        ],
        [
            0.12450794875621796,
            0.05340290442109108,
            0.06051281467080116
        ],
        [
            0.11835775524377823,
            0.055175505578517914,
            0.06471927464008331
        ],
        [
            0.12166847288608551,
            0.05777823552489281,
            0.07108845561742783
        ],
        [
            0.13632318377494812,
            0.041109006851911545,
            0.04350205510854721
        ],
        [
            0.12838725745677948,
            0.03704145923256874,
            0.0358751080930233
        ],
        [
            0.12542672455310822,
            0.040306366980075836,
            0.04103636369109154
        ],
        [
            0.13296470046043396,
            0.045959584414958954,
            0.04987195134162903
        ],
        [
            0.13653713464736938,
            0.03334192931652069,
            0.02480665221810341
        ],
        [
            0.14366750419139862,
            0.03721040487289429,
            0.03345663100481033
        ],
        [
            0.1473894715309143,
            0.03454972431063652,
            0.026162654161453247
        ],
        [
            0.14169259369373322,
            0.03319467604160309,
            0.02079727128148079
        ],
        [
            0.15296413004398346,
            0.044286731630563736,
            0.050419822335243225
        ],
        [
            0.15637867152690887,
            0.045925211161375046,
            0.05524871125817299
        ],
        [
            0.1599360853433609,
            0.04637599736452103,
            0.05278237164020538
        ],
        [
            0.1549774706363678,
            0.04301239177584648,
            0.04745075851678848
        ],
        [
            0.10934730619192123,
            -0.015832051634788513,
            -0.015226844698190689
        ],
        [
            0.10624264925718307,
            -0.007276158779859543,
            -0.01905934140086174
        ],
        [
            0.1559239625930786,
            0.007360890507698059,
            0.023663518950343132
        ],
        [
            0.1555645614862442,
            0.010110961273312569,
            0.012770183384418488
        ],
        [
            0.1666635274887085,
            0.014945872128009796,
            0.018594421446323395
        ],
        [
            0.16449235379695892,
            0.010164853185415268,
            0.029302341863512993
        ],
        [
            0.11442270129919052,
            -0.014675583690404892,
            0.004649914801120758
        ],
        [
            0.11175607889890671,
            -0.018268965184688568,
            -0.0018352530896663666
        ],
        [
            0.15976932644844055,
            0.0723617672920227,
            0.08594789355993271
        ],
        [
            0.15873141586780548,
            0.06772181391716003,
            0.08861405402421951
        ],
        [
            0.06944133341312408,
            0.03478921949863434,
            0.0293823704123497
        ],
        [
            0.06892570853233337,
            0.05036768689751625,
            0.03644350916147232
        ],
        [
            0.068756103515625,
            0.02234448492527008,
            0.02482425421476364
        ],
        [
            0.06803247332572937,
            0.013469431549310684,
            0.02136867493391037
        ],
        [
            0.06454866379499435,
            0.0072324201464653015,
            0.01734895259141922
        ],
        [
            0.1311507523059845,
            0.05253075808286667,
            0.05940349027514458
        ],
        [
            0.11984354257583618,
            0.04314733296632767,
            0.04201458394527435
        ],
        [
            0.12175200879573822,
            0.033396683633327484,
            0.02609698846936226
        ],
        [
            0.1428530514240265,
            0.02831771783530712,
            0.003982670605182648
        ],
        [
            0.13537374138832092,
            0.025472015142440796,
            -0.002872336655855179
        ],
        [
            0.131391704082489,
            0.030783938243985176,
            0.00559578463435173
        ],
        [
            0.1388031244277954,
            0.031634531915187836,
            0.010159719735383987
        ],
        [
            0.15592187643051147,
            0.018022801727056503,
            0.006697438657283783
        ],
        [
            0.15382914245128632,
            0.025738578289747238,
            0.007597029209136963
        ],
        [
            0.16016024351119995,
            0.027874452993273735,
            0.012960828840732574
        ],
        [
            0.164078027009964,
            0.021255211904644966,
            0.01264479011297226
        ],
        [
            0.07307146489620209,
            0.05792202055454254,
            0.05712394788861275
        ],
        [
            0.07764273881912231,
            0.0469110906124115,
            0.05449068546295166
        ],
        [
            0.11596697568893433,
            0.00591035932302475,
            -0.015283867716789246
        ],
        [
            0.10877438634634018,
            0.003850027918815613,
            -0.01765640825033188
        ],
        [
            0.10219934582710266,
            -0.0007654726505279541,
            -0.020579900592565536
        ],
        [
            0.10871613025665283,
            0.030274298042058945,
            0.008528389036655426
        ],
        [
            0.09860891103744507,
            0.0262508075684309,
            -0.0007354989647865295
        ],
        [
            0.0965803861618042,
            0.028695538640022278,
            0.0023356154561042786
        ],
        [
            0.1076316386461258,
            0.03106706775724888,
            0.011858820915222168
        ],
        [
            0.10265301913022995,
            0.045881565660238266,
            0.02438811957836151
        ],
        [
            0.09508469700813293,
            0.042795371264219284,
            0.01309996098279953
        ],
        [
            0.09845888614654541,
            0.05737965553998947,
            0.031164728105068207
        ],
        [
            0.08461359143257141,
            0.019992770627141,
            -0.0023708567023277283
        ],
        [
            0.08353270590305328,
            0.013540159910917282,
            -0.011338815093040466
        ],
        [
            0.07677590847015381,
            0.015094984322786331,
            -0.005771063268184662
        ],
        [
            0.09078583866357803,
            0.009307924658060074,
            -0.01650650054216385
        ],
        [
            0.09746898710727692,
            0.004485271871089935,
            -0.020047374069690704
        ],
        [
            0.10821709036827087,
            -0.02427138388156891,
            -0.006775040179491043
        ],
        [
            0.0712902694940567,
            0.01547214761376381,
            0.0006662681698799133
        ],
        [
            0.08142825216054916,
            0.0722043514251709,
            0.03756348788738251
        ],
        [
            0.0763184130191803,
            0.07555379718542099,
            0.0430716946721077
        ],
        [
            0.08231886476278305,
            0.07454481720924377,
            0.04817137494683266
        ],
        [
            0.08722177892923355,
            0.07128113508224487,
            0.04365558549761772
        ],
        [
            0.12023426592350006,
            0.05133010074496269,
            0.08283873647451401
        ],
        [
            0.11979647725820541,
            0.056683287024497986,
            0.07702069729566574
        ],
        [
            0.1124262660741806,
            0.054533667862415314,
            0.07063013315200806
        ],
        [
            0.11561984568834305,
            0.02816355787217617,
            -0.0026763007044792175
        ],
        [
            0.12196137011051178,
            0.020381253212690353,
            -0.01055239886045456
        ],
        [
            0.13363352417945862,
            0.05661837011575699,
            0.06671884655952454
        ],
        [
            0.15078961849212646,
            0.06768164038658142,
            0.09066610783338547
        ],
        [
            0.14630013704299927,
            0.0711732804775238,
            0.08828314393758774
        ],
        [
            0.1338532716035843,
            0.06086735427379608,
            0.08683041483163834
        ],
        [
            0.13838613033294678,
            0.056435391306877136,
            0.08992237597703934
        ],
        [
            0.1431216448545456,
            0.05370742082595825,
            0.07118600606918335
        ],
        [
            0.1374943107366562,
            0.057074375450611115,
            0.0686582699418068
        ],
        [
            0.13984547555446625,
            0.05664261057972908,
            0.06929486244916916
        ],
        [
            0.14591777324676514,
            0.053733568638563156,
            0.0699007511138916
        ],
        [
            0.16250160336494446,
            0.04288310185074806,
            0.04448229447007179
        ],
        [
            0.15781021118164062,
            0.04011892154812813,
            0.039737775921821594
        ],
        [
            0.1402157098054886,
            0.033155784010887146,
            0.07633016258478165
        ],
        [
            0.12887819111347198,
            0.0347239226102829,
            0.08428093045949936
        ],
        [
            0.11972744017839432,
            0.030203184112906456,
            0.07610229402780533
        ],
        [
            0.13990972936153412,
            0.038319144397974014,
            0.03752623125910759
        ],
        [
            0.14748229086399078,
            0.041744574904441833,
            0.04383174702525139
        ],
        [
            0.14981341361999512,
            0.04021583870053291,
            0.0407307967543602
        ],
        [
            0.13588643074035645,
            0.052093859761953354,
            0.06023194268345833
        ],
        [
            0.13911809027194977,
            0.05425071716308594,
            0.06598760187625885
        ],
        [
            0.14114075899124146,
            0.051640499383211136,
            0.06266865879297256
        ],
        [
            0.13844087719917297,
            0.0491584874689579,
            0.056335218250751495
        ],
        [
            0.14518868923187256,
            0.004844285547733307,
            0.006226900964975357
        ],
        [
            0.14609269797801971,
            0.014054905623197556,
            -0.0009375475347042084
        ],
        [
            0.1458650827407837,
            0.07402339577674866,
            0.08036211878061295
        ],
        [
            0.14576181769371033,
            0.07318985462188721,
            0.08210667222738266
        ],
        [
            0.13204307854175568,
            0.03441142290830612,
            0.030167564749717712
        ],
        [
            0.11046086251735687,
            0.025281602516770363,
            0.06521327793598175
        ],
        [
            0.12480366230010986,
            0.03171101212501526,
            0.021768007427453995
        ],
        [
            0.16610252857208252,
            0.022296326234936714,
            0.04445765167474747
        ],
        [
            0.16869649291038513,
            0.028871478512883186,
            0.039100732654333115
        ],
        [
            0.17117798328399658,
            0.032677195966243744,
            0.042201846837997437
        ],
        [
            0.17138436436653137,
            0.02888840064406395,
            0.04724820703268051
        ],
        [
            0.15632621943950653,
            0.06024080142378807,
            0.07174614071846008
        ],
        [
            0.15265117585659027,
            0.06490906327962875,
            0.07012909650802612
        ],
        [
            0.15349099040031433,
            0.06397513300180435,
            0.07130780071020126
        ],
        [
            0.1587413251399994,
            0.06109413504600525,
            0.07273536175489426
        ],
        [
            0.13245876133441925,
            0.05968255177140236,
            0.07017987221479416
        ],
        [
            0.1274278312921524,
            0.060846131294965744,
            0.07416042685508728
        ],
        [
            0.13289430737495422,
            0.06330561637878418,
            0.0748237743973732
        ],
        [
            0.1367356777191162,
            0.06038084253668785,
            0.07118486613035202
        ],
        [
            0.12663836777210236,
            0.059612829238176346,
            0.08024118840694427
        ],
        [
            0.131741464138031,
            0.06300774961709976,
            0.08117401599884033
        ],
        [
            0.15942732989788055,
            0.05777832865715027,
            0.0771184116601944
        ],
        [
            0.15957990288734436,
            0.05977064371109009,
            0.08495152741670609
        ],
        [
            0.1484462469816208,
            0.04841889068484306,
            0.08303172886371613
        ],
        [
            0.15009409189224243,
            0.05045253410935402,
            0.07569167762994766
        ],
        [
            0.12402035295963287,
            -0.002726469188928604,
            0.026805978268384933
        ],
        [
            0.1297912448644638,
            -0.004039332270622253,
            0.017289459705352783
        ],
        [
            0.1410951465368271,
            0.0029037632048130035,
            0.02484271675348282
        ],
        [
            0.15289965271949768,
            0.008608713746070862,
            0.03250126540660858
        ],
        [
            0.16298890113830566,
            0.015269441530108452,
            0.03993168845772743
        ],
        [
            0.1573496311903,
            0.015114868059754372,
            0.050954755395650864
        ],
        [
            0.14385224878787994,
            0.001976650208234787,
            0.01712053269147873
        ],
        [
            0.14556604623794556,
            0.04690295457839966,
            0.07423887401819229
        ],
        [
            0.1411750465631485,
            0.04150513932108879,
            0.08082694560289383
        ],
        [
            0.1447049379348755,
            0.04091211408376694,
            0.07674280554056168
        ],
        [
            0.12938988208770752,
            0.03124324604868889,
            0.01584625244140625
        ],
        [
            0.1440097540616989,
            0.07295424491167068,
            0.0835253968834877
        ],
        [
            0.07988321781158447,
            -0.0045809634029865265,
            0.027420442551374435
        ],
        [
            0.08984041213989258,
            -0.01204962283372879,
            0.023185502737760544
        ],
        [
            0.09366171061992645,
            -0.006604444235563278,
            0.02892329916357994
        ],
        [
            0.08266521990299225,
            0.002306342124938965,
            0.03300841897726059
        ],
        [
            0.14784692227840424,
            0.07020898163318634,
            0.07225260138511658
        ],
        [
            0.14421284198760986,
            0.07271052896976471,
            0.07718484103679657
        ],
        [
            0.1624445617198944,
            0.038848474621772766,
            0.03522532433271408
        ],
        [
            0.16617649793624878,
            0.0409114807844162,
            0.04039525240659714
        ],
        [
            0.16954609751701355,
            0.03869412839412689,
            0.03993595018982887
        ],
        [
            0.16787604987621307,
            0.038519736379384995,
            0.03328389301896095
        ],
        [
            0.1313837319612503,
            -0.004498317837715149,
            0.011517133563756943
        ],
        [
            0.17285095155239105,
            0.021648621186614037,
            0.020326713100075722
        ],
        [
            0.17110484838485718,
            0.016434188932180405,
            0.030542904511094093
        ],
        [
            0.11976638436317444,
            -0.010046865791082382,
            0.011113908141851425
        ],
        [
            0.11478650569915771,
            -0.00957958772778511,
            0.019576873630285263
        ],
        [
            0.10857206583023071,
            -0.014690179377794266,
            0.013985373079776764
        ],
        [
            0.15424931049346924,
            0.02426035702228546,
            0.06303612142801285
        ],
        [
            0.1210094466805458,
            9.71183180809021e-06,
            0.034518539905548096
        ],
        [
            0.11138136684894562,
            -0.006932985037565231,
            0.02595311775803566
        ],
        [
            0.10379934310913086,
            -0.012928422540426254,
            0.01957336813211441
        ],
        [
            0.09898827970027924,
            -0.017954185605049133,
            0.014887575060129166
        ],
        [
            0.10469800978899002,
            -0.019252203404903412,
            0.009169124066829681
        ],
        [
            0.15569427609443665,
            0.06349125504493713,
            0.08908642083406448
        ],
        [
            0.1637280434370041,
            0.06395397335290909,
            0.08413991332054138
        ],
        [
            0.10077471286058426,
            -0.025862202048301697,
            0.0042565688490867615
        ],
        [
            0.09434188157320023,
            -0.023563478142023087,
            0.010602615773677826
        ],
        [
            0.10629487782716751,
            -0.0032847076654434204,
            0.03274057060480118
        ],
        [
            0.09970591962337494,
            0.0023149996995925903,
            0.03989719972014427
        ],
        [
            0.11578694730997086,
            0.0034856386482715607,
            0.04063858836889267
        ],
        [
            0.10996370762586594,
            0.009454101324081421,
            0.04869026318192482
        ],
        [
            0.14715303480625153,
            0.022239232435822487,
            0.07133149355649948
        ],
        [
            0.1650693267583847,
            0.074654720723629,
            0.0687704086303711
        ],
        [
            0.16491106152534485,
            0.06593941152095795,
            0.07543566823005676
        ],
        [
            0.16060560941696167,
            0.06367668509483337,
            0.07196099311113358
        ],
        [
            0.16327953338623047,
            0.07154466956853867,
            0.06637943536043167
        ],
        [
            0.16246119141578674,
            0.060872532427310944,
            0.07706146687269211
        ],
        [
            0.16480283439159393,
            0.06865382194519043,
            0.080899178981781
        ],
        [
            0.09996908158063889,
            0.01928764581680298,
            0.05466344952583313
        ],
        [
            0.1447029858827591,
            0.05324162542819977,
            0.06786812096834183
        ],
        [
            0.08736379444599152,
            0.014179922640323639,
            0.04354143887758255
        ],
        [
            0.09073478728532791,
            0.03384906053543091,
            0.06181945651769638
        ],
        [
            0.08162418007850647,
            0.03127506747841835,
            0.05141397565603256
        ],
        [
            0.07385554164648056,
            0.010996002703905106,
            0.032268352806568146
        ],
        [
            0.07265286147594452,
            0.02487580105662346,
            0.03878180682659149
        ],
        [
            0.06886297464370728,
            -0.0013136304914951324,
            0.022258222103118896
        ],
        [
            0.07268363982439041,
            0.003993231803178787,
            0.02754422277212143
        ],
        [
            0.07151692360639572,
            0.039372220635414124,
            0.04298696294426918
        ],
        [
            0.1477934718132019,
            0.07392863929271698,
            0.06964580714702606
        ],
        [
            0.15210290253162384,
            0.07019273936748505,
            0.0667777955532074
        ],
        [
