{
    "pred_cam": [
        10.57270336151123,
        0.13022981584072113,
        -0.033312708139419556
    ],
    "pred_mano_params": {
        "global_orient": [
            [
                [
                    -0.5300276279449463,
                    -0.03775686398148537,
                    -0.8471394181251526
                ],
                [
                    -0.33459728956222534,
                    -0.9086376428604126,
                    0.2498445063829422
                ],
                [
                    -0.7791761159896851,
                    0.41587504744529724,
                    0.4689697027206421
                ]
            ]
        ],
        "hand_pose": [
            [
                [
                    0.785742461681366,
                    -0.513276994228363,
                    -0.34518900513648987
                ],
                [
                    0.5042057633399963,
                    0.8547433614730835,
                    -0.12324896454811096
                ],
                [
                    0.358308881521225,
                    -0.07720435410737991,
                    0.9304053783416748
                ]
            ],
            [
                [
                    0.3714321255683899,
                    -0.8926224708557129,
                    0.25546693801879883
                ],
                [
                    0.9143293499946594,
                    0.3038381040096283,
                    -0.2677392363548279
                ],
                [
                    0.1613694429397583,
                    0.33302783966064453,
                    0.9290061593055725
                ]
            ],
            [
                [
                    0.830428421497345,
                    -0.5235170722007751,
                    0.1905740648508072
                ],
                [
                    0.5027793049812317,
                    0.851572573184967,
                    0.14844919741153717
                ],
                [
                    -0.2400033324956894,
                    -0.02745974063873291,
                    0.9703835844993591
                ]
            ],
            [
                [
                    0.5962095260620117,
                    -0.7733573317527771,
                    -0.21552877128124237
                ],
                [
                    0.800388514995575,
                    0.5934933423995972,
                    0.08452169597148895
                ],
                [
                    0.0625494047999382,
                    -0.2228993922472,
                    0.9728326797485352
                ]
            ],
            [
                [
                    0.5923928022384644,
                    -0.778562068939209,
                    -0.20715202391147614
                ],
                [
                    0.8055061101913452,
                    0.5772217512130737,
                    0.13407082855701447
                ],
                [
                    0.015190208330750465,
                    -0.24628479778766632,
                    0.969078540802002
                ]
            ],
            [
                [
                    0.8100510835647583,
                    -0.5775874257087708,
                    0.10104479640722275
                ],
                [
                    0.5738415122032166,
                    0.8163155913352966,
                    0.0658387839794159
                ],
                [
                    -0.12051209807395935,
                    0.004650930408388376,
                    0.99270099401474
                ]
            ],
            [
                [
                    0.5097094774246216,
                    -0.8590360283851624,
                    0.0474698543548584
                ],
                [
                    0.7381414771080017,
                    0.4649878740310669,
                    0.48880821466445923
                ],
                [
                    -0.44197675585746765,
                    -0.21411068737506866,
                    0.8710988759994507
                ]
            ],
            [
                [
                    0.8066143989562988,
                    -0.5899168252944946,
                    0.03703368455171585
                ],
                [
                    0.5128863453865051,
                    0.729678213596344,
                    0.45223599672317505
                ],
                [
                    -0.29380425810813904,
                    -0.345785915851593,
                    0.891129195690155
                ]
            ],
            [
                [
                    0.9736509323120117,
                    -0.20252151787281036,
                    0.10482765734195709
                ],
                [
                    0.11572673171758652,
                    0.8348993062973022,
                    0.538098931312561
                ],
                [
                    -0.19649715721607208,
                    -0.5117892026901245,
                    0.8363376259803772
                ]
            ],
            [
                [
                    0.6315717697143555,
                    -0.7750605344772339,
                    0.01995762065052986
                ],
                [
                    0.7745893597602844,
                    0.6318848729133606,
                    0.027071306481957436
                ],
                [
                    -0.033592820167541504,
                    -0.0016385122435167432,
                    0.9994342923164368
                ]
            ],
            [
                [
                    0.6998023986816406,
                    -0.6993370652198792,
                    -0.145616814494133
                ],
                [
                    0.6650364995002747,
                    0.5634086728096008,
                    0.49020111560821533
                ],
                [
                    -0.26077404618263245,
                    -0.43988439440727234,
                    0.8593593835830688
                ]
            ],
            [
                [
                    0.787310004234314,
                    -0.6046545505523682,
                    0.12056460976600647
                ],
                [
                    0.553921103477478,
                    0.7795470356941223,
                    0.29236599802970886
                ],
                [
                    -0.2707661986351013,
                    -0.16339941322803497,
                    0.9486761093139648
                ]
            ],
            [
                [
                    0.95862877368927,
                    0.18127703666687012,
                    0.2194756269454956
                ],
                [
                    0.019854839891195297,
                    0.7265535593032837,
                    -0.6868230104446411
                ],
                [
                    -0.2839660048484802,
                    0.6627659201622009,
                    0.6928959488868713
                ]
            ],
            [
                [
                    0.978689968585968,
                    -0.1806783378124237,
                    0.0975772812962532
                ],
                [
                    0.07916633039712906,
                    0.7704491019248962,
                    0.6325669288635254
                ],
                [
                    -0.18946945667266846,
                    -0.6113620400428772,
                    0.7683344483375549
                ]
            ],
            [
                [
                    0.7832938432693481,
                    -0.5572414398193359,
                    -0.2755589187145233
                ],
                [
                    0.28754177689552307,
                    0.7177696824073792,
                    -0.6341343522071838
                ],
                [
                    0.551153838634491,
                    0.4174788296222687,
                    0.7224547863006592
                ]
            ]
        ],
        "betas": [
            -0.08338579535484314,
            -0.13847199082374573,
            0.019797444343566895,
            0.006625860929489136,
            -0.04364967346191406,
            -0.027850095182657242,
            0.017935752868652344,
            -0.034553736448287964,
            0.024388626217842102,
            -0.061546891927719116
        ]
    },
    "pred_cam_t": [
        -0.13022981584072113,
        -0.033312708139419556,
        3.6946558952331543
    ],
    "focal_length": [
        5000.0,
        5000.0
    ],
    "pred_keypoints_3d": [
        [
            0.09606237709522247,
            0.006411307491362095,
            0.006236448418349028
        ],
        [
            0.08746028691530228,
            0.03514982387423515,
            0.030682668089866638
        ],
        [
            0.07596904039382935,
            0.05993823707103729,
            0.04512307792901993
        ],
        [
            0.06621662527322769,
            0.07965956628322601,
            0.061103157699108124
        ],
        [
            0.07173029333353043,
            0.11300010234117508,
            0.06645934283733368
        ],
        [
            0.12561658024787903,
            0.045866549015045166,
            0.08262097835540771
        ],
        [
            0.14969530701637268,
            0.0650961697101593,
            0.0946594625711441
        ],
        [
            0.15110953152179718,
            0.08061689138412476,
            0.07875261455774307
        ],
        [
            0.14188820123672485,
            0.09194691479206085,
            0.05897442251443863
        ],
        [
            0.1494177281856537,
            0.03871237859129906,
            0.07803968340158463
        ],
        [
            0.16691532731056213,
            0.06529197841882706,
            0.07895644009113312
        ],
        [
            0.16297243535518646,
            0.08179622143507004,
            0.06288105994462967
        ],
        [
            0.14867328107357025,
            0.0942039042711258,
            0.04577185958623886
        ],
        [
            0.16249717772006989,
            0.03077353909611702,
            0.055976226925849915
        ],
        [
            0.17720046639442444,
            0.055323585867881775,
            0.06074290722608566
        ],
        [
            0.1737346351146698,
            0.07501685619354248,
            0.045883405953645706
        ],
        [
            0.15860015153884888,
            0.09004990756511688,
            0.032690711319446564
        ],
        [
            0.1699114739894867,
            0.02771998569369316,
            0.03558230772614479
        ],
        [
            0.17843058705329895,
            0.04707713425159454,
            0.03351888060569763
        ],
        [
            0.17250701785087585,
            0.06288854777812958,
            0.02467384561896324
        ],
        [
            0.15867319703102112,
            0.07683149725198746,
            0.016979750245809555
        ]
    ],
    "pred_vertices": [
        [
            0.10855599492788315,
            0.044268637895584106,
            0.0464823842048645
        ],
        [
            0.10360389947891235,
            0.04360954463481903,
            0.03817613795399666
        ],
        [
            0.09939766675233841,
            0.0531286895275116,
            0.044476091861724854
        ],
        [
            0.10447559505701065,
            0.05209239572286606,
            0.053040359169244766
        ],
        [
            0.09064657986164093,
            0.053639836609363556,
            0.02351406216621399
        ],
        [
            0.08019926398992538,
            0.05135871469974518,
            0.019396193325519562
        ],
        [
            0.07724172621965408,
            0.06324679404497147,
            0.029859431087970734
        ],
        [
            0.08584102243185043,
            0.06549236178398132,
            0.032130055129528046
        ],
        [
            0.09958598762750626,
            0.05762374401092529,
            0.059584274888038635
        ],
        [
            0.09579166024923325,
            0.06066795438528061,
            0.049653470516204834
        ],
        [
            0.09280676394701004,
            0.05767914652824402,
            0.06314334273338318
        ],
        [
            0.09935445338487625,
            0.04804607480764389,
            0.07377761602401733
        ],
        [
            0.10408716648817062,
            0.05195249617099762,
            0.06870800256729126
        ],
        [
            0.1059446781873703,
            0.04481366649270058,
            0.08068695664405823
        ],
        [
            0.09493658691644669,
            0.03732018917798996,
            0.072832390666008
        ],
        [
            0.10865224897861481,
            0.035444729030132294,
            0.08306153863668442
        ],
        [
            0.11449002474546432,
            0.013649754226207733,
            0.061726078391075134
        ],
        [
            0.12388195097446442,
            0.008410897105932236,
            0.05300278961658478
        ],
        [
            0.135186567902565,
            0.013888010755181313,
            0.06556966155767441
        ],
        [
            0.1244916021823883,
            0.019562626257538795,
            0.07269769161939621
        ],
        [
            0.14460767805576324,
            0.009233830496668816,
            0.047242216765880585
        ],
        [
            0.14001551270484924,
            0.012030448764562607,
            0.057925742119550705
        ],
        [
            0.12880952656269073,
            0.005356602370738983,
            0.04596240073442459
        ],
        [
            0.13342659175395966,
            0.0034050196409225464,
            0.036943674087524414
        ],
        [
            0.11625862121582031,
            0.03413955867290497,
            0.033875174820423126
        ],
        [
            0.11146123707294464,
            0.03169269114732742,
            0.0252220556139946
        ],
        [
            0.108561210334301,
            0.03473292663693428,
            0.030662592500448227
        ],
        [
            0.11293679475784302,
            0.03693032264709473,
            0.03820176422595978
        ],
        [
            0.07777401059865952,
            0.0587000772356987,
            0.060794200748205185
        ],
        [
            0.08053898066282272,
            0.046759024262428284,
            0.06071459874510765
        ],
        [
            0.08686661720275879,
            0.050797224044799805,
            0.064505934715271
        ],
        [
            0.08134948462247849,
            0.06297149509191513,
            0.06038561463356018
        ],
        [
            0.1047336757183075,
            0.027027321979403496,
            -0.003570556640625
        ],
        [
            0.09606778621673584,
            0.018103865906596184,
            -0.009204544126987457
        ],
        [
            0.09158186614513397,
            0.019291142001748085,
            -0.005585677921772003
        ],
        [
            0.10077927261590958,
            0.0267545897513628,
            -0.0007963553071022034
        ],
        [
            0.080189049243927,
            0.03149938955903053,
            0.008027642965316772
        ],
        [
            0.07723759114742279,
            0.022266944870352745,
            0.004199013113975525
        ],
        [
            0.06594708561897278,
            0.015093326568603516,
            0.00870419293642044
        ],
        [
            0.06793752312660217,
            0.022143501788377762,
            0.015025772154331207
        ],
        [
            0.08106206357479095,
            0.041655559092760086,
            0.013578429818153381
        ],
        [
            0.06980466842651367,
            0.03419552743434906,
            0.01800389587879181
        ],
        [
            0.0712510198354721,
            0.044653043150901794,
            0.022268399596214294
        ],
        [
            0.07044824957847595,
            0.05652322620153427,
            0.03178791701793671
        ],
        [
            0.10591039061546326,
            0.01269172877073288,
            -0.015598751604557037
        ],
        [
            0.11361870169639587,
            0.018871016800403595,
            -0.012749254703521729
        ],
        [
            0.138312429189682,
            0.06977136433124542,
            0.08537673950195312
        ],
        [
            0.14223352074623108,
            0.06739203631877899,
            0.0810345932841301
        ],
        [
            0.14058580994606018,
            0.06669216603040695,
            0.08159657567739487
        ],
        [
            0.137325257062912,
            0.0688796415925026,
            0.0858725979924202
        ],
        [
            0.11977294832468033,
            -0.0013113319873809814,
            -0.010332360863685608
        ],
        [
            0.11936116218566895,
            -0.009616382420063019,
            -0.004538439214229584
        ],
        [
            0.11567521095275879,
            -0.011105857789516449,
            -0.010693393647670746
        ],
        [
            0.1142851859331131,
            -0.002979341894388199,
            -0.015334390103816986
        ],
        [
            0.12696591019630432,
            0.0009375326335430145,
            -0.003681100904941559
        ],
        [
            0.12411579489707947,
            -0.0068753063678741455,
            0.004015933722257614
        ],
        [
            0.14511139690876007,
            0.07150432467460632,
            0.09632250666618347
        ],
        [
            0.14062738418579102,
            0.07267788797616959,
            0.09354843199253082
        ],
        [
            0.13965807855129242,
            0.06908339262008667,
            0.09566383808851242
        ],
        [
            0.14382103085517883,
            0.06626372784376144,
            0.09809086471796036
        ],
        [
            0.10895263403654099,
            0.05110867694020271,
            0.061549581587314606
        ],
        [
            0.11374721676111221,
            0.04668167978525162,
            0.053807392716407776
        ],
        [
            0.12084835767745972,
            0.05355365201830864,
            0.07392321527004242
        ],
        [
            0.11915554851293564,
            0.049572885036468506,
            0.06602435559034348
        ],
        [
            0.11274108290672302,
            0.05078381299972534,
            0.06994803249835968
        ],
        [
            0.11524777114391327,
            0.05278109759092331,
            0.07688195258378983
        ],
        [
            0.13249266147613525,
            0.03914251551032066,
            0.04886830598115921
        ],
        [
            0.12524589896202087,
            0.03550923243165016,
            0.040414586663246155
        ],
        [
            0.12184293568134308,
            0.038222238421440125,
            0.04562288522720337
        ],
        [
            0.12854084372520447,
            0.04332774877548218,
            0.05538233742117882
        ],
        [
            0.13419009745121002,
            0.03306450694799423,
            0.029612503945827484
        ],
        [
            0.14056891202926636,
            0.036348845809698105,
            0.03901393339037895
        ],
        [
            0.14478953182697296,
            0.0344623439013958,
            0.031746260821819305
        ],
        [
            0.13956324756145477,
            0.033445678651332855,
            0.025934439152479172
        ],
        [
            0.14845266938209534,
            0.04214955121278763,
            0.05699312686920166
        ],
        [
            0.1511368751525879,
            0.04372487589716911,
            0.06190139800310135
        ],
        [
            0.1544581949710846,
            0.04446367174386978,
            0.059547726064920425
        ],
        [
            0.15049602091312408,
            0.04122317209839821,
            0.05405983701348305
        ],
        [
            0.11161540448665619,
            -0.01345399022102356,
            -0.016066022217273712
        ],
        [
            0.10842184722423553,
            -0.004719525575637817,
            -0.01938842236995697
        ],
        [
            0.15487022697925568,
            0.007891179993748665,
            0.027706604450941086
        ],
        [
            0.1549200713634491,
            0.011523963883519173,
            0.017040099948644638
        ],
        [
            0.16522186994552612,
            0.01628805324435234,
            0.02387271821498871
        ],
        [
            0.16300658881664276,
            0.010486189275979996,
            0.03421594202518463
        ],
        [
            0.11539065837860107,
            -0.013819139450788498,
            0.004137694835662842
        ],
        [
            0.11327153444290161,
            -0.016924239695072174,
            -0.0027828291058540344
        ],
        [
            0.1510620266199112,
            0.06853408366441727,
            0.09612012654542923
        ],
        [
            0.14952704310417175,
            0.06329725682735443,
            0.09743618220090866
        ],
        [
            0.06729836761951447,
            0.033181920647621155,
            0.03010871261358261
        ],
        [
            0.06721997261047363,
            0.04938000068068504,
            0.03767848387360573
        ],
        [
            0.06679143011569977,
            0.020424090325832367,
            0.0245637446641922
        ],
        [
            0.06661511957645416,
            0.011491261422634125,
            0.02030652016401291
        ],
        [
            0.06382963061332703,
            0.005344949662685394,
            0.015469580888748169
        ],
        [
            0.1258186399936676,
            0.04903949424624443,
            0.06526839733123779
        ],
        [
            0.11614874005317688,
            0.04078751802444458,
            0.04644404351711273
        ],
        [
            0.11940043419599533,
            0.03251367062330246,
            0.02993522211909294
        ],
        [
            0.14200103282928467,
            0.03008382022380829,
            0.008855350315570831
        ],
        [
            0.13512833416461945,
            0.027583874762058258,
            0.0013280883431434631
        ],
        [
            0.13039453327655792,
            0.032031599432229996,
            0.009922213852405548
        ],
        [
            0.13743242621421814,
            0.03273460641503334,
            0.01501244306564331
        ],
        [
            0.15525813400745392,
            0.01997300609946251,
            0.011583641171455383
        ],
        [
            0.1527363657951355,
            0.027514252811670303,
            0.012912485748529434
        ],
        [
            0.15831416845321655,
            0.029363350942730904,
            0.018710501492023468
        ],
        [
            0.16262005269527435,
            0.022929638624191284,
            0.018193360418081284
        ],
        [
            0.07073353976011276,
            0.056835852563381195,
            0.058496978133916855
        ],
        [
            0.07456569373607635,
            0.04453542083501816,
            0.05613336339592934
        ],
        [
            0.11735938489437103,
            0.00845075398683548,
            -0.013908624649047852
        ],
        [
            0.11040715873241425,
            0.006344746798276901,
            -0.016912251710891724
        ],
        [
            0.1042148768901825,
            0.0017465204000473022,
            -0.020627036690711975
        ],
        [
            0.10749179124832153,
            0.030258668586611748,
            0.011356368660926819
        ],
        [
            0.0981263667345047,
            0.026693647727370262,
            0.0011047571897506714
        ],
        [
            0.09582097083330154,
            0.028569182381033897,
            0.0042379796504974365
        ],
        [
            0.10611947625875473,
            0.030494723469018936,
            0.014686495065689087
        ],
        [
            0.10074958205223083,
            0.043575529009103775,
            0.027413994073867798
        ],
        [
            0.09387827664613724,
            0.04134674742817879,
            0.015660002827644348
        ],
        [
            0.09714680910110474,
            0.054755695164203644,
            0.03381913900375366
        ],
        [
            0.08458712697029114,
            0.02012109011411667,
            -0.0019362494349479675
        ],
        [
            0.08439557254314423,
            0.01450708881020546,
            -0.011476181447505951
        ],
        [
            0.07723957300186157,
            0.015324313193559647,
            -0.006238654255867004
        ],
        [
            0.09213600307703018,
            0.01101943850517273,
            -0.016501575708389282
        ],
        [
            0.09923486411571503,
            0.006763305515050888,
            -0.019970469176769257
        ],
        [
            0.11030344665050507,
            -0.0226132795214653,
            -0.008424028754234314
        ],
        [
            0.07135606557130814,
            0.015024647116661072,
            -0.00018131732940673828
        ],
        [
            0.08106176555156708,
            0.07077176868915558,
            0.03922705352306366
        ],
        [
            0.07569380849599838,
            0.07466458529233932,
            0.04452548548579216
        ],
        [
            0.08134367316961288,
            0.07339264452457428,
            0.04988176003098488
        ],
        [
            0.08653777092695236,
            0.0695466548204422,
            0.04552250728011131
        ],
        [
            0.11380638927221298,
            0.04528019204735756,
            0.08776886761188507
        ],
        [
            0.11320198327302933,
            0.051073186099529266,
            0.0825388953089714
        ],
        [
            0.10672794282436371,
            0.04964054375886917,
            0.07528078556060791
        ],
        [
            0.11530087888240814,
            0.02957877144217491,
            0.0004250332713127136
        ],
        [
            0.12244187295436859,
            0.022714247927069664,
            -0.0076274573802948
        ],
        [
            0.1272946298122406,
            0.05285883694887161,
            0.07312210649251938
        ],
        [
            0.14193275570869446,
            0.06240590661764145,
            0.0992371141910553
        ],
        [
            0.1372389942407608,
            0.0659547969698906,
            0.09719379991292953
        ],
        [
            0.12597742676734924,
            0.05443781614303589,
            0.09396056830883026
        ],
        [
            0.13089483976364136,
            0.050060056149959564,
            0.09647783637046814
        ],
        [
            0.13641370832920074,
            0.05035405233502388,
            0.07765498757362366
        ],
        [
            0.13058561086654663,
            0.053769536316394806,
            0.07543572038412094
        ],
        [
            0.13282020390033722,
            0.053640808910131454,
            0.07619015127420425
        ],
        [
            0.13915863633155823,
            0.05136220157146454,
            0.07653660327196121
        ],
        [
            0.1575508564710617,
            0.04167360067367554,
            0.05112553387880325
        ],
        [
            0.15373633801937103,
            0.03907813876867294,
            0.04630447179079056
        ],
        [
            0.134941965341568,
            0.028435854241251945,
            0.08107204735279083
        ],
        [
            0.12315569818019867,
            0.028955630958080292,
            0.08832919597625732
        ],
        [
            0.11450809240341187,
            0.025250326842069626,
            0.07945799082517624
        ],
        [
            0.13654598593711853,
            0.03698769211769104,
            0.042922720313072205
        ],
        [
            0.14352452754974365,
            0.04005644842982292,
            0.049964793026447296
        ],
        [
            0.14604102075099945,
            0.03886878117918968,
            0.046892669051885605
        ],
        [
            0.13048820197582245,
            0.048713844269514084,
            0.06632284075021744
        ],
        [
            0.13302382826805115,
            0.050782546401023865,
            0.07237821817398071
        ],
        [
            0.13556045293807983,
            0.04801580682396889,
            0.06901249289512634
        ],
        [
            0.13344316184520721,
            0.046108413487672806,
            0.0624052919447422
        ],
        [
            0.1452547311782837,
            0.006487865000963211,
            0.009377200156450272
        ],
        [
            0.1461821049451828,
            0.016342222690582275,
            0.003040153533220291
        ],
        [
            0.1379762589931488,
            0.07185978442430496,
            0.08972093462944031
        ],
        [
            0.13699539005756378,
            0.06996700912714005,
            0.09108859300613403
        ],
        [
            0.1293426752090454,
            0.03350376337766647,
            0.03475160151720047
        ],
        [
            0.1060519590973854,
            0.02108706533908844,
            0.06761214882135391
        ],
        [
            0.12277841567993164,
            0.03132607042789459,
            0.025681737810373306
        ],
        [
            0.16296575963497162,
            0.021751606836915016,
            0.05013686418533325
        ],
        [
            0.16524173319339752,
            0.02915577031672001,
            0.04508848488330841
        ],
        [
            0.16710826754570007,
            0.032797835767269135,
            0.048239197582006454
        ],
        [
            0.16746148467063904,
            0.028758089989423752,
            0.053115032613277435
        ],
        [
            0.1487540453672409,
            0.05897638201713562,
            0.07985923439264297
        ],
        [
            0.14472055435180664,
            0.06343698501586914,
            0.07883189618587494
        ],
        [
            0.14558826386928558,
            0.06337176263332367,
            0.07931600511074066
        ],
        [
            0.15083570778369904,
            0.06044064462184906,
            0.08070655912160873
        ],
        [
            0.1252688467502594,
            0.05564597249031067,
            0.07712776958942413
        ],
        [
            0.12011507153511047,
            0.05580156296491623,
            0.08093597739934921
        ],
        [
            0.1250382661819458,
            0.05864807218313217,
            0.08243813365697861
        ],
        [
            0.12927694618701935,
            0.0567299984395504,
            0.07852676510810852
        ],
        [
            0.11916722357273102,
            0.05369165167212486,
            0.08682996779680252
        ],
        [
            0.12377921491861343,
            0.057240020483732224,
            0.0886395052075386
        ],
        [
            0.15175215899944305,
            0.055887371301651,
            0.08483549952507019
        ],
        [
            0.15129883587360382,
            0.056317854672670364,
            0.09270972013473511
        ],
        [
            0.1418554186820984,
            0.0442914254963398,
            0.0888880044221878
        ],
        [
            0.1435016691684723,
            0.0477496013045311,
            0.08194207400083542
        ],
        [
            0.12311051040887833,
            -0.003497149795293808,
            0.027839988470077515
        ],
        [
            0.12953488528728485,
            -0.0038062334060668945,
            0.018640413880348206
        ],
        [
            0.14011150598526,
            0.002829205244779587,
            0.027543433010578156
        ],
        [
            0.1512945145368576,
            0.008284449577331543,
            0.03652036562561989
        ],
        [
            0.16068001091480255,
            0.01469859853386879,
            0.0451989620923996
        ],
        [
            0.1545533835887909,
            0.013300865888595581,
            0.055902935564517975
        ],
        [
            0.14337554574012756,
            0.002676263451576233,
            0.01992138847708702
        ],
        [
            0.1389697939157486,
            0.04224007576704025,
            0.080133818089962
        ],
        [
            0.13526898622512817,
            0.03661409765481949,
            0.08590326458215714
        ],
        [
            0.138641357421875,
            0.036110810935497284,
            0.08217331767082214
        ],
        [
            0.12773850560188293,
            0.03153211623430252,
            0.02004358544945717
        ],
        [
            0.13497236371040344,
            0.06826525926589966,
            0.09277579188346863
        ],
        [
            0.07898654043674469,
            -0.006850682199001312,
            0.025508906692266464
        ],
        [
            0.08957121521234512,
            -0.013653155416250229,
            0.021235816180706024
        ],
        [
            0.09277234971523285,
            -0.008574720472097397,
            0.027656536549329758
        ],
        [
            0.08099184185266495,
            -0.0002657659351825714,
            0.03192363679409027
        ],
        [
            0.13939636945724487,
            0.06771701574325562,
            0.08155825734138489
        ],
        [
            0.13534563779830933,
            0.06912266463041306,
            0.08653277903795242
        ],
        [
            0.15849454700946808,
            0.03857056051492691,
            0.041836053133010864
        ],
        [
            0.161540225148201,
            0.040472134947776794,
            0.04698038473725319
        ],
        [
            0.16500042378902435,
            0.038682322949171066,
            0.046202391386032104
        ],
        [
            0.16377727687358856,
            0.0388510525226593,
            0.039802487939596176
        ],
        [
            0.13151758909225464,
            -0.003713168203830719,
            0.012939780950546265
        ],
        [
            0.1706102192401886,
            0.023086948320269585,
            0.02594398893415928
        ],
        [
            0.16898587346076965,
            0.017180508002638817,
            0.03612840175628662
        ],
        [
            0.12014000117778778,
            -0.009583037346601486,
            0.011310189962387085
        ],
        [
            0.11460863053798676,
            -0.010004367679357529,
            0.019442006945610046
        ],
        [
            0.10896027833223343,
            -0.014829907566308975,
            0.01304091140627861
        ],
        [
            0.1502082347869873,
            0.021487148478627205,
            0.0681459903717041
        ],
        [
            0.11949745565652847,
            -0.0015387721359729767,
            0.035548776388168335
        ],
        [
            0.11069513857364655,
            -0.008039020001888275,
            0.025791797786951065
        ],
        [
            0.10376627743244171,
            -0.013727374374866486,
            0.018445026129484177
        ],
        [
            0.09947045892477036,
            -0.018495000898838043,
            0.013049885630607605
        ],
        [
            0.10558117926120758,
            -0.019090797752141953,
            0.007619410753250122
        ],
        [
            0.14709042012691498,
            0.05895074084401131,
            0.09714196622371674
        ],
        [
            0.15486106276512146,
            0.06066782772541046,
            0.09276824444532394
        ],
        [
            0.10225670039653778,
            -0.025397982448339462,
            0.0019380748271942139
        ],
        [
            0.09534864127635956,
            -0.02388034015893936,
            0.008028171956539154
        ],
        [
            0.10503888130187988,
            -0.0051668137311935425,
            0.032521702349185944
        ],
        [
            0.09767771512269974,
            -0.0003272444009780884,
            0.03977624326944351
        ],
        [
            0.11374296993017197,
            0.0012336187064647675,
            0.0415903739631176
        ],
        [
            0.10713814198970795,
            0.006356123834848404,
            0.049756333231925964
        ],
        [
            0.14292538166046143,
            0.018297024071216583,
            0.07602509111166
        ],
        [
            0.15867668390274048,
            0.07505287975072861,
            0.08123986423015594
        ],
        [
            0.1571953445672989,
            0.06467009335756302,
            0.08523057401180267
        ],
        [
            0.1533336192369461,
            0.06358526647090912,
            0.0807826817035675
        ],
        [
            0.15718819200992584,
            0.07287339866161346,
            0.07780840992927551
        ],
        [
            0.15432630479335785,
            0.059303220361471176,
            0.08524743467569351
        ],
        [
            0.15646150708198547,
            0.06597758829593658,
            0.09106791019439697
        ],
        [
            0.09634313732385635,
            0.015686601400375366,
            0.056009240448474884
        ],
        [
            0.13817454874515533,
            0.049119360744953156,
            0.07442746311426163
        ],
        [
            0.08442696928977966,
            0.011222682893276215,
            0.04387841373682022
        ],
        [
            0.08664899319410324,
            0.030123544856905937,
            0.06362103670835495
        ],
        [
            0.07811339199542999,
            0.028245292603969574,
            0.05261751264333725
        ],
        [
            0.07162491232156754,
            0.008559085428714752,
            0.03149399533867836
        ],
        [
            0.0697646290063858,
            0.022552594542503357,
            0.03910223767161369
        ],
        [
            0.06818361580371857,
            -0.003468301147222519,
            0.01992259919643402
        ],
        [
            0.07126735895872116,
            0.0016341134905815125,
            0.025979548692703247
        ],
        [
            0.06883344054222107,
            0.03764374181628227,
            0.04412809759378433
        ],
        [
            0.14171451330184937,
            0.07505470514297485,
            0.07936737686395645
        ],
        [
            0.14619891345500946,
            0.0720236673951149,
            0.07621598243713379
        ],
        [
