{
    "pred_cam": [
        10.531861305236816,
        0.12853996455669403,
        -0.038623202592134476
    ],
    "pred_mano_params": {
        "global_orient": [
            [
                [
                    -0.5022402405738831,
                    -0.03742920234799385,
                    -0.8639177083969116
                ],
                [
                    -0.2870365083217621,
                    -0.9352009892463684,
                    0.207386776804924
                ],
                [
                    -0.8156989216804504,
                    0.3521338999271393,
                    0.45895200967788696
                ]
            ]
        ],
        "hand_pose": [
            [
                [
                    0.7575609683990479,
                    -0.5442056059837341,
                    -0.3604741394519806
                ],
                [
                    0.5392909049987793,
                    0.8329246044158936,
                    -0.12410463392734528
                ],
                [
                    0.3677862286567688,
                    -0.10038359463214874,
                    0.9244763255119324
                ]
            ],
            [
                [
                    0.4054217040538788,
                    -0.872522234916687,
                    0.2726503610610962
                ],
                [
                    0.9037050008773804,
                    0.3376394510269165,
                    -0.2632810175418854
                ],
                [
                    0.13766101002693176,
                    0.3531353175640106,
                    0.9253890514373779
                ]
            ],
            [
                [
                    0.8311250805854797,
                    -0.5232853889465332,
                    0.18815837800502777
                ],
                [
                    0.5032973885536194,
                    0.8517498970031738,
                    0.1456497311592102
                ],
                [
                    -0.236480250954628,
                    -0.02635352686047554,
                    0.9712788462638855
                ]
            ],
            [
                [
                    0.5294735431671143,
                    -0.818110466003418,
                    -0.22439494729042053
                ],
                [
                    0.8479631543159485,
                    0.5181369781494141,
                    0.11177041381597519
                ],
                [
                    0.024826785549521446,
                    -0.24945808947086334,
                    0.9680673480033875
                ]
            ],
            [
                [
                    0.7014193534851074,
                    -0.6877214908599854,
                    -0.18721641600131989
                ],
                [
                    0.7119836807250977,
                    0.6882311701774597,
                    0.13934504985809326
                ],
                [
                    0.033017586916685104,
                    -0.23103433847427368,
                    0.9723851084709167
                ]
            ],
            [
                [
                    0.8436005115509033,
                    -0.5294769406318665,
                    0.08939926326274872
                ],
                [
                    0.5259777307510376,
                    0.84831303358078,
                    0.06092989817261696
                ],
                [
                    -0.10809953510761261,
                    -0.004378477111458778,
                    0.9941303730010986
                ]
            ],
            [
                [
                    0.4635401964187622,
                    -0.8860496282577515,
                    0.006822990719228983
                ],
                [
                    0.7805251479148865,
                    0.4119553565979004,
                    0.4701842665672302
                ],
                [
                    -0.4194173514842987,
                    -0.21262381970882416,
                    0.882541835308075
                ]
            ],
            [
                [
                    0.8483472466468811,
                    -0.5244554877281189,
                    0.07247987389564514
                ],
                [
                    0.4611223638057709,
                    0.799187183380127,
                    0.3855723738670349
                ],
                [
                    -0.2601405382156372,
                    -0.2936771810054779,
                    0.9198263883590698
                ]
            ],
            [
                [
                    0.9807742238044739,
                    -0.16350610554218292,
                    0.1065257340669632
                ],
                [
                    0.08402477949857712,
                    0.84651118516922,
                    0.5256982445716858
                ],
                [
                    -0.17613008618354797,
                    -0.5066404342651367,
                    0.8439748883247375
                ]
            ],
            [
                [
                    0.5412569642066956,
                    -0.8390181064605713,
                    0.055582087486982346
                ],
                [
                    0.8359402418136597,
                    0.5440531969070435,
                    0.07218058407306671
                ],
                [
                    -0.09080043435096741,
                    0.007395053748041391,
                    0.9958415627479553
                ]
            ],
            [
                [
                    0.7831950783729553,
                    -0.6125541925430298,
                    -0.10669060051441193
                ],
                [
                    0.5794524550437927,
                    0.6568340063095093,
                    0.4824976623058319
                ],
                [
                    -0.2254779040813446,
                    -0.43971192836761475,
                    0.8693751692771912
                ]
            ],
            [
                [
                    0.8311156034469604,
                    -0.5391350984573364,
                    0.136309415102005
                ],
                [
                    0.49487945437431335,
                    0.8288620710372925,
                    0.26092529296875
                ],
                [
                    -0.25365567207336426,
                    -0.14940235018730164,
                    0.9556870460510254
                ]
            ],
            [
                [
                    0.9605469107627869,
                    0.1592576652765274,
                    0.22800572216510773
                ],
                [
                    0.04709411412477493,
                    0.7148395776748657,
                    -0.6977007985115051
                ],
                [
                    -0.27410173416137695,
                    0.6809121370315552,
                    0.6791368722915649
                ]
            ],
            [
                [
                    0.9800567626953125,
                    -0.18229208886623383,
                    0.07910988479852676
                ],
                [
                    0.09348153322935104,
                    0.7742336988449097,
                    0.6259580850601196
                ],
                [
                    -0.17535673081874847,
                    -0.6060791015625,
                    0.7758339047431946
                ]
            ],
            [
                [
                    0.8055511116981506,
                    -0.5066313147544861,
                    -0.30726563930511475
                ],
                [
                    0.2443818747997284,
                    0.7564869523048401,
                    -0.6066341996192932
                ],
                [
                    0.5397822856903076,
                    0.4135846793651581,
                    0.7332004308700562
                ]
            ]
        ],
        "betas": [
            -0.0752214789390564,
            -0.10756796598434448,
            0.02232515811920166,
            0.013234704732894897,
            -0.04176628589630127,
            -0.0435001477599144,
            0.006518751382827759,
            -0.031974852085113525,
            0.03469257056713104,
            -0.03926172852516174
        ]
    },
    "pred_cam_t": [
        -0.12853996455669403,
        -0.038623202592134476,
        3.7089834213256836
    ],
    "focal_length": [
        5000.0,
        5000.0
    ],
    "pred_keypoints_3d": [
        [
            0.0960041880607605,
            0.006407855078577995,
            0.006225995719432831
        ],
        [
            0.08630216121673584,
            0.03331901878118515,
            0.032276447862386703
        ],
        [
            0.07444319128990173,
            0.057533033192157745,
            0.047371599823236465
        ],
        [
            0.06483110785484314,
            0.07681186497211456,
            0.06394949555397034
        ],
        [
            0.07041388005018234,
            0.10953651368618011,
            0.07268306612968445
        ],
        [
            0.12271988391876221,
            0.040913358330726624,
            0.08594227582216263
        ],
        [
            0.14618408679962158,
            0.060406263917684555,
            0.09871828556060791
        ],
        [
            0.14732828736305237,
            0.07721465080976486,
            0.08416441082954407
        ],
        [
            0.1381320357322693,
            0.08979400992393494,
            0.06514152884483337
        ],
        [
            0.14673417806625366,
            0.03435433655977249,
            0.08159565180540085
        ],
        [
            0.16186437010765076,
            0.062311023473739624,
            0.08306542038917542
        ],
        [
            0.158820241689682,
            0.08063212037086487,
            0.06889138370752335
        ],
        [
            0.1465928703546524,
            0.09623052179813385,
            0.05268603935837746
        ],
        [
            0.1605577915906906,
            0.028093311935663223,
            0.059437550604343414
        ],
        [
            0.17227859795093536,
            0.05411747097969055,
            0.06444225460290909
        ],
        [
            0.16921411454677582,
            0.07490971684455872,
            0.05109942704439163
        ],
        [
            0.15594017505645752,
            0.09216514974832535,
            0.03851392865180969
        ],
        [
            0.16860871016979218,
            0.02652941457927227,
            0.03912147879600525
        ],
        [
            0.17673969268798828,
            0.046048603951931,
            0.03715021163225174
        ],
        [
            0.17207497358322144,
            0.06271222978830338,
            0.029182758182287216
        ],
        [
            0.15991467237472534,
            0.0785495787858963,
            0.02182632125914097
        ]
    ],
    "pred_vertices": [
        [
            0.10683371126651764,
            0.04166710004210472,
            0.049250777810811996
        ],
        [
            0.10217133909463882,
            0.04151386767625809,
            0.040711548179388046
        ],
        [
            0.09776106476783752,
            0.05063069611787796,
            0.04724957048892975
        ],
        [
            0.10251424461603165,
            0.049057524651288986,
            0.05608193203806877
        ],
        [
            0.08961021155118942,
            0.05207987129688263,
            0.025968335568904877
        ],
        [
            0.07925067842006683,
            0.04992349445819855,
            0.021521151065826416
        ],
        [
            0.07601536810398102,
            0.06133474037051201,
            0.03230540454387665
        ],
        [
            0.08461521565914154,
            0.06349240988492966,
            0.034787461161613464
        ],
        [
            0.09747303277254105,
            0.05418800562620163,
            0.06263858824968338
        ],
        [
            0.0940193310379982,
            0.05786065012216568,
            0.05256906524300575
        ],
        [
            0.09076328575611115,
            0.05411583557724953,
            0.06580004841089249
        ],
        [
            0.09687203913927078,
            0.043679796159267426,
            0.07634831219911575
        ],
        [
            0.10165639221668243,
            0.047861792147159576,
            0.07171467691659927
        ],
        [
            0.10322312265634537,
            0.039918966591358185,
            0.08334274590015411
        ],
        [
            0.09260420501232147,
            0.03299272805452347,
            0.07462655752897263
        ],
        [
            0.10600709170103073,
            0.030447855591773987,
            0.08527746796607971
        ],
        [
            0.11268697679042816,
            0.010075721889734268,
            0.0626775398850441
        ],
        [
            0.1224154680967331,
            0.0055037736892700195,
            0.05389761924743652
        ],
        [
            0.13339906930923462,
            0.010174974799156189,
            0.06728287041187286
        ],
        [
            0.12236098945140839,
            0.015282832086086273,
            0.07441136986017227
        ],
        [
            0.14344871044158936,
            0.0069022104144096375,
            0.04893156886100769
        ],
        [
            0.13847199082374573,
            0.008928591385483742,
            0.05963989347219467
        ],
        [
            0.1275932639837265,
            0.0029960088431835175,
            0.04681503772735596
        ],
        [
            0.13251236081123352,
            0.001708533614873886,
            0.037830501794815063
        ],
        [
            0.11500532180070877,
            0.032426618039608,
            0.036265891045331955
        ],
        [
            0.11050757765769958,
            0.030529392883181572,
            0.027348726987838745
        ],
        [
            0.10741778463125229,
            0.033173542469739914,
            0.03289620205760002
        ],
        [
            0.11152584105730057,
            0.03489883244037628,
            0.040672846138477325
        ],
        [
            0.07593954354524612,
            0.055614572018384933,
            0.06300647556781769
        ],
        [
            0.07856409251689911,
            0.04332708194851875,
            0.0625503659248352
        ],
        [
            0.08480210602283478,
            0.04718553274869919,
            0.06667965650558472
        ],
        [
            0.07958604395389557,
            0.05986425653100014,
            0.06281204521656036
        ],
        [
            0.10469774901866913,
            0.0277336984872818,
            -0.001892775297164917
        ],
        [
            0.09632907807826996,
            0.019120704382658005,
            -0.008383877575397491
        ],
        [
            0.09171952307224274,
            0.02000490203499794,
            -0.004837192595005035
        ],
        [
            0.10066011548042297,
            0.027217568829655647,
            0.0007362216711044312
        ],
        [
            0.079806387424469,
            0.03097802773118019,
            0.00921880453824997
        ],
        [
            0.0770391970872879,
            0.02209080569446087,
            0.0046989694237709045
        ],
        [
            0.06573092937469482,
            0.014547787606716156,
            0.008351027965545654
        ],
        [
            0.06745262444019318,
            0.02116478979587555,
            0.015192776918411255
        ],
        [
            0.08040338009595871,
            0.040669430047273636,
            0.01534530520439148
        ],
        [
            0.06909094750881195,
            0.032932642847299576,
            0.019005343317985535
        ],
        [
            0.07024408131837845,
            0.043072409927845,
            0.023856408894062042
        ],
        [
            0.06913904845714569,
            0.0546245276927948,
            0.033844441175460815
        ],
        [
            0.10642790794372559,
            0.014252740889787674,
            -0.01479986310005188
        ],
        [
            0.11395734548568726,
            0.020315825939178467,
            -0.01130935549736023
        ],
        [
            0.13486073911190033,
            0.06534183025360107,
            0.0896625891327858
        ],
        [
            0.1389060765504837,
            0.06346014142036438,
            0.08521116524934769
        ],
        [
            0.13718600571155548,
            0.06247244402766228,
            0.08563370257616043
        ],
        [
            0.1338367462158203,
            0.06429041922092438,
            0.09003300964832306
        ],
        [
            0.12029571831226349,
            8.175522089004517e-05,
            -0.010070078074932098
        ],
        [
            0.1198098361492157,
            -0.008596491068601608,
            -0.004863724112510681
        ],
        [
            0.11633618175983429,
            -0.009711336344480515,
            -0.011209771037101746
        ],
        [
            0.1149921715259552,
            -0.0013078190386295319,
            -0.015337690711021423
        ],
        [
            0.12724927067756653,
            0.0019510164856910706,
            -0.003066927194595337
        ],
        [
            0.12426987290382385,
            -0.006390858441591263,
            0.003995902836322784
        ],
        [
            0.14140649139881134,
            0.06651334464550018,
            0.10084517300128937
        ],
        [
            0.13694411516189575,
            0.06771038472652435,
            0.09808701276779175
        ],
        [
            0.1360430121421814,
            0.06392864882946014,
            0.09990658611059189
        ],
        [
            0.1402304768562317,
            0.06111331284046173,
            0.10217278450727463
        ],
        [
            0.10668258368968964,
            0.047460757195949554,
            0.06473131477832794
        ],
        [
            0.11173995584249496,
            0.043576594442129135,
            0.0568951852619648
        ],
        [
            0.11793927848339081,
            0.04900648444890976,
            0.07755067944526672
        ],
        [
            0.11669468879699707,
            0.04562212526798248,
            0.06944072246551514
        ],
        [
            0.11016549915075302,
            0.04650399461388588,
            0.07324285060167313
        ],
        [
            0.11235250532627106,
            0.04801378771662712,
            0.08030472695827484
        ],
        [
            0.1306753158569336,
            0.03652845323085785,
            0.052026357501745224
        ],
        [
            0.12375316023826599,
            0.03342565894126892,
            0.04314154013991356
        ],
        [
            0.12016315758228302,
            0.03574267029762268,
            0.04841998592019081
        ],
        [
            0.12647253274917603,
            0.040218837559223175,
            0.058683767914772034
        ],
        [
            0.1330290287733078,
            0.03182891383767128,
            0.03246699273586273
        ],
        [
            0.13905483484268188,
            0.03449193760752678,
            0.04224289581179619
        ],
        [
            0.14349868893623352,
            0.03315162658691406,
            0.03498348966240883
        ],
        [
            0.13849247992038727,
            0.032515693455934525,
            0.028980843722820282
        ],
        [
            0.14622242748737335,
            0.038997501134872437,
            0.0607374906539917
        ],
        [
            0.1484106034040451,
            0.040226299315690994,
            0.06559766083955765
        ],
        [
            0.15150059759616852,
            0.041134048253297806,
            0.06311596930027008
        ],
        [
            0.14829203486442566,
            0.0383002795279026,
            0.05773495137691498
        ],
        [
            0.11247724294662476,
            -0.011734988540410995,
            -0.016850829124450684
        ],
        [
            0.10928128659725189,
            -0.002833127975463867,
            -0.019679926335811615
        ],
        [
            0.15421892702579498,
            0.006997179239988327,
            0.029582452028989792
        ],
        [
            0.15446653962135315,
            0.011332806199789047,
            0.019165389239788055
        ],
        [
            0.16445228457450867,
            0.015693336725234985,
            0.026614733040332794
        ],
        [
            0.16218356788158417,
            0.009180169552564621,
            0.036595381796360016
        ],
        [
            0.11563903093338013,
            -0.013424135744571686,
            0.003380782902240753
        ],
        [
            0.11377009749412537,
            -0.01607796922326088,
            -0.0037884563207626343
        ],
        [
            0.1474219113588333,
            0.06381678581237793,
            0.10048048198223114
        ],
        [
            0.14595915377140045,
            0.05840638652443886,
            0.10135634988546371
        ],
        [
            0.06616988778114319,
            0.031233135610818863,
            0.030995391309261322
        ],
        [
            0.06577767431735992,
            0.04723656177520752,
            0.03938625007867813
        ],
        [
            0.06598725914955139,
            0.018805939704179764,
            0.024638481438159943
        ],
        [
            0.0660596489906311,
            0.010182105004787445,
            0.019762061536312103
        ],
        [
            0.06352420896291733,
            0.004360072314739227,
            0.014403238892555237
        ],
        [
            0.12332925945520401,
            0.04517380893230438,
            0.06883493065834045
        ],
        [
            0.11442935466766357,
            0.03820371255278587,
            0.049243148416280746
        ],
        [
            0.11827743053436279,
            0.03110608644783497,
            0.03231736645102501
        ],
        [
            0.14150162041187286,
            0.030343113467097282,
            0.011804845184087753
        ],
        [
            0.13490623235702515,
            0.02828868478536606,
            0.003940917551517487
        ],
        [
            0.12985488772392273,
            0.03210527449846268,
            0.012656822800636292
        ],
        [
            0.13671079277992249,
            0.0325346477329731,
            0.017980124801397324
        ],
        [
            0.15482459962368011,
            0.02015238255262375,
            0.014259357005357742
        ],
        [
            0.15212738513946533,
            0.02757098712027073,
            0.015981551259756088
        ],
        [
            0.15742173790931702,
            0.029024848714470863,
            0.02199980616569519
        ],
        [
            0.1618894785642624,
            0.02265501767396927,
            0.02124612033367157
        ],
        [
            0.06890446692705154,
            0.05392078310251236,
            0.060543689876794815
        ],
        [
            0.07267874479293823,
            0.041326574981212616,
            0.057740841060876846
        ],
        [
            0.11786910891532898,
            0.010031742975115776,
            -0.013048157095909119
        ],
        [
            0.11104568839073181,
            0.00805678591132164,
            -0.01639636605978012
        ],
        [
            0.10503032058477402,
            0.003656301647424698,
            -0.020608164370059967
        ],
        [
            0.10695929080247879,
            0.029963426291942596,
            0.01331038773059845
        ],
        [
            0.09794840216636658,
            0.02697879448533058,
            0.0025561004877090454
        ],
        [
            0.09553421288728714,
            0.02856670320034027,
            0.005756177008152008
        ],
        [
            0.10549096018075943,
            0.02993420511484146,
            0.01662861555814743
        ],
        [
            0.09964805096387863,
            0.04200378432869911,
            0.02981644868850708
        ],
        [
            0.09314758330583572,
            0.04037822410464287,
            0.01780617982149124
        ],
        [
            0.09585005789995193,
            0.05276896059513092,
            0.03645414113998413
        ],
        [
            0.08460287749767303,
            0.02048306167125702,
            -0.0013452842831611633
        ],
        [
            0.08477739989757538,
            0.015554210171103477,
            -0.0112551748752594
        ],
        [
            0.07745709270238876,
            0.01593007892370224,
            -0.006196707487106323
        ],
        [
            0.09270969778299332,
            0.01250401884317398,
            -0.01625821739435196
        ],
        [
            0.09996587038040161,
            0.008564630523324013,
            -0.019770272076129913
        ],
        [
            0.11105263233184814,
            -0.021400880068540573,
            -0.0098867267370224
        ],
        [
            0.07140068709850311,
            0.015157844871282578,
            -0.00035990774631500244
        ],
        [
            0.07975810021162033,
            0.06855497509241104,
            0.041941024363040924
        ],
        [
            0.07437774538993835,
            0.07236532121896744,
            0.04733146354556084
        ],
        [
            0.07993322610855103,
            0.0708102434873581,
            0.05268142372369766
        ],
        [
            0.08512222766876221,
            0.06704659014940262,
            0.04825897887349129
        ],
        [
            0.11088865995407104,
            0.0399961955845356,
            0.09063390642404556
        ],
        [
            0.11023448407649994,
            0.046010106801986694,
            0.08575133979320526
        ],
        [
            0.10406960546970367,
            0.045025378465652466,
            0.07827234268188477
        ],
        [
            0.11510029435157776,
            0.030131809413433075,
            0.0025795847177505493
        ],
        [
            0.12256462872028351,
            0.023905597627162933,
            -0.005685485899448395
        ],
        [
            0.1243429034948349,
            0.04845176264643669,
            0.07680460810661316
        ],
        [
            0.13846364617347717,
            0.05715791508555412,
            0.10312070697546005
        ],
        [
            0.13369977474212646,
            0.060638975352048874,
            0.10122688114643097
        ],
        [
            0.12262143194675446,
            0.04898587614297867,
            0.09742771834135056
        ],
        [
            0.12766295671463013,
            0.044621288776397705,
            0.09976007789373398
        ],
        [
            0.1332942396402359,
            0.04582883045077324,
            0.08112862706184387
        ],
        [
            0.12741082906723022,
            0.04928996413946152,
            0.07902359217405319
        ],
        [
            0.12959294021129608,
            0.049174435436725616,
            0.07968296855688095
        ],
        [
            0.13599807024002075,
            0.04703187197446823,
            0.07993161678314209
        ],
        [
            0.1549811214208603,
            0.03891924023628235,
            0.054624319076538086
        ],
        [
            0.15178903937339783,
            0.03667261451482773,
            0.0499345138669014
        ],
        [
            0.13247157633304596,
            0.023708106949925423,
            0.08359669148921967
        ],
        [
            0.12053495645523071,
            0.023656532168388367,
            0.09062371402978897
        ],
        [
            0.11205814778804779,
            0.020488934591412544,
            0.08124348521232605
        ],
        [
            0.13492384552955627,
            0.034820325672626495,
            0.04607241228222847
        ],
        [
            0.1416088491678238,
            0.037430290132761,
            0.05349208414554596
        ],
        [
            0.14420737326145172,
            0.03647787868976593,
            0.05040331929922104
        ],
        [
            0.12794701755046844,
            0.04482955113053322,
            0.06996826827526093
        ],
        [
            0.1301451474428177,
            0.04649805277585983,
            0.07609142363071442
        ],
        [
            0.13293685019016266,
            0.0439639575779438,
            0.07273565977811813
        ],
        [
            0.1310977041721344,
            0.04254681617021561,
            0.06599616259336472
        ],
        [
            0.14508870244026184,
            0.006766675040125847,
            0.010887987911701202
        ],
        [
            0.14605852961540222,
            0.01705128699541092,
            0.005240600556135178
        ],
        [
            0.13438045978546143,
            0.06708128750324249,
            0.09415566921234131
        ],
        [
            0.13342228531837463,
            0.06501448899507523,
            0.09533961117267609
        ],
        [
            0.1280348002910614,
            0.031856220215559006,
            0.0374784916639328
        ],
        [
            0.10399162769317627,
            0.017095645889639854,
            0.0687950998544693
        ],
        [
            0.12178941071033478,
            0.030257415026426315,
            0.02809722349047661
        ],
        [
            0.16141819953918457,
            0.019728731364011765,
            0.05309068039059639
        ],
        [
            0.16358356177806854,
            0.027540717273950577,
            0.04842214286327362
        ],
        [
            0.16504330933094025,
            0.03112495318055153,
            0.05149649456143379
        ],
        [
            0.16540177166461945,
            0.02700374647974968,
            0.05621945485472679
        ],
        [
            0.1454317569732666,
            0.054931752383708954,
            0.08366195112466812
        ],
        [
            0.14127801358699799,
            0.05929850786924362,
            0.08282117545604706
        ],
        [
            0.14230157434940338,
            0.059486374258995056,
            0.08319596946239471
        ],
        [
            0.147599995136261,
            0.0566643550992012,
            0.08451781421899796
        ],
        [
            0.12203944474458694,
            0.0509757474064827,
            0.0807456448674202
        ],
        [
            0.11689547449350357,
            0.05085664615035057,
            0.08449691534042358
        ],
        [
            0.1216268241405487,
            0.05372387170791626,
            0.0861101821064949
        ],
        [
            0.12594792246818542,
            0.052086468786001205,
            0.08213692158460617
        ],
        [
            0.11590705066919327,
            0.04844873398542404,
            0.09020572900772095
        ],
        [
            0.12037219852209091,
            0.05198752507567406,
            0.09222836047410965
        ],
        [
            0.14848218858242035,
            0.05170430988073349,
            0.08848952502012253
        ],
        [
            0.14795160293579102,
            0.05170857906341553,
            0.09633948653936386
        ],
        [
            0.13882194459438324,
            0.039473146200180054,
            0.09197661280632019
        ],
        [
            0.140431210398674,
            0.04330024495720863,
            0.08517751097679138
        ],
        [
            0.12253303825855255,
            -0.004661832004785538,
            0.02794407308101654
        ],
        [
            0.12922608852386475,
            -0.004273772239685059,
            0.018950749188661575
        ],
        [
            0.13947853446006775,
            0.0018400773406028748,
            0.028622660785913467
        ],
        [
            0.15041406452655792,
            0.006779050454497337,
            0.038349710404872894
        ],
        [
            0.15952715277671814,
            0.012702576816082,
            0.047806818038225174
        ],
        [
            0.1531977355480194,
            0.010536514222621918,
            0.058267027139663696
        ],
        [
            0.14296258985996246,
            0.0022412780672311783,
            0.02109258994460106
        ],
        [
            0.13592791557312012,
            0.03751462325453758,
            0.08331665396690369
        ],
        [
            0.1325228065252304,
            0.03168698772788048,
            0.08874572068452835
        ],
        [
            0.13584037125110626,
            0.031413715332746506,
            0.08510024845600128
        ],
        [
            0.12690716981887817,
            0.03090003877878189,
            0.022636402398347855
        ],
        [
            0.1313835084438324,
            0.06311684846878052,
            0.09693585336208344
        ],
        [
            0.07851900160312653,
            -0.008310750126838684,
            0.024061523377895355
        ],
        [
            0.0893179327249527,
            -0.014686480164527893,
            0.01963800936937332
        ],
        [
            0.09225408732891083,
            -0.010015424340963364,
            0.026495642960071564
        ],
        [
            0.08023408055305481,
            -0.0021447502076625824,
            0.031002044677734375
        ],
        [
            0.135824054479599,
            0.06325605511665344,
            0.08573971688747406
        ],
        [
            0.13174490630626678,
            0.06430797278881073,
            0.09073808044195175
        ],
        [
            0.15663275122642517,
            0.03663616627454758,
            0.045532044023275375
        ],
        [
            0.1591920554637909,
            0.03828337416052818,
            0.050541698932647705
        ],
        [
            0.162624791264534,
            0.03684249520301819,
            0.04959678649902344
        ],
        [
            0.16185688972473145,
            0.03723661229014397,
            0.04353742673993111
        ],
        [
            0.13137510418891907,
            -0.003767140209674835,
            0.013328749686479568
        ],
        [
            0.1695578396320343,
            0.022387100383639336,
            0.029177630320191383
        ],
        [
            0.16789722442626953,
            0.01594821736216545,
            0.039099305868148804
        ],
        [
            0.12011924386024475,
            -0.009632345288991928,
            0.0109604112803936
        ],
        [
            0.11435779184103012,
            -0.010660931468009949,
            0.018865149468183517
        ],
        [
            0.1089666485786438,
            -0.015107709914445877,
            0.011987768113613129
        ],
        [
            0.1481904834508896,
            0.017945358529686928,
            0.07063698768615723
        ],
        [
            0.11866076290607452,
            -0.003263026475906372,
            0.035651229321956635
        ],
        [
            0.11022918671369553,
            -0.00917188823223114,
            0.025208327919244766
        ],
        [
            0.10359695553779602,
            -0.014423124492168427,
            0.017283350229263306
        ],
        [
            0.09952879697084427,
            -0.018869109451770782,
            0.01145865023136139
        ],
        [
            0.1058068498969078,
            -0.019030723720788956,
            0.006195485591888428
        ],
        [
            0.14369015395641327,
            0.053983528167009354,
            0.1008608415722847
        ],
        [
            0.15141651034355164,
            0.05622880905866623,
            0.096634641289711
        ],
        [
            0.10273765027523041,
            -0.024968430399894714,
            6.102025508880615e-06
        ],
        [
            0.09563268721103668,
            -0.023941975086927414,
            0.005965277552604675
        ],
        [
            0.10433150827884674,
            -0.006815090775489807,
            0.031941007822752
        ],
        [
            0.09669311344623566,
            -0.0025509707629680634,
            0.039307914674282074
        ],
        [
            0.11268581449985504,
            -0.0009632408618927002,
            0.04169267788529396
        ],
        [
            0.10577433556318283,
            0.0035352185368537903,
            0.04998984560370445
        ],
        [
            0.1409081518650055,
            0.014027142897248268,
            0.07831770181655884
        ],
        [
            0.15506426990032196,
            0.07177060097455978,
            0.08637487888336182
        ],
        [
            0.15384723246097565,
            0.06095384433865547,
            0.08951088786125183
        ],
        [
            0.15010114014148712,
            0.06009858101606369,
            0.08490996807813644
        ],
        [
            0.1537277102470398,
            0.06980892270803452,
            0.08275116235017776
        ],
        [
            0.1510605663061142,
            0.05535486340522766,
            0.08905833214521408
        ],
        [
            0.1529422402381897,
            0.061791688203811646,
            0.09540896862745285
        ],
        [
            0.0946788340806961,
            0.012395661324262619,
            0.05656363442540169
        ],
        [
            0.13512477278709412,
            0.044617705047130585,
            0.0781344622373581
        ],
        [
            0.08315645903348923,
            0.008625678718090057,
            0.04385177791118622
        ],
        [
            0.08465270698070526,
            0.02636590227484703,
            0.06474780291318893
        ],
        [
            0.07642889022827148,
            0.025120330974459648,
            0.05344695225358009
        ],
        [
            0.0707584023475647,
            0.006607692688703537,
            0.030932828783988953
        ],
        [
            0.06850951910018921,
            0.020147081464529037,
            0.039408277720212936
        ],
        [
            0.06785517930984497,
            -0.0046700164675712585,
            0.018377363681793213
        ],
        [
            0.07067158818244934,
            4.724040627479553e-05,
            0.024893708527088165
        ],
        [
            0.06728372722864151,
            0.0350772887468338,
            0.04529749974608421
        ],
        [
            0.13819056749343872,
            0.07126892358064651,
            0.08414500206708908
        ],
        [
            0.14281798899173737,
            0.06866516172885895,
            0.0808621495962143
        ],
        [
