{
    "pred_cam": [
        7.120209693908691,
        -0.05002759397029877,
        0.002353629097342491
    ],
    "pred_mano_params": {
        "global_orient": [
            [
                [
                    0.8831366896629333,
                    0.46286600828170776,
                    0.07631941884756088
                ],
                [
                    0.44445928931236267,
                    -0.773523211479187,
                    -0.45179393887519836
                ],
                [
                    -0.1500852257013321,
                    0.43291664123535156,
                    -0.8888518214225769
                ]
            ]
        ],
        "hand_pose": [
            [
                [
                    0.7273780703544617,
                    -0.6667330265045166,
                    -0.16244418919086456
                ],
                [
                    0.6477130055427551,
                    0.7452292442321777,
                    -0.1584339141845703
                ],
                [
                    0.22669127583503723,
                    0.010024167597293854,
                    0.9739150404930115
                ]
            ],
            [
                [
                    0.7204359173774719,
                    -0.680220365524292,
                    0.13517561554908752
                ],
                [
                    0.6828088760375977,
                    0.6615772247314453,
                    -0.3099801540374756
                ],
                [
                    0.12142568081617355,
                    0.31561991572380066,
                    0.9410845041275024
                ]
            ],
            [
                [
                    0.8458201885223389,
                    -0.5279526710510254,
                    0.07651282101869583
                ],
                [
                    0.5141003727912903,
                    0.8449805974960327,
                    0.14733842015266418
                ],
                [
                    -0.1424395591020584,
                    -0.08528653532266617,
                    0.9861223101615906
                ]
            ],
            [
                [
                    0.40655189752578735,
                    -0.8711400628089905,
                    -0.2753734290599823
                ],
                [
                    0.9058439135551453,
                    0.42360299825668335,
                    -0.0027051004581153393
                ],
                [
                    0.11900550872087479,
                    -0.24834558367729187,
                    0.9613335132598877
                ]
            ],
            [
                [
                    0.8708955645561218,
                    -0.4385793209075928,
                    -0.22178618609905243
                ],
                [
                    0.4720440208911896,
                    0.8720744848251343,
                    0.1290757805109024
                ],
                [
                    0.13680410385131836,
                    -0.21710436046123505,
                    0.966514527797699
                ]
            ],
            [
                [
                    0.855423629283905,
                    -0.4921881854534149,
                    0.16124899685382843
                ],
                [
                    0.49541735649108887,
                    0.8683668375015259,
                    0.02237638458609581
                ],
                [
                    -0.15103667974472046,
                    0.0607442706823349,
                    0.9866600632667542
                ]
            ],
            [
                [
                    0.3036530911922455,
                    -0.9299909472465515,
                    -0.2071511447429657
                ],
                [
                    0.6460143327713013,
                    0.041151419281959534,
                    0.762215256690979
                ],
                [
                    -0.7003287672996521,
                    -0.36527156829833984,
                    0.6132832169532776
                ]
            ],
            [
                [
                    0.9652190804481506,
                    -0.22287189960479736,
                    -0.13667607307434082
                ],
                [
                    0.21178948879241943,
                    0.9730640649795532,
                    -0.09105781465768814
                ],
                [
                    0.1532888114452362,
                    0.058944180607795715,
                    0.9864219427108765
                ]
            ],
            [
                [
                    0.9737894535064697,
                    0.21820223331451416,
                    0.06420241296291351
                ],
                [
                    -0.2244832068681717,
                    0.8765460848808289,
                    0.4257631301879883
                ],
                [
                    0.03662610799074173,
                    -0.42901596426963806,
                    0.9025540947914124
                ]
            ],
            [
                [
                    0.11806986480951309,
                    -0.9858793020248413,
                    -0.11874925345182419
                ],
                [
                    0.9749124646186829,
                    0.0923626646399498,
                    0.20252135396003723
                ],
                [
                    -0.18869362771511078,
                    -0.13968177139759064,
                    0.9720512628555298
                ]
            ],
            [
                [
                    0.9804410338401794,
                    -0.18510989844799042,
                    -0.06685597449541092
                ],
                [
                    0.19668546319007874,
                    0.909311056137085,
                    0.36669909954071045
                ],
                [
                    -0.007086751516908407,
                    -0.37267643213272095,
                    0.9279342889785767
                ]
            ],
            [
                [
                    0.9336135983467102,
                    -0.2966489791870117,
                    0.20091064274311066
                ],
                [
                    0.25163406133651733,
                    0.9420890808105469,
                    0.22169455885887146
                ],
                [
                    -0.2550411820411682,
                    -0.15642108023166656,
                    0.954194188117981
                ]
            ],
            [
                [
                    0.9347515106201172,
                    -0.23157747089862823,
                    -0.2694651484489441
                ],
                [
                    -0.202371284365654,
                    0.27635493874549866,
                    -0.939507246017456
                ],
                [
                    0.2920367419719696,
                    0.9327378273010254,
                    0.21145856380462646
                ]
            ],
            [
                [
                    0.9287906289100647,
                    -0.3588166832923889,
                    0.09272909164428711
                ],
                [
                    0.26151248812675476,
                    0.8118339776992798,
                    0.5220505595207214
                ],
                [
                    -0.2626010775566101,
                    -0.4606257677078247,
                    0.8478588461875916
                ]
            ],
            [
                [
                    0.9961888790130615,
                    0.024543780833482742,
                    -0.0836983472108841
                ],
                [
                    -0.04510068893432617,
                    0.966300368309021,
                    -0.2534356415271759
                ],
                [
                    0.07465746253728867,
                    0.25624459981918335,
                    0.9637246131896973
                ]
            ]
        ],
        "betas": [
            -0.026712417602539062,
            -0.01435813307762146,
            -0.013997822999954224,
            -0.03057578206062317,
            0.011747628450393677,
            -0.04975792020559311,
            0.030839264392852783,
            -0.09777715802192688,
            0.01929830014705658,
            -0.0709754228591919
        ]
    },
    "pred_cam_t": [
        -0.05002759397029877,
        0.002353629097342491,
        5.486144542694092
    ],
    "focal_length": [
        5000.0,
        5000.0
    ],
    "pred_keypoints_3d": [
        [
            0.09584090858697891,
            0.006386537104845047,
            0.006201543845236301
        ],
        [
            0.0693131536245346,
            -0.003941432572901249,
            -0.019885089248418808
        ],
        [
            0.038896698504686356,
            -0.0010982127860188484,
            -0.02401256002485752
        ],
        [
            0.01221998780965805,
            0.0037547070533037186,
            -0.025194399058818817
        ],
        [
            -0.02277960255742073,
            0.01068384200334549,
            -0.02836878038942814
        ],
        [
            0.017088785767555237,
            -0.03815757855772972,
            -0.0012123603373765945
        ],
        [
            -0.015619523823261261,
            -0.03338978812098503,
            -0.0005807613488286734
        ],
        [
            -0.025769971311092377,
            -0.013883113861083984,
            -0.0038133023772388697
        ],
        [
            -0.025848882272839546,
            0.010019034147262573,
            -0.010136596858501434
        ],
        [
            0.011171668767929077,
            -0.03311968222260475,
            0.022804513573646545
        ],
        [
            -0.013564329594373703,
            -0.013252949342131615,
            0.021316329017281532
        ],
        [
            -0.01964942365884781,
            0.008588692173361778,
            0.01592285931110382
        ],
        [
            -0.020839663222432137,
            0.030334413051605225,
            0.00259491428732872
        ],
        [
            0.01966065913438797,
            -0.014894891530275345,
            0.04054699465632439
        ],
        [
            0.0022078678011894226,
            0.00493508018553257,
            0.028843414038419724
        ],
        [
            -0.002728004939854145,
            0.02676326036453247,
            0.018058186396956444
        ],
        [
            -0.007727799937129021,
            0.04527793079614639,
            0.0015015900135040283
        ],
        [
            0.02704215794801712,
            0.0030315816402435303,
            0.05069316178560257
        ],
        [
            0.015524922870099545,
            0.015830472111701965,
            0.03838881850242615
        ],
        [
            0.008270696736872196,
            0.029514171183109283,
            0.02740723453462124
        ],
        [
            -0.002577628009021282,
            0.04453384503722191,
            0.013487527146935463
        ]
    ],
    "pred_vertices": [
        [
            0.04573686420917511,
            -0.009988902136683464,
            -0.007098871283233166
        ],
        [
            0.05553577095270157,
            -0.004064224660396576,
            -0.007692460902035236
        ],
        [
            0.04783376306295395,
            -0.004730936139822006,
            -0.009984737262129784
        ],
        [
            0.03975849226117134,
            -0.012375589460134506,
            -0.011859488673508167
        ],
        [
            0.058909013867378235,
            0.013090439140796661,
            -0.015272114425897598
        ],
        [
            0.06349167227745056,
            0.014052864164113998,
            -0.026462633162736893
        ],
        [
            0.047258809208869934,
            0.012470286339521408,
            -0.026669057086110115
        ],
        [
            0.04602719098329544,
            0.01293971762061119,
            -0.01647285372018814
        ],
        [
            0.034682776778936386,
            -0.015076832845807076,
            -0.014097941108047962
        ],
        [
            0.04047766327857971,
            -0.004789821803569794,
            -0.011800642125308514
        ],
        [
            0.03355111554265022,
            -0.017034858465194702,
            -0.01431286707520485
        ],
        [
            0.03249870240688324,
            -0.03217948228120804,
            -0.015258623287081718
        ],
        [
            0.030941756442189217,
            -0.0258720051497221,
            -0.014792045578360558
        ],
        [
            0.028817933052778244,
            -0.03945573791861534,
            -0.012875428423285484
        ],
        [
            0.04158071428537369,
            -0.03712255507707596,
            -0.014646030962467194
        ],
        [
            0.032408684492111206,
            -0.045631442219018936,
            -0.006685666739940643
        ],
        [
            0.055007029324769974,
            -0.03610462322831154,
            0.010461648926138878
        ],
        [
            0.057636458426713943,
            -0.029230069369077682,
            0.02217140421271324
        ],
        [
            0.04147736728191376,
            -0.036222413182258606,
            0.027105221524834633
        ],
        [
            0.04024782031774521,
            -0.0416141152381897,
            0.01418694294989109
        ],
        [
            0.04767943173646927,
            -0.020655140280723572,
            0.04010104387998581
        ],
        [
            0.043447718024253845,
            -0.029470479115843773,
            0.0331292450428009
        ],
        [
            0.06022736057639122,
            -0.02355758100748062,
            0.028819959610700607
        ],
        [
            0.06312345713376999,
            -0.015749510377645493,
            0.03488549217581749
        ],
        [
            0.05306672304868698,
            -0.0021949391812086105,
            0.003877570852637291
        ],
        [
            0.06234780699014664,
            0.0033119693398475647,
            0.0019818395376205444
        ],
        [
            0.06107117235660553,
            -0.0009125545620918274,
            -0.002105376683175564
        ],
        [
            0.051588550209999084,
            -0.005422372370958328,
            -0.0004794485867023468
        ],
        [
            0.03069758042693138,
            -0.012687059119343758,
            -0.021743152290582657
        ],
        [
            0.04270711541175842,
            -0.022500500082969666,
            -0.023875989019870758
        ],
        [
            0.03738946467638016,
            -0.022434942424297333,
            -0.018450113013386726
        ],
        [
            0.0290381982922554,
            -0.00940939225256443,
            -0.017512254416942596
        ],
        [
            0.08134306967258453,
            0.025680093094706535,
            0.002788752317428589
        ],
        [
            0.09488169848918915,
            0.025137992575764656,
            0.0015664268285036087
        ],
        [
            0.09499382972717285,
            0.02169768139719963,
            -0.003334730863571167
        ],
        [
            0.08282767981290817,
            0.02242179773747921,
            -0.0010986961424350739
        ],
        [
            0.08546090126037598,
            0.014341041445732117,
            -0.021843045949935913
        ],
        [
            0.09576047956943512,
            0.012458570301532745,
            -0.01909957453608513
        ],
        [
            0.10379484295845032,
            0.0036330483853816986,
            -0.024356942623853683
        ],
        [
            0.09318292140960693,
            0.002590470016002655,
            -0.028033370152115822
        ],
        [
            0.07424111664295197,
            0.01440451294183731,
            -0.024657104164361954
        ],
        [
            0.08020526170730591,
            0.005832266062498093,
            -0.03262418881058693
        ],
        [
            0.06665029376745224,
            0.007108032703399658,
            -0.03454318642616272
        ],
        [
            0.048293523490428925,
            0.00706791877746582,
            -0.033946242183446884
        ],
        [
            0.09612158685922623,
            0.029945196583867073,
            0.01342053897678852
        ],
        [
            0.08622784912586212,
            0.03158510476350784,
            0.01582900434732437
        ],
        [
            -0.01099070068448782,
            -0.0237595085054636,
            -0.009494775906205177
        ],
        [
            -0.010361291468143463,
            -0.020681465044617653,
            -0.004227482248097658
        ],
        [
            -0.006915293168276548,
            -0.02225169539451599,
            -0.004975785501301289
        ],
        [
            -0.008228950202465057,
            -0.02523123286664486,
            -0.009760135784745216
        ],
        [
            0.0958024114370346,
            0.02152562327682972,
            0.03193876892328262
        ],
        [
            0.09913816303014755,
            0.012695014476776123,
            0.03547785058617592
        ],
        [
            0.10503961145877838,
            0.016758417710661888,
            0.03406056389212608
        ],
        [
            0.10229039937257767,
            0.024202095344662666,
            0.029011189937591553
        ],
        [
            0.08726725727319717,
            0.017933841794729233,
            0.035807061940431595
        ],
        [
            0.09070108085870743,
            0.00722980871796608,
            0.03684690222144127
        ],
        [
            -0.019679924473166466,
            -0.03310145437717438,
            -0.007869794964790344
        ],
        [
            -0.01695670373737812,
            -0.03021177276968956,
            -0.011336441151797771
        ],
        [
            -0.013723446056246758,
            -0.0339532271027565,
            -0.010477033443748951
        ],
        [
            -0.015270467847585678,
            -0.03710015490651131,
            -0.0062387497164309025
        ],
        [
            0.0327458418905735,
            -0.019862353801727295,
            -0.012317748740315437
        ],
        [
            0.03679928183555603,
            -0.01451408676803112,
            -0.0065598320215940475
        ],
        [
            0.01926635578274727,
            -0.027549367398023605,
            -0.007672762498259544
        ],
        [
            0.0259048230946064,
            -0.02307247929275036,
            -0.006054162513464689
        ],
        [
            0.026907121762633324,
            -0.026889588683843613,
            -0.011653292924165726
        ],
        [
            0.021506737917661667,
            -0.031239811331033707,
            -0.012080077081918716
        ],
        [
            0.0336763933300972,
            -0.010397611185908318,
            0.012359581887722015
        ],
        [
            0.04394812136888504,
            -0.0057876985520124435,
            0.009543769992887974
        ],
        [
            0.041641101241111755,
            -0.009762519970536232,
            0.004711356945335865
        ],
        [
            0.0299101360142231,
            -0.014934713020920753,
            0.005989032331854105
        ],
        [
            0.04578668996691704,
            0.004228094592690468,
            0.01938888430595398
        ],
        [
            0.035930994898080826,
            -0.0015873275697231293,
            0.02162937819957733
        ],
        [
            0.038439348340034485,
            0.004767809063196182,
            0.02683871239423752
        ],
        [
            0.044356539845466614,
            0.008592715486884117,
            0.023917268961668015
        ],
        [
            0.019695241004228592,
            -0.013820088468492031,
            0.0224824957549572
        ],
        [
            0.015980858355760574,
            -0.017014436423778534,
            0.022951915860176086
        ],
        [
            0.01625496707856655,
            -0.014246009290218353,
            0.024691391736268997
        ],
        [
            0.020808689296245575,
            -0.011362564750015736,
            0.024804621934890747
        ],
        [
            0.11139438301324844,
            0.019711315631866455,
            0.03275950625538826
        ],
        [
            0.10861599445343018,
            0.025961514562368393,
            0.02572149969637394
        ],
        [
            0.052193816751241684,
            -0.001956349238753319,
            0.05132688209414482
        ],
        [
            0.055051714181900024,
            0.00894891656935215,
            0.050307147204875946
        ],
        [
            0.04259049519896507,
            0.007268110290169716,
            0.05406106263399124
        ],
        [
            0.04242481663823128,
            -0.005195055156946182,
            0.05545150488615036
        ],
        [
            0.10025329887866974,
            0.002559620887041092,
            0.03353916481137276
        ],
        [
            0.10675662010908127,
            0.006863212212920189,
            0.034365370869636536
        ],
        [
            -0.02109130285680294,
            -0.03372207283973694,
            -0.00163258146494627
        ],
        [
            -0.016329288482666016,
            -0.037200767546892166,
            -0.00010327080963179469
        ],
        [
            0.07202263176441193,
            -0.005821291357278824,
            -0.036162517964839935
        ],
        [
            0.049971748143434525,
            -0.0024745240807533264,
            -0.03723234683275223
        ],
        [
            0.08835752308368683,
            -0.007314041256904602,
            -0.031135281547904015
        ],
        [
            0.09912505000829697,
            -0.008250977843999863,
            -0.024991163983941078
        ],
        [
            0.10840322822332382,
            -0.007531430572271347,
            -0.021890470758080482
        ],
        [
            0.022979602217674255,
            -0.02158358320593834,
            -0.0003438713029026985
        ],
        [
            0.04285446181893349,
            -0.010336074978113174,
            -0.0010585514828562737
        ],
        [
            0.05402912199497223,
            0.0011440664529800415,
            0.007708094082772732
        ],
        [
            0.05316638946533203,
            0.022558744996786118,
            0.02996109426021576
        ],
        [
            0.06196869909763336,
            0.026837218552827835,
            0.026772649958729744
        ],
        [
            0.05750661715865135,
            0.02049168199300766,
            0.01928129605948925
        ],
        [
            0.0509653203189373,
            0.017556898295879364,
            0.02393432892858982
        ],
        [
            0.051757875829935074,
            0.017793230712413788,
            0.04622865840792656
        ],
        [
            0.0475720651447773,
            0.019720256328582764,
            0.03958214819431305
        ],
        [
            0.041200846433639526,
            0.01668117567896843,
            0.041607342660427094
        ],
        [
            0.04285791516304016,
            0.01481376588344574,
            0.04890407621860504
        ],
        [
            0.03161937743425369,
            -0.012392700649797916,
            -0.02911604568362236
        ],
        [
            0.04707544296979904,
            -0.020743492990732193,
            -0.02943643368780613
        ],
        [
            0.09196417778730392,
            0.028569363057613373,
            0.02494114637374878
        ],
        [
            0.09865441918373108,
            0.029055874794721603,
            0.020831475034356117
        ],
        [
            0.10700549185276031,
            0.029177870601415634,
            0.018832257017493248
        ],
        [
            0.07185809314250946,
            0.014192923903465271,
            0.0006518252193927765
        ],
        [
            0.08383986353874207,
            0.020228073000907898,
            -0.003935810178518295
        ],
        [
            0.08298397064208984,
            0.017851948738098145,
            -0.007680894806981087
        ],
        [
            0.07221648842096329,
            0.010853901505470276,
            -0.0014486368745565414
        ],
        [
            0.06387943774461746,
            0.004679117351770401,
            -0.007923683151602745
        ],
        [
            0.07159252464771271,
            0.013492774218320847,
            -0.013979816809296608
        ],
        [
            0.05356748774647713,
            0.005413886159658432,
            -0.00809859111905098
        ],
        [
            0.09662702679634094,
            0.01762857660651207,
            -0.010372488759458065
        ],
        [
            0.10495448112487793,
            0.02331048622727394,
            -0.005553964525461197
        ],
        [
            0.1058049127459526,
            0.01785603165626526,
            -0.012568142265081406
        ],
        [
            0.10538527369499207,
            0.027567971497774124,
            0.003286687657237053
        ],
        [
            0.105968177318573,
            0.029955750331282616,
            0.011860394850373268
        ],
        [
            0.11495362222194672,
            0.008752675727009773,
            0.03585999831557274
        ],
        [
            0.10613001137971878,
            0.01168353483080864,
            -0.01809435896575451
        ],
        [
            0.03707284480333328,
            0.011618504300713539,
            -0.01843082718551159
        ],
        [
            0.028838753700256348,
            0.011086983606219292,
            -0.021098896861076355
        ],
        [
            0.028131915256381035,
            0.006131882779300213,
            -0.015118302777409554
        ],
        [
            0.035990480333566666,
            0.006040997803211212,
            -0.012074045836925507
        ],
        [
            0.02173825353384018,
            -0.04393768310546875,
            -0.010242467746138573
        ],
        [
            0.0210966058075428,
            -0.03687441349029541,
            -0.01322272140532732
        ],
        [
            0.02816237509250641,
            -0.03264787048101425,
            -0.014882374554872513
        ],
        [
            0.07179328799247742,
            0.025153690949082375,
            0.009562959894537926
        ],
        [
            0.07633771747350693,
            0.03036629594862461,
            0.020221201702952385
        ],
        [
            0.016409367322921753,
            -0.02616102248430252,
            -0.0019347895868122578
        ],
        [
            -0.011432845145463943,
            -0.04042874276638031,
            -0.005108923185616732
        ],
        [
            -0.00965414009988308,
            -0.03735756874084473,
            -0.010133357718586922
        ],
        [
            0.007458388339728117,
            -0.042421258985996246,
            -0.010146254673600197
        ],
        [
            0.005438113585114479,
            -0.04617680236697197,
            -0.00450658705085516
        ],
        [
            0.010274709202349186,
            -0.029505044221878052,
            0.005378278438001871
        ],
        [
            0.013087047263979912,
            -0.026856545358896255,
            -0.0006162654608488083
        ],
        [
            0.011318646371364594,
            -0.02718443050980568,
            0.0005781275685876608
        ],
        [
            0.008044288493692875,
            -0.02774234488606453,
            0.006397627294063568
        ],
        [
            0.021123481914401054,
            -0.007906584069132805,
            0.029306191951036453
        ],
        [
            0.0244460366666317,
            -0.0051768459379673,
            0.02921585738658905
        ],
        [
            0.024161912500858307,
            -0.04307692125439644,
            0.01639685407280922
        ],
        [
            0.026667479425668716,
            -0.05152435228228569,
            0.005662283394485712
        ],
        [
            0.03830193355679512,
            -0.04655560106039047,
            0.0028099846094846725
        ],
        [
            0.0357695072889328,
            -0.005444291979074478,
            0.017575163394212723
        ],
        [
            0.026774190366268158,
            -0.009161369875073433,
            0.020614514127373695
        ],
        [
            0.027802303433418274,
            -0.0065671708434820175,
            0.02359274961054325
        ],
        [
            0.020168211311101913,
            -0.021834202110767365,
            0.0034478441812098026
        ],
        [
            0.014595268294215202,
            -0.025685550644993782,
            0.0038312519900500774
        ],
        [
            0.016668684780597687,
            -0.023640066385269165,
            0.007381807081401348
        ],
        [
            0.022144045680761337,
            -0.01901199296116829,
            0.007523830514401197
        ],
        [
            0.06736081838607788,
            0.011902355588972569,
            0.046232130378484726
        ],
        [
            0.06300785392522812,
            0.02210613712668419,
            0.04205237329006195
        ],
        [
            -0.013589141890406609,
            -0.026991106569767,
            -0.011944222263991833
        ],
        [
            -0.01076400838792324,
            -0.029585368931293488,
            -0.011802717112004757
        ],
        [
            0.0457431897521019,
            -0.0009741559624671936,
            0.0146328778937459
        ],
        [
            0.05107219144701958,
            -0.03916844725608826,
            -0.000476631335914135
        ],
        [
            0.05489727854728699,
            0.00497838482260704,
            0.011584533378481865
        ],
        [
            0.027724821120500565,
            -0.013041299767792225,
            0.046111300587654114
        ],
        [
            0.02512330934405327,
            -0.005199969280511141,
            0.04313448444008827
        ],
        [
            0.022566623985767365,
            -0.004915365483611822,
            0.041352104395627975
        ],
        [
            0.021424056962132454,
            -0.009870877489447594,
            0.04371849447488785
        ],
        [
            -0.0056067947298288345,
            -0.025039345026016235,
            0.006771149579435587
        ],
        [
            -0.004871521145105362,
            -0.0223502516746521,
            0.0014936539810150862
        ],
        [
            -0.00720082875341177,
            -0.0213401447981596,
            0.001248455373570323
        ],
        [
            -0.009202573448419571,
            -0.02374708652496338,
            0.006388040259480476
        ],
        [
            0.014702881686389446,
            -0.027970176190137863,
            -0.006231445353478193
        ],
        [
            0.015841182321310043,
            -0.031776901334524155,
            -0.011231912299990654
        ],
        [
            0.010901855304837227,
            -0.03063865378499031,
            -0.01008649729192257
        ],
        [
            0.010912648402154446,
            -0.027886899188160896,
            -0.004627479240298271
        ],
        [
            0.015131168067455292,
            -0.037759192287921906,
            -0.012327958829700947
        ],
        [
            0.009743405506014824,
            -0.03671657294034958,
            -0.012008579447865486
        ],
        [
            -0.007888628169894218,
            -0.030501607805490494,
            0.00938934925943613
        ],
        [
            -0.010846137069165707,
            -0.03701891005039215,
            0.006876546423882246
        ],
        [
            0.004658463876694441,
            -0.04139755666255951,
            0.009018518961966038
        ],
        [
            0.004473975393921137,
            -0.033556271344423294,
            0.009976349771022797
        ],
        [
            0.07791496813297272,
            -0.012424269691109657,
            0.03128969669342041
        ],
        [
            0.07882463186979294,
            -0.0033981315791606903,
            0.037845294922590256
        ],
        [
            0.0641537606716156,
            -0.006646595895290375,
            0.04187355935573578
        ],
        [
            0.04957134649157524,
            -0.010366149246692657,
            0.04716223105788231
        ],
        [
            0.03568890690803528,
            -0.013491994701325893,
            0.05019811913371086
        ],
        [
            0.03467851132154465,
            -0.024700604379177094,
            0.04508289322257042
        ],
        [
            0.06602036952972412,
            0.0006466871127486229,
            0.04552652686834335
        ],
        [
            0.013464325107634068,
            -0.03451240062713623,
            0.011563354171812534
        ],
        [
            0.01541917398571968,
            -0.04329311102628708,
            0.010644270107150078
        ],
        [
            0.01639668643474579,
            -0.03921861946582794,
            0.014383839443325996
        ],
        [
            0.054637886583805084,
            0.010902408510446548,
            0.016181670129299164
        ],
        [
            -0.007455739192664623,
            -0.03281295299530029,
            -0.012034725397825241
        ],
        [
            0.10497733950614929,
            -0.019581960514187813,
            -0.0033332027960568666
        ],
        [
            0.10637329518795013,
            -0.01689862832427025,
            0.010213851928710938
        ],
        [
            0.09809817373752594,
            -0.01974010095000267,
            0.00903285015374422
        ],
        [
            0.09579342603683472,
            -0.02196681872010231,
            -0.006922096945345402
        ],
        [
            -0.004786724224686623,
            -0.023204199969768524,
            -0.005553799215704203
        ],
        [
            -0.005296728573739529,
            -0.026990018784999847,
            -0.010758867487311363
        ],
        [
            0.024693235754966736,
            -3.301538527011871e-05,
            0.0328848771750927
        ],
        [
            0.021831493824720383,
            -0.003413713537156582,
            0.032969988882541656
        ],
        [
            0.02295316569507122,
            -0.0016660252586007118,
            0.03593995422124863
        ],
        [
            0.024054832756519318,
            0.002529548481106758,
            0.03602593392133713
        ],
        [
            0.08029478788375854,
            0.0020316261798143387,
            0.04013929143548012
        ],
        [
            0.034330256283283234,
            0.010814417153596878,
            0.05240267142653465
        ],
        [
            0.03350386768579483,
            -0.0016807331703603268,
            0.05437132343649864
        ],
        [
            0.09138945490121841,
            -0.0010510999709367752,
            0.03420199826359749
        ],
        [
            0.09099014848470688,
            -0.009313946589827538,
            0.02892729826271534
        ],
        [
            0.1003980040550232,
            -0.006790392100811005,
            0.02777504175901413
        ],
        [
            0.026378514245152473,
            -0.03181701898574829,
            0.03443436324596405
        ],
        [
            0.075018972158432,
            -0.01893867738544941,
            0.026265302672982216
        ],
        [
            0.08887047320604324,
            -0.014709781855344772,
            0.023862134665250778
        ],
        [
            0.10000598430633545,
            -0.011948918923735619,
            0.022267283871769905
        ],
        [
            0.10814701020717621,
            -0.010069340467453003,
            0.022086728364229202
        ],
        [
            0.10770054906606674,
            -0.004501050338149071,
            0.02804630436003208
        ],
        [
            -0.011761321686208248,
            -0.03972330689430237,
            0.0012441242579370737
        ],
        [
            -0.016023634001612663,
            -0.03407782316207886,
            0.00634325435385108
        ],
        [
            0.11651977896690369,
            -0.002911752089858055,
            0.029583247378468513
        ],
        [
            0.11644937843084335,
            -0.008770693093538284,
            0.022363269701600075
        ],
        [
            0.08687684684991837,
            -0.02032146416604519,
            0.01676841825246811
        ],
        [
            0.0838683545589447,
            -0.02590402215719223,
            0.006600886583328247
        ],
        [
            0.07347939163446426,
            -0.024000534787774086,
            0.019205329939723015
        ],
        [
            0.06965451687574387,
            -0.030044710263609886,
            0.009784197434782982
        ],
        [
            0.02888873964548111,
            -0.04205107316374779,
            0.02956201136112213
        ],
        [
            -0.02682766318321228,
            -0.018573656678199768,
            0.004489273764193058
        ],
        [
            -0.01875930093228817,
            -0.025874171406030655,
            0.007608978543430567
        ],
        [
            -0.014393415302038193,
            -0.0221159216016531,
            0.0063513959757983685
        ],
        [
            -0.023383159190416336,
            -0.01613987237215042,
            0.005371178034693003
        ],
        [
            -0.012351417914032936,
            -0.028235066682100296,
            0.008562112227082253
        ],
        [
            -0.020899329334497452,
            -0.030478503555059433,
            0.004874228034168482
        ],
        [
            0.06496641039848328,
            -0.033089037984609604,
            -0.00491839786991477
        ],
        [
            0.012227315455675125,
            -0.02713184431195259,
            0.008089805021882057
        ],
        [
            0.07888346910476685,
            -0.026568863540887833,
            -0.012437273748219013
        ],
        [
            0.053730979561805725,
            -0.0338447131216526,
            -0.018158093094825745
        ],
        [
            0.0627596378326416,
            -0.026509741321206093,
            -0.02467840164899826
        ],
        [
            0.09241622686386108,
            -0.018615661188960075,
            -0.021511558443307877
        ],
        [
            0.07595958560705185,
            -0.01849111169576645,
            -0.030557626858353615
        ],
        [
