{
    "pred_cam": [
        10.345552444458008,
        0.1251932680606842,
        -0.03871118277311325
    ],
    "pred_mano_params": {
        "global_orient": [
            [
                [
                    -0.4925311803817749,
                    -0.04398424178361893,
                    -0.8691825866699219
                ],
                [
                    -0.22168754041194916,
                    -0.9594365358352661,
                    0.17417296767234802
                ],
                [
                    -0.8415863513946533,
                    0.27847257256507874,
                    0.46280166506767273
                ]
            ]
        ],
        "hand_pose": [
            [
                [
                    0.8080071806907654,
                    -0.47396981716156006,
                    -0.3499671220779419
                ],
                [
                    0.48091921210289,
                    0.8737241625785828,
                    -0.07295750826597214
                ],
                [
                    0.34035438299179077,
                    -0.10935571044683456,
                    0.9339165687561035
                ]
            ],
            [
                [
                    0.45241689682006836,
                    -0.8511412739753723,
                    0.2662283182144165
                ],
                [
                    0.8801938891410828,
                    0.378145694732666,
                    -0.28681814670562744
                ],
                [
                    0.14344966411590576,
                    0.3640938699245453,
                    0.9202488660812378
                ]
            ],
            [
                [
                    0.8199477195739746,
                    -0.5355375409126282,
                    0.20220085978507996
                ],
                [
                    0.5180126428604126,
                    0.8444839715957642,
                    0.13605061173439026
                ],
                [
                    -0.24361558258533478,
                    -0.006811796687543392,
                    0.9698479175567627
                ]
            ],
            [
                [
                    0.5320830345153809,
                    -0.8231968879699707,
                    -0.19807715713977814
                ],
                [
                    0.8466258645057678,
                    0.5143502354621887,
                    0.1366325467824936
                ],
                [
                    -0.010594460181891918,
                    -0.2403971254825592,
                    0.9706168174743652
                ]
            ],
            [
                [
                    0.7419753074645996,
                    -0.641173243522644,
                    -0.19588175415992737
                ],
                [
                    0.6669637560844421,
                    0.7355939149856567,
                    0.1185794323682785
                ],
                [
                    0.06805945187807083,
                    -0.21862901747226715,
                    0.9734318256378174
                ]
            ],
            [
                [
                    0.8482220768928528,
                    -0.5186492204666138,
                    0.10734155029058456
                ],
                [
                    0.5152155160903931,
                    0.854974627494812,
                    0.05976027622818947
                ],
                [
                    -0.12276893109083176,
                    0.004614046309143305,
                    0.992424488067627
                ]
            ],
            [
                [
                    0.40149807929992676,
                    -0.9128143191337585,
                    -0.07462748140096664
                ],
                [
                    0.821962833404541,
                    0.32319754362106323,
                    0.46895676851272583
                ],
                [
                    -0.40395107865333557,
                    -0.24962623417377472,
                    0.8800626397132874
                ]
            ],
            [
                [
                    0.8923065662384033,
                    -0.4419128894805908,
                    0.09220588207244873
                ],
                [
                    0.4091249406337738,
                    0.877967357635498,
                    0.24857598543167114
                ],
                [
                    -0.1908026784658432,
                    -0.1840822696685791,
                    0.9642136096954346
                ]
            ],
            [
                [
                    0.9910650849342346,
                    -0.06849384307861328,
                    0.11444900929927826
                ],
                [
                    -0.008010808378458023,
                    0.8259568810462952,
                    0.5636764168739319
                ],
                [
                    -0.13313831388950348,
                    -0.5595568418502808,
                    0.8180283308029175
                ]
            ],
            [
                [
                    0.490261971950531,
                    -0.8676508069038391,
                    0.08261502534151077
                ],
                [
                    0.8623966574668884,
                    0.49663493037223816,
                    0.09811100363731384
                ],
                [
                    -0.12615559995174408,
                    0.023146824911236763,
                    0.991740345954895
                ]
            ],
            [
                [
                    0.8545175194740295,
                    -0.5110831260681152,
                    -0.09270305186510086
                ],
                [
                    0.4903334975242615,
                    0.7348231673240662,
                    0.46862342953681946
                ],
                [
                    -0.17138518393039703,
                    -0.44590234756469727,
                    0.8785204291343689
                ]
            ],
            [
                [
                    0.8574016690254211,
                    -0.4878334403038025,
                    0.1639540195465088
                ],
                [
                    0.4430707097053528,
                    0.8617666959762573,
                    0.24707579612731934
                ],
                [
                    -0.2618219554424286,
                    -0.13919997215270996,
                    0.9550248980522156
                ]
            ],
            [
                [
                    0.9516722559928894,
                    0.1630961149930954,
                    0.2602297067642212
                ],
                [
                    0.07461028546094894,
                    0.6991707682609558,
                    -0.7110509872436523
                ],
                [
                    -0.29791468381881714,
                    0.6961033344268799,
                    0.6532127857208252
                ]
            ],
            [
                [
                    0.9755795001983643,
                    -0.20089349150657654,
                    0.08880575001239777
                ],
                [
                    0.10207239538431168,
                    0.7726584672927856,
                    0.6265621185302734
                ],
                [
                    -0.1944887638092041,
                    -0.6021965742111206,
                    0.774295449256897
                ]
            ],
            [
                [
                    0.806815505027771,
                    -0.4742770791053772,
                    -0.3522924780845642
                ],
                [
                    0.19876889884471893,
                    0.7794390320777893,
                    -0.594109296798706
                ],
                [
                    0.5563628673553467,
                    0.40931180119514465,
                    0.7231350541114807
                ]
            ]
        ],
        "betas": [
            -0.09305748343467712,
            -0.1402565836906433,
            0.054590702056884766,
            -0.009985953569412231,
            -0.046865224838256836,
            -0.054477252066135406,
            0.0020786821842193604,
            -0.06383231282234192,
            0.04584053158760071,
            -0.05233636498451233
        ]
    },
    "pred_cam_t": [
        -0.1251932680606842,
        -0.03871118277311325,
        3.7757771015167236
    ],
    "focal_length": [
        5000.0,
        5000.0
    ],
    "pred_keypoints_3d": [
        [
            0.0960671603679657,
            0.006412101909518242,
            0.006240948103368282
        ],
        [
            0.08606216311454773,
            0.03129354864358902,
            0.03416147083044052
        ],
        [
            0.07373983412981033,
            0.05491648614406586,
            0.049820125102996826
        ],
        [
            0.06338649988174438,
            0.07379744946956635,
            0.06642398238182068
        ],
        [
            0.06924285739660263,
            0.10570810735225677,
            0.07787368446588516
        ],
        [
            0.12185515463352203,
            0.03459172695875168,
            0.08872845023870468
        ],
        [
            0.14499279856681824,
            0.051327839493751526,
            0.10541892796754837
        ],
        [
            0.1479792445898056,
            0.07045012712478638,
            0.09440507739782333
        ],
        [
            0.14043083786964417,
            0.08656084537506104,
            0.07740816473960876
        ],
        [
            0.1459435224533081,
            0.028310799971222878,
            0.0842135101556778
        ],
        [
            0.16027556359767914,
            0.05639069527387619,
            0.08872800320386887
        ],
        [
            0.1587013453245163,
            0.07631722837686539,
            0.07659310847520828
        ],
        [
            0.14799776673316956,
            0.0944351926445961,
            0.06196366623044014
        ],
        [
            0.16007640957832336,
            0.023724660277366638,
            0.06181037798523903
        ],
        [
            0.17029620707035065,
            0.0501234233379364,
            0.06814725697040558
        ],
        [
            0.16883759200572968,
            0.0724782720208168,
            0.05723768472671509
        ],
        [
            0.15784309804439545,
            0.09275144338607788,
            0.04706495255231857
        ],
        [
            0.16840147972106934,
            0.023721570149064064,
            0.041513606905937195
        ],
        [
            0.17581188678741455,
            0.04351293295621872,
            0.03909817710518837
        ],
        [
            0.17280474305152893,
            0.06103910878300667,
            0.032201848924160004
        ],
        [
            0.1629258692264557,
            0.07977710664272308,
            0.025798574090003967
        ]
    ],
    "pred_vertices": [
        [
            0.10632897913455963,
            0.03838435187935829,
            0.052034925669431686
        ],
        [
            0.10174717754125595,
            0.038938816636800766,
            0.04353390261530876
        ],
        [
            0.09715999662876129,
            0.047675326466560364,
            0.05043235793709755
        ],
        [
            0.10184876620769501,
            0.04535270482301712,
            0.059273310005664825
        ],
        [
            0.08970420062541962,
            0.05032431706786156,
            0.02888159453868866
        ],
        [
            0.07945460081100464,
            0.04843645542860031,
            0.024030163884162903
        ],
        [
            0.07589530944824219,
            0.05933684855699539,
            0.03501390665769577
        ],
        [
            0.08444185554981232,
            0.06132545322179794,
            0.03783784806728363
        ],
        [
            0.09660504013299942,
            0.050149936228990555,
            0.06591790914535522
        ],
        [
            0.09328538924455643,
            0.05461074411869049,
            0.05590152367949486
        ],
        [
            0.0896720215678215,
            0.05016662925481796,
            0.06871603429317474
        ],
        [
            0.09583167731761932,
            0.03856753185391426,
            0.07884810864925385
        ],
        [
            0.10076867043972015,
            0.0429331511259079,
            0.07468757778406143
        ],
        [
            0.10220742225646973,
            0.03403610363602638,
            0.08569128066301346
        ],
        [
            0.09154437482357025,
            0.028077511116862297,
            0.07631459087133408
        ],
        [
            0.10493718832731247,
            0.024418191984295845,
            0.08680371195077896
        ],
        [
            0.11202585697174072,
            0.005677131935954094,
            0.06304693222045898
        ],
        [
            0.12190696597099304,
            0.0017396360635757446,
            0.054074726998806
        ],
        [
            0.1327458620071411,
            0.005327839404344559,
            0.06791223585605621
        ],
        [
            0.12156017124652863,
            0.009926900267601013,
            0.07519502937793732
        ],
        [
            0.1431528478860855,
            0.0033833757042884827,
            0.049584247171878815
        ],
        [
            0.1379832625389099,
            0.004625866189599037,
            0.06031929701566696
        ],
        [
            0.12720443308353424,
            -0.0002444237470626831,
            0.04689273238182068
        ],
        [
            0.1322624534368515,
            -0.0008558556437492371,
            0.03790043294429779
        ],
        [
            0.11475584656000137,
            0.03003062680363655,
            0.03844527155160904
        ],
        [
            0.11035795509815216,
            0.028856070712208748,
            0.02942252904176712
        ],
        [
            0.10715682059526443,
            0.031102143228054047,
            0.035208117216825485
        ],
        [
            0.11118758469820023,
            0.03219277784228325,
            0.0430205762386322
        ],
        [
            0.07459324598312378,
            0.052420489490032196,
            0.06538300216197968
        ],
        [
            0.07750599086284637,
            0.03966905176639557,
            0.0645730197429657
        ],
        [
            0.08365443348884583,
            0.043274492025375366,
            0.06905030459165573
        ],
        [
            0.0782819464802742,
            0.056649401783943176,
            0.06546206772327423
        ],
        [
            0.104920893907547,
            0.028330858796834946,
            -0.00012782961130142212
        ],
        [
            0.09660010039806366,
            0.020226210355758667,
            -0.007346399128437042
        ],
        [
            0.0919472724199295,
            0.02083267644047737,
            -0.00377596914768219
        ],
        [
            0.10085263848304749,
            0.027602987363934517,
            0.0024524852633476257
        ],
        [
            0.08007121086120605,
            0.030559543520212173,
            0.010922707617282867
        ],
        [
            0.0771898478269577,
            0.02213735319674015,
            0.005741417407989502
        ],
        [
            0.06578636169433594,
            0.014399159699678421,
            0.008629932999610901
        ],
        [
            0.06749488413333893,
            0.02043999172747135,
            0.015920020639896393
        ],
        [
            0.08072274178266525,
            0.03966571390628815,
            0.017583385109901428
        ],
        [
            0.06922615319490433,
            0.031803350895643234,
            0.020467057824134827
        ],
        [
            0.070341557264328,
            0.04151644557714462,
            0.025690540671348572
        ],
        [
            0.06889314204454422,
            0.052662499248981476,
            0.03598233312368393
        ],
        [
            0.10678471624851227,
            0.01583942398428917,
            -0.014006689190864563
        ],
        [
            0.11429986357688904,
            0.021616628393530846,
            -0.009992189705371857
        ],
        [
            0.13461089134216309,
            0.05838809162378311,
            0.09684331715106964
        ],
        [
            0.1388719379901886,
            0.05713935196399689,
            0.0923847034573555
        ],
        [
            0.13681034743785858,
            0.05595441535115242,
            0.09248066693544388
        ],
        [
            0.13331931829452515,
            0.05718355253338814,
            0.09692378342151642
        ],
        [
            0.12059350311756134,
            0.0012762807309627533,
            -0.010224878787994385
        ],
        [
            0.1200149804353714,
            -0.00777793861925602,
            -0.005690135061740875
        ],
        [
            0.1166081354022026,
            -0.008389037102460861,
            -0.012146025896072388
        ],
        [
            0.11533519625663757,
            0.0003157462924718857,
            -0.01564200222492218
        ],
        [
            0.12749052047729492,
            0.002563176676630974,
            -0.0030161887407302856
        ],
        [
            0.12438681721687317,
            -0.006281260401010513,
            0.003362298011779785
        ],
        [
            0.14040495455265045,
            0.05718059837818146,
            0.10841087251901627
        ],
        [
            0.13619007170200348,
            0.05908198654651642,
            0.10567701607942581
        ],
        [
            0.13495124876499176,
            0.05500541999936104,
            0.10670753568410873
        ],
        [
            0.13886594772338867,
            0.05159803107380867,
            0.10864580422639847
        ],
        [
            0.10598832368850708,
            0.04294770210981369,
            0.06785548478364944
        ],
        [
            0.11120109260082245,
            0.03960971161723137,
            0.059837210923433304
        ],
        [
            0.11731944978237152,
            0.04349491372704506,
            0.08124100416898727
        ],
        [
            0.11606054753065109,
            0.04066108539700508,
            0.0725790336728096
        ],
        [
            0.10943083465099335,
            0.04129562899470329,
            0.07635807991027832
        ],
        [
            0.11159870773553848,
            0.04218332841992378,
            0.0837843045592308
        ],
        [
            0.13026313483715057,
            0.032827891409397125,
            0.05466310307383537
        ],
        [
            0.12344600260257721,
            0.03044820949435234,
            0.04547262564301491
        ],
        [
            0.11977637559175491,
            0.032375939190387726,
            0.050876881927251816
        ],
        [
            0.12597998976707458,
            0.03602631762623787,
            0.06153816729784012
        ],
        [
            0.13285598158836365,
            0.029635773971676826,
            0.03481762111186981
        ],
        [
            0.13875658810138702,
            0.03148595616221428,
            0.04484538361430168
        ],
        [
            0.14326053857803345,
            0.030675705522298813,
            0.037536270916461945
        ],
        [
            0.1383560448884964,
            0.0305627454072237,
            0.031449057161808014
        ],
        [
            0.1457413285970688,
            0.0345609225332737,
            0.0636562705039978
        ],
        [
            0.1478920578956604,
            0.03542947396636009,
            0.06857829540967941
        ],
        [
            0.15069133043289185,
            0.03630773350596428,
            0.06600937992334366
        ],
        [
            0.14776833355426788,
            0.03401905298233032,
            0.06061746925115585
        ],
        [
            0.11280855536460876,
            -0.009965281933546066,
            -0.01797003298997879
        ],
        [
            0.1096651628613472,
            -0.0008609145879745483,
            -0.020150817930698395
        ],
        [
            0.15417875349521637,
            0.0049381740391254425,
            0.03036395087838173
        ],
        [
            0.1544625163078308,
            0.010060304775834084,
            0.020277302712202072
        ],
        [
            0.16427041590213776,
            0.013855887576937675,
            0.028154324740171432
        ],
        [
            0.16211651265621185,
            0.006540078669786453,
            0.037704601883888245
        ],
        [
            0.11572688817977905,
            -0.013208054006099701,
            0.002118818461894989
        ],
        [
            0.11393369734287262,
            -0.015299631282687187,
            -0.005254976451396942
        ],
        [
            0.1463022232055664,
            0.05431049317121506,
            0.1078779324889183
        ],
        [
            0.144453227519989,
            0.04879331588745117,
            0.1075998917222023
        ],
        [
            0.0659894272685051,
            0.0293367151170969,
            0.03208184987306595
        ],
        [
            0.06529754400253296,
            0.0450296625494957,
            0.041132908314466476
        ],
        [
            0.06587730348110199,
            0.01735626347362995,
            0.025066331028938293
        ],
        [
            0.06595402956008911,
            0.00914529338479042,
            0.019669845700263977
        ],
        [
            0.0634651854634285,
            0.0037793032824993134,
            0.013878881931304932
        ],
        [
            0.12275366485118866,
            0.04031020775437355,
            0.07202568650245667
        ],
        [
            0.1140032485127449,
            0.03480652719736099,
            0.05182730033993721
        ],
        [
            0.11809740960597992,
            0.028997160494327545,
            0.03443395346403122
        ],
        [
            0.14158853888511658,
            0.0297041367739439,
            0.014171134680509567
        ],
        [
            0.1351039707660675,
            0.028300797566771507,
            0.006094612181186676
        ],
        [
            0.12993603944778442,
            0.03146208077669144,
            0.015022754669189453
        ],
        [
            0.1367194950580597,
            0.03144552931189537,
            0.02044839784502983
        ],
        [
            0.15485802292823792,
            0.019247546792030334,
            0.01601644605398178
        ],
        [
            0.15211784839630127,
            0.026531461626291275,
            0.018225491046905518
        ],
        [
            0.15716052055358887,
            0.027485135942697525,
            0.02432897314429283
        ],
        [
            0.1616927981376648,
            0.021174965426325798,
            0.023222200572490692
        ],
        [
            0.06761550158262253,
            0.05087653920054436,
            0.06258860230445862
        ],
        [
            0.07174943387508392,
            0.037958163768053055,
            0.059494294226169586
        ],
        [
            0.11822304129600525,
            0.011454125866293907,
            -0.012465521693229675
        ],
        [
            0.11142171919345856,
            0.009761026129126549,
            -0.016029126942157745
        ],
        [
            0.10543528199195862,
            0.005692256614565849,
            -0.020630717277526855
        ],
        [
            0.10701291263103485,
            0.029353642836213112,
            0.01533670723438263
        ],
        [
            0.09813301265239716,
            0.027201522141695023,
            0.0042542964220047
        ],
        [
            0.09572941064834595,
            0.028486493974924088,
            0.007584556937217712
        ],
        [
            0.10551536083221436,
            0.029050255194306374,
            0.018712863326072693
        ],
        [
            0.09953552484512329,
            0.04008675739169121,
            0.03269363194704056
        ],
        [
            0.09338804334402084,
            0.03920862078666687,
            0.020434312522411346
        ],
        [
            0.09557166695594788,
            0.05045681819319725,
            0.03960596024990082
        ],
        [
            0.0848051980137825,
            0.021016670390963554,
            -0.00031394511461257935
        ],
        [
            0.08506139367818832,
            0.01689627580344677,
            -0.010611549019813538
        ],
        [
            0.07767780125141144,
            0.016888702288269997,
            -0.005613498389720917
        ],
        [
            0.09305880963802338,
            0.014217440038919449,
            -0.015747331082820892
        ],
        [
            0.10036128014326096,
            0.010540245100855827,
            -0.019467152655124664
        ],
        [
            0.11128351092338562,
            -0.020135389640927315,
            -0.011771410703659058
        ],
        [
            0.07153888791799545,
            0.015687262639403343,
            7.397681474685669e-05
        ],
        [
            0.07929984480142593,
            0.06618332862854004,
            0.04494430497288704
        ],
        [
            0.07360982149839401,
            0.06992831826210022,
            0.050211090594530106
        ],
        [
            0.07893912494182587,
            0.06812283396720886,
            0.05573006346821785
        ],
        [
            0.0844348594546318,
            0.06436336040496826,
            0.051397792994976044
        ],
        [
            0.1098187193274498,
            0.03305503726005554,
            0.09323860704898834
        ],
        [
            0.10933154821395874,
            0.03958357125520706,
            0.08901700377464294
        ],
        [
            0.10316966474056244,
            0.039495185017585754,
            0.08112452924251556
        ],
        [
            0.11528515070676804,
            0.0303349532186985,
            0.004641897976398468
        ],
        [
            0.12286391854286194,
            0.024720022454857826,
            -0.004001699388027191
        ],
        [
            0.1237969622015953,
            0.04308384656906128,
            0.08062230050563812
        ],
        [
            0.1370791345834732,
            0.04754804074764252,
            0.10896565020084381
        ],
        [
            0.13249966502189636,
            0.05146292597055435,
            0.10746021568775177
        ],
        [
            0.12167399376630783,
            0.040610652416944504,
            0.1017344519495964
        ],
        [
            0.1265673190355301,
            0.03587903082370758,
            0.10350177437067032
        ],
        [
            0.13266614079475403,
            0.03994792327284813,
            0.08510114252567291
        ],
        [
            0.12692119181156158,
            0.043728306889534,
            0.08344659209251404
        ],
        [
            0.1291331797838211,
            0.04351475089788437,
            0.08437781780958176
        ],
        [
            0.1354944109916687,
            0.04131660237908363,
            0.08450154215097427
        ],
        [
            0.15429352223873138,
            0.03473196178674698,
            0.05738241970539093
        ],
        [
            0.1513253152370453,
            0.032964471727609634,
            0.05272999778389931
        ],
        [
            0.1315806806087494,
            0.017513005062937737,
            0.08506280183792114
        ],
        [
            0.11938366293907166,
            0.016903502866625786,
            0.09165754914283752
        ],
        [
            0.11109475791454315,
            0.014743797481060028,
            0.08215935528278351
        ],
        [
            0.1345849186182022,
            0.031555648893117905,
            0.04864312708377838
        ],
        [
            0.14117783308029175,
            0.03355347737669945,
            0.05631362646818161
        ],
        [
            0.1437913179397583,
            0.03280305489897728,
            0.0531846359372139
        ],
        [
            0.12736481428146362,
            0.039856746792793274,
            0.07320590317249298
        ],
        [
            0.1295744627714157,
            0.041159678250551224,
            0.07968363165855408
        ],
        [
            0.13230839371681213,
            0.03864416480064392,
            0.07593127340078354
        ],
        [
            0.13052409887313843,
            0.037764083594083786,
            0.06907845288515091
        ],
        [
            0.14520545303821564,
            0.006191486492753029,
            0.01151416078209877
        ],
        [
            0.14624202251434326,
            0.016883421689271927,
            0.006680112332105637
        ],
        [
            0.13388532400131226,
            0.05931287258863449,
            0.10154299437999725
        ],
        [
            0.13263462483882904,
            0.05698982626199722,
            0.10225119441747665
        ],
        [
            0.12779772281646729,
            0.029295790940523148,
            0.0397598035633564
        ],
        [
            0.10316064208745956,
            0.012349957600235939,
            0.06955075263977051
        ],
        [
            0.1216670349240303,
            0.028470609337091446,
            0.030203118920326233
        ],
        [
            0.16102635860443115,
            0.01601792871952057,
            0.05486451834440231
        ],
        [
            0.16308771073818207,
            0.024318672716617584,
            0.05062253773212433
        ],
        [
            0.16447168588638306,
            0.027598349377512932,
            0.05388086661696434
        ],
        [
            0.16482295095920563,
            0.023196736350655556,
            0.05839982256293297
        ],
        [
            0.1448838710784912,
            0.04837715998291969,
            0.08977720141410828
        ],
        [
            0.14086376130580902,
            0.052914224565029144,
            0.08949876576662064
        ],
        [
            0.1419522762298584,
            0.0532408244907856,
            0.08982358127832413
        ],
        [
            0.1470552384853363,
            0.05001385137438774,
            0.09091927111148834
        ],
        [
            0.12151829153299332,
            0.045134175568819046,
            0.0852961540222168
        ],
        [
            0.11622430384159088,
            0.04445449262857437,
            0.08882006257772446
        ],
        [
            0.12104373425245285,
            0.04703890159726143,
            0.09124495089054108
        ],
        [
            0.12545034289360046,
            0.04601730406284332,
            0.08718384802341461
        ],
        [
            0.11510618031024933,
            0.04124779254198074,
            0.09425264596939087
        ],
        [
            0.11960537731647491,
            0.04440588131546974,
            0.0970037430524826
        ],
        [
            0.14759215712547302,
            0.044302698224782944,
            0.09411165863275528
        ],
        [
            0.1466411054134369,
            0.04298127442598343,
            0.10176554322242737
        ],
        [
            0.13785122334957123,
            0.03187576308846474,
            0.09537945687770844
        ],
        [
            0.13967272639274597,
            0.03674675151705742,
            0.08929279446601868
        ],
        [
            0.12235358357429504,
            -0.006399577483534813,
            0.027399521321058273
        ],
        [
            0.12917867302894592,
            -0.005356339737772942,
            0.018534518778324127
        ],
        [
            0.13936831057071686,
            -6.875582039356232e-05,
            0.02881632372736931
        ],
        [
            0.15026770532131195,
            0.004062822088599205,
            0.039104610681533813
        ],
        [
            0.159324049949646,
            0.00925179198384285,
            0.04916742444038391
        ],
        [
            0.15283818542957306,
            0.006273031234741211,
            0.0593622624874115
        ],
        [
            0.14294613897800446,
            0.0009107384830713272,
            0.021357707679271698
        ],
        [
            0.13505110144615173,
            0.031189685687422752,
            0.08597822487354279
        ],
        [
            0.13154245913028717,
            0.024818968027830124,
            0.09089440852403641
        ],
        [
            0.13491970300674438,
            0.024967122822999954,
            0.08722932636737823
        ],
        [
            0.12685751914978027,
            0.02951694093644619,
            0.0248604416847229
        ],
        [
            0.1304444968700409,
            0.054641466587781906,
            0.10357990860939026
        ],
        [
            0.07832591235637665,
            -0.009620755910873413,
            0.02273094654083252
        ],
        [
            0.08918608725070953,
            -0.015683602541685104,
            0.017956681549549103
        ],
        [
            0.09204696118831635,
            -0.011549226939678192,
            0.02517235279083252
        ],
        [
            0.07994683086872101,
            -0.00398872047662735,
            0.030131839215755463
        ],
        [
            0.13535994291305542,
            0.056445688009262085,
            0.09280353784561157
        ],
        [
            0.13109137117862701,
            0.056809671223163605,
            0.0977013036608696
        ],
        [
            0.156117245554924,
            0.03336396813392639,
            0.048348404467105865
        ],
        [
            0.15858182311058044,
            0.034571532160043716,
            0.053320590406656265
        ],
        [
            0.16198015213012695,
            0.03333831578493118,
            0.052231453359127045
        ],
        [
            0.16124583780765533,
            0.034170035272836685,
            0.04631274938583374
        ],
        [
            0.1314091980457306,
            -0.004428431391716003,
            0.012980345636606216
        ],
        [
            0.1691216081380844,
            0.02042451500892639,
            0.0310071874409914
        ],
        [
            0.1676626205444336,
            0.013350414112210274,
            0.040684498846530914
        ],
        [
            0.12013110518455505,
            -0.010026875883340836,
            0.010026775300502777
        ],
        [
            0.11426041275262833,
            -0.011644702404737473,
            0.017768483608961105
        ],
        [
            0.10893643647432327,
            -0.015532676130533218,
            0.010501913726329803
        ],
        [
            0.147532656788826,
            0.01278970018029213,
            0.07204170525074005
        ],
        [
            0.11837897449731827,
            -0.005585663020610809,
            0.03514355048537254
        ],
        [
            0.11005041003227234,
            -0.01063554361462593,
            0.024160195142030716
        ],
        [
            0.10349778085947037,
            -0.015250209718942642,
            0.01577935367822647
        ],
        [
            0.09949144721031189,
            -0.01923220232129097,
            0.009585641324520111
        ],
        [
            0.10583968460559845,
            -0.018993157893419266,
            0.004391483962535858
        ],
        [
            0.14226509630680084,
            0.04462039843201637,
            0.10639084130525589
        ],
        [
            0.1500747799873352,
            0.04724370688199997,
            0.10288792103528976
        ],
        [
            0.10284073650836945,
            -0.02443554997444153,
            -0.002261713147163391
        ],
        [
            0.09566099941730499,
            -0.02385862171649933,
            0.003683626651763916
        ],
        [
            0.10407069325447083,
            -0.00880463793873787,
            0.030988644808530807
        ],
        [
            0.09631398320198059,
            -0.005073849111795425,
            0.03858635947108269
        ],
        [
            0.11231739819049835,
            -0.0037444643676280975,
            0.04127396270632744
        ],
        [
            0.10527502000331879,
            0.00013766437768936157,
            0.04981891065835953
        ],
        [
            0.14013738930225372,
            0.008311765268445015,
            0.07928162068128586
        ],
        [
            0.1553111970424652,
            0.0643438994884491,
            0.09609866142272949
        ],
        [
            0.15333175659179688,
            0.05313801020383835,
            0.09706021100282669
        ],
        [
            0.14989684522151947,
            0.053333647549152374,
            0.092161163687706
        ],
        [
            0.15421035885810852,
            0.06311428546905518,
            0.09209569543600082
        ],
        [
            0.15018318593502045,
            0.0477571040391922,
            0.09533143788576126
        ],
        [
            0.15202820301055908,
            0.05295145511627197,
            0.10291065275669098
        ],
        [
            0.09400893747806549,
            0.008614784106612206,
            0.056908946484327316
        ],
        [
            0.13441187143325806,
            0.03877649083733559,
            0.08140718936920166
        ],
        [
            0.08264774829149246,
            0.005844328552484512,
            0.043799061328172684
        ],
        [
            0.08371591567993164,
            0.02220807783305645,
            0.06589889526367188
        ],
        [
            0.0756952315568924,
            0.021784113720059395,
            0.054368823766708374
        ],
        [
            0.07045477628707886,
            0.004766911268234253,
            0.030578717589378357
        ],
        [
            0.06806068122386932,
            0.017746416851878166,
            0.03984855115413666
        ],
        [
            0.06772167980670929,
            -0.005523156374692917,
            0.01721552014350891
        ],
        [
            0.07045704126358032,
            -0.001331862062215805,
            0.024103082716464996
        ],
        [
            0.06664828956127167,
            0.032443709671497345,
            0.04656614735722542
        ],
        [
            0.1386735439300537,
            0.06506513059139252,
            0.09267251193523407
        ],
        [
            0.14343731105327606,
            0.0628519058227539,
            0.08929866552352905
        ],
        [
