{
    "pred_cam": [
        8.9415283203125,
        0.05837906152009964,
        -0.06631358712911606
    ],
    "pred_mano_params": {
        "global_orient": [
            [
                [
                    0.6053460240364075,
                    -0.45259785652160645,
                    0.654760479927063
                ],
                [
                    -0.5622832179069519,
                    -0.8253893256187439,
                    -0.050695572048425674
                ],
                [
                    0.5633769631385803,
                    -0.33747249841690063,
                    -0.7541342973709106
                ]
            ]
        ],
        "hand_pose": [
            [
                [
                    0.8521848320960999,
                    -0.41544345021247864,
                    -0.3181001842021942
                ],
                [
                    0.38802996277809143,
                    0.9096137881278992,
                    -0.14844341576099396
                ],
                [
                    0.35101819038391113,
                    0.0030688312835991383,
                    0.9363635778427124
                ]
            ],
            [
                [
                    0.7321119904518127,
                    -0.6213919520378113,
                    0.2790773808956146
                ],
                [
                    0.6714142560958862,
                    0.7274102568626404,
                    -0.14169417321681976
                ],
                [
                    -0.11495613306760788,
                    0.2911125421524048,
                    0.9497571587562561
                ]
            ],
            [
                [
                    0.6769769787788391,
                    -0.7357041239738464,
                    0.02101455256342888
                ],
                [
                    0.7331594228744507,
                    0.671577513217926,
                    -0.10705544054508209
                ],
                [
                    0.06464822590351105,
                    0.08788108825683594,
                    0.9940309524536133
                ]
            ],
            [
                [
                    0.8228628635406494,
                    -0.5267392992973328,
                    -0.21317258477210999
                ],
                [
                    0.5250330567359924,
                    0.848253607749939,
                    -0.0693257600069046
                ],
                [
                    0.21734103560447693,
                    -0.05487706884741783,
                    0.9745519161224365
                ]
            ],
            [
                [
                    0.8456714153289795,
                    -0.5175808072090149,
                    -0.1301921308040619
                ],
                [
                    0.5303497910499573,
                    0.787663996219635,
                    0.3135513663291931
                ],
                [
                    -0.05974050238728523,
                    -0.33420881628990173,
                    0.9406037926673889
                ]
            ],
            [
                [
                    0.8819724321365356,
                    -0.45985937118530273,
                    -0.10321872681379318
                ],
                [
                    0.4679012596607208,
                    0.8806114792823792,
                    0.07477839291095734
                ],
                [
                    0.056508053094148636,
                    -0.11424864083528519,
                    0.9918438196182251
                ]
            ],
            [
                [
                    0.614243745803833,
                    -0.700165867805481,
                    0.3639675974845886
                ],
                [
                    0.6549223065376282,
                    0.7096219062805176,
                    0.2598336935043335
                ],
                [
                    -0.44020602107048035,
                    0.0787692666053772,
                    0.8944350481033325
                ]
            ],
            [
                [
                    0.9369704127311707,
                    -0.2781144678592682,
                    -0.21151553094387054
                ],
                [
                    0.3287382125854492,
                    0.9067907333374023,
                    0.26393505930900574
                ],
                [
                    0.11839618533849716,
                    -0.316832572221756,
                    0.9410629272460938
                ]
            ],
            [
                [
                    0.8678205013275146,
                    -0.40562695264816284,
                    0.2869744896888733
                ],
                [
                    0.35471776127815247,
                    0.910190999507904,
                    0.21384012699127197
                ],
                [
                    -0.34794092178344727,
                    -0.08377990126609802,
                    0.9337654709815979
                ]
            ],
            [
                [
                    0.7750710844993591,
                    -0.6301354169845581,
                    0.04684038087725639
                ],
                [
                    0.6318411231040955,
                    0.7721428871154785,
                    -0.06761779636144638
                ],
                [
                    0.006440904922783375,
                    0.08200428634881973,
                    0.9966111183166504
                ]
            ],
            [
                [
                    0.9158793687820435,
                    -0.37967002391815186,
                    -0.1304444670677185
                ],
                [
                    0.398774653673172,
                    0.8229256272315979,
                    0.4046878516674042
                ],
                [
                    -0.04630173742771149,
                    -0.422663152217865,
                    0.9051033854484558
                ]
            ],
            [
                [
                    0.8309102058410645,
                    -0.5121501088142395,
                    -0.21746356785297394
                ],
                [
                    0.5542352795600891,
                    0.7963290214538574,
                    0.24224665760993958
                ],
                [
                    0.04910587519407272,
                    -0.3218112289905548,
                    0.945529580116272
                ]
            ],
            [
                [
                    0.9750292301177979,
                    -0.1182117611169815,
                    0.1879999041557312
                ],
                [
                    0.21045544743537903,
                    0.2215888500213623,
                    -0.9521591067314148
                ],
                [
                    0.07089771330356598,
                    0.9679485559463501,
                    0.24093391001224518
                ]
            ],
            [
                [
                    0.9588921666145325,
                    -0.24568404257297516,
                    -0.14200441539287567
                ],
                [
                    0.2796936333179474,
                    0.7337400913238525,
                    0.6191905736923218
                ],
                [
                    -0.04793090373277664,
                    -0.6334546804428101,
                    0.7722938656806946
                ]
            ],
            [
                [
                    0.836700975894928,
                    0.4494301974773407,
                    -0.31296011805534363
                ],
                [
                    -0.34918490052223206,
                    0.8780189752578735,
                    0.32734164595603943
                ],
                [
                    0.4219021201133728,
                    -0.16460609436035156,
                    0.8915735483169556
                ]
            ]
        ],
        "betas": [
            -0.052245259284973145,
            -0.068055659532547,
            -0.036847472190856934,
            0.0011418163776397705,
            0.03133273124694824,
            -0.01066257432103157,
            0.07073855400085449,
            -0.05482524633407593,
            0.006329745054244995,
            -0.0479101836681366
        ]
    },
    "pred_cam_t": [
        -0.05837906152009964,
        -0.06631358712911606,
        4.3686604499816895
    ],
    "focal_length": [
        5000.0,
        5000.0
    ],
    "pred_keypoints_3d": [
        [
            0.09599816799163818,
            0.006402742117643356,
            0.006216539070010185
        ],
        [
            0.1053723692893982,
            0.031499918550252914,
            -0.02164486236870289
        ],
        [
            0.11179933696985245,
            0.06150715798139572,
            -0.02494090422987938
        ],
        [
            0.1103360652923584,
            0.08826842904090881,
            -0.029410535469651222
        ],
        [
            0.09586669504642487,
            0.11294619739055634,
            -0.051167719066143036
        ],
        [
            0.058390725404024124,
            0.05935680493712425,
            -0.057405032217502594
        ],
        [
            0.038133375346660614,
            0.08464590460062027,
            -0.06421946734189987
        ],
        [
            0.04081001132726669,
            0.10603199154138565,
            -0.05862489715218544
        ],
        [
            0.05326016619801521,
            0.11937612295150757,
            -0.04130351170897484
        ],
        [
            0.03694387152791023,
            0.06120195612311363,
            -0.044211357831954956
        ],
        [
            0.019989632070064545,
            0.08809967339038849,
            -0.044402312487363815
        ],
        [
            0.022262372076511383,
            0.11019773781299591,
            -0.037224531173706055
        ],
        [
            0.031844425946474075,
            0.13176283240318298,
            -0.026555880904197693
        ],
        [
            0.030598163604736328,
            0.05713966116309166,
            -0.01848132349550724
        ],
        [
            0.02022286131978035,
            0.08386284112930298,
            -0.022564224898815155
        ],
        [
            0.02226448431611061,
            0.10710696876049042,
            -0.013943029567599297
        ],
        [
            0.03315955400466919,
            0.1258293092250824,
            -9.139440953731537e-05
        ],
        [
            0.0303356871008873,
            0.055653758347034454,
            0.0033505354076623917
        ],
        [
            0.025318872183561325,
            0.076225146651268,
            0.002463993150740862
        ],
        [
            0.02611525170505047,
            0.09405554831027985,
            0.009044582024216652
        ],
        [
            0.03512212634086609,
            0.10918396711349487,
            0.013203322887420654
        ]
    ],
    "pred_vertices": [
        [
            0.08451781421899796,
            0.04895084351301193,
            -0.028592456132173538
        ],
        [
            0.09044027328491211,
            0.044186972081661224,
            -0.02188318595290184
        ],
        [
            0.09262643754482269,
            0.052357710897922516,
            -0.02482815459370613
        ],
        [
            0.08732584118843079,
            0.05543280392885208,
            -0.03426636755466461
        ],
        [
            0.10554610192775726,
            0.04515637084841728,
            -0.006601370871067047
        ],
        [
            0.11665355414152145,
            0.04119064286351204,
            -0.008022472262382507
        ],
        [
            0.11681456863880157,
            0.056433338671922684,
            -0.011622060090303421
        ],
        [
            0.10773572325706482,
            0.05819296836853027,
            -0.008450906723737717
        ],
        [
            0.08930900692939758,
            0.06027517467737198,
            -0.038223862648010254
        ],
        [
            0.09467832744121552,
            0.05950670689344406,
            -0.026424318552017212
        ],
        [
            0.09171178191900253,
            0.06092540919780731,
            -0.03900150954723358
        ],
        [
            0.08276082575321198,
            0.0543488934636116,
            -0.05364655703306198
        ],
        [
            0.08244754374027252,
            0.05763232707977295,
            -0.04897613823413849
        ],
        [
            0.07486435025930405,
            0.053068045526742935,
            -0.06016658991575241
        ],
        [
            0.08382952213287354,
            0.043718121945858,
            -0.05474553629755974
        ],
        [
            0.06888308376073837,
            0.045574430376291275,
            -0.06116984039545059
        ],
        [
            0.06376776844263077,
            0.024372804909944534,
            -0.03940630704164505
        ],
        [
            0.05673839896917343,
            0.021907076239585876,
            -0.027546962723135948
        ],
        [
            0.045445818454027176,
            0.032048773020505905,
            -0.035377658903598785
        ],
        [
            0.053952913731336594,
            0.03408481180667877,
            -0.0462271124124527
        ],
        [
            0.0419299378991127,
            0.0299283005297184,
            -0.014836634509265423
        ],
        [
            0.04310111328959465,
            0.0315125398337841,
            -0.026554197072982788
        ],
        [
            0.05386995151638985,
            0.020369578152894974,
            -0.019061638042330742
        ],
        [
            0.052426137030124664,
            0.019663464277982712,
            -0.008889270946383476
        ],
        [
            0.07928875088691711,
            0.041423261165618896,
            -0.014546900987625122
        ],
        [
            0.08574879169464111,
            0.03626837208867073,
            -0.008547544479370117
        ],
        [
            0.08728798478841782,
            0.037775326520204544,
            -0.014977406710386276
        ],
        [
            0.08158938586711884,
            0.043019622564315796,
            -0.019899502396583557
        ],
        [
            0.10351774841547012,
            0.06580137461423874,
            -0.037003763020038605
        ],
        [
            0.10156522691249847,
            0.050681956112384796,
            -0.04437009245157242
        ],
        [
            0.09514164924621582,
            0.055520087480545044,
            -0.043860167264938354
        ],
        [
            0.10046221315860748,
            0.06831804662942886,
            -0.032904140651226044
        ],
        [
            0.09982668608427048,
            0.027840174734592438,
            0.016863834112882614
        ],
        [
            0.10586357116699219,
            0.015995901077985764,
            0.0197775736451149
        ],
        [
            0.10888907313346863,
            0.015506349503993988,
            0.014640528708696365
        ],
        [
            0.10232013463973999,
            0.026019681245088577,
            0.012618880718946457
        ],
        [
            0.11704027652740479,
            0.022816073149442673,
            -0.0027706921100616455
        ],
        [
            0.11899896711111069,
            0.013431433588266373,
            -9.659677743911743e-05
        ],
        [
            0.12433832883834839,
            0.003934785723686218,
            -0.007354997098445892
        ],
        [
            0.12304463237524033,
            0.01260295882821083,
            -0.012668326497077942
        ],
        [
            0.11595748364925385,
            0.03209152817726135,
            -0.00616050511598587
        ],
        [
            0.12343697994947433,
            0.02487052232027054,
            -0.014640845358371735
        ],
        [
            0.12330998480319977,
            0.03627939894795418,
            -0.015624575316905975
        ],
        [
            0.12213538587093353,
            0.0535484254360199,
            -0.01852903515100479
        ],
        [
            0.0976611003279686,
            0.014285467565059662,
            0.029553085565567017
        ],
        [
            0.09238265454769135,
            0.023073557764291763,
            0.029125802218914032
        ],
        [
            0.04956088960170746,
            0.08996637165546417,
            -0.06128154322504997
        ],
        [
            0.046803686767816544,
            0.09028618037700653,
            -0.055921852588653564
        ],
        [
            0.04855568706989288,
            0.08751474320888519,
            -0.05589825287461281
        ],
        [
            0.05061649531126022,
            0.08784820884466171,
            -0.06141838803887367
        ],
        [
            0.07874827831983566,
            0.006972961127758026,
            0.030508000403642654
        ],
        [
            0.07393603771924973,
            -0.0004603192210197449,
            0.025596147403120995
        ],
        [
            0.0787060484290123,
            -0.0036279410123825073,
            0.03014110028743744
        ],
        [
            0.0845651924610138,
            0.0030290186405181885,
            0.03337053954601288
        ],
        [
            0.07113997638225555,
            0.012236073613166809,
            0.026656409725546837
        ],
        [
            0.06787942349910736,
            0.004438832402229309,
            0.019096853211522102
        ],
        [
            0.04083970934152603,
            0.09048614650964737,
            -0.07085983455181122
        ],
        [
            0.045821961015462875,
            0.09094661474227905,
            -0.06945432722568512
        ],
        [
            0.04560428857803345,
            0.08657601475715637,
            -0.07038410753011703
        ],
        [
            0.040709756314754486,
            0.0848686695098877,
            -0.07079159468412399
        ],
        [
            0.08136142045259476,
            0.057101354002952576,
            -0.042521826922893524
        ],
        [
            0.07880039513111115,
            0.05380677804350853,
            -0.03427805006504059
        ],
        [
            0.06794878840446472,
            0.06461072713136673,
            -0.051658034324645996
        ],
        [
            0.07113800197839737,
            0.05944162979722023,
            -0.04432644695043564
        ],
        [
            0.07555519044399261,
            0.058755919337272644,
            -0.04995964467525482
        ],
        [
            0.07154656201601028,
            0.062053315341472626,
            -0.056126806885004044
        ],
        [
            0.061929937452077866,
            0.05336872860789299,
            -0.023072004318237305
        ],
        [
            0.06977979093790054,
            0.04662066698074341,
            -0.017490271478891373
        ],
        [
            0.07186519354581833,
            0.04824116826057434,
            -0.02371583692729473
        ],
        [
            0.06455790996551514,
            0.05623474717140198,
            -0.03083478845655918
        ],
        [
            0.065013587474823,
            0.04702349007129669,
            -0.004100671038031578
        ],
        [
            0.057433485984802246,
            0.053244058042764664,
            -0.010831590741872787
        ],
        [
            0.055572640150785446,
            0.052697233855724335,
            -0.0024376586079597473
        ],
        [
            0.06179533153772354,
            0.04919568449258804,
            0.001188160851597786
        ],
        [
            0.0462038628757,
            0.06312825530767441,
            -0.025239404290914536
        ],
        [
            0.041408516466617584,
            0.06603749841451645,
            -0.02929782122373581
        ],
        [
            0.039767470210790634,
            0.06713810563087463,
            -0.02595248445868492
        ],
        [
            0.04486491531133652,
            0.06259232759475708,
            -0.021724386140704155
        ],
        [
            0.08317327499389648,
            -0.007695965468883514,
            0.03389125317335129
        ],
        [
            0.09033761918544769,
            -0.001062639057636261,
            0.035207606852054596
        ],
        [
            0.03931009769439697,
            0.031175274401903152,
            0.006840242072939873
        ],
        [
            0.04390441253781319,
            0.033994995057582855,
            0.016691772267222404
        ],
        [
            0.033657245337963104,
            0.042127691209316254,
            0.013433787971735
        ],
        [
            0.031034596264362335,
            0.036699820309877396,
            0.003457065671682358
        ],
        [
            0.07267533242702484,
            -0.0052582696080207825,
            0.016424570232629776
        ],
        [
            0.07578481733798981,
            -0.009367458522319794,
            0.022360913455486298
        ],
        [
            0.035193126648664474,
            0.08991768956184387,
            -0.06840527802705765
        ],
        [
            0.035542868077754974,
            0.08401507139205933,
            -0.06770279258489609
        ],
        [
            0.12252375483512878,
            0.02784227952361107,
            -0.026678867638111115
        ],
        [
            0.12245860695838928,
            0.04980197548866272,
            -0.02781565673649311
        ],
        [
            0.12123775482177734,
            0.01259911060333252,
            -0.02294248715043068
        ],
        [
            0.11928051710128784,
            0.0025964006781578064,
            -0.018683556467294693
        ],
        [
            0.12037846446037292,
            -0.005150787532329559,
            -0.014286570250988007
        ],
        [
            0.06541897356510162,
            0.06140189245343208,
            -0.04142220318317413
        ],
        [
            0.07733258605003357,
            0.04856491461396217,
            -0.026544207707047462
        ],
        [
            0.07738225162029266,
            0.040851615369319916,
            -0.009608592838048935
        ],
        [
            0.0645325556397438,
            0.045798659324645996,
            0.018180906772613525
        ],
        [
            0.07224425673484802,
            0.04028180614113808,
            0.022935064509510994
        ],
        [
            0.07486970722675323,
            0.04320550709962845,
            0.01294948160648346
        ],
        [
            0.06723596155643463,
            0.046932995319366455,
            0.010647900402545929
        ],
        [
            0.048398084938526154,
            0.04162253439426422,
            0.021163202822208405
        ],
        [
            0.05272231623530388,
            0.047902755439281464,
            0.01836000196635723
        ],
        [
            0.045642562210559845,
            0.05226529762148857,
            0.0147789865732193
        ],
        [
            0.039908505976200104,
            0.04744186997413635,
            0.017361067235469818
        ],
        [
            0.11071498692035675,
            0.06522935628890991,
            -0.03923679515719414
        ],
        [
            0.10856471955776215,
            0.04747503250837326,
            -0.043580830097198486
        ],
        [
            0.08571802079677582,
            0.014812592417001724,
            0.03226929157972336
        ],
        [
            0.09192192554473877,
            0.010049067437648773,
            0.0327942930161953
        ],
        [
            0.09677596390247345,
            0.0032229572534561157,
            0.034407783299684525
        ],
        [
            0.09361173212528229,
            0.03220898285508156,
            0.0028888843953609467
        ],
        [
            0.10400718450546265,
            0.024762101471424103,
            0.009585466235876083
        ],
        [
            0.10535462200641632,
            0.0251585952937603,
            0.005310811102390289
        ],
        [
            0.09373731911182404,
            0.03136057034134865,
            -0.0013506300747394562
        ],
        [
            0.09509646892547607,
            0.03930522873997688,
            -0.012424185872077942
        ],
        [
            0.10433460772037506,
            0.03430885821580887,
            -0.004710204899311066
        ],
        [
            0.09642745554447174,
            0.04931856691837311,
            -0.012933775782585144
        ],
        [
            0.11390554904937744,
            0.013646863400936127,
            0.008427176624536514
        ],
        [
            0.11520110070705414,
            0.007981937378644943,
            0.017963111400604248
        ],
        [
            0.11975406110286713,
            0.00640525296330452,
            0.010437119752168655
        ],
        [
            0.10909584164619446,
            0.0074187032878398895,
            0.025652538985013962
        ],
        [
            0.10267327725887299,
            0.005997546017169952,
            0.03169513866305351
        ],
        [
            0.07817981392145157,
            -0.016130059957504272,
            0.026984551921486855
        ],
        [
            0.12261100113391876,
            0.004614904522895813,
            0.00282900407910347
        ],
        [
            0.10957913100719452,
            0.06713293492794037,
            -0.012398552149534225
        ],
        [
            0.11139785498380661,
            0.07533774524927139,
            -0.016278691589832306
        ],
        [
            0.10444077849388123,
            0.07446577399969101,
            -0.01827746257185936
        ],
        [
            0.10220520943403244,
            0.06713059544563293,
            -0.015546124428510666
        ],
        [
            0.06627651304006577,
            0.05562599375844002,
            -0.06550507247447968
        ],
        [
            0.07053708285093307,
            0.06027967482805252,
            -0.061571553349494934
        ],
        [
            0.07794409990310669,
            0.05661635845899582,
            -0.055793795734643936
        ],
        [
            0.09026671200990677,
            0.03455575183033943,
            0.016705963760614395
        ],
        [
            0.08447758108377457,
            0.030337456613779068,
            0.027162736281752586
        ],
        [
            0.06210106611251831,
            0.06622980535030365,
            -0.0488068163394928
        ],
        [
            0.04116314649581909,
            0.08009833097457886,
            -0.07116559892892838
        ],
        [
            0.04672645777463913,
            0.0823257640004158,
            -0.07090064138174057
        ],
        [
            0.055937305092811584,
            0.06754099577665329,
            -0.06932303309440613
        ],
        [
            0.049597132951021194,
            0.06474019587039948,
            -0.06976640224456787
        ],
        [
            0.05104539915919304,
            0.06747454404830933,
            -0.050365038216114044
        ],
        [
            0.05803408473730087,
            0.06844890117645264,
            -0.05032503604888916
        ],
        [
            0.05532379075884819,
            0.0692981407046318,
            -0.05066341906785965
        ],
        [
            0.04889257624745369,
            0.06925392150878906,
            -0.04906158521771431
        ],
        [
            0.03904476761817932,
            0.06515690684318542,
            -0.016825387254357338
        ],
        [
            0.043654948472976685,
            0.06125802919268608,
            -0.013171019032597542
        ],
        [
            0.045385174453258514,
            0.046471089124679565,
            -0.05121983587741852
        ],
        [
            0.05322227254509926,
            0.04328174889087677,
            -0.06178366765379906
        ],
        [
            0.06190981715917587,
            0.037375837564468384,
            -0.05580472573637962
        ],
        [
            0.05975668132305145,
            0.05251620337367058,
            -0.01594330184161663
        ],
        [
            0.05235966295003891,
            0.05861138924956322,
            -0.020258614793419838
        ],
        [
            0.05072961002588272,
            0.05826110765337944,
            -0.016414381563663483
        ],
        [
            0.06079445779323578,
            0.06293421983718872,
            -0.04082915186882019
        ],
        [
            0.05669139325618744,
            0.06631781160831451,
            -0.04599303752183914
        ],
        [
            0.05511537939310074,
            0.0646267831325531,
            -0.04152614623308182
        ],
        [
            0.05882175266742706,
            0.06127209588885307,
            -0.035883184522390366
        ],
        [
            0.05313686281442642,
            0.02522410824894905,
            0.0206174124032259
        ],
        [
            0.058117836713790894,
            0.03426974639296532,
            0.026113362982869148
        ],
        [
            0.04912211373448372,
            0.09050673246383667,
            -0.06609377264976501
        ],
        [
            0.04947542026638985,
            0.08756126463413239,
            -0.06679777801036835
        ],
        [
            0.06752361357212067,
            0.04593351110816002,
            -0.010624047368764877
        ],
        [
            0.07167503237724304,
            0.029947280883789062,
            -0.047944992780685425
        ],
        [
            0.07554259896278381,
            0.040719661861658096,
            -0.004346586763858795
        ],
        [
            0.02905188873410225,
            0.047852981835603714,
            -0.012397905811667442
        ],
        [
            0.030609454959630966,
            0.054784104228019714,
            -0.00775778666138649
        ],
        [
            0.028670158237218857,
            0.05917568504810333,
            -0.010881246998906136
        ],
        [
            0.025533491745591164,
            0.055504992604255676,
            -0.014996781945228577
        ],
        [
            0.0403912216424942,
            0.08066727221012115,
            -0.05096697434782982
        ],
        [
            0.04535389319062233,
            0.083591029047966,
            -0.051434699445962906
        ],
        [
            0.043878454715013504,
            0.08643995225429535,
            -0.05184408649802208
        ],
        [
            0.03808258846402168,
            0.08494952321052551,
            -0.05177726224064827
        ],
        [
            0.06281048059463501,
            0.06847177445888519,
            -0.05375606566667557
        ],
        [
            0.06633369624614716,
            0.06686744093894958,
            -0.0589415580034256
        ],
        [
            0.06165148690342903,
            0.0714568942785263,
            -0.059359293431043625
        ],
        [
            0.05856912583112717,
            0.07104352116584778,
            -0.05427403748035431
        ],
        [
            0.06440215557813644,
            0.0647713914513588,
            -0.06451689451932907
        ],
        [
            0.0603974275290966,
            0.06972594559192657,
            -0.06533844023942947
        ],
        [
            0.035491906106472015,
            0.07818067073822021,
            -0.05443791300058365
        ],
        [
            0.03367030993103981,
            0.07736024260520935,
            -0.06174998730421066
        ],
        [
            0.040753040462732315,
            0.06286127120256424,
            -0.05913185700774193
        ],
        [
            0.0424116812646389,
            0.0671219602227211,
            -0.052666064351797104
        ],
        [
            0.061698488891124725,
            0.008822746574878693,
            -0.0036276374012231827
        ],
        [
            0.059346068650484085,
            0.010323479771614075,
            0.0072205811738967896
        ],
        [
            0.04987867549061775,
            0.02103707566857338,
            0.00225810706615448
        ],
        [
            0.03952709585428238,
            0.030720215290784836,
            -0.0024551749229431152
        ],
        [
            0.030942760407924652,
            0.04057542234659195,
            -0.0077196527272462845
        ],
        [
            0.03227020800113678,
            0.037818409502506256,
            -0.01961062289774418
        ],
        [
            0.04967336356639862,
            0.021625332534313202,
            0.01047232560813427
        ],
        [
            0.04506490007042885,
            0.061288755387067795,
            -0.05085310339927673
        ],
        [
            0.04581501707434654,
            0.054026175290346146,
            -0.05685143917798996
        ],
        [
            0.04337899014353752,
            0.05480002611875534,
            -0.052097052335739136
        ],
        [
            0.07335712015628815,
            0.04240437597036362,
            0.002632778137922287
        ],
        [
            0.05072395130991936,
            0.08423323929309845,
            -0.06773144751787186
        ],
        [
            0.0992002859711647,
            -0.010499969124794006,
            -0.017359178513288498
        ],
        [
            0.08886721730232239,
            -0.013502098619937897,
            -0.008732404559850693
        ],
        [
            0.08585646748542786,
            -0.007112227380275726,
            -0.01405283436179161
        ],
        [
            0.09811314940452576,
            -0.0026719793677330017,
            -0.023544423282146454
        ],
        [
            0.050342220813035965,
            0.0855867862701416,
            -0.055969275534152985
        ],
        [
            0.05271127074956894,
            0.08569745719432831,
            -0.06185264512896538
        ],
        [
            0.04032991826534271,
            0.06199295446276665,
            -0.007351950742304325
        ],
        [
            0.03635582700371742,
            0.06495236605405807,
            -0.01166729535907507
        ],
        [
            0.032764751464128494,
            0.06434501707553864,
            -0.01003645546734333
        ],
        [
            0.0357983261346817,
            0.06371944397687912,
            -0.003877032548189163
        ],
        [
            0.05970385670661926,
            0.010774396359920502,
            0.01319623552262783
        ],
        [
            0.029010873287916183,
            0.04950521141290665,
            0.011230528354644775
        ],
        [
            0.02646062895655632,
            0.0441519096493721,
            0.0023637358099222183
        ],
        [
            0.06767772883176804,
            0.0009142905473709106,
            0.011118913069367409
        ],
        [
            0.06939122080802917,
            -0.0009841620922088623,
            0.0016252584755420685
        ],
        [
            0.07466760277748108,
            -0.007987245917320251,
            0.0059401653707027435
        ],
        [
            0.034238051623106,
            0.04433675855398178,
            -0.03348731994628906
        ],
        [
            0.06277594715356827,
            0.00978897511959076,
            -0.012231385335326195
        ],
        [
            0.07122953236103058,
            -0.00020404905080795288,
            -0.005820900201797485
        ],
        [
            0.07761867344379425,
            -0.008551441133022308,
            -0.0010197460651397705
        ],
        [
            0.08144304901361465,
            -0.014894701540470123,
            0.002848651260137558
        ],
        [
            0.07790905237197876,
            -0.013529732823371887,
            0.010119091719388962
        ],
        [
            0.03642238676548004,
            0.07849211990833282,
            -0.06719405204057693
        ],
        [
            0.03146325424313545,
            0.08358635008335114,
            -0.061983007937669754
        ],
        [
            0.08040192723274231,
            -0.020995207130908966,
            0.014699235558509827
        ],
        [
            0.08474155515432358,
            -0.02175242453813553,
            0.006475634872913361
        ],
        [
            0.07479843497276306,
            0.0008397325873374939,
            -0.014308322221040726
        ],
        [
            0.08073493838310242,
            0.0036255791783332825,
            -0.024466581642627716
        ],
        [
            0.06661473214626312,
            0.010673318058252335,
            -0.020093154162168503
        ],
        [
            0.07145965099334717,
            0.01388217881321907,
            -0.03053351491689682
        ],
        [
            0.03774464130401611,
            0.03935489058494568,
            -0.04248196631669998
        ],
        [
            0.032185330986976624,
            0.10225580632686615,
            -0.05716957151889801
        ],
        [
            0.03138689324259758,
            0.09047364443540573,
            -0.05692392215132713
        ],
        [
            0.03582146391272545,
            0.08995600044727325,
            -0.0531112439930439
        ],
        [
            0.033846743404865265,
            0.10073617100715637,
            -0.053320687264204025
        ],
        [
            0.033372145146131516,
            0.08384953439235687,
            -0.05520010367035866
        ],
        [
            0.031158624216914177,
            0.08989374339580536,
            -0.06266982853412628
        ],
        [
            0.08236562460660934,
            0.02078048512339592,
            -0.04089285805821419
        ],
        [
            0.05016902834177017,
            0.06750655919313431,
            -0.04601183533668518
        ],
        [
            0.09588561952114105,
            0.012054890394210815,
            -0.03454212844371796
        ],
        [
            0.09237762540578842,
            0.034322671592235565,
            -0.049822207540273666
        ],
        [
            0.10361648350954056,
            0.029535681009292603,
            -0.04342356324195862
        ],
        [
            0.11076420545578003,
            0.0038007795810699463,
            -0.02764016017317772
        ],
        [
            0.11466565728187561,
            0.019942112267017365,
            -0.0350564643740654
        ],
        [
            0.11172756552696228,
            -0.011554665863513947,
            -0.016230139881372452
        ],
        [
            0.10946770012378693,
            -0.00458681583404541,
            -0.02162947878241539
        ],
        [
            0.11730296909809113,
            0.03849753364920616,
