{
    "pred_cam": [
        10.312982559204102,
        0.06100868433713913,
        -0.058627884835004807
    ],
    "pred_mano_params": {
        "global_orient": [
            [
                [
                    0.6214709877967834,
                    -0.337758868932724,
                    0.7068895101547241
                ],
                [
                    -0.47056615352630615,
                    -0.882329523563385,
                    -0.007881603203713894
                ],
                [
                    0.6263715624809265,
                    -0.3277400732040405,
                    -0.7072800993919373
                ]
            ]
        ],
        "hand_pose": [
            [
                [
                    0.8917579054832458,
                    -0.3345344364643097,
                    -0.304720401763916
                ],
                [
                    0.31368085741996765,
                    0.942346453666687,
                    -0.11656557023525238
                ],
                [
                    0.3261473774909973,
                    0.008363304659724236,
                    0.9452819228172302
                ]
            ],
            [
                [
                    0.5153700113296509,
                    -0.7900637984275818,
                    0.33195337653160095
                ],
                [
                    0.8523397445678711,
                    0.5127716660499573,
                    -0.10286993533372879
                ],
                [
                    -0.08894248306751251,
                    0.33595311641693115,
                    0.9376699328422546
                ]
            ],
            [
                [
                    0.6623465418815613,
                    -0.7490077018737793,
                    0.016865959390997887
                ],
                [
                    0.7480475902557373,
                    0.6599153280258179,
                    -0.0702601745724678
                ],
                [
                    0.04149531200528145,
                    0.05915312469005585,
                    0.99738609790802
                ]
            ],
            [
                [
                    0.7928304076194763,
                    -0.5629280805587769,
                    -0.23352119326591492
                ],
                [
                    0.5641451478004456,
                    0.8228512406349182,
                    -0.06823642551898956
                ],
                [
                    0.2305653691291809,
                    -0.07763992995023727,
                    0.9699546694755554
                ]
            ],
            [
                [
                    0.7599754333496094,
                    -0.6371190547943115,
                    -0.12851715087890625
                ],
                [
                    0.641800582408905,
                    0.7044098377227783,
                    0.3031480610370636
                ],
                [
                    -0.10261266678571701,
                    -0.3128674626350403,
                    0.9442375898361206
                ]
            ],
            [
                [
                    0.8890378475189209,
                    -0.43548503518104553,
                    -0.14129580557346344
                ],
                [
                    0.44914188981056213,
                    0.8894365429878235,
                    0.0847010463476181
                ],
                [
                    0.08878760039806366,
                    -0.13876430690288544,
                    0.9863373041152954
                ]
            ],
            [
                [
                    0.5705112814903259,
                    -0.7410061359405518,
                    0.35415640473365784
                ],
                [
                    0.6928984522819519,
                    0.665777862071991,
                    0.27682414650917053
                ],
                [
                    -0.44091787934303284,
                    0.08746311813592911,
                    0.8932757377624512
                ]
            ],
            [
                [
                    0.8801937103271484,
                    -0.4299947917461395,
                    -0.20090672373771667
                ],
                [
                    0.4745993912220001,
                    0.8008102178573608,
                    0.3653196692466736
                ],
                [
                    0.003802594030275941,
                    -0.4169022738933563,
                    0.9089433550834656
                ]
            ],
            [
                [
                    0.8903722763061523,
                    -0.43067917227745056,
                    0.14748769998550415
                ],
                [
                    0.3815189003944397,
                    0.8827009797096252,
                    0.27437618374824524
                ],
                [
                    -0.2483556568622589,
                    -0.18802759051322937,
                    0.9502447247505188
                ]
            ],
            [
                [
                    0.7332081198692322,
                    -0.6793350577354431,
                    0.030163682997226715
                ],
                [
                    0.6798028349876404,
                    0.7311891317367554,
                    -0.05683831498026848
                ],
                [
                    0.01655690371990204,
                    0.06217966228723526,
                    0.997927725315094
                ]
            ],
            [
                [
                    0.8592348694801331,
                    -0.4983978569507599,
                    -0.11539047956466675
                ],
                [
                    0.4927425980567932,
                    0.7456207871437073,
                    0.44861385226249695
                ],
                [
                    -0.13755066692829132,
                    -0.4423224627971649,
                    0.8862452507019043
                ]
            ],
            [
                [
                    0.8338829874992371,
                    -0.4624747931957245,
                    -0.30125781893730164
                ],
                [
                    0.5367664694786072,
                    0.8066123723983765,
                    0.24750420451164246
                ],
                [
                    0.12853381037712097,
                    -0.36809465289115906,
                    0.9208613038063049
                ]
            ],
            [
                [
                    0.9675459265708923,
                    -0.16366708278656006,
                    0.19253045320510864
                ],
                [
                    0.23679779469966888,
                    0.32126519083976746,
                    -0.916905403137207
                ],
                [
                    0.08821389079093933,
                    0.9327388405799866,
                    0.3495948314666748
                ]
            ],
            [
                [
                    0.9428657293319702,
                    -0.3064798414707184,
                    -0.130668506026268
                ],
                [
                    0.31985005736351013,
                    0.7228454351425171,
                    0.6125279068946838
                ],
                [
                    -0.09327434748411179,
                    -0.6193259358406067,
                    0.7795737981796265
                ]
            ],
            [
                [
                    0.9308772683143616,
                    0.34320223331451416,
                    -0.1252184808254242
                ],
                [
                    -0.3197638988494873,
                    0.9311818480491638,
                    0.17507538199424744
                ],
                [
                    0.17668743431568146,
                    -0.12293335050344467,
                    0.9765596985816956
                ]
            ]
        ],
        "betas": [
            0.005907922983169556,
            -0.11030039191246033,
            -0.062091171741485596,
            -0.022062867879867554,
            0.0061769187450408936,
            -0.025702673941850662,
            0.054900795221328735,
            -0.05200377106666565,
            -0.0032295584678649902,
            -0.05532395839691162
        ]
    },
    "pred_cam_t": [
        -0.06100868433713913,
        -0.058627884835004807,
        3.7877016067504883
    ],
    "focal_length": [
        5000.0,
        5000.0
    ],
    "pred_keypoints_3d": [
        [
            0.09574952721595764,
            0.0063802823424339294,
            0.00621413579210639
        ],
        [
            0.10423611849546432,
            0.031156297773122787,
            -0.021993480622768402
        ],
        [
            0.10912799835205078,
            0.060991089791059494,
            -0.027761878445744514
        ],
        [
            0.10713113844394684,
            0.08754295110702515,
            -0.0329001359641552
        ],
        [
            0.10041951388120651,
            0.11559967696666718,
            -0.05458468571305275
        ],
        [
            0.057284533977508545,
            0.05225732550024986,
            -0.061773836612701416
        ],
        [
            0.034134391695261,
            0.072938933968544,
            -0.0730803981423378
        ],
        [
            0.03798406571149826,
            0.09376765787601471,
            -0.06634785979986191
        ],
        [
            0.05073569715023041,
            0.10485920310020447,
            -0.047953978180885315
        ],
        [
            0.034996550530195236,
            0.05229208618402481,
            -0.050167471170425415
        ],
        [
            0.016100995242595673,
            0.07776415348052979,
            -0.051368482410907745
        ],
        [
            0.019541461020708084,
            0.09941400587558746,
            -0.04344421625137329
        ],
        [
            0.02942800335586071,
            0.11991222202777863,
            -0.031046906486153603
        ],
        [
            0.027387917041778564,
            0.04858167842030525,
            -0.024870021268725395
        ],
        [
            0.015557220205664635,
            0.07456346601247787,
            -0.02937224507331848
        ],
        [
            0.019288038834929466,
            0.09732591360807419,
            -0.020152920857071877
        ],
        [
            0.030292415991425514,
            0.11430299282073975,
            -0.004059283062815666
        ],
        [
            0.025768131017684937,
            0.047899339348077774,
            -0.0031574969179928303
        ],
        [
            0.019498111680150032,
            0.06805439293384552,
            -0.004515893757343292
        ],
        [
            0.022187236696481705,
            0.08492235094308853,
            0.0037771444767713547
        ],
        [
            0.0325259193778038,
            0.09798407554626465,
            0.01187834795564413
        ]
    ],
    "pred_vertices": [
        [
            0.08225121349096298,
            0.04604781046509743,
            -0.030768919736146927
        ],
        [
            0.08831985294818878,
            0.04251636937260628,
            -0.023147758096456528
        ],
        [
            0.09045178443193436,
            0.05088095739483833,
            -0.026428554207086563
        ],
        [
            0.08496195077896118,
            0.0526668019592762,
            -0.03646402806043625
        ],
        [
            0.10420352220535278,
            0.045615341514348984,
            -0.008047908544540405
        ],
        [
            0.11556769907474518,
            0.042368412017822266,
            -0.009307626634836197
        ],
        [
            0.1149420514702797,
            0.05724826455116272,
            -0.01420767605304718
        ],
        [
            0.10576207935810089,
            0.05854014307260513,
            -0.010894775390625
        ],
        [
            0.08706836402416229,
            0.05760650336742401,
            -0.040525104850530624
        ],
        [
            0.09233500808477402,
            0.05810313671827316,
            -0.028473034501075745
        ],
        [
            0.08967309445142746,
            0.05861937999725342,
            -0.04121440649032593
        ],
        [
            0.0817432627081871,
            0.05023474618792534,
            -0.05609515681862831
        ],
        [
            0.08083388209342957,
            0.05361111834645271,
            -0.05163711681962013
        ],
        [
            0.07440324127674103,
            0.04774634540081024,
            -0.0630670040845871
        ],
        [
            0.08373990654945374,
            0.039695605635643005,
            -0.056706979870796204
        ],
        [
            0.06930510699748993,
            0.03958005830645561,
            -0.06393090635538101
        ],
        [
            0.06500916182994843,
            0.018932104110717773,
            -0.04186307638883591
        ],
        [
            0.05759270489215851,
            0.016214892268180847,
            -0.0304802767932415
        ],
        [
            0.045797791332006454,
            0.024719558656215668,
            -0.039494406431913376
        ],
        [
            0.05479808896780014,
            0.027231931686401367,
            -0.04970526695251465
        ],
        [
            0.04112130403518677,
            0.023041509091854095,
            -0.019296422600746155
        ],
        [
            0.04294612258672714,
            0.024304334074258804,
            -0.030899126082658768
        ],
        [
            0.05435279756784439,
            0.014720913022756577,
            -0.022203536704182625
        ],
        [
            0.05229569971561432,
            0.014256827533245087,
            -0.012188106775283813
        ],
        [
            0.07691483944654465,
            0.03842145577073097,
            -0.017042353749275208
        ],
        [
            0.08334322273731232,
            0.0343136340379715,
            -0.01027604565024376
        ],
        [
            0.08507107943296432,
            0.03586430847644806,
            -0.01637483388185501
        ],
        [
            0.07933123409748077,
            0.04009663313627243,
            -0.022175662219524384
        ],
        [
            0.10085462033748627,
            0.06465107202529907,
            -0.03946651518344879
        ],
        [
            0.10013711452484131,
            0.04888574033975601,
            -0.046138912439346313
        ],
        [
            0.09347674250602722,
            0.05327959731221199,
            -0.045818861573934555
        ],
        [
            0.09779933840036392,
            0.06719814240932465,
            -0.03540791571140289
        ],
        [
            0.09649658203125,
            0.028389444574713707,
            0.016031306236982346
        ],
        [
            0.103526771068573,
            0.017447814345359802,
            0.01985631138086319
        ],
        [
            0.10692004859447479,
            0.01709454506635666,
            0.01497986912727356
        ],
        [
            0.09941966831684113,
            0.026704823598265648,
            0.012111984193325043
        ],
        [
            0.11579953879117966,
            0.024435535073280334,
            -0.002271980047225952
        ],
        [
            0.11815664172172546,
            0.015475679188966751,
            0.0010107383131980896
        ],
        [
            0.12492910027503967,
            0.006305467337369919,
            -0.005497545003890991
        ],
        [
            0.12318302690982819,
            0.014357976615428925,
            -0.011484146118164062
        ],
        [
            0.11492949724197388,
            0.03344516083598137,
            -0.006397627294063568
        ],
        [
            0.12296798825263977,
            0.02635423094034195,
            -0.01436525583267212
        ],
        [
            0.1224382221698761,
            0.03745370730757713,
            -0.016785144805908203
        ],
        [
            0.12028133869171143,
            0.05434801056981087,
            -0.021052293479442596
        ],
        [
            0.09494616091251373,
            0.015247739851474762,
            0.029126275330781937
        ],
        [
            0.08881822228431702,
            0.023337408900260925,
            0.027941830456256866
        ],
        [
            0.0462803915143013,
            0.0779581367969513,
            -0.06866651773452759
        ],
        [
            0.04310949146747589,
            0.07833320647478104,
            -0.06344961374998093
        ],
        [
            0.044425927102565765,
            0.07671961188316345,
            -0.06322703510522842
        ],
        [
            0.04695664718747139,
            0.07685105502605438,
            -0.06856658309698105
        ],
        [
            0.07698093354701996,
            0.006003867834806442,
            0.029171189293265343
        ],
        [
            0.07335151731967926,
            -0.0020491667091846466,
            0.024335049092769623
        ],
        [
            0.07808949053287506,
            -0.004501990973949432,
            0.029301989823579788
        ],
        [
            0.08295519649982452,
            0.002834424376487732,
            0.03256987780332565
        ],
        [
            0.06916256994009018,
            0.010245483368635178,
            0.024606917053461075
        ],
        [
            0.06729553639888763,
            0.0019049867987632751,
            0.01726747304201126
        ],
        [
            0.038262367248535156,
            0.07826969027519226,
            -0.07879112660884857
        ],
        [
            0.0431259460747242,
            0.0788242518901825,
            -0.07702218741178513
        ],
        [
            0.042836032807826996,
            0.07491745054721832,
            -0.07780861109495163
        ],
        [
            0.03807748854160309,
            0.07290300726890564,
            -0.07859126478433609
        ],
        [
            0.07929042726755142,
            0.05316958948969841,
            -0.04532685875892639
        ],
        [
            0.07648663222789764,
            0.0499243289232254,
            -0.0371783971786499
        ],
        [
            0.06557814031839371,
            0.05896900221705437,
            -0.05594731867313385
        ],
        [
            0.06899075210094452,
            0.05432692915201187,
            -0.04797836020588875
        ],
        [
            0.07382403314113617,
            0.05393748730421066,
            -0.053253479301929474
        ],
        [
            0.0697670429944992,
            0.056532956659793854,
            -0.06001035496592522
        ],
        [
            0.05909881368279457,
            0.04805724695324898,
            -0.027212128043174744
        ],
        [
            0.06719115376472473,
            0.042415350675582886,
            -0.020863253623247147
        ],
        [
            0.06949661672115326,
            0.04402004927396774,
            -0.026960186660289764
        ],
        [
            0.061919040977954865,
            0.050887491554021835,
            -0.03488246351480484
        ],
        [
            0.06150354817509651,
            0.04279423505067825,
            -0.007898550480604172
        ],
        [
            0.053822584450244904,
            0.04788786917924881,
            -0.015351714566349983
        ],
        [
            0.05145413428544998,
            0.047418560832738876,
            -0.007113981992006302
        ],
        [
            0.05773094296455383,
            0.044780004769563675,
            -0.0029525645077228546
        ],
        [
            0.04274000599980354,
            0.05586368218064308,
            -0.030850593000650406
        ],
        [
            0.038170501589775085,
            0.05805841460824013,
            -0.03521992266178131
        ],
        [
            0.036176227033138275,
            0.05925895273685455,
            -0.03196268528699875
        ],
        [
            0.04125690832734108,
            0.055355772376060486,
            -0.0274057574570179
        ],
        [
            0.08267997205257416,
            -0.007910821586847305,
            0.033498283475637436
        ],
        [
            0.08896874636411667,
            -0.0005302242934703827,
            0.034945011138916016
        ],
        [
            0.036836691200733185,
            0.02473250776529312,
            0.002026820555329323
        ],
        [
            0.040468618273735046,
            0.02837122231721878,
            0.011964702978730202
        ],
        [
            0.029539091512560844,
            0.03517893701791763,
            0.0076468754559755325
        ],
        [
            0.02810460887849331,
            0.02913510426878929,
            -0.002213330939412117
        ],
        [
            0.07326408475637436,
            -0.007259443402290344,
            0.015384189784526825
        ],
        [
            0.07636183500289917,
            -0.010777093470096588,
            0.021665677428245544
        ],
        [
            0.03238057717680931,
            0.07753065973520279,
            -0.07680076360702515
        ],
        [
            0.032517820596694946,
            0.07190209627151489,
            -0.076150082051754
        ],
        [
            0.12214319407939911,
            0.028413869440555573,
            -0.02718624472618103
        ],
        [
            0.12070979177951813,
            0.0501948781311512,
            -0.030037466436624527
        ],
        [
            0.12187110632658005,
            0.01356135681271553,
            -0.02211129665374756
        ],
        [
            0.12068099528551102,
            0.0038626939058303833,
            -0.017141368240118027
        ],
        [
            0.12239640951156616,
            -0.0033673644065856934,
            -0.012152004987001419
        ],
        [
            0.06291349232196808,
            0.05581556260585785,
            -0.04557555541396141
        ],
        [
            0.07504051923751831,
            0.04483792930841446,
            -0.02937985770404339
        ],
        [
            0.07476568222045898,
            0.037822823971509933,
            -0.01227286085486412
        ],
        [
            0.059608399868011475,
            0.042324673384428024,
            0.014238471165299416
        ],
        [
            0.06749185919761658,
            0.03790436312556267,
            0.019709186628460884
        ],
        [
            0.07047680020332336,
            0.040696777403354645,
            0.009824097156524658
        ],
        [
            0.06268786638975143,
            0.04345783218741417,
            0.006882805377244949
        ],
        [
            0.04381509870290756,
            0.0365414097905159,
            0.01633898913860321
        ],
        [
            0.047661639750003815,
            0.04309476539492607,
            0.013559272512793541
        ],
        [
            0.04042826592922211,
            0.04644531011581421,
            0.009385190904140472
        ],
        [
            0.03497961908578873,
            0.04117310792207718,
            0.011746292933821678
        ],
        [
            0.10799452662467957,
            0.06427481025457382,
            -0.04190479964017868
        ],
        [
            0.10727843642234802,
            0.04616027697920799,
            -0.045258939266204834
        ],
        [
            0.08290864527225494,
            0.01457681879401207,
            0.031020257622003555
        ],
        [
            0.08951209485530853,
            0.010556995868682861,
            0.03216550499200821
        ],
        [
            0.09491898864507675,
            0.004382293671369553,
            0.03439158946275711
        ],
        [
            0.09077945351600647,
            0.03155887499451637,
            0.0017490796744823456
        ],
        [
            0.1014186218380928,
            0.025539129972457886,
            0.009317558258771896
        ],
        [
            0.10304131358861923,
            0.02594972774386406,
            0.00522647425532341
        ],
        [
            0.09124159812927246,
            0.03066975064575672,
            -0.0022278502583503723
        ],
        [
            0.09349031001329422,
            0.0388047993183136,
            -0.013076096773147583
        ],
        [
            0.102899469435215,
            0.034862734377384186,
            -0.005027700215578079
        ],
        [
            0.09470083564519882,
            0.048904407769441605,
            -0.014385584741830826
        ],
        [
            0.11250615119934082,
            0.015553586184978485,
            0.009223110973834991
        ],
        [
            0.11373861879110336,
            0.010475337505340576,
            0.01903299242258072
        ],
        [
            0.11892455816268921,
            0.009106628596782684,
            0.011919233947992325
        ],
        [
            0.10723382234573364,
            0.009542066603899002,
            0.026300348341464996
        ],
        [
            0.1006326973438263,
            0.007673297077417374,
            0.03196374326944351
        ],
        [
            0.07911345362663269,
            -0.017052486538887024,
            0.02671394869685173
        ],
        [
            0.12245228886604309,
            0.007306884974241257,
            0.004604049026966095
        ],
        [
            0.10730119049549103,
            0.06735701858997345,
            -0.015355154871940613
        ],
        [
            0.10883347690105438,
            0.07532291114330292,
            -0.0195375457406044
        ],
        [
            0.10186000168323517,
            0.0741075724363327,
            -0.021292654797434807
        ],
        [
            0.09982668608427048,
            0.06673241406679153,
            -0.018254637718200684
        ],
        [
            0.06593089550733566,
            0.04883323609828949,
            -0.06920944154262543
        ],
        [
            0.0693138986825943,
            0.05426773056387901,
            -0.06538951396942139
        ],
        [
            0.07684203237295151,
            0.05183142051100731,
            -0.05875491723418236
        ],
        [
            0.08636103570461273,
            0.03397483378648758,
            0.014939405024051666
        ],
        [
            0.08036081492900848,
            0.029577037319540977,
            0.025147542357444763
        ],
        [
            0.059355996549129486,
            0.06008606776595116,
            -0.05364405736327171
        ],
        [
            0.03891512006521225,
            0.06858687102794647,
            -0.07886829972267151
        ],
        [
            0.044234275817871094,
            0.07133640348911285,
            -0.07830014824867249
        ],
        [
            0.054367318749427795,
            0.05867664888501167,
            -0.0749734491109848
        ],
        [
            0.04853877052664757,
            0.055017486214637756,
            -0.07557618618011475
        ],
        [
            0.0483233742415905,
            0.05979239568114281,
            -0.056195858865976334
        ],
        [
            0.0549517460167408,
            0.06170666962862015,
            -0.055918239057064056
        ],
        [
            0.05213875696063042,
            0.0620918944478035,
            -0.05665202811360359
        ],
        [
            0.04569612443447113,
            0.06124003976583481,
            -0.05547729879617691
        ],
        [
            0.03509214147925377,
            0.05750241503119469,
            -0.022880954667925835
        ],
        [
            0.03968311846256256,
            0.05419885739684105,
            -0.018939554691314697
        ],
        [
            0.045399803668260574,
            0.03834594786167145,
            -0.05585267022252083
        ],
        [
            0.05439060181379318,
            0.035467468202114105,
            -0.06540200114250183
        ],
        [
            0.06287970393896103,
            0.03093823418021202,
            -0.05868285149335861
        ],
        [
            0.05654925853013992,
            0.04723513871431351,
            -0.020239301025867462
        ],
        [
            0.048898786306381226,
            0.0522952675819397,
            -0.025286460295319557
        ],
        [
            0.04707767814397812,
            0.05191200226545334,
            -0.021561847999691963
        ],
        [
            0.05813141539692879,
            0.05682753026485443,
            -0.04537669196724892
        ],
        [
            0.05391145497560501,
            0.05962686613202095,
            -0.05109843611717224
        ],
        [
            0.052425894886255264,
            0.05773879587650299,
            -0.046541210263967514
        ],
        [
            0.05606149137020111,
            0.05504804849624634,
            -0.040512435138225555
        ],
        [
            0.05035252869129181,
            0.020890463143587112,
            0.016870740801095963
        ],
        [
            0.05393240228295326,
            0.0305577851831913,
            0.02221609465777874
        ],
        [
            0.046191781759262085,
            0.0784534439444542,
            -0.07347962260246277
        ],
        [
            0.04632487893104553,
            0.07633785158395767,
            -0.07399915158748627
        ],
        [
            0.06455399841070175,
            0.04174814745783806,
            -0.01416328176856041
        ],
        [
            0.07264267653226852,
            0.024915073066949844,
            -0.05004570633172989
        ],
        [
            0.0725969597697258,
            0.03768347203731537,
            -0.007172606885433197
        ],
        [
            0.02633010409772396,
            0.03966306895017624,
            -0.018535401672124863
        ],
        [
            0.02690046653151512,
            0.04698880761861801,
            -0.014024956151843071
        ],
        [
            0.02498200535774231,
            0.05100744217634201,
            -0.01720629446208477
        ],
        [
            0.022496525198221207,
            0.04699837416410446,
            -0.021399198099970818
        ],
        [
            0.036322638392448425,
            0.0705033540725708,
            -0.05869397521018982
        ],
        [
            0.040935806930065155,
            0.07400700449943542,
            -0.05911729857325554
        ],
        [
            0.0395667590200901,
            0.07543709129095078,
            -0.059484343975782394
        ],
        [
            0.03385192155838013,
            0.0736289843916893,
            -0.05966923013329506
        ],
        [
            0.059874989092350006,
            0.0620429590344429,
            -0.059060126543045044
        ],
        [
            0.06395135819911957,
            0.0604238323867321,
            -0.06381873041391373
        ],
        [
            0.058698419481515884,
            0.0642271414399147,
            -0.06508982926607132
        ],
        [
            0.055368345230817795,
            0.06388479471206665,
            -0.06021757796406746
        ],
        [
            0.0626482218503952,
            0.05758904293179512,
            -0.06934671103954315
        ],
        [
            0.05814367160201073,
            0.061767496168613434,
            -0.07092374563217163
        ],
        [
            0.03191078454256058,
            0.06727240979671478,
            -0.062248799949884415
        ],
        [
            0.030735835433006287,
            0.06595494598150253,
            -0.06974656879901886
        ],
        [
            0.039221420884132385,
            0.05296313762664795,
            -0.06532174348831177
        ],
        [
            0.03985092043876648,
            0.05779363960027695,
            -0.05922665446996689
        ],
        [
            0.06228647381067276,
            0.004735168069601059,
            -0.0058672018349170685
        ],
        [
            0.059051934629678726,
            0.006370101124048233,
            0.004675723612308502
        ],
        [
            0.04884887486696243,
            0.015751104801893234,
            -0.0013608969748020172
        ],
        [
            0.03778544440865517,
            0.024014469236135483,
            -0.007200412452220917
        ],
        [
            0.028458215296268463,
            0.032635562121868134,
            -0.013528196141123772
        ],
        [
            0.030911866575479507,
            0.029660530388355255,
            -0.025113901123404503
        ],
        [
            0.04800403118133545,
            0.016591157764196396,
            0.006744403392076492
        ],
        [
            0.0435490645468235,
            0.053102388978004456,
            -0.05618204548954964
        ],
        [
            0.045359209179878235,
            0.04539239779114723,
            -0.06184976175427437
        ],
        [
            0.04261522367596626,
            0.04653900861740112,
            -0.057239826768636703
        ],
        [
            0.06977762281894684,
            0.039365075528621674,
            -0.00046578049659729004
        ],
        [
            0.04769030213356018,
            0.073982372879982,
            -0.07499353587627411
        ],
        [
            0.10223917663097382,
            -0.010937638580799103,
            -0.016178827732801437
        ],
        [
            0.09183135628700256,
            -0.014626841992139816,
            -0.008119538426399231
        ],
        [
            0.08851166069507599,
            -0.008837077766656876,
            -0.013883281499147415
        ],
        [
            0.10062551498413086,
            -0.003629293292760849,
            -0.022798314690589905
        ],
        [
            0.04601626843214035,
            0.07637310028076172,
            -0.06352241337299347
        ],
        [
            0.04888831451535225,
            0.07610827684402466,
            -0.06914395838975906
        ],
        [
            0.03596610575914383,
            0.054815977811813354,
            -0.013350533321499825
        ],
        [
            0.032157428562641144,
            0.057241812348365784,
            -0.017879746854305267
        ],
        [
            0.028606612235307693,
            0.056363921612501144,
            -0.016331717371940613
        ],
        [
            0.031093107536435127,
            0.05630844458937645,
            -0.010158812627196312
        ],
        [
            0.05893176794052124,
            0.007060009986162186,
            0.010594505816698074
        ],
        [
            0.024358302354812622,
            0.04222247004508972,
            0.00487324595451355
        ],
        [
            0.022932380437850952,
            0.03629862517118454,
            -0.003966467455029488
        ],
        [
            0.0680324137210846,
            -0.0018893443048000336,
            0.009512241929769516
        ],
        [
            0.07057212293148041,
            -0.0039443522691726685,
            0.0002925172448158264
        ],
        [
            0.07623991370201111,
            -0.010138534009456635,
            0.005238737910985947
        ],
        [
            0.03327547758817673,
            0.03585614636540413,
            -0.03895384818315506
        ],
        [
            0.06383629888296127,
            0.005478698760271072,
            -0.014362871646881104
        ],
        [
            0.07280497252941132,
            -0.003258027136325836,
            -0.007000043988227844
        ],
        [
            0.07967235147953033,
            -0.010644666850566864,
            -0.0014360658824443817
        ],
        [
            0.08386621624231339,
            -0.016372397541999817,
            0.0029320791363716125
        ],
        [
            0.07975207269191742,
            -0.01511470228433609,
            0.00985143706202507
        ],
        [
            0.03397418558597565,
            0.06682546436786652,
            -0.07517784833908081
        ],
        [
            0.02792205661535263,
            0.07163440436124802,
            -0.07053743302822113
        ],
        [
            0.08268146961927414,
            -0.02207617089152336,
            0.014891549944877625
        ],
        [
            0.08760704100131989,
            -0.022674746811389923,
            0.007049813866615295
        ],
        [
            0.07680024951696396,
            -0.002152819186449051,
            -0.01522420346736908
        ],
        [
            0.08291849493980408,
            0.0007810182869434357,
            -0.02504264935851097
        ],
        [
            0.06804825365543365,
            0.006451882421970367,
            -0.02193642407655716
        ],
        [
            0.07313671708106995,
            0.009717278182506561,
            -0.03211755305528641
        ],
        [
            0.03776013106107712,
            0.030858229845762253,
            -0.047513801604509354
        ],
        [
            0.029165074229240417,
            0.09019409120082855,
            -0.06538650393486023
        ],
        [
            0.027715202420949936,
            0.07861599326133728,
            -0.06528575718402863
        ],
        [
            0.0319487527012825,
            0.0780615359544754,
            -0.06122326850891113
        ],
        [
            0.03056962974369526,
            0.08857651054859161,
            -0.06152941659092903
        ],
        [
            0.029487479478120804,
            0.07224533706903458,
            -0.06334954500198364
        ],
        [
            0.027813280001282692,
            0.07782238721847534,
            -0.07108747214078903
        ],
        [
            0.08359995484352112,
            0.017202090471982956,
            -0.04202995449304581
        ],
        [
            0.04759080335497856,
            0.059912413358688354,
            -0.051429539918899536
        ],
        [
            0.09730499982833862,
            0.010106552392244339,
            -0.034629933536052704
        ],
        [
            0.09261086583137512,
            0.031298454850912094,
            -0.051082611083984375
        ],
        [
            0.10374093055725098,
            0.027760088443756104,
            -0.04413703829050064
        ],
        [
            0.11245416849851608,
            0.0036745816469192505,
            -0.026702336966991425
        ],
        [
            0.11505719274282455,
            0.019497007131576538,
            -0.0350845605134964
        ],
        [
            0.11465507745742798,
            -0.010638494044542313,
            -0.014232680201530457
        ],
        [
            0.11190569400787354,
            -0.004311293363571167,
            -0.020178943872451782
        ],
        [
            0.1162746250629425,
            0.0380202941596508,
