{
    "pred_cam": [
        10.01168155670166,
        0.13374294340610504,
        -0.03404362499713898
    ],
    "pred_mano_params": {
        "global_orient": [
            [
                [
                    -0.5459744334220886,
                    0.006924597546458244,
                    -0.8377732038497925
                ],
                [
                    -0.053781475871801376,
                    -0.998193085193634,
                    0.026798689737915993
                ],
                [
                    -0.8360738158226013,
                    0.059688080102205276,
                    0.5453603267669678
                ]
            ]
        ],
        "hand_pose": [
            [
                [
                    0.8464548587799072,
                    -0.46642258763313293,
                    -0.25683483481407166
                ],
                [
                    0.47525733709335327,
                    0.879315972328186,
                    -0.030560187995433807
                ],
                [
                    0.2400929182767868,
                    -0.09619481861591339,
                    0.9659720659255981
                ]
            ],
            [
                [
                    0.6545760035514832,
                    -0.7427314519882202,
                    0.14099736511707306
                ],
                [
                    0.7423623204231262,
                    0.5962322950363159,
                    -0.3056226372718811
                ],
                [
                    0.142928346991539,
                    0.3047243356704712,
                    0.9416552186012268
                ]
            ],
            [
                [
                    0.749381422996521,
                    -0.6071458458900452,
                    0.2641994059085846
                ],
                [
                    0.6077402234077454,
                    0.7890731692314148,
                    0.08952819555997849
                ],
                [
                    -0.26282936334609985,
                    0.09347383677959442,
                    0.9603037238121033
                ]
            ],
            [
                [
                    0.6282467842102051,
                    -0.7704444527626038,
                    -0.10826492309570312
                ],
                [
                    0.7777665853500366,
                    0.6184263229370117,
                    0.11237463355064392
                ],
                [
                    -0.01962454244494438,
                    -0.15480384230613708,
                    0.9877502918243408
                ]
            ],
            [
                [
                    0.7690435647964478,
                    -0.6160321831703186,
                    -0.17051774263381958
                ],
                [
                    0.6382800340652466,
                    0.754390299320221,
                    0.15327712893486023
                ],
                [
                    0.034213293343782425,
                    -0.2267148643732071,
                    0.9733600616455078
                ]
            ],
            [
                [
                    0.7980376482009888,
                    -0.5669229626655579,
                    0.204289510846138
                ],
                [
                    0.5587190985679626,
                    0.8231077790260315,
                    0.1016196608543396
                ],
                [
                    -0.22576279938220978,
                    0.03304412588477135,
                    0.973621666431427
                ]
            ],
            [
                [
                    0.24087372422218323,
                    -0.9058626890182495,
                    -0.3484145402908325
                ],
                [
                    0.9037357568740845,
                    0.07844305783510208,
                    0.42084237933158875
                ],
                [
                    -0.3538946807384491,
                    -0.41624459624290466,
                    0.8375553488731384
                ]
            ],
            [
                [
                    0.9668340682983398,
                    -0.2505371868610382,
                    0.04962822049856186
                ],
                [
                    0.25311627984046936,
                    0.9658626317977905,
                    -0.055149152874946594
                ],
                [
                    -0.03411713242530823,
                    0.06588179618120193,
                    0.9972439408302307
                ]
            ],
            [
                [
                    0.9547922015190125,
                    0.21917760372161865,
                    0.20083081722259521
                ],
                [
                    -0.29706546664237976,
                    0.7287622690200806,
                    0.6169745326042175
                ],
                [
                    -0.011130980215966702,
                    -0.6487424373626709,
                    0.7609266042709351
                ]
            ],
            [
                [
                    0.5102431178092957,
                    -0.8533737063407898,
                    -0.10679586976766586
                ],
                [
                    0.8591088652610779,
                    0.5114979147911072,
                    0.017374012619256973
                ],
                [
                    0.039799343794584274,
                    -0.10061424225568771,
                    0.9941292405128479
                ]
            ],
            [
                [
                    0.9034314155578613,
                    -0.421622097492218,
                    -0.07775937020778656
                ],
                [
                    0.40605244040489197,
                    0.7832394242286682,
                    0.4708051085472107
                ],
                [
                    -0.13759762048721313,
                    -0.4569145143032074,
                    0.8788037896156311
                ]
            ],
            [
                [
                    0.7913842797279358,
                    -0.5405672788619995,
                    0.28547826409339905
                ],
                [
                    0.4641670882701874,
                    0.8352383971214294,
                    0.2948315739631653
                ],
                [
                    -0.39781874418258667,
                    -0.10081548243761063,
                    0.9119080901145935
                ]
            ],
            [
                [
                    0.93698650598526,
                    0.12158321589231491,
                    0.3275269567966461
                ],
                [
                    0.17961566150188446,
                    0.6364579796791077,
                    -0.7501063346862793
                ],
                [
                    -0.2996574640274048,
                    0.7616683840751648,
                    0.5745142698287964
                ]
            ],
            [
                [
                    0.9558151960372925,
                    -0.24192751944065094,
                    0.16699786484241486
                ],
                [
                    0.0923411175608635,
                    0.7864167094230652,
                    0.6107551455497742
                ],
                [
                    -0.27908840775489807,
                    -0.5683482885360718,
                    0.7740088701248169
                ]
            ],
            [
                [
                    0.8727715611457825,
                    -0.25140488147735596,
                    -0.41840827465057373
                ],
                [
                    0.0262696985155344,
                    0.8801165819168091,
                    -0.4740302562713623
                ],
                [
                    0.48742160201072693,
                    0.4027286171913147,
                    0.7747450470924377
                ]
            ]
        ],
        "betas": [
            -0.12091413140296936,
            -0.09548881649971008,
            0.07666897773742676,
            -0.001164168119430542,
            -0.07285699248313904,
            -0.05754493921995163,
            -0.0008203089237213135,
            -0.13701626658439636,
            0.0909992977976799,
            -0.059275925159454346
        ]
    },
    "pred_cam_t": [
        -0.13374294340610504,
        -0.03404362499713898,
        3.9016921520233154
    ],
    "focal_length": [
        5000.0,
        5000.0
    ],
    "pred_keypoints_3d": [
        [
            0.09615320712327957,
            0.006412925198674202,
            0.006244694348424673
        ],
        [
            0.08742626011371613,
            0.024119233712553978,
            0.03961598500609398
        ],
        [
            0.07597845792770386,
            0.04602682590484619,
            0.058198317885398865
        ],
        [
            0.06502626836299896,
            0.06401326507329941,
            0.0754304751753807
        ],
        [
            0.0668606385588646,
            0.09252660721540451,
            0.09565774351358414
        ],
        [
            0.12704259157180786,
            0.01690731570124626,
            0.09123829752206802
        ],
        [
            0.14854024350643158,
            0.030476607382297516,
            0.11245374381542206
        ],
        [
            0.1540818214416504,
            0.05197151005268097,
            0.11047696322202682
        ],
        [
            0.14699126780033112,
            0.07332554459571838,
            0.10038107633590698
        ],
        [
            0.15098659694194794,
            0.012880094349384308,
            0.08385224640369415
        ],
        [
            0.16633713245391846,
            0.037638936191797256,
            0.0967743843793869
        ],
        [
            0.16586309671401978,
            0.06058663874864578,
            0.09226523339748383
        ],
        [
            0.15358702838420868,
            0.0820806547999382,
            0.08623304218053818
        ],
        [
            0.16360071301460266,
            0.014040850102901459,
            0.06003547087311745
        ],
        [
            0.1773950308561325,
            0.038159195333719254,
            0.06838877499103546
        ],
        [
            0.17756125330924988,
            0.06266039609909058,
            0.06379654258489609
        ],
        [
            0.16619835793972015,
            0.08485232293605804,
            0.06474215537309647
        ],
        [
            0.1704137623310089,
            0.01895228587090969,
            0.039703670889139175
        ],
        [
            0.17385201156139374,
            0.0396098867058754,
            0.03587564080953598
        ],
        [
            0.1726340502500534,
            0.058129385113716125,
            0.03145447000861168
        ],
        [
            0.16927608847618103,
            0.08223665505647659,
            0.030281828716397285
        ]
    ],
    "pred_vertices": [
        [
            0.10873501747846603,
            0.028431832790374756,
            0.05733644962310791
        ],
        [
            0.10360140353441238,
            0.03066582977771759,
            0.049447182565927505
        ],
        [
            0.09937185794115067,
            0.038086630403995514,
            0.05753099173307419
        ],
        [
            0.10458946228027344,
            0.03385254740715027,
            0.06592156738042831
        ],
        [
            0.09091736376285553,
            0.043701425194740295,
            0.03645104914903641
        ],
        [
            0.08040548115968704,
            0.04216175526380539,
            0.0319756418466568
        ],
        [
            0.07741494476795197,
            0.051600806415081024,
            0.04367519170045853
        ],
        [
            0.08619248867034912,
            0.05341808497905731,
            0.04622405767440796
        ],
        [
            0.09967373311519623,
            0.037589181214571,
            0.07325344532728195
        ],
        [
            0.09577368944883347,
            0.04413701966404915,
            0.06379814445972443
        ],
        [
            0.09267923980951309,
            0.03789475932717323,
            0.07599709928035736
        ],
        [
            0.09996798634529114,
            0.023254645988345146,
            0.08380358666181564
        ],
        [
            0.10460039228200912,
            0.028147362172603607,
            0.08047186583280563
        ],
        [
            0.10702641308307648,
            0.016909198835492134,
            0.08917676657438278
        ],
        [
            0.0957404226064682,
            0.013369400054216385,
            0.0795636773109436
        ],
        [
            0.11003902554512024,
            0.0073616597801446915,
            0.08802151679992676
        ],
        [
            0.11613535135984421,
            -0.006018117070198059,
            0.060468945652246475
        ],
        [
            0.1255420297384262,
            -0.007549276575446129,
            0.05013994127511978
        ],
        [
            0.13713112473487854,
            -0.00646529346704483,
            0.06362851709127426
        ],
        [
            0.12635722756385803,
            -0.004079300910234451,
            0.07249520719051361
        ],
        [
            0.1464330554008484,
            -0.003999007865786552,
            0.04474784433841705
        ],
        [
            0.1419348567724228,
            -0.005316663533449173,
            0.05580075830221176
        ],
        [
            0.1304129660129547,
            -0.007674200460314751,
            0.04235316440463066
        ],
        [
            0.13487374782562256,
            -0.006071813404560089,
            0.03314172849059105
        ],
        [
            0.1164625957608223,
            0.02329593151807785,
            0.04169241711497307
        ],
        [
            0.1114441379904747,
            0.023933926597237587,
            0.033079955726861954
        ],
        [
            0.10857059806585312,
            0.024752382189035416,
            0.03956412523984909
        ],
        [
            0.11312838643789291,
            0.024309702217578888,
            0.04692704975605011
        ],
        [
            0.07668428122997284,
            0.04206635057926178,
            0.07326331734657288
        ],
        [
            0.08047059178352356,
            0.027875680476427078,
            0.07098546624183655
        ],
        [
            0.0867319330573082,
            0.03098835051059723,
            0.07561623305082321
        ],
        [
            0.08042286336421967,
            0.046340011060237885,
            0.07365342974662781
        ],
        [
            0.10385777801275253,
            0.02969040721654892,
            0.004332341253757477
        ],
        [
            0.09526176750659943,
            0.022925015538930893,
            -0.003967761993408203
        ],
        [
            0.090854212641716,
            0.0224785003811121,
            -2.8438866138458252e-05
        ],
        [
            0.099994957447052,
            0.028145454823970795,
            0.007018528878688812
        ],
        [
            0.08025853335857391,
            0.02757759392261505,
            0.017078928649425507
        ],
        [
            0.07682892680168152,
            0.020699970424175262,
            0.010524995625019073
        ],
        [
            0.06589130312204361,
            0.012175350449979305,
            0.012336313724517822
        ],
        [
            0.0681270956993103,
            0.01652463898062706,
            0.020544297993183136
        ],
        [
            0.0814456045627594,
            0.034859463572502136,
            0.024900197982788086
        ],
        [
            0.07017848640680313,
            0.026453565806150436,
            0.026963599026203156
        ],
        [
            0.0714544951915741,
            0.034895434975624084,
            0.0330585315823555
        ],
        [
            0.07038581371307373,
            0.044997088611125946,
            0.044155851006507874
        ],
        [
            0.10510635375976562,
            0.020553331822156906,
            -0.012075550854206085
        ],
        [
            0.11273111402988434,
            0.02570400759577751,
            -0.007386811077594757
        ],
        [
            0.1395689696073532,
            0.04064566642045975,
            0.10820043832063675
        ],
        [
            0.1437462568283081,
            0.04082434996962547,
            0.10358751565217972
        ],
        [
            0.14096882939338684,
            0.03894301876425743,
            0.10257377475500107
        ],
        [
            0.13760006427764893,
            0.038836389780044556,
            0.10731630027294159
        ],
        [
            0.11965306103229523,
            0.00610720831900835,
            -0.012571603059768677
        ],
        [
            0.11965486407279968,
            -0.003762679174542427,
            -0.010094650089740753
        ],
        [
            0.11579940468072891,
            -0.003081096336245537,
            -0.01628763973712921
        ],
        [
            0.11403293162584305,
            0.006131571717560291,
            -0.01770845800638199
        ],
        [
            0.12704551219940186,
            0.006059911102056503,
            -0.00573459267616272
        ],
        [
            0.12465263158082962,
            -0.004120953381061554,
            -0.0012474581599235535
        ],
        [
            0.1452038735151291,
            0.03533380106091499,
            0.11848796904087067
        ],
        [
            0.1410866379737854,
            0.038185641169548035,
            0.11669822782278061
        ],
        [
            0.13940687477588654,
            0.03361775353550911,
            0.1160464882850647
        ],
        [
            0.14337144792079926,
            0.029665665701031685,
            0.1167265772819519
        ],
        [
            0.10939154028892517,
            0.029400549829006195,
            0.07366524636745453
        ],
        [
            0.114128477871418,
            0.027908707037568092,
            0.06487095355987549
        ],
        [
            0.12185396999120712,
            0.02702692523598671,
            0.08618056029081345
        ],
        [
            0.11993647366762161,
            0.02620062232017517,
            0.07719814777374268
        ],
        [
            0.1135445311665535,
            0.025782670825719833,
            0.0813555046916008
        ],
        [
            0.116193488240242,
            0.024949798360466957,
            0.08860687911510468
        ],
        [
            0.13302940130233765,
            0.023096999153494835,
            0.0570870004594326
        ],
        [
            0.12563391029834747,
            0.022504640743136406,
            0.04802872613072395
        ],
        [
            0.12229041755199432,
            0.023043017834424973,
            0.05398307740688324
        ],
        [
            0.12915895879268646,
            0.024522315710783005,
            0.06479068100452423
        ],
        [
            0.13422776758670807,
            0.024500921368598938,
            0.03683013468980789
        ],
        [
            0.14077314734458923,
            0.02431945689022541,
            0.046632036566734314
        ],
        [
            0.14464396238327026,
            0.025374341756105423,
            0.03899534419178963
        ],
        [
            0.13939319550991058,
            0.026418320834636688,
            0.033381082117557526
        ],
        [
            0.14928680658340454,
            0.023733900859951973,
            0.06536116451025009
        ],
        [
            0.1525319218635559,
            0.02366848848760128,
            0.07047407329082489
        ],
        [
            0.15503749251365662,
            0.025273393839597702,
            0.06840527057647705
        ],
        [
            0.15089666843414307,
            0.023930050432682037,
            0.062382858246564865
        ],
        [
            0.11163809895515442,
            -0.0035123080015182495,
            -0.022057868540287018
        ],
        [
            0.10808295011520386,
            0.005714713595807552,
            -0.02199084311723709
        ],
        [
            0.15606699883937836,
            0.002367456443607807,
            0.025653135031461716
        ],
        [
            0.1552378237247467,
            0.009533679112792015,
            0.016972701996564865
        ],
        [
            0.16506652534008026,
            0.012326382100582123,
            0.024713318794965744
        ],
        [
            0.16442278027534485,
            0.002872324548661709,
            0.03260228782892227
        ],
        [
            0.11611087620258331,
            -0.010994348675012589,
            -0.0034012794494628906
        ],
        [
            0.11384212225675583,
            -0.011472782120108604,
            -0.010916009545326233
        ],
        [
            0.15093401074409485,
            0.03273884207010269,
            0.1168699860572815
        ],
        [
            0.14889909327030182,
            0.02738790586590767,
            0.11462271213531494
        ],
        [
            0.06752169132232666,
            0.021901026368141174,
            0.037904635071754456
        ],
        [
            0.0669451355934143,
            0.03663458675146103,
            0.048757877200841904
        ],
        [
            0.06711065024137497,
            0.011422744952142239,
            0.028979294002056122
        ],
        [
            0.06693118810653687,
            0.004577351734042168,
            0.02206314355134964
        ],
        [
            0.06422506272792816,
            0.0005577374249696732,
            0.015378758311271667
        ],
        [
            0.12670980393886566,
            0.026273343712091446,
            0.07617588341236115
        ],
        [
            0.1165044978260994,
            0.025016585364937782,
            0.05584394559264183
        ],
        [
            0.11953900009393692,
            0.023312566801905632,
            0.037304576486349106
        ],
        [
            0.14138080179691315,
            0.029568538069725037,
            0.016123302280902863
        ],
        [
            0.13443243503570557,
            0.029676347970962524,
            0.008395418524742126
        ],
        [
            0.12983448803424835,
            0.030584197491407394,
            0.018127456307411194
        ],
        [
            0.13694070279598236,
            0.029678191989660263,
            0.022957004606723785
        ],
        [
            0.1549363136291504,
            0.019533904269337654,
            0.01473250612616539
        ],
        [
            0.15208035707473755,
            0.026040980592370033,
            0.018579605966806412
        ],
        [
            0.15695072710514069,
            0.025985829532146454,
            0.024275481700897217
        ],
        [
            0.16169573366641998,
            0.020307205617427826,
            0.02163408324122429
        ],
        [
            0.0696370005607605,
            0.04074579477310181,
            0.0703606903553009
        ],
        [
            0.07452695071697235,
            0.026751313358545303,
            0.06592456996440887
        ],
        [
            0.11680763959884644,
            0.01644190400838852,
            -0.012318722903728485
        ],
        [
            0.10980352014303207,
            0.01526215672492981,
            -0.015717357397079468
        ],
        [
            0.10360178351402283,
            0.012012899853289127,
            -0.02071341872215271
        ],
        [
            0.10706083476543427,
            0.02726621925830841,
            0.019684143364429474
        ],
        [
            0.09744098782539368,
            0.02712666243314743,
            0.008927509188652039
        ],
        [
            0.09535419940948486,
            0.02731897681951523,
            0.012679070234298706
        ],
        [
            0.10586616396903992,
            0.026020795106887817,
            0.02316022664308548
        ],
        [
            0.1008787527680397,
            0.03342042863368988,
            0.03901571035385132
        ],
        [
            0.09417805075645447,
            0.03439292684197426,
            0.02720867097377777
        ],
        [
            0.09729275852441788,
            0.04257373511791229,
            0.04680054634809494
        ],
        [
            0.08399331569671631,
            0.02142457291483879,
            0.003899320960044861
        ],
        [
            0.08358462154865265,
            0.019807118922472,
            -0.007127866148948669
        ],
        [
            0.0765826404094696,
            0.018322808668017387,
            -0.0017610788345336914
        ],
        [
            0.0912875086069107,
            0.018706941977143288,
            -0.013252466917037964
        ],
        [
            0.09844669699668884,
            0.016253449022769928,
            -0.018143512308597565
        ],
        [
            0.11087191104888916,
            -0.01486421748995781,
            -0.018154814839363098
        ],
        [
            0.07089948654174805,
            0.01564168743789196,
            0.0039153024554252625
        ],
        [
            0.0813269093632698,
            0.05777100846171379,
            0.05379417538642883
        ],
        [
            0.07541824132204056,
            0.06142629310488701,
            0.059423815459012985
        ],
        [
            0.08071757107973099,
            0.059160955250263214,
            0.06488387286663055
        ],
        [
            0.0867074653506279,
            0.05537054315209389,
            0.0599912628531456
        ],
        [
            0.11494318395853043,
            0.014061853289604187,
            0.09580036252737045
        ],
        [
            0.11415445804595947,
            0.021240197122097015,
            0.09320027381181717
        ],
        [
            0.10758845508098602,
            0.023028094321489334,
            0.08590595424175262
        ],
        [
            0.11450382322072983,
            0.031088318675756454,
            0.008725851774215698
        ],
        [
            0.12162372469902039,
            0.027831368148326874,
            -0.0014338940382003784
        ],
        [
            0.12841586768627167,
            0.02713622711598873,
            0.08532368391752243
        ],
        [
            0.14161409437656403,
            0.02512434311211109,
            0.11532201617956161
        ],
        [
            0.13688777387142181,
            0.0292225182056427,
            0.11496580392122269
        ],
        [
            0.12635156512260437,
            0.019215844571590424,
            0.10565777122974396
        ],
        [
            0.13155782222747803,
            0.014507291838526726,
            0.10619642585515976
        ],
        [
            0.1376081258058548,
            0.023719962686300278,
            0.08915784955024719
        ],
        [
            0.13156090676784515,
            0.027370089665055275,
            0.08859462291002274
        ],
        [
            0.1337488442659378,
            0.02715429477393627,
            0.08979474753141403
        ],
        [
            0.14025866985321045,
            0.02552681788802147,
            0.08958683162927628
        ],
        [
            0.15705114603042603,
            0.025789111852645874,
            0.05929485708475113
        ],
        [
            0.1533563733100891,
            0.02489330619573593,
            0.054311491549015045
        ],
        [
            0.13692763447761536,
            0.0015633050352334976,
            0.08311491459608078
        ],
        [
            0.1251135915517807,
            -0.0009424295276403427,
            0.09011491388082504
        ],
        [
            0.11619897186756134,
            -0.0010166652500629425,
            0.08107130229473114
        ],
        [
            0.1369246393442154,
            0.023373249918222427,
            0.05064258351922035
        ],
        [
            0.14401085674762726,
            0.02398080565035343,
            0.05817541480064392
        ],
        [
            0.1463298350572586,
            0.024038944393396378,
            0.05481554940342903
        ],
        [
            0.1314431130886078,
            0.025796033442020416,
            0.07699030637741089
        ],
        [
            0.13425293564796448,
            0.025822093710303307,
            0.08368964493274689
        ],
        [
            0.13661709427833557,
            0.024300619959831238,
            0.0790042132139206
        ],
        [
            0.13423475623130798,
            0.024784978479146957,
            0.07225421071052551
        ],
        [
            0.14564669132232666,
            0.007189697585999966,
            0.008138321340084076
        ],
        [
            0.14594128727912903,
            0.018784508109092712,
            0.0057093314826488495
        ],
        [
            0.13886381685733795,
            0.03991153836250305,
            0.11292637884616852
        ],
        [
            0.1370113492012024,
            0.03689294680953026,
            0.11235880851745605
        ],
        [
            0.12957675755023956,
            0.02283482626080513,
            0.04191252961754799
        ],
        [
            0.10744629800319672,
            -0.0009377337992191315,
            0.0689561516046524
        ],
        [
            0.12280011177062988,
            0.02390763722360134,
            0.032823845744132996
        ],
        [
            0.16392585635185242,
            0.008206015452742577,
            0.05119292438030243
        ],
        [
            0.16488410532474518,
            0.017927341163158417,
            0.04866491258144379
        ],
        [
            0.16651467978954315,
            0.01958869770169258,
            0.05218416824936867
        ],
        [
            0.16779983043670654,
            0.01397083792835474,
            0.05542435124516487
        ],
        [
            0.14925289154052734,
            0.03179914504289627,
            0.09747757762670517
        ],
        [
            0.14499880373477936,
            0.03596552461385727,
            0.09826700389385223
        ],
        [
            0.14615842700004578,
            0.037262216210365295,
            0.09927002340555191
        ],
        [
            0.15120358765125275,
            0.03383733704686165,
            0.09938602149486542
        ],
        [
            0.12603969871997833,
            0.027880338951945305,
            0.09070558100938797
        ],
        [
            0.12078936398029327,
            0.026049625128507614,
            0.09396537393331528
        ],
        [
            0.12535832822322845,
            0.028158316388726234,
            0.09718339145183563
        ],
        [
            0.12987324595451355,
            0.028546981513500214,
            0.09308188408613205
        ],
        [
            0.11980115622282028,
            0.02153903618454933,
            0.09854235500097275
        ],
        [
            0.12402326613664627,
            0.02403784543275833,
            0.10206867754459381
        ],
        [
            0.15206608176231384,
            0.026758423075079918,
            0.10054676979780197
        ],
        [
            0.15114697813987732,
            0.023112962022423744,
            0.10725574195384979
        ],
        [
            0.1430584043264389,
            0.013638585805892944,
            0.097651407122612
        ],
        [
            0.14463189244270325,
            0.020212221890687943,
            0.09324867278337479
        ],
        [
            0.12437883019447327,
            -0.00963178277015686,
            0.022312302142381668
        ],
        [
            0.13053208589553833,
            -0.0063716936856508255,
            0.013464432209730148
        ],
        [
            0.14132221043109894,
            -0.003009384498000145,
            0.024022046476602554
        ],
        [
            0.1527940332889557,
            -0.0006094109266996384,
            0.034277983009815216
        ],
        [
            0.16231809556484222,
            0.0029108449816703796,
            0.044527530670166016
        ],
        [
            0.1566820591688156,
            -0.00283968448638916,
            0.05413491278886795
        ],
        [
            0.14430612325668335,
            -0.0002200976014137268,
            0.016733624041080475
        ],
        [
            0.1403815597295761,
            0.01484566368162632,
            0.08706339448690414
        ],
        [
            0.13703416287899017,
            0.007455254904925823,
            0.0908176526427269
        ],
        [
            0.14023035764694214,
            0.008261202834546566,
            0.08666208386421204
        ],
        [
            0.12754803895950317,
            0.02635052613914013,
            0.02749677002429962
        ],
        [
            0.13461650907993317,
            0.033163223415613174,
            0.11204355955123901
        ],
        [
            0.08009501546621323,
            -0.013743586838245392,
            0.02006486803293228
        ],
        [
            0.09081132709980011,
            -0.018132276833057404,
            0.013276524841785431
        ],
        [
            0.09404455125331879,
            -0.015530038625001907,
            0.021039269864559174
        ],
        [
            0.08201442658901215,
            -0.00975370965898037,
            0.028494544327259064
        ],
        [
            0.13930383324623108,
            0.03801317512989044,
            0.10217870771884918
        ],
        [
            0.1350301057100296,
            0.03693516552448273,
            0.10696681588888168
        ],
        [
            0.15735875070095062,
            0.02660287544131279,
            0.04962407797574997
        ],
        [
            0.1604740470647812,
            0.0266305860131979,
            0.054534103721380234
        ],
        [
            0.16379530727863312,
            0.025594141334295273,
            0.05221420153975487
        ],
        [
            0.16175879538059235,
            0.028149699792265892,
            0.04703708738088608
        ],
        [
            0.13233798742294312,
            -0.0041304100304841995,
            0.008093781769275665
        ],
        [
            0.16916364431381226,
            0.01836656779050827,
            0.028147924691438675
        ],
        [
            0.16963282227516174,
            0.009722565300762653,
            0.03639952838420868
        ],
        [
            0.12099911272525787,
            -0.00944092683494091,
            0.004716657102108002
        ],
        [
            0.11574141681194305,
            -0.012984409928321838,
            0.012288317084312439
        ],
        [
            0.11001361906528473,
            -0.015425469726324081,
            0.004698507487773895
        ],
        [
            0.15231871604919434,
            0.0005311407148838043,
            0.06855752319097519
        ],
        [
            0.12092079967260361,
            -0.010702867060899734,
            0.030296005308628082
        ],
        [
            0.11195351183414459,
            -0.013582106679677963,
            0.019018307328224182
        ],
        [
            0.10493999719619751,
            -0.016554145142436028,
            0.01026923954486847
        ],
        [
            0.10062111914157867,
            -0.019270075485110283,
            0.0036301538348197937
        ],
        [
            0.10658686608076096,
            -0.017593830823898315,
            -0.0017995685338974
        ],
        [
            0.14690952003002167,
            0.023285988718271255,
            0.11207907646894455
        ],
        [
            0.15418416261672974,
            0.027409646660089493,
            0.10966009646654129
        ],
        [
            0.1032814234495163,
            -0.021561821922659874,
            -0.009273961186408997
        ],
        [
            0.09652908146381378,
            -0.0226447731256485,
            -0.002875901758670807
        ],
        [
            0.10641245543956757,
            -0.013580624014139175,
            0.026483185589313507
        ],
        [
            0.09904080629348755,
            -0.011901328340172768,
            0.03534288331866264
        ],
        [
            0.11522766947746277,
            -0.010524848476052284,
            0.037093546241521835
        ],
        [
            0.10865528881549835,
            -0.008876916021108627,
            0.04680150747299194
        ],
        [
            0.14512217044830322,
            -0.005608983337879181,
            0.07472585141658783
        ],
        [
            0.1608472317457199,
            0.045298416167497635,
            0.10970188677310944
        ],
        [
            0.1577964723110199,
            0.034766554832458496,
            0.10660769045352936
        ],
        [
            0.1545141637325287,
            0.03680939972400665,
            0.10211203247308731
        ],
        [
            0.15991179645061493,
            0.045637547969818115,
            0.1054937094449997
        ],
        [
            0.1543130725622177,
            0.030246369540691376,
            0.10287585854530334
        ],
        [
            0.15639090538024902,
            0.03281472623348236,
            0.11190496385097504
        ],
        [
            0.09750839322805405,
            -0.0022947173565626144,
            0.056515008211135864
        ],
        [
            0.13942423462867737,
            0.023415273055434227,
            0.08426763117313385
        ],
        [
            0.08526092767715454,
            -0.0027163494378328323,
            0.04399249330163002
        ],
        [
            0.08738905936479568,
            0.009490478783845901,
            0.06882428377866745
        ],
        [
            0.07862242311239243,
            0.0110113974660635,
            0.057979095727205276
        ],
        [
            0.07220812141895294,
            -0.0016660355031490326,
            0.03156431019306183
        ],
        [
            0.07012729346752167,
            0.009325416758656502,
            0.04340202361345291
        ],
        [
            0.06896711140871048,
            -0.008998190984129906,
            0.016304664313793182
        ],
        [
            0.07200656831264496,
            -0.0062943994998931885,
            0.023842088878154755
        ],
        [
            0.06880339980125427,
            0.023120930418372154,
            0.052659012377262115
        ],
        [
            0.14457376301288605,
            0.048412054777145386,
            0.10658414661884308
        ],
        [
            0.14926163852214813,
