{
    "pred_cam": [
        10.442668914794922,
        0.141337588429451,
        -0.026547200977802277
    ],
    "pred_mano_params": {
        "global_orient": [
            [
                [
                    -0.5624763369560242,
                    0.06412328779697418,
                    -0.8243230581283569
                ],
                [
                    0.25057870149612427,
                    -0.9368789196014404,
                    -0.2438611090183258
                ],
                [
                    -0.78792804479599,
                    -0.34372392296791077,
                    0.5109043121337891
                ]
            ]
        ],
        "hand_pose": [
            [
                [
                    0.7213554978370667,
                    -0.5996373295783997,
                    -0.34652745723724365
                ],
                [
                    0.6421296000480652,
                    0.7665270566940308,
                    0.010289237834513187
                ],
                [
                    0.25945284962654114,
                    -0.22993774712085724,
                    0.9379833936691284
                ]
            ],
            [
                [
                    0.7545090317726135,
                    -0.6496778726577759,
                    0.09292373061180115
                ],
                [
                    0.6430039405822754,
                    0.7034419775009155,
                    -0.302845299243927
                ],
                [
                    0.1313854455947876,
                    0.28824982047080994,
                    0.9484987854957581
                ]
            ],
            [
                [
                    0.7604907155036926,
                    -0.3898441791534424,
                    0.5193027853965759
                ],
                [
                    0.4084143340587616,
                    0.9089031219482422,
                    0.08421926945447922
                ],
                [
                    -0.5048283338546753,
                    0.1480427235364914,
                    0.8504303097724915
                ]
            ],
            [
                [
                    0.6286553144454956,
                    -0.7609679698944092,
                    -0.16037577390670776
                ],
                [
                    0.7775279879570007,
                    0.6108871102333069,
                    0.1492219716310501
                ],
                [
                    -0.015581633895635605,
                    -0.2185058295726776,
                    0.9757113456726074
                ]
            ],
            [
                [
                    0.7228814363479614,
                    -0.6666673421859741,
                    -0.18165087699890137
                ],
                [
                    0.6889109015464783,
                    0.7156643867492676,
                    0.11500523239374161
                ],
                [
                    0.05333083122968674,
                    -0.2082764208316803,
                    0.9766148924827576
                ]
            ],
            [
                [
                    0.8403280377388,
                    -0.4470374584197998,
                    0.30660465359687805
                ],
                [
                    0.43636584281921387,
                    0.8934246301651001,
                    0.10666456818580627
                ],
                [
                    -0.3216111958026886,
                    0.044158563017845154,
                    0.9458416700363159
                ]
            ],
            [
                [
                    0.17308996617794037,
                    -0.8203685879707336,
                    -0.5450092554092407
                ],
                [
                    0.9776514172554016,
                    0.07607228308916092,
                    0.1959862858057022
                ],
                [
                    -0.11932092159986496,
                    -0.5667523741722107,
                    0.8152018189430237
                ]
            ],
            [
                [
                    0.9773195385932922,
                    -0.21164558827877045,
                    -0.007251267787069082
                ],
                [
                    0.20659272372722626,
                    0.9603933095932007,
                    -0.18698693811893463
                ],
                [
                    0.046539027243852615,
                    0.18124793469905853,
                    0.9823355674743652
                ]
            ],
            [
                [
                    0.9127810001373291,
                    0.23873962461948395,
                    0.33141231536865234
                ],
                [
                    -0.4079814553260803,
                    0.49409306049346924,
                    0.767738938331604
                ],
                [
                    0.019541161134839058,
                    -0.8359876871109009,
                    0.5484001040458679
                ]
            ],
            [
                [
                    0.5377883315086365,
                    -0.7945556640625,
                    -0.2818952202796936
                ],
                [
                    0.8137930631637573,
                    0.576592743396759,
                    -0.07267452776432037
                ],
                [
                    0.22028270363807678,
                    -0.19032086431980133,
                    0.9566887021064758
                ]
            ],
            [
                [
                    0.8597604036331177,
                    -0.4947153329849243,
                    -0.12676267325878143
                ],
                [
                    0.48823240399360657,
                    0.7234084606170654,
                    0.4881693124771118
                ],
                [
                    -0.14980365335941315,
                    -0.4815983176231384,
                    0.8634939789772034
                ]
            ],
            [
                [
                    0.8257049322128296,
                    -0.48444002866744995,
                    0.2890142798423767
                ],
                [
                    0.38012009859085083,
                    0.8563808798789978,
                    0.34945738315582275
                ],
                [
                    -0.4167974591255188,
                    -0.17868852615356445,
                    0.8912633061408997
                ]
            ],
            [
                [
                    0.9042466878890991,
                    0.2488403618335724,
                    0.34701040387153625
                ],
                [
                    0.28785765171051025,
                    0.24500982463359833,
                    -0.9258013367652893
                ],
                [
                    -0.3153977692127228,
                    0.9370425343513489,
                    0.14991872012615204
                ]
            ],
            [
                [
                    0.9080763459205627,
                    -0.3431244194507599,
                    0.2401311695575714
                ],
                [
                    0.13351655006408691,
                    0.7806389331817627,
                    0.610554039478302
                ],
                [
                    -0.39695173501968384,
                    -0.5223681926727295,
                    0.754692554473877
                ]
            ],
            [
                [
                    0.806908905506134,
                    -0.32971903681755066,
                    -0.49008506536483765
                ],
                [
                    -0.09257152676582336,
                    0.7488586902618408,
                    -0.6562325954437256
                ],
                [
                    0.5833768248558044,
                    0.5748878717422485,
                    0.573738157749176
                ]
            ]
        ],
        "betas": [
            -0.1890619397163391,
            -0.002041339874267578,
            -0.03525286912918091,
            0.009240716695785522,
            -0.09764212369918823,
            -0.07260038703680038,
            0.021070539951324463,
            -0.19221192598342896,
            0.09557746350765228,
            -0.06819576025009155
        ]
    },
    "pred_cam_t": [
        -0.141337588429451,
        -0.026547200977802277,
        3.7406625747680664
    ],
    "focal_length": [
        5000.0,
        5000.0
    ],
    "pred_keypoints_3d": [
        [
            0.09652896225452423,
            0.006433914415538311,
            0.006252071354538202
        ],
        [
            0.08768615126609802,
            0.008892728015780449,
            0.044078338891267776
        ],
        [
            0.08234556019306183,
            0.02987620420753956,
            0.06636104732751846
        ],
        [
            0.0756886750459671,
            0.04966246709227562,
            0.08400292694568634
        ],
        [
            0.09144599735736847,
            0.0719008818268776,
            0.10613207519054413
        ],
        [
            0.1289876401424408,
            -0.016099613159894943,
            0.08876486122608185
        ],
        [
            0.14909067749977112,
            -0.004169444553554058,
            0.11247695982456207
        ],
        [
            0.15154343843460083,
            0.017104316502809525,
            0.1190476343035698
        ],
        [
            0.1388920247554779,
            0.036878034472465515,
            0.12640106678009033
        ],
        [
            0.15301065146923065,
            -0.01538053248077631,
            0.08026836812496185
        ],
        [
            0.16729705035686493,
            0.003456537611782551,
            0.10179302841424942
        ],
        [
            0.1639200896024704,
            0.026319652795791626,
            0.10587245225906372
        ],
        [
            0.14996328949928284,
            0.04683179408311844,
            0.11229082942008972
        ],
        [
            0.16492892801761627,
            -0.003945707343518734,
            0.05875764042139053
        ],
        [
            0.18188424408435822,
            0.015260993503034115,
            0.07259265333414078
        ],
        [
            0.1807146966457367,
            0.03997758403420448,
            0.0764801949262619
        ],
        [
            0.17112816870212555,
            0.06017427146434784,
            0.08795959502458572
        ],
        [
            0.17093858122825623,
            0.009158371947705746,
            0.042032696306705475
        ],
        [
            0.17425228655338287,
            0.03023747354745865,
            0.04146575182676315
        ],
        [
            0.17526111006736755,
            0.04933077096939087,
            0.04044415056705475
        ],
        [
            0.17474712431430817,
            0.07477682083845139,
            0.04614640027284622
        ]
    ],
    "pred_vertices": [
        [
            0.10870429873466492,
            0.006782045587897301,
            0.062415044754743576
        ],
        [
            0.10343260318040848,
            0.010293586179614067,
            0.05623326078057289
        ],
        [
            0.10117615759372711,
            0.014572463929653168,
            0.0655105710029602
        ],
        [
            0.10517629235982895,
            0.008474595844745636,
            0.07218680530786514
        ],
        [
            0.09776221215724945,
            0.02681640535593033,
            0.04623746871948242
        ],
        [
            0.08748047798871994,
            0.028521686792373657,
            0.04115881770849228
        ],
        [
            0.08665002882480621,
            0.03657109662890434,
            0.05331733077764511
        ],
        [
            0.09547693282365799,
            0.03544284403324127,
            0.05650847405195236
        ],
        [
            0.10154783725738525,
            0.010234430432319641,
            0.07974550873041153
        ],
        [
            0.09939011931419373,
            0.0192720927298069,
            0.07247579097747803
        ],
        [
            0.09563114494085312,
            0.012353040277957916,
            0.08183892071247101
        ],
        [
            0.10139807313680649,
            -0.006189156789332628,
            0.08447542041540146
        ],
        [
            0.10584292560815811,
            -0.0014595352113246918,
            0.08328942209482193
        ],
        [
            0.10871031880378723,
            -0.015192459337413311,
            0.08706199377775192
        ],
        [
            0.09694938361644745,
            -0.01330555509775877,
            0.0770207867026329
        ],
        [
            0.1120486930012703,
            -0.023454520851373672,
            0.08262438327074051
        ],
        [
            0.11821380257606506,
            -0.025319460779428482,
            0.051446493715047836
        ],
        [
            0.127773717045784,
            -0.02225266396999359,
            0.041093286126852036
        ],
        [
            0.13974133133888245,
            -0.025973398238420486,
            0.05395779013633728
        ],
        [
            0.1289670765399933,
            -0.02795220911502838,
            0.06326339393854141
        ],
        [
            0.14817631244659424,
            -0.015403862111270428,
            0.03744705766439438
        ],
        [
            0.14416956901550293,
            -0.02138703130185604,
            0.04714735969901085
        ],
        [
            0.1324591189622879,
            -0.018925705924630165,
            0.033830199390649796
        ],
        [
            0.13657376170158386,
            -0.013481663540005684,
            0.025974493473768234
        ],
        [
            0.11663932353258133,
            0.008848792873322964,
            0.04571094363927841
        ],
        [
            0.11088482290506363,
            0.012136035598814487,
            0.038336049765348434
        ],
        [
            0.10758475214242935,
            0.009446535259485245,
            0.04500230401754379
        ],
        [
            0.11306125670671463,
            0.007357426919043064,
            0.05111859738826752
        ],
        [
            0.08073005825281143,
            0.023790672421455383,
            0.08011544495820999
        ],
        [
            0.08267365396022797,
            0.006707243621349335,
            0.07417839765548706
        ],
        [
            0.08896555006504059,
            0.007424411363899708,
            0.0795011967420578
        ],
        [
            0.08538196235895157,
            0.026598185300827026,
            0.08138203620910645
        ],
        [
            0.1028628796339035,
            0.02900215983390808,
            0.013737939298152924
        ],
        [
            0.09443841129541397,
            0.025603022426366806,
            0.003343038260936737
        ],
        [
            0.09012982249259949,
            0.023289985954761505,
            0.006797954440116882
        ],
        [
            0.09901389479637146,
            0.026061497628688812,
            0.01567739248275757
        ],
        [
            0.08185511082410812,
            0.01988998055458069,
            0.02466248720884323
        ],
        [
            0.07676935195922852,
            0.01666993647813797,
            0.01591218262910843
        ],
        [
            0.06635424494743347,
            0.008089160546660423,
            0.014237284660339355
        ],
        [
            0.06932632625102997,
            0.009659016504883766,
            0.023558124899864197
        ],
        [
            0.08612100780010223,
            0.02311425842344761,
            0.0339636355638504
        ],
        [
            0.07348839938640594,
            0.016638848930597305,
            0.03287189453840256
        ],
        [
            0.07721339166164398,
            0.023749887943267822,
            0.03971438109874725
        ],
        [
            0.07789543271064758,
            0.03289971500635147,
            0.05212070792913437
        ],
        [
            0.10423936694860458,
            0.027223579585552216,
            -0.005063332617282867
        ],
        [
            0.111717090010643,
            0.030555106699466705,
            0.0013292357325553894
        ],
        [
            0.13842636346817017,
            0.004766104742884636,
            0.11354035884141922
        ],
        [
            0.1417296677827835,
            0.00751180574297905,
            0.10906956344842911
        ],
        [
            0.1391320377588272,
            0.005002895370125771,
            0.10697591304779053
        ],
        [
            0.1365407258272171,
            0.002549178898334503,
            0.11168612539768219
        ],
        [
            0.11960215866565704,
            0.015015196055173874,
            -0.01125878095626831
        ],
        [
            0.12020188570022583,
            0.0049399505369365215,
            -0.012893036007881165
        ],
        [
            0.11614350974559784,
            0.007800579071044922,
            -0.018300585448741913
        ],
        [
            0.11384199559688568,
            0.01672622188925743,
            -0.015966400504112244
        ],
        [
            0.1271883249282837,
            0.012712482362985611,
            -0.005018144845962524
        ],
        [
            0.12545926868915558,
            0.0013766014017164707,
            -0.004927530884742737
        ],
        [
            0.14630553126335144,
            -0.0027436483651399612,
            0.12043307721614838
        ],
        [
            0.14157326519489288,
            -0.00035720132291316986,
            0.12023817002773285
        ],
        [
            0.14051367342472076,
            -0.0048537831753492355,
            0.11789951473474503
        ],
        [
            0.14524082839488983,
            -0.007808145135641098,
            0.11685380339622498
        ],
        [
            0.11014771461486816,
            0.0017181076109409332,
            0.0775868147611618
        ],
        [
            0.11461241543292999,
            0.0037978840991854668,
            0.06892286241054535
        ],
        [
            0.12231670320034027,
            -0.00538066029548645,
            0.08765751868486404
        ],
        [
            0.12089243531227112,
            -0.002482667565345764,
            0.07943057268857956
        ],
        [
            0.11461521685123444,
            -0.004820323549211025,
            0.08311446011066437
        ],
        [
            0.11718907207250595,
            -0.008461259305477142,
            0.08919943869113922
        ],
        [
            0.13378840684890747,
            0.0035474495962262154,
            0.059686243534088135
        ],
        [
            0.12619587779045105,
            0.006204739212989807,
            0.05110463127493858
        ],
        [
            0.12288769334554672,
            0.004084795713424683,
            0.056855008006095886
        ],
        [
            0.13001278042793274,
            0.0015185372903943062,
            0.06733864545822144
        ],
        [
            0.13437382876873016,
            0.013104279525578022,
            0.041600845754146576
        ],
        [
            0.14119014143943787,
            0.009405507706105709,
            0.05058227479457855
        ],
        [
            0.14477698504924774,
            0.013755306601524353,
            0.0440363883972168
        ],
        [
            0.1393362581729889,
            0.01660558208823204,
            0.03924064338207245
        ],
        [
            0.15020635724067688,
            0.0018229447305202484,
            0.06777440011501312
        ],
        [
            0.1534697711467743,
            -2.5772489607334137e-05,
            0.07261939346790314
        ],
        [
            0.15694734454154968,
            0.002608721610158682,
            0.07181208580732346
        ],
        [
            0.15187042951583862,
            0.0033460045233368874,
            0.0653337836265564
        ],
        [
            0.11186929047107697,
            0.009425371885299683,
            -0.023780308663845062
        ],
        [
            0.10780920088291168,
            0.017667347565293312,
            -0.020073071122169495
        ],
        [
            0.15680226683616638,
            -0.0011311694979667664,
            0.02250777557492256
        ],
        [
            0.15537165105342865,
            0.008846987038850784,
            0.017483100295066833
        ],
        [
            0.16485238075256348,
            0.009108620695769787,
            0.02551942691206932
        ],
        [
            0.1650913655757904,
            -0.002664741827175021,
            0.028923146426677704
        ],
        [
            0.11723051965236664,
            -0.004616835154592991,
            -0.009612798690795898
        ],
        [
            0.11478986591100693,
            -0.00217453739605844,
            -0.016682177782058716
        ],
        [
            0.15205039083957672,
            -0.003210296854376793,
            0.11752666532993317
        ],
        [
            0.15073451399803162,
            -0.00785592757165432,
            0.11369840055704117
        ],
        [
            0.07019241899251938,
            0.01118407491594553,
            0.04065907001495361
        ],
        [
            0.07178740203380585,
            0.024837719276547432,
            0.054803505539894104
        ],
        [
            0.06828570365905762,
            0.0027765873819589615,
            0.029159143567085266
        ],
        [
            0.06765028834342957,
            -0.0020180707797408104,
            0.020376548171043396
        ],
        [
            0.06506809592247009,
            -0.003928733058273792,
            0.012636154890060425
        ],
        [
            0.12755842506885529,
            -0.0017318762838840485,
            0.07841064780950546
        ],
        [
            0.11690685153007507,
            0.004810883663594723,
            0.059449270367622375
        ],
        [
            0.1197328120470047,
            0.010881434194743633,
            0.04158411920070648
        ],
        [
            0.14067807793617249,
            0.026588506996631622,
            0.024663560092449188
        ],
        [
            0.13354027271270752,
            0.029310451820492744,
            0.017550349235534668
        ],
        [
            0.12917721271514893,
            0.025983210653066635,
            0.02685227245092392
        ],
        [
            0.13642819225788116,
            0.023670703172683716,
            0.030971340835094452
        ],
        [
            0.1545099914073944,
            0.018918581306934357,
            0.01943722367286682
        ],
        [
            0.15148696303367615,
            0.023128001019358635,
            0.02558722347021103
        ],
        [
            0.1562853902578354,
            0.02123415283858776,
            0.03096599504351616
        ],
        [
            0.16104526817798615,
            0.017436247318983078,
            0.026148885488510132
        ],
        [
            0.07387948036193848,
            0.025151077657938004,
            0.07663123309612274
        ],
        [
            0.07693298161029816,
            0.008049380034208298,
            0.0689137876033783
        ],
        [
            0.11619235575199127,
            0.024242468178272247,
            -0.006912529468536377
        ],
        [
            0.10915281623601913,
            0.024089844897389412,
            -0.010523729026317596
        ],
        [
            0.10298807919025421,
            0.02266174554824829,
            -0.01639024168252945
        ],
        [
            0.10615506768226624,
            0.0201573483645916,
            0.027276992797851562
        ],
        [
            0.0964842364192009,
            0.0239226296544075,
            0.01712435483932495
        ],
        [
            0.09463953971862793,
            0.021871188655495644,
            0.020803429186344147
        ],
        [
            0.10479224473237991,
            0.016770850867033005,
            0.03029606118798256
        ],
        [
            0.10255531966686249,
            0.01452463585883379,
            0.047476865351200104
        ],
        [
            0.09724436700344086,
            0.020061921328306198,
            0.03683553636074066
        ],
        [
            0.10210975259542465,
            0.0215216763317585,
            0.05602359399199486
        ],
        [
            0.0834672749042511,
            0.020192479714751244,
            0.010026216506958008
        ],
        [
            0.08283380419015884,
            0.02320275455713272,
            -0.0008308440446853638
        ],
        [
            0.07608667761087418,
            0.019288357347249985,
            0.0035521090030670166
        ],
        [
            0.09044865518808365,
            0.025104153901338577,
            -0.0068921297788619995
        ],
        [
            0.09764240682125092,
            0.02521722950041294,
            -0.01233799010515213
        ],
        [
            0.11182267963886261,
            -0.0025956572499126196,
            -0.02468116581439972
        ],
        [
            0.0707249566912651,
            0.014424212276935577,
            0.007779672741889954
        ],
        [
            0.09148097038269043,
            0.03986632823944092,
            0.06388236582279205
        ],
        [
            0.08641797304153442,
            0.04514268413186073,
            0.06910247355699539
        ],
        [
            0.09005820751190186,
            0.040517110377550125,
            0.07475301623344421
        ],
        [
            0.09518271684646606,
            0.03484977409243584,
            0.06993958353996277
        ],
        [
            0.11735780537128448,
            -0.020368417724967003,
            0.09194783121347427
        ],
        [
            0.11566783487796783,
            -0.013351045548915863,
            0.09211067855358124
        ],
        [
            0.10899493843317032,
            -0.008857469074428082,
            0.08624487370252609
        ],
        [
            0.11359237134456635,
            0.02924240380525589,
            0.018339522182941437
        ],
        [
            0.1206258237361908,
            0.030725082382559776,
            0.007707826793193817
        ],
        [
            0.12849344313144684,
            -0.004237496294081211,
            0.08672793209552765
        ],
        [
            0.14403893053531647,
            -0.012064982205629349,
            0.11362864822149277
        ],
        [
            0.13857273757457733,
            -0.009250334464013577,
            0.11496912688016891
        ],
        [
            0.12840023636817932,
            -0.01802990958094597,
            0.10260364413261414
        ],
        [
            0.13457192480564117,
            -0.02141360007226467,
            0.10135498642921448
        ],
        [
            0.13767758011817932,
            -0.006981970276683569,
            0.08865132182836533
        ],
        [
            0.13077957928180695,
            -0.004258034285157919,
            0.08935961872339249
        ],
        [
            0.13275541365146637,
            -0.004107610788196325,
            0.09008481353521347
        ],
        [
            0.13949425518512726,
            -0.004105683416128159,
            0.08910727500915527
        ],
        [
            0.15821602940559387,
            0.006644036620855331,
            0.06366433948278427
        ],
        [
            0.15388187766075134,
            0.00759391114115715,
            0.05848558619618416
        ],
        [
            0.13981397449970245,
            -0.026296347379684448,
            0.07516740262508392
        ],
        [
            0.12875917553901672,
            -0.032064277678728104,
            0.08106695115566254
        ],
        [
            0.11834044754505157,
            -0.02864958718419075,
            0.07284949719905853
        ],
        [
            0.13750264048576355,
            0.006645627319812775,
            0.053873419761657715
        ],
        [
            0.14475946128368378,
            0.004613456316292286,
            0.061110593378543854
        ],
        [
            0.1469973623752594,
            0.006194343790411949,
            0.05810970067977905
        ],
        [
            0.13231176137924194,
            -0.0020996946841478348,
            0.07894104719161987
        ],
        [
            0.13460801541805267,
            -0.004282178357243538,
            0.08484110981225967
        ],
        [
            0.1377105563879013,
            -0.0038582710549235344,
            0.08032186329364777
        ],
        [
            0.13525208830833435,
            -0.000898643396794796,
            0.07429912686347961
        ],
        [
            0.14593066275119781,
            0.00943862646818161,
            0.0083320252597332
        ],
        [
            0.14553558826446533,
            0.02110697701573372,
            0.010734394192695618
        ],
        [
            0.13856445252895355,
            0.0021649226546287537,
            0.1176324114203453
        ],
        [
            0.13705095648765564,
            -0.0011457577347755432,
            0.11572718620300293
        ],
        [
            0.12995412945747375,
            0.009222338907420635,
            0.04560431092977524
        ],
        [
            0.10885654389858246,
            -0.02370050549507141,
            0.06166534498333931
        ],
        [
            0.12287498265504837,
            0.013451370410621166,
            0.03766171261668205
        ],
        [
            0.16505950689315796,
            -0.005726787261664867,
            0.048025332391262054
        ],
        [
            0.16557979583740234,
            0.004764890298247337,
            0.04979828745126724
        ],
        [
            0.16719406843185425,
            0.004138650838285685,
            0.05326234921813011
        ],
        [
            0.1689291149377823,
            -0.002500406466424465,
            0.05360511690378189
        ],
        [
            0.14796049892902374,
            0.0015548253431916237,
            0.09878861904144287
        ],
        [
            0.14301806688308716,
            0.004173755645751953,
            0.10106553882360458
        ],
        [
            0.14409099519252777,
            0.005776599049568176,
            0.10298691689968109
        ],
        [
            0.14961202442646027,
            0.003645632416009903,
            0.10159599781036377
        ],
        [
            0.12539486587047577,
            -0.005389498546719551,
            0.09162943065166473
        ],
        [
            0.120981365442276,
            -0.008893877267837524,
            0.09422279894351959
        ],
        [
            0.12485619634389877,
            -0.007200953084975481,
            0.0976768210530281
        ],
        [
            0.12891557812690735,
            -0.004589080810546875,
            0.09376983344554901
        ],
        [
            0.12086733430624008,
            -0.014598997309803963,
            0.09685622155666351
        ],
        [
            0.12480566650629044,
            -0.01288590021431446,
            0.10091954469680786
        ],
        [
            0.1520649790763855,
            -0.003472893498837948,
            0.09988517314195633
        ],
        [
            0.15269890427589417,
            -0.009226484224200249,
            0.1049254834651947
        ],
        [
            0.14531084895133972,
            -0.01709098368883133,
            0.09264420717954636
        ],
        [
            0.14525941014289856,
            -0.009085281752049923,
            0.09065946936607361
        ],
        [
            0.12605053186416626,
            -0.013096952810883522,
            0.014590717852115631
        ],
        [
            0.13179734349250793,
            -0.0061913151293993,
            0.007745429873466492
        ],
        [
            0.14258792996406555,
            -0.006569113116711378,
            0.0188198983669281
        ],
        [
            0.1539706289768219,
            -0.007572172675281763,
            0.02919236570596695
        ],
        [
            0.1634252369403839,
            -0.0075916568748652935,
            0.039960768073797226
        ],
        [
            0.15855619311332703,
            -0.01741020940244198,
            0.04641323164105415
        ],
        [
            0.14521607756614685,
            -0.0008933993522077799,
            0.013252589851617813
        ],
        [
            0.1423175036907196,
            -0.015550308860838413,
            0.08413848280906677
        ],
        [
            0.13986080884933472,
            -0.02282932586967945,
            0.08448801189661026
        ],
        [
            0.142838254570961,
            -0.021491285413503647,
            0.08109278231859207
        ],
        [
            0.1273634433746338,
            0.01813834346830845,
            0.033732540905475616
        ],
        [
            0.13515454530715942,
            -0.005217724479734898,
            0.11360780894756317
        ],
        [
            0.08166679739952087,
            -0.018406566232442856,
            0.011274129152297974
        ],
        [
            0.09264285862445831,
            -0.019287047907710075,
            0.0030952244997024536
        ],
        [
            0.09585069119930267,
            -0.019734403118491173,
            0.011273063719272614
        ],
        [
            0.0832282155752182,
            -0.01755005680024624,
            0.02073090523481369
        ],
        [
            0.1374853104352951,
            0.003464464098215103,
            0.1056039035320282
        ],
        [
            0.13411934673786163,
            1.424737274646759e-05,
            0.11005206406116486
        ],
        [
            0.1576075255870819,
            0.011260882951319218,
            0.054794855415821075
        ],
        [
            0.16108421981334686,
            0.00937669351696968,
            0.05921550467610359
        ],
        [
            0.16437256336212158,
            0.009473491460084915,
            0.05601130425930023
        ],
        [
            0.1617957055568695,
            0.014206569641828537,
            0.05283695086836815
        ],
        [
            0.13335031270980835,
            -0.0018628460820764303,
            0.003683224320411682
        ],
        [
            0.16834233701229095,
            0.01258146669715643,
            0.030810123309493065
        ],
        [
            0.17018625140190125,
            0.002076351083815098,
            0.034745607525110245
        ],
        [
            0.12224270403385162,
            -0.006134543102234602,
            -0.00154036283493042
        ],
        [
            0.11734895408153534,
            -0.012710207141935825,
            0.004041701555252075
        ],
        [
            0.11155647784471512,
            -0.012259629555046558,
            -0.0038875341415405273
        ],
        [
            0.15485869348049164,
            -0.020385760813951492,
            0.06125302612781525
        ],
        [
            0.12283629179000854,
            -0.017472662031650543,
            0.02153797075152397
        ],
        [
            0.11374477297067642,
            -0.016162339597940445,
            0.010026849806308746
        ],
        [
            0.10666308552026749,
            -0.015823131427168846,
            0.0008209496736526489
        ],
        [
            0.10232482850551605,
            -0.01591508276760578,
            -0.006330639123916626
        ],
        [
            0.10808470845222473,
            -0.011872380040585995,
            -0.010692223906517029
        ],
        [
            0.1492009460926056,
            -0.011497871950268745,
            0.10973625630140305
        ],
        [
            0.1550603210926056,
            -0.0050673047080636024,
            0.10870851576328278
        ],
        [
            0.10480588674545288,
            -0.012741278856992722,
            -0.01911979168653488
        ],
        [
            0.09826727211475372,
            -0.01668364368379116,
            -0.01362650841474533
        ],
        [
            0.10837294161319733,
            -0.01946452260017395,
            0.016942627727985382
        ],
        [
            0.1007024496793747,
            -0.02156861685216427,
            0.02601870894432068
        ],
        [
            0.11727561056613922,
            -0.020365871489048004,
            0.02791731059551239
        ],
        [
            0.11061453074216843,
            -0.02293391525745392,
            0.03766551986336708
        ],
        [
            0.14817211031913757,
            -0.02913067862391472,
            0.06441417336463928
        ],
        [
            0.15867386758327484,
            0.012426523491740227,
            0.11494502425193787
        ],
        [
            0.15671686828136444,
            0.0035580527037382126,
            0.10813003778457642
        ],
        [
            0.1525304764509201,
            0.006560951471328735,
            0.10516316443681717
        ],
        [
            0.1572035700082779,
            0.01469111442565918,
            0.11162610352039337
        ],
        [
            0.1537884771823883,
            -0.0002123471349477768,
            0.1034131795167923
        ],
        [
            0.1564691662788391,
            -0.0004366636276245117,
            0.11245851218700409
        ],
        [
            0.09846439212560654,
            -0.02028544247150421,
            0.04971465468406677
        ],
        [
            0.14042773842811584,
            -0.006566627416759729,
            0.0850057378411293
        ],
        [
            0.08565454930067062,
            -0.01579098217189312,
            0.03813669830560684
        ],
        [
            0.08822516351938248,
            -0.012373385019600391,
            0.06581217050552368
        ],
        [
            0.07935695350170135,
            -0.0064898282289505005,
            0.05623694509267807
        ],
        [
            0.07269570976495743,
            -0.010356776416301727,
            0.02682153880596161
        ],
        [
            0.07078702747821808,
            -0.0025288956239819527,
            0.04176131635904312
        ],
        [
            0.0702332854270935,
            -0.013045595958828926,
            0.009762927889823914
        ],
        [
            0.07302320003509521,
            -0.012792730703949928,
            0.01782497763633728
        ],
        [
            0.07075880467891693,
            0.009495400823652744,
            0.05520656704902649
        ],
        [
            0.14221526682376862,
            0.01397833600640297,
