{
    "pred_cam": [
        10.249804496765137,
        0.060989849269390106,
        -0.057868123054504395
    ],
    "pred_mano_params": {
        "global_orient": [
            [
                [
                    0.608137845993042,
                    -0.32098743319511414,
                    0.7260409593582153
                ],
                [
                    -0.45557790994644165,
                    -0.8901159763336182,
                    -0.011930273845791817
                ],
                [
                    0.6500900983810425,
                    -0.3235129714012146,
                    -0.6875479817390442
                ]
            ]
        ],
        "hand_pose": [
            [
                [
                    0.8888391256332397,
                    -0.33122602105140686,
                    -0.3166295289993286
                ],
                [
                    0.30938825011253357,
                    0.9435226321220398,
                    -0.11850710213184357
                ],
                [
                    0.33799976110458374,
                    0.007372299209237099,
                    0.9411172866821289
                ]
            ],
            [
                [
                    0.4899004101753235,
                    -0.806016743183136,
                    0.3321664333343506
                ],
                [
                    0.8677247762680054,
                    0.4875401258468628,
                    -0.09673821181058884
                ],
                [
                    -0.08397185057401657,
                    0.3356211483478546,
                    0.9382468461990356
                ]
            ],
            [
                [
                    0.6698305606842041,
                    -0.7420690059661865,
                    0.02570214867591858
                ],
                [
                    0.741589367389679,
                    0.6668685674667358,
                    -0.07301812618970871
                ],
                [
                    0.03704453632235527,
                    0.06797020882368088,
                    0.9969994425773621
                ]
            ],
            [
                [
                    0.7896832227706909,
                    -0.5646039843559265,
                    -0.24004745483398438
                ],
                [
                    0.5655390620231628,
                    0.8215777277946472,
                    -0.0719413161277771
                ],
                [
                    0.23783600330352783,
                    -0.07894537597894669,
                    0.9680917263031006
                ]
            ],
            [
                [
                    0.7350481152534485,
                    -0.6646110415458679,
                    -0.13415050506591797
                ],
                [
                    0.6694700717926025,
                    0.6801230907440186,
                    0.2987346351146698
                ],
                [
                    -0.10730348527431488,
                    -0.30939409136772156,
                    0.9448603987693787
                ]
            ],
            [
                [
                    0.891175389289856,
                    -0.42859014868736267,
                    -0.14871768653392792
                ],
                [
                    0.4429081082344055,
                    0.8929217457771301,
                    0.08076611161231995
                ],
                [
                    0.0981777012348175,
                    -0.13784503936767578,
                    0.9855759143829346
                ]
            ],
            [
                [
                    0.573494553565979,
                    -0.75579833984375,
                    0.31602680683135986
                ],
                [
                    0.7064452171325684,
                    0.6515924334526062,
                    0.2763374447822571
                ],
                [
                    -0.414776086807251,
                    0.06477764248847961,
                    0.9076148271560669
                ]
            ],
            [
                [
                    0.8653314709663391,
                    -0.463270366191864,
                    -0.19126448035240173
                ],
                [
                    0.5008429884910583,
                    0.78487229347229,
                    0.36487218737602234
                ],
                [
                    -0.018916256725788116,
                    -0.4115288257598877,
                    0.9112004041671753
                ]
            ],
            [
                [
                    0.8969345688819885,
                    -0.42615747451782227,
                    0.11789029091596603
                ],
                [
                    0.3791411519050598,
                    0.8784396648406982,
                    0.2908535301685333
                ],
                [
                    -0.22750891745090485,
                    -0.21617954969406128,
                    0.9494767189025879
                ]
            ],
            [
                [
                    0.7236020565032959,
                    -0.6900076270103455,
                    0.01701444946229458
                ],
                [
                    0.6895676851272583,
                    0.7216320633888245,
                    -0.06118455156683922
                ],
                [
                    0.02993963472545147,
                    0.05600588768720627,
                    0.9979813694953918
                ]
            ],
            [
                [
                    0.8469704389572144,
                    -0.5203237533569336,
                    -0.10910676419734955
                ],
                [
                    0.5077278017997742,
                    0.7308010458946228,
                    0.4562261700630188
                ],
                [
                    -0.1576499342918396,
                    -0.4418066143989563,
                    0.8831497430801392
                ]
            ],
            [
                [
                    0.838302731513977,
                    -0.4510321617126465,
                    -0.30629807710647583
                ],
                [
                    0.5262488126754761,
                    0.8162453174591064,
                    0.23833979666233063
                ],
                [
                    0.1425154209136963,
                    -0.36098992824554443,
                    0.9216158390045166
                ]
            ],
            [
                [
                    0.968059778213501,
                    -0.16243146359920502,
                    0.19098785519599915
                ],
                [
                    0.23541121184825897,
                    0.32677194476127625,
                    -0.9153150320053101
                ],
                [
                    0.08626650273799896,
                    0.9310402870178223,
                    0.35457295179367065
                ]
            ],
            [
                [
                    0.9400861263275146,
                    -0.3076968789100647,
                    -0.14683587849140167
                ],
                [
                    0.3309122920036316,
                    0.7198122143745422,
                    0.6102191209793091
                ],
                [
                    -0.08206825703382492,
                    -0.6222482919692993,
                    0.7785061597824097
                ]
            ],
            [
                [
                    0.9337266087532043,
                    0.3440966010093689,
                    -0.09875320643186569
                ],
                [
                    -0.3258426785469055,
                    0.9311553239822388,
                    0.16363464295864105
                ],
                [
                    0.1482607126235962,
                    -0.1206119954586029,
                    0.9815658330917358
                ]
            ]
        ],
        "betas": [
            0.009983241558074951,
            -0.11129710078239441,
            -0.07328546047210693,
            -0.026915699243545532,
            0.008146345615386963,
            -0.016726110130548477,
            0.047357648611068726,
            -0.04212126135826111,
            -0.006689131259918213,
            -0.05487826466560364
        ]
    },
    "pred_cam_t": [
        -0.060989849269390106,
        -0.057868123054504395,
        3.8110482692718506
    ],
    "focal_length": [
        5000.0,
        5000.0
    ],
    "pred_keypoints_3d": [
        [
            0.09573846310377121,
            0.0063802944496273994,
            0.006214855704456568
        ],
        [
            0.1047661229968071,
            0.03079959750175476,
            -0.022119324654340744
        ],
        [
            0.10960963368415833,
            0.06054317578673363,
            -0.02835673838853836
        ],
        [
            0.10719426721334457,
            0.08696156740188599,
            -0.033972322940826416
        ],
        [
            0.10132728517055511,
            0.11461731791496277,
            -0.0564829558134079
        ],
        [
            0.058758385479450226,
            0.05088415741920471,
            -0.06346574425697327
        ],
        [
            0.03545807674527168,
            0.07102492451667786,
            -0.0754220113158226
        ],
        [
            0.03931821137666702,
            0.09177982807159424,
            -0.06846681237220764
        ],
        [
            0.05191134288907051,
            0.1028948426246643,
            -0.04997601360082626
        ],
        [
            0.03617215156555176,
            0.050893351435661316,
            -0.05247586593031883
        ],
        [
            0.017023231834173203,
            0.07613827288150787,
            -0.05432461202144623
        ],
        [
            0.020784713327884674,
            0.09764203429222107,
            -0.046150777488946915
        ],
        [
            0.03064291924238205,
            0.1178300604224205,
            -0.03321194648742676
        ],
        [
            0.02791190892457962,
            0.04748925939202309,
            -0.027354741469025612
        ],
        [
            0.015977855771780014,
            0.07340046763420105,
            -0.03199461102485657
        ],
        [
            0.020069051533937454,
            0.0960475280880928,
            -0.022641118615865707
        ],
        [
            0.030799636617302895,
            0.11287330090999603,
            -0.006172524765133858
        ],
        [
            0.025702357292175293,
            0.04711027443408966,
            -0.005696573760360479
        ],
        [
            0.019167501479387283,
            0.06719731539487839,
            -0.006744008511304855
        ],
        [
            0.022127561271190643,
            0.08379100263118744,
            0.0019988445565104485
        ],
        [
            0.0326041653752327,
            0.0964219942688942,
            0.0109581109136343
        ]
    ],
    "pred_vertices": [
        [
            0.08291727304458618,
            0.04534928500652313,
            -0.031723976135253906
        ],
        [
            0.08881165087223053,
            0.041997067630290985,
            -0.023887809365987778
        ],
        [
            0.09098165482282639,
            0.05033108964562416,
            -0.027269665151834488
        ],
        [
            0.08573605865240097,
            0.05190237611532211,
            -0.03745272383093834
        ],
        [
            0.10430483520030975,
            0.04549992457032204,
            -0.00848088413476944
        ],
        [
            0.11572520434856415,
            0.04233543202280998,
            -0.009396146982908249
        ],
        [
            0.11512073874473572,
            0.05714471638202667,
            -0.014611907303333282
        ],
        [
            0.10585397481918335,
            0.05839056149125099,
            -0.01152791827917099
        ],
        [
            0.08792281895875931,
            0.05677679181098938,
            -0.04153665155172348
        ],
        [
            0.09287908673286438,
            0.057519227266311646,
            -0.02939072623848915
        ],
        [
            0.09051675349473953,
            0.05774788558483124,
            -0.04215086251497269
        ],
        [
            0.08306141942739487,
            0.049128469079732895,
            -0.057110413908958435
        ],
        [
            0.08200865983963013,
            0.05257834866642952,
            -0.052733611315488815
        ],
        [
            0.07593271881341934,
            0.046502918004989624,
            -0.0642462745308876
        ],
        [
            0.08515872806310654,
            0.038596753031015396,
            -0.057495009154081345
        ],
        [
            0.07093220204114914,
            0.03827761858701706,
            -0.06511484086513519
        ],
        [
            0.06623077392578125,
            0.01793833076953888,
            -0.04285232722759247
        ],
        [
            0.05853075161576271,
            0.015327472239732742,
            -0.03164219856262207
        ],
        [
            0.04690458998084068,
            0.02359280362725258,
            -0.041110970079898834
        ],
        [
            0.05616806820034981,
            0.026031633839011192,
            -0.051097750663757324
        ],
        [
            0.041688188910484314,
            0.022165529429912567,
            -0.02104365825653076
        ],
        [
            0.043827056884765625,
            0.023284561932086945,
            -0.03260191157460213
        ],
        [
            0.05508139729499817,
            0.01392848789691925,
            -0.02344438061118126
        ],
        [
            0.052751969546079636,
            0.013591423630714417,
            -0.013492092490196228
        ],
        [
            0.0772688090801239,
            0.03788035735487938,
            -0.018034085631370544
        ],
        [
            0.08354122936725616,
            0.033932097256183624,
            -0.011028818786144257
        ],
        [
            0.08542339503765106,
            0.035412900149822235,
            -0.017093561589717865
        ],
        [
            0.07980971038341522,
            0.03950294852256775,
            -0.023121103644371033
        ],
        [
            0.10148782283067703,
            0.06390218436717987,
            -0.04024561494588852
        ],
        [
            0.1011728048324585,
            0.04805735871195793,
            -0.046669699251651764
        ],
        [
            0.09446989744901657,
            0.05237481743097305,
            -0.046568337827920914
        ],
        [
            0.09832513332366943,
            0.06646497547626495,
            -0.03628551587462425
        ],
        [
            0.09601068496704102,
            0.028523391112685204,
            0.01570156216621399
        ],
        [
            0.10302484035491943,
            0.017712708562612534,
            0.019884996116161346
        ],
        [
            0.10655545443296432,
            0.017321109771728516,
            0.01511610671877861
        ],
        [
            0.09905248135328293,
            0.026809025555849075,
            0.011897459626197815
        ],
        [
            0.11585526913404465,
            0.024492941796779633,
            -0.0019959360361099243
        ],
        [
            0.11818109452724457,
            0.015600822865962982,
            0.0014953240752220154
        ],
        [
            0.12521731853485107,
            0.0063927508890628815,
            -0.0046824440360069275
        ],
        [
            0.12357158958911896,
            0.01432594284415245,
            -0.010853499174118042
        ],
        [
            0.11505447328090668,
            0.03344547748565674,
            -0.0063090696930885315
        ],
        [
            0.12335474789142609,
            0.026281777769327164,
            -0.01394793763756752
        ],
        [
            0.12282474339008331,
            0.03735984116792679,
            -0.016621697694063187
        ],
        [
            0.12064164876937866,
            0.054201558232307434,
            -0.021288316696882248
        ],
        [
            0.09421785175800323,
            0.015571527183055878,
            0.02894654870033264
        ],
        [
            0.08805788308382034,
            0.023582521826028824,
            0.027465835213661194
        ],
        [
            0.04762803018093109,
            0.07603442668914795,
            -0.07077424228191376
        ],
        [
            0.04438081756234169,
            0.07638521492481232,
            -0.06559093296527863
        ],
        [
            0.04561856761574745,
            0.07490294426679611,
            -0.06536068767309189
        ],
        [
            0.04824116453528404,
            0.0750293880701065,
            -0.07066566497087479
        ],
        [
            0.07635335624217987,
            0.006170414388179779,
            0.0286332368850708
        ],
        [
            0.07293210923671722,
            -0.0019823871552944183,
            0.023828089237213135
        ],
        [
            0.07755203545093536,
            -0.004319634288549423,
            0.028959542512893677
        ],
        [
            0.08225710690021515,
            0.003106500953435898,
            0.03224360570311546
        ],
        [
            0.06863026320934296,
            0.010272089391946793,
            0.023791100829839706
        ],
        [
            0.06704190373420715,
            0.001811884343624115,
            0.01653778925538063
        ],
        [
            0.039736341685056686,
            0.0763525664806366,
            -0.08099372684955597
        ],
        [
            0.044578589498996735,
            0.07691864669322968,
            -0.07915863394737244
        ],
        [
            0.04428176209330559,
            0.07305598258972168,
            -0.07995878905057907
        ],
        [
            0.03953584283590317,
            0.07101074606180191,
            -0.0808192789554596
        ],
        [
            0.08029694855213165,
            0.052228860557079315,
            -0.046461254358291626
        ],
        [
            0.07729551941156387,
            0.049081794917583466,
            -0.03834129497408867
        ],
        [
            0.06683366000652313,
            0.05777017027139664,
            -0.05754612013697624
        ],
        [
            0.07006662338972092,
            0.05326470732688904,
            -0.04940348118543625
        ],
        [
            0.07504397630691528,
            0.05284755304455757,
            -0.05454707145690918
        ],
        [
            0.07113564014434814,
            0.055318500846624374,
            -0.06146363168954849
        ],
        [
            0.05966396629810333,
            0.04720587283372879,
            -0.02882568910717964
        ],
        [
            0.06762349605560303,
            0.04172755032777786,
            -0.022177159786224365
        ],
        [
            0.07008064538240433,
            0.043266940861940384,
            -0.028230367228388786
        ],
        [
            0.06266721338033676,
            0.049948323518037796,
            -0.03645608574151993
        ],
        [
            0.06158512085676193,
            0.04224457964301109,
            -0.009383030235767365
        ],
        [
            0.05407187342643738,
            0.04715803265571594,
            -0.017117932438850403
        ],
        [
            0.051491912454366684,
            0.04678726941347122,
            -0.00894654355943203
        ],
        [
            0.05766834318637848,
            0.044270507991313934,
            -0.004576422274112701
        ],
        [
            0.04336662217974663,
            0.05480695515871048,
            -0.03303515166044235
        ],
        [
            0.03891623765230179,
            0.05689607933163643,
            -0.03753751143813133
        ],
        [
            0.03680326044559479,
            0.058172281831502914,
            -0.034321099519729614
        ],
        [
            0.04179941117763519,
            0.05434216186404228,
            -0.029628358781337738
        ],
        [
            0.08205622434616089,
            -0.007623635232448578,
            0.033332034945487976
        ],
        [
            0.08823281526565552,
            -0.00016587600111961365,
            0.03483688831329346
        ],
        [
            0.036828119307756424,
            0.02413715422153473,
            0.000135691836476326
        ],
        [
            0.04018266871571541,
            0.027955802157521248,
            0.010089149698615074
        ],
        [
            0.029391208663582802,
            0.034614697098731995,
            0.005420675501227379
        ],
        [
            0.028190532699227333,
            0.02840835601091385,
            -0.004387307912111282
        ],
        [
            0.07314234226942062,
            -0.007321096956729889,
            0.014966022223234177
        ],
        [
            0.07609619945287704,
            -0.010718800127506256,
            0.021382369101047516
        ],
        [
            0.03381241485476494,
            0.07557690143585205,
            -0.0790950357913971
        ],
        [
            0.03390905261039734,
            0.06998085975646973,
            -0.07849012315273285
        ],
        [
            0.12286250293254852,
            0.028130922466516495,
            -0.026843111962080002
        ],
        [
            0.12131677567958832,
            0.04990336298942566,
            -0.03016497567296028
        ],
        [
            0.12255467474460602,
            0.013353005051612854,
            -0.021495629101991653
        ],
        [
            0.12131020426750183,
            0.003733057528734207,
            -0.016388822346925735
        ],
        [
            0.12295852601528168,
            -0.0033994950354099274,
            -0.011238448321819305
        ],
        [
            0.06392450630664825,
            0.054729390889406204,
            -0.047193512320518494
        ],
        [
            0.07567849010229111,
            0.04409818723797798,
            -0.03050968423485756
        ],
        [
            0.07499665021896362,
            0.03733150660991669,
            -0.013317737728357315
        ],
        [
            0.059098780155181885,
            0.04209104925394058,
            0.012682225555181503
        ],
        [
            0.06685836613178253,
            0.03782748430967331,
            0.018429208546876907
        ],
        [
            0.07008372247219086,
            0.04049669951200485,
            0.008597668260335922
        ],
        [
            0.06236400455236435,
            0.04313945025205612,
            0.005403727293014526
        ],
        [
            0.04334520921111107,
            0.036215368658304214,
            0.01443447358906269
        ],
        [
            0.04720429331064224,
            0.042747922241687775,
            0.01166883297264576
        ],
        [
            0.04013211280107498,
            0.0459752231836319,
            0.007260242477059364
        ],
        [
            0.03468545526266098,
            0.04070718213915825,
            0.009561298415064812
        ],
        [
            0.10866651684045792,
            0.06359732151031494,
            -0.04256145656108856
        ],
        [
            0.10831805318593979,
            0.04543043300509453,
            -0.04559902101755142
        ],
        [
            0.08214767277240753,
            0.014820326119661331,
            0.030514046549797058
        ],
        [
            0.08874902874231339,
            0.010879520326852798,
            0.03190480172634125
        ],
        [
            0.09414846450090408,
            0.004795089364051819,
            0.03437575697898865
        ],
        [
            0.0906633734703064,
            0.031427960842847824,
            0.0012369714677333832
        ],
        [
            0.10113774240016937,
            0.02562250941991806,
            0.009182251989841461
        ],
        [
            0.10287129878997803,
            0.025992993265390396,
            0.00513710081577301
        ],
        [
            0.09124303609132767,
            0.030488179996609688,
            -0.0027033425867557526
        ],
        [
            0.09375229477882385,
            0.03851430118083954,
            -0.013624440878629684
        ],
        [
            0.10297437757253647,
            0.03478429466485977,
            -0.0052651651203632355
        ],
        [
            0.09493838250637054,
            0.04860026389360428,
            -0.01511000469326973
        ],
        [
            0.11231140047311783,
            0.01575075462460518,
            0.009546089917421341
        ],
        [
            0.11331963539123535,
            0.010834567248821259,
            0.019457731395959854
        ],
        [
            0.11871053278446198,
            0.009408827871084213,
            0.012515276670455933
        ],
        [
            0.10662604123353958,
            0.009946741163730621,
            0.026551581919193268
        ],
        [
            0.09989389777183533,
            0.00810309499502182,
            0.032061174511909485
        ],
        [
            0.07876640558242798,
            -0.016896072775125504,
            0.026599541306495667
        ],
        [
            0.12245070189237595,
            0.007528495043516159,
            0.005330599844455719
        ],
        [
            0.107426218688488,
            0.06714305281639099,
            -0.01610875129699707
        ],
        [
            0.10888813436031342,
            0.07502488791942596,
            -0.020387206226587296
        ],
        [
            0.10198906809091568,
            0.07366109639406204,
            -0.022225068882107735
        ],
        [
            0.1000465601682663,
            0.06635483354330063,
            -0.01914185658097267
        ],
        [
            0.0675814226269722,
            0.047443076968193054,
            -0.07063332200050354
        ],
        [
            0.07082520425319672,
            0.05297005549073219,
            -0.0668182298541069
        ],
        [
            0.07822372019290924,
            0.05067892372608185,
            -0.059932757169008255
        ],
        [
            0.08586878329515457,
            0.03399796411395073,
            0.014247775077819824
        ],
        [
            0.07963499426841736,
            0.029704349115490913,
            0.02434462308883667
        ],
        [
            0.06055402010679245,
            0.05884367972612381,
            -0.05541125312447548
        ],
        [
            0.04044298082590103,
            0.0667266845703125,
            -0.08105798810720444
        ],
        [
            0.04572759196162224,
            0.06953726708889008,
            -0.08042051643133163
        ],
        [
            0.05596088618040085,
            0.05710818991065025,
            -0.07677560299634933
        ],
        [
            0.050201307982206345,
            0.05335839092731476,
            -0.0774499773979187
        ],
        [
            0.04958350211381912,
            0.058363188058137894,
            -0.05818052217364311
        ],
        [
            0.05617104470729828,
            0.06035967171192169,
            -0.05777883157134056
        ],
        [
            0.0533587820827961,
            0.06068092957139015,
            -0.05854705721139908
        ],
        [
            0.046910859644412994,
            0.05973147973418236,
            -0.05747868865728378
        ],
        [
            0.03552577272057533,
            0.05649953335523605,
            -0.025254160165786743
        ],
        [
            0.04003390297293663,
            0.053283292800188065,
            -0.021204441785812378
        ],
        [
            0.04686010256409645,
            0.03696837276220322,
            -0.05767060071229935
        ],
        [
            0.05611667037010193,
            0.034018706530332565,
            -0.06691685318946838
        ],
        [
            0.06445008516311646,
            0.02966114692389965,
            -0.059903331100940704
        ],
        [
            0.05693286284804344,
            0.046459197998046875,
            -0.021916760131716728
        ],
        [
            0.04938655346632004,
            0.05137469246983528,
            -0.02724730409681797
        ],
        [
            0.04747416451573372,
            0.05102923884987831,
            -0.023572148755192757
        ],
        [
            0.05913307145237923,
            0.0556969977915287,
            -0.04713624343276024
        ],
        [
            0.05505986884236336,
            0.058359429240226746,
            -0.052995484322309494
        ],
        [
            0.05345064774155617,
            0.056544169783592224,
            -0.04846997931599617
        ],
        [
            0.05693584308028221,
            0.053973838686943054,
            -0.04230372980237007
        ],
        [
            0.04996133968234062,
            0.020630858838558197,
            0.01537928357720375
        ],
        [
            0.05331077426671982,
            0.030402572825551033,
            0.020673340186476707
        ],
        [
            0.04760139808058739,
            0.07654494047164917,
            -0.07558475434780121
        ],
        [
            0.047703713178634644,
            0.07450928539037704,
            -0.07610586285591125
        ],
        [
            0.06481222808361053,
            0.041135020554065704,
            -0.015543811023235321
        ],
        [
            0.07402035593986511,
            0.023849815130233765,
            -0.050907544791698456
        ],
        [
            0.07269090414047241,
            0.037246137857437134,
            -0.008277788758277893
        ],
        [
            0.026773400604724884,
            0.038692109286785126,
            -0.020925460383296013
        ],
        [
            0.027165362611413002,
            0.04615040868520737,
            -0.016454778611660004
        ],
        [
            0.02532809227705002,
            0.050022874027490616,
            -0.019699735566973686
        ],
        [
            0.02298123948276043,
            0.0459463894367218,
            -0.02391168288886547
        ],
        [
            0.03748304769396782,
            0.06874769926071167,
            -0.06091456860303879
        ],
        [
            0.042058732360601425,
            0.07231667637825012,
            -0.06129535287618637
        ],
        [
            0.04071323201060295,
            0.07357874512672424,
            -0.06168599799275398
        ],
        [
            0.035012416541576385,
            0.07172980159521103,
            -0.061932265758514404
        ],
        [
            0.06114392727613449,
            0.06072990968823433,
            -0.060822200030088425
        ],
        [
            0.06533587723970413,
            0.05910233035683632,
            -0.06546902656555176
        ],
        [
            0.060033753514289856,
            0.06282196938991547,
            -0.0668809786438942
        ],
        [
            0.05662421137094498,
            0.062483593821525574,
            -0.06207028403878212
        ],
        [
            0.06416735798120499,
            0.05618254840373993,
            -0.07097583264112473
        ],
        [
            0.05961400270462036,
            0.06028970330953598,
            -0.0726899653673172
        ],
        [
            0.03315519541501999,
            0.06543867290019989,
            -0.06451811641454697
        ],
        [
            0.03210403025150299,
            0.06407801061868668,
            -0.07204770296812057
        ],
        [
            0.04072621464729309,
            0.051262348890304565,
            -0.0673423781991005
        ],
        [
            0.04117964953184128,
            0.05614297464489937,
            -0.06128394976258278
        ],
        [
            0.06264825165271759,
            0.004255801439285278,
            -0.006753087043762207
        ],
        [
            0.059112951159477234,
            0.006016675382852554,
            0.0036644190549850464
        ],
        [
            0.048998214304447174,
            0.01521645113825798,
            -0.002791173756122589
        ],
        [
            0.03802765905857086,
            0.02329714596271515,
            -0.009057750925421715
        ],
        [
            0.028806038200855255,
            0.031756334006786346,
            -0.01576909050345421
        ],
        [
            0.03156225010752678,
            0.0286119282245636,
            -0.027256004512310028
        ],
        [
            0.04792442172765732,
            0.016163624823093414,
            0.005267959088087082
        ],
        [
            0.044873591512441635,
            0.05171665549278259,
            -0.058252837508916855
        ],
        [
            0.046912018209695816,
            0.043883923441171646,
            -0.06372473388910294
        ],
        [
            0.04402698203921318,
            0.04514552652835846,
            -0.05925104767084122
        ],
        [
            0.06967607140541077,
            0.039000749588012695,
            -0.0016793273389339447
        ],
        [
            0.04909506440162659,
            0.07225628197193146,
            -0.07706736028194427
        ],
        [
            0.10299736261367798,
            -0.01120356097817421,
            -0.01569904014468193
        ],
        [
            0.09241417050361633,
            -0.014857567846775055,
            -0.0078778937458992
        ],
        [
            0.08919931948184967,
            -0.009188774973154068,
            -0.013823095709085464
        ],
        [
            0.1014929786324501,
            -0.004017993807792664,
            -0.022472593933343887
        ],
        [
            0.04718325287103653,
            0.07473393529653549,
            -0.06563998758792877
        ],
        [
            0.050156090408563614,
            0.07444198429584503,
            -0.07121308147907257
        ],
        [
            0.036188796162605286,
            0.05395239591598511,
            -0.015720222145318985
        ],
        [
            0.032481901347637177,
            0.056270476430654526,
            -0.02031715214252472
        ],
        [
            0.028897933661937714,
            0.05537362024188042,
            -0.018788080662488937
        ],
        [
            0.03123655915260315,
            0.05547206476330757,
            -0.012618767097592354
        ],
        [
            0.05882202461361885,
            0.006790470331907272,
            0.00956111028790474
        ],
        [
            0.024278225377202034,
            0.04156048223376274,
            0.002584831789135933
        ],
        [
            0.023028507828712463,
            0.03553648293018341,
            -0.006288835778832436
        ],
        [
            0.06802795827388763,
            -0.0020872168242931366,
            0.008870966732501984
        ],
        [
            0.07083724439144135,
            -0.004255499690771103,
            -0.0002371855080127716
        ],
        [
            0.07642409205436707,
            -0.010320369154214859,
            0.00495852530002594
        ],
        [
            0.03427894786000252,
            0.034654758870601654,
            -0.04109019786119461
        ],
        [
            0.0644250363111496,
            0.004889145493507385,
            -0.015208754688501358
        ],
        [
            0.07326193898916245,
            -0.0036571770906448364,
            -0.007470756769180298
        ],
        [
            0.08003988116979599,
            -0.010892905294895172,
            -0.0016048625111579895
        ],
        [
            0.08416646718978882,
            -0.01651422306895256,
            0.002966631203889847
        ],
        [
            0.07985389232635498,
            -0.015194900333881378,
            0.009743515402078629
        ],
        [
            0.035441912710666656,
            0.06493724137544632,
            -0.07744576036930084
        ],
        [
            0.02922796830534935,
            0.06970679759979248,
            -0.07291842997074127
        ],
        [
            0.08270880579948425,
            -0.022056501358747482,
            0.014970481395721436
        ],
        [
            0.08785460144281387,
            -0.022723082453012466,
            0.007285166531801224
        ],
        [
            0.0774727612733841,
            -0.002635117620229721,
            -0.015592817217111588
        ],
        [
            0.08382412791252136,
            0.0001995675265789032,
            -0.025276537984609604
        ],
        [
            0.06883461028337479,
            0.005787789821624756,
            -0.02267111837863922
        ],
        [
            0.07416712492704391,
            0.008943770080804825,
            -0.03275047615170479
        ],
        [
            0.03903289511799812,
            0.029543381184339523,
            -0.04945432394742966
        ],
        [
            0.030495403334498405,
            0.08820582926273346,
            -0.06761886179447174
        ],
        [
            0.0289952103048563,
            0.07665212452411652,
            -0.0675937607884407
        ],
        [
            0.03318603336811066,
            0.07608586549758911,
            -0.063481904566288
        ],
        [
            0.031852126121520996,
            0.08658380806446075,
            -0.06375196576118469
        ],
        [
            0.030711611732840538,
            0.07032597064971924,
            -0.06567081063985825
        ],
        [
            0.029153600335121155,
            0.07586792856454849,
            -0.07340782135725021
        ],
        [
            0.08481936901807785,
            0.01635606586933136,
            -0.04247884824872017
        ],
        [
            0.04873044788837433,
            0.05861557275056839,
            -0.053503770381212234
        ],
        [
            0.09836792945861816,
            0.009490076452493668,
            -0.0345984511077404
        ],
        [
            0.09394625574350357,
            0.030360225588083267,
            -0.051508232951164246
        ],
        [
            0.10491183400154114,
            0.02703084424138069,
            -0.04422296956181526
        ],
        [
            0.11334209144115448,
            0.003316551446914673,
            -0.026165738701820374
        ],
        [
            0.1160401999950409,
            0.019013535231351852,
            -0.03474694490432739
        ],
        [
            0.11534422636032104,
            -0.010767381638288498,
            -0.013414397835731506
        ],
        [
            0.11269543319940567,
            -0.004561919718980789,
            -0.01953088864684105
        ],
        [
            0.11721104383468628,
            0.037497784942388535,
