{
    "pred_cam": [
        6.977294921875,
        -0.04003800079226494,
        -0.012811517342925072
    ],
    "pred_mano_params": {
        "global_orient": [
            [
                [
                    0.8770846724510193,
                    0.4672771692276001,
                    -0.1112409383058548
                ],
                [
                    0.37617528438568115,
                    -0.8122252821922302,
                    -0.4458500146865845
                ],
                [
                    -0.29868823289871216,
                    0.34920209646224976,
                    -0.888168454170227
                ]
            ]
        ],
        "hand_pose": [
            [
                [
                    0.7480332255363464,
                    -0.6566468477249146,
                    -0.09623616188764572
                ],
                [
                    0.6491788029670715,
                    0.7541038393974304,
                    -0.0994701161980629
                ],
                [
                    0.13788878917694092,
                    0.01193245779722929,
                    0.9903759360313416
                ]
            ],
            [
                [
                    0.7074993848800659,
                    -0.7021901607513428,
                    0.07983517646789551
                ],
                [
                    0.6848264932632446,
                    0.6533021926879883,
                    -0.322814017534256
                ],
                [
                    0.1745203286409378,
                    0.28306394815444946,
                    0.9430893063545227
                ]
            ],
            [
                [
                    0.8475730419158936,
                    -0.5254331231117249,
                    0.07443114370107651
                ],
                [
                    0.5113690495491028,
                    0.8461499214172363,
                    0.1501067727804184
                ],
                [
                    -0.14185097813606262,
                    -0.08916465938091278,
                    0.9858641028404236
                ]
            ],
            [
                [
                    0.3449147045612335,
                    -0.8959551453590393,
                    -0.27981826663017273
                ],
                [
                    0.9324519038200378,
                    0.36122187972068787,
                    -0.007227150723338127
                ],
                [
                    0.1075516939163208,
                    -0.258424311876297,
                    0.9600258469581604
                ]
            ],
            [
                [
                    0.8475558757781982,
                    -0.4736795127391815,
                    -0.23932567238807678
                ],
                [
                    0.5107998251914978,
                    0.8504583239555359,
                    0.12571480870246887
                ],
                [
                    0.1439879685640335,
                    -0.22879785299301147,
                    0.9627663493156433
                ]
            ],
            [
                [
                    0.8217493891716003,
                    -0.5522967576980591,
                    0.14034344255924225
                ],
                [
                    0.5547723770141602,
                    0.8316431045532227,
                    0.024439889937639236
                ],
                [
                    -0.13021373748779297,
                    0.05777519941329956,
                    0.9898012280464172
                ]
            ],
            [
                [
                    0.2778516113758087,
                    -0.9411512613296509,
                    -0.19243907928466797
                ],
                [
                    0.6727174520492554,
                    0.04762823507189751,
                    0.7383648753166199
                ],
                [
                    -0.685747504234314,
                    -0.33461302518844604,
                    0.6463624835014343
                ]
            ],
            [
                [
                    0.9588990807533264,
                    -0.26816946268081665,
                    -0.09272413700819016
                ],
                [
                    0.26044732332229614,
                    0.9615203738212585,
                    -0.08744034171104431
                ],
                [
                    0.11260498315095901,
                    0.05969671905040741,
                    0.9918450117111206
                ]
            ],
            [
                [
                    0.977031409740448,
                    0.20032787322998047,
                    0.0726526752114296
                ],
                [
                    -0.21211771667003632,
                    0.8816555738449097,
                    0.42153242230415344
                ],
                [
                    0.020390063524246216,
                    -0.4272612929344177,
                    0.903898298740387
                ]
            ],
            [
                [
                    0.1533794403076172,
                    -0.9826825857162476,
                    -0.10397025942802429
                ],
                [
                    0.972792387008667,
                    0.13166682422161102,
                    0.19062775373458862
                ],
                [
                    -0.17363710701465607,
                    -0.1303798258304596,
                    0.9761411547660828
                ]
            ],
            [
                [
                    0.9408708810806274,
                    -0.31859490275382996,
                    -0.11514907330274582
                ],
                [
                    0.33748552203178406,
                    0.8519882559776306,
                    0.40027445554733276
                ],
                [
                    -0.029419725760817528,
                    -0.4154677093029022,
                    0.9091321229934692
                ]
            ],
            [
                [
                    0.8647600412368774,
                    -0.45998507738113403,
                    0.2015039175748825
                ],
                [
                    0.39916127920150757,
                    0.8730769157409668,
                    0.28001245856285095
                ],
                [
                    -0.30472996830940247,
                    -0.16171102225780487,
                    0.9386102557182312
                ]
            ],
            [
                [
                    0.9561406970024109,
                    -0.16687063872814178,
                    -0.24072641134262085
                ],
                [
                    -0.17490288615226746,
                    0.3339806795120239,
                    -0.9262105226516724
                ],
                [
                    0.2349553108215332,
                    0.9276912808418274,
                    0.2901463508605957
                ]
            ],
            [
                [
                    0.9262810945510864,
                    -0.3732050061225891,
                    0.05216531082987785
                ],
                [
                    0.30607765913009644,
                    0.8258663415908813,
                    0.4735621511936188
                ],
                [
                    -0.2198173850774765,
                    -0.42268508672714233,
                    0.8792141079902649
                ]
            ],
            [
                [
                    0.9787948727607727,
                    0.04976879060268402,
                    -0.1987053006887436
                ],
                [
                    -0.10206210613250732,
                    0.9595434069633484,
                    -0.26241156458854675
                ],
                [
                    0.177606463432312,
                    0.27712732553482056,
                    0.9442756772041321
                ]
            ]
        ],
        "betas": [
            -0.0143042653799057,
            -0.0692141056060791,
            -0.018332868814468384,
            -0.03589126467704773,
            -0.028863340616226196,
            -0.051046572625637054,
            0.05542843043804169,
            -0.14670133590698242,
            0.019284427165985107,
            -0.08098950982093811
        ]
    },
    "pred_cam_t": [
        -0.04003800079226494,
        -0.012811517342925072,
        5.598516464233398
    ],
    "focal_length": [
        5000.0,
        5000.0
    ],
    "pred_keypoints_3d": [
        [
            0.095795176923275,
            0.006376170553267002,
            0.006216199602931738
        ],
        [
            0.06456173211336136,
            -0.001509600318968296,
            -0.014940507709980011
        ],
        [
            0.034112513065338135,
            0.0026825591921806335,
            -0.01662548817694187
        ],
        [
            0.007992364466190338,
            0.009504064917564392,
            -0.01397731900215149
        ],
        [
            -0.026426559314131737,
            0.017353281378746033,
            -0.008114291355013847
        ],
        [
            0.013764090836048126,
            -0.03174862265586853,
            0.01241876557469368
        ],
        [
            -0.018578842282295227,
            -0.026081494987010956,
            0.016154315322637558
        ],
        [
            -0.02789127267897129,
            -0.005970044061541557,
            0.014564291574060917
        ],
        [
            -0.02753617614507675,
            0.018004465848207474,
            0.008539166301488876
        ],
        [
            0.012373380362987518,
            -0.0265665166079998,
            0.037046581506729126
        ],
        [
            -0.00943053886294365,
            -0.0035366546362638474,
            0.03853633254766464
        ],
        [
            -0.01218313816934824,
            0.018988436087965965,
            0.03322615846991539
        ],
        [
            -0.009423934854567051,
            0.03995456546545029,
            0.01902390643954277
        ],
        [
            0.02511703222990036,
            -0.00929888803511858,
            0.05303965508937836
        ],
        [
            0.006722971796989441,
            0.011563756503164768,
            0.04518856108188629
        ],
        [
            0.00446611363440752,
            0.033861346542835236,
            0.03446083515882492
        ],
        [
            0.0040679266676306725,
            0.050661273300647736,
            0.015763211995363235
        ],
        [
            0.03549259528517723,
            0.007839991711080074,
            0.06174750626087189
        ],
        [
            0.023300357162952423,
            0.022132087498903275,
            0.05201362073421478
        ],
        [
            0.016070907935500145,
            0.03658922389149666,
            0.04206729680299759
        ],
        [
            0.005282267928123474,
            0.05245456472039223,
            0.029332131147384644
        ]
    ],
    "pred_vertices": [
        [
            0.04285972937941551,
            -0.0058310870081186295,
            0.0014874618500471115
        ],
        [
            0.05246902257204056,
            -0.000590108335018158,
            -0.0008080229163169861
        ],
        [
            0.04414850473403931,
            -0.0008053295314311981,
            -0.0025539621710777283
        ],
        [
            0.03580344095826149,
            -0.007765119895339012,
            -0.002548595890402794
        ],
        [
            0.05572180822491646,
            0.01590568944811821,
            -0.010048378258943558
        ],
        [
            0.05899443477392197,
            0.01640923321247101,
            -0.021814847365021706
        ],
        [
            0.04283449798822403,
            0.015759378671646118,
            -0.020414302125573158
        ],
        [
            0.04298422485589981,
            0.016435256227850914,
            -0.010083165019750595
        ],
        [
            0.030149919912219048,
            -0.010231053456664085,
            -0.004455220885574818
        ],
        [
            0.03664775192737579,
            -0.0004942417144775391,
            -0.003772929310798645
        ],
        [
            0.02900770865380764,
            -0.012372838333249092,
            -0.005083125084638596
        ],
        [
            0.026878174394369125,
            -0.02705026976764202,
            -0.004808102734386921
        ],
        [
            0.025881720706820488,
            -0.02057775668799877,
            -0.003881988115608692
        ],
        [
            0.02323240041732788,
            -0.033901385962963104,
            -0.0014214213006198406
        ],
        [
            0.035664789378643036,
            -0.03269154205918312,
            -0.005663108080625534
        ],
        [
            0.0273965522646904,
            -0.04035845026373863,
            0.004180782474577427
        ],
        [
            0.053125038743019104,
            -0.0327584482729435,
            0.01749006099998951
        ],
        [
            0.0581800639629364,
            -0.02624197117984295,
            0.0285369623452425
        ],
        [
            0.04257635027170181,
            -0.03202958405017853,
            0.03620469197630882
        ],
        [
            0.038790859282016754,
            -0.037138450890779495,
            0.023712381720542908
        ],
        [
            0.05212341248989105,
            -0.017133697867393494,
            0.047811705619096756
        ],
        [
            0.04608488455414772,
            -0.025521473959088326,
            0.041743434965610504
        ],
        [
            0.06229022890329361,
            -0.020866267383098602,
            0.03462298586964607
        ],
        [
            0.0667712464928627,
            -0.01337888091802597,
            0.04006301611661911
        ],
        [
            0.052740588784217834,
            0.0012242794036865234,
            0.011202618479728699
        ],
        [
            0.06191285327076912,
            0.006057128310203552,
            0.00784982554614544
        ],
        [
            0.059475649148225784,
            0.0020620934665203094,
            0.004106683656573296
        ],
        [
            0.05024057254195213,
            -0.0018051043152809143,
            0.0071730297058820724
        ],
        [
            0.025550177320837975,
            -0.008026063442230225,
            -0.01297391951084137
        ],
        [
            0.03638945519924164,
            -0.018500592559576035,
            -0.01601831242442131
        ],
        [
            0.03189009800553322,
            -0.018019292503595352,
            -0.009796854108572006
        ],
        [
            0.02474978193640709,
            -0.004679779522120953,
            -0.008581867441534996
        ],
        [
            0.08251570165157318,
            0.026765698567032814,
            0.005268249660730362
        ],
        [
            0.09555681049823761,
            0.025164343416690826,
            0.0017478987574577332
        ],
        [
            0.09456690400838852,
            0.0217782873660326,
            -0.0030676983296871185
        ],
        [
            0.08305833488702774,
            0.023452388122677803,
            0.0012692436575889587
        ],
        [
            0.08159957826137543,
            0.015332445502281189,
            -0.019620172679424286
        ],
        [
            0.0920407772064209,
            0.012646172195672989,
            -0.018599286675453186
        ],
        [
            0.09841777384281158,
            0.0032040253281593323,
            -0.025198884308338165
        ],
        [
            0.0874788910150528,
            0.002880580723285675,
            -0.027066946029663086
        ],
        [
            0.06989726424217224,
            0.016224082559347153,
            -0.020985284820199013
        ],
        [
            0.07429306209087372,
            0.007077310234308243,
            -0.02974633499979973
        ],
        [
            0.060746707022190094,
            0.00913570262491703,
            -0.030197247862815857
        ],
        [
            0.042563870549201965,
            0.010312898084521294,
            -0.027770619839429855
        ],
        [
            0.09915802627801895,
            0.02975253015756607,
            0.013188693672418594
        ],
        [
            0.08999056369066238,
            0.0321287177503109,
            0.017255187034606934
        ],
        [
            -0.014760041609406471,
            -0.016623524948954582,
            0.006648009642958641
        ],
        [
            -0.013215801678597927,
            -0.013677604496479034,
            0.01180186215788126
        ],
        [
            -0.009980930015444756,
            -0.01540183462202549,
            0.010588223114609718
        ],
        [
            -0.012037637643516064,
            -0.018252840265631676,
            0.006046139169484377
        ],
        [
            0.10130666196346283,
            0.021194152534008026,
            0.03151703625917435
        ],
        [
            0.10446727275848389,
            0.012100501917302608,
            0.034459881484508514
        ],
        [
            0.11033494025468826,
            0.01570303365588188,
            0.03204626217484474
        ],
        [
            0.10738705098628998,
            0.023378465324640274,
            0.02751108817756176
        ],
        [
            0.09330704808235168,
            0.0182479415088892,
            0.036810748279094696
        ],
        [
            0.09599597007036209,
            0.007312169298529625,
            0.03726842254400253
        ],
        [
            -0.02361661195755005,
            -0.02543441392481327,
            0.009518739767372608
        ],
        [
            -0.021266553550958633,
            -0.02267657220363617,
            0.005666124168783426
        ],
        [
            -0.0180724635720253,
            -0.026642445474863052,
            0.006126773077994585
        ],
        [
            -0.01925843022763729,
            -0.029791023582220078,
            0.010601048357784748
        ],
        [
            0.02856515534222126,
            -0.014668909832835197,
            -0.001489301212131977
        ],
        [
            0.03397676721215248,
            -0.009666679427027702,
            0.0036272630095481873
        ],
        [
            0.015634672716259956,
            -0.021238472312688828,
            0.005772624630481005
        ],
        [
            0.022761333733797073,
            -0.017333224415779114,
            0.006114784628152847
        ],
        [
            0.02253006398677826,
            -0.021156661212444305,
            0.00039958860725164413
        ],
        [
            0.016928615048527718,
            -0.025083085522055626,
            0.0009973589330911636
        ],
        [
            0.03448594734072685,
            -0.005532644689083099,
            0.02287682145833969
        ],
        [
            0.04446721076965332,
            -0.0017108786851167679,
            0.018340155482292175
        ],
        [
            0.04107191413640976,
            -0.005432138219475746,
            0.013981389813125134
        ],
        [
            0.029364798218011856,
            -0.009687349200248718,
            0.017258144915103912
        ],
        [
            0.048719316720962524,
            0.007985318079590797,
            0.02772514894604683
        ],
        [
            0.03894052654504776,
            0.002950292080640793,
            0.03161934018135071
        ],
        [
            0.04279458895325661,
            0.008998087607324123,
            0.036338262259960175
        ],
        [
            0.048430174589157104,
            0.012381957843899727,
            0.03243006765842438
        ],
        [
            0.022187620401382446,
            -0.008041533641517162,
            0.03527363762259483
        ],
        [
            0.0185546875,
            -0.011042090132832527,
            0.03633921593427658
        ],
        [
            0.018996573984622955,
            -0.007999207824468613,
            0.03802221268415451
        ],
        [
            0.02383621409535408,
            -0.005595791153609753,
            0.03733247518539429
        ],
        [
            0.11658357083797455,
            0.01814797893166542,
            0.029681727290153503
        ],
        [
            0.11317652463912964,
            0.024651706218719482,
            0.023197650909423828
        ],
        [
            0.059943486005067825,
            0.0009486740455031395,
            0.05813181400299072
        ],
        [
            0.06342947483062744,
            0.011605605483055115,
            0.05663307383656502
        ],
        [
            0.0517214834690094,
            0.0107399458065629,
            0.06262044608592987
        ],
        [
            0.05081217736005783,
            -0.0016543730162084103,
            0.06395754963159561
        ],
        [
            0.10441996157169342,
            0.0019528940320014954,
            0.0323866605758667
        ],
        [
            0.11127427220344543,
            0.005718817934393883,
            0.03208141773939133
        ],
        [
            -0.024183427914977074,
            -0.02610003761947155,
            0.015936853364109993
        ],
        [
            -0.01961129531264305,
            -0.029909847304224968,
            0.0168964434415102
        ],
        [
            0.06510920822620392,
            -0.004054661840200424,
            -0.03217628225684166
        ],
        [
            0.043228693306446075,
            0.0006461571902036667,
            -0.030992470681667328
        ],
        [
            0.08173570036888123,
            -0.0065908413380384445,
            -0.0292661190032959
        ],
        [
            0.09301786124706268,
            -0.008279897272586823,
            -0.02492240071296692
        ],
        [
            0.10252152383327484,
            -0.008259428665041924,
            -0.02347661927342415
        ],
        [
            0.02093658037483692,
            -0.015645354986190796,
            0.012301232665777206
        ],
        [
            0.04121888428926468,
            -0.006026789546012878,
            0.008068829774856567
        ],
        [
            0.054607782512903214,
            0.004420679062604904,
            0.014807416126132011
        ],
        [
            0.05921481177210808,
            0.025520164519548416,
            0.03685186803340912
        ],
        [
            0.0676584243774414,
            0.02914922684431076,
            0.032196834683418274
        ],
        [
            0.06151571869850159,
            0.023249762132763863,
            0.025582704693078995
        ],
        [
            0.05563874542713165,
            0.02077881433069706,
            0.031300075352191925
        ],
        [
            0.06019974499940872,
            0.020679567009210587,
            0.05317134037613869
        ],
        [
            0.05511162802577019,
            0.02299213595688343,
            0.047327857464551926
        ],
        [
            0.04895547032356262,
            0.02039378136396408,
            0.05051949620246887
        ],
        [
            0.05169239640235901,
            0.018300257623195648,
            0.05746885761618614
        ],
        [
            0.02541697956621647,
            -0.007840481586754322,
            -0.020472167059779167
        ],
        [
            0.040098708122968674,
            -0.01716279610991478,
            -0.022238215431571007
        ],
        [
            0.09692108631134033,
            0.028585270047187805,
            0.025255408138036728
        ],
        [
            0.10282914340496063,
            0.028589922934770584,
            0.020060092210769653
        ],
        [
            0.11069896072149277,
            0.028051089495420456,
            0.016683079302310944
        ],
        [
            0.07190902531147003,
            0.016157977283000946,
            0.0049605052918195724
        ],
        [
            0.08340349048376083,
            0.021240396425127983,
            -0.0016177482903003693
        ],
        [
            0.08173877745866776,
            0.019030045717954636,
            -0.00506477989256382
        ],
        [
            0.07156643271446228,
            0.01290450431406498,
            0.002964792773127556
        ],
        [
            0.06098921597003937,
            0.007564336061477661,
            -0.0025106556713581085
        ],
        [
            0.06857287138700485,
            0.015688635408878326,
            -0.009691847488284111
        ],
        [
            0.05063886195421219,
            0.008788235485553741,
            -0.002040395513176918
        ],
        [
            0.09469424933195114,
            0.01768355444073677,
            -0.010213393718004227
        ],
        [
            0.10408708453178406,
            0.022629356011748314,
            -0.006963793188333511
        ],
        [
            0.10332412272691727,
            0.01719938963651657,
            -0.013988366350531578
        ],
        [
            0.10634627193212509,
            0.026738325133919716,
            0.0016563758254051208
        ],
        [
            0.10855802148580551,
            0.028977274894714355,
            0.009992249310016632
        ],
        [
            0.11970965564250946,
            0.006925221532583237,
            0.03217339515686035
        ],
        [
            0.10225720703601837,
            0.011052187532186508,
            -0.019464531913399696
        ],
        [
            0.0338343009352684,
            0.01568198949098587,
            -0.010948248207569122
        ],
        [
            0.0253696758300066,
            0.015709873288869858,
            -0.012422818690538406
        ],
        [
            0.02523096650838852,
            0.010760748758912086,
            -0.006377968937158585
        ],
        [
            0.03328755497932434,
            0.010188339278101921,
            -0.004385899752378464
        ],
        [
            0.016651302576065063,
            -0.03790532797574997,
            0.0025096479803323746
        ],
        [
            0.01599091850221157,
            -0.030734704807400703,
            -0.0002003503032028675
        ],
        [
            0.022745715454220772,
            -0.027019888162612915,
            -0.0031942669302225113
        ],
        [
            0.07425685226917267,
            0.02690328098833561,
            0.013553192839026451
        ],
        [
            0.08094122260808945,
            0.03162885829806328,
            0.023290030658245087
        ],
        [
            0.013681932352483273,
            -0.019682906568050385,
            0.011850687675178051
        ],
        [
            -0.015252812765538692,
            -0.03328774496912956,
            0.011336049064993858
        ],
        [
            -0.013924075290560722,
            -0.030318092554807663,
            0.0060636429116129875
        ],
        [
            0.0030488092452287674,
            -0.03593628108501434,
            0.004479386378079653
        ],
        [
            0.001510796369984746,
            -0.03955269232392311,
            0.01034550555050373
        ],
        [
            0.00822419859468937,
            -0.022782623767852783,
            0.01970362477004528
        ],
        [
            0.010270784609019756,
            -0.02032325230538845,
            0.013364722952246666
        ],
        [
            0.008507492952048779,
            -0.020690063014626503,
            0.014579333364963531
        ],
        [
            0.005833324044942856,
            -0.021058935672044754,
            0.020691003650426865
        ],
        [
            0.024930650368332863,
            -0.0020270193926990032,
            0.04178086668252945
        ],
        [
            0.02862682193517685,
            0.0002792719751596451,
            0.04104728251695633
        ],
        [
            0.023162949830293655,
            -0.03732815012335777,
            0.028634553775191307
        ],
        [
            0.023361779749393463,
            -0.04585307091474533,
            0.017596876248717308
        ],
        [
            0.03466382995247841,
            -0.04181453213095665,
            0.012714422307908535
        ],
        [
            0.03779978305101395,
            -0.0008196234703063965,
            0.027648605406284332
        ],
        [
            0.02917766198515892,
            -0.0038631269708275795,
            0.03218976780772209
        ],
        [
            0.03088562563061714,
            -0.001384524628520012,
            0.03494276851415634
        ],
        [
            0.01877192035317421,
            -0.01572776958346367,
            0.016494568437337875
        ],
        [
            0.012835017405450344,
            -0.019121574237942696,
            0.017804579809308052
        ],
        [
            0.01591300591826439,
            -0.01738843321800232,
            0.020930061116814613
        ],
        [
            0.021680280566215515,
            -0.013181419111788273,
            0.020107533782720566
        ],
        [
            0.07505321502685547,
            0.013667462393641472,
            0.050477735698223114
        ],
        [
            0.07087890058755875,
            0.02417897991836071,
            0.047084126621484756
        ],
        [
            -0.017853977158665657,
            -0.019656112417578697,
            0.004602447152137756
        ],
        [
            -0.015040626749396324,
            -0.02243492193520069,
            0.004381902515888214
        ],
        [
            0.04746013134717941,
            0.002875298261642456,
            0.023047007620334625
        ],
        [
            0.047246962785720825,
            -0.0354490652680397,
            0.007248292211443186
        ],
        [
            0.05642321705818176,
            0.008115459233522415,
            0.01847735606133938
        ],
        [
            0.03411702439188957,
            -0.008169085718691349,
            0.057198718190193176
        ],
        [
            0.03163807466626167,
            9.805429726839066e-06,
            0.05471428483724594
        ],
        [
            0.028629567474126816,
            0.0005586536135524511,
            0.05350940302014351
        ],
        [
            0.027580346912145615,
            -0.004453385714441538,
            0.05599620193243027
        ],
        [
            -0.007600733079016209,
            -0.01802990585565567,
            0.02231767773628235
        ],
        [
            -0.007319394964724779,
            -0.015436327084898949,
            0.016928866505622864
        ],
        [
            -0.009478021413087845,
            -0.014512680470943451,
            0.016790717840194702
        ],
        [
            -0.010919710621237755,
            -0.016768736764788628,
            0.022189229726791382
        ],
        [
            0.011172483675181866,
            -0.021557051688432693,
            0.007620651740580797
        ],
        [
            0.011515277437865734,
            -0.025418076664209366,
            0.00257079117000103
        ],
        [
            0.006851022597402334,
            -0.024243870750069618,
            0.0040751914493739605
        ],
        [
            0.007537476718425751,
            -0.021439414471387863,
            0.009460590779781342
        ],
        [
            0.010419363155961037,
            -0.031472381204366684,
            0.0014832296874374151
        ],
        [
            0.005304701626300812,
            -0.030327679589390755,
            0.002321419073268771
        ],
        [
            -0.009807117283344269,
            -0.02337789349257946,
            0.025244571268558502
        ],
        [
            -0.013297613710165024,
            -0.02979828231036663,
            0.023185841739177704
        ],
        [
            0.002304550725966692,
            -0.03456135094165802,
            0.023778405040502548
        ],
        [
            0.0024470859207212925,
            -0.026733502745628357,
            0.024645304307341576
        ],
        [
            0.08093332499265671,
            -0.011187806725502014,
            0.03399635851383209
        ],
        [
            0.08365850150585175,
            -0.002346910536289215,
            0.040285881608724594
        ],
        [
            0.06969460099935532,
            -0.004489240236580372,
            0.04675588384270668
        ],
        [
            0.05600474402308464,
            -0.007152637466788292,
            0.05446065962314606
        ],
        [
            0.04262867942452431,
            -0.00928901880979538,
            0.05983620509505272
        ],
        [
            0.03990178555250168,
            -0.02026437409222126,
            0.05494207888841629
        ],
        [
            0.0727236270904541,
            0.002571389079093933,
            0.050023481249809265
        ],
        [
            0.012693431228399277,
            -0.027886679396033287,
            0.02546541392803192
        ],
        [
            0.013415168970823288,
            -0.036841027438640594,
            0.024263640865683556
        ],
        [
            0.015532301738858223,
            -0.03278505802154541,
            0.027788454666733742
        ],
        [
            0.05741819366812706,
            0.013972608372569084,
            0.023036936298012733
        ],
        [
            -0.011707729659974575,
            -0.02588876709342003,
            0.003886363934725523
        ],
        [
            0.1011829674243927,
            -0.02008013054728508,
            -0.004569364711642265
        ],
        [
            0.10495496541261673,
            -0.017678607255220413,
            0.008493028581142426
        ],
        [
            0.096439428627491,
            -0.019809063524007797,
            0.008761594071984291
        ],
        [
            0.09149512648582458,
            -0.021687675267457962,
            -0.006507763639092445
        ],
        [
            -0.007993212901055813,
            -0.016332294791936874,
            0.009935612790286541
        ],
        [
            -0.009183615446090698,
            -0.020159196108579636,
            0.004837785381823778
        ],
        [
            0.02987617999315262,
            0.005314621143043041,
            0.044682882726192474
        ],
        [
            0.026587124913930893,
            0.0023227492347359657,
            0.045322712510824203
        ],
        [
            0.028196653351187706,
            0.00389960128813982,
            0.0481627956032753
        ],
        [
            0.029917430132627487,
            0.007999328896403313,
            0.047979146242141724
        ],
        [
            0.08592922240495682,
            0.002905266359448433,
            0.04229392856359482
        ],
        [
            0.043547727167606354,
            0.014893400482833385,
            0.0625293105840683
        ],
        [
            0.042059462517499924,
            0.002493659034371376,
            0.06445113569498062
        ],
        [
            0.09555306285619736,
            -0.0009511988610029221,
            0.03455667197704315
        ],
        [
            0.09361010789871216,
            -0.00909417774528265,
            0.02945256605744362
        ],
        [
            0.1028401330113411,
            -0.007307230494916439,
            0.02671552263200283
        ],
        [
            0.029318198561668396,
            -0.026589084416627884,
            0.045961763709783554
        ],
        [
            0.07673422992229462,
            -0.01738906092941761,
            0.029573675245046616
        ],
        [
            0.0902479812502861,
            -0.014238404110074043,
            0.02485070377588272
        ],
        [
            0.101117804646492,
            -0.012362774461507797,
            0.021389635279774666
        ],
        [
            0.10921672731637955,
            -0.011136233806610107,
            0.019823484122753143
        ],
        [
            0.110219806432724,
            -0.005606560967862606,
            0.02573462948203087
        ],
        [
            -0.014920894056558609,
            -0.03252725303173065,
            0.017707396298646927
        ],
        [
            -0.018307846039533615,
            -0.026714567095041275,
            0.023165427148342133
        ],
        [
            0.11924494802951813,
            -0.004755509085953236,
            0.02576601691544056
        ],
        [
            0.1174958199262619,
            -0.010515935719013214,
            0.018697092309594154
        ],
        [
            0.08666244149208069,
            -0.019592897966504097,
            0.018245268613100052
        ],
        [
            0.08163879811763763,
            -0.024792470037937164,
            0.008800633251667023
        ],
        [
            0.07364573329687119,
            -0.022237153723835945,
            0.022929273545742035
        ],
        [
            0.06786353886127472,
            -0.02785971760749817,
            0.014328820630908012
        ],
        [
            0.03003045544028282,
            -0.03693614900112152,
            0.04086180403828621
        ],
        [
            -0.027990102767944336,
            -0.010705731809139252,
            0.02287936396896839
        ],
        [
            -0.020165899768471718,
            -0.018418919295072556,
            0.0247185155749321
        ],
        [
            -0.015781192108988762,
            -0.014946077018976212,
            0.02287895232439041
        ],
        [
            -0.024324461817741394,
            -0.00849558413028717,
            0.02325519174337387
        ],
        [
            -0.01400674693286419,
            -0.02105141244828701,
            0.024803629145026207
        ],
        [
            -0.022948473691940308,
            -0.022839438170194626,
            0.022355496883392334
        ],
        [
            0.06070427969098091,
            -0.03042774088680744,
            0.0005706381052732468
        ],
        [
            0.011492211371660233,
            -0.020567376166582108,
            0.022302012890577316
        ],
        [
            0.07382342219352722,
            -0.024961404502391815,
            -0.009122828021645546
        ],
        [
            0.04746224358677864,
            -0.030388234183192253,
            -0.01115022599697113
        ],
        [
            0.05604363977909088,
            -0.023783251643180847,
            -0.019077081233263016
        ],
        [
            0.08634243160486221,
            -0.018119029700756073,
            -0.020281031727790833
        ],
        [
            0.06896032392978668,
            -0.0168427973985672,
            -0.0268266424536705
        ],
        [
            0.10550004988908768,
            -0.015795772895216942,
