{
    "pred_cam": [
        8.994094848632812,
        0.1280638873577118,
        -0.04883446916937828
    ],
    "pred_mano_params": {
        "global_orient": [
            [
                [
                    -0.8294070363044739,
                    0.33445659279823303,
                    -0.44746264815330505
                ],
                [
                    0.1283160001039505,
                    -0.6655077338218689,
                    -0.7352784276008606
                ],
                [
                    -0.5437086224555969,
                    -0.6672616600990295,
                    0.5090606808662415
                ]
            ]
        ],
        "hand_pose": [
            [
                [
                    0.5678743124008179,
                    -0.6637462973594666,
                    -0.4867851138114929
                ],
                [
                    0.7590514421463013,
                    0.6510269641876221,
                    -0.002199857495725155
                ],
                [
                    0.31837034225463867,
                    -0.3682457208633423,
                    0.8735190629959106
                ]
            ],
            [
                [
                    0.9247910380363464,
                    -0.37942761182785034,
                    0.02821754850447178
                ],
                [
                    0.3651162385940552,
                    0.8641554713249207,
                    -0.3463025391101837
                ],
                [
                    0.10701239109039307,
                    0.33056017756462097,
                    0.9376984238624573
                ]
            ],
            [
                [
                    0.9455827474594116,
                    -0.03889030963182449,
                    0.3230490982532501
                ],
                [
                    0.00215566111728549,
                    0.9935585260391235,
                    0.1132998839020729
                ],
                [
                    -0.32537442445755005,
                    -0.1064380407333374,
                    0.9395756125450134
                ]
            ],
            [
                [
                    0.5252717137336731,
                    -0.7544986009597778,
                    -0.3934735655784607
                ],
                [
                    0.8370440006256104,
                    0.5413484573364258,
                    0.07936733961105347
                ],
                [
                    0.15312375128269196,
                    -0.3710441291332245,
                    0.9159035682678223
                ]
            ],
            [
                [
                    0.893075704574585,
                    -0.380845308303833,
                    -0.23952583968639374
                ],
                [
                    0.421475887298584,
                    0.8944689035415649,
                    0.1492762416601181
                ],
                [
                    0.15739727020263672,
                    -0.23426935076713562,
                    0.9593455791473389
                ]
            ],
            [
                [
                    0.9586704969406128,
                    -0.17203356325626373,
                    0.22661714255809784
                ],
                [
                    0.16827571392059326,
                    0.9850842356681824,
                    0.035948801785707474
                ],
                [
                    -0.22942137718200684,
                    0.0036710980348289013,
                    0.9733202457427979
                ]
            ],
            [
                [
                    0.5362387895584106,
                    -0.7419072985649109,
                    -0.4025191068649292
                ],
                [
                    0.7931646704673767,
                    0.606012761592865,
                    -0.06031932681798935
                ],
                [
                    0.28868305683135986,
                    -0.2869183421134949,
                    0.9134222269058228
                ]
            ],
            [
                [
                    0.9838206171989441,
                    -0.15567560493946075,
                    -0.08866836875677109
                ],
                [
                    0.15826137363910675,
                    0.98713219165802,
                    0.022876154631376266
                ],
                [
                    0.08396615087985992,
                    -0.03653880953788757,
                    0.9957984089851379
                ]
            ],
            [
                [
                    0.9769684672355652,
                    0.11275380849838257,
                    0.18116094172000885
                ],
                [
                    -0.20128601789474487,
                    0.7687745094299316,
                    0.6070169806480408
                ],
                [
                    -0.0708284080028534,
                    -0.6295015811920166,
                    0.7737641930580139
                ]
            ],
            [
                [
                    0.6373791098594666,
                    -0.7208115458488464,
                    -0.2723575532436371
                ],
                [
                    0.7148297429084778,
                    0.6850875020027161,
                    -0.1402624100446701
                ],
                [
                    0.28769153356552124,
                    -0.10528894513845444,
                    0.9519180059432983
                ]
            ],
            [
                [
                    0.8719968795776367,
                    -0.4760577380657196,
                    -0.11397570371627808
                ],
                [
                    0.47412773966789246,
                    0.7634677290916443,
                    0.4385429322719574
                ],
                [
                    -0.1217549666762352,
                    -0.4364471435546875,
                    0.8914536833763123
                ]
            ],
            [
                [
                    0.9225399494171143,
                    -0.28952425718307495,
                    0.2551387548446655
                ],
                [
                    0.25058677792549133,
                    0.9522387385368347,
                    0.174492746591568
                ],
                [
                    -0.29347285628318787,
                    -0.09704212099313736,
                    0.9510292410850525
                ]
            ],
            [
                [
                    0.6678802371025085,
                    0.005971083417534828,
                    -0.7442448735237122
                ],
                [
                    -0.612423300743103,
                    0.5726460814476013,
                    -0.5449901223182678
                ],
                [
                    0.4229346811771393,
                    0.8197810053825378,
                    0.38611581921577454
                ]
            ],
            [
                [
                    0.8271394371986389,
                    -0.5599652528762817,
                    -0.04774118959903717
                ],
                [
                    0.514765739440918,
                    0.7207992672920227,
                    0.4641818106174469
                ],
                [
                    -0.22551384568214417,
                    -0.40851864218711853,
                    0.8844524025917053
                ]
            ],
            [
                [
                    0.8368905186653137,
                    -0.5221867561340332,
                    0.16411948204040527
                ],
                [
                    0.5386666059494019,
                    0.7324354648590088,
                    -0.41638505458831787
                ],
                [
                    0.09722382575273514,
                    0.4368744194507599,
                    0.8942528963088989
                ]
            ]
        ],
        "betas": [
            -0.0900585949420929,
            -0.0040738582611083984,
            0.008012264966964722,
            -0.03676292300224304,
            0.036418646574020386,
            0.02897569164633751,
            0.0031877756118774414,
            -0.010919168591499329,
            0.05653256177902222,
            -0.023596256971359253
        ]
    },
    "pred_cam_t": [
        -0.1280638873577118,
        -0.04883446916937828,
        4.343127250671387
    ],
    "focal_length": [
        5000.0,
        5000.0
    ],
    "pred_keypoints_3d": [
        [
            0.09608631581068039,
            0.006414119154214859,
            0.006220479495823383
        ],
        [
            0.09932133555412292,
            -0.005402532406151295,
            0.0429806187748909
        ],
        [
            0.12404371052980423,
            -0.010300032794475555,
            0.0608520582318306
        ],
        [
            0.14612528681755066,
            -0.005030555184930563,
            0.07580722868442535
        ],
        [
            0.1576574444770813,
            0.012631481513381004,
            0.103171207010746
        ],
        [
            0.15842276811599731,
            -0.016802242025732994,
            0.06840848177671432
        ],
        [
            0.17396652698516846,
            0.002516128122806549,
            0.09037894010543823
        ],
        [
            0.17255207896232605,
            0.020244620740413666,
            0.10380208492279053
        ],
        [
            0.170497864484787,
            0.034131184220314026,
            0.12426429986953735
        ],
        [
            0.17596885561943054,
            -0.002363150008022785,
            0.057180143892765045
        ],
        [
            0.18509352207183838,
            0.020527616143226624,
            0.07738614827394485
        ],
        [
            0.1786661148071289,
            0.039679836481809616,
            0.08913765102624893
        ],
        [
            0.172904372215271,
            0.05735691264271736,
            0.10726192593574524
        ],
        [
            0.17486898601055145,
            0.018198052421212196,
            0.03982418403029442
        ],
        [
            0.1898474395275116,
            0.037737466394901276,
            0.05512571334838867
        ],
        [
            0.1846822053194046,
            0.05872238427400589,
            0.06747537851333618
        ],
        [
            0.17900104820728302,
            0.07503901422023773,
            0.08585916459560394
        ],
        [
            0.1694852113723755,
            0.036139946430921555,
            0.028327979147434235
        ],
        [
            0.17595963180065155,
            0.05621542036533356,
            0.030756521970033646
        ],
        [
            0.17830777168273926,
            0.0750158280134201,
            0.03270677104592323
        ],
        [
            0.1810007095336914,
            0.09700426459312439,
            0.040509290993213654
        ]
    ],
    "pred_vertices": [
        [
            0.12391572445631027,
            -0.00048285722732543945,
            0.04983927309513092
        ],
        [
            0.11396466195583344,
            0.0029408782720565796,
            0.04290464520454407
        ],
        [
            0.11960840970277786,
            0.0004518311470746994,
            0.04852626845240593
        ],
        [
            0.12595784664154053,
            -0.0040178000926971436,
            0.05593865364789963
        ],
        [
            0.10532664507627487,
            0.00932013988494873,
            0.05387813225388527
        ],
        [
            0.09633378684520721,
            0.003531603142619133,
            0.05988689512014389
        ],
        [
            0.11251365393400192,
            0.00015765242278575897,
            0.06810466200113297
        ],
        [
            0.11740291118621826,
            0.0067712366580963135,
            0.06104239448904991
        ],
        [
            0.13003627955913544,
            -0.008178889751434326,
            0.05892947316169739
        ],
        [
            0.12513691186904907,
            -0.001493917778134346,
            0.05369211733341217
        ],
        [
            0.1332801878452301,
            -0.012084852904081345,
            0.056405093520879745
        ],
        [
            0.13787230849266052,
            -0.02281026914715767,
            0.0604795478284359
        ],
        [
            0.135825514793396,
            -0.015602737665176392,
            0.06373114138841629
        ],
        [
            0.14463339745998383,
            -0.026455702260136604,
            0.06373883038759232
        ],
        [
            0.1347585916519165,
            -0.02918480522930622,
            0.052591606974601746
        ],
        [
            0.14920111000537872,
            -0.03035036474466324,
            0.056707948446273804
        ],
        [
            0.1417667269706726,
            -0.020390942692756653,
            0.031530775129795074
        ],
        [
            0.14507362246513367,
            -0.010643180459737778,
            0.022756356745958328
        ],
        [
            0.16086076200008392,
            -0.011158326640725136,
            0.03139230236411095
        ],
        [
            0.15576395392417908,
            -0.020347222685813904,
            0.040193572640419006
        ],
        [
            0.15781785547733307,
            0.005859483033418655,
            0.018986407667398453
        ],
        [
            0.16028758883476257,
            -0.0034748828038573265,
            0.026238949969410896
        ],
        [
            0.14534425735473633,
            -0.0038398969918489456,
            0.01668456196784973
        ],
        [
            0.14403682947158813,
            0.0046542915515601635,
            0.010876502841711044
        ],
        [
            0.12408439815044403,
            0.008653445169329643,
            0.0392940416932106
        ],
        [
            0.11396297812461853,
            0.011311695910990238,
            0.03357449173927307
        ],
        [
            0.11270532011985779,
            0.007186848670244217,
            0.03637074679136276
        ],
        [
            0.12298718094825745,
            0.004820989444851875,
            0.04255691170692444
        ],
        [
            0.13490621745586395,
            -0.015559582971036434,
            0.05836561322212219
        ],
        [
            0.12545141577720642,
            -0.023892801254987717,
            0.05497447028756142
        ],
        [
            0.13127976655960083,
            -0.019819136708974838,
            0.05470992997288704
        ],
        [
            0.13636742532253265,
            -0.01033130381256342,
            0.057958148419857025
        ],
        [
            0.09444509446620941,
            0.02632840722799301,
            0.020347092300653458
        ],
        [
            0.08560124039649963,
            0.022057903930544853,
            0.010975848883390427
        ],
        [
            0.08363650739192963,
            0.01735575683414936,
            0.014133796095848083
        ],
        [
            0.09208004921674728,
            0.02200515754520893,
            0.0218774676322937
        ],
        [
            0.07982509583234787,
            0.006513526663184166,
            0.03738448768854141
        ],
        [
            0.07648345082998276,
            0.00357973575592041,
            0.024997342377901077
        ],
        [
            0.07203773409128189,
            -0.008815259672701359,
            0.021247386932373047
        ],
        [
            0.07700323313474655,
            -0.009360967203974724,
            0.032566096633672714
        ],
        [
            0.08673936128616333,
            0.006180945783853531,
            0.05041477084159851
        ],
        [
            0.08200697600841522,
            -0.006902974098920822,
            0.04808546602725983
        ],
        [
            0.09316416084766388,
            -0.0076276082545518875,
            0.060827214270830154
        ],
        [
            0.11096884310245514,
            -0.008944683708250523,
            0.07034657150506973
        ],
        [
            0.09068651497364044,
            0.030262649059295654,
            0.0024193525314331055
        ],
        [
            0.09765729308128357,
            0.0349634513258934,
            0.008320145308971405
        ],
        [
            0.16340148448944092,
            0.00430307537317276,
            0.09807758778333664
        ],
        [
            0.16287420690059662,
            0.00910942628979683,
            0.09446406364440918
        ],
        [
            0.16073322296142578,
            0.005014479160308838,
            0.09125875681638718
        ],
        [
            0.1618502289056778,
            0.0009436309337615967,
            0.09532622992992401
        ],
        [
            0.10677871108055115,
            0.02919507771730423,
            -0.009975418448448181
        ],
        [
            0.11091157048940659,
            0.02162976935505867,
            -0.01536090299487114
        ],
        [
            0.10460487753152847,
            0.023410366848111153,
            -0.01864539459347725
        ],
        [
            0.0997326523065567,
            0.029050536453723907,
            -0.01279430091381073
        ],
        [
            0.11603997647762299,
            0.02933303639292717,
            -0.006125751882791519
        ],
        [
            0.1192726269364357,
            0.01918683387339115,
            -0.01011781394481659
        ],
        [
            0.17557650804519653,
            0.0004558637738227844,
            0.09837596863508224
        ],
        [
            0.1708979308605194,
            9.777955710887909e-05,
            0.10063581168651581
        ],
        [
            0.17075583338737488,
            -0.0039951615035533905,
            0.0970199778676033
        ],
        [
            0.17520618438720703,
            -0.0036532990634441376,
            0.09370570629835129
        ],
        [
            0.133363276720047,
            -0.008677547797560692,
            0.06288725137710571
        ],
        [
            0.132318377494812,
            -0.0022788317874073982,
            0.05718649923801422
        ],
        [
            0.1475832462310791,
            -0.011643616482615471,
            0.07208095490932465
        ],
        [
            0.14319592714309692,
            -0.0072759175673127174,
            0.06545672565698624
        ],
        [
            0.14059197902679443,
            -0.01339312456548214,
            0.06778519600629807
        ],
        [
            0.14561544358730316,
            -0.016794200986623764,
            0.07260815799236298
        ],
        [
            0.14550502598285675,
            0.009011784568428993,
            0.04832746088504791
        ],
        [
            0.13531546294689178,
            0.009548340924084187,
            0.0426006093621254
        ],
        [
            0.13507655262947083,
            0.0048709651455283165,
            0.047153934836387634
        ],
        [
            0.14545053243637085,
            0.0035770265385508537,
            0.05509243160486221
        ],
        [
            0.1366223692893982,
            0.021671129390597343,
            0.03527429699897766
        ],
        [
            0.14674556255340576,
            0.019850917160511017,
            0.04119298607110977
        ],
        [
            0.14625459909439087,
            0.026928763836622238,
            0.03638765960931778
        ],
        [
            0.13880109786987305,
            0.027628932148218155,
            0.03370634466409683
        ],
        [
            0.16265109181404114,
            0.013134745880961418,
            0.052525680512189865
        ],
        [
            0.16695532202720642,
            0.011343768797814846,
            0.05569727346301079
        ],
        [
            0.16992151737213135,
            0.016566768288612366,
            0.055312447249889374
        ],
        [
            0.16312937438488007,
            0.01633327268064022,
            0.050521623343229294
        ],
        [
            0.09856715798377991,
            0.024089807644486427,
            -0.022382043302059174
        ],
        [
            0.0929112434387207,
            0.027972564101219177,
            -0.015262451022863388
        ],
        [
            0.15436124801635742,
            0.025481851771473885,
            0.009392641484737396
        ],
        [
            0.14802029728889465,
            0.03467213734984398,
            0.008885260671377182
        ],
        [
            0.15841172635555267,
            0.03724316507577896,
            0.014085473492741585
        ],
        [
            0.16342806816101074,
            0.026565050706267357,
            0.013086829334497452
        ],
        [
            0.11326704919338226,
            0.011432702653110027,
            -0.015471935272216797
        ],
        [
            0.1079939529299736,
            0.014077352359890938,
            -0.02070619910955429
        ],
        [
            0.17887669801712036,
            0.0036812834441661835,
            0.09404875338077545
        ],
        [
            0.17787900567054749,
            -0.00021202769130468369,
            0.0893649086356163
        ],
        [
            0.0922560766339302,
            -0.019193559885025024,
            0.05316874757409096
        ],
        [
            0.11055617779493332,
            -0.018153799697756767,
            0.0671759694814682
        ],
        [
            0.08320817351341248,
            -0.01888202875852585,
            0.03749702870845795
        ],
        [
            0.07992354035377502,
            -0.018783893436193466,
            0.024543650448322296
        ],
        [
            0.07548141479492188,
            -0.0190737247467041,
            0.015062220394611359
        ],
        [
            0.14796830713748932,
            -0.00332579854875803,
            0.06430333852767944
        ],
        [
            0.13048863410949707,
            0.002066046930849552,
            0.049622997641563416
        ],
        [
            0.12486782670021057,
            0.012635698541998863,
            0.036397311836481094
        ],
        [
            0.13128182291984558,
            0.04010188579559326,
            0.023950595408678055
        ],
        [
            0.12174313515424728,
            0.04052193462848663,
            0.019477760419249535
        ],
        [
            0.12234939634799957,
            0.033310286700725555,
            0.0272808950394392
        ],
        [
            0.13085395097732544,
            0.034012019634246826,
            0.029146909713745117
        ],
        [
            0.144228994846344,
            0.0420752614736557,
            0.014553343877196312
        ],
        [
            0.14233961701393127,
            0.042520374059677124,
            0.022257743403315544
        ],
        [
            0.14979808032512665,
            0.04225432127714157,
            0.0258677639067173
        ],
        [
            0.15285161137580872,
            0.04257727786898613,
            0.018971187993884087
        ],
        [
            0.13209734857082367,
            -0.02051026001572609,
            0.06290242075920105
        ],
        [
            0.11953240633010864,
            -0.026607107371091843,
            0.05675005912780762
        ],
        [
            0.10145018249750137,
            0.034043096005916595,
            -0.0021019838750362396
        ],
        [
            0.0944344699382782,
            0.031428322196006775,
            -0.004398401826620102
        ],
        [
            0.08792488276958466,
            0.028849685564637184,
            -0.009302772581577301
        ],
        [
            0.10274669528007507,
            0.018442437052726746,
            0.028508393093943596
        ],
        [
            0.090167336165905,
            0.01915450021624565,
            0.02328139916062355
        ],
        [
            0.0885113775730133,
            0.016496021300554276,
            0.02726609818637371
        ],
        [
            0.10149721056222916,
            0.015499105677008629,
            0.02975703403353691
        ],
        [
            0.1049276813864708,
            0.009118866175413132,
            0.04111964628100395
        ],
        [
            0.09320127964019775,
            0.01254250667989254,
            0.04382811114192009
        ],
        [
            0.11499233543872833,
            0.0075173210352659225,
            0.047387152910232544
        ],
        [
            0.07944349944591522,
            0.011080378666520119,
            0.017914321273565292
        ],
        [
            0.07540659606456757,
            0.01556962076574564,
            0.008140109479427338
        ],
        [
            0.07244504988193512,
            0.008049462921917439,
            0.012026138603687286
        ],
        [
            0.07925550639629364,
            0.02234654501080513,
            0.0021174512803554535
        ],
        [
            0.0835890844464302,
            0.027371175587177277,
            -0.003895755857229233
        ],
        [
            0.10309012979269028,
            0.014313222840428352,
            -0.027735553681850433
        ],
        [
            0.07122299075126648,
            0.0003957729786634445,
            0.015163302421569824
        ],
        [
            0.12437791377305984,
            0.003674142062664032,
            0.0659184530377388
        ],
        [
            0.1299317181110382,
            0.001870152074843645,
            0.07054491341114044
        ],
        [
            0.13361796736717224,
            0.0021414512302726507,
            0.0634571760892868
        ],
        [
            0.128440260887146,
            0.003249616362154484,
            0.058346886187791824
        ],
        [
            0.15352904796600342,
            -0.02662275731563568,
            0.06847448647022247
        ],
        [
            0.14823466539382935,
            -0.022082684561610222,
            0.07243162393569946
        ],
        [
            0.140457421541214,
            -0.020611291751265526,
            0.06715282797813416
        ],
        [
            0.10509083420038223,
            0.03049265220761299,
            0.023011423647403717
        ],
        [
            0.10712044686079025,
            0.03780887648463249,
            0.012889601290225983
        ],
        [
            0.15150186419487,
            -0.007487482391297817,
            0.07056353986263275
        ],
        [
            0.17532536387443542,
            -0.007258391007781029,
            0.0892842635512352
        ],
        [
            0.17035304009914398,
            -0.008317792788147926,
            0.0928269624710083
        ],
        [
            0.16271722316741943,
            -0.020331481471657753,
            0.08036020398139954
        ],
        [
            0.16877007484436035,
            -0.018970515578985214,
            0.0769435316324234
        ],
        [
            0.1599847823381424,
            -0.004872022196650505,
            0.06966398656368256
        ],
        [
            0.1530405431985855,
            -0.006881373003125191,
            0.07220346480607986
        ],
        [
            0.15429376065731049,
            -0.0054549481719732285,
            0.07238632440567017
        ],
        [
            0.15903010964393616,
            -0.0011379832867532969,
            0.07018356770277023
        ],
        [
            0.16764111816883087,
            0.0226705651730299,
            0.04879630729556084
        ],
        [
            0.1617191582918167,
            0.02271660976111889,
            0.04524653032422066
        ],
        [
            0.16784529387950897,
            -0.016581781208515167,
            0.05083269998431206
        ],
        [
            0.16355134546756744,
            -0.02785680629312992,
            0.05484163016080856
        ],
        [
            0.1516842097043991,
            -0.028743790462613106,
            0.04725726693868637
        ],
        [
            0.145661398768425,
            0.014872284606099129,
            0.043641574680805206
        ],
        [
            0.1549561470746994,
            0.014947663992643356,
            0.048375166952610016
        ],
        [
            0.15547706186771393,
            0.018223077058792114,
            0.04593461751937866
        ],
        [
            0.1522265374660492,
            -0.001392833422869444,
            0.06390123069286346
        ],
        [
            0.15617211163043976,
            -0.003874561982229352,
            0.06795825809240341
        ],
        [
            0.15807759761810303,
            -0.0005987058393657207,
            0.06396335363388062
        ],
        [
            0.1529892385005951,
            0.00239861523732543,
            0.05978616327047348
        ],
        [
            0.13710835576057434,
            0.032627493143081665,
            0.0021691247820854187
        ],
        [
            0.13295701146125793,
            0.04150073975324631,
            0.008681140840053558
        ],
        [
            0.16637347638607025,
            0.0012927558273077011,
            0.10039737075567245
        ],
        [
            0.16558705270290375,
            -0.002494916319847107,
            0.09730970859527588
        ],
        [
            0.13562284409999847,
            0.01528240367770195,
            0.0381431058049202
        ],
        [
            0.13811016082763672,
            -0.026442091912031174,
            0.03963838517665863
        ],
        [
            0.12537313997745514,
            0.017207156866788864,
            0.03338867425918579
        ],
        [
            0.17237557470798492,
            0.01883085072040558,
            0.02892720140516758
        ],
        [
            0.17096155881881714,
            0.027603086084127426,
            0.03323541581630707
        ],
        [
            0.17375797033309937,
            0.026646394282579422,
            0.03643792122602463
        ],
        [
            0.17723606526851654,
            0.021578475832939148,
            0.03430182486772537
        ],
        [
            0.1659153401851654,
            0.0076651363633573055,
            0.07969989627599716
        ],
        [
            0.16163954138755798,
            0.006451518274843693,
            0.08372841030359268
        ],
        [
            0.16248789429664612,
            0.009081031195819378,
            0.08674334734678268
        ],
        [
            0.16704510152339935,
            0.010460615158081055,
            0.08329404890537262
        ],
        [
            0.1502024382352829,
            -0.011200540699064732,
            0.07494008541107178
        ],
        [
            0.1496165692806244,
            -0.016613684594631195,
            0.07690265774726868
        ],
        [
            0.1524835079908371,
            -0.013634362258017063,
            0.07999780029058456
        ],
        [
            0.15284115076065063,
            -0.008626708760857582,
            0.07642194628715515
        ],
        [
            0.15329773724079132,
            -0.02140616625547409,
            0.0770578682422638
        ],
        [
            0.15667036175727844,
            -0.01837535947561264,
            0.0811186209321022
        ],
        [
            0.17194287478923798,
            0.005781578831374645,
            0.07808218896389008
        ],
        [
            0.1771504431962967,
            0.0007773684337735176,
            0.08028479665517807
        ],
        [
            0.17178764939308167,
            -0.008096987381577492,
            0.06814368814229965
        ],
        [
            0.16660559177398682,
            -0.001541799632832408,
            0.0690123587846756
        ],
        [
            0.13159871101379395,
            0.002646789886057377,
            0.0022142231464385986
        ],
        [
            0.13151751458644867,
            0.012906803749501705,
            -0.002329126000404358
        ],
        [
            0.14394518733024597,
            0.015164392068982124,
            0.006046757102012634
        ],
        [
            0.156692236661911,
            0.017226602882146835,
            0.01332075521349907
        ],
        [
            0.16789764165878296,
            0.018976036459207535,
            0.021691886708140373
        ],
        [
            0.17014873027801514,
            0.006861613132059574,
            0.02485274150967598
        ],
        [
            0.14218053221702576,
            0.022496232762932777,
            0.002696387469768524
        ],
        [
            0.16825854778289795,
            -0.00867678876966238,
            0.06297250837087631
        ],
        [
            0.16881680488586426,
            -0.015028394758701324,
            0.06032126396894455
        ],
        [
            0.17053043842315674,
            -0.01243695616722107,
            0.05809178948402405
        ],
        [
            0.12613067030906677,
            0.0242338664829731,
            0.030911056324839592
        ],
        [
            0.1653030812740326,
            -0.007037647068500519,
            0.09368249773979187
        ],
        [
            0.09491279721260071,
            -0.02259882725775242,
            0.004228927195072174
        ],
        [
            0.10207747668027878,
            -0.01585245132446289,
            -0.005576051771640778
        ],
        [
            0.10757056623697281,
            -0.016811516135931015,
            0.001270987093448639
        ],
        [
            0.09915143996477127,
            -0.023757344111800194,
            0.013154108077287674
        ],
        [
            0.15949037671089172,
            0.0019586971029639244,
            0.088676318526268
        ],
        [
            0.16046194732189178,
            -0.003123973496258259,
            0.09246896207332611
        ],
        [
            0.16334006190299988,
            0.028472695499658585,
            0.04205058515071869
        ],
        [
            0.16827915608882904,
            0.02718878537416458,
            0.04479525610804558
        ],
        [
            0.17055629193782806,
            0.029355913400650024,
            0.041369374841451645
        ],
        [
            0.16637839376926422,
            0.03379550576210022,
            0.039944734424352646
        ],
        [
            0.12981006503105164,
            0.018220996484160423,
            -0.004610065370798111
        ],
        [
            0.1629297137260437,
            0.039427243173122406,
            0.01791677065193653
        ],
        [
            0.1688641458749771,
            0.030234109610319138,
            0.01738221012055874
        ],
        [
            0.12062886357307434,
            0.010570334270596504,
            -0.009401824325323105
        ],
        [
            0.12088079750537872,
            0.0013194531202316284,
            -0.006019029766321182
        ],
        [
            0.11330042779445648,
            0.0008726492524147034,
            -0.01223761960864067
        ],
        [
            0.1734442114830017,
            -0.001138412393629551,
            0.03771131858229637
        ],
        [
            0.1328744888305664,
            -0.004326471593230963,
            0.007398985326290131
        ],
        [
            0.12108992040157318,
            -0.004826462361961603,
            -0.0013035498559474945
        ],
        [
            0.11203286796808243,
            -0.005645162425935268,
            -0.008517749607563019
        ],
        [
            0.10608693212270737,
            -0.005987842567265034,
            -0.014443732798099518
        ],
        [
            0.10800949484109879,
            0.00126216234639287,
            -0.017818663269281387
        ],
        [
            0.17738831043243408,
            -0.003418278880417347,
            0.08466420322656631
        ],
        [
            0.1778980791568756,
            0.004944407381117344,
            0.08480311930179596
        ],
        [
            0.10286560654640198,
            0.0011011464521288872,
            -0.02539650723338127
        ],
        [
            0.10054448246955872,
            -0.0067270295694470406,
            -0.020837698131799698
        ],
        [
            0.11996345221996307,
            -0.011902639642357826,
            0.004632811993360519
        ],
        [
            0.11713483929634094,
            -0.019672676920890808,
            0.012932822108268738
        ],
        [
            0.13128674030303955,
            -0.010986175388097763,
            0.012988265603780746
        ],
        [
            0.1298108696937561,
            -0.018769051879644394,
            0.02147100120782852
        ],
        [
            0.17280182242393494,
            -0.012488181702792645,
            0.03846494108438492
        ],
        [
            0.1779666692018509,
            0.019997376948595047,
            0.095829077064991
        ],
        [
            0.175506591796875,
            0.013204877264797688,
            0.08733094483613968
        ],
        [
            0.16977205872535706,
            0.01443297415971756,
            0.08740466833114624
        ],
        [
            0.17436154186725616,
            0.022003833204507828,
            0.09492792934179306
        ],
        [
            0.17278705537319183,
            0.00911466684192419,
            0.08233820647001266
        ],
        [
            0.17890848219394684,
            0.008876517415046692,
            0.08942343294620514
        ],
        [
            0.123956099152565,
            -0.025911450386047363,
            0.03253132477402687
        ],
        [
            0.16286133229732513,
            -0.002951366826891899,
            0.06735080480575562
        ],
        [
            0.10772116482257843,
            -0.0261172316968441,
            0.027628306299448013
        ],
        [
            0.12366794049739838,
            -0.030754946172237396,
            0.045995503664016724
        ],
        [
            0.11134093999862671,
            -0.029344845563173294,
            0.04503097012639046
        ],
        [
            0.09081029891967773,
            -0.025679588317871094,
            0.025530561804771423
        ],
        [
            0.09659178555011749,
            -0.02726374752819538,
            0.042435333132743835
        ],
        [
            0.0826505646109581,
            -0.023387370631098747,
            0.006983578205108643
        ],
        [
            0.08780840784311295,
            -0.024178288877010345,
            0.015042174607515335
        ],
        [
            0.10711050033569336,
            -0.02632734552025795,
            0.0560530461370945
        ],
        [
            0.1651437133550644,
            0.014055896550416946,
