{
    "pred_cam": [
        7.779655456542969,
        -0.1540759801864624,
        -0.059679850935935974
    ],
    "pred_mano_params": {
        "global_orient": [
            [
                [
                    -0.24450865387916565,
                    -0.9565700888633728,
                    0.15871110558509827
                ],
                [
                    -0.6080190539360046,
                    0.023749444633722305,
                    -0.7935671210289001
                ],
                [
                    0.7553332448005676,
                    -0.2905334234237671,
                    -0.5874197483062744
                ]
            ]
        ],
        "hand_pose": [
            [
                [
                    0.6939411759376526,
                    -0.5738155245780945,
                    -0.43494972586631775
                ],
                [
                    0.57296222448349,
                    0.8059095144271851,
                    -0.1490776687860489
                ],
                [
                    0.4360731840133667,
                    -0.14575859904289246,
                    0.8880284428596497
                ]
            ],
            [
                [
                    0.9943503141403198,
                    -0.054921913892030716,
                    0.09083539992570877
                ],
                [
                    0.07014890760183334,
                    0.98224276304245,
                    -0.17400650680065155
                ],
                [
                    -0.0796656459569931,
                    0.1793954223394394,
                    0.9805461168289185
                ]
            ],
            [
                [
                    0.8512367606163025,
                    -0.5242096781730652,
                    0.024498190730810165
                ],
                [
                    0.507031261920929,
                    0.8095085620880127,
                    -0.29599863290786743
                ],
                [
                    0.135333850979805,
                    0.26438626646995544,
                    0.9548741579055786
                ]
            ],
            [
                [
                    0.6762944459915161,
                    -0.6440596580505371,
                    -0.3575095236301422
                ],
                [
                    0.6348841786384583,
                    0.7557521462440491,
                    -0.16050158441066742
                ],
                [
                    0.37356117367744446,
                    -0.11843080818653107,
                    0.9200142621994019
                ]
            ],
            [
                [
                    0.9818857312202454,
                    -0.1798396110534668,
                    -0.05964910611510277
                ],
                [
                    0.18947316706180573,
                    0.9327076077461243,
                    0.3068493902683258
                ],
                [
                    0.00045150620280764997,
                    -0.3125929832458496,
                    0.9498870968818665
                ]
            ],
            [
                [
                    0.8261010646820068,
                    -0.5361173748970032,
                    -0.17359474301338196
                ],
                [
                    0.5556842684745789,
                    0.8261953592300415,
                    0.09282352775335312
                ],
                [
                    0.09365885704755783,
                    -0.17314548790454865,
                    0.9804328680038452
                ]
            ],
            [
                [
                    0.3879082202911377,
                    -0.7560678124427795,
                    0.5271514654159546
                ],
                [
                    0.7488667368888855,
                    0.5919607877731323,
                    0.297961562871933
                ],
                [
                    -0.5373321175575256,
                    0.2791844606399536,
                    0.7958205342292786
                ]
            ],
            [
                [
                    0.9438715577125549,
                    -0.08206428587436676,
                    -0.31995639204978943
                ],
                [
                    0.1709326058626175,
                    0.9502123594284058,
                    0.26053526997566223
                ],
                [
                    0.2826458513736725,
                    -0.3006027638912201,
                    0.9109058976173401
                ]
            ],
            [
                [
                    0.787828803062439,
                    -0.5905253291130066,
                    0.1749442219734192
                ],
                [
                    0.5894517302513123,
                    0.805283784866333,
                    0.0637546107172966
                ],
                [
                    -0.17852848768234253,
                    0.05289345234632492,
                    0.9825119376182556
                ]
            ],
            [
                [
                    0.6461914777755737,
                    -0.7630410194396973,
                    -0.014313771389424801
                ],
                [
                    0.7532399296760559,
                    0.6406833529472351,
                    -0.14884382486343384
                ],
                [
                    0.12274456024169922,
                    0.08539991080760956,
                    0.9887571334838867
                ]
            ],
            [
                [
                    0.9727005362510681,
                    -0.20298351347446442,
                    -0.11247772723436356
                ],
                [
                    0.2308213859796524,
                    0.8963387608528137,
                    0.3785474896430969
                ],
                [
                    0.023979274556040764,
                    -0.3941756784915924,
                    0.9187221527099609
                ]
            ],
            [
                [
                    0.8063139915466309,
                    -0.4945102334022522,
                    -0.32452642917633057
                ],
                [
                    0.5644005537033081,
                    0.8073774576187134,
                    0.1720280796289444
                ],
                [
                    0.17694568634033203,
                    -0.3218715488910675,
                    0.9301015734672546
                ]
            ],
            [
                [
                    0.9910885095596313,
                    0.10935600101947784,
                    -0.07605825364589691
                ],
                [
                    -0.13166990876197815,
                    0.7178292274475098,
                    -0.6836550235748291
                ],
                [
                    -0.020164940506219864,
                    0.6875772476196289,
                    0.7258312106132507
                ]
            ],
            [
                [
                    0.8613632917404175,
                    -0.27530455589294434,
                    -0.426920086145401
                ],
                [
                    0.4529990553855896,
                    0.7965937852859497,
                    0.4002876877784729
                ],
                [
                    0.22988086938858032,
                    -0.5381875038146973,
                    0.8108693361282349
                ]
            ],
            [
                [
                    0.9299824833869934,
                    0.3499603867530823,
                    -0.11251799762248993
                ],
                [
                    -0.35165029764175415,
                    0.9361175298690796,
                    0.005113497842103243
                ],
                [
                    0.10711957514286041,
                    0.03481152653694153,
                    0.9936366081237793
                ]
            ]
        ],
        "betas": [
            -0.05186575651168823,
            0.006758600473403931,
            -0.07559442520141602,
            0.008935540914535522,
            0.04805213212966919,
            0.032029010355472565,
            0.06346642971038818,
            -0.05864137411117554,
            0.0372920036315918,
            0.03231251239776611
        ]
    },
    "pred_cam_t": [
        -0.1540759801864624,
        -0.059679850935935974,
        5.021109104156494
    ],
    "focal_length": [
        5000.0,
        5000.0
    ],
    "pred_keypoints_3d": [
        [
            0.09598371386528015,
            0.006403198000043631,
            0.006211266852915287
        ],
        [
            0.12086144089698792,
            0.0002011326141655445,
            -0.02269970253109932
        ],
        [
            0.14138826727867126,
            -0.00167410122230649,
            -0.04565219208598137
        ],
        [
            0.15702703595161438,
            0.012315552681684494,
            -0.06290780752897263
        ],
        [
            0.16647547483444214,
            0.028894897550344467,
            -0.09387413412332535
        ],
        [
            0.12587225437164307,
            0.04358052834868431,
            -0.0712536871433258
        ],
        [
            0.1454056054353714,
            0.06931868195533752,
            -0.07870110869407654
        ],
        [
            0.16213196516036987,
            0.08396424353122711,
            -0.08043057471513748
        ],
        [
            0.18333753943443298,
            0.09617882966995239,
            -0.0721202939748764
        ],
        [
            0.12006736546754837,
            0.06678872555494308,
            -0.0631076842546463
        ],
        [
            0.13912402093410492,
            0.09226475656032562,
            -0.06332369148731232
        ],
        [
            0.1575300544500351,
            0.10591019690036774,
            -0.05880163609981537
        ],
        [
            0.18013501167297363,
            0.11200232058763504,
            -0.04774267226457596
        ],
        [
            0.1155543252825737,
            0.07736165076494217,
            -0.038854070007801056
        ],
        [
            0.1375294327735901,
            0.09563122689723969,
            -0.043343935161828995
        ],
        [
            0.15818756818771362,
            0.10724295675754547,
            -0.03581995517015457
        ],
        [
            0.17703823745250702,
            0.11158967018127441,
            -0.018582217395305634
        ],
        [
            0.11553166061639786,
            0.08246207982301712,
            -0.01757202297449112
        ],
        [
            0.1344243288040161,
            0.09074698388576508,
            -0.02235281653702259
        ],
        [
            0.1508837640285492,
            0.09975368529558182,
            -0.01924758590757847
        ],
        [
            0.16615554690361023,
            0.10136307775974274,
            -0.011287600733339787
        ]
    ],
    "pred_vertices": [
        [
            0.1274336278438568,
            0.023372311145067215,
            -0.036465782672166824
        ],
        [
            0.12681244313716888,
            0.017651211470365524,
            -0.02777407318353653
        ],
        [
            0.13402947783470154,
            0.01608612760901451,
            -0.0357813835144043
        ],
        [
            0.13332949578762054,
            0.020939204841852188,
            -0.04413474723696709
        ],
        [
            0.13881292939186096,
            0.002947937697172165,
            -0.0187210813164711
        ],
        [
            0.13827820122241974,
            -0.009353386238217354,
            -0.01809438318014145
        ],
        [
            0.14811284840106964,
            -0.006268706172704697,
            -0.032041870057582855
        ],
        [
            0.14806759357452393,
            0.00353868305683136,
            -0.029547791928052902
        ],
        [
            0.1363612860441208,
            0.018662983551621437,
            -0.051051065325737
        ],
        [
            0.1395772397518158,
            0.014780620113015175,
            -0.04188721254467964
        ],
        [
            0.13417793810367584,
            0.015563875436782837,
            -0.05366477370262146
        ],
        [
            0.12620997428894043,
            0.019792908802628517,
            -0.06448639929294586
        ],
        [
            0.13145849108695984,
            0.022575609385967255,
            -0.05980922281742096
        ],
        [
            0.12343226373195648,
            0.025564521551132202,
            -0.07097300887107849
        ],
        [
            0.11590783298015594,
            0.015085611492395401,
            -0.06282062828540802
        ],
        [
            0.11408291012048721,
            0.028438951820135117,
            -0.07176683843135834
        ],
        [
            0.09630966186523438,
            0.03068540059030056,
            -0.04719030484557152
        ],
        [
            0.0926460325717926,
            0.038970738649368286,
            -0.03695445507764816
        ],
        [
            0.09699422121047974,
            0.05108253285288811,
            -0.048744045197963715
        ],
        [
            0.10118882358074188,
            0.0414973646402359,
            -0.05772959813475609
        ],
        [
            0.0950373038649559,
            0.0585789754986763,
            -0.0291429553180933
        ],
        [
            0.09626460075378418,
            0.05510849133133888,
            -0.040531225502491
        ],
        [
            0.09071224927902222,
            0.043088190257549286,
            -0.029113058000802994
        ],
        [
            0.09014947712421417,
            0.046690572053194046,
            -0.01946401223540306
        ],
        [
            0.120185986161232,
            0.029032066464424133,
            -0.0225188247859478
        ],
        [
            0.11851987987756729,
            0.023108728229999542,
            -0.01374833658337593
        ],
        [
            0.12020387500524521,
            0.020821325480937958,
            -0.019096557050943375
        ],
        [
            0.1219959631562233,
            0.026293572038412094,
            -0.027205415070056915
        ],
        [
            0.13661670684814453,
            0.00701475515961647,
            -0.0561375617980957
        ],
        [
            0.12570758163928986,
            0.0021797791123390198,
            -0.05538817495107651
        ],
        [
            0.12826977670192719,
            0.009771445766091347,
            -0.05645133927464485
        ],
        [
            0.13963451981544495,
            0.011036207899451256,
            -0.05336744338274002
        ],
        [
            0.11788710951805115,
            0.013531800359487534,
            0.013929720968008041
        ],
        [
            0.10966135561466217,
            0.004510059952735901,
            0.019806306809186935
        ],
        [
            0.11024481803178787,
            0.00036007165908813477,
            0.015675559639930725
        ],
        [
            0.11716317385435104,
            0.009702455252408981,
            0.010998889803886414
        ],
        [
            0.12113098055124283,
            -0.01096191257238388,
            -0.0011050254106521606
        ],
        [
            0.11191122233867645,
            -0.013393666595220566,
            0.00402522087097168
        ],
        [
            0.10379807651042938,
            -0.023651480674743652,
            -0.0007689371705055237
        ],
        [
            0.11037109047174454,
            -0.021562442183494568,
            -0.008368909358978271
        ],
        [
            0.13052906095981598,
            -0.009916223585605621,
            -0.009171538054943085
        ],
        [
            0.12239788472652435,
            -0.0203087255358696,
            -0.014476478099822998
        ],
        [
            0.13239049911499023,
            -0.01814722642302513,
            -0.023304380476474762
        ],
        [
            0.1437501460313797,
            -0.012987006455659866,
            -0.03712613508105278
        ],
        [
            0.10545586794614792,
            0.01366918534040451,
            0.027830127626657486
        ],
        [
            0.11137007176876068,
            0.02149648219347,
            0.024948079138994217
        ],
        [
            0.15592451393604279,
            0.066028892993927,
            -0.07818534970283508
        ],
        [
            0.15503109991550446,
            0.06923656910657883,
            -0.07335235923528671
        ],
        [
            0.15224690735340118,
            0.06467539817094803,
            -0.07255082577466965
        ],
        [
            0.15327081084251404,
            0.06259871274232864,
            -0.0779084637761116
        ],
        [
            0.09137112647294998,
            0.028177376836538315,
            0.026050418615341187
        ],
        [
            0.08234160393476486,
            0.028550338000059128,
            0.02148575708270073
        ],
        [
            0.08159758150577545,
            0.024254292249679565,
            0.02736011892557144
        ],
        [
            0.09022753685712814,
            0.02224995195865631,
            0.030638620257377625
        ],
        [
            0.09294947236776352,
            0.03596927598118782,
            0.01995760202407837
        ],
        [
            0.08403914421796799,
            0.03415898606181145,
            0.013188280165195465
        ],
        [
            0.1497267782688141,
            0.07156243920326233,
            -0.08798262476921082
        ],
        [
            0.153285950422287,
            0.06808573007583618,
            -0.0864873081445694
        ],
        [
            0.1489453762769699,
            0.06508005410432816,
            -0.08666636049747467
        ],
        [
            0.14492711424827576,
            0.06840062886476517,
            -0.08701594918966293
        ],
        [
            0.13251078128814697,
            0.025429628789424896,
            -0.05258460342884064
        ],
        [
            0.12968482077121735,
            0.02890448085963726,
            -0.04396660625934601
        ],
        [
            0.13433773815631866,
            0.037283603101968765,
            -0.06437616050243378
        ],
        [
            0.13142333924770355,
            0.03524594008922577,
            -0.05608810484409332
        ],
        [
            0.13172508776187897,
            0.029528135433793068,
            -0.06083161383867264
        ],
        [
            0.13302753865718842,
            0.03246920555830002,
            -0.06775739043951035
        ],
        [
            0.123863086104393,
            0.04671885445713997,
            -0.03636129945516586
        ],
        [
            0.12113916128873825,
            0.03863605111837387,
            -0.028335604816675186
        ],
        [
            0.12296134978532791,
            0.03582161292433739,
            -0.034128349274396896
        ],
        [
            0.12701043486595154,
            0.04344756901264191,
            -0.043778009712696075
        ],
        [
            0.12049571424722672,
            0.04639098420739174,
            -0.01638595014810562
        ],
        [
            0.12275520712137222,
            0.05373084545135498,
            -0.02538447082042694
        ],
        [
            0.12201245129108429,
            0.05729221925139427,
            -0.017525948584079742
        ],
        [
            0.12155469506978989,
            0.0513794831931591,
            -0.012250334024429321
        ],
        [
            0.12637950479984283,
            0.06327301263809204,
            -0.0432402640581131
        ],
        [
            0.12689679861068726,
            0.06689491122961044,
            -0.0480966717004776
        ],
        [
            0.1281987726688385,
            0.07035603374242783,
            -0.044794388115406036
        ],
        [
            0.12580013275146484,
            0.06529125571250916,
            -0.03985155373811722
        ],
        [
            0.07987944036722183,
            0.019707508385181427,
            0.032559096813201904
        ],
        [
            0.08888282626867294,
            0.01604805886745453,
            0.034269653260707855
        ],
        [
            0.09624551236629486,
            0.06703883409500122,
            -0.00880555808544159
        ],
        [
            0.10113547742366791,
            0.06634117662906647,
            0.001354418694972992
        ],
        [
            0.10397301614284515,
            0.07816700637340546,
            -0.005654660984873772
        ],
        [
            0.097430020570755,
            0.07603179663419724,
            -0.015171322971582413
        ],
        [
            0.0768229216337204,
            0.025652747601270676,
            0.013126220554113388
        ],
        [
            0.07466262578964233,
            0.022838614881038666,
            0.020153768360614777
        ],
        [
            0.14626801013946533,
            0.07627825438976288,
            -0.08592616021633148
        ],
        [
            0.14187049865722656,
            0.07257761061191559,
            -0.08396182209253311
        ],
        [
            0.1201891228556633,
            -0.02062399312853813,
            -0.02878331020474434
        ],
        [
            0.1362653523683548,
            -0.015243437141180038,
            -0.042580053210258484
        ],
        [
            0.10777026414871216,
            -0.021843314170837402,
            -0.01875375211238861
        ],
        [
            0.09899266064167023,
            -0.022008460015058517,
            -0.01209210604429245
        ],
        [
            0.09308376908302307,
            -0.024889066815376282,
            -0.0062746331095695496
        ],
        [
            0.13119682669639587,
            0.041610248386859894,
            -0.05468842387199402
        ],
        [
            0.12504151463508606,
            0.03034893050789833,
            -0.03575124964118004
        ],
        [
            0.1193118467926979,
            0.031714215874671936,
            -0.018206246197223663
        ],
        [
            0.1205536276102066,
            0.052004024386405945,
            0.005256049335002899
        ],
        [
            0.11884966492652893,
            0.044271912425756454,
            0.012236542999744415
        ],
        [
            0.1219608411192894,
            0.04044438153505325,
            0.0026660412549972534
        ],
        [
            0.12223553657531738,
            0.048059139400720596,
            -0.0016542375087738037
        ],
        [
            0.11018569767475128,
            0.06609794497489929,
            0.0054739974439144135
        ],
        [
            0.11758336424827576,
            0.06358093023300171,
            0.0027397237718105316
        ],
        [
            0.11816566437482834,
            0.07081986963748932,
            -0.0027380064129829407
        ],
        [
            0.11142148822546005,
            0.07533019781112671,
            -0.001023516058921814
        ],
        [
            0.13707809150218964,
            0.00015880540013313293,
            -0.059136439114809036
        ],
        [
            0.12496120482683182,
            -0.005318500101566315,
            -0.053939808160066605
        ],
        [
            0.10140201449394226,
            0.02523292601108551,
            0.02794107049703598
        ],
        [
            0.09951235353946686,
            0.018073678016662598,
            0.030463919043540955
        ],
        [
            0.09532055258750916,
            0.011637449264526367,
            0.034125231206417084
        ],
        [
            0.11905527114868164,
            0.01741747558116913,
            -0.0004205629229545593
        ],
        [
            0.11684107035398483,
            0.007011380046606064,
            0.0090022012591362
        ],
        [
            0.11833040416240692,
            0.004569157958030701,
            0.00562102347612381
        ],
        [
            0.11866182088851929,
            0.016009241342544556,
            -0.003377757966518402
        ],
        [
            0.1284756064414978,
            0.012631436809897423,
            -0.017366528511047363
        ],
        [
            0.1293150782585144,
            0.0030778683722019196,
            -0.00769081711769104
        ],
        [
            0.13700592517852783,
            0.012682363390922546,
            -0.026085909456014633
        ],
        [
            0.11050105839967728,
            -0.006441958248615265,
            0.011277295649051666
        ],
        [
            0.10608065873384476,
            -0.007220689207315445,
            0.02132522314786911
        ],
        [
            0.10600980371236801,
            -0.013817839324474335,
            0.015330448746681213
        ],
        [
            0.1035647839307785,
            -3.3505260944366455e-05,
            0.027550090104341507
        ],
        [
            0.1000407263636589,
            0.006699509918689728,
            0.032277513295412064
        ],
        [
            0.06970745325088501,
            0.01937110722064972,
            0.026201855391263962
        ],
        [
            0.10477267950773239,
            -0.018982093781232834,
            0.008791513741016388
        ],
        [
            0.15284988284111023,
            0.0038509145379066467,
            -0.03813595324754715
        ],
        [
            0.15599213540554047,
            0.005734395235776901,
            -0.045454978942871094
        ],
        [
            0.15169650316238403,
            0.011400826275348663,
            -0.04511021450161934
        ],
        [
            0.14846505224704742,
            0.010215140879154205,
            -0.03950593248009682
        ],
        [
            0.12398512661457062,
            0.03354870527982712,
            -0.07725351303815842
        ],
        [
            0.13042184710502625,
            0.031677111983299255,
            -0.07315632700920105
        ],
        [
            0.12920500338077545,
            0.025039713829755783,
            -0.06632550060749054
        ],
        [
            0.12027190625667572,
            0.02445434406399727,
            0.010730426758527756
        ],
        [
            0.11482453346252441,
            0.030718527734279633,
            0.020330868661403656
        ],
        [
            0.13383202254772186,
            0.04340892285108566,
            -0.06262059509754181
        ],
        [
            0.1404009759426117,
            0.0656481459736824,
            -0.08635560423135757
        ],
        [
            0.144768625497818,
            0.06169206649065018,
            -0.08616182953119278
        ],
        [
            0.13330452144145966,
            0.0464102178812027,
            -0.08246296644210815
        ],
        [
            0.1286630928516388,
            0.05151982977986336,
            -0.08328046649694443
        ],
        [
            0.13147932291030884,
            0.053319018334150314,
            -0.06501167267560959
        ],
        [
            0.13456115126609802,
            0.04666872322559357,
            -0.06399504095315933
        ],
        [
            0.1346406191587448,
            0.04928763210773468,
            -0.06419393420219421
        ],
        [
            0.13269338011741638,
            0.05556764826178551,
            -0.06308384984731674
        ],
        [
            0.12644469738006592,
            0.07249659299850464,
            -0.03587199002504349
        ],
        [
            0.12456884235143661,
            0.0678594559431076,
            -0.03159395977854729
        ],
        [
            0.10957580804824829,
            0.052474308758974075,
            -0.06628406047821045
        ],
        [
            0.10843271017074585,
            0.04239344596862793,
            -0.07466280460357666
        ],
        [
            0.10515173524618149,
            0.033148519694805145,
            -0.06610827893018723
        ],
        [
            0.12267063558101654,
            0.050128452479839325,
            -0.029768532142043114
        ],
        [
            0.1250506490468979,
            0.057788968086242676,
            -0.03640026971697807
        ],
        [
            0.12436911463737488,
            0.06004258245229721,
            -0.0329163633286953
        ],
        [
            0.13090261816978455,
            0.046399809420108795,
            -0.055164188146591187
        ],
        [
            0.1321585327386856,
            0.04923437535762787,
            -0.0609942302107811
        ],
        [
            0.13042175769805908,
            0.05196436122059822,
            -0.05727633461356163
        ],
        [
            0.12908032536506653,
            0.04907732456922531,
            -0.05056828260421753
        ],
        [
            0.09727245569229126,
            0.05552660673856735,
            0.008409269154071808
        ],
        [
            0.10792000591754913,
            0.05566282197833061,
            0.013364743441343307
        ],
        [
            0.15539969503879547,
            0.06583864986896515,
            -0.08297945559024811
        ],
        [
            0.15188154578208923,
            0.06270521879196167,
            -0.08311419188976288
        ],
        [
            0.1200602725148201,
            0.04212348908185959,
            -0.02202824130654335
        ],
        [
            0.1021738052368164,
            0.023517470806837082,
            -0.05466810613870621
        ],
        [
            0.11881817132234573,
            0.03462116792798042,
            -0.013506781309843063
        ],
        [
            0.10693401098251343,
            0.07685580104589462,
            -0.03219831362366676
        ],
        [
            0.11431769281625748,
            0.07874450832605362,
            -0.027910109609365463
        ],
        [
            0.11739034205675125,
            0.08105944842100143,
            -0.03123261034488678
        ],
        [
            0.11285895109176636,
            0.08176638185977936,
            -0.0357171930372715
        ],
        [
            0.14158183336257935,
            0.06838849186897278,
            -0.06678660959005356
        ],
        [
            0.1461489498615265,
            0.06470708549022675,
            -0.06715128570795059
        ],
        [
            0.1493825912475586,
            0.06879571825265884,
            -0.06862770020961761
        ],
        [
            0.14520318806171417,
            0.07283712178468704,
            -0.06861154735088348
        ],
        [
            0.1361606866121292,
            0.04174712300300598,
            -0.06677363067865372
        ],
        [
            0.13583363592624664,
            0.037465885281562805,
            -0.07132910937070847
        ],
        [
            0.13883928954601288,
            0.04303082078695297,
            -0.07231495529413223
        ],
        [
            0.1374180167913437,
            0.046378057450056076,
            -0.06750616431236267
        ],
        [
            0.1331370323896408,
            0.03776407241821289,
            -0.07675236463546753
        ],
        [
            0.13681542873382568,
            0.04319857805967331,
            -0.07825619727373123
        ],
        [
            0.13712823390960693,
            0.07132571935653687,
            -0.07065882533788681
        ],
        [
            0.13481193780899048,
            0.07183240354061127,
            -0.07785298675298691
        ],
        [
            0.12388112396001816,
            0.06028299778699875,
            -0.0737880989909172
        ],
        [
            0.1288519650697708,
            0.06076327711343765,
            -0.06721299886703491
        ],
        [
            0.08415811508893967,
            0.03567417338490486,
            -0.010723806917667389
        ],
        [
            0.08532296866178513,
            0.04103286191821098,
            -0.0009626932442188263
        ],
        [
            0.09110759943723679,
            0.052294738590717316,
            -0.009424775838851929
        ],
        [
            0.09551173448562622,
            0.06422451138496399,
            -0.01778271794319153
        ],
        [
            0.10064281523227692,
            0.0743052288889885,
            -0.026493877172470093
        ],
        [
            0.09827879071235657,
            0.0690062865614891,
            -0.0372757688164711
        ],
        [
            0.0920545905828476,
            0.05477531999349594,
            -0.0015728361904621124
        ],
        [
            0.12404323369264603,
            0.05790047347545624,
            -0.06732700020074844
        ],
        [
            0.11705739051103592,
            0.05354048311710358,
            -0.07161249965429306
        ],
        [
            0.11743560433387756,
            0.057061150670051575,
            -0.06851468980312347
        ],
        [
            0.11996696144342422,
            0.03893076255917549,
            -0.007478475570678711
        ],
        [
            0.14809870719909668,
            0.05898522958159447,
            -0.08295997232198715
        ],
        [
            0.079816073179245,
            -0.008426297456026077,
            -0.012663252651691437
        ],
        [
            0.07392670214176178,
            0.0018179453909397125,
            -0.0063506439328193665
        ],
        [
            0.07817338407039642,
            0.00559847429394722,
            -0.01309969648718834
        ],
        [
            0.08558006584644318,
            -0.005897391587495804,
            -0.019846707582473755
        ],
        [
            0.14948110282421112,
            0.06024254113435745,
            -0.07123278081417084
        ],
        [
            0.1505407989025116,
            0.05803588032722473,
            -0.07711508125066757
        ],
        [
            0.12428300827741623,
            0.07243693619966507,
            -0.02648557350039482
        ],
        [
            0.1254201978445053,
            0.07592835277318954,
            -0.03127839043736458
        ],
        [
            0.12349531799554825,
            0.07930658757686615,
            -0.029842883348464966
        ],
        [
            0.12435537576675415,
            0.07786604762077332,
            -0.02388823963701725
        ],
        [
            0.08626784384250641,
            0.04237709566950798,
            0.004829049110412598
        ],
        [
            0.10964585840702057,
            0.08421685546636581,
            -0.01089303009212017
        ],
        [
            0.10317370295524597,
            0.0820821076631546,
            -0.019143065437674522
        ],
        [
            0.0801951065659523,
            0.03107408806681633,
            0.005998827517032623
        ],
        [
            0.07850877940654755,
            0.026476014405488968,
            -0.0025151818990707397
        ],
        [
            0.07441113889217377,
            0.020257309079170227,
            0.003856249153614044
        ],
        [
            0.10456769168376923,
            0.06588873267173767,
            -0.051024798303842545
        ],
        [
            0.08491399884223938,
            0.0329015888273716,
            -0.018977925181388855
        ],
        [
            0.07945305109024048,
            0.023250047117471695,
            -0.00945449247956276
        ],
        [
            0.07460054755210876,
            0.015658166259527206,
            -0.0021563731133937836
        ],
        [
            0.07052561640739441,
            0.01086423546075821,
            0.0033973753452301025
        ],
        [
            0.07086171209812164,
            0.01635636016726494,
            0.009453251957893372
        ],
        [
            0.1369735300540924,
            0.0695970356464386,
            -0.08270561695098877
        ],
        [
            0.13969795405864716,
            0.0760946124792099,
            -0.07892072200775146
        ],
        [
            0.06528794765472412,
            0.012528084218502045,
            0.015600495040416718
        ],
        [
            0.06575849652290344,
            0.006291836500167847,
            0.008706532418727875
        ],
        [
            0.08124767243862152,
            0.018304787576198578,
            -0.017065558582544327
        ],
        [
            0.08485069870948792,
            0.011674366891384125,
            -0.02561972662806511
        ],
        [
            0.08670289814472198,
            0.02780912071466446,
            -0.02589869499206543
        ],
        [
            0.0904773622751236,
            0.02212865650653839,
            -0.035270530730485916
        ],
        [
            0.10035515576601028,
            0.05907381325960159,
            -0.05872969329357147
        ],
        [
            0.15392723679542542,
            0.08808691799640656,
            -0.07870814949274063
        ],
        [
            0.14521944522857666,
            0.08077241480350494,
            -0.07535897940397263
        ],
        [
            0.14819884300231934,
            0.0780383050441742,
            -0.0710834339261055
        ],
        [
            0.15472522377967834,
            0.08699009567499161,
            -0.07441141456365585
        ],
        [
            0.14139732718467712,
            0.07562537491321564,
            -0.07232755422592163
        ],
        [
            0.14406909048557281,
            0.07988321781158447,
            -0.08098223805427551
        ],
        [
            0.09820593893527985,
            0.01241520419716835,
            -0.043800946325063705
        ],
        [
            0.1314583718776703,
            0.056141406297683716,
            -0.06263009458780289
        ],
        [
            0.09540772438049316,
            -0.0010680556297302246,
            -0.03299836814403534
        ],
        [
            0.11027305573225021,
            0.0052187032997608185,
            -0.054489169269800186
        ],
        [
            0.11046932637691498,
            -0.005149770528078079,
            -0.04575774818658829
        ],
        [
            0.09464049339294434,
            -0.015600278973579407,
            -0.02240964025259018
        ],
        [
            0.10766647756099701,
            -0.01602434739470482,
            -0.0336727611720562
        ],
        [
            0.08364428579807281,
            -0.01980965957045555,
            -0.0088118314743042
        ],
        [
            0.08822423219680786,
            -0.016361143440008163,
            -0.015428006649017334
        ],
        [
            0.1220589429140091,
            -0.014669537544250488,
            -0.04400502145290375
        ],
        [
            0.1627262532711029,
            0.07442738115787506,
