{
    "pred_cam": [
        7.716681480407715,
        0.12769389152526855,
        -0.03187865763902664
    ],
    "pred_mano_params": {
        "global_orient": [
            [
                [
                    -0.7776551842689514,
                    0.4859856367111206,
                    -0.398836225271225
                ],
                [
                    0.12233902513980865,
                    -0.5052873492240906,
                    -0.8542352318763733
                ],
                [
                    -0.616672933101654,
                    -0.7130937576293945,
                    0.33348432183265686
                ]
            ]
        ],
        "hand_pose": [
            [
                [
                    0.7694301605224609,
                    -0.6340265274047852,
                    -0.0773787721991539
                ],
                [
                    0.6386634111404419,
                    0.7654433250427246,
                    0.07877618819475174
                ],
                [
                    0.009282858110964298,
                    -0.11003177613019943,
                    0.9938847422599792
                ]
            ],
            [
                [
                    0.8423774838447571,
                    -0.5376700162887573,
                    0.03620938956737518
                ],
                [
                    0.5013248920440674,
                    0.7572417259216309,
                    -0.4186384677886963
                ],
                [
                    0.1976700872182846,
                    0.3708043098449707,
                    0.9074307680130005
                ]
            ],
            [
                [
                    0.9635418653488159,
                    -0.06448183208703995,
                    0.25967130064964294
                ],
                [
                    0.020334895700216293,
                    0.9853664040565491,
                    0.1692320853471756
                ],
                [
                    -0.26678380370140076,
                    -0.15778180956840515,
                    0.9507530331611633
                ]
            ],
            [
                [
                    0.6488696336746216,
                    -0.6097361445426941,
                    -0.4551814794540405
                ],
                [
                    0.7076312899589539,
                    0.7034515738487244,
                    0.06643617898225784
                ],
                [
                    0.27968963980674744,
                    -0.36520904302597046,
                    0.8879167437553406
                ]
            ],
            [
                [
                    0.8934755921363831,
                    -0.39470818638801575,
                    -0.21425867080688477
                ],
                [
                    0.4361388087272644,
                    0.8763978481292725,
                    0.20422956347465515
                ],
                [
                    0.10716476291418076,
                    -0.27592065930366516,
                    0.9551876187324524
                ]
            ],
            [
                [
                    0.9457172751426697,
                    -0.2249213010072708,
                    0.23458315432071686
                ],
                [
                    0.22812415659427643,
                    0.9735348224639893,
                    0.013759758323431015
                ],
                [
                    -0.23146972060203552,
                    0.04050122946500778,
                    0.9719986915588379
                ]
            ],
            [
                [
                    0.6389540433883667,
                    -0.6764242649078369,
                    -0.3663167655467987
                ],
                [
                    0.6851853728294373,
                    0.7169129252433777,
                    -0.12867368757724762
                ],
                [
                    0.3496552109718323,
                    -0.16877830028533936,
                    0.9215503931045532
                ]
            ],
            [
                [
                    0.9951930046081543,
                    -0.09671318531036377,
                    0.01541243027895689
                ],
                [
                    0.09104521572589874,
                    0.9716439843177795,
                    0.21821700036525726
                ],
                [
                    -0.03607986122369766,
                    -0.21576477587223053,
                    0.9757785797119141
                ]
            ],
            [
                [
                    0.9880540370941162,
                    0.04107654467225075,
                    0.14853283762931824
                ],
                [
                    -0.08529630303382874,
                    0.9484947323799133,
                    0.30509382486343384
                ],
                [
                    -0.1283504217863083,
                    -0.3141184449195862,
                    0.9406677484512329
                ]
            ],
            [
                [
                    0.732966423034668,
                    -0.5883052945137024,
                    -0.34155115485191345
                ],
                [
                    0.5786759853363037,
                    0.8031725287437439,
                    -0.1415911167860031
                ],
                [
                    0.35762327909469604,
                    -0.09386589378118515,
                    0.9291366338729858
                ]
            ],
            [
                [
                    0.8623247146606445,
                    -0.5046796202659607,
                    -0.04116585850715637
                ],
                [
                    0.4495483636856079,
                    0.7256332039833069,
                    0.5209248661994934
                ],
                [
                    -0.2330288589000702,
                    -0.4677123725414276,
                    0.8526093363761902
                ]
            ],
            [
                [
                    0.9154263734817505,
                    -0.2995375990867615,
                    0.26883408427238464
                ],
                [
                    0.2736749053001404,
                    0.9530049562454224,
                    0.12993721663951874
                ],
                [
                    -0.2951212525367737,
                    -0.04537481814622879,
                    0.9543817639350891
                ]
            ],
            [
                [
                    0.687974750995636,
                    0.22767969965934753,
                    -0.6890954971313477
                ],
                [
                    -0.6550185084342957,
                    0.6036308407783508,
                    -0.45451122522354126
                ],
                [
                    0.31247636675834656,
                    0.7640625834465027,
                    0.5644171833992004
                ]
            ],
            [
                [
                    0.8105649948120117,
                    -0.5010427236557007,
                    -0.3032170832157135
                ],
                [
                    0.5817673802375793,
                    0.7483791708946228,
                    0.3185519874095917
                ],
                [
                    0.06731320917606354,
                    -0.43460890650749207,
                    0.8981002569198608
                ]
            ],
            [
                [
                    0.8691455125808716,
                    -0.4742836654186249,
                    0.14014670252799988
                ],
                [
                    0.4848751425743103,
                    0.7614043951034546,
                    -0.4303015172481537
                ],
                [
                    0.09737666696310043,
                    0.441948264837265,
                    0.891739547252655
                ]
            ]
        ],
        "betas": [
            -0.013563603162765503,
            0.04657101631164551,
            0.0004054605960845947,
            -0.03150710463523865,
            -0.049274951219558716,
            0.010455075651407242,
            0.006341695785522461,
            -0.007203221321105957,
            0.03843742609024048,
            -0.002392977476119995
        ]
    },
    "pred_cam_t": [
        -0.12769389152526855,
        -0.03187865763902664,
        5.062085151672363
    ],
    "focal_length": [
        5000.0,
        5000.0
    ],
    "pred_keypoints_3d": [
        [
            0.09569861739873886,
            0.006373311392962933,
            0.006189738400280476
        ],
        [
            0.09660033881664276,
            -0.01075312215834856,
            0.040745027363300323
        ],
        [
            0.1177527904510498,
            -0.022469084709882736,
            0.059801872819662094
        ],
        [
            0.14058806002140045,
            -0.018560882657766342,
            0.07386449724435806
        ],
        [
            0.15475767850875854,
            -0.006612338125705719,
            0.10298509150743484
        ],
        [
            0.15345123410224915,
            -0.019513025879859924,
            0.07115386426448822
        ],
        [
            0.16598111391067505,
            -0.015273614786565304,
            0.10140791535377502
        ],
        [
            0.16176290810108185,
            -0.002109345979988575,
            0.1187797263264656
        ],
        [
            0.15432995557785034,
            0.007230924442410469,
            0.14037516713142395
        ],
        [
            0.1699867844581604,
            -0.0016356287524104118,
            0.06451019644737244
        ],
        [
            0.18010535836219788,
            0.019039064645767212,
            0.08641176670789719
        ],
        [
            0.17370077967643738,
            0.03532592952251434,
            0.10177037864923477
        ],
        [
            0.1675228327512741,
            0.048468805849552155,
            0.12306930124759674
        ],
        [
            0.1679997742176056,
            0.02117222547531128,
            0.050507400184869766
        ],
        [
            0.18292470276355743,
            0.03866804763674736,
            0.06796735525131226
        ],
        [
            0.17724701762199402,
            0.05485362559556961,
            0.08588212728500366
        ],
        [
            0.17190463840961456,
            0.06461586803197861,
            0.10837974399328232
        ],
        [
            0.1615847647190094,
            0.039941199123859406,
            0.0412544310092926
        ],
        [
            0.1685868203639984,
            0.05917089059948921,
            0.046466998755931854
        ],
        [
            0.1706533282995224,
            0.07666187733411789,
            0.05343494936823845
        ],
        [
            0.17424225807189941,
            0.09419360756874084,
            0.06461890041828156
        ]
    ],
    "pred_vertices": [
        [
            0.11948011815547943,
            -0.00474871601909399,
            0.051452118903398514
        ],
        [
            0.11046866327524185,
            -0.001597607508301735,
            0.04453865438699722
        ],
        [
            0.11564230918884277,
            -0.006167782470583916,
            0.050780538469552994
        ],
        [
            0.12126725912094116,
            -0.009830250404775143,
            0.05734702944755554
        ],
        [
            0.09980777651071548,
            -0.0009749419987201691,
            0.0558856725692749
        ],
        [
            0.09044413268566132,
            -0.008682986721396446,
            0.05874251574277878
        ],
        [
            0.10554863512516022,
            -0.014372911304235458,
            0.0681958869099617
        ],
        [
            0.11079458892345428,
            -0.005879055708646774,
            0.06397490203380585
        ],
        [
            0.12504880130290985,
            -0.015214483253657818,
            0.05998481437563896
        ],
        [
            0.12027282267808914,
            -0.009832119569182396,
            0.056141845881938934
        ],
        [
            0.12788215279579163,
            -0.019432872533798218,
            0.056242767721414566
        ],
        [
            0.13395348191261292,
            -0.027798641473054886,
            0.05946720391511917
        ],
        [
            0.1311856210231781,
            -0.021144509315490723,
            0.0639549046754837
        ],
        [
            0.14074306190013885,
            -0.030277278274297714,
            0.06309295445680618
        ],
        [
            0.13214248418807983,
            -0.03274864703416824,
            0.05011218041181564
        ],
        [
            0.1460593193769455,
            -0.03221983462572098,
            0.05595074221491814
        ],
        [
            0.1410699188709259,
            -0.01871112361550331,
            0.03239886090159416
        ],
        [
            0.14406991004943848,
            -0.007429874036461115,
            0.025772500783205032
        ],
        [
            0.1583269238471985,
            -0.00758321862667799,
            0.0360669270157814
        ],
        [
            0.15365754067897797,
            -0.018543200567364693,
            0.042655423283576965
        ],
        [
            0.15439611673355103,
            0.01066695898771286,
            0.02621883898973465
        ],
        [
            0.15734943747520447,
            0.0006710421293973923,
            0.032147444784641266
        ],
        [
            0.14406462013721466,
            0.00020107394084334373,
            0.02092234417796135
        ],
        [
            0.14224456250667572,
            0.009271781891584396,
            0.01637449488043785
        ],
        [
            0.11945638060569763,
            0.006278440356254578,
            0.042309194803237915
        ],
        [
            0.10991409420967102,
            0.008925335481762886,
            0.035936884582042694
        ],
        [
            0.10913783311843872,
            0.0044144317507743835,
            0.038131508976221085
        ],
        [
            0.11858487129211426,
            0.0018940428271889687,
            0.044850170612335205
        ],
        [
            0.12899534404277802,
            -0.024937782436609268,
            0.055708788335323334
        ],
        [
            0.12117013335227966,
            -0.03152154013514519,
            0.05123342573642731
        ],
        [
            0.12648481130599976,
            -0.026792675256729126,
            0.05252675712108612
        ],
        [
            0.12992724776268005,
            -0.019713185727596283,
            0.056759849190711975
        ],
        [
            0.09012478590011597,
            0.023280125111341476,
            0.022762324661016464
        ],
        [
            0.0829109400510788,
            0.019693229347467422,
            0.01191556453704834
        ],
        [
            0.08125724643468857,
            0.014439242891967297,
            0.014086857438087463
        ],
        [
            0.0882752314209938,
            0.01870826818048954,
            0.023337669670581818
        ],
        [
            0.07665292173624039,
            -0.000897534191608429,
            0.03494872897863388
        ],
        [
            0.07487444579601288,
            -0.001480594277381897,
            0.021736811846494675
        ],
        [
            0.07230158895254135,
            -0.013669691979885101,
            0.01537608727812767
        ],
        [
            0.07597483694553375,
            -0.015961213037371635,
            0.02668580412864685
        ],
        [
            0.0821550041437149,
            -0.0038448385894298553,
            0.04873959347605705
        ],
        [
            0.07870154827833176,
            -0.016580166295170784,
            0.0428425632417202
        ],
        [
            0.08782623708248138,
            -0.019948691129684448,
            0.05648665502667427
        ],
        [
            0.10438916832208633,
            -0.02388654835522175,
            0.0676535964012146
        ],
        [
            0.08771800249814987,
            0.029655881226062775,
            0.005401376634836197
        ],
        [
            0.09337207674980164,
            0.03400502726435661,
            0.012687794864177704
        ],
        [
            0.15292464196681976,
            -0.012902308255434036,
            0.10568591952323914
        ],
        [
            0.15441660583019257,
            -0.007226366549730301,
            0.10405396670103073
        ],
        [
            0.15270069241523743,
            -0.009450344368815422,
            0.09965743124485016
        ],
        [
            0.1518450677394867,
            -0.014557386748492718,
            0.10187697410583496
        ],
        [
            0.10490598529577255,
            0.03242138400673866,
            -0.00489526242017746
        ],
        [
            0.11051380634307861,
            0.026392288506031036,
            -0.010803230106830597
        ],
        [
            0.10443667322397232,
            0.027984529733657837,
            -0.014507420361042023
        ],
        [
            0.09831134229898453,
            0.03198298439383507,
            -0.008534010499715805
        ],
        [
            0.11354927718639374,
            0.03291723132133484,
            6.389617919921875e-05
        ],
        [
            0.11847647279500961,
            0.024055195972323418,
            -0.005002714693546295
        ],
        [
            0.1636536568403244,
            -0.019803352653980255,
            0.1073826476931572
        ],
        [
            0.15844734013080597,
            -0.019566642120480537,
            0.10821948945522308
        ],
        [
            0.15885686874389648,
            -0.02193593978881836,
            0.10339252650737762
        ],
        [
            0.1640901267528534,
            -0.021892916411161423,
            0.10136862844228745
        ],
        [
            0.12827099859714508,
            -0.013948663137853146,
            0.06403262168169022
        ],
        [
            0.12706658244132996,
            -0.006572917103767395,
            0.05926554277539253
        ],
        [
            0.14225012063980103,
            -0.014786243438720703,
            0.07414285093545914
        ],
        [
            0.1375877410173416,
            -0.01116897165775299,
            0.06792245805263519
        ],
        [
            0.1354113668203354,
            -0.017749760299921036,
            0.06882090121507645
        ],
        [
            0.14021296799182892,
            -0.02070097252726555,
            0.07330358773469925
        ],
        [
            0.13948029279708862,
            0.007552636321634054,
            0.053920503705739975
        ],
        [
            0.12998507916927338,
            0.007848326116800308,
            0.04709441959857941
        ],
        [
            0.1298990249633789,
            0.002504453994333744,
            0.050795502960681915
        ],
        [
            0.13945509493350983,
            0.0011362438090145588,
            0.05970711633563042
        ],
        [
            0.13048706948757172,
            0.02104569971561432,
            0.04193432629108429
        ],
        [
            0.14003941416740417,
            0.019477050751447678,
            0.048798806965351105
        ],
        [
            0.1392076015472412,
            0.02714671939611435,
            0.04513802379369736
        ],
        [
            0.13204963505268097,
            0.02737351506948471,
            0.041580431163311005
        ],
        [
            0.15546639263629913,
            0.012785755097866058,
            0.0610986202955246
        ],
        [
            0.1600969284772873,
            0.010957804508507252,
            0.06472765654325485
        ],
        [
            0.16317330300807953,
            0.016450272873044014,
            0.06500585377216339
        ],
        [
            0.15604153275489807,
            0.016376148909330368,
            0.05956196039915085
        ],
        [
            0.09881344437599182,
            0.02860398218035698,
            -0.018783442676067352
        ],
        [
            0.09201939404010773,
            0.030591832473874092,
            -0.011928770691156387
        ],
        [
            0.14961469173431396,
            0.030881058424711227,
            0.0193805955350399
        ],
        [
            0.14246875047683716,
            0.03935345262289047,
            0.019545461982488632
        ],
        [
            0.15182340145111084,
            0.04218225181102753,
            0.026068035513162613
        ],
        [
            0.15772059559822083,
            0.032363321632146835,
            0.024177581071853638
        ],
        [
            0.11415669322013855,
            0.01671968586742878,
            -0.012168016284704208
        ],
        [
            0.1091851219534874,
            0.019590480253100395,
            -0.017523523420095444
        ],
        [
            0.16873586177825928,
            -0.01645391434431076,
            0.10532335937023163
        ],
        [
            0.1685558408498764,
            -0.018231680616736412,
            0.09929977357387543
        ],
        [
            0.08870582282543182,
            -0.0286966934800148,
            0.04633576422929764
        ],
        [
            0.10486114770174026,
            -0.031453631818294525,
            0.062081143260002136
        ],
        [
            0.08226870000362396,
            -0.02511337399482727,
            0.03029702603816986
        ],
        [
            0.08070475608110428,
            -0.022818826138973236,
            0.01762314885854721
        ],
        [
            0.07752975076436996,
            -0.022097554057836533,
            0.008025415241718292
        ],
        [
            0.14220091700553894,
            -0.006234719883650541,
            0.06808450073003769
        ],
        [
            0.125508651137352,
            -0.001183551736176014,
            0.052242036908864975
        ],
        [
            0.11999180912971497,
            0.010707136243581772,
            0.04016527533531189
        ],
        [
            0.12405285239219666,
            0.040266722440719604,
            0.03296421468257904
        ],
        [
            0.11506824195384979,
            0.04031234607100487,
            0.027424830943346024
        ],
        [
            0.1158158928155899,
            0.032063134014606476,
            0.03403113782405853
        ],
        [
            0.1239008679986,
            0.03342742472887039,
            0.03704923391342163
        ],
        [
            0.1373749077320099,
            0.045232728123664856,
            0.0257513877004385
        ],
        [
            0.13481305539608002,
            0.0441841185092926,
            0.0331612229347229
        ],
        [
            0.14209966361522675,
            0.04431617259979248,
            0.03766699880361557
        ],
        [
            0.14548133313655853,
            0.04607470706105232,
            0.031175799667835236
        ],
        [
            0.1268644630908966,
            -0.03127926588058472,
            0.05850762501358986
        ],
        [
            0.11559717357158661,
            -0.03543536365032196,
            0.05157142132520676
        ],
        [
            0.09825170785188675,
            0.035248950123786926,
            0.0028575658798217773
        ],
        [
            0.09194726496934891,
            0.03230888769030571,
            -0.000624489039182663
        ],
        [
            0.08639328926801682,
            0.029916910454630852,
            -0.006577402353286743
        ],
        [
            0.0985826924443245,
            0.01553177647292614,
            0.030665114521980286
        ],
        [
            0.0866754949092865,
            0.015637962147593498,
            0.024097628891468048
        ],
        [
            0.08508607745170593,
            0.012331522069871426,
            0.027566056698560715
        ],
        [
            0.09779103845357895,
            0.012589139863848686,
            0.03148558363318443
        ],
        [
            0.10150206089019775,
            0.0034872274845838547,
            0.04339924454689026
        ],
        [
            0.08913412690162659,
            0.005008554086089134,
            0.044739317148923874
        ],
        [
            0.11066479235887527,
            -0.0005251802504062653,
            0.050991252064704895
        ],
        [
            0.07751432061195374,
            0.007359676994383335,
            0.016367603093385696
        ],
        [
            0.07397717982530594,
            0.012774113565683365,
            0.006996408104896545
        ],
        [
            0.07158838212490082,
            0.004506543278694153,
            0.009294606745243073
        ],
        [
            0.07752121239900589,
            0.020773475989699364,
            0.0025718435645103455
        ],
        [
            0.08176206797361374,
            0.027124959975481033,
            -0.002041041851043701
        ],
        [
            0.10506653785705566,
            0.02043931931257248,
            -0.024942561984062195
        ],
        [
            0.07105889171361923,
            -0.0036561060696840286,
            0.010965459048748016
        ],
        [
            0.11739298701286316,
            -0.010179613716900349,
            0.06843897700309753
        ],
        [
            0.123114213347435,
            -0.012397240847349167,
            0.0715431272983551
        ],
        [
            0.12633240222930908,
            -0.009832775220274925,
            0.06500981003046036
        ],
        [
            0.12166768312454224,
            -0.008334042504429817,
            0.06147546321153641
        ],
        [
            0.14834745228290558,
            -0.030825650319457054,
            0.06832234561443329
        ],
        [
            0.14281857013702393,
            -0.026423467323184013,
            0.0723775252699852
        ],
        [
            0.13595716655254364,
            -0.025282319635152817,
            0.06701819598674774
        ],
        [
            0.09970353543758392,
            0.02806711569428444,
            0.027284875512123108
        ],
        [
            0.10178837180137634,
            0.037095218896865845,
            0.018740329891443253
        ],
        [
            0.1467267870903015,
            -0.01014644093811512,
            0.07446561008691788
        ],
        [
            0.1651630848646164,
            -0.02372286468744278,
            0.09644870460033417
        ],
        [
            0.15931522846221924,
            -0.024576954543590546,
            0.09818526357412338
        ],
        [
            0.154777392745018,
            -0.028825242072343826,
            0.08166003972291946
        ],
        [
            0.1615409106016159,
            -0.027771931141614914,
            0.08021492511034012
        ],
        [
            0.15662431716918945,
            -0.008620934560894966,
            0.07712695747613907
        ],
        [
            0.14924409985542297,
            -0.01054338552057743,
            0.07759679853916168
        ],
        [
            0.15083269774913788,
            -0.010298041626811028,
            0.07913531363010406
        ],
        [
            0.15646019577980042,
            -0.006818525958806276,
            0.07990740239620209
        ],
        [
            0.16066618263721466,
            0.02324630506336689,
            0.05929252505302429
        ],
        [
            0.1545318365097046,
            0.023403333500027657,
            0.05520616099238396
        ],
        [
            0.16441529989242554,
            -0.015613116323947906,
            0.0553123764693737
        ],
        [
            0.16024558246135712,
            -0.02824113890528679,
            0.05673156678676605
        ],
        [
            0.14961275458335876,
            -0.028357774019241333,
            0.04752323776483536
        ],
        [
            0.13935232162475586,
            0.014074008911848068,
            0.05026913434267044
        ],
        [
            0.14802291989326477,
            0.014439506456255913,
            0.05616489797830582
        ],
        [
            0.14843438565731049,
            0.018131926655769348,
            0.05436090752482414
        ],
        [
            0.14637282490730286,
            -0.003961462061852217,
            0.06862960755825043
        ],
        [
            0.15142710506916046,
            -0.006220793351531029,
            0.07345038652420044
        ],
        [
            0.15196886658668518,
            -0.00295506464317441,
            0.06964527815580368
        ],
        [
            0.14663724601268768,
            4.146900027990341e-05,
            0.06512118130922318
        ],
        [
            0.1327841430902481,
            0.037139859050512314,
            0.011335957795381546
        ],
        [
            0.1269730180501938,
            0.04430118575692177,
            0.018504027277231216
        ],
        [
            0.15448634326457977,
            -0.017139513045549393,
            0.10738232731819153
        ],
        [
            0.15415848791599274,
            -0.019237197935581207,
            0.10316038876771927
        ],
        [
            0.1300189048051834,
            0.014226512983441353,
            0.04364892095327377
        ],
        [
            0.13707731664180756,
            -0.026453319936990738,
            0.038658998906612396
        ],
        [
            0.12021557986736298,
            0.015707647427916527,
            0.03795911371707916
        ],
        [
            0.16629567742347717,
            0.0231371708214283,
            0.03931080549955368
        ],
        [
            0.1640951931476593,
            0.030782252550125122,
            0.04438752681016922
        ],
        [
            0.16691544651985168,
            0.029415082186460495,
            0.047743622213602066
        ],
        [
            0.17086970806121826,
            0.025124335661530495,
            0.044949211180210114
        ],
        [
            0.1615169197320938,
            -0.004419449716806412,
            0.0924578309059143
        ],
        [
            0.1562250256538391,
            -0.005893664434552193,
            0.09477980434894562
        ],
        [
            0.15629957616329193,
            -0.004830545745790005,
            0.09760414808988571
        ],
        [
            0.1618526577949524,
            -0.003541264683008194,
            0.0960400328040123
        ],
        [
            0.1454298496246338,
            -0.015071582049131393,
            0.07799733430147171
        ],
        [
            0.1437968909740448,
            -0.021015223115682602,
            0.07789454609155655
        ],
        [
            0.146219402551651,
            -0.020051073282957077,
            0.08225370198488235
        ],
        [
            0.14808231592178345,
            -0.014326374046504498,
            0.08112672716379166
        ],
        [
            0.14689163863658905,
            -0.026769421994686127,
            0.07721839100122452
        ],
        [
            0.14911213517189026,
            -0.02591402642428875,
            0.08210811764001846
        ],
        [
            0.16732612252235413,
            -0.006962969899177551,
            0.09132294356822968
        ],
        [
            0.17073571681976318,
            -0.013629067689180374,
            0.09224282205104828
        ],
        [
            0.16785681247711182,
            -0.015333889052271843,
            0.07755597680807114
        ],
        [
            0.1637997329235077,
            -0.008770189248025417,
            0.08010376244783401
        ],
        [
            0.13134323060512543,
            0.007319444790482521,
            0.006075192242860794
        ],
        [
            0.130407452583313,
            0.018049754202365875,
            0.0031767599284648895
        ],
        [
            0.1412665694952011,
            0.02029084414243698,
            0.013254176825284958
        ],
        [
            0.1524415910243988,
            0.022527679800987244,
            0.022213127464056015
        ],
        [
            0.16210037469863892,
            0.024111613631248474,
            0.03207072988152504
        ],
        [
            0.1654430329799652,
            0.012040609493851662,
            0.03353739529848099
        ],
        [
            0.1389807164669037,
            0.027761310338974,
            0.01087275892496109
        ],
        [
            0.16447439789772034,
            -0.009835455566644669,
            0.06905093789100647
        ],
        [
            0.1653268188238144,
            -0.01699203997850418,
            0.06614471226930618
        ],
        [
            0.1668764054775238,
            -0.01244138740003109,
            0.06323288381099701
        ],
        [
            0.12032113969326019,
            0.023044506087899208,
            0.03668040782213211
        ],
        [
            0.15459421277046204,
            -0.022445296868681908,
            0.09852930903434753
        ],
        [
            0.09828980267047882,
            -0.021541999652981758,
            -0.0004937499761581421
        ],
        [
            0.1056000366806984,
            -0.012702640146017075,
            -0.008000984787940979
        ],
        [
            0.11039067804813385,
            -0.014119217172265053,
            -0.0007908940315246582
        ],
        [
            0.10155589133501053,
            -0.023539623245596886,
            0.008372075855731964
        ],
        [
            0.15211963653564453,
            -0.011150912381708622,
            0.09695756435394287
        ],
        [
            0.15110552310943604,
            -0.017296718433499336,
            0.09816344082355499
        ],
        [
            0.15599577128887177,
            0.029730452224612236,
            0.05288529023528099
        ],
        [
            0.16104398667812347,
            0.028271952643990517,
            0.05586731806397438
        ],
        [
            0.16335442662239075,
            0.030979543924331665,
            0.052985165268182755
        ],
        [
            0.15887941420078278,
            0.0355636291205883,
            0.051618192344903946
        ],
        [
            0.12828880548477173,
            0.02339191921055317,
            0.0015487074851989746
        ],
        [
            0.15616750717163086,
            0.04384906217455864,
            0.030110899358987808
        ],
        [
            0.1625709980726242,
            0.035597361624240875,
            0.029017269611358643
        ],
        [
            0.12084421515464783,
            0.015703361481428146,
            -0.005461148917675018
        ],
        [
            0.121941938996315,
            0.006159968674182892,
            -0.0035156235098838806
        ],
        [
            0.11523767560720444,
            0.005895506590604782,
            -0.010607771575450897
        ],
        [
            0.16898594796657562,
            0.0022874856367707253,
            0.04506823420524597
        ],
        [
            0.13296391069889069,
            -0.00018035760149359703,
            0.010242857038974762
        ],
        [
            0.12243658304214478,
            -0.0005682900082319975,
            0.00020053982734680176
        ],
        [
            0.11442756652832031,
            -0.0011950288899242878,
            -0.008098267018795013
        ],
        [
            0.10925933718681335,
            -0.0012349472381174564,
            -0.01468009501695633
        ],
        [
            0.11055902391672134,
            0.006604805123060942,
            -0.016642898321151733
        ],
        [
            0.16897080838680267,
            -0.01919650100171566,
            0.0942935198545456
        ],
        [
            0.1708032339811325,
            -0.01184632908552885,
            0.09745475649833679
        ],
        [
            0.10629983246326447,
            0.007128594443202019,
            -0.02468910813331604
        ],
        [
            0.10455203801393509,
            -0.0015111672692000866,
            -0.021710574626922607
        ],
        [
            0.12159526348114014,
            -0.008539405651390553,
            0.004823409020900726
        ],
        [
            0.11884336173534393,
            -0.017647236585617065,
            0.01121852919459343
        ],
        [
            0.1316930055618286,
            -0.007732315920293331,
            0.014498516917228699
        ],
        [
            0.13029415905475616,
            -0.016811035573482513,
            0.021357398480176926
        ],
        [
            0.16917568445205688,
            -0.008909891359508038,
            0.04394509643316269
        ],
        [
            0.1696680337190628,
            -0.0015310253947973251,
            0.11315159499645233
        ],
        [
            0.16927358508110046,
            -0.00448143295943737,
            0.10240001231431961
        ],
        [
            0.1640290915966034,
            -0.0019426830112934113,
            0.10142561048269272
        ],
        [
            0.1668815165758133,
            0.0014370810240507126,
            0.11194109171628952
        ],
        [
            0.16731739044189453,
            -0.005817130208015442,
            0.09585725516080856
        ],
        [
            0.17111246287822723,
            -0.009976178407669067,
            0.10337080806493759
        ],
        [
            0.12389060109853745,
            -0.026251904666423798,
            0.029922977089881897
        ],
        [
            0.15783360600471497,
            -0.00520034646615386,
            0.07389837503433228
        ],
        [
            0.10828574746847153,
            -0.02723299153149128,
            0.022762443870306015
        ],
        [
            0.12190765142440796,
            -0.034348342567682266,
            0.04175373911857605
        ],
        [
            0.10962600260972977,
            -0.034222379326820374,
            0.03925878554582596
        ],
        [
            0.09195008873939514,
            -0.02828826569020748,
            0.018515165895223618
        ],
        [
            0.09524346888065338,
            -0.032908473163843155,
            0.03489750623703003
        ],
        [
            0.08605218678712845,
            -0.024153077974915504,
            0.00045027583837509155
        ],
        [
            0.09020290523767471,
            -0.02554287761449814,
            0.008603230118751526
        ],
        [
            0.10322727262973785,
            -0.03568767383694649,
            0.04928141459822655
        ],
        [
            0.1542046219110489,
