{
    "pred_cam": [
        10.159770965576172,
        0.06009034067392349,
        -0.06193260848522186
    ],
    "pred_mano_params": {
        "global_orient": [
            [
                [
                    0.559156060218811,
                    -0.37084755301475525,
                    0.7414960861206055
                ],
                [
                    -0.4953101575374603,
                    -0.8666465282440186,
                    -0.05993024632334709
                ],
                [
                    0.6648399829864502,
                    -0.33376020193099976,
                    -0.6682752370834351
                ]
            ]
        ],
        "hand_pose": [
            [
                [
                    0.9159172177314758,
                    -0.24201981723308563,
                    -0.3201904594898224
                ],
                [
                    0.21831820905208588,
                    0.9698222875595093,
                    -0.10854405164718628
                ],
                [
                    0.33679768443107605,
                    0.029513955116271973,
                    0.9411142468452454
                ]
            ],
            [
                [
                    0.541792094707489,
                    -0.7807509899139404,
                    0.3112702965736389
                ],
                [
                    0.837306797504425,
                    0.5336641669273376,
                    -0.11882717162370682
                ],
                [
                    -0.07333938032388687,
                    0.325008362531662,
                    0.9428631663322449
                ]
            ],
            [
                [
                    0.6748994588851929,
                    -0.7375389337539673,
                    0.02338966354727745
                ],
                [
                    0.7373070120811462,
                    0.6727283596992493,
                    -0.06176469847559929
                ],
                [
                    0.029818980023264885,
                    0.05893031880259514,
                    0.9978166222572327
                ]
            ],
            [
                [
                    0.8433492183685303,
                    -0.4570591151714325,
                    -0.282593309879303
                ],
                [
                    0.44987040758132935,
                    0.8881435990333557,
                    -0.09390256553888321
                ],
                [
                    0.2939024269580841,
                    -0.047937698662281036,
                    0.954632580280304
                ]
            ],
            [
                [
                    0.7063542008399963,
                    -0.692035436630249,
                    -0.14883068203926086
                ],
                [
                    0.7004423141479492,
                    0.6529740691184998,
                    0.28810662031173706
                ],
                [
                    -0.10219745337963104,
                    -0.3077526390552521,
                    0.9459618926048279
                ]
            ],
            [
                [
                    0.8761381506919861,
                    -0.47083064913749695,
                    -0.1034429743885994
                ],
                [
                    0.4784640371799469,
                    0.8755069971084595,
                    0.06752553582191467
                ],
                [
                    0.058771952986717224,
                    -0.1086554303765297,
                    0.992340624332428
                ]
            ],
            [
                [
                    0.6716002225875854,
                    -0.6945610046386719,
                    0.25794997811317444
                ],
                [
                    0.6597455739974976,
                    0.7190499901771545,
                    0.21840983629226685
                ],
                [
                    -0.3371778726577759,
                    0.023497268557548523,
                    0.9411476850509644
                ]
            ],
            [
                [
                    0.8922306299209595,
                    -0.41025876998901367,
                    -0.18871183693408966
                ],
                [
                    0.44888973236083984,
                    0.8513063192367554,
                    0.271616667509079
                ],
                [
                    0.049218423664569855,
                    -0.32705554366111755,
                    0.9437225461006165
                ]
            ],
            [
                [
                    0.8973010778427124,
                    -0.4032544195652008,
                    0.17954561114311218
                ],
                [
                    0.33872607350349426,
                    0.8898330330848694,
                    0.3057153522968292
                ],
                [
                    -0.2830466628074646,
                    -0.2135019451379776,
                    0.9350409507751465
                ]
            ],
            [
                [
                    0.8137133717536926,
                    -0.5793666243553162,
                    -0.04695557802915573
                ],
                [
                    0.5725350975990295,
                    0.8128200769424438,
                    -0.10736437886953354
                ],
                [
                    0.10036977380514145,
                    0.06048012152314186,
                    0.9931102991104126
                ]
            ],
            [
                [
                    0.829064667224884,
                    -0.5451623201370239,
                    -0.12429743260145187
                ],
                [
                    0.5374728441238403,
                    0.7156801223754883,
                    0.446010023355484
                ],
                [
                    -0.15419064462184906,
                    -0.43657761812210083,
                    0.8863550424575806
                ]
            ],
            [
                [
                    0.8144711852073669,
                    -0.5141634345054626,
                    -0.26883572340011597
                ],
                [
                    0.5729507803916931,
                    0.7857783436775208,
                    0.23298004269599915
                ],
                [
                    0.09145548194646835,
                    -0.3437851667404175,
                    0.9345842003822327
                ]
            ],
            [
                [
                    0.9685215353965759,
                    -0.1805802583694458,
                    0.17133797705173492
                ],
                [
                    0.21921591460704803,
                    0.29261261224746704,
                    -0.9307641983032227
                ],
                [
                    0.11794199049472809,
                    0.9390252828598022,
                    0.3229876756668091
                ]
            ],
            [
                [
                    0.9433296322822571,
                    -0.2867456078529358,
                    -0.1670515090227127
                ],
                [
                    0.3273673355579376,
                    0.7215433716773987,
                    0.6100866794586182
                ],
                [
                    -0.05440475791692734,
                    -0.6302000284194946,
                    0.7745243906974792
                ]
            ],
            [
                [
                    0.9280486702919006,
                    0.3520357310771942,
                    -0.12164068967103958
                ],
                [
                    -0.3318401575088501,
                    0.9298092722892761,
                    0.1591755449771881
                ],
                [
                    0.1691381186246872,
                    -0.10735739022493362,
                    0.9797278642654419
                ]
            ]
        ],
        "betas": [
            -0.01734045147895813,
            -0.09816718101501465,
            -0.07467600703239441,
            -0.011921435594558716,
            -0.0003846883773803711,
            -0.03312820941209793,
            0.0446934700012207,
            -0.05713599920272827,
            -0.009701728820800781,
            -0.038754820823669434
        ]
    },
    "pred_cam_t": [
        -0.06009034067392349,
        -0.06193260848522186,
        3.844820976257324
    ],
    "focal_length": [
        5000.0,
        5000.0
    ],
    "pred_keypoints_3d": [
        [
            0.09585197269916534,
            0.006391723174601793,
            0.006217619404196739
        ],
        [
            0.10726558417081833,
            0.03023032285273075,
            -0.02184126153588295
        ],
        [
            0.11301734298467636,
            0.060021013021469116,
            -0.027286328375339508
        ],
        [
            0.11072477698326111,
            0.08651269227266312,
            -0.032771818339824677
        ],
        [
            0.10453622788190842,
            0.11434035003185272,
            -0.0550372488796711
        ],
        [
            0.0637262687087059,
            0.05334688350558281,
            -0.06442376226186752
        ],
        [
            0.040760792791843414,
            0.07258856296539307,
            -0.07844234257936478
        ],
        [
            0.04298847168684006,
            0.09406405687332153,
            -0.07303833216428757
        ],
        [
            0.05409448221325874,
            0.10757452249526978,
            -0.05515860393643379
        ],
        [
            0.040871791541576385,
            0.0548473559319973,
            -0.053999267518520355
        ],
        [
            0.020159054547548294,
            0.07870752364397049,
            -0.05732806399464607
        ],
        [
            0.02307458408176899,
            0.10047728568315506,
            -0.04944336414337158
        ],
        [
            0.03321739286184311,
            0.12104885280132294,
            -0.03752210736274719
        ],
        [
            0.03173639625310898,
            0.0519881509244442,
            -0.029052505269646645
        ],
        [
            0.0176919586956501,
            0.0765155628323555,
            -0.035218629986047745
        ],
        [
            0.020344821736216545,
            0.09969966858625412,
            -0.026609279215335846
        ],
        [
            0.031449396163225174,
            0.11731038242578506,
            -0.011437684297561646
        ],
        [
            0.028937093913555145,
            0.05175738409161568,
            -0.00742853619158268
        ],
        [
            0.0213936660438776,
            0.07150820642709732,
            -0.00858459435403347
        ],
        [
            0.021700246259570122,
            0.08891807496547699,
            -0.0009469068609178066
        ],
        [
            0.030419064685702324,
            0.10389554500579834,
            0.006206829566508532
        ]
    ],
    "pred_vertices": [
        [
            0.08655080944299698,
            0.04610656201839447,
            -0.031925495713949203
        ],
        [
            0.09194658696651459,
            0.04217960685491562,
            -0.023899175226688385
        ],
        [
            0.09439609199762344,
            0.050304070115089417,
            -0.027036800980567932
        ],
        [
            0.08977621793746948,
            0.05240929126739502,
            -0.0374806746840477
        ],
        [
            0.106844961643219,
            0.044772855937480927,
            -0.007843103259801865
        ],
        [
            0.11818042397499084,
            0.0411662794649601,
            -0.008520141243934631
        ],
        [
            0.11808915436267853,
            0.05616190284490585,
            -0.013501707464456558
        ],
        [
            0.10878127068281174,
            0.057682834565639496,
            -0.010621462017297745
        ],
        [
            0.09210151433944702,
            0.05708326771855354,
            -0.041363999247550964
        ],
        [
            0.09651419520378113,
            0.05739543214440346,
            -0.02894948050379753
        ],
        [
            0.09443522989749908,
            0.057817596942186356,
            -0.041780248284339905
        ],
        [
            0.08735964447259903,
            0.049919091165065765,
            -0.05719323828816414
        ],
        [
            0.08653200417757034,
            0.05344369634985924,
            -0.05289917066693306
        ],
        [
            0.08046992868185043,
            0.047858111560344696,
            -0.06461130082607269
        ],
        [
            0.08885934948921204,
            0.039333391934633255,
            -0.05756458640098572
        ],
        [
            0.07511181384325027,
            0.03993324190378189,
            -0.06548530608415604
        ],
        [
            0.0685214176774025,
            0.019918445497751236,
            -0.04358989745378494
        ],
        [
            0.06037589907646179,
            0.017807234078645706,
            -0.03256690129637718
        ],
        [
            0.0498395711183548,
            0.02687874808907509,
            -0.04218225181102753
        ],
        [
            0.05941661819815636,
            0.028687743470072746,
            -0.05196569859981537
        ],
        [
            0.044056255370378494,
            0.025764919817447662,
            -0.02225135639309883
        ],
        [
            0.046506255865097046,
            0.02674178034067154,
            -0.033767566084861755
        ],
        [
            0.05663203075528145,
            0.016626592725515366,
            -0.02445121295750141
        ],
        [
            0.05404384061694145,
            0.01644008606672287,
            -0.014541709795594215
        ],
        [
            0.08015884459018707,
            0.03910083323717117,
            -0.018446624279022217
        ],
        [
            0.08601070195436478,
            0.034678831696510315,
            -0.011285379528999329
        ],
        [
            0.08814466744661331,
            0.03594440594315529,
            -0.01729263737797737
        ],
        [
            0.08292911946773529,
            0.04051987826824188,
            -0.023458331823349
        ],
        [
            0.10510774701833725,
            0.06351879984140396,
            -0.03941444307565689
        ],
        [
            0.10473809391260147,
            0.04779190570116043,
            -0.046121932566165924
        ],
        [
            0.0982348620891571,
            0.05234534293413162,
            -0.04615314304828644
        ],
        [
            0.10192345827817917,
            0.06609763950109482,
            -0.03548268973827362
        ],
        [
            0.09737596660852432,
            0.02848270907998085,
            0.015790671110153198
        ],
        [
            0.10354703664779663,
            0.017205286771059036,
            0.020138602703809738
        ],
        [
            0.10718050599098206,
            0.016579747200012207,
            0.015454437583684921
        ],
        [
            0.10043096542358398,
            0.026559531688690186,
            0.012051891535520554
        ],
        [
            0.11744652688503265,
            0.023233499377965927,
            -0.001386992633342743
        ],
        [
            0.11910703778266907,
            0.01416340097784996,
            0.002117931842803955
        ],
        [
            0.1256384402513504,
            0.004548497498035431,
            -0.0039046481251716614
        ],
        [
            0.1247061938047409,
            0.012712962925434113,
            -0.010067567229270935
        ],
        [
            0.11715853959321976,
            0.03223494440317154,
            -0.005628660321235657
        ],
        [
            0.12526588141918182,
            0.02477431297302246,
            -0.013102386146783829
        ],
        [
            0.12526842951774597,
            0.036050669848918915,
            -0.015632715076208115
        ],
        [
            0.12365049123764038,
            0.05317474901676178,
            -0.020130544900894165
        ],
        [
            0.09435690939426422,
            0.015647973865270615,
            0.028962954878807068
        ],
        [
            0.088783398270607,
            0.024063587188720703,
            0.027342580258846283
        ],
        [
            0.052316922694444656,
            0.07859185338020325,
            -0.07387494295835495
        ],
        [
            0.04885030537843704,
            0.07912890613079071,
            -0.06885713338851929
        ],
        [
            0.050314806401729584,
            0.07747521996498108,
            -0.06848429143428802
        ],
        [
            0.05313688889145851,
            0.07740011811256409,
            -0.07366596907377243
        ],
        [
            0.07589638978242874,
            0.007447998970746994,
            0.028158295899629593
        ],
        [
            0.07205066084861755,
            -0.0004740804433822632,
            0.023233231157064438
        ],
        [
            0.07636802643537521,
            -0.003111567348241806,
            0.02848346158862114
        ],
        [
            0.08148059248924255,
            0.003990646451711655,
            0.031914349645376205
        ],
        [
            0.06860501319169998,
            0.01207638531923294,
            0.02312386780977249
        ],
        [
            0.06662312895059586,
            0.0037113986909389496,
            0.01579277589917183
        ],
        [
            0.04482273757457733,
            0.07777362316846848,
            -0.0843672826886177
        ],
        [
            0.04956734552979469,
            0.07871927320957184,
            -0.08242382109165192
        ],
        [
            0.04956056922674179,
            0.0746876522898674,
            -0.08294392377138138
        ],
        [
            0.04490237683057785,
            0.07236383110284805,
            -0.08382610976696014
        ],
        [
            0.08477339148521423,
            0.0532398484647274,
            -0.04674067348241806
        ],
        [
            0.08142279088497162,
            0.050297971814870834,
            -0.03873210400342941
        ],
        [
            0.07180633395910263,
            0.05998265743255615,
            -0.058605343103408813
        ],
        [
            0.07479669898748398,
            0.05507504940032959,
            -0.0500522255897522
        ],
        [
            0.07985566556453705,
            0.05437122657895088,
            -0.05508267134428024
        ],
        [
            0.07612179219722748,
            0.05717663839459419,
            -0.062369443476200104
        ],
        [
            0.06347455084323883,
            0.049661509692668915,
            -0.02971666119992733
        ],
        [
            0.07089246064424515,
            0.043630585074424744,
            -0.022851642221212387
        ],
        [
            0.07360430061817169,
            0.04499128833413124,
            -0.028842302039265633
        ],
        [
            0.06685195863246918,
            0.05220314487814903,
            -0.037279315292835236
        ],
        [
            0.06456482410430908,
            0.0445769727230072,
            -0.010204695165157318
        ],
        [
            0.05757990479469299,
            0.050035715103149414,
            -0.018142560496926308
        ],
        [
            0.05477447807788849,
            0.04990283027291298,
            -0.010042080655694008
        ],
        [
            0.06066315993666649,
            0.04689609259366989,
            -0.00549861416220665
        ],
        [
            0.047682128846645355,
            0.058586087077856064,
            -0.034478627145290375
        ],
        [
            0.04311279579997063,
            0.060867320746183395,
            -0.039376143366098404
        ],
        [
            0.040515124797821045,
            0.062270961701869965,
            -0.03635675460100174
        ],
        [
            0.045837581157684326,
            0.05821052938699722,
            -0.031153341755270958
        ],
        [
            0.08051937818527222,
            -0.0067128986120224,
            0.03296506404876709
        ],
        [
            0.0871509313583374,
            0.00032214075326919556,
            0.034650854766368866
        ],
        [
            0.038871653378009796,
            0.028174597769975662,
            -0.001260479912161827
        ],
        [
            0.042112577706575394,
            0.03185052424669266,
            0.008751120418310165
        ],
        [
            0.032204240560531616,
            0.03920198976993561,
            0.004006164148449898
        ],
        [
            0.031014150008559227,
            0.03307527303695679,
            -0.005737842991948128
        ],
        [
            0.0721212849020958,
            -0.00583256408572197,
            0.014345791190862656
        ],
        [
            0.07467230409383774,
            -0.009413596242666245,
            0.020836535841226578
        ],
        [
            0.03887726739048958,
            0.07684487104415894,
            -0.0826047882437706
        ],
        [
            0.03925483673810959,
            0.07124263793230057,
            -0.08156522363424301
        ],
        [
            0.12517206370830536,
            0.026910964399576187,
            -0.025994744151830673
        ],
        [
            0.1244141235947609,
            0.048939697444438934,
            -0.029053576290607452
        ],
        [
            0.12396755814552307,
            0.01195261999964714,
            -0.02080385386943817
        ],
        [
            0.12193791568279266,
            0.0022551491856575012,
            -0.01578378677368164
        ],
        [
            0.12290544807910919,
            -0.0050750598311424255,
            -0.010606013238430023
        ],
        [
            0.06866743415594101,
            0.057034317404031754,
            -0.04804013669490814
        ],
        [
            0.07930102199316025,
            0.04543039947748184,
            -0.030959762632846832
        ],
        [
            0.07772970199584961,
            0.03871571272611618,
            -0.013791430741548538
        ],
        [
            0.061546504497528076,
            0.04462788254022598,
            0.011816293001174927
        ],
        [
            0.0688590407371521,
            0.03979010879993439,
            0.01777520775794983
        ],
        [
            0.07247663289308548,
            0.04223833978176117,
            0.008027784526348114
        ],
        [
            0.06503003090620041,
            0.04543965309858322,
            0.00462166965007782
        ],
        [
            0.045625101774930954,
            0.03992491960525513,
            0.013169446960091591
        ],
        [
            0.04985181987285614,
            0.046209610998630524,
            0.010473065078258514
        ],
        [
            0.04318905621767044,
            0.0500822477042675,
            0.005819849669933319
        ],
        [
            0.037630051374435425,
            0.04511559009552002,
            0.008131129667162895
        ],
        [
            0.1122976541519165,
            0.06312577426433563,
            -0.04156303405761719
        ],
        [
            0.11172357201576233,
            0.04493609070777893,
            -0.04490272328257561
        ],
        [
            0.08221448957920074,
            0.015699703246355057,
            0.03021106868982315
        ],
        [
            0.08850011229515076,
            0.011321928352117538,
            0.031763192266225815
        ],
        [
            0.09340955317020416,
            0.004875738173723221,
            0.03435106575489044
        ],
        [
            0.09266503900289536,
            0.03170778602361679,
            0.0011590272188186646
        ],
        [
            0.10253747552633286,
            0.025227289646863937,
            0.009376619011163712
        ],
        [
            0.1044396311044693,
            0.02546682208776474,
            0.005370620638132095
        ],
        [
            0.09333162009716034,
            0.030673719942569733,
            -0.002782348543405533
        ],
        [
            0.09636811167001724,
            0.0382404625415802,
            -0.013495270162820816
        ],
        [
            0.10521695017814636,
            0.03408743068575859,
            -0.004928890615701675
        ],
        [
            0.09777065366506577,
            0.04823588207364082,
            -0.01469380408525467
        ],
        [
            0.11299514770507812,
            0.014637432992458344,
            0.010016608983278275
        ],
        [
            0.11336914449930191,
            0.009629789739847183,
            0.019950933754444122
        ],
        [
            0.11884470283985138,
            0.007861185818910599,
            0.013135433197021484
        ],
        [
            0.10643822699785233,
            0.009188778698444366,
            0.026872657239437103
        ],
        [
            0.09943436086177826,
            0.007793363183736801,
            0.03219050541520119
        ],
        [
            0.07678113132715225,
            -0.015752989798784256,
            0.026108309626579285
        ],
        [
            0.12265509366989136,
            0.00577196478843689,
            0.006042502820491791
        ],
        [
            0.11058161407709122,
            0.06643926352262497,
            -0.015033110976219177
        ],
        [
            0.11212735623121262,
            0.07434285432100296,
            -0.019206004217267036
        ],
        [
            0.10525831580162048,
            0.07309933751821518,
            -0.02117202989757061
        ],
        [
            0.10328696668148041,
            0.06587231159210205,
            -0.018240250647068024
        ],
        [
            0.07236623764038086,
            0.04912218451499939,
            -0.07144922018051147
        ],
        [
            0.0757519081234932,
            0.05465126410126686,
            -0.0677202045917511
        ],
        [
            0.0829586610198021,
            0.05193161219358444,
            -0.06032448261976242
        ],
        [
            0.08764445781707764,
            0.034637823700904846,
            0.014078937470912933
        ],
        [
            0.08087469637393951,
            0.030758347362279892,
            0.024015840142965317
        ],
        [
            0.06544268131256104,
            0.06141360104084015,
            -0.05671738088130951
        ],
        [
            0.04580235481262207,
            0.06801820546388626,
            -0.08377943187952042
        ],
        [
            0.051030199974775314,
            0.07099951058626175,
            -0.08313919603824615
        ],
        [
            0.060893189162015915,
            0.058708999305963516,
            -0.0785464271903038
        ],
        [
            0.05516885593533516,
            0.0549430176615715,
            -0.07918662577867508
        ],
        [
            0.054252367466688156,
            0.061242926865816116,
            -0.06007913872599602
        ],
        [
            0.060873620212078094,
            0.06299803406000137,
            -0.059546615928411484
        ],
        [
            0.0579199455678463,
            0.06334178894758224,
            -0.06057495251297951
        ],
        [
            0.05143832415342331,
            0.06251658499240875,
            -0.05970004200935364
        ],
        [
            0.03899337351322174,
            0.060670509934425354,
            -0.027303094044327736
        ],
        [
            0.043728169053792953,
            0.0573180615901947,
            -0.022809049114584923
        ],
        [
            0.05105198174715042,
            0.04020148515701294,
            -0.058838412165641785
        ],
        [
            0.060493677854537964,
            0.036549217998981476,
            -0.06758785992860794
        ],
        [
            0.06803475320339203,
            0.03179405257105827,
            -0.06043758615851402
        ],
        [
            0.06051754206418991,
            0.0491173081099987,
            -0.022868694737553596
        ],
        [
            0.05341576039791107,
            0.054611288011074066,
            -0.028418956324458122
        ],
        [
            0.05134543776512146,
            0.05441901460289955,
            -0.02480647899210453
        ],
        [
            0.06390007585287094,
            0.05830986052751541,
            -0.048151250928640366
        ],
        [
            0.05991550162434578,
            0.06124448403716087,
            -0.05437445640563965
        ],
        [
            0.058232225477695465,
            0.05958174169063568,
            -0.04971461743116379
        ],
        [
            0.061507027596235275,
            0.056656934320926666,
            -0.04332144558429718
        ],
        [
            0.05103655159473419,
            0.023764129728078842,
            0.014248551800847054
        ],
        [
            0.054852619767189026,
            0.033313944935798645,
            0.019654415547847748
        ],
        [
            0.0524582676589489,
            0.0787632167339325,
            -0.07871146500110626
        ],
        [
            0.05281536653637886,
            0.07650835812091827,
            -0.07906681299209595
        ],
        [
            0.06787017732858658,
            0.04323373734951019,
            -0.016285739839076996
        ],
        [
            0.07684910297393799,
            0.025346461683511734,
            -0.05139052867889404
        ],
        [
            0.07529108226299286,
            0.03879234939813614,
            -0.008808616548776627
        ],
        [
            0.030089497566223145,
            0.04288332164287567,
            -0.02252958156168461
        ],
        [
            0.030498670414090157,
            0.05025126412510872,
            -0.018198858946561813
        ],
        [
            0.028534233570098877,
            0.05385157838463783,
            -0.02188977599143982
        ],
        [
            0.026172947138547897,
            0.04959563538432121,
            -0.025988996028900146
        ],
        [
            0.042092859745025635,
            0.07124657928943634,
            -0.06396277248859406
        ],
        [
            0.04662302881479263,
            0.07483581453561783,
            -0.06439667195081711
        ],
        [
            0.04529469460248947,
            0.07624411582946777,
            -0.0649077445268631
        ],
        [
            0.039663635194301605,
            0.07417513430118561,
            -0.06523996591567993
        ],
        [
            0.06591030955314636,
            0.06309065222740173,
            -0.0625055655837059
        ],
        [
            0.07022900879383087,
            0.06109392270445824,
            -0.06696442514657974
        ],
        [
            0.06478812545537949,
            0.06490243971347809,
            -0.06885865330696106
        ],
        [
            0.06127135828137398,
            0.06488222628831863,
            -0.06412724405527115
        ],
        [
            0.0690261721611023,
            0.05795445665717125,
            -0.07244300842285156
        ],
        [
            0.06447064131498337,
            0.062088917940855026,
            -0.0745401605963707
        ],
        [
            0.03797656297683716,
            0.06761874258518219,
            -0.0674922913312912
        ],
        [
            0.037241727113723755,
            0.0657084733247757,
            -0.07491124421358109
        ],
        [
            0.045459456741809845,
            0.05347321927547455,
            -0.06929950416088104
        ],
        [
            0.04581901803612709,
            0.05872111767530441,
            -0.06352131813764572
        ],
        [
            0.06303671002388,
            0.006448626518249512,
            -0.0076109617948532104
        ],
        [
            0.05936185643076897,
            0.008450750261545181,
            0.0027263984084129333
        ],
        [
            0.05016510188579559,
            0.018343500792980194,
            -0.003924626857042313
        ],
        [
            0.040207624435424805,
            0.027168724685907364,
            -0.01034502126276493
        ],
        [
            0.0320061556994915,
            0.036292120814323425,
            -0.01710309460759163
        ],
        [
            0.034793563187122345,
            0.032822683453559875,
            -0.028551504015922546
        ],
        [
            0.048960957676172256,
            0.019389942288398743,
            0.004088018089532852
        ],
        [
            0.0491114966571331,
            0.05493410304188728,
            -0.06012555584311485
        ],
        [
            0.0514952726662159,
            0.04663841426372528,
            -0.06510297954082489
        ],
        [
            0.04821121320128441,
            0.048296332359313965,
            -0.06085570901632309
        ],
        [
            0.07222938537597656,
            0.040761835873126984,
            -0.00228128582239151
        ],
        [
            0.05422621965408325,
            0.07392805069684982,
            -0.07985416799783707
        ],
        [
            0.10253417491912842,
            -0.011619418859481812,
            -0.015631821006536484
        ],
        [
            0.09148120880126953,
            -0.014617320150136948,
            -0.008072085678577423
        ],
        [
            0.0888235867023468,
            -0.008730553090572357,
            -0.014083296060562134
        ],
        [
            0.10172693431377411,
            -0.004286859184503555,
            -0.022431138902902603
        ],
        [
            0.05187563598155975,
            0.07701647281646729,
            -0.06868740171194077
        ],
        [
            0.05506495013833046,
            0.07646415382623672,
            -0.07412383705377579
        ],
        [
            0.03966490924358368,
            0.058097124099731445,
            -0.01749243400990963
        ],
        [
            0.03583145514130592,
            0.0603238046169281,
            -0.022422976791858673
        ],
        [
            0.03206682577729225,
            0.0593375638127327,
            -0.021037526428699493
        ],
        [
            0.03455135598778725,
            0.05964381620287895,
            -0.014547544531524181
        ],
        [
            0.058980636298656464,
            0.009251914918422699,
            0.008616704493761063
        ],
        [
            0.02739448845386505,
            0.04581621289253235,
            0.0012181252241134644
        ],
        [
            0.026082662865519524,
            0.040002837777137756,
            -0.0075446441769599915
        ],
        [
            0.06753572821617126,
            -0.00026325881481170654,
            0.008132103830575943
        ],
        [
            0.0704365149140358,
            -0.0026110410690307617,
            -0.0009192489087581635
        ],
        [
            0.07545672357082367,
            -0.009045977145433426,
            0.004399970173835754
        ],
        [
            0.037877410650253296,
            0.03859992325305939,
            -0.04259006679058075
        ],
        [
            0.06507877260446548,
            0.00696977972984314,
            -0.016029242426156998
        ],
        [
            0.07309772074222565,
            -0.002164289355278015,
            -0.008098389953374863
        ],
        [
            0.07921372354030609,
            -0.009852644056081772,
            -0.0020828768610954285
        ],
        [
            0.08282995969057083,
            -0.015741344541311264,
            0.0025763176381587982
        ],
        [
            0.07842350006103516,
            -0.0141395702958107,
            0.00925794243812561
        ],
        [
            0.04073344171047211,
            0.06632973253726959,
            -0.08021823316812515
        ],
        [
            0.03440041467547417,
            0.0711616575717926,
            -0.0761752724647522
        ],
        [
            0.08067489415407181,
            -0.021173439919948578,
            0.014538835734128952
        ],
        [
            0.08597365021705627,
            -0.022179890424013138,
            0.0069688670337200165
        ],
        [
            0.0775880217552185,
            -0.0014154277741909027,
            -0.016126777976751328
        ],
        [
            0.08440504968166351,
            0.0010437481105327606,
            -0.025654558092355728
        ],
        [
            0.06973548978567123,
            0.0075810737907886505,
            -0.023394834250211716
        ],
        [
            0.07554024457931519,
            0.010407548397779465,
            -0.03333674371242523
        ],
        [
            0.04287964850664139,
            0.03325401246547699,
            -0.050580840557813644
        ],
        [
            0.034347280859947205,
            0.09003008902072906,
            -0.07228462398052216
        ],
        [
            0.03357928991317749,
            0.07843305170536041,
            -0.07145413756370544
        ],
        [
            0.037610363215208054,
            0.07838863134384155,
            -0.0671558529138565
        ],
        [
            0.035637784749269485,
            0.08878550678491592,
            -0.06825055181980133
        ],
        [
            0.03554758429527283,
            0.07233486324548721,
            -0.06900803744792938
        ],
        [
            0.03401947021484375,
            0.07727602124214172,
            -0.07716209441423416
        ],
        [
            0.08691686391830444,
            0.0171818770468235,
            -0.042769696563482285
        ],
        [
            0.05330514535307884,
            0.061942923814058304,
            -0.055245596915483475
        ],
        [
            0.09983798861503601,
            0.00952434167265892,
            -0.03459995239973068
        ],
        [
            0.09698289632797241,
            0.03062811866402626,
            -0.05141672492027283
        ],
        [
            0.10757721960544586,
            0.026746615767478943,
            -0.043888065963983536
        ],
        [
            0.11423569917678833,
            0.0024439021944999695,
            -0.025797639042139053
        ],
        [
            0.11807872354984283,
            0.01816077157855034,
            -0.034197643399238586
        ],
        [
            0.11484754085540771,
            -0.011971719563007355,
            -0.013020426034927368
        ],
        [
            0.11282713711261749,
            -0.005521070212125778,
            -0.019197572022676468
        ],
        [
            0.12015169858932495,
            0.03669872507452965,
