{
    "pred_cam": [
        7.760354995727539,
        -0.15115337073802948,
        -0.06038905680179596
    ],
    "pred_mano_params": {
        "global_orient": [
            [
                [
                    -0.27932846546173096,
                    -0.9464531540870667,
                    0.16187049448490143
                ],
                [
                    -0.6094640493392944,
                    0.04449217766523361,
                    -0.791564404964447
                ],
                [
                    0.7419766187667847,
                    -0.3197607100009918,
                    -0.5892571210861206
                ]
            ]
        ],
        "hand_pose": [
            [
                [
                    0.7021856904029846,
                    -0.5607138872146606,
                    -0.43878841400146484
                ],
                [
                    0.557345449924469,
                    0.8163766860961914,
                    -0.15131151676177979
                ],
                [
                    0.4430590867996216,
                    -0.13830795884132385,
                    0.8857593536376953
                ]
            ],
            [
                [
                    0.9952887296676636,
                    -0.036779895424842834,
                    0.08970873802900314
                ],
                [
                    0.05102846771478653,
                    0.985451340675354,
                    -0.16211624443531036
                ],
                [
                    -0.08244098722934723,
                    0.16593016684055328,
                    0.9826854467391968
                ]
            ],
            [
                [
                    0.8515997529029846,
                    -0.5224243998527527,
                    0.04301825910806656
                ],
                [
                    0.5069386959075928,
                    0.7999091744422913,
                    -0.3211829662322998
                ],
                [
                    0.1333831399679184,
                    0.29532694816589355,
                    0.946039617061615
                ]
            ],
            [
                [
                    0.7018055319786072,
                    -0.6261050701141357,
                    -0.3397960960865021
                ],
                [
                    0.6146244406700134,
                    0.7733379006385803,
                    -0.15551647543907166
                ],
                [
                    0.36014682054519653,
                    -0.09970464557409286,
                    0.9275522828102112
                ]
            ],
            [
                [
                    0.9817966222763062,
                    -0.18057340383529663,
                    -0.05889478325843811
                ],
                [
                    0.18993395566940308,
                    0.9344671964645386,
                    0.30115818977355957
                ],
                [
                    0.0006540897884406149,
                    -0.3068622350692749,
                    0.9517537355422974
                ]
            ],
            [
                [
                    0.8236886262893677,
                    -0.5418473482131958,
                    -0.16714805364608765
                ],
                [
                    0.5599902272224426,
                    0.823646068572998,
                    0.08954443037509918
                ],
                [
                    0.08915140479803085,
                    -0.16735799610614777,
                    0.9818571209907532
                ]
            ],
            [
                [
                    0.4210585057735443,
                    -0.7396421432495117,
                    0.5250136852264404
                ],
                [
                    0.7475877404212952,
                    0.6107734441757202,
                    0.260899156332016
                ],
                [
                    -0.5136364102363586,
                    0.2826399803161621,
                    0.8101187348365784
                ]
            ],
            [
                [
                    0.9451572895050049,
                    -0.07899793982505798,
                    -0.3169178366661072
                ],
                [
                    0.16543154418468475,
                    0.9524260759353638,
                    0.25596264004707336
                ],
                [
                    0.2816203236579895,
                    -0.294353187084198,
                    0.9132611751556396
                ]
            ],
            [
                [
                    0.8007017970085144,
                    -0.5712542533874512,
                    0.18040317296981812
                ],
                [
                    0.5691802501678467,
                    0.8193696141242981,
                    0.06831736117601395
                ],
                [
                    -0.18684343993663788,
                    0.04798009619116783,
                    0.9812173843383789
                ]
            ],
            [
                [
                    0.6803116798400879,
                    -0.7323648929595947,
                    -0.0285958182066679
                ],
                [
                    0.72099769115448,
                    0.6757422685623169,
                    -0.15340997278690338
                ],
                [
                    0.13167549669742584,
                    0.08374906331300735,
                    0.9877487421035767
                ]
            ],
            [
                [
                    0.9758208394050598,
                    -0.18869200348854065,
                    -0.11031365394592285
                ],
                [
                    0.216532364487648,
                    0.9033492803573608,
                    0.370234876871109
                ],
                [
                    0.02979137748479843,
                    -0.3851693570613861,
                    0.9223649501800537
                ]
            ],
            [
                [
                    0.7966217994689941,
                    -0.5116704106330872,
                    -0.32184937596321106
                ],
                [
                    0.5808690786361694,
                    0.7953281402587891,
                    0.17333300411701202
                ],
                [
                    0.1672864705324173,
                    -0.3250332176685333,
                    0.9307892322540283
                ]
            ],
            [
                [
                    0.9907829761505127,
                    0.11077284067869186,
                    -0.07796447724103928
                ],
                [
                    -0.13396118581295013,
                    0.7159169912338257,
                    -0.6852132678031921
                ],
                [
                    -0.020086925476789474,
                    0.6893418431282043,
                    0.7241576313972473
                ]
            ],
            [
                [
                    0.8707273006439209,
                    -0.26264244318008423,
                    -0.4157556891441345
                ],
                [
                    0.4405437707901001,
                    0.7922907471656799,
                    0.422133207321167
                ],
                [
                    0.21852929890155792,
                    -0.5507215261459351,
                    0.8055746555328369
                ]
            ],
            [
                [
                    0.9275514483451843,
                    0.3526434302330017,
                    -0.12365618348121643
                ],
                [
                    -0.3552163243293762,
                    0.9347831606864929,
                    0.0013242828426882625
                ],
                [
                    0.11605872958898544,
                    0.042696353048086166,
                    0.99232417345047
                ]
            ]
        ],
        "betas": [
            -0.040914297103881836,
            0.0027642548084259033,
            -0.0781664252281189,
            0.00863465666770935,
            0.05530056357383728,
            0.026816125959157944,
            0.06739026308059692,
            -0.05482083559036255,
            0.03923672437667847,
            0.03114214539527893
        ]
    },
    "pred_cam_t": [
        -0.15115337073802948,
        -0.06038905680179596,
        5.033596992492676
    ],
    "focal_length": [
        5000.0,
        5000.0
    ],
    "pred_keypoints_3d": [
        [
            0.09594026207923889,
            0.006399219390004873,
            0.006208174861967564
        ],
        [
            0.12156099081039429,
            -3.0024442821741104e-05,
            -0.021961625665426254
        ],
        [
            0.14274120330810547,
            -0.0020393976010382175,
            -0.04428175464272499
        ],
        [
            0.15894819796085358,
            0.011401629075407982,
            -0.06143232807517052
        ],
        [
            0.16912558674812317,
            0.027834394946694374,
            -0.09223007410764694
        ],
        [
            0.12890659272670746,
            0.04362683743238449,
            -0.06991549581289291
        ],
        [
            0.1486465483903885,
            0.06936192512512207,
            -0.07674603164196014
        ],
        [
            0.16522037982940674,
            0.08418594300746918,
            -0.0783059224486351
        ],
        [
            0.18632368743419647,
            0.09655652940273285,
            -0.069888174533844
        ],
        [
            0.12329482287168503,
            0.06685513257980347,
            -0.061754509806632996
        ],
        [
            0.14252427220344543,
            0.09217765927314758,
            -0.06224479526281357
        ],
        [
            0.16095255315303802,
            0.10579252988100052,
            -0.0577680766582489
        ],
        [
            0.1834830790758133,
            0.11184825748205185,
            -0.04658946394920349
        ],
        [
            0.1182311475276947,
            0.07730253040790558,
            -0.03758072853088379
        ],
        [
            0.13989895582199097,
            0.09592407941818237,
            -0.042019378393888474
        ],
        [
            0.16026675701141357,
            0.10815389454364777,
            -0.03472598269581795
        ],
        [
            0.17915047705173492,
            0.11259295046329498,
            -0.01760641299188137
        ],
        [
            0.11764226108789444,
            0.08222302794456482,
            -0.016280576586723328
        ],
        [
            0.13641351461410522,
            0.09099498391151428,
            -0.02061338536441326
        ],
        [
            0.1525990068912506,
            0.10037831962108612,
            -0.01724010333418846
        ],
        [
            0.16793839633464813,
            0.10235528647899628,
            -0.009389916434884071
        ]
    ],
    "pred_vertices": [
        [
            0.1289735585451126,
            0.02309645153582096,
            -0.035304825752973557
        ],
        [
            0.12795232236385345,
            0.01732652634382248,
            -0.026698268949985504
        ],
        [
            0.1353856474161148,
            0.01573219522833824,
            -0.03450001776218414
        ],
        [
            0.1350523680448532,
            0.02063615433871746,
            -0.0428067147731781
        ],
        [
            0.1394851952791214,
            0.002458011731505394,
            -0.01744925230741501
        ],
        [
            0.13874909281730652,
            -0.00978117249906063,
            -0.016903191804885864
        ],
        [
            0.1490309089422226,
            -0.006756868213415146,
            -0.030548367649316788
        ],
        [
            0.14911676943302155,
            0.002989014610648155,
            -0.0280720554292202
        ],
        [
            0.1382797211408615,
            0.018388839438557625,
            -0.04967476800084114
        ],
        [
            0.141134113073349,
            0.014412691816687584,
            -0.04048166424036026
        ],
        [
            0.13616281747817993,
            0.015373356640338898,
            -0.052437786012887955
        ],
        [
            0.12858541309833527,
            0.019801218062639236,
            -0.06337089836597443
        ],
        [
            0.1337321400642395,
            0.022437570616602898,
            -0.058514125645160675
        ],
        [
            0.1261252909898758,
            0.02566651627421379,
            -0.06986519694328308
        ],
        [
            0.11816059052944183,
            0.01527600921690464,
            -0.06204073876142502
        ],
        [
            0.1168685108423233,
            0.028705408796668053,
            -0.07087867707014084
        ],
        [
            0.09840159118175507,
            0.031085873022675514,
            -0.046868275851011276
        ],
        [
            0.09458338469266891,
            0.039340853691101074,
            -0.03668396919965744
        ],
        [
            0.09954393655061722,
            0.05140412598848343,
            -0.04817188158631325
        ],
        [
            0.10381755232810974,
            0.04184740409255028,
            -0.05711840093135834
        ],
        [
            0.09713135659694672,
            0.05872601270675659,
            -0.028594661504030228
        ],
        [
            0.09863008558750153,
            0.05536197870969772,
            -0.039961837232112885
        ],
        [
            0.09248629212379456,
            0.04341559484601021,
            -0.02887864038348198
        ],
        [
            0.09169868379831314,
            0.046934712678194046,
            -0.019224844872951508
        ],
        [
            0.12142471969127655,
            0.02877219021320343,
            -0.021548133343458176
        ],
        [
            0.11936356872320175,
            0.0228055939078331,
            -0.01289277896285057
        ],
        [
            0.12115797400474548,
            0.020530272275209427,
            -0.018204327672719955
        ],
        [
            0.12332027405500412,
            0.026038940995931625,
            -0.02619747444987297
        ],
        [
            0.13839419186115265,
            0.006729837507009506,
            -0.05492613837122917
        ],
        [
            0.12745027244091034,
            0.0021560564637184143,
            -0.05441652238368988
        ],
        [
            0.1302030235528946,
            0.009706098586320877,
            -0.055391859263181686
        ],
        [
            0.1414630264043808,
            0.010695027187466621,
            -0.05211695283651352
        ],
        [
            0.11770044267177582,
            0.013026688247919083,
            0.014649931341409683
        ],
        [
            0.10914019495248795,
            0.004126295447349548,
            0.020189613103866577
        ],
        [
            0.10976862162351608,
            4.4405460357666016e-06,
            0.016045168042182922
        ],
        [
            0.11699670553207397,
            0.009238947182893753,
            0.011669684201478958
        ],
        [
            0.12097258120775223,
            -0.011342696845531464,
            -0.0004695802927017212
        ],
        [
            0.11154422909021378,
            -0.01366494596004486,
            0.004346951842308044
        ],
        [
            0.10339904576539993,
            -0.023715317249298096,
            -0.0007818266749382019
        ],
        [
            0.11026104539632797,
            -0.021677166223526,
            -0.008146598935127258
        ],
        [
            0.13066305220127106,
            -0.01035202294588089,
            -0.008231550455093384
        ],
        [
            0.12252592295408249,
            -0.020546279847621918,
            -0.013851247727870941
        ],
        [
            0.132856085896492,
            -0.018420018255710602,
            -0.022293508052825928
        ],
        [
            0.14459386467933655,
            -0.013352911919355392,
            -0.03570078685879707
        ],
        [
            0.10487215220928192,
            0.013291038572788239,
            0.028157904744148254
        ],
        [
            0.11101000756025314,
            0.021014880388975143,
            0.02552345022559166
        ],
        [
            0.15910035371780396,
            0.06622258573770523,
            -0.07616948336362839
        ],
        [
            0.15810400247573853,
            0.06939791142940521,
            -0.07134701311588287
        ],
        [
            0.1553136259317398,
            0.06483276188373566,
            -0.0706222653388977
        ],
        [
            0.15643662214279175,
            0.06278909742832184,
            -0.07596535980701447
        ],
        [
            0.0911431610584259,
            0.028069641441106796,
            0.026071947067975998
        ],
        [
            0.08227092027664185,
            0.02866114303469658,
            0.02124377340078354
        ],
        [
            0.08126650750637054,
            0.024336189031600952,
            0.027052920311689377
        ],
        [
            0.08974658697843552,
            0.022135160863399506,
            0.030569888651371002
        ],
        [
            0.09306463599205017,
            0.035865478217601776,
            0.0200955830514431
        ],
        [
            0.08433203399181366,
            0.03429560363292694,
            0.013054963201284409
        ],
        [
            0.15307331085205078,
            0.07180368900299072,
            -0.08604837954044342
        ],
        [
            0.15661126375198364,
            0.06832601130008698,
            -0.084503673017025
        ],
        [
            0.15228679776191711,
            0.06532025337219238,
            -0.08477937430143356
        ],
        [
            0.1482938826084137,
            0.06864866614341736,
            -0.0851885974407196
        ],
        [
            0.1346053183078766,
            0.025199370458722115,
            -0.051229894161224365
        ],
        [
            0.13158109784126282,
            0.028647322207689285,
            -0.0426754355430603
        ],
        [
            0.1370895504951477,
            0.037167903035879135,
            -0.0628836378455162
        ],
        [
            0.13384397327899933,
            0.03506118059158325,
            -0.054673850536346436
        ],
        [
            0.13418850302696228,
            0.029382333159446716,
            -0.05946054682135582
        ],
        [
            0.13577911257743835,
            0.03239750862121582,
            -0.06634676456451416
        ],
        [
            0.125893235206604,
            0.04650595784187317,
            -0.03510367125272751
        ],
        [
            0.12275540083646774,
            0.03840670734643936,
            -0.027243182063102722
        ],
        [
            0.12469938397407532,
            0.03560642898082733,
            -0.032995905727148056
        ],
        [
            0.12920266389846802,
            0.04324006289243698,
            -0.04244314879179001
        ],
        [
            0.12189814448356628,
            0.04607425257563591,
            -0.015264902263879776
        ],
        [
            0.12459717690944672,
            0.053451165556907654,
            -0.02411995269358158
        ],
        [
            0.12369266152381897,
            0.05696937069296837,
            -0.016271203756332397
        ],
        [
            0.12293130904436111,
            0.05100908502936363,
            -0.011061906814575195
        ],
        [
            0.12895962595939636,
            0.06316526979207993,
            -0.041757166385650635
        ],
        [
            0.12967464327812195,
            0.0669734850525856,
            -0.04663209244608879
        ],
        [
            0.13089296221733093,
            0.07039850205183029,
            -0.043422847986221313
        ],
        [
            0.12830820679664612,
            0.06517215818166733,
            -0.03842131048440933
        ],
        [
            0.07930296659469604,
            0.019785337150096893,
            0.03215336427092552
        ],
        [
            0.08817210793495178,
            0.015936873853206635,
            0.0340985544025898
        ],
        [
            0.09788913279771805,
            0.06698064506053925,
            -0.0082070492208004
        ],
        [
            0.10245993733406067,
            0.06615085154771805,
            0.002064444124698639
        ],
        [
            0.10567983984947205,
            0.07795644551515579,
            -0.004699850454926491
        ],
        [
            0.09944461286067963,
            0.07594460248947144,
            -0.014379814267158508
        ],
        [
            0.0769607201218605,
            0.025942958891391754,
            0.012701328843832016
        ],
        [
            0.07453380525112152,
            0.023117218166589737,
            0.019632842391729355
        ],
        [
            0.14956796169281006,
            0.07650665938854218,
            -0.08404819667339325
        ],
        [
            0.14518259465694427,
            0.0728144571185112,
            -0.08218035101890564
        ],
        [
            0.12075402587652206,
            -0.020692013204097748,
            -0.028160128742456436
        ],
        [
            0.13723213970661163,
            -0.015464957803487778,
            -0.041334912180900574
        ],
        [
            0.10799653828144073,
            -0.02182026207447052,
            -0.018588051199913025
        ],
        [
            0.09899799525737762,
            -0.021887145936489105,
            -0.012221843004226685
        ],
        [
            0.09284766763448715,
            -0.024703312665224075,
            -0.006623663008213043
        ],
        [
            0.1337078958749771,
            0.041421275585889816,
            -0.05323408916592598
        ],
        [
            0.1267150491476059,
            0.03010803833603859,
            -0.03460121899843216
        ],
        [
            0.12047132104635239,
            0.031436674296855927,
            -0.0172441266477108
        ],
        [
            0.12140310555696487,
            0.05148957297205925,
            0.006395045667886734
        ],
        [
            0.11932490766048431,
            0.04372715577483177,
            0.013249784708023071
        ],
        [
            0.12264318764209747,
            0.03993324935436249,
            0.003754574805498123
        ],
        [
            0.12320803850889206,
            0.047582048922777176,
            -0.00048809126019477844
        ],
        [
            0.1113620325922966,
            0.06572876870632172,
            0.006431888788938522
        ],
        [
            0.11877858638763428,
            0.0631345883011818,
            0.003885183483362198
        ],
        [
            0.11968701332807541,
            0.07044866681098938,
            -0.0015268400311470032
        ],
        [
            0.11296606808900833,
            0.07499795407056808,
            7.444992661476135e-05
        ],
        [
            0.13875111937522888,
            -0.00014992430806159973,
            -0.05788518488407135
        ],
        [
            0.1265230029821396,
            -0.0053311921656131744,
            -0.0530087910592556
        ],
        [
            0.10104333609342575,
            0.024915561079978943,
            0.02824169024825096
        ],
        [
            0.09894253313541412,
            0.017782628536224365,
            0.030643541365861893
        ],
        [
            0.0945201888680458,
            0.011408627033233643,
            0.03411528840661049
        ],
        [
            0.11937704682350159,
            0.017001748085021973,
            0.0003869086503982544
        ],
        [
            0.11668644100427628,
            0.006572578102350235,
            0.009644128382205963
        ],
        [
            0.1182326227426529,
            0.0041345469653606415,
            0.006291612982749939
        ],
        [
            0.1190471425652504,
            0.015622861683368683,
            -0.002591148018836975
        ],
        [
            0.12920822203159332,
            0.012223070487380028,
            -0.016304127871990204
        ],
        [
            0.129606232047081,
            0.002602573484182358,
            -0.0066902488470077515
        ],
        [
            0.1380246877670288,
            0.012232447043061256,
            -0.024784907698631287
        ],
        [
            0.11003298312425613,
            -0.00675886869430542,
            0.011603541672229767
        ],
        [
            0.10529203712940216,
            -0.007533013820648193,
            0.021493181586265564
        ],
        [
            0.10528086125850677,
            -0.014072969555854797,
            0.015447147190570831
        ],
        [
            0.10272710770368576,
            -0.00035553425550460815,
            0.02769744023680687
        ],
        [
            0.09919475018978119,
            0.006400294601917267,
            0.032373905181884766
        ],
        [
            0.06933099031448364,
            0.01970040798187256,
            0.025491341948509216
        ],
        [
            0.10415124893188477,
            -0.019152559340000153,
            0.008834205567836761
        ],
        [
            0.15412373840808868,
            0.0032553356140851974,
            -0.036601074039936066
        ],
        [
            0.15748408436775208,
            0.0050056688487529755,
            -0.043943047523498535
        ],
        [
            0.1533450186252594,
            0.010779589414596558,
            -0.04370288923382759
        ],
        [
            0.14995211362838745,
            0.00971263088285923,
            -0.03807403892278671
        ],
        [
            0.12699174880981445,
            0.03370479494333267,
            -0.07608095556497574
        ],
        [
            0.1332954466342926,
            0.03170693293213844,
            -0.0718289241194725
        ],
        [
            0.13174863159656525,
            0.024994615465402603,
            -0.06506607681512833
        ],
        [
            0.12039150297641754,
            0.023919526487588882,
            0.011619780212640762
        ],
        [
            0.1147814691066742,
            0.030197501182556152,
            0.021093405783176422
        ],
        [
            0.1366269886493683,
            0.04330425336956978,
            -0.06110508367419243
        ],
        [
            0.1438005417585373,
            0.06588114798069,
            -0.08461005240678787
        ],
        [
            0.14814116060733795,
            0.061925482004880905,
            -0.08435160666704178
        ],
        [
            0.13659818470478058,
            0.04662030562758446,
            -0.08096234500408173
        ],
        [
            0.13200485706329346,
            0.05173874646425247,
            -0.08185505867004395
        ],
        [
            0.13442468643188477,
            0.05330745130777359,
            -0.06352180987596512
        ],
        [
            0.13741520047187805,
            0.04665427282452583,
            -0.06247042119503021
        ],
        [
            0.1375090330839157,
            0.049323875457048416,
            -0.06267707049846649
        ],
        [
            0.13557353615760803,
            0.05559559538960457,
            -0.061582230031490326
        ],
        [
            0.12893590331077576,
            0.07244502753019333,
            -0.03454628586769104
        ],
        [
            0.126887246966362,
            0.06771295517683029,
            -0.03020406886935234
        ],
        [
            0.11262832581996918,
            0.05271250382065773,
            -0.06531088054180145
        ],
        [
            0.11156269162893295,
            0.042712073773145676,
            -0.07378862798213959
        ],
        [
            0.10787959396839142,
            0.03353041410446167,
            -0.06543074548244476
        ],
        [
            0.12456855177879333,
            0.04988352954387665,
            -0.02852819487452507
        ],
        [
            0.1273120641708374,
            0.05757325887680054,
            -0.035013534128665924
        ],
        [
            0.12657274305820465,
            0.05982223153114319,
            -0.03154653683304787
        ],
        [
            0.13351210951805115,
            0.04622732847929001,
            -0.05368400737643242
        ],
        [
            0.13498415052890778,
            0.0491250604391098,
            -0.05946637690067291
        ],
        [
            0.13318529725074768,
            0.0518423467874527,
            -0.055744871497154236
        ],
        [
            0.13159051537513733,
            0.048897869884967804,
            -0.04911497235298157
        ],
        [
            0.09815045446157455,
            0.05538501217961311,
            0.00888020545244217
        ],
        [
            0.1086246445775032,
            0.05529002472758293,
            0.014146808534860611
        ],
        [
            0.15866458415985107,
            0.06606052815914154,
            -0.08097385615110397
        ],
        [
            0.1551494002342224,
            0.06292424350976944,
            -0.08118907362222672
        ],
        [
            0.1215512752532959,
            0.04186350479722023,
            -0.020948011428117752
        ],
        [
            0.10435114800930023,
            0.023880595341324806,
            -0.054222799837589264
        ],
        [
            0.11988672614097595,
            0.034313686192035675,
            -0.012540817260742188
        ],
        [
            0.10933835804462433,
            0.07683954387903214,
            -0.031142521649599075
        ],
        [
            0.11659221351146698,
            0.07866722345352173,
            -0.026705089956521988
        ],
        [
            0.11971969157457352,
            0.08099566400051117,
            -0.030058855190873146
        ],
        [
            0.11523772776126862,
            0.08176150172948837,
            -0.03460540622472763
        ],
        [
            0.14456188678741455,
            0.0684790164232254,
            -0.06502840667963028
        ],
        [
            0.14912250638008118,
            0.06479450315237045,
            -0.06530999392271042
        ],
        [
            0.15236595273017883,
            0.0689372718334198,
            -0.06674061715602875
        ],
        [
            0.14818893373012543,
            0.07297326624393463,
            -0.06678588688373566
        ],
        [
            0.1390390396118164,
            0.04174987971782684,
            -0.0652468353509903
        ],
        [
            0.13876992464065552,
            0.03748982772231102,
            -0.06983742862939835
        ],
        [
            0.14185652136802673,
            0.04313089698553085,
            -0.07073043286800385
        ],
        [
            0.14034102857112885,
            0.0464383140206337,
            -0.06594251841306686
        ],
        [
            0.1362127661705017,
            0.03789030760526657,
            -0.07532693445682526
        ],
        [
            0.13998615741729736,
            0.04336407035589218,
            -0.07670500874519348
        ],
        [
            0.14019998908042908,
            0.07144327461719513,
            -0.06898719072341919
        ],
        [
            0.13802585005760193,
            0.07201029360294342,
            -0.07622286677360535
        ],
        [
            0.12703637778759003,
            0.06041989475488663,
            -0.07245160639286041
        ],
        [
            0.1318572610616684,
            0.06082630902528763,
            -0.06576916575431824
        ],
        [
            0.08522699773311615,
            0.03599436581134796,
            -0.01079636812210083
        ],
        [
            0.08619263768196106,
            0.04124341905117035,
            -0.0009653009474277496
        ],
        [
            0.09246363490819931,
            0.05242261290550232,
            -0.009119626134634018
        ],
        [
            0.09736543893814087,
            0.06425458192825317,
            -0.01718701794743538
        ],
        [
            0.1029798611998558,
            0.07426701486110687,
            -0.025593413040041924
        ],
        [
            0.10081017017364502,
            0.06909903138875961,
            -0.03646887093782425
        ],
        [
            0.09321518242359161,
            0.05481761321425438,
            -0.0012403316795825958
        ],
        [
            0.12710689008235931,
            0.05795488879084587,
            -0.06597060710191727
        ],
        [
            0.12018194794654846,
            0.0536733977496624,
            -0.07045618444681168
        ],
        [
            0.12050336599349976,
            0.05717932805418968,
            -0.06730829179286957
        ],
        [
            0.12093206495046616,
            0.03854772448539734,
            -0.006449751555919647
        ],
        [
            0.15139926970005035,
            0.05919257551431656,
            -0.08109212666749954
        ],
        [
            0.08009889721870422,
            -0.007950372993946075,
            -0.013267479836940765
        ],
        [
            0.07421531528234482,
            0.0023483596742153168,
            -0.007050115615129471
        ],
        [
            0.0787375420331955,
            0.006096791476011276,
            -0.013628356158733368
        ],
        [
            0.08612700551748276,
            -0.005479227751493454,
            -0.020244289189577103
        ],
        [
            0.15253028273582458,
            0.060348909348249435,
            -0.06932779401540756
        ],
        [
            0.15371572971343994,
            0.05819816142320633,
            -0.07520488649606705
        ],
        [
            0.12648259103298187,
            0.07229065895080566,
            -0.025096457451581955
        ],
        [
            0.1277821660041809,
            0.07583460956811905,
            -0.029949557036161423
        ],
        [
            0.1258322298526764,
            0.07923119515180588,
            -0.028596196323633194
        ],
        [
            0.12652476131916046,
            0.07775634527206421,
            -0.022492123767733574
        ],
        [
            0.08698207139968872,
            0.042517852038145065,
            0.00485273078083992
        ],
        [
            0.1113356426358223,
            0.08400751650333405,
            -0.009752590209245682
        ],
        [
            0.10521342605352402,
            0.0820160061120987,
            -0.01811700314283371
        ],
        [
            0.0806526243686676,
            0.031348854303359985,
            0.005734823644161224
        ],
        [
            0.07914343476295471,
            0.026858992874622345,
            -0.002860628068447113
        ],
        [
            0.07473424077033997,
            0.020675744861364365,
            0.0033213235437870026
        ],
        [
            0.10738256573677063,
            0.06611234694719315,
            -0.05013370141386986
        ],
        [
            0.086180180311203,
            0.033281657844781876,
            -0.019040729850530624
        ],
        [
            0.08023852854967117,
            0.023676298558712006,
            -0.009790733456611633
        ],
        [
            0.07501926273107529,
            0.016128357499837875,
            -0.002718549221754074
        ],
        [
            0.07068684697151184,
            0.011371683329343796,
            0.0026612654328346252
        ],
        [
            0.0709444135427475,
            0.016800448298454285,
            0.008770622313022614
        ],
        [
            0.14029335975646973,
            0.06982079893350601,
            -0.08102333545684814
        ],
        [
            0.14288555085659027,
            0.0762842446565628,
            -0.077191561460495
        ],
        [
            0.0651126429438591,
            0.013033971190452576,
            0.014705896377563477
        ],
        [
            0.06567338109016418,
            0.0068516805768013,
            0.007777318358421326
        ],
        [
            0.08217564970254898,
            0.01876455917954445,
            -0.017380326986312866
        ],
        [
            0.08591310679912567,
            0.012138385325670242,
            -0.02587299793958664
        ],
        [
            0.08808284252882004,
            0.028223950415849686,
            -0.025941606611013412
        ],
        [
            0.09203678369522095,
            0.022555071860551834,
            -0.035236846655607224
        ],
        [
            0.10335487127304077,
            0.05936441943049431,
            -0.05792848393321037
        ],
        [
            0.1569996178150177,
            0.08825106918811798,
            -0.07667084038257599
        ],
        [
            0.14826565980911255,
            0.08089771866798401,
            -0.0734807625412941
        ],
        [
            0.15118999779224396,
            0.07816695421934128,
            -0.06916002184152603
        ],
        [
            0.1577354222536087,
            0.0871741846203804,
            -0.07235163450241089
        ],
        [
            0.1444542407989502,
            0.07577108591794968,
            -0.07056956738233566
        ],
        [
            0.14723274111747742,
            0.08005131781101227,
            -0.07914557307958603
        ],
        [
            0.09983288496732712,
            0.012776274234056473,
            -0.04360472410917282
        ],
        [
            0.13439524173736572,
            0.05609336122870445,
            -0.061053503304719925
        ],
        [
            0.09644730389118195,
            -0.0007364340126514435,
            -0.03302828222513199
        ],
        [
            0.11208194494247437,
            0.005458969622850418,
            -0.053965047001838684
        ],
        [
            0.11181749403476715,
            -0.0049764178693294525,
            -0.04532233253121376
        ],
        [
            0.09508979320526123,
            -0.01532423123717308,
            -0.022602040320634842
        ],
        [
            0.10845692455768585,
            -0.015889685600996017,
            -0.033430974930524826
        ],
        [
            0.08358877897262573,
            -0.019426848739385605,
            -0.009404502809047699
        ],
        [
            0.08844030648469925,
            -0.01601731777191162,
            -0.015839166939258575
        ],
        [
            0.12314656376838684,
            -0.014674324542284012,
            -0.043210629373788834
        ],
        [
            0.16586819291114807,
