{
    "pred_cam": [
        9.783222198486328,
        0.1316440850496292,
        -0.020047318190336227
    ],
    "pred_mano_params": {
        "global_orient": [
            [
                [
                    -0.7422897815704346,
                    0.49925896525382996,
                    -0.4469298720359802
                ],
                [
                    0.21138574182987213,
                    -0.4584523141384125,
                    -0.8632134199142456
                ],
                [
                    -0.6358631253242493,
                    -0.7352291345596313,
                    0.23476824164390564
                ]
            ]
        ],
        "hand_pose": [
            [
                [
                    0.8458710312843323,
                    -0.5016615390777588,
                    -0.1812119036912918
                ],
                [
                    0.519999623298645,
                    0.8512303233146667,
                    0.07076328247785568
                ],
                [
                    0.1187538206577301,
                    -0.15408673882484436,
                    0.9808948636054993
                ]
            ],
            [
                [
                    0.8340964317321777,
                    -0.5466012954711914,
                    0.07423015683889389
                ],
                [
                    0.5338553786277771,
                    0.7660199999809265,
                    -0.35806670784950256
                ],
                [
                    0.13885796070098877,
                    0.33829036355018616,
                    0.9307405948638916
                ]
            ],
            [
                [
                    0.9767202138900757,
                    -0.07858394086360931,
                    0.1996050924062729
                ],
                [
                    0.045391879975795746,
                    0.9851264953613281,
                    0.16572703421115875
                ],
                [
                    -0.20965974032878876,
                    -0.15280850231647491,
                    0.9657600522041321
                ]
            ],
            [
                [
                    0.6436527371406555,
                    -0.701038122177124,
                    -0.3070124387741089
                ],
                [
                    0.7602449059486389,
                    0.6317955851554871,
                    0.151201993227005
                ],
                [
                    0.08797074109315872,
                    -0.3307262063026428,
                    0.9396176338195801
                ]
            ],
            [
                [
                    0.8987072110176086,
                    -0.37744805216789246,
                    -0.22328989207744598
                ],
                [
                    0.4184873104095459,
                    0.890346109867096,
                    0.17931032180786133
                ],
                [
                    0.13112495839595795,
                    -0.2545914649963379,
                    0.9581177234649658
                ]
            ],
            [
                [
                    0.971129298210144,
                    -0.12115240097045898,
                    0.20549938082695007
                ],
                [
                    0.12723663449287415,
                    0.9917334318161011,
                    -0.016605094075202942
                ],
                [
                    -0.20178884267807007,
                    0.04227273911237717,
                    0.9785163998603821
                ]
            ],
            [
                [
                    0.6191611289978027,
                    -0.6964698433876038,
                    -0.36272478103637695
                ],
                [
                    0.7128996253013611,
                    0.6922248005867004,
                    -0.11224476248025894
                ],
                [
                    0.3292621970176697,
                    -0.18908879160881042,
                    0.9251117706298828
                ]
            ],
            [
                [
                    0.9960170388221741,
                    -0.08844496309757233,
                    -0.011295262724161148
                ],
                [
                    0.08902428299188614,
                    0.9793808460235596,
                    0.1813499480485916
                ],
                [
                    -0.004977126140147448,
                    -0.18163318932056427,
                    0.9833537340164185
                ]
            ],
            [
                [
                    0.9880287051200867,
                    0.06807824969291687,
                    0.13843600451946259
                ],
                [
                    -0.10661657154560089,
                    0.9499021172523499,
                    0.2938006520271301
                ],
                [
                    -0.11149922013282776,
                    -0.30504310131073,
                    0.9457888007164001
                ]
            ],
            [
                [
                    0.7744941711425781,
                    -0.5435903072357178,
                    -0.3235248029232025
                ],
                [
                    0.5406762957572937,
                    0.834331750869751,
                    -0.10751574486494064
                ],
                [
                    0.3283715546131134,
                    -0.09165188670158386,
                    0.9400914907455444
                ]
            ],
            [
                [
                    0.8240129351615906,
                    -0.5625678896903992,
                    -0.06723135709762573
                ],
                [
                    0.5178484320640564,
                    0.6996877193450928,
                    0.49220940470695496
                ],
                [
                    -0.22986027598381042,
                    -0.4404025375843048,
                    0.8678766489028931
                ]
            ],
            [
                [
                    0.9292416572570801,
                    -0.2852250635623932,
                    0.23485438525676727
                ],
                [
                    0.273527592420578,
                    0.9583896398544312,
                    0.08168238401412964
                ],
                [
                    -0.24837985634803772,
                    -0.01166351605206728,
                    0.9685925245285034
                ]
            ],
            [
                [
                    0.7274079322814941,
                    0.19218821823596954,
                    -0.6587422490119934
                ],
                [
                    -0.6282137036323547,
                    0.5727505087852478,
                    -0.5265970230102539
                ],
                [
                    0.2760891914367676,
                    0.7968817353248596,
                    0.5373585224151611
                ]
            ],
            [
                [
                    0.8078060746192932,
                    -0.45222407579421997,
                    -0.3780777156352997
                ],
                [
                    0.5667142868041992,
                    0.7722610235214233,
                    0.287137508392334
                ],
                [
                    0.1621241420507431,
                    -0.4462134838104248,
                    0.8801190257072449
                ]
            ],
            [
                [
                    0.8839629888534546,
                    -0.4614061415195465,
                    0.07558947801589966
                ],
                [
                    0.45160868763923645,
                    0.8007152676582336,
                    -0.39357924461364746
                ],
                [
                    0.12107422947883606,
                    0.3820463716983795,
                    0.9161776900291443
                ]
            ]
        ],
        "betas": [
            0.03478890657424927,
            0.057391852140426636,
            -0.016567319631576538,
            -0.054837554693222046,
            -0.027615994215011597,
            0.028330128639936447,
            -0.0199468731880188,
            0.010165959596633911,
            0.025550663471221924,
            -0.0013147294521331787
        ]
    },
    "pred_cam_t": [
        -0.1316440850496292,
        -0.020047318190336227,
        3.992805242538452
    ],
    "focal_length": [
        5000.0,
        5000.0
    ],
    "pred_keypoints_3d": [
        [
            0.09549281746149063,
            0.006359561812132597,
            0.006178657058626413
        ],
        [
            0.09414379298686981,
            -0.013837695121765137,
            0.03889569640159607
        ],
        [
            0.11278083920478821,
            -0.027149036526679993,
            0.05936017632484436
        ],
        [
            0.13576076924800873,
            -0.024121668189764023,
            0.073304682970047
        ],
        [
            0.1525433212518692,
            -0.012959353625774384,
            0.10122107714414597
        ],
        [
            0.14892545342445374,
            -0.027726542204618454,
            0.07075274735689163
        ],
        [
            0.16557548940181732,
            -0.02592124044895172,
            0.09914495795965195
        ],
        [
            0.1629898101091385,
            -0.015091140754520893,
            0.11830683052539825
        ],
        [
            0.15819069743156433,
            -0.007185226306319237,
            0.14122793078422546
        ],
        [
            0.16638672351837158,
            -0.01009504497051239,
            0.06654646247625351
        ],
        [
            0.17317909002304077,
            0.003919769078493118,
            0.09418439120054245
        ],
        [
            0.16538147628307343,
            0.017306718975305557,
            0.1115124374628067
        ],
        [
            0.15890692174434662,
            0.02780458703637123,
            0.13425639271736145
        ],
        [
            0.16595090925693512,
            0.013879582285881042,
            0.05469724163413048
        ],
        [
            0.18167324364185333,
            0.027676763013005257,
            0.07450690865516663
        ],
        [
            0.17514276504516602,
            0.04182238131761551,
            0.09374281764030457
        ],
        [
            0.16832897067070007,
            0.0501042976975441,
            0.1164345070719719
        ],
        [
            0.16073426604270935,
            0.03361600264906883,
            0.04698581248521805
        ],
        [
            0.16752555966377258,
            0.05204745754599571,
            0.054605551064014435
        ],
        [
            0.1696774661540985,
            0.06892050802707672,
            0.06284607201814651
        ],
        [
            0.173480823636055,
            0.08578954637050629,
            0.07511033862829208
        ]
    ],
    "pred_vertices": [
        [
            0.11670935153961182,
            -0.010100523009896278,
            0.05124008283019066
        ],
        [
            0.10832224041223526,
            -0.006091255694627762,
            0.04416680335998535
        ],
        [
            0.11277808248996735,
            -0.011182017624378204,
            0.05046093463897705
        ],
        [
            0.11792634427547455,
            -0.015728941187262535,
            0.056864406913518906
        ],
        [
            0.09681937098503113,
            -0.004719514399766922,
            0.0545908622443676
        ],
        [
            0.086835116147995,
            -0.011823683977127075,
            0.05642305314540863
        ],
        [
            0.1006743535399437,
            -0.01858670823276043,
            0.06672903150320053
        ],
        [
            0.10662536323070526,
            -0.010360896587371826,
            0.06324716657400131
        ],
        [
            0.12111714482307434,
            -0.02134973183274269,
            0.05932687968015671
        ],
        [
            0.11669285595417023,
            -0.015217015519738197,
            0.0559077225625515
        ],
        [
            0.1235639899969101,
            -0.025160634890198708,
            0.05541486293077469
        ],
        [
            0.12951581180095673,
            -0.03419766575098038,
            0.058100856840610504
        ],
        [
            0.126922145485878,
            -0.027898728847503662,
            0.06286618858575821
        ],
        [
            0.13620609045028687,
            -0.03727050870656967,
            0.06164296343922615
        ],
        [
            0.12789306044578552,
            -0.03818640112876892,
            0.0483737513422966
        ],
        [
            0.14158324897289276,
            -0.038619913160800934,
            0.05446486920118332
        ],
        [
            0.1384003907442093,
            -0.022898657247424126,
            0.03190334141254425
        ],
        [
            0.14213959872722626,
            -0.011185640469193459,
            0.026439398527145386
        ],
        [
            0.15594618022441864,
            -0.012861293740570545,
            0.03724062442779541
        ],
        [
            0.15043726563453674,
            -0.02415863238275051,
            0.04255542531609535
        ],
        [
            0.15306198596954346,
            0.006275888532400131,
            0.029020894318819046
        ],
        [
            0.15536868572235107,
            -0.004282648675143719,
            0.03408385068178177
        ],
        [
            0.14264678955078125,
            -0.003191667841747403,
            0.022345304489135742
        ],
        [
            0.14141181111335754,
            0.006291121710091829,
            0.018607143312692642
        ],
        [
            0.11748969554901123,
            0.0018435297533869743,
            0.04304487630724907
        ],
        [
            0.10848376154899597,
            0.00534680113196373,
            0.03649914264678955
        ],
        [
            0.10754893720149994,
            0.0005366839468479156,
            0.03820714354515076
        ],
        [
            0.11637923121452332,
            -0.002786722034215927,
            0.0451488196849823
        ],
        [
            0.1240672618150711,
            -0.03007960319519043,
            0.05490632355213165
        ],
        [
            0.11650557816028595,
            -0.036411184817552567,
            0.049612194299697876
        ],
        [
            0.12193611264228821,
            -0.03212776407599449,
            0.05131220817565918
        ],
        [
            0.12515227496623993,
            -0.024944685399532318,
            0.05613704025745392
        ],
        [
            0.08986726403236389,
            0.021818848326802254,
            0.023942671716213226
        ],
        [
            0.08306235074996948,
            0.019589215517044067,
            0.012548159807920456
        ],
        [
            0.08110769838094711,
            0.014259019866585732,
            0.014107100665569305
        ],
        [
            0.08784349262714386,
            0.017303984612226486,
            0.02394982799887657
        ],
        [
            0.07502250373363495,
            -0.0022326018661260605,
            0.03276123106479645
        ],
        [
            0.07378055900335312,
            -0.0018348675221204758,
            0.019762612879276276
        ],
        [
            0.0709700733423233,
            -0.013211237266659737,
            0.012309946119785309
        ],
        [
            0.07394638657569885,
            -0.016495348885655403,
            0.023460403084754944
        ],
        [
            0.07961948961019516,
            -0.006187319755554199,
            0.046316348016262054
        ],
        [
            0.07575929164886475,
            -0.01823759824037552,
            0.03952712565660477
        ],
        [
            0.08365894109010696,
            -0.02270076610147953,
            0.05352730304002762
        ],
        [
            0.09905724972486496,
            -0.027929803356528282,
            0.06578373163938522
        ],
        [
            0.08854137361049652,
            0.02985288016498089,
            0.007235128432512283
        ],
        [
            0.0939849466085434,
            0.03322776407003403,
            0.015119124203920364
        ],
        [
            0.15326474606990814,
            -0.024522677063941956,
            0.10499179363250732
        ],
        [
            0.15441931784152985,
            -0.01869199052453041,
            0.10386819392442703
        ],
        [
            0.15245653688907623,
            -0.020238401368260384,
            0.09976387768983841
        ],
        [
            0.15187714993953705,
            -0.025639930739998817,
            0.10149815678596497
        ],
        [
            0.1062089279294014,
            0.032777734100818634,
            -0.0019629821181297302
        ],
        [
            0.11181993037462234,
            0.027109770104289055,
            -0.008150570094585419
        ],
        [
            0.10600806027650833,
            0.029296433553099632,
            -0.011948570609092712
        ],
        [
            0.09980309009552002,
            0.032976649701595306,
            -0.005906976759433746
        ],
        [
            0.11458796262741089,
            0.032415732741355896,
            0.003397006541490555
        ],
        [
            0.11937525123357773,
            0.02390344813466072,
            -0.002254679799079895
        ],
        [
            0.16420716047286987,
            -0.03117392212152481,
            0.10507557541131973
        ],
        [
            0.15914233028888702,
            -0.03116891160607338,
            0.10635732859373093
        ],
        [
            0.15909011662006378,
            -0.032994918525218964,
            0.10156549513339996
        ],
        [
            0.16405469179153442,
            -0.0325947068631649,
            0.09916513413190842
        ],
        [
            0.1243949756026268,
            -0.020643062889575958,
            0.063325896859169
        ],
        [
            0.12374742329120636,
            -0.012804388999938965,
            0.059111420065164566
        ],
        [
            0.13798286020755768,
            -0.0232868492603302,
            0.07441484928131104
        ],
        [
            0.13355445861816406,
            -0.018557708710432053,
            0.06780583411455154
        ],
        [
            0.13108396530151367,
            -0.025194277986884117,
            0.06816889345645905
        ],
        [
            0.13587668538093567,
            -0.029025811702013016,
            0.07287216931581497
        ],
        [
            0.13687360286712646,
            0.0012673977762460709,
            0.05558033287525177
        ],
        [
            0.12776778638362885,
            0.0025756005197763443,
            0.04840005934238434
        ],
        [
            0.12730470299720764,
            -0.0030794376507401466,
            0.051591504365205765
        ],
        [
            0.13632555305957794,
            -0.005623987875878811,
            0.06073489785194397
        ],
        [
            0.12901809811592102,
            0.016119040548801422,
            0.04453784599900246
        ],
        [
            0.1381332278251648,
            0.013531690463423729,
            0.0516309030354023
        ],
        [
            0.13777025043964386,
            0.021502351388335228,
            0.048674263060092926
        ],
        [
            0.13082796335220337,
            0.022357549518346786,
            0.04485020041465759
        ],
        [
            0.15287572145462036,
            0.005397268105298281,
            0.0637233629822731
        ],
        [
            0.15735065937042236,
            0.0032849865965545177,
            0.06736551225185394
        ],
        [
            0.16063261032104492,
            0.007986755110323429,
            0.06848863512277603
        ],
        [
            0.15354162454605103,
            0.008869145065546036,
            0.0626971572637558
        ],
        [
            0.10063188523054123,
            0.03055597096681595,
            -0.016383305191993713
        ],
        [
            0.09363944083452225,
            0.032190147787332535,
            -0.00968226045370102
        ],
        [
            0.14949963986873627,
            0.02714245207607746,
            0.023939069360494614
        ],
        [
            0.14271168410778046,
            0.03579545021057129,
            0.024571355432271957
        ],
        [
            0.15184906125068665,
            0.037631358951330185,
            0.03173725679516792
        ],
        [
            0.15743133425712585,
            0.027854392305016518,
            0.029203303158283234
        ],
        [
            0.11510931700468063,
            0.01749296486377716,
            -0.01025504618883133
        ],
        [
            0.1105240136384964,
            0.021050844341516495,
            -0.015527211129665375
        ],
        [
            0.16893614828586578,
            -0.027476992458105087,
            0.10298185050487518
        ],
        [
            0.16824811697006226,
            -0.028609750792384148,
            0.09709910303354263
        ],
        [
            0.08470281213521957,
            -0.03103397600352764,
            0.042949117720127106
        ],
        [
            0.09951861947774887,
            -0.035339176654815674,
            0.05993263050913811
        ],
        [
            0.0795155018568039,
            -0.026139263063669205,
            0.026631616055965424
        ],
        [
            0.07878182828426361,
            -0.02284429408609867,
            0.01409832388162613
        ],
        [
            0.07615818083286285,
            -0.02117558754980564,
            0.004495963454246521
        ],
        [
            0.13823822140693665,
            -0.013897329568862915,
            0.06866057217121124
        ],
        [
            0.12274982780218124,
            -0.006734802387654781,
            0.05251253768801689
        ],
        [
            0.11827388405799866,
            0.006452249363064766,
            0.04134809225797653
        ],
        [
            0.12377999722957611,
            0.036264725029468536,
            0.037149909883737564
        ],
        [
            0.11510778963565826,
            0.03719337657094002,
            0.03127414360642433
        ],
        [
            0.11522199213504791,
            0.02838362567126751,
            0.03708320111036301
        ],
        [
            0.12317267060279846,
            0.029117509722709656,
            0.04055081680417061
        ],
        [
            0.13756676018238068,
            0.041278861463069916,
            0.031043557450175285
        ],
        [
            0.13461101055145264,
            0.03967435657978058,
            0.038169920444488525
        ],
        [
            0.1416056901216507,
            0.0390821248292923,
            0.04294554889202118
        ],
        [
            0.14540204405784607,
            0.04127657786011696,
            0.03684331476688385
        ],
        [
            0.12166492640972137,
            -0.03632073104381561,
            0.0574563629925251
        ],
        [
            0.1108054518699646,
            -0.039945490658283234,
            0.049527570605278015
        ],
        [
            0.09934451431035995,
            0.03515729680657387,
            0.005702700465917587
        ],
        [
            0.09312526881694794,
            0.03284918889403343,
            0.0016949698328971863
        ],
        [
            0.08777020871639252,
            0.03129302337765694,
            -0.004673220217227936
        ],
        [
            0.09770724922418594,
            0.012941366992890835,
            0.03131861984729767
        ],
        [
            0.08612725138664246,
            0.014253154397010803,
            0.024276137351989746
        ],
        [
            0.08434455096721649,
            0.010738726705312729,
            0.027192361652851105
        ],
        [
            0.09687992185354233,
            0.009888963773846626,
            0.031715527176856995
        ],
        [
            0.09976788610219955,
            -0.0002714507281780243,
            0.042661793529987335
        ],
        [
            0.08741309493780136,
            0.0021305233240127563,
            0.043343011289834976
        ],
        [
            0.10796214640140533,
            -0.0049156732857227325,
            0.050574686378240585
        ],
        [
            0.07701483368873596,
            0.00721798837184906,
            0.015470195561647415
        ],
        [
            0.07411069422960281,
            0.013588926754891872,
            0.0066263750195503235
        ],
        [
            0.0713001936674118,
            0.005291888490319252,
            0.008002251386642456
        ],
        [
            0.07816344499588013,
            0.021774329245090485,
            0.0031520500779151917
        ],
        [
            0.08283740282058716,
            0.028326131403446198,
            -0.0006347671151161194
        ],
        [
            0.10680155456066132,
            0.02275557443499565,
            -0.023004844784736633
        ],
        [
            0.07037239521741867,
            -0.002916371449828148,
            0.00885765254497528
        ],
        [
            0.11266112327575684,
            -0.014978943392634392,
            0.06792742758989334
        ],
        [
            0.1183011531829834,
            -0.017395304515957832,
            0.07090452313423157
        ],
        [
            0.12170219421386719,
            -0.014828374609351158,
            0.06463567912578583
        ],
        [
            0.11733204126358032,
            -0.013287876732647419,
            0.06138402968645096
        ],
        [
            0.144138902425766,
            -0.038714513182640076,
            0.06681413948535919
        ],
        [
            0.13859400153160095,
            -0.034721728414297104,
            0.07139284163713455
        ],
        [
            0.13144516944885254,
            -0.032532814890146255,
            0.06577266752719879
        ],
        [
            0.09935455024242401,
            0.02573922462761402,
            0.029312651604413986
        ],
        [
            0.10217881202697754,
            0.03536960855126381,
            0.021790239959955215
        ],
        [
            0.14263485372066498,
            -0.01883537508547306,
            0.07520883530378342
        ],
        [
            0.164392352104187,
            -0.03391513228416443,
            0.09411463886499405
        ],
        [
            0.1588154435157776,
            -0.034944865852594376,
            0.09638088941574097
        ],
        [
            0.15233977138996124,
            -0.037817902863025665,
            0.08041449636220932
        ],
        [
            0.1588241308927536,
            -0.03667241334915161,
            0.078311026096344
        ],
        [
            0.15279413759708405,
            -0.01770709827542305,
            0.07728195935487747
        ],
        [
            0.14582498371601105,
            -0.01955433562397957,
            0.07830564677715302
        ],
        [
            0.14788474142551422,
            -0.019367750734090805,
            0.07967372238636017
        ],
        [
            0.1535254269838333,
            -0.015963079407811165,
            0.08002610504627228
        ],
        [
            0.1585892289876938,
            0.01534460112452507,
            0.06341846287250519
        ],
        [
            0.15246708691120148,
            0.016296718269586563,
            0.05904889106750488
        ],
        [
            0.1605786830186844,
            -0.022754449397325516,
            0.055474430322647095
        ],
        [
            0.1556045114994049,
            -0.03516745567321777,
            0.05541929230093956
        ],
        [
            0.14565083384513855,
            -0.034109052270650864,
            0.04648733511567116
        ],
        [
            0.13717472553253174,
            0.008069849573075771,
            0.05255185812711716
        ],
        [
            0.14556705951690674,
            0.007566956337541342,
            0.05879870802164078
        ],
        [
            0.14618328213691711,
            0.011354539543390274,
            0.05739349499344826
        ],
        [
            0.1424785852432251,
            -0.011851317249238491,
            0.06950799375772476
        ],
        [
            0.14726847410202026,
            -0.014838438481092453,
            0.0742604210972786
        ],
        [
            0.1480962038040161,
            -0.011033736169338226,
            0.07044801115989685
        ],
        [
            0.14317873120307922,
            -0.007485207170248032,
            0.06627176702022552
        ],
        [
            0.13335520029067993,
            0.03475644811987877,
            0.015813078731298447
        ],
        [
            0.12752026319503784,
            0.041453227400779724,
            0.02333066239953041
        ],
        [
            0.15507330000400543,
            -0.028832225129008293,
            0.10611071437597275
        ],
        [
            0.15435785055160522,
            -0.03038928657770157,
            0.10208818316459656
        ],
        [
            0.12820999324321747,
            0.00921730138361454,
            0.0455780066549778
        ],
        [
            0.13379879295825958,
            -0.031039725989103317,
            0.03742164745926857
        ],
        [
            0.11879080533981323,
            0.01161572802811861,
            0.03963238373398781
        ],
        [
            0.16474796831607819,
            0.017039507627487183,
            0.043712712824344635
        ],
        [
            0.16256016492843628,
            0.024246005341410637,
            0.04948125034570694
        ],
        [
            0.16541247069835663,
            0.02237989380955696,
            0.052835024893283844
        ],
        [
            0.16928593814373016,
            0.018207933753728867,
            0.04966942220926285
        ],
        [
            0.1602344512939453,
            -0.01445809006690979,
            0.09205720573663712
        ],
        [
            0.15530014038085938,
            -0.016080498695373535,
            0.09482882916927338
        ],
        [
            0.1558169424533844,
            -0.015385553240776062,
            0.09779894351959229
        ],
        [
            0.16117703914642334,
            -0.0139066306874156,
            0.09583839029073715
        ],
        [
            0.1421394944190979,
            -0.024139506742358208,
            0.07863397151231766
        ],
        [
            0.1403847634792328,
            -0.030070416629314423,
            0.07791692018508911
        ],
        [
            0.14383801817893982,
            -0.029345009475946426,
            0.08250438421964645
        ],
        [
            0.14548517763614655,
            -0.02358276955783367,
            0.0816437304019928
        ],
        [
            0.14372774958610535,
            -0.03561336174607277,
            0.076587975025177
        ],
        [
            0.14679566025733948,
            -0.03502959385514259,
            0.08164811134338379
        ],
        [
            0.16586318612098694,
            -0.016845475882291794,
            0.09010720998048782
        ],
        [
            0.16939406096935272,
            -0.023471830412745476,
            0.09013578295707703
        ],
        [
            0.16472306847572327,
            -0.024220965802669525,
            0.07578372955322266
        ],
        [
            0.1608564704656601,
            -0.017922690138220787,
            0.07914520055055618
        ],
        [
            0.13097810745239258,
            0.005761395208537579,
            0.007724694907665253
        ],
        [
            0.13060854375362396,
            0.016700133681297302,
            0.005819685757160187
        ],
        [
            0.1410246342420578,
            0.017541181296110153,
            0.016513340175151825
        ],
        [
            0.1518046110868454,
            0.01848335936665535,
            0.026105470955371857
        ],
        [
            0.16098305583000183,
            0.018799131736159325,
            0.03646920993924141
        ],
        [
            0.16371265053749084,
            0.006566979456692934,
            0.036863431334495544
        ],
        [
            0.13917198777198792,
            0.025255341082811356,
            0.014744065701961517
        ],
        [
            0.15946748852729797,
            -0.018416114151477814,
            0.06898604333400726
        ],
        [
            0.1610662043094635,
            -0.025187334045767784,
            0.06519810855388641
        ],
        [
            0.16223503649234772,
            -0.020520903170108795,
            0.06339278817176819
        ],
        [
            0.11923816800117493,
            0.019009511917829514,
            0.03905647248029709
        ],
        [
            0.15415117144584656,
            -0.032852187752723694,
            0.09744943678379059
        ],
        [
            0.09724700450897217,
            -0.02082151174545288,
            -0.0029662922024726868
        ],
        [
            0.10520750284194946,
            -0.01166608277708292,
            -0.009269967675209045
        ],
        [
            0.10959681868553162,
            -0.013972558081150055,
            -0.0020237043499946594
        ],
        [
            0.1000223159790039,
            -0.023805705830454826,
            0.005827330052852631
        ],
        [
            0.15149809420108795,
            -0.02149369940161705,
            0.09706118702888489
        ],
        [
            0.15064963698387146,
            -0.027710076421499252,
            0.09790637344121933
        ],
        [
            0.15422846376895905,
            0.022728540003299713,
            0.05744955688714981
        ],
        [
            0.1592669039964676,
            0.02069581300020218,
            0.06055677309632301
        ],
        [
            0.1618080884218216,
            0.023521212860941887,
            0.05815088003873825
        ],
        [
            0.15732237696647644,
            0.02856796607375145,
            0.05697764828801155
        ],
        [
            0.12879779934883118,
            0.02222622185945511,
            0.004615124315023422
        ],
        [
            0.15600451827049255,
            0.03882861137390137,
            0.03619366139173508
        ],
        [
            0.16211247444152832,
            0.03048473224043846,
            0.0346442274749279
        ],
        [
            0.12141161412000656,
            0.015574860386550426,
            -0.0033982619643211365
        ],
        [
            0.12203710526227951,
            0.0058923340402543545,
            -0.0023246556520462036
        ],
        [
            0.11567895114421844,
            0.006575997453182936,
            -0.009685784578323364
        ],
        [
            0.1666029542684555,
            -0.004219358786940575,
            0.047590844333171844
        ],
        [
            0.13209833204746246,
            -0.0021241626236587763,
            0.011221315711736679
        ],
        [
            0.12209238111972809,
            -0.0011371695436537266,
            0.0007447302341461182
        ],
        [
            0.1144772619009018,
            -0.0006374535150825977,
            -0.007902011275291443
        ],
        [
            0.10962428897619247,
            0.00015483051538467407,
            -0.014669835567474365
        ],
        [
            0.1113131195306778,
            0.008047275245189667,
            -0.015816807746887207
        ],
        [
            0.1679438054561615,
            -0.029176773503422737,
            0.09195556491613388
        ],
        [
            0.17027807235717773,
            -0.02207418717443943,
            0.09558399021625519
        ],
        [
            0.10746042430400848,
            0.009495940990746021,
            -0.023955918848514557
        ],
        [
            0.1052294671535492,
            0.0007385103963315487,
            -0.021892867982387543
        ],
        [
            0.12070591002702713,
            -0.009426450356841087,
            0.0045622363686561584
        ],
        [
            0.11733745783567429,
            -0.018988892436027527,
            0.009968318045139313
        ],
        [
            0.13033223152160645,
            -0.009941999800503254,
            0.01468176394701004
        ],
        [
            0.12827372550964355,
            -0.01954267919063568,
            0.020613614469766617
        ],
        [
            0.166584774851799,
            -0.015219489112496376,
            0.04552490636706352
        ],
        [
            0.1701943427324295,
            -0.013520455919206142,
            0.11203751713037491
        ],
        [
            0.16891007125377655,
            -0.015383715741336346,
            0.10117732733488083
        ],
        [
            0.16356967389583588,
            -0.01295704860240221,
            0.10097787529230118
        ],
        [
            0.16719168424606323,
            -0.01059102825820446,
            0.11139587312936783
        ],
        [
            0.166604682803154,
            -0.016050882637500763,
            0.09490557014942169
        ],
        [
            0.1709597110748291,
            -0.020844779908657074,
            0.10142282396554947
        ],
        [
            0.12111812829971313,
            -0.02952072024345398,
            0.02820095419883728
        ],
        [
            0.15317128598690033,
            -0.013928587548434734,
            0.07397110760211945
        ],
        [
            0.10587535798549652,
            -0.0291714109480381,
            0.020315121859312057
        ],
        [
            0.11800619214773178,
            -0.03859630972146988,
            0.039595574140548706
        ],
        [
            0.10588356852531433,
            -0.037564199417829514,
            0.03663580119609833
        ],
        [
            0.0896928459405899,
            -0.02891676500439644,
            0.01514296606183052
        ],
        [
            0.09179389476776123,
            -0.03498338162899017,
            0.03155955299735069
        ],
        [
            0.08491605520248413,
            -0.022936951369047165,
            -0.0028135553002357483
        ],
        [
            0.08859289437532425,
            -0.025239089503884315,
            0.005362220108509064
        ],
        [
            0.09856200218200684,
            -0.039124369621276855,
            0.046668730676174164
        ],
        [
            0.1550777554512024,
