{
    "pred_cam": [
        7.857483386993408,
        -0.15936507284641266,
        -0.0598456934094429
    ],
    "pred_mano_params": {
        "global_orient": [
            [
                [
                    -0.2692223787307739,
                    -0.9509311318397522,
                    0.1524769812822342
                ],
                [
                    -0.5951110124588013,
                    0.03978237137198448,
                    -0.802658200263977
                ],
                [
                    0.7572067975997925,
                    -0.30683428049087524,
                    -0.5766198635101318
                ]
            ]
        ],
        "hand_pose": [
            [
                [
                    0.6907417178153992,
                    -0.5752098560333252,
                    -0.4381887912750244
                ],
                [
                    0.5724082589149475,
                    0.8052397966384888,
                    -0.154717817902565
                ],
                [
                    0.44184228777885437,
                    -0.14395281672477722,
                    0.8854675889015198
                ]
            ],
            [
                [
                    0.9942102432250977,
                    -0.04625678062438965,
                    0.0969855859875679
                ],
                [
                    0.06229546293616295,
                    0.9835604429244995,
                    -0.16949400305747986
                ],
                [
                    -0.08755093067884445,
                    0.17455445230007172,
                    0.9807474613189697
                ]
            ],
            [
                [
                    0.8697572946548462,
                    -0.4927264153957367,
                    0.02725663222372532
                ],
                [
                    0.47613325715065,
                    0.8233873248100281,
                    -0.3087562322616577
                ],
                [
                    0.12968960404396057,
                    0.2815207839012146,
                    0.9507505893707275
                ]
            ],
            [
                [
                    0.6972424387931824,
                    -0.6333054304122925,
                    -0.33582326769828796
                ],
                [
                    0.6251632571220398,
                    0.7664467096328735,
                    -0.14741237461566925
                ],
                [
                    0.350747674703598,
                    -0.10716219991445541,
                    0.9303184747695923
                ]
            ],
            [
                [
                    0.9807466268539429,
                    -0.1857583075761795,
                    -0.060248780995607376
                ],
                [
                    0.19528405368328094,
                    0.9321770071983337,
                    0.3048117756843567
                ],
                [
                    -0.0004587954608723521,
                    -0.3107087314128876,
                    0.9505050778388977
                ]
            ],
            [
                [
                    0.8485495448112488,
                    -0.5042787790298462,
                    -0.16020812094211578
                ],
                [
                    0.5205868482589722,
                    0.8498278260231018,
                    0.08235275745391846
                ],
                [
                    0.09462057054042816,
                    -0.15328262746334076,
                    0.9836419224739075
                ]
            ],
            [
                [
                    0.41093236207962036,
                    -0.7612577676773071,
                    0.5016185641288757
                ],
                [
                    0.7328639030456543,
                    0.6031101942062378,
                    0.314910352230072
                ],
                [
                    -0.5422592759132385,
                    0.2382112741470337,
                    0.8057358264923096
                ]
            ],
            [
                [
                    0.9446001052856445,
                    -0.07256878912448883,
                    -0.3201006054878235
                ],
                [
                    0.14751122891902924,
                    0.9650719165802002,
                    0.2165101319551468
                ],
                [
                    0.2932082414627075,
                    -0.2517339289188385,
                    0.9223117232322693
                ]
            ],
            [
                [
                    0.8154913783073425,
                    -0.5598164796829224,
                    0.14689870178699493
                ],
                [
                    0.5560916662216187,
                    0.8282324075698853,
                    0.06923265755176544
                ],
                [
                    -0.16042384505271912,
                    0.025230495259165764,
                    0.9867256879806519
                ]
            ],
            [
                [
                    0.6608871221542358,
                    -0.7504650950431824,
                    -0.005493298172950745
                ],
                [
                    0.7426965236663818,
                    0.655062735080719,
                    -0.13890543580055237
                ],
                [
                    0.10784214735031128,
                    0.08772099018096924,
                    0.9902903437614441
                ]
            ],
            [
                [
                    0.9763719439506531,
                    -0.18599627912044525,
                    -0.1100141778588295
                ],
                [
                    0.2141902893781662,
                    0.9004310369491577,
                    0.3786112070083618
                ],
                [
                    0.028639910742640495,
                    -0.3932293653488159,
                    0.9189941883087158
                ]
            ],
            [
                [
                    0.811366081237793,
                    -0.4817163050174713,
                    -0.33111104369163513
                ],
                [
                    0.5538185834884644,
                    0.8147201538085938,
                    0.1718023270368576
                ],
                [
                    0.18700286746025085,
                    -0.32277002930641174,
                    0.9278197288513184
                ]
            ],
            [
                [
                    0.9935231804847717,
                    0.0758385956287384,
                    -0.08461745083332062
                ],
                [
                    -0.11352845281362534,
                    0.6938713788986206,
                    -0.7110932469367981
                ],
                [
                    0.0047853062860667706,
                    0.7160941958427429,
                    0.6979871392250061
                ]
            ],
            [
                [
                    0.8622417449951172,
                    -0.2724182605743408,
                    -0.4269983172416687
                ],
                [
                    0.45397523045539856,
                    0.7895039916038513,
                    0.4130253493785858
                ],
                [
                    0.22460128366947174,
                    -0.5499743223190308,
                    0.8044144511222839
                ]
            ],
            [
                [
                    0.9236100912094116,
                    0.37245869636535645,
                    -0.09065908193588257
                ],
                [
                    -0.3711313009262085,
                    0.9280385971069336,
                    0.03171698749065399
                ],
                [
                    0.09594839066267014,
                    0.004352297633886337,
                    0.9953768849372864
                ]
            ]
        ],
        "betas": [
            -0.06794637441635132,
            0.0014885365962982178,
            -0.08300581574440002,
            0.015247136354446411,
            0.04901695251464844,
            0.028852935880422592,
            0.06325684487819672,
            -0.06724390387535095,
            0.03640155494213104,
            0.014536142349243164
        ]
    },
    "pred_cam_t": [
        -0.15936507284641266,
        -0.0598456934094429,
        4.971375465393066
    ],
    "focal_length": [
        5000.0,
        5000.0
    ],
    "pred_keypoints_3d": [
        [
            0.09606974571943283,
            0.0064102476462721825,
            0.006215816363692284
        ],
        [
            0.12132717669010162,
            -0.0005974238738417625,
            -0.02222941257059574
        ],
        [
            0.14309777319431305,
            -0.0020958324894309044,
            -0.04407988488674164
        ],
        [
            0.15953287482261658,
            0.012050086632370949,
            -0.06048494949936867
        ],
        [
            0.1694527566432953,
            0.0281959380954504,
            -0.0916183665394783
        ],
        [
            0.1280098855495453,
            0.04221317917108536,
            -0.0711778849363327
        ],
        [
            0.14813673496246338,
            0.06759411096572876,
            -0.07838174700737
        ],
        [
            0.16511718928813934,
            0.08197321742773056,
            -0.08009278029203415
        ],
        [
            0.18643587827682495,
            0.09455262869596481,
            -0.07245193421840668
        ],
        [
            0.1225324422121048,
            0.0656341090798378,
            -0.06335753202438354
        ],
        [
            0.14218086004257202,
            0.09064931422472,
            -0.06454729288816452
        ],
        [
            0.1609741747379303,
            0.10393345355987549,
            -0.060491740703582764
        ],
        [
            0.18368488550186157,
            0.11087467521429062,
            -0.05003952980041504
        ],
        [
            0.11782583594322205,
            0.07655444741249084,
            -0.0392710417509079
        ],
        [
            0.140171080827713,
            0.09428232908248901,
            -0.04424041882157326
        ],
        [
            0.1610420048236847,
            0.10593907535076141,
            -0.037321075797080994
        ],
        [
            0.18009987473487854,
            0.1109624132514,
            -0.020420243963599205
        ],
        [
            0.11755725741386414,
            0.0818796381354332,
            -0.018028100952506065
        ],
        [
            0.13666687905788422,
            0.08981472998857498,
            -0.022624213248491287
        ],
        [
            0.15321606397628784,
            0.0988483726978302,
            -0.019994379952549934
        ],
        [
            0.1689494550228119,
            0.10106176137924194,
            -0.012566348537802696
        ]
    ],
    "pred_vertices": [
        [
            0.12860117852687836,
            0.022403830662369728,
            -0.03603937104344368
        ],
        [
            0.12763014435768127,
            0.016821568831801414,
            -0.027188684791326523
        ],
        [
            0.13506288826465607,
            0.015291763469576836,
            -0.034777071326971054
        ],
        [
            0.13463670015335083,
            0.019905447959899902,
            -0.04344736784696579
        ],
        [
            0.13922995328903198,
            0.002286149188876152,
            -0.01737634837627411
        ],
        [
            0.1386411041021347,
            -0.010006224736571312,
            -0.016789205372333527
        ],
        [
            0.14911536872386932,
            -0.006826937198638916,
            -0.030221298336982727
        ],
        [
            0.14897704124450684,
            0.00297372043132782,
            -0.027661360800266266
        ],
        [
            0.13788165152072906,
            0.017686430364847183,
            -0.0501033253967762
        ],
        [
            0.14084826409816742,
            0.014024866744875908,
            -0.040563713759183884
        ],
        [
            0.13589036464691162,
            0.014787476509809494,
            -0.052567437291145325
        ],
        [
            0.12802079319953918,
            0.018744157627224922,
            -0.06395862996578217
        ],
        [
            0.13313597440719604,
            0.021402116864919662,
            -0.05923989415168762
        ],
        [
            0.12536068260669708,
            0.024374723434448242,
            -0.07067505270242691
        ],
        [
            0.11764578521251678,
            0.014209391549229622,
            -0.06253533065319061
        ],
        [
            0.11607467383146286,
            0.027388544753193855,
            -0.07171120494604111
        ],
        [
            0.0977974683046341,
            0.03014461323618889,
            -0.04749058932065964
        ],
        [
            0.09410355240106583,
            0.03860960155725479,
            -0.037372179329395294
        ],
        [
            0.09889616072177887,
            0.0504966601729393,
            -0.04918063431978226
        ],
        [
            0.10305770486593246,
            0.04074651002883911,
            -0.058026835322380066
        ],
        [
            0.09675362706184387,
            0.05825034901499748,
            -0.029688091948628426
        ],
        [
            0.09809421747922897,
            0.054634906351566315,
            -0.041021957993507385
        ],
        [
            0.09211501479148865,
            0.04285440966486931,
            -0.02959594875574112
        ],
        [
            0.09146181493997574,
            0.04657047614455223,
            -0.019987765699625015
        ],
        [
            0.12121158093214035,
            0.028275102376937866,
            -0.022345803678035736
        ],
        [
            0.1192413866519928,
            0.02243988960981369,
            -0.013551156967878342
        ],
        [
            0.12092486768960953,
            0.020061146467924118,
            -0.01883115991950035
        ],
        [
            0.12304088473320007,
            0.025456169620156288,
            -0.026967808604240417
        ],
        [
            0.13869917392730713,
            0.0066104456782341,
            -0.05473354458808899
        ],
        [
            0.1274283528327942,
            0.0015401504933834076,
            -0.05457266420125961
        ],
        [
            0.1300525963306427,
            0.009079908952116966,
            -0.05554817616939545
        ],
        [
            0.14161403477191925,
            0.01059742271900177,
            -0.05179464817047119
        ],
        [
            0.11799543350934982,
            0.013170935213565826,
            0.014257479459047318
        ],
        [
            0.10947529226541519,
            0.0043682195246219635,
            0.020084388554096222
        ],
        [
            0.11002906411886215,
            0.0001558735966682434,
            0.015992142260074615
        ],
        [
            0.11722180247306824,
            0.009298767894506454,
            0.011337757110595703
        ],
        [
            0.12093675136566162,
            -0.01144815981388092,
            -0.0004206746816635132
        ],
        [
            0.11160141974687576,
            -0.013773113489151001,
            0.0044858381152153015
        ],
        [
            0.10344087332487106,
            -0.023885197937488556,
            -0.00036134570837020874
        ],
        [
            0.11028111726045609,
            -0.02195347473025322,
            -0.007846318185329437
        ],
        [
            0.13057266175746918,
            -0.010510995984077454,
            -0.008207462728023529
        ],
        [
            0.12253690510988235,
            -0.020848970860242844,
            -0.013697430491447449
        ],
        [
            0.1329326182603836,
            -0.01877104863524437,
            -0.022232964634895325
        ],
        [
            0.14498525857925415,
            -0.013480369001626968,
            -0.03555024415254593
        ],
        [
            0.10532038658857346,
            0.013704217970371246,
            0.02795189991593361
        ],
        [
            0.11145094037055969,
            0.021393131464719772,
            0.025093793869018555
        ],
        [
            0.15859493613243103,
            0.06416137516498566,
            -0.07770230621099472
        ],
        [
            0.15768976509571075,
            0.06743809580802917,
            -0.07292040437459946
        ],
        [
            0.15477783977985382,
            0.06292641907930374,
            -0.07210630178451538
        ],
        [
            0.15586164593696594,
            0.06077572703361511,
            -0.07742856442928314
        ],
        [
            0.09154947102069855,
            0.028496205806732178,
            0.025779910385608673
        ],
        [
            0.08260129392147064,
            0.029003575444221497,
            0.02104751020669937
        ],
        [
            0.08167289197444916,
            0.024777419865131378,
            0.026954278349876404
        ],
        [
            0.09020783007144928,
            0.022630423307418823,
            0.030407246202230453
        ],
        [
            0.09338636696338654,
            0.0362035371363163,
            0.01963767036795616
        ],
        [
            0.0845489650964737,
            0.03449796140193939,
            0.012720577418804169
        ],
        [
            0.1526225060224533,
            0.06967764347791672,
            -0.08764602243900299
        ],
        [
            0.15610283613204956,
            0.06616401672363281,
            -0.08605939149856567
        ],
        [
            0.1517239511013031,
            0.06323976814746857,
            -0.08628157526254654
        ],
        [
            0.1477769911289215,
            0.06662527471780777,
            -0.08672980964183807
        ],
        [
            0.1340344101190567,
            0.024213695898652077,
            -0.05210199952125549
        ],
        [
            0.1310887485742569,
            0.02777695842087269,
            -0.0436144582927227
        ],
        [
            0.13623648881912231,
            0.03582312911748886,
            -0.06408798694610596
        ],
        [
            0.13314419984817505,
            0.033931195735931396,
            -0.05581582337617874
        ],
        [
            0.13343743979930878,
            0.028181258589029312,
            -0.06047647446393967
        ],
        [
            0.1349099576473236,
            0.031011927872896194,
            -0.06743308901786804
        ],
        [
            0.12547993659973145,
            0.04575764387845993,
            -0.03632406145334244
        ],
        [
            0.12245723605155945,
            0.03780710697174072,
            -0.028251532465219498
        ],
        [
            0.12432283163070679,
            0.03489796817302704,
            -0.033987585455179214
        ],
        [
            0.1286865770816803,
            0.04234645515680313,
            -0.04365995526313782
        ],
        [
            0.12177248299121857,
            0.04569617658853531,
            -0.016383059322834015
        ],
        [
            0.12432985007762909,
            0.05290502309799194,
            -0.025429483503103256
        ],
        [
            0.12353949248790741,
            0.05655130371451378,
            -0.017613954842090607
        ],
        [
            0.12286797165870667,
            0.05070504546165466,
            -0.01227809488773346
        ],
        [
            0.1284646987915039,
            0.06226179748773575,
            -0.043307557702064514
        ],
        [
            0.12915626168251038,
            0.06593219935894012,
            -0.04823785647749901
        ],
        [
            0.1303945630788803,
            0.06927745789289474,
            -0.04502089321613312
        ],
        [
            0.12784883379936218,
            0.0642973855137825,
            -0.03997180983424187
        ],
        [
            0.07977090775966644,
            0.020314455032348633,
            0.03216813877224922
        ],
        [
            0.0886722058057785,
            0.016487397253513336,
            0.034074269235134125
        ],
        [
            0.09785784780979156,
            0.0668645054101944,
            -0.009409129619598389
        ],
        [
            0.1025727391242981,
            0.06615877896547318,
            0.0008318573236465454
        ],
        [
            0.10588252544403076,
            0.07777179777622223,
            -0.0061821769922971725
        ],
        [
            0.09941469877958298,
            0.07571519166231155,
            -0.015780523419380188
        ],
        [
            0.07716237008571625,
            0.026130549609661102,
            0.01261080801486969
        ],
        [
            0.07482995092868805,
            0.02342906966805458,
            0.019632771611213684
        ],
        [
            0.14922106266021729,
            0.07447540760040283,
            -0.08569241315126419
        ],
        [
            0.14474207162857056,
            0.07088768482208252,
            -0.08376920968294144
        ],
        [
            0.12084874510765076,
            -0.02123122289776802,
            -0.028171442449092865
        ],
        [
            0.13771609961986542,
            -0.015737783163785934,
            -0.04135960713028908
        ],
        [
            0.10795584321022034,
            -0.022352028638124466,
            -0.01841842383146286
        ],
        [
            0.09892699122428894,
            -0.022315502166748047,
            -0.011897459626197815
        ],
        [
            0.09280811250209808,
            -0.02498237043619156,
            -0.0061081647872924805
        ],
        [
            0.13301494717597961,
            0.04030974954366684,
            -0.05449625104665756
        ],
        [
            0.12632514536380768,
            0.029373887926340103,
            -0.035508327186107635
        ],
        [
            0.12032143771648407,
            0.03101876750588417,
            -0.018072646111249924
        ],
        [
            0.12160330265760422,
            0.05152183771133423,
            0.005220469087362289
        ],
        [
            0.11961979418992996,
            0.04389871284365654,
            0.01226077601313591
        ],
        [
            0.12281084805727005,
            0.039914652705192566,
            0.002775818109512329
        ],
        [
            0.12331370264291763,
            0.04747708886861801,
            -0.0016262568533420563
        ],
        [
            0.11156003177165985,
            0.0657738745212555,
            0.005115412175655365
        ],
        [
            0.11894093453884125,
            0.06309762597084045,
            0.0025329552590847015
        ],
        [
            0.11983358860015869,
            0.0701942890882492,
            -0.0030122920870780945
        ],
        [
            0.11320024728775024,
            0.07481981068849564,
            -0.0014231614768505096
        ],
        [
            0.1392989605665207,
            -0.00019663572311401367,
            -0.05776018276810646
        ],
        [
            0.12664060294628143,
            -0.005919504910707474,
            -0.053156979382038116
        ],
        [
            0.10149737447500229,
            0.02536599710583687,
            0.027877885848283768
        ],
        [
            0.09941771626472473,
            0.018261633813381195,
            0.030442025512456894
        ],
        [
            0.09502235800027847,
            0.011939898133277893,
            0.034084007143974304
        ],
        [
            0.11942529678344727,
            0.016851425170898438,
            -0.00015168637037277222
        ],
        [
            0.11684806644916534,
            0.006573602557182312,
            0.009349986910820007
        ],
        [
            0.11828316748142242,
            0.0040648989379405975,
            0.006024688482284546
        ],
        [
            0.11898522078990936,
            0.015393715351819992,
            -0.0031106024980545044
        ],
        [
            0.12885379791259766,
            0.011882159858942032,
            -0.01659996807575226
        ],
        [
            0.1293911337852478,
            0.0024125836789608,
            -0.006867364048957825
        ],
        [
            0.13767093420028687,
            0.012010114267468452,
            -0.02476932480931282
        ],
        [
            0.11019264906644821,
            -0.0067075565457344055,
            0.011645808815956116
        ],
        [
            0.10560468584299088,
            -0.007282353937625885,
            0.0216413214802742
        ],
        [
            0.10549850761890411,
            -0.013939525932073593,
            0.015696540474891663
        ],
        [
            0.10313618183135986,
            2.3268163204193115e-05,
            0.027760181576013565
        ],
        [
            0.09967243671417236,
            0.006882019340991974,
            0.032362136989831924
        ],
        [
            0.06970101594924927,
            0.02012035995721817,
            0.025630731135606766
        ],
        [
            0.10429570078849792,
            -0.019146613776683807,
            0.00918484479188919
        ],
        [
            0.15419311821460724,
            0.003359917551279068,
            -0.03601294010877609
        ],
        [
            0.15771740674972534,
            0.005312319844961166,
            -0.04317856580018997
        ],
        [
            0.15343157947063446,
            0.01097017154097557,
            -0.04295908659696579
        ],
        [
            0.14988532662391663,
            0.009721102192997932,
            -0.03752535581588745
        ],
        [
            0.12611529231071472,
            0.03222442418336868,
            -0.07707557082176208
        ],
        [
            0.1324150264263153,
            0.03024935908615589,
            -0.07284858077764511
        ],
        [
            0.13098491728305817,
            0.023750673979520798,
            -0.0659216046333313
        ],
        [
            0.12065830826759338,
            0.02403087541460991,
            0.010985936969518661
        ],
        [
            0.11517488956451416,
            0.030506260693073273,
            0.020434871315956116
        ],
        [
            0.1358105093240738,
            0.041977398097515106,
            -0.0623982772231102
        ],
        [
            0.14320635795593262,
            0.063960000872612,
            -0.08613770455121994
        ],
        [
            0.1475023627281189,
            0.059934936463832855,
            -0.08582211285829544
        ],
        [
            0.13572782278060913,
            0.04483942687511444,
            -0.08223560452461243
        ],
        [
            0.13118454813957214,
            0.05002055689692497,
            -0.08319155126810074
        ],
        [
            0.13364943861961365,
            0.051907554268836975,
            -0.06490928679704666
        ],
        [
            0.136607825756073,
            0.045223187655210495,
            -0.0637606531381607
        ],
        [
            0.13672885298728943,
            0.04784983769059181,
            -0.06396560370922089
        ],
        [
            0.1348627656698227,
            0.05417318269610405,
            -0.06294634938240051
        ],
        [
            0.12857946753501892,
            0.0715443342924118,
            -0.036126259714365005
        ],
        [
            0.12655508518218994,
            0.06697400659322739,
            -0.03175091743469238
        ],
        [
            0.11176811158657074,
            0.05146045982837677,
            -0.06652423739433289
        ],
        [
            0.110613152384758,
            0.04133583605289459,
            -0.07487064599990845
        ],
        [
            0.10707393288612366,
            0.03227284178137779,
            -0.06628263741731644
        ],
        [
            0.12424688041210175,
            0.049259401857852936,
            -0.029781172052025795
        ],
        [
            0.12689615786075592,
            0.05681804195046425,
            -0.036453381180763245
        ],
        [
            0.12619741261005402,
            0.05911976844072342,
            -0.033004030585289
        ],
        [
            0.13282489776611328,
            0.0451071634888649,
            -0.0550246424973011
        ],
        [
            0.1342177540063858,
            0.047855209559202194,
            -0.06085572391748428
        ],
        [
            0.1324845850467682,
            0.05067889392375946,
            -0.05717901140451431
        ],
        [
            0.13098233938217163,
            0.0478752925992012,
            -0.05047670751810074
        ],
        [
            0.09831904619932175,
            0.05554472282528877,
            0.007942404597997665
        ],
        [
            0.10889513045549393,
            0.0555155910551548,
            0.013085082173347473
        ],
        [
            0.15813228487968445,
            0.06392301619052887,
            -0.0825008749961853
        ],
        [
            0.15455907583236694,
            0.06085246801376343,
            -0.08265754580497742
        ],
        [
            0.1213437095284462,
            0.0413789376616478,
            -0.02199443057179451
        ],
        [
            0.10374440252780914,
            0.022814858704805374,
            -0.05482185631990433
        ],
        [
            0.11980876326560974,
            0.03398430347442627,
            -0.013406436890363693
        ],
        [
            0.109058678150177,
            0.07626888155937195,
            -0.03270655870437622
        ],
        [
            0.11642029881477356,
            0.07801948487758636,
            -0.028363043442368507
        ],
        [
            0.11960829794406891,
            0.08031266927719116,
            -0.03175476938486099
        ],
        [
            0.11511646211147308,
            0.08107028901576996,
            -0.03628011420369148
        ],
        [
            0.14404702186584473,
            0.06685635447502136,
            -0.06655983626842499
        ],
        [
            0.1485639363527298,
            0.06309660524129868,
            -0.06680002063512802
        ],
        [
            0.15191149711608887,
            0.06713910400867462,
            -0.06826724112033844
        ],
        [
            0.14779353141784668,
            0.07125009596347809,
            -0.06836865842342377
        ],
        [
            0.13817983865737915,
            0.04024674370884895,
            -0.06646472215652466
        ],
        [
            0.13787253201007843,
            0.03592804819345474,
            -0.07099242508411407
        ],
        [
            0.14099490642547607,
            0.04145102947950363,
            -0.0719464048743248
        ],
        [
            0.13952787220478058,
            0.04486558586359024,
            -0.06719429790973663
        ],
        [
            0.13529713451862335,
            0.036237120628356934,
            -0.076459139585495
        ],
        [
            0.13910071551799774,
            0.04160427674651146,
            -0.07792975008487701
        ],
        [
            0.13971392810344696,
            0.06983309984207153,
            -0.07055317610502243
        ],
        [
            0.1375434845685959,
            0.07031504064798355,
            -0.07780252397060394
        ],
        [
            0.12634477019309998,
            0.05894354358315468,
            -0.0738736018538475
        ],
        [
            0.13119468092918396,
            0.05940042436122894,
            -0.06719538569450378
        ],
        [
            0.08510100841522217,
            0.03576185926795006,
            -0.011234581470489502
        ],
        [
            0.08621126413345337,
            0.041201088577508926,
            -0.0014985539019107819
        ],
        [
            0.09236972033977509,
            0.05225955694913864,
            -0.009981829673051834
        ],
        [
            0.09717988222837448,
            0.06399523466825485,
            -0.018372055143117905
        ],
        [
            0.10268974304199219,
            0.07385773956775665,
            -0.027052098885178566
        ],
        [
            0.10033015161752701,
            0.06851751357316971,
            -0.03783543407917023
        ],
        [
            0.09324809163808823,
            0.05479615926742554,
            -0.002134568989276886
        ],
        [
            0.12627261877059937,
            0.05658020079135895,
            -0.06744089722633362
        ],
        [
            0.11934151500463486,
            0.05231131240725517,
            -0.07176840305328369
        ],
        [
            0.11964011192321777,
            0.05583951622247696,
            -0.0686868354678154
        ],
        [
            0.12094579637050629,
            0.03833533823490143,
            -0.007396981120109558
        ],
        [
            0.15073323249816895,
            0.05720152705907822,
            -0.08253230899572372
        ],
        [
            0.07994383573532104,
            -0.008307147771120071,
            -0.012876458466053009
        ],
        [
            0.07412345707416534,
            0.0021413005888462067,
            -0.0067183710634708405
        ],
        [
            0.07856526225805283,
            0.005760986357927322,
            -0.013435419648885727
        ],
        [
            0.08592068403959274,
            -0.0059904493391513824,
            -0.02002810686826706
        ],
        [
            0.1519046127796173,
            0.058537472039461136,
            -0.07077860832214355
        ],
        [
            0.15305039286613464,
            0.05626317858695984,
            -0.07662827521562576
        ],
        [
            0.12631461024284363,
            0.071580670773983,
            -0.026715686544775963
        ],
        [
            0.12758150696754456,
            0.07505198568105698,
            -0.03159237653017044
        ],
        [
            0.12571845948696136,
            0.07848784327507019,
            -0.030279923230409622
        ],
        [
            0.12647034227848053,
            0.07697906345129013,
            -0.024205777794122696
        ],
        [
            0.08708606660366058,
            0.04258688539266586,
            0.004304133355617523
        ],
        [
            0.1117669939994812,
            0.08364498615264893,
            -0.011162091046571732
        ],
        [
            0.1053125411272049,
            0.08164261281490326,
            -0.019572492688894272
        ],
        [
            0.08076372742652893,
            0.031413208693265915,
            0.005482088774442673
        ],
        [
            0.07912978529930115,
            0.02675647661089897,
            -0.003023456782102585
        ],
        [
            0.07480214536190033,
            0.020682234317064285,
            0.003342587500810623
        ],
        [
            0.10675524175167084,
            0.06514935195446014,
            -0.05147905275225639
        ],
        [
            0.0859447568655014,
            0.03288567066192627,
            -0.019452817738056183
        ],
        [
            0.08012986183166504,
            0.023437131196260452,
            -0.009920500218868256
        ],
        [
            0.07499945908784866,
            0.01601504161953926,
            -0.0026297681033611298
        ],
        [
            0.07073600590229034,
            0.011359918862581253,
            0.002901919186115265
        ],
        [
            0.07107892632484436,
            0.016911394894123077,
            0.008915945887565613
        ],
        [
            0.1397678405046463,
            0.06800367683172226,
            -0.0825902596116066
        ],
        [
            0.14252062141895294,
            0.07449117302894592,
            -0.07880765199661255
        ],
        [
            0.06532400846481323,
            0.013257496058940887,
            0.015003763139247894
        ],
        [
            0.06578554213047028,
            0.0069403275847435,
            0.00816906988620758
        ],
        [
            0.08195152878761292,
            0.01837596669793129,
            -0.017461907118558884
        ],
        [
            0.08560328185558319,
            0.011564932763576508,
            -0.025938723236322403
        ],
        [
            0.0877482146024704,
            0.027680832892656326,
            -0.02630317211151123
        ],
        [
            0.0915854424238205,
            0.021821774542331696,
            -0.03558069095015526
        ],
        [
            0.10257876664400101,
            0.05829770117998123,
            -0.05913563072681427
        ],
        [
            0.15694968402385712,
            0.0862235277891159,
            -0.07852858304977417
        ],
        [
            0.14807438850402832,
            0.07908033579587936,
            -0.07516820728778839
        ],
        [
            0.15096870064735413,
            0.07636100053787231,
            -0.07082827389240265
        ],
        [
            0.15770897269248962,
            0.08520301431417465,
            -0.07421168684959412
        ],
        [
            0.14409328997135162,
            0.07406371831893921,
            -0.0721840038895607
        ],
        [
            0.1469840109348297,
            0.07814950495958328,
            -0.08081430196762085
        ],
        [
            0.0993933230638504,
            0.011876426637172699,
            -0.04395252838730812
        ],
        [
            0.13363374769687653,
            0.05477675795555115,
            -0.0625748559832573
        ],
        [
            0.09619340300559998,
            -0.0014843270182609558,
            -0.03314540162682533
        ],
        [
            0.11174729466438293,
            0.004512043669819832,
            -0.054297611117362976
        ],
        [
            0.11166375875473022,
            -0.005792193114757538,
            -0.045526959002017975
        ],
        [
            0.0949687734246254,
            -0.015954989939928055,
            -0.02243107184767723
        ],
        [
            0.10842949151992798,
            -0.01660296320915222,
            -0.03347139433026314
        ],
        [
            0.08350135385990143,
            -0.01973733678460121,
            -0.008854478597640991
        ],
        [
            0.08830636739730835,
            -0.01647716388106346,
            -0.015478163957595825
        ],
        [
            0.12340099364519119,
            -0.015244930982589722,
            -0.0433727502822876
        ],
        [
            0.16555637121200562,
