{
    "pred_cam": [
        8.983182907104492,
        0.06814978271722794,
        -0.06127036362886429
    ],
    "pred_mano_params": {
        "global_orient": [
            [
                [
                    0.5393420457839966,
                    -0.4694523811340332,
                    0.6990885734558105
                ],
                [
                    -0.5674314498901367,
                    -0.8160132169723511,
                    -0.11020020395517349
                ],
                [
                    0.6221991777420044,
                    -0.337249219417572,
                    -0.7064923048019409
                ]
            ]
        ],
        "hand_pose": [
            [
                [
                    0.925272524356842,
                    -0.13435803353786469,
                    -0.35470911860466003
                ],
                [
                    0.09911923110485077,
                    0.9883144497871399,
                    -0.11580103635787964
                ],
                [
                    0.3661229908466339,
                    0.0719890296459198,
                    0.9277776479721069
                ]
            ],
            [
                [
                    0.662491500377655,
                    -0.7038775682449341,
                    0.2562447786331177
                ],
                [
                    0.745381772518158,
                    0.6533605456352234,
                    -0.13238613307476044
                ],
                [
                    -0.07423659414052963,
                    0.27870485186576843,
                    0.9575033187866211
                ]
            ],
            [
                [
                    0.6550954580307007,
                    -0.7548691630363464,
                    0.03197721019387245
                ],
                [
                    0.7546588778495789,
                    0.6516892313957214,
                    -0.07609997689723969
                ],
                [
                    0.0366063229739666,
                    0.07398463040590286,
                    0.996587336063385
                ]
            ],
            [
                [
                    0.9068910479545593,
                    -0.29053935408592224,
                    -0.3051809072494507
                ],
                [
                    0.26411646604537964,
                    0.9562850594520569,
                    -0.12554392218589783
                ],
                [
                    0.3283154368400574,
                    0.03325136378407478,
                    0.9439826011657715
                ]
            ],
            [
                [
                    0.6790761351585388,
                    -0.7133362293243408,
                    -0.17322513461112976
                ],
                [
                    0.7297013401985168,
                    0.6302717924118042,
                    0.26512908935546875
                ],
                [
                    -0.07994729280471802,
                    -0.306445449590683,
                    0.9485249519348145
                ]
            ],
            [
                [
                    0.8247557282447815,
                    -0.5621342062950134,
                    -0.061507970094680786
                ],
                [
                    0.5654141306877136,
                    0.8215258717536926,
                    0.07349877059459686
                ],
                [
                    0.009214223362505436,
                    -0.0953960046172142,
                    0.9953967928886414
                ]
            ],
            [
                [
                    0.7292811870574951,
                    -0.6494215726852417,
                    0.21540763974189758
                ],
                [
                    0.6288004517555237,
                    0.7602508068084717,
                    0.16318312287330627
                ],
                [
                    -0.26973846554756165,
                    0.016442028805613518,
                    0.9627931714057922
                ]
            ],
            [
                [
                    0.9263074398040771,
                    -0.3279078006744385,
                    -0.18555626273155212
                ],
                [
                    0.3659142553806305,
                    0.9003176689147949,
                    0.2356584221124649
                ],
                [
                    0.08978535234928131,
                    -0.2861897945404053,
                    0.9539570808410645
                ]
            ],
            [
                [
                    0.8724476099014282,
                    -0.3668460249900818,
                    0.3228916525840759
                ],
                [
                    0.29789867997169495,
                    0.9229682087898254,
                    0.24369248747825623
                ],
                [
                    -0.38741639256477356,
                    -0.1164199709892273,
                    0.9145243763923645
                ]
            ],
            [
                [
                    0.8912550806999207,
                    -0.4446944296360016,
                    -0.08894475549459457
                ],
                [
                    0.4325419068336487,
                    0.8924896121025085,
                    -0.12794438004493713
                ],
                [
                    0.136278435587883,
                    0.07555875927209854,
                    0.9877848625183105
                ]
            ],
            [
                [
                    0.8395327925682068,
                    -0.5215750336647034,
                    -0.15213221311569214
                ],
                [
                    0.5342743396759033,
                    0.7416945099830627,
                    0.40551233291625977
                ],
                [
                    -0.09866947680711746,
                    -0.4217212200164795,
                    0.9013410210609436
                ]
            ],
            [
                [
                    0.7747432589530945,
                    -0.607905924320221,
                    -0.1738487035036087
                ],
                [
                    0.6317287087440491,
                    0.7327988743782043,
                    0.2528330385684967
                ],
                [
                    -0.026302538812160492,
                    -0.30570587515830994,
                    0.9517626166343689
                ]
            ],
            [
                [
                    0.9794647097587585,
                    -0.12690263986587524,
                    0.15666694939136505
                ],
                [
                    0.1924465000629425,
                    0.3567947745323181,
                    -0.9141453504562378
                ],
                [
                    0.060109492391347885,
                    0.9255232214927673,
                    0.37388986349105835
                ]
            ],
            [
                [
                    0.9450077414512634,
                    -0.24080650508403778,
                    -0.22129777073860168
                ],
                [
                    0.3259790241718292,
                    0.7482042908668518,
                    0.5778651237487793
                ],
                [
                    0.02642228454351425,
                    -0.6182253956794739,
                    0.7855567336082458
                ]
            ],
            [
                [
                    0.9138825535774231,
                    0.3427070081233978,
                    -0.21764802932739258
                ],
                [
                    -0.32133734226226807,
                    0.9382588863372803,
                    0.12811191380023956
                ],
                [
                    0.24811503291130066,
                    -0.047140806913375854,
                    0.9675830006599426
                ]
            ]
        ],
        "betas": [
            0.001117020845413208,
            -0.09618738293647766,
            -0.03857886791229248,
            0.006505876779556274,
            0.009929656982421875,
            -0.007328879088163376,
            0.07489961385726929,
            -0.07784804701805115,
            -0.006243512034416199,
            -0.05844232439994812
        ]
    },
    "pred_cam_t": [
        -0.06814978271722794,
        -0.06127036362886429,
        4.348402976989746
    ],
    "focal_length": [
        5000.0,
        5000.0
    ],
    "pred_keypoints_3d": [
        [
            0.0957627147436142,
            0.006381278857588768,
            0.006209863815456629
        ],
        [
            0.10809355229139328,
            0.029836665838956833,
            -0.02174478769302368
        ],
        [
            0.11734375357627869,
            0.05828230082988739,
            -0.028972940519452095
        ],
        [
            0.11612847447395325,
            0.08443750441074371,
            -0.03600505739450455
        ],
        [
            0.10763822495937347,
            0.1118399053812027,
            -0.05776575952768326
        ],
        [
            0.06504906713962555,
            0.058378368616104126,
            -0.06139403581619263
        ],
        [
            0.041051723062992096,
            0.07697603851556778,
            -0.0744185522198677
        ],
        [
            0.04033131152391434,
            0.09894464910030365,
            -0.07119209319353104
        ],
        [
            0.05058825761079788,
            0.11517547070980072,
            -0.05517392233014107
        ],
        [
            0.04297913983464241,
            0.061737559735774994,
            -0.0497974157333374
        ],
        [
            0.020285792648792267,
            0.08352909982204437,
            -0.05383948236703873
        ],
        [
            0.02195800095796585,
            0.1054769903421402,
            -0.046220384538173676
        ],
        [
            0.03358668088912964,
            0.12567344307899475,
            -0.03555118292570114
        ],
        [
            0.03481516242027283,
            0.05899524688720703,
            -0.02452341467142105
        ],
        [
            0.019406944513320923,
            0.08251379430294037,
            -0.0311417318880558
        ],
        [
            0.020359771326184273,
            0.10604169219732285,
            -0.023302122950553894
        ],
        [
            0.03297322615981102,
            0.12461147457361221,
            -0.01134264562278986
        ],
        [
            0.0330580398440361,
            0.058353252708911896,
            -0.0028037591837346554
        ],
        [
            0.02564999647438526,
            0.07814580947160721,
            -0.0027373419143259525
        ],
        [
            0.025068137794733047,
            0.09569446742534637,
            0.004440657794475555
        ],
        [
            0.03297126293182373,
            0.11172465980052948,
            0.008118881843984127
        ]
    ],
    "pred_vertices": [
        [
            0.08870981633663177,
            0.04791545122861862,
            -0.030514154583215714
        ],
        [
            0.0941331535577774,
            0.043384671211242676,
            -0.022991813719272614
        ],
        [
            0.09747011959552765,
            0.051362622529268265,
            -0.02671358361840248
        ],
        [
            0.09241562336683273,
            0.054008740931749344,
            -0.03638836368918419
        ],
        [
            0.11027394235134125,
            0.04463792219758034,
            -0.008471343666315079
        ],
        [
            0.12107306718826294,
            0.03972819074988365,
            -0.009559161961078644
        ],
        [
            0.12246145308017731,
            0.054505378007888794,
            -0.015238825231790543
        ],
        [
            0.11356902122497559,
            0.05714777857065201,
            -0.012050621211528778
        ],
        [
            0.09513512998819351,
            0.058368366211652756,
            -0.04080136492848396
        ],
        [
            0.10035212337970734,
            0.058147311210632324,
            -0.02913535386323929
        ],
        [
            0.0975394994020462,
            0.05833861231803894,
            -0.0419544018805027
        ],
        [
            0.08881129324436188,
            0.05197138711810112,
            -0.05615796893835068
        ],
        [
            0.08851036429405212,
            0.055692341178655624,
            -0.05156417191028595
        ],
        [
            0.08132457733154297,
            0.051118142902851105,
            -0.06288103759288788
        ],
        [
            0.08924970030784607,
            0.04114501550793648,
            -0.05671994388103485
        ],
        [
            0.07530059665441513,
            0.04367898404598236,
            -0.06340266764163971
        ],
        [
            0.06765148043632507,
            0.02393156662583351,
            -0.0416436642408371
        ],
        [
            0.05989362671971321,
            0.022343959659337997,
            -0.030290935188531876
        ],
        [
            0.05025096237659454,
            0.03270609304308891,
            -0.03891954943537712
        ],
        [
            0.05934610962867737,
            0.03383985906839371,
            -0.04916365444660187
        ],
        [
            0.04525584727525711,
            0.031502529978752136,
            -0.01887686178088188
        ],
        [
            0.04721911996603012,
            0.03259088844060898,
            -0.030431926250457764
        ],
        [
            0.05643802881240845,
            0.02127131074666977,
            -0.022043943405151367
        ],
        [
            0.05433845520019531,
            0.02103322371840477,
            -0.012028427794575691
        ],
        [
            0.08222581446170807,
            0.04119867831468582,
            -0.016745083034038544
        ],
        [
            0.08792756497859955,
            0.035997819155454636,
            -0.00996221974492073
        ],
        [
            0.08990305662155151,
            0.0372593067586422,
            -0.016027770936489105
        ],
        [
            0.08488974720239639,
            0.042474642395973206,
            -0.02186552807688713
        ],
        [
            0.10883384943008423,
            0.06193789094686508,
            -0.04091868922114372
        ],
        [
            0.10667578876018524,
            0.04703546687960625,
            -0.046767786145210266
        ],
        [
            0.10062757134437561,
            0.052299149334430695,
            -0.04650665819644928
        ],
        [
            0.1060662567615509,
            0.06495898962020874,
            -0.036958739161491394
        ],
        [
            0.09993375092744827,
            0.02792893722653389,
            0.016252640634775162
        ],
        [
            0.1051698848605156,
            0.01599438115954399,
            0.019969448447227478
        ],
        [
            0.10848094522953033,
            0.015168312937021255,
            0.015103965997695923
        ],
        [
            0.10257524251937866,
            0.025852788239717484,
            0.012353982776403427
        ],
        [
            0.11862370371818542,
            0.02137492597103119,
            -0.0019291341304779053
        ],
        [
            0.11941184103488922,
            0.011983580887317657,
            0.0012136921286582947
        ],
        [
            0.12467525899410248,
            0.001855652779340744,
            -0.005428686738014221
        ],
        [
            0.12427094578742981,
            0.010129481554031372,
            -0.011330582201480865
        ],
        [
            0.11918865144252777,
            0.03076734021306038,
            -0.006212141364812851
        ],
        [
            0.12604044377803802,
            0.022240906953811646,
            -0.014187522232532501
        ],
        [
            0.12721258401870728,
            0.033636100590229034,
            -0.016924209892749786
        ],
        [
            0.1273242086172104,
            0.050604864954948425,
            -0.022022176533937454
        ],
        [
            0.09631478786468506,
            0.015076357871294022,
            0.029212914407253265
        ],
        [
            0.09153077006340027,
            0.02401963248848915,
            0.02809862047433853
        ],
        [
            0.05150548368692398,
            0.08445137739181519,
            -0.0715722069144249
        ],
        [
            0.048366107046604156,
            0.0849408507347107,
            -0.06641068309545517
        ],
        [
            0.050314903259277344,
            0.08295635133981705,
            -0.06599844247102737
        ],
        [
            0.05276801809668541,
            0.08288269490003586,
            -0.0713358148932457
        ],
        [
            0.07711246609687805,
            0.008724100887775421,
            0.02918345481157303
        ],
        [
            0.07226213067770004,
            0.0013571158051490784,
            0.024270202964544296
        ],
        [
            0.07655518501996994,
            -0.0018225610256195068,
            0.029228856787085533
        ],
        [
            0.08250705152750015,
            0.004651151597499847,
            0.032565388828516006
        ],
        [
            0.07009131461381912,
            0.014178365468978882,
            0.024636436253786087
        ],
        [
            0.06692284345626831,
            0.006258286535739899,
            0.017223697155714035
        ],
        [
            0.0434592068195343,
            0.08233420550823212,
            -0.0814289003610611
        ],
        [
            0.04820280894637108,
            0.08381474018096924,
            -0.07991305738687515
        ],
        [
            0.04870579391717911,
            0.0795491635799408,
            -0.08021290600299835
        ],
        [
            0.04414382576942444,
            0.0768829956650734,
            -0.08064531534910202
        ],
        [
            0.08695875108242035,
            0.05563956871628761,
            -0.0450732447206974
        ],
        [
            0.08366499096155167,
            0.052836790680885315,
            -0.03683651238679886
        ],
        [
            0.07362934947013855,
            0.06440752744674683,
            -0.05621730163693428
        ],
        [
            0.07694986462593079,
            0.058723799884319305,
            -0.047639984637498856
        ],
        [
            0.08169738948345184,
            0.05772789195179939,
            -0.05304287374019623
        ],
        [
            0.07757697999477386,
            0.06127159297466278,
            -0.06027475744485855
        ],
        [
            0.0661308616399765,
            0.05374673753976822,
            -0.026864763349294662
        ],
        [
            0.0732496976852417,
            0.046783581376075745,
            -0.020549016073346138
        ],
        [
            0.07579390704631805,
            0.048048123717308044,
            -0.026626890525221825
        ],
        [
            0.06936687976121902,
            0.05619104206562042,
            -0.03451436758041382
        ],
        [
            0.06764520704746246,
            0.04794905707240105,
            -0.007593277841806412
        ],
        [
            0.06085267290472984,
            0.05436062440276146,
            -0.015014737844467163
        ],
        [
            0.05843191593885422,
            0.05427321046590805,
            -0.006808098405599594
        ],
        [
            0.06421344727277756,
            0.05049834027886391,
            -0.0026450008153915405
        ],
        [
            0.05082445964217186,
            0.0646410658955574,
            -0.030675068497657776
        ],
        [
            0.04560340940952301,
            0.06733033061027527,
            -0.035609204322099686
        ],
        [
            0.043120771646499634,
            0.06858620792627335,
            -0.03258529305458069
        ],
        [
            0.048996374011039734,
            0.06421612948179245,
            -0.02733501046895981
        ],
        [
            0.08054466545581818,
            -0.005925565958023071,
            0.03340248391032219
        ],
        [
            0.08791226148605347,
            0.00038643181324005127,
            0.03491692245006561
        ],
        [
            0.04130013659596443,
            0.03379945456981659,
            0.0022909734398126602
        ],
        [
            0.0452653206884861,
            0.03690941259264946,
            0.01218116283416748
        ],
        [
            0.03608229011297226,
            0.04522300139069557,
            0.00826074369251728
        ],
        [
            0.034010838717222214,
            0.03954872488975525,
            -0.0014861337840557098
        ],
        [
            0.07136449217796326,
            -0.003723740577697754,
            0.01525789126753807
        ],
        [
            0.07386718690395355,
            -0.007710710167884827,
            0.02152363210916519
        ],
        [
            0.0378025621175766,
            0.08104223012924194,
            -0.0791797786951065
        ],
        [
            0.038829244673252106,
            0.07550503313541412,
            -0.07781371474266052
        ],
        [
            0.12555313110351562,
            0.024317041039466858,
            -0.027115128934383392
        ],
        [
            0.12713205814361572,
            0.04601571336388588,
            -0.03078196942806244
        ],
        [
            0.12288284301757812,
            0.009608689695596695,
            -0.021919019520282745
        ],
        [
            0.12012806534767151,
            0.00013421475887298584,
            -0.017042212188243866
        ],
        [
            0.12065953761339188,
            -0.007307179272174835,
            -0.012171167880296707
        ],
        [
            0.07108927518129349,
            0.06130659952759743,
            -0.045290373265743256
        ],
        [
            0.08141826093196869,
            0.04796914756298065,
            -0.029044240713119507
        ],
        [
            0.07999476790428162,
            0.04091969132423401,
            -0.011991765350103378
        ],
        [
            0.0657515749335289,
            0.04762638360261917,
            0.014523366466164589
        ],
        [
            0.07283541560173035,
            0.04189910367131233,
            0.019973719492554665
        ],
        [
            0.07616997510194778,
            0.04426798224449158,
            0.010128576308488846
        ],
        [
            0.06890969723463058,
            0.04829838126897812,
            0.0071891844272613525
        ],
        [
            0.049702152609825134,
            0.04449658468365669,
            0.0165870301425457
        ],
        [
            0.05428997799754143,
            0.050446219742298126,
            0.013813173398375511
        ],
        [
            0.04783092439174652,
            0.055170126259326935,
            0.009565139189362526
        ],
        [
            0.04212798923254013,
            0.0506080761551857,
            0.012137316167354584
        ],
        [
            0.11583477258682251,
            0.06080242246389389,
            -0.043409280478954315
        ],
        [
            0.11337955296039581,
            0.04341591149568558,
            -0.04589279741048813
        ],
        [
            0.08431326597929001,
            0.016256049275398254,
            0.03109060972929001
        ],
        [
            0.09020152688026428,
            0.011259261518716812,
            0.032205644994974136
        ],
        [
            0.09456746280193329,
            0.004314035177230835,
            0.03439566493034363
        ],
        [
            0.09482692182064056,
            0.032058484852313995,
            0.002075035125017166
        ],
        [
            0.104389488697052,
            0.024430051445961,
            0.009597238153219223
        ],
        [
            0.10611317306756973,
            0.024649299681186676,
            0.005589328706264496
        ],
        [
            0.09518799185752869,
            0.031130198389291763,
            -0.0018296577036380768
        ],
        [
            0.09870299696922302,
            0.03915737196803093,
            -0.012970101088285446
        ],
        [
            0.10748477280139923,
            0.033955417573451996,
            -0.0047707706689834595
        ],
        [
            0.1013157069683075,
            0.04906916990876198,
            -0.014947693794965744
        ],
        [
            0.11379383504390717,
            0.012841425836086273,
            0.009381480515003204
        ],
        [
            0.11417248845100403,
            0.007538065314292908,
            0.019092228263616562
        ],
        [
            0.11911150813102722,
            0.005440525710582733,
            0.011979959905147552
        ],
        [
            0.10758058726787567,
            0.007565360516309738,
            0.026352912187576294
        ],
        [
            0.10073715448379517,
            0.006693731993436813,
            0.03199213370680809
        ],
        [
            0.07560386508703232,
            -0.014364130795001984,
            0.026524536311626434
        ],
        [
            0.1223369836807251,
            0.003167271614074707,
            0.00464949756860733
        ],
        [
            0.11585740745067596,
            0.06541238725185394,
            -0.016961749643087387
        ],
        [
            0.11754690110683441,
            0.07277476787567139,
            -0.021692607551813126
        ],
        [
            0.1105441227555275,
            0.07201749086380005,
            -0.023246368393301964
        ],
        [
            0.10844532400369644,
            0.06547651439905167,
            -0.019809540361166
        ],
        [
            0.07281376421451569,
            0.05334484204649925,
            -0.06926769018173218
        ],
        [
            0.07669426500797272,
            0.05872507765889168,
            -0.06572244316339493
        ],
        [
            0.08436349779367447,
            0.05499285086989403,
            -0.058635927736759186
        ],
        [
            0.09079085290431976,
            0.03504608944058418,
            0.015201874077320099
        ],
        [
            0.0841706395149231,
            0.03154311329126358,
            0.02536202222108841
        ],
        [
            0.067400261759758,
            0.06621883064508438,
            -0.05402228236198425
        ],
        [
            0.04524827003479004,
            0.07238291949033737,
            -0.08033487945795059
        ],
        [
            0.05037709325551987,
            0.07561186701059341,
            -0.08014784008264542
        ],
        [
            0.06068132445216179,
            0.06333784759044647,
            -0.07575412839651108
        ],
        [
            0.05500136688351631,
            0.05954195559024811,
            -0.07597926259040833
        ],
        [
            0.05571253225207329,
            0.06648562848567963,
            -0.056969497352838516
        ],
        [
            0.062336355447769165,
            0.06791897863149643,
            -0.056766826659440994
        ],
        [
            0.059053823351860046,
            0.06829516589641571,
            -0.0577559620141983
        ],
        [
            0.0526590459048748,
            0.06752993911504745,
            -0.05654217302799225
        ],
        [
            0.04204074293375015,
            0.06693530827760696,
            -0.023476174101233482
        ],
        [
            0.04714209586381912,
            0.06331837922334671,
            -0.018950147554278374
        ],
        [
            0.05191585421562195,
            0.04629144445061684,
            -0.05533718690276146
        ],
        [
            0.060700807720422745,
            0.04191756993532181,
            -0.06443020701408386
        ],
        [
            0.06772210448980331,
            0.03624677658081055,
            -0.057951148599386215
        ],
        [
            0.06346846371889114,
            0.053297098726034164,
            -0.019895320758223534
        ],
        [
            0.05664047971367836,
            0.05972624942660332,
            -0.02493702992796898
        ],
        [
            0.054688453674316406,
            0.05962110683321953,
            -0.02125164121389389
        ],
        [
            0.0664040818810463,
            0.06302577257156372,
            -0.0451650395989418
        ],
        [
            0.062089573591947556,
            0.06640733033418655,
            -0.05131709203124046
        ],
        [
            0.06065267324447632,
            0.06498383730649948,
            -0.0464516207575798
        ],
        [
            0.0641377791762352,
            0.06140518561005592,
            -0.04019048810005188
        ],
        [
            0.0534716434776783,
            0.027801059186458588,
            0.01697622425854206
        ],
        [
            0.05843685567378998,
            0.03677711263298988,
            0.02240673080086708
        ],
        [
            0.051303137093782425,
            0.08434876054525375,
            -0.07640579342842102
        ],
        [
            0.052124831825494766,
            0.08171285688877106,
            -0.0766383558511734
        ],
        [
            0.07051394879817963,
            0.046482015401124954,
            -0.013857480138540268
        ],
        [
            0.07611377537250519,
            0.028577759861946106,
            -0.04977584257721901
        ],
        [
            0.07780950516462326,
            0.04107065498828888,
            -0.006895553320646286
        ],
        [
            0.03286321088671684,
            0.04957345873117447,
            -0.01801462471485138
        ],
        [
            0.03381119295954704,
            0.05670836567878723,
            -0.013641339726746082
        ],
        [
            0.031610991805791855,
            0.060187436640262604,
            -0.01755646988749504
        ],
        [
            0.028835635632276535,
            0.05591029301285744,
            -0.021453604102134705
        ],
        [
            0.04276973754167557,
            0.07612431794404984,
            -0.06059395521879196
        ],
        [
            0.047125037759542465,
            0.07977058738470078,
            -0.06135283038020134
        ],
        [
            0.045587681233882904,
            0.08161868900060654,
            -0.06208478659391403
        ],
        [
            0.040127191692590714,
            0.07917672395706177,
            -0.06200038641691208
        ],
        [
            0.06712238490581512,
            0.06783707439899445,
            -0.060064345598220825
        ],
        [
            0.07114303857088089,
            0.06561177968978882,
            -0.06476657092571259
        ],
        [
            0.0652799978852272,
            0.06961891055107117,
            -0.06648560613393784
        ],
        [
            0.06211984530091286,
            0.06971666216850281,
            -0.06155813857913017
        ],
        [
            0.0693773627281189,
            0.06248874589800835,
            -0.07017110288143158
        ],
        [
            0.06452743709087372,
            0.06677401065826416,
            -0.07206714153289795
        ],
        [
            0.03863557428121567,
            0.07223456352949142,
            -0.06375648826360703
        ],
        [
            0.037516213953495026,
            0.06993980705738068,
            -0.07092331349849701
        ],
        [
            0.04608753323554993,
            0.0582364983856678,
            -0.06559664011001587
        ],
        [
            0.04685259237885475,
            0.06365075707435608,
            -0.05999751761555672
        ],
        [
            0.06254100799560547,
            0.010027393698692322,
            -0.005870096385478973
        ],
        [
            0.059574633836746216,
            0.012059088796377182,
            0.0046861618757247925
        ],
        [
            0.05118390917778015,
            0.022978734225034714,
            -0.0011927895247936249
        ],
        [
            0.04209715127944946,
            0.032892271876335144,
            -0.0067872051149606705
        ],
        [
            0.034771326929330826,
            0.0430191233754158,
            -0.012748305685818195
        ],
        [
            0.0367518775165081,
            0.039542607963085175,
            -0.024333368986845016
        ],
        [
            0.05047810822725296,
            0.023911725729703903,
            0.006863167509436607
        ],
        [
            0.05012496933341026,
            0.06080411374568939,
            -0.05686686933040619
        ],
        [
            0.05240429937839508,
            0.05212759971618652,
            -0.06165524944663048
        ],
        [
            0.04910149425268173,
            0.05417083203792572,
            -0.05738207325339317
        ],
        [
            0.0752703994512558,
            0.043126922100782394,
            -0.0001825094223022461
        ],
        [
            0.053681381046772,
            0.0786539614200592,
            -0.0771455317735672
        ],
        [
            0.09954750537872314,
            -0.011627085506916046,
            -0.016306065022945404
        ],
        [
            0.08863722532987595,
            -0.013711728155612946,
            -0.008335061371326447
        ],
        [
            0.08629050850868225,
            -0.007430262863636017,
            -0.014042198657989502
        ],
        [
            0.09911595284938812,
            -0.00414460152387619,
            -0.022832777351140976
        ],
        [
            0.05202261358499527,
            0.08188071101903915,
            -0.06593884527683258
        ],
        [
            0.05485824868083,
            0.08135738223791122,
            -0.07156502455472946
        ],
        [
            0.04332113638520241,
            0.06419166922569275,
            -0.013454752042889595
        ],
        [
            0.03912714496254921,
            0.06654714792966843,
            -0.01841220073401928
        ],
        [
            0.0353526771068573,
            0.06564896553754807,
            -0.016925014555454254
        ],
        [
            0.03834451735019684,
            0.06585489958524704,
            -0.01020876970142126
        ],
        [
            0.059563931077718735,
            0.012721545994281769,
            0.010597173124551773
        ],
        [
            0.03157677501440048,
            0.05181320011615753,
            0.005934445187449455
        ],
        [
            0.029445193707942963,
            0.046587612479925156,
            -0.0027617868036031723
        ],
        [
            0.0670623928308487,
            0.0024377629160881042,
            0.00943189486861229
        ],
        [
            0.06927788257598877,
            9.015202522277832e-05,
            0.00018395110964775085
        ],
        [
            0.07387279719114304,
            -0.006959468126296997,
            0.005072806030511856
        ],
        [
            0.03933233395218849,
            0.04529654234647751,
            -0.03859299048781395
        ],
        [
            0.06420770287513733,
            0.010594617575407028,
            -0.014362433925271034
        ],
        [
            0.07162409275770187,
            0.0004906058311462402,
            -0.007106058299541473
        ],
        [
            0.07721799612045288,
            -0.00793689489364624,
            -0.0016188211739063263
        ],
        [
            0.08045357465744019,
            -0.014280065894126892,
            0.0027055777609348297
        ],
        [
            0.07655990123748779,
            -0.012447670102119446,
            0.009650740772485733
        ],
        [
            0.04051751270890236,
            0.07060234248638153,
            -0.07639415562152863
        ],
        [
            0.03447691351175308,
            0.07528465241193771,
            -0.07220704853534698
        ],
        [
            0.0783606469631195,
            -0.019811570644378662,
            0.014639478176832199
        ],
        [
            0.08315850049257278,
            -0.021112382411956787,
            0.006781760603189468
        ],
        [
            0.07577090710401535,
            0.0010353624820709229,
            -0.015324730426073074
        ],
        [
            0.08232183009386063,
            0.003021061420440674,
            -0.025086816400289536
        ],
        [
            0.06854090094566345,
            0.010978661477565765,
            -0.021925071254372597
        ],
        [
            0.07410696148872375,
            0.01348508894443512,
            -0.0320623479783535
        ],
        [
            0.0440615639090538,
            0.03988296911120415,
            -0.046525873243808746
        ],
        [
            0.032371800392866135,
            0.09401553869247437,
            -0.06955358386039734
        ],
        [
            0.03319964185357094,
            0.08255591988563538,
            -0.06800486892461777
        ],
        [
            0.037425704300403595,
            0.0831867903470993,
            -0.06399426609277725
        ],
        [
            0.03403497487306595,
            0.0932287871837616,
            -0.065526083111763
        ],
        [
            0.03592473268508911,
            0.07684345543384552,
            -0.06537803262472153
        ],
        [
            0.033404137939214706,
            0.08121839165687561,
            -0.07359576970338821
        ],
        [
            0.08563944697380066,
            0.019139379262924194,
            -0.041916944086551666
        ],
        [
            0.05504850670695305,
            0.06777328252792358,
            -0.052023500204086304
        ],
        [
            0.09804543852806091,
            0.009884953498840332,
            -0.034540802240371704
        ],
        [
            0.09674651175737381,
            0.031340476125478745,
            -0.051141731441020966
        ],
        [
            0.10720808804035187,
            0.02615894377231598,
            -0.044193800538778305
        ],
        [
            0.11199010908603668,
            0.0012005269527435303,
            -0.02659941092133522
        ],
        [
            0.11707280576229095,
            0.01637149229645729,
            -0.034982796758413315
        ],
        [
            0.111866794526577,
            -0.013285629451274872,
            -0.014358993619680405
        ],
        [
            0.11017322540283203,
            -0.006590716540813446,
            -0.02020777016878128
        ],
        [
            0.12115404009819031,
            0.03430134803056717,
            -0.03887636214494705
        ],
        [
