{
    "pred_cam": [
        8.091360092163086,
        0.12489349395036697,
        -0.018118280917406082
    ],
    "pred_mano_params": {
        "global_orient": [
            [
                [
                    -0.794678270816803,
                    0.4531572759151459,
                    -0.4038996994495392
                ],
                [
                    0.22772565484046936,
                    -0.39422276616096497,
                    -0.8903536200523376
                ],
                [
                    -0.562696635723114,
                    -0.7995229363441467,
                    0.2100847214460373
                ]
            ]
        ],
        "hand_pose": [
            [
                [
                    0.7904219031333923,
                    -0.5898374319076538,
                    -0.1653030812740326
                ],
                [
                    0.6103280186653137,
                    0.7813513875007629,
                    0.13034480810165405
                ],
                [
                    0.05227755010128021,
                    -0.2039164900779724,
                    0.9775915741920471
                ]
            ],
            [
                [
                    0.788719892501831,
                    -0.6030240654945374,
                    0.11951110512018204
                ],
                [
                    0.5977681279182434,
                    0.7069150805473328,
                    -0.37807974219322205
                ],
                [
                    0.1435070037841797,
                    0.36963891983032227,
                    0.9180265665054321
                ]
            ],
            [
                [
                    0.9796885251998901,
                    0.012645559385418892,
                    0.2001260668039322
                ],
                [
                    -0.046565089374780655,
                    0.9850749373435974,
                    0.16570790112018585
                ],
                [
                    -0.19504369795322418,
                    -0.17166103422641754,
                    0.9656554460525513
                ]
            ],
            [
                [
                    0.6044468283653259,
                    -0.7381133437156677,
                    -0.2997210621833801
                ],
                [
                    0.7965450882911682,
                    0.5659387111663818,
                    0.2126719057559967
                ],
                [
                    0.01264776848256588,
                    -0.367290198802948,
                    0.9300204515457153
                ]
            ],
            [
                [
                    0.8818262219429016,
                    -0.42637792229652405,
                    -0.201455757021904
                ],
                [
                    0.4636739194393158,
                    0.8618230819702148,
                    0.20559057593345642
                ],
                [
                    0.08595993369817734,
                    -0.2747049033641815,
                    0.957678496837616
                ]
            ],
            [
                [
                    0.96871018409729,
                    -0.11990147083997726,
                    0.21731139719486237
                ],
                [
                    0.12369871884584427,
                    0.9923121333122253,
                    -0.0039045726880431175
                ],
                [
                    -0.21517257392406464,
                    0.030663536861538887,
                    0.9760945439338684
                ]
            ],
            [
                [
                    0.616623044013977,
                    -0.7238807082176208,
                    -0.3094717860221863
                ],
                [
                    0.7279843688011169,
                    0.6739372611045837,
                    -0.12588606774806976
                ],
                [
                    0.2996910512447357,
                    -0.14766639471054077,
                    0.9425390958786011
                ]
            ],
            [
                [
                    0.9712380170822144,
                    -0.21273423731327057,
                    0.10696219652891159
                ],
                [
                    0.14611469209194183,
                    0.8871650099754333,
                    0.4377085268497467
                ],
                [
                    -0.18800872564315796,
                    -0.4094904065132141,
                    0.8927319645881653
                ]
            ],
            [
                [
                    0.9798888564109802,
                    -0.05548528954386711,
                    0.19167456030845642
                ],
                [
                    0.019630616530776024,
                    0.982708752155304,
                    0.1841144859790802
                ],
                [
                    -0.1985759139060974,
                    -0.1766490638256073,
                    0.9640345573425293
                ]
            ],
            [
                [
                    0.7615150213241577,
                    -0.5879412293434143,
                    -0.2728002965450287
                ],
                [
                    0.5996193289756775,
                    0.7988523244857788,
                    -0.04787065088748932
                ],
                [
                    0.24607229232788086,
                    -0.12712210416793823,
                    0.9608789682388306
                ]
            ],
            [
                [
                    0.8145799040794373,
                    -0.5797256827354431,
                    -0.019435042515397072
                ],
                [
                    0.49350494146347046,
                    0.6750444769859314,
                    0.5484230518341064
                ],
                [
                    -0.3048153817653656,
                    -0.4563256800174713,
                    0.835975170135498
                ]
            ],
            [
                [
                    0.9298394322395325,
                    -0.2833525538444519,
                    0.23475487530231476
                ],
                [
                    0.27129289507865906,
                    0.9589226245880127,
                    0.08287075161933899
                ],
                [
                    -0.24859340488910675,
                    -0.013369160704314709,
                    0.9685156345367432
                ]
            ],
            [
                [
                    0.7047644257545471,
                    0.17792530357837677,
                    -0.686767578125
                ],
                [
                    -0.6480751633644104,
                    0.5552981495857239,
                    -0.5211933851242065
                ],
                [
                    0.2886272966861725,
                    0.8123955726623535,
                    0.5066633224487305
                ]
            ],
            [
                [
                    0.8218060731887817,
                    -0.46548226475715637,
                    -0.3285742700099945
                ],
                [
                    0.559467613697052,
                    0.7684082388877869,
                    0.3107165992259979
                ],
                [
                    0.10784609615802765,
                    -0.43917542695999146,
                    0.8919048309326172
                ]
            ],
            [
                [
                    0.8592591285705566,
                    -0.49373704195022583,
                    0.13378138840198517
                ],
                [
                    0.49837175011634827,
                    0.7490443587303162,
                    -0.4365297257900238
                ],
                [
                    0.11532271653413773,
                    0.44176504015922546,
                    0.8896877765655518
                ]
            ]
        ],
        "betas": [
            -0.01872071623802185,
            0.08215001225471497,
            -0.001729816198348999,
            -0.032288163900375366,
            -0.04257848858833313,
            0.015008170157670975,
            0.01624998450279236,
            -0.016410231590270996,
            0.007957980036735535,
            -0.023050963878631592
        ]
    },
    "pred_cam_t": [
        -0.12489349395036697,
        -0.018118280917406082,
        4.8276801109313965
    ],
    "focal_length": [
        5000.0,
        5000.0
    ],
    "pred_keypoints_3d": [
        [
            0.0957377701997757,
            0.006376044359058142,
            0.006181938573718071
        ],
        [
            0.09744151681661606,
            -0.015967225655913353,
            0.037634238600730896
        ],
        [
            0.11879101395606995,
            -0.02942211925983429,
            0.05529899150133133
        ],
        [
            0.1426895558834076,
            -0.026957780122756958,
            0.06785916537046432
        ],
        [
            0.15880811214447021,
            -0.01648060977458954,
            0.09644050896167755
        ],
        [
            0.15508948266506195,
            -0.030179457738995552,
            0.06433197110891342
        ],
        [
            0.17047332227230072,
            -0.029870210215449333,
            0.093560591340065
        ],
        [
            0.16470102965831757,
            -0.020783836022019386,
            0.11297132819890976
        ],
        [
            0.15851326286792755,
            -0.01582426205277443,
            0.1364220827817917
        ],
        [
            0.17175014317035675,
            -0.011692645028233528,
            0.0599517896771431
        ],
        [
            0.17773382365703583,
            -0.00044274330139160156,
            0.08905713260173798
        ],
        [
            0.16791801154613495,
            0.009210927411913872,
            0.10782359540462494
        ],
        [
            0.15976817905902863,
            0.015094805508852005,
            0.1316905915737152
        ],
        [
            0.16972464323043823,
            0.0130747240036726,
            0.04974329471588135
        ],
        [
            0.18478848040103912,
            0.024989094585180283,
            0.07130783796310425
        ],
        [
            0.1773688942193985,
            0.034382425248622894,
            0.09303165972232819
        ],
        [
            0.17024555802345276,
            0.03733585774898529,
            0.11698739230632782
        ],
        [
            0.16334521770477295,
            0.033161625266075134,
            0.04375851899385452
        ],
        [
            0.1705400049686432,
            0.05093376338481903,
            0.05257030203938484
        ],
        [
            0.16928616166114807,
            0.06504292041063309,
            0.06512436270713806
        ],
        [
            0.16917309165000916,
            0.07638317346572876,
            0.08134399354457855
        ]
    ],
    "pred_vertices": [
        [
            0.12082451581954956,
            -0.012211576104164124,
            0.048349473625421524
        ],
        [
            0.1117096096277237,
            -0.007966367527842522,
            0.04207815229892731
        ],
        [
            0.11700267344713211,
            -0.013184243813157082,
            0.047447241842746735
        ],
        [
            0.12270008027553558,
            -0.01811010017991066,
            0.05335860699415207
        ],
        [
            0.10162481665611267,
            -0.007350202649831772,
            0.053524598479270935
        ],
        [
            0.092058926820755,
            -0.014877043664455414,
            0.0559355653822422
        ],
        [
            0.10713087022304535,
            -0.021660281345248222,
            0.06439021229743958
        ],
        [
            0.11255163699388504,
            -0.013068247586488724,
            0.060757141560316086
        ],
        [
            0.12642763555049896,
            -0.023724373430013657,
            0.055076561868190765
        ],
        [
            0.12170297652482986,
            -0.017372602596879005,
            0.05219151824712753
        ],
        [
            0.12895382940769196,
            -0.02724919095635414,
            0.05071631073951721
        ],
        [
            0.1350305825471878,
            -0.036422938108444214,
            0.0525030680000782
        ],
        [
            0.13256770372390747,
            -0.030451469123363495,
            0.05791483446955681
        ],
        [
            0.1420135647058487,
            -0.03953123092651367,
            0.05536465346813202
        ],
        [
            0.13279712200164795,
            -0.039915554225444794,
            0.042700693011283875
        ],
        [
            0.14704963564872742,
            -0.040376584976911545,
            0.04781842976808548
        ],
        [
            0.1415555328130722,
            -0.023269258439540863,
            0.02665388211607933
        ],
        [
            0.14456453919410706,
            -0.011045768857002258,
            0.021691903471946716
        ],
        [
            0.1594359278678894,
            -0.012958080507814884,
            0.031279463320970535
        ],
        [
            0.15462331473827362,
            -0.02480921521782875,
            0.03629150986671448
        ],
        [
            0.1553317904472351,
            0.0067240954376757145,
            0.02455538883805275
        ],
        [
            0.15835094451904297,
            -0.004130939953029156,
            0.028718039393424988
        ],
        [
            0.14453470706939697,
            -0.002717269817367196,
            0.018085584044456482
        ],
        [
            0.1427379995584488,
            0.006994903553277254,
            0.015067074447870255
        ],
        [
            0.12067939341068268,
            0.00025108642876148224,
            0.04103648662567139
        ],
        [
            0.111001156270504,
            0.003873772919178009,
            0.0354217104613781
        ],
        [
            0.1102496087551117,
            -0.0010818783193826675,
            0.0368066281080246
        ],
        [
            0.11982350051403046,
            -0.004554912447929382,
            0.04287884756922722
        ],
        [
            0.12976539134979248,
            -0.03209835663437843,
            0.04986252263188362
        ],
        [
            0.1217053011059761,
            -0.038346774876117706,
            0.04485681280493736
        ],
        [
            0.12718909978866577,
            -0.034059006720781326,
            0.04633799195289612
        ],
        [
            0.13091693818569183,
            -0.027009809389710426,
            0.051262836903333664
        ],
        [
            0.0910106673836708,
            0.02057989127933979,
            0.025383729487657547
        ],
        [
            0.08337584882974625,
            0.01883035898208618,
            0.014355599880218506
        ],
        [
            0.08169937133789062,
            0.01331724040210247,
            0.0157197043299675
        ],
        [
            0.08909410983324051,
            0.015970773994922638,
            0.025266826152801514
        ],
        [
            0.07759547233581543,
            -0.0044598039239645,
            0.03392186015844345
        ],
        [
            0.07527627050876617,
            -0.0033926162868738174,
            0.020986400544643402
        ],
        [
            0.07225896418094635,
            -0.01439443975687027,
            0.013018909841775894
        ],
        [
            0.07623494416475296,
            -0.018206346780061722,
            0.023826677352190018
        ],
        [
            0.08359385281801224,
            -0.008982522413134575,
            0.046845875680446625
        ],
        [
            0.07952874898910522,
            -0.02078637108206749,
            0.03968682885169983
        ],
        [
            0.08893372118473053,
            -0.02570090815424919,
            0.052729010581970215
        ],
        [
            0.10562019050121307,
            -0.03100663423538208,
            0.06311124563217163
        ],
        [
            0.08816752582788467,
            0.029621977359056473,
            0.009303018450737
        ],
        [
            0.0941411480307579,
            0.03272063657641411,
            0.016991954296827316
        ],
        [
            0.15698473155498505,
            -0.029641427099704742,
            0.09806181490421295
        ],
        [
            0.15780527889728546,
            -0.023609407246112823,
            0.09757104516029358
        ],
        [
            0.15632176399230957,
            -0.02494223229587078,
            0.09340159595012665
        ],
        [
            0.15599574148654938,
            -0.030507519841194153,
            0.0945655107498169
        ],
        [
            0.10507979243993759,
            0.033741921186447144,
            -0.00103725865483284
        ],
        [
            0.11037707328796387,
            0.028619704768061638,
            -0.008009601384401321
        ],
        [
            0.10420683771371841,
            0.030844956636428833,
            -0.011212177574634552
        ],
        [
            0.09835489094257355,
            0.03395717963576317,
            -0.004473932087421417
        ],
        [
            0.11389829218387604,
            0.033356379717588425,
            0.0036287419497966766
        ],
        [
            0.11849100887775421,
            0.02530197612941265,
            -0.0029213540256023407
        ],
        [
            0.16844075918197632,
            -0.03563108667731285,
            0.0983833521604538
        ],
        [
            0.16326022148132324,
            -0.03604842722415924,
            0.09927123785018921
        ],
        [
            0.1637047380208969,
            -0.03738902881741524,
            0.09442887455224991
        ],
        [
            0.16877278685569763,
            -0.03646912798285484,
            0.09239145368337631
        ],
        [
            0.12980999052524567,
            -0.02330252155661583,
            0.0591236874461174
        ],
        [
            0.12859956920146942,
            -0.015235905535519123,
            0.0555434413254261
        ],
        [
            0.14401230216026306,
            -0.026299450546503067,
            0.06861653178930283
        ],
        [
            0.1392589807510376,
            -0.021277086809277534,
            0.06301912665367126
        ],
        [
            0.13700905442237854,
            -0.02798398584127426,
            0.06303886324167252
        ],
        [
            0.1420280486345291,
            -0.031937237828969955,
            0.06688065826892853
        ],
        [
            0.1410805881023407,
            -0.0005448246374726295,
            0.05196259915828705
        ],
        [
            0.13137662410736084,
            0.0009544165804982185,
            0.0456271693110466
        ],
        [
            0.1313168853521347,
            -0.0049275802448391914,
            0.048459138721227646
        ],
        [
            0.141116201877594,
            -0.007791130803525448,
            0.0566834881901741
        ],
        [
            0.1319543421268463,
            0.014808784238994122,
            0.042546920478343964
        ],
        [
            0.1416938304901123,
            0.012043297290802002,
            0.048719942569732666
        ],
        [
            0.1408948004245758,
            0.02021985873579979,
            0.04629886522889137
        ],
        [
            0.13363011181354523,
            0.021102722734212875,
            0.043108128011226654
        ],
        [
            0.15748688578605652,
            0.0035820798948407173,
            0.059050291776657104
        ],
        [
            0.161983922123909,
            0.0012289274018257856,
            0.06227339804172516
        ],
        [
            0.1649763137102127,
            0.005717926658689976,
            0.06349913030862808
        ],
        [
            0.1578797549009323,
            0.0070955511182546616,
            0.058184437453746796
        ],
        [
            0.09845451265573502,
            0.03220143914222717,
            -0.01514800637960434
        ],
        [
            0.09192037582397461,
            0.033197347074747086,
            -0.007828079164028168
        ],
        [
            0.15078651905059814,
            0.027861686423420906,
            0.02105327695608139
        ],
        [
            0.14377330243587494,
            0.03632587939500809,
            0.02274506911635399
        ],
        [
            0.1536727100610733,
            0.038023099303245544,
            0.0292445607483387
        ],
        [
            0.15932072699069977,
            0.028484273701906204,
            0.025688380002975464
        ],
        [
            0.11379707604646683,
            0.01921665295958519,
            -0.010994009673595428
        ],
        [
            0.10870061814785004,
            0.0229494646191597,
            -0.015664972364902496
        ],
        [
            0.17307624220848083,
            -0.03144014626741409,
            0.09697364270687103
        ],
        [
            0.17284445464611053,
            -0.032075706869363785,
            0.09098393470048904
        ],
        [
            0.08920230716466904,
            -0.03351046144962311,
            0.04158211871981621
        ],
        [
            0.10568051785230637,
            -0.03817129135131836,
            0.056812554597854614
        ],
        [
            0.08239151537418365,
            -0.02793428674340248,
            0.026017647236585617
        ],
        [
            0.08051971346139908,
            -0.023943472653627396,
            0.013668365776538849
        ],
        [
            0.07709837704896927,
            -0.021759644150733948,
            0.004307694733142853
        ],
        [
            0.1438545435667038,
            -0.01650574430823326,
            0.06378476321697235
        ],
        [
            0.12691637873649597,
            -0.008776995353400707,
            0.049479417502880096
        ],
        [
            0.12121492624282837,
            0.004995410330593586,
            0.03959403187036514
        ],
        [
            0.12562796473503113,
            0.035335563123226166,
            0.03687895089387894
        ],
        [
            0.1164599359035492,
            0.036372847855091095,
            0.031749796122312546
        ],
        [
            0.11724424362182617,
            0.02715693973004818,
            0.03699027746915817
        ],
        [
            0.12545546889305115,
            0.02792312204837799,
            0.03987572342157364
        ],
        [
            0.13896803557872772,
            0.041235990822315216,
            0.029951682314276695
        ],
        [
            0.13655100762844086,
            0.039047569036483765,
            0.03721020370721817
        ],
        [
            0.14405620098114014,
            0.03842025250196457,
            0.04129640758037567
        ],
        [
            0.14745670557022095,
            0.04115084558725357,
            0.035024385899305344
        ],
        [
            0.12759077548980713,
            -0.03848155587911606,
            0.052312593907117844
        ],
        [
            0.11606480926275253,
            -0.04196120426058769,
            0.04510454460978508
        ],
        [
            0.09873244166374207,
            0.03541569039225578,
            0.007298663258552551
        ],
        [
            0.09225552529096603,
            0.03312782198190689,
            0.0036155283451080322
        ],
        [
            0.08645761758089066,
            0.03176840394735336,
            -0.0024484917521476746
        ],
        [
            0.09961290657520294,
            0.011445599608123302,
            0.03160310536623001
        ],
        [
            0.08747769147157669,
            0.01282486692070961,
            0.0255436934530735
        ],
        [
            0.0859924927353859,
            0.0090662632137537,
            0.02839004062116146
        ],
        [
            0.09884002804756165,
            0.008323360234498978,
            0.03185053914785385
        ],
        [
            0.10296933352947235,
            -0.0022834353148937225,
            0.041599877178668976
        ],
        [
            0.09070009738206863,
            -0.00028748437762260437,
            0.043645523488521576
        ],
        [
            0.11226120591163635,
            -0.00697842612862587,
            0.048302918672561646
        ],
        [
            0.07791990786790848,
            0.006033599376678467,
            0.016960445791482925
        ],
        [
            0.07416282594203949,
            0.012867601588368416,
            0.008705239742994308
        ],
        [
            0.07170243561267853,
            0.004379041492938995,
            0.009768776595592499
        ],
        [
            0.07770700007677078,
            0.021422142162919044,
            0.005468308925628662
        ],
        [
            0.08191739022731781,
            0.028362704440951347,
            0.001757446676492691
        ],
        [
            0.10435392707586288,
            0.025004249066114426,
            -0.022723279893398285
        ],
        [
            0.07106656581163406,
            -0.003917509689927101,
            0.010196667164564133
        ],
        [
            0.11915647983551025,
            -0.0177324041724205,
            0.06451773643493652
        ],
        [
            0.12502819299697876,
            -0.02025270275771618,
            0.0669841468334198
        ],
        [
            0.12799614667892456,
            -0.017317036166787148,
            0.06052354723215103
        ],
        [
            0.12325799465179443,
            -0.015580582432448864,
            0.057602182030677795
        ],
        [
            0.15019743144512177,
            -0.04089762642979622,
            0.05990717560052872
        ],
        [
            0.14474165439605713,
            -0.037423569709062576,
            0.06490623205900192
        ],
        [
            0.1374017894268036,
            -0.03515949845314026,
            0.060111742466688156
        ],
        [
            0.10082747787237167,
            0.02449224144220352,
            0.030282407999038696
        ],
        [
            0.10281256586313248,
            0.03472796827554703,
            0.023162946105003357
        ],
        [
            0.1483694463968277,
            -0.02174835279583931,
            0.06950534880161285
        ],
        [
            0.1695394515991211,
            -0.037397656589746475,
            0.08741022646427155
        ],
        [
            0.16389861702919006,
            -0.03901263698935509,
            0.08924639970064163
        ],
        [
            0.15818727016448975,
            -0.040927592664957047,
            0.07295235991477966
        ],
        [
            0.16471627354621887,
            -0.03913651779294014,
            0.071158267557621
        ],
        [
            0.15803006291389465,
            -0.020416412502527237,
            0.07145941257476807
        ],
        [
            0.15103425085544586,
            -0.02273533120751381,
            0.07246870547533035
        ],
        [
            0.1527400016784668,
            -0.022582193836569786,
            0.07385849207639694
        ],
        [
            0.15818020701408386,
            -0.018806757405400276,
            0.07465313374996185
        ],
        [
            0.16245728731155396,
            0.013484297320246696,
            0.059117838740348816
        ],
        [
            0.15632133185863495,
            0.014767945744097233,
            0.0550936758518219
        ],
        [
            0.16571705043315887,
            -0.02370523475110531,
            0.04859936982393265
        ],
        [
            0.16133515536785126,
            -0.036371417343616486,
            0.04826714098453522
        ],
        [
            0.15039867162704468,
            -0.03533521294593811,
            0.039890822023153305
        ],
        [
            0.1409536898136139,
            0.0064770071767270565,
            0.04937195032835007
        ],
        [
            0.14982445538043976,
            0.005832809954881668,
            0.05488230660557747
        ],
        [
            0.15021085739135742,
            0.00974107626825571,
            0.05366646498441696
        ],
        [
            0.14803831279277802,
            -0.014355557039380074,
            0.0644741877913475
        ],
        [
            0.1529093086719513,
            -0.017498986795544624,
            0.06868862360715866
        ],
        [
            0.15368041396141052,
            -0.013413095846772194,
            0.06501477211713791
        ],
        [
            0.14842015504837036,
            -0.009777124971151352,
            0.06152616813778877
        ],
        [
            0.13365867733955383,
            0.03552171215415001,
            0.01469915360212326
        ],
        [
            0.12819597125053406,
            0.0415668711066246,
            0.023107804358005524
        ],
        [
            0.1590263545513153,
            -0.03394242003560066,
            0.0989224836230278
        ],
        [
            0.1587604284286499,
            -0.03513983264565468,
            0.09489114582538605
        ],
        [
            0.1314115971326828,
            0.00780018325895071,
            0.04320969432592392
        ],
        [
            0.13757279515266418,
            -0.03195994347333908,
            0.0319565050303936
        ],
        [
            0.1214555948972702,
            0.010294068604707718,
            0.03818120062351227
        ],
        [
            0.16784679889678955,
            0.01714395172894001,
            0.03921220824122429
        ],
        [
            0.16592489182949066,
            0.023879902437329292,
            0.04562588036060333
        ],
        [
            0.1686486303806305,
            0.021924715489149094,
            0.04903722181916237
        ],
        [
            0.17248757183551788,
            0.01819648966193199,
            0.04544062167406082
        ],
        [
            0.16417565941810608,
            -0.017951691523194313,
            0.08696133643388748
        ],
        [
            0.1592167168855667,
            -0.020207174122333527,
            0.08936066180467606
        ],
        [
            0.15943996608257294,
            -0.0196896530687809,
            0.092100590467453
        ],
        [
            0.16484761238098145,
            -0.01764770597219467,
            0.09064530581235886
        ],
        [
            0.1475580334663391,
            -0.02751782350242138,
            0.07239353656768799
        ],
        [
            0.14618535339832306,
            -0.03336126357316971,
            0.07131768018007278
        ],
        [
            0.1491195261478424,
            -0.033094294369220734,
            0.07568531483411789
        ],
        [
            0.15047354996204376,
            -0.027121156454086304,
            0.07538938522338867
        ],
        [
            0.14960958063602448,
            -0.038716789335012436,
            0.06945184618234634
        ],
        [
            0.15241841971874237,
            -0.03857692331075668,
            0.07431624084711075
        ],
        [
            0.17007344961166382,
            -0.019746966660022736,
            0.08510109782218933
        ],
        [
            0.17403319478034973,
            -0.026184266433119774,
            0.08477269113063812
        ],
        [
            0.16996699571609497,
            -0.02595546841621399,
            0.07000245898962021
        ],
        [
            0.16566939651966095,
            -0.020136859267950058,
            0.07384338229894638
        ],
        [
            0.1314241886138916,
            0.006830052472651005,
            0.004966937005519867
        ],
        [
            0.13059835135936737,
            0.017911355942487717,
            0.003802843391895294
        ],
        [
            0.1418822705745697,
            0.018400268629193306,
            0.013716645538806915
        ],
        [
            0.15351669490337372,
            0.01909734308719635,
            0.022508811205625534
        ],
        [
            0.16362297534942627,
            0.01907418668270111,
            0.03214092552661896
        ],
        [
            0.1667174994945526,
            0.0069407252594828606,
            0.03157877177000046
        ],
        [
            0.13965971767902374,
            0.026216894388198853,
            0.012593504041433334
        ],
        [
            0.16495974361896515,
            -0.020421240478754044,
            0.0621592253446579
        ],
        [
            0.16665399074554443,
            -0.026497507467865944,
            0.05867014452815056
        ],
        [
            0.1676436811685562,
            -0.021927637979388237,
            0.05634868144989014
        ],
        [
            0.12166003882884979,
            0.017755430191755295,
            0.038050130009651184
        ],
        [
            0.15904152393341064,
            -0.03734663873910904,
            0.09031829237937927
        ],
        [
            0.09759577363729477,
            -0.020261097699403763,
            -0.004796653985977173
        ],
        [
            0.10482365638017654,
            -0.01042835135012865,
            -0.011148877441883087
        ],
        [
            0.1098235696554184,
            -0.013034445233643055,
            -0.004401788115501404
        ],
        [
            0.10110563039779663,
            -0.023714398965239525,
            0.003616616129875183
        ],
        [
            0.1556885987520218,
            -0.026123004034161568,
            0.09094822406768799
        ],
        [
            0.15519830584526062,
            -0.03247370570898056,
            0.0910952165722847
        ],
        [
            0.15782052278518677,
            0.021437868475914,
            0.053886786103248596
        ],
        [
            0.16286318004131317,
            0.01920633763074875,
            0.05678911879658699
        ],
        [
            0.1651756465435028,
            0.022331958636641502,
            0.054641835391521454
        ],
        [
            0.160838320851326,
            0.027394147589802742,
            0.0537395216524601
        ],
        [
            0.12852145731449127,
            0.023492785170674324,
            0.003102649003267288
        ],
        [
            0.1584218144416809,
            0.03912920877337456,
            0.033497825264930725
        ],
        [
            0.16449138522148132,
            0.030988557264208794,
            0.03107292950153351
        ],
        [
            0.12068958580493927,
            0.017073115333914757,
            -0.004754789173603058
        ],
        [
            0.12166775017976761,
            0.007314543705433607,
            -0.0043548159301280975
        ],
        [
            0.11472471803426743,
            0.008252128027379513,
            -0.011173512786626816
        ],
        [
            0.1705123335123062,
            -0.004448497202247381,
            0.041389625519514084
        ],
        [
            0.13304276764392853,
            -0.0012651914730668068,
            0.00786060094833374
        ],
        [
            0.12215971201658249,
            6.945943459868431e-05,
            -0.0017508342862129211
        ],
        [
            0.11386141926050186,
            0.0008556889370083809,
            -0.009767062962055206
        ],
        [
            0.10847508907318115,
            0.0019180388189852238,
            -0.016095615923404694
        ],
        [
            0.10986027866601944,
            0.009958621114492416,
            -0.01686638593673706
        ],
        [
            0.172860249876976,
            -0.03222252428531647,
            0.08590444922447205
        ],
        [
            0.17458006739616394,
            -0.025191081687808037,
            0.09026196599006653
        ],
        [
            0.10534673184156418,
            0.011793503537774086,
            -0.024586915969848633
        ],
        [
            0.10353108495473862,
            0.0028106453828513622,
            -0.022923961281776428
        ],
        [
            0.12131530046463013,
            -0.00852523185312748,
            0.0016084685921669006
        ],
        [
            0.11860164999961853,
            -0.018572833389043808,
            0.006677150726318359
        ],
        [
            0.13176068663597107,
            -0.009390009567141533,
            0.010944530367851257
        ],
        [
            0.1304134726524353,
            -0.019470753148198128,
            0.016396205872297287
        ],
        [
            0.17090067267417908,
            -0.015363152138888836,
            0.03863753005862236
        ],
        [
            0.17246614396572113,
            -0.018284996971488,
            0.10746022313833237
        ],
        [
            0.17229555547237396,
            -0.019045118242502213,
            0.09631474316120148
        ],
        [
            0.16675101220607758,
            -0.016973167657852173,
            0.09592359513044357
        ],
        [
            0.16927669942378998,
            -0.015492046251893044,
            0.10686683654785156
        ],
        [
            0.170500710606575,
            -0.0193095151335001,
            0.08989812433719635
        ],
        [
            0.17475558817386627,
            -0.02442946657538414,
            0.09619654715061188
        ],
        [
            0.1240815818309784,
            -0.03022504597902298,
            0.023867223411798477
        ],
        [
            0.15882055461406708,
            -0.016558488830924034,
            0.06783493608236313
        ],
        [
            0.10821022093296051,
            -0.029848448932170868,
            0.01729324460029602
        ],
        [
            0.12222401052713394,
            -0.040052708238363266,
            0.03477077931165695
        ],
        [
            0.10985815525054932,
            -0.039187561720609665,
            0.03292731195688248
        ],
        [
            0.09164256602525711,
            -0.029776107519865036,
            0.013510819524526596
        ],
        [
            0.095311239361763,
            -0.03672245517373085,
            0.029347550123929977
        ],
        [
            0.08533099293708801,
            -0.02279917523264885,
            -0.003809206187725067
        ],
        [
            0.08969281613826752,
            -0.025504548102617264,
            0.003979712724685669
        ],
        [
            0.10357783734798431,
            -0.04135311767458916,
            0.04346715286374092
        ],
        [
            0.1575608253479004,
            -0.02442159876227379,
