{
    "pred_cam": [
        8.245416641235352,
        0.13484877347946167,
        -0.011386431753635406
    ],
    "pred_mano_params": {
        "global_orient": [
            [
                [
                    -0.7711775898933411,
                    0.5338590741157532,
                    -0.346813440322876
                ],
                [
                    0.19904446601867676,
                    -0.3152661919593811,
                    -0.9278947114944458
                ],
                [
                    -0.6047035455703735,
                    -0.78460294008255,
                    0.1368645280599594
                ]
            ]
        ],
        "hand_pose": [
            [
                [
                    0.8068696856498718,
                    -0.5835720300674438,
                    -0.09167932718992233
                ],
                [
                    0.590569257736206,
                    0.8004916310310364,
                    0.10218164324760437
                ],
                [
                    0.013758190907537937,
                    -0.13659025728702545,
                    0.9905321002006531
                ]
            ],
            [
                [
                    0.8387498259544373,
                    -0.5377554297447205,
                    0.08554437756538391
                ],
                [
                    0.5237736105918884,
                    0.7538301944732666,
                    -0.396738201379776
                ],
                [
                    0.14886218309402466,
                    0.3775699734687805,
                    0.9139370322227478
                ]
            ],
            [
                [
                    0.9862656593322754,
                    0.01151055283844471,
                    0.16476531326770782
                ],
                [
                    -0.04028003662824631,
                    0.9842111468315125,
                    0.17235445976257324
                ],
                [
                    -0.16017994284629822,
                    -0.17662404477596283,
                    0.9711573123931885
                ]
            ],
            [
                [
                    0.6898447871208191,
                    -0.7145395278930664,
                    -0.11639370769262314
                ],
                [
                    0.7197776436805725,
                    0.659688413143158,
                    0.21617412567138672
                ],
                [
                    -0.07768137753009796,
                    -0.23290416598320007,
                    0.9693921804428101
                ]
            ],
            [
                [
                    0.886406660079956,
                    -0.4107283055782318,
                    -0.21350738406181335
                ],
                [
                    0.4523012638092041,
                    0.8666368722915649,
                    0.21062776446342468
                ],
                [
                    0.09852258861064911,
                    -0.28327152132987976,
                    0.9539656043052673
                ]
            ],
            [
                [
                    0.9744735956192017,
                    -0.14453254640102386,
                    0.17178919911384583
                ],
                [
                    0.152757465839386,
                    0.9876225590705872,
                    -0.03559316694736481
                ],
                [
                    -0.16451850533485413,
                    0.060926683247089386,
                    0.9844905138015747
                ]
            ],
            [
                [
                    0.7260160446166992,
                    -0.6134942173957825,
                    -0.3106856346130371
                ],
                [
                    0.6166656613349915,
                    0.7807595133781433,
                    -0.10068798065185547
                ],
                [
                    0.30434226989746094,
                    -0.11848806589841843,
                    0.9451647400856018
                ]
            ],
            [
                [
                    0.9859222769737244,
                    -0.0923771858215332,
                    0.13936927914619446
                ],
                [
                    0.048587605357170105,
                    0.9558418393135071,
                    0.2898372709751129
                ],
                [
                    -0.1599893420934677,
                    -0.2789853811264038,
                    0.9468741416931152
                ]
            ],
            [
                [
                    0.9839832782745361,
                    -0.028000226244330406,
                    0.17604802548885345
                ],
                [
                    -0.00483295414596796,
                    0.9830333590507507,
                    0.18336306512355804
                ],
                [
                    -0.1781952977180481,
                    -0.18127702176570892,
                    0.9671530723571777
                ]
            ],
            [
                [
                    0.8513486981391907,
                    -0.4837073087692261,
                    -0.20305794477462769
                ],
                [
                    0.48775720596313477,
                    0.8723533153533936,
                    -0.03305583447217941
                ],
                [
                    0.1931276023387909,
                    -0.07090090960264206,
                    0.9786086082458496
                ]
            ],
            [
                [
                    0.8186529874801636,
                    -0.5742849707603455,
                    0.0020073626656085253
                ],
                [
                    0.4820782542228699,
                    0.6891018748283386,
                    0.5410536527633667
                ],
                [
                    -0.3121022880077362,
                    -0.4419674873352051,
                    0.8409855961799622
                ]
            ],
            [
                [
                    0.9228621125221252,
                    -0.33145397901535034,
                    0.19612178206443787
                ],
                [
                    0.3260604739189148,
                    0.9434337019920349,
                    0.06014604866504669
                ],
                [
                    -0.20496352016925812,
                    0.008441049605607986,
                    0.978733241558075
                ]
            ],
            [
                [
                    0.7492842078208923,
                    0.19272354245185852,
                    -0.6335856318473816
                ],
                [
                    -0.6030142307281494,
                    0.5940430164337158,
                    -0.5324346423149109
                ],
                [
                    0.2737644612789154,
                    0.7810060381889343,
                    0.5613220930099487
                ]
            ],
            [
                [
                    0.7992540001869202,
                    -0.4339783191680908,
                    -0.4157593846321106
                ],
                [
                    0.5582433938980103,
                    0.7923350930213928,
                    0.24610872566699982
                ],
                [
                    0.2226148545742035,
                    -0.42879828810691833,
                    0.8755425214767456
                ]
            ],
            [
                [
                    0.8978097438812256,
                    -0.43006885051727295,
                    0.094754658639431
                ],
                [
                    0.4292105436325073,
                    0.8063768744468689,
                    -0.4068595767021179
                ],
                [
                    0.09856966137886047,
                    0.40595218539237976,
                    0.9085630774497986
                ]
            ]
        ],
        "betas": [
            -0.011644810438156128,
            0.046254634857177734,
            -0.001870572566986084,
            -0.04306039214134216,
            -0.044078975915908813,
            -0.0132366381585598,
            -0.0045524537563323975,
            0.02313101291656494,
            0.02171705663204193,
            -0.01438930630683899
        ]
    },
    "pred_cam_t": [
        -0.13484877347946167,
        -0.011386431753635406,
        4.737480640411377
    ],
    "focal_length": [
        5000.0,
        5000.0
    ],
    "pred_keypoints_3d": [
        [
            0.09569576382637024,
            0.006374885328114033,
            0.006184528581798077
        ],
        [
            0.0970543846487999,
            -0.017460733652114868,
            0.03650018200278282
        ],
        [
            0.11673112213611603,
            -0.03127376735210419,
            0.05576449632644653
        ],
        [
            0.13950598239898682,
            -0.026462167501449585,
            0.06965711712837219
        ],
        [
            0.15568378567695618,
            -0.016067881137132645,
            0.09843061864376068
        ],
        [
            0.15369603037834167,
            -0.028777416795492172,
            0.06637962907552719
        ],
        [
            0.16711534559726715,
            -0.030667880550026894,
            0.09647856652736664
        ],
        [
            0.1619565188884735,
            -0.023184960708022118,
            0.11672750115394592
        ],
        [
            0.15670323371887207,
            -0.019330613315105438,
            0.14068326354026794
        ],
        [
            0.16910961270332336,
            -0.008929114788770676,
            0.06412439793348312
        ],
        [
            0.17545586824417114,
            -0.003084423951804638,
            0.09470497816801071
        ],
        [
            0.1664239466190338,
            0.004508038051426411,
            0.11477956920862198
        ],
        [
            0.15792612731456757,
            0.00855848379433155,
            0.13892322778701782
        ],
        [
            0.1658772975206375,
            0.016113415360450745,
            0.05505022034049034
        ],
        [
            0.18179550766944885,
            0.024925045669078827,
            0.07747851312160492
        ],
        [
            0.1755724549293518,
            0.03144966438412666,
            0.1005924642086029
        ],
        [
            0.16802585124969482,
            0.03186924010515213,
            0.12461327016353607
        ],
        [
            0.1584014743566513,
            0.03595827519893646,
            0.049637164920568466
        ],
        [
            0.16592495143413544,
            0.05296114832162857,
            0.05966047942638397
        ],
        [
            0.16852933168411255,
            0.06615863740444183,
            0.07300202548503876
        ],
        [
            0.17265653610229492,
            0.07663863152265549,
            0.08958911895751953
        ]
    ],
    "pred_vertices": [
        [
            0.11938975751399994,
            -0.012606490403413773,
            0.04929843172430992
        ],
        [
            0.11047877371311188,
            -0.008758466690778732,
            0.04291747510433197
        ],
        [
            0.11538717150688171,
            -0.014149172231554985,
            0.048829007893800735
        ],
        [
            0.12124672532081604,
            -0.0187249593436718,
            0.05441032722592354
        ],
        [
            0.09833628684282303,
            -0.010219570249319077,
            0.05329243838787079
        ],
        [
            0.08915267884731293,
            -0.018642190843820572,
            0.05398132652044296
        ],
        [
            0.10355497151613235,
            -0.02506495639681816,
            0.06369141489267349
        ],
        [
            0.10854021459817886,
            -0.015817105770111084,
            0.06139042228460312
        ],
        [
            0.12492933869361877,
            -0.02428494766354561,
            0.05630531534552574
        ],
        [
            0.11961962282657623,
            -0.018438832834362984,
            0.05385565385222435
        ],
        [
            0.12747474014759064,
            -0.027451947331428528,
            0.05188046023249626
        ],
        [
            0.13476726412773132,
            -0.03590840846300125,
            0.05335016921162605
        ],
        [
            0.13160859048366547,
            -0.030458223074674606,
            0.05880717188119888
        ],
        [
            0.14186248183250427,
            -0.038549043238162994,
            0.05636047199368477
        ],
        [
            0.13349097967147827,
            -0.038976073265075684,
            0.04315170645713806
        ],
        [
            0.14739608764648438,
            -0.03856872022151947,
            0.04906204342842102
        ],
        [
            0.14211991429328918,
            -0.020755626261234283,
            0.028298426419496536
        ],
        [
            0.14442825317382812,
            -0.008132543414831161,
            0.024162400513887405
        ],
        [
            0.15844470262527466,
            -0.009433582425117493,
            0.03461911156773567
        ],
        [
            0.15441852807998657,
            -0.021841371431946754,
            0.03869692608714104
        ],
        [
            0.1532680094242096,
            0.01013422291725874,
            0.028635989874601364
        ],
        [
            0.15687847137451172,
            -0.0006162681966088712,
            0.03241565451025963
        ],
        [
            0.14397646486759186,
            0.00031561730429530144,
            0.020981762558221817
        ],
        [
            0.14161276817321777,
            0.00999007560312748,
            0.0183403417468071
        ],
        [
            0.11869657039642334,
            0.00021158810704946518,
            0.04231533408164978
        ],
        [
            0.10927855223417282,
            0.003451302647590637,
            0.03625281900167465
        ],
        [
            0.10894909501075745,
            -0.0015802718698978424,
            0.03751150518655777
        ],
        [
            0.11815141886472702,
            -0.004720405675470829,
            0.0439414456486702
        ],
        [
            0.12829028069972992,
            -0.03221415355801582,
            0.05076422169804573
        ],
        [
            0.12167254090309143,
            -0.03879866003990173,
            0.0447256863117218
        ],
        [
            0.12660789489746094,
            -0.03411024808883667,
            0.04693428426980972
        ],
        [
            0.12872843444347382,
            -0.027134591713547707,
            0.05255773663520813
        ],
        [
            0.0886586457490921,
            0.0190740916877985,
            0.02563454583287239
        ],
        [
            0.08192045986652374,
            0.01738283410668373,
            0.014062412083148956
        ],
        [
            0.08060552924871445,
            0.011699899099767208,
            0.015013433992862701
        ],
        [
            0.0871596559882164,
            0.014376227743923664,
            0.025133080780506134
        ],
        [
            0.07654325664043427,
            -0.007526194676756859,
            0.03153816610574722
        ],
        [
            0.07515820860862732,
            -0.005726464092731476,
            0.018743347376585007
        ],
        [
            0.07349330931901932,
            -0.016484098508954048,
            0.010054361075162888
        ],
        [
            0.07693091779947281,
            -0.020709984004497528,
            0.020640738308429718
        ],
        [
            0.08149442821741104,
            -0.012583846226334572,
            0.044551726430654526
        ],
        [
            0.0789596289396286,
            -0.024165377020835876,
            0.03630388528108597
        ],
        [
            0.0872381329536438,
            -0.029464367777109146,
            0.04971205070614815
        ],
        [
            0.10309819132089615,
            -0.034393928945064545,
            0.06160355731844902
        ],
        [
            0.08615633100271225,
            0.02876593917608261,
            0.009913589805364609
        ],
        [
            0.09135264903306961,
            0.03184166178107262,
            0.018118418753147125
        ],
        [
            0.1539578139781952,
            -0.03062901459634304,
            0.10106626152992249
        ],
        [
            0.15490050613880157,
            -0.0246322862803936,
            0.10106080770492554
        ],
        [
            0.15338245034217834,
            -0.02569379284977913,
            0.09639246761798859
        ],
        [
            0.15298131108283997,
            -0.031273502856492996,
            0.09717722237110138
        ],
        [
            0.10331448912620544,
            0.03465501219034195,
            0.0010185688734054565
        ],
        [
            0.10944747179746628,
            0.030359214171767235,
            -0.0058114975690841675
        ],
        [
            0.1033562645316124,
            0.03230348974466324,
            -0.009319595992565155
        ],
        [
            0.09684880077838898,
            0.03457336872816086,
            -0.0028630048036575317
        ],
        [
            0.1117812767624855,
            0.03463055193424225,
            0.006291534751653671
        ],
        [
            0.1174153983592987,
            0.027358030900359154,
            -0.00033146142959594727
        ],
        [
            0.16523703932762146,
            -0.03683805838227272,
            0.10092247277498245
        ],
        [
            0.16006821393966675,
            -0.037236135452985764,
            0.10175220668315887
        ],
        [
            0.16056062281131744,
            -0.03820548951625824,
            0.09667762368917465
        ],
        [
            0.16565459966659546,
            -0.03721195086836815,
            0.09477333724498749
        ],
        [
            0.1283622682094574,
            -0.02356959879398346,
            0.060036979615688324
        ],
        [
            0.12680980563163757,
            -0.015410141088068485,
            0.056672316044569016
        ],
        [
            0.14221923053264618,
            -0.02565573900938034,
            0.07014425098896027
        ],
        [
            0.137367382645607,
            -0.020972084254026413,
            0.06448362022638321
        ],
        [
            0.1356247067451477,
            -0.027778422459959984,
            0.06405150890350342
        ],
        [
            0.14064495265483856,
            -0.03138874098658562,
            0.06799326837062836
        ],
        [
            0.13828104734420776,
            0.0003508627414703369,
            0.05463152006268501
        ],
        [
            0.12893563508987427,
            0.0014523761346936226,
            0.04767370969057083
        ],
        [
            0.1291552633047104,
            -0.0045547885820269585,
            0.050209492444992065
        ],
        [
            0.13857150077819824,
            -0.007114635780453682,
            0.05896551162004471
        ],
        [
            0.1286555528640747,
            0.015442825853824615,
            0.04538004472851753
        ],
        [
            0.1381455808877945,
            0.01309586688876152,
            0.05213509127497673
        ],
        [
            0.13689658045768738,
            0.02130229026079178,
            0.050139058381319046
        ],
        [
            0.12980428338050842,
            0.021797306835651398,
            0.046404674649238586
        ],
        [
            0.1540873646736145,
            0.005669317673891783,
            0.06320188194513321
        ],
        [
            0.15927250683307648,
            0.0038969386368989944,
            0.06681672483682632
        ],
        [
            0.16168850660324097,
            0.007673279382288456,
            0.06784757226705551
        ],
        [
            0.15429192781448364,
            0.009043276309967041,
            0.062424156814813614
        ],
        [
            0.0977945625782013,
            0.03344210982322693,
            -0.013567328453063965
        ],
        [
            0.09074291586875916,
            0.03352230042219162,
            -0.006683461368083954
        ],
        [
            0.1473131775856018,
            0.03086443617939949,
            0.026024967432022095
        ],
        [
            0.1396908313035965,
            0.038720518350601196,
            0.027725394815206528
        ],
        [
            0.14868950843811035,
            0.04076027870178223,
            0.03500518202781677
        ],
        [
            0.15502765774726868,
            0.03188363090157509,
            0.031311292201280594
        ],
        [
            0.11376827955245972,
            0.021427113562822342,
            -0.009012296795845032
        ],
        [
            0.1087280735373497,
            0.025036025792360306,
            -0.013837672770023346
        ],
        [
            0.1699294149875641,
            -0.03263916075229645,
            0.09989753365516663
        ],
        [
            0.1697186976671219,
            -0.032786112278699875,
            0.09372897446155548
        ],
        [
            0.0893251821398735,
            -0.036236848682165146,
            0.03820139914751053
        ],
        [
            0.10450625419616699,
            -0.04092708230018616,
            0.05486297234892845
        ],
        [
            0.08358373492956161,
            -0.0299905464053154,
            0.022573046386241913
        ],
        [
            0.08236993849277496,
            -0.025346212089061737,
            0.010598845779895782
        ],
        [
            0.07944324612617493,
            -0.022890368476510048,
            0.0013657212257385254
        ],
        [
            0.14158940315246582,
            -0.015885986387729645,
            0.0658145472407341
        ],
        [
            0.12503451108932495,
            -0.008771090768277645,
            0.050768859684467316
        ],
        [
            0.1189378947019577,
            0.005043746903538704,
            0.041128553450107574
        ],
        [
            0.12112090736627579,
            0.0356641560792923,
            0.0403505302965641
        ],
        [
            0.11225226521492004,
            0.03628819063305855,
            0.03460239619016647
        ],
        [
            0.11344119906425476,
            0.02691306360065937,
            0.03938371315598488
        ],
        [
            0.12136191129684448,
            0.028132883831858635,
            0.04291732609272003
        ],
        [
            0.13416001200675964,
            0.0428536981344223,
            0.03483905270695686
        ],
        [
            0.13159745931625366,
            0.040128376334905624,
            0.04180091619491577
        ],
        [
            0.1389048546552658,
            0.03983914107084274,
            0.04659188538789749
        ],
        [
            0.14213889837265015,
            0.04312266409397125,
            0.04067708179354668
        ],
        [
            0.12672322988510132,
            -0.03892679885029793,
            0.052599385380744934
        ],
        [
            0.11642452329397202,
            -0.04294110834598541,
            0.04414915665984154
        ],
        [
            0.09632274508476257,
            0.03539922088384628,
            0.00894591212272644
        ],
        [
            0.0903123989701271,
            0.03286025673151016,
            0.0047177523374557495
        ],
        [
            0.08506812155246735,
            0.0314117968082428,
            -0.001780778169631958
        ],
        [
            0.09761951118707657,
            0.01034601405262947,
            0.03196054697036743
        ],
        [
            0.08581190556287766,
            0.011125792749226093,
            0.0251019150018692
        ],
        [
            0.08446988463401794,
            0.007117344066500664,
            0.02758759632706642
        ],
        [
            0.09717409312725067,
            0.007211651653051376,
            0.03202877938747406
        ],
        [
            0.10113825649023056,
            -0.0038588717579841614,
            0.042085155844688416
        ],
        [
            0.08846652507781982,
            -0.0030118804425001144,
            0.04275069385766983
        ],
        [
            0.10960620641708374,
            -0.008625591173768044,
            0.04966128617525101
        ],
        [
            0.07733558863401413,
            0.004106121137738228,
            0.01555825024843216
        ],
        [
            0.07359373569488525,
            0.011089909821748734,
            0.0075187720358371735
        ],
        [
            0.07173038274049759,
            0.0023998860269784927,
            0.007956761866807938
        ],
        [
            0.07666837424039841,
            0.020039701834321022,
            0.004967771470546722
        ],
        [
            0.08054561913013458,
            0.02746882289648056,
            0.0019153878092765808
        ],
        [
            0.10471414029598236,
            0.02714657038450241,
            -0.02106110006570816
        ],
        [
            0.07172003388404846,
            -0.005938515067100525,
            0.007877521216869354
        ],
        [
            0.11503085494041443,
            -0.02014920860528946,
            0.06550911068916321
        ],
        [
            0.12102004140615463,
            -0.022004708647727966,
            0.06797485053539276
        ],
        [
            0.12400110065937042,
            -0.018365180119872093,
            0.0620715394616127
        ],
        [
            0.11950305849313736,
            -0.017198100686073303,
            0.05930642783641815
        ],
        [
            0.14962239563465118,
            -0.03966119885444641,
            0.06120540201663971
        ],
        [
            0.1437433809041977,
            -0.03664290904998779,
            0.06598246842622757
        ],
        [
            0.13668406009674072,
            -0.034779682755470276,
            0.06094195693731308
        ],
        [
            0.09778288751840591,
            0.02340153232216835,
            0.03138767555356026
        ],
        [
            0.0994110256433487,
            0.03411450237035751,
            0.024968605488538742
        ],
        [
            0.14635907113552094,
            -0.020916301757097244,
            0.07160506397485733
        ],
        [
            0.1667274534702301,
            -0.03773350641131401,
            0.08971738070249557
        ],
        [
            0.16105756163597107,
            -0.03941560536623001,
            0.09124910086393356
        ],
        [
            0.15643192827701569,
            -0.040139082819223404,
            0.07448284327983856
        ],
        [
            0.16299661993980408,
            -0.038225892931222916,
            0.07321842014789581
        ],
        [
            0.15590061247348785,
            -0.019371865317225456,
            0.074275441467762
        ],
        [
            0.1491139680147171,
            -0.021945849061012268,
            0.07475238293409348
        ],
        [
            0.1508278101682663,
            -0.021970953792333603,
            0.0763457641005516
        ],
        [
            0.15614251792430878,
            -0.018313106149435043,
            0.07779943943023682
        ],
        [
            0.15883755683898926,
            0.015531405806541443,
            0.06375803053379059
        ],
        [
            0.15248622000217438,
            0.016814084723591805,
            0.05966171249747276
        ],
        [
            0.16452603042125702,
            -0.02065257355570793,
            0.0516611710190773
        ],
        [
            0.1611497700214386,
            -0.033699508756399155,
            0.05048704147338867
        ],
        [
            0.1508999764919281,
            -0.03278640657663345,
            0.0415700264275074
        ],
        [
            0.13778918981552124,
            0.0074678161181509495,
            0.05241306498646736
        ],
        [
            0.14633913338184357,
            0.0072518931701779366,
            0.05854203552007675
        ],
        [
            0.14653745293617249,
            0.011231204494833946,
            0.05757252871990204
        ],
        [
            0.1455816775560379,
            -0.013490996323525906,
            0.06691587716341019
        ],
        [
            0.15062680840492249,
            -0.016389627009630203,
            0.07130061089992523
        ],
        [
            0.15099875628948212,
            -0.011993507854640484,
            0.0678398609161377
        ],
        [
            0.14569617807865143,
            -0.008774947375059128,
            0.06421324610710144
        ],
        [
            0.13038048148155212,
            0.0376279391348362,
            0.01887940987944603
        ],
        [
            0.1239907294511795,
            0.0427827462553978,
            0.027154937386512756
        ],
        [
            0.15589897334575653,
            -0.035016339272260666,
            0.10157211124897003
        ],
        [
            0.15568089485168457,
            -0.035925816744565964,
            0.09719356894493103
        ],
        [
            0.12861128151416779,
            0.008399195037782192,
            0.04562625288963318
        ],
        [
            0.13854087889194489,
            -0.029976751655340195,
            0.03293365612626076
        ],
        [
            0.11885966360569,
            0.010404003784060478,
            0.040007226169109344
        ],
        [
            0.16424527764320374,
            0.0205710269510746,
            0.04434899985790253
        ],
        [
            0.16186432540416718,
            0.026546698063611984,
            0.050694093108177185
        ],
        [
            0.1651443988084793,
            0.024554263800382614,
            0.054400935769081116
        ],
        [
            0.1691909283399582,
            0.02130603976547718,
            0.05070999264717102
        ],
        [
            0.1614796370267868,
            -0.01841636747121811,
            0.09053607285022736
        ],
        [
            0.15643015503883362,
            -0.020795486867427826,
            0.09251683950424194
        ],
        [
            0.1565459817647934,
            -0.020412489771842957,
            0.09558379650115967
        ],
        [
            0.16195480525493622,
            -0.01835918053984642,
            0.09439345449209213
        ],
        [
            0.1457422524690628,
            -0.02676801010966301,
            0.07411772012710571
        ],
        [
            0.14455920457839966,
            -0.03263029083609581,
            0.07259317487478256
        ],
        [
            0.14721880853176117,
            -0.03254293277859688,
            0.07717431336641312
        ],
        [
            0.1485351324081421,
            -0.02658918686211109,
            0.07738638669252396
        ],
        [
            0.14820143580436707,
            -0.03782946243882179,
            0.07067370414733887
        ],
        [
            0.15059344470500946,
            -0.03792089968919754,
            0.07566095143556595
        ],
        [
            0.1674085408449173,
            -0.020127078518271446,
            0.08875636011362076
        ],
        [
            0.17133477330207825,
            -0.026511162519454956,
            0.0880027711391449
        ],
        [
            0.16813768446445465,
            -0.025099007412791252,
            0.07335002720355988
        ],
        [
            0.16361142694950104,
            -0.01965322531759739,
            0.07739792764186859
        ],
        [
            0.13113388419151306,
            0.009534552693367004,
            0.00749737024307251
        ],
        [
            0.12952065467834473,
            0.020547129213809967,
            0.0068470798432827
        ],
        [
            0.1399245262145996,
            0.021320173516869545,
            0.017542894929647446
        ],
        [
            0.15061162412166595,
            0.022376559674739838,
            0.027120020240545273
        ],
        [
            0.15979422628879547,
            0.022596683353185654,
            0.03740525245666504
        ],
        [
            0.1638767421245575,
            0.010835384950041771,
            0.036369822919368744
        ],
        [
            0.13719716668128967,
            0.028955761343240738,
            0.016681957989931107
        ],
        [
            0.16260695457458496,
            -0.0180051326751709,
            0.06500666588544846
        ],
        [
            0.16514170169830322,
            -0.024412287399172783,
            0.06159297376871109
        ],
        [
            0.1656329184770584,
            -0.019217966124415398,
            0.05911428481340408
        ],
        [
            0.11849178373813629,
            0.017840437591075897,
            0.040277380496263504
        ],
        [
            0.1562141478061676,
            -0.03782524913549423,
            0.09220166504383087
        ],
        [
            0.10031791031360626,
            -0.019329221919178963,
            -0.006024487316608429
        ],
        [
            0.10714636743068695,
            -0.00868100207298994,
            -0.011276736855506897
        ],
        [
            0.11188215762376785,
            -0.011274557560682297,
            -0.0043544769287109375
        ],
        [
            0.10355235636234283,
            -0.022936079651117325,
            0.002347499132156372
        ],
        [
            0.15283727645874023,
            -0.02674386464059353,
            0.09343976527452469
        ],
        [
            0.15234707295894623,
            -0.03304136544466019,
            0.09315051138401031
        ],
        [
            0.15380483865737915,
            0.02356964536011219,
            0.05886286124587059
        ],
        [
            0.15917150676250458,
            0.021369466558098793,
            0.061766523867845535
        ],
        [
            0.16160699725151062,
            0.02451317012310028,
            0.060037869960069656
        ],
        [
            0.15669818222522736,
            0.02956228330731392,
            0.05905125290155411
        ],
        [
            0.1270773708820343,
            0.025956284254789352,
            0.0062857866287231445
        ],
        [
            0.15310633182525635,
            0.041948817670345306,
            0.03930331766605377
        ],
        [
            0.1596742868423462,
            0.03438156098127365,
            0.03661760687828064
        ],
        [
            0.12035760283470154,
            0.019454963505268097,
            -0.0024281293153762817
        ],
        [
            0.12206501513719559,
            0.009808856062591076,
            -0.0024530142545700073
        ],
        [
            0.11555255204439163,
            0.010604646056890488,
            -0.009676493704319
        ],
        [
            0.1683596670627594,
            -0.0008544048760086298,
            0.04569987207651138
        ],
        [
            0.13318416476249695,
            0.0014547179453074932,
            0.01008228212594986
        ],
        [
            0.12294112145900726,
            0.0025030323304235935,
            -0.00018602609634399414
        ],
        [
            0.11517524719238281,
            0.0031177191995084286,
            -0.008708596229553223
        ],
        [
            0.11016246676445007,
            0.004122136626392603,
            -0.015335515141487122
        ],
        [
            0.11096414923667908,
            0.012260263785719872,
            -0.015599831938743591
        ],
        [
            0.17008426785469055,
            -0.03252391517162323,
            0.08867059648036957
        ],
        [
            0.17150621116161346,
            -0.025968141853809357,
            0.09355558454990387
        ],
        [
            0.1068396344780922,
            0.014176266267895699,
            -0.023508012294769287
        ],
        [
            0.10562659800052643,
            0.005017149727791548,
            -0.022432826459407806
        ],
        [
            0.12254554033279419,
            -0.006286271847784519,
            0.002675391733646393
        ],
        [
            0.12034494429826736,
            -0.016717128455638885,
            0.006982892751693726
        ],
        [
            0.13235501945018768,
            -0.0068742576986551285,
            0.012650631368160248
        ],
        [
            0.13147029280662537,
            -0.017272979021072388,
            0.017479736357927322
        ],
        [
            0.16931895911693573,
            -0.011420343071222305,
            0.04260466247797012
        ],
        [
            0.16974066197872162,
            -0.020477797836065292,
            0.11141635477542877
        ],
        [
            0.169395312666893,
            -0.020340994000434875,
            0.1002323254942894
        ],
        [
            0.1639455109834671,
            -0.018104201182723045,
            0.09999757260084152
        ],
        [
            0.16664603352546692,
            -0.017575711011886597,
            0.1110411286354065
        ],
        [
            0.16757315397262573,
            -0.02006080001592636,
            0.0936027318239212
        ],
        [
            0.1717263162136078,
            -0.0257195383310318,
            0.09968578070402145
        ],
        [
            0.12558630108833313,
            -0.028795070946216583,
            0.023945700377225876
        ],
        [
            0.15614962577819824,
            -0.014505326747894287,
            0.07057389616966248
        ],
        [
            0.11023999005556107,
            -0.029215609654784203,
            0.016113489866256714
        ],
        [
            0.12354551255702972,
            -0.03950640931725502,
            0.03435695916414261
        ],
        [
            0.11130305379629135,
            -0.03948250412940979,
            0.031462475657463074
        ],
        [
            0.09396877884864807,
            -0.030222037807106972,
            0.010914728045463562
        ],
        [
            0.09690404683351517,
            -0.0379081629216671,
            0.026502743363380432
        ],
        [
            0.08825968205928802,
            -0.022817596793174744,
            -0.006081715226173401
        ],
        [
            0.0923142284154892,
            -0.025599174201488495,
            0.0017016306519508362
        ],
        [
            0.10410188138484955,
            -0.04313155263662338,
            0.0412043035030365
        ],
        [
            0.1547856479883194,
            -0.02609982341527939,
