{
    "pred_cam": [
        9.059280395507812,
        0.07006276398897171,
        -0.061625562608242035
    ],
    "pred_mano_params": {
        "global_orient": [
            [
                [
                    0.49712884426116943,
                    -0.5266433358192444,
                    0.6895722150802612
                ],
                [
                    -0.5596059560775757,
                    -0.8019611239433289,
                    -0.2090444415807724
                ],
                [
                    0.6631019115447998,
                    -0.2819666564464569,
                    -0.6933907866477966
                ]
            ]
        ],
        "hand_pose": [
            [
                [
                    0.9406410455703735,
                    -0.005181809887290001,
                    -0.3393634557723999
                ],
                [
                    -0.03261562064290047,
                    0.9938759207725525,
                    -0.10557904839515686
                ],
                [
                    0.3378322422504425,
                    0.11038053780794144,
                    0.9347114562988281
                ]
            ],
            [
                [
                    0.7691951990127563,
                    -0.6062358021736145,
                    0.20203188061714172
                ],
                [
                    0.6317803859710693,
                    0.7689153552055359,
                    -0.09809575974941254
                ],
                [
                    -0.09587623178958893,
                    0.20309457182884216,
                    0.974453866481781
                ]
            ],
            [
                [
                    0.7347968220710754,
                    -0.6773045063018799,
                    0.036500558257102966
                ],
                [
                    0.678287148475647,
                    0.7337124347686768,
                    -0.03990624472498894
                ],
                [
                    0.0002477591624483466,
                    0.05408084765076637,
                    0.9985365271568298
                ]
            ],
            [
                [
                    0.9315925240516663,
                    -0.21877308189868927,
                    -0.2902994453907013
                ],
                [
                    0.19068990647792816,
                    0.974027156829834,
                    -0.12210018187761307
                ],
                [
                    0.3094717860221863,
                    0.05839042738080025,
                    0.9491142630577087
                ]
            ],
            [
                [
                    0.701103925704956,
                    -0.6914952993392944,
                    -0.17403307557106018
                ],
                [
                    0.7101710438728333,
                    0.6552037596702576,
                    0.25761425495147705
                ],
                [
                    -0.06411192566156387,
                    -0.30420762300491333,
                    0.950445830821991
                ]
            ],
            [
                [
                    0.870406985282898,
                    -0.49228590726852417,
                    0.006798383314162493
                ],
                [
                    0.49142149090766907,
                    0.8695527911186218,
                    0.04881446808576584
                ],
                [
                    -0.0299422275274992,
                    -0.03914758563041687,
                    0.9987847208976746
                ]
            ],
            [
                [
                    0.7558832168579102,
                    -0.6443530917167664,
                    0.11597230285406113
                ],
                [
                    0.6244286298751831,
                    0.7627712488174438,
                    0.16813354194164276
                ],
                [
                    -0.1967976987361908,
                    -0.05467291176319122,
                    0.9789184927940369
                ]
            ],
            [
                [
                    0.9502425193786621,
                    -0.28119102120399475,
                    -0.13405463099479675
                ],
                [
                    0.2967059314250946,
                    0.9480776190757751,
                    0.11451803147792816
                ],
                [
                    0.09489274770021439,
                    -0.1485947221517563,
                    0.9843347072601318
                ]
            ],
            [
                [
                    0.9306468963623047,
                    -0.19928722083568573,
                    0.3068894147872925
                ],
                [
                    0.10984589904546738,
                    0.9521533250808716,
                    0.2851978540420532
                ],
                [
                    -0.3490420877933502,
                    -0.2317078858613968,
                    0.90800940990448
                ]
            ],
            [
                [
                    0.8917924761772156,
                    -0.445097953081131,
                    -0.08120404928922653
                ],
                [
                    0.4360376000404358,
                    0.8933919072151184,
                    -0.10826898366212845
                ],
                [
                    0.12073733657598495,
                    0.06114543601870537,
                    0.990799605846405
                ]
            ],
            [
                [
                    0.8968290686607361,
                    -0.42269259691238403,
                    -0.13049361109733582
                ],
                [
                    0.4382251501083374,
                    0.8085589408874512,
                    0.39267197251319885
                ],
                [
                    -0.060467787086963654,
                    -0.40934523940086365,
                    0.9103736877441406
                ]
            ],
            [
                [
                    0.8484054803848267,
                    -0.5283653736114502,
                    -0.03222200646996498
                ],
                [
                    0.5201109647750854,
                    0.8207353949546814,
                    0.23638536036014557
                ],
                [
                    -0.09845209121704102,
                    -0.2173096388578415,
                    0.9711250066757202
                ]
            ],
            [
                [
                    0.9584460258483887,
                    -0.1787457913160324,
                    0.2223309874534607
                ],
                [
                    0.270056813955307,
                    0.317365825176239,
                    -0.9090369343757629
                ],
                [
                    0.09192626178264618,
                    0.931304931640625,
                    0.35244953632354736
                ]
            ],
            [
                [
                    0.9484410881996155,
                    -0.2907412052154541,
                    -0.12621037662029266
                ],
                [
                    0.3051159679889679,
                    0.7297027707099915,
                    0.6119135022163391
                ],
                [
                    -0.08581241965293884,
                    -0.6188727021217346,
                    0.780789852142334
                ]
            ],
            [
                [
                    0.9409719705581665,
                    0.2967683672904968,
                    -0.16278941929340363
                ],
                [
                    -0.29719308018684387,
                    0.9545567035675049,
                    0.02231079526245594
                ],
                [
                    0.16201287508010864,
                    0.027386046946048737,
                    0.9864085912704468
                ]
            ]
        ],
        "betas": [
            0.037301406264305115,
            -0.1002812385559082,
            -0.06753545999526978,
            0.0012854039669036865,
            0.00668489933013916,
            0.0048824697732925415,
            0.037862181663513184,
            -0.06632721424102783,
            -0.03217761218547821,
            -0.04486718773841858
        ]
    },
    "pred_cam_t": [
        -0.07006276398897171,
        -0.061625562608242035,
        4.3118767738342285
    ],
    "focal_length": [
        5000.0,
        5000.0
    ],
    "pred_keypoints_3d": [
        [
            0.09560887515544891,
            0.006374860182404518,
            0.006204570643603802
        ],
        [
            0.10954432934522629,
            0.02683257684111595,
            -0.023197688162326813
        ],
        [
            0.12170077115297318,
            0.05425476282835007,
            -0.029862159863114357
        ],
        [
            0.12631502747535706,
            0.08017043024301529,
            -0.0362207293510437
        ],
        [
            0.12812963128089905,
            0.11040990054607391,
            -0.055803075432777405
        ],
        [
            0.06876185536384583,
            0.055483922362327576,
            -0.06487546116113663
        ],
        [
            0.04466080293059349,
            0.07100921869277954,
            -0.08121711015701294
        ],
        [
            0.04065601900219917,
            0.09269095212221146,
            -0.08378244936466217
        ],
        [
            0.04728647321462631,
            0.11528047919273376,
            -0.07528790831565857
        ],
        [
            0.047050703316926956,
            0.06121848523616791,
            -0.053686805069446564
        ],
        [
            0.024834763258695602,
            0.08263684064149857,
            -0.0608883872628212
        ],
        [
            0.025938281789422035,
            0.10537615418434143,
            -0.05607149004936218
        ],
        [
            0.03525755554437637,
            0.12831227481365204,
            -0.04939378425478935
        ],
        [
            0.038737114518880844,
            0.060847967863082886,
            -0.028401177376508713
        ],
        [
            0.025412481278181076,
            0.08495521545410156,
            -0.03694623336195946
        ],
        [
            0.025811582803726196,
            0.10931669175624847,
            -0.03235180675983429
        ],
        [
            0.03570025786757469,
            0.1317692995071411,
            -0.026105694472789764
        ],
        [
            0.03692129999399185,
            0.06184292584657669,
            -0.006769810803234577
        ],
        [
            0.030317343771457672,
            0.08187934756278992,
            -0.0066023096442222595
        ],
        [
            0.02903737686574459,
            0.1000431478023529,
            -0.0013664131984114647
        ],
        [
            0.03443489596247673,
            0.11865492165088654,
            -0.0005864370614290237
        ]
    ],
    "pred_vertices": [
        [
            0.09166915714740753,
            0.045817650854587555,
            -0.03309855982661247
        ],
        [
            0.09675983339548111,
            0.041497476398944855,
            -0.02516750618815422
        ],
        [
            0.10092136263847351,
            0.04895631968975067,
            -0.02865080162882805
        ],
        [
            0.09593792259693146,
            0.051320843398571014,
            -0.03897082433104515
        ],
        [
            0.11297603696584702,
            0.04138486087322235,
            -0.009808022528886795
        ],
        [
            0.12316577136516571,
            0.03545590117573738,
            -0.010740838944911957
        ],
        [
            0.12625503540039062,
            0.049732208251953125,
            -0.016150973737239838
        ],
        [
            0.11771491169929504,
            0.05341079458594322,
            -0.013082265853881836
        ],
        [
            0.09926266968250275,
            0.05541594326496124,
            -0.04309472441673279
        ],
        [
            0.10453511774539948,
            0.05542156845331192,
            -0.03089422732591629
        ],
        [
            0.1021331250667572,
            0.055829472839832306,
            -0.04369199275970459
        ],
        [
            0.09244304895401001,
            0.04859305918216705,
            -0.05830515921115875
        ],
        [
            0.09225217998027802,
            0.052318572998046875,
            -0.054235100746154785
        ],
        [
            0.08472861349582672,
            0.04747408628463745,
            -0.06530476361513138
        ],
        [
            0.09202732145786285,
            0.037889644503593445,
            -0.05823996663093567
        ],
        [
            0.0783093124628067,
            0.04043373093008995,
            -0.06519655883312225
        ],
        [
            0.06900788843631744,
            0.02256956323981285,
            -0.04270292818546295
        ],
        [
            0.06114630401134491,
            0.022249020636081696,
            -0.031360384076833725
        ],
        [
            0.05241372436285019,
            0.032621677964925766,
            -0.0406324528157711
        ],
        [
            0.06159883737564087,
            0.032427288591861725,
            -0.05080123618245125
        ],
        [
            0.047257933765649796,
            0.03317314758896828,
            -0.020754318684339523
        ],
        [
            0.04933318495750427,
            0.03331370651721954,
            -0.032267339527606964
        ],
        [
            0.05763163045048714,
            0.021998800337314606,
            -0.02313404157757759
        ],
        [
            0.05551377311348915,
            0.022609680891036987,
            -0.013187980279326439
        ],
        [
            0.08462909609079361,
            0.04033757001161575,
            -0.01917816326022148
        ],
        [
            0.0899021178483963,
            0.03529408946633339,
            -0.012108523398637772
        ],
        [
            0.09196338057518005,
            0.03612285852432251,
            -0.01822027564048767
        ],
        [
            0.087385393679142,
            0.04114966839551926,
            -0.0243225134909153
        ],
        [
            0.11459939181804657,
            0.0592053160071373,
            -0.04194355010986328
        ],
        [
            0.11006031185388565,
            0.04365828260779381,
            -0.04790988937020302
        ],
        [
            0.10464686155319214,
            0.04951051250100136,
            -0.04791334271430969
        ],
        [
            0.11221883445978165,
            0.06262019276618958,
            -0.03809146210551262
        ],
        [
            0.10126443952322006,
            0.028148703277111053,
            0.01466832309961319
        ],
        [
            0.10561192035675049,
            0.016190458089113235,
            0.019253253936767578
        ],
        [
            0.10884830355644226,
            0.014779962599277496,
            0.014482490718364716
        ],
        [
            0.10372701287269592,
            0.025613002479076385,
            0.010907206684350967
        ],
        [
            0.11908064782619476,
            0.018676303327083588,
            -0.003024287521839142
        ],
        [
            0.11939790844917297,
            0.009728793054819107,
            0.0008284002542495728
        ],
        [
            0.12397241592407227,
            -0.0010792240500450134,
            -0.004963666200637817
        ],
        [
            0.12408110499382019,
            0.006705962121486664,
            -0.01143481582403183
        ],
        [
            0.12034905701875687,
            0.02721448242664337,
            -0.0075687021017074585
        ],
        [
            0.12655916810035706,
            0.018096458166837692,
            -0.01497318223118782
        ],
        [
            0.12868547439575195,
            0.028673876076936722,
            -0.01783965900540352
        ],
        [
            0.13071946799755096,
            0.0452541746199131,
            -0.022763781249523163
        ],
        [
            0.09672976285219193,
            0.016562875360250473,
            0.028453897684812546
        ],
        [
            0.09262585639953613,
            0.025698453187942505,
            0.02667057514190674
        ],
        [
            0.05350515991449356,
            0.07971705496311188,
            -0.0809144675731659
        ],
        [
            0.05042174831032753,
            0.08101727068424225,
            -0.07598549872636795
        ],
        [
            0.05256371572613716,
            0.07885462045669556,
            -0.07499101012945175
        ],
        [
            0.05501674488186836,
            0.07791733741760254,
            -0.08019930124282837
        ],
        [
            0.07720613479614258,
            0.011629551649093628,
            0.028740055859088898
        ],
        [
            0.07186144590377808,
            0.004320956766605377,
            0.024353478103876114
        ],
        [
            0.07589291036128998,
            0.001201346516609192,
            0.02954026311635971
        ],
        [
            0.08226492255926132,
            0.007434219121932983,
            0.032431237399578094
        ],
        [
            0.07063642889261246,
            0.017237912863492966,
            0.023779019713401794
        ],
        [
            0.06691868603229523,
            0.00908120721578598,
            0.01695932075381279
        ],
        [
            0.04564741998910904,
            0.07488489151000977,
            -0.08992616087198257
        ],
        [
            0.050227511674165726,
            0.07703159004449844,
            -0.08886158466339111
        ],
        [
            0.05117088556289673,
            0.07274703681468964,
            -0.08825624734163284
        ],
        [
            0.04675321280956268,
            0.06985073536634445,
            -0.08819704502820969
        ],
        [
            0.09052575379610062,
            0.05257592350244522,
            -0.048084806650877
        ],
        [
            0.08696337044239044,
            0.05049384757876396,
            -0.03986454755067825
        ],
        [
            0.07729225605726242,
            0.06154053658246994,
            -0.06056389585137367
        ],
        [
            0.0806499570608139,
            0.05610853433609009,
            -0.05116913467645645
        ],
        [
            0.08534366637468338,
            0.054519638419151306,
            -0.056417305022478104
        ],
        [
            0.08116762340068817,
            0.05782468616962433,
            -0.06425315141677856
        ],
        [
            0.06953193247318268,
            0.05325429514050484,
            -0.030209515243768692
        ],
        [
            0.07610486447811127,
            0.04623539000749588,
            -0.023396745324134827
        ],
        [
            0.0787346288561821,
            0.04691453278064728,
            -0.029510485008358955
        ],
        [
            0.07291989028453827,
            0.05492757633328438,
            -0.03798149526119232
        ],
        [
            0.07062824070453644,
            0.04871388524770737,
            -0.010626338422298431
        ],
        [
            0.06433670967817307,
            0.05506584793329239,
            -0.0184988584369421
        ],
        [
            0.061951812356710434,
            0.05573917552828789,
            -0.010353710502386093
        ],
        [
            0.06741289794445038,
            0.05184609442949295,
            -0.0059087760746479034
        ],
        [
            0.05498035252094269,
            0.06499956548213959,
            -0.03486677631735802
        ],
        [
            0.049768734723329544,
            0.06768191605806351,
            -0.040112681686878204
        ],
        [
            0.047644391655921936,
            0.06903441250324249,
            -0.03714112564921379
        ],
        [
            0.053174834698438644,
            0.06481168419122696,
            -0.03153448924422264
        ],
        [
            0.07955983281135559,
            -0.002869822084903717,
            0.03401099517941475
        ],
        [
            0.08733265101909637,
            0.0029753074049949646,
            0.03510831668972969
        ],
        [
            0.04362922161817551,
            0.03727317228913307,
            7.793493568897247e-05
        ],
        [
            0.04782824590802193,
            0.04077933728694916,
            0.009646063670516014
        ],
        [
            0.03963996842503548,
            0.049425624310970306,
            0.005241703242063522
        ],
        [
            0.03699696809053421,
            0.043286390602588654,
            -0.004003945738077164
        ],
        [
            0.07062402367591858,
            -0.0012889951467514038,
            0.015753883868455887
        ],
        [
            0.07281750440597534,
            -0.004991687834262848,
            0.022286325693130493
        ],
        [
            0.04016059637069702,
            0.0737256333231926,
            -0.08738857507705688
        ],
        [
            0.04155118763446808,
            0.06879669427871704,
            -0.08507702499628067
        ],
        [
            0.12634427845478058,
            0.019510850310325623,
            -0.027816347777843475
        ],
        [
            0.13017934560775757,
            0.040714994072914124,
            -0.03153747320175171
        ],
        [
            0.12265659123659134,
            0.005548328161239624,
            -0.02204136922955513
        ],
        [
            0.11931639909744263,
            -0.003236677497625351,
            -0.01654171571135521
        ],
        [
            0.11936099827289581,
            -0.010297637432813644,
            -0.01107458770275116
        ],
        [
            0.07491867989301682,
            0.05932158976793289,
            -0.049124132841825485
        ],
        [
            0.08433608710765839,
            0.046310905367136,
            -0.03184908628463745
        ],
        [
            0.08238769322633743,
            0.04051794856786728,
            -0.014440160244703293
        ],
        [
            0.0687609389424324,
            0.05007290467619896,
            0.011366024613380432
        ],
        [
            0.07537379115819931,
            0.04424244165420532,
            0.01723053678870201
        ],
        [
            0.07883751392364502,
            0.04566354304552078,
            0.007303405553102493
        ],
        [
            0.0719228982925415,
            0.04999065771698952,
            0.004052314907312393
        ],
        [
            0.05278129130601883,
            0.048314169049263,
            0.013532865792512894
        ],
        [
            0.0577029213309288,
            0.053687676787376404,
            0.010391229763627052
        ],
        [
            0.05184609442949295,
            0.05859304219484329,
            0.005777375772595406
        ],
        [
            0.046020690351724625,
            0.05465453490614891,
            0.008676936849951744
        ],
        [
            0.12146840989589691,
            0.056979842483997345,
            -0.044162578880786896
        ],
        [
            0.11633226275444031,
            0.039349980652332306,
            -0.04675889015197754
        ],
        [
            0.08489528298377991,
            0.018720731139183044,
            0.030148018151521683
        ],
        [
            0.09038356691598892,
            0.01341945305466652,
            0.03165516257286072
        ],
        [
            0.09422837942838669,
            0.006371304392814636,
            0.034366197884082794
        ],
        [
            0.09644273668527603,
            0.03164651244878769,
            0.00013984739780426025
        ],
        [
            0.10540232062339783,
            0.023857232183218002,
            0.008216511458158493
        ],
        [
            0.10704395174980164,
            0.023619893938302994,
            0.0041212961077690125
        ],
        [
            0.09668156504631042,
            0.030461229383945465,
            -0.0037833750247955322
        ],
        [
            0.10089295357465744,
            0.03719855472445488,
            -0.014838147908449173
        ],
        [
            0.10899175703525543,
            0.031544867902994156,
            -0.006522271782159805
        ],
        [
            0.10462458431720734,
            0.046610113233327866,
            -0.01640486717224121
        ],
        [
            0.1139327883720398,
            0.011649906635284424,
            0.008928865194320679
        ],
        [
            0.11397560685873032,
            0.007085263729095459,
            0.019048593938350677
        ],
        [
            0.11873213201761246,
            0.0041341520845890045,
            0.012134149670600891
        ],
        [
            0.1074116975069046,
            0.008101273328065872,
            0.02622804418206215
        ],
        [
            0.10053898394107819,
            0.008131951093673706,
            0.031859636306762695
        ],
        [
            0.07405609637498856,
            -0.011381089687347412,
            0.027742989361286163
        ],
        [
            0.12177760899066925,
            0.001125093549489975,
            0.005015380680561066
        ],
        [
            0.12133122980594635,
            0.06134505942463875,
            -0.017836272716522217
        ],
        [
            0.12475576996803284,
            0.06845347583293915,
            -0.022298019379377365
        ],
        [
            0.11771032959222794,
            0.06896350532770157,
            -0.024180425330996513
        ],
        [
            0.1139729768037796,
            0.06250225007534027,
            -0.0208694189786911
        ],
        [
            0.07622264325618744,
            0.049294352531433105,
            -0.07222506403923035
        ],
        [
            0.08018576353788376,
            0.05480721592903137,
            -0.06936763972043991
        ],
        [
            0.08794975280761719,
            0.05132732540369034,
            -0.061541568487882614
        ],
        [
            0.09269796311855316,
            0.03579601272940636,
            0.01308336853981018
        ],
        [
            0.08586722612380981,
            0.03351327404379845,
            0.023382112383842468
        ],
        [
            0.0710616335272789,
            0.06382040679454803,
            -0.058667998760938644
        ],
        [
            0.04827791452407837,
            0.06551011651754379,
            -0.08674056828022003
        ],
        [
            0.05317847803235054,
            0.06894071400165558,
            -0.08709774911403656
        ],
        [
            0.06390265375375748,
            0.057788409292697906,
            -0.08032624423503876
        ],
        [
            0.058380577713251114,
            0.05390990152955055,
            -0.08003417402505875
        ],
        [
            0.059281717985868454,
            0.0639537051320076,
            -0.06197148934006691
        ],
        [
            0.06570061296224594,
            0.06523354351520538,
            -0.062002360820770264
        ],
        [
            0.062186967581510544,
            0.06545990705490112,
            -0.06337065249681473
        ],
        [
            0.05584300681948662,
            0.0648488849401474,
            -0.06222645938396454
        ],
        [
            0.04656762629747391,
            0.06813906133174896,
            -0.02792740799486637
        ],
        [
            0.05131009966135025,
            0.06461072713136673,
            -0.02314264327287674
        ],
        [
            0.05512441322207451,
            0.044755563139915466,
            -0.057856835424900055
        ],
        [
            0.0638962984085083,
            0.03915049508213997,
            -0.06621110439300537
        ],
        [
            0.07015873491764069,
            0.0338645875453949,
            -0.05941829830408096
        ],
        [
            0.06685297191143036,
            0.053478941321372986,
            -0.023259274661540985
        ],
        [
            0.06050759181380272,
            0.06003103777766228,
            -0.02876654453575611
        ],
        [
            0.05856342613697052,
            0.0602988600730896,
            -0.025112099945545197
        ],
        [
            0.07033500075340271,
            0.061331573873758316,
            -0.049187805503606796
        ],
        [
            0.06592322140932083,
            0.06447814404964447,
            -0.055880021303892136
        ],
        [
            0.06470124423503876,
            0.06350916624069214,
            -0.050641562789678574
        ],
        [
            0.0680556520819664,
            0.06011033058166504,
            -0.04405407980084419
        ],
        [
            0.055179934948682785,
            0.03144915774464607,
            0.015102475881576538
        ],
        [
            0.060744453221559525,
            0.04038058593869209,
            0.01991242729127407
        ],
        [
            0.05327272415161133,
            0.07856445014476776,
            -0.08559393882751465
        ],
        [
            0.05445071682333946,
            0.07570741325616837,
            -0.08514539152383804
        ],
        [
            0.07336817681789398,
            0.04660500958561897,
            -0.01673562079668045
        ],
        [
            0.07779421657323837,
            0.026292849332094193,
            -0.05094531923532486
        ],
        [
            0.08022470027208328,
            0.04117375984787941,
            -0.00939243659377098
        ],
        [
            0.036261968314647675,
            0.05209159851074219,
            -0.021183930337429047
        ],
        [
            0.03776971250772476,
            0.05946236103773117,
            -0.017295537516474724
        ],
        [
            0.03576470911502838,
            0.06278222054243088,
            -0.021528994664549828
        ],
        [
            0.03265153989195824,
            0.058449916541576385,
            -0.02507759816944599
        ],
        [
            0.045512907207012177,
            0.07248613238334656,
            -0.06815563142299652
        ],
        [
            0.0497029647231102,
            0.0760585218667984,
            -0.06938529759645462
        ],
        [
            0.04785173386335373,
            0.07802998274564743,
            -0.07096710801124573
        ],
        [
            0.04261375591158867,
            0.07530726492404938,
            -0.0704808384180069
        ],
        [
            0.0704367458820343,
            0.0646129921078682,
            -0.06526784598827362
        ],
        [
            0.07447762787342072,
            0.06170991063117981,
            -0.06959860771894455
        ],
        [
            0.06836560368537903,
            0.06541650742292404,
            -0.07212667912244797
        ],
        [
            0.06521808356046677,
            0.06625238806009293,
            -0.06733417510986328
        ],
        [
            0.07264271378517151,
            0.05795108154416084,
            -0.07458338886499405
        ],
        [
            0.06765691936016083,
            0.061800889670848846,
            -0.0771988108754158
        ],
        [
            0.04164329916238785,
            0.06793723255395889,
            -0.07067669183015823
        ],
        [
            0.04067564755678177,
            0.06428514420986176,
            -0.0772101879119873
        ],
        [
            0.049570854753255844,
            0.05410471186041832,
            -0.06984506547451019
        ],
        [
            0.0502273328602314,
            0.060370102524757385,
            -0.06524700671434402
        ],
        [
            0.06285843253135681,
            0.011524297297000885,
            -0.006260737776756287
        ],
        [
            0.06005803868174553,
            0.014499884098768234,
            0.004063840955495834
        ],
        [
            0.05253436416387558,
            0.025545630604028702,
            -0.0025807134807109833
        ],
        [
            0.04429616034030914,
            0.03566763177514076,
            -0.008856464177370071
        ],
        [
            0.03781183063983917,
            0.045881494879722595,
            -0.015471706166863441
        ],
        [
            0.03934713453054428,
            0.041392982006073,
            -0.026753317564725876
        ],
        [
            0.05190692096948624,
            0.027087338268756866,
            0.005332924425601959
        ],
        [
            0.05388844013214111,
            0.058815665543079376,
            -0.060812272131443024
        ],
        [
            0.05594467744231224,
            0.04939192906022072,
            -0.06474551558494568
        ],
        [
            0.05262694135308266,
            0.05229263752698898,
            -0.060614973306655884
        ],
        [
            0.07784941792488098,
            0.043869029730558395,
            -0.002873700112104416
        ],
        [
            0.056353937834501266,
            0.07252785563468933,
            -0.08458536118268967
        ],
        [
            0.09810307621955872,
            -0.013324186205863953,
            -0.014957413077354431
        ],
        [
            0.08712421357631683,
            -0.014075614511966705,
            -0.006883375346660614
        ],
        [
            0.08524060994386673,
            -0.00805702805519104,
            -0.01304386556148529
        ],
        [
            0.0981883704662323,
            -0.00626840814948082,
            -0.022046484053134918
        ],
        [
            0.05457395315170288,
            0.07747402042150497,
            -0.07406588643789291
        ],
        [
            0.057425014674663544,
            0.07618481665849686,
            -0.0795462429523468
        ],
        [
            0.04763789102435112,
            0.06616802513599396,
            -0.017779169604182243
        ],
        [
            0.04366055130958557,
            0.06840938329696655,
            -0.022864723578095436
        ],
        [
            0.03988073021173477,
            0.06798312813043594,
            -0.021301690489053726
        ],
        [
            0.04291528835892677,
            0.06845302879810333,
            -0.01459429133683443
        ],
        [
            0.06008908152580261,
            0.01556897908449173,
            0.009875468909740448
        ],
        [
            0.035819876939058304,
            0.05592184513807297,
            0.0028487350791692734
        ],
        [
            0.03305082395672798,
            0.05036149173974991,
            -0.005540415644645691
        ],
        [
            0.06679372489452362,
            0.004730194807052612,
            0.009497839957475662
        ],
        [
            0.06882894039154053,
            0.0015896037220954895,
            0.00048720091581344604
        ],
        [
            0.0728927031159401,
            -0.005397520959377289,
            0.005875930190086365
        ],
        [
            0.04237348586320877,
            0.04588967561721802,
            -0.04130326211452484
        ],
        [
            0.06457071006298065,
            0.011378224939107895,
            -0.014724895358085632
        ],
        [
            0.07119536399841309,
            0.00131157785654068,
            -0.0067677609622478485
        ],
        [
            0.07615115493535995,
            -0.007070109248161316,
            -0.0006766095757484436
        ],
        [
            0.0789220780134201,
            -0.01330169290304184,
            0.004090741276741028
        ],
        [
            0.0751805230975151,
            -0.010715752840042114,
            0.0108407624065876
        ],
        [
            0.04355188459157944,
            0.06422220170497894,
            -0.0826306939125061
        ],
        [
            0.03733737766742706,
            0.06924417614936829,
            -0.07960296422243118
        ],
        [
            0.0764409601688385,
            -0.01781623065471649,
            0.016336310654878616
        ],
        [
            0.08113449811935425,
            -0.020001277327537537,
            0.008648421615362167
        ],
        [
            0.07538371533155441,
            0.000996701419353485,
            -0.014956984668970108
        ],
        [
            0.0820242315530777,
            0.0018909350037574768,
            -0.02481764182448387
        ],
        [
            0.06891150772571564,
            0.010922316461801529,
            -0.022243637591600418
        ],
        [
            0.07462804019451141,
            0.012366339564323425,
            -0.03247127681970596
        ],
        [
            0.04693213105201721,
            0.039629869163036346,
            -0.0486176498234272
        ],
        [
            0.03352618217468262,
            0.08739197999238968,
            -0.08069591224193573
        ],
        [
            0.03571023792028427,
            0.07686316967010498,
            -0.07674857974052429
        ],
        [
            0.039811670780181885,
            0.07878673821687698,
            -0.07306957244873047
        ],
        [
            0.03535632789134979,
            0.08797739446163177,
            -0.0767299234867096
        ],
        [
            0.03860164433717728,
            0.07207027077674866,
            -0.07334519922733307
        ],
        [
            0.03594817966222763,
            0.07448474317789078,
            -0.08195625245571136
        ],
        [
            0.08652375638484955,
            0.016775622963905334,
            -0.042567767202854156
        ],
        [
            0.05906770005822182,
            0.06601379811763763,
            -0.05659924075007439
        ],
        [
            0.09812778979539871,
            0.007186338305473328,
            -0.034687768667936325
        ],
        [
            0.09858739376068115,
            0.02799117937684059,
            -0.05214725434780121
        ],
        [
            0.10850652307271957,
            0.022372186183929443,
            -0.04491163045167923
        ],
        [
            0.11131147295236588,
            -0.0020963773131370544,
            -0.02620532363653183
        ],
        [
            0.11748170107603073,
            0.012172643095254898,
            -0.03535942733287811
        ],
        [
            0.11022932082414627,
            -0.015718787908554077,
            -0.012834593653678894
        ],
        [
            0.10898859798908234,
            -0.009327035397291183,
            -0.0192202627658844
        ],
        [
            0.12303246557712555,
            0.029640216380357742,
            -0.0396382212638855
        ],
        [
