{
    "pred_cam": [
        10.029829025268555,
        -0.15296821296215057,
        -0.0585746169090271
    ],
    "pred_mano_params": {
        "global_orient": [
            [
                [
                    -0.24346600472927094,
                    -0.9596318602561951,
                    0.14082248508930206
                ],
                [
                    -0.6313444375991821,
                    0.0465802401304245,
                    -0.7741023898124695
                ],
                [
                    0.7362937927246094,
                    -0.27737510204315186,
                    -0.6171989440917969
                ]
            ]
        ],
        "hand_pose": [
            [
                [
                    0.7187974452972412,
                    -0.519550085067749,
                    -0.46195003390312195
                ],
                [
                    0.5133253931999207,
                    0.8447449803352356,
                    -0.1513374298810959
                ],
                [
                    0.4688573479652405,
                    -0.12834970653057098,
                    0.8738988041877747
                ]
            ],
            [
                [
                    0.9912297129631042,
                    -0.06556403636932373,
                    0.11473854631185532
                ],
                [
                    0.08454106748104095,
                    0.9819402694702148,
                    -0.16925132274627686
                ],
                [
                    -0.10156960785388947,
                    0.17746707797050476,
                    0.97887122631073
                ]
            ],
            [
                [
                    0.8478671908378601,
                    -0.5291295647621155,
                    0.033810488879680634
                ],
                [
                    0.5156024098396301,
                    0.8079673647880554,
                    -0.28520673513412476
                ],
                [
                    0.1235935240983963,
                    0.2592501938343048,
                    0.9578694701194763
                ]
            ],
            [
                [
                    0.6849794983863831,
                    -0.6621676683425903,
                    -0.30387037992477417
                ],
                [
                    0.6584186553955078,
                    0.7411787509918213,
                    -0.13091552257537842
                ],
                [
                    0.3119103014469147,
                    -0.1103995069861412,
                    0.9436758160591125
                ]
            ],
            [
                [
                    0.9914546608924866,
                    -0.12497292459011078,
                    -0.037407997995615005
                ],
                [
                    0.13044704496860504,
                    0.9474248290061951,
                    0.2921808958053589
                ],
                [
                    -0.001073426567018032,
                    -0.294563889503479,
                    0.9556311368942261
                ]
            ],
            [
                [
                    0.8496379852294922,
                    -0.49534085392951965,
                    -0.18097709119319916
                ],
                [
                    0.5172741413116455,
                    0.8495849370956421,
                    0.10311590135097504
                ],
                [
                    0.10267788916826248,
                    -0.1812259554862976,
                    0.978066623210907
                ]
            ],
            [
                [
                    0.3999861478805542,
                    -0.7885229587554932,
                    0.467164546251297
                ],
                [
                    0.741878092288971,
                    0.5778511762619019,
                    0.3401542901992798
                ],
                [
                    -0.5381710529327393,
                    0.21052215993404388,
                    0.8161203265190125
                ]
            ],
            [
                [
                    0.9337503910064697,
                    -0.09728065878152847,
                    -0.3444514870643616
                ],
                [
                    0.1778891235589981,
                    0.9612159132957458,
                    0.2107592523097992
                ],
                [
                    0.31058943271636963,
                    -0.2580706775188446,
                    0.9148408770561218
                ]
            ],
            [
                [
                    0.8178265690803528,
                    -0.5434762239456177,
                    0.18919093906879425
                ],
                [
                    0.549942135810852,
                    0.834933876991272,
                    0.02119264006614685
                ],
                [
                    -0.1694796234369278,
                    0.08671215921640396,
                    0.9817115664482117
                ]
            ],
            [
                [
                    0.6446439027786255,
                    -0.764460563659668,
                    0.0058614094741642475
                ],
                [
                    0.7590425610542297,
                    0.6391243934631348,
                    -0.1239938959479332
                ],
                [
                    0.09104226529598236,
                    0.08438096195459366,
                    0.9922657608985901
                ]
            ],
            [
                [
                    0.9858591556549072,
                    -0.1388533115386963,
                    -0.09381575882434845
                ],
                [
                    0.1637469381093979,
                    0.9172088503837585,
                    0.36320075392723083
                ],
                [
                    0.03561702370643616,
                    -0.3734268844127655,
                    0.9269755482673645
                ]
            ],
            [
                [
                    0.8120101094245911,
                    -0.47025030851364136,
                    -0.3456936776638031
                ],
                [
                    0.5506384968757629,
                    0.8136080503463745,
                    0.18665246665477753
                ],
                [
                    0.1934857815504074,
                    -0.34191596508026123,
                    0.9195958971977234
                ]
            ],
            [
                [
                    0.9833651185035706,
                    0.010017065331339836,
                    -0.1813637614250183
                ],
                [
                    -0.1454222947359085,
                    0.6416959762573242,
                    -0.7530462741851807
                ],
                [
                    0.1088370829820633,
                    0.7668936848640442,
                    0.6324781179428101
                ]
            ],
            [
                [
                    0.8930497169494629,
                    -0.24999676644802094,
                    -0.37411731481552124
                ],
                [
                    0.4127575755119324,
                    0.7861900329589844,
                    0.45993080735206604
                ],
                [
                    0.17914608120918274,
                    -0.565160870552063,
                    0.8052948713302612
                ]
            ],
            [
                [
                    0.9326319694519043,
                    0.3601728677749634,
                    -0.021750757470726967
                ],
                [
                    -0.3604182302951813,
                    0.9327517747879028,
                    -0.00853857584297657
                ],
                [
                    0.01721269264817238,
                    0.015802718698978424,
                    0.9997270107269287
                ]
            ]
        ],
        "betas": [
            -0.05020463466644287,
            -0.01794251799583435,
            -0.11765041947364807,
            0.013057321310043335,
            0.045959651470184326,
            0.023058373481035233,
            0.06204426288604736,
            -0.0166950523853302,
            0.04272373020648956,
            0.022938072681427002
        ]
    },
    "pred_cam_t": [
        -0.15296821296215057,
        -0.0585746169090271,
        3.894632577896118
    ],
    "focal_length": [
        5000.0,
        5000.0
    ],
    "pred_keypoints_3d": [
        [
            0.09600947797298431,
            0.006404351443052292,
            0.0062138913199305534
        ],
        [
            0.12042355537414551,
            0.0009438367560505867,
            -0.023213639855384827
        ],
        [
            0.14197537302970886,
            0.004744330421090126,
            -0.04499135538935661
        ],
        [
            0.15673686563968658,
            0.021263739094138145,
            -0.06074754521250725
        ],
        [
            0.16633418202400208,
            0.03817855939269066,
            -0.09168697148561478
        ],
        [
            0.12543842196464539,
            0.04597054049372673,
            -0.07022761553525925
        ],
        [
            0.14322210848331451,
            0.07303144037723541,
            -0.07743404060602188
        ],
        [
            0.1594144105911255,
            0.08825388550758362,
            -0.07947897166013718
        ],
        [
            0.18080538511276245,
            0.10055090487003326,
            -0.07179686427116394
        ],
        [
            0.12007175385951996,
            0.06891365349292755,
            -0.061195213347673416
        ],
        [
            0.14078594744205475,
            0.09305747598409653,
            -0.06205042079091072
        ],
        [
            0.1596696972846985,
            0.10648389160633087,
            -0.05900272727012634
        ],
        [
            0.1827327013015747,
            0.11368221044540405,
            -0.0494198352098465
        ],
        [
            0.11599071323871613,
            0.07864734530448914,
            -0.03655476123094559
        ],
        [
            0.13860532641410828,
            0.09612488746643066,
            -0.041169438511133194
        ],
        [
            0.1596257984638214,
            0.10800280421972275,
            -0.03513619303703308
        ],
        [
            0.17930135130882263,
            0.11309906095266342,
            -0.018925512209534645
        ],
        [
            0.11627236753702164,
            0.08298297226428986,
            -0.015130269341170788
        ],
        [
            0.13545538485050201,
            0.09102769941091537,
            -0.019191358238458633
        ],
        [
            0.15195129811763763,
            0.09971752017736435,
            -0.015331418253481388
        ],
        [
            0.1676168292760849,
            0.1013927236199379,
            -0.007983749732375145
        ]
    ],
    "pred_vertices": [
        [
            0.12674951553344727,
            0.02478429116308689,
            -0.03575509414076805
        ],
        [
            0.1256794035434723,
            0.018840137869119644,
            -0.026786059141159058
        ],
        [
            0.1326657384634018,
            0.018814485520124435,
            -0.034202877432107925
        ],
        [
            0.1323777586221695,
            0.02321621961891651,
            -0.04312731698155403
        ],
        [
            0.13836877048015594,
            0.0054038651287555695,
            -0.018139071762561798
        ],
        [
            0.13874931633472443,
            -0.006757933646440506,
            -0.01864364743232727
        ],
        [
            0.14852406084537506,
            -0.0010554492473602295,
            -0.031805362552404404
        ],
        [
            0.14764852821826935,
            0.008381567895412445,
            -0.028378833085298538
        ],
        [
            0.1353669911623001,
            0.02216695435345173,
            -0.04973159730434418
        ],
        [
            0.13835541903972626,
            0.018878044560551643,
            -0.04008527472615242
        ],
        [
            0.13340334594249725,
            0.02019074186682701,
            -0.05226196348667145
        ],
        [
            0.12554322183132172,
            0.023290568962693214,
            -0.06364329159259796
        ],
        [
            0.1307351142168045,
            0.025448719039559364,
            -0.05901530385017395
        ],
        [
            0.1228136271238327,
            0.028683193027973175,
            -0.07021775841712952
        ],
        [
            0.11547454446554184,
            0.018477123230695724,
            -0.062307536602020264
        ],
        [
            0.1135401725769043,
            0.03149913251399994,
            -0.07081551104784012
        ],
        [
            0.09606432914733887,
            0.03262109309434891,
            -0.04626459628343582
        ],
        [
            0.0926043763756752,
            0.04055275022983551,
            -0.03569997847080231
        ],
        [
            0.09693212062120438,
            0.05305915325880051,
            -0.04708763211965561
        ],
        [
            0.10091684758663177,
            0.04371898993849754,
            -0.05640454217791557
        ],
        [
            0.0953206717967987,
            0.059848181903362274,
            -0.02725801430642605
        ],
        [
            0.09637013077735901,
            0.05678112059831619,
            -0.038743458688259125
        ],
        [
            0.09082186222076416,
            0.044399574398994446,
            -0.02771407924592495
        ],
        [
            0.09041614830493927,
            0.047652725130319595,
            -0.01796085387468338
        ],
        [
            0.12004106491804123,
            0.029718797653913498,
            -0.021943021565675735
        ],
        [
            0.11826607584953308,
            0.023324497044086456,
            -0.013312164694070816
        ],
        [
            0.11957249790430069,
            0.021134324371814728,
            -0.018540408462285995
        ],
        [
            0.12165036052465439,
            0.027136340737342834,
            -0.02664070948958397
        ],
        [
            0.13649381697177887,
            0.01354389637708664,
            -0.05496416240930557
        ],
        [
            0.12573400139808655,
            0.006913494318723679,
            -0.05508037656545639
        ],
        [
            0.12784945964813232,
            0.01452472060918808,
            -0.05556343495845795
        ],
        [
            0.13918963074684143,
            0.017526309937238693,
            -0.05180764198303223
        ],
        [
            0.11801990866661072,
            0.01292535662651062,
            0.013926267623901367
        ],
        [
            0.10974539816379547,
            0.0038283616304397583,
            0.019586525857448578
        ],
        [
            0.11020617187023163,
            -0.00021298974752426147,
            0.015304900705814362
        ],
        [
            0.11718597263097763,
            0.009092230349779129,
            0.010884154587984085
        ],
        [
            0.1211429014801979,
            -0.010797299444675446,
            -0.001882404088973999
        ],
        [
            0.11178240925073624,
            -0.013642728328704834,
            0.0031057000160217285
        ],
        [
            0.10368060320615768,
            -0.023410722613334656,
            -0.0020170360803604126
        ],
        [
            0.11066366732120514,
            -0.020929940044879913,
            -0.009648479521274567
        ],
        [
            0.1308126449584961,
            -0.008783746510744095,
            -0.009915702044963837
        ],
        [
            0.12312719225883484,
            -0.01890360563993454,
            -0.015922963619232178
        ],
        [
            0.13356022536754608,
            -0.015270538628101349,
            -0.02472785860300064
        ],
        [
            0.1447778195142746,
            -0.007383532822132111,
            -0.037627868354320526
        ],
        [
            0.10577090829610825,
            0.012737967073917389,
            0.027975082397460938
        ],
        [
            0.11175952851772308,
            0.02058814838528633,
            0.025277558714151382
        ],
        [
            0.15384940803050995,
            0.07009032368659973,
            -0.0774511992931366
        ],
        [
            0.15308478474617004,
            0.07311584055423737,
            -0.07249873131513596
        ],
        [
            0.1505432277917862,
            0.06848369538784027,
            -0.07174091786146164
        ],
        [
            0.15140385925769806,
            0.06660661846399307,
            -0.07718974351882935
        ],
        [
            0.09189584851264954,
            0.02748003602027893,
            0.02682909369468689
        ],
        [
            0.08284026384353638,
            0.02814062312245369,
            0.022396791726350784
        ],
        [
            0.08209512382745743,
            0.023646637797355652,
            0.02812083438038826
        ],
        [
            0.0907154381275177,
            0.0214034765958786,
            0.031218543648719788
        ],
        [
            0.09351111948490143,
            0.03546545282006264,
            0.020998019725084305
        ],
        [
            0.08451926708221436,
            0.03401785343885422,
            0.014286600053310394
        ],
        [
            0.14704592525959015,
            0.0756928101181984,
            -0.08681211620569229
        ],
        [
            0.150779590010643,
            0.07230428606271744,
            -0.08556825667619705
        ],
        [
            0.14660149812698364,
            0.06918206810951233,
            -0.08565756678581238
        ],
        [
            0.14247524738311768,
            0.07234527170658112,
            -0.0857238695025444
        ],
        [
            0.13188108801841736,
            0.027515580877661705,
            -0.05194111913442612
        ],
        [
            0.12922224402427673,
            0.030423978343605995,
            -0.04335058107972145
        ],
        [
            0.13408702611923218,
            0.03951910883188248,
            -0.06388583779335022
        ],
        [
            0.1310712695121765,
            0.03707271069288254,
            -0.05542120337486267
        ],
        [
            0.13126887381076813,
            0.031656086444854736,
            -0.06031474843621254
        ],
        [
            0.13260996341705322,
            0.0348907895386219,
            -0.06738479435443878
        ],
        [
            0.1238635703921318,
            0.04785541817545891,
            -0.03524091839790344
        ],
        [
            0.12110642343759537,
            0.0395287349820137,
            -0.027472160756587982
        ],
        [
            0.12281129509210587,
            0.03691302239894867,
            -0.033357199281454086
        ],
        [
            0.12688051164150238,
            0.044823065400123596,
            -0.04280874878168106
        ],
        [
            0.1207166463136673,
            0.04682902246713638,
            -0.015260312706232071
        ],
        [
            0.12297509610652924,
            0.054456233978271484,
            -0.024022087454795837
        ],
        [
            0.12237964570522308,
            0.0577089861035347,
            -0.016042746603488922
        ],
        [
            0.12189925462007523,
            0.051632367074489594,
            -0.010970819741487503
        ],
        [
            0.12646645307540894,
            0.06467255204916,
            -0.041491784155368805
        ],
        [
            0.12703917920589447,
            0.0685330182313919,
            -0.04619375243782997
        ],
        [
            0.12838006019592285,
            0.07157547026872635,
            -0.042889080941677094
        ],
        [
            0.12597711384296417,
            0.06647733598947525,
            -0.03806586563587189
        ],
        [
            0.08036407828330994,
            0.018931537866592407,
            0.033167287707328796
        ],
        [
            0.08931822329759598,
            0.015089541673660278,
            0.03463919460773468
        ],
        [
            0.0969371348619461,
            0.06749320030212402,
            -0.006676003336906433
        ],
        [
            0.1019357442855835,
            0.06629288196563721,
            0.0033438801765441895
        ],
        [
            0.10504020750522614,
            0.07819034159183502,
            -0.0031807292252779007
        ],
        [
            0.09827721118927002,
            0.07665558159351349,
            -0.012674806639552116
        ],
        [
            0.07721157371997833,
            0.025615617632865906,
            0.014017187058925629
        ],
        [
            0.07508711516857147,
            0.02258247882127762,
            0.020962227135896683
        ],
        [
            0.14354170858860016,
            0.08021334558725357,
            -0.08446264266967773
        ],
        [
            0.13940313458442688,
            0.07627768069505692,
            -0.08239441365003586
        ],
        [
            0.12136535346508026,
            -0.018165919929742813,
            -0.03065546602010727
        ],
        [
            0.13757479190826416,
            -0.009832598268985748,
            -0.04349135607481003
        ],
        [
            0.10837483406066895,
            -0.020878098905086517,
            -0.020530976355075836
        ],
        [
            0.09912671893835068,
            -0.02141929417848587,
            -0.013582251965999603
        ],
        [
            0.09294280409812927,
            -0.024361204355955124,
            -0.007607720792293549
        ],
        [
            0.1310008317232132,
            0.04332774877548218,
            -0.05385272949934006
        ],
        [
            0.12473233789205551,
            0.03151896223425865,
            -0.035123925656080246
        ],
        [
            0.11929526180028915,
            0.032260000705718994,
            -0.01756177470088005
        ],
        [
            0.1211208775639534,
            0.05162430927157402,
            0.006534084677696228
        ],
        [
            0.11939571797847748,
            0.043692585080862045,
            0.013256821781396866
        ],
        [
            0.12232951819896698,
            0.04018332436680794,
            0.00353853777050972
        ],
        [
            0.1226554736495018,
            0.04792063310742378,
            -0.0005183145403862
        ],
        [
            0.11103576421737671,
            0.06574952602386475,
            0.007356323301792145
        ],
        [
            0.1183263510465622,
            0.06324408948421478,
            0.0044705308973789215
        ],
        [
            0.11903728544712067,
            0.07050488144159317,
            -0.0007348321378231049
        ],
        [
            0.11247377842664719,
            0.07501839101314545,
            0.0012366846203804016
        ],
        [
            0.13755981624126434,
            0.00711478665471077,
            -0.05847477167844772
        ],
        [
            0.1255122721195221,
            -0.0004903562366962433,
            -0.05420631542801857
        ],
        [
            0.10189425945281982,
            0.02434185892343521,
            0.028513219207525253
        ],
        [
            0.09993169456720352,
            0.01711871474981308,
            0.030820168554782867
        ],
        [
            0.09568499028682709,
            0.01060555875301361,
            0.034276656806468964
        ],
        [
            0.1189221441745758,
            0.017064254730939865,
            -0.00024957209825515747
        ],
        [
            0.11677490174770355,
            0.006361301988363266,
            0.008804433047771454
        ],
        [
            0.11813192814588547,
            0.003917992115020752,
            0.005377814173698425
        ],
        [
            0.1183057576417923,
            0.015563443303108215,
            -0.0031670071184635162
        ],
        [
            0.12723098695278168,
            0.013383809477090836,
            -0.016412995755672455
        ],
        [
            0.1288590282201767,
            0.003453686833381653,
            -0.0075601935386657715
        ],
        [
            0.13558848202228546,
            0.015437742695212364,
            -0.024380899965763092
        ],
        [
            0.11033448576927185,
            -0.006918035447597504,
            0.010634787380695343
        ],
        [
            0.10597734898328781,
            -0.007899187505245209,
            0.020702071487903595
        ],
        [
            0.10577249526977539,
            -0.014262929558753967,
            0.01446031779050827
        ],
        [
            0.10364914685487747,
            -0.0009162500500679016,
            0.027203533798456192
        ],
        [
            0.10030179470777512,
            0.0056784749031066895,
            0.03221132606267929
        ],
        [
            0.0701444149017334,
            0.01895611733198166,
            0.02693178504705429
        ],
        [
            0.10450319200754166,
            -0.01914573460817337,
            0.007763504981994629
        ],
        [
            0.15254443883895874,
            0.010282665491104126,
            -0.036716729402542114
        ],
        [
            0.15579137206077576,
            0.01317407563328743,
            -0.04390820115804672
        ],
        [
            0.15110325813293457,
            0.018471024930477142,
            -0.04318949207663536
        ],
        [
            0.14773447811603546,
            0.016397293657064438,
            -0.0375831201672554
        ],
        [
            0.12321890145540237,
            0.03663412109017372,
            -0.07651378214359283
        ],
        [
            0.12979839742183685,
            0.034514378756284714,
            -0.0726957693696022
        ],
        [
            0.1286013126373291,
            0.02773672342300415,
            -0.06575018167495728
        ],
        [
            0.12051938474178314,
            0.023949328809976578,
            0.011068131774663925
        ],
        [
            0.11528971791267395,
            0.02992090955376625,
            0.020921647548675537
        ],
        [
            0.13362984359264374,
            0.04559362679719925,
            -0.06190872564911842
        ],
        [
            0.13816358149051666,
            0.06944475322961807,
            -0.08501778542995453
        ],
        [
            0.14268898963928223,
            0.06570020318031311,
            -0.08512954413890839
        ],
        [
            0.13214895129203796,
            0.04999328404664993,
            -0.08171093463897705
        ],
        [
            0.12728601694107056,
            0.05487891286611557,
            -0.08213581144809723
        ],
        [
            0.13093799352645874,
            0.055601947009563446,
            -0.06385675817728043
        ],
        [
            0.1341971755027771,
            0.04920263960957527,
            -0.06328868120908737
        ],
        [
            0.13410942256450653,
            0.05198034271597862,
            -0.06343751400709152
        ],
        [
            0.13194629549980164,
            0.058075740933418274,
            -0.061988964676856995
        ],
        [
            0.12683768570423126,
            0.07340018451213837,
            -0.033860377967357635
        ],
        [
            0.12492791563272476,
            0.06872238218784332,
            -0.029708338901400566
        ],
        [
            0.10923098772764206,
            0.054778680205345154,
            -0.06461669504642487
        ],
        [
            0.10784917324781418,
            0.04496575891971588,
            -0.07325156778097153
        ],
        [
            0.10473361611366272,
            0.035822682082653046,
            -0.06500473618507385
        ],
        [
            0.12278638780117035,
            0.0510287880897522,
            -0.02852492406964302
        ],
        [
            0.12518151104450226,
            0.05889654904603958,
            -0.03489820659160614
        ],
        [
            0.12457947432994843,
            0.06100652366876602,
            -0.03133370727300644
        ],
        [
            0.13073179125785828,
            0.04813022539019585,
            -0.054153647273778915
        ],
        [
            0.1319354623556137,
            0.05122830346226692,
            -0.05993875488638878
        ],
        [
            0.1301688849925995,
            0.053757186979055405,
            -0.05598771572113037
        ],
        [
            0.12893177568912506,
            0.05066583305597305,
            -0.04941807687282562
        ],
        [
            0.09796729683876038,
            0.05535163730382919,
            0.010077420622110367
        ],
        [
            0.10866053402423859,
            0.05515412613749504,
            0.014911431819200516
        ],
        [
            0.15312308073043823,
            0.07002349942922592,
            -0.0822220891714096
        ],
        [
            0.14978832006454468,
            0.06682301312685013,
            -0.08231782168149948
        ],
        [
            0.12015528976917267,
            0.042786117643117905,
            -0.021039750427007675
        ],
        [
            0.1018279492855072,
            0.025869932025671005,
            -0.05403188616037369
        ],
        [
            0.1189071536064148,
            0.034997761249542236,
            -0.01276717334985733
        ],
        [
            0.10751563310623169,
            0.07800251990556717,
            -0.029768291860818863
        ],
        [
            0.11504340916872025,
            0.07953158020973206,
            -0.0255168154835701
        ],
        [
            0.11815474927425385,
            0.08194725960493088,
            -0.02884623408317566
        ],
        [
            0.1135658323764801,
            0.08292150497436523,
            -0.033212292939424515
        ],
        [
            0.14001157879829407,
            0.07146576046943665,
            -0.06545313447713852
        ],
        [
            0.14470946788787842,
            0.06805388629436493,
            -0.06613150238990784
        ],
        [
            0.14769117534160614,
            0.07234557718038559,
            -0.06757061183452606
        ],
        [
            0.14335897564888,
            0.07621155679225922,
            -0.06726749986410141
        ],
        [
            0.135808065533638,
            0.04450661689043045,
            -0.06635844707489014
        ],
        [
            0.13534677028656006,
            0.04038219153881073,
            -0.071057990193367
        ],
        [
            0.13818036019802094,
            0.0463593453168869,
            -0.0719921886920929
        ],
        [
            0.13684289157390594,
            0.04938524588942528,
            -0.06700145453214645
        ],
        [
            0.1324203461408615,
            0.04101027175784111,
            -0.07636953145265579
        ],
        [
            0.13592439889907837,
            0.046761319041252136,
            -0.0778094232082367
        ],
        [
            0.13528978824615479,
            0.07433196902275085,
            -0.069008469581604
        ],
        [
            0.1326669454574585,
            0.07500559836626053,
            -0.07606573402881622
        ],
        [
            0.12251711636781693,
            0.0628993958234787,
            -0.0721452534198761
        ],
        [
            0.12769538164138794,
            0.06324928998947144,
            -0.06575993448495865
        ],
        [
            0.08439264446496964,
            0.0364021360874176,
            -0.009538277983665466
        ],
        [
            0.08574554324150085,
            0.04137906804680824,
            0.00038069114089012146
        ],
        [
            0.0915783941745758,
            0.05286821722984314,
            -0.007753346115350723
        ],
        [
            0.09605232626199722,
            0.06504331529140472,
            -0.01573338732123375
        ],
        [
            0.10125008225440979,
            0.07535195350646973,
            -0.02410745806992054
        ],
        [
            0.09858716279268265,
            0.07055098563432693,
            -0.03503623604774475
        ],
        [
            0.09263566136360168,
            0.05504173785448074,
            0.00015177950263023376
        ],
        [
            0.12363418191671371,
            0.05980799347162247,
            -0.06558483093976974
        ],
        [
            0.11629903316497803,
            0.05582934617996216,
            -0.07005195319652557
        ],
        [
            0.11705497652292252,
            0.059156302362680435,
            -0.06671644747257233
        ],
        [
            0.12018278986215591,
            0.03906658664345741,
            -0.006613567471504211
        ],
        [
            0.1462671309709549,
            0.06305631250143051,
            -0.08217727392911911
        ],
        [
            0.07960203289985657,
            -0.007551893591880798,
            -0.013164602220058441
        ],
        [
            0.07383480668067932,
            0.0025629661977291107,
            -0.006272375583648682
        ],
        [
            0.07805059105157852,
            0.006506223231554031,
            -0.012941498309373856
        ],
        [
            0.0854412242770195,
            -0.004905305802822113,
            -0.02044745907187462
        ],
        [
            0.1480722576379776,
            0.06393799930810928,
            -0.07050907611846924
        ],
        [
            0.14898313581943512,
            0.06201263517141342,
            -0.07649057358503342
        ],
        [
            0.12485801428556442,
            0.07302887737751007,
            -0.024464495480060577
        ],
        [
            0.1260223239660263,
            0.07669335603713989,
            -0.02915094420313835
        ],
        [
            0.12426577508449554,
            0.08003708720207214,
            -0.02760143391788006
        ],
        [
            0.12514415383338928,
            0.07823866605758667,
            -0.021675756201148033
        ],
        [
            0.08675704896450043,
            0.042501065880060196,
            0.0061930157244205475
        ],
        [
            0.11091195046901703,
            0.08427725732326508,
            -0.00783073715865612
        ],
        [
            0.1041833907365799,
            0.08275888860225677,
            -0.016260137781500816
        ],
        [
            0.08056947588920593,
            0.031244847923517227,
            0.007049262523651123
        ],
        [
            0.07872768491506577,
            0.02698560059070587,
            -0.0015926919877529144
        ],
        [
            0.07464374601840973,
            0.020588912069797516,
            0.004600338637828827
        ],
        [
            0.10467488318681717,
            0.0678441971540451,
            -0.048902250826358795
        ],
        [
            0.08502228558063507,
            0.033923931419849396,
            -0.017882633954286575
        ],
        [
            0.07955040037631989,
            0.02400832623243332,
            -0.008646629750728607
        ],
        [
            0.07470113039016724,
            0.016222380101680756,
            -0.0015669912099838257
        ],
        [
            0.07064121961593628,
            0.011284824460744858,
            0.00385265052318573
        ],
        [
            0.07110793888568878,
            0.016538701951503754,
            0.010087091475725174
        ],
        [
            0.13471734523773193,
            0.07306653261184692,
            -0.08108114451169968
        ],
        [
            0.13728977739810944,
            0.07956676185131073,
            -0.07717326283454895
        ],
        [
            0.06554950028657913,
            0.012556545436382294,
            0.01615019142627716
        ],
        [
            0.06586916744709015,
            0.00658070296049118,
            0.009034685790538788
        ],
        [
            0.08119753003120422,
            0.01932499185204506,
            -0.0164460688829422
        ],
        [
            0.08469662070274353,
            0.012914147228002548,
            -0.025379180908203125
        ],
        [
            0.08665759861469269,
            0.029071196913719177,
            -0.024991072714328766
        ],
        [
            0.09027566015720367,
            0.02368035539984703,
            -0.03463149815797806
        ],
        [
            0.10026570409536362,
            0.0614311583340168,
            -0.05680448189377785
        ],
        [
            0.15118540823459625,
            0.09203410148620605,
            -0.07724157720804214
        ],
        [
            0.14282962679862976,
            0.08434836566448212,
            -0.07372833788394928
        ],
        [
            0.14608590304851532,
            0.0815892219543457,
            -0.0696912407875061
        ],
        [
            0.15222413837909698,
            0.09083838760852814,
            -0.07303234934806824
        ],
        [
            0.13928870856761932,
            0.07896824926137924,
            -0.07071181386709213
        ],
        [
            0.14144589006900787,
            0.08357430249452591,
            -0.07931628078222275
        ],
        [
            0.09798527508974075,
            0.014355640858411789,
            -0.043712977319955826
        ],
        [
            0.13106054067611694,
            0.05794467031955719,
            -0.06109674274921417
        ],
        [
            0.0954388976097107,
            0.0003899112343788147,
            -0.0337151400744915
        ],
        [
            0.11015898734331131,
            0.008333496749401093,
            -0.05461078882217407
        ],
        [
            0.11076478660106659,
            -0.002332795411348343,
            -0.04660560563206673
        ],
        [
            0.0949326902627945,
            -0.014668181538581848,
            -0.023819219321012497
        ],
        [
            0.10844309628009796,
            -0.014053750783205032,
            -0.0353853777050972
        ],
        [
            0.08342336118221283,
            -0.019083760678768158,
            -0.009800225496292114
        ],
        [
            0.08817797899246216,
            -0.015534121543169022,
            -0.016507141292095184
        ],
        [
            0.1232190877199173,
            -0.01062844693660736,
            -0.04531047120690346
        ],
        [
            0.1604861468076706,
