{
    "pred_cam": [
        8.288080215454102,
        -0.1525341272354126,
        -0.05731968581676483
    ],
    "pred_mano_params": {
        "global_orient": [
            [
                [
                    -0.2536548674106598,
                    -0.9587574005126953,
                    0.12823201715946198
                ],
                [
                    -0.6476103067398071,
                    0.06985268741846085,
                    -0.7587630748748779
                ],
                [
                    0.7185123562812805,
                    -0.2755083441734314,
                    -0.6386196613311768
                ]
            ]
        ],
        "hand_pose": [
            [
                [
                    0.7748463153839111,
                    -0.4728398621082306,
                    -0.41956618428230286
                ],
                [
                    0.4580782651901245,
                    0.877366840839386,
                    -0.14279936254024506
                ],
                [
                    0.43563470244407654,
                    -0.08154661953449249,
                    0.8964221477508545
                ]
            ],
            [
                [
                    0.9876704812049866,
                    -0.1210469976067543,
                    0.0992707684636116
                ],
                [
                    0.13711030781269073,
                    0.9749060273170471,
                    -0.17538249492645264
                ],
                [
                    -0.0755501464009285,
                    0.18683116137981415,
                    0.9794827103614807
                ]
            ],
            [
                [
                    0.8379472494125366,
                    -0.5455338358879089,
                    0.015401356853544712
                ],
                [
                    0.5297304391860962,
                    0.806237518787384,
                    -0.2633754014968872
                ],
                [
                    0.13126304745674133,
                    0.2288532853126526,
                    0.9645704030990601
                ]
            ],
            [
                [
                    0.6842242479324341,
                    -0.6553468108177185,
                    -0.3199336528778076
                ],
                [
                    0.6535260081291199,
                    0.745691180229187,
                    -0.12980163097381592
                ],
                [
                    0.3236367702484131,
                    -0.12027153372764587,
                    0.9385061860084534
                ]
            ],
            [
                [
                    0.9899953007698059,
                    -0.13137942552566528,
                    -0.05146543309092522
                ],
                [
                    0.14061330258846283,
                    0.9488840103149414,
                    0.2825718820095062
                ],
                [
                    0.011710604652762413,
                    -0.28698158264160156,
                    0.9578644037246704
                ]
            ],
            [
                [
                    0.8594653010368347,
                    -0.4825545847415924,
                    -0.1687018871307373
                ],
                [
                    0.5021135210990906,
                    0.8588287830352783,
                    0.10146532207727432
                ],
                [
                    0.09592345356941223,
                    -0.17191343009471893,
                    0.9804307222366333
                ]
            ],
            [
                [
                    0.4209378957748413,
                    -0.7824470400810242,
                    0.4588986337184906
                ],
                [
                    0.7524874806404114,
                    0.5837146043777466,
                    0.3050243854522705
                ],
                [
                    -0.5065312385559082,
                    0.2169191688299179,
                    0.8344891667366028
                ]
            ],
            [
                [
                    0.9383944272994995,
                    -0.07814406603574753,
                    -0.3366144299507141
                ],
                [
                    0.15994220972061157,
                    0.96169513463974,
                    0.2226230353116989
                ],
                [
                    0.306323766708374,
                    -0.2627471089363098,
                    0.9149478673934937
                ]
            ],
            [
                [
                    0.8145893812179565,
                    -0.5421953201293945,
                    0.2060782015323639
                ],
                [
                    0.5517857670783997,
                    0.8338866829872131,
                    0.012862490490078926
                ],
                [
                    -0.17881986498832703,
                    0.10323336720466614,
                    0.9784508943557739
                ]
            ],
            [
                [
                    0.663987934589386,
                    -0.747600257396698,
                    -0.014624890871345997
                ],
                [
                    0.7399075627326965,
                    0.6597282886505127,
                    -0.1315118819475174
                ],
                [
                    0.10796676576137543,
                    0.07650122791528702,
                    0.991206705570221
                ]
            ],
            [
                [
                    0.9875608086585999,
                    -0.12674608826637268,
                    -0.0930539220571518
                ],
                [
                    0.15222850441932678,
                    0.9188790321350098,
                    0.36398884654045105
                ],
                [
                    0.039371129125356674,
                    -0.37362658977508545,
                    0.9267432689666748
                ]
            ],
            [
                [
                    0.8233044743537903,
                    -0.46205633878707886,
                    -0.32965677976608276
                ],
                [
                    0.5343198776245117,
                    0.8268664479255676,
                    0.1754826009273529
                ],
                [
                    0.1914992779493332,
                    -0.32061779499053955,
                    0.9276487231254578
                ]
            ],
            [
                [
                    0.9864771366119385,
                    0.014700106345117092,
                    -0.1632382571697235
                ],
                [
                    -0.13771088421344757,
                    0.614402174949646,
                    -0.776881992816925
                ],
                [
                    0.08887369185686111,
                    0.7888560891151428,
                    0.6081180572509766
                ]
            ],
            [
                [
                    0.8920074701309204,
                    -0.2225676327943802,
                    -0.39342889189720154
                ],
                [
                    0.40120455622673035,
                    0.7907766103744507,
                    0.4622848331928253
                ],
                [
                    0.20822472870349884,
                    -0.5702069997787476,
                    0.7946738004684448
                ]
            ],
            [
                [
                    0.9372869729995728,
                    0.3440181612968445,
                    -0.0560767725110054
                ],
                [
                    -0.3432476222515106,
                    0.9389598369598389,
                    0.02314119040966034
                ],
                [
                    0.060614824295043945,
                    -0.002441717078909278,
                    0.9981582164764404
                ]
            ]
        ],
        "betas": [
            -0.031946927309036255,
            -0.014035910367965698,
            -0.07692977786064148,
            -0.001336902379989624,
            0.0470501184463501,
            0.03762217238545418,
            0.06531825661659241,
            -0.02076515555381775,
            0.026532649993896484,
            0.013732284307479858
        ]
    },
    "pred_cam_t": [
        -0.1525341272354126,
        -0.05731968581676483,
        4.7130937576293945
    ],
    "focal_length": [
        5000.0,
        5000.0
    ],
    "pred_keypoints_3d": [
        [
            0.09590551257133484,
            0.0063957711681723595,
            0.0062080989591777325
        ],
        [
            0.1201966404914856,
            0.0013523539528250694,
            -0.023359136655926704
        ],
        [
            0.14236365258693695,
            0.005230451002717018,
            -0.044423822313547134
        ],
        [
            0.15683847665786743,
            0.022257192060351372,
            -0.05983525142073631
        ],
        [
            0.16554763913154602,
            0.04091452807188034,
            -0.08981308341026306
        ],
        [
            0.1259523183107376,
            0.04753304272890091,
            -0.06904233247041702
        ],
        [
            0.14282968640327454,
            0.07458667457103729,
            -0.07800369709730148
        ],
        [
            0.15910863876342773,
            0.08963992446660995,
            -0.08013799786567688
        ],
        [
            0.18041574954986572,
            0.10161453485488892,
            -0.07204613089561462
        ],
        [
            0.12095589935779572,
            0.07029944658279419,
            -0.05939257889986038
        ],
        [
            0.141799658536911,
            0.09430818259716034,
            -0.05931415408849716
        ],
        [
            0.16069255769252777,
            0.10743500292301178,
            -0.05539543926715851
        ],
        [
            0.1836472749710083,
            0.11444200575351715,
            -0.04551318660378456
        ],
        [
            0.11703906953334808,
            0.07942205667495728,
            -0.034510307013988495
        ],
        [
            0.13935154676437378,
            0.09731483459472656,
            -0.0388028658926487
        ],
        [
            0.16021199524402618,
            0.10940884053707123,
            -0.03280624374747276
        ],
        [
            0.18025106191635132,
            0.11485602706670761,
            -0.01724812760949135
        ],
        [
            0.11739090085029602,
            0.08315078169107437,
            -0.012975864112377167
        ],
        [
            0.13638630509376526,
            0.0917520523071289,
            -0.016572656109929085
        ],
        [
            0.15268078446388245,
            0.10064081847667694,
            -0.012506228871643543
        ],
        [
            0.16835615038871765,
            0.1022716760635376,
            -0.005447934847325087
        ]
    ],
    "pred_vertices": [
        [
            0.1269419938325882,
            0.0253581665456295,
            -0.035324808210134506
        ],
        [
            0.12568603456020355,
            0.01922333985567093,
            -0.02663687989115715
        ],
        [
            0.1327306628227234,
            0.01931179128587246,
            -0.03394664078950882
        ],
        [
            0.13256730139255524,
            0.023888615891337395,
            -0.042719848453998566
        ],
        [
            0.13807912170886993,
            0.005822811275720596,
            -0.017842523753643036
        ],
        [
            0.13839532434940338,
            -0.006298135966062546,
            -0.01842813938856125
        ],
        [
            0.14847669005393982,
            -0.0005269944667816162,
            -0.031177464872598648
        ],
        [
            0.147598996758461,
            0.008844932541251183,
            -0.027758095413446426
        ],
        [
            0.1355690360069275,
            0.022933946922421455,
            -0.04927968978881836
        ],
        [
            0.13849535584449768,
            0.019440019503235817,
            -0.03968247398734093
        ],
        [
            0.13357596099376678,
            0.02096170373260975,
            -0.051771409809589386
        ],
        [
            0.12582895159721375,
            0.024522246792912483,
            -0.06310680508613586
        ],
        [
            0.13099652528762817,
            0.02655036188662052,
            -0.058453984558582306
        ],
        [
            0.1231788694858551,
            0.03014950081706047,
            -0.06949072331190109
        ],
        [
            0.11575199663639069,
            0.019770730286836624,
            -0.06190409138798714
        ],
        [
            0.11395872384309769,
            0.0330330915749073,
            -0.06991609185934067
        ],
        [
            0.09641370177268982,
            0.033973969519138336,
            -0.04547931253910065
        ],
        [
            0.09306521713733673,
            0.041692256927490234,
            -0.03469175845384598
        ],
        [
            0.09761251509189606,
            0.05439942702651024,
            -0.04571084678173065
        ],
        [
            0.10145395249128342,
            0.04522676765918732,
            -0.0552639439702034
        ],
        [
            0.09612038731575012,
            0.06063864380121231,
            -0.0257036741822958
        ],
        [
            0.09710855782032013,
            0.05789870023727417,
            -0.03727436810731888
        ],
        [
            0.09134624898433685,
            0.04534876346588135,
            -0.026602257043123245
        ],
        [
            0.09100189805030823,
            0.04833202436566353,
            -0.016761448234319687
        ],
        [
            0.12032371014356613,
            0.0300566628575325,
            -0.021314486861228943
        ],
        [
            0.1184149906039238,
            0.02345466986298561,
            -0.012939568608999252
        ],
        [
            0.11963888257741928,
            0.021377820521593094,
            -0.01831197738647461
        ],
        [
            0.12187595665454865,
            0.027564555406570435,
            -0.026119258254766464
        ],
        [
            0.13666503131389618,
            0.014187868684530258,
            -0.05437420308589935
        ],
        [
            0.1259259134531021,
            0.007719367742538452,
            -0.054827980697155
        ],
        [
            0.12804576754570007,
            0.015341755002737045,
            -0.055170878767967224
        ],
        [
            0.13930249214172363,
            0.018152110278606415,
            -0.0511409156024456
        ],
        [
            0.1180385872721672,
            0.012330465018749237,
            0.014063231647014618
        ],
        [
            0.10960759222507477,
            0.003231823444366455,
            0.01946379989385605
        ],
        [
            0.10998639464378357,
            -0.000690750777721405,
            0.015072312206029892
        ],
        [
            0.11711882054805756,
            0.008608385920524597,
            0.010897956788539886
        ],
        [
            0.12063398212194443,
            -0.010757621377706528,
            -0.002257302403450012
        ],
        [
            0.11128774285316467,
            -0.013751506805419922,
            0.0025493651628494263
        ],
        [
            0.10306920856237411,
            -0.023252684623003006,
            -0.0027981698513031006
        ],
        [
            0.11012481898069382,
            -0.020632408559322357,
            -0.010259449481964111
        ],
        [
            0.13031050562858582,
            -0.008486989885568619,
            -0.010033294558525085
        ],
        [
            0.12264668196439743,
            -0.018490102142095566,
            -0.016272082924842834
        ],
        [
            0.13329266011714935,
            -0.014738332480192184,
            -0.024613451212644577
        ],
        [
            0.14479579031467438,
            -0.006806962192058563,
            -0.037075091153383255
        ],
        [
            0.10579655319452286,
            0.011963792145252228,
            0.0280931293964386
        ],
        [
            0.11192008852958679,
            0.019773028790950775,
            0.025622829794883728
        ],
        [
            0.15354833006858826,
            0.07151394337415695,
            -0.07796972244977951
        ],
        [
            0.15283100306987762,
            0.07460951805114746,
            -0.07303685694932938
        ],
        [
            0.15043117105960846,
            0.07010920345783234,
            -0.07219349592924118
        ],
        [
            0.15119561553001404,
            0.06810270249843597,
            -0.07759838551282883
        ],
        [
            0.09217650443315506,
            0.02694828063249588,
            0.02740045264363289
        ],
        [
            0.08312810957431793,
            0.027877826243638992,
            0.023006197065114975
        ],
        [
            0.08231660723686218,
            0.02324099838733673,
            0.028600145131349564
        ],
        [
            0.0909033715724945,
            0.020777985453605652,
            0.031618259847164154
        ],
        [
            0.0939224511384964,
            0.035051923245191574,
            0.02178727462887764
        ],
        [
            0.08490012586116791,
            0.033943548798561096,
            0.015063945204019547
        ],
        [
            0.14662696421146393,
            0.07696618884801865,
            -0.08732987195253372
        ],
        [
            0.1503857672214508,
            0.073609858751297,
            -0.0860949233174324
        ],
        [
            0.146223247051239,
            0.07047569751739502,
            -0.08606553077697754
        ],
        [
            0.14204460382461548,
            0.07360067218542099,
            -0.08614921569824219
        ],
        [
            0.13214337825775146,
            0.02845359966158867,
            -0.05135032907128334
        ],
        [
            0.12951624393463135,
            0.03118200972676277,
            -0.04268716648221016
        ],
        [
            0.13461795449256897,
            0.041085097938776016,
            -0.06292033940553665
        ],
        [
            0.13151013851165771,
            0.03818264976143837,
            -0.05450640618801117
        ],
        [
            0.1316407024860382,
            0.03288543224334717,
            -0.059528898447752
        ],
        [
            0.13302049040794373,
            0.036407485604286194,
            -0.0665397197008133
        ],
        [
            0.12445271015167236,
            0.04849053919315338,
            -0.03406263887882233
        ],
        [
            0.12155996263027191,
            0.0400017686188221,
            -0.02653578668832779
        ],
        [
            0.12321554124355316,
            0.037518154829740524,
            -0.03249332681298256
        ],
        [
            0.1274205893278122,
            0.04562513530254364,
            -0.0417042002081871
        ],
        [
            0.12129148095846176,
            0.04697079956531525,
            -0.01414002850651741
        ],
        [
            0.12367871403694153,
            0.05479943007230759,
            -0.022677335888147354
        ],
        [
            0.12313617020845413,
            0.057851098477840424,
            -0.01462092250585556
        ],
        [
            0.12254822254180908,
            0.05163739621639252,
            -0.009722888469696045
        ],
        [
            0.1273319125175476,
            0.06542915850877762,
            -0.039877720177173615
        ],
        [
            0.1279471218585968,
            0.06937997043132782,
            -0.044505730271339417
        ],
        [
            0.12934638559818268,
            0.07249262183904648,
            -0.041194379329681396
        ],
        [
            0.12687896192073822,
            0.06719455122947693,
            -0.036413371562957764
        ],
        [
            0.08051812648773193,
            0.01841946691274643,
            0.03351568430662155
        ],
        [
            0.0894097238779068,
            0.014399208128452301,
            0.034864719957113266
        ],
        [
            0.09785991907119751,
            0.06768256425857544,
            -0.004932550713419914
        ],
        [
            0.10285885632038116,
            0.06615747511386871,
            0.005031365901231766
        ],
        [
            0.106077179312706,
            0.07815562188625336,
            -0.0011204369366168976
        ],
        [
            0.09932882338762283,
            0.07694439589977264,
            -0.010633369907736778
        ],
        [
            0.07745195925235748,
            0.025676026940345764,
            0.014572527259588242
        ],
        [
            0.07528140395879745,
            0.022487327456474304,
            0.0214296355843544
        ],
        [
            0.14312496781349182,
            0.08149347454309464,
            -0.08498504757881165
        ],
        [
            0.13899070024490356,
            0.07758283615112305,
            -0.08284948766231537
        ],
        [
            0.12114113569259644,
            -0.01754850521683693,
            -0.030808281153440475
        ],
        [
            0.13768240809440613,
            -0.00918998196721077,
            -0.04310232773423195
        ],
        [
            0.10792522132396698,
            -0.020327460020780563,
            -0.0210508331656456
        ],
        [
            0.09858117997646332,
            -0.02091587334871292,
            -0.014265291392803192
        ],
        [
            0.09231746196746826,
            -0.02390158176422119,
            -0.008421763777732849
        ],
        [
            0.13157926499843597,
            0.04446183890104294,
            -0.05274408683180809
        ],
        [
            0.12504032254219055,
            0.03213287889957428,
            -0.0344318151473999
        ],
        [
            0.11962836980819702,
            0.03249511495232582,
            -0.01685188338160515
        ],
        [
            0.12177571654319763,
            0.05114997923374176,
            0.007765959948301315
        ],
        [
            0.11992446333169937,
            0.04306047409772873,
            0.0142609141767025
        ],
        [
            0.12279059737920761,
            0.03977840766310692,
            0.004449479281902313
        ],
        [
            0.12323923408985138,
            0.04762508347630501,
            0.0006146132946014404
        ],
        [
            0.11194220185279846,
            0.06538128852844238,
            0.009006302803754807
        ],
        [
            0.11918444186449051,
            0.06286372244358063,
            0.006031464785337448
        ],
        [
            0.11999756097793579,
            0.07027533650398254,
            0.0010271556675434113
        ],
        [
            0.11348649114370346,
            0.074787937104702,
            0.003163730725646019
        ],
        [
            0.1378195881843567,
            0.007823500782251358,
            -0.057930704206228256
        ],
        [
            0.12569546699523926,
            0.0003208257257938385,
            -0.054054513573646545
        ],
        [
            0.10212051868438721,
            0.02359990030527115,
            0.02896885573863983
        ],
        [
            0.10003937780857086,
            0.01635701209306717,
            0.031066402792930603
        ],
        [
            0.09569671005010605,
            0.009828679263591766,
            0.03436461463570595
        ],
        [
            0.11895478516817093,
            0.016852475702762604,
            -5.0108879804611206e-05
        ],
        [
            0.11663627624511719,
            0.005961693823337555,
            0.008732020854949951
        ],
        [
            0.11788906902074814,
            0.003644544631242752,
            0.0052212923765182495
        ],
        [
            0.1182575449347496,
            0.015465296804904938,
            -0.003069113940000534
        ],
        [
            0.12696991860866547,
            0.013685151934623718,
            -0.016388829797506332
        ],
        [
            0.12843164801597595,
            0.0036619901657104492,
            -0.0076309144496917725
        ],
        [
            0.13545164465904236,
            0.015846963971853256,
            -0.02408142387866974
        ],
        [
            0.10997281223535538,
            -0.007243074476718903,
            0.010222464799880981
        ],
        [
            0.10564018785953522,
            -0.008451312780380249,
            0.020261026918888092
        ],
        [
            0.10531553626060486,
            -0.014629784971475601,
            0.013852834701538086
        ],
        [
            0.10344545543193817,
            -0.00161762535572052,
            0.026958178728818893
        ],
        [
            0.10022452473640442,
            0.0048871710896492004,
            0.032156262546777725
        ],
        [
            0.07028897106647491,
            0.018778584897518158,
            0.027302995324134827
        ],
        [
            0.10395973175764084,
            -0.01929834857583046,
            0.00703749805688858
        ],
        [
            0.15259018540382385,
            0.01085120439529419,
            -0.03591729700565338
        ],
        [
            0.1558336764574051,
            0.013860505074262619,
            -0.04301552474498749
        ],
        [
            0.1511365920305252,
            0.019096054136753082,
            -0.04229310154914856
        ],
        [
            0.14784206449985504,
            0.01692228950560093,
            -0.03686191886663437
        ],
        [
            0.12348733097314835,
            0.03815452381968498,
            -0.07567470520734787
        ],
        [
            0.13011515140533447,
            0.03607356920838356,
            -0.07190220057964325
        ],
        [
            0.12892715632915497,
            0.029082508757710457,
            -0.06507867574691772
        ],
        [
            0.12072541564702988,
            0.02337874099612236,
            0.011521730571985245
        ],
        [
            0.1155971959233284,
            0.029159534722566605,
            0.021539445966482162
        ],
        [
            0.13425114750862122,
            0.04726163670420647,
            -0.06089787930250168
        ],
        [
            0.13778193295001984,
            0.07066238671541214,
            -0.08525940775871277
        ],
        [
            0.1423509269952774,
            0.06697166711091995,
            -0.08537936210632324
        ],
        [
            0.1320870965719223,
            0.05157928168773651,
            -0.08119132369756699
        ],
        [
            0.12716659903526306,
            0.05637463927268982,
            -0.08160290867090225
        ],
        [
            0.13153378665447235,
            0.05748644843697548,
            -0.06308151036500931
        ],
        [
            0.13479037582874298,
            0.051189105957746506,
            -0.06259658932685852
        ],
        [
            0.1346658170223236,
            0.054042670875787735,
            -0.06299175322055817
        ],
        [
            0.13249941170215607,
            0.06013450399041176,
            -0.06166737526655197
        ],
        [
            0.1278284639120102,
            0.07407382130622864,
            -0.03212834522128105
        ],
        [
            0.12586408853530884,
            0.0692434161901474,
            -0.028012575581669807
        ],
        [
            0.10988232493400574,
            0.05639157071709633,
            -0.06322523206472397
        ],
        [
            0.10835641622543335,
            0.04653555899858475,
            -0.07198353111743927
        ],
        [
            0.10522092878818512,
            0.03742045536637306,
            -0.06399532407522202
        ],
        [
            0.1234368234872818,
            0.0514959916472435,
            -0.02726595476269722
        ],
        [
            0.12596359848976135,
            0.05950049310922623,
            -0.03341793268918991
        ],
        [
            0.12539470195770264,
            0.061534516513347626,
            -0.029804838821291924
        ],
        [
            0.1313689798116684,
            0.04928798973560333,
            -0.05295126885175705
        ],
        [
            0.1326202154159546,
            0.052792955189943314,
            -0.058795467019081116
        ],
        [
            0.13083773851394653,
            0.05492134764790535,
            -0.054686352610588074
        ],
        [
            0.1295631229877472,
            0.05162264034152031,
            -0.048159826546907425
        ],
        [
            0.09871084243059158,
            0.055122166872024536,
            0.011444590985774994
        ],
        [
            0.10939232259988785,
            0.05463040620088577,
            0.01625039428472519
        ],
        [
            0.152773916721344,
            0.07138742506504059,
            -0.08273167163133621
        ],
        [
            0.14950166642665863,
            0.06820361316204071,
            -0.08271381258964539
        ],
        [
            0.12066585570573807,
            0.04309642314910889,
            -0.020021982491016388
        ],
        [
            0.10213842988014221,
            0.027272790670394897,
            -0.05343761295080185
        ],
        [
            0.11928801238536835,
            0.035106103867292404,
            -0.011984307318925858
        ],
        [
            0.10852725803852081,
            0.07866962254047394,
            -0.027705717831850052
        ],
        [
            0.11608186364173889,
            0.08007719367742538,
            -0.023445457220077515
        ],
        [
            0.11912354081869125,
            0.0825231596827507,
            -0.026775214821100235
        ],
        [
            0.11448042094707489,
            0.08365228027105331,
            -0.031071312725543976
        ],
        [
            0.14015553891658783,
            0.07331091910600662,
            -0.06580494344234467
        ],
        [
            0.1448579728603363,
            0.06995393335819244,
            -0.06650815159082413
        ],
        [
            0.14763465523719788,
            0.07403521239757538,
            -0.06808201968669891
        ],
        [
            0.14329276978969574,
            0.07787519693374634,
            -0.06777841597795486
        ],
        [
            0.13630257546901703,
            0.04645973816514015,
            -0.06566989421844482
        ],
        [
            0.13569316267967224,
            0.04220002144575119,
            -0.07033750414848328
        ],
        [
            0.1384526938199997,
            0.048284634947776794,
            -0.07155179977416992
        ],
        [
            0.13727068901062012,
            0.051400765776634216,
            -0.0665973424911499
        ],
        [
            0.13261042535305023,
            0.04277775064110756,
            -0.07568642497062683
        ],
        [
            0.13601794838905334,
            0.048498641699552536,
            -0.07732196897268295
        ],
        [
            0.13531039655208588,
            0.07600940763950348,
            -0.06928084790706635
        ],
        [
            0.13250857591629028,
            0.07643862813711166,
            -0.07627229392528534
        ],
        [
            0.12271035462617874,
            0.06457175314426422,
            -0.07164927572011948
        ],
        [
            0.12804996967315674,
            0.0651128813624382,
            -0.06548839062452316
        ],
        [
            0.08479373157024384,
            0.036974091082811356,
            -0.008665785193443298
        ],
        [
            0.0862293541431427,
            0.04165508225560188,
            0.0013825520873069763
        ],
        [
            0.09224656224250793,
            0.0532412976026535,
            -0.006417211145162582
        ],
        [
            0.09692776203155518,
            0.06549585610628128,
            -0.014036005362868309
        ],
        [
            0.10231954604387283,
            0.07591010630130768,
            -0.02209596335887909
        ],
        [
            0.09955251961946487,
            0.07145320624113083,
            -0.03315160423517227
        ],
        [
            0.09334935247898102,
            0.05517764389514923,
            0.001537274569272995
        ],
        [
            0.12430700659751892,
            0.06139928847551346,
            -0.06421554088592529
        ],
        [
            0.1167677715420723,
            0.057504504919052124,
            -0.06892768293619156
        ],
        [
            0.11774003505706787,
            0.060824520885944366,
            -0.0652715265750885
        ],
        [
            0.12063193321228027,
            0.038981541991233826,
            -0.005724608898162842
        ],
        [
            0.14602215588092804,
            0.06444978713989258,
            -0.0824279934167862
        ],
        [
            0.07924945652484894,
            -0.0067596957087516785,
            -0.013514630496501923
        ],
        [
            0.073638916015625,
            0.0032587796449661255,
            -0.006344802677631378
        ],
        [
            0.07792342454195023,
            0.007303696125745773,
            -0.012909598648548126
        ],
        [
            0.0851493626832962,
            -0.004041567444801331,
            -0.02073557674884796
        ],
        [
            0.1481454074382782,
            0.06576117128133774,
            -0.07085999101400375
        ],
        [
            0.14888620376586914,
            0.0636172965168953,
            -0.07678662985563278
        ],
        [
            0.12581361830234528,
            0.0734393298625946,
            -0.02265302650630474
        ],
        [
            0.12700524926185608,
            0.07722295820713043,
            -0.02730495110154152
        ],
        [
            0.12525127828121185,
            0.08054959028959274,
            -0.025654656812548637
        ],
        [
            0.12614375352859497,
            0.07862312346696854,
            -0.01970650814473629
        ],
        [
            0.0872713178396225,
            0.042597364634275436,
            0.007217027246952057
        ],
        [
            0.11179500818252563,
            0.08432862907648087,
            -0.005613630637526512
        ],
        [
            0.10519655793905258,
            0.08312544971704483,
            -0.014035159721970558
        ],
        [
            0.0808967798948288,
            0.031435977667570114,
            0.007763292640447617
        ],
        [
            0.07897156476974487,
            0.027450382709503174,
            -0.0009888671338558197
        ],
        [
            0.07477858662605286,
            0.020959220826625824,
            0.00502510741353035
        ],
        [
            0.10553719103336334,
            0.06913501024246216,
            -0.047153323888778687
        ],
        [
            0.08536611497402191,
            0.03472260758280754,
            -0.017073996365070343
        ],
        [
            0.07973463833332062,
            0.024655893445014954,
            -0.008119475096464157
        ],
        [
            0.07475768774747849,
            0.016763199120759964,
            -0.0012600123882293701
        ],
        [
            0.07061627507209778,
            0.011747308075428009,
            0.004026632755994797
        ],
        [
            0.0711834579706192,
            0.01681528240442276,
            0.010406523942947388
        ],
        [
            0.13442334532737732,
            0.07436156272888184,
            -0.08132602274417877
        ],
        [
            0.13702423870563507,
            0.08098457753658295,
            -0.07760974019765854
        ],
        [
            0.06556694209575653,
            0.012760043144226074,
            0.016368206590414047
        ],
        [
            0.06577645242214203,
            0.00697731226682663,
            0.009093429893255234
        ],
        [
            0.08129630982875824,
            0.02016112208366394,
            -0.01604088395833969
        ],
        [
            0.08469802886247635,
            0.013908598572015762,
            -0.02518029510974884
        ],
        [
            0.0869220718741417,
            0.030038535594940186,
            -0.02430953085422516
        ],
        [
            0.09045742452144623,
            0.024836711585521698,
            -0.034113235771656036
        ],
        [
            0.10104475915431976,
            0.0629802793264389,
            -0.05519898980855942
        ],
        [
            0.15088286995887756,
            0.09345190227031708,
            -0.07790925353765488
        ],
        [
            0.14259123802185059,
            0.08583594858646393,
            -0.07431550323963165
        ],
        [
            0.1458669900894165,
            0.0831049308180809,
            -0.07028606534004211
        ],
        [
            0.15192581713199615,
            0.09225299209356308,
            -0.07370825856924057
        ],
        [
            0.1391516923904419,
            0.08053163439035416,
            -0.0711715966463089
        ],
        [
            0.1411525458097458,
            0.08497770130634308,
            -0.07983972132205963
        ],
        [
            0.09810225665569305,
            0.015556927770376205,
            -0.043478451669216156
        ],
        [
            0.13175566494464874,
            0.059326909482479095,
            -0.059790246188640594
        ],
        [
            0.09533949196338654,
            0.001350853592157364,
            -0.033871762454509735
        ],
        [
            0.1103263795375824,
            0.009480156004428864,
            -0.05449039489030838
        ],
        [
            0.11080053448677063,
            -0.0013813786208629608,
            -0.046715106815099716
        ],
        [
            0.09457753598690033,
            -0.013913571834564209,
            -0.02430679276585579
        ],
        [
            0.10828082263469696,
            -0.013277407735586166,
            -0.03569423779845238
        ],
        [
            0.0828857570886612,
            -0.018433108925819397,
            -0.010482370853424072
        ],
        [
            0.08772893995046616,
            -0.01481185108423233,
            -0.01707509532570839
        ],
        [
            0.12331917881965637,
            -0.00991029292345047,
            -0.04527043178677559
        ],
        [
            0.16011624038219452,
            0.07996487617492676,
