{
    "pred_cam": [
        4.463398456573486,
        -0.0603511705994606,
        -0.03235679119825363
    ],
    "pred_mano_params": {
        "global_orient": [
            [
                [
                    0.8981818556785583,
                    0.11568006128072739,
                    -0.42413145303726196
                ],
                [
                    0.14357224106788635,
                    -0.9890457987785339,
                    0.03428442403674126
                ],
                [
                    -0.4155194163322449,
                    -0.0916871502995491,
                    -0.9049514532089233
                ]
            ]
        ],
        "hand_pose": [
            [
                [
                    0.24184265732765198,
                    -0.9605334997177124,
                    -0.13743174076080322
                ],
                [
                    0.9702709317207336,
                    0.23803658783435822,
                    0.04373663291335106
                ],
                [
                    -0.009296719916164875,
                    -0.14392341673374176,
                    0.9895451664924622
                ]
            ],
            [
                [
                    0.8859224319458008,
                    -0.4543295204639435,
                    -0.0934133380651474
                ],
                [
                    0.411325603723526,
                    0.8626116514205933,
                    -0.2944694757461548
                ],
                [
                    0.2143656313419342,
                    0.22245381772518158,
                    0.9510843753814697
                ]
            ],
            [
                [
                    0.7826098799705505,
                    -0.5981133580207825,
                    0.17257548868656158
                ],
                [
                    0.616894543170929,
                    0.7823100686073303,
                    -0.08620959520339966
                ],
                [
                    -0.08344443887472153,
                    0.1739293485879898,
                    0.9812164306640625
                ]
            ],
            [
                [
                    0.05206764489412308,
                    -0.9622496366500854,
                    -0.2671414315700531
                ],
                [
                    0.967603862285614,
                    -0.01756485365331173,
                    0.25186148285865784
                ],
                [
                    -0.24704594910144806,
                    -0.2716009318828583,
                    0.9301618933677673
                ]
            ],
            [
                [
                    0.8922672867774963,
                    -0.3338828384876251,
                    -0.30394282937049866
                ],
                [
                    0.391236811876297,
                    0.9077586531639099,
                    0.1513533592224121
                ],
                [
                    0.22537249326705933,
                    -0.2539612948894501,
                    0.9405906200408936
                ]
            ],
            [
                [
                    0.5978706479072571,
                    -0.7700471878051758,
                    0.22266103327274323
                ],
                [
                    0.765110969543457,
                    0.6310484409332275,
                    0.12799596786499023
                ],
                [
                    -0.23907285928726196,
                    0.09383537620306015,
                    0.9664568901062012
                ]
            ],
            [
                [
                    0.2325800657272339,
                    -0.9250356554985046,
                    0.30035895109176636
                ],
                [
                    0.5075556039810181,
                    0.37888118624687195,
                    0.7738451957702637
                ],
                [
                    -0.8296347856521606,
                    -0.027532104402780533,
                    0.557627260684967
                ]
            ],
            [
                [
                    0.7403163909912109,
                    -0.6325861215591431,
                    -0.2275225967168808
                ],
                [
                    0.6537836194038391,
                    0.59868323802948,
                    0.4627586007118225
                ],
                [
                    -0.15652069449424744,
                    -0.4913382828235626,
                    0.8567894697189331
                ]
            ],
            [
                [
                    0.5801643133163452,
                    -0.7765527367591858,
                    0.24571382999420166
                ],
                [
                    0.4658378064632416,
                    0.5638194680213928,
                    0.6819844841957092
                ],
                [
                    -0.6681350469589233,
                    -0.2812002897262573,
                    0.6888555288314819
                ]
            ],
            [
                [
                    0.2051413357257843,
                    -0.9769724011421204,
                    0.058669544756412506
                ],
                [
                    0.8827422857284546,
                    0.2105788141489029,
                    0.42002713680267334
                ],
                [
                    -0.4227094352245331,
                    -0.034374818205833435,
                    0.9056132435798645
                ]
            ],
            [
                [
                    0.7600289583206177,
                    -0.5748281478881836,
                    -0.3031972348690033
                ],
                [
                    0.6498103737831116,
                    0.6794329285621643,
                    0.34076008200645447
                ],
                [
                    0.010123689658939838,
                    -0.4560082256793976,
                    0.8899179697036743
                ]
            ],
            [
                [
                    0.4005948603153229,
                    -0.8881984353065491,
                    0.22500479221343994
                ],
                [
                    0.6423235535621643,
                    0.447353720664978,
                    0.6223303079605103
                ],
                [
                    -0.6534096002578735,
                    -0.10477649420499802,
                    0.749718427658081
                ]
            ],
            [
                [
                    0.9960527420043945,
                    0.08767058700323105,
                    0.013881699182093143
                ],
                [
                    -0.03486466780304909,
                    0.5302417278289795,
                    -0.8471292853355408
                ],
                [
                    -0.08162904530763626,
                    0.84330153465271,
                    0.5312053561210632
                ]
            ],
            [
                [
                    0.9086795449256897,
                    -0.4007519483566284,
                    0.11704408377408981
                ],
                [
                    0.3478633761405945,
                    0.8817830085754395,
                    0.3185117840766907
                ],
                [
                    -0.23085170984268188,
                    -0.2487097978591919,
                    0.9406651258468628
                ]
            ],
            [
                [
                    0.7538280487060547,
                    -0.45843806862831116,
                    -0.4707206189632416
                ],
                [
                    -0.08039997518062592,
                    0.6466531157493591,
                    -0.7585352063179016
                ],
                [
                    0.6521342992782593,
                    0.6096510291099548,
                    0.4506068527698517
                ]
            ]
        ],
        "betas": [
            -0.07674580812454224,
            0.06325361132621765,
            -0.04403236508369446,
            0.08191737532615662,
            -0.0440516471862793,
            0.01669066771864891,
            -0.007544070482254028,
            -0.1757507026195526,
            -0.004040181636810303,
            -0.100644052028656
        ]
    },
    "pred_cam_t": [
        -0.0603511705994606,
        -0.03235679119825363,
        8.751739501953125
    ],
    "focal_length": [
        5000.0,
        5000.0
    ],
    "pred_keypoints_3d": [
        [
            0.09606191515922546,
            0.006411406211555004,
            0.006198185496032238
        ],
        [
            0.06154748797416687,
            0.019396033138036728,
            -0.00577767938375473
        ],
        [
            0.03574233502149582,
            0.035989996045827866,
            -0.00962861068546772
        ],
        [
            0.016032760962843895,
            0.05430639162659645,
            -0.0056103309616446495
        ],
        [
            0.0026104096323251724,
            0.06621632725000381,
            0.023929022252559662
        ],
        [
            0.007069714367389679,
            -0.0004657167010009289,
            0.02462438866496086
        ],
        [
            -0.008204399608075619,
            0.028297405689954758,
            0.030793752521276474
        ],
        [
            -0.0038584349676966667,
            0.04998093098402023,
            0.033444128930568695
        ],
        [
            0.012235600501298904,
            0.06886951625347137,
            0.029462072998285294
        ],
        [
            0.011876910924911499,
            -0.005972946994006634,
            0.048901524394750595
        ],
        [
            0.005658895708620548,
            0.025127213448286057,
            0.050852082669734955
        ],
        [
            0.01395511906594038,
            0.046748217195272446,
            0.04825345426797867
        ],
        [
            0.02617735043168068,
            0.05940520390868187,
            0.0304279662668705
        ],
        [
            0.033237263560295105,
            -0.0023729847744107246,
            0.06491152197122574
        ],
        [
            0.019712064415216446,
            0.023158665746450424,
            0.06417188048362732
        ],
        [
            0.03069492056965828,
            0.04475336894392967,
            0.05856555700302124
        ],
        [
            0.03982272744178772,
            0.04771753400564194,
            0.036242663860321045
        ],
        [
            0.0512508824467659,
            0.004933185409754515,
            0.0750659629702568
        ],
        [
            0.03912949562072754,
            0.022186055779457092,
            0.07340717315673828
        ],
        [
            0.04489479959011078,
            0.03883260861039162,
            0.06631941348314285
        ],
        [
            0.05584949254989624,
            0.03825872018933296,
            0.051914893090724945
        ]
    ],
    "pred_vertices": [
        [
            0.041384898126125336,
            0.017070207744836807,
            0.013540547341108322
        ],
        [
            0.0503501296043396,
            0.02013947069644928,
            0.01022846158593893
        ],
        [
            0.04123561456799507,
            0.024797819554805756,
            0.007847223430871964
        ],
        [
            0.03263761103153229,
            0.0202922560274601,
            0.009803792461752892
        ],
        [
            0.05958424136042595,
            0.03677584230899811,
            0.0025020218454301357
        ],
        [
            0.0638934001326561,
            0.039180073887109756,
            -0.008973732590675354
        ],
        [
            0.04941808432340622,
            0.04477959871292114,
            -0.008610757999122143
        ],
        [
            0.0483149029314518,
            0.04238015413284302,
            0.0015604568179696798
        ],
        [
            0.025236645713448524,
            0.021675389260053635,
            0.006331967189908028
        ],
        [
            0.03399060666561127,
            0.02860448509454727,
            0.0061337584629654884
        ],
        [
            0.022654201835393906,
            0.021031910553574562,
            0.0018527628853917122
        ],
        [
            0.01665690541267395,
            0.007484051864594221,
            0.0025645745918154716
        ],
        [
            0.018876593559980392,
            0.012774170376360416,
            0.007236862555146217
        ],
        [
            0.011680524796247482,
            0.0006572977872565389,
            0.0067428117617964745
        ],
        [
            0.02269343100488186,
            -0.0005356390029191971,
            -0.0024337545037269592
        ],
        [
            0.012788865715265274,
            -0.008978422731161118,
            0.008943334221839905
        ],
        [
            0.042340829968452454,
            -0.017161283642053604,
            0.01664230413734913
        ],
        [
            0.05145786702632904,
            -0.017952926456928253,
            0.02729412168264389
        ],
        [
            0.03590632230043411,
            -0.021079009398818016,
            0.03753025829792023
        ],
        [
            0.028080208227038383,
            -0.018886370584368706,
            0.02575794793665409
        ],
        [
            0.05311357229948044,
            -0.016111601144075394,
            0.049533650279045105
        ],
        [
            0.043051689863204956,
            -0.01884874515235424,
            0.04334583505988121
        ],
        [
            0.05848759412765503,
            -0.017296068370342255,
            0.03325330466032028
        ],
        [
            0.06662558019161224,
            -0.014748736284673214,
            0.03917151317000389
        ],
        [
            0.05589381232857704,
            0.014783870428800583,
            0.0223015658557415
        ],
        [
            0.06535300612449646,
            0.01723511517047882,
            0.018480567261576653
        ],
        [
            0.060030288994312286,
            0.01674818992614746,
            0.014801234006881714
        ],
        [
            0.05136866867542267,
            0.015000113286077976,
            0.01843389682471752
        ],
        [
            0.022588323801755905,
            0.03016897290945053,
            -0.009221136569976807
        ],
        [
            0.028298454359173775,
            0.016584964469075203,
            -0.012277688831090927
        ],
        [
            0.023664571344852448,
            0.016668276861310005,
            -0.005472209304571152
        ],
        [
            0.0223503690212965,
            0.03182896971702576,
            -0.004025694914162159
        ],
        [
            0.0928262397646904,
            0.028617648407816887,
            0.01615717262029648
        ],
        [
            0.10328762233257294,
            0.024377036839723587,
            0.008388906717300415
        ],
        [
            0.10019149631261826,
            0.02389567904174328,
            0.0033592991530895233
        ],
        [
            0.0911995992064476,
            0.02724652923643589,
            0.01161995530128479
        ],
        [
            0.08358854055404663,
            0.02877173386514187,
            -0.009629953652620316
        ],
        [
            0.09196772426366806,
            0.022906053811311722,
            -0.012514594942331314
        ],
        [
            0.09291847050189972,
            0.015415136702358723,
            -0.024024367332458496
        ],
        [
            0.08328023552894592,
            0.01877720281481743,
            -0.022788073867559433
        ],
        [
            0.07331758737564087,
            0.03445209190249443,
            -0.008513879030942917
        ],
        [
            0.07371097803115845,
            0.027659930288791656,
            -0.02097918838262558
        ],
        [
            0.06354222446680069,
            0.034407079219818115,
            -0.01963130757212639
        ],
        [
            0.04844529926776886,
            0.04237361252307892,
            -0.017792271450161934
        ],
        [
            0.11023401468992233,
            0.022143496200442314,
            0.0190589502453804
        ],
        [
            0.10369613766670227,
            0.02553461119532585,
            0.02633402869105339
        ],
        [
            -0.0020457105711102486,
            0.03495349735021591,
            0.02187216281890869
        ],
        [
            0.0017201108857989311,
            0.035121675580739975,
            0.02666953019797802
        ],
        [
            0.0030093113891780376,
            0.030733518302440643,
            0.024560920894145966
        ],
        [
            -0.0012191671412438154,
            0.03082551434636116,
            0.020542152225971222
        ],
        [
            0.11127237975597382,
            0.006423620507121086,
            0.032114505767822266
        ],
        [
            0.11059863865375519,
            -0.0036266427487134933,
            0.03081735223531723
        ],
        [
            0.11704121530056,
            -0.0015438745031133294,
            0.028017688542604446
        ],
        [
            0.11706081032752991,
            0.00790373608469963,
            0.02736833691596985
        ],
        [
            0.10364678502082825,
            0.004441392607986927,
            0.038362860679626465
        ],
        [
            0.10134277492761612,
            -0.005973569117486477,
            0.034371014684438705
        ],
        [
            -0.013978077098727226,
            0.034132979810237885,
            0.0263503585010767
        ],
        [
            -0.01096886396408081,
            0.035110995173454285,
            0.022140637040138245
        ],
        [
            -0.011469084769487381,
            0.029234660789370537,
            0.021765772253274918
        ],
        [
            -0.013968510553240776,
            0.02735358476638794,
            0.026474934071302414
        ],
        [
            0.024790186434984207,
            0.015430165454745293,
            0.01196277979761362
        ],
        [
            0.03294133394956589,
            0.01537067536264658,
            0.017272640019655228
        ],
        [
            0.013933880254626274,
            0.00870547629892826,
            0.020640194416046143
        ],
        [
            0.02052418328821659,
            0.010985254310071468,
            0.020706042647361755
        ],
        [
            0.017655575647950172,
            0.01013821829110384,
            0.014210273511707783
        ],
        [
            0.012232650071382523,
            0.007704231888055801,
            0.015060516074299812
        ],
        [
            0.03867654502391815,
            0.010196286253631115,
            0.03612610325217247
        ],
        [
            0.04851200059056282,
            0.012011274695396423,
            0.03023809939622879
        ],
        [
            0.043114811182022095,
            0.01186421886086464,
            0.02614404633641243
        ],
        [
            0.031491462141275406,
            0.010747681371867657,
            0.03126294165849686
        ],
        [
            0.05799026042222977,
            0.014792630448937416,
            0.04057971388101578
        ],
        [
            0.04766717553138733,
            0.01222124695777893,
            0.04545370489358902
        ],
        [
            0.05443411320447922,
            0.013982168398797512,
            0.05063902586698532
        ],
        [
            0.060354139655828476,
            0.016567056998610497,
            0.04640934616327286
        ],
        [
            0.02871769294142723,
            0.006765948608517647,
            0.05073483660817146
        ],
        [
            0.024753600358963013,
            0.004436361137777567,
            0.05129683017730713
        ],
        [
            0.02662811242043972,
            0.006293771788477898,
            0.05307159945368767
        ],
        [
            0.03176845237612724,
            0.00761901680380106,
            0.052691180258989334
        ],
        [
            0.12333126366138458,
            -0.0005673785926774144,
            0.024770937860012054
        ],
        [
            0.12214525043964386,
            0.008877759799361229,
            0.022126246243715286
        ],
        [
            0.06951756775379181,
            -0.008120071142911911,
            0.062366098165512085
        ],
        [
            0.07715821266174316,
            0.00032398244366049767,
            0.06379885226488113
        ],
        [
            0.06670879572629929,
            0.00022860500030219555,
            0.0732736587524414
        ],
        [
            0.06090017780661583,
            -0.010133466683328152,
            0.06974954903125763
        ],
        [
            0.10582124441862106,
            -0.011404730379581451,
            0.025661274790763855
        ],
        [
            0.11353674530982971,
            -0.010400518774986267,
            0.024502355605363846
        ],
        [
            -0.01399279199540615,
            0.033134978264570236,
            0.03270117565989494
        ],
        [
            -0.013323269784450531,
            0.02682407945394516,
            0.03270188346505165
        ],
        [
            0.06223016232252121,
            0.021949375048279762,
            -0.025749778375029564
        ],
        [
            0.04541139677166939,
            0.0344427116215229,
            -0.023738807067275047
        ],
        [
            0.07514321804046631,
            0.01311300415545702,
            -0.026057753711938858
        ],
        [
            0.08414030820131302,
            0.006840371061116457,
            -0.025615829974412918
        ],
        [
            0.09216301143169403,
            0.003634844673797488,
            -0.02733602002263069
        ],
        [
            0.02081310749053955,
            0.010095956735312939,
            0.02744370698928833
        ],
        [
            0.04185136780142784,
            0.013979989103972912,
            0.0205061137676239
        ],
        [
            0.059645719826221466,
            0.015270465984940529,
            0.02595973201096058
        ],
        [
            0.0763305202126503,
            0.02214348129928112,
            0.05143175646662712
        ],
        [
            0.08477771282196045,
            0.0243377722799778,
            0.045735202729701996
        ],
        [
            0.07568695396184921,
            0.024263737723231316,
            0.03971738740801811
        ],
        [
            0.07023020833730698,
            0.02173350192606449,
            0.045925289392471313
        ],
        [
            0.07760575413703918,
            0.010447674430906773,
            0.06472103297710419
        ],
        [
            0.07304923236370087,
            0.016695108264684677,
            0.061682332307100296
        ],
        [
            0.06668603420257568,
            0.014755738899111748,
            0.0665237158536911
        ],
        [
            0.06923040747642517,
            0.008875261060893536,
            0.07139362394809723
        ],
        [
            0.02419590950012207,
            0.0327678918838501,
            -0.016411496326327324
        ],
        [
            0.033094026148319244,
            0.01811293140053749,
            -0.018402157351374626
        ],
        [
            0.1095852255821228,
            0.016806242987513542,
            0.030226338654756546
        ],
        [
            0.1140722930431366,
            0.016994385048747063,
            0.023736394941806793
        ],
        [
            0.12037665396928787,
            0.015356863848865032,
            0.01810196414589882
        ],
        [
            0.0783819854259491,
            0.023430436849594116,
            0.016339201480150223
        ],
        [
            0.09003831446170807,
            0.026388846337795258,
            0.008514836430549622
        ],
        [
            0.08688642829656601,
            0.026429178193211555,
            0.00561586394906044
        ],
        [
            0.075937919318676,
            0.021695666015148163,
            0.014186849817633629
        ],
        [
            0.060487207025289536,
            0.025100626051425934,
            0.009164765477180481
        ],
        [
            0.07145871222019196,
            0.03085917979478836,
            0.00347842276096344
        ],
        [
            0.05062268674373627,
            0.030932176858186722,
            0.008620507083833218
        ],
        [
            0.09753553569316864,
            0.02328483574092388,
            -0.004244852811098099
        ],
        [
            0.10851963609457016,
            0.023171646520495415,
            -0.0028929375112056732
        ],
        [
            0.10448792576789856,
            0.021759044378995895,
            -0.010739285498857498
        ],
        [
            0.11362478882074356,
            0.022187525406479836,
            0.005500957369804382
        ],
        [
            0.11783169955015182,
            0.019709767773747444,
            0.013037551194429398
        ],
        [
            0.12162390351295471,
            -0.012225254438817501,
            0.022374805063009262
        ],
        [
            0.10013443231582642,
            0.01901417411863804,
            -0.017404668033123016
        ],
        [
            0.04024244472384453,
            0.0454474538564682,
            0.00017590075731277466
        ],
        [
            0.033893100917339325,
            0.049679599702358246,
            -0.0013822689652442932
        ],
        [
            0.029822643846273422,
            0.04353555664420128,
            0.0024922331795096397
        ],
        [
            0.03581070899963379,
            0.03894802927970886,
            0.0046932692639529705
        ],
        [
            0.005557986907660961,
            -0.0015501317102462053,
            0.012396261096000671
        ],
        [
            0.00849026720970869,
            0.004668635316193104,
            0.012120702303946018
        ],
        [
            0.014363558031618595,
            0.007125385571271181,
            0.008066918700933456
        ],
        [
            0.08683131635189056,
            0.028091344982385635,
            0.026139382272958755
        ],
        [
            0.09634551405906677,
            0.02568962424993515,
            0.03438073396682739
        ],
        [
            0.014503715559840202,
            0.00857568345963955,
            0.026571519672870636
        ],
        [
            -0.012807323597371578,
            0.020939279347658157,
            0.026490403339266777
        ],
        [
            -0.010400268249213696,
            0.02256941981613636,
            0.02095552161335945
        ],
        [
            -0.001011039363220334,
            0.004661708138883114,
            0.0159531831741333
        ],
        [
            -0.004416158422827721,
            0.0026724832132458687,
            0.022162755951285362
        ],
        [
            0.011611724272370338,
            0.007199493236839771,
            0.03272101283073425
        ],
        [
            0.014333726838231087,
            0.009389542043209076,
            0.0260876826941967
        ],
        [
            0.014059922657907009,
            0.01054285280406475,
            0.026581890881061554
        ],
        [
            0.012357345782220364,
            0.011624901555478573,
            0.033175695687532425
        ],
        [
            0.03478877991437912,
            0.0083994772285223,
            0.05735710635781288
        ],
        [
            0.03925635293126106,
            0.009579072706401348,
            0.05697709694504738
        ],
        [
            0.015044713392853737,
            -0.014963307417929173,
            0.03557197004556656
        ],
        [
            0.008315986022353172,
            -0.017222031950950623,
            0.023258499801158905
        ],
        [
            0.020108778029680252,
            -0.01687035709619522,
            0.014544093050062656
        ],
        [
            0.04440183565020561,
            0.011081020347774029,
            0.04095698148012161
        ],
        [
            0.03614090010523796,
            0.00948171317577362,
            0.0467667393386364
        ],
        [
            0.03920070081949234,
            0.009898392483592033,
            0.04959060251712799
        ],
        [
            0.019679125398397446,
            0.009248221293091774,
            0.031769365072250366
        ],
        [
            0.014408172108232975,
            0.007652986329048872,
            0.03277459740638733
        ],
        [
            0.01721559837460518,
            0.006999252829700708,
            0.03631025552749634
        ],
        [
            0.023709479719400406,
            0.009200210683047771,
            0.03506547212600708
        ],
        [
            0.0874338373541832,
            0.0009421964641660452,
            0.05491165071725845
        ],
        [
            0.08775010704994202,
            0.012750908732414246,
            0.056622445583343506
        ],
        [
            -0.006630806252360344,
            0.03513960912823677,
            0.02046830765902996
        ],
        [
            -0.006579323671758175,
            0.03012288734316826,
            0.019504370167851448
        ],
        [
            0.05391519516706467,
            0.012898690067231655,
            0.03505855053663254
        ],
        [
            0.034270841628313065,
            -0.013009963557124138,
            0.0075882188975811005
        ],
        [
            0.06348828971385956,
            0.01620199903845787,
            0.029902800917625427
        ],
        [
            0.04222864285111427,
            -0.006222734693437815,
            0.06683541089296341
        ],
        [
            0.043159276247024536,
            0.00206390512175858,
            0.0683601126074791
        ],
        [
            0.039780668914318085,
            0.005484176333993673,
            0.06802254915237427
        ],
        [
            0.0369635671377182,
            0.0005887551233172417,
            0.06860712915658951
        ],
        [
            0.004661421291530132,
            0.024812977761030197,
            0.035984888672828674
        ],
        [
            0.00635931733995676,
            0.02672356180846691,
            0.030450033023953438
        ],
        [
            0.004783490672707558,
            0.030334191396832466,
            0.030598387122154236
        ],
        [
            0.002892878605052829,
            0.029046792536973953,
            0.0360657200217247
        ],
        [
            0.013873755931854248,
            0.008973091840744019,
            0.020197415724396706
        ],
        [
            0.010618288069963455,
            0.007673272863030434,
            0.015473972074687481
        ],
        [
            0.010034644976258278,
            0.01045079156756401,
            0.01563788764178753
        ],
        [
            0.012798208743333817,
            0.011346396058797836,
            0.021303748711943626
        ],
        [
            0.006560062058269978,
            0.004202413372695446,
            0.01290696207433939
        ],
        [
            0.00454710004851222,
            0.00735860550776124,
            0.013652598485350609
        ],
        [
            -0.0006397189572453499,
            0.022467846050858498,
            0.039171695709228516
        ],
        [
            -0.007906541228294373,
            0.020642895251512527,
            0.03782985359430313
        ],
        [
            0.0003469623625278473,
            0.0043077184818685055,
            0.03603152185678482
        ],
        [
            0.0061208633705973625,
            0.01005617156624794,
            0.0374438650906086
        ],
        [
            0.07933477312326431,
            -0.015190006233751774,
            0.030067643150687218
        ],
        [
            0.08656115084886551,
            -0.011238092556595802,
            0.03773864358663559
        ],
        [
            0.07414553314447403,
            -0.011020313948392868,
            0.047171641141176224
        ],
        [
            0.061966944485902786,
            -0.011983910575509071,
            0.0576014518737793
        ],
        [
            0.0498787946999073,
            -0.011785305105149746,
            0.06591871380805969
        ],
        [
            0.0419212207198143,
            -0.017523614689707756,
            0.05875508859753609
        ],
        [
            0.08044062554836273,
            -0.007427438627928495,
            0.051520273089408875
        ],
        [
            0.01171006541699171,
            -0.003727434668689966,
            0.03722250834107399
        ],
        [
            0.006722977384924889,
            -0.0067276861518621445,
            0.03463139757514
        ],
        [
            0.011288385838270187,
            -0.009112603962421417,
            0.0380750335752964
        ],
        [
            0.06762688606977463,
            0.018879976123571396,
            0.03562978655099869
        ],
        [
            -0.0057634636759757996,
            0.024028431624174118,
            0.01835569180548191
        ],
        [
            0.0882132425904274,
            -0.013425120152533054,
            -0.01369883306324482
        ],
        [
            0.09423964470624924,
            -0.018027298152446747,
            -0.002427510917186737
        ],
        [
            0.08572253584861755,
            -0.017089132219552994,
            -0.00022507086396217346
        ],
        [
            0.07889681309461594,
            -0.010917057283222675,
            -0.012877063825726509
        ],
        [
            0.004701083060353994,
            0.02702111378312111,
            0.023601265624165535
        ],
        [
            0.00041509245056658983,
            0.025973454117774963,
            0.018752237781882286
        ],
        [
            0.04293648898601532,
            0.011902520433068275,
            0.06196747347712517
        ],
        [
            0.03825919330120087,
            0.010582290589809418,
            0.0618574395775795
        ],
        [
            0.03976675495505333,
            0.01049443706870079,
            0.06396004557609558
        ],
        [
            0.04412449896335602,
            0.012965588830411434,
            0.06617753952741623
        ],
        [
            0.0911911278963089,
            -0.008350005373358727,
            0.04054810106754303
        ],
        [
            0.05907301604747772,
            0.006552533246576786,
            0.07766233384609222
        ],
        [
            0.05399590730667114,
            -0.004542128182947636,
            0.07430517673492432
        ],
        [
            0.09694672375917435,
            -0.011736654676496983,
            0.029388774186372757
        ],
        [
            0.09089264273643494,
            -0.0158089529722929,
            0.022742625325918198
        ],
        [
            0.09952503442764282,
            -0.016325224190950394,
            0.01803673431277275
        ],
        [
            0.02842506766319275,
            -0.015555787831544876,
            0.05222868174314499
        ],
        [
            0.07217614352703094,
            -0.01711989752948284,
            0.025357792153954506
        ],
        [
            0.08493997901678085,
            -0.017053725197911263,
            0.017950735986232758
        ],
        [
            0.09497526288032532,
            -0.01771671697497368,
            0.012103717774152756
        ],
        [
            0.10253384709358215,
            -0.018789371475577354,
            0.008602939546108246
        ],
        [
            0.10672827064990997,
            -0.017002524808049202,
            0.015441272407770157
        ],
        [
            -0.011471860110759735,
            0.020697738975286484,
            0.03282754495739937
        ],
        [
            -0.009300055913627148,
            0.02715255506336689,
            0.038232702761888504
        ],
        [
            0.11518543213605881,
            -0.019301563501358032,
            0.012959718704223633
        ],
        [
            0.11006045341491699,
            -0.020574260503053665,
            0.005244746804237366
        ],
        [
            0.07838735729455948,
            -0.017562218010425568,
            0.011345457285642624
        ],
        [
            0.07047348469495773,
            -0.016421975567936897,
            0.0028071627020835876
        ],
        [
            0.06625331938266754,
            -0.017365721985697746,
            0.01871289499104023
        ],
        [
            0.05741226673126221,
            -0.016595060005784035,
            0.01093868725001812
        ],
        [
            0.023039711639285088,
            -0.022569457069039345,
            0.04461081698536873
        ],
        [
            -0.005886313039809465,
            0.04525105282664299,
            0.04125434160232544
        ],
        [
            -0.005022920668125153,
            0.03402506560087204,
            0.04053587466478348
        ],
        [
            0.0003532783593982458,
            0.03397807106375694,
            0.03806264325976372
        ],
        [
            -0.0016231648623943329,
            0.04435835778713226,
            0.04131222516298294
        ],
        [
            -0.002117760945111513,
            0.027817493304610252,
            0.039094310253858566
        ],
        [
            -0.0102838771417737,
            0.03335702791810036,
            0.038600750267505646
        ],
        [
            0.04816442355513573,
            -0.010614914819598198,
            -0.000753600150346756
        ],
        [
            0.013335585594177246,
            0.0037659904919564724,
            0.03678944334387779
        ],
        [
            0.06186535581946373,
            -0.006876721512526274,
            -0.011369753628969193
        ],
        [
            0.03459279611706734,
            -0.0007209130562841892,
            -0.010013440623879433
        ],
        [
            0.0453704334795475,
            0.004499152302742004,
            -0.017364248633384705
        ],
        [
            0.07510381937026978,
            -0.001378379063680768,
            -0.02257348969578743
        ],
        [
            0.06036350503563881,
            0.007908692583441734,
            -0.024802278727293015
        ],
        [
            0.09245944768190384,
            -0.006761500146239996,
            -0.02363741584122181
        ],
        [
            0.08400476723909378,
            -0.005232521332800388,
            -0.021772464737296104
        ],
        [
