{
    "pred_cam": [
        7.716274261474609,
        0.14108063280582428,
        0.008195262402296066
    ],
    "pred_mano_params": {
        "global_orient": [
            [
                [
                    -0.8978604078292847,
                    0.3082299828529358,
                    -0.31438982486724854
                ],
                [
                    0.27415257692337036,
                    -0.16734541952610016,
                    -0.9470142126083374
                ],
                [
                    -0.3445098400115967,
                    -0.9364773631095886,
                    0.06575078517198563
                ]
            ]
        ],
        "hand_pose": [
            [
                [
                    0.9682803153991699,
                    -0.06807240843772888,
                    -0.24041523039340973
                ],
                [
                    0.08973486721515656,
                    0.9927211403846741,
                    0.0803259015083313
                ],
                [
                    0.23319733142852783,
                    -0.09935160726308823,
                    0.9673408269882202
                ]
            ],
            [
                [
                    0.2574540078639984,
                    -0.9220974445343018,
                    0.2888838052749634
                ],
                [
                    0.9662308096885681,
                    0.24233849346637726,
                    -0.08757945895195007
                ],
                [
                    0.010749120265245438,
                    0.30167609453201294,
                    0.9533500075340271
                ]
            ],
            [
                [
                    0.8991245627403259,
                    -0.40600889921188354,
                    0.16349846124649048
                ],
                [
                    0.38600170612335205,
                    0.9116418957710266,
                    0.14110887050628662
                ],
                [
                    -0.20634350180625916,
                    -0.06376377493143082,
                    0.9763997793197632
                ]
            ],
            [
                [
                    0.8700844049453735,
                    -0.4919976592063904,
                    0.02985507622361183
                ],
                [
                    0.47432953119277954,
                    0.8522317409515381,
                    0.2207091897726059
                ],
                [
                    -0.13403186202049255,
                    -0.17787450551986694,
                    0.9748825430870056
                ]
            ],
            [
                [
                    0.44908490777015686,
                    -0.8584821820259094,
                    -0.24765102565288544
                ],
                [
                    0.8929468989372253,
                    0.42157331109046936,
                    0.15786632895469666
                ],
                [
                    -0.03112238086760044,
                    -0.2920345962047577,
                    0.9559012651443481
                ]
            ],
            [
                [
                    0.9681841135025024,
                    -0.2467082440853119,
                    0.04188893362879753
                ],
                [
                    0.2484436333179474,
                    0.9676908254623413,
                    -0.04301493614912033
                ],
                [
                    -0.029923394322395325,
                    0.052053410559892654,
                    0.9981959462165833
                ]
            ],
            [
                [
                    0.8742981553077698,
                    -0.4812828004360199,
                    0.06300482898950577
                ],
                [
                    0.47741615772247314,
                    0.876091718673706,
                    0.06735725700855255
                ],
                [
                    -0.08761590719223022,
                    -0.02881079725921154,
                    0.9957375526428223
                ]
            ],
            [
                [
                    0.754850447177887,
                    -0.6553199291229248,
                    0.027507226914167404
                ],
                [
                    0.48714369535446167,
                    0.588226854801178,
                    0.6455077528953552
                ],
                [
                    -0.43919453024864197,
                    -0.47386181354522705,
                    0.7632582783699036
                ]
            ],
            [
                [
                    0.9420621395111084,
                    -0.30564287304878235,
                    0.13820780813694
                ],
                [
                    0.275508850812912,
                    0.9400569200515747,
                    0.2009671926498413
                ],
                [
                    -0.1913474053144455,
                    -0.1512461006641388,
                    0.9697993397712708
                ]
            ],
            [
                [
                    0.8684651851654053,
                    -0.49511444568634033,
                    0.02509971708059311
                ],
                [
                    0.49472543597221375,
                    0.8688121438026428,
                    0.02030418999493122
                ],
                [
                    -0.031859833747148514,
                    -0.005216012708842754,
                    0.999478816986084
                ]
            ],
            [
                [
                    0.6082095503807068,
                    -0.7836989164352417,
                    -0.12608355283737183
                ],
                [
                    0.6904502511024475,
                    0.4439580738544464,
                    0.571121335029602
                ],
                [
                    -0.39161139726638794,
                    -0.43441593647003174,
                    0.8111246228218079
                ]
            ],
            [
                [
                    0.9470807909965515,
                    -0.3203367292881012,
                    0.020550502464175224
                ],
                [
                    0.320962518453598,
                    0.9459554553031921,
                    -0.04638335481286049
                ],
                [
                    -0.00458156643435359,
                    0.05052473023533821,
                    0.9987123012542725
                ]
            ],
            [
                [
                    0.9681397676467896,
                    0.010261877439916134,
                    0.25019997358322144
                ],
                [
                    0.2121247947216034,
                    0.4973643124103546,
                    -0.8412085771560669
                ],
                [
                    -0.13307291269302368,
                    0.8674811124801636,
                    0.4793413579463959
                ]
            ],
            [
                [
                    0.9297637939453125,
                    -0.28506675362586975,
                    -0.2329729199409485
                ],
                [
                    0.35890498757362366,
                    0.8428056240081787,
                    0.40108099579811096
                ],
                [
                    0.08201602846384048,
                    -0.45652568340301514,
                    0.8859220147132874
                ]
            ],
            [
                [
                    0.8403026461601257,
                    -0.538724422454834,
                    -0.06055903434753418
                ],
                [
                    0.47715288400650024,
                    0.7880001664161682,
                    -0.38907700777053833
                ],
                [
                    0.25732582807540894,
                    0.2980465292930603,
                    0.9192125201225281
                ]
            ]
        ],
        "betas": [
            -0.040481120347976685,
            -0.041644513607025146,
            -0.016026943922042847,
            -0.02724573016166687,
            0.0729711651802063,
            0.01639501005411148,
            0.06044702231884003,
            -0.00500430166721344,
            0.021904170513153076,
            -0.02600008249282837
        ]
    },
    "pred_cam_t": [
        -0.14108063280582428,
        0.008195262402296066,
        5.062352657318115
    ],
    "focal_length": [
        5000.0,
        5000.0
    ],
    "pred_keypoints_3d": [
        [
            0.09592630714178085,
            0.0063993060030043125,
            0.006209284998476505
        ],
        [
            0.10469447076320648,
            -0.02213621512055397,
            0.030738424509763718
        ],
        [
            0.10451947897672653,
            -0.0357452929019928,
            0.05840341001749039
        ],
        [
            0.11398348212242126,
            -0.040989235043525696,
            0.08329525589942932
        ],
        [
            0.11635249853134155,
            -0.03238707408308983,
            0.11630098521709442
        ],
        [
            0.1671106517314911,
            -0.03655622527003288,
            0.04288807138800621
        ],
        [
            0.1985417753458023,
            -0.04009959101676941,
            0.05259066820144653
        ],
        [
            0.1940590739250183,
            -0.03750640153884888,
            0.07422681897878647
        ],
        [
            0.18076086044311523,
            -0.03663851320743561,
            0.0949622094631195
        ],
        [
            0.18173876404762268,
            -0.016173258423805237,
            0.040068771690130234
        ],
        [
            0.20313693583011627,
            -0.019989291206002235,
            0.063272625207901
        ],
        [
            0.19226035475730896,
            -0.017408888787031174,
            0.0837535560131073
        ],
        [
            0.17898240685462952,
            -0.015864554792642593,
            0.10594627261161804
        ],
        [
            0.17671914398670197,
            0.009897859767079353,
            0.03636445105075836
        ],
        [
            0.197432279586792,
            0.008852509781718254,
            0.056540727615356445
        ],
        [
            0.18834710121154785,
            0.00896927248686552,
            0.07966309785842896
        ],
        [
            0.17720632255077362,
            0.007903965190052986,
            0.10258613526821136
        ],
        [
            0.16841678321361542,
            0.03015657514333725,
            0.036452408879995346
        ],
        [
            0.18324093520641327,
            0.0377478301525116,
            0.0495385006070137
        ],
        [
            0.18009379506111145,
            0.039145294576883316,
            0.06823105365037918
        ],
        [
            0.17329302430152893,
            0.03611253201961517,
            0.0854528397321701
        ]
    ],
    "pred_vertices": [
        [
            0.1301611065864563,
            -0.020794305950403214,
            0.04208410531282425
        ],
        [
            0.1209964007139206,
            -0.01730446331202984,
            0.04055105149745941
        ],
        [
            0.12141942977905273,
            -0.023227553814649582,
            0.049203455448150635
        ],
        [
            0.13102953135967255,
            -0.028145406395196915,
            0.04887283593416214
        ],
        [
            0.10075490176677704,
            -0.012545201927423477,
            0.047105975449085236
        ],
        [
            0.09021572768688202,
            -0.017750177532434464,
            0.0441359244287014
        ],
        [
            0.09406163543462753,
            -0.024659469723701477,
            0.057424187660217285
        ],
        [
            0.10177591443061829,
            -0.01843387261033058,
            0.05867974832653999
        ],
        [
            0.1314050406217575,
            -0.0343560129404068,
            0.05341380834579468
        ],
        [
            0.12149032950401306,
            -0.027566490694880486,
            0.0560520701110363
        ],
        [
            0.12916837632656097,
            -0.038098275661468506,
            0.05326203256845474
        ],
        [
            0.1416364163160324,
            -0.04498923942446709,
            0.04393329471349716
        ],
        [
            0.14140258729457855,
            -0.03979366272687912,
            0.04797946289181709
        ],
        [
            0.15117663145065308,
            -0.04665342718362808,
            0.0404595211148262
        ],
        [
            0.13829071819782257,
            -0.04628044366836548,
            0.033321868628263474
        ],
        [
            0.15443401038646698,
            -0.044807758182287216,
            0.03142503276467323
        ],
        [
            0.1461634635925293,
            -0.023033645004034042,
            0.011730652302503586
        ],
        [
            0.14737318456172943,
            -0.009469023905694485,
            0.008567746728658676
        ],
        [
            0.16297157108783722,
            -0.011974966153502464,
            0.014835933223366737
        ],
        [
            0.1598130166530609,
            -0.025168579071760178,
            0.018144134432077408
        ],
        [
            0.1574915051460266,
            0.008115408942103386,
            0.013504615053534508
        ],
        [
            0.16151131689548492,
            -0.0029815230518579483,
            0.014397623017430305
        ],
        [
            0.14630617201328278,
            -0.0006117243319749832,
            0.006974473595619202
        ],
        [
            0.1435331404209137,
            0.009308075532317162,
            0.00668301060795784
        ],
        [
            0.12784279882907867,
            -0.0054232217371463776,
            0.03413882106542587
        ],
        [
            0.11862362921237946,
            -0.0022033285349607468,
            0.031438376754522324
        ],
        [
            0.12005101144313812,
            -0.008623411878943443,
            0.03328820690512657
        ],
        [
            0.12819260358810425,
            -0.011238817125558853,
            0.0360148549079895
        ],
        [
            0.11816954612731934,
            -0.04345647618174553,
            0.058546461164951324
        ],
        [
            0.11936196684837341,
            -0.04641849175095558,
            0.0438227578997612
        ],
        [
            0.12624311447143555,
            -0.04377318173646927,
            0.0475129559636116
        ],
        [
            0.120097815990448,
            -0.03902507573366165,
            0.061200156807899475
        ],
        [
            0.09435448050498962,
            0.01543612964451313,
            0.028614172711968422
        ],
        [
            0.0847424790263176,
            0.01547013409435749,
            0.01904875971376896
        ],
        [
            0.08386453986167908,
            0.009621916338801384,
            0.019024798646569252
        ],
        [
            0.09335126727819443,
            0.010706162080168724,
            0.027270415797829628
        ],
        [
            0.08469197154045105,
            -0.009495865553617477,
            0.026774045079946518
        ],
        [
            0.07993418723344803,
            -0.007678177207708359,
            0.018258852884173393
        ],
        [
            0.07515265792608261,
            -0.0169297493994236,
            0.009538855403661728
        ],
        [
            0.08047571778297424,
            -0.021380260586738586,
            0.01638859510421753
        ],
        [
            0.0885094553232193,
            -0.01335427537560463,
            0.035680174827575684
        ],
        [
            0.08335025608539581,
            -0.023907560855150223,
            0.027881868183612823
        ],
        [
            0.08596309274435043,
            -0.02696722373366356,
            0.0383150540292263
        ],
        [
            0.09081827104091644,
            -0.03279229998588562,
            0.05379606410861015
        ],
        [
            0.08790455758571625,
            0.027578890323638916,
            0.016001645475625992
        ],
        [
            0.09507707506418228,
            0.029407862573862076,
            0.02301856130361557
        ],
        [
            0.18548530340194702,
            -0.042838484048843384,
            0.059749994426965714
        ],
        [
            0.18576759099960327,
            -0.036646150052547455,
            0.06064971908926964
        ],
        [
            0.18562307953834534,
            -0.03671017289161682,
            0.060195066034793854
        ],
        [
            0.18554355204105377,
            -0.04262242466211319,
            0.05946013703942299
        ],
        [
            0.10234033316373825,
            0.03539210185408592,
            0.004138655960559845
        ],
        [
            0.10646172612905502,
            0.03248806297779083,
            -0.004655465483665466
        ],
        [
            0.09968265891075134,
            0.0348098948597908,
            -0.006117627024650574
        ],
        [
            0.09506890922784805,
            0.03575339913368225,
            0.002075944095849991
        ],
        [
            0.11190588027238846,
            0.03477897495031357,
            0.006994254887104034
        ],
        [
            0.11554861068725586,
            0.028868013992905617,
            -0.0019707009196281433
        ],
        [
            0.19731289148330688,
            -0.04725904390215874,
            0.05684424936771393
        ],
        [
            0.19238650798797607,
            -0.048379652202129364,
            0.0584954172372818
        ],
        [
            0.19253112375736237,
            -0.04839412495493889,
            0.054981932044029236
        ],
        [
            0.1967298537492752,
            -0.0465199276804924,
            0.05199287831783295
        ],
        [
            0.1402292251586914,
            -0.03246632590889931,
            0.04792061448097229
        ],
        [
            0.13877378404140472,
            -0.023424629122018814,
            0.04464956372976303
        ],
        [
            0.15925559401512146,
            -0.03571730852127075,
            0.05142277479171753
        ],
        [
            0.15101002156734467,
            -0.02942531928420067,
            0.04754730314016342
        ],
        [
            0.1489553153514862,
            -0.03668775409460068,
            0.04768476262688637
        ],
        [
            0.15665152668952942,
            -0.04129088670015335,
            0.04906562343239784
        ],
        [
            0.14962004125118256,
            -0.0063504427671432495,
            0.04058914631605148
        ],
        [
            0.13875913619995117,
            -0.00439583882689476,
            0.03647109866142273
        ],
        [
            0.1396457999944687,
            -0.01090578455477953,
            0.038144301623106
        ],
        [
            0.15094025433063507,
            -0.014442581683397293,
            0.04347875714302063
        ],
        [
            0.13815084099769592,
            0.009811588563024998,
            0.036644574254751205
        ],
        [
            0.1490759402513504,
            0.006667030043900013,
            0.040299005806446075
        ],
        [
            0.14753173291683197,
            0.01509593054652214,
            0.04004659876227379
        ],
        [
            0.13965065777301788,
            0.015968509018421173,
            0.03838197514414787
        ],
        [
            0.16739651560783386,
            -0.00180392200127244,
            0.04606872424483299
        ],
        [
            0.17433205246925354,
            -0.004141101613640785,
            0.048065997660160065
        ],
        [
            0.1752522885799408,
            -0.0008422110695391893,
            0.04782411828637123
        ],
        [
            0.16722287237644196,
            0.0016750926151871681,
            0.04523898661136627
        ],
        [
            0.09322407841682434,
            0.03647886961698532,
            -0.008571308106184006
        ],
        [
            0.08816318213939667,
            0.035164013504981995,
            -0.00020234286785125732
        ],
        [
            0.15162387490272522,
            0.02885514497756958,
            0.015980852767825127
        ],
        [
            0.14484891295433044,
            0.03629307076334953,
            0.02085120603442192
        ],
        [
            0.15620191395282745,
            0.03751435875892639,
            0.025989027693867683
        ],
        [
            0.16071850061416626,
            0.029228005558252335,
            0.019246980547904968
        ],
        [
            0.10970350354909897,
            0.024340681731700897,
            -0.010308708995580673
        ],
        [
            0.10362949967384338,
            0.028558772057294846,
            -0.013015840202569962
        ],
        [
            0.2014690637588501,
            -0.0424153208732605,
            0.05547882616519928
        ],
        [
            0.20074357092380524,
            -0.04163059964776039,
            0.050524935126304626
        ],
        [
            0.08922545611858368,
            -0.035314932465553284,
            0.02781006693840027
        ],
        [
            0.09339089691638947,
            -0.040642619132995605,
            0.048123713582754135
        ],
        [
            0.08599352091550827,
            -0.02979542687535286,
            0.014256659895181656
        ],
        [
            0.08358024060726166,
            -0.025056390091776848,
            0.005368746817111969
        ],
        [
            0.07873941212892532,
            -0.021808752790093422,
            -0.0008537918329238892
        ],
        [
            0.1557130664587021,
            -0.024438120424747467,
            0.04847090318799019
        ],
        [
            0.1358891874551773,
            -0.015674125403165817,
            0.039709948003292084
        ],
        [
            0.12754486501216888,
            -0.00016313791275024414,
            0.03340989351272583
        ],
        [
            0.1298980563879013,
            0.03043648600578308,
            0.037143971771001816
        ],
        [
            0.11976872384548187,
            0.03172893822193146,
            0.03406138718128204
        ],
        [
            0.12200480699539185,
            0.021673254668712616,
            0.03674396872520447
        ],
        [
            0.13066478073596954,
            0.02255210280418396,
            0.03827487304806709
        ],
        [
            0.14145393669605255,
            0.0389646515250206,
            0.02970617450773716
        ],
        [
            0.1407187134027481,
            0.03499321639537811,
            0.03658579662442207
        ],
        [
            0.14954818785190582,
            0.03433036059141159,
            0.03923165798187256
        ],
        [
            0.15134990215301514,
            0.038722287863492966,
            0.033378418534994125
        ],
        [
            0.11217431724071503,
            -0.048222076147794724,
            0.05863124877214432
        ],
        [
            0.11202390491962433,
            -0.04821240156888962,
            0.04169488325715065
        ],
        [
            0.09759528189897537,
            0.03459753841161728,
            0.013614242896437645
        ],
        [
            0.09064332395792007,
            0.0326174758374691,
            0.010688096284866333
        ],
        [
            0.08389792591333389,
            0.032111261039972305,
            0.005555666983127594
        ],
        [
            0.10639135539531708,
            0.00541834719479084,
            0.030437547713518143
        ],
        [
            0.09274072200059891,
            0.007414074614644051,
            0.02636280097067356
        ],
        [
            0.09327508509159088,
            0.0031670723110437393,
            0.02701066993176937
        ],
        [
            0.1077360212802887,
            0.0017686765640974045,
            0.029685063287615776
        ],
        [
            0.1118684709072113,
            -0.010668039321899414,
            0.039116162806749344
        ],
        [
            0.09937888383865356,
            -0.0067593492567539215,
            0.03651606664061546
        ],
        [
            0.11242975294589996,
            -0.01511060819029808,
            0.04933498427271843
        ],
        [
            0.08125430345535278,
            0.0020649023354053497,
            0.018089808523654938
        ],
        [
            0.07494296878576279,
            0.010067258030176163,
            0.01375315710902214
        ],
        [
            0.0732412338256836,
            0.0013666599988937378,
            0.012826461344957352
        ],
        [
            0.0773651972413063,
            0.01947057992219925,
            0.012164507061243057
        ],
        [
            0.08041829615831375,
            0.027469631284475327,
            0.00955958291888237
        ],
        [
            0.09793847799301147,
            0.031735554337501526,
            -0.018546119332313538
        ],
        [
            0.07307270169258118,
            -0.006827035918831825,
            0.011076822876930237
        ],
        [
            0.10331548750400543,
            -0.023823505267500877,
            0.06558807939291
        ],
        [
            0.10484777390956879,
            -0.02822437696158886,
            0.07138945162296295
        ],
        [
            0.1121811643242836,
            -0.027474500238895416,
            0.06911863386631012
        ],
        [
            0.11153905093669891,
            -0.024092664942145348,
            0.0638372004032135
        ],
        [
            0.162003293633461,
            -0.04781487211585045,
            0.038943298161029816
        ],
        [
            0.15884526073932648,
            -0.046197958290576935,
            0.04568035900592804
        ],
        [
            0.14805327355861664,
            -0.04364911466836929,
            0.04545653238892555
        ],
        [
            0.10464315116405487,
            0.019059425219893456,
            0.03259168937802315
        ],
        [
            0.10473097115755081,
            0.03076101653277874,
            0.027846897020936012
        ],
        [
            0.16415482759475708,
            -0.0309945996850729,
            0.05196221172809601
        ],
        [
            0.19492332637310028,
            -0.04661896824836731,
            0.048139795660972595
        ],
        [
            0.1908787488937378,
            -0.049154724925756454,
            0.05200894549489021
        ],
        [
            0.17800366878509521,
            -0.04842304810881615,
            0.04323906823992729
        ],
        [
            0.18212056159973145,
            -0.04556827247142792,
            0.03851757571101189
        ],
        [
            0.17500631511211395,
            -0.028870252892374992,
            0.04896680265665054
        ],
        [
            0.17016716301441193,
            -0.03215453401207924,
            0.05236343666911125
        ],
        [
            0.1733836978673935,
            -0.031975723803043365,
            0.05200270563364029
        ],
        [
            0.17820297181606293,
            -0.027821961790323257,
            0.050266582518815994
        ],
        [
            0.17190611362457275,
            0.007848982699215412,
            0.0461021363735199
        ],
        [
            0.16502051055431366,
            0.00996169913560152,
            0.04424430429935455
        ],
        [
            0.1724916249513626,
            -0.02558266744017601,
            0.02702580764889717
        ],
        [
            0.16734075546264648,
            -0.03819763660430908,
            0.025257106870412827
        ],
        [
            0.1567116379737854,
            -0.03700576350092888,
            0.022473376244306564
        ],
        [
            0.1486879587173462,
            0.001040157862007618,
            0.039746858179569244
        ],
        [
            0.15857228636741638,
            0.00012046750634908676,
            0.043454695492982864
        ],
        [
            0.15858256816864014,
            0.004253704100847244,
            0.04301869496703148
        ],
        [
            0.16006331145763397,
            -0.02211255580186844,
            0.04871637001633644
        ],
        [
            0.16733263432979584,
            -0.025864137336611748,
            0.05079375579953194
        ],
        [
            0.1656746119260788,
            -0.02038460224866867,
            0.048165615648031235
        ],
        [
            0.1593049019575119,
            -0.016734696924686432,
            0.046474240720272064
        ],
        [
            0.1332981288433075,
            0.03628607094287872,
            0.0146828293800354
        ],
        [
            0.12934726476669312,
            0.039769574999809265,
            0.025066711008548737
        ],
        [
            0.18798986077308655,
            -0.04693175107240677,
            0.059295251965522766
        ],
        [
            0.18821510672569275,
            -0.04699849709868431,
            0.05777497589588165
        ],
        [
            0.13804343342781067,
            0.002802317962050438,
            0.03573209419846535
        ],
        [
            0.14358606934547424,
            -0.033982422202825546,
            0.018030839040875435
        ],
        [
            0.12719175219535828,
            0.005395161919295788,
            0.0331764779984951
        ],
        [
            0.1731387972831726,
            0.016144566237926483,
            0.027332238852977753
        ],
        [
            0.1729985475540161,
            0.020262010395526886,
            0.034321121871471405
        ],
        [
            0.17715995013713837,
            0.017746541649103165,
            0.03778066486120224
        ],
        [
            0.17995980381965637,
            0.015303602442145348,
            0.03301333636045456
        ],
        [
            0.1897658258676529,
            -0.027654195204377174,
            0.05532965809106827
        ],
        [
            0.18707776069641113,
            -0.030962806195020676,
            0.05949033051729202
        ],
        [
            0.18788811564445496,
            -0.030863774940371513,
            0.058941490948200226
        ],
        [
            0.19234900176525116,
            -0.0277152918279171,
            0.05629171431064606
        ],
        [
            0.16739223897457123,
            -0.03735245764255524,
            0.05254979059100151
        ],
        [
            0.1652621328830719,
            -0.04315391555428505,
            0.050433192402124405
        ],
        [
            0.17187918722629547,
            -0.04287343844771385,
            0.052365053445100784
        ],
        [
            0.17261606454849243,
            -0.036998920142650604,
            0.053048644214868546
        ],
        [
            0.16808734834194183,
            -0.04723353311419487,
            0.0458032563328743
        ],
        [
            0.17402413487434387,
            -0.04724358767271042,
            0.048088349401950836
        ],
        [
            0.19410036504268646,
            -0.028102872893214226,
            0.05028587579727173
        ],
        [
            0.19798511266708374,
            -0.03409313037991524,
            0.04667653515934944
        ],
        [
            0.18534904718399048,
            -0.031835637986660004,
            0.038002561777830124
        ],
        [
            0.18366903066635132,
            -0.027717148885130882,
            0.04456884786486626
        ],
        [
            0.13058273494243622,
            0.010343287140130997,
            -0.0010143592953681946
        ],
        [
            0.12902316451072693,
            0.02129904180765152,
            0.0006350204348564148
        ],
        [
            0.14189845323562622,
            0.020591387525200844,
            0.008255179971456528
        ],
        [
            0.1549057811498642,
            0.020393114537000656,
            0.014703722670674324
        ],
        [
            0.16672435402870178,
            0.019269656389951706,
            0.0219108946621418
        ],
        [
            0.16984423995018005,
            0.007910873740911484,
            0.018268434330821037
        ],
        [
            0.1391780972480774,
            0.02821943536400795,
            0.009411152452230453
        ],
        [
            0.17638878524303436,
            -0.02552790194749832,
            0.03960161283612251
        ],
        [
            0.1761351227760315,
            -0.030809523537755013,
            0.0328313373029232
        ],
        [
            0.17668312788009644,
            -0.025378931313753128,
            0.03295964002609253
        ],
        [
            0.12698861956596375,
            0.012710001319646835,
            0.03477470204234123
        ],
        [
            0.1873331218957901,
            -0.04824860021471977,
            0.05614626780152321
        ],
        [
            0.09721814095973969,
            -0.016825364902615547,
            -0.011297933757305145
        ],
        [
            0.10239125788211823,
            -0.005232267081737518,
            -0.015958420932292938
        ],
        [
            0.10880476236343384,
            -0.008824817836284637,
            -0.011034391820430756
        ],
        [
            0.10268465429544449,
            -0.02174375392496586,
            -0.004879646003246307
        ],
        [
            0.18516959249973297,
            -0.03772873803973198,
            0.06155955046415329
        ],
        [
            0.18472319841384888,
            -0.04399487003684044,
            0.060035590082407
        ],
        [
            0.166533961892128,
            0.01664443500339985,
            0.044364795088768005
        ],
        [
            0.17244765162467957,
            0.013756890781223774,
            0.045436203479766846
        ],
        [
            0.17495405673980713,
            0.01656365394592285,
            0.04395119473338127
        ],
        [
            0.17034530639648438,
            0.021762916818261147,
            0.04469999298453331
        ],
        [
            0.12659868597984314,
            0.026664957404136658,
            0.0016259178519248962
        ],
        [
            0.16295655071735382,
            0.038423772901296616,
            0.029887821525335312
        ],
        [
            0.16710485517978668,
            0.03115454688668251,
            0.02377527765929699
        ],
        [
            0.11774668842554092,
            0.021489698439836502,
            -0.006046775728464127
        ],
        [
            0.11924661695957184,
            0.01200906652957201,
            -0.008139383047819138
        ],
        [
            0.1110914871096611,
            0.013808563351631165,
            -0.013214044272899628
        ],
        [
            0.1757957488298416,
            -0.005166204180568457,
            0.02383364550769329
        ],
        [
            0.13311238586902618,
            0.0020040879026055336,
            -0.00045974552631378174
        ],
        [
            0.1205909252166748,
            0.00444344338029623,
            -0.007467929273843765
        ],
        [
            0.11089670658111572,
            0.006235124543309212,
            -0.013507027179002762
        ],
        [
            0.10434328019618988,
            0.008200320415198803,
            -0.018341384828090668
        ],
        [
            0.1051548421382904,
            0.01630556769669056,
            -0.01740512251853943
        ],
        [
            0.19744788110256195,
            -0.04075292870402336,
            0.04647582396864891
        ],
        [
            0.2021424025297165,
            -0.03419691324234009,
            0.05109470337629318
        ],
        [
            0.09919450432062149,
            0.01940171793103218,
            -0.023604247719049454
        ],
        [
            0.09817385673522949,
            0.010134211741387844,
            -0.023822970688343048
        ],
        [
            0.12084755301475525,
            -0.004721565172076225,
            -0.006159454584121704
        ],
        [
            0.12013544887304306,
            -0.016103466972708702,
            -0.002996642142534256
        ],
        [
            0.13286831974983215,
            -0.0066744498908519745,
            0.0008113458752632141
        ],
        [
            0.13330885767936707,
            -0.018010776489973068,
            0.0042530857026577
        ],
        [
            0.17460709810256958,
            -0.014751720242202282,
            0.01918172277510166
        ],
        [
            0.20021085441112518,
            -0.03172477334737778,
            0.06932368129491806
        ],
        [
            0.1996946781873703,
            -0.029765674844384193,
            0.05849617347121239
        ],
        [
            0.19390526413917542,
            -0.028479915112257004,
            0.05930989980697632
        ],
        [
            0.19653205573558807,
            -0.029385536909103394,
            0.0693049281835556
        ],
        [
            0.19738155603408813,
            -0.028564894571900368,
            0.05353143811225891
        ],
        [
            0.20263631641864777,
            -0.03474767133593559,
            0.05651536583900452
        ],
        [
            0.12917861342430115,
            -0.031607769429683685,
            0.012137651443481445
        ],
        [
            0.17222003638744354,
            -0.023206349462270737,
            0.04833659529685974
        ],
        [
            0.11262363195419312,
            -0.030667390674352646,
            0.007022663950920105
        ],
        [
            0.1264372020959854,
            -0.04498927295207977,
            0.02602936513721943
        ],
        [
            0.11290504038333893,
            -0.04308321326971054,
            0.0240064337849617
        ],
        [
            0.0949130430817604,
            -0.029865330085158348,
            0.003076218068599701
        ],
        [
            0.09794357419013977,
            -0.03885260969400406,
            0.017598234117031097
        ],
        [
            0.08539009094238281,
            -0.020503683015704155,
            -0.009167511016130447
        ],
        [
            0.09141030162572861,
            -0.02424146980047226,
            -0.0039481669664382935
        ],
        [
            0.09982504695653915,
            -0.04468325898051262,
            0.03489939123392105
        ],
        [
            0.18567270040512085,
