{
    "pred_cam": [
        10.544551849365234,
        0.10142131894826889,
        -0.062326692044734955
    ],
    "pred_mano_params": {
        "global_orient": [
            [
                [
                    0.19049207866191864,
                    -0.57401442527771,
                    0.7963794469833374
                ],
                [
                    -0.34741607308387756,
                    -0.7981535792350769,
                    -0.49219202995300293
                ],
                [
                    0.9181583523750305,
                    -0.1829163283109665,
                    -0.35146376490592957
                ]
            ]
        ],
        "hand_pose": [
            [
                [
                    0.7655106782913208,
                    -0.577985942363739,
                    -0.2827112078666687
                ],
                [
                    0.546818733215332,
                    0.8159723877906799,
                    -0.18755874037742615
                ],
                [
                    0.33909088373184204,
                    -0.01101358700543642,
                    0.9406890869140625
                ]
            ],
            [
                [
                    0.762744665145874,
                    -0.5936211347579956,
                    0.25658243894577026
                ],
                [
                    0.6413073539733887,
                    0.7454330325126648,
                    -0.18180888891220093
                ],
                [
                    -0.08333943039178848,
                    0.3032219707965851,
                    0.949268639087677
                ]
            ],
            [
                [
                    0.7063225507736206,
                    -0.7064223289489746,
                    0.045563455671072006
                ],
                [
                    0.7070673704147339,
                    0.707141101360321,
                    0.002690086606889963
                ],
                [
                    -0.03412012383341789,
                    0.030316364020109177,
                    0.9989578723907471
                ]
            ],
            [
                [
                    0.7192764282226562,
                    -0.6317489147186279,
                    -0.28902342915534973
                ],
                [
                    0.6440494060516357,
                    0.7623419761657715,
                    -0.06352149695158005
                ],
                [
                    0.2604643702507019,
                    -0.14045585691928864,
                    0.9552121162414551
                ]
            ],
            [
                [
                    0.7770065665245056,
                    -0.6210418939590454,
                    -0.10280011594295502
                ],
                [
                    0.6187370419502258,
                    0.7234188914299011,
                    0.3063162863254547
                ],
                [
                    -0.11586767435073853,
                    -0.30161598324775696,
                    0.9463628530502319
                ]
            ],
            [
                [
                    0.8146646618843079,
                    -0.5729550719261169,
                    -0.08968812227249146
                ],
                [
                    0.5769332647323608,
                    0.8164088726043701,
                    0.024992287158966064
                ],
                [
                    0.058902714401483536,
                    -0.07210438698530197,
                    0.9956563115119934
                ]
            ],
            [
                [
                    0.3600004315376282,
                    -0.9299195408821106,
                    -0.07516256719827652
                ],
                [
                    0.8388274908065796,
                    0.2873634994029999,
                    0.46237504482269287
                ],
                [
                    -0.40837258100509644,
                    -0.22950361669063568,
                    0.8834930658340454
                ]
            ],
            [
                [
                    0.9705517292022705,
                    -0.23150967061519623,
                    -0.06657779961824417
                ],
                [
                    0.22989226877689362,
                    0.9727186560630798,
                    -0.031112873926758766
                ],
                [
                    0.07196439802646637,
                    0.014890932478010654,
                    0.9972960352897644
                ]
            ],
            [
                [
                    0.9882067441940308,
                    -0.14349055290222168,
                    0.05346008017659187
                ],
                [
                    0.11074047535657883,
                    0.9108203053474426,
                    0.3976719081401825
                ],
                [
                    -0.10575465857982635,
                    -0.38706183433532715,
                    0.9159689545631409
                ]
            ],
            [
                [
                    0.5195271372795105,
                    -0.8444957137107849,
                    -0.13007129728794098
                ],
                [
                    0.8447446823120117,
                    0.5305210947990417,
                    -0.07038364559412003
                ],
                [
                    0.12844423949718475,
                    -0.07331082224845886,
                    0.9890033602714539
                ]
            ],
            [
                [
                    0.9639984965324402,
                    -0.26065880060195923,
                    0.052573055028915405
                ],
                [
                    0.21046346426010132,
                    0.8687718510627747,
                    0.448263943195343
                ],
                [
                    -0.1625179499387741,
                    -0.42106103897094727,
                    0.892353892326355
                ]
            ],
            [
                [
                    0.8410935401916504,
                    -0.5126921534538269,
                    -0.17236080765724182
                ],
                [
                    0.5385605692863464,
                    0.8233530521392822,
                    0.1790037602186203
                ],
                [
                    0.05013994500041008,
                    -0.2433856725692749,
                    0.968632698059082
                ]
            ],
            [
                [
                    0.920737624168396,
                    -0.23087753355503082,
                    0.314543753862381
                ],
                [
                    0.3637394905090332,
                    0.21617603302001953,
                    -0.9060692191123962
                ],
                [
                    0.1411942094564438,
                    0.9486640095710754,
                    0.28302067518234253
                ]
            ],
            [
                [
                    0.9234510064125061,
                    -0.37605711817741394,
                    -0.07628371566534042
                ],
                [
                    0.35397234559059143,
                    0.7581213116645813,
                    0.5476820468902588
                ],
                [
                    -0.14812742173671722,
                    -0.5327599048614502,
                    0.8332017064094543
                ]
            ],
            [
                [
                    0.8328948020935059,
                    0.3912414312362671,
                    -0.39142870903015137
                ],
                [
                    -0.40512794256210327,
                    0.9128702878952026,
                    0.05038928613066673
                ],
                [
                    0.37703806161880493,
                    0.11660971492528915,
                    0.9188277721405029
                ]
            ]
        ],
        "betas": [
            -0.016270965337753296,
            -0.07703348994255066,
            -0.07499095797538757,
            -0.042581707239151,
            0.022642403841018677,
            -0.047365374863147736,
            0.007014662027359009,
            -0.041853755712509155,
            -0.021820098161697388,
            -0.040927231311798096
        ]
    },
    "pred_cam_t": [
        -0.10142131894826889,
        -0.062326692044734955,
        3.704519748687744
    ],
    "focal_length": [
        5000.0,
        5000.0
    ],
    "pred_keypoints_3d": [
        [
            0.09584333002567291,
            0.006396309472620487,
            0.006213497370481491
        ],
        [
            0.12070411443710327,
            0.014465779066085815,
            -0.0221395380795002
        ],
        [
            0.13873179256916046,
            0.038641005754470825,
            -0.0285824965685606
        ],
        [
            0.14955924451351166,
            0.06293460726737976,
            -0.03405237942934036
        ],
        [
            0.1555381566286087,
            0.09057377278804779,
            -0.056654416024684906
        ],
        [
            0.09845161437988281,
            0.03103264421224594,
            -0.08102878928184509
        ],
        [
            0.09453102946281433,
            0.057231657207012177,
            -0.10083090513944626
        ],
        [
            0.10289128124713898,
            0.07778626680374146,
            -0.09912686049938202
        ],
        [
            0.1143263503909111,
            0.09245511889457703,
            -0.08248408138751984
        ],
        [
            0.07594998925924301,
            0.04218143969774246,
            -0.07931680977344513
        ],
        [
            0.07136351615190506,
            0.0712302103638649,
            -0.09137071669101715
        ],
        [
            0.08221930265426636,
            0.09153024852275848,
            -0.08751712739467621
        ],
        [
            0.09918078035116196,
            0.10704059898853302,
            -0.07603733241558075
        ],
        [
            0.061275824904441833,
            0.05112979933619499,
            -0.05884905532002449
        ],
        [
            0.06411416828632355,
            0.07895943522453308,
            -0.0662044957280159
        ],
        [
            0.07391731441020966,
            0.10161876678466797,
            -0.06311805546283722
        ],
        [
            0.08858227729797363,
            0.11977110803127289,
            -0.05238034203648567
        ],
        [
            0.05402481555938721,
            0.059565022587776184,
            -0.0400855727493763
        ],
        [
            0.06127414479851723,
            0.07946518063545227,
            -0.039826828986406326
        ],
        [
            0.06930501013994217,
            0.09624451398849487,
            -0.03584912419319153
        ],
        [
            0.08222726732492447,
            0.11160165071487427,
            -0.029594456776976585
        ]
    ],
    "pred_vertices": [
        [
            0.10995372384786606,
            0.031003303825855255,
            -0.04217314347624779
        ],
        [
            0.11187213659286499,
            0.029200077056884766,
            -0.03208239749073982
        ],
        [
            0.11794150620698929,
            0.034799203276634216,
            -0.034962937235832214
        ],
        [
            0.11655726283788681,
            0.03402484580874443,
            -0.04733217507600784
        ],
        [
            0.12187186628580093,
            0.03111925534904003,
            -0.011295482516288757
        ],
        [
            0.13081437349319458,
            0.02399756759405136,
            -0.007499538362026215
        ],
        [
            0.137740358710289,
            0.036081716418266296,
            -0.013460066169500351
        ],
        [
            0.12903966009616852,
            0.04111529886722565,
            -0.014240432530641556
        ],
        [
            0.12148936092853546,
            0.03649520128965378,
            -0.050393667072057724
        ],
        [
            0.12290960550308228,
            0.039877310395240784,
            -0.03667965158820152
        ],
        [
            0.12460946291685104,
            0.037119798362255096,
            -0.04915063828229904
        ],
        [
            0.11803022772073746,
            0.025623856112360954,
            -0.06495537608861923
        ],
        [
            0.11721652746200562,
            0.030098458752036095,
            -0.06256440281867981
        ],
        [
            0.11215447634458542,
            0.02225559391081333,
            -0.07393404841423035
        ],
        [
            0.11574988067150116,
            0.01571851409971714,
            -0.06228034198284149
        ],
        [
            0.10454238206148148,
            0.016302596777677536,
            -0.07518934458494186
        ],
        [
            0.08644372224807739,
            0.007602516561746597,
            -0.05171218886971474
        ],
        [
            0.0757816955447197,
            0.01172536239027977,
            -0.04376114532351494
        ],
        [
            0.07100215554237366,
            0.019104069098830223,
            -0.05886593833565712
        ],
        [
            0.08267723768949509,
            0.014712315052747726,
            -0.06507488340139389
        ],
        [
            0.0607651025056839,
            0.026958588510751724,
            -0.042455676943063736
        ],
        [
            0.0661279633641243,
            0.023004651069641113,
            -0.05227983742952347
        ],
        [
            0.07016516476869583,
            0.01463000476360321,
            -0.03731175884604454
        ],
        [
            0.06549406051635742,
            0.0187588632106781,
            -0.02918149158358574
        ],
        [
            0.0984368622303009,
            0.030874965712428093,
            -0.030257906764745712
        ],
        [
            0.10070915520191193,
            0.028168922290205956,
            -0.02091040089726448
        ],
        [
            0.10452339053153992,
            0.026793481782078743,
            -0.026188116520643234
        ],
        [
            0.10263703018426895,
            0.029754534363746643,
            -0.0343472845852375
        ],
        [
            0.13754744827747345,
            0.041723139584064484,
            -0.042417921125888824
        ],
        [
            0.1315695196390152,
            0.024234028533101082,
            -0.04743838310241699
        ],
        [
            0.12737758457660675,
            0.030123326927423477,
            -0.05065982788801193
        ],
        [
            0.13436034321784973,
            0.04581623524427414,
            -0.04038204625248909
        ],
        [
            0.10294938087463379,
            0.029289495199918747,
            0.009253256022930145
        ],
        [
            0.10361689329147339,
            0.019145628437399864,
            0.018283426761627197
        ],
        [
            0.10771097242832184,
            0.01590939238667488,
            0.01534220576286316
        ],
        [
            0.10583598911762238,
            0.025379428640007973,
            0.007242940366268158
        ],
        [
            0.12241332978010178,
            0.01224806159734726,
            0.0011081546545028687
        ],
        [
            0.12037147581577301,
            0.005445033311843872,
            0.007504992187023163
        ],
        [
            0.12429685145616531,
            -0.00694405660033226,
            0.0069685280323028564
        ],
        [
            0.12748439610004425,
            -0.001867629587650299,
            -0.0011735111474990845
        ],
        [
            0.12592901289463043,
            0.017986472696065903,
            -0.004442282021045685
        ],
        [
            0.1325393170118332,
            0.006946094334125519,
            -0.00669504702091217
        ],
        [
            0.1371597796678543,
            0.015320390462875366,
            -0.010665521025657654
        ],
        [
            0.14383073151111603,
            0.03032582625746727,
            -0.017046146094799042
        ],
        [
            0.09277437627315521,
            0.023340759798884392,
            0.02373947948217392
        ],
        [
            0.09105410426855087,
            0.0317811593413353,
            0.018185503780841827
        ],
        [
            0.10531672090291977,
            0.060057852417230606,
            -0.09420014917850494
        ],
        [
            0.10124431550502777,
            0.06294091045856476,
            -0.09085086733102798
        ],
        [
            0.1016201451420784,
            0.05969756841659546,
            -0.08934659510850906
        ],
        [
            0.10539782792329788,
            0.057535573840141296,
            -0.09328852593898773
        ],
        [
            0.07323071360588074,
            0.020510807633399963,
            0.019325487315654755
        ],
        [
            0.06805897504091263,
            0.01263359934091568,
            0.015794172883033752
        ],
        [
            0.0699162483215332,
            0.011021699756383896,
            0.02266392856836319
        ],
        [
            0.076292984187603,
            0.017305277287960052,
            0.02547309547662735
        ],
        [
            0.06923171877861023,
            0.024716485291719437,
            0.011167354881763458
        ],
        [
            0.06616359204053879,
            0.015103619545698166,
            0.006158500909805298
        ],
        [
            0.10133108496665955,
            0.059322159737348557,
            -0.1064380556344986
        ],
        [
            0.10530275851488113,
            0.0589594766497612,
            -0.10313265770673752
        ],
        [
            0.10373564809560776,
            0.05458105355501175,
            -0.10302777588367462
        ],
        [
            0.09904073178768158,
            0.0541834682226181,
            -0.10520485788583755
        ],
        [
            0.11392980068922043,
            0.0322396494448185,
            -0.05790901929140091
        ],
        [
            0.10799812525510788,
            0.03323642909526825,
            -0.051170796155929565
        ],
        [
            0.10692885518074036,
            0.03606674447655678,
            -0.0732620432972908
        ],
        [
            0.10587569326162338,
            0.03465445339679718,
            -0.06475059688091278
        ],
        [
            0.11125952750444412,
            0.030884765088558197,
            -0.06726200878620148
        ],
        [
            0.11068661510944366,
            0.03150348737835884,
            -0.07471776008605957
        ],
        [
            0.08934593945741653,
            0.040292851626873016,
            -0.04859836399555206
        ],
        [
            0.09249008446931839,
            0.03556050360202789,
            -0.03838406875729561
        ],
        [
            0.09676320850849152,
            0.033942192792892456,
            -0.04333604499697685
        ],
        [
            0.09495925158262253,
            0.03893481194972992,
            -0.05505245178937912
        ],
        [
            0.08440165221691132,
            0.04259783402085304,
            -0.029144033789634705
        ],
        [
            0.08163619041442871,
            0.04619200900197029,
            -0.04000633582472801
        ],
        [
            0.07741472870111465,
            0.04959389194846153,
            -0.033377327024936676
        ],
        [
            0.08071815967559814,
            0.04732200503349304,
            -0.026691492646932602
        ],
        [
            0.0794513076543808,
            0.05018729344010353,
            -0.060082703828811646
        ],
        [
            0.0778970718383789,
            0.05175483971834183,
            -0.06587105244398117
        ],
        [
            0.07594440877437592,
            0.0550169013440609,
            -0.0638081431388855
        ],
        [
            0.07728531956672668,
            0.051487863063812256,
            -0.05747272074222565
        ],
        [
            0.07145518064498901,
            0.008332010358572006,
            0.029065251350402832
        ],
        [
            0.07957851141691208,
            0.01353105902671814,
            0.030809789896011353
        ],
        [
            0.0523562878370285,
            0.0381951667368412,
            -0.025415685027837753
        ],
        [
            0.05487634986639023,
            0.04379238933324814,
            -0.016077887266874313
        ],
        [
            0.050281915813684464,
            0.051547929644584656,
            -0.025523409247398376
        ],
        [
            0.047776032239198685,
            0.043205246329307556,
            -0.033841513097286224
        ],
        [
            0.06818389892578125,
            0.004619736224412918,
            0.0092543363571167
        ],
        [
            0.06783967465162277,
            0.0030705630779266357,
            0.016935378313064575
        ],
        [
            0.09541158378124237,
            0.06112374737858772,
            -0.10668902099132538
        ],
        [
            0.09325889497995377,
            0.05585953965783119,
            -0.1046445295214653
        ],
        [
            0.13649868965148926,
            0.004560168832540512,
            -0.01852734386920929
        ],
        [
            0.14553707838058472,
            0.024016123265028,
            -0.024668116122484207
        ],
        [
            0.12887229025363922,
            -0.006375275552272797,
            -0.01093834638595581
        ],
        [
            0.12265615165233612,
            -0.012419275939464569,
            -0.004465341567993164
        ],
        [
            0.11990859359502792,
            -0.01718834601342678,
            0.0026567429304122925
        ],
        [
            0.10047079622745514,
            0.038415245711803436,
            -0.06528988480567932
        ],
        [
            0.10261578857898712,
            0.03220529109239578,
            -0.0435635969042778
        ],
        [
            0.0950661152601242,
            0.03279294818639755,
            -0.026667270809412003
        ],
        [
            0.07689358294010162,
            0.051401663571596146,
            -0.010093465447425842
        ],
        [
            0.08048439025878906,
            0.04748186096549034,
            -0.0011399388313293457
        ],
        [
            0.08683758974075317,
            0.045212920755147934,
            -0.009459003806114197
        ],
        [
            0.0819801613688469,
            0.048647746443748474,
            -0.01572609692811966
        ],
        [
            0.06026680767536163,
            0.051633071154356,
            -0.012780774384737015
        ],
        [
            0.0671306848526001,
            0.05503763258457184,
            -0.015227280557155609
        ],
        [
            0.06424303352832794,
            0.057983022183179855,
            -0.021968591958284378
        ],
        [
            0.05665969476103783,
            0.056238479912281036,
            -0.020960751920938492
        ],
        [
            0.14449572563171387,
            0.038653429597616196,
            -0.04138525202870369
        ],
        [
            0.13638634979724884,
            0.019896425306797028,
            -0.043227627873420715
        ],
        [
            0.08144049346446991,
            0.02701905556023121,
            0.02095363289117813
        ],
        [
            0.08528951555490494,
            0.02201249450445175,
            0.02558758109807968
        ],
        [
            0.08694509416818619,
            0.015892811119556427,
            0.03131067752838135
        ],
        [
            0.10294897109270096,
            0.02814808301627636,
            -0.00673290342092514
        ],
        [
            0.1078064814209938,
            0.022607946768403053,
            0.00570271909236908
        ],
        [
            0.11034055054187775,
            0.020745474845170975,
            0.0023355484008789062
        ],
        [
            0.10399241745471954,
            0.025658614933490753,
            -0.010125808417797089
        ],
        [
            0.11173967272043228,
            0.02749437279999256,
            -0.020077332854270935
        ],
        [
            0.11580593883991241,
            0.023631136864423752,
            -0.008636735379695892
        ],
        [
            0.11708122491836548,
            0.03549967333674431,
            -0.02129606530070305
        ],
        [
            0.1134164035320282,
            0.010574616491794586,
            0.012682169675827026
        ],
        [
            0.10993841290473938,
            0.009715452790260315,
            0.023379407823085785
        ],
        [
            0.11574604362249374,
            0.004183780401945114,
            0.019413411617279053
        ],
        [
            0.10196854174137115,
            0.0136549212038517,
            0.027543790638446808
        ],
        [
            0.09394290298223495,
            0.01616169512271881,
            0.03049366921186447
        ],
        [
            0.06637262552976608,
            -0.0012556836009025574,
            0.024143747985363007
        ],
        [
            0.11999044567346573,
            -0.0012994073331356049,
            0.014775343239307404
        ],
        [
            0.13508741557598114,
            0.04752592369914055,
            -0.0180862694978714
        ],
        [
            0.1410875916481018,
            0.05368049442768097,
            -0.021216001361608505
        ],
        [
            0.13535933196544647,
            0.054383788257837296,
            -0.0260823555290699
        ],
        [
            0.1293407529592514,
            0.04866183176636696,
            -0.024008803069591522
        ],
        [
            0.10715799033641815,
            0.023630358278751373,
            -0.08279784023761749
        ],
        [
            0.11113156378269196,
            0.028208686038851738,
            -0.07897460460662842
        ],
        [
            0.11461483687162399,
            0.02644943818449974,
            -0.0701848715543747
        ],
        [
            0.09664085507392883,
            0.03672386333346367,
            0.002931356430053711
        ],
        [
            0.08693433552980423,
            0.03863206505775452,
            0.010807909071445465
        ],
        [
            0.10147511214017868,
            0.03973827511072159,
            -0.07368180900812149
        ],
        [
            0.0976475179195404,
            0.04953612759709358,
            -0.10426533967256546
        ],
        [
            0.10314644873142242,
            0.05006413906812668,
            -0.10199300944805145
        ],
        [
            0.10455862432718277,
            0.03459298238158226,
            -0.0930616557598114
        ],
        [
            0.0981992855668068,
            0.03368491306900978,
            -0.09579387307167053
        ],
        [
            0.09305069595575333,
            0.0426812469959259,
            -0.07967644184827805
        ],
        [
            0.09954159706830978,
            0.04186079278588295,
            -0.0765535980463028
        ],
        [
            0.09786462038755417,
            0.043117962777614594,
            -0.07789969444274902
        ],
        [
            0.09181946516036987,
            0.04541740193963051,
            -0.07943937182426453
        ],
        [
            0.07245217263698578,
            0.05678222328424454,
            -0.05541674420237541
        ],
        [
            0.07384560257196426,
            0.05388985946774483,
            -0.05013684928417206
        ],
        [
            0.0805668905377388,
            0.0249070692807436,
            -0.07719677686691284
        ],
        [
            0.0896175429224968,
            0.016310682520270348,
            -0.08219804614782333
        ],
        [
            0.09385521709918976,
            0.012269571423530579,
            -0.07102279365062714
        ],
        [
            0.08498139679431915,
            0.0429968386888504,
            -0.04316665232181549
        ],
        [
            0.08171440660953522,
            0.04754876717925072,
            -0.051889196038246155
        ],
        [
            0.07911896705627441,
            0.04909785836935043,
            -0.049141332507133484
        ],
        [
            0.09672042727470398,
            0.040823645889759064,
            -0.06715061515569687
        ],
        [
            0.09583960473537445,
            0.042119018733501434,
            -0.07390628755092621
        ],
        [
            0.09259835630655289,
            0.04300394281744957,
            -0.0706624984741211
        ],
        [
            0.09302476048469543,
            0.042024217545986176,
            -0.06332579255104065
        ],
        [
            0.05896560475230217,
            0.03640078008174896,
            -0.005874644964933395
        ],
        [
            0.06480784714221954,
            0.045873239636421204,
            -0.002229049801826477
        ],
        [
            0.1067938357591629,
            0.0589289590716362,
            -0.0986662283539772
        ],
        [
            0.10615722835063934,
            0.05567402020096779,
            -0.09839135408401489
        ],
        [
            0.08821109682321548,
            0.038350652903318405,
            -0.03326709195971489
        ],
        [
            0.09791544079780579,
            0.007808253169059753,
            -0.057568881660699844
        ],
        [
            0.09182445704936981,
            0.035309985280036926,
            -0.02293775975704193
        ],
        [
            0.05563397333025932,
            0.04645749181509018,
            -0.051191963255405426
        ],
        [
            0.05936397239565849,
            0.05462833493947983,
            -0.04790857806801796
        ],
        [
            0.05989771708846092,
            0.05692145600914955,
            -0.05146687477827072
        ],
        [
            0.056616540998220444,
            0.05309310555458069,
            -0.055503297597169876
        ],
        [
            0.09016403555870056,
            0.05741315335035324,
            -0.08736609667539597
        ],
        [
            0.09572853893041611,
            0.05844476819038391,
            -0.0860951840877533
        ],
        [
            0.09583363682031631,
            0.0614432767033577,
            -0.08771073073148727
        ],
        [
            0.0903044044971466,
            0.06168341264128685,
            -0.08991581201553345
        ],
        [
            0.10489153116941452,
            0.03947732597589493,
            -0.07721836119890213
        ],
        [
            0.10912612825632095,
            0.03545256704092026,
            -0.0797652006149292
        ],
        [
            0.10731261968612671,
            0.040278542786836624,
            -0.08274248242378235
        ],
        [
            0.10264936089515686,
            0.04255302995443344,
            -0.07976941764354706
        ],
        [
            0.10882264375686646,
            0.031969547271728516,
            -0.08460848778486252
        ],
        [
            0.10775847733020782,
            0.03683825209736824,
            -0.08803914487361908
        ],
        [
            0.08627673983573914,
            0.05533493310213089,
            -0.09208328276872635
        ],
        [
            0.08697780221700668,
            0.05249759182333946,
            -0.09901460260152817
        ],
        [
            0.0861051082611084,
            0.03833590820431709,
            -0.09039752930402756
        ],
        [
            0.0868137925863266,
            0.04407022148370743,
            -0.0850505605340004
        ],
        [
            0.06883813440799713,
            0.009983789175748825,
            -0.017047081142663956
        ],
        [
            0.0639369934797287,
            0.016476154327392578,
            -0.00942392647266388
        ],
        [
            0.06022104248404503,
            0.025310683995485306,
            -0.021369561553001404
        ],
        [
            0.05528014898300171,
            0.03367743641138077,
            -0.033284448087215424
        ],
        [
            0.052392106503248215,
            0.04163704067468643,
            -0.044827044010162354
        ],
        [
            0.055878445506095886,
            0.033625684678554535,
            -0.05357726290822029
        ],
        [
            0.057758793234825134,
            0.02946745604276657,
            -0.01468982920050621
        ],
        [
            0.08569975197315216,
            0.038333743810653687,
            -0.08133510500192642
        ],
        [
            0.08563818782567978,
            0.029702406376600266,
            -0.08418495953083038
        ],
        [
            0.08224630355834961,
            0.0325789712369442,
            -0.08129720389842987
        ],
        [
            0.08833124488592148,
            0.04022828862071037,
            -0.018506821244955063
        ],
        [
            0.10619038343429565,
            0.05175112187862396,
            -0.09783345460891724
        ],
        [
            0.1002483069896698,
            -0.01939176395535469,
            -0.0065911635756492615
        ],
        [
            0.08753185719251633,
            -0.016424495726823807,
            -0.0023836344480514526
        ],
        [
            0.08849024772644043,
            -0.012641079723834991,
            -0.01035541296005249
        ],
        [
            0.10359352082014084,
            -0.015046637505292892,
            -0.015126422047615051
        ],
        [
            0.10231245309114456,
            0.057208940386772156,
            -0.08810660243034363
        ],
        [
            0.10642252117395401,
            0.05458272621035576,
            -0.09214260429143906
        ],
        [
            0.07030961662530899,
            0.057644009590148926,
            -0.046255163848400116
        ],
        [
            0.06902676820755005,
            0.05930303782224655,
            -0.05151344835758209
        ],
        [
            0.06517864763736725,
            0.060339245945215225,
            -0.05012693256139755
        ],
        [
            0.06687402725219727,
            0.06151358038187027,
            -0.04454513639211655
        ],
        [
            0.0625678300857544,
            0.019445426762104034,
            -0.004402317106723785
        ],
        [
            0.05099897086620331,
            0.05892338976264,
            -0.02961592935025692
        ],
        [
            0.04818858206272125,
            0.05124746263027191,
            -0.03822699934244156
        ],
        [
            0.0672900527715683,
            0.008551184087991714,
            0.0005878955125808716
        ],
        [
            0.07106023281812668,
            0.0024116821587085724,
            -0.006020829081535339
        ],
        [
            0.07224329560995102,
            -0.0027246102690696716,
            0.002214401960372925
        ],
        [
            0.0646899864077568,
            0.033219482749700546,
            -0.06610597670078278
        ],
        [
            0.07274508476257324,
            0.0068650022149086,
            -0.024144001305103302
        ],
        [
            0.0751880332827568,
            -0.0004978068172931671,
            -0.011788688600063324
        ],
        [
            0.07677119225263596,
            -0.00677194818854332,
            -0.002217009663581848
        ],
        [
            0.07697373628616333,
            -0.011303145438432693,
            0.00479995459318161
        ],
        [
            0.07209305465221405,
            -0.006307743489742279,
            0.008980445563793182
        ],
        [
            0.09164808690547943,
            0.05082769691944122,
            -0.10265468060970306
        ],
        [
            0.08767010271549225,
            0.0586058646440506,
            -0.10141266882419586
        ],
        [
            0.07051237672567368,
            -0.011283069849014282,
            0.016430720686912537
        ],
        [
            0.07661279290914536,
            -0.016299910843372345,
            0.011568911373615265
        ],
        [
            0.0812792032957077,
            -0.003925114870071411,
            -0.01782338321208954
        ],
        [
            0.09043342620134354,
            -0.006886396557092667,
            -0.0250387005507946
        ],
        [
            0.07882965356111526,
            0.0035053491592407227,
            -0.029480449855327606
        ],
        [
            0.08729967474937439,
            0.000965416431427002,
            -0.03742530941963196
        ],
        [
            0.06842171400785446,
            0.0238462183624506,
            -0.07092209905385971
        ],
        [
            0.09359938651323318,
            0.07695260643959045,
            -0.10089101642370224
        ],
        [
            0.08849453926086426,
            0.06669265776872635,
            -0.09852826595306396
        ],
        [
            0.09077580273151398,
            0.06644707918167114,
            -0.09314946085214615
        ],
        [
            0.09324637055397034,
            0.07658722251653671,
            -0.09653069823980331
        ],
        [
            0.08704685419797897,
            0.060742080211639404,
            -0.0947539284825325
        ],
        [
            0.09001393616199493,
            0.06419134885072708,
            -0.10348206013441086
        ],
        [
            0.10235685855150223,
            0.001039847731590271,
            -0.04417819157242775
        ],
        [
            0.09084846824407578,
            0.04454517364501953,
            -0.07718642055988312
        ],
        [
            0.10957691818475723,
            -0.00628386065363884,
            -0.03061067685484886
        ],
        [
            0.11873218417167664,
            0.008099209517240524,
            -0.05182403326034546
        ],
        [
            0.12510624527931213,
            0.004267632961273193,
            -0.040498796850442886
        ],
        [
            0.11802062392234802,
            -0.013603024184703827,
            -0.016105689108371735
        ],
        [
            0.12909042835235596,
            -0.0034417249262332916,
            -0.026328671723604202
        ],
        [
            0.11073537915945053,
            -0.022001780569553375,
            -0.00015686452388763428
        ],
        [
            0.11248500645160675,
            -0.017972759902477264,
            -0.00829409807920456
        ],
        [
            0.13903175294399261,
            0.011850401759147644,
            -0.03256063535809517
        ],
        [
