{
    "pred_cam": [
        10.556218147277832,
        0.10312938690185547,
        -0.05946759879589081
    ],
    "pred_mano_params": {
        "global_orient": [
            [
                [
                    0.199635848402977,
                    -0.5984381437301636,
                    0.775897741317749
                ],
                [
                    -0.339807391166687,
                    -0.7849804162979126,
                    -0.5180122256278992
                ],
                [
                    0.9190628528594971,
                    -0.16024194657802582,
                    -0.36006394028663635
                ]
            ]
        ],
        "hand_pose": [
            [
                [
                    0.7720229625701904,
                    -0.5893353223800659,
                    -0.23804301023483276
                ],
                [
                    0.5595934391021729,
                    0.807830274105072,
                    -0.18510930240154266
                ],
                [
                    0.30138981342315674,
                    0.009701326489448547,
                    0.9534516930580139
                ]
            ],
            [
                [
                    0.7827240228652954,
                    -0.5742531418800354,
                    0.23995086550712585
                ],
                [
                    0.6178845167160034,
                    0.7632064819335938,
                    -0.18903574347496033
                ],
                [
                    -0.0745777040719986,
                    0.2962247431278229,
                    0.9522022008895874
                ]
            ],
            [
                [
                    0.7429910898208618,
                    -0.6685729622840881,
                    0.031218379735946655
                ],
                [
                    0.6686249375343323,
                    0.7435287833213806,
                    0.01027695182710886
                ],
                [
                    -0.03008265420794487,
                    0.013237705454230309,
                    0.9994598031044006
                ]
            ],
            [
                [
                    0.7497401237487793,
                    -0.6033693552017212,
                    -0.2717263698577881
                ],
                [
                    0.6097054481506348,
                    0.7894660830497742,
                    -0.07072912156581879
                ],
                [
                    0.25719451904296875,
                    -0.11264459043741226,
                    0.959771990776062
                ]
            ],
            [
                [
                    0.750733494758606,
                    -0.6477611064910889,
                    -0.12963327765464783
                ],
                [
                    0.652850329875946,
                    0.6975158452987671,
                    0.2953949272632599
                ],
                [
                    -0.10092407464981079,
                    -0.30639398097991943,
                    0.946539580821991
                ]
            ],
            [
                [
                    0.8391249775886536,
                    -0.5370518565177917,
                    -0.08628158271312714
                ],
                [
                    0.5402567386627197,
                    0.8413178324699402,
                    0.01751980558037758
                ],
                [
                    0.06318119168281555,
                    -0.06131551414728165,
                    0.9961166977882385
                ]
            ],
            [
                [
                    0.4044763147830963,
                    -0.9108739495277405,
                    -0.08189953863620758
                ],
                [
                    0.8468075394630432,
                    0.33918851613998413,
                    0.4097170829772949
                ],
                [
                    -0.3454212546348572,
                    -0.2350740283727646,
                    0.9085286855697632
                ]
            ],
            [
                [
                    0.9635106921195984,
                    -0.26323947310447693,
                    -0.048498738557100296
                ],
                [
                    0.2642578184604645,
                    0.9643222093582153,
                    0.01582612283527851
                ],
                [
                    0.04260235279798508,
                    -0.02806480973958969,
                    0.9986978769302368
                ]
            ],
            [
                [
                    0.9702807664871216,
                    -0.22205130755901337,
                    0.09616807103157043
                ],
                [
                    0.1705753058195114,
                    0.9095157980918884,
                    0.37905803322792053
                ],
                [
                    -0.17163674533367157,
                    -0.3513888716697693,
                    0.9203621745109558
                ]
            ],
            [
                [
                    0.551445484161377,
                    -0.8214967250823975,
                    -0.14508943259716034
                ],
                [
                    0.8201209902763367,
                    0.5656998753547668,
                    -0.08593765646219254
                ],
                [
                    0.1526745855808258,
                    -0.07160093635320663,
                    0.9856793284416199
                ]
            ],
            [
                [
                    0.9562147259712219,
                    -0.290738582611084,
                    0.03353307768702507
                ],
                [
                    0.24609874188899994,
                    0.8607831001281738,
                    0.44551968574523926
                ],
                [
                    -0.1583944857120514,
                    -0.41776004433631897,
                    0.8946439027786255
                ]
            ],
            [
                [
                    0.8515855073928833,
                    -0.49612998962402344,
                    -0.16928398609161377
                ],
                [
                    0.5206001400947571,
                    0.8382635116577148,
                    0.1621411144733429
                ],
                [
                    0.061461519449949265,
                    -0.22620630264282227,
                    0.9721384048461914
                ]
            ],
            [
                [
                    0.909075140953064,
                    -0.28274083137512207,
                    0.30600661039352417
                ],
                [
                    0.3579561710357666,
                    0.15421490371227264,
                    -0.920915424823761
                ],
                [
                    0.21318961679935455,
                    0.9467182159423828,
                    0.2414017617702484
                ]
            ],
            [
                [
                    0.9296858310699463,
                    -0.3622453510761261,
                    -0.06680285185575485
                ],
                [
                    0.33669984340667725,
                    0.7621526718139648,
                    0.5529525876045227
                ],
                [
                    -0.14939051866531372,
                    -0.5365646481513977,
                    0.8305305242538452
                ]
            ],
            [
                [
                    0.8459808826446533,
                    0.3961430788040161,
                    -0.35691311955451965
                ],
                [
                    -0.4042171537876129,
                    0.9129934310913086,
                    0.05524035915732384
                ],
                [
                    0.3477424085140228,
                    0.09753812849521637,
                    0.932502806186676
                ]
            ]
        ],
        "betas": [
            -0.019402161240577698,
            -0.06313958764076233,
            -0.0618593692779541,
            -0.04115942120552063,
            0.011371463537216187,
            -0.06330025941133499,
            3.0219554901123047e-05,
            -0.03790190815925598,
            -0.01259419322013855,
            -0.04024147987365723
        ]
    },
    "pred_cam_t": [
        -0.10312938690185547,
        -0.05946759879589081,
        3.700425624847412
    ],
    "focal_length": [
        5000.0,
        5000.0
    ],
    "pred_keypoints_3d": [
        [
            0.09583538770675659,
            0.006394778378307819,
            0.006209099665284157
        ],
        [
            0.12034310400485992,
            0.01342522632330656,
            -0.02274087443947792
        ],
        [
            0.13718856871128082,
            0.03850209340453148,
            -0.028981396928429604
        ],
        [
            0.1471203863620758,
            0.06320800632238388,
            -0.0343090258538723
        ],
        [
            0.15286394953727722,
            0.09117201715707779,
            -0.05661895126104355
        ],
        [
            0.09735444188117981,
            0.029749710112810135,
            -0.0814148411154747
        ],
        [
            0.09501608461141586,
            0.055469684302806854,
            -0.10206370800733566
        ],
        [
            0.10379605740308762,
            0.07589923590421677,
            -0.10128016769886017
        ],
        [
            0.11544099450111389,
            0.09207393229007721,
            -0.08620557934045792
        ],
        [
            0.07518066465854645,
            0.04151672497391701,
            -0.07941506803035736
        ],
        [
            0.07032664865255356,
            0.06986665725708008,
            -0.09293937683105469
        ],
        [
            0.08142005652189255,
            0.09008394181728363,
            -0.08935576677322388
        ],
        [
            0.09810999035835266,
            0.10648281872272491,
            -0.07865273952484131
        ],
        [
            0.061153654009103775,
            0.051142673939466476,
            -0.058773212134838104
        ],
        [
            0.06339582055807114,
            0.078720822930336,
            -0.06718529760837555
        ],
        [
            0.07334022969007492,
            0.1013616994023323,
            -0.06445809453725815
        ],
        [
            0.08788031339645386,
            0.12002110481262207,
            -0.05441325157880783
        ],
        [
            0.05450279638171196,
            0.06003039702773094,
            -0.03998052328824997
        ],
        [
            0.060755010694265366,
            0.08026653528213501,
            -0.04034365341067314
        ],
        [
            0.0689241960644722,
            0.09698458760976791,
            -0.03639928996562958
        ],
        [
            0.08268948644399643,
            0.1107814759016037,
            -0.030411377549171448
        ]
    ],
    "pred_vertices": [
        [
            0.10935948044061661,
            0.030012521892786026,
            -0.042612358927726746
        ],
        [
            0.11124547570943832,
            0.02812795713543892,
            -0.032366737723350525
        ],
        [
            0.11682773381471634,
            0.03370685875415802,
            -0.03506767377257347
        ],
        [
            0.11561478674411774,
            0.03288793936371803,
            -0.047742925584316254
        ],
        [
            0.12131014466285706,
            0.02993631362915039,
            -0.0114072784781456
        ],
        [
            0.13046030700206757,
            0.022861693054437637,
            -0.008045859634876251
        ],
        [
            0.13678938150405884,
            0.03529641404747963,
            -0.013913385570049286
        ],
        [
            0.12797962129116058,
            0.040208473801612854,
            -0.014304909855127335
        ],
        [
            0.12011582404375076,
            0.03541474789381027,
            -0.05068383365869522
        ],
        [
            0.1214759349822998,
            0.03890886530280113,
            -0.03672051057219505
        ],
        [
            0.1228567436337471,
            0.03634098172187805,
            -0.049305275082588196
        ],
        [
            0.11644532531499863,
            0.024532664567232132,
            -0.06528590619564056
        ],
        [
            0.1159549430012703,
            0.02885942906141281,
            -0.06301166117191315
        ],
        [
            0.11065027117729187,
            0.02098960056900978,
            -0.07423705607652664
        ],
        [
            0.11410735547542572,
            0.014817610383033752,
            -0.06255869567394257
        ],
        [
            0.1029500737786293,
            0.015214642509818077,
            -0.07532895356416702
        ],
        [
            0.08531461656093597,
            0.00709756463766098,
            -0.0515272356569767
        ],
        [
            0.07493654638528824,
            0.011557795107364655,
            -0.04340788349509239
        ],
        [
            0.070122130215168,
            0.01885231025516987,
            -0.05845559388399124
        ],
        [
            0.0814976766705513,
            0.01409730315208435,
            -0.06487324088811874
        ],
        [
            0.06044930964708328,
            0.027192899957299232,
            -0.04193504899740219
        ],
        [
            0.06547608971595764,
            0.022964926436543465,
            -0.0518282875418663
        ],
        [
            0.06953336298465729,
            0.01469726487994194,
            -0.03687947988510132
        ],
        [
            0.06514709442853928,
            0.019060973078012466,
            -0.028703734278678894
        ],
        [
            0.09833018481731415,
            0.030304694548249245,
            -0.03062867745757103
        ],
        [
            0.1007365807890892,
            0.02762211114168167,
            -0.021289054304361343
        ],
        [
            0.10433021932840347,
            0.026008103042840958,
            -0.026558373123407364
        ],
        [
            0.10236772894859314,
            0.029015270993113518,
            -0.03474952653050423
        ],
        [
            0.13545997440814972,
            0.041593797504901886,
            -0.04275798052549362
        ],
        [
            0.12985819578170776,
            0.02368582971394062,
            -0.04789167642593384
        ],
        [
            0.12555743753910065,
            0.029489876702427864,
            -0.05094718933105469
        ],
        [
            0.13226105272769928,
            0.04557187855243683,
            -0.04054044187068939
        ],
        [
            0.10362093150615692,
            0.029129959642887115,
            0.008801199495792389
        ],
        [
            0.10418501496315002,
            0.01908865012228489,
            0.017964474856853485
        ],
        [
            0.10814572125673294,
            0.01568962074816227,
            0.014980591833591461
        ],
        [
            0.10640633851289749,
            0.025081312283873558,
            0.0067787691950798035
        ],
        [
            0.12257355451583862,
            0.011360755190253258,
            0.0004076659679412842
        ],
        [
            0.12050115317106247,
            0.0047742947936058044,
            0.006973385810852051
        ],
        [
            0.12404894083738327,
            -0.007599296048283577,
            0.0065171197056770325
        ],
        [
            0.1272772252559662,
            -0.0025845542550086975,
            -0.0017845630645751953
        ],
        [
            0.12587568163871765,
            0.016803942620754242,
            -0.005103692412376404
        ],
        [
            0.13235440850257874,
            0.006022930145263672,
            -0.007544912397861481
        ],
        [
            0.1367926448583603,
            0.014426730573177338,
            -0.01154518872499466
        ],
        [
            0.1428554803133011,
            0.02982131391763687,
            -0.017874129116535187
        ],
        [
            0.09356198459863663,
            0.02364729903638363,
            0.02356567233800888
        ],
        [
            0.09195947647094727,
            0.032059915363788605,
            0.017928943037986755
        ],
        [
            0.1058024987578392,
            0.05830499529838562,
            -0.09555931389331818
        ],
        [
            0.10179031640291214,
            0.061425402760505676,
            -0.0923643484711647
        ],
        [
            0.10199950635433197,
            0.0581083782017231,
            -0.09070616960525513
        ],
        [
            0.10574532300233841,
            0.05569770187139511,
            -0.09451338648796082
        ],
        [
            0.07386408746242523,
            0.02128082886338234,
            0.019577398896217346
        ],
        [
            0.06840848922729492,
            0.01348983496427536,
            0.016256272792816162
        ],
        [
            0.07035880535840988,
            0.011926911771297455,
            0.023108236491680145
        ],
        [
            0.07695775479078293,
            0.018081113696098328,
            0.025707274675369263
        ],
        [
            0.0698353573679924,
            0.025477517396211624,
            0.011432982981204987
        ],
        [
            0.06639574468135834,
            0.015874169766902924,
            0.006623856723308563
        ],
        [
            0.10186348855495453,
            0.05714742839336395,
            -0.10776904970407486
        ],
        [
            0.10581038147211075,
            0.05681938678026199,
            -0.1044333428144455
        ],
        [
            0.10409845411777496,
            0.05244436115026474,
            -0.10415120422840118
        ],
        [
            0.0994112640619278,
            0.052105680108070374,
            -0.10637104511260986
        ],
        [
            0.11305272579193115,
            0.030991218984127045,
            -0.05845339596271515
        ],
        [
            0.10742735117673874,
            0.032158445566892624,
            -0.051699016243219376
        ],
        [
            0.10599013417959213,
            0.03470492735505104,
            -0.07377643883228302
        ],
        [
            0.10513900220394135,
            0.03342954069375992,
            -0.06530037522315979
        ],
        [
            0.11028993129730225,
            0.029515443369746208,
            -0.06779074668884277
        ],
        [
            0.10962612181901932,
            0.03001173958182335,
            -0.07517323642969131
        ],
        [
            0.0891454815864563,
            0.03971906006336212,
            -0.04894030839204788
        ],
        [
            0.09236667305231094,
            0.03503870964050293,
            -0.038717836141586304
        ],
        [
            0.09647935628890991,
            0.03323467820882797,
            -0.04372170940041542
        ],
        [
            0.09458916634321213,
            0.03811999037861824,
            -0.055483900010585785
        ],
        [
            0.08465579152107239,
            0.04242796450853348,
            -0.029425151646137238
        ],
        [
            0.08177343010902405,
            0.04596572741866112,
            -0.04029043763875961
        ],
        [
            0.07777410745620728,
            0.04959537088871002,
            -0.033643219619989395
        ],
        [
            0.08114609122276306,
            0.04729525372385979,
            -0.02697553113102913
        ],
        [
            0.07923527806997299,
            0.04982031136751175,
            -0.06041643023490906
        ],
        [
            0.07742764800786972,
            0.051423195749521255,
            -0.06633133441209793
        ],
        [
            0.0755804032087326,
            0.05476497486233711,
            -0.06433995068073273
        ],
        [
            0.07714387029409409,
            0.05119810625910759,
            -0.057815104722976685
        ],
        [
            0.0719541385769844,
            0.009286653250455856,
            0.029511049389839172
        ],
        [
            0.08024764806032181,
            0.014293510466814041,
            0.031025424599647522
        ],
        [
            0.0527346096932888,
            0.03888366371393204,
            -0.024897340685129166
        ],
        [
            0.05556885153055191,
            0.04459868371486664,
            -0.015734709799289703
        ],
        [
            0.050960712134838104,
            0.05229557305574417,
            -0.02509337291121483
        ],
        [
            0.048166342079639435,
            0.04388664662837982,
            -0.03318161517381668
        ],
        [
            0.0681869238615036,
            0.005376547574996948,
            0.00982094556093216
        ],
        [
            0.06795310229063034,
            0.0039467476308345795,
            0.017526715993881226
        ],
        [
            0.09599525481462479,
            0.059101641178131104,
            -0.10813559591770172
        ],
        [
            0.09368069469928741,
            0.05397719144821167,
            -0.10593061149120331
        ],
        [
            0.13597643375396729,
            0.003864377737045288,
            -0.019529283046722412
        ],
        [
            0.14444202184677124,
            0.0236826054751873,
            -0.025661543011665344
        ],
        [
            0.12850430607795715,
            -0.0071311816573143005,
            -0.011683322489261627
        ],
        [
            0.12218745797872543,
            -0.013101976364850998,
            -0.004941992461681366
        ],
        [
            0.11933369934558868,
            -0.01777670904994011,
            0.0023667439818382263
        ],
        [
            0.0998154878616333,
            0.03733658045530319,
            -0.06581795960664749
        ],
        [
            0.10223840922117233,
            0.031349293887615204,
            -0.04401227831840515
        ],
        [
            0.09509873390197754,
            0.03236335888504982,
            -0.027009930461645126
        ],
        [
            0.07778235524892807,
            0.051703259348869324,
            -0.010359261184930801
        ],
        [
            0.08144877105951309,
            0.0477902889251709,
            -0.0014102309942245483
        ],
        [
            0.08755636215209961,
            0.045241374522447586,
            -0.009822644293308258
        ],
        [
            0.08266600966453552,
            0.04873295873403549,
            -0.016051750630140305
        ],
        [
            0.06119561940431595,
            0.052360355854034424,
            -0.012694038450717926
        ],
        [
            0.06805233657360077,
            0.055565159767866135,
            -0.0153704434633255
        ],
        [
            0.06509320437908173,
            0.05854874849319458,
            -0.022150147706270218
        ],
        [
            0.05755119398236275,
            0.05696143954992294,
            -0.020845986902713776
        ],
        [
            0.14247174561023712,
            0.038705043494701385,
            -0.04198259860277176
        ],
        [
            0.1348067820072174,
            0.01944107562303543,
            -0.04387049004435539
        ],
        [
            0.08227687329053879,
            0.027590487152338028,
            0.020951129496097565
        ],
        [
            0.0860806331038475,
            0.02254597097635269,
            0.025575950741767883
        ],
        [
            0.08768600225448608,
            0.01645856723189354,
            0.03134685009717941
        ],
        [
            0.1033245101571083,
            0.027691729366779327,
            -0.0071859210729599
        ],
        [
            0.10831533372402191,
            0.022197365760803223,
            0.005221188068389893
        ],
        [
            0.11077304929494858,
            0.020148668438196182,
            0.0018010959029197693
        ],
        [
            0.10426026582717896,
            0.025038858875632286,
            -0.010569162666797638
        ],
        [
            0.11127721518278122,
            0.02620253525674343,
            -0.02020317316055298
        ],
        [
            0.11575712263584137,
            0.02234738878905773,
            -0.009019307792186737
        ],
        [
            0.1161070317029953,
            0.034336432814598083,
            -0.021150067448616028
        ],
        [
            0.113697849214077,
            0.010142650455236435,
            0.012247711420059204
        ],
        [
            0.11034370958805084,
            0.009535793215036392,
            0.023053698241710663
        ],
        [
            0.11593644320964813,
            0.003799356520175934,
            0.019036084413528442
        ],
        [
            0.10256911814212799,
            0.013752594590187073,
            0.02732270210981369
        ],
        [
            0.09467197954654694,
            0.01652079075574875,
            0.03038792312145233
        ],
        [
            0.06652248650789261,
            -0.00023536384105682373,
            0.02481890469789505
        ],
        [
            0.11996753513813019,
            -0.0018226057291030884,
            0.014383994042873383
        ],
        [
            0.13361047208309174,
            0.046897485852241516,
            -0.01817803457379341
        ],
        [
            0.13928523659706116,
            0.053345274180173874,
            -0.02139792963862419
        ],
        [
            0.13339629769325256,
            0.054040927439928055,
            -0.026058997958898544
        ],
        [
            0.12766113877296448,
            0.048058293759822845,
            -0.02388620749115944
        ],
        [
            0.10582517832517624,
            0.02215440943837166,
            -0.0830167829990387
        ],
        [
            0.10992740839719772,
            0.026664070785045624,
            -0.07931847125291824
        ],
        [
            0.11333831399679184,
            0.025066062808036804,
            -0.07062604278326035
        ],
        [
            0.09737473726272583,
            0.036649614572525024,
            0.002497166395187378
        ],
        [
            0.08788220584392548,
            0.03891892731189728,
            0.010535620152950287
        ],
        [
            0.10061771422624588,
            0.0385466106235981,
            -0.07424730807542801
        ],
        [
            0.09780929237604141,
            0.04751044139266014,
            -0.10524869710206985
        ],
        [
            0.10328923910856247,
            0.04792613908648491,
            -0.10292627662420273
        ],
        [
            0.10389111191034317,
            0.032648418098688126,
            -0.09343305230140686
        ],
        [
            0.09753693640232086,
            0.03191366791725159,
            -0.0962386429309845
        ],
        [
            0.0923384428024292,
            0.04168206825852394,
            -0.08041513711214066
        ],
        [
            0.09880099445581436,
            0.040684912353754044,
            -0.0772223025560379
        ],
        [
            0.09726542234420776,
            0.04196855053305626,
            -0.07866779714822769
        ],
        [
            0.09136222302913666,
            0.044481877237558365,
            -0.0804019346833229
        ],
        [
            0.07235293090343475,
            0.05670924857258797,
            -0.055893369019031525
        ],
        [
            0.07389101386070251,
            0.053803153336048126,
            -0.05046907812356949
        ],
        [
            0.07943090051412582,
            0.024171676486730576,
            -0.07713102549314499
        ],
        [
            0.08816695213317871,
            0.015291115269064903,
            -0.0821971669793129
        ],
        [
            0.09237339347600937,
            0.011424742639064789,
            -0.07098575681447983
        ],
        [
            0.08496644347906113,
            0.04262315109372139,
            -0.043464384973049164
        ],
        [
            0.08164097368717194,
            0.04716827720403671,
            -0.05219937115907669
        ],
        [
            0.07913227379322052,
            0.04883696883916855,
            -0.04943860322237015
        ],
        [
            0.09609681367874146,
            0.03982643410563469,
            -0.06766609847545624
        ],
        [
            0.09505899995565414,
            0.041103363037109375,
            -0.07449589669704437
        ],
        [
            0.09198613464832306,
            0.042097434401512146,
            -0.07113540917634964
        ],
        [
            0.09256467968225479,
            0.041159700602293015,
            -0.0637732520699501
        ],
        [
            0.05960671231150627,
            0.03721603751182556,
            -0.005542028695344925
        ],
        [
            0.0657481998205185,
            0.04659209027886391,
            -0.002159431576728821
        ],
        [
            0.10726861655712128,
            0.05694790929555893,
            -0.09996066242456436
        ],
        [
            0.1064932644367218,
            0.05362411588430405,
            -0.09952729940414429
        ],
        [
            0.08826635777950287,
            0.038016874343156815,
            -0.03355851024389267
        ],
        [
            0.09657134860754013,
            0.00709882564842701,
            -0.05759382247924805
        ],
        [
            0.09200689196586609,
            0.0350198969244957,
            -0.023257140070199966
        ],
        [
            0.05550200492143631,
            0.04664425924420357,
            -0.05089089274406433
        ],
        [
            0.05934508144855499,
            0.05490013211965561,
            -0.04790564626455307
        ],
        [
            0.059786465018987656,
            0.05703339725732803,
            -0.05163388326764107
        ],
        [
            0.056338388472795486,
            0.053104568272829056,
            -0.055477630347013474
        ],
        [
            0.09038758277893066,
            0.05627945810556412,
            -0.08879261463880539
        ],
        [
            0.09596811234951019,
            0.0571291521191597,
            -0.08745812624692917
        ],
        [
            0.09626062214374542,
            0.06011541932821274,
            -0.0892140120267868
        ],
        [
            0.09077119827270508,
            0.06044725328683853,
            -0.09148575365543365
        ],
        [
            0.10407897084951401,
            0.03807513788342476,
            -0.07775020599365234
        ],
        [
            0.10820909589529037,
            0.03385011851787567,
            -0.08017429709434509
        ],
        [
            0.10667918622493744,
            0.038584284484386444,
            -0.08324947208166122
        ],
        [
            0.10205455869436264,
            0.04114270955324173,
            -0.08042832463979721
        ],
        [
            0.10787685215473175,
            0.030227167531847954,
            -0.08491429686546326
        ],
        [
            0.10710612684488297,
            0.03494144603610039,
            -0.08842851966619492
        ],
        [
            0.08650193363428116,
            0.05416882783174515,
            -0.09349651634693146
        ],
        [
            0.08718370646238327,
            0.05103285238146782,
            -0.10029427707195282
        ],
        [
            0.08557778596878052,
            0.03726455569267273,
            -0.0912027508020401
        ],
        [
            0.08643882721662521,
            0.04316944256424904,
            -0.08607033640146255
        ],
        [
            0.06847412139177322,
            0.010364145040512085,
            -0.016544606536626816
        ],
        [
            0.06390340626239777,
            0.01709061861038208,
            -0.00891616940498352
        ],
        [
            0.06022593006491661,
            0.025862261652946472,
            -0.020873356610536575
        ],
        [
            0.05534738302230835,
            0.03417564183473587,
            -0.03273108974099159
        ],
        [
            0.05247779190540314,
            0.04206213355064392,
            -0.04427175968885422
        ],
        [
            0.05554462596774101,
            0.033811092376708984,
            -0.052997589111328125
        ],
        [
            0.05801694095134735,
            0.03017687425017357,
            -0.014213800430297852
        ],
        [
            0.08468852192163467,
            0.037395376712083817,
            -0.0817246362566948
        ],
        [
            0.08460574597120285,
            0.028773024678230286,
            -0.08447935432195663
        ],
        [
            0.081119604408741,
            0.031639523804187775,
            -0.08141548931598663
        ],
        [
            0.08873530477285385,
            0.0400928258895874,
            -0.018830478191375732
        ],
        [
            0.10632960498332977,
            0.049623697996139526,
            -0.0987754762172699
        ],
        [
            0.09937309473752975,
            -0.01965653896331787,
            -0.006412789225578308
        ],
        [
            0.08676651120185852,
            -0.016335830092430115,
            -0.001935325562953949
        ],
        [
            0.08768314868211746,
            -0.012679323554039001,
            -0.00997859239578247
        ],
        [
            0.10272131115198135,
            -0.015452034771442413,
            -0.01511874794960022
        ],
        [
            0.1025174930691719,
            0.05554911494255066,
            -0.08929452300071716
        ],
        [
            0.10659288614988327,
            0.05263363569974899,
            -0.09317723661661148
        ],
        [
            0.07042504847049713,
            0.05769868567585945,
            -0.04661835730075836
        ],
        [
            0.06901877373456955,
            0.05931689590215683,
            -0.051954686641693115
        ],
        [
            0.06514739990234375,
            0.060440436005592346,
            -0.05055632069706917
        ],
        [
            0.06699732691049576,
            0.06176396831870079,
            -0.04494244605302811
        ],
        [
            0.06272371858358383,
            0.020165961235761642,
            -0.003911897540092468
        ],
        [
            0.05147911235690117,
            0.059387385845184326,
            -0.029317768290638924
        ],
        [
            0.04837542399764061,
            0.05171988904476166,
            -0.0376557856798172
        ],
        [
            0.06722753494977951,
            0.009210959076881409,
            0.0011253207921981812
        ],
        [
            0.07070203125476837,
            0.002883031964302063,
            -0.005473226308822632
        ],
        [
            0.07190695405006409,
            -0.0021737031638622284,
            0.0027993395924568176
        ],
        [
            0.06396897882223129,
            0.03299938887357712,
            -0.06581874191761017
        ],
        [
            0.0721559077501297,
            0.0070447251200675964,
            -0.02367779240012169
        ],
        [
            0.07464444637298584,
            -0.00021279603242874146,
            -0.01128263771533966
        ],
        [
            0.07624827325344086,
            -0.006399583071470261,
            -0.0016657859086990356
        ],
        [
            0.0764649510383606,
            -0.010843366384506226,
            0.005397796630859375
        ],
        [
            0.0717950239777565,
            -0.0056599341332912445,
            0.009609706699848175
        ],
        [
            0.09183864295482635,
            0.0490766316652298,
            -0.1037895530462265
        ],
        [
            0.08816713839769363,
            0.057010192424058914,
            -0.10286246240139008
        ],
        [
            0.07024143636226654,
            -0.010484248399734497,
            0.017154790461063385
        ],
        [
            0.07611130177974701,
            -0.015730679035186768,
            0.012235231697559357
        ],
        [
            0.08053143322467804,
            -0.0038808248937129974,
            -0.01739567518234253
        ],
        [
            0.08950180560350418,
            -0.007127430289983749,
            -0.02480025589466095
        ],
        [
            0.07804592698812485,
            0.003454267978668213,
            -0.029096484184265137
        ],
        [
            0.08629532158374786,
            0.0006190091371536255,
            -0.03719174116849899
        ],
        [
            0.06749522686004639,
            0.023482011631131172,
            -0.07044421136379242
        ],
        [
            0.0945013239979744,
            0.07516562938690186,
            -0.1030796617269516
        ],
        [
            0.08919645845890045,
            0.06515087187290192,
            -0.10025683045387268
        ],
        [
            0.09143482893705368,
            0.06509247422218323,
            -0.09485770761966705
        ],
        [
            0.0941694974899292,
            0.07503627240657806,
            -0.09870799630880356
        ],
        [
            0.08753416687250137,
            0.059415899217128754,
            -0.09632079303264618
        ],
        [
            0.09067045897245407,
            0.06241825222969055,
            -0.10509859025478363
        ],
        [
            0.10117761790752411,
            0.00043230876326560974,
            -0.044279418885707855
        ],
        [
            0.09004521369934082,
            0.04363240674138069,
            -0.07774177193641663
        ],
        [
            0.10863228887319565,
            -0.006819725036621094,
            -0.030894052237272263
        ],
        [
            0.11724048852920532,
            0.007389938458800316,
            -0.05219697207212448
        ],
        [
            0.12390638887882233,
            0.0036409124732017517,
            -0.04109594225883484
        ],
        [
            0.11735423654317856,
            -0.014180194586515427,
            -0.016526944935321808
        ],
        [
            0.12834374606609344,
            -0.00403117761015892,
            -0.02713092789053917
        ],
        [
            0.10994783788919449,
            -0.022425025701522827,
            -0.0001720637083053589
        ],
        [
            0.11173304170370102,
            -0.018473558127880096,
            -0.008458591997623444
        ],
        [
            0.13793595135211945,
            0.011464826762676239,
            -0.033507272601127625
        ],
        [
