{
    "pred_cam": [
        7.571830749511719,
        0.1505414992570877,
        0.0028471164405345917
    ],
    "pred_mano_params": {
        "global_orient": [
            [
                [
                    -0.8993329405784607,
                    0.3042225241661072,
                    -0.31408432126045227
                ],
                [
                    0.2696802020072937,
                    -0.17951692640781403,
                    -0.9460689425468445
                ],
                [
                    -0.34419888257980347,
                    -0.9355332255363464,
                    0.07940269261598587
                ]
            ]
        ],
        "hand_pose": [
            [
                [
                    0.9720224142074585,
                    -0.062230318784713745,
                    -0.2264947146177292
                ],
                [
                    0.08053150027990341,
                    0.9941140413284302,
                    0.07247144728899002
                ],
                [
                    0.22065161168575287,
                    -0.0886838287115097,
                    0.9713126420974731
                ]
            ],
            [
                [
                    0.23880481719970703,
                    -0.928898811340332,
                    0.28305330872535706
                ],
                [
                    0.9708777070045471,
                    0.22262585163116455,
                    -0.08851110190153122
                ],
                [
                    0.019202878698706627,
                    0.29594701528549194,
                    0.955011248588562
                ]
            ],
            [
                [
                    0.8968510031700134,
                    -0.4073784053325653,
                    0.1723402589559555
                ],
                [
                    0.3858039379119873,
                    0.9110002517700195,
                    0.14571860432624817
                ],
                [
                    -0.21636462211608887,
                    -0.0641983225941658,
                    0.9741997122764587
                ]
            ],
            [
                [
                    0.882232129573822,
                    -0.4677806496620178,
                    0.05336567759513855
                ],
                [
                    0.4467085003852844,
                    0.8674705028533936,
                    0.21896688640117645
                ],
                [
                    -0.1487216055393219,
                    -0.16934068500995636,
                    0.9742719531059265
                ]
            ],
            [
                [
                    0.3768273890018463,
                    -0.888706386089325,
                    -0.26115545630455017
                ],
                [
                    0.9257447123527527,
                    0.3517155647277832,
                    0.13889862596988678
                ],
                [
                    -0.031587645411491394,
                    -0.29410409927368164,
                    0.9552512764930725
                ]
            ],
            [
                [
                    0.9630189538002014,
                    -0.2667163014411926,
                    0.038168273866176605
                ],
                [
                    0.268325537443161,
                    0.9622206687927246,
                    -0.04618125036358833
                ],
                [
                    -0.024409011006355286,
                    0.05471494793891907,
                    0.9982035160064697
                ]
            ],
            [
                [
                    0.8579466938972473,
                    -0.5118579268455505,
                    0.04391918703913689
                ],
                [
                    0.5093755722045898,
                    0.8586640954017639,
                    0.05685441941022873
                ],
                [
                    -0.06681322306394577,
                    -0.026406701654195786,
                    0.9974159598350525
                ]
            ],
            [
                [
                    0.7123373746871948,
                    -0.6987406611442566,
                    0.0658557116985321
                ],
                [
                    0.4884004294872284,
                    0.5609066486358643,
                    0.6684674620628357
                ],
                [
                    -0.5040243268013,
                    -0.4440104067325592,
                    0.7408199906349182
                ]
            ],
            [
                [
                    0.9371524453163147,
                    -0.3104109764099121,
                    0.15934336185455322
                ],
                [
                    0.273492693901062,
                    0.9370797276496887,
                    0.21698714792728424
                ],
                [
                    -0.2166726142168045,
                    -0.15977080166339874,
                    0.9630817174911499
                ]
            ],
            [
                [
                    0.8591813445091248,
                    -0.5113914608955383,
                    0.016920682042837143
                ],
                [
                    0.5110888481140137,
                    0.8593113422393799,
                    0.019294487312436104
                ],
                [
                    -0.024407168850302696,
                    -0.007929489947855473,
                    0.9996707439422607
                ]
            ],
            [
                [
                    0.5960260629653931,
                    -0.793716311454773,
                    -0.12152101844549179
                ],
                [
                    0.6929607391357422,
                    0.43198996782302856,
                    0.5772261619567871
                ],
                [
                    -0.4056580066680908,
                    -0.42825111746788025,
                    0.8074915409088135
                ]
            ],
            [
                [
                    0.9492558240890503,
                    -0.31308355927467346,
                    0.029868531972169876
                ],
                [
                    0.3142099678516388,
                    0.9481919407844543,
                    -0.04694820195436478
                ],
                [
                    -0.013622390106320381,
                    0.05395083874464035,
                    0.9984506964683533
                ]
            ],
            [
                [
                    0.9484198689460754,
                    0.023654421791434288,
                    0.3161333203315735
                ],
                [
                    0.2601480484008789,
                    0.5118201971054077,
                    -0.8187571167945862
                ],
                [
                    -0.18117061257362366,
                    0.8587669134140015,
                    0.47926679253578186
                ]
            ],
            [
                [
                    0.9271237850189209,
                    -0.29950031638145447,
                    -0.2252577394247055
                ],
                [
                    0.3679860532283783,
                    0.8412923812866211,
                    0.3959967792034149
                ],
                [
                    0.07090645283460617,
                    -0.45002976059913635,
                    0.8901941180229187
                ]
            ],
            [
                [
                    0.8455485105514526,
                    -0.5285102725028992,
                    -0.0756613239645958
                ],
                [
                    0.46552810072898865,
                    0.7992127537727356,
                    -0.38018766045570374
                ],
                [
                    0.26140254735946655,
                    0.28624463081359863,
                    0.9218095541000366
                ]
            ]
        ],
        "betas": [
            -0.008133813738822937,
            -0.04620364308357239,
            -0.0009740591049194336,
            -0.02583637833595276,
            0.07340237498283386,
            0.014177918434143066,
            0.055810123682022095,
            0.02431987226009369,
            0.020881876349449158,
            -0.01126563549041748
        ]
    },
    "pred_cam_t": [
        -0.1505414992570877,
        0.0028471164405345917,
        5.158924102783203
    ],
    "focal_length": [
        5000.0,
        5000.0
    ],
    "pred_keypoints_3d": [
        [
            0.09576162695884705,
            0.0063872309401631355,
            0.00619827676564455
        ],
        [
            0.10463090986013412,
            -0.021786917001008987,
            0.03099975734949112
        ],
        [
            0.10240601003170013,
            -0.03530045971274376,
            0.05856785178184509
        ],
        [
            0.1098824068903923,
            -0.040537215769290924,
            0.08408328890800476
        ],
        [
            0.11076328158378601,
            -0.031939662992954254,
            0.11711902171373367
        ],
        [
            0.16697072982788086,
            -0.03600092604756355,
            0.043069399893283844
        ],
        [
            0.19839006662368774,
            -0.039921678602695465,
            0.052456021308898926
        ],
        [
            0.19380436837673187,
            -0.0367334820330143,
            0.07395170629024506
        ],
        [
            0.1803404539823532,
            -0.035430729389190674,
            0.0944804921746254
        ],
        [
            0.1815601885318756,
            -0.015700306743383408,
            0.039936263114213943
        ],
        [
            0.20357298851013184,
            -0.019954606890678406,
            0.062419068068265915
        ],
        [
            0.19190572202205658,
            -0.016649946570396423,
            0.08231446146965027
        ],
        [
            0.17731501162052155,
            -0.014135399833321571,
            0.10349047929048538
        ],
        [
            0.17654219269752502,
            0.010268204845488071,
            0.03591866046190262
        ],
        [
            0.19697710871696472,
            0.009849274531006813,
            0.05632781609892845
        ],
        [
            0.18730100989341736,
            0.01015152782201767,
            0.07915700972080231
        ],
        [
            0.1757812201976776,
            0.009034136310219765,
            0.10182453691959381
        ],
        [
            0.16826222836971283,
            0.030491817742586136,
            0.03575906530022621
        ],
        [
            0.18265299499034882,
            0.03881637006998062,
            0.04882648214697838
        ],
        [
            0.17828033864498138,
            0.039883121848106384,
            0.06725835800170898
        ],
        [
            0.17030125856399536,
            0.03609912842512131,
            0.0837518721818924
        ]
    ],
    "pred_vertices": [
        [
            0.12993839383125305,
            -0.02050030417740345,
            0.04247638210654259
        ],
        [
            0.12077062577009201,
            -0.01718663051724434,
            0.041147518903017044
        ],
        [
            0.12066160887479782,
            -0.023129191249608994,
            0.04995040223002434
        ],
        [
            0.13055431842803955,
            -0.027868740260601044,
            0.049468185752630234
        ],
        [
            0.10015299171209335,
            -0.012109864503145218,
            0.046943265944719315
        ],
        [
            0.08968304097652435,
            -0.017100971192121506,
            0.04359443485736847
        ],
        [
            0.09247009456157684,
            -0.023920778185129166,
            0.05697270482778549
        ],
        [
            0.10023006051778793,
            -0.017896603792905807,
            0.058559391647577286
        ],
        [
            0.130511075258255,
            -0.03413161262869835,
            0.05418418347835541
        ],
        [
            0.1202559769153595,
            -0.027424290776252747,
            0.05682758614420891
        ],
        [
            0.12780210375785828,
            -0.03797978535294533,
            0.05423983559012413
        ],
        [
            0.14091083407402039,
            -0.044691819697618484,
            0.04469256475567818
        ],
        [
            0.14089159667491913,
            -0.039415400475263596,
            0.048579420894384384
        ],
        [
            0.15070748329162598,
            -0.046258702874183655,
            0.04105173423886299
        ],
        [
            0.1376001089811325,
            -0.04605261981487274,
            0.034063007682561874
        ],
        [
            0.15396533906459808,
            -0.04448609799146652,
            0.03198138624429703
        ],
        [
            0.14588531851768494,
            -0.022906307131052017,
            0.011930469423532486
        ],
        [
            0.14710550010204315,
            -0.009399416856467724,
            0.008557196706533432
        ],
        [
            0.16267046332359314,
            -0.011819925159215927,
            0.014797098934650421
        ],
        [
            0.15950706601142883,
            -0.02494742162525654,
            0.018304847180843353
        ],
        [
            0.15727032721042633,
            0.008193543180823326,
            0.013205604627728462
        ],
        [
            0.1612507402896881,
            -0.0028657224029302597,
            0.014246299862861633
        ],
        [
            0.1460399031639099,
            -0.0005934732034802437,
            0.006855357438325882
        ],
        [
            0.1432812213897705,
            0.009300271049141884,
            0.006443943828344345
        ],
        [
            0.12774977087974548,
            -0.005090814083814621,
            0.034138113260269165
        ],
        [
            0.11861635744571686,
            -0.0019529405981302261,
            0.03151758760213852
        ],
        [
            0.12007472664117813,
            -0.008442118763923645,
            0.033610694110393524
        ],
        [
            0.1280955970287323,
            -0.01092483103275299,
            0.036168377846479416
        ],
        [
            0.11579016596078873,
            -0.04330696910619736,
            0.05957866460084915
        ],
        [
            0.11801733076572418,
            -0.04619439318776131,
            0.04458922892808914
        ],
        [
            0.1248604878783226,
            -0.043631404638290405,
            0.048477720469236374
        ],
        [
            0.11772189289331436,
            -0.03892011567950249,
            0.062285274267196655
        ],
        [
            0.09432651102542877,
            0.01568065956234932,
            0.028448650613427162
        ],
        [
            0.08468155562877655,
            0.015602539293467999,
            0.018952596932649612
        ],
        [
            0.08381889760494232,
            0.009767362847924232,
            0.019006839022040367
        ],
        [
            0.09337465465068817,
            0.010944373905658722,
            0.027179306373000145
        ],
        [
            0.08488859236240387,
            -0.009204577654600143,
            0.026658421382308006
        ],
        [
            0.08001469820737839,
            -0.0074847545474767685,
            0.018328487873077393
        ],
        [
            0.07509137690067291,
            -0.01682182215154171,
            0.009733732789754868
        ],
        [
            0.08046797662973404,
            -0.021153999492526054,
            0.016403228044509888
        ],
        [
            0.08851458877325058,
            -0.012868713587522507,
            0.03530985862016678
        ],
        [
            0.08328132331371307,
            -0.023431550711393356,
            0.027583353221416473
        ],
        [
            0.08539741486310959,
            -0.02622917667031288,
            0.03767692297697067
        ],
        [
            0.08910156786441803,
            -0.03195725008845329,
            0.05326144024729729
        ],
        [
            0.08782172948122025,
            0.027647173032164574,
            0.015742341056466103
        ],
        [
            0.09500959515571594,
            0.02954893931746483,
            0.02268499694764614
        ],
        [
            0.1852387636899948,
            -0.042339932173490524,
            0.05963657796382904
        ],
        [
            0.18559451401233673,
            -0.03613397106528282,
            0.06037886440753937
        ],
        [
            0.18554852902889252,
            -0.03622687608003616,
            0.06000708043575287
        ],
        [
            0.18537446856498718,
            -0.04213692247867584,
            0.059385575354099274
        ],
        [
            0.10216907411813736,
            0.03528265655040741,
            0.0037386156618595123
        ],
        [
            0.1062367707490921,
            0.03228049352765083,
            -0.005020704120397568
        ],
        [
            0.09946553409099579,
            0.03458772227168083,
            -0.006484370678663254
        ],
        [
            0.09490230679512024,
            0.03562909737229347,
            0.0017074085772037506
        ],
        [
            0.11172927916049957,
            0.034687284380197525,
            0.006559029221534729
        ],
        [
            0.1153176799416542,
            0.02868877723813057,
            -0.0023266002535820007
        ],
        [
            0.19700594246387482,
            -0.04693340137600899,
            0.05686650052666664
        ],
        [
            0.19206702709197998,
            -0.04796934500336647,
            0.05853530019521713
        ],
        [
            0.19224663078784943,
            -0.0480576790869236,
            0.05504121631383896
        ],
        [
            0.196468785405159,
            -0.04629477113485336,
            0.052010536193847656
        ],
        [
            0.1399567723274231,
            -0.032016169279813766,
            0.048324938863515854
        ],
        [
            0.13861536979675293,
            -0.022972462698817253,
            0.044888686388731
        ],
        [
            0.15920747816562653,
            -0.03502223640680313,
            0.05162861570715904
        ],
        [
            0.15090413391590118,
            -0.028838831931352615,
            0.04774115979671478
        ],
        [
            0.1487976461648941,
            -0.036114420741796494,
            0.0480116568505764
        ],
        [
            0.1565369814634323,
            -0.040641214698553085,
            0.04938070848584175
        ],
        [
            0.1495027393102646,
            -0.0058943284675478935,
            0.040473099797964096
        ],
        [
            0.13864640891551971,
            -0.0040032342076301575,
            0.03637333959341049
        ],
        [
            0.13953274488449097,
            -0.01049082912504673,
            0.038144320249557495
        ],
        [
            0.150833860039711,
            -0.01393207162618637,
            0.04346059262752533
        ],
        [
            0.1380457878112793,
            0.010177746415138245,
            0.03635832667350769
        ],
        [
            0.14896100759506226,
            0.007088992744684219,
            0.04000477492809296
        ],
        [
            0.14742057025432587,
            0.015496636740863323,
            0.03963163495063782
        ],
        [
            0.13954848051071167,
            0.016344629228115082,
            0.037997785955667496
        ],
        [
            0.16731631755828857,
            -0.0012569357641041279,
            0.045855045318603516
        ],
        [
            0.1743803471326828,
            -0.003559770993888378,
            0.047881267964839935
        ],
        [
            0.17513184249401093,
            -0.0002543260343372822,
            0.047553643584251404
        ],
        [
            0.1670980304479599,
            0.002175922505557537,
            0.04493599012494087
        ],
        [
            0.09300226718187332,
            0.03622860088944435,
            -0.008922357112169266
        ],
        [
            0.08799285441637039,
            0.03501898795366287,
            -0.0005234554409980774
        ],
        [
            0.15145660936832428,
            0.028949743136763573,
            0.015382783487439156
        ],
        [
            0.1446990966796875,
            0.036410003900527954,
            0.02017679437994957
        ],
        [
            0.15608355402946472,
            0.03771926835179329,
            0.02518591284751892
        ],
        [
            0.1606176793575287,
            0.029368232935667038,
            0.018556544557213783
        ],
        [
            0.10943443328142166,
            0.024080410599708557,
            -0.010568048804998398
        ],
        [
            0.10336226969957352,
            0.028263557702302933,
            -0.013308454304933548
        ],
        [
            0.2012377679347992,
            -0.04217437654733658,
            0.055377379059791565
        ],
        [
            0.20056837797164917,
            -0.041497163474559784,
            0.05042162910103798
        ],
        [
            0.08879289776086807,
            -0.034723229706287384,
            0.027485862374305725
        ],
        [
            0.0917724221944809,
            -0.03991273045539856,
            0.047809336334466934
        ],
        [
            0.08594757318496704,
            -0.029431816190481186,
            0.01418733224272728
        ],
        [
            0.08352566510438919,
            -0.02488645166158676,
            0.005513377487659454
        ],
        [
            0.07859881967306137,
            -0.021780429407954216,
            -0.0005804374814033508
        ],
        [
            0.15564261376857758,
            -0.02382545918226242,
            0.048557624220848083
        ],
        [
            0.1357705295085907,
            -0.015267636626958847,
            0.03982701152563095
        ],
        [
            0.127448171377182,
            0.00017235800623893738,
            0.033312976360321045
        ],
        [
            0.12981727719306946,
            0.030767671763896942,
            0.03659457713365555
        ],
        [
            0.11969977617263794,
            0.03201413154602051,
            0.03355243802070618
        ],
        [
            0.12193699181079865,
            0.022012431174516678,
            0.036352429538965225
        ],
        [
            0.1305837631225586,
            0.022913463413715363,
            0.03782641142606735
        ],
        [
            0.1413341462612152,
            0.03919140622019768,
            0.028996340930461884
        ],
        [
            0.1406121551990509,
            0.035318613052368164,
            0.03591390699148178
        ],
        [
            0.14940990507602692,
            0.03470076620578766,
            0.038482099771499634
        ],
        [
            0.15122678875923157,
            0.03901465982198715,
            0.0325581356883049
        ],
        [
            0.1096203550696373,
            -0.04790659621357918,
            0.05937638506293297
        ],
        [
            0.11067385971546173,
            -0.0478736013174057,
            0.042207516729831696
        ],
        [
            0.09748107194900513,
            0.03460847586393356,
            0.013224421069025993
        ],
        [
            0.09053082019090652,
            0.0326031818985939,
            0.01036311686038971
        ],
        [
            0.08376184850931168,
            0.03205399960279465,
            0.005289468914270401
        ],
        [
            0.10645853728055954,
            0.005677396431565285,
            0.030411334708333015
        ],
        [
            0.09282471239566803,
            0.007646152749657631,
            0.02632071264088154
        ],
        [
            0.09347411245107651,
            0.003392757847905159,
            0.02701617404818535
        ],
        [
            0.10791166871786118,
            0.0019795652478933334,
            0.029783831909298897
        ],
        [
            0.11181426048278809,
            -0.010538585484027863,
            0.03954687714576721
        ],
        [
            0.09955692291259766,
            -0.006460793316364288,
            0.03648117929697037
        ],
        [
            0.11160822957754135,
            -0.014947395771741867,
            0.04980309307575226
        ],
        [
            0.08125803619623184,
            0.0022195950150489807,
            0.018156206235289574
        ],
        [
            0.0748562216758728,
            0.010157056152820587,
            0.013800475746393204
        ],
        [
            0.07315613329410553,
            0.0014614202082157135,
            0.012975897639989853
        ],
        [
            0.07727086544036865,
            0.01952415704727173,
            0.012082677334547043
        ],
        [
            0.08030319213867188,
            0.027479641139507294,
            0.009364787489175797
        ],
        [
            0.0976528599858284,
            0.031368765980005264,
            -0.018846634775400162
        ],
        [
            0.0729847401380539,
            -0.0067408401519060135,
            0.011288858950138092
        ],
        [
            0.10113528370857239,
            -0.023269904777407646,
            0.06561335921287537
        ],
        [
            0.10207286477088928,
            -0.027651825919747353,
            0.07157785445451736
        ],
        [
            0.10954874753952026,
            -0.027188632637262344,
            0.06974533200263977
        ],
        [
            0.1094462126493454,
            -0.023803984746336937,
            0.06432028114795685
        ],
        [
            0.1616397351026535,
            -0.04739053174853325,
            0.03940692916512489
        ],
        [
            0.15860705077648163,
            -0.04563533514738083,
            0.046098727732896805
        ],
        [
            0.14771918952465057,
            -0.04316537082195282,
            0.04596894234418869
        ],
        [
            0.10459459573030472,
            0.019346963614225388,
            0.03232463449239731
        ],
        [
            0.10466527938842773,
            0.03096131607890129,
            0.0274386927485466
        ],
        [
            0.16414758563041687,
            -0.03032216615974903,
            0.05205826088786125
        ],
        [
            0.1946328729391098,
            -0.04643700644373894,
            0.04818447679281235
        ],
        [
            0.1905858963727951,
            -0.048853013664484024,
            0.052119530737400055
        ],
        [
            0.17771920561790466,
            -0.048033393919467926,
            0.04346730187535286
        ],
        [
            0.18182697892189026,
            -0.04532148316502571,
            0.03868032991886139
        ],
        [
            0.17500950396060944,
            -0.028352871537208557,
            0.04892939329147339
        ],
        [
            0.1701902598142624,
            -0.0315312035381794,
            0.05240841209888458
        ],
        [
            0.17342142760753632,
            -0.031419090926647186,
            0.0520189069211483
        ],
        [
            0.1782827228307724,
            -0.027383334934711456,
            0.050184767693281174
        ],
        [
            0.17170250415802002,
            0.00838199257850647,
            0.045708831399679184
        ],
        [
            0.16485539078712463,
            0.010417942889034748,
            0.04381675273180008
        ],
        [
            0.172220379114151,
            -0.02522941119968891,
            0.027080856263637543
        ],
        [
            0.16700975596904755,
            -0.03787195309996605,
            0.02555334009230137
        ],
        [
            0.15633690357208252,
            -0.03674442321062088,
            0.022879140451550484
        ],
        [
            0.14857065677642822,
            0.001468663103878498,
            0.03953367844223976
        ],
        [
            0.15845461189746857,
            0.0006051706150174141,
            0.04321420192718506
        ],
        [
            0.15845781564712524,
            0.004715585149824619,
            0.0427132248878479
        ],
        [
            0.1599983274936676,
            -0.021508758887648582,
            0.048747897148132324
        ],
        [
            0.1673262119293213,
            -0.025231072679162025,
            0.05080099776387215
        ],
        [
            0.1656010001897812,
            -0.019781004637479782,
            0.048164643347263336
        ],
        [
            0.15920378267765045,
            -0.01617584004998207,
            0.046450693160295486
        ],
        [
            0.13312235474586487,
            0.03630799427628517,
            0.014102142304182053
        ],
        [
            0.12922412157058716,
            0.03991936892271042,
            0.02443351410329342
        ],
        [
            0.18769389390945435,
            -0.04646234214305878,
            0.05928921699523926
        ],
        [
            0.18796978890895844,
            -0.04656710475683212,
            0.05780142918229103
        ],
        [
            0.13793253898620605,
            0.003172776661813259,
            0.03554293513298035
        ],
        [
            0.14323610067367554,
            -0.033806510269641876,
            0.018448760733008385
        ],
        [
            0.1270962953567505,
            0.00572003610432148,
            0.033002689480781555
        ],
        [
            0.1729706972837448,
            0.016384217888116837,
            0.02690466120839119
        ],
        [
            0.17284616827964783,
            0.020673222839832306,
            0.03392269089818001
        ],
        [
            0.17691566050052643,
            0.018206950277090073,
            0.037355802953243256
        ],
        [
            0.17971813678741455,
            0.01565692573785782,
            0.03262098878622055
        ],
        [
            0.18982315063476562,
            -0.027303054928779602,
            0.055078379809856415
        ],
        [
            0.18712539970874786,
            -0.03050958178937435,
            0.05930820852518082
        ],
        [
            0.1878839135169983,
            -0.03044363111257553,
            0.05862323194742203
        ],
        [
            0.1923614889383316,
            -0.027381347492337227,
            0.055911868810653687
        ],
        [
            0.16735880076885223,
            -0.03668534755706787,
            0.05268982797861099
        ],
        [
            0.16515226662158966,
            -0.04249728098511696,
            0.05068330466747284
        ],
        [
            0.17176857590675354,
            -0.042260076850652695,
            0.052542973309755325
        ],
        [
            0.17259059846401215,
            -0.036403074860572815,
            0.053133364766836166
        ],
        [
            0.16787676513195038,
            -0.046681758016347885,
            0.04611285775899887
        ],
        [
            0.17380447685718536,
            -0.04672202095389366,
            0.048323579132556915
        ],
        [
            0.1941121518611908,
            -0.027893275022506714,
            0.05001945048570633
        ],
        [
            0.19789615273475647,
            -0.03399628400802612,
            0.04648778587579727
        ],
        [
            0.18524785339832306,
            -0.03167017549276352,
            0.037956345826387405
        ],
        [
            0.18369020521640778,
            -0.027450790628790855,
            0.04445117339491844
        ],
        [
            0.13031625747680664,
            0.01023256778717041,
            -0.0011982768774032593
        ],
        [
            0.12877300381660461,
            0.021183986216783524,
            0.0003119148313999176
        ],
        [
            0.1416689157485962,
            0.020582210272550583,
            0.007866643369197845
        ],
        [
            0.15471169352531433,
            0.02046811766922474,
            0.014240855351090431
        ],
        [
            0.1666024625301361,
            0.019434049725532532,
            0.02140381932258606
        ],
        [
            0.1696605533361435,
            0.00804006028920412,
            0.017924698069691658
        ],
        [
            0.13896870613098145,
            0.02820800617337227,
            0.008915811777114868
        ],
        [
            0.17622432112693787,
            -0.025035211816430092,
            0.03948849439620972
        ],
        [
            0.17591188848018646,
            -0.03046821616590023,
            0.032868701964616776
        ],
        [
            0.17642337083816528,
            -0.0249452106654644,
            0.03283963352441788
        ],
        [
            0.12690173089504242,
            0.013042439706623554,
            0.03449646756052971
        ],
        [
            0.18708911538124084,
            -0.04782233387231827,
            0.05625634640455246
        ],
        [
            0.09696300327777863,
            -0.016966450959444046,
            -0.011033754795789719
        ],
        [
            0.10208533704280853,
            -0.005479250103235245,
            -0.01581038162112236
        ],
        [
            0.10852786153554916,
            -0.00901343859732151,
            -0.010877545922994614
        ],
        [
            0.10248519480228424,
            -0.021782560274004936,
            -0.0046247392892837524
        ],
        [
            0.18513643741607666,
            -0.03719837963581085,
            0.06150990352034569
        ],
        [
            0.18458352982997894,
            -0.04347211867570877,
            0.06008081138134003
        ],
        [
            0.1663358509540558,
            0.017112592235207558,
            0.04384790360927582
        ],
        [
            0.17221304774284363,
            0.014283275231719017,
            0.04498382285237312
        ],
        [
            0.1746845841407776,
            0.017111845314502716,
            0.043484438210725784
        ],
        [
            0.1701178103685379,
            0.02231811359524727,
            0.04418109357357025
        ],
        [
            0.12636393308639526,
            0.026542462408542633,
            0.0012397058308124542
        ],
        [
            0.16280625760555267,
            0.038722652941942215,
            0.029057880863547325
        ],
        [
            0.16703689098358154,
            0.03135329857468605,
            0.023095427080988884
        ],
        [
            0.11748261749744415,
            0.021286237984895706,
            -0.006309293210506439
        ],
        [
            0.11896920949220657,
            0.011804051697254181,
            -0.008286625146865845
        ],
        [
            0.11080503463745117,
            0.013539175502955914,
            -0.01334652304649353
        ],
        [
            0.17557643353939056,
            -0.004923801403492689,
            0.0236531812697649
        ],
        [
            0.1328403651714325,
            0.0019202828407287598,
            -0.000548630952835083
        ],
        [
            0.12031170725822449,
            0.004266072064638138,
            -0.007527407258749008
        ],
        [
            0.11060274392366409,
            0.005985703319311142,
            -0.013538181781768799
        ],
        [
            0.10403615236282349,
            0.007888618856668472,
            -0.018370695412158966
        ],
        [
            0.10485281050205231,
            0.01598411053419113,
            -0.0175405815243721
        ],
        [
            0.19724518060684204,
            -0.04064721241593361,
            0.046399615705013275
        ],
        [
            0.2020615190267563,
            -0.034074656665325165,
            0.050854574888944626
        ],
        [
            0.09886753559112549,
            0.01900148019194603,
            -0.023747041821479797
        ],
        [
            0.09783941507339478,
            0.009753106161952019,
            -0.023843996226787567
        ],
        [
            0.12056504189968109,
            -0.004861053079366684,
            -0.006097752600908279
        ],
        [
            0.1198892593383789,
            -0.01617792434990406,
            -0.002808462828397751
        ],
        [
            0.1325983703136444,
            -0.006716100499033928,
            0.0008352138102054596
        ],
        [
            0.13304895162582397,
            -0.0179903507232666,
            0.004424501210451126
        ],
        [
            0.17423687875270844,
            -0.014516542665660381,
            0.01914694532752037
        ],
        [
            0.2000066339969635,
            -0.031136788427829742,
            0.06893160939216614
        ],
        [
            0.19958777725696564,
            -0.029441429302096367,
            0.05811956897377968
        ],
        [
            0.19381749629974365,
            -0.02807314693927765,
            0.058872319757938385
        ],
        [
            0.19635511934757233,
            -0.028769945725798607,
            0.06885027885437012
        ],
        [
            0.19735795259475708,
            -0.028340231627225876,
            0.053175076842308044
        ],
        [
            0.20249179005622864,
            -0.03449175879359245,
            0.056263282895088196
        ],
        [
            0.12888175249099731,
            -0.03148213028907776,
            0.012526791542768478
        ],
        [
            0.17218059301376343,
            -0.02259247936308384,
            0.048273224383592606
        ],
        [
            0.11240461468696594,
            -0.030544541776180267,
            0.007332067936658859
        ],
        [
            0.12579353153705597,
            -0.04478650540113449,
            0.02665979228913784
        ],
        [
            0.11232426017522812,
            -0.04278861731290817,
            0.024423561990261078
        ],
        [
            0.09482240676879883,
            -0.029689915478229523,
            0.0032350681722164154
        ],
        [
            0.09760965406894684,
            -0.038460832089185715,
            0.017664119601249695
        ],
        [
            0.08517009019851685,
            -0.020590847358107567,
            -0.008850302547216415
        ],
        [
            0.09125429391860962,
            -0.024223357439041138,
            -0.003697764128446579
        ],
        [
            0.09879425168037415,
            -0.04417749121785164,
            0.034942738711833954
        ],
        [
