{
    "pred_cam": [
        10.69002914428711,
        0.08583588153123856,
        -0.04874366521835327
    ],
    "pred_mano_params": {
        "global_orient": [
            [
                [
                    0.3806527853012085,
                    -0.4458642601966858,
                    0.8101286888122559
                ],
                [
                    -0.16670909523963928,
                    -0.8948154449462891,
                    -0.41414162516593933
                ],
                [
                    0.9095667600631714,
                    0.022588307037949562,
                    -0.4149436354637146
                ]
            ]
        ],
        "hand_pose": [
            [
                [
                    0.8549633622169495,
                    -0.4981364607810974,
                    -0.1445600837469101
                ],
                [
                    0.4824571907520294,
                    0.8660685420036316,
                    -0.130997896194458
                ],
                [
                    0.19045375287532806,
                    0.042254362255334854,
                    0.9807863831520081
                ]
            ],
            [
                [
                    0.7712294459342957,
                    -0.601797878742218,
                    0.2074718326330185
                ],
                [
                    0.6365472078323364,
                    0.730943500995636,
                    -0.2460271567106247
                ],
                [
                    -0.0035915763583034277,
                    0.32180896401405334,
                    0.9467979073524475
                ]
            ],
            [
                [
                    0.7953174114227295,
                    -0.6061557531356812,
                    0.006738785654306412
                ],
                [
                    0.6045869588851929,
                    0.7939696311950684,
                    0.0639287456870079
                ],
                [
                    -0.04410117119550705,
                    -0.046769458800554276,
                    0.997931718826294
                ]
            ],
            [
                [
                    0.769673228263855,
                    -0.5920013189315796,
                    -0.23903460800647736
                ],
                [
                    0.6003283262252808,
                    0.7985089421272278,
                    -0.0446033850312233
                ],
                [
                    0.21727652847766876,
                    -0.10916920006275177,
                    0.9699861407279968
                ]
            ],
            [
                [
                    0.707287073135376,
                    -0.6891094446182251,
                    -0.15771250426769257
                ],
                [
                    0.7026150226593018,
                    0.6606540679931641,
                    0.264326274394989
                ],
                [
                    -0.07795631140470505,
                    -0.29776570200920105,
                    0.951450765132904
                ]
            ],
            [
                [
                    0.8581216931343079,
                    -0.5114241242408752,
                    -0.045525096356868744
                ],
                [
                    0.5121777653694153,
                    0.8588590621948242,
                    0.005923300050199032
                ],
                [
                    0.0360703207552433,
                    -0.02839985489845276,
                    0.9989456534385681
                ]
            ],
            [
                [
                    0.5166356563568115,
                    -0.8507092595100403,
                    -0.09685677289962769
                ],
                [
                    0.8257736563682556,
                    0.4651831388473511,
                    0.31890830397605896
                ],
                [
                    -0.22624213993549347,
                    -0.24474115669727325,
                    0.9428235292434692
                ]
            ],
            [
                [
                    0.9441397786140442,
                    -0.32952994108200073,
                    -0.0031909295357763767
                ],
                [
                    0.3274436593055725,
                    0.9369825720787048,
                    0.12183737009763718
                ],
                [
                    -0.037159211933612823,
                    -0.11607635021209717,
                    0.9925450086593628
                ]
            ],
            [
                [
                    0.9678242802619934,
                    -0.22905774414539337,
                    0.10415715724229813
                ],
                [
                    0.17500977218151093,
                    0.9101762175559998,
                    0.3754343092441559
                ],
                [
                    -0.18079747259616852,
                    -0.3451259136199951,
                    0.9209780097007751
                ]
            ],
            [
                [
                    0.6080834865570068,
                    -0.7720035314559937,
                    -0.1850534975528717
                ],
                [
                    0.7676686644554138,
                    0.631209671497345,
                    -0.11072110384702682
                ],
                [
                    0.20228463411331177,
                    -0.07473208755254745,
                    0.9764710664749146
                ]
            ],
            [
                [
                    0.90898197889328,
                    -0.4167957901954651,
                    0.005748323164880276
                ],
                [
                    0.36917972564697266,
                    0.8113869428634644,
                    0.4531639516353607
                ],
                [
                    -0.19354093074798584,
                    -0.40979570150375366,
                    0.8914086818695068
                ]
            ],
            [
                [
                    0.850011944770813,
                    -0.5186458826065063,
                    -0.0921204537153244
                ],
                [
                    0.5266039371490479,
                    0.8323571681976318,
                    0.17282909154891968
                ],
                [
                    -0.012959972955286503,
                    -0.19541779160499573,
                    0.9806345105171204
                ]
            ],
            [
                [
                    0.9220386743545532,
                    -0.2831951677799225,
                    0.26390376687049866
                ],
                [
                    0.3311459720134735,
                    0.22399060428142548,
                    -0.9166081547737122
                ],
                [
                    0.200467050075531,
                    0.9325388669967651,
                    0.30030694603919983
                ]
            ],
            [
                [
                    0.9195054769515991,
                    -0.3835414946079254,
                    -0.08605677634477615
                ],
                [
                    0.3709939420223236,
                    0.7744446992874146,
                    0.512444019317627
                ],
                [
                    -0.12989729642868042,
                    -0.503121554851532,
                    0.854397714138031
                ]
            ],
            [
                [
                    0.9102796316146851,
                    0.3231133818626404,
                    -0.25882184505462646
                ],
                [
                    -0.33291101455688477,
                    0.9429371356964111,
                    0.006311175879091024
                ],
                [
                    0.24609193205833435,
                    0.08041970431804657,
                    0.9659044742584229
                ]
            ]
        ],
        "betas": [
            0.002730041742324829,
            -0.09054487943649292,
            -0.017839670181274414,
            -0.05494675040245056,
            -0.00954696536064148,
            -0.057609863579273224,
            0.038477808237075806,
            -0.06961318850517273,
            0.014734923839569092,
            -0.05087289214134216
        ]
    },
    "pred_cam_t": [
        -0.08583588153123856,
        -0.04874366521835327,
        3.6541061401367188
    ],
    "focal_length": [
        5000.0,
        5000.0
    ],
    "pred_keypoints_3d": [
        [
            0.09571076929569244,
            0.006374605931341648,
            0.006212426349520683
        ],
        [
            0.11434739828109741,
            0.013596778735518456,
            -0.026692328974604607
        ],
        [
            0.12541957199573517,
            0.03904513642191887,
            -0.03997910022735596
        ],
        [
            0.12906527519226074,
            0.06394188851118088,
            -0.05006185173988342
        ],
        [
            0.12935000658035278,
            0.09054869413375854,
            -0.07448871433734894
        ],
        [
            0.0811908096075058,
            0.017184367403388023,
            -0.08251013606786728
        ],
        [
            0.07214988768100739,
            0.035083938390016556,
            -0.10873435437679291
        ],
        [
            0.07563630491495132,
            0.05653509497642517,
            -0.1133042573928833
        ],
        [
            0.08351318538188934,
            0.07876352965831757,
            -0.10529279708862305
        ],
        [
            0.05758323147892952,
            0.024896465241909027,
            -0.07849439233541489
        ],
        [
            0.046092838048934937,
            0.04918337240815163,
            -0.09540654718875885
        ],
        [
            0.054056111723184586,
            0.07108549773693085,
            -0.09506207704544067
        ],
        [
            0.06862889230251312,
            0.09136563539505005,
            -0.0890377014875412
        ],
        [
            0.044709883630275726,
            0.034596897661685944,
            -0.05718759447336197
        ],
        [
            0.03795843571424484,
            0.059860143810510635,
            -0.06947602331638336
        ],
        [
            0.04427415132522583,
            0.0838770791888237,
            -0.06982295960187912
        ],
        [
            0.05784478038549423,
            0.10492224991321564,
            -0.0649760514497757
        ],
        [
            0.038919899612665176,
            0.04465120658278465,
            -0.03871264308691025
        ],
        [
            0.03760362043976784,
            0.06536833941936493,
            -0.04280713573098183
        ],
        [
            0.04243391007184982,
            0.08371473848819733,
            -0.042170844972133636
        ],
        [
            0.05371512100100517,
            0.10043006390333176,
            -0.04085678607225418
        ]
    ],
    "pred_vertices": [
        [
            0.09779994189739227,
            0.024929774925112724,
            -0.046292707324028015
        ],
        [
            0.10139531642198563,
            0.024974307045340538,
            -0.03623129799962044
        ],
        [
            0.10558786988258362,
            0.030894741415977478,
            -0.04079208895564079
        ],
        [
            0.10270588099956512,
            0.02805413119494915,
            -0.052756112068891525
        ],
        [
            0.1145477294921875,
            0.03158947080373764,
            -0.018333368003368378
        ],
        [
            0.12531767785549164,
            0.02663268707692623,
            -0.015788763761520386
        ],
        [
            0.12831726670265198,
            0.03854084014892578,
            -0.024738915264606476
        ],
        [
            0.1186801940202713,
            0.04180818796157837,
            -0.024027567356824875
        ],
        [
            0.10627040266990662,
            0.030674833804368973,
            -0.056899864226579666
        ],
        [
            0.10900191217660904,
            0.03630595654249191,
            -0.044113416224718094
        ],
        [
            0.10889753699302673,
            0.031866420060396194,
            -0.05640413612127304
        ],
        [
            0.10277128219604492,
            0.01736755669116974,
            -0.06926482915878296
        ],
        [
            0.10180611163377762,
            0.02197342738509178,
            -0.0673639103770256
        ],
        [
            0.09674720466136932,
            0.01183346752077341,
            -0.07649946212768555
        ],
        [
            0.10272706300020218,
            0.00781768187880516,
            -0.06512551009654999
        ],
        [
            0.09030207991600037,
            0.004689543507993221,
            -0.07549507915973663
        ],
        [
            0.07784046232700348,
            -0.0028806086629629135,
            -0.048765767365694046
        ],
        [
            0.0679975152015686,
            0.0007681287825107574,
            -0.03973807767033577
        ],
        [
            0.05999504774808884,
            0.004930339753627777,
            -0.05451604723930359
        ],
        [
            0.07109925150871277,
            0.0014318153262138367,
            -0.06197376921772957
        ],
        [
            0.05124545097351074,
            0.01359504833817482,
            -0.037712451070547104
        ],
        [
            0.05554284527897835,
            0.009001947939395905,
            -0.047763556241989136
        ],
        [
            0.0629899725317955,
            0.0037612151354551315,
            -0.03284851834177971
        ],
        [
            0.05897543206810951,
            0.008371401578187943,
            -0.024622749537229538
        ],
        [
            0.0886237770318985,
            0.02496298775076866,
            -0.0329071506857872
        ],
        [
            0.09265917539596558,
            0.02410823106765747,
            -0.023711878806352615
        ],
        [
            0.0957394689321518,
            0.022473754361271858,
            -0.02912179008126259
        ],
        [
            0.09223044663667679,
            0.02384221740067005,
            -0.03737461194396019
        ],
        [
            0.12083389610052109,
            0.03962627798318863,
            -0.05329301208257675
        ],
        [
            0.11828228831291199,
            0.020823976024985313,
            -0.054856471717357635
        ],
        [
            0.1125526875257492,
            0.025328870862722397,
            -0.05771684646606445
        ],
        [
            0.1173357367515564,
            0.04329933971166611,
            -0.05100936442613602
        ],
        [
            0.09914379566907883,
            0.03026590682566166,
            0.005026720464229584
        ],
        [
            0.10286425054073334,
            0.021857915446162224,
            0.015025250613689423
        ],
        [
            0.10698588937520981,
            0.018844684585928917,
            0.011875122785568237
        ],
        [
            0.10237182676792145,
            0.026562394574284554,
            0.0031103789806365967
        ],
        [
            0.1202356219291687,
            0.015332117676734924,
            -0.003975763916969299
        ],
        [
            0.12012427300214767,
            0.009340036660432816,
            0.0034107640385627747
        ],
        [
            0.12591806054115295,
            -0.0022122077643871307,
            0.0037298649549484253
        ],
        [
            0.1270470917224884,
            0.002015376463532448,
            -0.005469880998134613
        ],
        [
            0.1221197247505188,
            0.020591141656041145,
            -0.010808013379573822
        ],
        [
            0.12987945973873138,
            0.01049964688718319,
            -0.013039268553256989
        ],
        [
            0.13240784406661987,
            0.0187380388379097,
            -0.01936536282300949
        ],
        [
            0.13462330400943756,
            0.03358650207519531,
            -0.029061131179332733
        ],
        [
            0.09239022433757782,
            0.025192078202962875,
            0.02165062725543976
        ],
        [
            0.0884365662932396,
            0.03229595348238945,
            0.015438705682754517
        ],
        [
            0.08255591988563538,
            0.041851844638586044,
            -0.10416912287473679
        ],
        [
            0.07810737937688828,
            0.04472895711660385,
            -0.10129128396511078
        ],
        [
            0.07932667434215546,
            0.04201127588748932,
            -0.09893181174993515
        ],
        [
            0.08323464542627335,
            0.03960653766989708,
            -0.10243868082761765
        ],
        [
            0.07320014387369156,
            0.018815163522958755,
            0.021062247455120087
        ],
        [
            0.06899579614400864,
            0.009791847318410873,
            0.019518107175827026
        ],
        [
            0.07209589332342148,
            0.009595753625035286,
            0.026106253266334534
        ],
        [
            0.0776391327381134,
            0.01712687313556671,
            0.026948578655719757
        ],
        [
            0.06741589307785034,
            0.02102789282798767,
            0.013212457299232483
        ],
        [
            0.0653204470872879,
            0.010398834943771362,
            0.010123267769813538
        ],
        [
            0.07807925343513489,
            0.03655514866113663,
            -0.11495722085237503
        ],
        [
            0.08226732909679413,
            0.03803802654147148,
            -0.11228104680776596
        ],
        [
            0.08169599622488022,
            0.03361206129193306,
            -0.11063245683908463
        ],
        [
            0.07703837007284164,
            0.03155500069260597,
            -0.1120036393404007
        ],
        [
            0.09916475415229797,
            0.024315757676959038,
            -0.06259585171937943
        ],
        [
            0.0943528488278389,
            0.02544797770678997,
            -0.05518895015120506
        ],
        [
            0.08930801600217819,
            0.024911928921937943,
            -0.07725957781076431
        ],
        [
            0.09008176624774933,
            0.024516481906175613,
            -0.06834802776575089
        ],
        [
            0.09552974253892899,
            0.021265212446451187,
            -0.0711158886551857
        ],
        [
            0.09371349960565567,
            0.02059520035982132,
            -0.07845748960971832
        ],
        [
            0.07546952366828918,
            0.02997780404984951,
            -0.05056636780500412
        ],
        [
            0.08086086064577103,
            0.027405373752117157,
            -0.04050226882100105
        ],
        [
            0.08455251157283783,
            0.025680385529994965,
            -0.04581523314118385
        ],
        [
            0.08022080361843109,
            0.028494805097579956,
            -0.0576348640024662
        ],
        [
            0.07308822870254517,
            0.034498997032642365,
            -0.031062576919794083
        ],
        [
            0.06817709654569626,
            0.03597176820039749,
            -0.04169890284538269
        ],
        [
            0.06440118700265884,
            0.03972954675555229,
            -0.035017743706703186
        ],
        [
            0.06902099400758743,
            0.038958143442869186,
            -0.028687790036201477
        ],
        [
            0.06220495328307152,
            0.0365152582526207,
            -0.061516888439655304
        ],
        [
            0.05922303721308708,
            0.03694773092865944,
            -0.06734790652990341
        ],
        [
            0.056763410568237305,
            0.0402023047208786,
            -0.06574112176895142
        ],
        [
            0.060198020190000534,
            0.037849221378564835,
            -0.058889955282211304
        ],
        [
            0.07499876618385315,
            0.00821295753121376,
            0.032423995435237885
        ],
        [
            0.08226586878299713,
            0.014774175360798836,
            0.03206738084554672
        ],
        [
            0.04379826411604881,
            0.025957588106393814,
            -0.021136265248060226
        ],
        [
            0.04653307422995567,
            0.03340411186218262,
            -0.013327620923519135
        ],
        [
            0.039365626871585846,
            0.038698311895132065,
            -0.02244402840733528
        ],
        [
            0.037477731704711914,
            0.028878523036837578,
            -0.02888358011841774
        ],
        [
            0.06954430043697357,
            0.0009590163826942444,
            0.014145717024803162
        ],
        [
            0.07060202211141586,
            0.0006160140037536621,
            0.021893784403800964
        ],
        [
            0.07183340936899185,
            0.03692162036895752,
            -0.11492587625980377
        ],
        [
            0.07105519622564316,
            0.032103754580020905,
            -0.11125107109546661
        ],
        [
            0.13208316266536713,
            0.006986673921346664,
            -0.025543704628944397
        ],
        [
            0.1359582245349884,
            0.026576552540063858,
            -0.036113567650318146
        ],
        [
            0.12775921821594238,
            -0.003685843199491501,
            -0.014971062541007996
        ],
        [
            0.12363049387931824,
            -0.009579990059137344,
            -0.006603315472602844
        ],
        [
            0.12276075780391693,
            -0.013559030368924141,
            0.0015381500124931335
        ],
        [
            0.08400516957044601,
            0.027430366724729538,
            -0.06854329258203506
        ],
        [
            0.09047205746173859,
            0.024811947718262672,
            -0.046748217195272446
        ],
        [
            0.08555611222982407,
            0.026898013427853584,
            -0.02912791445851326
        ],
        [
            0.06710221618413925,
            0.04495002329349518,
            -0.012375280261039734
        ],
        [
            0.07261966168880463,
            0.043021343648433685,
            -0.0036951974034309387
        ],
        [
            0.07792086899280548,
            0.04044540598988533,
            -0.012590989470481873
        ],
        [
            0.07164833694696426,
            0.04212326928973198,
            -0.01836594194173813
        ],
        [
            0.05077003315091133,
            0.042388901114463806,
            -0.012175705283880234
        ],
        [
            0.056308187544345856,
            0.046367794275283813,
            -0.016305696219205856
        ],
        [
            0.05189315602183342,
            0.04790528491139412,
            -0.022991470992565155
        ],
        [
            0.04530578851699829,
            0.04515187069773674,
            -0.02011430263519287
        ],
        [
            0.12830431759357452,
            0.03809504210948944,
            -0.05357237160205841
        ],
        [
            0.12447882443666458,
            0.018056850880384445,
            -0.05136236175894737
        ],
        [
            0.08031449466943741,
            0.02664344012737274,
            0.0203973650932312
        ],
        [
            0.08560482412576675,
            0.023068763315677643,
            0.024902090430259705
        ],
        [
            0.08910210430622101,
            0.018240680918097496,
            0.030990399420261383
        ],
        [
            0.09701929241418839,
            0.026635417714715004,
            -0.0102914497256279
        ],
        [
            0.10458895564079285,
            0.023916145786643028,
            0.0016725659370422363
        ],
        [
            0.1069691926240921,
            0.02195521630346775,
            -0.0017077699303627014
        ],
        [
            0.09799991548061371,
            0.023826325312256813,
            -0.013305164873600006
        ],
        [
            0.10376083105802536,
            0.025148499757051468,
            -0.02408694475889206
        ],
        [
            0.11055140197277069,
            0.02384938672184944,
            -0.013384349644184113
        ],
        [
            0.10702591389417648,
            0.03353145346045494,
            -0.027388043701648712
        ],
        [
            0.11312038451433182,
            0.014074798673391342,
            0.008999578654766083
        ],
        [
            0.11137747019529343,
            0.014371349476277828,
            0.020115941762924194
        ],
        [
            0.11742013692855835,
            0.009229530580341816,
            0.01596815139055252
        ],
        [
            0.10355798900127411,
            0.01768512651324272,
            0.025036349892616272
        ],
        [
            0.09574509412050247,
            0.01940419152379036,
            0.02895527333021164
        ],
        [
            0.07098785787820816,
            -0.0026837289333343506,
            0.029721856117248535
        ],
        [
            0.12183717638254166,
            0.0038169976323843002,
            0.011415466666221619
        ],
        [
            0.12217839807271957,
            0.04847095161676407,
            -0.02975572645664215
        ],
        [
            0.1256840080022812,
            0.054982688277959824,
            -0.03474069759249687
        ],
        [
            0.11906906962394714,
            0.05388204753398895,
            -0.038223426789045334
        ],
        [
            0.11518506705760956,
            0.0476040281355381,
            -0.034282002598047256
        ],
        [
            0.09081238508224487,
            0.01049227174371481,
            -0.08434249460697174
        ],
        [
            0.09422020614147186,
            0.016468573361635208,
            -0.08209250867366791
        ],
        [
            0.09903398901224136,
            0.01692117750644684,
            -0.07389530539512634
        ],
        [
            0.0907716304063797,
            0.035569433122873306,
            -0.0010477304458618164
        ],
        [
            0.08214980363845825,
            0.037192437797784805,
            0.008049599826335907
        ],
        [
            0.08319257944822311,
            0.027680151164531708,
            -0.07768040150403976
        ],
        [
            0.07646408677101135,
            0.027193980291485786,
            -0.10984712839126587
        ],
        [
            0.08190405368804932,
            0.029304927214980125,
            -0.10847492516040802
        ],
        [
            0.0857568308711052,
            0.017511745914816856,
            -0.09627298265695572
        ],
        [
            0.07950185984373093,
            0.015012226998806,
            -0.09791063517332077
        ],
        [
            0.07388485968112946,
            0.027885541319847107,
            -0.08362049609422684
        ],
        [
            0.08062545210123062,
            0.028758950531482697,
            -0.08148393034934998
        ],
        [
            0.07880344241857529,
            0.029266953468322754,
            -0.0833517387509346
        ],
        [
            0.07245846837759018,
            0.030229993164539337,
            -0.08486323058605194
        ],
        [
            0.054353583604097366,
            0.042579829692840576,
            -0.05719512701034546
        ],
        [
            0.05738834664225578,
            0.040814220905303955,
            -0.05155525729060173
        ],
        [
            0.06545458734035492,
            0.00909317098557949,
            -0.07482117414474487
        ],
        [
            0.075311079621315,
            0.001205582171678543,
            -0.07971661537885666
        ],
        [
            0.08134615421295166,
            -0.00011938996613025665,
            -0.06920720636844635
        ],
        [
            0.07154449820518494,
            0.032832782715559006,
            -0.044897712767124176
        ],
        [
            0.0662451833486557,
            0.03547792509198189,
            -0.053489044308662415
        ],
        [
            0.06380438059568405,
            0.03705288842320442,
            -0.05062966048717499
        ],
        [
            0.07964470982551575,
            0.02889465168118477,
            -0.0701308399438858
        ],
        [
            0.07731655985116959,
            0.02908860146999359,
            -0.07729800790548325
        ],
        [
            0.07475921511650085,
            0.02971091866493225,
            -0.07310475409030914
        ],
        [
            0.07654526084661484,
            0.029935307800769806,
            -0.06582176685333252
        ],
        [
            0.05309824272990227,
            0.028296547010540962,
            -0.003153618425130844
        ],
        [
            0.05759982764720917,
            0.038972098380327225,
            -0.0018779411911964417
        ],
        [
            0.08397339284420013,
            0.03972456604242325,
            -0.10824567079544067
        ],
        [
            0.08408842980861664,
            0.036499787122011185,
            -0.10681009292602539
        ],
        [
            0.07694365829229355,
            0.03028394654393196,
            -0.03516193479299545
        ],
        [
            0.08790082484483719,
            -0.0018605701625347137,
            -0.056440215557813644
        ],
        [
            0.08250989019870758,
            0.029441071674227715,
            -0.025282837450504303
        ],
        [
            0.0411016121506691,
            0.03012581542134285,
            -0.047947268933057785
        ],
        [
            0.04309811070561409,
            0.03931890428066254,
            -0.04674459993839264
        ],
        [
            0.04253537952899933,
            0.04075692221522331,
            -0.05088256672024727
        ],
        [
            0.03960766643285751,
            0.03561623767018318,
            -0.053488682955503464
        ],
        [
            0.06852323561906815,
            0.03866753354668617,
            -0.09543275833129883
        ],
        [
            0.07389947772026062,
            0.040849097073078156,
            -0.0951668918132782
        ],
        [
            0.07343120127916336,
            0.04311135411262512,
            -0.0972137376666069
        ],
        [
            0.06784448027610779,
            0.04170683026313782,
            -0.09864792227745056
        ],
        [
            0.08620445430278778,
            0.026945926249027252,
            -0.0822039470076561
        ],
        [
            0.09084386378526688,
            0.022955771535634995,
            -0.08419406414031982
        ],
        [
            0.08816006034612656,
            0.02631988376379013,
            -0.08827197551727295
        ],
        [
            0.0834447517991066,
            0.02874896302819252,
            -0.08552563935518265
        ],
        [
            0.09079111367464066,
            0.018169667571783066,
            -0.08814004808664322
        ],
        [
            0.08887334913015366,
            0.021545125171542168,
            -0.09245910495519638
        ],
        [
            0.06484569609165192,
            0.03462813422083855,
            -0.09881472587585449
        ],
        [
            0.0657162070274353,
            0.029882973060011864,
            -0.10456841439008713
        ],
        [
            0.06731449067592621,
            0.019512277096509933,
            -0.09272472560405731
        ],
        [
            0.06749691069126129,
            0.026590410619974136,
            -0.08936668187379837
        ],
        [
            0.06545741856098175,
            0.0021927766501903534,
            -0.012288041412830353
        ],
        [
            0.06066933646798134,
            0.008972514420747757,
            -0.004845567047595978
        ],
        [
            0.05390055850148201,
            0.015192041173577309,
            -0.01693073660135269
        ],
        [
            0.046165719628334045,
            0.020727572962641716,
            -0.02862238511443138
        ],
        [
            0.04040722921490669,
            0.026296846568584442,
            -0.04029589518904686
        ],
        [
            0.04377637431025505,
            0.017572281882166862,
            -0.04847347363829613
        ],
        [
            0.05178364738821983,
            0.019914796575903893,
            -0.01056649163365364
        ],
        [
            0.06727658212184906,
            0.022019214928150177,
            -0.08183754235506058
        ],
        [
            0.06865676492452621,
            0.013046804815530777,
            -0.08371883630752563
        ],
        [
            0.06500138342380524,
            0.01586427167057991,
            -0.08014889061450958
        ],
        [
            0.07890461385250092,
            0.03439703583717346,
            -0.021019451320171356
        ],
        [
            0.0847693607211113,
            0.032565150409936905,
            -0.10536058992147446
        ],
        [
            0.10259643197059631,
            -0.020135145634412766,
            -0.0037582367658615112
        ],
        [
            0.0903015062212944,
            -0.0185261070728302,
            0.002169877290725708
        ],
        [
            0.08941971510648727,
            -0.015918925404548645,
            -0.006236672401428223
        ],
        [
            0.1038409098982811,
            -0.01671599969267845,
            -0.013253569602966309
        ],
        [
            0.08047827333211899,
            0.04004339128732681,
            -0.09739677608013153
        ],
        [
            0.08478280901908875,
            0.03695055469870567,
            -0.10083864629268646
        ],
        [
            0.053497422486543655,
            0.04442886263132095,
            -0.04775940254330635
        ],
        [
            0.05101431533694267,
            0.044879186898469925,
            -0.05306630954146385
        ],
        [
            0.04708350449800491,
            0.04531227797269821,
            -0.05126853287220001
        ],
        [
            0.049240972846746445,
            0.04798847436904907,
            -0.046137697994709015
        ],
        [
            0.05957130342721939,
            0.012442436069250107,
            -0.00010687112808227539
        ],
        [
            0.03738534450531006,
            0.04455985128879547,
            -0.027333708480000496
        ],
        [
            0.034972596913576126,
            0.03546746075153351,
            -0.0339403934776783
        ],
        [
            0.06672842800617218,
            0.0032994188368320465,
            0.005350664258003235
        ],
        [
            0.07049404084682465,
            -0.0031588003039360046,
            -0.0009554997086524963
        ],
        [
            0.07372704148292542,
            -0.0067103467881679535,
            0.00752682238817215
        ],
        [
            0.05007966607809067,
            0.01647896319627762,
            -0.06246387958526611
        ],
        [
            0.06873483955860138,
            -0.0013851001858711243,
            -0.019477777183055878
        ],
        [
            0.0741758644580841,
            -0.006273936480283737,
            -0.006911665201187134
        ],
        [
            0.07819309830665588,
            -0.01067834161221981,
            0.0029453858733177185
        ],
        [
            0.08019339293241501,
            -0.013977542519569397,
            0.010326437652111053
        ],
        [
            0.07519432157278061,
            -0.009162455797195435,
            0.014603711664676666
        ],
        [
            0.07045762240886688,
            0.027904599905014038,
            -0.10800180584192276
        ],
        [
            0.06523573398590088,
            0.03478175029158592,
            -0.1082913726568222
        ],
        [
            0.07561129331588745,
            -0.013078063726425171,
            0.02277126908302307
        ],
        [
            0.08169738203287125,
            -0.017831992357969284,
            0.017624899744987488
        ],
        [
            0.07980410754680634,
            -0.009644590318202972,
            -0.01339227706193924
        ],
        [
            0.08814741671085358,
            -0.012283025309443474,
            -0.021642141044139862
        ],
        [
            0.07443530857563019,
            -0.00457390770316124,
            -0.02528928592801094
        ],
        [
            0.08192825317382812,
            -0.007018163800239563,
            -0.03417091816663742
        ],
        [
            0.05489506945014,
            0.0072844307869672775,
            -0.06635812669992447
        ],
        [
            0.066743403673172,
            0.053150538355112076,
            -0.11373915523290634
        ],
        [
            0.06441448628902435,
            0.04341058433055878,
            -0.10792321711778641
        ],
        [
            0.06700477749109268,
            0.04527783393859863,
            -0.10303263366222382
        ],
        [
            0.0668460875749588,
            0.054111458361148834,
            -0.10949604213237762
        ],
        [
            0.06456524133682251,
            0.0387583002448082,
            -0.10252318531274796
        ],
        [
            0.06608603149652481,
            0.03984084352850914,
            -0.11208507418632507
        ],
        [
            0.09534823149442673,
            -0.005719907581806183,
            -0.04338785633444786
        ],
        [
            0.07167179137468338,
            0.029768507927656174,
            -0.0795740932226181
        ],
        [
            0.10570313036441803,
            -0.009655052796006203,
            -0.030606374144554138
        ],
        [
            0.10851794481277466,
            0.002474825829267502,
            -0.05468553304672241
        ],
        [
            0.11717424541711807,
            0.0014922469854354858,
            -0.044493675231933594
        ],
        [
            0.11753155291080475,
            -0.013233911246061325,
            -0.01709774136543274
        ],
        [
            0.12480565905570984,
            -0.0031689032912254333,
            -0.030607979744672775
        ],
        [
            0.11422979831695557,
            -0.02009575068950653,
            0.001024685800075531
        ],
        [
            0.11406535655260086,
            -0.01715492457151413,
            -0.007812328636646271
        ],
        [
            0.13049115240573883,
            0.012364231050014496,
