{
    "pred_cam": [
        7.337527275085449,
        -0.14107728004455566,
        -0.0729023814201355
    ],
    "pred_mano_params": {
        "global_orient": [
            [
                [
                    -0.38632631301879883,
                    -0.48383837938308716,
                    0.7852720618247986
                ],
                [
                    -0.8125052452087402,
                    -0.224445641040802,
                    -0.5380141139030457
                ],
                [
                    0.43656277656555176,
                    -0.845886766910553,
                    -0.3064119517803192
                ]
            ]
        ],
        "hand_pose": [
            [
                [
                    0.7950923442840576,
                    -0.5509623885154724,
                    -0.2535126805305481
                ],
                [
                    0.548021674156189,
                    0.8317317366600037,
                    -0.08885175734758377
                ],
                [
                    0.2598085105419159,
                    -0.06828510016202927,
                    0.9632428884506226
                ]
            ],
            [
                [
                    0.9759709239006042,
                    0.19396165013313293,
                    0.09929616749286652
                ],
                [
                    -0.1775461584329605,
                    0.9720407128334045,
                    -0.1536691039800644
                ],
                [
                    -0.1263258308172226,
                    0.13234691321849823,
                    0.9831206202507019
                ]
            ],
            [
                [
                    0.8609321117401123,
                    -0.4777979850769043,
                    0.17465685307979584
                ],
                [
                    0.49270322918891907,
                    0.6976715922355652,
                    -0.5200942158699036
                ],
                [
                    0.12664681673049927,
                    0.5338197946548462,
                    0.8360604643821716
                ]
            ],
            [
                [
                    0.8368622064590454,
                    -0.5416028499603271,
                    -0.07954950630664825
                ],
                [
                    0.5444310903549194,
                    0.8386164903640747,
                    0.017809266224503517
                ],
                [
                    0.05706597864627838,
                    -0.05821312218904495,
                    0.9966718554496765
                ]
            ],
            [
                [
                    0.9866467118263245,
                    -0.1626490205526352,
                    0.008577859029173851
                ],
                [
                    0.14958412945270538,
                    0.9257142543792725,
                    0.34738701581954956
                ],
                [
                    -0.06444280594587326,
                    -0.34146514534950256,
                    0.9376826286315918
                ]
            ],
            [
                [
                    0.8057227730751038,
                    -0.5116161108016968,
                    -0.2984289526939392
                ],
                [
                    0.5673739314079285,
                    0.8113037943840027,
                    0.14097172021865845
                ],
                [
                    0.16999313235282898,
                    -0.2829049229621887,
                    0.9439635872840881
                ]
            ],
            [
                [
                    0.4846462607383728,
                    -0.48288828134536743,
                    0.7293399572372437
                ],
                [
                    0.3388608992099762,
                    0.8723465800285339,
                    0.35239845514297485
                ],
                [
                    -0.8064063787460327,
                    0.0763562023639679,
                    0.5864114761352539
                ]
            ],
            [
                [
                    0.8797949552536011,
                    -0.36062100529670715,
                    -0.30969882011413574
                ],
                [
                    0.4598742723464966,
                    0.8106181025505066,
                    0.3625105023384094
                ],
                [
                    0.12031856924295425,
                    -0.46135738492012024,
                    0.8790180683135986
                ]
            ],
            [
                [
                    0.7801938056945801,
                    -0.6081737279891968,
                    -0.14636355638504028
                ],
                [
                    0.625510573387146,
                    0.7563204765319824,
                    0.19161386787891388
                ],
                [
                    -0.005836773198097944,
                    -0.2410479336977005,
                    0.9704956412315369
                ]
            ],
            [
                [
                    0.8728480339050293,
                    -0.47701430320739746,
                    0.10292559862136841
                ],
                [
                    0.4801991283893585,
                    0.8771302700042725,
                    -0.007162191439419985
                ],
                [
                    -0.08686269074678421,
                    0.055676285177469254,
                    0.9946632981300354
                ]
            ],
            [
                [
                    0.8415741920471191,
                    -0.5296715497970581,
                    -0.10583467036485672
                ],
                [
                    0.5060235261917114,
                    0.7045997977256775,
                    0.4974730312824249
                ],
                [
                    -0.18892621994018555,
                    -0.47221529483795166,
                    0.8609992861747742
                ]
            ],
            [
                [
                    0.6880944967269897,
                    -0.6028395295143127,
                    -0.40386927127838135
                ],
                [
                    0.698778510093689,
                    0.7005009651184082,
                    0.14493803679943085
                ],
                [
                    0.19553640484809875,
                    -0.38194626569747925,
                    0.9032621383666992
                ]
            ],
            [
                [
                    0.864068865776062,
                    0.0776146873831749,
                    -0.4973538815975189
                ],
                [
                    -0.41590365767478943,
                    0.6666713356971741,
                    -0.6185252666473389
                ],
                [
                    0.2835649251937866,
                    0.7412997484207153,
                    0.6083301901817322
                ]
            ],
            [
                [
                    0.9312780499458313,
                    -0.14246603846549988,
                    -0.3352978825569153
                ],
                [
                    0.3383598327636719,
                    0.6793808937072754,
                    0.6511176824569702
                ],
                [
                    0.13503283262252808,
                    -0.719822883605957,
                    0.6808972954750061
                ]
            ],
            [
                [
                    0.8780005574226379,
                    0.427776038646698,
                    0.2147618979215622
                ],
                [
                    -0.4647291302680969,
                    0.8692854642868042,
                    0.16843290627002716
                ],
                [
                    -0.1146378219127655,
                    -0.24769030511379242,
                    0.9620330929756165
                ]
            ]
        ],
        "betas": [
            -0.05372285842895508,
            -0.015906095504760742,
            -0.16348698735237122,
            0.03434184193611145,
            0.05219078063964844,
            -0.014233212918043137,
            0.08285240828990936,
            -0.05547457933425903,
            0.0037069171667099,
            0.012379944324493408
        ]
    },
    "pred_cam_t": [
        -0.14107728004455566,
        -0.0729023814201355,
        5.323659896850586
    ],
    "focal_length": [
        5000.0,
        5000.0
    ],
    "pred_keypoints_3d": [
        [
            0.09608034789562225,
            0.006410976406186819,
            0.006210535764694214
        ],
        [
            0.13322503864765167,
            0.015659872442483902,
            0.0009033074602484703
        ],
        [
            0.1546642929315567,
            0.03531475365161896,
            -0.00957315694540739
        ],
        [
            0.16251373291015625,
            0.057692013680934906,
            -0.022931918501853943
        ],
        [
            0.17071270942687988,
            0.06831707805395126,
            -0.05707892030477524
        ],
        [
            0.14902690052986145,
            0.06836387515068054,
            -0.034358758479356766
        ],
        [
            0.16214020550251007,
            0.09881594032049179,
            -0.03236890956759453
        ],
        [
            0.17187461256980896,
            0.11890150606632233,
            -0.03135500103235245
        ],
        [
            0.18151025474071503,
            0.14024342596530914,
            -0.019580189138650894
        ],
        [
            0.13082480430603027,
            0.0857759341597557,
            -0.032966893166303635
        ],
        [
            0.14282375574111938,
            0.11499543488025665,
            -0.029141752049326897
        ],
        [
            0.15504436194896698,
            0.1329098343849182,
            -0.020402541384100914
        ],
        [
            0.1672143042087555,
            0.14506089687347412,
            -0.000813119113445282
        ],
        [
            0.10870431363582611,
            0.08829888701438904,
            -0.018053404986858368
        ],
        [
            0.12258899956941605,
            0.11369789391756058,
            -0.01883600652217865
        ],
        [
            0.13655532896518707,
            0.12579025328159332,
            -0.00211910717189312
        ],
        [
            0.14356815814971924,
            0.12514178454875946,
            0.02280118316411972
        ],
        [
            0.09364081919193268,
            0.08800677955150604,
            -0.0022411784157156944
        ],
        [
            0.11036010831594467,
            0.10098984837532043,
            -0.003277013311162591
        ],
        [
            0.12274324893951416,
            0.11012466996908188,
            0.007959030568599701
        ],
        [
            0.12900161743164062,
            0.11205457150936127,
            0.02525048889219761
        ]
    ],
    "pred_vertices": [
        [
            0.1346820741891861,
            0.04163099452853203,
            -0.006281163543462753
        ],
        [
            0.12991058826446533,
            0.033528346568346024,
            0.00031024590134620667
        ],
        [
            0.13771352171897888,
            0.03855033591389656,
            -0.0027125030755996704
        ],
        [
            0.142595574259758,
            0.04388528689742088,
            -0.008826367557048798
        ],
        [
            0.14118674397468567,
            0.028555527329444885,
            0.013525161892175674
        ],
        [
            0.1479504406452179,
            0.018933359533548355,
            0.014532804489135742
        ],
        [
            0.15767742693424225,
            0.032385990023612976,
            0.005878109484910965
        ],
        [
            0.1509554088115692,
            0.03931819647550583,
            0.007235191762447357
        ],
        [
            0.14797349274158478,
            0.04608158394694328,
            -0.013233380392193794
        ],
        [
            0.14444373548030853,
            0.04319486394524574,
            -0.005436122417449951
        ],
        [
            0.1476445198059082,
            0.04483161121606827,
            -0.017781516537070274
        ],
        [
            0.15033875405788422,
            0.04604463651776314,
            -0.029316876083612442
        ],
        [
            0.15105491876602173,
            0.048892490565776825,
            -0.022040029987692833
        ],
        [
            0.15191444754600525,
            0.05114615336060524,
            -0.03546503931283951
        ],
        [
            0.1447688490152359,
            0.037784330546855927,
            -0.03419266268610954
        ],
        [
            0.14516866207122803,
            0.05055597424507141,
            -0.041988179087638855
        ],
        [
            0.1189909279346466,
            0.04101932793855667,
            -0.0347551554441452
        ],
        [
            0.10719116032123566,
            0.04508929327130318,
            -0.02974892407655716
        ],
        [
            0.11237803101539612,
            0.06008360534906387,
            -0.03599729388952255
        ],
        [
            0.12440952658653259,
            0.054880060255527496,
            -0.039804499596357346
        ],
        [
            0.0963025838136673,
            0.06159256398677826,
            -0.022697443142533302
        ],
        [
            0.10525920987129211,
            0.0615418404340744,
            -0.030429404228925705
        ],
        [
            0.0994725301861763,
            0.04636336863040924,
            -0.025269698351621628
        ],
        [
            0.09179243445396423,
            0.047186221927404404,
            -0.018492449074983597
        ],
        [
            0.12088507413864136,
            0.041505154222249985,
            -0.0005573350936174393
        ],
        [
            0.1165546104311943,
            0.032823916524648666,
            0.005576532334089279
        ],
        [
            0.12100579589605331,
            0.03176223859190941,
            0.0030413158237934113
        ],
        [
            0.1255367398262024,
            0.04037212207913399,
            -0.002715039998292923
        ],
        [
            0.15017499029636383,
            0.04093953222036362,
            -0.021194612607359886
        ],
        [
            0.14919674396514893,
            0.030412714928388596,
            -0.023574398830533028
        ],
        [
            0.14760766923427582,
            0.03800460323691368,
            -0.023205911740660667
        ],
        [
            0.14926886558532715,
            0.04552864283323288,
            -0.017632875591516495
        ],
        [
            0.1033785417675972,
            0.01816399395465851,
            0.026069507002830505
        ],
        [
            0.09775972366333008,
            0.005876481533050537,
            0.02552427165210247
        ],
        [
            0.10241366922855377,
            0.0031923502683639526,
            0.02303382009267807
        ],
        [
            0.10636729747056961,
            0.014882586896419525,
            0.023792732506990433
        ],
        [
            0.12684521079063416,
            0.0014883428812026978,
            0.019116371870040894
        ],
        [
            0.11729534715414047,
            -0.005819439888000488,
            0.016583964228630066
        ],
        [
            0.11863070726394653,
            -0.016346290707588196,
            0.007830847054719925
        ],
        [
            0.12791995704174042,
            -0.009640932083129883,
            0.006624549627304077
        ],
        [
            0.13842323422431946,
            0.009974170476198196,
            0.018295299261808395
        ],
        [
            0.14053478837013245,
            -0.0007853507995605469,
            0.009422458708286285
        ],
        [
            0.15138396620750427,
            0.010580267757177353,
            0.007337562739849091
        ],
        [
            0.15988674759864807,
            0.025818530470132828,
            -0.0004356987774372101
        ],
        [
            0.08633590489625931,
            0.011004209518432617,
            0.028437478467822075
        ],
        [
            0.0890047699213028,
            0.020784348249435425,
            0.02975688874721527
        ],
        [
            0.17069537937641144,
            0.10045553743839264,
            -0.026662740856409073
        ],
        [
            0.1663028746843338,
            0.10340020060539246,
            -0.02423444762825966
        ],
        [
            0.16478368639945984,
            0.09760851413011551,
            -0.02373783104121685
        ],
        [
            0.1692715734243393,
            0.09600331634283066,
            -0.026935987174510956
        ],
        [
            0.07212033867835999,
            0.020124390721321106,
            0.01724478229880333
        ],
        [
            0.06860704720020294,
            0.018612809479236603,
            0.007887741550803185
        ],
        [
            0.0662107914686203,
            0.0130634605884552,
            0.012001104652881622
        ],
        [
            0.07088152319192886,
            0.01324431598186493,
            0.020181013271212578
        ],
        [
            0.07384275645017624,
            0.029199764132499695,
            0.013397961854934692
        ],
        [
            0.07262007892131805,
            0.026234224438667297,
            0.0025191642343997955
        ],
        [
            0.1701039969921112,
            0.10231570154428482,
            -0.03926669806241989
        ],
        [
            0.17290599644184113,
            0.10062302649021149,
            -0.035227689892053604
        ],
        [
            0.17041555047035217,
            0.09630239009857178,
            -0.036746732890605927
        ],
        [
            0.16665434837341309,
            0.09786194562911987,
            -0.03991381824016571
        ],
        [
            0.14756453037261963,
            0.049621716141700745,
            -0.015470040962100029
        ],
        [
            0.13982683420181274,
            0.04959384351968765,
            -0.010691715404391289
        ],
        [
            0.15271133184432983,
            0.0641227513551712,
            -0.023228710517287254
        ],
        [
            0.1465730369091034,
            0.05905177444219589,
            -0.018864525482058525
        ],
        [
            0.15143823623657227,
            0.05501944571733475,
            -0.02204509824514389
        ],
        [
            0.15559521317481995,
            0.05968422442674637,
            -0.02645663358271122
        ],
        [
            0.12510202825069427,
            0.06244521588087082,
            -0.009405631572008133
        ],
        [
            0.12151388078927994,
            0.052218832075595856,
            -0.00480831041932106
        ],
        [
            0.1272818148136139,
            0.05152071639895439,
            -0.007856467738747597
        ],
        [
            0.13306814432144165,
            0.06221933662891388,
            -0.012835793197154999
        ],
        [
            0.11071997880935669,
            0.05634569749236107,
            0.0034947898238897324
        ],
        [
            0.11490853875875473,
            0.06599970161914825,
            -0.002086913213133812
        ],
        [
            0.1082654595375061,
            0.06725075840950012,
            0.003262655809521675
        ],
        [
            0.10696669667959213,
            0.06033205986022949,
            0.00712578184902668
        ],
        [
            0.12412898242473602,
            0.08086037635803223,
            -0.013529088348150253
        ],
        [
            0.1262015849351883,
            0.08652757108211517,
            -0.017541365697979927
        ],
        [
            0.12402301281690598,
            0.0883311852812767,
            -0.016007667407393456
        ],
        [
            0.12102371454238892,
            0.08155462890863419,
            -0.01174220535904169
        ],
        [
            0.06365616619586945,
            0.007122494280338287,
            0.014956338331103325
        ],
        [
            0.07020948827266693,
            0.006276465952396393,
            0.022256096825003624
        ],
        [
            0.0818551555275917,
            0.06511303782463074,
            -0.00694659911096096
        ],
        [
            0.07917146384716034,
            0.06394541263580322,
            0.003886183723807335
        ],
        [
            0.08128783851861954,
            0.07752393186092377,
            0.0005232421681284904
        ],
        [
            0.08332011103630066,
            0.07494717091321945,
            -0.010469401255249977
        ],
        [
            0.07111810892820358,
            0.01612962782382965,
            -0.001910446211695671
        ],
        [
            0.06646806746721268,
            0.011212378740310669,
            0.0020978599786758423
        ],
        [
            0.1649961769580841,
            0.1055084615945816,
            -0.040836356580257416
        ],
        [
            0.16145500540733337,
            0.10075651109218597,
            -0.04021857678890228
        ],
        [
            0.14704473316669464,
            0.0030202940106391907,
            -0.003912616521120071
        ],
        [
            0.15858523547649384,
            0.02080336958169937,
            -0.008046537637710571
        ],
        [
            0.13352522253990173,
            -0.0076958537101745605,
            -0.0032429955899715424
        ],
        [
            0.12253177165985107,
            -0.01347467303276062,
            -0.003896944224834442
        ],
        [
            0.11525778472423553,
            -0.019787833094596863,
            -0.003443825989961624
        ],
        [
            0.14317451417446136,
            0.06471811234951019,
            -0.018191976472735405
        ],
        [
            0.1314905881881714,
            0.0474274717271328,
            -0.00748017244040966
        ],
        [
            0.116752028465271,
            0.042821403592824936,
            0.0019502155482769012
        ],
        [
            0.09535152465105057,
            0.05642734840512276,
            0.01968955062329769
        ],
        [
            0.09291037917137146,
            0.047084394842386246,
            0.02414470724761486
        ],
        [
            0.10238195955753326,
            0.04686430096626282,
            0.019064171239733696
        ],
        [
            0.10223613679409027,
            0.05499197170138359,
            0.01568683609366417
        ],
        [
            0.0829324796795845,
            0.06584356725215912,
            0.01280047558248043
        ],
        [
            0.09057334065437317,
            0.06676292419433594,
            0.015537768602371216
        ],
        [
            0.0919312983751297,
            0.07534569501876831,
            0.011634886264801025
        ],
        [
            0.08478506654500961,
            0.07659770548343658,
            0.00871889665722847
        ],
        [
            0.15516790747642517,
            0.03633255511522293,
            -0.023570191115140915
        ],
        [
            0.15205562114715576,
            0.02399328723549843,
            -0.022707026451826096
        ],
        [
            0.07893642783164978,
            0.020244739949703217,
            0.025365805253386497
        ],
        [
            0.07894480973482132,
            0.012473642826080322,
            0.026335181668400764
        ],
        [
            0.07641589641571045,
            0.004366189241409302,
            0.02654428407549858
        ],
        [
            0.11148319393396378,
            0.024747155606746674,
            0.016337931156158447
        ],
        [
            0.10867799818515778,
            0.012561514973640442,
            0.022463105618953705
        ],
        [
            0.11317045986652374,
            0.011343032121658325,
            0.02148018404841423
        ],
        [
            0.11360301077365875,
            0.023321598768234253,
            0.014421418309211731
        ],
        [
            0.127984419465065,
            0.027569372206926346,
            0.009812973439693451
        ],
        [
            0.12978772819042206,
            0.01826607435941696,
            0.01872251182794571
        ],
        [
            0.13624854385852814,
            0.03618106245994568,
            0.005909323692321777
        ],
        [
            0.10835227370262146,
            -0.0019439831376075745,
            0.020419258624315262
        ],
        [
            0.09904707223176956,
            -0.006364010274410248,
            0.024731460958719254
        ],
        [
            0.10541817545890808,
            -0.010957702994346619,
            0.020521126687526703
        ],
        [
            0.09066258370876312,
            -0.002083703875541687,
            0.027471845969557762
        ],
        [
            0.08270753920078278,
            0.001817159354686737,
            0.028451994061470032
        ],
        [
            0.06076034903526306,
            0.005019292235374451,
            0.003530951216816902
        ],
        [
            0.11079425364732742,
            -0.014427490532398224,
            0.01514342799782753
        ],
        [
            0.1570030003786087,
            0.04497644305229187,
            0.0005125775933265686
        ],
        [
            0.16070744395256042,
            0.04980906471610069,
            -0.006038110703229904
        ],
        [
            0.1543288677930832,
            0.05191841349005699,
            -0.0071802567690610886
        ],
        [
            0.15079966187477112,
            0.04774155467748642,
            -0.0024284496903419495
        ],
        [
            0.15421070158481598,
            0.05917768552899361,
            -0.03997895494103432
        ],
        [
            0.15701241791248322,
            0.05900445207953453,
            -0.032422639429569244
        ],
        [
            0.1538619101047516,
            0.05150563269853592,
            -0.028003305196762085
        ],
        [
            0.10260049253702164,
            0.029755547642707825,
            0.0246876273304224
        ],
        [
            0.09053925424814224,
            0.03144865483045578,
            0.02813466638326645
        ],
        [
            0.14911724627017975,
            0.06964151561260223,
            -0.022700423374772072
        ],
        [
            0.1636422574520111,
            0.09426805377006531,
            -0.041490137577056885
        ],
        [
            0.16779902577400208,
            0.09199276566505432,
            -0.03813718259334564
        ],
        [
            0.16095365583896637,
            0.07402399182319641,
            -0.03946016728878021
        ],
        [
            0.1566781997680664,
            0.07751158624887466,
            -0.04355254024267197
        ],
        [
            0.14621824026107788,
            0.0787367969751358,
            -0.02737181819975376
        ],
        [
            0.15003058314323425,
            0.07361594587564468,
            -0.023969627916812897
        ],
        [
            0.150028795003891,
            0.07632458209991455,
            -0.024686072021722794
        ],
        [
            0.14646075665950775,
            0.08171677589416504,
            -0.02583843655884266
        ],
        [
            0.11684206873178482,
            0.08801969885826111,
            -0.010104570537805557
        ],
        [
            0.11426358669996262,
            0.08193937689065933,
            -0.006244968622922897
        ],
        [
            0.1307385414838791,
            0.0696827694773674,
            -0.04134305566549301
        ],
        [
            0.1393132209777832,
            0.061785988509655,
            -0.0480126328766346
        ],
        [
            0.13468047976493835,
            0.05049363151192665,
            -0.04337171092629433
        ],
        [
            0.11892522871494293,
            0.06365437805652618,
            -0.005326753482222557
        ],
        [
            0.12152224779129028,
            0.07318134605884552,
            -0.009057210758328438
        ],
        [
            0.11806560307741165,
            0.07426875829696655,
            -0.006972109898924828
        ],
        [
            0.14139309525489807,
            0.06919339299201965,
            -0.019024470821022987
        ],
        [
            0.14474236965179443,
            0.07410130649805069,
            -0.022922907024621964
        ],
        [
            0.13988082110881805,
            0.07448862493038177,
            -0.021214637905359268
        ],
        [
            0.1363249272108078,
            0.0697232261300087,
            -0.016872279345989227
        ],
        [
            0.07626891136169434,
            0.05115574598312378,
            0.006863594055175781
        ],
        [
            0.0804005116224289,
            0.05365242063999176,
            0.01751646399497986
        ],
        [
            0.1731366068124771,
            0.09967406094074249,
            -0.030726801604032516
        ],
        [
            0.17118702828884125,
            0.09536759555339813,
            -0.031819529831409454
        ],
        [
            0.11555074155330658,
            0.05359666422009468,
            -0.0008871965110301971
        ],
        [
            0.12950241565704346,
            0.038106244057416916,
            -0.03642622381448746
        ],
        [
            0.112409807741642,
            0.04425976425409317,
            0.005033496767282486
        ],
        [
            0.09826500713825226,
            0.08320729434490204,
            -0.01838378980755806
        ],
        [
            0.09993375837802887,
            0.08620645850896835,
            -0.011794667690992355
        ],
        [
            0.10412249714136124,
            0.0912521630525589,
            -0.013106679543852806
        ],
        [
            0.1027449518442154,
            0.09095419943332672,
            -0.019087472930550575
        ],
        [
            0.1522095501422882,
            0.09722618013620377,
            -0.025844454765319824
        ],
        [
            0.15686948597431183,
            0.09513871371746063,
            -0.022859331220388412
        ],
        [
            0.15914680063724518,
            0.10058565437793732,
            -0.023089919239282608
        ],
        [
            0.1548382043838501,
            0.10285807400941849,
            -0.02624674141407013
        ],
        [
            0.15432986617088318,
            0.06958926469087601,
            -0.02461922913789749
        ],
        [
            0.15821848809719086,
            0.06580740213394165,
            -0.027904070913791656
        ],
        [
            0.15970121324062347,
            0.07201419770717621,
            -0.027730358764529228
        ],
        [
            0.1548427790403366,
            0.07451891154050827,
            -0.025270750746130943
        ],
        [
            0.15963928401470184,
            0.06570231914520264,
            -0.03399040922522545
        ],
        [
            0.16185547411441803,
            0.07182703167200089,
            -0.03362012654542923
        ],
        [
            0.15044879913330078,
            0.09853194653987885,
            -0.03213285654783249
        ],
        [
            0.15277059376239777,
            0.09819361567497253,
            -0.03940402716398239
        ],
        [
            0.1452796906232834,
            0.08394172787666321,
            -0.04021535813808441
        ],
        [
            0.14504151046276093,
            0.0856880247592926,
            -0.0321565642952919
        ],
        [
            0.08675149083137512,
            0.033215269446372986,
            -0.01545534748584032
        ],
        [
            0.07947094738483429,
            0.036213964223861694,
            -0.007527248002588749
        ],
        [
            0.08418109267950058,
            0.05027114599943161,
            -0.01046134065836668
        ],
        [
            0.08762755990028381,
            0.06430155038833618,
            -0.014042699709534645
        ],
        [
            0.09215202182531357,
            0.07704770565032959,
            -0.01716451160609722
        ],
        [
            0.09896595776081085,
            0.0737495943903923,
            -0.026656748726963997
        ],
        [
            0.07909827679395676,
            0.051043301820755005,
            -0.004042685031890869
        ],
        [
            0.13895519077777863,
            0.07892022281885147,
            -0.03411031514406204
        ],
        [
            0.13952352106571198,
            0.07443086057901382,
            -0.04124680906534195
        ],
        [
            0.1349392682313919,
            0.07599720358848572,
            -0.03896244987845421
        ],
        [
            0.10780943930149078,
            0.04719405248761177,
            0.010150130838155746
        ],
        [
            0.1691436618566513,
            0.09055764973163605,
            -0.03326943516731262
        ],
        [
            0.10293261706829071,
            -0.007963120937347412,
            -0.017910951748490334
        ],
        [
            0.09066814184188843,
            -0.0020093172788619995,
            -0.017488902434706688
        ],
        [
            0.09619296342134476,
            0.004358910024166107,
            -0.019916681572794914
        ],
        [
            0.11047422885894775,
            -0.0021384358406066895,
            -0.01956833153963089
        ],
        [
            0.16292263567447662,
            0.0918942391872406,
            -0.023348473012447357
        ],
        [
            0.16779983043670654,
            0.09039083123207092,
            -0.027061818167567253
        ],
        [
            0.10935499519109726,
            0.08507251739501953,
            -0.002993885427713394
        ],
        [
            0.11210747808218002,
            0.0899735614657402,
            -0.007440011948347092
        ],
        [
            0.10914883017539978,
            0.09210190176963806,
            -0.008454164490103722
        ],
        [
            0.10620667040348053,
            0.08934313803911209,
            -0.0022712675854563713
        ],
        [
            0.07604470103979111,
            0.036392517387866974,
            -0.0026171281933784485
        ],
        [
            0.08608084917068481,
            0.08649244904518127,
            -0.00044662412256002426
        ],
        [
            0.08626630902290344,
            0.0832507386803627,
            -0.010299600660800934
        ],
        [
            0.07562310993671417,
            0.02384132146835327,
            -0.005294188857078552
        ],
        [
            0.08152066916227341,
            0.021078959107398987,
            -0.012629387900233269
        ],
        [
            0.07732100039720535,
            0.012581780552864075,
            -0.010249128565192223
        ],
        [
            0.1124143898487091,
            0.07660679519176483,
            -0.0337594673037529
        ],
        [
            0.09340626001358032,
            0.0328608900308609,
            -0.02107142098248005
        ],
        [
            0.0876934677362442,
            0.020068451762199402,
            -0.01711522787809372
        ],
        [
            0.08295436203479767,
            0.009853199124336243,
            -0.014482978731393814
        ],
        [
            0.07871699333190918,
            0.0028507933020591736,
            -0.012758694589138031
        ],
        [
            0.07304632663726807,
            0.0065582022070884705,
            -0.008192416280508041
        ],
        [
            0.15779201686382294,
            0.09680897742509842,
            -0.04141051322221756
        ],
        [
            0.15589213371276855,
            0.10330291837453842,
            -0.03849254548549652
        ],
        [
            0.06701818853616714,
            -0.00019011646509170532,
            -0.007074834778904915
        ],
        [
            0.07405708730220795,
            -0.004114784300327301,
            -0.011724943295121193
        ],
        [
            0.09556014835834503,
            0.017923414707183838,
            -0.021468207240104675
        ],
        [
            0.10596014559268951,
            0.014894336462020874,
            -0.02516607753932476
        ],
        [
            0.10086214542388916,
            0.030421514064073563,
            -0.02492639049887657
        ],
        [
            0.11134934425354004,
            0.028573419898748398,
            -0.02925601787865162
        ],
        [
            0.11714207381010056,
            0.07067343592643738,
            -0.04139852151274681
        ],
        [
            0.1635395586490631,
            0.11956740915775299,
            -0.0351603627204895
        ],
        [
            0.1566212773323059,
            0.10974091291427612,
            -0.03428250551223755
        ],
        [
            0.15718363225460052,
            0.10899387300014496,
            -0.028429854661226273
        ],
        [
            0.1617681086063385,
            0.1196153461933136,
            -0.030955128371715546
        ],
        [
            0.15345561504364014,
            0.10382555425167084,
            -0.0320659875869751
        ],
        [
            0.1593499630689621,
            0.10806722939014435,
            -0.03926157206296921
        ],
        [
            0.12509702146053314,
            0.024179212749004364,
            -0.030333861708641052
        ],
        [
            0.1419563889503479,
            0.07950512319803238,
            -0.025386719033122063
        ],
        [
            0.12296349555253983,
            0.008588358759880066,
            -0.023320188745856285
        ],
        [
            0.14060650765895844,
            0.02524617314338684,
            -0.03104228898882866
        ],
        [
            0.1409435272216797,
            0.01454019546508789,
            -0.024035271257162094
        ],
        [
            0.12325657904148102,
            -0.0068641528487205505,
            -0.014964830130338669
        ],
        [
            0.13876855373382568,
            0.0014297440648078918,
            -0.01570977456867695
        ],
        [
            0.10793702304363251,
            -0.017876774072647095,
            -0.011959847062826157
        ],
        [
            0.11422805488109589,
            -0.011586762964725494,
            -0.013934019953012466
        ],
        [
            0.15100042521953583,
            0.012969300150871277,
            -0.015933318063616753
        ],
        [
            0.17242257297039032,
