{
    "pred_cam": [
        7.735334873199463,
        0.14366962015628815,
        0.007057595998048782
    ],
    "pred_mano_params": {
        "global_orient": [
            [
                [
                    -0.9134923815727234,
                    0.2743878960609436,
                    -0.3004043698310852
                ],
                [
                    0.2602328956127167,
                    -0.1735181212425232,
                    -0.9498263001441956
                ],
                [
                    -0.312746524810791,
                    -0.9458342790603638,
                    0.0871027261018753
                ]
            ]
        ],
        "hand_pose": [
            [
                [
                    0.9679422378540039,
                    -0.09770338237285614,
                    -0.2313913106918335
                ],
                [
                    0.11904694139957428,
                    0.9896509051322937,
                    0.08011668920516968
                ],
                [
                    0.22116899490356445,
                    -0.10509474575519562,
                    0.9695562124252319
                ]
            ],
            [
                [
                    0.25452351570129395,
                    -0.9168307781219482,
                    0.307634562253952
                ],
                [
                    0.9670055508613586,
                    0.24486073851585388,
                    -0.07030998915433884
                ],
                [
                    -0.010865257121622562,
                    0.31537988781929016,
                    0.9489032626152039
                ]
            ],
            [
                [
                    0.9019035696983337,
                    -0.397335946559906,
                    0.16939328610897064
                ],
                [
                    0.36994850635528564,
                    0.91301429271698,
                    0.17188116908073425
                ],
                [
                    -0.22295303642749786,
                    -0.092353455722332,
                    0.9704446792602539
                ]
            ],
            [
                [
                    0.8788667917251587,
                    -0.4728827178478241,
                    0.06304877251386642
                ],
                [
                    0.4507443308830261,
                    0.8663829565048218,
                    0.21496550738811493
                ],
                [
                    -0.1562778502702713,
                    -0.16050715744495392,
                    0.9745844006538391
                ]
            ],
            [
                [
                    0.4065859019756317,
                    -0.8758993148803711,
                    -0.2597850561141968
                ],
                [
                    0.9129684567451477,
                    0.3788519501686096,
                    0.1515248417854309
                ],
                [
                    -0.034300416707992554,
                    -0.29878342151641846,
                    0.953704297542572
                ]
            ],
            [
                [
                    0.9641253352165222,
                    -0.2601976990699768,
                    0.05253046751022339
                ],
                [
                    0.2630007565021515,
                    0.9631539583206177,
                    -0.05625872686505318
                ],
                [
                    -0.03595653548836708,
                    0.06805602461099625,
                    0.9970332980155945
                ]
            ],
            [
                [
                    0.9213405251502991,
                    -0.3740641474723816,
                    0.10586651414632797
                ],
                [
                    0.3733084797859192,
                    0.9272961020469666,
                    0.027619430795311928
                ],
                [
                    -0.10850103199481964,
                    0.014073966071009636,
                    0.993996798992157
                ]
            ],
            [
                [
                    0.8939628601074219,
                    -0.44649386405944824,
                    0.038388557732105255
                ],
                [
                    0.36672091484069824,
                    0.7780905365943909,
                    0.509990930557251
                ],
                [
                    -0.2575776278972626,
                    -0.44183504581451416,
                    0.8593226671218872
                ]
            ],
            [
                [
                    0.9619016051292419,
                    -0.2431849092245102,
                    0.12492556869983673
                ],
                [
                    0.21836228668689728,
                    0.9583302140235901,
                    0.18417708575725555
                ],
                [
                    -0.16450902819633484,
                    -0.14988119900226593,
                    0.9749217629432678
                ]
            ],
            [
                [
                    0.8869612812995911,
                    -0.45921590924263,
                    0.049199026077985764
                ],
                [
                    0.4592059254646301,
                    0.888246476650238,
                    0.012175707146525383
                ],
                [
                    -0.04929213225841522,
                    0.011793101206421852,
                    0.9987149238586426
                ]
            ],
            [
                [
                    0.640704870223999,
                    -0.7553305625915527,
                    -0.13774257898330688
                ],
                [
                    0.6711961030960083,
                    0.4639012813568115,
                    0.5781793594360352
                ],
                [
                    -0.3728175163269043,
                    -0.4628946781158447,
                    0.8041987419128418
                ]
            ],
            [
                [
                    0.9394334554672241,
                    -0.3421610891819,
                    0.01976199820637703
                ],
                [
                    0.3427307605743408,
                    0.9379711747169495,
                    -0.05239918828010559
                ],
                [
                    -0.0006072210962884128,
                    0.05599859729409218,
                    0.998430609703064
                ]
            ],
            [
                [
                    0.9643793106079102,
                    0.046782322227954865,
                    0.2603536546230316
                ],
                [
                    0.20425711572170258,
                    0.4937015473842621,
                    -0.8453034162521362
                ],
                [
                    -0.16808225214481354,
                    0.8683721423149109,
                    0.4665599465370178
                ]
            ],
            [
                [
                    0.9597983360290527,
                    -0.26677459478378296,
                    -0.08728361874818802
                ],
                [
                    0.2729797661304474,
                    0.8147706389427185,
                    0.5114986896514893
                ],
                [
                    -0.06533871591091156,
                    -0.514762282371521,
                    0.854839563369751
                ]
            ],
            [
                [
                    0.7957445979118347,
                    -0.6053425669670105,
                    -0.018733128905296326
                ],
                [
                    0.5642983913421631,
                    0.7523120045661926,
                    -0.33999109268188477
                ],
                [
                    0.21990424394607544,
                    0.25997498631477356,
                    0.9402420520782471
                ]
            ]
        ],
        "betas": [
            0.0019714534282684326,
            -0.03175434470176697,
            -0.01737949252128601,
            -0.015106052160263062,
            0.07085609436035156,
            0.031932976096868515,
            0.06508983671665192,
            0.004403814673423767,
            0.03995819389820099,
            -0.015135228633880615
        ]
    },
    "pred_cam_t": [
        -0.14366962015628815,
        0.007057595998048782,
        5.049878120422363
    ],
    "focal_length": [
        5000.0,
        5000.0
    ],
    "pred_keypoints_3d": [
        [
            0.09572561085224152,
            0.0063803670927882195,
            0.006196312606334686
        ],
        [
            0.10575132817029953,
            -0.02172737568616867,
            0.030580338090658188
        ],
        [
            0.1063886433839798,
            -0.03528916835784912,
            0.05818084627389908
        ],
        [
            0.1131342202425003,
            -0.04427487030625343,
            0.08282923698425293
        ],
        [
            0.11039913445711136,
            -0.040074944496154785,
            0.11640524864196777
        ],
        [
            0.16861233115196228,
            -0.03527497127652168,
            0.040494900196790695
        ],
        [
            0.2000792771577835,
            -0.038548968732357025,
            0.04998338222503662
        ],
        [
            0.19566179811954498,
            -0.03624216839671135,
            0.07162509113550186
        ],
        [
            0.1826537847518921,
            -0.03608349338173866,
            0.09243781864643097
        ],
        [
            0.18284228444099426,
            -0.014804725535213947,
            0.03692711889743805
        ],
        [
            0.20549878478050232,
            -0.01906035654246807,
            0.05873532593250275
        ],
        [
            0.195001482963562,
            -0.01608090102672577,
            0.0793062075972557
        ],
        [
            0.18182288110256195,
            -0.014282263815402985,
            0.10143861174583435
        ],
        [
            0.17737913131713867,
            0.01109806727617979,
            0.0331646166741848
        ],
        [
            0.19945234060287476,
            0.009656630456447601,
            0.051705993711948395
        ],
        [
            0.19298744201660156,
            0.009901188313961029,
            0.07562725245952606
        ],
        [
            0.18397024273872375,
            0.00895373709499836,
            0.09938901662826538
        ],
        [
            0.1688660979270935,
            0.031210221350193024,
            0.03334822505712509
        ],
        [
            0.1857760101556778,
            0.03799451142549515,
            0.04404807090759277
        ],
        [
            0.19070613384246826,
            0.041319284588098526,
            0.06205000728368759
        ],
        [
            0.19273509085178375,
            0.040858667343854904,
            0.08096300065517426
        ]
    ],
    "pred_vertices": [
        [
            0.1315264254808426,
            -0.020181886851787567,
            0.04087652266025543
        ],
        [
            0.122409388422966,
            -0.01695532724261284,
            0.039681002497673035
        ],
        [
            0.12333126366138458,
            -0.022939840331673622,
            0.04845432937145233
        ],
        [
            0.1327821910381317,
            -0.02755560912191868,
            0.04773358628153801
        ],
        [
            0.10299728810787201,
            -0.011956289410591125,
            0.047479622066020966
        ],
        [
            0.09244631230831146,
            -0.01668442413210869,
            0.044982731342315674
        ],
        [
            0.0965256467461586,
            -0.023726340383291245,
            0.05796799808740616
        ],
        [
            0.10438035428524017,
            -0.018189214169979095,
            0.05936678498983383
        ],
        [
            0.1334204077720642,
            -0.03400062769651413,
            0.05263540893793106
        ],
        [
            0.12380164116621017,
            -0.027447577565908432,
            0.055654142051935196
        ],
        [
            0.13104583323001862,
            -0.038292787969112396,
            0.05319152772426605
        ],
        [
            0.14316940307617188,
            -0.04443814232945442,
            0.042751580476760864
        ],
        [
            0.14313867688179016,
            -0.03906933218240738,
            0.046676527708768845
        ],
        [
            0.15262483060359955,
            -0.04576155170798302,
            0.03876577690243721
        ],
        [
            0.13941757380962372,
            -0.045732203871011734,
            0.03223557770252228
        ],
        [
            0.15554584562778473,
            -0.04395861178636551,
            0.029625043272972107
        ],
        [
            0.14631491899490356,
            -0.022357158362865448,
            0.010089527815580368
        ],
        [
            0.1472502499818802,
            -0.008821488358080387,
            0.006761789321899414
        ],
        [
            0.16301201283931732,
            -0.011070375330746174,
            0.012467484921216965
        ],
        [
            0.16020812094211578,
            -0.02425692416727543,
            0.015992537140846252
        ],
        [
            0.15716834366321564,
            0.00886029563844204,
            0.011183081194758415
        ],
        [
            0.16139952838420868,
            -0.002124006859958172,
            0.012003157287836075
        ],
        [
            0.146001935005188,
            -2.6036053895950317e-05,
            0.005130782723426819
        ],
        [
            0.14308099448680878,
            0.009822895750403404,
            0.004860274493694305
        ],
        [
            0.12874488532543182,
            -0.004799116402864456,
            0.03292606398463249
        ],
        [
            0.11942823231220245,
            -0.001757228747010231,
            0.03054456040263176
        ],
        [
            0.12102114409208298,
            -0.008220778778195381,
            0.032389331609010696
        ],
        [
            0.12922945618629456,
            -0.010626617819070816,
            0.034827008843421936
        ],
        [
            0.11936405301094055,
            -0.04419366642832756,
            0.05828120559453964
        ],
        [
            0.12078115344047546,
            -0.04598911106586456,
            0.04341598227620125
        ],
        [
            0.1278192400932312,
            -0.04372435808181763,
            0.04719347134232521
        ],
        [
            0.12152238935232162,
            -0.04017198458313942,
            0.061461739242076874
        ],
        [
            0.09491653740406036,
            0.015577574260532856,
            0.028495490550994873
        ],
        [
            0.08496611565351486,
            0.015422233380377293,
            0.019337454810738564
        ],
        [
            0.08415809273719788,
            0.009593470022082329,
            0.01940787024796009
        ],
        [
            0.09393095225095749,
            0.01085100881755352,
            0.027245154604315758
        ],
        [
            0.08571963757276535,
            -0.009166065603494644,
            0.027375496923923492
        ],
        [
            0.0804518461227417,
            -0.007610645145177841,
            0.018997661769390106
        ],
        [
            0.07542134821414948,
            -0.016981028020381927,
            0.010580990463495255
        ],
        [
            0.08111470937728882,
            -0.02114577777683735,
            0.01730755716562271
        ],
        [
            0.09019609540700912,
            -0.012678440660238266,
            0.03630419820547104
        ],
        [
            0.08466321229934692,
            -0.023190420120954514,
            0.02880237251520157
        ],
        [
            0.08780252933502197,
            -0.025520384311676025,
            0.03909691423177719
        ],
        [
            0.09289687126874924,
            -0.03133419156074524,
            0.05361500382423401
        ],
        [
            0.08786105364561081,
            0.027498425915837288,
            0.01606856659054756
        ],
        [
            0.0952577218413353,
            0.02944684401154518,
            0.022762605920433998
        ],
        [
            0.1870446354150772,
            -0.04124434292316437,
            0.05711417645215988
        ],
        [
            0.18733547627925873,
            -0.03508926182985306,
            0.05809915065765381
        ],
        [
            0.18724161386489868,
            -0.03504133224487305,
            0.057650841772556305
        ],
        [
            0.18715767562389374,
            -0.04094669595360756,
            0.056872427463531494
        ],
        [
            0.10169971734285355,
            0.035328879952430725,
            0.0036280788481235504
        ],
        [
            0.10550686717033386,
            0.03240649029612541,
            -0.005273137241601944
        ],
        [
            0.09866993129253387,
            0.03464428707957268,
            -0.006486926227807999
        ],
        [
            0.09437058120965958,
            0.03560885041952133,
            0.0018519237637519836
        ],
        [
            0.11134397983551025,
            0.03481409698724747,
            0.00612708181142807
        ],
        [
            0.11470621079206467,
            0.028906509280204773,
            -0.0029093027114868164
        ],
        [
            0.1988237053155899,
            -0.04572676867246628,
            0.054123930633068085
        ],
        [
            0.19391079246997833,
            -0.04680724814534187,
            0.05577169731259346
        ],
        [
            0.194070965051651,
            -0.04677242040634155,
            0.0523311011493206
        ],
        [
            0.19822491705417633,
            -0.044939033687114716,
            0.04938032478094101
        ],
        [
            0.1419164389371872,
            -0.031600043177604675,
            0.046464186161756516
        ],
        [
            0.14023758471012115,
            -0.02257142961025238,
            0.043155305087566376
        ],
        [
            0.16093839704990387,
            -0.03438746929168701,
            0.049264613538980484
        ],
        [
            0.15261629223823547,
            -0.028307609260082245,
            0.04565403237938881
        ],
        [
            0.15064135193824768,
            -0.03559543192386627,
            0.045912060886621475
        ],
        [
            0.15833531320095062,
            -0.04001404345035553,
            0.047056712210178375
        ],
        [
            0.15071505308151245,
            -0.005377140827476978,
            0.03857957199215889
        ],
        [
            0.13970491290092468,
            -0.0036002453416585922,
            0.03485068306326866
        ],
        [
            0.14072592556476593,
            -0.010076838545501232,
            0.036536749452352524
        ],
        [
            0.15223440527915955,
            -0.013403327204287052,
            0.04147915169596672
        ],
        [
            0.13894961774349213,
            0.010559496469795704,
            0.034935370087623596
        ],
        [
            0.15002599358558655,
            0.007594979368150234,
            0.03823242709040642
        ],
        [
            0.14841397106647491,
            0.01598331332206726,
            0.03799198195338249
        ],
        [
            0.14045456051826477,
            0.016734691336750984,
            0.03656709939241409
        ],
        [
            0.16869959235191345,
            -0.0005257069133222103,
            0.043345216661691666
        ],
        [
            0.17587748169898987,
            -0.002759896218776703,
            0.04506700485944748
        ],
        [
            0.176643505692482,
            0.0004643397405743599,
            0.044617507606744766
        ],
        [
            0.16845989227294922,
            0.002929182257503271,
            0.042456042021512985
        ],
        [
            0.09211964160203934,
            0.036220669746398926,
            -0.008696924895048141
        ],
        [
            0.08740909397602081,
            0.034931059926748276,
            -0.00014555826783180237
        ],
        [
            0.15111508965492249,
            0.029380589723587036,
            0.01372910849750042
        ],
        [
            0.14456720650196075,
            0.03683473542332649,
            0.018784763291478157
        ],
        [
            0.15597060322761536,
            0.03819214552640915,
            0.02344726398587227
        ],
        [
            0.1600872278213501,
            0.029858557507395744,
            0.01669696904718876
        ],
        [
            0.10861507058143616,
            0.024263624101877213,
            -0.010962706059217453
        ],
        [
            0.10241024196147919,
            0.028389036655426025,
            -0.013462770730257034
        ],
        [
            0.2029716819524765,
            -0.040918998420238495,
            0.0528201162815094
        ],
        [
            0.20222200453281403,
            -0.04011062532663345,
            0.04794168472290039
        ],
        [
            0.09038128703832626,
            -0.034166961908340454,
            0.028367359191179276
        ],
        [
            0.09494118392467499,
            -0.039113424718379974,
            0.04767397418618202
        ],
        [
            0.08655217289924622,
            -0.029302150011062622,
            0.015035364776849747
        ],
        [
            0.08373737335205078,
            -0.02492503821849823,
            0.006204776465892792
        ],
        [
            0.07863422483205795,
            -0.02192569151520729,
            0.0001283586025238037
        ],
        [
            0.15728241205215454,
            -0.023249585181474686,
            0.04634086787700653
        ],
        [
            0.1370919644832611,
            -0.014893016777932644,
            0.03826889768242836
        ],
        [
            0.12835802137851715,
            0.00045088306069374084,
            0.032171208411455154
        ],
        [
            0.13049796223640442,
            0.031008008867502213,
            0.035572148859500885
        ],
        [
            0.12024984508752823,
            0.032139237970113754,
            0.03284256532788277
        ],
        [
            0.12271178513765335,
            0.02218066155910492,
            0.03550531715154648
        ],
        [
            0.1314081847667694,
            0.02317943423986435,
            0.03671844303607941
        ],
        [
            0.14156019687652588,
            0.039550065994262695,
            0.027730867266654968
        ],
        [
            0.14122942090034485,
            0.03566131740808487,
            0.03466096520423889
        ],
        [
            0.15031716227531433,
            0.0351502001285553,
            0.03704678267240524
        ],
        [
            0.15163607895374298,
            0.03946954011917114,
            0.03108629770576954
        ],
        [
            0.11297637224197388,
            -0.0484173446893692,
            0.057722292840480804
        ],
        [
            0.11329212039709091,
            -0.047374021261930466,
            0.04133741185069084
        ],
        [
            0.09734274446964264,
            0.034563347697257996,
            0.01325441524386406
        ],
        [
            0.09032822400331497,
            0.032499760389328,
            0.010625027120113373
        ],
        [
            0.08341258764266968,
            0.03188963234424591,
            0.005784563720226288
        ],
        [
            0.10712843388319016,
            0.005728330463171005,
            0.029944613575935364
        ],
        [
            0.09334167093038559,
            0.007569849491119385,
            0.026407452300190926
        ],
        [
            0.09400667995214462,
            0.003364104777574539,
            0.02709156647324562
        ],
        [
            0.10852683335542679,
            0.002071751281619072,
            0.029188819229602814
        ],
        [
            0.11348459124565125,
            -0.010388467460870743,
            0.03865407407283783
        ],
        [
            0.10099556297063828,
            -0.0063222795724868774,
            0.03657896816730499
        ],
        [
            0.11456122994422913,
            -0.014911405742168427,
            0.04909839481115341
        ],
        [
            0.08161499351263046,
            0.0020508430898189545,
            0.0186627097427845
        ],
        [
            0.07505019754171371,
            0.009885556995868683,
            0.014497451484203339
        ],
        [
            0.07341305166482925,
            0.0011934731155633926,
            0.013725925236940384
        ],
        [
            0.07729679346084595,
            0.01927242986857891,
            0.012734809890389442
        ],
        [
            0.08014998584985733,
            0.02726125344634056,
            0.009950842708349228
        ],
        [
            0.09648503363132477,
            0.031444210559129715,
            -0.01878521591424942
        ],
        [
            0.07327250391244888,
            -0.0069866664707660675,
            0.012068606913089752
        ],
        [
            0.10571996867656708,
            -0.024230265989899635,
            0.06620808690786362
        ],
        [
            0.10629381239414215,
            -0.029467253014445305,
            0.07186585664749146
        ],
        [
            0.11386728286743164,
            -0.02917582355439663,
            0.07012463361024857
        ],
        [
            0.11399607360363007,
            -0.024885663762688637,
            0.06469779461622238
        ],
        [
            0.1633942574262619,
            -0.04667651653289795,
            0.03690691664814949
        ],
        [
            0.16043724119663239,
            -0.04497279226779938,
            0.04369039088487625
        ],
        [
            0.14970837533473969,
            -0.0426798090338707,
            0.043825067579746246
        ],
        [
            0.10527195036411285,
            0.019340679049491882,
            0.03203786164522171
        ],
        [
            0.10504074394702911,
            0.030942577868700027,
            0.027203388512134552
        ],
        [
            0.16578957438468933,
            -0.029626814648509026,
            0.049606431275606155
        ],
        [
            0.1963995099067688,
            -0.04507904499769211,
            0.04561490938067436
        ],
        [
            0.1924126297235489,
            -0.04755423590540886,
            0.04949744790792465
        ],
        [
            0.17940983176231384,
            -0.04703877121210098,
            0.04094540700316429
        ],
        [
            0.18345244228839874,
            -0.04421456158161163,
            0.03615633770823479
        ],
        [
            0.1764833927154541,
            -0.027451829984784126,
            0.04638087749481201
        ],
        [
            0.1717267483472824,
            -0.030736243352293968,
            0.04993782192468643
        ],
        [
            0.17488358914852142,
            -0.03054412454366684,
            0.04956229031085968
        ],
        [
            0.1796572208404541,
            -0.026395568624138832,
            0.04772872477769852
        ],
        [
            0.1732005476951599,
            0.00910140573978424,
            0.042888373136520386
        ],
        [
            0.16623611748218536,
            0.011197403073310852,
            0.0414259098470211
        ],
        [
            0.17321814596652985,
            -0.024380866438150406,
            0.02438233606517315
        ],
        [
            0.1682709902524948,
            -0.03709971532225609,
            0.02293933369219303
        ],
        [
            0.15741176903247833,
            -0.03615385666489601,
            0.02054416388273239
        ],
        [
            0.14967218041419983,
            0.0019732974469661713,
            0.03772076219320297
        ],
        [
            0.15970204770565033,
            0.0012256298214197159,
            0.04106710106134415
        ],
        [
            0.15967056155204773,
            0.005350012332201004,
            0.04060602933168411
        ],
        [
            0.16160909831523895,
            -0.020876530557870865,
            0.04641057178378105
        ],
        [
            0.1689196527004242,
            -0.024493126198649406,
            0.048277124762535095
        ],
        [
            0.16718228161334991,
            -0.01906123198568821,
            0.0456695556640625
        ],
        [
            0.16072170436382294,
            -0.01554911769926548,
            0.04418132081627846
        ],
        [
            0.13287538290023804,
            0.03661324828863144,
            0.013030428439378738
        ],
        [
            0.12931610643863678,
            0.04015693813562393,
            0.023500442504882812
        ],
        [
            0.18952752649784088,
            -0.045340243726968765,
            0.05659940466284752
        ],
        [
            0.18980637192726135,
            -0.045333921909332275,
            0.05515020340681076
        ],
        [
            0.13888315856456757,
            0.00356272142380476,
            0.03408484533429146
        ],
        [
            0.14406897127628326,
            -0.03332293778657913,
            0.01656820811331272
        ],
        [
            0.12793272733688354,
            0.005989293567836285,
            0.031895771622657776
        ],
        [
            0.1732623428106308,
            0.01713031716644764,
            0.024089818820357323
        ],
        [
            0.17340987920761108,
            0.021158333867788315,
            0.03060876950621605
        ],
        [
            0.17800641059875488,
            0.018744051456451416,
            0.03406601399183273
        ],
        [
            0.18053653836250305,
            0.016319414600729942,
            0.02930355630815029
        ],
        [
            0.19127537310123444,
            -0.026126142591238022,
            0.05271615460515022
        ],
        [
            0.18863524496555328,
            -0.029382871463894844,
            0.056912630796432495
        ],
        [
            0.189496710896492,
            -0.029229307547211647,
            0.05640928074717522
        ],
        [
            0.19394831359386444,
            -0.026147471740841866,
            0.053745657205581665
        ],
        [
            0.16897359490394592,
            -0.03593243658542633,
            0.050249844789505005
        ],
        [
            0.16685551404953003,
            -0.04175456240773201,
            0.04826241359114647
        ],
        [
            0.17341867089271545,
            -0.04142230749130249,
            0.05007820576429367
        ],
        [
            0.17414484918117523,
            -0.035547129809856415,
            0.050678640604019165
        ],
        [
            0.16958072781562805,
            -0.045882415026426315,
            0.04364539682865143
        ],
        [
            0.175502747297287,
            -0.04582791402935982,
            0.04582595080137253
        ],
        [
            0.1955687403678894,
            -0.026600077748298645,
            0.04766293987631798
        ],
        [
            0.19942273199558258,
            -0.03260480612516403,
            0.04407989978790283
        ],
        [
            0.1866227686405182,
            -0.030495721846818924,
            0.035466089844703674
        ],
        [
            0.18504247069358826,
            -0.02631489746272564,
            0.04200165718793869
        ],
        [
            0.12991368770599365,
            0.010628638789057732,
            -0.0023440904915332794
        ],
        [
            0.12828919291496277,
            0.021545205265283585,
            -0.0007362999022006989
        ],
        [
            0.1413521021604538,
            0.021053288131952286,
            0.006407186388969421
        ],
        [
            0.1544337123632431,
            0.02105051651597023,
            0.012363426387310028
        ],
        [
            0.1663910150527954,
            0.020139746367931366,
            0.01912842132151127
        ],
        [
            0.16959220170974731,
            0.008854449726641178,
            0.015484318137168884
        ],
        [
            0.13860291242599487,
            0.02861730009317398,
            0.007597785443067551
        ],
        [
            0.17753110826015472,
            -0.024143915623426437,
            0.03673337399959564
        ],
        [
            0.17717421054840088,
            -0.029520947486162186,
            0.030228834599256516
        ],
        [
            0.17753992974758148,
            -0.024061106145381927,
            0.030043430626392365
        ],
        [
            0.12771040201187134,
            0.013292697258293629,
            0.03342585265636444
        ],
        [
            0.18891426920890808,
            -0.04663103073835373,
            0.05366925150156021
        ],
        [
            0.09658733755350113,
            -0.016930710524320602,
            -0.01107862964272499
        ],
        [
            0.1014404445886612,
            -0.005370933562517166,
            -0.016028862446546555
        ],
        [
            0.1080610454082489,
            -0.008841849863529205,
            -0.011330850422382355
        ],
        [
            0.10231231898069382,
            -0.021695761010050774,
            -0.00485563650727272
        ],
        [
            0.18676921725273132,
            -0.03611896559596062,
            0.05903412029147148
        ],
        [
            0.18633683025836945,
            -0.042359814047813416,
            0.05755529925227165
        ],
        [
            0.16781267523765564,
            0.01786317490041256,
            0.04129574075341225
        ],
        [
            0.1737481951713562,
            0.014951661229133606,
            0.04203271120786667
        ],
        [
            0.1761988401412964,
            0.017646504566073418,
            0.04037037119269371
        ],
        [
            0.17164357006549835,
            0.02285185642540455,
            0.04113597422838211
        ],
        [
            0.12585072219371796,
            0.026863377541303635,
            0.00029246509075164795
        ],
        [
            0.1629749834537506,
            0.039011500775814056,
            0.026549573987722397
        ],
        [
            0.16658848524093628,
            0.031830355525016785,
            0.020478222519159317
        ],
        [
            0.11682169884443283,
            0.021550074219703674,
            -0.006994996219873428
        ],
        [
            0.11835015565156937,
            0.012093188241124153,
            -0.009051691740751266
        ],
        [
            0.11001100391149521,
            0.013750971294939518,
            -0.013819631189107895
        ],
        [
            0.1760682612657547,
            -0.004048718139529228,
            0.02083616890013218
        ],
        [
            0.13256260752677917,
            0.0023488933220505714,
            -0.0018157139420509338
        ],
        [
            0.11980364471673965,
            0.004570880904793739,
            -0.00836130604147911
        ],
        [
            0.10989085584878922,
            0.006193152628839016,
            -0.01402921974658966
        ],
        [
            0.1031501293182373,
            0.008032212033867836,
            -0.0186164528131485
        ],
        [
            0.10389843583106995,
            0.01613807864487171,
            -0.017786674201488495
        ],
        [
            0.1988936811685562,
            -0.03924534097313881,
            0.043911777436733246
        ],
        [
            0.20366744697093964,
            -0.03270125389099121,
            0.04849119111895561
        ],
        [
            0.09767711907625198,
            0.01910361647605896,
            -0.023767396807670593
        ],
        [
            0.09675680100917816,
            0.009842008352279663,
            -0.023860357701778412
        ],
        [
            0.12021099030971527,
            -0.0045586880296468735,
            -0.006965260952711105
        ],
        [
            0.1197269856929779,
            -0.015893083065748215,
            -0.0036920420825481415
        ],
        [
            0.13247574865818024,
            -0.006291735917329788,
            -0.0004528425633907318
        ],
        [
            0.13316741585731506,
            -0.01756989024579525,
            0.0030671991407871246
        ],
        [
            0.17474782466888428,
            -0.01363721489906311,
            0.016407879069447517
        ],
        [
            0.20177963376045227,
            -0.030409375205636024,
            0.06672190129756927
        ],
        [
            0.20125789940357208,
            -0.028298072516918182,
            0.055948406457901
        ],
        [
            0.19548147916793823,
            -0.02700117789208889,
            0.05681562423706055
        ],
        [
            0.19808615744113922,
            -0.02810615673661232,
            0.06679370999336243
        ],
        [
            0.198961541056633,
            -0.027044329792261124,
            0.05096321552991867
        ],
        [
            0.20416948199272156,
            -0.033282145857810974,
            0.05388791859149933
        ],
        [
            0.12943845987319946,
            -0.031132465228438377,
            0.011186640709638596
        ],
        [
            0.17372766137123108,
            -0.02175721898674965,
            0.04560460150241852
        ],
        [
            0.11268197000026703,
            -0.030345356091856956,
            0.006681624799966812
        ],
        [
            0.12731638550758362,
            -0.04442216083407402,
            0.025306973606348038
        ],
        [
            0.1136777251958847,
            -0.04246906191110611,
            0.023683469742536545
        ],
        [
            0.09489571303129196,
            -0.029622582718729973,
            0.0034680068492889404
        ],
        [
            0.09844839572906494,
            -0.03820904344320297,
            0.017843134701251984
        ],
        [
            0.08492375165224075,
            -0.020691515877842903,
            -0.008451960980892181
        ],
        [
            0.09113550186157227,
            -0.024239201098680496,
            -0.0034405626356601715
        ],
        [
            0.10091876238584518,
            -0.04344742000102997,
            0.03471565246582031
        ],
        [
