{
    "pred_cam": [
        8.750722885131836,
        0.0911945030093193,
        -0.044685907661914825
    ],
    "pred_mano_params": {
        "global_orient": [
            [
                [
                    0.32364851236343384,
                    -0.4439288377761841,
                    0.8355708718299866
                ],
                [
                    -0.027872875332832336,
                    -0.8871917724609375,
                    -0.46055811643600464
                ],
                [
                    0.9457666873931885,
                    0.12576919794082642,
                    -0.2995118796825409
                ]
            ]
        ],
        "hand_pose": [
            [
                [
                    0.8246201872825623,
                    -0.5406175851821899,
                    -0.16653555631637573
                ],
                [
                    0.5298171043395996,
                    0.8412683010101318,
                    -0.10752406716346741
                ],
                [
                    0.19823050498962402,
                    0.0004331335367169231,
                    0.9801552891731262
                ]
            ],
            [
                [
                    0.8153769969940186,
                    -0.5376991629600525,
                    0.21456924080848694
                ],
                [
                    0.5783427953720093,
                    0.7732312083244324,
                    -0.2600637376308441
                ],
                [
                    -0.0260755717754364,
                    0.3361445665359497,
                    0.9414494037628174
                ]
            ],
            [
                [
                    0.814287543296814,
                    -0.579748272895813,
                    0.028770696371793747
                ],
                [
                    0.5770502686500549,
                    0.8138726353645325,
                    0.06800300627946854
                ],
                [
                    -0.06284031271934509,
                    -0.0387718640267849,
                    0.9972702264785767
                ]
            ],
            [
                [
                    0.6656386256217957,
                    -0.6941916942596436,
                    -0.2739035189151764
                ],
                [
                    0.7191638946533203,
                    0.694718599319458,
                    -0.01301382202655077
                ],
                [
                    0.19931994378566742,
                    -0.18831904232501984,
                    0.9616691470146179
                ]
            ],
            [
                [
                    0.7556008100509644,
                    -0.6429343223571777,
                    -0.12531067430973053
                ],
                [
                    0.6503538489341736,
                    0.7135247588157654,
                    0.26061898469924927
                ],
                [
                    -0.07814863324165344,
                    -0.27842020988464355,
                    0.9572746753692627
                ]
            ],
            [
                [
                    0.8609728217124939,
                    -0.507996141910553,
                    -0.025802023708820343
                ],
                [
                    0.5081974864006042,
                    0.8612393140792847,
                    0.001471935654990375
                ],
                [
                    0.021473979577422142,
                    -0.01437982078641653,
                    0.9996659755706787
                ]
            ],
            [
                [
                    0.41777682304382324,
                    -0.9084791541099548,
                    0.011319786310195923
                ],
                [
                    0.7917439937591553,
                    0.37014928460121155,
                    0.48593300580978394
                ],
                [
                    -0.44565004110336304,
                    -0.1940491646528244,
                    0.8739227056503296
                ]
            ],
            [
                [
                    0.9542883634567261,
                    -0.29378408193588257,
                    -0.05499724671244621
                ],
                [
                    0.2984648048877716,
                    0.9464503526687622,
                    0.12308728694915771
                ],
                [
                    0.01589108258485794,
                    -0.1338755041360855,
                    0.9908707737922668
                ]
            ],
            [
                [
                    0.9798369407653809,
                    -0.193452849984169,
                    0.049955692142248154
                ],
                [
                    0.16617818176746368,
                    0.9278853535652161,
                    0.3337867558002472
                ],
                [
                    -0.11092516034841537,
                    -0.31875506043434143,
                    0.94132399559021
                ]
            ],
            [
                [
                    0.5271095633506775,
                    -0.8399325013160706,
                    -0.12910762429237366
                ],
                [
                    0.8412665128707886,
                    0.537233829498291,
                    -0.06041879951953888
                ],
                [
                    0.1201087012887001,
                    -0.07676658779382706,
                    0.9897881746292114
                ]
            ],
            [
                [
                    0.9118349552154541,
                    -0.4105515778064728,
                    0.002087774220854044
                ],
                [
                    0.36463242769241333,
                    0.8121646642684937,
                    0.45544666051864624
                ],
                [
                    -0.18867997825145721,
                    -0.4145309627056122,
                    0.8902605772018433
                ]
            ],
            [
                [
                    0.8574694395065308,
                    -0.5078725218772888,
                    -0.082533098757267
                ],
                [
                    0.514350950717926,
                    0.8417745232582092,
                    0.16388645768165588
                ],
                [
                    -0.013759170658886433,
                    -0.18297860026359558,
                    0.9830206632614136
                ]
            ],
            [
                [
                    0.9162925481796265,
                    -0.2439664751291275,
                    0.3176291584968567
                ],
                [
                    0.386321485042572,
                    0.3291609585285187,
                    -0.861631453037262
                ],
                [
                    0.10565806925296783,
                    0.9122135043144226,
                    0.39585721492767334
                ]
            ],
            [
                [
                    0.8981832265853882,
                    -0.43474462628364563,
                    -0.06529892981052399
                ],
                [
                    0.41615360975265503,
                    0.7929244637489319,
                    0.4450696110725403
                ],
                [
                    -0.14171449840068817,
                    -0.42692846059799194,
                    0.8931120038032532
                ]
            ],
            [
                [
                    0.8759792447090149,
                    0.2131463885307312,
                    -0.43269968032836914
                ],
                [
                    -0.3107798993587494,
                    0.9354525804519653,
                    -0.16835802793502808
                ],
                [
                    0.3688850700855255,
                    0.28195250034332275,
                    0.8856786489486694
                ]
            ]
        ],
        "betas": [
            0.053443849086761475,
            -0.1029295027256012,
            -0.022593259811401367,
            -0.03822490572929382,
            0.025629311800003052,
            -0.018051888793706894,
            0.03604477643966675,
            -0.0603543221950531,
            0.010133042931556702,
            -0.06197270750999451
        ]
    },
    "pred_cam_t": [
        -0.0911945030093193,
        -0.044685907661914825,
        4.463916778564453
    ],
    "focal_length": [
        5000.0,
        5000.0
    ],
    "pred_keypoints_3d": [
        [
            0.09550520777702332,
            0.006361242849379778,
            0.0062009477987885475
        ],
        [
            0.1160643920302391,
            0.0088737141340971,
            -0.026126664131879807
        ],
        [
            0.13155268132686615,
            0.030000077560544014,
            -0.04210478067398071
        ],
        [
            0.1388114094734192,
            0.053245022892951965,
            -0.05387246608734131
        ],
        [
            0.13836681842803955,
            0.08058615773916245,
            -0.07702095806598663
        ],
        [
            0.08652006834745407,
            0.003984237089753151,
            -0.08367103338241577
        ],
        [
            0.07967179268598557,
            0.019332459196448326,
            -0.1120104193687439
        ],
        [
            0.08383262902498245,
            0.03953825682401657,
            -0.12010567635297775
        ],
        [
            0.09210836887359619,
            0.06272981315851212,
            -0.11666172742843628
        ],
        [
            0.06276534497737885,
            0.011899433098733425,
            -0.08228740841150284
        ],
        [
            0.05553198233246803,
            0.036585088819265366,
            -0.10075854510068893
        ],
        [
            0.06497225165367126,
            0.057807557284832,
            -0.10179357975721359
        ],
        [
            0.08062730729579926,
            0.07750678062438965,
            -0.09694841504096985
        ],
        [
            0.048611387610435486,
            0.02438681572675705,
            -0.06353117525577545
        ],
        [
            0.046203888952732086,
            0.048603758215904236,
            -0.07895466685295105
        ],
        [
            0.05469975620508194,
            0.07180249691009521,
            -0.08063682913780212
        ],
        [
            0.069186732172966,
            0.09225352108478546,
            -0.07626494020223618
        ],
        [
            0.041665419936180115,
            0.03690287843346596,
            -0.04716672748327255
        ],
        [
            0.04515765979886055,
            0.05594742298126221,
            -0.05555237829685211
        ],
        [
            0.05236275494098663,
            0.07333764433860779,
            -0.05757331848144531
        ],
        [
            0.06434401124715805,
            0.08972504734992981,
            -0.057402048259973526
        ]
    ],
    "pred_vertices": [
        [
            0.10125472396612167,
            0.017233286052942276,
            -0.04833079129457474
        ],
        [
            0.10452364385128021,
            0.01917196623980999,
            -0.03845351189374924
        ],
        [
            0.11016049236059189,
            0.024164626374840736,
            -0.04369629546999931
        ],
        [
            0.10717470943927765,
            0.019387561827898026,
            -0.0549691803753376
        ],
        [
            0.11763489246368408,
            0.02741824835538864,
            -0.020870231091976166
        ],
        [
            0.12774868309497833,
            0.022198602557182312,
            -0.016486629843711853
        ],
        [
            0.1329277604818344,
            0.03185974434018135,
            -0.026696056127548218
        ],
        [
            0.12343493103981018,
            0.0358341708779335,
            -0.027490966022014618
        ],
        [
            0.11184020340442657,
            0.021142156794667244,
            -0.059305015951395035
        ],
        [
            0.11460907012224197,
            0.02857394330203533,
            -0.04752594605088234
        ],
        [
            0.11531921476125717,
            0.022038854658603668,
            -0.05888238176703453
        ],
        [
            0.10846050083637238,
            0.006052272394299507,
            -0.06953690946102142
        ],
        [
            0.10704910755157471,
            0.011003805324435234,
            -0.06837967038154602
        ],
        [
            0.10221822559833527,
            -0.00045811058953404427,
            -0.07614967972040176
        ],
        [
            0.10792962461709976,
            -0.0028944453224539757,
            -0.06397270411252975
        ],
        [
            0.095542311668396,
            -0.007437650114297867,
            -0.07458595186471939
        ],
        [
            0.0811167061328888,
            -0.011002026498317719,
            -0.047757767140865326
        ],
        [
            0.07072889804840088,
            -0.0061900196596980095,
            -0.04002688080072403
        ],
        [
            0.06341499090194702,
            -0.004430130124092102,
            -0.05587755888700485
        ],
        [
            0.07506197690963745,
            -0.008799777366220951,
            -0.0619724839925766
        ],
        [
            0.05360427498817444,
            0.006495809182524681,
            -0.04112226516008377
        ],
        [
            0.058605216443538666,
            0.0005589667707681656,
            -0.050057828426361084
        ],
        [
            0.06529851257801056,
            -0.002298520877957344,
            -0.03399915248155594
        ],
        [
            0.06074223294854164,
            0.003388267010450363,
            -0.026840873062610626
        ],
        [
            0.0908498615026474,
            0.018956322222948074,
            -0.03554750606417656
        ],
        [
            0.09422440081834793,
            0.019634926691651344,
            -0.026182539761066437
        ],
        [
            0.09772191941738129,
            0.017523102462291718,
            -0.03122565895318985
        ],
        [
            0.0947863832116127,
            0.017329849302768707,
            -0.039624493569135666
        ],
        [
            0.12874120473861694,
            0.02940317802131176,
            -0.05553996190428734
        ],
        [
            0.1241709366440773,
            0.010923560708761215,
            -0.05473695695400238
        ],
        [
            0.11891910433769226,
            0.015224697068333626,
            -0.0587938129901886
        ],
        [
            0.12525974214076996,
            0.033471208065748215,
            -0.05429306626319885
        ],
        [
            0.09889961779117584,
            0.029803603887557983,
            0.0016922876238822937
        ],
        [
            0.10202442109584808,
            0.02302692085504532,
            0.012992441654205322
        ],
        [
            0.10630914568901062,
            0.019655093550682068,
            0.010585471987724304
        ],
        [
            0.10216037929058075,
            0.02595387026667595,
            0.0005299001932144165
        ],
        [
            0.1203518882393837,
            0.013707535341382027,
            -0.0035620927810668945
        ],
        [
            0.11970150470733643,
            0.009003503248095512,
            0.004530705511569977
        ],
        [
            0.12557628750801086,
            -0.002433049026876688,
            0.007001690566539764
        ],
        [
            0.12717780470848083,
            4.367902874946594e-07,
            -0.0024991780519485474
        ],
        [
            0.12328630685806274,
            0.017676372081041336,
            -0.01092817634344101
        ],
        [
            0.13076108694076538,
            0.006875339895486832,
            -0.01085643470287323
        ],
        [
            0.13456252217292786,
            0.013284685090184212,
            -0.018079139292240143
        ],
        [
            0.13940772414207458,
            0.025929439812898636,
            -0.029397986829280853
        ],
        [
            0.09117883443832397,
            0.027156423777341843,
            0.01839393377304077
        ],
        [
            0.08761254698038101,
            0.03319769352674484,
            0.010988593101501465
        ],
        [
            0.0898718386888504,
            0.026459865272045135,
            -0.10820060223340988
        ],
        [
            0.08542578667402267,
            0.029847199097275734,
            -0.10609336197376251
        ],
        [
            0.08644808828830719,
            0.02725262939929962,
            -0.10304969549179077
        ],
        [
            0.09041168540716171,
            0.024298865348100662,
            -0.10598064213991165
        ],
        [
            0.07212727516889572,
            0.02054336853325367,
            0.017584212124347687
        ],
        [
            0.06807863712310791,
            0.011378539726138115,
            0.017139136791229248
        ],
        [
            0.07075253129005432,
            0.012182475998997688,
            0.023859277367591858
        ],
        [
            0.07619024813175201,
            0.019802674651145935,
            0.023914523422718048
        ],
        [
            0.06683015823364258,
            0.021495599299669266,
            0.009173154830932617
        ],
        [
            0.06499622017145157,
            0.010560046881437302,
            0.007559485733509064
        ],
        [
            0.08580594509840012,
            0.019572824239730835,
            -0.11816614121198654
        ],
        [
            0.08987043797969818,
            0.021367160603404045,
            -0.1155550628900528
        ],
        [
            0.08910809457302094,
            0.01721659116446972,
            -0.11323381215333939
        ],
        [
            0.08451291173696518,
            0.015133112668991089,
            -0.11448077857494354
        ],
        [
            0.10365761816501617,
            0.014086691662669182,
            -0.06412744522094727
        ],
        [
            0.0981280654668808,
            0.016276556998491287,
            -0.057250313460826874
        ],
        [
            0.09443153440952301,
            0.012289587408304214,
            -0.07889678329229355
        ],
        [
            0.09454016387462616,
            0.013312382623553276,
            -0.07023365795612335
        ],
        [
            0.10025030374526978,
            0.00971759669482708,
            -0.07217666506767273
        ],
        [
            0.09886164218187332,
            0.007917935959994793,
            -0.07927239686250687
        ],
        [
            0.07881982624530792,
            0.021120116114616394,
            -0.05440101772546768
        ],
        [
            0.0835663378238678,
            0.020119749009609222,
            -0.04380969703197479
        ],
        [
            0.08759782463312149,
            0.017720412462949753,
            -0.04858436807990074
        ],
        [
            0.08399786055088043,
            0.018694093450903893,
            -0.060854047536849976
        ],
        [
            0.07521012425422668,
            0.028369469568133354,
            -0.03599913418292999
        ],
        [
            0.07098035514354706,
            0.02817631885409355,
            -0.04694715514779091
        ],
        [
            0.06678324937820435,
            0.032752327620983124,
            -0.04109025374054909
        ],
        [
            0.07099354267120361,
            0.033033404499292374,
            -0.03452618047595024
        ],
        [
            0.0664263516664505,
            0.025578826665878296,
            -0.06672098487615585
        ],
        [
            0.06441938877105713,
            0.02512626349925995,
            -0.07229361683130264
        ],
        [
            0.0620153583586216,
            0.028645168989896774,
            -0.07126788794994354
        ],
        [
            0.06433109939098358,
            0.027355682104825974,
            -0.06438837200403214
        ],
        [
            0.0732574611902237,
            0.011784715577960014,
            0.03047948330640793
        ],
        [
            0.08049310743808746,
            0.018297947943210602,
            0.029602758586406708
        ],
        [
            0.04492715746164322,
            0.020957091823220253,
            -0.027025990188121796
        ],
        [
            0.04719239100813866,
            0.029382698237895966,
            -0.020101379603147507
        ],
        [
            0.040466077625751495,
            0.03323814272880554,
            -0.030691232532262802
        ],
        [
            0.038890477269887924,
            0.0225117988884449,
            -0.035814665257930756
        ],
        [
            0.06899774074554443,
            0.0019048899412155151,
            0.013186812400817871
        ],
        [
            0.06956745684146881,
            0.00270233117043972,
            0.02094830572605133
        ],
        [
            0.07963662594556808,
            0.020124871283769608,
            -0.11852501332759857
        ],
        [
            0.07861966639757156,
            0.015953995287418365,
            -0.11402873694896698
        ],
        [
            0.13393117487430573,
            0.0009004492312669754,
            -0.022317424416542053
        ],
        [
            0.14079727232456207,
            0.017857016995549202,
            -0.03519684448838234
        ],
        [
            0.12823322415351868,
            -0.007301934063434601,
            -0.010770313441753387
        ],
        [
            0.12368560582399368,
            -0.011437113396823406,
            -0.002054251730442047
        ],
        [
            0.12254572659730911,
            -0.01392878033220768,
            0.006419025361537933
        ],
        [
            0.08848345279693604,
            0.01605140045285225,
            -0.07114416360855103
        ],
        [
            0.09361399710178375,
            0.016828065738081932,
            -0.04905598610639572
        ],
        [
            0.08754120022058487,
            0.02134448103606701,
            -0.032269187271595
        ],
        [
            0.06798233091831207,
            0.04127916321158409,
            -0.019459769129753113
        ],
        [
            0.07294391840696335,
            0.04074876382946968,
            -0.010343685746192932
        ],
        [
            0.07883720099925995,
            0.0369805283844471,
            -0.0184033140540123
        ],
        [
            0.07293878495693207,
            0.0376887246966362,
            -0.02467663586139679
        ],
        [
            0.05141652375459671,
            0.03846023976802826,
            -0.01992711052298546
        ],
        [
            0.057332515716552734,
            0.04187190905213356,
            -0.024124648422002792
        ],
        [
            0.05328066274523735,
            0.04227186739444733,
            -0.031057167798280716
        ],
        [
            0.046274665743112564,
            0.039910707622766495,
            -0.02857961133122444
        ],
        [
            0.13615161180496216,
            0.02735692635178566,
            -0.05461712181568146
        ],
        [
            0.1298573911190033,
            0.008280042558908463,
            -0.05020839720964432
        ],
        [
            0.0792282223701477,
            0.02825149893760681,
            0.01620858907699585
        ],
        [
            0.08422699570655823,
            0.025456227362155914,
            0.021501362323760986
        ],
        [
            0.08735048770904541,
            0.021658990532159805,
            0.028445877134799957
        ],
        [
            0.09761261940002441,
            0.024124642834067345,
            -0.013037331402301788
        ],
        [
            0.10437732189893723,
            0.02320660650730133,
            -0.000372864305973053
        ],
        [
            0.10686446726322174,
            0.020869750529527664,
            -0.0032919123768806458
        ],
        [
            0.09869112074375153,
            0.02111031860113144,
            -0.015612132847309113
        ],
        [
            0.1062280684709549,
            0.021394791081547737,
            -0.026518210768699646
        ],
        [
            0.11187592148780823,
            0.021280452609062195,
            -0.015065498650074005
        ],
        [
            0.11116540431976318,
            0.02867826260626316,
            -0.030904222279787064
        ],
        [
            0.11252866685390472,
            0.014595492742955685,
            0.008853666484355927
        ],
        [
            0.11022669076919556,
            0.016542429104447365,
            0.01964312046766281
        ],
        [
            0.11649801582098007,
            0.01090656965970993,
            0.016709856688976288
        ],
        [
            0.10211746394634247,
            0.020434334874153137,
            0.02352442592382431
        ],
        [
            0.09408783167600632,
            0.022604886442422867,
            0.026672132313251495
        ],
        [
            0.06946925073862076,
            0.0005916450172662735,
            0.029188737273216248
        ],
        [
            0.12115529179573059,
            0.00485403835773468,
            0.013327471911907196
        ],
        [
            0.12809722125530243,
            0.041080981492996216,
            -0.03351465240120888
        ],
        [
            0.13270573318004608,
            0.04650376737117767,
            -0.03844457492232323
        ],
        [
            0.12646260857582092,
            0.045290227979421616,
            -0.04281662404537201
        ],
        [
            0.12146293371915817,
            0.03998018056154251,
            -0.03880539536476135
        ],
        [
            0.09639430791139603,
            -0.002793746069073677,
            -0.08397793024778366
        ],
        [
            0.09968427568674088,
            0.0033796103671193123,
            -0.08229656517505646
        ],
        [
            0.1042044460773468,
            0.005018613301217556,
            -0.07413433492183685
        ],
        [
            0.09094542264938354,
            0.03404846414923668,
            -0.00556163489818573
        ],
        [
            0.08178459107875824,
            0.03686957061290741,
            0.0026204586029052734
        ],
        [
            0.08846499025821686,
            0.014992887154221535,
            -0.07997661828994751
        ],
        [
            0.08363907039165497,
            0.01107585895806551,
            -0.11183670908212662
        ],
        [
            0.08902505785226822,
            0.013206477276980877,
            -0.11049697548151016
        ],
        [
            0.09196548163890839,
            0.0027248403057456017,
            -0.09673164784908295
        ],
        [
            0.08573335409164429,
            0.00023541739210486412,
            -0.09841297566890717
        ],
        [
            0.07972536981105804,
            0.014607477933168411,
            -0.08614347130060196
        ],
        [
            0.08636932820081711,
            0.015650592744350433,
            -0.08378992974758148
        ],
        [
            0.08472952246665955,
            0.016003351658582687,
            -0.08570972084999084
        ],
        [
            0.0785151943564415,
            0.016977014020085335,
            -0.08762984722852707
        ],
        [
            0.058868393301963806,
            0.03226963058114052,
            -0.06342721730470657
        ],
        [
            0.06110428646206856,
            0.031330544501543045,
            -0.057708725333213806
        ],
        [
            0.07016458362340927,
            -0.0030816756188869476,
            -0.07607905566692352
        ],
        [
            0.08028020709753036,
            -0.011479267850518227,
            -0.07925145328044891
        ],
        [
            0.08598245680332184,
            -0.011351658962666988,
            -0.06823892146348953
        ],
        [
            0.07454497367143631,
            0.024687837809324265,
            -0.049461569637060165
        ],
        [
            0.06982028484344482,
            0.025926565751433372,
            -0.05856786668300629
        ],
        [
            0.06724093854427338,
            0.02785758674144745,
            -0.05608342960476875
        ],
        [
            0.08426546305418015,
            0.017232215031981468,
            -0.07313540577888489
        ],
        [
            0.08258254081010818,
            0.01642889343202114,
            -0.08016084134578705
        ],
        [
            0.07962692528963089,
            0.017462769523262978,
            -0.07642253488302231
        ],
        [
            0.08086827397346497,
            0.018854280933737755,
            -0.06929492950439453
        ],
        [
            0.05336543917655945,
            0.026017915457487106,
            -0.008897021412849426
        ],
        [
            0.05779685825109482,
            0.036794841289520264,
            -0.008892513811588287
        ],
        [
            0.09142086654901505,
            0.023657074198126793,
            -0.11177539825439453
        ],
        [
            0.09136027097702026,
            0.02055954374372959,
            -0.10977791249752045
        ],
        [
            0.07932495325803757,
            0.02367834933102131,
            -0.039201464504003525
        ],
        [
            0.0917854830622673,
            -0.011105583980679512,
            -0.05484137311577797
        ],
        [
            0.08425053209066391,
            0.024360744282603264,
            -0.029026642441749573
        ],
        [
            0.04442758113145828,
            0.021476836875081062,
            -0.05425908416509628
        ],
        [
            0.04677922651171684,
            0.030486518517136574,
            -0.05402938276529312
        ],
        [
            0.0467822439968586,
            0.031832195818424225,
            -0.05813349038362503
        ],
        [
            0.04396494850516319,
            0.026645109057426453,
            -0.06040981411933899
        ],
        [
            0.07545417547225952,
            0.024391265586018562,
            -0.09949624538421631
        ],
        [
            0.0808638334274292,
            0.02643115632236004,
            -0.09921161085367203
        ],
        [
            0.0805535838007927,
            0.028748592361807823,
            -0.10181885957717896
        ],
        [
            0.07506328076124191,
            0.027259349822998047,
            -0.10332337766885757
        ],
        [
            0.09191744029521942,
            0.013671212829649448,
            -0.08397012203931808
        ],
        [
            0.09651921689510345,
            0.009451596066355705,
            -0.08521853387355804
        ],
        [
            0.09424567222595215,
            0.01230979897081852,
            -0.08972349762916565
        ],
        [
            0.08947041630744934,
            0.015142850577831268,
            -0.08755015581846237
        ],
        [
            0.09662606567144394,
            0.004249831195920706,
            -0.08849716186523438
        ],
        [
            0.09500260651111603,
            0.007076850160956383,
            -0.09326405078172684
        ],
        [
            0.0718749612569809,
            0.02005288377404213,
            -0.10251400619745255
        ],
        [
            0.0728713870048523,
            0.014591390267014503,
            -0.10747630894184113
        ],
        [
            0.07346828281879425,
            0.005556545220315456,
            -0.09449595212936401
        ],
        [
            0.07370083779096603,
            0.013000148348510265,
            -0.09196627885103226
        ],
        [
            0.06652616709470749,
            -0.0008036550134420395,
            -0.013321951031684875
        ],
        [
            0.0612647607922554,
            0.006907198578119278,
            -0.007282942533493042
        ],
        [
            0.05512891337275505,
            0.011144444346427917,
            -0.020585138350725174
        ],
        [
            0.04786917567253113,
            0.01475776918232441,
            -0.03356923907995224
        ],
        [
            0.042680077254772186,
            0.018366126343607903,
            -0.04635792225599289
        ],
        [
            0.046727631241083145,
            0.008792528882622719,
            -0.05292002111673355
        ],
        [
            0.052582789212465286,
            0.01669953390955925,
            -0.01510901004076004
        ],
        [
            0.07307875901460648,
            0.00895671546459198,
            -0.08413370698690414
        ],
        [
            0.07400769740343094,
            -2.888590097427368e-05,
            -0.08500821888446808
        ],
        [
            0.07046984881162643,
            0.0032108034938573837,
            -0.08215775340795517
        ],
        [
            0.08036911487579346,
            0.029813522472977638,
            -0.025759920477867126
        ],
        [
            0.09182586520910263,
            0.016725316643714905,
            -0.10770425200462341
        ],
        [
            0.10292939841747284,
            -0.0211957935243845,
            0.0008527413010597229
        ],
        [
            0.09042524546384811,
            -0.018809152767062187,
            0.005613043904304504
        ],
        [
            0.0900372564792633,
            -0.017498446628451347,
            -0.003132440149784088
        ],
        [
            0.1046263575553894,
            -0.019313009455800056,
            -0.00889415293931961
        ],
        [
            0.08746949583292007,
            0.025163406506180763,
            -0.10094306617975235
        ],
        [
            0.09178751707077026,
            0.021623820066452026,
            -0.10378004610538483
        ],
        [
            0.05721139535307884,
            0.03551439195871353,
            -0.054669804871082306
        ],
        [
            0.055354196578264236,
            0.035289257764816284,
            -0.06001301109790802
        ],
        [
            0.05153661221265793,
            0.03609904646873474,
            -0.05856286361813545
        ],
        [
            0.053244151175022125,
            0.03912653774023056,
            -0.05385499447584152
        ],
        [
            0.059850163757801056,
            0.0110017079859972,
            -0.0031875744462013245
        ],
        [
            0.039430953562259674,
            0.03906819224357605,
            -0.037000540643930435
        ],
        [
            0.0374012291431427,
            0.028717342764139175,
            -0.04231877997517586
        ],
        [
            0.06672937422990799,
            0.002895316109061241,
            0.00398891419172287
        ],
        [
            0.07088769972324371,
            -0.004351306706666946,
            -0.0010351091623306274
        ],
        [
            0.0735948383808136,
            -0.0065720658749341965,
            0.008064478635787964
        ],
        [
            0.05419297143816948,
            0.005915781483054161,
            -0.0658969134092331
        ],
        [
            0.07025133073329926,
            -0.005336480215191841,
            -0.019669845700263977
        ],
        [
            0.07491958886384964,
            -0.0082539152354002,
            -0.00620974600315094
        ],
        [
            0.07832314819097519,
            -0.011098241433501244,
            0.004419997334480286
        ],
        [
            0.07986902445554733,
            -0.013247156515717506,
            0.01232454925775528
        ],
        [
            0.07462558150291443,
            -0.007933851331472397,
            0.015510648488998413
        ],
        [
            0.07763911038637161,
            0.012153644114732742,
            -0.1103556901216507
        ],
        [
            0.07278554141521454,
            0.019065480679273605,
            -0.1118396669626236
        ],
        [
            0.07453308999538422,
            -0.010605152696371078,
            0.024181745946407318
        ],
        [
            0.08092643320560455,
            -0.015969205647706985,
            0.020203538239002228
        ],
        [
            0.08093780279159546,
            -0.01245393417775631,
            -0.011739857494831085
        ],
        [
            0.08966140449047089,
            -0.016230473294854164,
            -0.018907301127910614
        ],
        [
            0.07630239427089691,
            -0.009256862103939056,
            -0.024559881538152695
        ],
        [
            0.084292933344841,
            -0.012904008850455284,
            -0.03246218338608742
        ],
        [
            0.05880517512559891,
            -0.003905201330780983,
            -0.06847521662712097
        ],
        [
            0.07495290040969849,
            0.03626112639904022,
            -0.12043669819831848
        ],
        [
            0.07213278114795685,
            0.02768336795270443,
            -0.11306914687156677
        ],
        [
            0.07452353090047836,
            0.030310451984405518,
            -0.10846422612667084
        ],
        [
            0.07488007843494415,
            0.0379810556769371,
            -0.11646439880132675
        ],
        [
            0.07192382216453552,
            0.02381959557533264,
            -0.10687039792537689
        ],
        [
            0.0739118680357933,
            0.023458052426576614,
            -0.11648756265640259
        ],
        [
            0.09827087819576263,
            -0.012998364865779877,
            -0.04082769155502319
        ],
        [
            0.07736700028181076,
            0.016607671976089478,
            -0.08268635720014572
        ],
        [
            0.10751429200172424,
            -0.015116069465875626,
            -0.02683204412460327
        ],
        [
            0.11282362788915634,
            -0.006823532283306122,
            -0.05237826332449913
        ],
        [
            0.12050110846757889,
            -0.006573352962732315,
            -0.04140990972518921
        ],
        [
            0.11814408004283905,
            -0.01677088439464569,
            -0.012166760861873627
        ],
        [
            0.12656167149543762,
            -0.009414628148078918,
            -0.026326410472393036
        ],
        [
            0.11416515707969666,
            -0.020407486706972122,
            0.006324373185634613
        ],
        [
            0.11437027156352997,
            -0.018978644162416458,
            -0.0027648955583572388
        ],
        [
            0.13433738052845,
