{
    "pred_cam": [
        7.888792037963867,
        0.13901442289352417,
        0.0037274248898029327
    ],
    "pred_mano_params": {
        "global_orient": [
            [
                [
                    -0.9125021696090698,
                    0.28452467918395996,
                    -0.2939142882823944
                ],
                [
                    0.26078853011131287,
                    -0.1489379107952118,
                    -0.9538379907608032
                ],
                [
                    -0.3151654005050659,
                    -0.947028636932373,
                    0.061705395579338074
                ]
            ]
        ],
        "hand_pose": [
            [
                [
                    0.9609932899475098,
                    -0.045712824910879135,
                    -0.27276772260665894
                ],
                [
                    0.06745236366987228,
                    0.9952031373977661,
                    0.07085779309272766
                ],
                [
                    0.2682202160358429,
                    -0.08649268746376038,
                    0.9594669938087463
                ]
            ],
            [
                [
                    0.25563284754753113,
                    -0.9196798205375671,
                    0.29806163907051086
                ],
                [
                    0.9664494395256042,
                    0.2510853409767151,
                    -0.05414368584752083
                ],
                [
                    -0.025044040754437447,
                    0.3019024431705475,
                    0.9530097246170044
                ]
            ],
            [
                [
                    0.8847686052322388,
                    -0.4370662569999695,
                    0.1617329865694046
                ],
                [
                    0.41668692231178284,
                    0.8973379135131836,
                    0.14545342326164246
                ],
                [
                    -0.20870192348957062,
                    -0.0613006129860878,
                    0.9760562181472778
                ]
            ],
            [
                [
                    0.893823504447937,
                    -0.4426317811012268,
                    0.07181095331907272
                ],
                [
                    0.42137184739112854,
                    0.8838470578193665,
                    0.20312632620334625
                ],
                [
                    -0.15338003635406494,
                    -0.15129993855953217,
                    0.9765158295631409
                ]
            ],
            [
                [
                    0.37720808386802673,
                    -0.8887641429901123,
                    -0.2604082226753235
                ],
                [
                    0.925297737121582,
                    0.34975728392601013,
                    0.14660833775997162
                ],
                [
                    -0.03922055661678314,
                    -0.296256959438324,
                    0.9543026685714722
                ]
            ],
            [
                [
                    0.9598857164382935,
                    -0.27860262989997864,
                    0.031621962785720825
                ],
                [
                    0.27994900941848755,
                    0.9585900902748108,
                    -0.052283115684986115
                ],
                [
                    -0.015746284276247025,
                    0.05903835594654083,
                    0.9981314539909363
                ]
            ],
            [
                [
                    0.9079700112342834,
                    -0.40217944979667664,
                    0.11765308678150177
                ],
                [
                    0.3988383412361145,
                    0.915560781955719,
                    0.051733482629060745
                ],
                [
                    -0.12852472066879272,
                    -4.789027661900036e-05,
                    0.9917063117027283
                ]
            ],
            [
                [
                    0.8682847619056702,
                    -0.4959314167499542,
                    0.011555864475667477
                ],
                [
                    0.41787752509117126,
                    0.7437829971313477,
                    0.521694540977478
                ],
                [
                    -0.26731976866722107,
                    -0.44815051555633545,
                    0.8530540466308594
                ]
            ],
            [
                [
                    0.9575154185295105,
                    -0.26509109139442444,
                    0.11353840678930283
                ],
                [
                    0.23344704508781433,
                    0.9436632990837097,
                    0.23452500998973846
                ],
                [
                    -0.1693125218153,
                    -0.19805610179901123,
                    0.9654569029808044
                ]
            ],
            [
                [
                    0.8652525544166565,
                    -0.49580511450767517,
                    0.07426565885543823
                ],
                [
                    0.4949495792388916,
                    0.8683751821517944,
                    0.03081362694501877
                ],
                [
                    -0.07976800203323364,
                    0.010096192359924316,
                    0.9967623949050903
                ]
            ],
            [
                [
                    0.6625517010688782,
                    -0.7364844679832458,
                    -0.13643959164619446
                ],
                [
                    0.6597578525543213,
                    0.487594336271286,
                    0.5718140006065369
                ],
                [
                    -0.3546050190925598,
                    -0.468873530626297,
                    0.8089578747749329
                ]
            ],
            [
                [
                    0.9447773694992065,
                    -0.32766658067703247,
                    0.005511326715350151
                ],
                [
                    0.32743585109710693,
                    0.9431536793708801,
                    -0.05698227882385254
                ],
                [
                    0.01347315963357687,
                    0.055640172213315964,
                    0.9983600378036499
                ]
            ],
            [
                [
                    0.9702543020248413,
                    0.008770082145929337,
                    0.24192899465560913
                ],
                [
                    0.20883336663246155,
                    0.47517481446266174,
                    -0.8547499775886536
                ],
                [
                    -0.12245479226112366,
                    0.8798477053642273,
                    0.4592089354991913
                ]
            ],
            [
                [
                    0.9484831094741821,
                    -0.2616026997566223,
                    -0.17872834205627441
                ],
                [
                    0.31549257040023804,
                    0.831591010093689,
                    0.45707863569259644
                ],
                [
                    0.029055876657366753,
                    -0.4899187982082367,
                    0.8712837100028992
                ]
            ],
            [
                [
                    0.8116501569747925,
                    -0.5814939141273499,
                    -0.05557611957192421
                ],
                [
                    0.5293340682983398,
                    0.7723938226699829,
                    -0.3510173559188843
                ],
                [
                    0.24704112112522125,
                    0.25548499822616577,
                    0.9347180724143982
                ]
            ]
        ],
        "betas": [
            -0.000286981463432312,
            -0.06117904186248779,
            -0.030667543411254883,
            -0.021670907735824585,
            0.07228738069534302,
            0.03428849205374718,
            0.08126817643642426,
            0.0014072060585021973,
            0.02669169008731842,
            -0.028030335903167725
        ]
    },
    "pred_cam_t": [
        -0.13901442289352417,
        0.0037274248898029327,
        4.951645374298096
    ],
    "focal_length": [
        5000.0,
        5000.0
    ],
    "pred_keypoints_3d": [
        [
            0.09576442092657089,
            0.006382175721228123,
            0.006204189732670784
        ],
        [
            0.10578203946352005,
            -0.022220775485038757,
            0.029997026547789574
        ],
        [
            0.1070292666554451,
            -0.03551481291651726,
            0.05770939588546753
        ],
        [
            0.11648320406675339,
            -0.04224460572004318,
            0.08219581842422485
        ],
        [
            0.11777422577142715,
            -0.03577525541186333,
            0.11554870009422302
        ],
        [
            0.1686670482158661,
            -0.03550592064857483,
            0.040203407406806946
        ],
        [
            0.20068448781967163,
            -0.03752048686146736,
            0.04811129719018936
        ],
        [
            0.19726181030273438,
            -0.03580800071358681,
            0.06999541819095612
        ],
        [
            0.18439292907714844,
            -0.03607634827494621,
            0.09095750004053116
        ],
        [
            0.18277572095394135,
            -0.014866474084556103,
            0.037269920110702515
        ],
        [
            0.2059929370880127,
            -0.019673364236950874,
            0.058373600244522095
        ],
        [
            0.1953841745853424,
            -0.017088303342461586,
            0.07895350456237793
        ],
        [
            0.18170149624347687,
            -0.015128174796700478,
            0.10078014433383942
        ],
        [
            0.1771615743637085,
            0.011059095151722431,
            0.03406783193349838
        ],
        [
            0.1981344223022461,
            0.008774956688284874,
            0.053802791982889175
        ],
        [
            0.19099381566047668,
            0.008509775623679161,
            0.07754920423030853
        ],
        [
            0.1816129833459854,
            0.007467307150363922,
            0.10123269259929657
        ],
        [
            0.16849616169929504,
            0.031089607626199722,
            0.03464074432849884
        ],
        [
            0.18487690389156342,
            0.037516817450523376,
            0.046354029327631
        ],
        [
            0.187813863158226,
            0.04040752723813057,
            0.06487002223730087
        ],
        [
            0.1870051622390747,
            0.03928395360708237,
            0.08397574722766876
        ]
    ],
    "pred_vertices": [
        [
            0.13148283958435059,
            -0.020514143630862236,
            0.04055333137512207
        ],
        [
            0.1222849115729332,
            -0.017175305634737015,
            0.03922678530216217
        ],
        [
            0.12324567139148712,
            -0.02299882471561432,
            0.04780406504869461
        ],
        [
            0.13276667892932892,
            -0.027821119874715805,
            0.04719654470682144
        ],
        [
            0.10257048904895782,
            -0.012516677379608154,
            0.046697475016117096
        ],
        [
            0.0921005979180336,
            -0.017726078629493713,
            0.04415099322795868
        ],
        [
            0.0965677797794342,
            -0.02453000843524933,
            0.05723787099123001
        ],
        [
            0.1042109876871109,
            -0.018433846533298492,
            0.05838687717914581
        ],
        [
            0.13351307809352875,
            -0.03399764746427536,
            0.05178416520357132
        ],
        [
            0.12376473098993301,
            -0.02732263319194317,
            0.05477086454629898
        ],
        [
            0.13142888247966766,
            -0.0377965047955513,
            0.051932599395513535
        ],
        [
            0.14353223145008087,
            -0.04434435814619064,
            0.0419527068734169
        ],
        [
            0.14329776167869568,
            -0.03924785181879997,
            0.04598797857761383
        ],
        [
            0.15294817090034485,
            -0.04581320285797119,
            0.03815655782818794
        ],
        [
            0.13988175988197327,
            -0.045548491179943085,
            0.03147489205002785
        ],
        [
            0.1558476686477661,
            -0.043773993849754333,
            0.02909839153289795
        ],
        [
            0.1465541124343872,
            -0.021993521600961685,
            0.00994449108839035
        ],
        [
            0.14740455150604248,
            -0.00841533113270998,
            0.0069323256611824036
        ],
        [
            0.16308116912841797,
            -0.01066618598997593,
            0.012743407860398293
        ],
        [
            0.1603093445301056,
            -0.02392464317381382,
            0.015945278108119965
        ],
        [
            0.15725460648536682,
            0.009224137291312218,
            0.011829104274511337
        ],
        [
            0.16150008141994476,
            -0.0017391531728208065,
            0.012447573244571686
        ],
        [
            0.14612355828285217,
            0.0003978312015533447,
            0.005492568016052246
        ],
        [
            0.14314350485801697,
            0.010220632888376713,
            0.005425017327070236
        ],
        [
            0.12862087786197662,
            -0.0051642004400491714,
            0.03296490013599396
        ],
        [
            0.11926999688148499,
            -0.0021320953965187073,
            0.03053353913128376
        ],
        [
            0.12087592482566833,
            -0.008541664108633995,
            0.032193414866924286
        ],
        [
            0.12913791835308075,
            -0.010979529470205307,
            0.03472284972667694
        ],
        [
            0.12062300741672516,
            -0.04339882731437683,
            0.05732706934213638
        ],
        [
            0.1214287132024765,
            -0.045958273112773895,
            0.04255347698926926
        ],
        [
            0.12839137017726898,
            -0.04335677996277809,
            0.046128109097480774
        ],
        [
            0.12261790037155151,
            -0.039103053510189056,
            0.06017027795314789
        ],
        [
            0.09465138614177704,
            0.015033536590635777,
            0.028687341138720512
        ],
        [
            0.08479339629411697,
            0.015016580000519753,
            0.01942930929362774
        ],
        [
            0.08402767777442932,
            0.009168801829218864,
            0.019338153302669525
        ],
        [
            0.09369103610515594,
            0.010310199111700058,
            0.027298729866743088
        ],
        [
            0.08554529398679733,
            -0.009861856698989868,
            0.0268283449113369
        ],
        [
            0.0804213359951973,
            -0.008122876286506653,
            0.018473591655492783
        ],
        [
            0.07560469955205917,
            -0.017312929034233093,
            0.009830158203840256
        ],
        [
            0.08122927695512772,
            -0.021668951958417892,
            0.01655006781220436
        ],
        [
            0.08987870812416077,
            -0.013567008078098297,
            0.03563614934682846
        ],
        [
            0.08463192731142044,
            -0.02409348264336586,
            0.02801424078643322
        ],
        [
            0.08775772154331207,
            -0.026833616197109222,
            0.0383918471634388
        ],
        [
            0.09330008924007416,
            -0.03250570967793465,
            0.05336886644363403
        ],
        [
            0.08761446923017502,
            0.02719513699412346,
            0.016491249203681946
        ],
        [
            0.09493959695100784,
            0.02904500439763069,
            0.023302851244807243
        ],
        [
            0.18830126523971558,
            -0.040964189916849136,
            0.055779874324798584
        ],
        [
            0.18835127353668213,
            -0.034823790192604065,
            0.056829631328582764
        ],
        [
            0.18822477757930756,
            -0.0347236767411232,
            0.056405648589134216
        ],
        [
            0.18837544322013855,
            -0.04064427316188812,
            0.05557067692279816
        ],
        [
            0.10152878612279892,
            0.03542356565594673,
            0.004387557506561279
        ],
        [
            0.10544662922620773,
            0.03274589404463768,
            -0.004532571882009506
        ],
        [
            0.09859909862279892,
            0.03495318070054054,
            -0.005764637142419815
        ],
        [
            0.09420774132013321,
            0.035677362233400345,
            0.0025420673191547394
        ],
        [
            0.11116199195384979,
            0.03494647890329361,
            0.006963375955820084
        ],
        [
            0.11465509980916977,
            0.02927425503730774,
            -0.0021628476679325104
        ],
        [
            0.20013664662837982,
            -0.04486880451440811,
            0.05234241485595703
        ],
        [
            0.1953486204147339,
            -0.04618716612458229,
            0.054144300520420074
        ],
        [
            0.1953783631324768,
            -0.046107057482004166,
            0.050700947642326355
        ],
        [
            0.19934727251529694,
            -0.04404853656888008,
            0.047611936926841736
        ],
        [
            0.14193467795848846,
            -0.03200240433216095,
            0.04599427804350853
        ],
        [
            0.1401827186346054,
            -0.02300737053155899,
            0.04289383813738823
        ],
        [
            0.1611795723438263,
            -0.034983571618795395,
            0.049003180116415024
        ],
        [
            0.15259656310081482,
            -0.028799574822187424,
            0.045422252267599106
        ],
        [
            0.15072320401668549,
            -0.036090172827243805,
            0.04552985727787018
        ],
        [
            0.15864892303943634,
            -0.04056927561759949,
            0.04665742069482803
        ],
        [
            0.15055721998214722,
            -0.0057253120467066765,
            0.038832515478134155
        ],
        [
            0.13956260681152344,
            -0.00394287146627903,
            0.03503148630261421
        ],
        [
            0.14061908423900604,
            -0.010434262454509735,
            0.03658156469464302
        ],
        [
            0.15211735665798187,
            -0.01380262803286314,
            0.04156267270445824
        ],
        [
            0.13869711756706238,
            0.010200132615864277,
            0.03543088212609291
        ],
        [
            0.1497681438922882,
            0.007240861654281616,
            0.03876223415136337
        ],
        [
            0.14808389544487,
            0.015616088174283504,
            0.0386824756860733
        ],
        [
            0.14013385772705078,
            0.016344105824828148,
            0.03721392899751663
        ],
        [
            0.16845452785491943,
            -0.0008431598544120789,
            0.0439249686896801
        ],
        [
            0.17572526633739471,
            -0.003066667355597019,
            0.045653149485588074
        ],
        [
            0.1761060357093811,
            0.00014684093184769154,
            0.04521744325757027
        ],
        [
            0.16811975836753845,
            0.0026259906589984894,
            0.043037984520196915
        ],
        [
            0.09205590188503265,
            0.03652539476752281,
            -0.008010085672140121
        ],
        [
            0.08726994693279266,
            0.034987784922122955,
            0.00045122578740119934
        ],
        [
            0.1510239839553833,
            0.0296523068100214,
            0.014781530946493149
        ],
        [
            0.14432641863822937,
            0.03691171109676361,
            0.01993812434375286
        ],
        [
            0.15575823187828064,
            0.038240596652030945,
            0.024758704006671906
        ],
        [
            0.16006828844547272,
            0.030127646401524544,
            0.017826685681939125
        ],
        [
            0.10867229849100113,
            0.02476997673511505,
            -0.010369546711444855
        ],
        [
            0.10245618224143982,
            0.028900425881147385,
            -0.012835528701543808
        ],
        [
            0.20400339365005493,
            -0.03986944258213043,
            0.05095534026622772
        ],
        [
            0.2030925154685974,
            -0.0390181802213192,
            0.046075496822595596
        ],
        [
            0.09066417813301086,
            -0.03520330786705017,
            0.02768595889210701
        ],
        [
            0.09565647691488266,
            -0.0402517169713974,
            0.04752074554562569
        ],
        [
            0.0868036150932312,
            -0.029913296923041344,
            0.014240104705095291
        ],
        [
            0.08403586596250534,
            -0.025208044797182083,
            0.005405530333518982
        ],
        [
            0.07898172736167908,
            -0.02199379913508892,
            -0.0006877146661281586
        ],
        [
            0.1572258174419403,
            -0.023767435923218727,
            0.04629063978791237
        ],
        [
            0.13700932264328003,
            -0.0152817964553833,
            0.038157299160957336
        ],
        [
            0.12820225954055786,
            8.535012602806091e-05,
            0.03233154118061066
        ],
        [
            0.13007842004299164,
            0.03056376799941063,
            0.036453284323215485
        ],
        [
            0.11984767019748688,
            0.031689323484897614,
            0.03366602212190628
        ],
        [
            0.1223568394780159,
            0.021680595353245735,
            0.03611544519662857
        ],
        [
            0.13103559613227844,
            0.022713985294103622,
            0.03742673248052597
        ],
        [
            0.14118756353855133,
            0.03937889263033867,
            0.028907272964715958
        ],
        [
            0.14078955352306366,
            0.0353206992149353,
            0.03573215752840042
        ],
        [
            0.14983105659484863,
            0.034816935658454895,
            0.038168128579854965
        ],
        [
            0.15125124156475067,
            0.03928912803530693,
            0.03234546631574631
        ],
        [
            0.11460258066654205,
            -0.04809651896357536,
            0.05730707198381424
        ],
        [
            0.11404438316822052,
            -0.047720763832330704,
            0.040630899369716644
        ],
        [
            0.09707757830619812,
            0.03440069034695625,
            0.013947280123829842
        ],
        [
            0.09009566903114319,
            0.03234114125370979,
            0.011196987703442574
        ],
        [
            0.0832381471991539,
            0.03178228810429573,
            0.0062624067068099976
        ],
        [
            0.10688836872577667,
            0.0052338819950819016,
            0.029979735612869263
        ],
        [
            0.09310851991176605,
            0.00702442042529583,
            0.02635796181857586
        ],
        [
            0.09374858438968658,
            0.0027922652661800385,
            0.026908548548817635
        ],
        [
            0.10827285796403885,
            0.001608220860362053,
            0.029106605798006058
        ],
        [
            0.11311478912830353,
            -0.010675806552171707,
            0.038107920438051224
        ],
        [
            0.10053873807191849,
            -0.0069434866309165955,
            0.03604830801486969
        ],
        [
            0.11426076292991638,
            -0.014987114816904068,
            0.048344939947128296
        ],
        [
            0.08153939247131348,
            0.001598326489329338,
            0.01837177947163582
        ],
        [
            0.07498309016227722,
            0.009509982541203499,
            0.014339014887809753
        ],
        [
            0.07342970371246338,
            0.000817369669675827,
            0.013338377699255943
        ],
        [
            0.07716596126556396,
            0.018956637009978294,
            0.012832971289753914
        ],
        [
            0.07997216284275055,
            0.027034441009163857,
            0.010280877351760864
        ],
        [
            0.09656274318695068,
            0.03203261271119118,
            -0.018153972923755646
        ],
        [
            0.0733732059597969,
            -0.007324278354644775,
            0.011498086154460907
        ],
        [
            0.10604218393564224,
            -0.024025943130254745,
            0.06523027271032333
        ],
        [
            0.10750390589237213,
            -0.028777912259101868,
            0.07094023376703262
        ],
        [
            0.11483168601989746,
            -0.027979359030723572,
            0.06868555396795273
        ],
        [
            0.11421383917331696,
            -0.024236049503087997,
            0.06338003277778625
        ],
        [
            0.1638205349445343,
            -0.04675693064928055,
            0.03630058094859123
        ],
        [
            0.16087713837623596,
            -0.045332107692956924,
            0.04313783347606659
        ],
        [
            0.14991983771324158,
            -0.04297900199890137,
            0.04325219616293907
        ],
        [
            0.10495905578136444,
            0.018794460222125053,
            0.03242459520697594
        ],
        [
            0.10468463599681854,
            0.030512560158967972,
            0.027867693454027176
        ],
        [
            0.16596542298793793,
            -0.030144039541482925,
            0.04939018189907074
        ],
        [
            0.1973392814397812,
            -0.04419083520770073,
            0.043882329016923904
        ],
        [
            0.1936034858226776,
            -0.0468609556555748,
            0.047916658222675323
        ],
        [
            0.18020780384540558,
            -0.04675191268324852,
            0.039929330348968506
        ],
        [
            0.18393123149871826,
            -0.04374872148036957,
            0.03501370549201965
        ],
        [
            0.1765732616186142,
            -0.027590565383434296,
            0.04588502272963524
        ],
        [
            0.17205582559108734,
            -0.031001610681414604,
            0.04945719987154007
        ],
        [
            0.17528411746025085,
            -0.030630003660917282,
            0.0488990880548954
        ],
        [
            0.17980985343456268,
            -0.02629726752638817,
            0.04691912606358528
        ],
        [
            0.1725960224866867,
            0.008802208118140697,
            0.043722718954086304
        ],
        [
            0.1657918244600296,
            0.010899700224399567,
            0.0421719029545784
        ],
        [
            0.17315183579921722,
            -0.02419782616198063,
            0.02440590411424637
        ],
        [
            0.16824911534786224,
            -0.03687035292387009,
            0.022648075595498085
        ],
        [
            0.15764082968235016,
            -0.0358097217977047,
            0.02021251618862152
        ],
        [
            0.14946335554122925,
            0.0016326392069458961,
            0.038129474967718124
        ],
        [
            0.15946535766124725,
            0.0008823759853839874,
            0.04155696928501129
        ],
        [
            0.15939077734947205,
            0.005013041198253632,
            0.041167039424180984
        ],
        [
            0.16153892874717712,
            -0.021354399621486664,
            0.046435970813035965
        ],
        [
            0.16893374919891357,
            -0.02493072859942913,
            0.04816889017820358
        ],
        [
            0.16712428629398346,
            -0.01945553719997406,
            0.04578324407339096
        ],
        [
            0.16061227023601532,
            -0.01595131680369377,
            0.044304583221673965
        ],
        [
            0.13265284895896912,
            0.036750469356775284,
            0.014091648161411285
        ],
        [
            0.12895599007606506,
            0.04000353813171387,
            0.02459854446351528
        ],
        [
            0.1909427046775818,
            -0.04493632912635803,
            0.05513541400432587
        ],
        [
            0.19115576148033142,
            -0.04489634186029434,
            0.05369763821363449
        ],
        [
            0.13869312405586243,
            0.0032255928963422775,
            0.03442392125725746
        ],
        [
            0.14439713954925537,
            -0.03304177150130272,
            0.01617608778178692
        ],
        [
            0.12773773074150085,
            0.005623719654977322,
            0.032179150730371475
        ],
        [
            0.17319966852664948,
            0.01730245351791382,
            0.025204621255397797
        ],
        [
            0.1731703132390976,
            0.02114425227046013,
            0.0319245308637619
        ],
        [
            0.17763511836528778,
            0.018666652962565422,
            0.03552638366818428
        ],
        [
            0.1803213208913803,
            0.01636289805173874,
            0.03078187257051468
        ],
        [
            0.19165770709514618,
            -0.025560541078448296,
            0.05137553811073303
        ],
        [
            0.18933311104774475,
            -0.028933102265000343,
            0.05564148724079132
        ],
        [
            0.19017422199249268,
            -0.028807811439037323,
            0.05512341111898422
        ],
        [
            0.19437716901302338,
            -0.02552117221057415,
            0.0523190051317215
        ],
        [
            0.1695166677236557,
            -0.036282978951931,
            0.04975179210305214
        ],
        [
            0.16749735176563263,
            -0.0421360619366169,
            0.04768682271242142
        ],
        [
            0.17429791390895844,
            -0.04151885211467743,
            0.04931590333580971
        ],
        [
            0.1748039573431015,
            -0.035655245184898376,
            0.04996701329946518
        ],
        [
            0.17029646039009094,
            -0.04602517560124397,
            0.042931511998176575
        ],
        [
            0.17643268406391144,
            -0.04575018957257271,
            0.04495147243142128
        ],
        [
            0.1957705169916153,
            -0.02581007219851017,
            0.046142611652612686
        ],
        [
            0.19975176453590393,
            -0.03159017115831375,
            0.04233776777982712
        ],
        [
            0.18648488819599152,
            -0.029966803267598152,
            0.03433116897940636
        ],
        [
            0.18495504558086395,
            -0.025939904153347015,
            0.04095523804426193
        ],
        [
            0.13001248240470886,
            0.011097101494669914,
            -0.0018746033310890198
        ],
        [
            0.1282886564731598,
            0.02196328714489937,
            -2.8800219297409058e-05
        ],
        [
            0.14132316410541534,
            0.021401297301054,
            0.007210176438093185
        ],
        [
            0.1544320434331894,
            0.02136288955807686,
            0.013265283778309822
        ],
        [
            0.16642718017101288,
            0.02038378268480301,
            0.02008063532412052
        ],
        [
            0.16973792016506195,
            0.009214432910084724,
            0.016226856037974358
        ],
        [
            0.13850295543670654,
            0.02891719341278076,
            0.00854363664984703
        ],
        [
            0.17756731808185577,
            -0.024226712062954903,
            0.03664810582995415
        ],
        [
            0.17700853943824768,
            -0.02940111793577671,
            0.02981521748006344
        ],
        [
            0.17752674221992493,
            -0.023985208943486214,
            0.029992245137691498
        ],
        [
            0.12744350731372833,
            0.01288517564535141,
            0.03387622907757759
        ],
        [
            0.19023461639881134,
            -0.04610856622457504,
            0.05223454535007477
        ],
        [
            0.0970066487789154,
            -0.01652028225362301,
            -0.011583127081394196
        ],
        [
            0.10180538892745972,
            -0.004778072237968445,
            -0.01622309908270836
        ],
        [
            0.10840562731027603,
            -0.008302126079797745,
            -0.011543098837137222
        ],
        [
            0.10272258520126343,
            -0.02142178639769554,
            -0.005385030061006546
        ],
        [
            0.18785293400287628,
            -0.03574298322200775,
            0.05777607858181
        ],
        [
            0.18763121962547302,
            -0.04198334366083145,
            0.05626454949378967
        ],
        [
            0.16727599501609802,
            0.017552843317389488,
            0.04230323061347008
        ],
        [
            0.1731524020433426,
            0.01465875655412674,
            0.04315968602895737
        ],
        [
            0.17563065886497498,
            0.01737714558839798,
            0.041713908314704895
        ],
        [
            0.17106600105762482,
            0.02253042906522751,
            0.04246462881565094
        ],
        [
            0.12580230832099915,
            0.027240734547376633,
            0.0010912306606769562
        ],
        [
            0.16274601221084595,
            0.039052583277225494,
            0.02817497029900551
        ],
        [
            0.16653555631637573,
            0.032038699835538864,
            0.021889643743634224
        ],
        [
            0.11686723679304123,
            0.022027548402547836,
            -0.0063875578343868256
        ],
        [
            0.11849120259284973,
            0.012634266167879105,
            -0.008654262870550156
        ],
        [
            0.11017785221338272,
            0.014339160174131393,
            -0.013455096632242203
        ],
        [
            0.17604468762874603,
            -0.0037824749015271664,
            0.02136370725929737
        ],
        [
            0.13272058963775635,
            0.0028353119269013405,
            -0.0015206634998321533
        ],
        [
            0.12000200152397156,
            0.005115838721394539,
            -0.008134398609399796
        ],
        [
            0.11012980341911316,
            0.00679368432611227,
            -0.013856813311576843
        ],
        [
            0.1034141406416893,
            0.00868937000632286,
            -0.018457021564245224
        ],
        [
            0.10408409684896469,
            0.01677093841135502,
            -0.017422713339328766
        ],
        [
            0.19952580332756042,
            -0.03823664411902428,
            0.04213332384824753
        ],
        [
            0.20419377088546753,
            -0.03157328441739082,
            0.046644438058137894
        ],
        [
            0.09790488332509995,
            0.019827939569950104,
            -0.023403562605381012
        ],
        [
            0.09706301242113113,
            0.010570012964308262,
            -0.023727402091026306
        ],
        [
            0.12047179043292999,
            -0.004028797149658203,
            -0.006961841136217117
        ],
        [
            0.12006339430809021,
            -0.01545630767941475,
            -0.003931961953639984
        ],
        [
            0.13268670439720154,
            -0.005821895785629749,
            -0.00037094950675964355
        ],
        [
            0.13344253599643707,
            -0.017169687896966934,
            0.0028996430337429047
        ],
        [
            0.17468532919883728,
            -0.013238109648227692,
            0.016740990802645683
        ],
        [
            0.20285935699939728,
            -0.02960338443517685,
            0.06503157317638397
        ],
        [
            0.20186732709407806,
            -0.027408167719841003,
            0.05428263545036316
        ],
        [
            0.1960841566324234,
            -0.026384662836790085,
            0.05535753816366196
        ],
        [
            0.1990925371646881,
            -0.027438294142484665,
            0.06521502882242203
        ],
        [
            0.1993170976638794,
            -0.02617490105330944,
            0.04934988170862198
        ],
        [
            0.20490027964115143,
            -0.03222367540001869,
            0.052069101482629776
        ],
        [
            0.12982560694217682,
            -0.030911702662706375,
            0.010732877999544144
        ],
        [
            0.17376568913459778,
            -0.02207842655479908,
            0.04562177509069443
        ],
        [
            0.11313401162624359,
            -0.030277177691459656,
            0.006142880767583847
        ],
        [
            0.12782487273216248,
            -0.04437136650085449,
            0.024572841823101044
        ],
        [
            0.11421556025743484,
            -0.04269202798604965,
            0.02300100401043892
        ],
        [
            0.09532103687524796,
            -0.029770422726869583,
            0.0027660541236400604
        ],
        [
            0.09897071868181229,
            -0.03871464356780052,
            0.017153244465589523
        ],
        [
            0.08535110205411911,
            -0.02045593596994877,
            -0.009168021380901337
        ],
        [
            0.09155397117137909,
            -0.024141687899827957,
            -0.004139427095651627
        ],
        [
            0.10158945620059967,
            -0.04428727179765701,
            0.03424113988876343
        ],
        [
