{
    "pred_cam": [
        8.46151351928711,
        -0.14947938919067383,
        -0.06827415525913239
    ],
    "pred_mano_params": {
        "global_orient": [
            [
                [
                    -0.38390764594078064,
                    -0.5051905512809753,
                    0.7729149460792542
                ],
                [
                    -0.7244190573692322,
                    -0.35425877571105957,
                    -0.5913694500923157
                ],
                [
                    0.5725662112236023,
                    -0.7869455218315125,
                    -0.22996699810028076
                ]
            ]
        ],
        "hand_pose": [
            [
                [
                    0.7007411122322083,
                    -0.6823715567588806,
                    -0.20816102623939514
                ],
                [
                    0.667810320854187,
                    0.7300515174865723,
                    -0.14510050415992737
                ],
                [
                    0.2509807348251343,
                    -0.037334196269512177,
                    0.9672718644142151
                ]
            ],
            [
                [
                    0.9756768345832825,
                    0.20126236975193024,
                    0.08688045293092728
                ],
                [
                    -0.18506138026714325,
                    0.9686596393585205,
                    -0.16568312048912048
                ],
                [
                    -0.11750335246324539,
                    0.14557495713233948,
                    0.9823446869850159
                ]
            ],
            [
                [
                    0.7683674693107605,
                    -0.6228708028793335,
                    0.14711707830429077
                ],
                [
                    0.6354612112045288,
                    0.7151246070861816,
                    -0.29117998480796814
                ],
                [
                    0.07616045325994492,
                    0.31722044944763184,
                    0.9452887177467346
                ]
            ],
            [
                [
                    0.7749748826026917,
                    -0.6010683178901672,
                    -0.1952710598707199
                ],
                [
                    0.6065927147865295,
                    0.7941470742225647,
                    -0.037089914083480835
                ],
                [
                    0.17736753821372986,
                    -0.08970624953508377,
                    0.9800477027893066
                ]
            ],
            [
                [
                    0.9407207369804382,
                    -0.33827143907546997,
                    -0.024840092286467552
                ],
                [
                    0.3235054910182953,
                    0.8728244304656982,
                    0.36540642380714417
                ],
                [
                    -0.10192552208900452,
                    -0.35178127884864807,
                    0.9305167198181152
                ]
            ],
            [
                [
                    0.6338769793510437,
                    -0.6798368096351624,
                    -0.3688114583492279
                ],
                [
                    0.760694682598114,
                    0.6341819167137146,
                    0.13840824365615845
                ],
                [
                    0.1397985816001892,
                    -0.36828669905662537,
                    0.9191415905952454
                ]
            ],
            [
                [
                    0.4587969481945038,
                    -0.6582348942756653,
                    0.5968519449234009
                ],
                [
                    0.4155219793319702,
                    0.752687931060791,
                    0.5106882452964783
                ],
                [
                    -0.7853960394859314,
                    0.013702883385121822,
                    0.6188420057296753
                ]
            ],
            [
                [
                    0.9177891612052917,
                    -0.31290653347969055,
                    -0.24444325268268585
                ],
                [
                    0.34787383675575256,
                    0.9304517507553101,
                    0.11507932841777802
                ],
                [
                    0.1914335936307907,
                    -0.1906539648771286,
                    0.9628105163574219
                ]
            ],
            [
                [
                    0.7972537875175476,
                    -0.5657567977905273,
                    -0.21048936247825623
                ],
                [
                    0.6035627126693726,
                    0.7413799166679382,
                    0.29337331652641296
                ],
                [
                    -0.009925334714353085,
                    -0.3609364926815033,
                    0.9325376749038696
                ]
            ],
            [
                [
                    0.7945452332496643,
                    -0.6050066947937012,
                    0.0516204833984375
                ],
                [
                    0.6059325337409973,
                    0.7955106496810913,
                    -0.0029350395780056715
                ],
                [
                    -0.039288923144340515,
                    0.033610548824071884,
                    0.9986624121665955
                ]
            ],
            [
                [
                    0.9249524474143982,
                    -0.3790789842605591,
                    -0.027605922892689705
                ],
                [
                    0.3367556929588318,
                    0.7836717367172241,
                    0.5219714641571045
                ],
                [
                    -0.1762344241142273,
                    -0.4920952022075653,
                    0.8525161147117615
                ]
            ],
            [
                [
                    0.6699686050415039,
                    -0.6056408882141113,
                    -0.4293498396873474
                ],
                [
                    0.7231000065803528,
                    0.6633369326591492,
                    0.1926409751176834
                ],
                [
                    0.16813233494758606,
                    -0.4395262598991394,
                    0.8823538422584534
                ]
            ],
            [
                [
                    0.8534618616104126,
                    -0.0953458696603775,
                    -0.5123592615127563
                ],
                [
                    -0.3950648903846741,
                    0.5228177309036255,
                    -0.7553709745407104
                ],
                [
                    0.33989202976226807,
                    0.8470954895019531,
                    0.4085371792316437
                ]
            ],
            [
                [
                    0.8853144645690918,
                    -0.3105678856372833,
                    -0.34607210755348206
                ],
                [
                    0.4644358158111572,
                    0.6270087361335754,
                    0.6254274845123291
                ],
                [
                    0.022752542048692703,
                    -0.7144282460212708,
                    0.6993387341499329
                ]
            ],
            [
                [
                    0.8089761137962341,
                    0.5506078600883484,
                    0.2058851420879364
                ],
                [
                    -0.5868064165115356,
                    0.7771776914596558,
                    0.22727316617965698
                ],
                [
                    -0.0348709411919117,
                    -0.3046732544898987,
                    0.9518184065818787
                ]
            ]
        ],
        "betas": [
            -0.017312824726104736,
            -0.0850602388381958,
            -0.14149010181427002,
            -0.02177777886390686,
            0.059200406074523926,
            0.018346738070249557,
            0.08335159718990326,
            -0.04652002453804016,
            -0.0009235292673110962,
            -0.01466265320777893
        ]
    },
    "pred_cam_t": [
        -0.14947938919067383,
        -0.06827415525913239,
        4.616490840911865
    ],
    "focal_length": [
        5000.0,
        5000.0
    ],
    "pred_keypoints_3d": [
        [
            0.0959264487028122,
            0.006395825184881687,
            0.006223936565220356
        ],
        [
            0.13290682435035706,
            0.01410496886819601,
            -0.0013476181775331497
        ],
        [
            0.1517619490623474,
            0.03639907017350197,
            -0.011202029883861542
        ],
        [
            0.15877486765384674,
            0.0603322759270668,
            -0.0219612754881382
        ],
        [
            0.16654668748378754,
            0.07073105871677399,
            -0.05640396475791931
        ],
        [
            0.14835450053215027,
            0.060015659779310226,
            -0.044958166778087616
        ],
        [
            0.16333222389221191,
            0.08954082429409027,
            -0.04334142059087753
        ],
        [
            0.1740950345993042,
            0.1090540885925293,
            -0.04258480668067932
        ],
        [
            0.183523491024971,
            0.1276693046092987,
            -0.02754306048154831
        ],
        [
            0.1304522305727005,
            0.07765146344900131,
            -0.04609810560941696
        ],
        [
            0.13985399901866913,
            0.10793383419513702,
            -0.04378246143460274
        ],
        [
            0.15134374797344208,
            0.12482082843780518,
            -0.032447781413793564
        ],
        [
            0.1617540419101715,
            0.12811675667762756,
            -0.00909779965877533
        ],
        [
            0.10876965522766113,
            0.08290538936853409,
            -0.0314381942152977
        ],
        [
            0.12284871935844421,
            0.10819105803966522,
            -0.0321408174932003
        ],
        [
            0.13709363341331482,
            0.12342672795057297,
            -0.018564976751804352
        ],
        [
            0.1458653211593628,
            0.12559184432029724,
            0.005691342055797577
        ],
        [
            0.09408654272556305,
            0.08541709929704666,
            -0.015530209057033062
        ],
        [
            0.11114703118801117,
            0.09795436263084412,
            -0.015079016797244549
        ],
        [
            0.12391415238380432,
            0.10926918685436249,
            -0.0066484203562140465
        ],
        [
            0.13052374124526978,
            0.11465954780578613,
            0.010575549677014351
        ]
    ],
    "pred_vertices": [
        [
            0.13423754274845123,
            0.03829459100961685,
            -0.012770924717187881
        ],
        [
            0.1289539337158203,
            0.030943967401981354,
            -0.005034249275922775
        ],
        [
            0.13534501194953918,
            0.0359010174870491,
            -0.00797152891755104
        ],
        [
            0.14149297773838043,
            0.04020807147026062,
            -0.015401892364025116
        ],
        [
            0.1373089700937271,
            0.029458418488502502,
            0.010517377406358719
        ],
        [
            0.1451658308506012,
            0.020880766212940216,
            0.013170752674341202
        ],
        [
            0.15384037792682648,
            0.034722715616226196,
            0.004527926445007324
        ],
        [
            0.14559908211231232,
            0.04051174968481064,
            0.004994019865989685
        ],
        [
            0.14601965248584747,
            0.04219226911664009,
            -0.01923888549208641
        ],
        [
            0.1410500854253769,
            0.04070385545492172,
            -0.010210134088993073
        ],
        [
            0.1452149599790573,
            0.041550442576408386,
            -0.02219315804541111
        ],
        [
            0.14915715157985687,
            0.03991735726594925,
            -0.03555917739868164
        ],
        [
            0.14992640912532806,
            0.04329119622707367,
            -0.02919672429561615
        ],
        [
            0.15099337697029114,
            0.04337605834007263,
            -0.04297942295670509
        ],
        [
            0.14402535557746887,
            0.0312901996076107,
            -0.03915926069021225
        ],
        [
            0.1444815695285797,
            0.04194638133049011,
            -0.04953174293041229
        ],
        [
            0.11831243336200714,
            0.03356706351041794,
            -0.040323514491319656
        ],
        [
            0.10658149421215057,
            0.03850584849715233,
            -0.03580547496676445
        ],
        [
            0.11175825446844101,
            0.052292801439762115,
            -0.04473161697387695
        ],
        [
            0.12367933243513107,
            0.04641279950737953,
            -0.047837577760219574
        ],
        [
            0.09596673399209976,
            0.056244123727083206,
            -0.031669534742832184
        ],
        [
            0.1048111692070961,
            0.054765041917562485,
            -0.03937704488635063
        ],
        [
            0.09899269044399261,
            0.04061847925186157,
            -0.03146538883447647
        ],
        [
            0.09149108082056046,
            0.04266935959458351,
            -0.02480371668934822
        ],
        [
            0.12086194008588791,
            0.039433229714632034,
            -0.006821736693382263
        ],
        [
            0.11670222133398056,
            0.03168965131044388,
            0.000521734356880188
        ],
        [
            0.12098466604948044,
            0.029788069427013397,
            -0.0021477006375789642
        ],
        [
            0.12543228268623352,
            0.0377819798886776,
            -0.008947286754846573
        ],
        [
            0.14850786328315735,
            0.04116921126842499,
            -0.02304062619805336
        ],
        [
            0.1482437700033188,
            0.02798645570874214,
            -0.026199374347925186
        ],
        [
            0.14601656794548035,
            0.03493322432041168,
            -0.02673853375017643
        ],
        [
            0.14657258987426758,
            0.04534589499235153,
            -0.01962653174996376
        ],
        [
            0.10380014777183533,
            0.021100249141454697,
            0.023678097873926163
        ],
        [
            0.09801727533340454,
            0.009003028273582458,
            0.02521948516368866
        ],
        [
            0.1025620624423027,
            0.0058387815952301025,
            0.023073706775903702
        ],
        [
            0.10672660171985626,
            0.017323464155197144,
            0.021826811134815216
        ],
        [
            0.12616127729415894,
            0.003593549132347107,
            0.019292522221803665
        ],
        [
            0.11718083918094635,
            -0.00420793890953064,
            0.01793777197599411
        ],
        [
            0.11834004521369934,
            -0.015735246241092682,
            0.011195745319128036
        ],
        [
            0.1277075856924057,
            -0.008970849215984344,
            0.009072758257389069
        ],
        [
            0.1366119682788849,
            0.012136239558458328,
            0.0174565389752388
        ],
        [
            0.1398802548646927,
            0.0007567442953586578,
            0.01058671623468399
        ],
        [
            0.1501680314540863,
            0.012532863765954971,
            0.007301554083824158
        ],
        [
            0.15818992257118225,
            0.028809715062379837,
            -0.0010104812681674957
        ],
        [
            0.08676654100418091,
            0.014692552387714386,
            0.027510132640600204
        ],
        [
            0.08958591520786285,
            0.024515241384506226,
            0.027179710566997528
        ],
        [
            0.17134296894073486,
            0.09107350558042526,
            -0.03697570040822029
        ],
        [
            0.16697296500205994,
            0.094405896961689,
            -0.03514585644006729
        ],
        [
            0.1650245487689972,
            0.08873362094163895,
            -0.034357331693172455
        ],
        [
            0.16965645551681519,
            0.08668472617864609,
            -0.03703456372022629
        ],
        [
            0.07243601977825165,
            0.022046469151973724,
            0.015305209904909134
        ],
        [
            0.06872017681598663,
            0.019071996212005615,
            0.006444711238145828
        ],
        [
            0.06636683642864227,
            0.014297716319561005,
            0.011448301374912262
        ],
        [
            0.07120776176452637,
            0.015751972794532776,
            0.019353296607732773
        ],
        [
            0.07413002848625183,
            0.03034154325723648,
            0.009969115257263184
        ],
        [
            0.07265783846378326,
            0.02565530687570572,
            -0.00017296895384788513
        ],
        [
            0.17203213274478912,
            0.09208463132381439,
            -0.04965417459607124
        ],
        [
            0.17433913052082062,
            0.09051962196826935,
            -0.04527038708329201
        ],
        [
            0.17172376811504364,
            0.0862121433019638,
            -0.04667457193136215
        ],
        [
            0.16840387880802155,
            0.08774679154157639,
            -0.05027000233530998
        ],
        [
            0.14684629440307617,
            0.044750913977622986,
            -0.02317650616168976
        ],
        [
            0.13944993913173676,
            0.045493144541978836,
            -0.018467212095856667
        ],
        [
            0.15158262848854065,
            0.057151079177856445,
            -0.03314805030822754
        ],
        [
            0.14603778719902039,
            0.053369879722595215,
            -0.028197189792990685
        ],
        [
            0.15060387551784515,
            0.04883519560098648,
            -0.030702555552124977
        ],
        [
            0.1544746458530426,
            0.05237511545419693,
            -0.035527169704437256
        ],
        [
            0.12501299381256104,
            0.058590106666088104,
            -0.018992483615875244
        ],
        [
            0.12144339084625244,
            0.049339618533849716,
            -0.012723997235298157
        ],
        [
            0.1271296888589859,
            0.04805518686771393,
            -0.01573188602924347
        ],
        [
            0.13286727666854858,
            0.05769534409046173,
            -0.022478796541690826
        ],
        [
            0.1109163761138916,
            0.05487803742289543,
            -0.005026794970035553
        ],
        [
            0.11502876877784729,
            0.06336763501167297,
            -0.012210031971335411
        ],
        [
            0.10852396488189697,
            0.06547147780656815,
            -0.007023993879556656
        ],
        [
            0.10729455947875977,
            0.05940097197890282,
            -0.002029377967119217
        ],
        [
            0.12423574179410934,
            0.0756896510720253,
            -0.026038886979222298
        ],
        [
            0.12621696293354034,
            0.08019039034843445,
            -0.03060927614569664
        ],
        [
            0.12419208139181137,
            0.08270018547773361,
            -0.028963986784219742
        ],
        [
            0.12117822468280792,
            0.07675693184137344,
            -0.024234943091869354
        ],
        [
            0.06382472813129425,
            0.008946634829044342,
            0.015382178127765656
        ],
        [
            0.07050811499357224,
            0.009220965206623077,
            0.022553004324436188
        ],
        [
            0.08186493068933487,
            0.062453120946884155,
            -0.016328943893313408
        ],
        [
            0.07953421771526337,
            0.06287330389022827,
            -0.0054042041301727295
        ],
        [
            0.08191375434398651,
            0.0755702406167984,
            -0.010758969932794571
        ],
        [
            0.08340780436992645,
            0.07163067162036896,
            -0.021570216864347458
        ],
        [
            0.07100018113851547,
            0.014989987015724182,
            -0.0027908198535442352
        ],
        [
            0.06639759242534637,
            0.010849446058273315,
            0.0020442120730876923
        ],
        [
            0.1672837734222412,
            0.09541414678096771,
            -0.0519104078412056
        ],
        [
            0.16348396241664886,
            0.09091248363256454,
            -0.05126633867621422
        ],
        [
            0.1473909169435501,
            0.0033340267837047577,
            -0.003090865910053253
        ],
        [
            0.15846535563468933,
            0.023106805980205536,
            -0.008470654487609863
        ],
        [
            0.13382206857204437,
            -0.008423764258623123,
            -0.0010616518557071686
        ],
        [
            0.12256097793579102,
            -0.01468098908662796,
            -0.0009008273482322693
        ],
        [
            0.11490534245967865,
            -0.020957887172698975,
            0.0006188638508319855
        ],
        [
            0.14265382289886475,
            0.059040337800979614,
            -0.02845510095357895
        ],
        [
            0.13127268850803375,
            0.04398350417613983,
            -0.014815226197242737
        ],
        [
            0.11679483950138092,
            0.041256312280893326,
            -0.004440184682607651
        ],
        [
            0.09596265107393265,
            0.05777272582054138,
            0.011202491819858551
        ],
        [
            0.0935681015253067,
            0.04941494017839432,
            0.01717844232916832
        ],
        [
            0.1028936430811882,
            0.0482214018702507,
            0.012035679072141647
        ],
        [
            0.10272856801748276,
            0.05561685189604759,
            0.007366146892309189
        ],
        [
            0.08352182805538177,
            0.06603603065013885,
            0.0030838660895824432
        ],
        [
            0.09117124229669571,
            0.06718535721302032,
            0.005547437816858292
        ],
        [
            0.09259649366140366,
            0.07456803321838379,
            0.00048292800784111023
        ],
        [
            0.08549722284078598,
            0.07562881708145142,
            -0.0024956874549388885
        ],
        [
            0.15441155433654785,
            0.03762230649590492,
            -0.024826588109135628
        ],
        [
            0.15171918272972107,
            0.022394739091396332,
            -0.024353275075554848
        ],
        [
            0.07942399382591248,
            0.02340799570083618,
            0.023139115422964096
        ],
        [
            0.07936951518058777,
            0.015902124345302582,
            0.025369200855493546
        ],
        [
            0.07675560563802719,
            0.00796770304441452,
            0.02696067839860916
        ],
        [
            0.11178769171237946,
            0.0255412720143795,
            0.012561339884996414
        ],
        [
            0.10897725820541382,
            0.014666326344013214,
            0.02076128125190735
        ],
        [
            0.11327184736728668,
            0.013102151453495026,
            0.019755832850933075
        ],
        [
            0.11381816118955612,
            0.023464273661375046,
            0.010600175708532333
        ],
        [
            0.12595492601394653,
            0.026335418224334717,
            0.005299419164657593
        ],
        [
            0.1279280185699463,
            0.01923944801092148,
            0.015892289578914642
        ],
        [
            0.13218915462493896,
            0.03503488749265671,
            0.0015799999237060547
        ],
        [
            0.10835489630699158,
            0.00024275481700897217,
            0.021135713905096054
        ],
        [
            0.0991184264421463,
            -0.003240130841732025,
            0.026367399841547012
        ],
        [
            0.10532496869564056,
            -0.008521445095539093,
            0.022811278700828552
        ],
        [
            0.09088382124900818,
            0.0015543550252914429,
            0.028566870838403702
        ],
        [
            0.08303900808095932,
            0.0056822896003723145,
            0.029117725789546967
        ],
        [
            0.06066103279590607,
            0.005041532218456268,
            0.00457325205206871
        ],
        [
            0.11056935787200928,
            -0.012821868062019348,
            0.018044888973236084
        ],
        [
            0.15198199450969696,
            0.04667510464787483,
            -0.0008389502763748169
        ],
        [
            0.15623408555984497,
            0.0523441843688488,
            -0.006332997232675552
        ],
        [
            0.1496584713459015,
            0.053102798759937286,
            -0.008218619972467422
        ],
        [
            0.14555975794792175,
            0.04788990318775177,
            -0.004479490220546722
        ],
        [
            0.1535799205303192,
            0.050241485238075256,
            -0.048355843871831894
        ],
        [
            0.15599554777145386,
            0.05089954286813736,
            -0.040951743721961975
        ],
        [
            0.15282955765724182,
            0.0446556955575943,
            -0.03579132258892059
        ],
        [
            0.10310254991054535,
            0.03232797235250473,
            0.02043198049068451
        ],
        [
            0.09117394685745239,
            0.03473465144634247,
            0.023776516318321228
        ],
        [
            0.1480250507593155,
            0.06262780725955963,
            -0.03343091160058975
        ],
        [
            0.16525483131408691,
            0.08410464972257614,
            -0.051852695643901825
        ],
        [
            0.16890782117843628,
            0.08182904124259949,
            -0.04797058552503586
        ],
        [
            0.1609073281288147,
            0.06381714344024658,
            -0.048548560589551926
        ],
        [
            0.15725624561309814,
            0.06722771376371384,
            -0.053322337567806244
        ],
        [
            0.14550302922725677,
            0.07096778601408005,
            -0.038911186158657074
        ],
        [
            0.14873680472373962,
            0.06587456166744232,
            -0.034641023725271225
        ],
        [
            0.14885075390338898,
            0.06825480610132217,
            -0.03535684198141098
        ],
        [
            0.1457453966140747,
            0.07374035567045212,
            -0.03726768121123314
        ],
        [
            0.11717694997787476,
            0.08329585194587708,
            -0.022896025329828262
        ],
        [
            0.1146148145198822,
            0.07789871841669083,
            -0.01866707019507885
        ],
        [
            0.13031843304634094,
            0.06076827645301819,
            -0.051952071487903595
        ],
        [
            0.1388164609670639,
            0.05209995061159134,
            -0.05759677290916443
        ],
        [
            0.13400405645370483,
            0.041535407304763794,
            -0.050950370728969574
        ],
        [
            0.11895254254341125,
            0.06051415950059891,
            -0.015071963891386986
        ],
        [
            0.12155710160732269,
            0.06916347146034241,
            -0.020365066826343536
        ],
        [
            0.1181696429848671,
            0.0705607682466507,
            -0.018419496715068817
        ],
        [
            0.14093707501888275,
            0.06331897526979446,
            -0.029918432235717773
        ],
        [
            0.14399860799312592,
            0.06726190447807312,
            -0.034465376287698746
        ],
        [
            0.13967923820018768,
            0.06820639967918396,
            -0.03283591568470001
        ],
        [
            0.13611559569835663,
            0.06432940810918808,
            -0.027723370119929314
        ],
        [
            0.07654234021902084,
            0.05086999759078026,
            -0.00022471696138381958
        ],
        [
            0.08094935864210129,
            0.05495408549904823,
            0.009769678115844727
        ],
        [
            0.1740722954273224,
            0.0898795872926712,
            -0.040723010897636414
        ],
        [
            0.17195424437522888,
            0.08559628576040268,
            -0.04166562482714653
        ],
        [
            0.11561064422130585,
            0.05140732601284981,
            -0.008978299796581268
        ],
        [
            0.12900899350643158,
            0.030534185469150543,
            -0.04173370823264122
        ],
        [
            0.11255274713039398,
            0.04324766993522644,
            -0.0015426091849803925
        ],
        [
            0.09856615215539932,
            0.07805469632148743,
            -0.03062903694808483
        ],
        [
            0.10066180676221848,
            0.08190847933292389,
            -0.024012912064790726
        ],
        [
            0.10464587807655334,
            0.08645564317703247,
            -0.025796595960855484
        ],
        [
            0.10324466228485107,
            0.08555219322443008,
            -0.031795985996723175
        ],
        [
            0.15267516672611237,
            0.08885548263788223,
            -0.03768041357398033
        ],
        [
            0.1568812131881714,
            0.08667774498462677,
            -0.034105364233255386
        ],
        [
            0.15958578884601593,
            0.09204787760972977,
            -0.03444960340857506
        ],
        [
            0.15575666725635529,
            0.09433861076831818,
            -0.03812849521636963
        ],
        [
            0.15283609926700592,
            0.061591073870658875,
            -0.03442944586277008
        ],
        [
            0.15687373280525208,
            0.05750005319714546,
            -0.03697258606553078
        ],
        [
            0.158441424369812,
            0.0630694255232811,
            -0.0368790403008461
        ],
        [
            0.1535419523715973,
            0.066096730530262,
            -0.035200707614421844
        ],
        [
            0.15867464244365692,
            0.05648437887430191,
            -0.04258850961923599
        ],
        [
            0.1611156165599823,
            0.06213509291410446,
            -0.04246482253074646
        ],
        [
            0.15162187814712524,
            0.08984380960464478,
            -0.044164180755615234
        ],
        [
            0.15458537638187408,
            0.08886002749204636,
            -0.05109834298491478
        ],
        [
            0.14604543149471283,
            0.0747361034154892,
            -0.05162559822201729
        ],
        [
            0.1451900750398636,
            0.07727344334125519,
            -0.04390646517276764
        ],
        [
            0.08641812205314636,
            0.029416583478450775,
            -0.019321223720908165
        ],
        [
            0.0793439969420433,
            0.03376895934343338,
            -0.011881843209266663
        ],
        [
            0.08406970649957657,
            0.047133803367614746,
            -0.017295455560088158
        ],
        [
            0.08754454553127289,
            0.060457710176706314,
            -0.023378346115350723
        ],
        [
            0.09218296408653259,
            0.07245153188705444,
            -0.028790367767214775
        ],
        [
            0.09869392961263657,
            0.06765271723270416,
            -0.0378892682492733
        ],
        [
            0.07913511246442795,
            0.04898988828063011,
            -0.010999863967299461
        ],
        [
            0.13889279961585999,
            0.07105319201946259,
            -0.04588879644870758
        ],
        [
            0.13955965638160706,
            0.06560339778661728,
            -0.05227847024798393
        ],
        [
            0.13495193421840668,
            0.06757808476686478,
            -0.050329651683568954
        ],
        [
            0.10810506343841553,
            0.047026507556438446,
            0.00310700386762619
        ],
        [
            0.16969406604766846,
            0.08065631985664368,
            -0.04291786625981331
        ],
        [
            0.10228236019611359,
            -0.011699721217155457,
            -0.015374433249235153
        ],
        [
            0.08992740511894226,
            -0.005674645304679871,
            -0.015604440122842789
        ],
        [
            0.09548413008451462,
            0.0001281052827835083,
            -0.019161762669682503
        ],
        [
            0.11011147499084473,
            -0.00625108927488327,
            -0.018145065754652023
        ],
        [
            0.1626865565776825,
            0.08304700255393982,
            -0.03377091512084007
        ],
        [
            0.1677727848291397,
            0.08100491762161255,
            -0.03686975687742233
        ],
        [
            0.10997579991817474,
            0.08138073980808258,
            -0.0155679602175951
        ],
        [
            0.11260631680488586,
            0.08563437312841415,
            -0.02028496563434601
        ],
        [
            0.10956238955259323,
            0.08767378330230713,
            -0.02122483402490616
        ],
        [
            0.10700177401304245,
            0.0856233686208725,
            -0.014840928837656975
        ],
        [
            0.07601876556873322,
            0.03479694575071335,
            -0.007028285413980484
        ],
        [
            0.08703359216451645,
            0.08411629498004913,
            -0.011886108666658401
        ],
        [
            0.08696995675563812,
            0.07979904115200043,
            -0.022076906636357307
        ],
        [
            0.07548421621322632,
            0.021981514990329742,
            -0.007498675957322121
        ],
        [
            0.08115920424461365,
            0.017976440489292145,
            -0.01438898965716362
        ],
        [
            0.0769583135843277,
            0.010042309761047363,
            -0.010531079024076462
        ],
        [
            0.11220511049032211,
            0.06893406808376312,
            -0.045202817767858505
        ],
        [
            0.09290674328804016,
            0.028054624795913696,
            -0.024925874546170235
        ],
        [
            0.0871809870004654,
            0.016165725886821747,
            -0.018771082162857056
        ],
        [
            0.08242689818143845,
            0.006596751511096954,
            -0.014381401240825653
        ],
        [
            0.07817412912845612,
            3.214925527572632e-05,
            -0.011430587619543076
        ],
        [
            0.07268276065587997,
            0.004497058689594269,
            -0.007416874170303345
        ],
        [
            0.1596413254737854,
            0.08700580894947052,
            -0.05249787122011185
        ],
        [
            0.15797527134418488,
            0.09390182048082352,
            -0.050234105437994
        ],
        [
            0.06660862267017365,
            -0.0018987879157066345,
            -0.005099780857563019
        ],
        [
            0.07347352057695389,
            -0.006614811718463898,
            -0.009171344339847565
        ],
        [
            0.09488439559936523,
            0.013231165707111359,
            -0.022871684283018112
        ],
        [
            0.1054181233048439,
            0.009540896862745285,
            -0.026325182989239693
        ],
        [
            0.1002187579870224,
            0.024910293519496918,
            -0.02846580371260643
        ],
        [
            0.11069132387638092,
            0.022254500538110733,
            -0.03268877789378166
        ],
        [
            0.11664997041225433,
            0.06185631453990936,
            -0.05212970823049545
        ],
        [
            0.16605128347873688,
            0.10998764634132385,
            -0.047010064125061035
        ],
        [
            0.15877129137516022,
            0.10067535191774368,
            -0.04646904766559601
        ],
        [
            0.15868663787841797,
            0.10021495074033737,
            -0.040550053119659424
        ],
        [
            0.1640951931476593,
            0.11015845835208893,
            -0.042941395193338394
        ],
        [
            0.15499868988990784,
            0.095001220703125,
            -0.04410165548324585
        ],
        [
            0.1617642194032669,
            0.09850271046161652,
            -0.05101184919476509
        ],
        [
            0.12483827024698257,
            0.0179377980530262,
            -0.0333290696144104
        ],
        [
            0.1418485790491104,
            0.0726063996553421,
            -0.03755073994398117
        ],
        [
            0.12318746000528336,
            0.0039362236857414246,
            -0.023865221068263054
        ],
        [
            0.1403709203004837,
            0.01981738954782486,
            -0.03401750326156616
        ],
        [
            0.14120393991470337,
            0.010805048048496246,
            -0.02522115223109722
        ],
        [
            0.12362755089998245,
            -0.009832281619310379,
            -0.012918103486299515
        ],
        [
            0.13958710432052612,
            -0.0007448755204677582,
            -0.014780700206756592
        ],
        [
            0.10737711936235428,
            -0.020488567650318146,
            -0.00796564668416977
        ],
        [
            0.114005446434021,
            -0.014546684920787811,
            -0.011058732867240906
        ],
        [
            0.15176132321357727,
            0.012600481510162354,
            -0.016323626041412354
        ],
        [
