{
    "pred_cam": [
        12.335481643676758,
        0.12112604081630707,
        -0.05543645843863487
    ],
    "pred_mano_params": {
        "global_orient": [
            [
                [
                    -0.03170144185423851,
                    -0.7468956708908081,
                    0.6641851663589478
                ],
                [
                    -0.09033890813589096,
                    -0.6596580743789673,
                    -0.7461167573928833
                ],
                [
                    0.995406448841095,
                    -0.08365476131439209,
                    -0.046561628580093384
                ]
            ]
        ],
        "hand_pose": [
            [
                [
                    0.7262865304946899,
                    -0.6862813234329224,
                    -0.039059821516275406
                ],
                [
                    0.6649286150932312,
                    0.7158248424530029,
                    -0.21322447061538696
                ],
                [
                    0.17429198324680328,
                    0.12889009714126587,
                    0.976222038269043
                ]
            ],
            [
                [
                    0.9032878279685974,
                    -0.42379435896873474,
                    0.06685354560613632
                ],
                [
                    0.42523640394210815,
                    0.8636643886566162,
                    -0.2706616222858429
                ],
                [
                    0.05696585401892662,
                    0.2729139029979706,
                    0.9603503346443176
                ]
            ],
            [
                [
                    0.8211314678192139,
                    -0.5705514550209045,
                    0.014634601771831512
                ],
                [
                    0.5705543160438538,
                    0.8212481141090393,
                    0.004389743320643902
                ],
                [
                    -0.014523214660584927,
                    0.004745278973132372,
                    0.999883234500885
                ]
            ],
            [
                [
                    0.9294482469558716,
                    -0.3060796856880188,
                    -0.20601245760917664
                ],
                [
                    0.281920462846756,
                    0.9493737816810608,
                    -0.1386011391878128
                ],
                [
                    0.23800581693649292,
                    0.07074346393346786,
                    0.9686838984489441
                ]
            ],
            [
                [
                    0.5625858902931213,
                    -0.7951958775520325,
                    -0.22618745267391205
                ],
                [
                    0.8251343369483948,
                    0.5230337977409363,
                    0.21351590752601624
                ],
                [
                    -0.05148327350616455,
                    -0.30675604939460754,
                    0.950394868850708
                ]
            ],
            [
                [
                    0.7917397618293762,
                    -0.609382152557373,
                    -0.04244442656636238
                ],
                [
                    0.610501766204834,
                    0.7917393445968628,
                    0.02089070715010166
                ],
                [
                    0.020874496549367905,
                    -0.04245239868760109,
                    0.9988803863525391
                ]
            ],
            [
                [
                    0.33975663781166077,
                    -0.8798204660415649,
                    -0.33238720893859863
                ],
                [
                    0.8593483567237854,
                    0.14678196609020233,
                    0.48987284302711487
                ],
                [
                    -0.38221174478530884,
                    -0.45207393169403076,
                    0.8059424161911011
                ]
            ],
            [
                [
                    0.9767963886260986,
                    -0.16038309037685394,
                    -0.14193707704544067
                ],
                [
                    0.11566533893346786,
                    0.952816367149353,
                    -0.28064656257629395
                ],
                [
                    0.18025094270706177,
                    0.2577173411846161,
                    0.9492583274841309
                ]
            ],
            [
                [
                    0.9452540278434753,
                    0.3234224319458008,
                    0.04350488260388374
                ],
                [
                    -0.31003278493881226,
                    0.8484074473381042,
                    0.4290507137775421
                ],
                [
                    0.10185474157333374,
                    -0.4190498888492584,
                    0.9022321105003357
                ]
            ],
            [
                [
                    0.7007303833961487,
                    -0.6847498416900635,
                    -0.20023660361766815
                ],
                [
                    0.6799874305725098,
                    0.7259607315063477,
                    -0.10294684022665024
                ],
                [
                    0.21585676074028015,
                    -0.06402040272951126,
                    0.9743240475654602
                ]
            ],
            [
                [
                    0.9129581451416016,
                    -0.40437912940979004,
                    -0.05463413894176483
                ],
                [
                    0.38759535551071167,
                    0.8175168037414551,
                    0.42595306038856506
                ],
                [
                    -0.12758222222328186,
                    -0.4100532829761505,
                    0.9030941128730774
                ]
            ],
            [
                [
                    0.8362636566162109,
                    -0.5431841611862183,
                    -0.07492750883102417
                ],
                [
                    0.5481353402137756,
                    0.8245102167129517,
                    0.14046511054039001
                ],
                [
                    -0.014519918709993362,
                    -0.15853627026081085,
                    0.9872463345527649
                ]
            ],
            [
                [
                    0.9649947285652161,
                    -0.24451327323913574,
                    0.09486056119203568
                ],
                [
                    0.17182189226150513,
                    0.31613829731941223,
                    -0.933023989200592
                ],
                [
                    0.1981477290391922,
                    0.9166622757911682,
                    0.34708452224731445
                ]
            ],
            [
                [
                    0.9153549671173096,
                    -0.36463049054145813,
                    -0.17079205811023712
                ],
                [
                    0.3971909284591675,
                    0.748096764087677,
                    0.531592607498169
                ],
                [
                    -0.06606590747833252,
                    -0.5544329881668091,
                    0.8296020030975342
                ]
            ],
            [
                [
                    0.892291784286499,
                    0.3282265365123749,
                    -0.3099721670150757
                ],
                [
                    -0.3807165026664734,
                    0.9160794019699097,
                    -0.12591004371643066
                ],
                [
                    0.24263215065002441,
                    0.2303600311279297,
                    0.9423713684082031
                ]
            ]
        ],
        "betas": [
            -0.07508361339569092,
            0.029205262660980225,
            -0.10008600354194641,
            -0.03398802876472473,
            0.04468700289726257,
            -0.11582549661397934,
            -0.019238591194152832,
            -0.13479983806610107,
            0.021026790142059326,
            -0.05541190505027771
        ]
    },
    "pred_cam_t": [
        -0.12112604081630707,
        -0.05543645843863487,
        3.1666781902313232
    ],
    "focal_length": [
        5000.0,
        5000.0
    ],
    "pred_keypoints_3d": [
        [
            0.0961061343550682,
            0.006416168995201588,
            0.006207737140357494
        ],
        [
            0.12576928734779358,
            -0.00034932512789964676,
            -0.017757467925548553
        ],
        [
            0.14863967895507812,
            0.014095227234065533,
            -0.03282443806529045
        ],
        [
            0.16254089772701263,
            0.03170747682452202,
            -0.048273585736751556
        ],
        [
            0.1746554672718048,
            0.049409735947847366,
            -0.07771070301532745
        ],
        [
            0.11660884320735931,
            0.0023191962391138077,
            -0.0824044942855835
        ],
        [
            0.12994340062141418,
            0.019825773313641548,
            -0.10725241899490356
        ],
        [
            0.14095953106880188,
            0.03863026946783066,
            -0.11210563033819199
        ],
        [
            0.15121501684188843,
            0.06051388010382652,
            -0.10488924384117126
        ],
        [
            0.09795401990413666,
            0.018434016034007072,
            -0.08811827003955841
        ],
        [
            0.0950685366988182,
            0.03464389592409134,
            -0.11537198722362518
        ],
        [
            0.10769832879304886,
            0.054278939962387085,
            -0.11672596633434296
        ],
        [
            0.12504513561725616,
            0.07089237123727798,
            -0.10784977674484253
        ],
        [
            0.08387663960456848,
            0.036382272839546204,
            -0.07387244701385498
        ],
        [
            0.08987580984830856,
            0.05800311267375946,
            -0.09216094017028809
        ],
        [
            0.1032576858997345,
            0.07896952331066132,
            -0.09409038722515106
        ],
        [
            0.12110576033592224,
            0.09627778828144073,
            -0.08823317289352417
        ],
        [
            0.07703588902950287,
            0.05162377282977104,
            -0.0596906878054142
        ],
        [
            0.09030206501483917,
            0.06821376085281372,
            -0.059469014406204224
        ],
        [
            0.1005566343665123,
            0.08427606523036957,
            -0.058500632643699646
        ],
        [
            0.11260834336280823,
            0.10485977679491043,
            -0.0611988864839077
        ]
    ],
    "pred_vertices": [
        [
            0.12173198163509369,
            0.011138012632727623,
            -0.04309318959712982
        ],
        [
            0.12149303406476974,
            0.012045083567500114,
            -0.03228377923369408
        ],
        [
            0.12873481214046478,
            0.014504959806799889,
            -0.03671008348464966
        ],
        [
            0.12904459238052368,
            0.010570761747658253,
            -0.048001259565353394
        ],
        [
            0.13194675743579865,
            0.018376033753156662,
            -0.013631366193294525
        ],
        [
            0.13902278244495392,
            0.011073366738855839,
            -0.0068908557295799255
        ],
        [
            0.14862987399101257,
            0.017990082502365112,
            -0.017692923545837402
        ],
        [
            0.14115847647190094,
            0.02436016872525215,
            -0.02055942267179489
        ],
        [
            0.13413822650909424,
            0.01031131949275732,
            -0.05160209909081459
        ],
        [
            0.13480941951274872,
            0.017123661935329437,
            -0.04011845588684082
        ],
        [
            0.1358908712863922,
            0.009814450517296791,
            -0.05113397538661957
        ],
        [
            0.1297168880701065,
            -0.0034019448794424534,
            -0.0628909021615982
        ],
        [
            0.1305856704711914,
            0.0021266492549329996,
            -0.061532169580459595
        ],
        [
            0.12526766955852509,
            -0.007408796809613705,
            -0.07091383635997772
        ],
        [
            0.12440484017133713,
            -0.011321283876895905,
            -0.05812527984380722
        ],
        [
            0.11662565171718597,
            -0.011688406579196453,
            -0.07206910848617554
        ],
        [
            0.09469608962535858,
            -0.007965022698044777,
            -0.050770267844200134
        ],
        [
            0.08483995497226715,
            0.0008493680506944656,
            -0.046400997787714005
        ],
        [
            0.08473506569862366,
            0.004313280805945396,
            -0.06293292343616486
        ],
        [
            0.09511304646730423,
            -0.00441026221960783,
            -0.06575070321559906
        ],
        [
            0.07477381080389023,
            0.018883230164647102,
            -0.05180679261684418
        ],
        [
            0.08012284338474274,
            0.010974135249853134,
            -0.05885325372219086
        ],
        [
            0.07945426553487778,
            0.006798775866627693,
            -0.04218181222677231
        ],
        [
            0.075079545378685,
            0.014189964160323143,
            -0.03652075305581093
        ],
        [
            0.10994298756122589,
            0.01754806935787201,
            -0.034047674387693405
        ],
        [
            0.11002178490161896,
            0.017372431233525276,
            -0.023653365671634674
        ],
        [
            0.11355093121528625,
            0.013544740155339241,
            -0.0271352156996727
        ],
        [
            0.11390290409326553,
            0.014211124740540981,
            -0.03666815534234047
        ],
        [
            0.1469346582889557,
            0.012346263974905014,
            -0.04699556902050972
        ],
        [
            0.13890740275382996,
            -0.0033012600615620613,
            -0.045289505273103714
        ],
        [
            0.1364738792181015,
            0.002025988884270191,
            -0.050387244671583176
        ],
        [
            0.14494197070598602,
            0.01754823327064514,
            -0.046474818140268326
        ],
        [
            0.10892011225223541,
            0.02701352909207344,
            0.0047098323702812195
        ],
        [
            0.10557493567466736,
            0.020150117576122284,
            0.015987232327461243
        ],
        [
            0.10899687558412552,
            0.015351599082350731,
            0.014899417757987976
        ],
        [
            0.110909104347229,
            0.022179264575242996,
            0.004564009606838226
        ],
        [
            0.12521882355213165,
            0.0048210760578513145,
            0.0058251917362213135
        ],
        [
            0.11969942599534988,
            0.0006212117150425911,
            0.012923330068588257
        ],
        [
            0.11987864971160889,
            -0.012095869518816471,
            0.016119301319122314
        ],
        [
            0.12581157684326172,
            -0.010475566610693932,
            0.007639087736606598
        ],
        [
            0.13197244703769684,
            0.007850860245525837,
            -0.0011543184518814087
        ],
        [
            0.13483259081840515,
            -0.004980598576366901,
            0.0005344897508621216
        ],
        [
            0.1428264081478119,
            0.0003818562254309654,
            -0.006824187934398651
        ],
        [
            0.1529044359922409,
            0.009923135861754417,
            -0.01903153955936432
        ],
        [
            0.09563608467578888,
            0.028164450079202652,
            0.017854586243629456
        ],
        [
            0.09706472605466843,
            0.034739065915346146,
            0.010098069906234741
        ],
        [
            0.13902302086353302,
            0.02418743260204792,
            -0.09986592084169388
        ],
        [
            0.13482314348220825,
            0.028457727283239365,
            -0.0993671864271164
        ],
        [
            0.13355521857738495,
            0.025177204981446266,
            -0.09627257287502289
        ],
        [
            0.1376519799232483,
            0.021351337432861328,
            -0.09766322374343872
        ],
        [
            0.0766880139708519,
            0.028708744794130325,
            0.010484732687473297
        ],
        [
            0.07000556588172913,
            0.021481752395629883,
            0.008094124495983124
        ],
        [
            0.07047192752361298,
            0.0216316320002079,
            0.015386223793029785
        ],
        [
            0.0779363289475441,
            0.026877330616116524,
            0.017732851207256317
        ],
        [
            0.07507902383804321,
            0.03107912838459015,
            0.0008824989199638367
        ],
        [
            0.07009206712245941,
            0.021303528919816017,
            -0.002047024667263031
        ],
        [
            0.13812047243118286,
            0.018704194575548172,
            -0.11141879111528397
        ],
        [
            0.14104776084423065,
            0.019379161298274994,
            -0.10717233270406723
        ],
        [
            0.1381860226392746,
            0.015109214931726456,
            -0.10578393191099167
        ],
        [
            0.13421151041984558,
            0.01432039961218834,
            -0.10928815603256226
        ],
        [
            0.12805719673633575,
            0.006621102802455425,
            -0.057861145585775375
        ],
        [
            0.12213289737701416,
            0.011072957888245583,
            -0.05269494652748108
        ],
        [
            0.12424842268228531,
            0.007839899510145187,
            -0.07406603544950485
        ],
        [
            0.12240290641784668,
            0.008924024179577827,
            -0.06636319309473038
        ],
        [
            0.1264912635087967,
            0.003417315660044551,
            -0.06660281121730804
        ],
        [
            0.12699143588542938,
            0.002211477607488632,
            -0.0732356607913971
        ],
        [
            0.1063811182975769,
            0.02287120744585991,
            -0.0558466911315918
        ],
        [
            0.10674700140953064,
            0.020828232169151306,
            -0.04427009075880051
        ],
        [
            0.11093384772539139,
            0.016797920688986778,
            -0.047669291496276855
        ],
        [
            0.11218608915805817,
            0.0183595959097147,
            -0.06050526350736618
        ],
        [
            0.099874347448349,
            0.03204185143113136,
            -0.038891661912202835
        ],
        [
            0.09962179511785507,
            0.032723136246204376,
            -0.05070429667830467
        ],
        [
            0.09584999084472656,
            0.038859643042087555,
            -0.04605695605278015
        ],
        [
            0.09744793176651001,
            0.03803347796201706,
            -0.038495343178510666
        ],
        [
            0.10120543092489243,
            0.031609609723091125,
            -0.07193544507026672
        ],
        [
            0.09973601251840591,
            0.03184928745031357,
            -0.07965365797281265
        ],
        [
            0.09850151091814041,
            0.03552987799048424,
            -0.07874417304992676
        ],
        [
            0.09910289198160172,
            0.03376335650682449,
            -0.07015426456928253
        ],
        [
            0.07036256045103073,
            0.020717021077871323,
            0.022436395287513733
        ],
        [
            0.07933710515499115,
            0.024218183010816574,
            0.024401381611824036
        ],
        [
            0.06792762875556946,
            0.03658553957939148,
            -0.04049980267882347
        ],
        [
            0.07074905186891556,
            0.043851204216480255,
            -0.03259929269552231
        ],
        [
            0.07050921767950058,
            0.049437716603279114,
            -0.0439722016453743
        ],
        [
            0.06649129837751389,
            0.04002826660871506,
            -0.05033013969659805
        ],
        [
            0.06868205964565277,
            0.01201058179140091,
            0.003954179584980011
        ],
        [
            0.0669807642698288,
            0.012982185930013657,
            0.011555314064025879
        ],
        [
            0.13289926946163177,
            0.02074568159878254,
            -0.11425706744194031
        ],
        [
            0.1290280520915985,
            0.01674037054181099,
            -0.11134282499551773
        ],
        [
            0.13879039883613586,
            -0.012175185605883598,
            -0.010739900171756744
        ],
        [
            0.1525307297706604,
            0.001074906438589096,
            -0.023690205067396164
        ],
        [
            0.12722626328468323,
            -0.018002239987254143,
            -0.0006315633654594421
        ],
        [
            0.1183537095785141,
            -0.0202846247702837,
            0.006257258355617523
        ],
        [
            0.11326102167367935,
            -0.022012196481227875,
            0.013746820390224457
        ],
        [
            0.1182480901479721,
            0.013630535453557968,
            -0.06910210847854614
        ],
        [
            0.11590418219566345,
            0.013715674169361591,
            -0.046221185475587845
        ],
        [
            0.10690949112176895,
            0.02121823839843273,
            -0.03187980875372887
        ],
        [
            0.0928814560174942,
            0.047753021121025085,
            -0.024516157805919647
        ],
        [
            0.09398901462554932,
            0.04597094655036926,
            -0.014330916106700897
        ],
        [
            0.10046187043190002,
            0.039922069758176804,
            -0.020379938185214996
        ],
        [
            0.09765270352363586,
            0.042331140488386154,
            -0.02815718948841095
        ],
        [
            0.07771726697683334,
            0.050908319652080536,
            -0.03032192960381508
        ],
        [
            0.08546523749828339,
            0.051766809076070786,
            -0.03209654241800308
        ],
        [
            0.08499614894390106,
            0.052975431084632874,
            -0.03948240727186203
        ],
        [
            0.07732241600751877,
            0.0534631684422493,
            -0.039576463401317596
        ],
        [
            0.15304166078567505,
            0.008318383246660233,
            -0.0451122522354126
        ],
        [
            0.1424737274646759,
            -0.0070327650755643845,
            -0.039757922291755676
        ],
        [
            0.08615051209926605,
            0.033358365297317505,
            0.012005135416984558
        ],
        [
            0.08784163743257523,
            0.02921918034553528,
            0.018445469439029694
        ],
        [
            0.08697915822267532,
            0.024847064167261124,
            0.025750666856765747
        ],
        [
            0.11062582582235336,
            0.021229758858680725,
            -0.009696826338768005
        ],
        [
            0.11230697482824326,
            0.01876210793852806,
            0.004410825669765472
        ],
        [
            0.11486843228340149,
            0.01558727864176035,
            0.0025892630219459534
        ],
        [
            0.11132625490427017,
            0.017734430730342865,
            -0.011557966470718384
        ],
        [
            0.12061423808336258,
            0.014626437798142433,
            -0.02018861472606659
        ],
        [
            0.1235671415925026,
            0.014098938554525375,
            -0.007446683943271637
        ],
        [
            0.12775960564613342,
            0.01987365260720253,
            -0.024819180369377136
        ],
        [
            0.11345381289720535,
            0.008373767137527466,
            0.015032239258289337
        ],
        [
            0.10832526534795761,
            0.011459389701485634,
            0.024495847523212433
        ],
        [
            0.11289838701486588,
            0.003831234760582447,
            0.023351728916168213
        ],
        [
            0.10125517100095749,
            0.018189789727330208,
            0.025817766785621643
        ],
        [
            0.09386799484491348,
            0.023222077637910843,
            0.026308603584766388
        ],
        [
            0.06346765160560608,
            0.011497264727950096,
            0.01918672025203705
        ],
        [
            0.11608302593231201,
            -0.003599955700337887,
            0.02121320366859436
        ],
        [
            0.14813721179962158,
            0.027104327455163002,
            -0.02663465589284897
        ],
        [
            0.1543724089860916,
            0.03000478819012642,
            -0.03217622637748718
        ],
        [
            0.1483335942029953,
            0.03017662838101387,
            -0.036625973880290985
        ],
        [
            0.14222894608974457,
            0.027242789044976234,
            -0.032396383583545685
        ],
        [
            0.12327390164136887,
            -0.007396899629384279,
            -0.07951262593269348
        ],
        [
            0.12736284732818604,
            -0.0024517730344086885,
            -0.07609304785728455
        ],
        [
            0.12850625813007355,
            -0.0026375146117061377,
            -0.06778959184885025
        ],
        [
            0.10577506572008133,
            0.0334630161523819,
            -0.004502333700656891
        ],
        [
            0.09604326635599136,
            0.03984527289867401,
            0.0005318894982337952
        ],
        [
            0.12014568597078323,
            0.012345964089035988,
            -0.07704660296440125
        ],
        [
            0.1308075338602066,
            0.010491537861526012,
            -0.10735131055116653
        ],
        [
            0.13533003628253937,
            0.010899972170591354,
            -0.10343639552593231
        ],
        [
            0.12771616876125336,
            -0.0003336792578920722,
            -0.09039230644702911
        ],
        [
            0.12265695631504059,
            -0.0007886425592005253,
            -0.09527380764484406
        ],
        [
            0.11505956947803497,
            0.014991797506809235,
            -0.08647357672452927
        ],
        [
            0.1198594868183136,
            0.013830612413585186,
            -0.08062873035669327
        ],
        [
            0.11961574107408524,
            0.014785178005695343,
            -0.08273325860500336
        ],
        [
            0.11577927321195602,
            0.01764698699116707,
            -0.0873868465423584
        ],
        [
            0.09535391628742218,
            0.04066035896539688,
            -0.07152378559112549
        ],
        [
            0.09593100100755692,
            0.039027631282806396,
            -0.06432396918535233
        ],
        [
            0.09778867661952972,
            0.00209156796336174,
            -0.08045124262571335
        ],
        [
            0.10470353066921234,
            -0.009834662079811096,
            -0.0816531777381897
        ],
        [
            0.10516859591007233,
            -0.011419457383453846,
            -0.06896413862705231
        ],
        [
            0.1022883728146553,
            0.028030453249812126,
            -0.05224420502781868
        ],
        [
            0.10162940621376038,
            0.030521156266331673,
            -0.06247522309422493
        ],
        [
            0.09922804683446884,
            0.03333437442779541,
            -0.06076553836464882
        ],
        [
            0.11563480645418167,
            0.01620704121887684,
            -0.07241235673427582
        ],
        [
            0.11574361473321915,
            0.01577078178524971,
            -0.07977335155010223
        ],
        [
            0.11297035962343216,
            0.018465790897607803,
            -0.07739608734846115
        ],
        [
            0.11226391792297363,
            0.019302833825349808,
            -0.06966964900493622
        ],
        [
            0.07090741395950317,
            0.039136387407779694,
            -0.02032342553138733
        ],
        [
            0.07870055735111237,
            0.0476999394595623,
            -0.018093988299369812
        ],
        [
            0.14129184186458588,
            0.021160786971449852,
            -0.10284623503684998
        ],
        [
            0.1392921507358551,
            0.017569251358509064,
            -0.10119841992855072
        ],
        [
            0.10279422253370285,
            0.0259533878415823,
            -0.04097072780132294
        ],
        [
            0.1058015301823616,
            -0.012493694201111794,
            -0.0542609728872776
        ],
        [
            0.10408510267734528,
            0.0254493597894907,
            -0.029651489108800888
        ],
        [
            0.07624286413192749,
            0.03560451418161392,
            -0.0659884437918663
        ],
        [
            0.08221524208784103,
            0.043565887957811356,
            -0.06445349007844925
        ],
        [
            0.08270221203565598,
            0.044173743575811386,
            -0.06929241120815277
        ],
        [
            0.0783500224351883,
            0.03966398164629936,
            -0.07232747972011566
        ],
        [
            0.12146312743425369,
            0.02566559985280037,
            -0.09829623997211456
        ],
        [
            0.126384437084198,
            0.02596013806760311,
            -0.09512115269899368
        ],
        [
            0.12824557721614838,
            0.028261344879865646,
            -0.09755577147006989
        ],
        [
            0.12380003184080124,
            0.02837178483605385,
            -0.10141947865486145
        ],
        [
            0.1241120919585228,
            0.010274775326251984,
            -0.07832317054271698
        ],
        [
            0.1276070475578308,
            0.004808390513062477,
            -0.07809094339609146
        ],
        [
            0.12859037518501282,
            0.00834413431584835,
            -0.0819055512547493
        ],
        [
            0.12422303855419159,
            0.012553241103887558,
            -0.08201716840267181
        ],
        [
            0.12789127230644226,
            -0.0002296740422025323,
            -0.08126946538686752
        ],
        [
            0.12971577048301697,
            0.00299603003077209,
            -0.08526038378477097
        ],
        [
            0.11876344680786133,
            0.022507496178150177,
            -0.10331203043460846
        ],
        [
            0.12046172469854355,
            0.016922209411859512,
            -0.10807262361049652
        ],
        [
            0.11199451982975006,
            0.008238863199949265,
            -0.09710805863142014
        ],
        [
            0.11302044987678528,
            0.015444613993167877,
            -0.09402519464492798
        ],
        [
            0.07420503348112106,
            0.008915549144148827,
            -0.022178784012794495
        ],
        [
            0.07035939395427704,
            0.01837429776787758,
            -0.017626166343688965
        ],
        [
            0.0709039568901062,
            0.023866809904575348,
            -0.031916506588459015
        ],
        [
            0.07035722583532333,
            0.029282279312610626,
            -0.04612482339143753
        ],
        [
            0.07159849256277084,
            0.03410227969288826,
            -0.05931054800748825
        ],
        [
            0.07355043292045593,
            0.02282337099313736,
            -0.06446297466754913
        ],
        [
            0.06892261654138565,
            0.030330315232276917,
            -0.027166061103343964
        ],
        [
            0.10565537214279175,
            0.011557478457689285,
            -0.08855854719877243
        ],
        [
            0.10581859201192856,
            0.0030658580362796783,
            -0.08831889182329178
        ],
        [
            0.10082610696554184,
            0.006726203486323357,
            -0.08635113388299942
        ],
        [
            0.10159821063280106,
            0.032182902097702026,
            -0.02740885317325592
        ],
        [
            0.1371932476758957,
            0.013347369618713856,
            -0.09901528060436249
        ],
        [
            0.09476368874311447,
            -0.022476674988865852,
            0.0015919506549835205
        ],
        [
            0.0828569233417511,
            -0.015527763403952122,
            0.002215869724750519
        ],
        [
            0.08585239946842194,
            -0.014649622142314911,
            -0.006084442138671875
        ],
        [
            0.10020478814840317,
            -0.02181919477880001,
            -0.0069097355008125305
        ],
        [
            0.13235387206077576,
            0.02271074801683426,
            -0.09361414611339569
        ],
        [
            0.13654440641403198,
            0.01800875924527645,
            -0.09472708404064178
        ],
        [
            0.09343474358320236,
            0.044404275715351105,
            -0.06217015162110329
        ],
        [
            0.09246651828289032,
            0.04492459073662758,
            -0.0688488706946373
        ],
        [
            0.08862421661615372,
            0.047050632536411285,
            -0.06869279593229294
        ],
        [
            0.09123767167329788,
            0.049423858523368835,
            -0.06213380768895149
        ],
        [
            0.06925356388092041,
            0.022988926619291306,
            -0.013895735144615173
        ],
        [
            0.07413384318351746,
            0.05467855557799339,
            -0.04868035390973091
        ],
        [
            0.06988050043582916,
            0.0462748147547245,
            -0.05591752007603645
        ],
        [
            0.07002817839384079,
            0.013250499963760376,
            -0.005440808832645416
        ],
        [
            0.07278476655483246,
            0.004690214991569519,
            -0.009362712502479553
        ],
        [
            0.07141467928886414,
            0.0021241120994091034,
            -1.989305019378662e-05
        ],
        [
            0.0831388309597969,
            0.016405396163463593,
            -0.07492933422327042
        ],
        [
            0.07801899313926697,
            0.002967437729239464,
            -0.02729281410574913
        ],
        [
            0.07668958604335785,
            -0.0007145330309867859,
            -0.013245001435279846
        ],
        [
            0.07520352303981781,
            -0.004032572731375694,
            -0.002264373004436493
        ],
        [
            0.07322710752487183,
            -0.006177103146910667,
            0.005564555525779724
        ],
        [
            0.06941761821508408,
            0.0008729621767997742,
            0.007259391248226166
        ],
        [
            0.12528590857982635,
            0.013277208432555199,
            -0.10878565162420273
        ],
        [
            0.12381912767887115,
            0.02124277874827385,
            -0.11124108731746674
        ],
        [
            0.06559497863054276,
            -0.0011202450841665268,
            0.01525145024061203
        ],
        [
            0.07063336670398712,
            -0.008670587092638016,
            0.013145998120307922
        ],
        [
            0.08235152065753937,
            -0.00714259035885334,
            -0.01687302440404892
        ],
        [
            0.09105991572141647,
            -0.01422038022428751,
            -0.021030552685260773
        ],
        [
            0.08359762281179428,
            -0.003199562430381775,
            -0.030276864767074585
        ],
        [
            0.09188403189182281,
            -0.009943186305463314,
            -0.03542638197541237
        ],
        [
            0.08571358025074005,
            0.00576678104698658,
            -0.0750424787402153
        ],
        [
            0.13249680399894714,
            0.037419602274894714,
            -0.11622907966375351
        ],
        [
            0.12550733983516693,
            0.029607335105538368,
            -0.11140885204076767
        ],
        [
            0.12614920735359192,
            0.031564828008413315,
            -0.10593351721763611
        ],
        [
            0.13110104203224182,
            0.03912866488099098,
            -0.11244643479585648
        ],
        [
            0.12188156694173813,
            0.025925520807504654,
            -0.10644728690385818
        ],
        [
            0.12771296501159668,
            0.02526572346687317,
            -0.1143493726849556
        ],
        [
            0.10653005540370941,
            -0.015729065984487534,
            -0.03893887996673584
        ],
        [
            0.11180383712053299,
            0.01831546053290367,
            -0.08551149815320969
        ],
        [
            0.10984751582145691,
            -0.02000449411571026,
            -0.022745870053768158
        ],
        [
            0.12394892424345016,
            -0.015867115929722786,
            -0.045692190527915955
        ],
        [
            0.12813350558280945,
            -0.017337661236524582,
            -0.032961323857307434
        ],
        [
            0.11470598727464676,
            -0.024043967947363853,
            -0.005512997508049011
        ],
        [
            0.12915273010730743,
            -0.020578600466251373,
            -0.01666022092103958
        ],
        [
            0.10333094745874405,
            -0.025339342653751373,
            0.010467395186424255
        ],
        [
            0.10721781849861145,
            -0.024442516267299652,
            0.0020738020539283752
        ],
        [
            0.14295433461666107,
