{
    "pred_cam": [
        10.527402877807617,
        0.12829171121120453,
        -0.046159304678440094
    ],
    "pred_mano_params": {
        "global_orient": [
            [
                [
                    -0.26028963923454285,
                    -0.7054370641708374,
                    0.659247875213623
                ],
                [
                    0.0019548283889889717,
                    -0.6831666827201843,
                    -0.7302597761154175
                ],
                [
                    0.9655285477638245,
                    -0.18879033625125885,
                    0.1792002171278
                ]
            ]
        ],
        "hand_pose": [
            [
                [
                    0.6403413414955139,
                    -0.7367634177207947,
                    -0.2171236127614975
                ],
                [
                    0.7093312740325928,
                    0.6756719350814819,
                    -0.20078986883163452
                ],
                [
                    0.2946389615535736,
                    -0.025438524782657623,
                    0.9552700519561768
                ]
            ],
            [
                [
                    0.9759058356285095,
                    -0.19751153886318207,
                    0.09271978586912155
                ],
                [
                    0.21658651530742645,
                    0.9283640384674072,
                    -0.30204376578330994
                ],
                [
                    -0.026420587673783302,
                    0.3148481249809265,
                    0.9487742185592651
                ]
            ],
            [
                [
                    0.8300238251686096,
                    -0.5530351400375366,
                    0.07219771295785904
                ],
                [
                    0.5361586213111877,
                    0.8268621563911438,
                    0.16980212926864624
                ],
                [
                    -0.15360410511493683,
                    -0.10223039239645004,
                    0.9828298687934875
                ]
            ],
            [
                [
                    0.8465448021888733,
                    -0.5079467296600342,
                    -0.15922310948371887
                ],
                [
                    0.4962294399738312,
                    0.8612823486328125,
                    -0.10931210964918137
                ],
                [
                    0.19266076385974884,
                    0.013526401482522488,
                    0.9811722040176392
                ]
            ],
            [
                [
                    0.8041428923606873,
                    -0.5750958919525146,
                    -0.15039581060409546
                ],
                [
                    0.594205379486084,
                    0.7706305384635925,
                    0.2303227037191391
                ],
                [
                    -0.01655804179608822,
                    -0.27457836270332336,
                    0.9614221453666687
                ]
            ],
            [
                [
                    0.7665695548057556,
                    -0.6421574950218201,
                    -0.0022088629193603992
                ],
                [
                    0.6420509815216064,
                    0.7663695812225342,
                    0.021171649917960167
                ],
                [
                    -0.01190272904932499,
                    -0.017647745087742805,
                    0.9997734427452087
                ]
            ],
            [
                [
                    0.34630823135375977,
                    -0.8996968269348145,
                    -0.26573702692985535
                ],
                [
                    0.8371042609214783,
                    0.16849428415298462,
                    0.5204479694366455
                ],
                [
                    -0.42347025871276855,
                    -0.4026850163936615,
                    0.8114910125732422
                ]
            ],
            [
                [
                    0.9685781598091125,
                    -0.19466817378997803,
                    -0.15479251742362976
                ],
                [
                    0.1599799543619156,
                    0.964188814163208,
                    -0.21153348684310913
                ],
                [
                    0.19042804837226868,
                    0.18012301623821259,
                    0.9650352597236633
                ]
            ],
            [
                [
                    0.9658260345458984,
                    0.25917109847068787,
                    -0.003214845433831215
                ],
                [
                    -0.22219735383987427,
                    0.8342986702919006,
                    0.5045533776283264
                ],
                [
                    0.1334477663040161,
                    -0.4865964651107788,
                    0.8633745312690735
                ]
            ],
            [
                [
                    0.6348949074745178,
                    -0.765482485294342,
                    -0.10461855679750443
                ],
                [
                    0.759482204914093,
                    0.6432133913040161,
                    -0.09727978706359863
                ],
                [
                    0.1417580395936966,
                    -0.017693491652607918,
                    0.9897432327270508
                ]
            ],
            [
                [
                    0.9633080363273621,
                    -0.2667188048362732,
                    -0.02997945435345173
                ],
                [
                    0.25339335203170776,
                    0.8669383525848389,
                    0.42919662594795227
                ],
                [
                    -0.08848447352647781,
                    -0.42104512453079224,
                    0.9027134776115417
                ]
            ],
            [
                [
                    0.8178176879882812,
                    -0.5660295486450195,
                    -0.10384982824325562
                ],
                [
                    0.5753578543663025,
                    0.8005456328392029,
                    0.16760069131851196
                ],
                [
                    -0.011730424128472805,
                    -0.19681762158870697,
                    0.9803699254989624
                ]
            ],
            [
                [
                    0.9416069984436035,
                    -0.27508485317230225,
                    -0.19417650997638702
                ],
                [
                    -0.06751719862222672,
                    0.4107174277305603,
                    -0.9092593193054199
                ],
                [
                    0.3298751711845398,
                    0.8692752718925476,
                    0.3681614398956299
                ]
            ],
            [
                [
                    0.8332768678665161,
                    -0.48952996730804443,
                    -0.2569241523742676
                ],
                [
                    0.5523189902305603,
                    0.7166391015052795,
                    0.4258780777454376
                ],
                [
                    -0.024358205497264862,
                    -0.4967784881591797,
                    0.8675354719161987
                ]
            ],
            [
                [
                    0.9251720905303955,
                    0.30999118089675903,
                    -0.21900244057178497
                ],
                [
                    -0.3581430912017822,
                    0.9040425419807434,
                    -0.23332500457763672
                ],
                [
                    0.12565883994102478,
                    0.29429998993873596,
                    0.9474161267280579
                ]
            ]
        ],
        "betas": [
            0.0043143630027771,
            -0.0758385956287384,
            -0.13897380232810974,
            -0.05324640870094299,
            0.05152049660682678,
            -0.037171147763729095,
            0.027257204055786133,
            -0.10559225082397461,
            0.001328110694885254,
            -0.007677704095840454
        ]
    },
    "pred_cam_t": [
        -0.12829171121120453,
        -0.046159304678440094,
        3.710554361343384
    ],
    "focal_length": [
        5000.0,
        5000.0
    ],
    "pred_keypoints_3d": [
        [
            0.09580183774232864,
            0.0063895876519382,
            0.006221468560397625
        ],
        [
            0.1299431025981903,
            -0.001856327522546053,
            -0.00948145892471075
        ],
        [
            0.1519249826669693,
            0.009550083428621292,
            -0.027776025235652924
        ],
        [
            0.1627776026725769,
            0.02807500772178173,
            -0.04438519850373268
        ],
        [
            0.1746700555086136,
            0.047657210379838943,
            -0.07279849052429199
        ],
        [
            0.13596484065055847,
            -0.005258603487163782,
            -0.07418271899223328
        ],
        [
            0.15206784009933472,
            0.014618037268519402,
            -0.09521319717168808
        ],
        [
            0.16408208012580872,
            0.03224385529756546,
            -0.10166376084089279
        ],
        [
            0.17744125425815582,
            0.052544720470905304,
            -0.09634751826524734
        ],
        [
            0.11925895512104034,
            0.009709242731332779,
            -0.08551729470491409
        ],
        [
            0.12797026336193085,
            0.02710018679499626,
            -0.11064283549785614
        ],
        [
            0.14047978818416595,
            0.046587973833084106,
            -0.11364346742630005
        ],
        [
            0.15599997341632843,
            0.0646812841296196,
            -0.10451512038707733
        ],
        [
            0.1023349016904831,
            0.02837531641125679,
            -0.07677720487117767
        ],
        [
            0.11516357213258743,
            0.04842805117368698,
            -0.09316187351942062
        ],
        [
            0.12837302684783936,
            0.06941625475883484,
            -0.09519625455141068
        ],
        [
            0.1437419205904007,
            0.08803007751703262,
            -0.08692852407693863
        ],
        [
            0.0923672541975975,
            0.044542960822582245,
            -0.06615888327360153
        ],
        [
            0.1057770699262619,
            0.060909949243068695,
            -0.06536934524774551
        ],
        [
            0.11595151573419571,
            0.07680873572826385,
            -0.06296923011541367
        ],
        [
            0.12872979044914246,
            0.09710978716611862,
            -0.061189789324998856
        ]
    ],
    "pred_vertices": [
        [
            0.130584254860878,
            0.006789681501686573,
            -0.035596851259469986
        ],
        [
            0.12731970846652985,
            0.008612792007625103,
            -0.02464461326599121
        ],
        [
            0.13419349491596222,
            0.010239959694445133,
            -0.028936848044395447
        ],
        [
            0.13786545395851135,
            0.005600966513156891,
            -0.03906364366412163
        ],
        [
            0.1363733559846878,
            0.016606582328677177,
            -0.007755763828754425
        ],
        [
            0.14350521564483643,
            0.010057387873530388,
            -2.911686897277832e-05
        ],
        [
            0.1533072292804718,
            0.015337081626057625,
            -0.0128435418009758
        ],
        [
            0.1450246423482895,
            0.021235087886452675,
            -0.015925563871860504
        ],
        [
            0.14233122766017914,
            0.004629958420991898,
            -0.04224532097578049
        ],
        [
            0.13997215032577515,
            0.01210201159119606,
            -0.03246049955487251
        ],
        [
            0.1421731859445572,
            0.003990594297647476,
            -0.04244272783398628
        ],
        [
            0.141111359000206,
            -0.00961315631866455,
            -0.052952080965042114
        ],
        [
            0.14255711436271667,
            -0.00392336118966341,
            -0.051368020474910736
        ],
        [
            0.13996785879135132,
            -0.014151385053992271,
            -0.06103044003248215
        ],
        [
            0.13501720130443573,
            -0.017038855701684952,
            -0.048913195729255676
        ],
        [
            0.1319330483675003,
            -0.018532445654273033,
            -0.06380533427000046
        ],
        [
            0.1072055995464325,
            -0.01301562786102295,
            -0.04775150865316391
        ],
        [
            0.096982441842556,
            -0.004106972366571426,
            -0.04663626104593277
        ],
        [
            0.10049806535243988,
            -0.002258891239762306,
            -0.06331057101488113
        ],
        [
            0.11104629188776016,
            -0.01090411376208067,
            -0.06271946430206299
        ],
        [
            0.08844739198684692,
            0.01294132973998785,
            -0.05605647712945938
        ],
        [
            0.09521908313035965,
            0.004623132757842541,
            -0.06093871593475342
        ],
        [
            0.09084180742502213,
            0.0020182346925139427,
            -0.0443628691136837
        ],
        [
            0.08532766997814178,
            0.009733558632433414,
            -0.04059302806854248
        ],
        [
            0.11823815107345581,
            0.013959720730781555,
            -0.030368272215127945
        ],
        [
            0.11576036363840103,
            0.01474580354988575,
            -0.019812293350696564
        ],
        [
            0.11942673474550247,
            0.010686667636036873,
            -0.021407853811979294
        ],
        [
            0.12230309098958969,
            0.010468998923897743,
            -0.031476523727178574
        ],
        [
            0.15002501010894775,
            0.007645571604371071,
            -0.040513575077056885
        ],
        [
            0.14476095139980316,
            -0.008091476745903492,
            -0.036680158227682114
        ],
        [
            0.14265090227127075,
            -0.0033628446981310844,
            -0.04170161858201027
        ],
        [
            0.14776411652565002,
            0.012536123394966125,
            -0.03995019569993019
        ],
        [
            0.10850591957569122,
            0.026882711797952652,
            0.005749806761741638
        ],
        [
            0.10269540548324585,
            0.021077334880828857,
            0.016477569937705994
        ],
        [
            0.10630713403224945,
            0.016346223652362823,
            0.01675538718700409
        ],
        [
            0.11054089665412903,
            0.022196505218744278,
            0.006757393479347229
        ],
        [
            0.12590546905994415,
            0.005917439237236977,
            0.013209111988544464
        ],
        [
            0.11782239377498627,
            0.0021310346201062202,
            0.018866129219532013
        ],
        [
            0.11704064160585403,
            -0.010288543999195099,
            0.022879362106323242
        ],
        [
            0.12535393238067627,
            -0.009373432025313377,
            0.015655696392059326
        ],
        [
            0.13517743349075317,
            0.008185667917132378,
            0.006755620241165161
        ],
        [
            0.1370014101266861,
            -0.004599869716912508,
            0.00950969010591507
        ],
        [
            0.1473935842514038,
            -0.0005875136703252792,
            0.0006410032510757446
        ],
        [
            0.15825720131397247,
            0.0076624248176813126,
            -0.014071695506572723
        ],
        [
            0.09267667680978775,
            0.028960607945919037,
            0.015262909233570099
        ],
        [
            0.09583255648612976,
            0.034746792167425156,
            0.007454216480255127
        ],
        [
            0.1604318767786026,
            0.019228629767894745,
            -0.08810090273618698
        ],
        [
            0.15648606419563293,
            0.023571103811264038,
            -0.08831560611724854
        ],
        [
            0.1543632447719574,
            0.019858472049236298,
            -0.08476074784994125
        ],
        [
            0.15857982635498047,
            0.016077743843197823,
            -0.08566466718912125
        ],
        [
            0.07609531283378601,
            0.02837664820253849,
            0.003752760589122772
        ],
        [
            0.07018879055976868,
            0.020897159352898598,
            0.0006295964121818542
        ],
        [
            0.06894728541374207,
            0.021728768944740295,
            0.0077602192759513855
        ],
        [
            0.07563356310129166,
            0.02726445347070694,
            0.011219896376132965
        ],
        [
            0.07672591507434845,
            0.02980891615152359,
            -0.0061181336641311646
        ],
        [
            0.07259982824325562,
            0.019799180328845978,
            -0.009120427072048187
        ],
        [
            0.16032059490680695,
            0.012770181521773338,
            -0.0990353375673294
        ],
        [
            0.16284368932247162,
            0.013728087767958641,
            -0.0946604460477829
        ],
        [
            0.1598198264837265,
            0.009564011357724667,
            -0.09321040660142899
        ],
        [
            0.15621823072433472,
            0.00872668344527483,
            -0.09688813984394073
        ],
        [
            0.14027664065361023,
            0.001067555509507656,
            -0.04839713126420975
        ],
        [
            0.13389652967453003,
            0.006031810771673918,
            -0.04501132667064667
        ],
        [
            0.14176245033740997,
            0.0004243925213813782,
            -0.06447739899158478
        ],
        [
            0.13776563107967377,
            0.0026914160698652267,
            -0.057949215173721313
        ],
        [
            0.1415470987558365,
            -0.0028861360624432564,
            -0.05685807764530182
        ],
        [
            0.143967866897583,
            -0.004875193350017071,
            -0.06298045814037323
        ],
        [
            0.11994771659374237,
            0.01721787080168724,
            -0.05285777151584625
        ],
        [
            0.11764694005250931,
            0.016243990510702133,
            -0.04142744466662407
        ],
        [
            0.12239424884319305,
            0.012045737355947495,
            -0.04330775886774063
        ],
        [
            0.12661869823932648,
            0.012456031516194344,
            -0.05557039752602577
        ],
        [
            0.10973892360925674,
            0.02765701338648796,
            -0.038927607238292694
        ],
        [
            0.1122140884399414,
            0.027268435806035995,
            -0.050437115132808685
        ],
        [
            0.10743539780378342,
            0.03365008160471916,
            -0.047449786216020584
        ],
        [
            0.10727608948945999,
            0.033553093671798706,
            -0.0396844781935215
        ],
        [
            0.1183774545788765,
            0.02407320775091648,
            -0.07006704807281494
        ],
        [
            0.11901699751615524,
            0.023764479905366898,
            -0.07715387642383575
        ],
        [
            0.11780374497175217,
            0.027500182390213013,
            -0.0767909437417984
        ],
        [
            0.1160511001944542,
            0.026445776224136353,
            -0.06902703642845154
        ],
        [
            0.06720827519893646,
            0.02146533504128456,
            0.014636583626270294
        ],
        [
            0.07544109225273132,
            0.025281092151999474,
            0.018241941928863525
        ],
        [
            0.07910743355751038,
            0.03126939386129379,
            -0.04834556579589844
        ],
        [
            0.08001753687858582,
            0.03925313428044319,
            -0.04075024276971817
        ],
        [
            0.0822819322347641,
            0.043676767498254776,
            -0.05251999944448471
        ],
        [
            0.07986071705818176,
            0.033636610954999924,
            -0.0586824044585228
        ],
        [
            0.06989221274852753,
            0.011159284971654415,
            -0.0027249231934547424
        ],
        [
            0.06647822260856628,
            0.012775559909641743,
            0.004128120839595795
        ],
        [
            0.15555340051651,
            0.014748136512935162,
            -0.10244842618703842
        ],
        [
            0.15134578943252563,
            0.011062867939472198,
            -0.09928519278764725
        ],
        [
            0.14292073249816895,
            -0.013182859867811203,
            -0.002027750015258789
        ],
        [
            0.1579008400440216,
            -0.0014755018055438995,
            -0.01763838902115822
        ],
        [
            0.12891724705696106,
            -0.017618317157030106,
            0.007976993918418884
        ],
        [
            0.11809627711772919,
            -0.01926524192094803,
            0.0135577991604805
        ],
        [
            0.11103855073451996,
            -0.020478226244449615,
            0.020057499408721924
        ],
        [
            0.13455793261528015,
            0.006909889169037342,
            -0.06180977076292038
        ],
        [
            0.1266215592622757,
            0.009182129055261612,
            -0.040405213832855225
        ],
        [
            0.1149211898446083,
            0.017734568566083908,
            -0.0294390469789505
        ],
        [
            0.09961836785078049,
            0.044292885810136795,
            -0.028196122497320175
        ],
        [
            0.09838295727968216,
            0.04350385069847107,
            -0.01794038712978363
        ],
        [
            0.10603252798318863,
            0.037091564387083054,
            -0.021693632006645203
        ],
        [
            0.10507532954216003,
            0.03870542719960213,
            -0.030083399266004562
        ],
        [
            0.08623986691236496,
            0.046567611396312714,
            -0.03764037787914276
        ],
        [
            0.09415076673030853,
            0.04742639511823654,
            -0.0376514308154583
        ],
        [
            0.09526550769805908,
            0.04796628654003143,
            -0.04511729255318642
        ],
        [
            0.08785731345415115,
            0.04826492816209793,
            -0.047055140137672424
        ],
        [
            0.1563594937324524,
            0.004124943166971207,
            -0.03923464193940163
        ],
        [
            0.1480545550584793,
            -0.011315643787384033,
            -0.031268272548913956
        ],
        [
            0.08487985283136368,
            0.03332284837961197,
            0.006941631436347961
        ],
        [
            0.08503018319606781,
            0.02987297996878624,
            0.013953827321529388
        ],
        [
            0.08250658959150314,
            0.026222065091133118,
            0.021231450140476227
        ],
        [
            0.1134440004825592,
            0.019949644804000854,
            -0.0065483152866363525
        ],
        [
            0.11208190023899078,
            0.018924172967672348,
            0.007526949048042297
        ],
        [
            0.11533565819263458,
            0.015823036432266235,
            0.007143877446651459
        ],
        [
            0.1145763173699379,
            0.016422530636191368,
            -0.007188029587268829
        ],
        [
            0.1251126080751419,
            0.012617791071534157,
            -0.012952707707881927
        ],
        [
            0.127292662858963,
            0.013725008815526962,
            -0.00012886524200439453
        ],
        [
            0.13188128173351288,
            0.016741396859288216,
            -0.018845051527023315
        ],
        [
            0.1108255609869957,
            0.009676419198513031,
            0.018729254603385925
        ],
        [
            0.10341428220272064,
            0.013361918739974499,
            0.026150822639465332
        ],
        [
            0.10816124826669693,
            0.005848288536071777,
            0.026843219995498657
        ],
        [
            0.096266970038414,
            0.01996920257806778,
            0.02516084909439087
        ],
        [
            0.08902899920940399,
            0.024845395237207413,
            0.023498237133026123
        ],
        [
            0.06128227338194847,
            0.011905858293175697,
            0.01082632690668106
        ],
        [
            0.11177513003349304,
            -0.0016019281465560198,
            0.026192963123321533
        ],
        [
            0.15162482857704163,
            0.023371689021587372,
            -0.022276796400547028
        ],
        [
            0.15673504769802094,
            0.02640894427895546,
            -0.027990754693746567
        ],
        [
            0.1502601057291031,
            0.025698022916913033,
            -0.031684476882219315
        ],
        [
            0.14508090913295746,
            0.022448794916272163,
            -0.02722989395260811
        ],
        [
            0.1407654732465744,
            -0.014389436691999435,
            -0.06993106007575989
        ],
        [
            0.14448656141757965,
            -0.00956414733082056,
            -0.06567192077636719
        ],
        [
            0.14296650886535645,
            -0.009060774929821491,
            -0.05735024809837341
        ],
        [
            0.10757392644882202,
            0.032322194427251816,
            -0.0045267269015312195
        ],
        [
            0.09700709581375122,
            0.03888322040438652,
            -0.0025175586342811584
        ],
        [
            0.1383991539478302,
            0.004622817970812321,
            -0.06814748048782349
        ],
        [
            0.1526051163673401,
            0.00489396695047617,
            -0.09576113522052765
        ],
        [
            0.15664981305599213,
            0.0053456975147128105,
            -0.09147060662508011
        ],
        [
            0.1477857381105423,
            -0.006988175213336945,
            -0.08002711087465286
        ],
        [
            0.14350095391273499,
            -0.007234477438032627,
            -0.08552101254463196
        ],
        [
            0.1348886340856552,
            0.007188259158283472,
            -0.07741057872772217
        ],
        [
            0.1386229544878006,
            0.006003562361001968,
            -0.07096302509307861
        ],
        [
            0.13846631348133087,
            0.00720494519919157,
            -0.07281812280416489
        ],
        [
            0.13521772623062134,
            0.010289192199707031,
            -0.07771296799182892
        ],
        [
            0.11275649815797806,
            0.03318170830607414,
            -0.07137881219387054
        ],
        [
            0.11149238795042038,
            0.032141879200935364,
            -0.06473835557699203
        ],
        [
            0.11705882102251053,
            -0.005649524740874767,
            -0.07677258551120758
        ],
        [
            0.12366198003292084,
            -0.01716739311814308,
            -0.07569429278373718
        ],
        [
            0.12074169516563416,
            -0.018138162791728973,
            -0.06305120140314102
        ],
        [
            0.11515717953443527,
            0.022552549839019775,
            -0.05083528533577919
        ],
        [
            0.11679187417030334,
            0.02402663789689541,
            -0.061034899204969406
        ],
        [
            0.11410008370876312,
            0.026928821578621864,
            -0.060205474495887756
        ],
        [
            0.13274289667606354,
            0.009151200763881207,
            -0.06570681929588318
        ],
        [
            0.13455423712730408,
            0.007923130877315998,
            -0.07188563048839569
        ],
        [
            0.13113966584205627,
            0.010900797322392464,
            -0.07115621864795685
        ],
        [
            0.1287626028060913,
            0.012524856254458427,
            -0.06436869502067566
        ],
        [
            0.07747605443000793,
            0.03573831543326378,
            -0.028339751064777374
        ],
        [
            0.08449031412601471,
            0.044554274529218674,
            -0.025235973298549652
        ],
        [
            0.16280309855937958,
            0.015875667333602905,
            -0.09053970873355865
        ],
        [
            0.1604522168636322,
            0.01216144859790802,
            -0.08880280703306198
        ],
        [
            0.11306726932525635,
            0.02152494341135025,
            -0.03966192528605461
        ],
        [
            0.11790654063224792,
            -0.017822720110416412,
            -0.04833725094795227
        ],
        [
            0.11167588084936142,
            0.022050641477108,
            -0.028378233313560486
        ],
        [
            0.09322229772806168,
            0.028160864487290382,
            -0.07114770263433456
        ],
        [
            0.09838581830263138,
            0.03620311617851257,
            -0.06897211819887161
        ],
        [
            0.10035593062639236,
            0.03667454794049263,
            -0.07332417368888855
        ],
        [
            0.0973082184791565,
            0.03192221373319626,
            -0.07697371393442154
        ],
        [
            0.14220738410949707,
            0.019468005746603012,
            -0.08763956278562546
        ],
        [
            0.14672532677650452,
            0.01972653716802597,
            -0.08392324298620224
        ],
        [
            0.14925605058670044,
            0.02293933555483818,
            -0.08657533675432205
        ],
        [
            0.1452748030424118,
            0.0228554867208004,
            -0.09076377004384995
        ],
        [
            0.1425028145313263,
            0.0024846899323165417,
            -0.06814877688884735
        ],
        [
            0.14585798978805542,
            -0.002789131598547101,
            -0.0675089955329895
        ],
        [
            0.14737358689308167,
            0.0009751273319125175,
            -0.07106110453605652
        ],
        [
            0.14299464225769043,
            0.005070002283900976,
            -0.07157973200082779
        ],
        [
            0.1464935839176178,
            -0.0075447456911206245,
            -0.07071641832590103
        ],
        [
            0.14895811676979065,
            -0.004000985994935036,
            -0.07455350458621979
        ],
        [
            0.1402154266834259,
            0.016286268830299377,
            -0.09291441738605499
        ],
        [
            0.14239764213562012,
            0.010754023678600788,
            -0.09742174297571182
        ],
        [
            0.13299880921840668,
            0.0013657368253916502,
            -0.08844812959432602
        ],
        [
            0.13345634937286377,
            0.008502799086272717,
            -0.08474788069725037
        ],
        [
            0.08122464269399643,
            0.005821766331791878,
            -0.026400480419397354
        ],
        [
            0.07644805312156677,
            0.01551030483096838,
            -0.02379123866558075
        ],
        [
            0.08021202683448792,
            0.019627321511507034,
            -0.03802454099059105
        ],
        [
            0.08281479775905609,
            0.023605067282915115,
            -0.052538543939590454
        ],
        [
            0.08691780269145966,
            0.02706555649638176,
            -0.06567144393920898
        ],
        [
            0.09015528112649918,
            0.015587851405143738,
            -0.06923197954893112
        ],
        [
            0.07715234160423279,
            0.026377368718385696,
            -0.0345282107591629
        ],
        [
            0.12711909413337708,
            0.003746147034689784,
            -0.0820058137178421
        ],
        [
            0.12620677053928375,
            -0.004500245209783316,
            -0.08179227262735367
        ],
        [
            0.12205448001623154,
            -0.0010729287751019,
            -0.08148113638162613
        ],
        [
            0.10874710232019424,
            0.028843995183706284,
            -0.027448497712612152
        ],
        [
            0.15797476470470428,
            0.007665812969207764,
            -0.08697746694087982
        ],
        [
            0.09559571743011475,
            -0.022541765123605728,
            0.00426793098449707
        ],
        [
            0.08392821997404099,
            -0.015885941684246063,
            0.001488909125328064
        ],
        [
            0.08870021253824234,
            -0.015707511454820633,
            -0.005922302603721619
        ],
        [
            0.10278385877609253,
            -0.022563386708498,
            -0.0028081387281417847
        ],
        [
            0.15242591500282288,
            0.016520120203495026,
            -0.08181256055831909
        ],
        [
            0.15682044625282288,
            0.012146761640906334,
            -0.08270569890737534
        ],
        [
            0.10852303355932236,
            0.03761093690991402,
            -0.06387455016374588
        ],
        [
            0.1093064695596695,
            0.03759908676147461,
            -0.07019688934087753
        ],
        [
            0.10572150349617004,
            0.03967663273215294,
            -0.07127949595451355
        ],
        [
            0.10631882399320602,
            0.04248364269733429,
            -0.06497183442115784
        ],
        [
            0.07448866963386536,
            0.020357079803943634,
            -0.020913168787956238
        ],
        [
            0.08696721494197845,
            0.04865219071507454,
            -0.05690985918045044
        ],
        [
            0.08452074229717255,
            0.03936000168323517,
            -0.06397583335638046
        ],
        [
            0.07334822416305542,
            0.011554787866771221,
            -0.01160789281129837
        ],
        [
            0.0769025981426239,
            0.002783101052045822,
            -0.013943448662757874
        ],
        [
            0.0734526515007019,
            0.0010897815227508545,
            -0.004971310496330261
        ],
        [
            0.10191278159618378,
            0.008631270378828049,
            -0.0762692242860794
        ],
        [
            0.08604949712753296,
            -0.000443166121840477,
            -0.029907558113336563
        ],
        [
            0.08153165131807327,
            -0.0028261030092835426,
            -0.016291871666908264
        ],
        [
            0.07759091258049011,
            -0.005116097629070282,
            -0.005698293447494507
        ],
        [
            0.07390546798706055,
            -0.006541391834616661,
            0.0016444474458694458
        ],
        [
            0.06985779106616974,
            0.0004902109503746033,
            0.0017405524849891663
        ],
        [
            0.14721719920635223,
            0.007455532439053059,
            -0.09759178012609482
        ],
        [
            0.14620739221572876,
            0.015261744149029255,
            -0.099978968501091
        ],
        [
            0.06427104771137238,
            -0.0008576195687055588,
            0.00876963883638382
        ],
        [
            0.06963005661964417,
            -0.008390548638999462,
            0.008635371923446655
        ],
        [
            0.08780892938375473,
            -0.009373476728796959,
            -0.017873071134090424
        ],
        [
            0.09704647958278656,
            -0.016570154577493668,
            -0.019160538911819458
        ],
        [
            0.09207568317651749,
            -0.006664877757430077,
            -0.03091084584593773
        ],
        [
            0.10112173110246658,
            -0.013642927631735802,
            -0.03331683203577995
        ],
        [
            0.10409525036811829,
            -0.0020134327933192253,
            -0.07554924488067627
        ],
        [
            0.15584643185138702,
            0.030798330903053284,
            -0.10601405799388885
        ],
        [
            0.14830027520656586,
            0.023756377398967743,
            -0.10090717673301697
        ],
        [
            0.14857354760169983,
            0.02627001702785492,
            -0.09569063037633896
        ],
        [
            0.15453755855560303,
            0.03300711512565613,
            -0.10258308053016663
        ],
        [
            0.14389003813266754,
            0.020096413791179657,
            -0.09580275416374207
        ],
        [
            0.15056727826595306,
            0.019063778221607208,
            -0.10327240079641342
        ],
        [
            0.11528441309928894,
            -0.01955059915781021,
            -0.033034797757864
        ],
        [
            0.13206537067890167,
            0.010271250270307064,
            -0.07811873406171799
        ],
        [
            0.11516726762056351,
            -0.02217661775648594,
            -0.016358546912670135
        ],
        [
            0.13217180967330933,
            -0.020449267700314522,
            -0.03684436157345772
        ],
        [
            0.1342010796070099,
            -0.020645257085561752,
            -0.023998059332370758
        ],
        [
            0.11686022579669952,
            -0.024339066818356514,
            0.0015141144394874573
        ],
        [
            0.1331765502691269,
            -0.02201976254582405,
            -0.007849186658859253
        ],
        [
            0.10190501809120178,
            -0.024358395487070084,
            0.015009626746177673
        ],
        [
            0.10774080455303192,
            -0.024120137095451355,
            0.007583707571029663
        ],
        [
            0.1480543613433838,
