{
    "pred_cam": [
        8.741539001464844,
        0.13172893226146698,
        -0.04512809216976166
    ],
    "pred_mano_params": {
        "global_orient": [
            [
                [
                    -0.36103376746177673,
                    -0.6990300416946411,
                    0.6172613501548767
                ],
                [
                    0.03564083203673363,
                    -0.6717644333839417,
                    -0.739906907081604
                ],
                [
                    0.9318713545799255,
                    -0.24513167142868042,
                    0.2674436569213867
                ]
            ]
        ],
        "hand_pose": [
            [
                [
                    0.7283869385719299,
                    -0.6221842169761658,
                    -0.28694823384284973
                ],
                [
                    0.5779463648796082,
                    0.7828683257102966,
                    -0.23042385280132294
                ],
                [
                    0.3680087625980377,
                    0.0019970303401350975,
                    0.92982017993927
                ]
            ],
            [
                [
                    0.9433748722076416,
                    -0.3117138147354126,
                    0.11348262429237366
                ],
                [
                    0.33152782917022705,
                    0.8978187441825867,
                    -0.2898459732532501
                ],
                [
                    -0.011537830345332623,
                    0.31105607748031616,
                    0.9503214359283447
                ]
            ],
            [
                [
                    0.872823178768158,
                    -0.4834955036640167,
                    0.06642159819602966
                ],
                [
                    0.46636542677879333,
                    0.8664109706878662,
                    0.1784246414899826
                ],
                [
                    -0.14381590485572815,
                    -0.12475641816854477,
                    0.9817091822624207
                ]
            ],
            [
                [
                    0.8220452666282654,
                    -0.5530385971069336,
                    -0.13560889661312103
                ],
                [
                    0.5464988946914673,
                    0.8331444263458252,
                    -0.08490747958421707
                ],
                [
                    0.15993891656398773,
                    -0.004312308505177498,
                    0.9871174097061157
                ]
            ],
            [
                [
                    0.8494309186935425,
                    -0.5043143033981323,
                    -0.15535157918930054
                ],
                [
                    0.5268301367759705,
                    0.827344536781311,
                    0.1948104351758957
                ],
                [
                    0.030283574014902115,
                    -0.24732190370559692,
                    0.9684600234031677
                ]
            ],
            [
                [
                    0.839501142501831,
                    -0.5426907539367676,
                    0.02691679447889328
                ],
                [
                    0.5425960421562195,
                    0.8399171829223633,
                    0.011342140845954418
                ],
                [
                    -0.02876315452158451,
                    0.005083206109702587,
                    0.999573290348053
                ]
            ],
            [
                [
                    0.4317934513092041,
                    -0.8754833340644836,
                    -0.2169869840145111
                ],
                [
                    0.806621789932251,
                    0.2671530544757843,
                    0.5272480845451355
                ],
                [
                    -0.4036281704902649,
                    -0.4026887118816376,
                    0.8215388655662537
                ]
            ],
            [
                [
                    0.9677313566207886,
                    -0.19235296547412872,
                    -0.16277694702148438
                ],
                [
                    0.16391141712665558,
                    0.9711615443229675,
                    -0.17314234375953674
                ],
                [
                    0.19138716161251068,
                    0.14087428152561188,
                    0.9713523387908936
                ]
            ],
            [
                [
                    0.9758440256118774,
                    0.21814309060573578,
                    0.011920969933271408
                ],
                [
                    -0.1951286345720291,
                    0.8457518219947815,
                    0.4966173470020294
                ],
                [
                    0.09825146943330765,
                    -0.4869471490383148,
                    0.8678878545761108
                ]
            ],
            [
                [
                    0.646641731262207,
                    -0.7607693672180176,
                    -0.05553745850920677
                ],
                [
                    0.7595838904380798,
                    0.6488839983940125,
                    -0.04451810196042061
                ],
                [
                    0.06990537792444229,
                    -0.013398097828030586,
                    0.9974636435508728
                ]
            ],
            [
                [
                    0.9721204042434692,
                    -0.22719798982143402,
                    -0.057990700006484985
                ],
                [
                    0.2316102236509323,
                    0.8917973041534424,
                    0.3886571526527405
                ],
                [
                    -0.036586176604032516,
                    -0.3912528157234192,
                    0.9195557236671448
                ]
            ],
            [
                [
                    0.8572746515274048,
                    -0.5126030445098877,
                    -0.048149675130844116
                ],
                [
                    0.5122644305229187,
                    0.8398377895355225,
                    0.17960408329963684
                ],
                [
                    -0.05162767693400383,
                    -0.178635373711586,
                    0.9825599193572998
                ]
            ],
            [
                [
                    0.9142594933509827,
                    -0.2915998101234436,
                    -0.28124579787254333
                ],
                [
                    -0.13212129473686218,
                    0.4416522979736328,
                    -0.8874047994613647
                ],
                [
                    0.3829798996448517,
                    0.848476767539978,
                    0.36525824666023254
                ]
            ],
            [
                [
                    0.8577666282653809,
                    -0.4611471891403198,
                    -0.2271115481853485
                ],
                [
                    0.5130290389060974,
                    0.7403082847595215,
                    0.4344477355480194
                ],
                [
                    -0.0322117954492569,
                    -0.4891695976257324,
                    0.8715936541557312
                ]
            ],
            [
                [
                    0.9357808232307434,
                    0.24909627437591553,
                    -0.2495303452014923
                ],
                [
                    -0.3150242269039154,
                    0.9085404872894287,
                    -0.27443385124206543
                ],
                [
                    0.1583479791879654,
                    0.3354179859161377,
                    0.9286661148071289
                ]
            ]
        ],
        "betas": [
            0.02530096471309662,
            -0.10234743356704712,
            -0.11933980882167816,
            -0.048369377851486206,
            0.030083775520324707,
            -0.036194972693920135,
            0.006488800048828125,
            -0.07950323820114136,
            -0.009537860751152039,
            -0.0030038952827453613
        ]
    },
    "pred_cam_t": [
        -0.13172893226146698,
        -0.04512809216976166,
        4.468606948852539
    ],
    "focal_length": [
        5000.0,
        5000.0
    ],
    "pred_keypoints_3d": [
        [
            0.09568138420581818,
            0.006383195519447327,
            0.006218475289642811
        ],
        [
            0.13102367520332336,
            -0.003095547668635845,
            -0.005509489215910435
        ],
        [
            0.15368027985095978,
            0.0068170372396707535,
            -0.023797158151865005
        ],
        [
            0.16596657037734985,
            0.023614896461367607,
            -0.04117786884307861
        ],
        [
            0.17865248024463654,
            0.04287514463067055,
            -0.06923782825469971
        ],
        [
            0.14373797178268433,
            -0.008447567000985146,
            -0.06899760663509369
        ],
        [
            0.15868037939071655,
            0.008910765871405602,
            -0.09283798933029175
        ],
        [
            0.17024749517440796,
            0.026774201542139053,
            -0.09934531897306442
        ],
        [
            0.18331781029701233,
            0.04767461121082306,
            -0.09615035355091095
        ],
        [
            0.1287730634212494,
            0.00655569601804018,
            -0.08242838829755783
        ],
        [
            0.14216499030590057,
            0.023484650999307632,
            -0.10570809245109558
        ],
        [
            0.1551007628440857,
            0.04267614334821701,
            -0.10864187777042389
        ],
        [
            0.17056652903556824,
            0.06208236515522003,
            -0.10223191976547241
        ],
        [
            0.11153808236122131,
            0.025821415707468987,
            -0.07606054097414017
        ],
        [
            0.12817543745040894,
            0.04374539107084274,
            -0.09140777587890625
        ],
        [
            0.14232796430587769,
            0.06406082957983017,
            -0.09359733760356903
        ],
        [
            0.15829384326934814,
            0.08279973268508911,
            -0.08708382397890091
        ],
        [
            0.10091402381658554,
            0.0424736812710762,
            -0.06701726466417313
        ],
        [
            0.11471472680568695,
            0.05850077420473099,
            -0.06740034371614456
        ],
        [
            0.1251833140850067,
            0.07427972555160522,
            -0.0657486617565155
        ],
        [
            0.13876473903656006,
            0.09366580098867416,
            -0.06439104676246643
        ]
    ],
    "pred_vertices": [
        [
            0.13422319293022156,
            0.004810213111341,
            -0.031438879668712616
        ],
        [
            0.12971781194210052,
            0.007063751108944416,
            -0.020708702504634857
        ],
        [
            0.1366429626941681,
            0.008337636478245258,
            -0.024705566465854645
        ],
        [
            0.1414797455072403,
            0.003332600463181734,
            -0.034202925860881805
        ],
        [
            0.1380932331085205,
            0.015246217139065266,
            -0.004168376326560974
        ],
        [
            0.1445549875497818,
            0.008732239715754986,
            0.004010923206806183
        ],
        [
            0.15491119027137756,
            0.013065975159406662,
            -0.008920855820178986
        ],
        [
            0.1470756232738495,
            0.01913987100124359,
            -0.012573599815368652
        ],
        [
            0.14585870504379272,
            0.002088382840156555,
            -0.03723857179284096
        ],
        [
            0.14255887269973755,
            0.00988090317696333,
            -0.028218664228916168
        ],
        [
            0.14532709121704102,
            0.001241629826836288,
            -0.03798927366733551
        ],
        [
            0.1455889195203781,
            -0.012415295466780663,
            -0.0475863441824913
        ],
        [
            0.1472858488559723,
            -0.006676272954791784,
            -0.04585237428545952
        ],
        [
            0.14560914039611816,
            -0.01706434227526188,
            -0.055446699261665344
        ],
        [
            0.13895151019096375,
            -0.019565707072615623,
            -0.044011883437633514
        ],
        [
            0.1377464383840561,
            -0.021245403215289116,
            -0.058670785278081894
        ],
        [
            0.11209729313850403,
            -0.014744517393410206,
            -0.04560987651348114
        ],
        [
            0.10216370224952698,
            -0.0055860485881567,
            -0.04584028199315071
        ],
        [
            0.10741397738456726,
            -0.004306167364120483,
            -0.06212202087044716
        ],
        [
            0.11756209284067154,
            -0.013165021315217018,
            -0.06004941090941429
        ],
        [
            0.095146544277668,
            0.011369055137038231,
            -0.05650179833173752
        ],
        [
            0.10212390124797821,
            0.002768542617559433,
            -0.06046970561146736
        ],
        [
            0.09600226581096649,
            0.0007295990362763405,
            -0.044392116367816925
        ],
        [
            0.09034256637096405,
            0.00865829735994339,
            -0.04141709953546524
        ],
        [
            0.12198317050933838,
            0.012396760284900665,
            -0.027843870222568512
        ],
        [
            0.1183832511305809,
            0.013563288375735283,
            -0.017494477331638336
        ],
        [
            0.12191984802484512,
            0.009421274065971375,
            -0.018377035856246948
        ],
        [
            0.12592512369155884,
            0.008800383657217026,
            -0.028348088264465332
        ],
        [
            0.15234467387199402,
            0.004158372059464455,
            -0.03643818944692612
        ],
        [
            0.14699490368366241,
            -0.01082620956003666,
            -0.031846631318330765
        ],
        [
            0.14544335007667542,
            -0.006186051294207573,
            -0.037078212946653366
        ],
        [
            0.1503102332353592,
            0.009190840646624565,
            -0.03625648096203804
        ],
        [
            0.10888808965682983,
            0.026520172134041786,
            0.006583228707313538
        ],
        [
            0.10181816667318344,
            0.0211666040122509,
            0.016751348972320557
        ],
        [
            0.10526800900697708,
            0.016378827393054962,
            0.017557524144649506
        ],
        [
            0.11071109026670456,
            0.02184431627392769,
            0.0079893097281456
        ],
        [
            0.12540371716022491,
            0.005515275523066521,
            0.016513444483280182
        ],
        [
            0.11633323132991791,
            0.0020393729209899902,
            0.021283209323883057
        ],
        [
            0.11473190784454346,
            -0.01024856511503458,
            0.025395706295967102
        ],
        [
            0.1239539235830307,
            -0.009714209474623203,
            0.018990471959114075
        ],
        [
            0.13563837110996246,
            0.00736471451818943,
            0.010732263326644897
        ],
        [
            0.13659048080444336,
            -0.005415900610387325,
            0.01371755450963974
        ],
        [
            0.14791123569011688,
            -0.002035859040915966,
            0.005060203373432159
        ],
        [
            0.15943671762943268,
            0.005098348017781973,
            -0.00969899445772171
        ],
        [
            0.09221680462360382,
            0.029232684522867203,
            0.014276191592216492
        ],
        [
            0.09633305668830872,
            0.03470618650317192,
            0.006710059940814972
        ],
        [
            0.16693691909313202,
            0.014141601510345936,
            -0.0854552835226059
        ],
        [
            0.1628945916891098,
            0.0184150580316782,
            -0.08582988381385803
        ],
        [
            0.16100463271141052,
            0.015135174617171288,
            -0.0823105201125145
        ],
        [
            0.16528843343257904,
            0.011346207931637764,
            -0.08293818682432175
        ],
        [
            0.07697704434394836,
            0.028709303587675095,
            0.0011032745242118835
        ],
        [
            0.07123812288045883,
            0.021303731948137283,
            -0.002433501183986664
        ],
        [
            0.06926393508911133,
            0.022368568927049637,
            0.004487559199333191
        ],
        [
            0.07568824291229248,
            0.027827033773064613,
            0.00849362462759018
        ],
        [
            0.07871600240468979,
            0.029834207147359848,
            -0.008661426603794098
        ],
        [
            0.07465647161006927,
            0.019869333133101463,
            -0.011821113526821136
        ],
        [
            0.16692191362380981,
            0.0071824658662080765,
            -0.09608909487724304
        ],
        [
            0.16945338249206543,
            0.008404918015003204,
            -0.09179054945707321
        ],
        [
            0.1666126549243927,
            0.004361302591860294,
            -0.09013205021619797
        ],
        [
            0.16301314532756805,
            0.0032037654891610146,
            -0.09375452995300293
        ],
        [
            0.14513562619686127,
            -0.0015140483155846596,
            -0.04312606900930405
        ],
        [
            0.13873390853405,
            0.0037046512588858604,
            -0.04051752761006355
        ],
        [
            0.1491924375295639,
            -0.002463746815919876,
            -0.05938442423939705
        ],
        [
            0.14411017298698425,
            -5.301041528582573e-05,
            -0.052915461361408234
        ],
        [
            0.14761883020401,
            -0.005673396401107311,
            -0.05132780969142914
        ],
        [
            0.15095019340515137,
            -0.007870185188949108,
            -0.05753345042467117
        ],
        [
            0.12621749937534332,
            0.014981897547841072,
            -0.05012444034218788
        ],
        [
            0.12268845736980438,
            0.014379040338099003,
            -0.03899811953306198
        ],
        [
            0.12745463848114014,
            0.01002981886267662,
            -0.040233638137578964
        ],
        [
            0.13300134241580963,
            0.00999806821346283,
            -0.051987916231155396
        ],
        [
            0.11488255858421326,
            0.026021845638751984,
            -0.03767557814717293
        ],
        [
            0.11856129765510559,
            0.0252685509622097,
            -0.04882912337779999
        ],
        [
            0.11367292702198029,
            0.03184133395552635,
            -0.04657632112503052
        ],
        [
            0.11266905814409256,
            0.031943053007125854,
            -0.03885843604803085
        ],
        [
            0.126541867852211,
            0.021313156932592392,
            -0.06752681732177734
        ],
        [
            0.1279817372560501,
            0.020754747092723846,
            -0.07431626319885254
        ],
        [
            0.12686561048030853,
            0.024256130680441856,
            -0.07415967434644699
        ],
        [
            0.12418662756681442,
            0.023782439529895782,
            -0.06680414080619812
        ],
        [
            0.06680377572774887,
            0.022341111674904823,
            0.011137522757053375
        ],
        [
            0.074700728058815,
            0.026050442829728127,
            0.015495367348194122
        ],
        [
            0.08564377576112747,
            0.030036212876439095,
            -0.050222497433423996
        ],
        [
            0.08598680049180984,
            0.03823821619153023,
            -0.04285033419728279
        ],
        [
            0.08959142863750458,
            0.04227742552757263,
            -0.05436408892273903
        ],
        [
            0.08758518844842911,
            0.03212481737136841,
            -0.06032678857445717
        ],
        [
            0.07104721665382385,
            0.011498788371682167,
            -0.005537994205951691
        ],
        [
            0.06695978343486786,
            0.013386148028075695,
            0.0008539557456970215
        ],
        [
            0.16207009553909302,
            0.00888434611260891,
            -0.09953629970550537
        ],
        [
            0.15805365145206451,
            0.005272813141345978,
            -0.09631702303886414
        ],
        [
            0.14302921295166016,
            -0.01458696834743023,
            0.00249500572681427
        ],
        [
            0.15881623327732086,
            -0.004158255644142628,
            -0.012843385338783264
        ],
        [
            0.12813393771648407,
            -0.018290668725967407,
            0.011694349348545074
        ],
        [
            0.11660720407962799,
            -0.019499003887176514,
            0.016368485987186432
        ],
        [
            0.10877219587564468,
            -0.020366255193948746,
            0.022202305495738983
        ],
        [
            0.14157511293888092,
            0.004146386403590441,
            -0.057167574763298035
        ],
        [
            0.13118433952331543,
            0.007153533864766359,
            -0.036794938147068024
        ],
        [
            0.11873294413089752,
            0.01626044511795044,
            -0.027414586395025253
        ],
        [
            0.1041412204504013,
            0.04314545542001724,
            -0.028541646897792816
        ],
        [
            0.10179611295461655,
            0.04266953095793724,
            -0.018449880182743073
        ],
        [
            0.10960119962692261,
            0.03598078712821007,
            -0.021203868091106415
        ],
        [
            0.10958932340145111,
            0.0373867005109787,
            -0.0296940915286541
        ],
        [
            0.09202548116445541,
            0.04548398405313492,
            -0.03935058042407036
        ],
        [
            0.09987863898277283,
            0.046162426471710205,
            -0.038616716861724854
        ],
        [
            0.10184821486473083,
            0.04651343822479248,
            -0.0460362508893013
        ],
        [
            0.09474251419305801,
            0.04692138358950615,
            -0.0485861711204052
        ],
        [
            0.1583722084760666,
            0.00043344683945178986,
            -0.03468947485089302
        ],
        [
            0.14971640706062317,
            -0.013956514187157154,
            -0.026245076209306717
        ],
        [
            0.08548741042613983,
            0.03352643549442291,
            0.005076445639133453
        ],
        [
            0.08479741960763931,
            0.03028053604066372,
            0.012138687074184418
        ],
        [
            0.08142009377479553,
            0.026910774409770966,
            0.019192315638065338
        ],
        [
            0.11492179334163666,
            0.01918686181306839,
            -0.004710495471954346
        ],
        [
            0.11212895810604095,
            0.01859160140156746,
            0.009082786738872528
        ],
        [
            0.11544497311115265,
            0.015456137247383595,
            0.00927397608757019
        ],
        [
            0.11604565382003784,
            0.01567145064473152,
            -0.004922986030578613
        ],
        [
            0.12687648832798004,
            0.011515545658767223,
            -0.009272933006286621
        ],
        [
            0.1284010112285614,
            0.012954622507095337,
            0.0035260766744613647
        ],
        [
            0.13395333290100098,
            0.015163751319050789,
            -0.015310849994421005
        ],
        [
            0.10945256054401398,
            0.00969876442104578,
            0.02021283656358719
        ],
        [
            0.10130418092012405,
            0.013728423975408077,
            0.026633650064468384
        ],
        [
            0.10576967895030975,
            0.006147137377411127,
            0.028024516999721527
        ],
        [
            0.09448711574077606,
            0.020457401871681213,
            0.02471812814474106
        ],
        [
            0.08761318027973175,
            0.02545018680393696,
            0.022173956036567688
        ],
        [
            0.061068035662174225,
            0.01282942108809948,
            0.0069708451628685
        ],
        [
            0.10925009846687317,
            -0.0013825101777911186,
            0.02794685959815979
        ],
        [
            0.15374256670475006,
            0.02075396105647087,
            -0.018962137401103973
        ],
        [
            0.15914256870746613,
            0.023148763924837112,
            -0.024827536195516586
        ],
        [
            0.15278291702270508,
            0.022551026195287704,
            -0.028779450803995132
        ],
        [
            0.14735829830169678,
            0.019938776269555092,
            -0.024143923074007034
        ],
        [
            0.14747223258018494,
            -0.017754416912794113,
            -0.06455763429403305
        ],
        [
            0.15128640830516815,
            -0.012754371389746666,
            -0.06020978465676308
        ],
        [
            0.1486165076494217,
            -0.011934117414057255,
            -0.05159676820039749
        ],
        [
            0.10918457061052322,
            0.03166522830724716,
            -0.003869451582431793
        ],
        [
            0.09865690767765045,
            0.038519151508808136,
            -0.0031703338027000427
        ],
        [
            0.1462097465991974,
            0.0016451026313006878,
            -0.06355127692222595
        ],
        [
            0.15962202847003937,
            -0.0005306745879352093,
            -0.09227433055639267
        ],
        [
            0.16369475424289703,
            0.00034319236874580383,
            -0.08806772530078888
        ],
        [
            0.15531232953071594,
            -0.010685980319976807,
            -0.07591070979833603
        ],
        [
            0.15098048746585846,
            -0.01150188222527504,
            -0.08122242987155914
        ],
        [
            0.1428217589855194,
            0.0035497527569532394,
            -0.07344548404216766
        ],
        [
            0.146418496966362,
            0.002888346090912819,
            -0.06722039729356766
        ],
        [
            0.1460646539926529,
            0.0038974229246377945,
            -0.06951287388801575
        ],
        [
            0.142673522233963,
            0.006441602483391762,
            -0.07455132156610489
        ],
        [
            0.12142734974622726,
            0.030337346717715263,
            -0.0696365013718605
        ],
        [
            0.11929933726787567,
            0.029774246737360954,
            -0.06328335404396057
        ],
        [
            0.12506526708602905,
            -0.008633970282971859,
            -0.07342439144849777
        ],
        [
            0.13103750348091125,
            -0.02026885189116001,
            -0.0709434226155281
        ],
        [
            0.1267530620098114,
            -0.02049664594233036,
            -0.05903849005699158
        ],
        [
            0.12139420211315155,
            0.02047913707792759,
            -0.04877209663391113
        ],
        [
            0.12410861998796463,
            0.021619552746415138,
            -0.05876070261001587
        ],
        [
            0.12142308801412582,
            0.024616025388240814,
            -0.058317989110946655
        ],
        [
            0.1401824802160263,
            0.006270779762417078,
            -0.06130312383174896
        ],
        [
            0.14257781207561493,
            0.004773744381964207,
            -0.06743041425943375
        ],
        [
            0.1390279233455658,
            0.0078031281009316444,
            -0.06690827757120132
        ],
        [
            0.13604946434497833,
            0.009740469977259636,
            -0.060503605753183365
        ],
        [
            0.08201036602258682,
            0.035120800137519836,
            -0.03074687346816063
        ],
        [
            0.08886018395423889,
            0.04384661093354225,
            -0.02717488259077072
        ],
        [
            0.16938267648220062,
            0.01074228435754776,
            -0.08776064962148666
        ],
        [
            0.16725298762321472,
            0.007276648655533791,
            -0.08584573119878769
        ],
        [
            0.11810123175382614,
            0.0198059044778347,
            -0.037878528237342834
        ],
        [
            0.12237430363893509,
            -0.019797923043370247,
            -0.04494410753250122
        ],
        [
            0.11552537977695465,
            0.02066698670387268,
            -0.026834454387426376
        ],
        [
            0.10181120038032532,
            0.026048963889479637,
            -0.0714590772986412
        ],
        [
            0.10683039575815201,
            0.03389224410057068,
            -0.0691651999950409
        ],
        [
            0.10960607975721359,
            0.0342521145939827,
            -0.07327647507190704
        ],
        [
            0.10687246918678284,
            0.029545152559876442,
            -0.07701487839221954
        ],
        [
            0.14902916550636292,
            0.014515642076730728,
            -0.085238978266716
        ],
        [
            0.15357553958892822,
            0.015201916918158531,
            -0.08169202506542206
        ],
        [
            0.1558237075805664,
            0.01795841008424759,
            -0.08430659770965576
        ],
        [
            0.15182220935821533,
            0.01751597970724106,
            -0.08847597241401672
        ],
        [
            0.1502586454153061,
            -0.00043605384416878223,
            -0.06425279378890991
        ],
        [
            0.15342026948928833,
            -0.005810161121189594,
            -0.06307578086853027
        ],
        [
            0.15497684478759766,
            -0.0020966995507478714,
            -0.06759320944547653
        ],
        [
            0.1506122648715973,
            0.0018859002739191055,
            -0.06830226629972458
        ],
        [
            0.15392574667930603,
            -0.010710908100008965,
            -0.0662911981344223
        ],
        [
            0.15651187300682068,
            -0.007265952415764332,
            -0.07075145840644836
        ],
        [
            0.1470070481300354,
            0.010913686826825142,
            -0.09016048163175583
        ],
        [
            0.1492769569158554,
            0.005118204280734062,
            -0.09423065185546875
        ],
        [
            0.14032787084579468,
            -0.0033877482637763023,
            -0.08454985171556473
        ],
        [
            0.1407143920660019,
            0.003913059365004301,
            -0.08136261999607086
        ],
        [
            0.08466470241546631,
            0.005243383347988129,
            -0.027682729065418243
        ],
        [
            0.07991568744182587,
            0.01509712915867567,
            -0.025844406336545944
        ],
        [
            0.08527432382106781,
            0.018719706684350967,
            -0.03964359313249588
        ],
        [
            0.08949270844459534,
            0.022217003628611565,
            -0.05381615087389946
        ],
        [
            0.09500721842050552,
            0.02522687427699566,
            -0.066475510597229
        ],
        [
            0.09825552999973297,
            0.01362747885286808,
            -0.06950189918279648
        ],
        [
            0.08205971866846085,
            0.0256124809384346,
            -0.036673661321401596
        ],
        [
            0.13582614064216614,
            0.0003683543764054775,
            -0.0776088535785675
        ],
        [
            0.13405689597129822,
            -0.008399035781621933,
            -0.0775468721985817
        ],
        [
            0.13072986900806427,
            -0.004224059637635946,
            -0.07760768383741379
        ],
        [
            0.11269991099834442,
            0.027535689994692802,
            -0.026409778743982315
        ],
        [
            0.16502410173416138,
            0.003091750666499138,
            -0.08380443602800369
        ],
        [
            0.09494337439537048,
            -0.022533578798174858,
            0.004996374249458313
        ],
        [
            0.08381038904190063,
            -0.015695840120315552,
            0.0008382871747016907
        ],
        [
            0.08934011310338974,
            -0.015838153660297394,
            -0.006010435521602631
        ],
        [
            0.10282149910926819,
            -0.022926926612854004,
            -0.0012876465916633606
        ],
        [
            0.15940071642398834,
            0.0123283164575696,
            -0.07946476340293884
        ],
        [
            0.1638288050889969,
            0.00791216641664505,
            -0.07995854318141937
        ],
        [
            0.11640429496765137,
            0.03535417094826698,
            -0.06303790211677551
        ],
        [
            0.11806078255176544,
            0.03497156873345375,
            -0.06912512332201004
        ],
        [
            0.11491260677576065,
            0.037074532359838486,
            -0.0707482248544693
        ],
        [
            0.11456306278705597,
            0.040212929248809814,
            -0.06466607749462128
        ],
        [
            0.0778040736913681,
            0.02004745602607727,
            -0.023322321474552155
        ],
        [
            0.09473321586847305,
            0.04697052016854286,
            -0.05848046392202377
        ],
        [
            0.09261473268270493,
            0.03745902329683304,
            -0.06529632210731506
        ],
        [
            0.07543566823005676,
            0.011561906896531582,
            -0.013991810381412506
        ],
        [
            0.0789693295955658,
            0.0026591140776872635,
            -0.015711411833763123
        ],
        [
            0.07454311847686768,
            0.0013008592650294304,
            -0.007134638726711273
        ],
        [
            0.11041653156280518,
            0.006136252544820309,
            -0.07509959489107132
        ],
        [
            0.08965478837490082,
            -0.0012140991166234016,
            -0.03049357607960701
        ],
        [
            0.0836629793047905,
            -0.003106282092630863,
            -0.017404310405254364
        ],
        [
            0.07856385409832001,
            -0.005000222474336624,
            -0.007253408432006836
        ],
        [
            0.07408218085765839,
            -0.006138437427580357,
            -0.0003235563635826111
        ],
        [
            0.07024136185646057,
            0.000976094976067543,
            -0.0008394792675971985
        ],
        [
            0.15417976677417755,
            0.0018184063956141472,
            -0.0942356288433075
        ],
        [
            0.15280161798000336,
            0.009426183998584747,
            -0.09723632782697678
        ],
        [
            0.06391443312168121,
            -4.009157419204712e-05,
            0.005581073462963104
        ],
        [
            0.06904971599578857,
            -0.007688938640058041,
            0.0062148720026016235
        ],
        [
            0.08989161252975464,
            -0.009827442467212677,
            -0.018131829798221588
        ],
        [
            0.098955437541008,
            -0.017268061637878418,
            -0.018237199634313583
        ],
        [
            0.09556671977043152,
            -0.007589990738779306,
            -0.03068799525499344
        ],
        [
            0.1045624241232872,
            -0.014836877584457397,
            -0.03192790597677231
        ],
        [
            0.11222943663597107,
            -0.004534382373094559,
            -0.07406425476074219
        ],
        [
            0.16203662753105164,
            0.024877196177840233,
            -0.10361970961093903
        ],
        [
            0.15464529395103455,
            0.01792478747665882,
            -0.09833820164203644
        ],
        [
            0.15492413938045502,
            0.020625881850719452,
            -0.09322627633810043
        ],
        [
            0.16075928509235382,
            0.027206335216760635,
            -0.10027403384447098
        ],
        [
            0.15042972564697266,
            0.014470897614955902,
            -0.09331980347633362
        ],
        [
            0.1569673717021942,
            0.013166471384465694,
            -0.10051310062408447
        ],
        [
            0.11817613244056702,
            -0.021056868135929108,
            -0.030054323375225067
        ],
        [
            0.1405322253704071,
            0.006866194307804108,
            -0.0734957829117775
        ],
        [
            0.11635521799325943,
            -0.023233693093061447,
            -0.013525903224945068
        ],
        [
            0.13481265306472778,
            -0.02259643003344536,
            -0.032353874295949936
        ],
        [
            0.13565930724143982,
            -0.02247864380478859,
            -0.019570965319871902
        ],
        [
            0.1163959950208664,
            -0.024920105934143066,
            0.0043494924902915955
        ],
        [
            0.13343194127082825,
            -0.023333843797445297,
            -0.0037237629294395447
        ],
        [
            0.10005681216716766,
            -0.024187903851270676,
            0.01635388284921646
        ],
        [
            0.10668299347162247,
            -0.024294164031744003,
            0.009541429579257965
        ],
        [
            0.14882592856884003,
