{
    "pred_cam": [
        7.150717735290527,
        0.14885646104812622,
        -0.018066272139549255
    ],
    "pred_mano_params": {
        "global_orient": [
            [
                [
                    -0.9236196279525757,
                    0.28808146715164185,
                    -0.25285518169403076
                ],
                [
                    0.15508176386356354,
                    -0.3224148750305176,
                    -0.9338083863258362
                ],
                [
                    -0.3505372107028961,
                    -0.9016970992088318,
                    0.2531125247478485
                ]
            ]
        ],
        "hand_pose": [
            [
                [
                    0.9902030825614929,
                    -0.12572188675403595,
                    -0.06076020002365112
                ],
                [
                    0.1301870048046112,
                    0.9885594248771667,
                    0.07616843283176422
                ],
                [
                    0.05048902705311775,
                    -0.08333240449428558,
                    0.9952419400215149
                ]
            ],
            [
                [
                    0.6504429578781128,
                    -0.7292296886444092,
                    0.21248073875904083
                ],
                [
                    0.7595053315162659,
                    0.6276348829269409,
                    -0.17095638811588287
                ],
                [
                    -0.008693860843777657,
                    0.2725776433944702,
                    0.9620944857597351
                ]
            ],
            [
                [
                    0.8416538238525391,
                    -0.4965316355228424,
                    0.21230901777744293
                ],
                [
                    0.45324036478996277,
                    0.8632616996765137,
                    0.22215400636196136
                ],
                [
                    -0.29358476400375366,
                    -0.09074976295232773,
                    0.9516156911849976
                ]
            ],
            [
                [
                    0.8108462691307068,
                    -0.5803202390670776,
                    -0.07587423920631409
                ],
                [
                    0.5852162837982178,
                    0.8055157661437988,
                    0.09309247881174088
                ],
                [
                    0.007094452623277903,
                    -0.11988651752471924,
                    0.9927622675895691
                ]
            ],
            [
                [
                    0.8756511211395264,
                    -0.4453403353691101,
                    -0.1868346482515335
                ],
                [
                    0.47829416394233704,
                    0.853251039981842,
                    0.2078399807214737
                ],
                [
                    0.06685732305049896,
                    -0.2713572084903717,
                    0.9601539373397827
                ]
            ],
            [
                [
                    0.9350319504737854,
                    -0.32777702808380127,
                    0.13519412279129028
                ],
                [
                    0.3348715901374817,
                    0.9416882991790771,
                    -0.032929517328739166
                ],
                [
                    -0.11651715636253357,
                    0.07606281340122223,
                    0.9902718663215637
                ]
            ],
            [
                [
                    0.9910175800323486,
                    -0.07829626649618149,
                    0.10841523110866547
                ],
                [
                    0.09750349819660187,
                    0.9778778553009033,
                    -0.1850619614124298
                ],
                [
                    -0.09152720123529434,
                    0.19397051632404327,
                    0.9767283201217651
                ]
            ],
            [
                [
                    0.9792044162750244,
                    -0.20286184549331665,
                    -0.0024075780529528856
                ],
                [
                    0.19249333441257477,
                    0.925277590751648,
                    0.32681453227996826
                ],
                [
                    -0.06407051533460617,
                    -0.32048168778419495,
                    0.9450854659080505
                ]
            ],
            [
                [
                    0.9508266448974609,
                    -0.30938953161239624,
                    0.014378535561263561
                ],
                [
                    0.25979313254356384,
                    0.8219600319862366,
                    0.5068423748016357
                ],
                [
                    -0.16863034665584564,
                    -0.4781838357448578,
                    0.8619187474250793
                ]
            ],
            [
                [
                    0.9530028104782104,
                    -0.2984117865562439,
                    -0.052306558936834335
                ],
                [
                    0.288027286529541,
                    0.9459579586982727,
                    -0.14900939166545868
                ],
                [
                    0.09394596517086029,
                    0.12694065272808075,
                    0.9874513149261475
                ]
            ],
            [
                [
                    0.9397968649864197,
                    -0.34135857224464417,
                    -0.016004173085093498
                ],
                [
                    0.29825037717819214,
                    0.7964531183242798,
                    0.5260314345359802
                ],
                [
                    -0.166818767786026,
                    -0.4991360008716583,
                    0.8503144383430481
                ]
            ],
            [
                [
                    0.8642852902412415,
                    -0.5004239082336426,
                    0.05086110159754753
                ],
                [
                    0.4901754558086395,
                    0.8606182932853699,
                    0.13807299733161926
                ],
                [
                    -0.11286702752113342,
                    -0.09440360218286514,
                    0.9891152381896973
                ]
            ],
            [
                [
                    0.6496381163597107,
                    0.17946210503578186,
                    -0.7387580275535583
                ],
                [
                    -0.6751307845115662,
                    0.5829465985298157,
                    -0.45207473635673523
                ],
                [
                    0.34952622652053833,
                    0.7924433946609497,
                    0.49986472725868225
                ]
            ],
            [
                [
                    0.8511823415756226,
                    -0.33070915937423706,
                    -0.4075784385204315
                ],
                [
                    0.49662092328071594,
                    0.7587669491767883,
                    0.4214741885662079
                ],
                [
                    0.16987165808677673,
                    -0.5611633062362671,
                    0.8100861310958862
                ]
            ],
            [
                [
                    0.5929835438728333,
                    -0.785060465335846,
                    0.1790267378091812
                ],
                [
                    0.8000072836875916,
                    0.5491583943367004,
                    -0.2416885942220688
                ],
                [
                    0.09142611920833588,
                    0.28654009103775024,
                    0.9536959528923035
                ]
            ]
        ],
        "betas": [
            -0.09218621253967285,
            -0.12557366490364075,
            0.006105154752731323,
            -0.0881790816783905,
            0.010402321815490723,
            -0.03363891690969467,
            0.043007075786590576,
            0.007715567946434021,
            -0.01902756094932556,
            -0.031323790550231934
        ]
    },
    "pred_cam_t": [
        -0.14885646104812622,
        -0.018066272139549255,
        5.462738513946533
    ],
    "focal_length": [
        5000.0,
        5000.0
    ],
    "pred_keypoints_3d": [
        [
            0.0961390808224678,
            0.00641749519854784,
            0.006243143230676651
        ],
        [
            0.10741380602121353,
            -0.016532666981220245,
            0.035312481224536896
        ],
        [
            0.1347564458847046,
            -0.027572937309741974,
            0.044580310583114624
        ],
        [
            0.16169284284114838,
            -0.02405509725213051,
            0.04602387547492981
        ],
        [
            0.1830323189496994,
            -0.020929109305143356,
            0.07185104489326477
        ],
        [
            0.17106285691261292,
            -0.02493707835674286,
            0.047179389744997025
        ],
        [
            0.20153307914733887,
            -0.03029325045645237,
            0.05899932235479355
        ],
        [
            0.2061379998922348,
            -0.026293287053704262,
            0.0804346352815628
        ],
        [
            0.19928281009197235,
            -0.023990271613001823,
            0.1038893610239029
        ],
        [
            0.1843797266483307,
            -0.004649810492992401,
            0.04005953669548035
        ],
        [
            0.20495711266994476,
            0.0024713370949029922,
            0.06337352097034454
        ],
        [
            0.2063809037208557,
            0.011701567098498344,
            0.08484724164009094
        ],
        [
            0.20475620031356812,
            0.01800164021551609,
            0.10989578068256378
        ],
        [
            0.17768190801143646,
            0.020020585507154465,
            0.03180606663227081
        ],
        [
            0.20345814526081085,
            0.024451352655887604,
            0.044503308832645416
        ],
        [
            0.21514242887496948,
            0.03250829875469208,
            0.06503062695264816
        ],
        [
            0.22014257311820984,
            0.03716341406106949,
            0.08950094133615494
        ],
        [
            0.16814342141151428,
            0.03950224444270134,
            0.028477482497692108
        ],
        [
            0.1880219578742981,
            0.04641328752040863,
            0.03155053034424782
        ],
        [
            0.20265865325927734,
            0.053969789296388626,
            0.041185539215803146
        ],
        [
            0.21260544657707214,
            0.059175044298172,
            0.058341942727565765
        ]
    ],
    "pred_vertices": [
        [
            0.13191021978855133,
            -0.010138086043298244,
            0.040351733565330505
        ],
        [
            0.12094421684741974,
            -0.006616956554353237,
            0.036613579839468
        ],
        [
            0.12817052006721497,
            -0.011152219027280807,
            0.039884403347969055
        ],
        [
            0.13550058007240295,
            -0.01567932218313217,
            0.04426247626543045
        ],
        [
            0.11534642428159714,
            -0.008030377328395844,
            0.05036009103059769
        ],
        [
            0.10787545144557953,
            -0.01669508032500744,
            0.054619599133729935
        ],
        [
            0.1261441558599472,
            -0.02191304787993431,
            0.05744871497154236
        ],
        [
            0.1295575648546219,
            -0.012868231162428856,
            0.05352447181940079
        ],
        [
            0.14021581411361694,
            -0.020683910697698593,
            0.0444454699754715
        ],
        [
            0.13479956984519958,
            -0.01486427802592516,
            0.04279513657093048
        ],
        [
            0.1418660432100296,
            -0.023575687780976295,
            0.03884698450565338
        ],
        [
            0.14894630014896393,
            -0.03229571878910065,
            0.03934726119041443
        ],
        [
            0.1474408656358719,
            -0.02705473080277443,
            0.04577835276722908
        ],
        [
            0.15668749809265137,
            -0.03489011898636818,
            0.04082830250263214
        ],
        [
            0.14468634128570557,
            -0.03576911240816116,
            0.030267726629972458
        ],
        [
            0.15887655317783356,
            -0.034570466727018356,
            0.03220563009381294
        ],
        [
            0.1479552686214447,
            -0.01825570873916149,
            0.014056496322154999
        ],
        [
            0.14849521219730377,
            -0.005760389845818281,
            0.009299121797084808
        ],
        [
            0.1644163429737091,
            -0.0062476955354213715,
            0.01535787619650364
        ],
        [
            0.16220717132091522,
            -0.018539562821388245,
            0.02051965519785881
        ],
        [
            0.1570301353931427,
            0.012807058170437813,
            0.01079082116484642
        ],
        [
            0.1621265411376953,
            0.002387140179052949,
            0.01344568282365799
        ],
        [
            0.14679016172885895,
            0.0025561919901520014,
            0.006199251860380173
        ],
        [
            0.1432616114616394,
            0.012066221795976162,
            0.004238754510879517
        ],
        [
            0.12901084125041962,
            0.0021323617547750473,
            0.03407863527536392
        ],
        [
            0.11778268218040466,
            0.004817343316972256,
            0.03103240579366684
        ],
        [
            0.11765898019075394,
            -7.427297532558441e-05,
            0.03235562890768051
        ],
        [
            0.12899161875247955,
            -0.002690116874873638,
            0.035803087055683136
        ],
        [
            0.1425841897726059,
            -0.027854759246110916,
            0.03476185351610184
        ],
        [
            0.13435602188110352,
            -0.03527702018618584,
            0.03381216898560524
        ],
        [
            0.13947081565856934,
            -0.030311893671751022,
            0.034282419830560684
        ],
        [
            0.14389516413211823,
            -0.022927718237042427,
            0.036664146929979324
        ],
        [
            0.09452935308218002,
            0.0194457545876503,
            0.026721632108092308
        ],
        [
            0.08473078906536102,
            0.017138544470071793,
            0.017670804634690285
        ],
        [
            0.08403626829385757,
            0.011390188708901405,
            0.019075578078627586
        ],
        [
            0.09311354905366898,
            0.014622589573264122,
            0.026863226667046547
        ],
        [
            0.08622271567583084,
            -0.007478388026356697,
            0.03732621669769287
        ],
        [
            0.08082661032676697,
            -0.006196759641170502,
            0.02496405504643917
        ],
        [
            0.0772242620587349,
            -0.017258189618587494,
            0.01723732426762581
        ],
        [
            0.08405496925115585,
            -0.02103898860514164,
            0.026748331263661385
        ],
        [
            0.0959676131606102,
            -0.011758996173739433,
            0.04840414226055145
        ],
        [
            0.09159206598997116,
            -0.023733356967568398,
            0.041490357369184494
        ],
        [
            0.10516130924224854,
            -0.027627713978290558,
            0.051365964114665985
        ],
        [
            0.12483499944210052,
            -0.031011667102575302,
            0.054936788976192474
        ],
        [
            0.08700335025787354,
            0.028625261038541794,
            0.012297654524445534
        ],
        [
            0.09429404139518738,
            0.03215779364109039,
            0.018518099561333656
        ],
        [
            0.19241975247859955,
            -0.03130842000246048,
            0.06923532485961914
        ],
        [
            0.19347038865089417,
            -0.025303643196821213,
            0.06948886811733246
        ],
        [
            0.19116462767124176,
            -0.025353118777275085,
            0.06771310418844223
        ],
        [
            0.19071538746356964,
            -0.031170642003417015,
            0.06782002747058868
        ],
        [
            0.10057204961776733,
            0.03487548977136612,
            -0.001382041722536087
        ],
        [
            0.1046372652053833,
            0.030642569065093994,
            -0.009687796235084534
        ],
        [
            0.09767059981822968,
            0.032257117331027985,
            -0.011268548667430878
        ],
        [
            0.09323214739561081,
            0.03440994396805763,
            -0.0031876340508461
        ],
        [
            0.11024181544780731,
            0.035353921353816986,
            0.0011953338980674744
        ],
        [
            0.11400792002677917,
            0.028104450553655624,
            -0.006740100681781769
        ],
        [
            0.20248621702194214,
            -0.03739575669169426,
            0.06395137310028076
        ],
        [
            0.19812603294849396,
            -0.037833813577890396,
            0.06681036204099655
        ],
        [
            0.19660943746566772,
            -0.03814174234867096,
            0.06281360983848572
        ],
        [
            0.20027866959571838,
            -0.03701186180114746,
            0.05896148458123207
        ],
        [
            0.14446035027503967,
            -0.02049994096159935,
            0.0482453778386116
        ],
        [
            0.14165657758712769,
            -0.012629426084458828,
            0.04556552693247795
        ],
        [
            0.16321784257888794,
            -0.02261679247021675,
            0.05548075586557388
        ],
        [
            0.1546744406223297,
            -0.01769542135298252,
            0.05055243894457817
        ],
        [
            0.1531532108783722,
            -0.024603644385933876,
            0.05092168226838112
        ],
        [
            0.16072814166545868,
            -0.028523387387394905,
            0.053674984723329544
        ],
        [
            0.1516599953174591,
            0.0033866092562675476,
            0.04020985588431358
        ],
        [
            0.14053453505039215,
            0.003920171409845352,
            0.03623056784272194
        ],
        [
            0.14168457686901093,
            -0.001983451656997204,
            0.03869287669658661
        ],
        [
            0.15355968475341797,
            -0.003950632177293301,
            0.04442468658089638
        ],
        [
            0.13911914825439453,
            0.017884954810142517,
            0.033906061202287674
        ],
        [
            0.1503894329071045,
            0.016138551756739616,
            0.037722695618867874
        ],
        [
            0.14844338595867157,
            0.024340849369764328,
            0.03611350059509277
        ],
        [
            0.1403546780347824,
            0.024373434484004974,
            0.03445935621857643
        ],
        [
            0.16950386762619019,
            0.009752070531249046,
            0.04370111972093582
        ],
        [
            0.17644430696964264,
            0.008339297026395798,
            0.045142170041799545
        ],
        [
            0.1784220188856125,
            0.012030835263431072,
            0.04470015689730644
        ],
        [
            0.16950249671936035,
            0.013296879827976227,
            0.04256955534219742
        ],
        [
            0.0910474956035614,
            0.03304561600089073,
            -0.013721052557229996
        ],
        [
            0.08632955700159073,
            0.03298192471265793,
            -0.005040615797042847
        ],
        [
            0.14986038208007812,
            0.03310507535934448,
            0.00980306789278984
        ],
        [
            0.14312031865119934,
            0.04131577908992767,
            0.01357111893594265
        ],
        [
            0.15435096621513367,
            0.043864939361810684,
            0.0176888145506382
        ],
        [
            0.15836025774478912,
            0.03447309881448746,
            0.012684650719165802
        ],
        [
            0.10823705047369003,
            0.021762331947684288,
            -0.013887904584407806
        ],
        [
            0.10181832313537598,
            0.02505672350525856,
            -0.017076853662729263
        ],
        [
            0.20644821226596832,
            -0.03314608708024025,
            0.06142936274409294
        ],
        [
            0.20395132899284363,
            -0.03256027027964592,
            0.056525763124227524
        ],
        [
            0.1029568463563919,
            -0.034970972687006,
            0.03981834650039673
        ],
        [
            0.12343708425760269,
            -0.03747231140732765,
            0.04839443787932396
        ],
        [
            0.09168926626443863,
            -0.030085308477282524,
            0.02690170519053936
        ],
        [
            0.08642097562551498,
            -0.025882352143526077,
            0.015487223863601685
        ],
        [
            0.0806303396821022,
            -0.023739224299788475,
            0.0072515495121479034
        ],
        [
            0.15921650826931,
            -0.012423255480825901,
            0.05085831135511398
        ],
        [
            0.13794578611850739,
            -0.006295633502304554,
            0.04043380916118622
        ],
        [
            0.128805011510849,
            0.0069349235855042934,
            0.03277822583913803
        ],
        [
            0.1296033412218094,
            0.037759363651275635,
            0.03097623586654663
        ],
        [
            0.11919111013412476,
            0.03785818815231323,
            0.028030456975102425
        ],
        [
            0.1222032904624939,
            0.02860421873629093,
            0.03236261010169983
        ],
        [
            0.13093483448028564,
            0.030281584709882736,
            0.03344288468360901
        ],
        [
            0.14017602801322937,
            0.04542677477002144,
            0.02187696099281311
        ],
        [
            0.14025434851646423,
            0.04277193546295166,
            0.02942812815308571
        ],
        [
            0.14990682899951935,
            0.043298427015542984,
            0.03195907175540924
        ],
        [
            0.1505333036184311,
            0.046470873057842255,
            0.02519553154706955
        ],
        [
            0.1419273316860199,
            -0.034649237990379333,
            0.036430977284908295
        ],
        [
            0.12974660098552704,
            -0.039592090994119644,
            0.03506013751029968
        ],
        [
            0.09614800661802292,
            0.03562108799815178,
            0.008269371464848518
        ],
        [
            0.08925001323223114,
            0.03270735591650009,
            0.006041362881660461
        ],
        [
            0.08243855088949203,
            0.030815841630101204,
            0.0013437606394290924
        ],
        [
            0.10515356063842773,
            0.011137253604829311,
            0.03039524331688881
        ],
        [
            0.09190941601991653,
            0.011273417621850967,
            0.02740476280450821
        ],
        [
            0.09142281115055084,
            0.007256264798343182,
            0.030489252880215645
        ],
        [
            0.1045929342508316,
            0.007949561811983585,
            0.0308102797716856
        ],
        [
            0.11189346760511398,
            -0.0021849963814020157,
            0.03891219571232796
        ],
        [
            0.10060438513755798,
            -0.002029702067375183,
            0.044221922755241394
        ],
        [
            0.1237020194530487,
            -0.0059212930500507355,
            0.042351339012384415
        ],
        [
            0.08143811672925949,
            0.0036464910954236984,
            0.0208187997341156
        ],
        [
            0.0751785859465599,
            0.01030481606721878,
            0.013918440788984299
        ],
        [
            0.0739416852593422,
            0.0015368089079856873,
            0.01507611945271492
        ],
        [
            0.07694975286722183,
            0.019313586875796318,
            0.010423287749290466
        ],
        [
            0.07938923686742783,
            0.026824623346328735,
            0.006264273077249527
        ],
        [
            0.09577924758195877,
            0.0268075093626976,
            -0.022862132638692856
        ],
        [
            0.0742902159690857,
            -0.006804047152400017,
            0.015217084437608719
        ],
        [
            0.1377117782831192,
            -0.01710115559399128,
            0.05410674214363098
        ],
        [
            0.14409267902374268,
            -0.019515225663781166,
            0.05352391302585602
        ],
        [
            0.1442459374666214,
            -0.015165097080171108,
            0.047435320913791656
        ],
        [
            0.13912755250930786,
            -0.013820016756653786,
            0.047016557306051254
        ],
        [
            0.16620318591594696,
            -0.03646549955010414,
            0.042403437197208405
        ],
        [
            0.16309255361557007,
            -0.03374801203608513,
            0.049822788685560226
        ],
        [
            0.1533074527978897,
            -0.03148645907640457,
            0.047205034643411636
        ],
        [
            0.10487629473209381,
            0.02425266057252884,
            0.029402760788798332
        ],
        [
            0.10402723401784897,
            0.034910257905721664,
            0.022589057683944702
        ],
        [
            0.16813531517982483,
            -0.017850808799266815,
            0.05516764521598816
        ],
        [
            0.19797775149345398,
            -0.037061359733343124,
            0.054799772799015045
        ],
        [
            0.19403398036956787,
            -0.03862868994474411,
            0.05916966125369072
        ],
        [
            0.18058669567108154,
            -0.03778311610221863,
            0.049627382308244705
        ],
        [
            0.18491137027740479,
            -0.03596948832273483,
            0.04466036707162857
        ],
        [
            0.17920652031898499,
            -0.016701316460967064,
            0.05231814086437225
        ],
        [
            0.1741817146539688,
            -0.01940716803073883,
            0.055978916585445404
        ],
        [
            0.17751294374465942,
            -0.01988808624446392,
            0.05585843324661255
        ],
        [
            0.18274585902690887,
            -0.016547488048672676,
            0.05385587364435196
        ],
        [
            0.17469339072704315,
            0.019917719066143036,
            0.04124685376882553
        ],
        [
            0.16724251210689545,
            0.02123611606657505,
            0.04003886505961418
        ],
        [
            0.1755862832069397,
            -0.0169686246663332,
            0.029669523239135742
        ],
        [
            0.17097295820713043,
            -0.02961551770567894,
            0.029324382543563843
        ],
        [
            0.15978598594665527,
            -0.028857603669166565,
            0.024278942495584488
        ],
        [
            0.15027116239070892,
            0.010462275706231594,
            0.03814305365085602
        ],
        [
            0.1604038029909134,
            0.010811591520905495,
            0.04152849689126015
        ],
        [
            0.1602904200553894,
            0.014868531376123428,
            0.04045534506440163
        ],
        [
            0.16345274448394775,
            -0.009922711178660393,
            0.05053476616740227
        ],
        [
            0.17124691605567932,
            -0.012983635067939758,
            0.05311732739210129
        ],
        [
            0.16885200142860413,
            -0.008197664283216,
            0.049484312534332275
        ],
        [
            0.16217470169067383,
            -0.005228404421359301,
            0.04741373658180237
        ],
        [
            0.13154345750808716,
            0.03947565332055092,
            0.007827546447515488
        ],
        [
            0.12785407900810242,
            0.044641587883234024,
            0.017484258860349655
        ],
        [
            0.1942848265171051,
            -0.03570364788174629,
            0.06853879988193512
        ],
        [
            0.19279691576957703,
            -0.03591563552618027,
            0.06607864052057266
        ],
        [
            0.13938164710998535,
            0.010817008092999458,
            0.03425613045692444
        ],
        [
            0.14607220888137817,
            -0.027270270511507988,
            0.019520800560712814
        ],
        [
            0.1282229870557785,
            0.012272323481738567,
            0.03162646293640137
        ],
        [
            0.1725885570049286,
            0.023524371907114983,
            0.021160824224352837
        ],
        [
            0.1728183776140213,
            0.028539419174194336,
            0.025966761633753777
        ],
        [
            0.17806780338287354,
            0.026827121153473854,
            0.02909369021654129
        ],
        [
            0.18025624752044678,
            0.023545503616333008,
            0.02479856088757515
        ],
        [
            0.19505655765533447,
            -0.017515268176794052,
            0.05978364124894142
        ],
        [
            0.19213736057281494,
            -0.019801434129476547,
            0.0642545148730278
        ],
        [
            0.19387032091617584,
            -0.02005469799041748,
            0.06565124541521072
        ],
        [
            0.19819745421409607,
            -0.01798582635819912,
            0.06199745833873749
        ],
        [
            0.17104801535606384,
            -0.024355081841349602,
            0.05691835284233093
        ],
        [
            0.16871607303619385,
            -0.0303050484508276,
            0.05571676418185234
        ],
        [
            0.1750391274690628,
            -0.03043404035270214,
            0.05774456635117531
        ],
        [
            0.17629754543304443,
            -0.02461700141429901,
            0.05758551135659218
        ],
        [
            0.17125855386257172,
            -0.03532759100198746,
            0.051537223160266876
        ],
        [
            0.1767624318599701,
            -0.03562190756201744,
            0.054193541407585144
        ],
        [
            0.19890321791172028,
            -0.019106529653072357,
            0.054767876863479614
        ],
        [
            0.20162826776504517,
            -0.025524236261844635,
            0.051586419343948364
        ],
        [
            0.1893361210823059,
            -0.023021657019853592,
            0.042428404092788696
        ],
        [
            0.18821200728416443,
            -0.018053822219371796,
            0.04853031411767006
        ],
        [
            0.1301843523979187,
            0.01091736275702715,
            -0.0030101388692855835
        ],
        [
            0.12794646620750427,
            0.0219021774828434,
            -0.0033086128532886505
        ],
        [
            0.14084851741790771,
            0.023321079090237617,
            0.0038642510771751404
        ],
        [
            0.15353882312774658,
            0.02491408959031105,
            0.009783759713172913
        ],
        [
            0.1652085781097412,
            0.02565125934779644,
            0.01674022525548935
        ],
        [
            0.16910138726234436,
            0.013948104344308376,
            0.015094812959432602
        ],
        [
            0.13770008087158203,
            0.030849022790789604,
            0.0037841051816940308
        ],
        [
            0.17967109382152557,
            -0.014093009755015373,
            0.0427931472659111
        ],
        [
            0.1800147444009781,
            -0.02124962955713272,
            0.03672090172767639
        ],
        [
            0.1798187643289566,
            -0.015508869662880898,
            0.03623531386256218
        ],
        [
            0.12767137587070465,
            0.019718410447239876,
            0.031901709735393524
        ],
        [
            0.19074954092502594,
            -0.036927007138729095,
            0.06312515586614609
        ],
        [
            0.09813767671585083,
            -0.019561873748898506,
            -0.0062814392149448395
        ],
        [
            0.10265401750802994,
            -0.008757812902331352,
            -0.013644926249980927
        ],
        [
            0.10929643362760544,
            -0.010937577113509178,
            -0.008386891335248947
        ],
        [
            0.10381293296813965,
            -0.022811777889728546,
            0.0009245052933692932
        ],
        [
            0.1895599365234375,
            -0.025799276307225227,
            0.06695819646120071
        ],
        [
            0.18854877352714539,
            -0.03207972273230553,
            0.06652788817882538
        ],
        [
            0.16882896423339844,
            0.027792973443865776,
            0.03809069097042084
        ],
        [
            0.17486058175563812,
            0.0252214502543211,
            0.038508474826812744
        ],
        [
            0.17700138688087463,
            0.027415258809924126,
            0.03574517369270325
        ],
        [
            0.17248861491680145,
            0.03253422677516937,
            0.035763323307037354
        ],
        [
            0.12521231174468994,
            0.027202479541301727,
            -0.003207385540008545
        ],
        [
            0.16144025325775146,
            0.04489029943943024,
            0.01926637813448906
        ],
        [
            0.16467837989330292,
            0.0369517020881176,
            0.014869464561343193
        ],
        [
            0.1165594682097435,
            0.020212117582559586,
            -0.00950482115149498
        ],
        [
            0.11861781775951385,
            0.010587569326162338,
            -0.009891673922538757
        ],
        [
            0.11022444814443588,
            0.010936552658677101,
            -0.014866232872009277
        ],
        [
            0.17698310315608978,
            0.0025118724443018436,
            0.02240205556154251
        ],
        [
            0.13329920172691345,
            0.0029866108670830727,
            -0.0010664276778697968
        ],
        [
            0.12047029286623001,
            0.0033654063008725643,
            -0.007887691259384155
        ],
        [
            0.1105167344212532,
            0.0034304435830563307,
            -0.013753902167081833
        ],
        [
            0.1037047728896141,
            0.004069940187036991,
            -0.018592409789562225
        ],
        [
            0.10401669144630432,
            0.012260014191269875,
            -0.01919938623905182
        ],
        [
            0.20071369409561157,
            -0.03175472468137741,
            0.05236759036779404
        ],
        [
            0.20593614876270294,
            -0.025643080472946167,
            0.055907659232616425
        ],
        [
            0.0976857841014862,
            0.013789033517241478,
            -0.025610461831092834
        ],
        [
            0.09726659208536148,
            0.004578698892146349,
            -0.02407771348953247
        ],
        [
            0.12135100364685059,
            -0.005358164198696613,
            -0.004938948899507523
        ],
        [
            0.12087893486022949,
            -0.015762895345687866,
            0.0001270771026611328
        ],
        [
            0.13364624977111816,
            -0.0052842143923044205,
            0.001743815839290619
        ],
        [
            0.13461819291114807,
            -0.015581386163830757,
            0.006818536669015884
        ],
        [
            0.176695317029953,
            -0.007875042036175728,
            0.01973041519522667
        ],
        [
            0.21088650822639465,
            -0.021829355508089066,
            0.07338844239711761
        ],
        [
            0.2067236453294754,
            -0.020797517150640488,
            0.06309334933757782
        ],
        [
            0.20166932046413422,
            -0.01870209537446499,
            0.06529723107814789
        ],
        [
            0.20774394273757935,
            -0.01902000792324543,
            0.07424971461296082
        ],
        [
            0.20262792706489563,
            -0.01966192200779915,
            0.058417849242687225
        ],
        [
            0.208351731300354,
            -0.026110142469406128,
            0.06113377958536148
        ],
        [
            0.13123106956481934,
            -0.02700607292354107,
            0.014818346127867699
        ],
        [
            0.17556974291801453,
            -0.010364046320319176,
            0.05034365877509117
        ],
        [
            0.11446475237607956,
            -0.02836362086236477,
            0.012137757614254951
        ],
        [
            0.13281190395355225,
            -0.03710981830954552,
            0.024859415367245674
        ],
        [
            0.1206812858581543,
            -0.037727609276771545,
            0.025971651077270508
        ],
        [
            0.09772276133298874,
            -0.030361900106072426,
            0.012380525469779968
        ],
        [
            0.10587646067142487,
            -0.03717430308461189,
            0.02625366672873497
        ],
        [
            0.08678802102804184,
            -0.023535124957561493,
            -0.0026328004896640778
        ],
        [
            0.09314510226249695,
            -0.025988606736063957,
            0.0037953555583953857
        ],
        [
            0.11771188676357269,
            -0.04056588560342789,
            0.03679829463362694
        ],
        [
