{
    "pred_cam": [
        6.069092273712158,
        0.15850098431110382,
        -0.020983800292015076
    ],
    "pred_mano_params": {
        "global_orient": [
            [
                [
                    -0.9424060583114624,
                    0.2510191798210144,
                    -0.22104352712631226
                ],
                [
                    0.13647574186325073,
                    -0.3147653043270111,
                    -0.9393067955970764
                ],
                [
                    -0.3053607940673828,
                    -0.9153754711151123,
                    0.2623786926269531
                ]
            ]
        ],
        "hand_pose": [
            [
                [
                    0.9649726152420044,
                    -0.1987825632095337,
                    -0.17121143639087677
                ],
                [
                    0.20044325292110443,
                    0.9796750545501709,
                    -0.007710076868534088
                ],
                [
                    0.16926418244838715,
                    -0.02687816321849823,
                    0.9852042198181152
                ]
            ],
            [
                [
                    0.8217292428016663,
                    -0.5541990399360657,
                    0.13275733590126038
                ],
                [
                    0.5683753490447998,
                    0.7801065444946289,
                    -0.2615020275115967
                ],
                [
                    0.0413593053817749,
                    0.2903398275375366,
                    0.9560294151306152
                ]
            ],
            [
                [
                    0.8407071828842163,
                    -0.5133717656135559,
                    0.17222321033477783
                ],
                [
                    0.47791945934295654,
                    0.8530028462409973,
                    0.2097119837999344
                ],
                [
                    -0.25456711649894714,
                    -0.0939975455403328,
                    0.9624759554862976
                ]
            ],
            [
                [
                    0.8296121954917908,
                    -0.5506669282913208,
                    -0.09224636852741241
                ],
                [
                    0.5549888610839844,
                    0.8313746452331543,
                    0.028348272666335106
                ],
                [
                    0.061080824583768845,
                    -0.07471378147602081,
                    0.9953325986862183
                ]
            ],
            [
                [
                    0.9545509219169617,
                    -0.2537176012992859,
                    -0.15639686584472656
                ],
                [
                    0.28288355469703674,
                    0.9364781975746155,
                    0.20732958614826202
                ],
                [
                    0.09385907649993896,
                    -0.24214871227741241,
                    0.9656886458396912
                ]
            ],
            [
                [
                    0.8977733254432678,
                    -0.42006099224090576,
                    0.13248303532600403
                ],
                [
                    0.4271221160888672,
                    0.9037299156188965,
                    -0.02896379679441452
                ],
                [
                    -0.10756231844425201,
                    0.08258936554193497,
                    0.990761935710907
                ]
            ],
            [
                [
                    0.9918090105056763,
                    -0.0985511988401413,
                    0.08125640451908112
                ],
                [
                    0.11274699866771698,
                    0.974431574344635,
                    -0.19434837996959686
                ],
                [
                    -0.06002552807331085,
                    0.2019178718328476,
                    0.977561354637146
                ]
            ],
            [
                [
                    0.9940930008888245,
                    -0.10775479674339294,
                    -0.012961307540535927
                ],
                [
                    0.10798998922109604,
                    0.9701389670372009,
                    0.21718303859233856
                ],
                [
                    -0.01082824170589447,
                    -0.21729983389377594,
                    0.976044774055481
                ]
            ],
            [
                [
                    0.9593459963798523,
                    -0.2822154760360718,
                    -0.003122801659628749
                ],
                [
                    0.22354204952716827,
                    0.7530477046966553,
                    0.6188281178474426
                ],
                [
                    -0.17229121923446655,
                    -0.5943682789802551,
                    0.7855203151702881
                ]
            ],
            [
                [
                    0.956834077835083,
                    -0.28126785159111023,
                    -0.07319124788045883
                ],
                [
                    0.26489776372909546,
                    0.9476041197776794,
                    -0.1785372495651245
                ],
                [
                    0.11957312375307083,
                    0.15144233405590057,
                    0.9812071323394775
                ]
            ],
            [
                [
                    0.9780068397521973,
                    -0.20838776230812073,
                    0.008783879689872265
                ],
                [
                    0.1778532862663269,
                    0.8552212119102478,
                    0.48679032921791077
                ],
                [
                    -0.1089533120393753,
                    -0.47452202439308167,
                    0.873474657535553
                ]
            ],
            [
                [
                    0.815029501914978,
                    -0.5782812833786011,
                    0.03629882633686066
                ],
                [
                    0.5650148987770081,
                    0.8070885539054871,
                    0.17136558890342712
                ],
                [
                    -0.12839388847351074,
                    -0.11915864795446396,
                    0.9845385551452637
                ]
            ],
            [
                [
                    0.6195354461669922,
                    0.17811428010463715,
                    -0.7644940614700317
                ],
                [
                    -0.6924765110015869,
                    0.5826584696769714,
                    -0.425423800945282
                ],
                [
                    0.36966484785079956,
                    0.7929593324661255,
                    0.4843175411224365
                ]
            ],
            [
                [
                    0.7971510291099548,
                    -0.35824111104011536,
                    -0.48601800203323364
                ],
                [
                    0.5642342567443848,
                    0.7285247445106506,
                    0.3884474039077759
                ],
                [
                    0.21491828560829163,
                    -0.583879292011261,
                    0.7828761339187622
                ]
            ],
            [
                [
                    0.6202566623687744,
                    -0.744918704032898,
                    0.24571911990642548
                ],
                [
                    0.7787046432495117,
                    0.5470846891403198,
                    -0.3071114718914032
                ],
                [
                    0.0943438932299614,
                    0.3818305432796478,
                    0.9194045662879944
                ]
            ]
        ],
        "betas": [
            -0.09228605031967163,
            -0.16345882415771484,
            0.033240556716918945,
            -0.09417673945426941,
            0.0016315579414367676,
            -0.031133439391851425,
            0.034711241722106934,
            -0.0032988637685775757,
            -0.01865239441394806,
            -0.05056813359260559
        ]
    },
    "pred_cam_t": [
        -0.15850098431110382,
        -0.020983800292015076,
        6.436300277709961
    ],
    "focal_length": [
        5000.0,
        5000.0
    ],
    "pred_keypoints_3d": [
        [
            0.09612736850976944,
            0.006417299620807171,
            0.006251438986510038
        ],
        [
            0.10923022031784058,
            -0.01635311171412468,
            0.034676287323236465
        ],
        [
            0.13762393593788147,
            -0.026432551443576813,
            0.04150793328881264
        ],
        [
            0.163965106010437,
            -0.019738204777240753,
            0.04057829827070236
        ],
        [
            0.18646445870399475,
            -0.014962738379836082,
            0.06533537060022354
        ],
        [
            0.17353084683418274,
            -0.023414596915245056,
            0.04343726858496666
        ],
        [
            0.20452821254730225,
            -0.02385620027780533,
            0.055022139102220535
        ],
        [
            0.2143491953611374,
            -0.01670912094414234,
            0.0736917108297348
        ],
        [
            0.21357791125774384,
            -0.010164713487029076,
            0.09743769466876984
        ],
        [
            0.186091348528862,
            -0.002855212427675724,
            0.035763200372457504
        ],
        [
            0.20872968435287476,
            0.00567576102912426,
            0.056550875306129456
        ],
        [
            0.21689283847808838,
            0.015885811299085617,
            0.0759766474366188
        ],
        [
            0.22043578326702118,
            0.023524506017565727,
            0.10035346448421478
        ],
        [
            0.17852970957756042,
            0.021681398153305054,
            0.027909087017178535
        ],
        [
            0.20511291921138763,
            0.026958584785461426,
            0.03844999894499779
        ],
        [
            0.2210473120212555,
            0.035823557525873184,
            0.05548623949289322
        ],
        [
            0.22893527150154114,
            0.04130677133798599,
            0.07893197238445282
        ],
        [
            0.16845206916332245,
            0.04096927493810654,
            0.025089789181947708
        ],
        [
            0.1880953460931778,
            0.0488915741443634,
            0.02711760811507702
        ],
        [
            0.2040880173444748,
            0.05711370334029198,
            0.03351037949323654
        ],
        [
            0.2166825234889984,
            0.06330408155918121,
            0.049521662294864655
        ]
    ],
    "pred_vertices": [
        [
            0.1336415410041809,
            -0.009356864728033543,
            0.038455672562122345
        ],
        [
            0.12231968343257904,
            -0.006035719066858292,
            0.035230591893196106
        ],
        [
            0.12978783249855042,
            -0.010319729335606098,
            0.037839725613594055
        ],
        [
            0.13746662437915802,
            -0.014766717329621315,
            0.04203116148710251
        ],
        [
            0.11789333075284958,
            -0.007773984223604202,
            0.04913817346096039
        ],
        [
            0.11115550249814987,
            -0.01687021553516388,
            0.0538313053548336
        ],
        [
            0.13005568087100983,
            -0.0214344784617424,
            0.055240754038095474
        ],
        [
            0.13256344199180603,
            -0.012079793959856033,
            0.051244258880615234
        ],
        [
            0.1421329230070114,
            -0.019541336223483086,
            0.04182726517319679
        ],
        [
            0.1365610808134079,
            -0.013799728825688362,
            0.04024422541260719
        ],
        [
            0.1432531774044037,
            -0.022024113684892654,
            0.03610239923000336
        ],
        [
            0.1509684920310974,
            -0.030926957726478577,
            0.03633345291018486
        ],
        [
            0.14971759915351868,
            -0.02584942802786827,
            0.04291856288909912
        ],
        [
            0.15906453132629395,
            -0.03358827158808708,
            0.03757708519697189
        ],
        [
            0.1464080512523651,
            -0.03451995179057121,
            0.027490846812725067
        ],
        [
            0.16094940900802612,
            -0.03331078588962555,
            0.02890724316239357
        ],
        [
            0.14871543645858765,
            -0.017137540504336357,
            0.011474855244159698
        ],
        [
            0.1487778127193451,
            -0.004647647961974144,
            0.006774846464395523
        ],
        [
            0.1648801565170288,
            -0.0048318482004106045,
            0.012122837826609612
        ],
        [
            0.16325224936008453,
            -0.01718432828783989,
            0.017270643264055252
        ],
        [
            0.15696024894714355,
            0.014055809937417507,
            0.007928410544991493
        ],
        [
            0.16237156093120575,
            0.003744932357221842,
            0.010323144495487213
        ],
        [
            0.14676545560359955,
            0.003637624206021428,
            0.003779519349336624
        ],
        [
            0.1429542899131775,
            0.013073569163680077,
            0.0020195357501506805
        ],
        [
            0.13032448291778564,
            0.002788405865430832,
            0.03248053789138794
        ],
        [
            0.11884769797325134,
            0.005237582139670849,
            0.030012477189302444
        ],
        [
            0.1187744140625,
            0.00036860164254903793,
            0.03131536394357681
        ],
        [
            0.1304306536912918,
            -0.0020153457298874855,
            0.034166138619184494
        ],
        [
            0.14424334466457367,
            -0.025393804535269737,
            0.03140721470117569
        ],
        [
            0.13633453845977783,
            -0.033960141241550446,
            0.03124290332198143
        ],
        [
            0.14098921418190002,
            -0.028726480901241302,
            0.03156599402427673
        ],
        [
            0.145186647772789,
            -0.020473958924412727,
            0.03343547135591507
        ],
        [
            0.09521650522947311,
            0.019368914887309074,
            0.026851216331124306
        ],
        [
            0.08506300300359726,
            0.016862252727150917,
            0.01824961230158806
        ],
        [
            0.08456015586853027,
            0.011086815968155861,
            0.019673915579915047
        ],
        [
            0.09390302002429962,
            0.014498583041131496,
            0.027070151641964912
        ],
        [
            0.08810365200042725,
            -0.007904887199401855,
            0.03794898837804794
        ],
        [
            0.08204812556505203,
            -0.006632672622799873,
            0.025740746408700943
        ],
        [
            0.07831228524446487,
            -0.017732588574290276,
            0.018110593780875206
        ],
        [
            0.08573594689369202,
            -0.021460192278027534,
            0.02732149139046669
        ],
        [
            0.09862613677978516,
            -0.01210172101855278,
            0.04846413806080818
        ],
        [
            0.0942373275756836,
            -0.024187635630369186,
            0.0417008139193058
        ],
        [
            0.10881504416465759,
            -0.027980204671621323,
            0.05066806450486183
        ],
        [
            0.1292913854122162,
            -0.030607525259256363,
            0.05264408886432648
        ],
        [
            0.08683066815137863,
            0.028414463624358177,
            0.012820754200220108
        ],
        [
            0.09432797878980637,
            0.03209671378135681,
            0.018700435757637024
        ],
        [
            0.1985553503036499,
            -0.02416190691292286,
            0.06666536629199982
        ],
        [
            0.19912412762641907,
            -0.01819485053420067,
            0.06590738892555237
        ],
        [
            0.19552423059940338,
            -0.01909136027097702,
            0.0640488788485527
        ],
        [
            0.1957700103521347,
            -0.024785442277789116,
            0.06499136239290237
        ],
        [
            0.0995938703417778,
            0.034993644803762436,
            -0.0014795586466789246
        ],
        [
            0.10334697365760803,
            0.03086562640964985,
            -0.009984079748392105
        ],
        [
            0.09627809375524521,
            0.032336242496967316,
            -0.01122003048658371
        ],
        [
            0.09218548983335495,
            0.034372810274362564,
            -0.0029281936585903168
        ],
        [
            0.1093682274222374,
            0.03566998615860939,
            0.0006314143538475037
        ],
        [
            0.11289610713720322,
            0.028521031141281128,
            -0.007496833801269531
        ],
        [
            0.20773188769817352,
            -0.03027239814400673,
            0.06011350452899933
        ],
        [
            0.20411963760852814,
            -0.03063720464706421,
            0.06385479867458344
        ],
        [
            0.2014591246843338,
            -0.03177695721387863,
            0.05995836853981018
        ],
        [
            0.20424588024616241,
            -0.03081195428967476,
            0.05538555979728699
        ],
        [
            0.14681920409202576,
            -0.019467392936348915,
            0.04565504193305969
        ],
        [
            0.14377209544181824,
            -0.011691770516335964,
            0.04322769492864609
        ],
        [
            0.16576968133449554,
            -0.02107330597937107,
            0.05202833563089371
        ],
        [
            0.1571333408355713,
            -0.016552269458770752,
            0.04755108430981636
        ],
        [
            0.15576544404029846,
            -0.02347426861524582,
            0.04792541265487671
        ],
        [
            0.16350169479846954,
            -0.027073202654719353,
            0.05046582594513893
        ],
        [
            0.1532527655363083,
            0.004509381018579006,
            0.037534743547439575
        ],
        [
            0.14193834364414215,
            0.004813884384930134,
            0.0340895839035511
        ],
        [
            0.14330625534057617,
            -0.0010612420737743378,
            0.03646454960107803
        ],
        [
            0.15549445152282715,
            -0.0027895262464880943,
            0.0416211262345314
        ],
        [
            0.1401420533657074,
            0.01874254085123539,
            0.03187398985028267
        ],
        [
            0.15162041783332825,
            0.017231008037924767,
            0.035147301852703094
        ],
        [
            0.14943447709083557,
            0.025386467576026917,
            0.03364554047584534
        ],
        [
            0.14127087593078613,
            0.02525290474295616,
            0.03237617388367653
        ],
        [
            0.171174094080925,
            0.011243161745369434,
            0.040190063416957855
        ],
        [
            0.1783650517463684,
            0.010034293867647648,
            0.04105408862233162
        ],
        [
            0.1802167296409607,
            0.013824784196913242,
            0.04058206081390381
        ],
        [
            0.1710798442363739,
            0.014814581722021103,
            0.0390588603913784
        ],
        [
            0.08953030407428741,
            0.03298547863960266,
            -0.01334800198674202
        ],
        [
            0.08523627370595932,
            0.03279662877321243,
            -0.004453927278518677
        ],
        [
            0.14936423301696777,
            0.03420902416110039,
            0.00731719471514225
        ],
        [
            0.14264991879463196,
            0.042260412126779556,
            0.011439861729741096
        ],
        [
            0.15396831929683685,
            0.04500172659754753,
            0.01497492752969265
        ],
        [
            0.15794235467910767,
            0.035727232694625854,
            0.009774990379810333
        ],
        [
            0.10692450404167175,
            0.022070344537496567,
            -0.014373347163200378
        ],
        [
            0.10029323399066925,
            0.025235764682292938,
            -0.017242569476366043
        ],
        [
            0.21069905161857605,
            -0.02613617293536663,
            0.05639124661684036
        ],
        [
            0.20667840540409088,
            -0.02634604461491108,
            0.051926322281360626
        ],
        [
            0.10601726174354553,
            -0.03522327542304993,
            0.03929378092288971
        ],
        [
            0.12767556309700012,
            -0.036979351192712784,
            0.04619832709431648
        ],
        [
            0.09367477148771286,
            -0.03041074052453041,
            0.02708105370402336
        ],
        [
            0.08764418214559555,
            -0.026205437257885933,
            0.015921998769044876
        ],
        [
            0.08136153221130371,
            -0.02411394938826561,
            0.007927022874355316
        ],
        [
            0.16150332987308502,
            -0.01122470386326313,
            0.047597672790288925
        ],
        [
            0.1397080272436142,
            -0.005445207469165325,
            0.03834545239806175
        ],
        [
            0.12999027967453003,
            0.007582721300423145,
            0.031208191066980362
        ],
        [
            0.1300831139087677,
            0.03840802609920502,
            0.029449112713336945
        ],
        [
            0.11953827738761902,
            0.03829856216907501,
            0.027013488113880157
        ],
        [
            0.12294675409793854,
            0.029100976884365082,
            0.031159646809101105
        ],
        [
            0.13169127702713013,
            0.030958477407693863,
            0.03182237222790718
        ],
        [
            0.14002899825572968,
            0.046292416751384735,
            0.019883455708622932
        ],
        [
            0.14053314924240112,
            0.043635156005620956,
            0.0274075698107481
        ],
        [
            0.15025441348552704,
            0.04433778300881386,
            0.029460739344358444
        ],
        [
            0.1504661589860916,
            0.04752390459179878,
            0.02267618663609028
        ],
        [
            0.14450708031654358,
            -0.03222982585430145,
            0.03269654139876366
        ],
        [
            0.13229933381080627,
            -0.03859410807490349,
            0.03261737525463104
        ],
        [
            0.09561996906995773,
            0.03562166914343834,
            0.008380994200706482
        ],
        [
            0.08868783712387085,
            0.03256233036518097,
            0.006477613002061844
        ],
        [
            0.08170185983181,
            0.030534595251083374,
            0.0020965449512004852
        ],
        [
            0.10610947757959366,
            0.011267513036727905,
            0.030030470341444016
        ],
        [
            0.09278380870819092,
            0.011109869927167892,
            0.027691584080457687
        ],
        [
            0.09250479191541672,
            0.00705377385020256,
            0.03084617666900158
        ],
        [
            0.105564184486866,
            0.008056383579969406,
            0.03051740489900112
        ],
        [
            0.11335314065217972,
            -0.0018808748573064804,
            0.03806733340024948
        ],
        [
            0.10255911946296692,
            -0.00214429572224617,
            0.044108450412750244
        ],
        [
            0.12546469271183014,
            -0.005211871117353439,
            0.04051895812153816
        ],
        [
            0.08222051709890366,
            0.003267214633524418,
            0.021545054391026497
        ],
        [
            0.07549407333135605,
            0.009830736555159092,
            0.014926489442586899
        ],
        [
            0.07450474798679352,
            0.0010282322764396667,
            0.01611899398267269
        ],
        [
            0.07690358906984329,
            0.018886804580688477,
            0.011380234733223915
        ],
        [
            0.07897995412349701,
            0.026462990790605545,
            0.007141917943954468
        ],
        [
            0.09395340085029602,
            0.026869801804423332,
            -0.022724948823451996
        ],
        [
            0.07503579556941986,
            -0.007307078689336777,
            0.016221556812524796
        ],
        [
            0.14088906347751617,
            -0.015957394614815712,
            0.05122484639286995
        ],
        [
            0.14709700644016266,
            -0.01756932958960533,
            0.05002780631184578
        ],
        [
            0.1460971236228943,
            -0.013042513281106949,
            0.04427577927708626
        ],
        [
            0.14120590686798096,
            -0.012495158240199089,
            0.0442315973341465
        ],
        [
            0.16897884011268616,
            -0.03491520136594772,
            0.03927590325474739
        ],
        [
            0.165949285030365,
            -0.032156072556972504,
            0.04669657349586487
        ],
        [
            0.1558903306722641,
            -0.030258920043706894,
            0.044139765202999115
        ],
        [
            0.10558398067951202,
            0.024388138204813004,
            0.02902957797050476
        ],
        [
            0.10419158637523651,
            0.03504779189825058,
            0.022293945774435997
        ],
        [
            0.17035183310508728,
            -0.016054997220635414,
            0.051302310079336166
        ],
        [
            0.2015548050403595,
            -0.03149881586432457,
            0.051257163286209106
        ],
        [
            0.19834597408771515,
            -0.032962776720523834,
            0.056181252002716064
        ],
        [
            0.18405936658382416,
            -0.034512147307395935,
            0.04708300530910492
        ],
        [
            0.18798328936100006,
            -0.03285101801156998,
            0.04177260026335716
        ],
        [
            0.18104316294193268,
            -0.014052175916731358,
            0.0477910116314888
        ],
        [
            0.17621318995952606,
            -0.0166745875030756,
            0.051731571555137634
        ],
        [
            0.17946921288967133,
            -0.016604287549853325,
            0.051395200192928314
        ],
        [
            0.18427331745624542,
            -0.013013722375035286,
            0.048854801803827286
        ],
        [
            0.1761162281036377,
            0.021606553345918655,
            0.037384144961833954
        ],
        [
            0.1685427874326706,
            0.022702744230628014,
            0.036646489053964615
        ],
        [
            0.1769859343767166,
            -0.015475696884095669,
            0.025838926434516907
        ],
        [
            0.17300114035606384,
            -0.028379235416650772,
            0.02567705512046814
        ],
        [
            0.16130560636520386,
            -0.027551284059882164,
            0.020993826910853386
        ],
        [
            0.1516292840242386,
            0.01155768521130085,
            0.0355645976960659
        ],
        [
            0.16191452741622925,
            0.012116463854908943,
            0.03847332298755646
        ],
        [
            0.16168352961540222,
            0.01617131195962429,
            0.03740829601883888
        ],
        [
            0.16565237939357758,
            -0.008599231019616127,
            0.04708512872457504
        ],
        [
            0.1732945591211319,
            -0.011227400042116642,
            0.04905130714178085
        ],
        [
            0.1710701286792755,
            -0.006698323413729668,
            0.04596544802188873
        ],
        [
            0.16426929831504822,
            -0.003892218228429556,
            0.04420064017176628
        ],
        [
            0.13086208701133728,
            0.04021795094013214,
            0.006249627098441124
        ],
        [
            0.12754374742507935,
            0.04527667537331581,
            0.016076065599918365
        ],
        [
            0.20057420432567596,
            -0.028500031679868698,
            0.06610709428787231
        ],
        [
            0.19798599183559418,
            -0.029492277652025223,
            0.06345587223768234
        ],
        [
            0.14055976271629333,
            0.011683681979775429,
            0.032194413244724274
        ],
        [
            0.14723718166351318,
            -0.026172341778874397,
            0.016926536336541176
        ],
        [
            0.12925586104393005,
            0.012904487550258636,
            0.030102107673883438
        ],
        [
            0.17272716760635376,
            0.02498510479927063,
            0.017498845234513283
        ],
        [
            0.17308662831783295,
            0.030073095113039017,
            0.022334443405270576
        ],
        [
            0.17854829132556915,
            0.028375903144478798,
            0.024965085089206696
        ],
        [
            0.18053580820560455,
            0.025055257603526115,
            0.020519986748695374
        ],
        [
            0.19715222716331482,
            -0.012132291682064533,
            0.05432097241282463
        ],
        [
            0.1948285847902298,
            -0.014164960011839867,
            0.05922706052660942
        ],
        [
            0.19735419750213623,
            -0.013866789638996124,
            0.0610898956656456
        ],
        [
            0.20075133442878723,
            -0.011969350278377533,
            0.056616757065057755
        ],
        [
            0.17352160811424255,
            -0.021693754941225052,
            0.05325739458203316
        ],
        [
            0.17161746323108673,
            -0.027902361005544662,
            0.05259577929973602
        ],
        [
            0.1780930459499359,
            -0.026994232088327408,
            0.054555743932724
        ],
        [
            0.17879700660705566,
            -0.021158868446946144,
            0.0536988228559494
        ],
        [
            0.1744045913219452,
            -0.032843321561813354,
            0.048810720443725586
        ],
        [
            0.18020913004875183,
            -0.03226972371339798,
            0.05155124515295029
        ],
        [
            0.20053790509700775,
            -0.014017472974956036,
            0.04916051775217056
        ],
        [
            0.20336905121803284,
            -0.020400037989020348,
            0.0463034026324749
        ],
        [
            0.19101084768772125,
            -0.020029645413160324,
            0.03787122294306755
        ],
        [
            0.18967026472091675,
            -0.014550852589309216,
            0.04354427382349968
        ],
        [
            0.12958389520645142,
            0.011661959812045097,
            -0.004597451537847519
        ],
        [
            0.1271095871925354,
            0.022602014243602753,
            -0.0047600120306015015
        ],
        [
            0.14030146598815918,
            0.02427389658987522,
            0.0017804764211177826
        ],
        [
            0.15319478511810303,
            0.026096822693943977,
            0.007095636799931526
        ],
        [
            0.1651400774717331,
            0.02702055498957634,
            0.013523047789931297
        ],
        [
            0.16913354396820068,
            0.01537954993546009,
            0.011680161580443382
        ],
        [
            0.1369992196559906,
            0.03172741457819939,
            0.001881919801235199
        ],
        [
            0.18176507949829102,
            -0.012258532457053661,
            0.03885812684893608
        ],
        [
            0.18173061311244965,
            -0.01956910267472267,
            0.032627370208501816
        ],
        [
            0.18156158924102783,
            -0.013900099322199821,
            0.03230268135666847
        ],
        [
            0.12856899201869965,
            0.020334621891379356,
            0.03042249009013176
        ],
        [
            0.19525371491909027,
            -0.031187783926725388,
            0.06010473519563675
        ],
        [
            0.09807712584733963,
            -0.01948777586221695,
            -0.006438873708248138
        ],
        [
            0.10201401263475418,
            -0.008565342985093594,
            -0.013994690030813217
        ],
        [
            0.1089315116405487,
            -0.01061007846146822,
            -0.009056605398654938
        ],
        [
            0.10415011644363403,
            -0.022638540714979172,
            0.0004982464015483856
        ],
        [
            0.19302164018154144,
            -0.019962994381785393,
            0.062673419713974
        ],
        [
            0.1927819550037384,
            -0.0262786652892828,
            0.06314249336719513
        ],
        [
            0.1698654145002365,
            0.02927830070257187,
            0.03458940237760544
        ],
        [
            0.17598433792591095,
            0.026866894215345383,
            0.034588683396577835
        ],
        [
            0.17789776623249054,
            0.029094725847244263,
            0.03167200833559036
        ],
        [
            0.1732175648212433,
            0.034146010875701904,
            0.03202986717224121
        ],
        [
            0.12427631765604019,
            0.027841852977871895,
            -0.004514366388320923
        ],
        [
            0.1609708070755005,
            0.046125054359436035,
            0.016172699630260468
        ],
        [
            0.16427822411060333,
            0.0382673405110836,
            0.011636966839432716
        ],
        [
            0.1154760792851448,
            0.020685648545622826,
            -0.010400015860795975
        ],
        [
            0.1177164614200592,
            0.011105197481811047,
            -0.010920599102973938
        ],
        [
            0.10909213870763779,
            0.011287782341241837,
            -0.015487689524888992
        ],
        [
            0.17763112485408783,
            0.004048878327012062,
            0.01852666400372982
        ],
        [
            0.13294990360736847,
            0.0038002117071300745,
            -0.0028320960700511932
        ],
        [
            0.11981025338172913,
            0.003923402633517981,
            -0.009029570966959
        ],
        [
            0.10959725081920624,
            0.003787925001233816,
            -0.014419712126255035
        ],
        [
            0.10255324840545654,
            0.004291847348213196,
            -0.018931042402982712
        ],
        [
            0.10265996307134628,
            0.012490730732679367,
            -0.019514378160238266
        ],
        [
            0.2032630890607834,
            -0.026333734393119812,
            0.04795262590050697
        ],
        [
            0.20777541399002075,
            -0.019627684727311134,
            0.0502331368625164
        ],
        [
            0.09600643068552017,
            0.013899085111916065,
            -0.025610987097024918
        ],
        [
            0.09585719555616379,
            0.0046760039404034615,
            -0.024099092930555344
        ],
        [
            0.12101345509290695,
            -0.004783967509865761,
            -0.006165791302919388
        ],
        [
            0.12098190188407898,
            -0.01521144900470972,
            -0.001110464334487915
        ],
        [
            0.133601114153862,
            -0.0044664847664535046,
            -7.622689008712769e-05
        ],
        [
            0.13501638174057007,
            -0.014749981462955475,
            0.0049014464020729065
        ],
        [
            0.1772395521402359,
            -0.006317701656371355,
            0.01596764475107193
        ],
        [
            0.21711261570453644,
            -0.013271818868815899,
            0.065256267786026
        ],
        [
            0.21023251116275787,
            -0.014016695320606232,
            0.05636056140065193
        ],
        [
            0.20565959811210632,
            -0.011844418942928314,
            0.05929877236485481
        ],
        [
            0.21405066549777985,
            -0.010481439530849457,
            0.06634624302387238
        ],
        [
            0.20459119975566864,
            -0.013773147016763687,
            0.05250445008277893
        ],
        [
            0.21183377504348755,
            -0.019359949976205826,
            0.054845962673425674
        ],
        [
            0.13220331072807312,
            -0.026219865307211876,
            0.012972591444849968
        ],
        [
            0.17791488766670227,
            -0.008499199524521828,
            0.046505045145750046
        ],
        [
            0.1154155284166336,
            -0.027979133650660515,
            0.011147277429699898
        ],
        [
            0.13441883027553558,
            -0.03618621826171875,
            0.022699814289808273
        ],
        [
            0.12256814539432526,
            -0.0372009240090847,
            0.024432089179754257
        ],
        [
            0.09887012839317322,
            -0.030430004000663757,
            0.012242743745446205
        ],
        [
            0.10798119753599167,
            -0.03711913153529167,
            0.025590848177671432
        ],
        [
            0.08701281994581223,
            -0.023734472692012787,
            -0.0022658705711364746
        ],
        [
            0.09374331682920456,
            -0.026097070425748825,
            0.0038740262389183044
        ],
        [
            0.12079770863056183,
            -0.04024547338485718,
            0.03515849635004997
        ],
        [
