{
    "pred_cam": [
        4.965832710266113,
        0.1694413274526596,
        -0.02422664314508438
    ],
    "pred_mano_params": {
        "global_orient": [
            [
                [
                    -0.9766699075698853,
                    0.19247975945472717,
                    -0.09522326290607452
                ],
                [
                    0.012087833136320114,
                    -0.3934439420700073,
                    -0.9192691445350647
                ],
                [
                    -0.21440570056438446,
                    -0.8989735245704651,
                    0.3819381892681122
                ]
            ]
        ],
        "hand_pose": [
            [
                [
                    0.9558310508728027,
                    -0.17847128212451935,
                    -0.23352740705013275
                ],
                [
                    0.1838533878326416,
                    0.9829528331756592,
                    0.0013014457654207945
                ],
                [
                    0.2293141484260559,
                    -0.04417876526713371,
                    0.9723494052886963
                ]
            ],
            [
                [
                    0.9954593181610107,
                    -0.03017204813659191,
                    0.09028003364801407
                ],
                [
                    0.05168304219841957,
                    0.9677794575691223,
                    -0.246438130736351
                ],
                [
                    -0.07993561774492264,
                    0.24998505413532257,
                    0.9649444818496704
                ]
            ],
            [
                [
                    0.9756749868392944,
                    -0.1692667156457901,
                    0.13930922746658325
                ],
                [
                    0.1444457471370697,
                    0.9743987321853638,
                    0.17228618264198303
                ],
                [
                    -0.16490504145622253,
                    -0.1479726880788803,
                    0.9751463532447815
                ]
            ],
            [
                [
                    0.9594705700874329,
                    -0.2804974317550659,
                    0.027155568823218346
                ],
                [
                    0.2815714180469513,
                    0.9581558108329773,
                    -0.05152636393904686
                ],
                [
                    -0.011566253378987312,
                    0.057084258645772934,
                    0.9983023405075073
                ]
            ],
            [
                [
                    0.9983837008476257,
                    0.04883086308836937,
                    -0.029079316183924675
                ],
                [
                    -0.04021213948726654,
                    0.9685033559799194,
                    0.24573199450969696
                ],
                [
                    0.040162719786167145,
                    -0.24416545033454895,
                    0.9689015746116638
                ]
            ],
            [
                [
                    0.9560226202011108,
                    -0.2752390205860138,
                    0.1013123169541359
                ],
                [
                    0.2830371558666229,
                    0.9563498497009277,
                    -0.07269760966300964
                ],
                [
                    -0.0768808051943779,
                    0.09817571192979813,
                    0.9921949505805969
                ]
            ],
            [
                [
                    0.9550169110298157,
                    -0.18122613430023193,
                    0.23473317921161652
                ],
                [
                    0.18903939425945282,
                    0.9819074869155884,
                    -0.011027469299733639
                ],
                [
                    -0.22848784923553467,
                    0.0549052469432354,
                    0.9719971418380737
                ]
            ],
            [
                [
                    0.9963858723640442,
                    -0.05244233459234238,
                    -0.06682060658931732
                ],
                [
                    0.06107785925269127,
                    0.9890232682228088,
                    0.13454578816890717
                ],
                [
                    0.059031229466199875,
                    -0.13814078271389008,
                    0.9886518716812134
                ]
            ],
            [
                [
                    0.9649481773376465,
                    -0.2590581178665161,
                    0.041997794061899185
                ],
                [
                    0.18121080100536346,
                    0.7734501361846924,
                    0.6074023246765137
                ],
                [
                    -0.18983574211597443,
                    -0.5785013437271118,
                    0.7932834029197693
                ]
            ],
            [
                [
                    0.9570618867874146,
                    -0.28806114196777344,
                    -0.03245552256703377
                ],
                [
                    0.28174930810928345,
                    0.9506940841674805,
                    -0.12960754334926605
                ],
                [
                    0.06819016486406326,
                    0.11489810794591904,
                    0.9910340905189514
                ]
            ],
            [
                [
                    0.9966118931770325,
                    0.06402610242366791,
                    0.05162573605775833
                ],
                [
                    -0.07908964157104492,
                    0.9182897210121155,
                    0.38792887330055237
                ],
                [
                    -0.02256978116929531,
                    -0.3906976580619812,
                    0.9202422499656677
                ]
            ],
            [
                [
                    0.873585045337677,
                    -0.4812471568584442,
                    0.0724593847990036
                ],
                [
                    0.4686232805252075,
                    0.871982991695404,
                    0.14155510067939758
                ],
                [
                    -0.13130633533000946,
                    -0.08970426768064499,
                    0.9872749447822571
                ]
            ],
            [
                [
                    0.6650234460830688,
                    0.1395796239376068,
                    -0.733663022518158
                ],
                [
                    -0.6796400547027588,
                    0.5203219652175903,
                    -0.517063319683075
                ],
                [
                    0.30956947803497314,
                    0.8424859642982483,
                    0.44089022278785706
                ]
            ],
            [
                [
                    0.8542783856391907,
                    -0.3889530599117279,
                    -0.3448534309864044
                ],
                [
                    0.5145236849784851,
                    0.7271308302879333,
                    0.4544734060764313
                ],
                [
                    0.07398475706577301,
                    -0.5656821131706238,
                    0.8212977051734924
                ]
            ],
            [
                [
                    0.6909036040306091,
                    -0.7013930678367615,
                    0.1752137690782547
                ],
                [
                    0.7223399877548218,
                    0.6598139405250549,
                    -0.20705191791057587
                ],
                [
                    0.029616303741931915,
                    0.26961684226989746,
                    0.9625120759010315
                ]
            ]
        ],
        "betas": [
            -0.07551181316375732,
            -0.11554422974586487,
            0.011480093002319336,
            -0.029208630323410034,
            0.03615140914916992,
            0.0027552060782909393,
            0.04948723316192627,
            -0.01534724235534668,
            -0.03871126472949982,
            -0.06610527634620667
        ]
    },
    "pred_cam_t": [
        -0.1694413274526596,
        -0.02422664314508438,
        7.866253852844238
    ],
    "focal_length": [
        5000.0,
        5000.0
    ],
    "pred_keypoints_3d": [
        [
            0.09608781337738037,
            0.006417997181415558,
            0.006229706108570099
        ],
        [
            0.11421385407447815,
            -0.011613767594099045,
            0.03530367836356163
        ],
        [
            0.14372755587100983,
            -0.017342668026685715,
            0.04239398613572121
        ],
        [
            0.17023107409477234,
            -0.011350324377417564,
            0.04165058583021164
        ],
        [
            0.19542066752910614,
            -0.0033252048306167126,
            0.06286253035068512
        ],
        [
            0.1794726848602295,
            -0.011612597852945328,
            0.03779032826423645
        ],
        [
            0.2113993614912033,
            -0.006125608459115028,
            0.04456009715795517
        ],
        [
            0.23101535439491272,
            -0.0004763319157063961,
            0.05343548208475113
        ],
        [
            0.25195544958114624,
            0.0036523621529340744,
            0.06650415807962418
        ],
        [
            0.18896329402923584,
            0.009003181010484695,
            0.026660693809390068
        ],
        [
            0.2181186079978943,
            0.015975994989275932,
            0.03737720847129822
        ],
        [
            0.23831035196781158,
            0.022565066814422607,
            0.04712032154202461
        ],
        [
            0.25998714566230774,
            0.027700766921043396,
            0.06048538535833359
        ],
        [
            0.1781201958656311,
            0.03163022920489311,
            0.017150653526186943
        ],
        [
            0.20479761064052582,
            0.03958776220679283,
            0.025330236181616783
        ],
        [
            0.22544431686401367,
            0.049791011959314346,
            0.034807659685611725
        ],
        [
            0.24296563863754272,
            0.0576188862323761,
            0.05140427500009537
        ],
        [
            0.1658567190170288,
            0.049414873123168945,
            0.013435421511530876
        ],
        [
            0.18491587042808533,
            0.057981397956609726,
            0.01714269071817398
        ],
        [
            0.2006726861000061,
            0.0669226422905922,
            0.023015223443508148
        ],
        [
            0.21423768997192383,
            0.07327079027891159,
            0.03813974931836128
        ]
    ],
    "pred_vertices": [
        [
            0.1382531225681305,
            -0.002320315223187208,
            0.03572895750403404
        ],
        [
            0.12652257084846497,
            -0.0006500883027911186,
            0.033115290105342865
        ],
        [
            0.13458262383937836,
            -0.0037669194862246513,
            0.03564642369747162
        ],
        [
            0.14303195476531982,
            -0.006978679448366165,
            0.03955348581075668
        ],
        [
            0.12289053201675415,
            0.0005693640559911728,
            0.04720189422369003
        ],
        [
            0.11719322949647903,
            -0.00784912146627903,
            0.0539512000977993
        ],
        [
            0.13601526618003845,
            -0.01034060399979353,
            0.05514964088797569
        ],
        [
            0.13763737678527832,
            -0.0018232036381959915,
            0.04921920225024223
        ],
        [
            0.1484072208404541,
            -0.011286887340247631,
            0.03964513912796974
        ],
        [
            0.1419072300195694,
            -0.006084413267672062,
            0.03805842250585556
        ],
        [
            0.15000174939632416,
            -0.014460505917668343,
            0.03459683433175087
        ],
        [
            0.1578352451324463,
            -0.022424647584557533,
            0.034682951867580414
        ],
        [
            0.15647201240062714,
            -0.01662532426416874,
            0.04051651060581207
        ],
        [
            0.16591507196426392,
            -0.023959804326295853,
            0.035068120807409286
        ],
        [
            0.1528179794549942,
            -0.027390673756599426,
            0.026896033436059952
        ],
        [
            0.16681265830993652,
            -0.02448830008506775,
            0.02627677097916603
        ],
        [
            0.1510324329137802,
            -0.01149732992053032,
            0.008321724832057953
        ],
        [
            0.1492941677570343,
            0.0003780210390686989,
            0.002253703773021698
        ],
        [
            0.1652829498052597,
            0.002331654541194439,
            0.006048962473869324
        ],
        [
            0.1656033992767334,
            -0.009455096907913685,
            0.012607652693986893
        ],
        [
            0.15566721558570862,
            0.01980612613260746,
            0.0004523545503616333
        ],
        [
            0.1620585024356842,
            0.01035243272781372,
            0.00343412347137928
        ],
        [
            0.14620457589626312,
            0.008032528683543205,
            -0.0013993624597787857
        ],
        [
            0.14135265350341797,
            0.0168108269572258,
            -0.0037553273141384125
        ],
        [
            0.13293692469596863,
            0.008962554857134819,
            0.028842927888035774
        ],
        [
            0.12116026133298874,
            0.009893422946333885,
            0.02726113423705101
        ],
        [
            0.12187288701534271,
            0.00500151002779603,
            0.028948187828063965
        ],
        [
            0.1337869018316269,
            0.004300713539123535,
            0.03099113330245018
        ],
        [
            0.15115217864513397,
            -0.018850073218345642,
            0.032247260212898254
        ],
        [
            0.1434166431427002,
            -0.027226775884628296,
            0.03249727934598923
        ],
        [
            0.14798016846179962,
            -0.02187325805425644,
            0.03148605301976204
        ],
        [
            0.15202829241752625,
            -0.013545399531722069,
            0.03309018164873123
        ],
        [
            0.09584426879882812,
            0.02151637151837349,
            0.025321125984191895
        ],
        [
            0.08520714193582535,
            0.017116352915763855,
            0.018198177218437195
        ],
        [
            0.0854395180940628,
            0.011531820520758629,
            0.020237606018781662
        ],
        [
            0.09506786614656448,
            0.016591904684901237,
            0.02613198012113571
        ],
        [
            0.09250787645578384,
            -0.004111386835575104,
            0.03943769261240959
        ],
        [
            0.0853041261434555,
            -0.005318063776940107,
            0.02823016047477722
        ],
        [
            0.08203782886266708,
            -0.017513444647192955,
            0.022431226447224617
        ],
        [
            0.09058583527803421,
            -0.019094010815024376,
            0.03117493726313114
        ],
        [
            0.10414963215589523,
            -0.005434663966298103,
            0.04901076480746269
        ],
        [
            0.1003974974155426,
            -0.01863168552517891,
            0.04473423212766647
        ],
        [
            0.11545824259519577,
            -0.01928034797310829,
            0.05299563705921173
        ],
        [
            0.13565507531166077,
            -0.019771220162510872,
            0.05465614050626755
        ],
        [
            0.08525675535202026,
            0.028058482334017754,
            0.011408953927457333
        ],
        [
            0.09286892414093018,
            0.033065855503082275,
            0.01603597216308117
        ],
        [
            0.2128724604845047,
            -0.006289106793701649,
            0.055949825793504715
        ],
        [
            0.21327894926071167,
            -0.0006306096911430359,
            0.054677411913871765
        ],
        [
            0.20757398009300232,
            -0.0018560094758868217,
            0.053673747926950455
        ],
        [
            0.20850494503974915,
            -0.007347041741013527,
            0.054951295256614685
        ],
        [
            0.09582086652517319,
            0.03409936651587486,
            -0.00481509231030941
        ],
        [
            0.09912680834531784,
            0.0293713565915823,
            -0.013183729723095894
        ],
        [
            0.09185738116502762,
            0.030034637078642845,
            -0.013794627040624619
        ],
        [
            0.08840648084878922,
            0.03264373168349266,
            -0.0053778402507305145
        ],
        [
            0.1056223064661026,
            0.035922467708587646,
            -0.0038780737668275833
        ],
        [
            0.10907173901796341,
            0.028219100087881088,
            -0.0115236546844244
        ],
        [
            0.2175881266593933,
            -0.013181249611079693,
            0.04651711881160736
        ],
        [
            0.21607515215873718,
            -0.013132634572684765,
            0.05138532817363739
        ],
        [
            0.21194937825202942,
            -0.014556181617081165,
            0.04900438338518143
        ],
        [
            0.2128026932477951,
            -0.013867877423763275,
            0.04385387524962425
        ],
        [
            0.1529805064201355,
            -0.010148202069103718,
            0.042637113481760025
        ],
        [
            0.14884081482887268,
            -0.0029470836743712425,
            0.039630014449357986
        ],
        [
            0.17255066335201263,
            -0.009223826229572296,
            0.04695584997534752
        ],
        [
            0.1629464030265808,
            -0.0059495531022548676,
            0.04298171028494835
        ],
        [
            0.1624276340007782,
            -0.012969830073416233,
            0.0443163700401783
        ],
        [
            0.17085258662700653,
            -0.015535889193415642,
            0.04631318897008896
        ],
        [
            0.15589678287506104,
            0.013418440707027912,
            0.031218914315104485
        ],
        [
            0.14432251453399658,
            0.012278873473405838,
            0.028989844024181366
        ],
        [
            0.14654625952243805,
            0.006851877085864544,
            0.03182004764676094
        ],
        [
            0.15929506719112396,
            0.006892766337841749,
            0.035799093544483185
        ],
        [
            0.14083600044250488,
            0.025605997070670128,
            0.025515014305710793
        ],
        [
            0.15266633033752441,
            0.025531694293022156,
            0.027646228671073914
        ],
        [
            0.1494407057762146,
            0.03317929804325104,
            0.025526702404022217
        ],
        [
            0.14129632711410522,
            0.0321870781481266,
            0.025188520550727844
        ],
        [
            0.17356213927268982,
            0.022381724789738655,
            0.0313703790307045
        ],
        [
            0.18200328946113586,
            0.022006217390298843,
            0.031065938994288445
        ],
        [
            0.18190240859985352,
            0.02511683851480484,
            0.02986088953912258
        ],
        [
            0.17264120280742645,
            0.02540650963783264,
            0.029644455760717392
        ],
        [
            0.08489909768104553,
            0.029820794239640236,
            -0.015239197760820389
        ],
        [
            0.08152999728918076,
            0.030281681567430496,
            -0.005963467061519623
        ],
        [
            0.1461838334798813,
            0.03901547193527222,
            -0.0014724601060152054
        ],
        [
            0.13903853297233582,
            0.04671027511358261,
            0.0024257684126496315
        ],
        [
            0.15048465132713318,
            0.05100899189710617,
            0.004711608402431011
        ],
        [
            0.15486176311969757,
            0.04166342318058014,
            1.953914761543274e-06
        ],
        [
            0.103155717253685,
            0.020499534904956818,
            -0.016995972022414207
        ],
        [
            0.0959816724061966,
            0.022689547389745712,
            -0.019435850903391838
        ],
        [
            0.2188890278339386,
            -0.009453964419662952,
            0.04181298613548279
        ],
        [
            0.21346907317638397,
            -0.00968488771468401,
            0.039651647210121155
        ],
        [
            0.11275482922792435,
            -0.028761545196175575,
            0.0431445837020874
        ],
        [
            0.1344520002603531,
            -0.02756875939667225,
            0.049507010728120804
        ],
        [
            0.0992230549454689,
            -0.027162374928593636,
            0.03131789341568947
        ],
        [
            0.09191162139177322,
            -0.025237880647182465,
            0.02029581367969513
        ],
        [
            0.08478091657161713,
            -0.024827048182487488,
            0.012758728116750717
        ],
        [
            0.16673587262630463,
            -0.0002767976839095354,
            0.04199232533574104
        ],
        [
            0.14367350935935974,
            0.0023401384241878986,
            0.03453677520155907
        ],
        [
            0.13193485140800476,
            0.013560264371335506,
            0.027135299518704414
        ],
        [
            0.12857338786125183,
            0.043848007917404175,
            0.02211812324821949
        ],
        [
            0.11795508116483688,
            0.04251085966825485,
            0.020865201950073242
        ],
        [
            0.12268144637346268,
            0.0342075377702713,
            0.025593021884560585
        ],
        [
            0.13117128610610962,
            0.03690021112561226,
            0.025092745199799538
        ],
        [
            0.1367257535457611,
            0.05141996219754219,
            0.01069292239844799
        ],
        [
            0.13810661435127258,
            0.049704886972904205,
            0.018366944044828415
        ],
        [
            0.1476602703332901,
            0.05140675976872444,
            0.019355278462171555
        ],
        [
            0.14719204604625702,
            0.05389448255300522,
            0.012374765239655972
        ],
        [
            0.15138715505599976,
            -0.025247516110539436,
            0.03527802973985672
        ],
        [
            0.13940909504890442,
            -0.0316251777112484,
            0.03520175814628601
        ],
        [
            0.0927945151925087,
            0.03547756001353264,
            0.005298558622598648
        ],
        [
            0.08605579286813736,
            0.03160130977630615,
            0.00449029728770256
        ],
        [
            0.07890623062849045,
            0.02846737578511238,
            0.0011381898075342178
        ],
        [
            0.1078607439994812,
            0.014764787629246712,
            0.0279653612524271
        ],
        [
            0.09437752515077591,
            0.013216899707913399,
            0.027135608717799187
        ],
        [
            0.09484922885894775,
            0.009600982069969177,
            0.03048952855169773
        ],
        [
            0.10778555274009705,
            0.011498766951262951,
            0.028631415218114853
        ],
        [
            0.11736723780632019,
            0.003355175256729126,
            0.03577699139714241
        ],
        [
            0.1069716215133667,
            0.0035488028079271317,
            0.042787641286849976
        ],
        [
            0.129726842045784,
            0.0018143802881240845,
            0.03776991739869118
        ],
        [
            0.08410219103097916,
            0.00385005259886384,
            0.02307966724038124
        ],
        [
            0.07613182812929153,
            0.008897695690393448,
            0.016674503684043884
        ],
        [
            0.07617978006601334,
            0.00025547738187015057,
            0.018864085897803307
        ],
        [
            0.07624562084674835,
            0.017579834908246994,
            0.012081123888492584
        ],
        [
            0.07711929082870483,
            0.0247671976685524,
            0.006857655942440033
        ],
        [
            0.08899324387311935,
            0.023096388205885887,
            -0.024338940158486366
        ],
        [
            0.07757341116666794,
            -0.007900728844106197,
            0.019802464172244072
        ],
        [
            0.14641647040843964,
            -0.005055157467722893,
            0.04976722598075867
        ],
        [
            0.15322428941726685,
            -0.006949019152671099,
            0.049362264573574066
        ],
        [
            0.15238983929157257,
            -0.003917366731911898,
            0.04253307729959488
        ],
        [
            0.1466292440891266,
            -0.003053253050893545,
            0.041993312537670135
        ],
        [
            0.1760554164648056,
            -0.023942114785313606,
            0.03548835963010788
        ],
        [
            0.17354188859462738,
            -0.02074754238128662,
            0.042844440788030624
        ],
        [
            0.16300532221794128,
            -0.020179837942123413,
            0.041415706276893616
        ],
        [
            0.10578865557909012,
            0.027718305587768555,
            0.02585780620574951
        ],
        [
            0.10266216099262238,
            0.03733105584979057,
            0.018231220543384552
        ],
        [
            0.17642778158187866,
            -0.0038878642953932285,
            0.0451362170279026
        ],
        [
            0.20940038561820984,
            -0.014885440468788147,
            0.04051418974995613
        ],
        [
            0.2080707550048828,
            -0.016032299026846886,
            0.04609858989715576
        ],
        [
            0.19212478399276733,
            -0.020391171798110008,
            0.04058874398469925
        ],
        [
            0.19473955035209656,
            -0.018862362951040268,
            0.034601204097270966
        ],
        [
            0.1863703727722168,
            -0.001032626605592668,
            0.040011677891016006
        ],
        [
            0.18234317004680634,
            -0.0036998542491346598,
            0.04480621963739395
        ],
        [
            0.185694620013237,
            -0.003146369941532612,
            0.04397578537464142
        ],
        [
            0.18953955173492432,
            0.0006611219141632318,
            0.04045829921960831
        ],
        [
            0.17644503712654114,
            0.03215113654732704,
            0.02684377133846283
        ],
        [
            0.16882437467575073,
            0.03258705139160156,
            0.026827018707990646
        ],
        [
            0.1795388162136078,
            -0.0053283097222447395,
            0.01939195580780506
        ],
        [
            0.1772606372833252,
            -0.01848452165722847,
            0.021026043221354485
        ],
        [
            0.1655133068561554,
            -0.019519660621881485,
            0.0177462138235569
        ],
        [
            0.15334054827690125,
            0.019994469359517097,
            0.02868935838341713
        ],
        [
            0.16378182172775269,
            0.02188519574701786,
            0.03044884093105793
        ],
        [
            0.16295485198497772,
            0.02567308582365513,
            0.028916407376527786
        ],
        [
            0.17057614028453827,
            0.0026848067063838243,
            0.04074839502573013
        ],
        [
            0.178597554564476,
            0.0010099387727677822,
            0.04205596074461937
        ],
        [
            0.17586340010166168,
            0.005235887598246336,
            0.038927845656871796
        ],
        [
            0.16843155026435852,
            0.006987708620727062,
            0.03756041079759598
        ],
        [
            0.12703770399093628,
            0.043021708726882935,
            -0.0011957231909036636
        ],
        [
            0.124113529920578,
            0.048863958567380905,
            0.008402055129408836
        ],
        [
            0.2141251266002655,
            -0.010721462778747082,
            0.054821696132421494
        ],
        [
            0.21000409126281738,
            -0.012047763913869858,
            0.05306875333189964
        ],
        [
            0.14203663170337677,
            0.018712522462010384,
            0.026542745530605316
        ],
        [
            0.1512465626001358,
            -0.02006307989358902,
            0.015064585953950882
        ],
        [
            0.1305239200592041,
            0.018635697662830353,
            0.025556504726409912
        ],
        [
            0.17092391848564148,
            0.0333249531686306,
            0.007232865318655968
        ],
        [
            0.17100423574447632,
            0.03872014209628105,
            0.011784480884671211
        ],
        [
            0.1768987625837326,
            0.03790433332324028,
            0.01409522257745266
        ],
        [
            0.1789015382528305,
            0.034506700932979584,
            0.009602580219507217
        ],
        [
            0.2041398286819458,
            0.003904480952769518,
            0.043035123497247696
        ],
        [
            0.20331521332263947,
            0.0022252085618674755,
            0.04851171374320984
        ],
        [
            0.20804187655448914,
            0.0032099466770887375,
            0.04995455965399742
        ],
        [
            0.20936252176761627,
            0.004618687089532614,
            0.044544048607349396
        ],
        [
            0.1806059330701828,
            -0.00879850797355175,
            0.04717714339494705
        ],
        [
            0.179446741938591,
            -0.015209314413368702,
            0.04740099981427193
        ],
        [
            0.1863941103219986,
            -0.013148365542292595,
            0.048216696828603745
        ],
        [
            0.18609477579593658,
            -0.0074439262971282005,
            0.04673135653138161
        ],
        [
            0.18244627118110657,
            -0.02006250061094761,
            0.043780017644166946
        ],
        [
            0.18881776928901672,
            -0.018270131200551987,
            0.045451629906892776
        ],
        [
            0.20607724785804749,
            0.001434022793546319,
            0.037316400557756424
        ],
        [
            0.20831869542598724,
            -0.005011736415326595,
            0.034049589186906815
        ],
        [
            0.19519859552383423,
            -0.006800900679081678,
            0.029018646106123924
        ],
        [
            0.19420917332172394,
            -0.0008697584271430969,
            0.034612711519002914
        ],
        [
            0.12762069702148438,
            0.013421356678009033,
            -0.008700184524059296
        ],
        [
            0.12403760850429535,
            0.02398916333913803,
            -0.009739924222230911
        ],
        [
            0.13760453462600708,
            0.02762114256620407,
            -0.004908129572868347
        ],
        [
            0.15077431499958038,
            0.03129364922642708,
            -0.0012396760284900665
        ],
        [
            0.16303350031375885,
            0.034125059843063354,
            0.003653215244412422
        ],
        [
            0.16781438887119293,
            0.022758860141038895,
            0.0027076154947280884
        ],
        [
            0.13358013331890106,
            0.03470228984951973,
            -0.005235534161329269
        ],
        [
            0.18622063100337982,
            -0.0005248994566500187,
            0.030401034280657768
        ],
        [
            0.18531224131584167,
            -0.008163092657923698,
            0.025589190423488617
        ],
        [
            0.18465298414230347,
            -0.002993644680827856,
            0.024046938866376877
        ],
        [
            0.12909318506717682,
            0.02596273645758629,
            0.025157975032925606
        ],
        [
            0.20603631436824799,
            -0.01418449729681015,
            0.050439320504665375
        ],
        [
            0.0994814932346344,
            -0.020508311688899994,
            -0.0037730857729911804
        ],
        [
            0.10149208456277847,
            -0.010210285894572735,
            -0.012853045016527176
        ],
        [
            0.10904598981142044,
            -0.011055843904614449,
            -0.008494246751070023
        ],
        [
            0.10652227699756622,
            -0.022296564653515816,
            0.002828706055879593
        ],
        [
            0.2028239369392395,
            -0.003224015701562166,
            0.05265689268708229
        ],
        [
            0.2038823962211609,
            -0.009303262457251549,
            0.053696922957897186
        ],
        [
            0.1690000295639038,
            0.038903459906578064,
            0.024338912218809128
        ],
        [
            0.17546029388904572,
            0.03714296594262123,
            0.023971395567059517
        ],
        [
            0.1768607497215271,
            0.03927333652973175,
            0.02089850977063179
        ],
        [
            0.17139945924282074,
            0.04358498379588127,
            0.021466126665472984
        ],
        [
            0.12071339786052704,
            0.028944849967956543,
            -0.009738638997077942
        ],
        [
            0.1577404886484146,
            0.053363483399152756,
            0.005906148813664913
        ],
        [
            0.16115204989910126,
            0.04533778876066208,
            0.0014911014586687088
        ],
        [
            0.1121576577425003,
            0.020374024286866188,
            -0.013848893344402313
        ],
        [
            0.11531004309654236,
            0.011045945808291435,
            -0.013596400618553162
        ],
        [
            0.10630693286657333,
            0.00991189107298851,
            -0.017203478142619133
        ],
        [
            0.17776967585086823,
            0.012951606884598732,
            0.009752677753567696
        ],
        [
            0.1319149136543274,
            0.0061585307121276855,
            -0.006468500941991806
        ],
        [
            0.11830457299947739,
            0.004351587034761906,
            -0.01119673065841198
        ],
        [
            0.10768111795186996,
            0.002662251703441143,
            -0.015409620478749275
        ],
        [
            0.10021179914474487,
            0.002003028057515621,
            -0.019151894375681877
        ],
        [
            0.09941641986370087,
            0.010052586905658245,
            -0.02060515619814396
        ],
        [
            0.20938849449157715,
            -0.010190648958086967,
            0.036301951855421066
        ],
        [
            0.21337689459323883,
            -0.003729303367435932,
            0.03689681366086006
        ],
        [
            0.09208472818136215,
            0.010137122124433517,
            -0.026057083159685135
        ],
        [
            0.09303420037031174,
            0.001176551915705204,
            -0.02357347682118416
        ],
        [
            0.12067082524299622,
            -0.0038284044712781906,
            -0.007563799619674683
        ],
        [
            0.12225987762212753,
            -0.013623055070638657,
            -0.0013993680477142334
        ],
        [
            0.1336689591407776,
            -0.0016499105840921402,
            -0.0029191672801971436
        ],
        [
            0.13664990663528442,
            -0.011145096272230148,
            0.002980876713991165
        ],
        [
            0.17704951763153076,
            0.0025743022561073303,
            0.009014395996928215
        ],
        [
            0.22878344357013702,
            0.002393606584519148,
            0.04467744007706642
        ],
        [
            0.21822096407413483,
            0.002149060368537903,
            0.04103883355855942
        ],
        [
            0.21602149307727814,
            0.004945830442011356,
            0.04556655511260033
        ],
        [
            0.22744722664356232,
            0.005433687940239906,
            0.04725915938615799
        ],
        [
            0.21130970120429993,
            0.0021606385707855225,
            0.03945799171924591
        ],
        [
            0.21886196732521057,
            -0.003414120292291045,
            0.03928301855921745
        ],
        [
            0.13601726293563843,
            -0.021986134350299835,
            0.012765204533934593
        ],
        [
            0.18335692584514618,
            0.004129129461944103,
            0.03839621692895889
        ],
        [
            0.1193721666932106,
            -0.02542787417769432,
            0.01301068626344204
        ],
        [
            0.1405421793460846,
            -0.030565420165657997,
            0.023723119869828224
        ],
        [
            0.1287716180086136,
            -0.032186850905418396,
            0.026972930878400803
        ],
        [
            0.10313858091831207,
            -0.028936460614204407,
            0.016117379069328308
        ],
        [
            0.11405076086521149,
            -0.032903820276260376,
            0.029620610177516937
        ],
        [
            0.08937422931194305,
            -0.02521655336022377,
            0.0020264573395252228
        ],
        [
            0.09685178846120834,
            -0.026184074580669403,
            0.007711682468652725
        ],
        [
            0.12776310741901398,
            -0.033390067517757416,
