{
    "pred_cam": [
        5.478855133056641,
        -0.05062415450811386,
        0.0019102133810520172
    ],
    "pred_mano_params": {
        "global_orient": [
            [
                [
                    0.855002760887146,
                    0.28882578015327454,
                    -0.43075498938560486
                ],
                [
                    0.2869798541069031,
                    -0.9553078413009644,
                    -0.0709194764494896
                ],
                [
                    -0.4319869577884674,
                    -0.06298165768384933,
                    -0.8996780514717102
                ]
            ]
        ],
        "hand_pose": [
            [
                [
                    0.4340329170227051,
                    -0.8981807231903076,
                    -0.06990575045347214
                ],
                [
                    0.9008789658546448,
                    0.43222466111183167,
                    0.039987046271562576
                ],
                [
                    -0.005700607318431139,
                    -0.08033231645822525,
                    0.9967518448829651
                ]
            ],
            [
                [
                    0.7015522718429565,
                    -0.7104660272598267,
                    0.05533916875720024
                ],
                [
                    0.6966394782066345,
                    0.6673983335494995,
                    -0.2631974220275879
                ],
                [
                    0.15005958080291748,
                    0.22319820523262024,
                    0.9631534814834595
                ]
            ],
            [
                [
                    0.8025240898132324,
                    -0.5856978893280029,
                    0.1136358305811882
                ],
                [
                    0.593127429485321,
                    0.8037993311882019,
                    -0.04589654877781868
                ],
                [
                    -0.06445889174938202,
                    0.10423361510038376,
                    0.9924618005752563
                ]
            ],
            [
                [
                    0.056330617517232895,
                    -0.9525115489959717,
                    -0.29924678802490234
                ],
                [
                    0.9918477535247803,
                    0.019074227660894394,
                    0.12599292397499084
                ],
                [
                    -0.11430180817842484,
                    -0.3039045035839081,
                    0.9458208680152893
                ]
            ],
            [
                [
                    0.8930103182792664,
                    -0.3850092589855194,
                    -0.23302465677261353
                ],
                [
                    0.4264959692955017,
                    0.8892859816551208,
                    0.16514144837856293
                ],
                [
                    0.1436445713043213,
                    -0.24685709178447723,
                    0.958346426486969
                ]
            ],
            [
                [
                    0.795912504196167,
                    -0.5945714116096497,
                    0.11405405402183533
                ],
                [
                    0.5888983011245728,
                    0.8040404915809631,
                    0.08196119219064713
                ],
                [
                    -0.1404358595609665,
                    0.0019323151791468263,
                    0.9900879859924316
                ]
            ],
            [
                [
                    0.18655243515968323,
                    -0.9420920014381409,
                    0.278676837682724
                ],
                [
                    0.5034050941467285,
                    0.3352523148059845,
                    0.7963598966598511
                ],
                [
                    -0.8436713814735413,
                    -0.008275529369711876,
                    0.5367960333824158
                ]
            ],
            [
                [
                    0.832128643989563,
                    -0.5249528884887695,
                    -0.17884738743305206
                ],
                [
                    0.5512349605560303,
                    0.7475349307060242,
                    0.3705827295780182
                ],
                [
                    -0.06084379926323891,
                    -0.4069594144821167,
                    0.9114176034927368
                ]
            ],
            [
                [
                    0.7805324196815491,
                    -0.5979905128479004,
                    0.182143896818161
                ],
                [
                    0.4076441824436188,
                    0.7078068256378174,
                    0.5769190788269043
                ],
                [
                    -0.47391489148139954,
                    -0.37605416774749756,
                    0.7962335348129272
                ]
            ],
            [
                [
                    0.1806277334690094,
                    -0.9832103848457336,
                    0.02590339444577694
                ],
                [
                    0.9187294840812683,
                    0.17806756496429443,
                    0.3524601459503174
                ],
                [
                    -0.35115501284599304,
                    -0.03986584022641182,
                    0.935468316078186
                ]
            ],
            [
                [
                    0.8245465755462646,
                    -0.5148321986198425,
                    -0.2346716821193695
                ],
                [
                    0.5657710433006287,
                    0.746497392654419,
                    0.3502068519592285
                ],
                [
                    -0.005115990526974201,
                    -0.4215322732925415,
                    0.9067990183830261
                ]
            ],
            [
                [
                    0.6989362239837646,
                    -0.683713972568512,
                    0.20981714129447937
                ],
                [
                    0.5695741772651672,
                    0.7095646262168884,
                    0.41485315561294556
                ],
                [
                    -0.4325198233127594,
                    -0.17044949531555176,
                    0.8853662610054016
                ]
            ],
            [
                [
                    0.9854105114936829,
                    0.03995578736066818,
                    0.16543804109096527
                ],
                [
                    0.09839878231287003,
                    0.6593736410140991,
                    -0.7453482747077942
                ],
                [
                    -0.13886643946170807,
                    0.750752866268158,
                    0.6458221077919006
                ]
            ],
            [
                [
                    0.9705330729484558,
                    -0.23251987993717194,
                    -0.06324642896652222
                ],
                [
                    0.24076244235038757,
                    0.9248669743537903,
                    0.2943713963031769
                ],
                [
                    -0.009952672757208347,
                    -0.30092453956604004,
                    0.9535960555076599
                ]
            ],
            [
                [
                    0.6820635199546814,
                    -0.4660535156726837,
                    -0.5635454058647156
                ],
                [
                    -0.06853561848402023,
                    0.7264860272407532,
                    -0.6837549805641174
                ],
                [
                    0.728074312210083,
                    0.5049872398376465,
                    0.4635683596134186
                ]
            ]
        ],
        "betas": [
            -0.09355267882347107,
            -0.03508219122886658,
            0.02055048942565918,
            0.0749412477016449,
            -0.0020546019077301025,
            0.023318830877542496,
            0.010473489761352539,
            -0.09175804257392883,
            0.025652751326560974,
            -0.07216349244117737
        ]
    },
    "pred_cam_t": [
        -0.05062415450811386,
        0.0019102133810520172,
        7.129683017730713
    ],
    "focal_length": [
        5000.0,
        5000.0
    ],
    "pred_keypoints_3d": [
        [
            0.09611067920923233,
            0.006420875899493694,
            0.006214945577085018
        ],
        [
            0.059740714728832245,
            0.012620290741324425,
            -0.005751331336796284
        ],
        [
            0.03295537456870079,
            0.02511325106024742,
            -0.014841229654848576
        ],
        [
            0.008194850757718086,
            0.03626127168536186,
            -0.013334264047443867
        ],
        [
            -0.009367275051772594,
            0.04474632441997528,
            0.014933635480701923
        ],
        [
            0.009932920336723328,
            -0.015498506836593151,
            0.026106342673301697
        ],
        [
            -0.014347698539495468,
            0.005678501911461353,
            0.033768557012081146
        ],
        [
            -0.01191476359963417,
            0.02781456708908081,
            0.03347364068031311
        ],
        [
            0.002451501786708832,
            0.047702476382255554,
            0.028377540409564972
        ],
        [
            0.0157940611243248,
            -0.0192534439265728,
            0.05047853663563728
        ],
        [
            0.006068939343094826,
            0.010631488636136055,
            0.05532919988036156
        ],
        [
            0.010853849351406097,
            0.03323385491967201,
            0.052052032202482224
        ],
        [
            0.01930360496044159,
            0.05277937650680542,
            0.03803476691246033
        ],
        [
            0.036283619701862335,
            -0.011483131907880306,
            0.06611813604831696
        ],
        [
            0.01985413394868374,
            0.0123474495485425,
            0.06638109683990479
        ],
        [
            0.025314679369330406,
            0.03598341345787048,
            0.060909453779459
        ],
        [
            0.0330495610833168,
            0.05021650716662407,
            0.04215845465660095
        ],
        [
            0.052817873656749725,
            -0.0008005723357200623,
            0.07582828402519226
        ],
        [
            0.03839946538209915,
            0.014475707896053791,
            0.07292380183935165
        ],
        [
            0.03833422437310219,
            0.03217640146613121,
            0.06594273447990417
        ],
        [
            0.046976737678050995,
            0.04050597921013832,
            0.05140674114227295
        ]
    ],
    "pred_vertices": [
        [
            0.04001236706972122,
            0.008246880024671555,
            0.013937186449766159
        ],
        [
            0.04783478379249573,
            0.013577043078839779,
            0.010245086625218391
        ],
        [
            0.03807573765516281,
            0.017397720366716385,
            0.0063586048781871796
        ],
        [
            0.03072577342391014,
            0.010349471122026443,
            0.0096207894384861
        ],
        [
            0.05554266273975372,
            0.030811339616775513,
            -0.0013416027650237083
        ],
        [
            0.06018473580479622,
            0.03181370347738266,
            -0.012663464061915874
        ],
        [
            0.04524454474449158,
            0.03535885736346245,
            -0.014254478737711906
        ],
        [
            0.04348628222942352,
            0.03484587371349335,
            -0.004288007505238056
        ],
        [
            0.02331705577671528,
            0.010661817155778408,
            0.005227736197412014
        ],
        [
            0.030489632859826088,
            0.02009827457368374,
            0.0033637220039963722
        ],
        [
            0.021602995693683624,
            0.008853250183165073,
            -0.00022582150995731354
        ],
        [
            0.017773836851119995,
            -0.005994703155010939,
            0.002812512218952179
        ],
        [
            0.018860626965761185,
            -0.00018655415624380112,
            0.007509275339543819
        ],
        [
            0.014063794165849686,
            -0.013649573549628258,
            0.007743827998638153
        ],
        [
            0.025329923257231712,
            -0.013375856913626194,
            -0.0017641354352235794
        ],
        [
            0.017124943435192108,
            -0.022963102906942368,
            0.010354183614253998
        ],
        [
            0.04749646782875061,
            -0.02589283511042595,
            0.0182967409491539
        ],
        [
            0.05669458210468292,
            -0.02473171427845955,
            0.02874269150197506
        ],
        [
            0.04201485216617584,
            -0.030187997967004776,
            0.039212726056575775
        ],
        [
            0.03391604125499725,
            -0.02973521128296852,
            0.027496300637722015
        ],
        [
            0.058131519705057144,
            -0.02201765403151512,
            0.05089499056339264
        ],
        [
            0.048647332936525345,
            -0.02661900222301483,
            0.044903967529535294
        ],
        [
            0.0635373443365097,
            -0.02267969772219658,
            0.034582674503326416
        ],
        [
            0.07114351540803909,
            -0.018545329570770264,
            0.04031798988580704
        ],
        [
            0.055135250091552734,
            0.008165154606103897,
            0.022696716710925102
        ],
        [
            0.06377556920051575,
            0.012249207124114037,
            0.018901418894529343
        ],
        [
            0.05822804942727089,
            0.01116790808737278,
            0.015485037118196487
        ],
        [
            0.05044538155198097,
            0.007665615528821945,
            0.018963517621159554
        ],
        [
            0.021323634311556816,
            0.015267797745764256,
            -0.013255804777145386
        ],
        [
            0.028929993510246277,
            0.0036334600299596786,
            -0.014092294499278069
        ],
        [
            0.02396921068429947,
            0.003648023586720228,
            -0.00724366307258606
        ],
        [
            0.020400110632181168,
            0.017729729413986206,
            -0.008386019617319107
        ],
        [
            0.08902904391288757,
            0.028023611754179,
            0.015525225549936295
        ],
        [
            0.09999904781579971,
            0.0254470556974411,
            0.0077252984046936035
        ],
        [
            0.09697295725345612,
            0.02420477196574211,
            0.0027703754603862762
        ],
        [
            0.08756772428750992,
            0.026183806359767914,
            0.01115167886018753
        ],
        [
            0.0802268385887146,
            0.02473263442516327,
            -0.010767253115773201
        ],
        [
            0.0891534835100174,
            0.020625581964850426,
            -0.013003792613744736
        ],
        [
            0.09143010526895523,
            0.0129981879144907,
            -0.024404149502515793
        ],
        [
            0.08178026229143143,
            0.014048585668206215,
            -0.023447319865226746
        ],
        [
            0.0698302835226059,
            0.02859795093536377,
            -0.01093575544655323
        ],
        [
            0.07155591249465942,
            0.020719382911920547,
            -0.022663336247205734
        ],
        [
            0.06122080981731415,
            0.025445831939578056,
            -0.022588297724723816
        ],
        [
            0.04550705477595329,
            0.030790705233812332,
            -0.022695429623126984
        ],
        [
            0.107343889772892,
            0.02489534765481949,
            0.01837766170501709
        ],
        [
            0.10036967694759369,
            0.02731265313923359,
            0.025629378855228424
        ],
        [
            -0.00739893177524209,
            0.012445667758584023,
            0.023951850831508636
        ],
        [
            -0.003993151243776083,
            0.013703672215342522,
            0.028956929221749306
        ],
        [
            -0.002259198110550642,
            0.010843879543244839,
            0.027472861111164093
        ],
        [
            -0.006039103958755732,
            0.009741352871060371,
            0.023107964545488358
        ],
        [
            0.1112656220793724,
            0.010037546046078205,
            0.03192795068025589
        ],
        [
            0.11239603906869888,
            -4.763714969158173e-06,
            0.030978713184595108
        ],
        [
            0.1183575838804245,
            0.00309743732213974,
            0.028028730303049088
        ],
        [
            0.11666425317525864,
            0.012376944534480572,
            0.027053073048591614
        ],
        [
            0.10415370762348175,
            0.006924950517714024,
            0.0383482426404953
        ],
        [
            0.10372184216976166,
            -0.0038393856957554817,
            0.034730568528175354
        ],
        [
            -0.019391914829611778,
            0.00985569879412651,
            0.027832048013806343
        ],
        [
            -0.0162578746676445,
            0.011097244918346405,
            0.023728536441922188
        ],
        [
            -0.015740953385829926,
            0.005885068327188492,
            0.023800279945135117
        ],
        [
            -0.018119005486369133,
            0.0036740247160196304,
            0.028420960530638695
        ],
        [
            0.024191487580537796,
            0.003414049744606018,
            0.01246881578117609
        ],
        [
            0.032307256013154984,
            0.0047433022409677505,
            0.01786910928785801
        ],
        [
            0.014675234444439411,
            -0.004659175872802734,
            0.02204236201941967
        ],
        [
            0.021030578762292862,
            -0.0018044989556074142,
            0.021662959828972816
        ],
        [
            0.018298273906111717,
            -0.003179510124027729,
            0.015131491236388683
        ],
        [
            0.013299732469022274,
            -0.006349116563796997,
            0.016271108761429787
        ],
        [
            0.03920050710439682,
            0.0009869299829006195,
            0.03686127811670303
        ],
        [
            0.04851109907031059,
            0.004307952709496021,
            0.030769677832722664
        ],
        [
            0.04315103217959404,
            0.0031437715515494347,
            0.026779023930430412
        ],
        [
            0.031975582242012024,
            0.00011335499584674835,
            0.032085686922073364
        ],
        [
            0.057419903576374054,
            0.009030558168888092,
            0.04089511185884476
        ],
        [
            0.047769252210855484,
            0.004828479140996933,
            0.04600152000784874
        ],
        [
            0.05417235195636749,
            0.007900094613432884,
            0.05102474242448807
        ],
        [
            0.05948856472969055,
            0.01137700304389,
            0.04663076996803284
        ],
        [
            0.030039403587579727,
            -0.003767536021769047,
            0.05147155374288559
        ],
        [
            0.026558518409729004,
            -0.006860923022031784,
            0.05205101519823074
        ],
        [
            0.028144780546426773,
            -0.004289201460778713,
            0.0541442409157753
        ],
        [
            0.03291608765721321,
            -0.0022749006748199463,
            0.05348442867398262
        ],
        [
            0.12434852123260498,
            0.005084371194243431,
            0.0246504507958889
        ],
        [
            0.12145406752824783,
            0.014080767519772053,
            0.021705981343984604
        ],
        [
            0.07301773875951767,
            -0.010875198990106583,
            0.06332575529813766
        ],
        [
            0.07906770706176758,
            -0.0011415835469961166,
            0.06434250622987747
        ],
        [
            0.06884153187274933,
            -0.002842205110937357,
            0.07391788065433502
        ],
        [
            0.06489746272563934,
            -0.01425013318657875,
            0.07088495790958405
        ],
        [
            0.109036885201931,
            -0.008658859878778458,
            0.026135042309761047
        ],
        [
            0.11646776646375656,
            -0.006353047676384449,
            0.024848371744155884
        ],
        [
            -0.01967388391494751,
            0.009204480797052383,
            0.03429627791047096
        ],
        [
            -0.01803569495677948,
            0.0034645088016986847,
            0.03484826907515526
        ],
        [
            0.06181909888982773,
            0.012318463996052742,
            -0.02690652199089527
        ],
        [
            0.044139668345451355,
            0.021640952676534653,
            -0.02706034854054451
        ],
        [
            0.07512827962636948,
            0.006337597966194153,
            -0.026157725602388382
        ],
        [
            0.08462151885032654,
            0.0024624448269605637,
            -0.025356106460094452
        ],
        [
            0.09281155467033386,
            0.0012518465518951416,
            -0.02712215855717659
        ],
        [
            0.021529510617256165,
            -0.0023417724296450615,
            0.028469648212194443
        ],
        [
            0.04140104725956917,
            0.004933219403028488,
            0.02109501138329506
        ],
        [
            0.05883626639842987,
            0.009344574995338917,
            0.026241635903716087
        ],
        [
            0.07427406311035156,
            0.019840514287352562,
            0.0512486957013607
        ],
        [
            0.08212655037641525,
            0.023333359509706497,
            0.045369893312454224
        ],
        [
            0.07315617799758911,
            0.02144276350736618,
            0.03947378322482109
        ],
        [
            0.06829211115837097,
            0.01817964017391205,
            0.045840997248888016
        ],
        [
            0.07772847265005112,
            0.008960344828665257,
            0.06490331888198853
        ],
        [
            0.07213330268859863,
            0.014223438687622547,
            0.06172208487987518
        ],
        [
            0.06631290167570114,
            0.011298185214400291,
            0.06665719300508499
        ],
        [
            0.06984470784664154,
            0.006088562309741974,
            0.07171443849802017
        ],
        [
            0.022650182247161865,
            0.016915427520871162,
            -0.02069961465895176
        ],
        [
            0.03363944590091705,
            0.005114010535180569,
            -0.02025054208934307
        ],
        [
            0.1077449768781662,
            0.019905228167772293,
            0.029726482927799225
        ],
        [
            0.11207422614097595,
            0.020677227526903152,
            0.023168489336967468
        ],
        [
            0.11852623522281647,
            0.020018383860588074,
            0.017501670867204666
        ],
        [
            0.075544074177742,
            0.020432116463780403,
            0.016362100839614868
        ],
        [
            0.08650179952383041,
            0.0249699205160141,
            0.008180230855941772
        ],
        [
            0.08331859856843948,
            0.024289904162287712,
            0.005367245525121689
        ],
        [
            0.07321733236312866,
            0.01836741343140602,
            0.014527089893817902
        ],
        [
            0.05715338885784149,
            0.02043609879910946,
            0.008209225721657276
        ],
        [
            0.067755788564682,
            0.026429858058691025,
            0.0019107405096292496
        ],
        [
            0.046628888696432114,
            0.025399543344974518,
            0.005395863670855761
        ],
        [
            0.09441401809453964,
            0.0227165799587965,
            -0.004750322550535202
        ],
        [
            0.10524871945381165,
            0.024831507354974747,
            -0.003590531647205353
        ],
        [
            0.10148976743221283,
            0.022380918264389038,
            -0.011357463896274567
        ],
        [
            0.11053021252155304,
            0.025075025856494904,
            0.004777479916810989
        ],
        [
            0.11520653963088989,
            0.023671649396419525,
            0.012337621301412582
        ],
        [
            0.12474510073661804,
            -0.006774760317057371,
            0.0226554274559021
        ],
        [
            0.09770047664642334,
            0.018534883856773376,
            -0.01790919527411461
        ],
        [
            0.03492727875709534,
            0.036001406610012054,
            -0.0064481389708817005
        ],
        [
            0.02743816189467907,
            0.0376126728951931,
            -0.008606848306953907
        ],
        [
            0.0248199962079525,
            0.031711921095848083,
            -0.0037061143666505814
        ],
        [
            0.03122943453490734,
            0.0300083439797163,
            -0.0011146035976707935
        ],
        [
            0.008520722389221191,
            -0.01722443848848343,
            0.013524548150599003
        ],
        [
            0.01014785934239626,
            -0.010215817019343376,
            0.013302749022841454
        ],
        [
            0.01548496913164854,
            -0.0067840395495295525,
            0.0089081646874547
        ],
        [
            0.08331169933080673,
            0.02675664983689785,
            0.025594010949134827
        ],
        [
            0.09317032247781754,
            0.026372283697128296,
            0.0337861143052578
        ],
        [
            0.014945583418011665,
            -0.004507019184529781,
            0.02822771668434143
        ],
        [
            -0.015759576112031937,
            -0.001765185035765171,
            0.028305908665060997
        ],
        [
            -0.013466570526361465,
            0.0005244649946689606,
            0.022946655750274658
        ],
        [
            -5.269714165478945e-05,
            -0.012644785456359386,
            0.017878076061606407
        ],
        [
            -0.002824566327035427,
            -0.015968598425388336,
            0.023760193958878517
        ],
        [
            0.011318514123558998,
            -0.006920360494405031,
            0.03497651591897011
        ],
        [
            0.013437613844871521,
            -0.0038429065607488155,
            0.028575100004673004
        ],
        [
            0.012494401074945927,
            -0.00319471163675189,
            0.029301462695002556
        ],
        [
            0.0104365861043334,
            -0.0031960057094693184,
            0.035847265273332596
        ],
        [
            0.03592908754944801,
            -0.0007861829362809658,
            0.05822796747088432
        ],
        [
            0.039978232234716415,
            0.0010383157059550285,
            0.057549849152565
        ],
        [
            0.020365696400403976,
            -0.028051666915416718,
            0.03717346489429474
        ],
        [
            0.01454519759863615,
            -0.03210721164941788,
            0.02476513385772705
        ],
        [
            0.02572198584675789,
            -0.029332414269447327,
            0.01639961637556553
        ],
        [
            0.04472031444311142,
            0.0030052335932850838,
            0.041587330400943756
        ],
        [
            0.03692161291837692,
            0.0001478046178817749,
            0.047529540956020355
        ],
        [
            0.03987954184412956,
            0.0011738995090126991,
            0.05029673129320145
        ],
        [
            0.0205267034471035,
            -0.0032976288348436356,
            0.03285297006368637
        ],
        [
            0.015096484683454037,
            -0.0055178869515657425,
            0.03433036431670189
        ],
        [
            0.018410276621580124,
            -0.00588610116392374,
            0.03734889253973961
        ],
        [
            0.024576112627983093,
            -0.0026705963537096977,
            0.036019466817379
        ],
        [
            0.08899686485528946,
            0.0010841144248843193,
            0.05529152601957321
        ],
        [
            0.087222620844841,
            0.012804863043129444,
            0.05659998953342438
        ],
        [
            -0.01185943279415369,
            0.011756038293242455,
            0.022273236885666847
        ],
        [
            -0.011040112003684044,
            0.007893279194831848,
            0.02173536643385887
        ],
        [
            0.05370553955435753,
            0.006278368644416332,
            0.03549237176775932
        ],
        [
            0.038744330406188965,
            -0.023460842669010162,
            0.009250694885849953
        ],
        [
            0.062484871596097946,
            0.011054741218686104,
            0.030090071260929108
        ],
        [
            0.04584886133670807,
            -0.013760837726294994,
            0.06788396835327148
        ],
        [
            0.04551877826452255,
            -0.005347609054297209,
            0.0691031739115715
        ],
        [
            0.04178611934185028,
            -0.002758050337433815,
            0.06883281469345093
        ],
        [
            0.03976913169026375,
            -0.008012662641704082,
            0.06964060664176941
        ],
        [
            -0.0002456987276673317,
            0.006331508979201317,
            0.039056237787008286
        ],
        [
            0.0010368130169808865,
            0.008934970945119858,
            0.03370782732963562
        ],
        [
            -0.0008597110863775015,
            0.010853077284991741,
            0.03367696702480316
        ],
        [
            -0.0028581921942532063,
            0.009310513734817505,
            0.039235517382621765
        ],
        [
            0.013210504315793514,
            -0.004081759136170149,
            0.02263055369257927
        ],
        [
            0.010800878517329693,
            -0.006162179168313742,
            0.017491385340690613
        ],
        [
            0.008788058534264565,
            -0.0037934603169560432,
            0.018363378942012787
        ],
        [
            0.011081282049417496,
            -0.0024941805750131607,
            0.024092596024274826
        ],
        [
            0.007556389085948467,
            -0.010690354742109776,
            0.014867369085550308
        ],
        [
            0.004482617601752281,
            -0.008297393098473549,
            0.015998415648937225
        ],
        [
            -0.004852702841162682,
            0.0026662833988666534,
            0.04202708974480629
        ],
        [
            -0.011480162851512432,
            -0.0007517356425523758,
            0.04017779231071472
        ],
        [
            0.001104904804378748,
            -0.013826261274516582,
            0.03785909712314606
        ],
        [
            0.00494346022605896,
            -0.006986147724092007,
            0.039780423045158386
        ],
        [
            0.083668053150177,
            -0.016988245770335197,
            0.03103739768266678
        ],
        [
            0.09014635533094406,
            -0.011560866609215736,
            0.03849143162369728
        ],
        [
            0.07796300947666168,
            -0.013296060264110565,
            0.04811384156346321
        ],
        [
            0.06620147824287415,
            -0.01615283079445362,
            0.058750346302986145
        ],
        [
            0.05428670346736908,
            -0.017905917018651962,
            0.06718217581510544
        ],
        [
            0.047392018139362335,
            -0.025135863572359085,
            0.06025198474526405
        ],
        [
            0.0835673063993454,
            -0.008517995476722717,
            0.052265480160713196
        ],
        [
            0.014357203617691994,
            -0.016934212297201157,
            0.03876505792140961
        ],
        [
            0.010346496477723122,
            -0.02216941863298416,
            0.036166589707136154
        ],
        [
            0.015119600109755993,
            -0.02239781804382801,
            0.03950943425297737
        ],
        [
            0.06612762063741684,
            0.014608129858970642,
            0.035667337477207184
        ],
        [
            -0.009297589771449566,
            0.0034501636400818825,
            0.020639557391405106
        ],
        [
            0.09189207851886749,
            -0.01533818244934082,
            -0.0127974022179842
        ],
        [
            0.0986546128988266,
            -0.018244728446006775,
            -0.0015523359179496765
        ],
        [
            0.09011594951152802,
            -0.018813401460647583,
            0.0007748492062091827
        ],
        [
            0.08231908828020096,
            -0.014715995639562607,
            -0.011772679165005684
        ],
        [
            -0.0004956889897584915,
            0.009236667305231094,
            0.026730945333838463
        ],
        [
            -0.003974184859544039,
            0.0070339106023311615,
            0.02154962532222271
        ],
        [
            0.0433412566781044,
            0.004091889597475529,
            0.06238282844424248
        ],
        [
            0.039162635803222656,
            0.001956778112798929,
            0.06257234513759613
        ],
        [
            0.04099457710981369,
            0.0021700244396924973,
            0.06478708982467651
        ],
        [
            0.04461641609668732,
            0.005394952371716499,
            0.0665363222360611
        ],
        [
            0.094208262860775,
            -0.007816070690751076,
            0.04114055633544922
        ],
        [
            0.06028767675161362,
            0.0023018629290163517,
            0.07813356071710587
        ],
        [
            0.057055290788412094,
            -0.009733462706208229,
            0.07521770894527435
        ],
        [
            0.10038537532091141,
            -0.010445396415889263,
            0.029994823038578033
        ],
        [
            0.09510535001754761,
            -0.015764085575938225,
            0.02356424555182457
        ],
        [
            0.10366185754537582,
            -0.014880022965371609,
            0.018749907612800598
        ],
        [
            0.03369666635990143,
            -0.025719843804836273,
            0.053751520812511444
        ],
        [
            0.07693099230527878,
            -0.020329972729086876,
            0.02649453841149807
        ],
        [
            0.08943420648574829,
            -0.01822400465607643,
            0.01889636740088463
        ],
        [
            0.09939310699701309,
            -0.01727483607828617,
            0.012927073985338211
        ],
        [
            0.10701367259025574,
            -0.017093127593398094,
            0.00936446338891983
        ],
        [
            0.11087213456630707,
            -0.014359470456838608,
            0.016085077077150345
        ],
        [
            -0.014766626060009003,
            -0.0017429189756512642,
            0.03479602187871933
        ],
        [
            -0.014568795450031757,
            0.004946175031363964,
            0.040945444256067276
        ],
        [
            0.11961069703102112,
            -0.015201259404420853,
            0.0135561004281044
        ],
        [
            0.11473578214645386,
            -0.017626075074076653,
            0.005952652543783188
        ],
        [
            0.08304620534181595,
            -0.020143769681453705,
            0.01241176575422287
        ],
        [
            0.07497604191303253,
            -0.0208311565220356,
            0.004111252725124359
        ],
        [
            0.07110805809497833,
            -0.021842528134584427,
            0.01995248906314373
        ],
        [
            0.06218856945633888,
            -0.022939354181289673,
            0.012347770854830742
        ],
        [
            0.029656630009412766,
            -0.03378404676914215,
            0.04639797657728195
        ],
        [
            -0.013737673871219158,
            0.023622987791895866,
            0.04180235415697098
        ],
        [
            -0.011332789435982704,
            0.012633653357625008,
            0.04270962253212929
        ],
        [
            -0.005901544354856014,
            0.01324685849249363,
            0.04040059447288513
        ],
        [
            -0.009384271688759327,
            0.023334691300988197,
            0.042023468762636185
        ],
        [
            -0.007626415230333805,
            0.007205497473478317,
            0.042133986949920654
        ],
        [
            -0.016306452453136444,
            0.010732943192124367,
            0.040583208203315735
        ],
        [
            0.051977988332509995,
            -0.01918330416083336,
            0.0007816962897777557
        ],
        [
            0.014641299843788147,
            -0.009309232234954834,
            0.038126178085803986
        ],
        [
            0.0649072676897049,
            -0.013960318639874458,
            -0.00993945263326168
        ],
        [
            0.03728491812944412,
            -0.012165327556431293,
            -0.009416846558451653
        ],
        [
            0.047177817672491074,
            -0.005970456171780825,
            -0.017009545117616653
        ],
        [
            0.07719431817531586,
            -0.00724415760487318,
            -0.02160443738102913
        ],
        [
            0.06161821633577347,
            -0.0013470826670527458,
            -0.024424605071544647
        ],
        [
            0.09489128738641739,
            -0.008496466092765331,
            -0.023025892674922943
        ],
        [
            0.08642202615737915,
