{
    "pred_cam": [
        11.036476135253906,
        -0.05089862644672394,
        -0.003029780462384224
    ],
    "pred_mano_params": {
        "global_orient": [
            [
                [
                    0.5507199168205261,
                    -0.4561694264411926,
                    0.6990114450454712
                ],
                [
                    0.47025182843208313,
                    -0.5223315358161926,
                    -0.711359977722168
                ],
                [
                    0.6896163821220398,
                    0.7204715609550476,
                    -0.073143869638443
                ]
            ]
        ],
        "hand_pose": [
            [
                [
                    0.9512203931808472,
                    -0.2839542627334595,
                    -0.1206221953034401
                ],
                [
                    0.2665030062198639,
                    0.953255295753479,
                    -0.14240989089012146
                ],
                [
                    0.15542162954807281,
                    0.103317029774189,
                    0.9824305176734924
                ]
            ],
            [
                [
                    0.536321759223938,
                    -0.8288488984107971,
                    0.1592751294374466
                ],
                [
                    0.8294071555137634,
                    0.4826144576072693,
                    -0.2813664674758911
                ],
                [
                    0.1563417762517929,
                    0.283006876707077,
                    0.9462898373603821
                ]
            ],
            [
                [
                    0.8166155219078064,
                    -0.5760886073112488,
                    0.03550958260893822
                ],
                [
                    0.5699498057365417,
                    0.8145644664764404,
                    0.10789809376001358
                ],
                [
                    -0.09108370542526245,
                    -0.06787259131669998,
                    0.9935275912284851
                ]
            ],
            [
                [
                    0.7478049993515015,
                    -0.6241886019706726,
                    -0.22622150182724
                ],
                [
                    0.6239756941795349,
                    0.7771608829498291,
                    -0.08170245587825775
                ],
                [
                    0.22680826485157013,
                    -0.08005920797586441,
                    0.9706432819366455
                ]
            ],
            [
                [
                    0.4551912248134613,
                    -0.8491758704185486,
                    -0.26777103543281555
                ],
                [
                    0.8886569142341614,
                    0.4520474672317505,
                    0.077084481716156
                ],
                [
                    0.05558694154024124,
                    -0.27304473519325256,
                    0.9603940844535828
                ]
            ],
            [
                [
                    0.8865574598312378,
                    -0.46165674924850464,
                    0.029814738780260086
                ],
                [
                    0.4626132547855377,
                    0.8843962550163269,
                    -0.06190519779920578
                ],
                [
                    0.0022109101992100477,
                    0.0686752051115036,
                    0.997636616230011
                ]
            ],
            [
                [
                    0.7130498290061951,
                    -0.6965107917785645,
                    -0.08020349591970444
                ],
                [
                    0.7009720802307129,
                    0.7059303522109985,
                    0.1014915406703949
                ],
                [
                    -0.014071878977119923,
                    -0.1285889446735382,
                    0.9915981292724609
                ]
            ],
            [
                [
                    0.7932401299476624,
                    -0.6071445941925049,
                    -0.04632050544023514
                ],
                [
                    0.5681295990943909,
                    0.7106007933616638,
                    0.4150606393814087
                ],
                [
                    -0.2190864086151123,
                    -0.3555588126182556,
                    0.9086138606071472
                ]
            ],
            [
                [
                    0.9369755387306213,
                    -0.34936434030532837,
                    0.004634855315089226
                ],
                [
                    0.32416486740112305,
                    0.8741881847381592,
                    0.3615412414073944
                ],
                [
                    -0.13036136329174042,
                    -0.33725279569625854,
                    0.9323446154594421
                ]
            ],
            [
                [
                    0.6639779210090637,
                    -0.7393001914024353,
                    -0.11210937052965164
                ],
                [
                    0.7149026989936829,
                    0.6715837121009827,
                    -0.19465219974517822
                ],
                [
                    0.21919722855091095,
                    0.04909747838973999,
                    0.9744444489479065
                ]
            ],
            [
                [
                    0.6344720721244812,
                    -0.7544258236885071,
                    -0.16818688809871674
                ],
                [
                    0.7339600920677185,
                    0.5198031067848206,
                    0.4371582567691803
                ],
                [
                    -0.24237942695617676,
                    -0.4008071720600128,
                    0.8835189938545227
                ]
            ],
            [
                [
                    0.8616433143615723,
                    -0.5075131058692932,
                    -0.0011384871322661638
                ],
                [
                    0.5004114508628845,
                    0.8492081761360168,
                    0.16862381994724274
                ],
                [
                    -0.08461196720600128,
                    -0.14586329460144043,
                    0.9856799244880676
                ]
            ],
            [
                [
                    0.8424549102783203,
                    0.19381247460842133,
                    -0.5026992559432983
                ],
                [
                    -0.4604482650756836,
                    0.743476390838623,
                    -0.48500558733940125
                ],
                [
                    0.27974483370780945,
                    0.6400622725486755,
                    0.7155859470367432
                ]
            ],
            [
                [
                    0.8255003094673157,
                    -0.5444560647010803,
                    -0.14871712028980255
                ],
                [
                    0.5593149065971375,
                    0.7538542747497559,
                    0.34477606415748596
                ],
                [
                    -0.0756044089794159,
                    -0.3677924871444702,
                    0.9268293380737305
                ]
            ],
            [
                [
                    0.979079008102417,
                    -0.19955313205718994,
                    0.039785947650671005
                ],
                [
                    0.1752440631389618,
                    0.727569580078125,
                    -0.6632736921310425
                ],
                [
                    0.10341130197048187,
                    0.6563695669174194,
                    0.7473186254501343
                ]
            ]
        ],
        "betas": [
            0.029767915606498718,
            0.03946450352668762,
            -0.09966602921485901,
            -0.08716258406639099,
            0.0034769773483276367,
            0.009779483079910278,
            0.07403507828712463,
            -0.1096498966217041,
            0.0446806401014328,
            -0.023710578680038452
        ]
    },
    "pred_cam_t": [
        -0.05089862644672394,
        -0.003029780462384224,
        3.5393996238708496
    ],
    "focal_length": [
        5000.0,
        5000.0
    ],
    "pred_keypoints_3d": [
        [
            0.0956309363245964,
            0.006353654433041811,
            0.006199426483362913
        ],
        [
            0.10736320167779922,
            -0.015138212591409683,
            -0.023413117974996567
        ],
        [
            0.10092565417289734,
            -0.03591850772500038,
            -0.04507666081190109
        ],
        [
            0.09076736867427826,
            -0.0433349646627903,
            -0.06906173378229141
        ],
        [
            0.0863812267780304,
            -0.03958721086382866,
            -0.10396299511194229
        ],
        [
            0.06395314633846283,
            -0.04703697934746742,
            -0.05975303798913956
        ],
        [
            0.046627309173345566,
            -0.057872261852025986,
            -0.08575142920017242
        ],
        [
            0.048250287771224976,
            -0.04393702372908592,
            -0.1029813289642334
        ],
        [
            0.05737019702792168,
            -0.023165114223957062,
            -0.11285895109176636
        ],
        [
            0.041850846260786057,
            -0.03500773757696152,
            -0.05981653928756714
        ],
        [
            0.02820196934044361,
            -0.027767928317189217,
            -0.08754725754261017
        ],
        [
            0.03905055671930313,
            -0.009434470906853676,
            -0.0969436913728714
        ],
        [
            0.055810071527957916,
            0.009173836559057236,
            -0.10221850872039795
        ],
        [
            0.033862944692373276,
            -0.011081540957093239,
            -0.05099568888545036
        ],
        [
            0.023349914699792862,
            -0.003186357207596302,
            -0.07667874544858932
        ],
        [
            0.03529823198914528,
            0.015503439120948315,
            -0.08778449147939682
        ],
        [
            0.05376584455370903,
            0.03170008584856987,
            -0.09379444271326065
        ],
        [
            0.03222792595624924,
            0.009885981678962708,
            -0.0452149398624897
        ],
        [
            0.023586515337228775,
            0.020147209987044334,
            -0.06149313971400261
        ],
        [
            0.030398093163967133,
            0.03323952108621597,
            -0.07334773987531662
        ],
        [
            0.04404059424996376,
            0.04447561874985695,
            -0.08179599791765213
        ]
    ],
    "pred_vertices": [
        [
            0.08669092506170273,
            -0.01898272894322872,
            -0.03995411843061447
        ],
        [
            0.09273711591959,
            -0.011951431632041931,
            -0.03346077725291252
        ],
        [
            0.0925050750374794,
            -0.01867898926138878,
            -0.04066764563322067
        ],
        [
            0.08850827813148499,
            -0.025117097422480583,
            -0.045794691890478134
        ],
        [
            0.10961158573627472,
            -0.00938836857676506,
            -0.040460288524627686
        ],
        [
            0.12092383205890656,
            -0.014090776443481445,
            -0.037711676210165024
        ],
        [
            0.11358099430799484,
            -0.025502797216176987,
            -0.04982118308544159
        ],
        [
            0.10523456335067749,
            -0.018637031316757202,
            -0.05040745437145233
        ],
        [
            0.08820736408233643,
            -0.03177931159734726,
            -0.04898063838481903
        ],
        [
            0.09193550795316696,
            -0.024343334138393402,
            -0.04651052877306938
        ],
        [
            0.08681686222553253,
            -0.03641360253095627,
            -0.04651351273059845
        ],
        [
            0.08267877995967865,
            -0.046339601278305054,
            -0.046339794993400574
        ],
        [
            0.08410932123661041,
            -0.03997115045785904,
            -0.051013026386499405
        ],
        [
            0.07765170186758041,
            -0.051326412707567215,
            -0.049294788390398026
        ],
        [
            0.08329587429761887,
            -0.04879307001829147,
            -0.03554464876651764
        ],
        [
            0.07197561860084534,
            -0.05333096906542778,
            -0.04223181679844856
        ],
        [
            0.06676218658685684,
            -0.03592626750469208,
            -0.020847365260124207
        ],
        [
            0.059280283749103546,
            -0.025551844388246536,
            -0.01726260781288147
        ],
        [
            0.04867710918188095,
            -0.031951598823070526,
            -0.029350601136684418
        ],
        [
            0.05785631388425827,
            -0.04138294979929924,
            -0.03256453201174736
        ],
        [
            0.04406242445111275,
            -0.012517901137471199,
            -0.023341301828622818
        ],
        [
            0.04592057690024376,
            -0.02358708530664444,
            -0.027268681675195694
        ],
        [
            0.05590951815247536,
            -0.017800550907850266,
            -0.014275390654802322
        ],
        [
            0.053838878870010376,
            -0.008115977980196476,
            -0.01162782683968544
        ],
        [
            0.08141624927520752,
            -0.007395246997475624,
            -0.0323411226272583
        ],
        [
            0.08774472773075104,
            -0.0007890611886978149,
            -0.025473464280366898
        ],
        [
            0.08997318148612976,
            -0.00506143644452095,
            -0.02712695300579071
        ],
        [
            0.08393250405788422,
            -0.011557819321751595,
            -0.03406670689582825
        ],
        [
            0.09038500487804413,
            -0.04253549128770828,
            -0.04677606374025345
        ],
        [
            0.09483000636100769,
            -0.04447103664278984,
            -0.036435727030038834
        ],
        [
            0.08897153288125992,
            -0.042215898633003235,
            -0.04077000916004181
        ],
        [
            0.08850455284118652,
            -0.038204774260520935,
            -0.04954235255718231
        ],
        [
            0.09934432059526443,
            0.02126801572740078,
            -0.01246018335223198
        ],
        [
            0.10477310419082642,
            0.02205931395292282,
            -0.0001758858561515808
        ],
        [
            0.1082984209060669,
            0.017374146729707718,
            -0.0008017942309379578
        ],
        [
            0.1024206280708313,
            0.017527539283037186,
            -0.01165817677974701
        ],
        [
            0.12217988073825836,
            0.0009787939488887787,
            -0.014960139989852905
        ],
        [
            0.12053002417087555,
            0.0033908411860466003,
            -0.002841055393218994
        ],
        [
            0.12518548965454102,
            -0.006051931530237198,
            0.006227955222129822
        ],
        [
            0.12510189414024353,
            -0.011333499103784561,
            -0.0038523338735103607
        ],
        [
            0.12284962087869644,
            -0.005634021013975143,
            -0.027720265090465546
        ],
        [
            0.12745249271392822,
            -0.015343975275754929,
            -0.018428988754749298
        ],
        [
            0.1250338852405548,
            -0.023321520537137985,
            -0.0315733328461647
        ],
        [
            0.11684346199035645,
            -0.033766213804483414,
            -0.0461537167429924
        ],
        [
            0.09594616293907166,
            0.03072385862469673,
            0.0031579360365867615
        ],
        [
            0.09097924828529358,
            0.03171032294631004,
            -0.005644954741001129
        ],
        [
            0.0583646334707737,
            -0.0500921905040741,
            -0.08906669914722443
        ],
        [
            0.05437728390097618,
            -0.04551634192466736,
            -0.08783324062824249
        ],
        [
            0.05613068863749504,
            -0.0459447056055069,
            -0.08587326109409332
        ],
        [
            0.059424988925457,
            -0.05041643977165222,
            -0.08724624663591385
        ],
        [
            0.07694976776838303,
            0.029118850827217102,
            0.009740166366100311
        ],
        [
            0.07227006554603577,
            0.02257578819990158,
            0.01581708714365959
        ],
        [
            0.07663728296756744,
            0.026649082079529762,
            0.01999002695083618
        ],
        [
            0.08241857588291168,
            0.03146643564105034,
            0.014369204640388489
        ],
        [
            0.06982745975255966,
            0.025945566594600677,
            0.0035286396741867065
        ],
        [
            0.06681856513023376,
            0.016873765736818314,
            0.009509265422821045
        ],
        [
            0.051617708057165146,
            -0.060725025832653046,
            -0.09172017127275467
        ],
        [
            0.056331150233745575,
            -0.058276306837797165,
            -0.09201288223266602
        ],
        [
            0.05645489692687988,
            -0.06016630679368973,
            -0.08787830919027328
        ],
        [
            0.051590535789728165,
            -0.06228826567530632,
            -0.08602587878704071
        ],
        [
            0.08433903753757477,
            -0.03237295523285866,
            -0.051282189786434174
        ],
        [
            0.08201652020215988,
            -0.02440647967159748,
            -0.04756823182106018
        ],
        [
            0.07256171852350235,
            -0.03972950577735901,
            -0.06378684937953949
        ],
        [
            0.07556656748056412,
            -0.033488497138023376,
            -0.05649589002132416
        ],
        [
            0.07988601922988892,
            -0.03897692263126373,
            -0.05617022514343262
        ],
        [
            0.07652612775564194,
            -0.04443313926458359,
            -0.06140286102890968
        ],
        [
            0.06510161608457565,
            -0.014674047008156776,
            -0.046856071799993515
        ],
        [
            0.07233181595802307,
            -0.010176723822951317,
            -0.038807064294815063
        ],
        [
            0.07479827105998993,
            -0.015667760744690895,
            -0.04131753370165825
        ],
        [
            0.06829777359962463,
            -0.021505357697606087,
            -0.051101312041282654
        ],
        [
            0.06677272170782089,
            0.002698339521884918,
            -0.036736492067575455
        ],
        [
            0.05989475175738335,
            -0.003019053488969803,
            -0.04451099783182144
        ],
        [
            0.057556383311748505,
            0.004938757047057152,
            -0.04244864732027054
        ],
        [
            0.06336929649114609,
            0.008103210479021072,
            -0.038006313145160675
        ],
        [
            0.04994059354066849,
            -0.015775267034769058,
            -0.05738910287618637
        ],
        [
            0.0457456111907959,
            -0.019032152369618416,
            -0.06110982969403267
        ],
        [
            0.04356731101870537,
            -0.014878030866384506,
            -0.06236257031559944
        ],
        [
            0.048448313027620316,
            -0.012500843964517117,
            -0.05645150691270828
        ],
        [
            0.0807105228304863,
            0.029761018231511116,
            0.02486909180879593
        ],
        [
            0.087906613945961,
            0.03278832137584686,
            0.01894083246588707
        ],
        [
            0.040695998817682266,
            0.00890512578189373,
            -0.020357802510261536
        ],
        [
            0.0448678582906723,
            0.01917671412229538,
            -0.021085694432258606
        ],
        [
            0.03616703301668167,
            0.01760869286954403,
            -0.029856089502573013
        ],
        [
            0.033309295773506165,
            0.006617407314479351,
            -0.026704199612140656
        ],
        [
            0.0714787095785141,
            0.012635394930839539,
            0.018636628985404968
        ],
        [
            0.07408860325813293,
            0.01778162643313408,
            0.023932769894599915
        ],
        [
            0.04530360549688339,
            -0.05998312309384346,
            -0.09016858041286469
        ],
        [
            0.04546937346458435,
            -0.06107950955629349,
            -0.08450881391763687
        ],
        [
            0.1223197877407074,
            -0.030214965343475342,
            -0.0206870399415493
        ],
        [
            0.11556346714496613,
            -0.040260493755340576,
            -0.03952633589506149
        ],
        [
            0.12250339984893799,
            -0.022302430123090744,
            -0.005658790469169617
        ],
        [
            0.12034803628921509,
            -0.017602358013391495,
            0.0052877143025398254
        ],
        [
            0.12113448977470398,
            -0.014312107115983963,
            0.014191508293151855
        ],
        [
            0.06972508132457733,
            -0.030536316335201263,
            -0.05849212408065796
        ],
        [
            0.08023514598608017,
            -0.017837075516581535,
            -0.04143720120191574
        ],
        [
            0.07919615507125854,
            -0.003113672137260437,
            -0.03119390830397606
        ],
        [
            0.06500553339719772,
            0.024075178429484367,
            -0.031244680285453796
        ],
        [
            0.07212986052036285,
            0.02798435650765896,
            -0.024545390158891678
        ],
        [
            0.07538426667451859,
            0.01903950609266758,
            -0.02923138067126274
        ],
        [
            0.06812118738889694,
            0.017142625525593758,
            -0.03367875516414642
        ],
        [
            0.049257732927799225,
            0.025317640975117683,
            -0.027463596314191818
        ],
        [
            0.05371991544961929,
            0.02405952848494053,
            -0.03392689675092697
        ],
        [
            0.04766140133142471,
            0.021115096285939217,
            -0.03939729928970337
        ],
        [
            0.04221562296152115,
            0.02258303575217724,
            -0.03428292274475098
        ],
        [
            0.0957973301410675,
            -0.04779025539755821,
            -0.0464865118265152
        ],
        [
            0.1014430820941925,
            -0.04602818936109543,
            -0.03360719606280327
        ],
        [
            0.08396340161561966,
            0.032780520617961884,
            0.0027405284345149994
        ],
        [
            0.08993476629257202,
            0.03271045908331871,
            0.007714875042438507
        ],
        [
            0.0944649800658226,
            0.033238545060157776,
            0.014835551381111145
        ],
        [
            0.09516840428113937,
            0.00995224341750145,
            -0.019763268530368805
        ],
        [
            0.10486067831516266,
            0.015042748302221298,
            -0.011346481740474701
        ],
        [
            0.10797175765037537,
            0.011848345398902893,
            -0.013431485742330551
        ],
        [
            0.09664492309093475,
            0.007285743951797485,
            -0.019888311624526978
        ],
        [
            0.10040891170501709,
            -0.0039590224623680115,
            -0.03139127045869827
        ],
        [
            0.11205469071865082,
            0.0010240674018859863,
            -0.02858743630349636
        ],
        [
            0.0976199060678482,
            -0.011623945087194443,
            -0.04076186195015907
        ],
        [
            0.11429543793201447,
            0.011657200753688812,
            -0.0006093531847000122
        ],
        [
            0.11401313543319702,
            0.019397415220737457,
            0.0074558258056640625
        ],
        [
            0.11917120218276978,
            0.012157503515481949,
            0.007525943219661713
        ],
        [
            0.10738275945186615,
            0.026320552453398705,
            0.00940065085887909
        ],
        [
            0.10056645423173904,
            0.03151344880461693,
            0.01179502159357071
        ],
        [
            0.07598988711833954,
            0.021081991493701935,
            0.03155147656798363
        ],
        [
            0.12243316322565079,
            0.00446009635925293,
            0.007906228303909302
        ],
        [
            0.10277338325977325,
            -0.025602366775274277,
            -0.05597782880067825
        ],
        [
            0.10062715411186218,
            -0.03041253238916397,
            -0.06108471006155014
        ],
        [
            0.09365762025117874,
            -0.02889871597290039,
            -0.057750798761844635
        ],
        [
            0.09501424431800842,
            -0.024454805999994278,
            -0.052388016134500504
        ],
        [
            0.07150999456644058,
            -0.05595198646187782,
            -0.05472884327173233
        ],
        [
            0.07561743259429932,
            -0.050621148198843,
            -0.05958911404013634
        ],
        [
            0.08141454309225082,
            -0.045839823782444,
            -0.053371042013168335
        ],
        [
            0.09005874395370483,
            0.02180500514805317,
            -0.019381962716579437
        ],
        [
            0.08356481790542603,
            0.030811145901679993,
            -0.013455566018819809
        ],
        [
            0.06627477705478668,
            -0.037404417991638184,
            -0.06531466543674469
        ],
        [
            0.052020154893398285,
            -0.06346805393695831,
            -0.08143935352563858
        ],
        [
            0.05760037153959274,
            -0.06169654801487923,
            -0.08351774513721466
        ],
        [
            0.0642358735203743,
            -0.05973132327198982,
            -0.06870035827159882
        ],
        [
            0.058111127465963364,
            -0.061736881732940674,
            -0.06625522673130035
        ],
        [
            0.05547858029603958,
            -0.04084783047437668,
            -0.06756768375635147
        ],
        [
            0.06212003901600838,
            -0.039972785860300064,
            -0.06832747161388397
        ],
        [
            0.05958141013979912,
            -0.041250523179769516,
            -0.06949145346879959
        ],
        [
            0.053014546632766724,
            -0.0411088764667511,
            -0.06965252757072449
        ],
        [
            0.04240470379590988,
            -0.006880572531372309,
            -0.0579371303319931
        ],
        [
            0.046766266226768494,
            -0.0047507937997579575,
            -0.05333426594734192
        ],
        [
            0.05018853768706322,
            -0.04449653625488281,
            -0.046630196273326874
        ],
        [
            0.05895424261689186,
            -0.054719164967536926,
            -0.044151678681373596
        ],
        [
            0.06546285003423691,
            -0.049411602318286896,
            -0.03502035140991211
        ],
        [
            0.06246883422136307,
            -0.008029384538531303,
            -0.044681183993816376
        ],
        [
            0.0555947944521904,
            -0.01144430786371231,
            -0.05181623250246048
        ],
        [
            0.05376230925321579,
            -0.007874079048633575,
            -0.05083348602056503
        ],
        [
            0.0651150718331337,
            -0.03002570942044258,
            -0.060053739696741104
        ],
        [
            0.06085653975605965,
            -0.03504104167222977,
            -0.06498398631811142
        ],
        [
            0.0597551204264164,
            -0.030815187841653824,
            -0.06180953234434128
        ],
        [
            0.06307294219732285,
            -0.025734636932611465,
            -0.0572783462703228
        ],
        [
            0.053025566041469574,
            0.021665304899215698,
            -0.01121596246957779
        ],
        [
            0.057873982936143875,
            0.029083270579576492,
            -0.018722623586654663
        ],
        [
            0.05887003615498543,
            -0.054522670805454254,
            -0.09082132577896118
        ],
        [
            0.059562887996435165,
            -0.055691156536340714,
            -0.08810777962207794
        ],
        [
            0.06962224096059799,
            -0.003741832450032234,
            -0.03685249388217926
        ],
        [
            0.07387904822826385,
            -0.04263947159051895,
            -0.02507137879729271
        ],
        [
            0.0770111158490181,
            0.001804182305932045,
            -0.03013918176293373
        ],
        [
            0.031699322164058685,
            -0.007300111930817366,
            -0.04097892343997955
        ],
        [
            0.03266727551817894,
            -0.0005732639692723751,
            -0.046966519206762314
        ],
        [
            0.031292468309402466,
            -0.0026398489717394114,
            -0.05089785158634186
        ],
        [
            0.02857162430882454,
            -0.0077393921092152596,
            -0.04859150946140289
        ],
        [
            0.04613133892416954,
            -0.04394650459289551,
            -0.0801694467663765
        ],
        [
            0.05123395472764969,
            -0.043149784207344055,
            -0.08307329565286636
        ],
        [
            0.05065358430147171,
            -0.0433652326464653,
            -0.08407288789749146
        ],
        [
            0.044849228113889694,
            -0.044476501643657684,
            -0.08259271085262299
        ],
        [
            0.06741560250520706,
            -0.04257722198963165,
            -0.06837911903858185
        ],
        [
            0.07175975292921066,
            -0.04733007028698921,
            -0.06703422963619232
        ],
        [
            0.06762383878231049,
            -0.048383425921201706,
            -0.07176090776920319
        ],
        [
            0.06355947256088257,
            -0.04404005408287048,
            -0.07121209800243378
        ],
        [
            0.07074711471796036,
            -0.05366028845310211,
            -0.06531187891960144
        ],
        [
            0.0677243247628212,
            -0.05469610542058945,
            -0.0703972578048706
        ],
        [
            0.04206708073616028,
            -0.048606909811496735,
            -0.0781097263097763
        ],
        [
            0.04204024001955986,
            -0.0563058964908123,
            -0.0782100036740303
        ],
        [
            0.04711593687534332,
            -0.05312696844339371,
            -0.06434369832277298
        ],
        [
            0.0474843792617321,
            -0.04629936441779137,
            -0.06793990731239319
        ],
        [
            0.06234663352370262,
            -0.004653444513678551,
            0.0004132091999053955
        ],
        [
            0.05934405326843262,
            0.006045522168278694,
            0.0010349750518798828
        ],
        [
            0.05071012303233147,
            0.002880346029996872,
            -0.01086757704615593
        ],
        [
            0.04124986380338669,
            -0.0003008907660841942,
            -0.02174990251660347
        ],
        [
            0.03344785422086716,
            -0.003867272287607193,
            -0.0329546183347702
        ],
        [
            0.0347781702876091,
            -0.016328493133187294,
            -0.032639142125844955
        ],
        [
            0.05003363639116287,
            0.010954231023788452,
            -0.00980457291007042
        ],
        [
            0.050595615059137344,
            -0.04089074209332466,
            -0.06118858978152275
        ],
        [
            0.05134933814406395,
            -0.04933679476380348,
            -0.05512474849820137
        ],
        [
            0.04873983934521675,
            -0.043443065136671066,
            -0.055399857461452484
        ],
        [
            0.07445843517780304,
            0.008774427697062492,
            -0.030505448579788208
        ],
        [
            0.060713816434144974,
            -0.057530663907527924,
            -0.08486339449882507
        ],
        [
            0.09989123046398163,
            -0.019244469702243805,
            0.018459416925907135
        ],
        [
            0.0890047624707222,
            -0.012354383245110512,
            0.022407978773117065
        ],
        [
            0.08649435639381409,
            -0.016363486647605896,
            0.015066370368003845
        ],
        [
            0.0991448312997818,
            -0.023568568751215935,
            0.010056443512439728
        ],
        [
            0.05726805701851845,
            -0.04620606452226639,
            -0.08539842069149017
        ],
        [
            0.06115434691309929,
            -0.05134624242782593,
            -0.08566480129957199
        ],
        [
            0.043012216687202454,
            0.000860447995364666,
            -0.05290886387228966
        ],
        [
            0.03939194977283478,
            -0.002213558182120323,
            -0.05629020184278488
        ],
        [
            0.03546305000782013,
            -0.0004339856095612049,
            -0.05496048927307129
        ],
        [
            0.038020793348550797,
            0.004924454726278782,
            -0.05387648195028305
        ],
        [
            0.05931875854730606,
            0.011958450078964233,
            0.0018020197749137878
        ],
        [
            0.032062359154224396,
            0.017701536417007446,
            -0.03615456819534302
        ],
        [
            0.028928542509675026,
            0.0075751678086817265,
            -0.03360094130039215
        ],
        [
            0.0670367181301117,
            0.008416682481765747,
            0.011358089745044708
        ],
        [
            0.06930651515722275,
            -0.0010857190936803818,
            0.011381015181541443
        ],
        [
            0.07406793534755707,
            0.0020260512828826904,
            0.019299790263175964
        ],
        [
            0.03778717666864395,
            -0.028142869472503662,
            -0.04207251965999603
        ],
        [
            0.06398825347423553,
            -0.012776117771863937,
            -0.0021829456090927124
        ],
        [
            0.07163702696561813,
            -0.008057408034801483,
            0.009218834340572357
        ],
        [
            0.07743164896965027,
            -0.004669664427638054,
            0.018587425351142883
        ],
        [
            0.08082281798124313,
            -0.0019405540078878403,
            0.025713540613651276
        ],
        [
            0.07689610123634338,
            0.005191586911678314,
            0.02566482126712799
        ],
        [
            0.04635445028543472,
            -0.060963306576013565,
            -0.07960368692874908
        ],
        [
            0.04021211713552475,
            -0.0560733824968338,
            -0.08339518308639526
        ],
        [
            0.07887721061706543,
            0.008323706686496735,
            0.03397463262081146
        ],
        [
            0.08370225131511688,
            0.0004536230117082596,
            0.03327813744544983
        ],
        [
            0.07577989250421524,
            -0.015849323943257332,
            0.006653919816017151
        ],
        [
            0.0821596160531044,
            -0.0243177879601717,
            0.0029602646827697754
        ],
        [
            0.06831617653369904,
            -0.019964974373579025,
            -0.004411693662405014
        ],
        [
            0.07369568943977356,
            -0.02893303520977497,
            -0.008860472589731216
        ],
        [
            0.041356537491083145,
            -0.03804072365164757,
            -0.038544587790966034
        ],
        [
            0.03971770778298378,
            -0.04580441862344742,
            -0.0989677757024765
        ],
        [
            0.03925833851099014,
            -0.04907390475273132,
            -0.08835070580244064
        ],
        [
            0.04294399172067642,
            -0.044774603098630905,
            -0.08667956292629242
        ],
        [
            0.040872059762477875,
            -0.042375773191452026,
            -0.09659992903470993
        ],
        [
            0.04087541624903679,
            -0.04874902591109276,
            -0.08224129676818848
        ],
        [
            0.03995338827371597,
            -0.05476704612374306,
            -0.08915415406227112
        ],
        [
            0.08380970358848572,
            -0.036843620240688324,
            -0.01430102065205574
        ],
        [
            0.05533119663596153,
            -0.03478941321372986,
            -0.06576376408338547
        ],
        [
            0.0966225191950798,
            -0.03146035224199295,
            -0.004071377217769623
        ],
        [
            0.09085147082805634,
            -0.04558498412370682,
            -0.02473406493663788
        ],
        [
            0.10163695365190506,
            -0.040897876024246216,
            -0.01925840601325035
        ],
        [
            0.11124387383460999,
            -0.026448361575603485,
            0.0038082003593444824
        ],
        [
            0.11343435943126678,
            -0.03441912680864334,
            -0.011135634034872055
        ],
        [
            0.11221159994602203,
            -0.017753563821315765,
            0.020217277109622955
        ],
        [
            0.11030323058366776,
