{
    "pred_cam": [
        5.091404914855957,
        -0.0354582704603672,
        -0.027864810079336166
    ],
    "pred_mano_params": {
        "global_orient": [
            [
                [
                    0.8597099781036377,
                    0.362858384847641,
                    -0.3594892919063568
                ],
                [
                    0.29015052318573,
                    -0.9261525273323059,
                    -0.24094440042972565
                ],
                [
                    -0.42037060856819153,
                    0.10283630341291428,
                    -0.9015061259269714
                ]
            ]
        ],
        "hand_pose": [
            [
                [
                    0.5066617727279663,
                    -0.8577975630760193,
                    -0.08647096157073975
                ],
                [
                    0.8616838455200195,
                    0.507116973400116,
                    0.018255798146128654
                ],
                [
                    0.028191113844513893,
                    -0.08376014977693558,
                    0.9960870742797852
                ]
            ],
            [
                [
                    0.7509312629699707,
                    -0.6600518226623535,
                    0.020831484347581863
                ],
                [
                    0.6369425654411316,
                    0.715589702129364,
                    -0.28676748275756836
                ],
                [
                    0.17437458038330078,
                    0.22861109673976898,
                    0.9577738046646118
                ]
            ],
            [
                [
                    0.8475151658058167,
                    -0.5203481912612915,
                    0.10467040538787842
                ],
                [
                    0.5246960520744324,
                    0.851113498210907,
                    -0.017315903678536415
                ],
                [
                    -0.08007609844207764,
                    0.06959563493728638,
                    0.9943562746047974
                ]
            ],
            [
                [
                    0.022174537181854248,
                    -0.9507689476013184,
                    -0.30910634994506836
                ],
                [
                    0.9945105910301208,
                    -0.010647237300872803,
                    0.10409324616193771
                ],
                [
                    -0.10225975513458252,
                    -0.30971774458885193,
                    0.9453136920928955
                ]
            ],
            [
                [
                    0.9430356025695801,
                    -0.2636478543281555,
                    -0.2029128521680832
                ],
                [
                    0.30287250876426697,
                    0.9327223300933838,
                    0.19569669663906097
                ],
                [
                    0.13766635954380035,
                    -0.24600571393966675,
                    0.9594420790672302
                ]
            ],
            [
                [
                    0.8252826929092407,
                    -0.5365220904350281,
                    0.17621710896492004
                ],
                [
                    0.5328587889671326,
                    0.8431684970855713,
                    0.07161302119493484
                ],
                [
                    -0.18700268864631653,
                    0.03479783982038498,
                    0.9817428588867188
                ]
            ],
            [
                [
                    0.10586155951023102,
                    -0.9942747354507446,
                    0.014531210996210575
                ],
                [
                    0.5795562267303467,
                    0.07356753945350647,
                    0.8116048574447632
                ],
                [
                    -0.8080271482467651,
                    -0.07749611884355545,
                    0.5840260982513428
                ]
            ],
            [
                [
                    0.889732301235199,
                    -0.44532525539398193,
                    -0.1003086119890213
                ],
                [
                    0.45194727182388306,
                    0.8284631967544556,
                    0.3307451009750366
                ],
                [
                    -0.06418713927268982,
                    -0.3396088480949402,
                    0.9383739829063416
                ]
            ],
            [
                [
                    0.840070903301239,
                    -0.4771537780761719,
                    0.2580795884132385
                ],
                [
                    0.31843701004981995,
                    0.8189000487327576,
                    0.47749418020248413
                ],
                [
                    -0.4391794800758362,
                    -0.318946897983551,
                    0.8398775458335876
                ]
            ],
            [
                [
                    0.05233290046453476,
                    -0.9969797730445862,
                    -0.05738219991326332
                ],
                [
                    0.9388412833213806,
                    0.029534747824072838,
                    0.34308120608329773
                ],
                [
                    -0.3403502106666565,
                    -0.07182721793651581,
                    0.9375514388084412
                ]
            ],
            [
                [
                    0.8867478370666504,
                    -0.43001458048820496,
                    -0.1696048080921173
                ],
                [
                    0.4606645703315735,
                    0.7916714549064636,
                    0.40130341053009033
                ],
                [
                    -0.03829503804445267,
                    -0.4339858293533325,
                    0.9001054167747498
                ]
            ],
            [
                [
                    0.7140746116638184,
                    -0.6322115063667297,
                    0.3006760776042938
                ],
                [
                    0.48090115189552307,
                    0.7550975680351257,
                    0.445602685213089
                ],
                [
                    -0.5087549090385437,
                    -0.17359806597232819,
                    0.8432272672653198
                ]
            ],
            [
                [
                    0.9892210364341736,
                    0.09321144968271255,
                    0.11293049901723862
                ],
                [
                    0.025570914149284363,
                    0.6494119763374329,
                    -0.7600066065788269
                ],
                [
                    -0.14417977631092072,
                    0.7547023296356201,
                    0.6400284767150879
                ]
            ],
            [
                [
                    0.9348347187042236,
                    -0.34912821650505066,
                    -0.06475701928138733
                ],
                [
                    0.35097795724868774,
                    0.8808801770210266,
                    0.31759175658226013
                ],
                [
                    -0.053837064653635025,
                    -0.319624125957489,
                    0.9460136890411377
                ]
            ],
            [
                [
                    0.8883686661720276,
                    -0.044365134090185165,
                    -0.45698240399360657
                ],
                [
                    -0.19773976504802704,
                    0.8613095879554749,
                    -0.46802225708961487
                ],
                [
                    0.4143671691417694,
                    0.506139874458313,
                    0.7563877105712891
                ]
            ]
        ],
        "betas": [
            -0.0730329155921936,
            -0.0593603253364563,
            0.001461625099182129,
            0.04859420657157898,
            0.010953247547149658,
            0.009131766855716705,
            0.039962202310562134,
            -0.0673234760761261,
            0.04772958159446716,
            -0.005109518766403198
        ]
    },
    "pred_cam_t": [
        -0.0354582704603672,
        -0.027864810079336166,
        7.672244071960449
    ],
    "focal_length": [
        5000.0,
        5000.0
    ],
    "pred_keypoints_3d": [
        [
            0.09602156281471252,
            0.0064106048084795475,
            0.006219275761395693
        ],
        [
            0.06030505895614624,
            0.007623410318046808,
            -0.008624149486422539
        ],
        [
            0.032703761011362076,
            0.014932853169739246,
            -0.02037806250154972
        ],
        [
            0.00740443542599678,
            0.024806838482618332,
            -0.021275170147418976
        ],
        [
            -0.023913605138659477,
            0.035171013325452805,
            -0.007888595573604107
        ],
        [
            0.010654427111148834,
            -0.019419368356466293,
            0.02418707124888897
        ],
        [
            -0.01658875308930874,
            -0.0012625977396965027,
            0.02914518117904663
        ],
        [
            -0.018561439588665962,
            0.020890362560749054,
            0.02783888950943947
        ],
        [
            -0.010210173204541206,
            0.043819405138492584,
            0.022019464522600174
        ],
        [
            0.015019506216049194,
            -0.01896452158689499,
            0.0490981750190258
        ],
        [
            0.003866642713546753,
            0.010814245790243149,
            0.048522625118494034
        ],
        [
            0.005419347435235977,
            0.0335422158241272,
            0.04339698702096939
        ],
        [
            0.00918528437614441,
            0.053627245128154755,
            0.028071437031030655
        ],
        [
            0.033683933317661285,
            -0.007278005126863718,
            0.06449101865291595
        ],
        [
            0.018856801092624664,
            0.01687927171587944,
            0.05865740031003952
        ],
        [
            0.023145051673054695,
            0.03898163139820099,
            0.04811205714941025
        ],
        [
            0.027055561542510986,
            0.049469199031591415,
            0.02606518566608429
        ],
        [
            0.048625193536281586,
            0.006061211694031954,
            0.07336965948343277
        ],
        [
            0.037240348756313324,
            0.022489342838525772,
            0.06628058105707169
        ],
        [
            0.037786729633808136,
            0.037782683968544006,
            0.05496549978852272
        ],
        [
            0.043693166226148605,
            0.04353870451450348,
            0.03791350871324539
        ]
    ],
    "pred_vertices": [
        [
            0.03979317098855972,
            0.004230150952935219,
            0.010225174948573112
        ],
        [
            0.0474889762699604,
            0.009286200627684593,
            0.006230756640434265
        ],
        [
            0.03769020363688469,
            0.011118290945887566,
            0.0014597335830330849
        ],
        [
            0.030724206939339638,
            0.004554051905870438,
            0.0051766010001301765
        ],
        [
            0.05378801003098488,
            0.02520899847149849,
            -0.0069360327906906605
        ],
        [
            0.05883156880736351,
            0.025358106940984726,
            -0.018281694501638412
        ],
        [
            0.043454255908727646,
            0.02692716382443905,
            -0.020972002297639847
        ],
        [
            0.041668396443128586,
            0.027487969025969505,
            -0.010821109637618065
        ],
        [
            0.0237116701900959,
            0.00334012508392334,
            0.000522984191775322
        ],
        [
            0.030222568660974503,
            0.01250816322863102,
            -0.0021742009557783604
        ],
        [
            0.022476667538285255,
            0.0007800087332725525,
            -0.0043368153274059296
        ],
        [
            0.019540974870324135,
            -0.013438149355351925,
            0.0004145856946706772
        ],
        [
            0.019835760816931725,
            -0.006896658800542355,
            0.004081860184669495
        ],
        [
            0.016047241166234016,
            -0.020353537052869797,
            0.006092166993767023
        ],
        [
            0.02794112078845501,
            -0.02060500718653202,
            -0.0025054635480046272
        ],
        [
            0.019738391041755676,
            -0.028741009533405304,
            0.010266819037497044
        ],
        [
            0.04936545714735985,
            -0.027629276737570763,
            0.020308293402194977
        ],
        [
            0.05758761614561081,
            -0.024163559079170227,
            0.030974959954619408
        ],
        [
            0.04260947182774544,
            -0.02922273799777031,
            0.04132135212421417
        ],
        [
            0.035503238439559937,
            -0.03116755746304989,
            0.029155099764466286
        ],
        [
            0.057101599872112274,
            -0.018214400857686996,
            0.05262038856744766
        ],
        [
            0.04844950884580612,
            -0.02431488037109375,
            0.046796515583992004
        ],
        [
            0.0637805163860321,
            -0.020720886066555977,
            0.03680475056171417
        ],
        [
            0.07060326635837555,
            -0.015187038108706474,
            0.04228198528289795
        ],
        [
            0.05409054458141327,
            0.007067607715725899,
            0.019785985350608826
        ],
        [
            0.06270889937877655,
            0.01122644729912281,
            0.015882305800914764
        ],
        [
            0.057631514966487885,
            0.009023098275065422,
            0.012307954952120781
        ],
        [
            0.049790460616350174,
            0.0055358316749334335,
            0.015888124704360962
        ],
        [
            0.02175913006067276,
            0.005424505565315485,
            -0.017827952280640602
        ],
        [
            0.030536627396941185,
            -0.00570547953248024,
            -0.01683349721133709
        ],
        [
            0.025379018858075142,
            -0.005036885384470224,
            -0.010263781994581223
        ],
        [
            0.020606640726327896,
            0.008504203520715237,
            -0.013296457007527351
        ],
        [
            0.08674421161413193,
            0.02840956673026085,
            0.011659462004899979
        ],
        [
            0.09836073219776154,
            0.025660481303930283,
            0.005023866891860962
        ],
        [
            0.09580612927675247,
            0.0234810933470726,
            0.00015704333782196045
        ],
        [
            0.0857623815536499,
            0.02586199901998043,
            0.007547922432422638
        ],
        [
            0.07975221425294876,
            0.020900536328554153,
            -0.014311200007796288
        ],
        [
            0.08930971473455429,
            0.017186583951115608,
            -0.015288716182112694
        ],
        [
            0.092980295419693,
            0.008127754554152489,
            -0.025206919759511948
        ],
        [
            0.08309775590896606,
            0.008547326549887657,
            -0.02504989132285118
        ],
        [
            0.06880809366703033,
            0.023650716990232468,
            -0.015604700893163681
        ],
        [
            0.0720440149307251,
            0.014415653422474861,
            -0.02597099356353283
        ],
        [
            0.06091369315981865,
            0.01798071898519993,
            -0.02721795253455639
        ],
        [
            0.04424610361456871,
            0.021650156006217003,
            -0.02884921245276928
        ],
        [
            0.10494329780340195,
            0.027314957231283188,
            0.016013626009225845
        ],
        [
            0.09732446074485779,
            0.030173249542713165,
            0.022364754229784012
        ],
        [
            -0.01106440369039774,
            0.006072906777262688,
            0.01906472072005272
        ],
        [
            -0.008013909682631493,
            0.008216381072998047,
            0.02395438589155674
        ],
        [
            -0.005574236158281565,
            0.005262089893221855,
            0.022646712139248848
        ],
        [
            -0.009057065472006798,
            0.0033056512475013733,
            0.01838463917374611
        ],
        [
            0.10895535349845886,
            0.01503816619515419,
            0.03185427561402321
        ],
        [
            0.11088088154792786,
            0.005138278007507324,
            0.032528579235076904
        ],
        [
            0.11678802967071533,
            0.008238224312663078,
            0.0294966883957386
        ],
        [
            0.11448934674263,
            0.01706101931631565,
            0.02700662612915039
        ],
        [
            0.10168860107660294,
            0.012327400967478752,
            0.03827068209648132
        ],
        [
            0.10229529440402985,
            0.0011996859684586525,
            0.03633040189743042
        ],
        [
            -0.022355735301971436,
            0.0014806222170591354,
            0.023107049986720085
        ],
        [
            -0.01949387788772583,
            0.0030442383140325546,
            0.018924981355667114
        ],
        [
            -0.017975404858589172,
            -0.002085348591208458,
            0.019326914101839066
        ],
        [
            -0.019992686808109283,
            -0.00438951700925827,
            0.024089207872748375
        ],
        [
            0.02445928379893303,
            -0.00199773907661438,
            0.008642799220979214
        ],
        [
            0.032021455466747284,
            0.0009564794600009918,
            0.014220448210835457
        ],
        [
            0.014545650221407413,
            -0.008785734884440899,
            0.018686523661017418
        ],
        [
            0.020964160561561584,
            -0.005688817240297794,
            0.018305588513612747
        ],
        [
            0.018798070028424263,
            -0.008315873332321644,
            0.011887216940522194
        ],
        [
            0.013774042949080467,
            -0.011569592170417309,
            0.013193544000387192
        ],
        [
            0.03776773065328598,
            0.0008251974359154701,
            0.03392725810408592
        ],
        [
            0.04719221591949463,
            0.003958777524530888,
            0.027963487431406975
        ],
        [
            0.04224628955125809,
            0.0017597340047359467,
            0.023888858035206795
        ],
        [
            0.030976982787251472,
            -0.0013438453897833824,
            0.028937406837940216
        ],
        [
            0.0549834668636322,
            0.010861357674002647,
            0.037695907056331635
        ],
        [
            0.04538740962743759,
            0.0066554127261042595,
            0.0427916944026947
        ],
        [
            0.05120875686407089,
            0.01096143014729023,
            0.04756078124046326
        ],
        [
            0.05647294968366623,
            0.01421196199953556,
            0.04305644333362579
        ],
        [
            0.0279640331864357,
            -0.0025287773460149765,
            0.04845375567674637
        ],
        [
            0.024817638099193573,
            -0.0059624104760587215,
            0.049251656979322433
        ],
        [
            0.02627445198595524,
            -0.0031433445401489735,
            0.05084354057908058
        ],
        [
            0.030546266585588455,
            -0.0005689002573490143,
            0.05030243098735809
        ],
        [
            0.12283845245838165,
            0.010186789557337761,
            0.026216115802526474
        ],
        [
            0.11950834095478058,
            0.018341876566410065,
            0.02176208421587944
        ],
        [
            0.07028345763683319,
            -0.004148576408624649,
            0.06403400003910065
        ],
        [
            0.07556499540805817,
            0.006046594120562077,
            0.06365424394607544
        ],
        [
            0.06494542956352234,
            0.005204140208661556,
            0.07243950664997101
        ],
        [
            0.06185188889503479,
            -0.007025832310318947,
            0.07158178836107254
        ],
        [
            0.10853276401758194,
            -0.004337023943662643,
            0.028902709484100342
        ],
        [
            0.1158364787697792,
            -0.0016508959233760834,
            0.02771085873246193
        ],
        [
            -0.022572822868824005,
            0.0011858660727739334,
            0.029590226709842682
        ],
        [
            -0.019899532198905945,
            -0.0041613029316067696,
            0.03047025203704834
        ],
        [
            0.06316926330327988,
            0.004698596894741058,
            -0.02952076867222786
        ],
        [
            0.0439341701567173,
            0.012016460299491882,
            -0.031985849142074585
        ],
        [
            0.07725419104099274,
            0.0001768358051776886,
            -0.026936650276184082
        ],
        [
            0.08707230538129807,
            -0.0027750413864851,
            -0.024925924837589264
        ],
        [
            0.09550055861473083,
            -0.003693392500281334,
            -0.02600124478340149
        ],
        [
            0.02100076898932457,
            -0.005096176639199257,
            0.025083592161536217
        ],
        [
            0.04080789536237717,
            0.0024552270770072937,
            0.017903191968798637
        ],
        [
            0.05740007013082504,
            0.009096430614590645,
            0.02332996018230915
        ],
        [
            0.07022617757320404,
            0.02443389967083931,
            0.047167614102363586
        ],
        [
            0.07813341170549393,
            0.027643388137221336,
            0.04134812206029892
        ],
        [
            0.06978680193424225,
            0.024175144731998444,
            0.03529879450798035
        ],
        [
            0.06477475166320801,
            0.021515890955924988,
            0.04174979031085968
        ],
        [
            0.07352796196937561,
            0.016030466184020042,
            0.06245405972003937
        ],
        [
            0.06789981573820114,
            0.020304307341575623,
            0.058110758662223816
        ],
        [
            0.0622180737555027,
            0.017777185887098312,
            0.0626709908246994
        ],
        [
            0.06564155966043472,
            0.013690078631043434,
            0.06877738237380981
        ],
        [
            0.023056888952851295,
            0.005986387841403484,
            -0.02553805708885193
        ],
        [
            0.035318002104759216,
            -0.004713794682174921,
            -0.023131754249334335
        ],
        [
            0.10489872097969055,
            0.02411799319088459,
            0.027971941977739334
        ],
        [
            0.10960815846920013,
            0.02427254430949688,
            0.021649934351444244
        ],
        [
            0.11646914482116699,
            0.02332477457821369,
            0.016549207270145416
        ],
        [
            0.07393458485603333,
            0.019953079521656036,
            0.012823015451431274
        ],
        [
            0.08501534163951874,
            0.02418305166065693,
            0.0047288499772548676
        ],
        [
            0.08207392692565918,
            0.02290434204041958,
            0.00183163583278656
        ],
        [
            0.07195668667554855,
            0.0174568984657526,
            0.011140432208776474
        ],
        [
            0.05609938129782677,
            0.016586262732744217,
            0.003854050301015377
        ],
        [
            0.0663115605711937,
            0.02296534553170204,
            -0.002718079835176468
        ],
        [
            0.04528943449258804,
            0.019565271213650703,
            0.00012455624528229237
        ],
        [
            0.09389272332191467,
            0.020772522315382957,
            -0.0071807727217674255
        ],
        [
            0.10442207753658295,
            0.023847710341215134,
            -0.005713358521461487
        ],
        [
            0.10141723603010178,
            0.01999761164188385,
            -0.013199906796216965
        ],
        [
            0.10905474424362183,
            0.025751709938049316,
            0.0027926266193389893
        ],
        [
            0.1132717877626419,
            0.025885090231895447,
            0.010716091841459274
        ],
        [
            0.12425154447555542,
            -0.001719099935144186,
            0.02610865607857704
        ],
        [
            0.09839987009763718,
            0.014939714223146439,
            -0.019270513206720352
        ],
        [
            0.03297816962003708,
            0.027756279334425926,
            -0.013738417066633701
        ],
        [
            0.025269992649555206,
            0.02860310673713684,
            -0.016424022614955902
        ],
        [
            0.023291438817977905,
            0.023300476372241974,
            -0.010864676907658577
        ],
        [
            0.030113060027360916,
            0.02214330993592739,
            -0.007639335934072733
        ],
        [
            0.010257015936076641,
            -0.02345077507197857,
            0.012030032463371754
        ],
        [
            0.011180962435901165,
            -0.016274023801088333,
            0.010768593288958073
        ],
        [
            0.01675766333937645,
            -0.013211222365498543,
            0.006211075000464916
        ],
        [
            0.080433189868927,
            0.02817736379802227,
            0.021424628794193268
        ],
        [
            0.08966892212629318,
            0.029847826808691025,
            0.030125457793474197
        ],
        [
            0.01432750467211008,
            -0.0077248429879546165,
            0.0248417928814888
        ],
        [
            -0.01681838184595108,
            -0.009427985176444054,
            0.024566620588302612
        ],
        [
            -0.014825405552983284,
            -0.007247517816722393,
            0.019061168655753136
        ],
        [
            0.00029891892336308956,
            -0.01894334703683853,
            0.015815597027540207
        ],
        [
            -0.0021485723555088043,
            -0.021949008107185364,
            0.02192113921046257
        ],
        [
            0.010369954630732536,
            -0.009770628064870834,
            0.03200637921690941
        ],
        [
            0.012368051335215569,
            -0.007262882310897112,
            0.025364261120557785
        ],
        [
            0.011179341934621334,
            -0.006762590724974871,
            0.026142975315451622
        ],
        [
            0.008936523459851742,
            -0.006329935509711504,
            0.032560937106609344
        ],
        [
            0.033676475286483765,
            0.0012746667489409447,
            0.05454554036259651
        ],
        [
            0.037031419575214386,
            0.0037728240713477135,
            0.05403309687972069
        ],
        [
            0.021233923733234406,
            -0.029237113893032074,
            0.037595558911561966
        ],
        [
            0.01690538227558136,
            -0.03570225089788437,
            0.025632135570049286
        ],
        [
            0.028289422392845154,
            -0.03319862484931946,
            0.017694367095828056
        ],
        [
            0.042786527425050735,
            0.003954535350203514,
            0.03857932239770889
        ],
        [
            0.03484258055686951,
            0.001361890695989132,
            0.044389501214027405
        ],
        [
            0.03751719370484352,
            0.0030229315161705017,
            0.04707103967666626
        ],
        [
            0.019768282771110535,
            -0.005497990176081657,
            0.029501797631382942
        ],
        [
            0.01428321935236454,
            -0.007910724729299545,
            0.0310311708599329
        ],
        [
            0.01753603294491768,
            -0.007623583078384399,
            0.034235768020153046
        ],
        [
            0.02354913018643856,
            -0.004116334952414036,
            0.0327984020113945
        ],
        [
            0.08589251339435577,
            0.007765771821141243,
            0.05503862351179123
        ],
        [
            0.08319580554962158,
            0.01934259757399559,
            0.054352883249521255
        ],
        [
            -0.01529119536280632,
            0.0044545456767082214,
            0.01743924245238304
        ],
        [
            -0.013639580458402634,
            0.0005417000502347946,
            0.01715005747973919
        ],
        [
            0.051878027617931366,
            0.007031677290797234,
            0.03260759264230728
        ],
        [
            0.04126852750778198,
            -0.027454117313027382,
            0.01049967110157013
        ],
        [
            0.060610633343458176,
            0.01167025975883007,
            0.02706742472946644
        ],
        [
            0.04306529462337494,
            -0.008191481232643127,
            0.06698963791131973
        ],
        [
            0.04220697283744812,
            0.00035433087032288313,
            0.06659070402383804
        ],
        [
            0.039247382432222366,
            0.0020453648176044226,
            0.06543850898742676
        ],
        [
            0.03738150745630264,
            -0.0028793374076485634,
            0.06709544360637665
        ],
        [
            -0.003092188388109207,
            0.0018480010330677032,
            0.034600600600242615
        ],
        [
            -0.002086522988975048,
            0.004100893624126911,
            0.029061682522296906
        ],
        [
            -0.00430834898725152,
            0.005974635481834412,
            0.028804995119571686
        ],
        [
            -0.006087029352784157,
            0.004516024142503738,
            0.03440723568201065
        ],
        [
            0.012390599586069584,
            -0.00824099313467741,
            0.01949007250368595
        ],
        [
            0.010613898746669292,
            -0.011286692693829536,
            0.014508187770843506
        ],
        [
            0.007875200361013412,
            -0.00906166061758995,
            0.015376770868897438
        ],
        [
            0.009805375710129738,
            -0.006849469151347876,
            0.020912444218993187
        ],
        [
            0.007933507673442364,
            -0.016515417024493217,
            0.012563580647110939
        ],
        [
            0.004256950691342354,
            -0.014297153800725937,
            0.013529290445148945
        ],
        [
            -0.007110017351806164,
            -0.0022262921556830406,
            0.037806324660778046
        ],
        [
            -0.012991498224437237,
            -0.006831974722445011,
            0.036235421895980835
        ],
        [
            0.0010318141430616379,
            -0.017887011170387268,
            0.035629093647003174
        ],
        [
            0.0038853115402162075,
            -0.01042499765753746,
            0.03675162419676781
        ],
        [
            0.08361189067363739,
            -0.013943308964371681,
            0.03358536958694458
        ],
        [
            0.08911842107772827,
            -0.006971569731831551,
            0.04046996682882309
        ],
        [
            0.07643326371908188,
            -0.008318699896335602,
            0.04957114905118942
        ],
        [
            0.06410034745931625,
            -0.01057716365903616,
            0.05990871787071228
        ],
        [
            0.05164701119065285,
            -0.011927755549550056,
            0.06777942180633545
        ],
        [
            0.045861490070819855,
            -0.020697694271802902,
            0.06174170598387718
        ],
        [
            0.08138367533683777,
            -0.0025554937310516834,
            0.0532536618411541
        ],
        [
            0.014256424270570278,
            -0.018609926104545593,
            0.037127770483493805
        ],
        [
            0.011050915345549583,
            -0.024836774915456772,
            0.03521738573908806
        ],
        [
            0.015309521928429604,
            -0.02372327819466591,
            0.038696885108947754
        ],
        [
            0.06357254832983017,
            0.01630774699151516,
            0.03220841661095619
        ],
        [
            -0.011105840094387531,
            -0.003993861377239227,
            0.016563914716243744
        ],
        [
            0.09484215825796127,
            -0.01808951050043106,
            -0.009378612041473389
        ],
        [
            0.1009330227971077,
            -0.018729472532868385,
            0.0025453194975852966
        ],
        [
            0.09234645962715149,
            -0.019664952531456947,
            0.004439909011125565
        ],
        [
            0.0852593407034874,
            -0.01808236911892891,
            -0.009043797850608826
        ],
        [
            -0.0034271799959242344,
            0.003499990329146385,
            0.022126512601971626
        ],
        [
            -0.006420669611543417,
            0.00039421766996383667,
            0.017162024974822998
        ],
        [
            0.0399385429918766,
            0.007873112335801125,
            0.058223970234394073
        ],
        [
            0.03657262772321701,
            0.004943644627928734,
            0.058391544967889786
        ],
        [
            0.03887515142560005,
            0.005822438281029463,
            0.06038723140954971
        ],
        [
            0.041269250214099884,
            0.00968201458454132,
            0.061956215649843216
        ],
        [
            0.0926942303776741,
            -0.0025773970410227776,
            0.04274948686361313
        ],
        [
            0.0565476194024086,
            0.010824473574757576,
            0.07509762793779373
        ],
        [
            0.053363144397735596,
            -0.0017238762229681015,
            0.07435797154903412
        ],
        [
            0.09980253875255585,
            -0.006249504163861275,
            0.032491523772478104
        ],
        [
            0.09541375190019608,
            -0.01287036668509245,
            0.02667888253927231
        ],
        [
            0.10418413579463959,
            -0.011983029544353485,
            0.022283021360635757
        ],
        [
            0.03283432498574257,
            -0.02314932458102703,
            0.054433804005384445
        ],
        [
            0.07750174403190613,
            -0.018470052629709244,
            0.029234636574983597
        ],
        [
            0.09030424803495407,
            -0.01646854355931282,
            0.022143203765153885
        ],
        [
            0.1005483865737915,
            -0.01556730829179287,
            0.016685470938682556
        ],
        [
            0.10835504531860352,
            -0.015267693437635899,
            0.013584569096565247
        ],
        [
            0.11149521172046661,
            -0.011260278522968292,
            0.019989613443613052
        ],
        [
            -0.01594642922282219,
            -0.008726702071726322,
            0.030984865501523018
        ],
        [
            -0.01683378592133522,
            -0.0016954503953456879,
            0.036377571523189545
        ],
        [
            0.12042440474033356,
            -0.011754946783185005,
            0.01814446970820427
        ],
        [
            0.11631107330322266,
            -0.015666503459215164,
            0.010754860937595367
        ],
        [
            0.08457865566015244,
            -0.019856618717312813,
            0.015695888549089432
        ],
        [
            0.07727929204702377,
            -0.02241695299744606,
            0.007130935788154602
        ],
        [
            0.07231932878494263,
            -0.021411007270216942,
            0.022700777277350426
        ],
        [
            0.06413120776414871,
            -0.02436179667711258,
            0.014839362353086472
        ],
        [
            0.030016981065273285,
            -0.03266648203134537,
            0.04822442680597305
        ],
        [
            -0.019642751663923264,
            0.01674635522067547,
            0.036305129528045654
        ],
        [
            -0.015102073550224304,
            0.006550854071974754,
            0.03767933323979378
        ],
        [
            -0.009870407171547413,
            0.00807245634496212,
            0.03535408899188042
        ],
        [
            -0.015350773930549622,
            0.017412854358553886,
            0.03647880256175995
        ],
        [
            -0.010459564626216888,
            0.0018085520714521408,
            0.03742435947060585
        ],
        [
            -0.01961846463382244,
            0.00364026241004467,
            0.035706643015146255
        ],
        [
            0.05469318851828575,
            -0.02333826757967472,
            0.0022485312074422836
        ],
        [
            0.013952285051345825,
            -0.011251760646700859,
            0.03535136952996254
        ],
        [
            0.06790240854024887,
            -0.018548743799328804,
            -0.008413676172494888
        ],
        [
            0.040215421468019485,
            -0.01949734427034855,
            -0.009603993967175484
        ],
        [
            0.04999725520610809,
            -0.013543942011892796,
            -0.017590081319212914
        ],
        [
            0.0802738144993782,
            -0.012466858141124249,
            -0.02019662782549858
        ],
        [
            0.06437428295612335,
            -0.008451183326542377,
            -0.024877652525901794
        ],
        [
            0.09804318100214005,
            -0.01259741373360157,
            -0.020309297367930412
        ],
