{
    "pred_cam": [
        5.129308700561523,
        0.17007896304130554,
        -0.02685624733567238
    ],
    "pred_mano_params": {
        "global_orient": [
            [
                [
                    -0.8015832304954529,
                    -0.5436262488365173,
                    0.2488669455051422
                ],
                [
                    0.10363197326660156,
                    -0.5362774133682251,
                    -0.8376556038856506
                ],
                [
                    0.5888332724571228,
                    -0.6456602215766907,
                    0.4862080514431
                ]
            ]
        ],
        "hand_pose": [
            [
                [
                    0.9168907999992371,
                    -0.3713904619216919,
                    -0.14621995389461517
                ],
                [
                    0.36675018072128296,
                    0.9284767508506775,
                    -0.05852511152625084
                ],
                [
                    0.15749749541282654,
                    3.494876727927476e-05,
                    0.9875193238258362
                ]
            ],
            [
                [
                    0.9793309569358826,
                    -0.19184277951717377,
                    0.06408724188804626
                ],
                [
                    0.20192651450634003,
                    0.9456230998039246,
                    -0.25499528646469116
                ],
                [
                    -0.011683372780680656,
                    0.262665718793869,
                    0.9648160934448242
                ]
            ],
            [
                [
                    0.8384314775466919,
                    -0.5306852459907532,
                    0.12412036210298538
                ],
                [
                    0.5037705302238464,
                    0.841528594493866,
                    0.1950506716966629
                ],
                [
                    -0.20796136558055878,
                    -0.10100843012332916,
                    0.9729076623916626
                ]
            ],
            [
                [
                    0.8815422654151917,
                    -0.46635305881500244,
                    -0.07347053289413452
                ],
                [
                    0.46215349435806274,
                    0.88423091173172,
                    -0.06745409965515137
                ],
                [
                    0.09642232954502106,
                    0.025508984923362732,
                    0.9950135946273804
                ]
            ],
            [
                [
                    0.952065646648407,
                    -0.27939316630363464,
                    -0.12454076111316681
                ],
                [
                    0.3013634979724884,
                    0.9265164732933044,
                    0.22527123987674713
                ],
                [
                    0.05244982987642288,
                    -0.25200507044792175,
                    0.9663034081459045
                ]
            ],
            [
                [
                    0.8240668177604675,
                    -0.5652928948402405,
                    0.03684842586517334
                ],
                [
                    0.5656987428665161,
                    0.8246117234230042,
                    -0.0007181344553828239
                ],
                [
                    -0.029979683458805084,
                    0.021436898037791252,
                    0.9993206262588501
                ]
            ],
            [
                [
                    0.7043120861053467,
                    -0.7060019373893738,
                    0.07420038431882858
                ],
                [
                    0.665351390838623,
                    0.692947506904602,
                    0.27772510051727295
                ],
                [
                    -0.24749144911766052,
                    -0.14623580873012543,
                    0.9577906727790833
                ]
            ],
            [
                [
                    0.9894986748695374,
                    -0.10356876254081726,
                    -0.10082591325044632
                ],
                [
                    0.11728619784116745,
                    0.9829939603805542,
                    0.14130377769470215
                ],
                [
                    0.08447661250829697,
                    -0.15164539217948914,
                    0.9848183989524841
                ]
            ],
            [
                [
                    0.9774212837219238,
                    -0.18272645771503448,
                    0.10610716789960861
                ],
                [
                    0.14771288633346558,
                    0.9499596953392029,
                    0.27524086833000183
                ],
                [
                    -0.1510913074016571,
                    -0.2533528804779053,
                    0.9555018544197083
                ]
            ],
            [
                [
                    0.7496923804283142,
                    -0.6613613963127136,
                    -0.02371576428413391
                ],
                [
                    0.6589256525039673,
                    0.7493006587028503,
                    -0.06607168912887573
                ],
                [
                    0.061467498540878296,
                    0.033906515687704086,
                    0.9975329637527466
                ]
            ],
            [
                [
                    0.9994516968727112,
                    0.021040543913841248,
                    0.025561770424246788
                ],
                [
                    -0.028954338282346725,
                    0.9298987984657288,
                    0.36667412519454956
                ],
                [
                    -0.01605481468141079,
                    -0.36721327900886536,
                    0.9299981594085693
                ]
            ],
            [
                [
                    0.9003118872642517,
                    -0.43495485186576843,
                    0.015897953882813454
                ],
                [
                    0.4284089207649231,
                    0.8920278549194336,
                    0.14405576884746552
                ],
                [
                    -0.07683917135000229,
                    -0.12288429588079453,
                    0.9894418120384216
                ]
            ],
            [
                [
                    0.9384947419166565,
                    0.031632132828235626,
                    -0.34384170174598694
                ],
                [
                    -0.3019373118877411,
                    0.558279812335968,
                    -0.772759735584259
                ],
                [
                    0.167515829205513,
                    0.8290495276451111,
                    0.5334935784339905
                ]
            ],
            [
                [
                    0.909814715385437,
                    -0.35635533928871155,
                    -0.21271578967571259
                ],
                [
                    0.4139048457145691,
                    0.741672158241272,
                    0.5278307199478149
                ],
                [
                    -0.030329924076795578,
                    -0.5682722926139832,
                    0.8222814798355103
                ]
            ],
            [
                [
                    0.9376201629638672,
                    0.24252599477767944,
                    -0.2490973174571991
                ],
                [
                    -0.297437846660614,
                    0.9305450320243835,
                    -0.21358086168766022
                ],
                [
                    0.17999733984470367,
                    0.27434873580932617,
                    0.944634199142456
                ]
            ]
        ],
        "betas": [
            -0.033419400453567505,
            -0.08391579985618591,
            -0.03576546907424927,
            -0.016551166772842407,
            -0.021054238080978394,
            -0.04422209411859512,
            0.05502818524837494,
            -0.02230095863342285,
            -0.014384090900421143,
            -0.0697501003742218
        ]
    },
    "pred_cam_t": [
        -0.17007896304130554,
        -0.02685624733567238,
        7.615548610687256
    ],
    "focal_length": [
        5000.0,
        5000.0
    ],
    "pred_keypoints_3d": [
        [
            0.09589830040931702,
            0.00639132596552372,
            0.006211445666849613
        ],
        [
            0.130111426115036,
            -0.00940190814435482,
            0.014611302874982357
        ],
        [
            0.1604343056678772,
            -0.014215178787708282,
            0.01153323333710432
        ],
        [
            0.18586228787899017,
            -0.012340792454779148,
            0.002175401896238327
        ],
        [
            0.21685820817947388,
            -0.013111626729369164,
            -0.01662471517920494
        ],
        [
            0.17459917068481445,
            -0.017226703464984894,
            -0.03236926347017288
        ],
        [
            0.20396222174167633,
            -0.013571045361459255,
            -0.04711925610899925
        ],
        [
            0.2243119329214096,
            -0.005347931757569313,
            -0.050697244703769684
        ],
        [
            0.24461300671100616,
            0.006602900102734566,
            -0.04307675361633301
        ],
        [
            0.1718927025794983,
            0.00022968091070652008,
            -0.05034274980425835
        ],
        [
            0.19898010790348053,
            0.011096631176769733,
            -0.06292383372783661
        ],
        [
            0.21790175139904022,
            0.02473868802189827,
            -0.06333871930837631
        ],
        [
            0.23610492050647736,
            0.03989521786570549,
            -0.05358249694108963
        ],
        [
            0.15707576274871826,
            0.02242722176015377,
            -0.05248837172985077
        ],
        [
            0.18265031278133392,
            0.03474508225917816,
            -0.05820022523403168
        ],
        [
            0.20282314717769623,
            0.049260713160037994,
            -0.05926644057035446
        ],
        [
            0.22343987226486206,
            0.06321662664413452,
            -0.05370499938726425
        ],
        [
            0.14581608772277832,
            0.04084025323390961,
            -0.0490344874560833
        ],
        [
            0.16235841810703278,
            0.05392947793006897,
            -0.05092046782374382
        ],
        [
            0.1759057641029358,
            0.06711530685424805,
            -0.048959508538246155
        ],
        [
            0.19128161668777466,
            0.078292615711689,
            -0.04279002547264099
        ]
    ],
    "pred_vertices": [
        [
            0.14825643599033356,
            -0.00320397038012743,
            -0.004730284214019775
        ],
        [
            0.13981565833091736,
            -0.0004540625959634781,
            0.001809835433959961
        ],
        [
            0.14906905591487885,
            -0.0031992625445127487,
            0.0016726218163967133
        ],
        [
            0.15600503981113434,
            -0.0074371108785271645,
            -0.0035328008234500885
        ],
        [
            0.14272183179855347,
            0.0045966655015945435,
            0.019636932760477066
        ],
        [
            0.14121603965759277,
            -0.0019247159361839294,
            0.02981114387512207
        ],
        [
            0.1576889604330063,
            -0.004610581323504448,
            0.024176452308893204
        ],
        [
            0.15653672814369202,
            0.0024610310792922974,
            0.01687399297952652
        ],
        [
            0.16174913942813873,
            -0.011682556942105293,
            -0.0042702797800302505
        ],
        [
            0.15696576237678528,
            -0.005095832049846649,
            0.0015547983348369598
        ],
        [
            0.16176652908325195,
            -0.015246106311678886,
            -0.005611812695860863
        ],
        [
            0.16336169838905334,
            -0.024912765249609947,
            -0.01383405365049839
        ],
        [
            0.16525277495384216,
            -0.018414070829749107,
            -0.010961396619677544
        ],
        [
            0.16672764718532562,
            -0.027708077803254128,
            -0.0205887071788311
        ],
        [
            0.15395313501358032,
            -0.03034796006977558,
            -0.014762770384550095
        ],
        [
            0.16070224344730377,
            -0.02989707700908184,
            -0.02747221849858761
        ],
        [
            0.13434109091758728,
            -0.017773335799574852,
            -0.030315376818180084
        ],
        [
            0.12791402637958527,
            -0.006787441670894623,
            -0.035093244165182114
        ],
        [
            0.14130301773548126,
            -0.006485793273895979,
            -0.04551102593541145
        ],
        [
            0.14700978994369507,
            -0.017095055431127548,
            -0.03907690942287445
        ],
        [
            0.13041500747203827,
            0.011213740333914757,
            -0.04564223811030388
        ],
        [
            0.13708044588565826,
            0.0014716526493430138,
            -0.04635055363178253
        ],
        [
            0.12296856939792633,
            0.0006015514954924583,
            -0.03658526390790939
        ],
        [
            0.11782453209161758,
            0.009470999240875244,
            -0.036252446472644806
        ],
        [
            0.13721075654029846,
            0.007458502426743507,
            -0.007516525685787201
        ],
        [
            0.12869301438331604,
            0.009518897160887718,
            -0.0006330646574497223
        ],
        [
            0.1316162645816803,
            0.004723218269646168,
            0.00016673654317855835
        ],
        [
            0.14017353951931,
            0.00304357148706913,
            -0.006118882447481155
        ],
        [
            0.16482427716255188,
            -0.019555486738681793,
            -0.0004635397344827652
        ],
        [
            0.15459206700325012,
            -0.027158718556165695,
            0.0003169625997543335
        ],
        [
            0.1582321971654892,
            -0.02273411490023136,
            -0.004899227991700172
        ],
        [
            0.16601696610450745,
            -0.014146575704216957,
            -0.0015793703496456146
        ],
        [
            0.10971067100763321,
            0.02392863854765892,
            0.015627987682819366
        ],
        [
            0.09750422090291977,
            0.019932802766561508,
            0.019886557012796402
        ],
        [
            0.09923867136240005,
            0.014670010656118393,
            0.021960165351629257
        ],
        [
            0.1097879484295845,
            0.019210923463106155,
            0.017316285520792007
        ],
        [
            0.11566450446844101,
            0.0008233692497014999,
            0.031123094260692596
        ],
        [
            0.10428706556558609,
            -0.0009999964386224747,
            0.0297984816133976
        ],
        [
            0.09847470372915268,
            -0.013238680548965931,
            0.03122347593307495
        ],
        [
            0.10955888032913208,
            -0.014537826180458069,
            0.030841335654258728
        ],
        [
            0.12902367115020752,
            7.341243326663971e-05,
            0.03131738677620888
        ],
        [
            0.12414735555648804,
            -0.01285737007856369,
            0.03362490236759186
        ],
        [
            0.13900244235992432,
            -0.012905167415738106,
            0.032362520694732666
        ],
        [
            0.1569231152534485,
            -0.013681425713002682,
            0.026033418253064156
        ],
        [
            0.09212247282266617,
            0.029669631272554398,
            0.01345038041472435
        ],
        [
            0.10047274827957153,
            0.03430718183517456,
            0.009790703654289246
        ],
        [
            0.21106982231140137,
            -0.01110848132520914,
            -0.03817718103528023
        ],
        [
            0.20995764434337616,
            -0.005803871899843216,
            -0.0404728464782238
        ],
        [
            0.20545195043087006,
            -0.007043486461043358,
            -0.03788503259420395
        ],
        [
            0.20735348761081696,
            -0.012238029390573502,
            -0.0364309698343277
        ],
        [
            0.08662993460893631,
            0.03193242847919464,
            -0.0059346482157707214
        ],
        [
            0.08265285193920135,
            0.025659315288066864,
            -0.012797687202692032
        ],
        [
            0.07741490751504898,
            0.027106333523988724,
            -0.007913298904895782
        ],
        [
            0.08139830827713013,
            0.031328439712524414,
            -0.00048677995800971985
        ],
        [
            0.09363042563199997,
            0.03265977278351784,
            -0.013050906360149384
        ],
        [
            0.09041493386030197,
            0.02355550415813923,
            -0.018960878252983093
        ],
        [
            0.2112305462360382,
            -0.019820673391222954,
            -0.04743290692567825
        ],
        [
            0.21244162321090698,
            -0.01875593140721321,
            -0.042540568858385086
        ],
        [
            0.20767134428024292,
            -0.020659109577536583,
            -0.04197992384433746
        ],
        [
            0.2054981142282486,
            -0.02107638120651245,
            -0.04677753522992134
        ],
        [
            0.1627849042415619,
            -0.011611398309469223,
            -0.0092383474111557
        ],
        [
            0.15675665438175201,
            -0.004622460342943668,
            -0.00995471142232418
        ],
        [
            0.17596474289894104,
            -0.012257825583219528,
            -0.021422704681754112
        ],
        [
            0.16758979856967926,
            -0.0088771041482687,
            -0.017847400158643723
        ],
        [
            0.1687847375869751,
            -0.015354045666754246,
            -0.015109172090888023
        ],
        [
            0.1749613881111145,
            -0.018280597403645515,
            -0.019250810146331787
        ],
        [
            0.15343797206878662,
            0.009233349934220314,
            -0.02372773364186287
        ],
        [
            0.14429795742034912,
            0.009296247735619545,
            -0.01632676087319851
        ],
        [
            0.1482165902853012,
            0.0040895892307162285,
            -0.01521247811615467
        ],
        [
            0.1593116819858551,
            0.003072901628911495,
            -0.02211008593440056
        ],
        [
            0.13893219828605652,
            0.022251557558774948,
            -0.018397923558950424
        ],
        [
            0.14810112118721008,
            0.020888306200504303,
            -0.025835417211055756
        ],
        [
            0.14396293461322784,
            0.02837303653359413,
            -0.02612340822815895
        ],
        [
            0.13870447874069214,
            0.028541339561343193,
            -0.020121905952692032
        ],
        [
            0.16434942185878754,
            0.015532785095274448,
            -0.03782956674695015
        ],
        [
            0.1694079488515854,
            0.014562977477908134,
            -0.043228793889284134
        ],
        [
            0.16868704557418823,
            0.017972681671380997,
            -0.043525028973817825
        ],
        [
            0.16233378648757935,
            0.018395647406578064,
            -0.03843190521001816
        ],
        [
            0.0717729777097702,
            0.027545755729079247,
            -0.0036206915974617004
        ],
        [
            0.07651402801275253,
            0.029780913144350052,
            0.00470840185880661
        ],
        [
            0.12193037569522858,
            0.03119100257754326,
            -0.04357020556926727
        ],
        [
            0.11970335990190506,
            0.039696741849184036,
            -0.036727648228406906
        ],
        [
            0.12905709445476532,
            0.04290570691227913,
            -0.04473280534148216
        ],
        [
            0.12896248698234558,
            0.03279866278171539,
            -0.05057179555296898
        ],
        [
            0.08268309384584427,
            0.015948796644806862,
            -0.01651882380247116
        ],
        [
            0.07609734684228897,
            0.01860758848488331,
            -0.013157140463590622
        ],
        [
            0.20932623744010925,
            -0.01718994602560997,
            -0.0527072474360466
        ],
        [
            0.20338155329227448,
            -0.017821205779910088,
            -0.05132173001766205
        ],
        [
            0.1320052295923233,
            -0.02396712638437748,
            0.027217617258429527
        ],
        [
            0.15402275323867798,
            -0.0224342979490757,
            0.023118751123547554
        ],
        [
            0.11476144194602966,
            -0.023372309282422066,
            0.02637256309390068
        ],
        [
            0.10289396345615387,
            -0.02235313504934311,
            0.02385041117668152
        ],
        [
            0.0934365838766098,
            -0.022057626396417618,
            0.024358857423067093
        ],
        [
            0.16874149441719055,
            -0.00396518362686038,
            -0.02244819700717926
        ],
        [
            0.14895913004875183,
            0.0004293648526072502,
            -0.01055198535323143
        ],
        [
            0.13490846753120422,
            0.011883009225130081,
            -0.008562620729207993
        ],
        [
            0.12775453925132751,
            0.04117158055305481,
            -0.01491900160908699
        ],
        [
            0.12008894979953766,
            0.04110307991504669,
            -0.007645722478628159
        ],
        [
            0.12700171768665314,
            0.03304966911673546,
            -0.006464693695306778
        ],
        [
            0.13195237517356873,
            0.03447098284959793,
            -0.013547848910093307
        ],
        [
            0.12408283352851868,
            0.04578668624162674,
            -0.030180834233760834
        ],
        [
            0.1305304914712906,
            0.04502047598361969,
            -0.025559980422258377
        ],
        [
            0.13670167326927185,
            0.045312829315662384,
            -0.03162960708141327
        ],
        [
            0.1316673755645752,
            0.046923279762268066,
            -0.03707823157310486
        ],
        [
            0.16617043316364288,
            -0.024993393570184708,
            0.0044401176273822784
        ],
        [
            0.15227855741977692,
            -0.030335109680891037,
            0.006531404331326485
        ],
        [
            0.09223518520593643,
            0.035132311284542084,
            0.002496279776096344
        ],
        [
            0.08732032775878906,
            0.03205447271466255,
            0.007751822471618652
        ],
        [
            0.08019529283046722,
            0.0293707437813282,
            0.011540837585926056
        ],
        [
            0.11981204152107239,
            0.015997331589460373,
            0.008730236440896988
        ],
        [
            0.10993470996618271,
            0.016008278355002403,
            0.018702339380979538
        ],
        [
            0.11233048141002655,
            0.012686584144830704,
            0.020471706986427307
        ],
        [
            0.12045446038246155,
            0.012700230814516544,
            0.008892588317394257
        ],
        [
            0.13373064994812012,
            0.005014883354306221,
            0.00980570912361145
        ],
        [
            0.1283303052186966,
            0.007281646132469177,
            0.02167709916830063
        ],
        [
            0.14517666399478912,
            0.003742821514606476,
            0.007947608828544617
        ],
        [
            0.10028482228517532,
            0.007578112185001373,
            0.025906402617692947
        ],
        [
            0.09061802923679352,
            0.012764133512973785,
            0.027238022536039352
        ],
        [
            0.09239677339792252,
            0.004545342177152634,
            0.03014439344406128
        ],
        [
            0.08701697736978531,
            0.020616773515939713,
            0.022591445595026016
        ],
        [
            0.08345145732164383,
            0.02678975835442543,
            0.017234835773706436
        ],
        [
            0.06782171875238419,
            0.01915920339524746,
            -0.011178933084011078
        ],
        [
            0.09411182999610901,
            -0.0035446295514702797,
            0.03120999038219452
        ],
        [
            0.1656941920518875,
            -0.0009501632302999496,
            0.014723427593708038
        ],
        [
            0.173594132065773,
            -0.0037594614550471306,
            0.012383945286273956
        ],
        [
            0.17063689231872559,
            -0.002610722789540887,
            0.005683038383722305
        ],
        [
            0.16334393620491028,
            -0.0004593227058649063,
            0.0069933198392391205
        ],
        [
            0.17251893877983093,
            -0.028786486014723778,
            -0.027793999761343002
        ],
        [
            0.17521582543849945,
            -0.02407498098909855,
            -0.02189701423048973
        ],
        [
            0.16851086914539337,
            -0.022719640284776688,
            -0.015375044196844101
        ],
        [
            0.11644767224788666,
            0.028886523097753525,
            0.007492385804653168
        ],
        [
            0.1083935797214508,
            0.03759823739528656,
            0.0030928291380405426
        ],
        [
            0.17705760896205902,
            -0.007773065939545631,
            -0.026392456144094467
        ],
        [
            0.20055560767650604,
            -0.022494032979011536,
            -0.04687625542283058
        ],
        [
            0.20270779728889465,
            -0.022445116192102432,
            -0.041405387222766876
        ],
        [
            0.18637773394584656,
            -0.02625012956559658,
            -0.034810733050107956
        ],
        [
            0.18473698198795319,
            -0.02623935602605343,
            -0.04141462966799736
        ],
        [
            0.18070979416370392,
            -0.0067690289579331875,
            -0.03697725757956505
        ],
        [
            0.18085335195064545,
            -0.008054371923208237,
            -0.03012133575975895
        ],
        [
            0.18269598484039307,
            -0.008007836528122425,
            -0.032611094415187836
        ],
        [
            0.18336546421051025,
            -0.005380961112678051,
            -0.038519177585840225
        ],
        [
            0.16262856125831604,
            0.025036046281456947,
            -0.0424143448472023
        ],
        [
            0.15730591118335724,
            0.025354335084557533,
            -0.03809346258640289
        ],
        [
            0.1611923724412918,
            -0.01391289010643959,
            -0.04589493200182915
        ],
        [
            0.16190242767333984,
            -0.02648048847913742,
            -0.040932796895504
        ],
        [
            0.15230707824230194,
            -0.026343440636992455,
            -0.03361712023615837
        ],
        [
            0.14960388839244843,
            0.015586566179990768,
            -0.024668006226420403
        ],
        [
            0.15754781663417816,
            0.01625138521194458,
            -0.031551748514175415
        ],
        [
            0.15561018884181976,
            0.019772116094827652,
            -0.032467059791088104
        ],
        [
            0.17024803161621094,
            -0.0017224573530256748,
            -0.026569876819849014
        ],
        [
            0.1763964146375656,
            -0.0039023784920573235,
            -0.031097212806344032
        ],
        [
            0.1723397672176361,
            -0.00022825272753834724,
            -0.03188106790184975
        ],
        [
            0.16652022302150726,
            0.002234090119600296,
            -0.027730025351047516
        ],
        [
            0.10932344198226929,
            0.03724321350455284,
            -0.02907324954867363
        ],
        [
            0.11442740261554718,
            0.04468186944723129,
            -0.021666526794433594
        ],
        [
            0.21218407154083252,
            -0.01567155122756958,
            -0.03905107453465462
        ],
        [
            0.2080461084842682,
            -0.017306730151176453,
            -0.03799053281545639
        ],
        [
            0.14074133336544037,
            0.015516306273639202,
            -0.017370548099279404
        ],
        [
            0.14105826616287231,
            -0.025188254192471504,
            -0.02444690465927124
        ],
        [
            0.13260792195796967,
            0.016816172748804092,
            -0.009412508457899094
        ],
        [
            0.1460196077823639,
            0.02411186695098877,
            -0.054138876497745514
        ],
        [
            0.1499888151884079,
            0.03089979477226734,
            -0.05037111043930054
        ],
        [
            0.15512904524803162,
            0.03037341870367527,
            -0.05210654437541962
        ],
        [
            0.1539645493030548,
            0.026101339608430862,
            -0.056680887937545776
        ],
        [
            0.19652841985225677,
            -0.0032242671586573124,
            -0.0455358624458313
        ],
        [
            0.19909414649009705,
            -0.003713054582476616,
            -0.04037633165717125
        ],
        [
            0.20335310697555542,
            -0.002895694226026535,
            -0.04206201806664467
        ],
        [
            0.20139415562152863,
            -0.0026053516194224358,
            -0.04747312515974045
        ],
        [
            0.18128526210784912,
            -0.012262409552931786,
            -0.025996599346399307
        ],
        [
            0.1810808926820755,
            -0.01828727126121521,
            -0.023651467636227608
        ],
        [
            0.18632973730564117,
            -0.016851194202899933,
            -0.027294905856251717
        ],
        [
            0.18489770591259003,
            -0.011588327586650848,
            -0.02966136857867241
        ],
        [
            0.18124498426914215,
            -0.02405063435435295,
            -0.026748035103082657
        ],
        [
            0.18669457733631134,
            -0.02276730351150036,
            -0.029576370492577553
        ],
        [
            0.195041686296463,
            -0.006786894518882036,
            -0.050739631056785583
        ],
        [
            0.19552896916866302,
            -0.013821661472320557,
            -0.05334341526031494
        ],
        [
            0.1812586635351181,
            -0.015433188527822495,
            -0.048794060945510864
        ],
        [
            0.1835840344429016,
            -0.008472573012113571,
            -0.04545857757329941
        ],
        [
            0.10512624680995941,
            0.007176465354859829,
            -0.028275340795516968
        ],
        [
            0.1016903817653656,
            0.017805032432079315,
            -0.02830694057047367
        ],
        [
            0.11416776478290558,
            0.020351797342300415,
            -0.03640386462211609
        ],
        [
            0.12570299208164215,
            0.02289842814207077,
            -0.04532785341143608
        ],
        [
            0.13749836385250092,
            0.024714209139347076,
            -0.05252203345298767
        ],
        [
            0.14031723141670227,
            0.01280358899384737,
            -0.05450742691755295
        ],
        [
            0.11098209023475647,
            0.027757395058870316,
            -0.03496535122394562
        ],
        [
            0.17404021322727203,
            -0.007640758529305458,
            -0.043620992451906204
        ],
        [
            0.17075678706169128,
            -0.016223754733800888,
            -0.045147854834795
        ],
        [
            0.16866829991340637,
            -0.011022195219993591,
            -0.04647889360785484
        ],
        [
            0.1311078667640686,
            0.024112561717629433,
            -0.009957868605852127
        ],
        [
            0.2033918797969818,
            -0.01960398256778717,
            -0.03707396239042282
        ],
        [
            0.09119708836078644,
            -0.02186594158411026,
            0.0021240636706352234
        ],
        [
            0.08556301146745682,
            -0.013265714049339294,
            -0.006878931075334549
        ],
        [
            0.09379830211400986,
            -0.014404858462512493,
            -0.009642086923122406
        ],
        [
            0.10072514414787292,
            -0.0235874205827713,
            0.0011965595185756683
        ],
        [
            0.2014586627483368,
            -0.008169866167008877,
            -0.035721853375434875
        ],
        [
            0.20319071412086487,
            -0.014006322249770164,
            -0.03421586751937866
        ],
        [
            0.1555720865726471,
            0.03144889324903488,
            -0.039896491914987564
        ],
        [
            0.16020584106445312,
            0.030089082196354866,
            -0.04391181096434593
        ],
        [
            0.15902835130691528,
            0.032394155859947205,
            -0.047052934765815735
        ],
        [
            0.15567952394485474,
            0.03643123060464859,
            -0.042968012392520905
        ],
        [
            0.0993398129940033,
            0.023091092705726624,
            -0.026798103004693985
        ],
        [
            0.13581563532352448,
            0.04581690579652786,
            -0.04759170860052109
        ],
        [
            0.13569799065589905,
            0.036577269434928894,
            -0.05349385738372803
        ],
        [
            0.09094727784395218,
            0.015171593055129051,
            -0.021222814917564392
        ],
        [
            0.09346312284469604,
            0.005701674148440361,
            -0.021636387333273888
        ],
        [
            0.08489315956830978,
            0.005190522409975529,
            -0.01698976755142212
        ],
        [
            0.15233999490737915,
            0.00312951672822237,
            -0.0540497861802578
        ],
        [
            0.10981982946395874,
            -0.0001347893849015236,
            -0.02862497605383396
        ],
        [
            0.09740979969501495,
            -0.0008660140447318554,
            -0.021069101989269257
        ],
        [
            0.08734093606472015,
            -0.0017928541637957096,
            -0.015502072870731354
        ],
        [
            0.07965922355651855,
            -0.002070989925414324,
            -0.012225020676851273
        ],
        [
            0.07782933115959167,
            0.005673691630363464,
            -0.014069203287363052
        ],
        [
            0.19796495139598846,
            -0.018663272261619568,
            -0.051148172467947006
        ],
        [
            0.201401486992836,
            -0.012348896823823452,
            -0.05452999472618103
        ],
        [
            0.06894030421972275,
            0.0058683473616838455,
            -0.012125711888074875
        ],
        [
            0.07167874276638031,
            -0.002644667401909828,
            -0.009572818875312805
        ],
        [
            0.10191553086042404,
            -0.008633590303361416,
            -0.018975354731082916
        ],
        [
            0.10797431319952011,
            -0.01758965663611889,
            -0.014723535627126694
        ],
        [
            0.11384539306163788,
            -0.007492274045944214,
            -0.026203785091638565
        ],
        [
            0.12066712975502014,
            -0.016344860196113586,
            -0.02299996092915535
        ],
        [
            0.15157556533813477,
            -0.007510543800890446,
            -0.05276229977607727
        ],
        [
            0.21802127361297607,
            -0.004352173767983913,
            -0.05759095028042793
        ],
        [
            0.20709994435310364,
            -0.006006420589983463,
            -0.05522017925977707
        ],
        [
            0.20696337521076202,
            -0.002387763001024723,
            -0.05067487433552742
        ],
        [
            0.21716324985027313,
            -0.0009055910632014275,
            -0.05522903800010681
        ],
        [
            0.20050418376922607,
            -0.005977002438157797,
            -0.052267886698246
        ],
        [
            0.2074940800666809,
            -0.011690238490700722,
            -0.0559503547847271
        ],
        [
            0.12900882959365845,
            -0.025447264313697815,
            -0.014342255890369415
        ],
        [
            0.17718301713466644,
            -0.001815160270780325,
            -0.037091225385665894
        ],
        [
            0.11757218837738037,
            -0.02676713839173317,
            -0.0014474429190158844
        ],
        [
            0.14284124970436096,
            -0.032252173870801926,
            -0.0072791967540979385
        ],
        [
            0.1360534280538559,
            -0.03183087334036827,
            0.004088602960109711
        ],
        [
            0.10766403377056122,
            -0.027834653854370117,
            0.013320710510015488
        ],
        [
            0.12528526782989502,
            -0.030676444992423058,
            0.0162288136780262
        ],
        [
            0.08889597654342651,
            -0.024403229355812073,
            0.014257080852985382
        ],
        [
            0.09766895323991776,
