{
    "pred_cam": [
        5.711472034454346,
        0.16222251951694489,
        -0.03605055809020996
    ],
    "pred_mano_params": {
        "global_orient": [
            [
                [
                    -0.8056952953338623,
                    -0.4943971335887909,
                    0.32623085379600525
                ],
                [
                    -0.013329874724149704,
                    -0.5354852676391602,
                    -0.8444393277168274
                ],
                [
                    0.5921801924705505,
                    -0.6847094297409058,
                    0.42484772205352783
                ]
            ]
        ],
        "hand_pose": [
            [
                [
                    0.8446471691131592,
                    -0.5058669447898865,
                    -0.17512771487236023
                ],
                [
                    0.4967871904373169,
                    0.8625889420509338,
                    -0.09561801701784134
                ],
                [
                    0.19943323731422424,
                    -0.006237713620066643,
                    0.9798915386199951
                ]
            ],
            [
                [
                    0.9812426567077637,
                    -0.175766259431839,
                    0.07917708158493042
                ],
                [
                    0.1878957599401474,
                    0.9638437628746033,
                    -0.18894533812999725
                ],
                [
                    -0.043104127049446106,
                    0.20027828216552734,
                    0.9787903428077698
                ]
            ],
            [
                [
                    0.8996257185935974,
                    -0.414601594209671,
                    0.13703696429729462
                ],
                [
                    0.3894621431827545,
                    0.9037652015686035,
                    0.17756007611751556
                ],
                [
                    -0.1974659264087677,
                    -0.10636688023805618,
                    0.974522054195404
                ]
            ],
            [
                [
                    0.9767389893531799,
                    -0.21437737345695496,
                    -0.004834451712667942
                ],
                [
                    0.21226225793361664,
                    0.9698097109794617,
                    -0.12005804479122162
                ],
                [
                    0.03042622096836567,
                    0.11623919010162354,
                    0.9927551746368408
                ]
            ],
            [
                [
                    0.7259100079536438,
                    -0.6485147476196289,
                    -0.22909238934516907
                ],
                [
                    0.6870250105857849,
                    0.6993992924690247,
                    0.1970716118812561
                ],
                [
                    0.032423220574855804,
                    -0.300448477268219,
                    0.9532467722892761
                ]
            ],
            [
                [
                    0.7291644811630249,
                    -0.6823874711990356,
                    0.051637083292007446
                ],
                [
                    0.6824946999549866,
                    0.7306619882583618,
                    0.018275611102581024
                ],
                [
                    -0.05020030587911606,
                    0.021916110068559647,
                    0.9984986186027527
                ]
            ],
            [
                [
                    0.7169752717018127,
                    -0.6968618035316467,
                    -0.01816888153553009
                ],
                [
                    0.6676318645477295,
                    0.6789373159408569,
                    0.3054697513580322
                ],
                [
                    -0.2005346566438675,
                    -0.23114436864852905,
                    0.9520283937454224
                ]
            ],
            [
                [
                    0.9832728505134583,
                    -0.1329030692577362,
                    -0.12454438209533691
                ],
                [
                    0.12848101556301117,
                    0.9907824993133545,
                    -0.0429258719086647
                ],
                [
                    0.12910138070583344,
                    0.026206260547041893,
                    0.9912850260734558
                ]
            ],
            [
                [
                    0.9991946220397949,
                    -0.024388359859585762,
                    0.031863853335380554
                ],
                [
                    0.008522720076143742,
                    0.9049663543701172,
                    0.4253977835178375
                ],
                [
                    -0.0392104797065258,
                    -0.4247836172580719,
                    0.9044453501701355
                ]
            ],
            [
                [
                    0.7796575427055359,
                    -0.6160845756530762,
                    -0.11213335394859314
                ],
                [
                    0.6123245358467102,
                    0.7875468134880066,
                    -0.06948895007371902
                ],
                [
                    0.13112133741378784,
                    -0.014484414830803871,
                    0.9912605285644531
                ]
            ],
            [
                [
                    0.985876739025116,
                    -0.15512672066688538,
                    -0.06310772895812988
                ],
                [
                    0.1674681156873703,
                    0.9106205105781555,
                    0.377789169549942
                ],
                [
                    -0.0011379814241081476,
                    -0.38302215933799744,
                    0.9237383604049683
                ]
            ],
            [
                [
                    0.8829164505004883,
                    -0.46945610642433167,
                    0.008332070894539356
                ],
                [
                    0.46253880858421326,
                    0.8726840019226074,
                    0.15646256506443024
                ],
                [
                    -0.08072356879711151,
                    -0.1342894732952118,
                    0.9876487255096436
                ]
            ],
            [
                [
                    0.922302782535553,
                    -0.14941397309303284,
                    -0.3564169108867645
                ],
                [
                    -0.24573540687561035,
                    0.48507028818130493,
                    -0.8392382264137268
                ],
                [
                    0.2982812225818634,
                    0.8616160154342651,
                    0.410665363073349
                ]
            ],
            [
                [
                    0.8859460949897766,
                    -0.3239416480064392,
                    -0.3319054841995239
                ],
                [
                    0.45741504430770874,
                    0.7285329699516296,
                    0.50991290807724
                ],
                [
                    0.07662204653024673,
                    -0.6035739183425903,
                    0.7936167120933533
                ]
            ],
            [
                [
                    0.9540053009986877,
                    0.19301089644432068,
                    -0.2293918877840042
                ],
                [
                    -0.2595427632331848,
                    0.9147043228149414,
                    -0.309763640165329
                ],
                [
                    0.1500380039215088,
                    0.355053186416626,
                    0.9227273464202881
                ]
            ]
        ],
        "betas": [
            -0.03301191329956055,
            -0.06927001476287842,
            -0.08147841691970825,
            -0.0325944721698761,
            0.0129128098487854,
            -0.04726100713014603,
            0.004579663276672363,
            -0.023991495370864868,
            -0.05948445200920105,
            -0.08074638247489929
        ]
    },
    "pred_cam_t": [
        -0.16222251951694489,
        -0.03605055809020996,
        6.8393049240112305
    ],
    "focal_length": [
        5000.0,
        5000.0
    ],
    "pred_keypoints_3d": [
        [
            0.09593913704156876,
            0.006405418738722801,
            0.00621051387861371
        ],
        [
            0.13151100277900696,
            -0.006755557842552662,
            0.013534734025597572
        ],
        [
            0.161848247051239,
            -0.0024243704974651337,
            0.009665700607001781
        ],
        [
            0.18370720744132996,
            0.008639464154839516,
            -0.0021121399477124214
        ],
        [
            0.21067550778388977,
            0.02247903123497963,
            -0.02201421931385994
        ],
        [
            0.1763688623905182,
            -0.007059700787067413,
            -0.033729322254657745
        ],
        [
            0.20563393831253052,
            0.003996730782091618,
            -0.04451064392924309
        ],
        [
            0.22462032735347748,
            0.015613268129527569,
            -0.04473479837179184
        ],
        [
            0.24415485560894012,
            0.028271127492189407,
            -0.03595559298992157
        ],
        [
            0.1720016598701477,
            0.011334688402712345,
            -0.05038192495703697
        ],
        [
            0.19690372049808502,
            0.019269824028015137,
            -0.06848974525928497
        ],
        [
            0.2131723165512085,
            0.03547368571162224,
            -0.06428150832653046
        ],
        [
            0.2245216816663742,
            0.050388675183057785,
            -0.04716367647051811
        ],
        [
            0.15522044897079468,
            0.03216630965471268,
            -0.05094621330499649
        ],
        [
            0.17838823795318604,
            0.04816295579075813,
            -0.057725388556718826
        ],
        [
            0.1946997344493866,
            0.06676249951124191,
            -0.05485156923532486
        ],
        [
            0.21100319921970367,
            0.08343259990215302,
            -0.04461156576871872
        ],
        [
            0.1423686444759369,
            0.04917074739933014,
            -0.046198926866054535
        ],
        [
            0.15682527422904968,
            0.0646515041589737,
            -0.046581026166677475
        ],
        [
            0.1682351678609848,
            0.07979030907154083,
            -0.0449284203350544
        ],
        [
            0.1823950707912445,
            0.09560427069664001,
            -0.03982340544462204
        ]
    ],
    "pred_vertices": [
        [
            0.14868247509002686,
            0.0029080226086080074,
            -0.005261063575744629
        ],
        [
            0.13943737745285034,
            0.00448701111599803,
            0.0015322081744670868
        ],
        [
            0.14816723763942719,
            0.004181421361863613,
            0.001222614198923111
        ],
        [
            0.15640482306480408,
            0.00013027526438236237,
            -0.004333380609750748
        ],
        [
            0.14046920835971832,
            0.009918716736137867,
            0.019839461892843246
        ],
        [
            0.14067959785461426,
            0.002352059818804264,
            0.02934153378009796
        ],
        [
            0.15722458064556122,
            0.004421777557581663,
            0.023228805512189865
        ],
        [
            0.15403908491134644,
            0.011781281791627407,
            0.016861863434314728
        ],
        [
            0.16195306181907654,
            -0.0022565233521163464,
            -0.005305422469973564
        ],
        [
            0.15575459599494934,
            0.004408321343362331,
            0.001014847308397293
        ],
        [
            0.16162452101707458,
            -0.0041711414232850075,
            -0.006903156638145447
        ],
        [
            0.1656016707420349,
            -0.015164191834628582,
            -0.015979411080479622
        ],
        [
            0.16683733463287354,
            -0.009336834773421288,
            -0.012552745640277863
        ],
        [
            0.1695738136768341,
            -0.01808115467429161,
            -0.02292417362332344
        ],
        [
            0.15722787380218506,
            -0.021573740988969803,
            -0.01737651415169239
        ],
        [
            0.1640799343585968,
            -0.020555786788463593,
            -0.03010665252804756
        ],
        [
            0.13641175627708435,
            -0.011368915438652039,
            -0.03174823522567749
        ],
        [
            0.12886077165603638,
            -0.0007636938244104385,
            -0.03567524999380112
        ],
        [
            0.1420430988073349,
            0.001593233086168766,
            -0.045580048114061356
        ],
        [
            0.1488427370786667,
            -0.00885912124067545,
            -0.04019024968147278
        ],
        [
            0.1296640932559967,
            0.018044400960206985,
            -0.04478415101766586
        ],
        [
            0.13715755939483643,
            0.00907776691019535,
            -0.04604081064462662
        ],
        [
            0.12326250970363617,
            0.0061973463743925095,
            -0.03665830194950104
        ],
        [
            0.11734414845705032,
            0.014498388394713402,
            -0.03574206680059433
        ],
        [
            0.13694562017917633,
            0.012200485914945602,
            -0.00728912279009819
        ],
        [
            0.1282503306865692,
            0.012786075472831726,
            -0.0002773851156234741
        ],
        [
            0.1314171403646469,
            0.00821601040661335,
            0.00020660832524299622
        ],
        [
            0.14025668799877167,
            0.008044147863984108,
            -0.006211373955011368
        ],
        [
            0.16548390686511993,
            -0.005267731845378876,
            -0.0032791905105113983
        ],
        [
            0.15750347077846527,
            -0.017188288271427155,
            -0.0023141466081142426
        ],
        [
            0.15970966219902039,
            -0.011937180534005165,
            -0.006987100467085838
        ],
        [
            0.16503381729125977,
            0.0002674683928489685,
            -0.0035862047225236893
        ],
        [
            0.10809462517499924,
            0.02435840107500553,
            0.016904249787330627
        ],
        [
            0.09630490839481354,
            0.01899319887161255,
            0.020794246345758438
        ],
        [
            0.09849602729082108,
            0.013726489618420601,
            0.02249062806367874
        ],
        [
            0.10858869552612305,
            0.019431814551353455,
            0.018291551619768143
        ],
        [
            0.11588066816329956,
            0.0007682805880904198,
            0.03068164363503456
        ],
        [
            0.10501055419445038,
            -0.0021223314106464386,
            0.029214665293693542
        ],
        [
            0.10053623467683792,
            -0.014658311381936073,
            0.029718324542045593
        ],
        [
            0.11188039183616638,
            -0.014718216843903065,
            0.029366329312324524
        ],
        [
            0.12866947054862976,
            0.0018448960036039352,
            0.030950330197811127
        ],
        [
            0.12619292736053467,
            -0.011500474065542221,
            0.03220982104539871
        ],
        [
            0.14110863208770752,
            -0.008973062969744205,
            0.030811037868261337
        ],
        [
            0.1590929478406906,
            -0.004633808508515358,
            0.023799560964107513
        ],
        [
            0.09005578607320786,
            0.0286259762942791,
            0.01504199206829071
        ],
        [
            0.09795039892196655,
            0.03424757346510887,
            0.01178048923611641
        ],
        [
            0.21154969930648804,
            0.005849153734743595,
            -0.03484504669904709
        ],
        [
            0.20973752439022064,
            0.01120790559798479,
            -0.03631368651986122
        ],
        [
            0.20532795786857605,
            0.008968944661319256,
            -0.03472743183374405
        ],
        [
            0.20797860622406006,
            0.003919529728591442,
            -0.033877599984407425
        ],
        [
            0.08434934169054031,
            0.03174220770597458,
            -0.004113182425498962
        ],
        [
            0.08093790709972382,
            0.025648565962910652,
            -0.011412348598241806
        ],
        [
            0.07559612393379211,
            0.026247236877679825,
            -0.006463866680860519
        ],
        [
            0.07919957488775253,
            0.030267398804426193,
            0.0012376755475997925
        ],
        [
            0.09124769270420074,
            0.03362195938825607,
            -0.011105671525001526
        ],
        [
            0.0888509750366211,
            0.024714171886444092,
            -0.01766723021864891
        ],
        [
            0.21414095163345337,
            -0.0009165005758404732,
            -0.045306090265512466
        ],
        [
            0.21467489004135132,
            -0.0005368674173951149,
            -0.04021771252155304
        ],
        [
            0.2104141116142273,
            -0.003280120901763439,
            -0.04057488590478897
        ],
        [
            0.2089809775352478,
            -0.0031996681354939938,
            -0.04559220373630524
        ],
        [
            0.16394834220409393,
            -0.0036379732191562653,
            -0.010329565033316612
        ],
        [
            0.1574239283800125,
            0.0024213935248553753,
            -0.010551363229751587
        ],
        [
            0.17668993771076202,
            -0.0028269391041249037,
            -0.022130068391561508
        ],
        [
            0.16857559978961945,
            -0.0004588593728840351,
            -0.01867605373263359
        ],
        [
            0.17026366293430328,
            -0.006814821623265743,
            -0.016447506844997406
        ],
        [
            0.17641709744930267,
            -0.008870918303728104,
            -0.02047380805015564
        ],
        [
            0.15294446051120758,
            0.016642194241285324,
            -0.023253250867128372
        ],
        [
            0.1438225507736206,
            0.015315881930291653,
            -0.015912475064396858
        ],
        [
            0.1482028365135193,
            0.010442530736327171,
            -0.015165764838457108
        ],
        [
            0.15935201942920685,
            0.01094769686460495,
            -0.02207711897790432
        ],
        [
            0.13730958104133606,
            0.02784094214439392,
            -0.017017018049955368
        ],
        [
            0.14656265079975128,
            0.02786465361714363,
            -0.024504266679286957
        ],
        [
            0.141785129904747,
            0.03492867201566696,
            -0.024198219180107117
        ],
        [
            0.13652659952640533,
            0.03418685123324394,
            -0.018249578773975372
        ],
        [
            0.16368159651756287,
            0.025286758318543434,
            -0.037091564387083054
        ],
        [
            0.1691461205482483,
            0.02512015402317047,
            -0.043656378984451294
        ],
        [
            0.16768872737884521,
            0.028254032135009766,
            -0.04339472949504852
        ],
        [
            0.1612308770418167,
            0.027688197791576385,
            -0.03746914118528366
        ],
        [
            0.06993632763624191,
            0.02585650235414505,
            -0.0021842680871486664
        ],
        [
            0.07448183000087738,
            0.027903564274311066,
            0.006281726062297821
        ],
        [
            0.11954645812511444,
            0.03697916865348816,
            -0.04124974459409714
        ],
        [
            0.11662069708108902,
            0.044660940766334534,
            -0.03382285311818123
        ],
        [
            0.1256558895111084,
            0.04929408058524132,
            -0.041135698556900024
        ],
        [
            0.12638872861862183,
            0.03979960083961487,
            -0.04779729247093201
        ],
        [
            0.0818331390619278,
            0.016283225268125534,
            -0.01581253483891487
        ],
        [
            0.07503795623779297,
            0.01807296648621559,
            -0.012293379753828049
        ],
        [
            0.2123352438211441,
            0.0022569429129362106,
            -0.05026819929480553
        ],
        [
            0.20685040950775146,
            0.00041871098801493645,
            -0.049883194267749786
        ],
        [
            0.1362369954586029,
            -0.02076050080358982,
            0.02475723996758461
        ],
        [
            0.1581781506538391,
            -0.013511188328266144,
            0.02006971836090088
        ],
        [
            0.1185159832239151,
            -0.02287597954273224,
            0.024204730987548828
        ],
        [
            0.10620123893022537,
            -0.02298014983534813,
            0.021735232323408127
        ],
        [
            0.09647389501333237,
            -0.02347405254840851,
            0.022209711372852325
        ],
        [
            0.16920219361782074,
            0.004729581996798515,
            -0.022928111255168915
        ],
        [
            0.14925430715084076,
            0.006612912751734257,
            -0.010794416069984436
        ],
        [
            0.13424812257289886,
            0.01645585708320141,
            -0.008016232401132584
        ],
        [
            0.12448994815349579,
            0.04534287378191948,
            -0.012153789401054382
        ],
        [
            0.11686161160469055,
            0.044045012444257736,
            -0.004963848739862442
        ],
        [
            0.12447752058506012,
            0.036618299782276154,
            -0.004368126392364502
        ],
        [
            0.12927034497261047,
            0.03898484259843826,
            -0.011285211890935898
        ],
        [
            0.12043456733226776,
            0.0506461039185524,
            -0.026844564825296402
        ],
        [
            0.1269102245569229,
            0.050154704600572586,
            -0.022324252873659134
        ],
        [
            0.133087158203125,
            0.051380954682826996,
            -0.028060436248779297
        ],
        [
            0.1279391050338745,
            0.052908867597579956,
            -0.03324424475431442
        ],
        [
            0.16883507370948792,
            -0.010430041700601578,
            0.0004731081426143646
        ],
        [
            0.15647408366203308,
            -0.021078847348690033,
            0.0033717602491378784
        ],
        [
            0.08965880423784256,
            0.03483303263783455,
            0.004533745348453522
        ],
        [
            0.08504834026098251,
            0.03095535933971405,
            0.009521771222352982
        ],
        [
            0.07819931209087372,
            0.027363033965229988,
            0.013071980327367783
        ],
        [
            0.11881774663925171,
            0.017617687582969666,
            0.009534820914268494
        ],
        [
            0.1090049147605896,
            0.01601601578295231,
            0.019464358687400818
        ],
        [
            0.11158507317304611,
            0.012617610394954681,
            0.020985499024391174
        ],
        [
            0.11964438110589981,
            0.01414461899548769,
            0.009487900882959366
        ],
        [
            0.13201722502708435,
            0.008543160744011402,
            0.010070748627185822
        ],
        [
            0.12674455344676971,
            0.009114013984799385,
            0.022050343453884125
        ],
        [
            0.1425655484199524,
            0.010547012090682983,
            0.008157484233379364
        ],
        [
            0.10019326210021973,
            0.006373908370733261,
            0.025891143828630447
        ],
        [
            0.09008431434631348,
            0.010686438530683517,
            0.02754988893866539
        ],
        [
            0.09262698888778687,
            0.0024541218299418688,
            0.029840953648090363
        ],
        [
            0.08578895032405853,
            0.018503041937947273,
            0.02347991243004799
        ],
        [
            0.08168249577283859,
            0.024703143164515495,
            0.018580012023448944
        ],
        [
            0.06673845648765564,
            0.017718303948640823,
            -0.010325029492378235
        ],
        [
            0.09512487053871155,
            -0.0054601458832621574,
            0.030353832989931107
        ],
        [
            0.16337302327156067,
            0.011313149705529213,
            0.014096610248088837
        ],
        [
            0.17100279033184052,
            0.011467309668660164,
            0.010693270713090897
        ],
        [
            0.16704803705215454,
            0.012550972402095795,
            0.0046950168907642365
        ],
        [
            0.16039681434631348,
            0.011901702731847763,
            0.006815183907747269
        ],
        [
            0.17566241323947906,
            -0.018240876495838165,
            -0.02978980354964733
        ],
        [
            0.17743368446826935,
            -0.014001932926476002,
            -0.023443374782800674
        ],
        [
            0.17067131400108337,
            -0.013608741573989391,
            -0.017287328839302063
        ],
        [
            0.11434801667928696,
            0.030509144067764282,
            0.009174887090921402
        ],
        [
            0.105543352663517,
            0.03872567415237427,
            0.005403626710176468
        ],
        [
            0.17724677920341492,
            0.002115251263603568,
            -0.02664652094244957
        ],
        [
            0.2042102813720703,
            -0.005346356891095638,
            -0.046005766838788986
        ],
        [
            0.20575051009655,
            -0.005750933196395636,
            -0.04039622098207474
        ],
        [
            0.18937206268310547,
            -0.013178374618291855,
            -0.035086359828710556
        ],
        [
            0.1882937252521515,
            -0.01266531553119421,
            -0.04183731973171234
        ],
        [
            0.18102090060710907,
            0.00473023159429431,
            -0.036781854927539825
        ],
        [
            0.18069329857826233,
            0.00292788608931005,
            -0.029690362513065338
        ],
        [
            0.18244405090808868,
            0.0037024482153356075,
            -0.03175024688243866
        ],
        [
            0.1831200271844864,
            0.007067824713885784,
            -0.03732336312532425
        ],
        [
            0.16088396310806274,
            0.034384675323963165,
            -0.041193339973688126
        ],
        [
            0.15556809306144714,
            0.03394324332475662,
            -0.0364435538649559
        ],
        [
            0.1626105010509491,
            -0.003786243498325348,
            -0.04658305644989014
        ],
        [
            0.16504740715026855,
            -0.016580142080783844,
            -0.04319687932729721
        ],
        [
            0.1552887111902237,
            -0.01773756742477417,
            -0.03583139926195145
        ],
        [
            0.14854201674461365,
            0.022661691531538963,
            -0.02373691461980343
        ],
        [
            0.15647576749324799,
            0.024617109447717667,
            -0.03054140694439411
        ],
        [
            0.1542050838470459,
            0.02794051542878151,
            -0.031211720779538155
        ],
        [
            0.17053751647472382,
            0.007454489823430777,
            -0.02686600387096405
        ],
        [
            0.17654383182525635,
            0.006271143909543753,
            -0.03130381181836128
        ],
        [
            0.17283093929290771,
            0.00983982253819704,
            -0.03214462473988533
        ],
        [
            0.16665460169315338,
            0.011258493177592754,
            -0.027730943635106087
        ],
        [
            0.10646162182092667,
            0.040752820670604706,
            -0.02658163383603096
        ],
        [
            0.11087796092033386,
            0.04807844012975693,
            -0.018656350672245026
        ],
        [
            0.2135392725467682,
            0.0017679501324892044,
            -0.036335889250040054
        ],
        [
            0.20974349975585938,
            -0.0006413105875253677,
            -0.03610793128609657
        ],
        [
            0.13971419632434845,
            0.021240003407001495,
            -0.016498424112796783
        ],
        [
            0.14405973255634308,
            -0.01820337027311325,
            -0.026570696383714676
        ],
        [
            0.13150757551193237,
            0.021211469545960426,
            -0.008504971861839294
        ],
        [
            0.1438867300748825,
            0.03291001170873642,
            -0.052247945219278336
        ],
        [
            0.14734211564064026,
            0.0397547110915184,
            -0.047819048166275024
        ],
        [
            0.15226909518241882,
            0.03971545398235321,
            -0.049993690103292465
        ],
        [
            0.15121716260910034,
            0.035772599279880524,
            -0.05498403683304787
        ],
        [
            0.19646307826042175,
            0.012476865202188492,
            -0.04266852140426636
        ],
        [
            0.19853729009628296,
            0.011775176972150803,
            -0.03732655569911003
        ],
        [
            0.2029150128364563,
            0.013320486061275005,
            -0.038543976843357086
        ],
        [
            0.20149120688438416,
            0.01410646177828312,
            -0.044087763875722885
        ],
        [
            0.1815037876367569,
            -0.0014655617997050285,
            -0.02580401673913002
        ],
        [
            0.18220971524715424,
            -0.0075483135879039764,
            -0.024004455655813217
        ],
        [
            0.18711009621620178,
            -0.0048231324180960655,
            -0.02679145522415638
        ],
        [
            0.1849687248468399,
            0.0003252238966524601,
            -0.02886500395834446
        ],
        [
            0.1833624392747879,
            -0.012725618667900562,
            -0.02737731672823429
        ],
        [
            0.1886606216430664,
            -0.010287333279848099,
            -0.02953195758163929
        ],
        [
            0.1962316632270813,
            0.009504828602075577,
            -0.04846181347966194
        ],
        [
            0.19834424555301666,
            0.0031697433441877365,
            -0.05193714797496796
        ],
        [
            0.1835806965827942,
            -0.001834051450714469,
            -0.04854186251759529
        ],
        [
            0.1844504177570343,
            0.005047142505645752,
            -0.04443292319774628
        ],
        [
            0.10494384169578552,
            0.010482787154614925,
            -0.028051691129803658
        ],
        [
            0.10057663172483444,
            0.02071511000394821,
            -0.027323056012392044
        ],
        [
            0.11275554448366165,
            0.024979930371046066,
            -0.03510647267103195
        ],
        [
            0.12399521470069885,
            0.029221048578619957,
            -0.04361160099506378
        ],
        [
            0.13554030656814575,
            0.032686952501535416,
            -0.05042064189910889
        ],
        [
            0.13927654922008514,
            0.021230950951576233,
            -0.05337022244930267
        ],
        [
            0.1089470386505127,
            0.03192529082298279,
            -0.033142294734716415
        ],
        [
            0.17474839091300964,
            0.0029544325079768896,
            -0.04487991705536842
        ],
        [
            0.1726686805486679,
            -0.004974213428795338,
            -0.045865498483181
        ],
        [
            0.16915124654769897,
            -0.0006846566684544086,
            -0.04750493913888931
        ],
        [
            0.129359632730484,
            0.02836785838007927,
            -0.008509010076522827
        ],
        [
            0.2054729163646698,
            -0.0034432346001267433,
            -0.03558822348713875
        ],
        [
            0.09402713179588318,
            -0.021888474002480507,
            6.312131881713867e-05
        ],
        [
            0.08742370456457138,
            -0.013142069801688194,
            -0.008268114179372787
        ],
        [
            0.09576626867055893,
            -0.013355187140405178,
            -0.011078018695116043
        ],
        [
            0.10390617698431015,
            -0.022722512483596802,
            -0.0009975917637348175
        ],
        [
            0.2012375295162201,
            0.007243949919939041,
            -0.03298989683389664
        ],
        [
            0.2039545327425003,
            0.0016040094196796417,
            -0.032043833285570145
        ],
        [
            0.15323248505592346,
            0.039913006126880646,
            -0.03762465715408325
        ],
        [
            0.15781182050704956,
            0.039230525493621826,
            -0.04204745218157768
        ],
        [
            0.1561606228351593,
            0.04164949432015419,
            -0.044932734221220016
        ],
        [
            0.15274210274219513,
            0.04512915760278702,
            -0.040090013295412064
        ],
        [
            0.0977725088596344,
            0.02563318982720375,
            -0.02544926106929779
        ],
        [
            0.13190655410289764,
            0.053143348544836044,
            -0.04333085939288139
        ],
        [
            0.1325826495885849,
            0.0444466769695282,
            -0.05018104612827301
        ],
        [
            0.09012610465288162,
            0.016601718962192535,
            -0.020522095263004303
        ],
        [
            0.09348144382238388,
            0.0074667492881417274,
            -0.021604226902127266
        ],
        [
            0.08500660210847855,
            0.005841916427016258,
            -0.01703893393278122
        ],
        [
            0.1521652638912201,
            0.01272591482847929,
            -0.053684599697589874
        ],
        [
            0.11028026789426804,
            0.0036837952211499214,
            -0.02888615056872368
        ],
        [
            0.09800848364830017,
            0.0012688655406236649,
            -0.021494731307029724
        ],
        [
            0.08807983994483948,
            -0.0009646490216255188,
            -0.01605183631181717
        ],
        [
            0.0804637223482132,
            -0.002179596573114395,
            -0.012822121381759644
        ],
        [
            0.07793353497982025,
            0.0054698362946510315,
            -0.014108236879110336
        ],
        [
            0.20146606862545013,
            -0.0014123930595815182,
            -0.050135742872953415
        ],
        [
            0.20410187542438507,
            0.005862145218998194,
            -0.05250057950615883
        ],
        [
            0.06906124204397202,
            0.004705613479018211,
            -0.012192226946353912
        ],
        [
            0.0725698471069336,
            -0.003675473853945732,
            -0.01024220883846283
        ],
        [
            0.10323293507099152,
            -0.006187044084072113,
            -0.019933076575398445
        ],
        [
            0.11030665785074234,
            -0.014868300408124924,
            -0.016369624063372612
        ],
        [
            0.11497733741998672,
            -0.0034363046288490295,
            -0.02698727510869503
        ],
        [
            0.12269201874732971,
            -0.011801237240433693,
            -0.024442853406071663
        ],
        [
            0.15205878019332886,
            0.0022267792373895645,
            -0.0521443709731102
        ],
        [
            0.21864771842956543,
            0.01685403659939766,
            -0.05184677243232727
        ],
        [
            0.20814381539821625,
            0.013141856528818607,
            -0.0510738343000412
        ],
        [
            0.20704004168510437,
            0.01582377590239048,
            -0.04605117440223694
        ],
        [
            0.21726049482822418,
            0.019683837890625,
            -0.04900034889578819
        ],
        [
            0.20174267888069153,
            0.011469068005681038,
            -0.049436990171670914
        ],
        [
            0.2096814066171646,
            0.007806764915585518,
            -0.052740998566150665
        ],
        [
            0.13232798874378204,
            -0.02042374014854431,
            -0.01657172292470932
        ],
        [
            0.1778562068939209,
            0.008951895870268345,
            -0.03806671127676964
        ],
        [
            0.12151557207107544,
            -0.023929817602038383,
            -0.003931783139705658
        ],
        [
            0.14695382118225098,
            -0.025175880640745163,
            -0.010110436007380486
        ],
        [
            0.14074860513210297,
            -0.026328299194574356,
            0.0011322274804115295
        ],
        [
            0.11187532544136047,
            -0.027175534516572952,
            0.010801292955875397
        ],
        [
            0.13036268949508667,
            -0.027718685567378998,
            0.01330900564789772
        ],
        [
            0.0920647531747818,
            -0.0254705511033535,
            0.011988051235675812
        ],
        [
            0.10118426382541656,
            -0.02573670819401741,
