{
    "pred_cam": [
        7.173417568206787,
        -0.02779838629066944,
        0.004555016756057739
    ],
    "pred_mano_params": {
        "global_orient": [
            [
                [
                    0.8609917759895325,
                    0.14570866525173187,
                    0.487300843000412
                ],
                [
                    0.44172513484954834,
                    -0.6891631484031677,
                    -0.5743979811668396
                ],
                [
                    0.2521349787712097,
                    0.7098050117492676,
                    -0.6577270030975342
                ]
            ]
        ],
        "hand_pose": [
            [
                [
                    0.9294594526290894,
                    -0.2424401491880417,
                    -0.2780790328979492
                ],
                [
                    0.24400869011878967,
                    0.9693238735198975,
                    -0.029512563720345497
                ],
                [
                    0.27670368552207947,
                    -0.04042297974228859,
                    0.960104763507843
                ]
            ],
            [
                [
                    0.9521414041519165,
                    -0.30116477608680725,
                    0.05221584811806679
                ],
                [
                    0.30506595969200134,
                    0.9257029891014099,
                    -0.22362639009952545
                ],
                [
                    0.01901201717555523,
                    0.2288532257080078,
                    0.9732752442359924
                ]
            ],
            [
                [
                    0.9588403105735779,
                    -0.27620524168014526,
                    0.06584802269935608
                ],
                [
                    0.27567511796951294,
                    0.961097240447998,
                    0.017186347395181656
                ],
                [
                    -0.06803330779075623,
                    0.0016736971447244287,
                    0.9976816773414612
                ]
            ],
            [
                [
                    0.8259547352790833,
                    -0.5512369871139526,
                    -0.11805292963981628
                ],
                [
                    0.5598924160003662,
                    0.8265475630760193,
                    0.057789094746112823
                ],
                [
                    0.06572087854146957,
                    -0.11382811516523361,
                    0.9913243055343628
                ]
            ],
            [
                [
                    0.8866190910339355,
                    -0.43922948837280273,
                    -0.14485867321491241
                ],
                [
                    0.46225282549858093,
                    0.8518043756484985,
                    0.2464783638715744
                ],
                [
                    0.015130693092942238,
                    -0.28549373149871826,
                    0.9582610726356506
                ]
            ],
            [
                [
                    0.8959569334983826,
                    -0.3890465199947357,
                    0.2142522782087326
                ],
                [
                    0.3916134238243103,
                    0.9195683598518372,
                    0.032140105962753296
                ],
                [
                    -0.20952360332012177,
                    0.05510792136192322,
                    0.9762494564056396
                ]
            ],
            [
                [
                    0.8428075909614563,
                    -0.49963346123695374,
                    0.2001042515039444
                ],
                [
                    0.43770909309387207,
                    0.8526342511177063,
                    0.28535160422325134
                ],
                [
                    -0.31318697333335876,
                    -0.152909055352211,
                    0.9373007416725159
                ]
            ],
            [
                [
                    0.9786877632141113,
                    -0.19178515672683716,
                    -0.07340804487466812
                ],
                [
                    0.19833669066429138,
                    0.9754371643066406,
                    0.09583783894777298
                ],
                [
                    0.05322466045618057,
                    -0.10835482180118561,
                    0.9926864504814148
                ]
            ],
            [
                [
                    0.9743633270263672,
                    -0.13981284201145172,
                    0.1762620359659195
                ],
                [
                    0.03772852197289467,
                    0.8739051222801208,
                    0.48463013768196106
                ],
                [
                    -0.22179383039474487,
                    -0.4655558168888092,
                    0.8567760586738586
                ]
            ],
            [
                [
                    0.7890045642852783,
                    -0.6143559217453003,
                    0.006215563975274563
                ],
                [
                    0.6141922473907471,
                    0.7889686226844788,
                    0.01721751131117344
                ],
                [
                    -0.015481563284993172,
                    -0.009767143987119198,
                    0.9998325109481812
                ]
            ],
            [
                [
                    0.969402551651001,
                    -0.24186378717422485,
                    -0.041958797723054886
                ],
                [
                    0.23762811720371246,
                    0.8817241191864014,
                    0.4075481593608856
                ],
                [
                    -0.061575040221214294,
                    -0.40504884719848633,
                    0.912219226360321
                ]
            ],
            [
                [
                    0.862369179725647,
                    -0.4343758523464203,
                    0.26007094979286194
                ],
                [
                    0.3764733672142029,
                    0.8936507701873779,
                    0.24424594640731812
                ],
                [
                    -0.33850717544555664,
                    -0.11272040009498596,
                    0.9341878294944763
                ]
            ],
            [
                [
                    0.9902754426002502,
                    -0.13804379105567932,
                    -0.017278587445616722
                ],
                [
                    0.048086076974868774,
                    0.4561743438243866,
                    -0.8885903358459473
                ],
                [
                    0.130546435713768,
                    0.8791182637214661,
                    0.4583762288093567
                ]
            ],
            [
                [
                    0.8972303867340088,
                    -0.427884966135025,
                    -0.10905082523822784
                ],
                [
                    0.42867299914360046,
                    0.7848223447799683,
                    0.44754141569137573
                ],
                [
                    -0.10591071844100952,
                    -0.44829490780830383,
                    0.887589156627655
                ]
            ],
            [
                [
                    0.9775860905647278,
                    0.02509443648159504,
                    0.20903556048870087
                ],
                [
                    0.03518292307853699,
                    0.9594374299049377,
                    -0.27971747517585754
                ],
                [
                    -0.20757591724395752,
                    0.2808023691177368,
                    0.9370498061180115
                ]
            ]
        ],
        "betas": [
            -0.03443309664726257,
            0.032683491706848145,
            -0.04240494966506958,
            0.00906255841255188,
            0.05568194389343262,
            -0.03849717229604721,
            -0.03800114989280701,
            -0.03119632601737976,
            0.034622177481651306,
            -0.054828763008117676
        ]
    },
    "pred_cam_t": [
        -0.02779838629066944,
        0.004555016756057739,
        5.445451736450195
    ],
    "focal_length": [
        5000.0,
        5000.0
    ],
    "pred_keypoints_3d": [
        [
            0.09587118774652481,
            0.006402926053851843,
            0.006186004728078842
        ],
        [
            0.08540458232164383,
            -0.008384555578231812,
            -0.027980461716651917
        ],
        [
            0.06941957771778107,
            -0.007529911119490862,
            -0.05439500883221626
        ],
        [
            0.050283290445804596,
            -0.0013831998221576214,
            -0.07266651839017868
        ],
        [
            0.03513992577791214,
            0.007279782555997372,
            -0.10418734699487686
        ],
        [
            0.029198937118053436,
            -0.04095664620399475,
            -0.033431872725486755
        ],
        [
            -0.0024611130356788635,
            -0.048135995864868164,
            -0.039777107536792755
        ],
        [
            -0.022107884287834167,
            -0.043321605771780014,
            -0.04904278367757797
        ],
        [
            -0.04185713082551956,
            -0.034629806876182556,
            -0.06218273192644119
        ],
        [
            0.012375861406326294,
            -0.03258581832051277,
            -0.016562536358833313
        ],
        [
            -0.01631155237555504,
            -0.028420958667993546,
            -0.02954535186290741
        ],
        [
            -0.028437156230211258,
            -0.015327071771025658,
            -0.04453800618648529
        ],
        [
            -0.03606155142188072,
            -0.003702206537127495,
            -0.06607214361429214
        ],
        [
            0.011800982058048248,
            -0.01172599010169506,
            0.00030703283846378326
        ],
        [
            -0.013176674023270607,
            -0.008553573861718178,
            -0.013808869756758213
        ],
        [
            -0.028131762519478798,
            0.004003865644335747,
            -0.02915829047560692
        ],
        [
            -0.03690171241760254,
            0.01208947878330946,
            -0.051141075789928436
        ],
        [
            0.01399722695350647,
            0.007683917414397001,
            0.010167516767978668
        ],
        [
            -0.0052831582725048065,
            0.01149942446500063,
            0.0022882837802171707
        ],
        [
            -0.020207161083817482,
            0.018462596461176872,
            -0.007205924950540066
        ],
        [
            -0.032424893230199814,
            0.023933153599500656,
            -0.023520808666944504
        ]
    ],
    "pred_vertices": [
        [
            0.057924821972846985,
            -0.012831900268793106,
            -0.029541585594415665
        ],
        [
            0.06624818593263626,
            -0.0064753033220767975,
            -0.027092717587947845
        ],
        [
            0.062328457832336426,
            -0.007407590746879578,
            -0.03566010296344757
        ],
        [
            0.0555478110909462,
            -0.015788858756422997,
            -0.037885136902332306
        ],
        [
            0.07888586819171906,
            0.008348383009433746,
            -0.03569544479250908
        ],
        [
            0.08989343047142029,
            0.0066571347415447235,
            -0.040940262377262115
        ],
        [
            0.07906219363212585,
            0.005052728578448296,
            -0.052717871963977814
        ],
        [
            0.07158667594194412,
            0.008189156651496887,
            -0.04618607088923454
        ],
        [
            0.05356818065047264,
            -0.018583742901682854,
            -0.04382673650979996
        ],
        [
            0.05898315832018852,
            -0.007762402296066284,
            -0.04268759489059448
        ],
        [
            0.05443265661597252,
            -0.02015077695250511,
            -0.0456182062625885
        ],
        [
            0.05106639862060547,
            -0.03587976098060608,
            -0.04161764681339264
        ],
        [
            0.049266181886196136,
            -0.029870470985770226,
            -0.04241524264216423
        ],
        [
            0.04558507353067398,
            -0.043105266988277435,
            -0.03899025544524193
        ],
        [
            0.058406561613082886,
            -0.04046252742409706,
            -0.035074539482593536
        ],
        [
            0.04588779807090759,
            -0.047456592321395874,
            -0.030425088480114937
        ],
        [
            0.05670288950204849,
            -0.03571649640798569,
            -0.0049015190452337265
        ],
        [
            0.05360634997487068,
            -0.02709103561937809,
            0.005502080544829369
        ],
        [
            0.037901535630226135,
            -0.03304019942879677,
            0.002192046493291855
        ],
        [
            0.042584165930747986,
            -0.040476296097040176,
            -0.008557697758078575
        ],
        [
            0.038103047758340836,
            -0.015572946518659592,
            0.013823307119309902
        ],
        [
            0.037104442715644836,
            -0.025564823299646378,
            0.007433011196553707
        ],
        [
            0.05295446887612343,
            -0.020456749945878983,
            0.011635996401309967
        ],
        [
            0.05298939347267151,
            -0.011692347005009651,
            0.017044223845005035
        ],
        [
            0.05955180898308754,
            -0.0036795511841773987,
            -0.01620708778500557
        ],
        [
            0.0683126449584961,
            0.0017582625150680542,
            -0.013833506032824516
        ],
        [
            0.06827591359615326,
            -0.0027668029069900513,
            -0.01795913837850094
        ],
        [
            0.06000731512904167,
            -0.00741952657699585,
            -0.02054901048541069
        ],
        [
            0.05885986611247063,
            -0.01718820072710514,
            -0.05543265864253044
        ],
        [
            0.06733173877000809,
            -0.027835430577397346,
            -0.0466303825378418
        ],
        [
            0.05968337878584862,
            -0.026341112330555916,
            -0.045645974576473236
        ],
        [
            0.05569879710674286,
            -0.012815643101930618,
            -0.053840670734643936
        ],
        [
            0.08600445836782455,
            0.02440054342150688,
            -0.006700855679810047
        ],
        [
            0.09827913343906403,
            0.024183569476008415,
            -0.0009722225368022919
        ],
        [
            0.10059716552495956,
            0.020041488111019135,
            -0.004538174718618393
        ],
        [
            0.08884824812412262,
            0.020641177892684937,
            -0.00863585527986288
        ],
        [
            0.1019674614071846,
            0.008750267326831818,
            -0.02299262396991253
        ],
        [
            0.10890975594520569,
            0.00812188908457756,
            -0.015436405315995216
        ],
        [
            0.11848616600036621,
            -0.0011085011065006256,
            -0.01475345715880394
        ],
        [
            0.1118529662489891,
            -0.0036720186471939087,
            -0.02244320511817932
        ],
        [
            0.09544511139392853,
            0.007858235388994217,
            -0.032166771590709686
        ],
        [
            0.10471546649932861,
            -0.0020766742527484894,
            -0.03348721191287041
        ],
        [
            0.09688318520784378,
            -0.0020784586668014526,
            -0.04368920624256134
        ],
        [
            0.08372696489095688,
            -0.002013234421610832,
            -0.056579846888780594
        ],
        [
            0.09366533905267715,
            0.030782319605350494,
            0.009066944941878319
        ],
        [
            0.08407094329595566,
            0.03234362602233887,
            0.005955858156085014
        ],
        [
            -0.003108009696006775,
            -0.04357509687542915,
            -0.050906017422676086
        ],
        [
            -0.005143871530890465,
            -0.039117030799388885,
            -0.047567326575517654
        ],
        [
            -0.0002218242734670639,
            -0.03890010714530945,
            -0.046760424971580505
        ],
        [
            0.0008626189082860947,
            -0.043564215302467346,
            -0.05001557245850563
        ],
        [
            0.08380252867937088,
            0.025216134265065193,
            0.02584734559059143
        ],
        [
            0.0844506248831749,
            0.017138980329036713,
            0.0319470539689064
        ],
        [
            0.09041768312454224,
            0.021185332909226418,
            0.03310465067625046
        ],
        [
            0.0909329429268837,
            0.027679331600666046,
            0.026264730840921402
        ],
        [
            0.0744013786315918,
            0.02192322164773941,
            0.025114212185144424
        ],
        [
            0.07628217339515686,
            0.011632014997303486,
            0.02953415736556053
        ],
        [
            -0.006162954494357109,
            -0.05467725545167923,
            -0.045490238815546036
        ],
        [
            -0.004540398716926575,
            -0.05231224745512009,
            -0.04976324364542961
        ],
        [
            -0.00011810287833213806,
            -0.053413089364767075,
            -0.04747460037469864
        ],
        [
            -0.001207929104566574,
            -0.05516177415847778,
            -0.04251031205058098
        ],
        [
            0.04931064695119858,
            -0.023766690865159035,
            -0.039205312728881836
        ],
        [
            0.0500100702047348,
            -0.01762298308312893,
            -0.032234352082014084
        ],
        [
            0.03304221108555794,
            -0.03249770402908325,
            -0.040887825191020966
        ],
        [
            0.039778050035238266,
            -0.026371655985713005,
            -0.03594823181629181
        ],
        [
            0.04320859909057617,
            -0.031025506556034088,
            -0.040294259786605835
        ],
        [
            0.03737253695726395,
            -0.03680998086929321,
            -0.04277553781867027
        ],
        [
            0.03802908957004547,
            -0.010932112112641335,
            -0.01769830286502838
        ],
        [
            0.04871516674757004,
            -0.00659589096903801,
            -0.01547517254948616
        ],
        [
            0.04889191687107086,
            -0.011283854022622108,
            -0.020257962867617607
        ],
        [
            0.03772412985563278,
            -0.016498254612088203,
            -0.02437535487115383
        ],
        [
            0.045686025172472,
            0.004848003387451172,
            -0.007628876715898514
        ],
        [
            0.03546145185828209,
            -0.0006741266697645187,
            -0.010103054344654083
        ],
        [
            0.03489875793457031,
            0.0064806099981069565,
            -0.005429578013718128
        ],
        [
            0.04216998443007469,
            0.009803490713238716,
            -0.005182373803108931
        ],
        [
            0.019522855058312416,
            -0.012734622694551945,
            -0.015771344304084778
        ],
        [
            0.013663112185895443,
            -0.016373926773667336,
            -0.016884315758943558
        ],
        [
            0.012099655345082283,
            -0.013875450007617474,
            -0.015185883268713951
        ],
        [
            0.019115548580884933,
            -0.010142555460333824,
            -0.013266348280012608
        ],
        [
            0.096664659678936,
            0.024135667830705643,
            0.03473728895187378
        ],
        [
            0.09807302057743073,
            0.02913808450102806,
            0.026361702010035515
        ],
        [
            0.0371493324637413,
            0.004356686025857925,
            0.02237282320857048
        ],
        [
            0.039457809180021286,
            0.015213018283247948,
            0.021465547382831573
        ],
        [
            0.027034394443035126,
            0.013763384893536568,
            0.019779004156589508
        ],
        [
            0.027724843472242355,
            0.0022959066554903984,
            0.02148856222629547
        ],
        [
            0.0859079584479332,
            0.006800323724746704,
            0.03239290043711662
        ],
        [
            0.09128446877002716,
            0.01145484670996666,
            0.03575373440980911
        ],
        [
            -0.008557116612792015,
            -0.053593650460243225,
            -0.0398697555065155
        ],
        [
            -0.003354918211698532,
            -0.05336236581206322,
            -0.037101589143276215
        ],
        [
            0.10023444145917892,
            -0.014636674895882607,
            -0.03915334492921829
        ],
        [
            0.08520469069480896,
            -0.011917045339941978,
            -0.056141197681427
        ],
        [
            0.10937552154064178,
            -0.014223802834749222,
            -0.02533615380525589
        ],
        [
            0.11456796526908875,
            -0.013245716691017151,
            -0.015140371397137642
        ],
        [
            0.12070029973983765,
            -0.011386554688215256,
            -0.008644204586744308
        ],
        [
            0.03421158343553543,
            -0.02413305453956127,
            -0.03290356695652008
        ],
        [
            0.052725255489349365,
            -0.012616951018571854,
            -0.02472195215523243
        ],
        [
            0.05875169858336449,
            0.00017512962222099304,
            -0.012830331921577454
        ],
        [
            0.04761023819446564,
            0.024724021553993225,
            0.0021796426735818386
        ],
        [
            0.057384781539440155,
            0.028657475486397743,
            0.0033876588568091393
        ],
        [
            0.056841880083084106,
            0.021106354892253876,
            -0.004095142241567373
        ],
        [
            0.04844631254673004,
            0.018771791830658913,
            -0.0031080537009984255
        ],
        [
            0.038324467837810516,
            0.022912073880434036,
            0.015250304713845253
        ],
        [
            0.03729945793747902,
            0.02336101420223713,
            0.007367794867604971
        ],
        [
            0.028912872076034546,
            0.020317252725362778,
            0.006390600465238094
        ],
        [
            0.02830817550420761,
            0.020218376070261,
            0.013766806572675705
        ],
        [
            0.06416505575180054,
            -0.019106028601527214,
            -0.060577042400836945
        ],
        [
            0.07474228739738464,
            -0.027679942548274994,
            -0.04861750826239586
        ],
        [
            0.08434782177209854,
            0.030980005860328674,
            0.016937531530857086
        ],
        [
            0.09213247895240784,
            0.031089510768651962,
            0.016747212037444115
        ],
        [
            0.1002722904086113,
            0.031227633357048035,
            0.01918852888047695
        ],
        [
            0.07773042470216751,
            0.012502744793891907,
            -0.011429836973547935
        ],
        [
            0.09083391726016998,
            0.01803574711084366,
            -0.01003989763557911
        ],
        [
            0.09158053249120712,
            0.01499958336353302,
            -0.013059182092547417
        ],
        [
            0.07830711454153061,
            0.008979763835668564,
            -0.012504786252975464
        ],
        [
            0.07416826486587524,
            0.0022974014282226562,
            -0.024604953825473785
        ],
        [
            0.08536135405302048,
            0.009386170655488968,
            -0.025177467614412308
        ],
        [
            0.06831967085599899,
            0.002896703779697418,
            -0.03340676799416542
        ],
        [
            0.10531750321388245,
            0.01493135467171669,
            -0.008882269263267517
        ],
        [
            0.1104041337966919,
            0.02174205705523491,
            -0.001804109662771225
        ],
        [
            0.11445190012454987,
            0.01530987024307251,
            -0.0064996033906936646
        ],
        [
            0.10655521601438522,
            0.027271000668406487,
            0.005353262647986412
        ],
        [
            0.10288926213979721,
            0.03094194270670414,
            0.012633875012397766
        ],
        [
            0.09771215915679932,
            0.013851312920451164,
            0.040828458964824677
        ],
        [
            0.11730386316776276,
            0.008275926113128662,
            -0.01000005379319191
        ],
        [
            0.06665031611919403,
            0.006706874817609787,
            -0.053928881883621216
        ],
        [
            0.06225787103176117,
            0.005855954252183437,
            -0.060627780854701996
        ],
        [
            0.0571829229593277,
            0.0029120594263076782,
            -0.055714476853609085
        ],
        [
            0.06081487238407135,
            0.002982441335916519,
            -0.048995211720466614
        ],
        [
            0.037370506674051285,
            -0.048968829214572906,
            -0.03761773183941841
        ],
        [
            0.03757132962346077,
            -0.042987920343875885,
            -0.04250935837626457
        ],
        [
            0.04602020978927612,
            -0.03703637048602104,
            -0.0421103909611702
        ],
        [
            0.07441167533397675,
            0.02459651604294777,
            -0.005707018077373505
        ],
        [
            0.07331793755292892,
            0.03148029372096062,
            0.004790863953530788
        ],
        [
            0.027496404945850372,
            -0.030589807778596878,
            -0.03751727566123009
        ],
        [
            0.0030956976115703583,
            -0.05569271370768547,
            -0.03961687162518501
        ],
        [
            0.004622248932719231,
            -0.054061196744441986,
            -0.045132167637348175
        ],
        [
            0.02173699624836445,
            -0.05254640430212021,
            -0.04027741774916649
        ],
        [
            0.01927029713988304,
            -0.054656993597745895,
            -0.034291964024305344
        ],
        [
            0.018261052668094635,
            -0.0344209149479866,
            -0.032195381820201874
        ],
        [
            0.022465726360678673,
            -0.03303735703229904,
            -0.03738507628440857
        ],
        [
            0.019540779292583466,
            -0.03420620411634445,
            -0.03650813177227974
        ],
        [
            0.014860845170915127,
            -0.03399736434221268,
            -0.0319770984351635
        ],
        [
            0.013644007034599781,
            -0.006362129934132099,
            -0.009804276749491692
        ],
        [
            0.019601283594965935,
            -0.003119329921901226,
            -0.008287571370601654
        ],
        [
            0.027924533933401108,
            -0.0423075333237648,
            -0.013838258571922779
        ],
        [
            0.03583420813083649,
            -0.05111062526702881,
            -0.020395245403051376
        ],
        [
            0.046068448573350906,
            -0.04647677391767502,
            -0.01884358748793602
        ],
        [
            0.037373773753643036,
            -0.0051551032811403275,
            -0.012965022586286068
        ],
        [
            0.02751924842596054,
            -0.008485350757837296,
            -0.014457001350820065
        ],
        [
            0.026723971590399742,
            -0.005443233996629715,
            -0.011739078909158707
        ],
        [
            0.029720135033130646,
            -0.024054156616330147,
            -0.030921149998903275
        ],
        [
            0.02371850796043873,
            -0.028782518580555916,
            -0.033099643886089325
        ],
        [
            0.024455435574054718,
            -0.025352362543344498,
            -0.02866321988403797
        ],
        [
            0.029777133837342262,
            -0.020546402782201767,
            -0.026416199281811714
        ],
        [
            0.05208897963166237,
            0.017373938113451004,
            0.024133289232850075
        ],
        [
            0.050568945705890656,
            0.026610257104039192,
            0.0170879028737545
        ],
        [
            -0.003176569938659668,
            -0.04829571768641472,
            -0.051718536764383316
        ],
        [
            0.0009622164070606232,
            -0.04895809665322304,
            -0.05019237846136093
        ],
        [
            0.047875821590423584,
            -0.0010081343352794647,
            -0.010918455198407173
        ],
        [
            0.05860251933336258,
            -0.04024865850806236,
            -0.01612604223191738
        ],
        [
            0.05776215344667435,
            0.0045487359166145325,
            -0.009584570303559303
        ],
        [
            0.017303500324487686,
            -0.009485617280006409,
            0.010185320861637592
        ],
        [
            0.014507901854813099,
            -0.0030144723132252693,
            0.0064760539680719376
        ],
        [
            0.009952486492693424,
            -0.004642849788069725,
            0.0031135762110352516
        ],
        [
            0.009435788728296757,
            -0.009871064685285091,
            0.006092408671975136
        ],
        [
            0.0004928372800350189,
            -0.036628734320402145,
            -0.03457514941692352
        ],
        [
            0.0016064289957284927,
            -0.035659290850162506,
            -0.040157340466976166
        ],
        [
            -0.002366071566939354,
            -0.03615603968501091,
            -0.041518036276102066
        ],
        [
            -0.004131682217121124,
            -0.037427157163619995,
            -0.03613975644111633
        ],
        [
            0.025996483862400055,
            -0.03555465489625931,
            -0.04135182127356529
        ],
        [
            0.029823031276464462,
            -0.0401611290872097,
            -0.04387986660003662
        ],
        [
            0.022860174998641014,
            -0.04120447486639023,
            -0.044290971010923386
        ],
        [
            0.020771250128746033,
            -0.036908671259880066,
            -0.04073528200387955
        ],
        [
            0.02974294126033783,
            -0.04659926891326904,
            -0.04268358275294304
        ],
        [
            0.023267924785614014,
            -0.04750824347138405,
            -0.04378435015678406
        ],
        [
            -0.00016871094703674316,
            -0.0415007583796978,
            -0.030337512493133545
        ],
        [
            0.0002330206334590912,
            -0.049013592302799225,
            -0.029982183128595352
        ],
        [
            0.01405357476323843,
            -0.04674413800239563,
            -0.024575429037213326
        ],
        [
            0.011931031942367554,
            -0.03939623758196831,
            -0.02729816548526287
        ],
        [
            0.06727118045091629,
            -0.008819689974188805,
            0.0211525559425354
        ],
        [
            0.0652422308921814,
            0.0011214129626750946,
            0.02580144628882408
        ],
        [
            0.05095691978931427,
            -0.0015084361657500267,
            0.021929780021309853
        ],
        [
            0.03682999312877655,
            -0.004297291859984398,
            0.019272666424512863
        ],
        [
            0.023963555693626404,
            -0.006941174156963825,
            0.015328632667660713
        ],
        [
            0.025313671678304672,
            -0.018969839438796043,
            0.012363739311695099
        ],
        [
            0.051000915467739105,
            0.0061629340052604675,
            0.024800529703497887
        ],
        [
            0.018904035910964012,
            -0.03730576112866402,
            -0.023663397878408432
        ],
        [
            0.023482192307710648,
            -0.045042410492897034,
            -0.02117660455405712
        ],
        [
            0.02139827236533165,
            -0.04078663885593414,
            -0.018463704735040665
        ],
        [
            0.05547492951154709,
            0.01107039675116539,
            -0.006697293370962143
        ],
        [
            0.005652302876114845,
            -0.04994877055287361,
            -0.04830979183316231
        ],
        [
            0.10754851996898651,
            -0.02033253014087677,
            0.006697971373796463
        ],
        [
            0.10201449692249298,
            -0.01560213789343834,
            0.018304336816072464
        ],
        [
            0.09529869258403778,
            -0.01891690120100975,
            0.013559505343437195
        ],
        [
            0.10130365192890167,
            -0.023635603487491608,
            -0.00031076744198799133
        ],
        [
            0.0039051827043294907,
            -0.0385451540350914,
            -0.04599018394947052
        ],
        [
            0.005526108667254448,
            -0.04370566084980965,
            -0.04930224269628525
        ],
        [
            0.01690024882555008,
            0.0016678879037499428,
            -0.004642399027943611
        ],
        [
            0.012075787410140038,
            -0.0021832818165421486,
            -0.006041682790964842
        ],
        [
            0.009877637028694153,
            -0.001495671458542347,
            -0.0028753422666341066
        ],
        [
            0.012800234369933605,
            0.00425131618976593,
            -0.0018424007575958967
        ],
        [
            0.0656406357884407,
            0.006810338236391544,
            0.0276081133633852
        ],
        [
            0.019365640357136726,
            0.013899993151426315,
            0.01734216883778572
        ],
        [
            0.020143672823905945,
            0.00345632154494524,
            0.019563032314181328
        ],
        [
            0.07782560586929321,
            0.003072550520300865,
            0.028968587517738342
        ],
        [
            0.07971394807100296,
            -0.005890596657991409,
            0.02547195553779602
        ],
        [
            0.08848049491643906,
            -0.0033144764602184296,
            0.028920235112309456
        ],
        [
            0.021444886922836304,
            -0.029108278453350067,
            0.0013073384761810303
        ],
        [
            0.066927470266819,
            -0.01610969752073288,
            0.016371894627809525
        ],
        [
            0.08015946298837662,
            -0.01202869787812233,
            0.020828498527407646
        ],
        [
            0.09066775441169739,
            -0.009225748479366302,
            0.024734433740377426
        ],
        [
            0.09788478910923004,
            -0.007129717618227005,
            0.02841350808739662
        ],
        [
            0.09476038813591003,
            -0.0007478483021259308,
            0.032499924302101135
        ],
        [
            0.0012316200882196426,
            -0.05322999879717827,
            -0.03406590223312378
        ],
        [
            -0.005392380058765411,
            -0.048878468573093414,
            -0.03251572698354721
        ],
        [
            0.1017158031463623,
            0.0013912133872509003,
            0.037980519235134125
        ],
        [
            0.10501445084810257,
            -0.005486976355314255,
            0.03262157365679741
        ],
        [
            0.0817054733633995,
            -0.018673699349164963,
            0.01451265811920166
        ],
        [
            0.08385742455720901,
            -0.02580859884619713,
            0.005324255675077438
        ],
        [
            0.06881558150053024,
            -0.022205844521522522,
            0.010296549648046494
        ],
        [
            0.06982603669166565,
            -0.02964702434837818,
            0.0012195836752653122
        ],
        [
            0.026643648743629456,
            -0.03846614807844162,
            -0.0008368454873561859
        ],
        [
            -0.021608639508485794,
            -0.0440613329410553,
            -0.03964780271053314
        ],
        [
            -0.011476436629891396,
            -0.04344628006219864,
            -0.03467201814055443
        ],
        [
            -0.00978367030620575,
            -0.03863522782921791,
            -0.03745407983660698
        ],
        [
            -0.020727647468447685,
            -0.039911072701215744,
            -0.040272749960422516
        ],
        [
            -0.0052633825689554214,
            -0.042005158960819244,
            -0.03254114091396332
        ],
        [
            -0.010630911216139793,
            -0.04911144822835922,
            -0.03530501201748848
        ],
        [
            0.07308022677898407,
            -0.034922875463962555,
            -0.013330301269888878
        ],
        [
            0.01896098628640175,
            -0.029752153903245926,
            -0.029402917250990868
        ],
        [
            0.0894092321395874,
            -0.02956365793943405,
            -0.012767193838953972
        ],
        [
            0.07110163569450378,
            -0.03794507309794426,
            -0.0315675288438797
        ],
        [
            0.0831848755478859,
            -0.03197822719812393,
            -0.032667454332113266
        ],
        [
            0.10644948482513428,
            -0.023175982758402824,
            -0.013801949098706245
        ],
        [
            0.09836497902870178,
            -0.025392116978764534,
