{
    "pred_cam": [
        7.385041236877441,
        0.1503574699163437,
        -0.055058132857084274
    ],
    "pred_mano_params": {
        "global_orient": [
            [
                [
                    -0.6042965054512024,
                    -0.5208565592765808,
                    0.6029379367828369
                ],
                [
                    -0.2398567944765091,
                    -0.6027106642723083,
                    -0.7610574960708618
                ],
                [
                    0.7597989439964294,
                    -0.6045231223106384,
                    0.2392849624156952
                ]
            ]
        ],
        "hand_pose": [
            [
                [
                    0.797536313533783,
                    -0.5480314493179321,
                    -0.25218498706817627
                ],
                [
                    0.5557624697685242,
                    0.8300553560256958,
                    -0.04621880501508713
                ],
                [
                    0.23465687036514282,
                    -0.103293776512146,
                    0.9665746092796326
                ]
            ],
            [
                [
                    0.9425647854804993,
                    -0.3102308511734009,
                    0.1238081157207489
                ],
                [
                    0.3311132788658142,
                    0.9166197180747986,
                    -0.22399164736270905
                ],
                [
                    -0.04399583861231804,
                    0.2521211504936218,
                    0.9666950106620789
                ]
            ],
            [
                [
                    0.8280670046806335,
                    -0.5503098368644714,
                    0.10707100480794907
                ],
                [
                    0.5386884808540344,
                    0.8339205980300903,
                    0.11996331065893173
                ],
                [
                    -0.15530569851398468,
                    -0.04165973886847496,
                    0.9869877099990845
                ]
            ],
            [
                [
                    0.8016827702522278,
                    -0.5838691592216492,
                    -0.128067746758461
                ],
                [
                    0.582771897315979,
                    0.8111064434051514,
                    -0.049831848591566086
                ],
                [
                    0.1329718679189682,
                    -0.03468494489789009,
                    0.9905126094818115
                ]
            ],
            [
                [
                    0.8840702176094055,
                    -0.4458341598510742,
                    -0.1401847004890442
                ],
                [
                    0.4670514166355133,
                    0.8320214748382568,
                    0.2993380129337311
                ],
                [
                    -0.01681843400001526,
                    -0.33010926842689514,
                    0.9437928795814514
                ]
            ],
            [
                [
                    0.8274036049842834,
                    -0.5615915656089783,
                    0.0042688180692493916
                ],
                [
                    0.5616073608398438,
                    0.8273693323135376,
                    -0.007571093272417784
                ],
                [
                    0.0007199734100140631,
                    0.008661748841404915,
                    0.999962329864502
                ]
            ],
            [
                [
                    0.6864199042320251,
                    -0.6968277096748352,
                    0.207987979054451
                ],
                [
                    0.6499806046485901,
                    0.7161594033241272,
                    0.2542459964752197
                ],
                [
                    -0.3261181712150574,
                    -0.0393313504755497,
                    0.9445105791091919
                ]
            ],
            [
                [
                    0.9833176732063293,
                    -0.1542251706123352,
                    -0.09644187986850739
                ],
                [
                    0.16837917268276215,
                    0.9723414182662964,
                    0.16186629235744476
                ],
                [
                    0.06881057471036911,
                    -0.17540477216243744,
                    0.9820888042449951
                ]
            ],
            [
                [
                    0.9829322099685669,
                    -0.18163137137889862,
                    0.029227767139673233
                ],
                [
                    0.1667155772447586,
                    0.9466126561164856,
                    0.2759176790714264
                ],
                [
                    -0.07778268307447433,
                    -0.266335666179657,
                    0.960736870765686
                ]
            ],
            [
                [
                    0.7368746399879456,
                    -0.6755679845809937,
                    0.02497379668056965
                ],
                [
                    0.6754578351974487,
                    0.7342302799224854,
                    -0.06828323751688004
                ],
                [
                    0.02779345028102398,
                    0.0671849325299263,
                    0.9973533749580383
                ]
            ],
            [
                [
                    0.9681670665740967,
                    -0.24930864572525024,
                    -0.022310391068458557
                ],
                [
                    0.22961418330669403,
                    0.8491166830062866,
                    0.47568705677986145
                ],
                [
                    -0.09964876621961594,
                    -0.4656673073768616,
                    0.8793315887451172
                ]
            ],
            [
                [
                    0.8696895837783813,
                    -0.48435086011886597,
                    -0.09510162472724915
                ],
                [
                    0.4927489459514618,
                    0.8632282614707947,
                    0.10970629751682281
                ],
                [
                    0.028958074748516083,
                    -0.14227163791656494,
                    0.989404022693634
                ]
            ],
            [
                [
                    0.9921858906745911,
                    -0.08367053419351578,
                    -0.09255552291870117
                ],
                [
                    -0.026054954156279564,
                    0.5865156054496765,
                    -0.8095188736915588
                ],
                [
                    0.12201811373233795,
                    0.8056046366691589,
                    0.579752504825592
                ]
            ],
            [
                [
                    0.8388760089874268,
                    -0.4498347342014313,
                    -0.30648937821388245
                ],
                [
                    0.5442622303962708,
                    0.6847965121269226,
                    0.48459506034851074
                ],
                [
                    -0.008104861713945866,
                    -0.5733257532119751,
                    0.8192874193191528
                ]
            ],
            [
                [
                    0.9178627729415894,
                    0.24754635989665985,
                    -0.3102397620677948
                ],
                [
                    -0.31228840351104736,
                    0.932860255241394,
                    -0.17957629263401031
                ],
                [
                    0.24495689570903778,
                    0.26171067357063293,
                    0.9335435628890991
                ]
            ]
        ],
        "betas": [
            0.004329904913902283,
            -0.03788354992866516,
            -0.0740119218826294,
            0.05940881371498108,
            0.018182426691055298,
            -0.004564981907606125,
            0.03807723522186279,
            -0.03213885426521301,
            -0.04222962260246277,
            -0.1039489209651947
        ]
    },
    "pred_cam_t": [
        -0.1503574699163437,
        -0.055058132857084274,
        5.2894086837768555
    ],
    "focal_length": [
        5000.0,
        5000.0
    ],
    "pred_keypoints_3d": [
        [
            0.09577563405036926,
            0.006389516405761242,
            0.006183764897286892
        ],
        [
            0.13399341702461243,
            0.001892630010843277,
            0.0034182509407401085
        ],
        [
            0.1638893485069275,
            0.008941613137722015,
            0.0007169069722294807
        ],
        [
            0.18504291772842407,
            0.024813801050186157,
            -0.005353529471904039
        ],
        [
            0.209477037191391,
            0.04528023302555084,
            -0.022369803860783577
        ],
        [
            0.16422301530838013,
            0.015009523369371891,
            -0.05276583507657051
        ],
        [
            0.18584053218364716,
            0.03547126054763794,
            -0.06709941476583481
        ],
        [
            0.20054423809051514,
            0.05206020921468735,
            -0.06572486460208893
        ],
        [
            0.21413281559944153,
            0.06791865825653076,
            -0.05227988585829735
        ],
        [
            0.1517677903175354,
            0.032606013119220734,
            -0.06572495400905609
        ],
        [
            0.1697292923927307,
            0.05595579370856285,
            -0.0773998349905014
        ],
        [
            0.1823856234550476,
            0.07447268813848495,
            -0.07123497873544693
        ],
        [
            0.19478072226047516,
            0.09022307395935059,
            -0.055364940315485
        ],
        [
            0.13123121857643127,
            0.048685744404792786,
            -0.059973686933517456
        ],
        [
            0.1503186821937561,
            0.06880652159452438,
            -0.0679386630654335
        ],
        [
            0.1647385060787201,
            0.08829117566347122,
            -0.06267169117927551
        ],
        [
            0.1778368502855301,
            0.10600274801254272,
            -0.049726396799087524
        ],
        [
            0.11657574772834778,
            0.061730023473501205,
            -0.0504855215549469
        ],
        [
            0.12887190282344818,
            0.07845664024353027,
            -0.05427991971373558
        ],
        [
            0.13908028602600098,
            0.0943482369184494,
            -0.05270108953118324
        ],
        [
            0.1511441171169281,
            0.10953966528177261,
            -0.04725143685936928
        ]
    ],
    "pred_vertices": [
        [
            0.1447111964225769,
            0.016768427565693855,
            -0.017408061772584915
        ],
        [
            0.1385057121515274,
            0.01611788012087345,
            -0.008516047149896622
        ],
        [
            0.14829067885875702,
            0.017026729881763458,
            -0.00874834880232811
        ],
        [
            0.153963103890419,
            0.015605642460286617,
            -0.01768435165286064
        ],
        [
            0.1413642168045044,
            0.017143718898296356,
            0.012604504823684692
        ],
        [
            0.14352433383464813,
            0.00806845910847187,
            0.020705189555883408
        ],
        [
            0.15918606519699097,
            0.012818356975913048,
            0.015405964106321335
        ],
        [
            0.1545090228319168,
            0.020808419212698936,
            0.01068025454878807
        ],
        [
            0.16074280440807343,
            0.014125360175967216,
            -0.018564864993095398
        ],
        [
            0.1560819298028946,
            0.018007688224315643,
            -0.008666988462209702
        ],
        [
            0.16185258328914642,
            0.011978312395513058,
            -0.0184343084692955
        ],
        [
            0.16311591863632202,
            0.0034041297622025013,
            -0.03218451514840126
        ],
        [
            0.1632274091243744,
            0.009204808622598648,
            -0.029055988416075706
        ],
        [
            0.1644502431154251,
            0.00198854086920619,
            -0.04128090664744377
        ],
        [
            0.15571904182434082,
            -0.004703175276517868,
            -0.03273369371891022
        ],
        [
            0.15783673524856567,
            -0.0012206276878714561,
            -0.04763399064540863
        ],
        [
            0.12828350067138672,
            0.0010665357112884521,
            -0.042173512279987335
        ],
        [
            0.11768893152475357,
            0.009649863466620445,
            -0.04298492148518562
        ],
        [
            0.12705150246620178,
            0.015634983777999878,
            -0.05609739199280739
        ],
        [
            0.13729344308376312,
            0.006906706839799881,
            -0.053471602499485016
        ],
        [
            0.11190098524093628,
            0.028599373996257782,
            -0.049944087862968445
        ],
        [
            0.1206260696053505,
            0.021758081391453743,
            -0.05413401871919632
        ],
        [
            0.11059300601482391,
            0.015095258131623268,
            -0.041778165847063065
        ],
        [
            0.10340631008148193,
            0.021639913320541382,
            -0.038527265191078186
        ],
        [
            0.12980109453201294,
            0.022771012037992477,
            -0.015893418341875076
        ],
        [
            0.12348238378763199,
            0.021159134805202484,
            -0.007377702742815018
        ],
        [
            0.12831708788871765,
            0.01792893558740616,
            -0.008405555039644241
        ],
        [
            0.13449707627296448,
            0.01968526653945446,
            -0.01614515483379364
        ],
        [
            0.16834375262260437,
            0.010229045525193214,
            -0.012022092938423157
        ],
        [
            0.16029807925224304,
            -0.0024157967418432236,
            -0.015160361304879189
        ],
        [
            0.16122496128082275,
            0.004017744213342667,
            -0.019290098920464516
        ],
        [
            0.16711826622486115,
            0.015552448108792305,
            -0.011213436722755432
        ],
        [
            0.10599096119403839,
            0.026167817413806915,
            0.01558859646320343
        ],
        [
            0.09711803495883942,
            0.017915882170200348,
            0.021593309938907623
        ],
        [
            0.10074891149997711,
            0.013266382738947868,
            0.02205156534910202
        ],
        [
            0.10784678161144257,
            0.021527014672756195,
            0.016048327088356018
        ],
        [
            0.12085261940956116,
            0.003390970639884472,
            0.023809023201465607
        ],
        [
            0.11139777302742004,
            -0.0012476295232772827,
            0.024781692773103714
        ],
        [
            0.1100778579711914,
            -0.014668723568320274,
            0.025206152349710464
        ],
        [
            0.1199641078710556,
            -0.012647781521081924,
            0.02207040786743164
        ],
        [
            0.13245722651481628,
            0.006230649538338184,
            0.022494040429592133
        ],
        [
            0.13267570734024048,
            -0.00751100666821003,
            0.022594567388296127
        ],
        [
            0.14558202028274536,
            -0.003345775417983532,
            0.020386967808008194
        ],
        [
            0.16236355900764465,
            0.0040641725063323975,
            0.014512043446302414
        ],
        [
            0.0876307338476181,
            0.026032060384750366,
            0.01859341561794281
        ],
        [
            0.09296208620071411,
            0.03354097530245781,
            0.014186516404151917
        ],
        [
            0.19262170791625977,
            0.03699267655611038,
            -0.057370610535144806
        ],
        [
            0.18920302391052246,
            0.04180020093917847,
            -0.05724311247467995
        ],
        [
            0.1863437294960022,
            0.0382983461022377,
            -0.05548318102955818
        ],
        [
            0.19027450680732727,
            0.03413023799657822,
            -0.05631369352340698
        ],
        [
            0.0766400545835495,
            0.028694801032543182,
            0.0017962977290153503
        ],
        [
            0.07290878146886826,
            0.022350188344717026,
            -0.0051189810037612915
        ],
        [
            0.06902121007442474,
            0.021395724266767502,
            0.0009882599115371704
        ],
        [
            0.07349306344985962,
            0.02576468512415886,
            0.008029088377952576
        ],
        [
            0.08091491460800171,
            0.0325312614440918,
            -0.00637643039226532
        ],
        [
            0.07896079123020172,
            0.023674458265304565,
            -0.013135332614183426
        ],
        [
            0.19481097161769867,
            0.03351813554763794,
            -0.06946196407079697
        ],
        [
            0.1962139755487442,
            0.03302077576518059,
            -0.06453325599431992
        ],
        [
            0.1928132027387619,
            0.02927483431994915,
            -0.06490006297826767
        ],
        [
            0.19025254249572754,
            0.02984847128391266,
            -0.0694165825843811
        ],
        [
            0.15892231464385986,
            0.01404796913266182,
            -0.026333382353186607
        ],
        [
            0.150838702917099,
            0.018451860174536705,
            -0.024718891829252243
        ],
        [
            0.16651403903961182,
            0.018100734800100327,
            -0.040923215448856354
        ],
        [
            0.1593538224697113,
            0.018596477806568146,
            -0.035616640001535416
        ],
        [
            0.16323579847812653,
            0.012691982090473175,
            -0.03447385132312775
        ],
        [
            0.16817903518676758,
            0.012229484505951405,
            -0.04009553790092468
        ],
        [
            0.13953471183776855,
            0.03163034841418266,
            -0.03447824716567993
        ],
        [
            0.13318538665771484,
            0.027788616716861725,
            -0.025397907942533493
        ],
        [
            0.13866578042507172,
            0.02414245903491974,
            -0.02627209573984146
        ],
        [
            0.1471129208803177,
            0.027601351961493492,
            -0.035479940474033356
        ],
        [
            0.1239534243941307,
            0.038383353501558304,
            -0.023566223680973053
        ],
        [
            0.13070860505104065,
            0.04103275015950203,
            -0.03295304998755455
        ],
        [
            0.12466728687286377,
            0.04671606421470642,
            -0.03083312138915062
        ],
        [
            0.12144395709037781,
            0.04439660161733627,
            -0.023912668228149414
        ],
        [
            0.14374247193336487,
            0.0425875224173069,
            -0.04892686381936073
        ],
        [
            0.1471172571182251,
            0.043898556381464005,
            -0.05476127937436104
        ],
        [
            0.14557653665542603,
            0.04727078229188919,
            -0.05441061407327652
        ],
        [
            0.14094418287277222,
            0.04488757252693176,
            -0.04846223443746567
        ],
        [
            0.0648849681019783,
            0.019441477954387665,
            0.006422646343708038
        ],
        [
            0.07087399810552597,
            0.02209111675620079,
            0.013763278722763062
        ],
        [
            0.09887014329433441,
            0.04419828578829765,
            -0.04215020313858986
        ],
        [
            0.09618240594863892,
            0.05063975974917412,
            -0.033461812883615494
        ],
        [
            0.1015549898147583,
            0.05771525576710701,
            -0.04292837902903557
        ],
        [
            0.10290424525737762,
            0.04881666973233223,
            -0.05028928071260452
        ],
        [
            0.07469599694013596,
            0.013721965253353119,
            -0.01063624769449234
        ],
        [
            0.06881143152713776,
            0.013640109449625015,
            -0.005431912839412689
        ],
        [
            0.1912432163953781,
            0.03691987693309784,
            -0.07317496091127396
        ],
        [
            0.186346635222435,
            0.03341497480869293,
            -0.0722571462392807
        ],
        [
            0.1420535147190094,
            -0.014336546882987022,
            0.013039682060480118
        ],
        [
            0.16258221864700317,
            -0.003819424659013748,
            0.009008031338453293
        ],
        [
            0.12581965327262878,
            -0.018922587856650352,
            0.01472567394375801
        ],
        [
            0.11447922140359879,
            -0.021069694310426712,
            0.015105340629816055
        ],
        [
            0.10620555281639099,
            -0.023617271333932877,
            0.017986983060836792
        ],
        [
            0.15750902891159058,
            0.02387765422463417,
            -0.03920803964138031
        ],
        [
            0.14188791811466217,
            0.020550500601530075,
            -0.022713344544172287
        ],
        [
            0.1260029375553131,
            0.02618652954697609,
            -0.01542491465806961
        ],
        [
            0.10920599102973938,
            0.051979660987854004,
            -0.01401408389210701
        ],
        [
            0.10419713705778122,
            0.04849759489297867,
            -0.005387626588344574
        ],
        [
            0.1131841391324997,
            0.04309982433915138,
            -0.007401164621114731
        ],
        [
            0.11535874009132385,
            0.04692033678293228,
            -0.01496945321559906
        ],
        [
            0.10023549944162369,
            0.05697903037071228,
            -0.026982691138982773
        ],
        [
            0.10767082870006561,
            0.05781326815485954,
            -0.024120476096868515
        ],
        [
            0.11143837869167328,
            0.060959357768297195,
            -0.03147232159972191
        ],
        [
            0.10481956601142883,
            0.061471253633499146,
            -0.035386960953474045
        ],
        [
            0.17247918248176575,
            0.004673779010772705,
            -0.009226717054843903
        ],
        [
            0.1603998988866806,
            -0.007641797885298729,
            -0.0097348652780056
        ],
        [
            0.08317667245864868,
            0.03249314799904823,
            0.009222127497196198
        ],
        [
            0.08098120987415314,
            0.027374615892767906,
            0.014703117311000824
        ],
        [
            0.07624591886997223,
            0.022092174738645554,
            0.019375517964363098
        ],
        [
            0.1157531887292862,
            0.022953122854232788,
            0.004724681377410889
        ],
        [
            0.10920682549476624,
            0.01833139732480049,
            0.016461364924907684
        ],
        [
            0.11262854933738708,
            0.015610065311193466,
            0.016554437577724457
        ],
        [
            0.11744281649589539,
            0.020111817866563797,
            0.0036243945360183716
        ],
        [
            0.13244357705116272,
            0.01746288873255253,
            0.00189146026968956
        ],
        [
            0.1282881796360016,
            0.014953266829252243,
            0.014282695949077606
        ],
        [
            0.14300581812858582,
            0.020553801208734512,
            0.00103001669049263
        ],
        [
            0.10464201867580414,
            0.006329081952571869,
            0.02393501251935959
        ],
        [
            0.09486182779073715,
            0.008051149547100067,
            0.028690949082374573
        ],
        [
            0.09957855194807053,
            0.0005168747156858444,
            0.029352255165576935
        ],
        [
            0.08804735541343689,
            0.01480957493185997,
            0.02665644884109497
        ],
        [
            0.08153383433818817,
            0.02006160281598568,
            0.023569144308567047
        ],
        [
            0.06159480661153793,
            0.011201824992895126,
            -0.001593470573425293
        ],
        [
            0.10368649661540985,
            -0.006702879443764687,
            0.02831387147307396
        ],
        [
            0.16423285007476807,
            0.021675780415534973,
            0.008566297590732574
        ],
        [
            0.1721091866493225,
            0.02335217222571373,
            0.0064317286014556885
        ],
        [
            0.16807325184345245,
            0.025228654965758324,
            0.0005303919315338135
        ],
        [
            0.1609141230583191,
            0.023409072309732437,
            0.0013991296291351318
        ],
        [
            0.16766002774238586,
            0.003974468447268009,
            -0.05001021549105644
        ],
        [
            0.16984038054943085,
            0.00782397948205471,
            -0.04373183101415634
        ],
        [
            0.16556456685066223,
            0.006235008127987385,
            -0.03574296087026596
        ],
        [
            0.10851732641458511,
            0.0340438075363636,
            0.0074058473110198975
        ],
        [
            0.09745367616415024,
            0.04005540907382965,
            0.00674082338809967
        ],
        [
            0.16471196711063385,
            0.023306354880332947,
            -0.044458940625190735
        ],
        [
            0.18623608350753784,
            0.026421424001455307,
            -0.06956292688846588
        ],
        [
            0.18918132781982422,
            0.025507163256406784,
            -0.06451480090618134
        ],
        [
            0.1772187352180481,
            0.012940280139446259,
            -0.05779256671667099
        ],
        [
            0.1742607057094574,
            0.014126857742667198,
            -0.06393039226531982
        ],
        [
            0.16472038626670837,
            0.02783382125198841,
            -0.05391458421945572
        ],
        [
            0.16688404977321625,
            0.02513858675956726,
            -0.047526851296424866
        ],
        [
            0.16758809983730316,
            0.026589352637529373,
            -0.04951304942369461
        ],
        [
            0.16573309898376465,
            0.030794944614171982,
            -0.05423673242330551
        ],
        [
            0.1382036805152893,
            0.05184434354305267,
            -0.05095834285020828
        ],
        [
            0.13437849283218384,
            0.04980775713920593,
            -0.04572994261980057
        ],
        [
            0.1474575698375702,
            0.015494604595005512,
            -0.062405992299318314
        ],
        [
            0.15351951122283936,
            0.003770592622458935,
            -0.06103041023015976
        ],
        [
            0.14699995517730713,
            -0.0003584660589694977,
            -0.05129585415124893
        ],
        [
            0.1339368373155594,
            0.0364236943423748,
            -0.03324123099446297
        ],
        [
            0.1391109675168991,
            0.04045748710632324,
            -0.041411373764276505
        ],
        [
            0.136068657040596,
            0.04326331242918968,
            -0.04113408178091049
        ],
        [
            0.15708516538143158,
            0.027027666568756104,
            -0.04288323596119881
        ],
        [
            0.1618342399597168,
            0.027489982545375824,
            -0.04811391606926918
        ],
        [
            0.15720272064208984,
            0.029852626845240593,
            -0.048039376735687256
        ],
        [
            0.15237098932266235,
            0.029845016077160835,
            -0.042531758546829224
        ],
        [
            0.08958141505718231,
            0.043935880064964294,
            -0.024234820157289505
        ],
        [
            0.09415730834007263,
            0.05169673264026642,
            -0.016781408339738846
        ],
        [
            0.19529293477535248,
            0.03405861556529999,
            -0.0600692555308342
        ],
        [
            0.19258588552474976,
            0.030753688886761665,
            -0.05985095351934433
        ],
        [
            0.127844899892807,
            0.032557424157857895,
            -0.024340249598026276
        ],
        [
            0.13880477845668793,
            -0.003914041444659233,
            -0.03947347402572632
        ],
        [
            0.12218967080116272,
            0.030120819807052612,
            -0.01471664011478424
        ],
        [
            0.12028982490301132,
            0.04690974950790405,
            -0.05901540815830231
        ],
        [
            0.12290485948324203,
            0.05401705577969551,
            -0.055072635412216187
        ],
        [
            0.12744013965129852,
            0.055664628744125366,
            -0.057786084711551666
        ],
        [
            0.1265421211719513,
            0.05181504786014557,
            -0.06264529377222061
        ],
        [
            0.17539174854755402,
            0.04046383127570152,
            -0.06074736639857292
        ],
        [
            0.17890755832195282,
            0.03951313719153404,
            -0.05625402182340622
        ],
        [
            0.18210822343826294,
            0.042358044534921646,
            -0.05765283480286598
        ],
        [
            0.17930658161640167,
            0.04373079538345337,
            -0.06256204843521118
        ],
        [
            0.16974622011184692,
            0.020700713619589806,
            -0.04488130658864975
        ],
        [
            0.17230689525604248,
            0.014981113374233246,
            -0.044488340616226196
        ],
        [
            0.1754186600446701,
            0.019074076786637306,
            -0.047585297375917435
        ],
        [
            0.17159929871559143,
            0.023678921163082123,
            -0.0480094850063324
        ],
        [
            0.17368590831756592,
            0.01073064748197794,
            -0.04885842651128769
        ],
        [
            0.17736275494098663,
            0.014693030156195164,
            -0.05172864347696304
        ],
        [
            0.17442670464515686,
            0.03864993527531624,
            -0.0668783187866211
        ],
        [
            0.17718268930912018,
            0.03392794728279114,
            -0.07199257612228394
        ],
        [
            0.16532015800476074,
            0.02413950115442276,
            -0.06702248752117157
        ],
        [
            0.16541816294193268,
            0.03031807206571102,
            -0.06179365515708923
        ],
        [
            0.0945984274148941,
            0.01434001512825489,
            -0.028569024056196213
        ],
        [
            0.08840078115463257,
            0.0231495164334774,
            -0.025686144828796387
        ],
        [
            0.09688027203083038,
            0.030624916777014732,
            -0.035672008991241455
        ],
        [
            0.1042584776878357,
            0.03790922462940216,
            -0.04629551246762276
        ],
        [
            0.11257258802652359,
            0.04434831067919731,
            -0.05553652346134186
        ],
        [
            0.11817097663879395,
            0.034443989396095276,
            -0.060299161821603775
        ],
        [
            0.09222689270973206,
            0.03633004426956177,
            -0.03210313618183136
        ],
        [
            0.15801234543323517,
            0.025599727407097816,
            -0.06065396964550018
        ],
        [
            0.15715539455413818,
            0.01746661774814129,
            -0.06342071294784546
        ],
        [
            0.1535518318414688,
            0.021072007715702057,
            -0.06345351785421371
        ],
        [
            0.11854487657546997,
            0.03651031106710434,
            -0.013439018279314041
        ],
        [
            0.18959571421146393,
            0.026815496385097504,
            -0.0593712218105793
        ],
        [
            0.09836991131305695,
            -0.0211317278444767,
            -0.002500426024198532
        ],
        [
            0.08834812790155411,
            -0.0137998778373003,
            -0.007934510707855225
        ],
        [
            0.09551674872636795,
            -0.011826984584331512,
            -0.012693092226982117
        ],
        [
            0.1073594018816948,
            -0.019509999081492424,
            -0.006088580936193466
        ],
        [
            0.1837540864944458,
            0.03531145304441452,
            -0.053750716149806976
        ],
        [
            0.18783186376094818,
            0.030573440715670586,
            -0.05458558723330498
        ],
        [
            0.1305091381072998,
            0.05521734803915024,
            -0.04596893489360809
        ],
        [
            0.13415676355361938,
            0.05598637834191322,
            -0.05101148784160614
        ],
        [
            0.1316705197095871,
            0.05809687450528145,
            -0.05337945371866226
        ],
        [
            0.12841419875621796,
            0.06030607596039772,
            -0.048140838742256165
        ],
        [
            0.08514554798603058,
            0.027136029675602913,
            -0.022655576467514038
        ],
        [
            0.1064511314034462,
            0.06294527649879456,
            -0.04711643606424332
        ],
        [
            0.10740552842617035,
            0.05484510213136673,
            -0.05410810559988022
        ],
        [
            0.08122561872005463,
            0.016284272074699402,
            -0.0171007439494133
        ],
        [
            0.08614090830087662,
            0.008310273289680481,
            -0.019953329116106033
        ],
        [
            0.07967730611562729,
            0.004448726773262024,
            -0.013738233596086502
        ],
        [
            0.13211145997047424,
            0.029366375878453255,
            -0.06444113701581955
        ],
        [
            0.10092231631278992,
            0.0091028343886137,
            -0.0314042866230011
        ],
        [
            0.09180343151092529,
            0.0034044086933135986,
            -0.021607667207717896
        ],
        [
            0.0843367800116539,
            -0.0014456994831562042,
            -0.01425614207983017
        ],
        [
            0.0782528966665268,
            -0.004632599651813507,
            -0.00948072224855423
        ],
        [
            0.07384738326072693,
            0.002227228134870529,
            -0.009282797574996948
        ],
        [
            0.18167515099048615,
            0.03008318319916725,
            -0.07196631282567978
        ],
        [
            0.18185696005821228,
            0.038369935005903244,
            -0.07299920916557312
        ],
        [
            0.06616076827049255,
            -0.000744502991437912,
            -0.005414683371782303
        ],
        [
            0.07180994004011154,
            -0.008117418736219406,
            -0.005290355533361435
        ],
        [
            0.09876694530248642,
            -0.0026247650384902954,
            -0.022161219269037247
        ],
        [
            0.10814177244901657,
            -0.009444475173950195,
            -0.021490614861249924
        ],
        [
            0.10741943120956421,
            0.003258243203163147,
            -0.031481076031923294
        ],
        [
            0.11719131469726562,
            -0.00306672602891922,
            -0.03183062747120857
        ],
        [
            0.1348828673362732,
            0.01899447664618492,
            -0.06582728028297424
        ],
        [
            0.19351458549499512,
            0.053074270486831665,
            -0.07185689359903336
        ],
        [
            0.18443776667118073,
            0.04620858281850815,
            -0.0708707720041275
        ],
        [
            0.1836257129907608,
            0.04727291315793991,
            -0.06521540880203247
        ],
        [
            0.19159278273582458,
            0.05457131564617157,
            -0.06831663101911545
        ],
        [
            0.17896725237369537,
            0.042399562895298004,
            -0.06832406669855118
        ],
        [
            0.1869039237499237,
            0.04198675602674484,
            -0.0738634318113327
        ],
        [
            0.1303846389055252,
            -0.009479889646172523,
            -0.027342569082975388
        ],
        [
            0.16073234379291534,
            0.0307658351957798,
            -0.053735703229904175
        ],
        [
            0.12341974675655365,
            -0.016332650557160378,
            -0.013179551810026169
        ],
        [
            0.14788340032100677,
            -0.011278260499238968,
            -0.02392277680337429
        ],
        [
            0.14404141902923584,
            -0.01514027826488018,
            -0.011733882129192352
        ],
        [
            0.11783093959093094,
            -0.023042703047394753,
            0.00267820805311203
        ],
        [
            0.13578341901302338,
            -0.02025844156742096,
            0.0016288571059703827
        ],
        [
            0.10018877685070038,
            -0.02583550289273262,
            0.009040333330631256
        ],
        [
            0.10788077116012573,
            -0.023918937891721725,
            0.0046786293387413025
        ],
        [
            0.1536661982536316,
            -0.013284017331898212,
            0.0007086209952831268
        ],
        [
