{
    "pred_cam": [
        10.136290550231934,
        0.13086305558681488,
        -0.053387388586997986
    ],
    "pred_mano_params": {
        "global_orient": [
            [
                [
                    -0.38121742010116577,
                    -0.3792141377925873,
                    0.843130886554718
                ],
                [
                    -0.4690700173377991,
                    -0.7065479755401611,
                    -0.5298709273338318
                ],
                [
                    0.7966470122337341,
                    -0.5974835157394409,
                    0.09147042036056519
                ]
            ]
        ],
        "hand_pose": [
            [
                [
                    0.7019388675689697,
                    -0.6725204586982727,
                    -0.2345169186592102
                ],
                [
                    0.6647254228591919,
                    0.7368285655975342,
                    -0.12338460236787796
                ],
                [
                    0.2557774484157562,
                    -0.06928091496229172,
                    0.9642500877380371
                ]
            ],
            [
                [
                    0.8605379462242126,
                    -0.48505327105522156,
                    0.155556321144104
                ],
                [
                    0.5093414187431335,
                    0.8153020739555359,
                    -0.2754158675670624
                ],
                [
                    0.006765965837985277,
                    0.31623706221580505,
                    0.9486560821533203
                ]
            ],
            [
                [
                    0.755688488483429,
                    -0.6507496237754822,
                    0.07389046996831894
                ],
                [
                    0.6453413367271423,
                    0.7591053247451782,
                    0.0854027271270752
                ],
                [
                    -0.11166644096374512,
                    -0.01685328595340252,
                    0.9936028122901917
                ]
            ],
            [
                [
                    0.5916463732719421,
                    -0.7983648180961609,
                    -0.11210832744836807
                ],
                [
                    0.8054174184799194,
                    0.5914472937583923,
                    0.038637109100818634
                ],
                [
                    0.03545966371893883,
                    -0.11315350234508514,
                    0.992944598197937
                ]
            ],
            [
                [
                    0.8946220874786377,
                    -0.4235679507255554,
                    -0.14227238297462463
                ],
                [
                    0.4467829763889313,
                    0.8522709012031555,
                    0.27206486463546753
                ],
                [
                    0.006016656290739775,
                    -0.3069601356983185,
                    0.9517033100128174
                ]
            ],
            [
                [
                    0.7988728880882263,
                    -0.5857411026954651,
                    -0.13678234815597534
                ],
                [
                    0.5924594402313232,
                    0.8055287003517151,
                    0.010736643336713314
                ],
                [
                    0.1038932129740715,
                    -0.08961521834135056,
                    0.9905428886413574
                ]
            ],
            [
                [
                    0.6192540526390076,
                    -0.7399188280105591,
                    0.2627633512020111
                ],
                [
                    0.6777384281158447,
                    0.6726710796356201,
                    0.296958327293396
                ],
                [
                    -0.3964783549308777,
                    -0.005807823035866022,
                    0.9180256724357605
                ]
            ],
            [
                [
                    0.9656059741973877,
                    -0.25690513849258423,
                    -0.04006078839302063
                ],
                [
                    0.25972074270248413,
                    0.9457516074180603,
                    0.19518981873989105
                ],
                [
                    -0.012257713824510574,
                    -0.19888107478618622,
                    0.9799469709396362
                ]
            ],
            [
                [
                    0.9433790445327759,
                    -0.3310427665710449,
                    -0.02113696001470089
                ],
                [
                    0.32116514444351196,
                    0.895571231842041,
                    0.30790457129478455
                ],
                [
                    -0.08299989253282547,
                    -0.2972591519355774,
                    0.9511825442314148
                ]
            ],
            [
                [
                    0.6340446472167969,
                    -0.7576784491539001,
                    0.15463098883628845
                ],
                [
                    0.7680298089981079,
                    0.6403060555458069,
                    -0.011763861402869225
                ],
                [
                    -0.09009794145822525,
                    0.12622001767158508,
                    0.9879022240638733
                ]
            ],
            [
                [
                    0.9323909282684326,
                    -0.3599013090133667,
                    -0.033439744263887405
                ],
                [
                    0.3244672417640686,
                    0.7926307916641235,
                    0.5161951780319214
                ],
                [
                    -0.15927395224571228,
                    -0.4921457767486572,
                    0.8558179140090942
                ]
            ],
            [
                [
                    0.7416560649871826,
                    -0.6143546104431152,
                    -0.26928552985191345
                ],
                [
                    0.6583777666091919,
                    0.7435503602027893,
                    0.11692553013563156
                ],
                [
                    0.12839360535144806,
                    -0.26401016116142273,
                    0.955936074256897
                ]
            ],
            [
                [
                    0.9866406321525574,
                    -0.12909381091594696,
                    -0.09937284141778946
                ],
                [
                    -0.026300428435206413,
                    0.4757603108882904,
                    -0.8791816830635071
                ],
                [
                    0.16077455878257751,
                    0.8700500130653381,
                    0.4660092294216156
                ]
            ],
            [
                [
                    0.8697488903999329,
                    -0.36555740237236023,
                    -0.3315187990665436
                ],
                [
                    0.492625892162323,
                    0.6829767823219299,
                    0.5393166542053223
                ],
                [
                    0.02926848828792572,
                    -0.6323847770690918,
                    0.7741013169288635
                ]
            ],
            [
                [
                    0.8599366545677185,
                    0.3934161067008972,
                    -0.32516568899154663
                ],
                [
                    -0.3986320495605469,
                    0.9155495762825012,
                    0.053491707891225815
                ],
                [
                    0.3187498450279236,
                    0.08362199366092682,
                    0.9441429376602173
                ]
            ]
        ],
        "betas": [
            0.02067643404006958,
            -0.1296846866607666,
            -0.011829257011413574,
            -0.02442726492881775,
            -0.020094633102416992,
            -0.0031268037855625153,
            0.09477344155311584,
            -0.04596942663192749,
            -0.06318414211273193,
            -0.07789221405982971
        ]
    },
    "pred_cam_t": [
        -0.13086305558681488,
        -0.053387388586997986,
        3.853727340698242
    ],
    "focal_length": [
        5000.0,
        5000.0
    ],
    "pred_keypoints_3d": [
        [
            0.0956738069653511,
            0.006371714640408754,
            0.006209595128893852
        ],
        [
            0.13242116570472717,
            0.014918064698576927,
            -0.0013434458523988724
        ],
        [
            0.15550850331783295,
            0.03464288264513016,
            -0.006085243076086044
        ],
        [
            0.1672336310148239,
            0.05727017670869827,
            -0.015247582457959652
        ],
        [
            0.17750336229801178,
            0.07970607280731201,
            -0.0416562482714653
        ],
        [
            0.1484915316104889,
            0.04048039764165878,
            -0.05890817195177078
        ],
        [
            0.1602339893579483,
            0.06960447132587433,
            -0.06898144632577896
        ],
        [
            0.16621728241443634,
            0.0891011506319046,
            -0.06028600037097931
        ],
        [
            0.16805344820022583,
            0.1019187718629837,
            -0.03917326778173447
        ],
        [
            0.12942732870578766,
            0.0536661297082901,
            -0.06858714669942856
        ],
        [
            0.1402350217103958,
            0.08343450725078583,
            -0.07012687623500824
        ],
        [
            0.14711888134479523,
            0.10175904631614685,
            -0.05754049867391586
        ],
        [
            0.1515592634677887,
            0.11404591798782349,
            -0.03544624149799347
        ],
        [
            0.10587120056152344,
            0.061687812209129333,
            -0.05902985483407974
        ],
        [
            0.11956049501895905,
            0.08677864819765091,
            -0.06329106539487839
        ],
        [
            0.12895184755325317,
            0.10673941671848297,
            -0.05194782093167305
        ],
        [
            0.13283349573612213,
            0.11944250762462616,
            -0.03000277653336525
        ],
        [
            0.08928853273391724,
            0.06855359673500061,
            -0.04668722301721573
        ],
        [
            0.09638592600822449,
            0.08827465772628784,
            -0.04912908375263214
        ],
        [
            0.10295269638299942,
            0.10536667704582214,
            -0.04430578649044037
        ],
        [
            0.11016789823770523,
            0.11981138586997986,
            -0.03310340270400047
        ]
    ],
    "pred_vertices": [
        [
            0.13455228507518768,
            0.03357832878828049,
            -0.021716438233852386
        ],
        [
            0.1299489587545395,
            0.030143752694129944,
            -0.012489710003137589
        ],
        [
            0.13789544999599457,
            0.03479472175240517,
            -0.01376885175704956
        ],
        [
            0.14310605823993683,
            0.03577150031924248,
            -0.023213472217321396
        ],
        [
            0.13346704840660095,
            0.03229396790266037,
            0.00796554982662201
        ],
        [
            0.1398080736398697,
            0.02476564608514309,
            0.015142776072025299
        ],
        [
            0.1511303335428238,
            0.035853754729032516,
            0.008817441761493683
        ],
        [
            0.143402561545372,
            0.041341450065374374,
            0.005122140049934387
        ],
        [
            0.1492435783147812,
            0.03707598149776459,
            -0.025005564093589783
        ],
        [
            0.14426535367965698,
            0.038942549377679825,
            -0.014410208910703659
        ],
        [
            0.15047520399093628,
            0.03579585626721382,
            -0.02512042410671711
        ],
        [
            0.1535661220550537,
            0.02846607007086277,
            -0.03968348354101181
        ],
        [
            0.15224479138851166,
            0.0335545688867569,
            -0.03608713299036026
        ],
        [
            0.1543624997138977,
            0.027903692796826363,
            -0.048956334590911865
        ],
        [
            0.14951872825622559,
            0.018451398238539696,
            -0.04011394828557968
        ],
        [
            0.14861349761486053,
            0.023109305649995804,
            -0.05511172488331795
        ],
        [
            0.12092966586351395,
            0.01501530036330223,
            -0.04596923664212227
        ],
        [
            0.10812769830226898,
            0.01960821822285652,
            -0.04470812529325485
        ],
        [
            0.11297890543937683,
            0.029178401455283165,
            -0.05871633440256119
        ],
        [
            0.125807985663414,
            0.02418450638651848,
            -0.05802936851978302
        ],
        [
            0.09555656462907791,
            0.03601326793432236,
            -0.049304671585559845
        ],
        [
            0.10531297326087952,
            0.03271947428584099,
            -0.05521756410598755
        ],
        [
            0.09990581125020981,
            0.02233707159757614,
            -0.042131852358579636
        ],
        [
            0.09155120700597763,
            0.025938939303159714,
            -0.0374080166220665
        ],
        [
            0.11910344660282135,
            0.034290991723537445,
            -0.01783682405948639
        ],
        [
            0.11502490192651749,
            0.03005647100508213,
            -0.008911725133657455
        ],
        [
            0.12039434909820557,
            0.028428183868527412,
            -0.010913826525211334
        ],
        [
            0.12443100661039352,
            0.03287487104535103,
            -0.018969837576150894
        ],
        [
            0.1571197509765625,
            0.03697459399700165,
            -0.01963387057185173
        ],
        [
            0.1547546684741974,
            0.021988170221447945,
            -0.02261890098452568
        ],
        [
            0.15263809263706207,
            0.02828889712691307,
            -0.026442591100931168
        ],
        [
            0.15403886139392853,
            0.04143143445253372,
            -0.018374580889940262
        ],
        [
            0.10023514926433563,
            0.027818668633699417,
            0.016351163387298584
        ],
        [
            0.09541690349578857,
            0.016727842390537262,
            0.02241678535938263
        ],
        [
            0.10036808252334595,
            0.013491913676261902,
            0.021965250372886658
        ],
        [
            0.10355688631534576,
            0.023954104632139206,
            0.01609186828136444
        ],
        [
            0.12219589948654175,
            0.011158440262079239,
            0.020299255847930908
        ],
        [
            0.11538901180028915,
            0.00330260768532753,
            0.02199176698923111
        ],
        [
            0.11854618787765503,
            -0.009591653943061829,
            0.02122464030981064
        ],
        [
            0.12666502594947815,
            -0.0038342811167240143,
            0.01735028624534607
        ],
        [
            0.13115763664245605,
            0.018321596086025238,
            0.017818652093410492
        ],
        [
            0.13647450506687164,
            0.00584808737039566,
            0.016925178468227386
        ],
        [
            0.145998015999794,
            0.015234392136335373,
            0.014003854244947433
        ],
        [
            0.15718622505664825,
            0.02912505343556404,
            0.007018484175205231
        ],
        [
            0.08353936672210693,
            0.021415304392576218,
            0.02140430361032486
        ],
        [
            0.08547712862491608,
            0.030544377863407135,
            0.017220400273799896
        ],
        [
            0.16517165303230286,
            0.07057454437017441,
            -0.057254403829574585
        ],
        [
            0.16000810265541077,
            0.07349783182144165,
            -0.05653524026274681
        ],
        [
            0.15911278128623962,
            0.06922443956136703,
            -0.0556374117732048
        ],
        [
            0.16436293721199036,
            0.06717445701360703,
            -0.0569218248128891
        ],
        [
            0.07003159821033478,
            0.02128986269235611,
            0.006354667246341705
        ],
        [
            0.06761544197797775,
            0.014502480626106262,
            -0.0006721764802932739
        ],
        [
            0.06515813618898392,
            0.011937901377677917,
            0.005696311593055725
        ],
        [
            0.06893660128116608,
            0.017097502946853638,
            0.012570716440677643
        ],
        [
            0.07158033549785614,
            0.026812538504600525,
            -0.0018375515937805176
        ],
        [
            0.07167239487171173,
            0.018246807157993317,
            -0.009146071970462799
        ],
        [
            0.16893737018108368,
            0.07141602039337158,
            -0.06943298876285553
        ],
        [
            0.17030681669712067,
            0.070283442735672,
            -0.06457286328077316
        ],
        [
            0.1686573624610901,
            0.065712571144104,
            -0.06609882414340973
        ],
        [
            0.16607175767421722,
            0.06615050137042999,
            -0.07066508382558823
        ],
        [
            0.1472889631986618,
            0.036348022520542145,
            -0.03241627663373947
        ],
        [
            0.13875043392181396,
            0.03766532987356186,
            -0.029428992420434952
        ],
        [
            0.15069101750850677,
            0.04309968650341034,
            -0.046769462525844574
        ],
        [
            0.14506526291370392,
            0.041174013167619705,
            -0.041115134954452515
        ],
        [
            0.15059487521648407,
            0.03684772551059723,
            -0.04102279990911484
        ],
        [
            0.1543767899274826,
            0.0383014902472496,
            -0.04673299193382263
        ],
        [
            0.12264516949653625,
            0.04689368978142738,
            -0.036409128457307816
        ],
        [
            0.11926409602165222,
            0.04070711135864258,
            -0.02710631862282753
        ],
        [
            0.1254218965768814,
            0.03911614418029785,
            -0.028958454728126526
        ],
        [
            0.13085804879665375,
            0.045651789754629135,
            -0.03864559531211853
        ],
        [
            0.1074925884604454,
            0.04750384762883186,
            -0.02321689948439598
        ],
        [
            0.11158672720193863,
            0.05272226780653,
            -0.032988421618938446
        ],
        [
            0.10436248034238815,
            0.05590454488992691,
            -0.029668450355529785
        ],
        [
            0.10314008593559265,
            0.05232461541891098,
            -0.022672932595014572
        ],
        [
            0.12078907340765,
            0.059046972543001175,
            -0.04993433132767677
        ],
        [
            0.12271767109632492,
            0.06133396923542023,
            -0.05496688559651375
        ],
        [
            0.12040091305971146,
            0.06426586955785751,
            -0.053824372589588165
        ],
        [
            0.11755003780126572,
            0.0604049377143383,
            -0.04870569333434105
        ],
        [
            0.06269081681966782,
            0.008389770984649658,
            0.011329539120197296
        ],
        [
            0.06847600638866425,
            0.012413710355758667,
            0.018148310482501984
        ],
        [
            0.07930710166692734,
            0.04582381248474121,
            -0.03848119080066681
        ],
        [
            0.07594437897205353,
            0.050429172813892365,
            -0.028824463486671448
        ],
        [
            0.0773463323712349,
            0.05945650860667229,
            -0.038422051817178726
        ],
        [
            0.08040662109851837,
            0.051982391625642776,
            -0.04693049564957619
        ],
        [
            0.07128997892141342,
            0.007335122674703598,
            -0.007164802402257919
        ],
        [
            0.06655570864677429,
            0.004974298179149628,
            -0.001379258930683136
        ],
        [
            0.16429713368415833,
            0.07388727366924286,
            -0.0727977603673935
        ],
        [
            0.16110703349113464,
            0.06843270361423492,
            -0.07318413257598877
        ],
        [
            0.14629091322422028,
            0.003715869039297104,
            0.0062747523188591
        ],
        [
            0.1599118858575821,
            0.02202063798904419,
            0.0011011511087417603
        ],
        [
            0.13340750336647034,
            -0.007145751267671585,
            0.00902966782450676
        ],
        [
            0.12356218695640564,
            -0.013416159898042679,
            0.010219812393188477
        ],
        [
            0.11690503358840942,
            -0.018891554325819016,
            0.0136018767952919
        ],
        [
            0.14108289778232574,
            0.04561907425522804,
            -0.04388456791639328
        ],
        [
            0.13007090985774994,
            0.03656740486621857,
            -0.02619258686900139
        ],
        [
            0.11451217532157898,
            0.036266475915908813,
            -0.0166008323431015
        ],
        [
            0.09061373770236969,
            0.05481899529695511,
            -0.010769303888082504
        ],
        [
            0.08830229192972183,
            0.049433913081884384,
            -0.002003900706768036
        ],
        [
            0.09820277243852615,
            0.04742554947733879,
            -0.005543358623981476
        ],
        [
            0.09789995849132538,
            0.05216189846396446,
            -0.012902859598398209
        ],
        [
            0.0786287784576416,
            0.05730917677283287,
            -0.022222135215997696
        ],
        [
            0.08575908094644547,
            0.06034991145133972,
            -0.020079761743545532
        ],
        [
            0.08709768950939178,
            0.06491043418645859,
            -0.027522511780261993
        ],
        [
            0.08018322288990021,
            0.06351038813591003,
            -0.030805926769971848
        ],
        [
            0.1633777618408203,
            0.0336313396692276,
            -0.01770714856684208
        ],
        [
            0.1575167328119278,
            0.01733226329088211,
            -0.0176214762032032
        ],
        [
            0.07596845924854279,
            0.026598654687404633,
            0.013327673077583313
        ],
        [
            0.07635258138179779,
            0.020707719027996063,
            0.018466606736183167
        ],
        [
            0.07426717877388,
            0.01386086642742157,
            0.023068688809871674
        ],
        [
            0.10893946886062622,
            0.02845902182161808,
            0.004094988107681274
        ],
        [
            0.10592921078205109,
            0.02130107209086418,
            0.015992678701877594
        ],
        [
            0.10997295379638672,
            0.019782807677984238,
            0.015342377126216888
        ],
        [
            0.11131253838539124,
            0.026213550940155983,
            0.002437502145767212
        ],
        [
            0.12478272616863251,
            0.028688449412584305,
            -0.0017042756080627441
        ],
        [
            0.12345025688409805,
            0.024699898436665535,
            0.010807149112224579
        ],
        [
            0.1323438584804535,
            0.035981692373752594,
            -0.0033824853599071503
        ],
        [
            0.10650558769702911,
            0.00812046229839325,
            0.022635310888290405
        ],
        [
            0.09745386242866516,
            0.006225600838661194,
            0.02862793207168579
        ],
        [
            0.10437297821044922,
            0.0006702356040477753,
            0.027950577437877655
        ],
        [
            0.08864007890224457,
            0.010461699217557907,
            0.028112009167671204
        ],
        [
            0.08044770359992981,
            0.013452000916004181,
            0.02638661116361618
        ],
        [
            0.0611235685646534,
            4.5627355575561523e-05,
            0.002952754497528076
        ],
        [
            0.1104004830121994,
            -0.00463423877954483,
            0.025747783482074738
        ],
        [
            0.15150701999664307,
            0.046338506042957306,
            0.0018520280718803406
        ],
        [
            0.15780605375766754,
            0.051177728921175,
            -0.001565493643283844
        ],
        [
            0.15264932811260223,
            0.051221929490566254,
            -0.006570205092430115
        ],
        [
            0.14711657166481018,
            0.04666844755411148,
            -0.00463142991065979
        ],
        [
            0.15582923591136932,
            0.03160114213824272,
            -0.0572434701025486
        ],
        [
            0.15702684223651886,
            0.03524282947182655,
            -0.050752028822898865
        ],
        [
            0.15461879968643188,
            0.03181496635079384,
            -0.0431683287024498
        ],
        [
            0.09890499711036682,
            0.03655286878347397,
            0.008753880858421326
        ],
        [
            0.08647048473358154,
            0.03858400881290436,
            0.009960934519767761
        ],
        [
            0.14672589302062988,
            0.04746309295296669,
            -0.04938869923353195
        ],
        [
            0.1638735830783844,
            0.0615348219871521,
            -0.07188237458467484
        ],
        [
            0.1669931858778,
            0.060772255063056946,
            -0.06682085245847702
        ],
        [
            0.1610124409198761,
            0.04382991045713425,
            -0.06290978938341141
        ],
        [
            0.15762384235858917,
            0.04475467652082443,
            -0.0689513236284256
        ],
        [
            0.14380483329296112,
            0.05212882533669472,
            -0.05755126476287842
        ],
        [
            0.14728480577468872,
            0.04989771917462349,
            -0.051696114242076874
        ],
        [
            0.14706315100193024,
            0.05151853337883949,
            -0.05315011367201805
        ],
        [
            0.1434629112482071,
            0.05530116707086563,
            -0.05723967403173447
        ],
        [
            0.11233615130186081,
            0.06624209135770798,
            -0.049585308879613876
        ],
        [
            0.11011386662721634,
            0.06280162185430527,
            -0.04483415186405182
        ],
        [
            0.13130241632461548,
            0.03619866073131561,
            -0.06717481464147568
        ],
        [
            0.14139224588871002,
            0.027242587879300117,
            -0.06791426986455917
        ],
        [
            0.1377229541540146,
            0.02033306658267975,
            -0.05764056742191315
        ],
        [
            0.11605735123157501,
            0.04948859661817551,
            -0.03407911956310272
        ],
        [
            0.11837077885866165,
            0.05535432696342468,
            -0.04231414198875427
        ],
        [
            0.11467105150222778,
            0.056983787566423416,
            -0.041374027729034424
        ],
        [
            0.13914306461811066,
            0.0486198291182518,
            -0.04703745245933533
        ],
        [
            0.14232705533504486,
            0.05063699558377266,
            -0.052371636033058167
        ],
        [
            0.13757279515266418,
            0.05142591893672943,
            -0.051725924015045166
        ],
        [
            0.13400360941886902,
            0.04979965463280678,
            -0.045907940715551376
        ],
        [
            0.07333727180957794,
            0.04143697768449783,
            -0.01944265142083168
        ],
        [
            0.07619848847389221,
            0.049773212522268295,
            -0.011845771223306656
        ],
        [
            0.16890671849250793,
            0.06970605254173279,
            -0.060147643089294434
        ],
        [
            0.16787046194076538,
            0.06584225594997406,
            -0.06084495410323143
        ],
        [
            0.1129004955291748,
            0.04336739704012871,
            -0.02499031275510788
        ],
        [
            0.13290190696716309,
            0.013687605038285255,
            -0.044952236115932465
        ],
        [
            0.10979586839675903,
            0.03867843747138977,
            -0.01507570594549179
        ],
        [
            0.09649769216775894,
            0.05677144229412079,
            -0.057339414954185486
        ],
        [
            0.09722781181335449,
            0.06405064463615417,
            -0.05279611051082611
        ],
        [
            0.10081864893436432,
            0.0676288977265358,
            -0.05530400946736336
        ],
        [
            0.10092784464359283,
            0.064168781042099,
            -0.06039542704820633
        ],
        [
            0.14842845499515533,
            0.06848350167274475,
            -0.06138955429196358
        ],
        [
            0.15218378603458405,
            0.06812798976898193,
            -0.05693019554018974
        ],
        [
            0.15362480282783508,
            0.07164813578128815,
            -0.0573214516043663
        ],
        [
            0.150462806224823,
            0.07294342666864395,
            -0.062103718519210815
        ],
        [
            0.1517406553030014,
            0.0466282032430172,
            -0.049618154764175415
        ],
        [
            0.1563701331615448,
            0.042456645518541336,
            -0.050105415284633636
        ],
        [
            0.15726736187934875,
            0.04738886281847954,
            -0.05196383595466614
        ],
        [
            0.15193437039852142,
            0.05020177736878395,
            -0.0518728569149971
        ],
        [
            0.1589030921459198,
            0.03953942656517029,
            -0.05473615229129791
        ],
        [
            0.1606149673461914,
            0.044630490243434906,
            -0.056629832834005356
        ],
        [
            0.1481105238199234,
            0.06773702800273895,
            -0.06775582581758499
        ],
        [
            0.15254183113574982,
            0.06559522449970245,
            -0.07336486130952835
        ],
        [
            0.14523279666900635,
            0.051126137375831604,
            -0.07075244188308716
        ],
        [
            0.14300762116909027,
            0.05592881515622139,
            -0.0647863894701004
        ],
        [
            0.08711075782775879,
            0.015557538717985153,
            -0.027172435075044632
        ],
        [
            0.0788596123456955,
            0.021616686135530472,
            -0.02272852510213852
        ],
        [
            0.08291848003864288,
            0.032031577080488205,
            -0.03294967859983444
        ],
        [
            0.0858827605843544,
            0.04197400435805321,
            -0.04387538507580757
        ],
        [
            0.09023946523666382,
            0.05131397396326065,
            -0.05368460342288017
        ],
        [
            0.09813150763511658,
            0.04427235573530197,
            -0.0600074827671051
        ],
        [
            0.07718921452760696,
            0.035634845495224,
            -0.028301171958446503
        ],
        [
            0.1379144936800003,
            0.048329535871744156,
            -0.06342857331037521
        ],
        [
            0.13991715013980865,
            0.041515052318573,
            -0.0684133768081665
        ],
        [
            0.13522911071777344,
            0.04347837716341019,
            -0.06695963442325592
        ],
        [
            0.10451441258192062,
            0.04339751601219177,
            -0.012754183262586594
        ],
        [
            0.1669708639383316,
            0.061173535883426666,
            -0.06151026114821434
        ],
        [
            0.1058226004242897,
            -0.01807451993227005,
            -0.005516361445188522
        ],
        [
            0.09322669357061386,
            -0.014231357723474503,
            -0.008991364389657974
        ],
        [
            0.09860174357891083,
            -0.009701378643512726,
            -0.014272522181272507
        ],
        [
            0.11334074288606644,
            -0.013306621462106705,
            -0.009834077209234238
        ],
        [
            0.15841534733772278,
            0.06579390168190002,
            -0.05494726821780205
        ],
        [
            0.16393665969371796,
            0.06304879486560822,
            -0.056297071278095245
        ],
        [
            0.10482167452573776,
            0.06674472987651825,
            -0.04410295933485031
        ],
        [
            0.10740487277507782,
            0.06913270801305771,
            -0.049011245369911194
        ],
        [
            0.10441126674413681,
            0.0706401988863945,
            -0.050897520035505295
        ],
        [
            0.1011396199464798,
            0.07115021347999573,
            -0.04552984610199928
        ],
        [
            0.0749412402510643,
            0.02410499006509781,
            -0.018969595432281494
        ],
        [
            0.08005279302597046,
            0.06658078730106354,
            -0.042538173496723175
        ],
        [
            0.08254863321781158,
            0.059569425880908966,
            -0.05054967850446701
        ],
        [
            0.07563473284244537,
            0.012298721820116043,
            -0.014049161225557327
        ],
        [
            0.08238019049167633,
            0.006584811955690384,
            -0.018253620713949203
        ],
        [
            0.0784812793135643,
            0.00044655054807662964,
            -0.0117482990026474
        ],
        [
            0.11223158240318298,
            0.04440688341856003,
            -0.0657404288649559
        ],
        [
            0.09426629543304443,
            0.012874390929937363,
            -0.03126689791679382
        ],
        [
            0.08898630738258362,
            0.003934215754270554,
            -0.02105952426791191
        ],
        [
            0.08463578671216965,
            -0.0035350099205970764,
            -0.013426277786493301
        ],
        [
            0.08066003024578094,
            -0.00882716104388237,
            -0.008334886282682419
        ],
        [
            0.07438540458679199,
            -0.003843143582344055,
            -0.006909400224685669
        ],
        [
            0.15823739767074585,
            0.06362570822238922,
            -0.07378918677568436
        ],
        [
            0.15494297444820404,
            0.0715385377407074,
            -0.07322970032691956
        ],
        [
            0.0686890035867691,
            -0.009430557489395142,
            -0.002552434802055359
        ],
        [
            0.07634764164686203,
            -0.014496628195047379,
            -0.003834754228591919
        ],
        [
            0.09730169177055359,
            0.0005879253149032593,
            -0.023039445281028748
        ],
        [
            0.10851819068193436,
            -0.002742897719144821,
            -0.02411331608891487
        ],
        [
            0.10217219591140747,
            0.009527619928121567,
            -0.03268977999687195
        ],
        [
            0.11337428539991379,
            0.006819430738687515,
            -0.03478991985321045
        ],
        [
            0.11790892481803894,
            0.03585479035973549,
            -0.06963052600622177
        ],
        [
            0.15985189378261566,
            0.08916826546192169,
            -0.06723735481500626
        ],
        [
            0.1542639583349228,
            0.07928702235221863,
            -0.06937091797590256
        ],
        [
            0.15291441977024078,
            0.07831278443336487,
            -0.06379257142543793
        ],
        [
            0.15711194276809692,
            0.08853255212306976,
            -0.06395726650953293
        ],
        [
            0.15064606070518494,
            0.07299944013357162,
            -0.06797631829977036
        ],
        [
            0.15825581550598145,
            0.0771908164024353,
            -0.07283799350261688
        ],
        [
            0.12863251566886902,
            0.005053669214248657,
            -0.03242126479744911
        ],
        [
            0.13953348994255066,
            0.05315741151571274,
            -0.0566902719438076
        ],
        [
            0.12659163773059845,
            -0.00438709557056427,
            -0.018210284411907196
        ],
        [
            0.14588333666324615,
            0.009383782744407654,
            -0.03093666210770607
        ],
        [
            0.1454503834247589,
            0.004129372537136078,
            -0.0187159925699234
        ],
        [
            0.12583859264850616,
            -0.013361673802137375,
            -0.0024665705859661102
        ],
        [
            0.14150415360927582,
            -0.003985542804002762,
            -0.004944909363985062
        ],
        [
            0.11071186512708664,
            -0.02252134680747986,
            0.005201056599617004
        ],
        [
            0.11683130264282227,
            -0.017812639474868774,
            0.0003144294023513794
        ],
        [
            0.1549132913351059,
            0.009634658694267273,
            -0.006870638579130173
        ],
        [
            0.16533158719539642,
            0.08006766438484192,
