{
    "pred_cam": [
        15.490813255310059,
        0.11966001242399216,
        -0.03367960453033447
    ],
    "pred_mano_params": {
        "global_orient": [
            [
                [
                    -0.6548693180084229,
                    0.36913856863975525,
                    0.6594564914703369
                ],
                [
                    -0.6631811261177063,
                    0.1377478539943695,
                    -0.7356740832328796
                ],
                [
                    -0.36240434646606445,
                    -0.9191095232963562,
                    0.1545988917350769
                ]
            ]
        ],
        "hand_pose": [
            [
                [
                    0.2283582091331482,
                    -0.8878306150436401,
                    -0.39951151609420776
                ],
                [
                    0.9607544541358948,
                    0.2718842327594757,
                    -0.05504453927278519
                ],
                [
                    0.157491073012352,
                    -0.3712625801563263,
                    0.9150742292404175
                ]
            ],
            [
                [
                    0.8526099324226379,
                    -0.517450749874115,
                    0.07280807197093964
                ],
                [
                    0.511542558670044,
                    0.7980664372444153,
                    -0.3184560239315033
                ],
                [
                    0.10667963325977325,
                    0.30876317620277405,
                    0.9451374411582947
                ]
            ],
            [
                [
                    0.9989300966262817,
                    0.029417702928185463,
                    0.03568311780691147
                ],
                [
                    -0.031577274203300476,
                    0.9976044297218323,
                    0.06154898554086685
                ],
                [
                    -0.03378700837492943,
                    -0.06260991096496582,
                    0.9974660277366638
                ]
            ],
            [
                [
                    0.27068865299224854,
                    -0.8118789196014404,
                    -0.517281711101532
                ],
                [
                    0.9621552228927612,
                    0.24568690359592438,
                    0.11787842959165573
                ],
                [
                    0.03138640895485878,
                    -0.5296136140823364,
                    0.8476582169532776
                ]
            ],
            [
                [
                    0.8719393014907837,
                    -0.4648035168647766,
                    -0.15388153493404388
                ],
                [
                    0.48877209424972534,
                    0.8447549343109131,
                    0.217924103140831
                ],
                [
                    0.028700299561023712,
                    -0.26522958278656006,
                    0.9637579917907715
                ]
            ],
            [
                [
                    0.9967355728149414,
                    0.008539081551134586,
                    0.08028268069028854
                ],
                [
                    -0.006039337255060673,
                    0.9994908571243286,
                    -0.03132794797420502
                ],
                [
                    -0.08050932735204697,
                    0.030740823596715927,
                    0.9962796568870544
                ]
            ],
            [
                [
                    0.4892734885215759,
                    -0.8717028498649597,
                    0.0273037888109684
                ],
                [
                    0.8428787589073181,
                    0.4806714653968811,
                    0.24188904464244843
                ],
                [
                    -0.22397954761981964,
                    -0.09533611685037613,
                    0.9699196219444275
                ]
            ],
            [
                [
                    0.9277617931365967,
                    -0.3196581304073334,
                    0.19255328178405762
                ],
                [
                    0.18813955783843994,
                    0.8462786078453064,
                    0.4984135627746582
                ],
                [
                    -0.32227566838264465,
                    -0.4261821508407593,
                    0.8452852964401245
                ]
            ],
            [
                [
                    0.992673933506012,
                    -0.09649336338043213,
                    0.07271543145179749
                ],
                [
                    0.06717772036790848,
                    0.9410098195075989,
                    0.3316439688205719
                ],
                [
                    -0.10042736679315567,
                    -0.3243294358253479,
                    0.9405981302261353
                ]
            ],
            [
                [
                    0.42832961678504944,
                    -0.9026117324829102,
                    -0.04272858053445816
                ],
                [
                    0.9035964608192444,
                    0.4274788200855255,
                    0.02784433774650097
                ],
                [
                    -0.006867063697427511,
                    -0.05053595080971718,
                    0.9986985921859741
                ]
            ],
            [
                [
                    0.9110948443412781,
                    -0.4115064740180969,
                    0.02384405955672264
                ],
                [
                    0.3190882205963135,
                    0.7407315373420715,
                    0.591184675693512
                ],
                [
                    -0.260938435792923,
                    -0.531017005443573,
                    0.8061835765838623
                ]
            ],
            [
                [
                    0.9711776375770569,
                    -0.20899425446987152,
                    0.11461001634597778
                ],
                [
                    0.21846191585063934,
                    0.9727784991264343,
                    -0.07730740308761597
                ],
                [
                    -0.09533335268497467,
                    0.10011713951826096,
                    0.9903979897499084
                ]
            ],
            [
                [
                    0.9271000623703003,
                    0.27214670181274414,
                    0.25772398710250854
                ],
                [
                    -0.027719620615243912,
                    0.7355057001113892,
                    -0.6769512295722961
                ],
                [
                    -0.373787522315979,
                    0.6204575300216675,
                    0.6894311904907227
                ]
            ],
            [
                [
                    0.9238274693489075,
                    -0.1959092766046524,
                    -0.3288803994655609
                ],
                [
                    0.32661303877830505,
                    0.8514845371246338,
                    0.4102413058280945
                ],
                [
                    0.19966650009155273,
                    -0.4864088296890259,
                    0.8506113290786743
                ]
            ],
            [
                [
                    0.7558318376541138,
                    -0.6232193112373352,
                    0.20078834891319275
                ],
                [
                    0.5969558954238892,
                    0.5299121737480164,
                    -0.6023593544960022
                ],
                [
                    0.2690017819404602,
                    0.5751441121101379,
                    0.7725589275360107
                ]
            ]
        ],
        "betas": [
            -0.04071897268295288,
            0.02161538600921631,
            0.07989999651908875,
            0.0012008249759674072,
            0.04540306329727173,
            0.013236124068498611,
            0.08219148218631744,
            -0.10408177971839905,
            0.05768208205699921,
            -0.03421282768249512
        ]
    },
    "pred_cam_t": [
        -0.11966001242399216,
        -0.03367960453033447,
        2.521655797958374
    ],
    "focal_length": [
        5000.0,
        5000.0
    ],
    "pred_keypoints_3d": [
        [
            0.09584025293588638,
            0.00638497294858098,
            0.006194740068167448
        ],
        [
            0.12296473979949951,
            0.0011585433967411518,
            0.033250607550144196
        ],
        [
            0.14121359586715698,
            -0.010884545743465424,
            0.0549217127263546
        ],
        [
            0.1595625877380371,
            -0.007474142126739025,
            0.07457181811332703
        ],
        [
            0.15576054155826569,
            -0.005546926520764828,
            0.10829149931669235
        ],
        [
            0.16546465456485748,
            0.04894053190946579,
            0.04622054472565651
        ],
        [
            0.15897642076015472,
            0.0560186505317688,
            0.07783327996730804
        ],
        [
            0.1455206423997879,
            0.04856552183628082,
            0.09383466094732285
        ],
        [
            0.13201695680618286,
            0.0419791042804718,
            0.11406587064266205
        ],
        [
            0.15525314211845398,
            0.07160179316997528,
            0.04138344153761864
        ],
        [
            0.14430251717567444,
            0.07706589251756668,
            0.07067451626062393
        ],
        [
            0.1330927610397339,
            0.06684388965368271,
            0.08832862228155136
        ],
        [
            0.12222819030284882,
            0.060339707881212234,
            0.11122922599315643
        ],
        [
            0.13039784133434296,
            0.07990114390850067,
            0.035338886082172394
        ],
        [
            0.12701162695884705,
            0.08930094540119171,
            0.0624159574508667
        ],
        [
            0.11712577193975449,
            0.08271361142396927,
            0.08415496349334717
        ],
        [
            0.11032336950302124,
            0.07583269476890564,
            0.10771536827087402
        ],
        [
            0.10868443548679352,
            0.08264054358005524,
            0.03364923968911171
        ],
        [
            0.10249251872301102,
            0.09210925549268723,
            0.05150342732667923
        ],
        [
            0.09677346050739288,
            0.08891250193119049,
            0.06927886605262756
        ],
        [
            0.09281506389379501,
            0.08213958144187927,
            0.0882471352815628
        ]
    ],
    "pred_vertices": [
        [
            0.1344585418701172,
            0.024042543023824692,
            0.04383419454097748
        ],
        [
            0.1279018223285675,
            0.017271243035793304,
            0.04290924593806267
        ],
        [
            0.13580316305160522,
            0.013258673250675201,
            0.0513596273958683
        ],
        [
            0.14236941933631897,
            0.02054550126194954,
            0.050753913819789886
        ],
        [
            0.11702434718608856,
            0.00068631861358881,
            0.051236290484666824
        ],
        [
            0.11484839767217636,
            -0.010592347010970116,
            0.04784821346402168
        ],
        [
            0.1264401376247406,
            -0.012770069763064384,
            0.05886335298418999
        ],
        [
            0.12650437653064728,
            -0.0035510268062353134,
            0.061334844678640366
        ],
        [
            0.14986376464366913,
            0.016617750748991966,
            0.05466349795460701
        ],
        [
            0.14172181487083435,
            0.009922558441758156,
            0.057478636503219604
        ],
        [
            0.1537274420261383,
            0.011295042932033539,
            0.05235794186592102
        ],
        [
            0.1630464792251587,
            0.02079048566520214,
            0.044867727905511856
        ],
        [
            0.15726710855960846,
            0.023969179019331932,
            0.04975160211324692
        ],
        [
            0.16832692921161652,
            0.02941260114312172,
            0.04266710951924324
        ],
        [
            0.16251499950885773,
            0.017132185399532318,
            0.03367207944393158
        ],
        [
            0.1703794002532959,
            0.03409446403384209,
            0.03389740735292435
        ],
        [
            0.14637842774391174,
            0.03633272647857666,
            0.013489685952663422
        ],
        [
            0.13544712960720062,
            0.043951403349637985,
            0.009427212178707123
        ],
        [
            0.14584952592849731,
            0.057959891855716705,
            0.015511004254221916
        ],
        [
            0.15560418367385864,
            0.048816800117492676,
            0.020027704536914825
        ],
        [
            0.1252044439315796,
            0.06285782903432846,
            0.012396588921546936
        ],
        [
            0.13696855306625366,
            0.06077587604522705,
            0.014439981430768967
        ],
        [
            0.12723851203918457,
            0.04735635221004486,
            0.007063981145620346
        ],
        [
            0.11723347008228302,
            0.04991060495376587,
            0.005836855620145798
        ],
        [
            0.1196293830871582,
            0.02982943505048752,
            0.0349905751645565
        ],
        [
            0.11228346079587936,
            0.023433629423379898,
            0.032374799251556396
        ],
        [
            0.11859723925590515,
            0.021502774208784103,
            0.034942060708999634
        ],
        [
            0.12482891231775284,
            0.02727794274687767,
            0.03728368133306503
        ],
        [
            0.1549127846956253,
            -0.002628149464726448,
            0.05217847228050232
        ],
        [
            0.15419305860996246,
            -0.0013181660324335098,
            0.04118882119655609
        ],
        [
            0.15619245171546936,
            0.005911495536565781,
            0.04519175738096237
        ],
        [
            0.15320806205272675,
            0.0010467488318681717,
            0.0560050867497921
        ],
        [
            0.08541161566972733,
            0.010774955153465271,
            0.02791733108460903
        ],
        [
            0.08142009377479553,
            0.0018769428133964539,
            0.018413465470075607
        ],
        [
            0.08600297570228577,
            -0.0017260834574699402,
            0.01907665655016899
        ],
        [
            0.08900915086269379,
            0.007649008184671402,
            0.027226319536566734
        ],
        [
            0.10254265367984772,
            -0.010689932852983475,
            0.029637755826115608
        ],
        [
            0.09888171404600143,
            -0.013553883880376816,
            0.020327573642134666
        ],
        [
            0.10531032830476761,
            -0.022968709468841553,
            0.011794369667768478
        ],
        [
            0.11136018484830856,
            -0.020337503403425217,
            0.018584031611680984
        ],
        [
            0.10830182582139969,
            -0.00959228165447712,
            0.039228543639183044
        ],
        [
            0.1144920215010643,
            -0.019271835684776306,
            0.030341720208525658
        ],
        [
            0.11920035630464554,
            -0.0186811164021492,
            0.040416136384010315
        ],
        [
            0.130041241645813,
            -0.019339196383953094,
            0.05256927013397217
        ],
        [
            0.07276193797588348,
            0.010457806289196014,
            0.014136293902993202
        ],
        [
            0.07410082221031189,
            0.018003925681114197,
            0.02092859521508217
        ],
        [
            0.15672487020492554,
            0.04267719388008118,
            0.0795745849609375
        ],
        [
            0.15112078189849854,
            0.0444280281662941,
            0.07805721461772919
        ],
        [
            0.15314339101314545,
            0.04373570531606674,
            0.07360173761844635
        ],
        [
            0.15843920409679413,
            0.04235677048563957,
            0.07581137120723724
        ],
        [
            0.07398084551095963,
            0.02629677951335907,
            0.0013398677110671997
        ],
        [
            0.07929524779319763,
            0.0279122032225132,
            -0.007166370749473572
        ],
        [
            0.07405012100934982,
            0.02307036519050598,
            -0.008785068988800049
        ],
        [
            0.0702391266822815,
            0.020005300641059875,
            -0.0006602257490158081
        ],
        [
            0.07898230105638504,
            0.03455638885498047,
            0.004043251276016235
        ],
        [
            0.08670129626989365,
            0.03424223139882088,
            -0.004274789243936539
        ],
        [
            0.16334441304206848,
            0.05273092910647392,
            0.08402194082736969
        ],
        [
            0.16311021149158478,
            0.047529418021440506,
            0.08362723886966705
        ],
        [
            0.16581781208515167,
            0.04881172254681587,
            0.07921198010444641
        ],
        [
            0.16572080552577972,
            0.054301563650369644,
            0.07861444354057312
        ],
        [
            0.14918741583824158,
            0.02726985700428486,
            0.050028134137392044
        ],
        [
            0.1402919441461563,
            0.030695289373397827,
            0.04650861769914627
        ],
        [
            0.15837860107421875,
            0.04022672772407532,
            0.05079125240445137
        ],
        [
            0.1509939730167389,
            0.038544707000255585,
            0.049127861857414246
        ],
        [
            0.15640565752983093,
            0.03320251405239105,
            0.04923482611775398
        ],
        [
            0.162155881524086,
            0.036207810044288635,
            0.05027123540639877
        ],
        [
            0.1307159662246704,
            0.048491813242435455,
            0.0409088134765625
        ],
        [
            0.12397204339504242,
            0.039900586009025574,
            0.03698090836405754
        ],
        [
            0.12996219098567963,
            0.03753020614385605,
            0.039169177412986755
        ],
        [
            0.13811224699020386,
            0.04573109745979309,
            0.04447038471698761
        ],
        [
            0.11130782216787338,
            0.04632341489195824,
            0.035736922174692154
        ],
        [
            0.11915384978055954,
            0.05433231219649315,
            0.03924495354294777
        ],
        [
            0.11102782934904099,
            0.056992508471012115,
            0.038023386150598526
        ],
        [
            0.10653376579284668,
            0.05068400129675865,
            0.03674415871500969
        ],
        [
            0.13561120629310608,
            0.0649603083729744,
            0.04469778388738632
        ],
        [
            0.14037388563156128,
            0.06643953919410706,
            0.04583542421460152
        ],
        [
            0.13604719936847687,
            0.06990230083465576,
            0.04772292450070381
        ],
        [
            0.1319016069173813,
            0.06646586209535599,
            0.04427175968885422
        ],
        [
            0.06958165764808655,
            0.018139168620109558,
            -0.011319678276777267
        ],
        [
            0.06748688220977783,
            0.013567224144935608,
            -0.0028002671897411346
        ],
        [
            0.10355617105960846,
            0.06810297816991806,
            0.012538406997919083
        ],
        [
            0.09325875341892242,
            0.06548474729061127,
            0.016502520069479942
        ],
        [
            0.09783504903316498,
            0.07665705680847168,
            0.021386463195085526
        ],
        [
            0.10833297669887543,
            0.07735459506511688,
            0.015333084389567375
        ],
        [
            0.08842736482620239,
            0.026413336396217346,
            -0.012046899646520615
        ],
        [
            0.08199948072433472,
            0.02303994446992874,
            -0.015092846006155014
        ],
        [
            0.16000792384147644,
            0.05804862454533577,
            0.08304931223392487
        ],
        [
            0.16203130781650543,
            0.059207476675510406,
            0.07760648429393768
        ],
        [
            0.12657567858695984,
            -0.01967310905456543,
            0.028652913868427277
        ],
        [
            0.1361684948205948,
            -0.02063147723674774,
            0.045230455696582794
        ],
        [
            0.12045149505138397,
            -0.01920466497540474,
            0.016350790858268738
        ],
        [
            0.11602266877889633,
            -0.019390873610973358,
            0.007745474576950073
        ],
        [
            0.11175793409347534,
            -0.02268114686012268,
            0.0015683993697166443
        ],
        [
            0.14876167476177216,
            0.044809430837631226,
            0.04884340241551399
        ],
        [
            0.1322498917579651,
            0.03193928301334381,
            0.041155945509672165
        ],
        [
            0.11497342586517334,
            0.03212454169988632,
            0.033811409026384354
        ],
        [
            0.089201420545578,
            0.04946684092283249,
            0.034188538789749146
        ],
        [
            0.08334943652153015,
            0.04127902165055275,
            0.03125947713851929
        ],
        [
            0.09298144280910492,
            0.038257796317338943,
            0.034991081804037094
        ],
        [
            0.09635309875011444,
            0.04619793966412544,
            0.036209847778081894
        ],
        [
            0.08829130232334137,
            0.06388317048549652,
            0.025148693472146988
        ],
        [
            0.09057577699422836,
            0.061106134206056595,
            0.032460663467645645
        ],
        [
            0.09503519535064697,
            0.06789650022983551,
            0.034420378506183624
        ],
        [
            0.0931759625673294,
            0.0724562257528305,
            0.02814507856965065
        ],
        [
            0.15554775297641754,
            -0.010190039873123169,
            0.0510299876332283
        ],
        [
            0.15156593918800354,
            -0.008432436734437943,
            0.038844794034957886
        ],
        [
            0.07159590721130371,
            0.02229483425617218,
            0.010939080268144608
        ],
        [
            0.07013290375471115,
            0.01508118212223053,
            0.00828622654080391
        ],
        [
            0.06759648770093918,
            0.00864795595407486,
            0.0032804757356643677
        ],
        [
            0.09959942102432251,
            0.016622193157672882,
            0.031022509559988976
        ],
        [
            0.09148760885000229,
            0.005579452961683273,
            0.026900451630353928
        ],
        [
            0.09527850151062012,
            0.003974497318267822,
            0.02848915196955204
        ],
        [
            0.10329873859882355,
            0.016083933413028717,
            0.031061556190252304
        ],
        [
            0.11830295622348785,
            0.012443169951438904,
            0.04295995458960533
        ],
        [
            0.10792573541402817,
            0.003580644726753235,
            0.04040752351284027
        ],
        [
            0.12619414925575256,
            0.008893937803804874,
            0.05288824811577797
        ],
        [
            0.09116323292255402,
            -0.007698863744735718,
            0.019138215109705925
        ],
        [
            0.0816129818558693,
            -0.009621523320674896,
            0.013827048242092133
        ],
        [
            0.08832725137472153,
            -0.015456262975931168,
            0.013785745948553085
        ],
        [
            0.0747973695397377,
            -0.0029552876949310303,
            0.011261329054832458
        ],
        [
            0.06962581723928452,
            0.0035276412963867188,
            0.007785666733980179
        ],
        [
            0.07684850692749023,
            0.0193667933344841,
            -0.02083994448184967
        ],
        [
            0.09551490843296051,
            -0.01975809782743454,
            0.012669086456298828
        ],
        [
            0.13389180600643158,
            -0.006009414792060852,
            0.06579217314720154
        ],
        [
            0.13998442888259888,
            -0.0074028316885232925,
            0.06883808970451355
        ],
        [
            0.14259445667266846,
            -0.0005434844642877579,
            0.06656146794557571
        ],
        [
            0.13819026947021484,
            0.0007196143269538879,
            0.06374648213386536
        ],
        [
            0.17212994396686554,
            0.03861695155501366,
            0.04501727968454361
        ],
        [
            0.1676611453294754,
            0.03552940487861633,
            0.049215156584978104
        ],
        [
            0.1628599613904953,
            0.028532788157463074,
            0.04741813987493515
        ],
        [
            0.08701987564563751,
            0.021692782640457153,
            0.03138894587755203
        ],
        [
            0.07725866883993149,
            0.027359280735254288,
            0.025472870096564293
        ],
        [
            0.15566478669643402,
            0.04515412822365761,
            0.05064811930060387
        ],
        [
            0.16784940659999847,
            0.05558525398373604,
            0.07330924272537231
        ],
        [
            0.16838166117668152,
            0.04938570410013199,
            0.07383333146572113
        ],
        [
            0.1731586456298828,
            0.0449172668159008,
            0.05532543361186981
        ],
        [
            0.17306599020957947,
            0.05222412571310997,
            0.05486823618412018
        ],
        [
            0.15557768940925598,
            0.05223992094397545,
            0.05094980448484421
        ],
        [
            0.15552301704883575,
            0.04430263116955757,
            0.05113973468542099
        ],
        [
            0.154386505484581,
            0.04471852257847786,
            0.051873523741960526
        ],
        [
            0.15146663784980774,
            0.05088195949792862,
            0.053075868636369705
        ],
        [
            0.12699581682682037,
            0.07163241505622864,
            0.04503603279590607
        ],
        [
            0.1236136183142662,
            0.06816987693309784,
            0.042435888200998306
        ],
        [
            0.16119028627872467,
            0.06054236367344856,
            0.03047644905745983
        ],
        [
            0.1714768409729004,
            0.05200812220573425,
            0.03067241795361042
        ],
        [
            0.16534312069416046,
            0.03983648866415024,
            0.024311836808919907
        ],
        [
            0.1239120364189148,
            0.05126243829727173,
            0.039351675659418106
        ],
        [
            0.12937304377555847,
            0.05926429480314255,
            0.042709026485681534
        ],
        [
            0.12572695314884186,
            0.06111850589513779,
            0.041900742799043655
        ],
        [
            0.14848749339580536,
            0.04934954643249512,
            0.049072325229644775
        ],
        [
            0.15354284644126892,
            0.05126789212226868,
            0.05031530186533928
        ],
        [
            0.1501198410987854,
            0.054864607751369476,
            0.04920032247900963
        ],
        [
            0.1438802182674408,
            0.05170421674847603,
            0.04743942990899086
        ],
        [
            0.08781498670578003,
            0.05475929006934166,
            0.010907046496868134
        ],
        [
            0.08193215727806091,
            0.05335809290409088,
            0.021054707467556
        ],
        [
            0.16084960103034973,
            0.043858177959918976,
            0.08177220076322556
        ],
        [
            0.16316375136375427,
            0.04430041089653969,
            0.07778295129537582
        ],
        [
            0.11742658168077469,
            0.04275593161582947,
            0.03554599732160568
        ],
        [
            0.15444312989711761,
            0.028555873781442642,
            0.01966056413948536
        ],
        [
            0.10999811440706253,
            0.034531526267528534,
            0.03307226300239563
        ],
        [
            0.12433050572872162,
            0.07982689142227173,
            0.02683367393910885
        ],
        [
            0.11887934803962708,
            0.0804535448551178,
            0.034459058195352554
        ],
        [
            0.12098120152950287,
            0.0814160481095314,
            0.03792091831564903
        ],
        [
            0.12553395330905914,
            0.08334550261497498,
            0.034348856657743454
        ],
        [
            0.14857633411884308,
            0.054055098444223404,
            0.067289337515831
        ],
        [
            0.14950300753116608,
            0.04820462688803673,
            0.06858286261558533
        ],
        [
            0.14862999320030212,
            0.04793044179677963,
            0.072139672935009
        ],
        [
            0.14758875966072083,
            0.0537838488817215,
            0.07176025211811066
        ],
        [
            0.15905334055423737,
            0.039583586156368256,
            0.05130167677998543
        ],
        [
            0.1642323136329651,
            0.037305496633052826,
            0.051787156611680984
        ],
        [
            0.16315259039402008,
            0.03765881434082985,
            0.0546904057264328
        ],
        [
            0.1577499806880951,
            0.04077843204140663,
            0.05363656207919121
        ],
        [
            0.1697106510400772,
            0.03809269890189171,
            0.05084877461194992
        ],
        [
            0.16934135556221008,
            0.03960409387946129,
            0.05495371297001839
        ],
        [
            0.15157650411128998,
            0.05983254313468933,
            0.06764623522758484
        ],
        [
            0.15827268362045288,
            0.06258745491504669,
            0.06980352848768234
        ],
        [
            0.16147175431251526,
            0.061181675642728806,
            0.052688222378492355
        ],
        [
            0.1539480984210968,
            0.057993095368146896,
            0.05442235618829727
        ],
        [
            0.11030235886573792,
            0.03839009255170822,
            -0.001743912696838379
        ],
        [
            0.09987451136112213,
            0.042561646550893784,
            -0.0011838451027870178
        ],
        [
            0.10650210827589035,
            0.054264917969703674,
            0.006155122071504593
        ],
        [
            0.11306430399417877,
            0.06674548983573914,
            0.012347137555480003
        ],
        [
            0.11987531185150146,
            0.07736466825008392,
            0.019387418404221535
        ],
        [
            0.13179805874824524,
            0.07439348101615906,
            0.017300298437476158
        ],
        [
            0.09827837347984314,
            0.055682968348264694,
            0.006569121032953262
        ],
        [
            0.1601519137620926,
            0.06099337339401245,
            0.0439065545797348
        ],
        [
            0.1639295071363449,
            0.06027669832110405,
            0.041057199239730835
        ],
        [
            0.1618289202451706,
            0.06320745497941971,
            0.03856434300541878
        ],
        [
            0.10340382158756256,
            0.03803963214159012,
            0.0339188352227211
        ],
        [
            0.16586920619010925,
            0.04463943466544151,
            0.07313179969787598
        ],
        [
            0.1176079660654068,
            -0.00470491498708725,
            -0.009347151964902878
        ],
        [
            0.11085767298936844,
            0.005175016820430756,
            -0.014931172132492065
        ],
        [
            0.11669626832008362,
            0.009304985404014587,
            -0.009747523814439774
        ],
        [
            0.12370835244655609,
            -0.00186925008893013,
            -0.002855457365512848
        ],
        [
            0.1542929708957672,
            0.043298933655023575,
            0.07029758393764496
        ],
        [
            0.16040626168251038,
            0.04156129062175751,
            0.07178929448127747
        ],
        [
            0.11801611632108688,
            0.07196903973817825,
            0.04243012145161629
        ],
        [
            0.12187248468399048,
            0.07473728060722351,
            0.04434431716799736
        ],
        [
            0.11957100033760071,
            0.07781346142292023,
            0.04299703612923622
        ],
        [
            0.11448462307453156,
            0.07664502412080765,
            0.043159984052181244
        ],
        [
            0.09385117143392563,
            0.0431676059961319,
            -0.0006888732314109802
        ],
        [
            0.09948209673166275,
            0.08212781697511673,
            0.027317741885781288
        ],
        [
            0.10945753753185272,
            0.08326796442270279,
            0.02194681577384472
        ],
        [
            0.09455960988998413,
            0.032289035618305206,
            -0.007603153586387634
        ],
        [
            0.1037016361951828,
            0.028793305158615112,
            -0.008783511817455292
        ],
        [
            0.09848365187644958,
            0.02228451892733574,
            -0.013962216675281525
        ],
        [
            0.14460605382919312,
            0.07205113023519516,
            0.025063373148441315
        ],
        [
            0.11876605451107025,
            0.036482054740190506,
            -0.0003959834575653076
        ],
        [
            0.11088770627975464,
            0.02625904604792595,
            -0.007408056408166885
        ],
        [
            0.1049848347902298,
            0.0183447003364563,
            -0.0135214664041996
        ],
        [
            0.1004200279712677,
            0.013364531099796295,
            -0.01851523667573929
        ],
        [
            0.09371744841337204,
            0.018124379217624664,
            -0.01834612712264061
        ],
        [
            0.16356924176216125,
            0.060164060443639755,
            0.0719149112701416
        ],
        [
            0.1558634340763092,
            0.062014613300561905,
            0.07573608309030533
        ],
        [
            0.08856984972953796,
            0.014154292643070221,
            -0.024754919111728668
        ],
        [
            0.09611727297306061,
            0.008687600493431091,
            -0.0241030752658844
        ],
        [
            0.11886510252952576,
            0.022033225744962692,
            -0.0052809566259384155
        ],
        [
            0.12778274714946747,
            0.016076430678367615,
            -0.0014301426708698273
        ],
        [
            0.12610581517219543,
            0.03201218694448471,
            0.0016871728003025055
        ],
        [
            0.13580156862735748,
            0.02698902040719986,
            0.005905609577894211
        ],
        [
            0.15440861880779266,
            0.06816261261701584,
            0.02056158520281315
        ],
        [
            0.1450255811214447,
            0.057499099522829056,
            0.08993695676326752
        ],
        [
            0.1484287679195404,
            0.059301961213350296,
            0.07943161576986313
        ],
        [
            0.1459755003452301,
            0.054403193295001984,
            0.07728718966245651
        ],
        [
            0.14214783906936646,
            0.05504405125975609,
            0.08793756365776062
        ],
        [
            0.1499815583229065,
            0.05912276357412338,
            0.07296106219291687
        ],
        [
            0.15380249917507172,
            0.060867685824632645,
            0.0811522826552391
        ],
        [
            0.14468584954738617,
            0.01681448146700859,
            0.013688147068023682
        ],
        [
            0.155797079205513,
            0.057245880365371704,
            0.05008506774902344
        ],
        [
            0.135003924369812,
            0.0028929896652698517,
            0.008384548127651215
        ],
        [
            0.15475451946258545,
            0.0071586016565561295,
            0.02614739164710045
        ],
        [
            0.14580421149730682,
            -0.0035672225058078766,
            0.023909039795398712
        ],
        [
            0.12547814846038818,
            -0.011828452348709106,
            0.004885371774435043
        ],
        [
            0.1338697075843811,
            -0.013691384345293045,
            0.01810722053050995
        ],
        [
            0.1147214025259018,
            -0.01673734188079834,
            -0.006903685629367828
        ],
        [
            0.1200743168592453,
            -0.012822665274143219,
            -0.001744445413351059
        ],
        [
            0.14062614738941193,
            -0.016271498054265976,
            0.032676585018634796
        ],
        [
            0.14920933544635773,
            0.04226965457201004,
            0.08729729801416397
        ],
        [
            0.14451932907104492,
            0.04510252922773361,
