{
    "pred_cam": [
        8.792558670043945,
        0.11795168370008469,
        -0.05574734881520271
    ],
    "pred_mano_params": {
        "global_orient": [
            [
                [
                    -0.1813131719827652,
                    -0.36090490221977234,
                    0.9148077368736267
                ],
                [
                    -0.5312789678573608,
                    -0.746852457523346,
                    -0.3999426066875458
                ],
                [
                    0.8275676369667053,
                    -0.5585330128669739,
                    -0.05632699653506279
                ]
            ]
        ],
        "hand_pose": [
            [
                [
                    0.6833149790763855,
                    -0.7144860625267029,
                    -0.15030044317245483
                ],
                [
                    0.7078575491905212,
                    0.6987382769584656,
                    -0.10345334559679031
                ],
                [
                    0.1789366453886032,
                    -0.03570007160305977,
                    0.9832127094268799
                ]
            ],
            [
                [
                    0.8463612198829651,
                    -0.5070592761039734,
                    0.16298338770866394
                ],
                [
                    0.5320255160331726,
                    0.8192006945610046,
                    -0.21414731442928314
                ],
                [
                    -0.024930721148848534,
                    0.26795729994773865,
                    0.9631081819534302
                ]
            ],
            [
                [
                    0.757491946220398,
                    -0.6500227451324463,
                    0.06063266843557358
                ],
                [
                    0.6528232097625732,
                    0.7549437284469604,
                    -0.06230346858501434
                ],
                [
                    -0.005275585222989321,
                    0.08677678555250168,
                    0.9962137341499329
                ]
            ],
            [
                [
                    0.7041029930114746,
                    -0.6871461272239685,
                    -0.1790790855884552
                ],
                [
                    0.697048008441925,
                    0.7169495820999146,
                    -0.010361449792981148
                ],
                [
                    0.13551050424575806,
                    -0.1175312027335167,
                    0.9837802052497864
                ]
            ],
            [
                [
                    0.8296113610267639,
                    -0.5463674068450928,
                    -0.11501133441925049
                ],
                [
                    0.5533905029296875,
                    0.7772512435913086,
                    0.29939842224121094
                ],
                [
                    -0.07418885827064514,
                    -0.31203049421310425,
                    0.9471710324287415
                ]
            ],
            [
                [
                    0.7693689465522766,
                    -0.6255964636802673,
                    -0.12923003733158112
                ],
                [
                    0.6338022947311401,
                    0.7728285193443298,
                    0.03210614249110222
                ],
                [
                    0.07978715747594833,
                    -0.10660777240991592,
                    0.991094708442688
                ]
            ],
            [
                [
                    0.5306248664855957,
                    -0.8152668476104736,
                    0.23189909756183624
                ],
                [
                    0.7002086639404297,
                    0.5758002996444702,
                    0.4220922291278839
                ],
                [
                    -0.4776453971862793,
                    -0.06159485504031181,
                    0.8763908743858337
                ]
            ],
            [
                [
                    0.9809191823005676,
                    -0.18803583085536957,
                    -0.04939667135477066
                ],
                [
                    0.18989180028438568,
                    0.981144905090332,
                    0.035997167229652405
                ],
                [
                    0.04169653728604317,
                    -0.0446903370320797,
                    0.9981303215026855
                ]
            ],
            [
                [
                    0.9767857789993286,
                    -0.2137632966041565,
                    -0.013963167555630207
                ],
                [
                    0.20532715320587158,
                    0.9156663417816162,
                    0.34553706645965576
                ],
                [
                    -0.061077527701854706,
                    -0.3403826653957367,
                    0.9383012652397156
                ]
            ],
            [
                [
                    0.6788270473480225,
                    -0.733834981918335,
                    0.026080016046762466
                ],
                [
                    0.7342861294746399,
                    0.6785914897918701,
                    -0.018371455371379852
                ],
                [
                    -0.0042160614393651485,
                    0.03162123262882233,
                    0.9994910955429077
                ]
            ],
            [
                [
                    0.9562913775444031,
                    -0.2917270064353943,
                    0.020055212080478668
                ],
                [
                    0.2479032427072525,
                    0.8451870083808899,
                    0.4735007584095001
                ],
                [
                    -0.15508335828781128,
                    -0.4478329122066498,
                    0.8805651068687439
                ]
            ],
            [
                [
                    0.7945253849029541,
                    -0.5653698444366455,
                    -0.221554234623909
                ],
                [
                    0.6008681654930115,
                    0.7846813797950745,
                    0.15242239832878113
                ],
                [
                    0.08767446130514145,
                    -0.2542283535003662,
                    0.9631620049476624
                ]
            ],
            [
                [
                    0.9948154091835022,
                    -0.09226254373788834,
                    0.042777832597494125
                ],
                [
                    0.0785355269908905,
                    0.4297325611114502,
                    -0.8995344638824463
                ],
                [
                    0.0646103173494339,
                    0.8982303142547607,
                    0.4347504675388336
                ]
            ],
            [
                [
                    0.8902767896652222,
                    -0.30731192231178284,
                    -0.3361051082611084
                ],
                [
                    0.45268887281417847,
                    0.6778470873832703,
                    0.5793066620826721
                ],
                [
                    0.049800023436546326,
                    -0.6678943037986755,
                    0.742588222026825
                ]
            ],
            [
                [
                    0.846728503704071,
                    0.4197033941745758,
                    -0.32695552706718445
                ],
                [
                    -0.42126816511154175,
                    0.9042474627494812,
                    0.06978309154510498
                ],
                [
                    0.3249368965625763,
                    0.07864861935377121,
                    0.942459762096405
                ]
            ]
        ],
        "betas": [
            -0.0027953535318374634,
            -0.06066828966140747,
            -0.04589918255805969,
            0.005951255559921265,
            0.036835163831710815,
            -0.018614787608385086,
            0.04012584686279297,
            -0.043056368827819824,
            -0.053744226694107056,
            -0.06165167689323425
        ]
    },
    "pred_cam_t": [
        -0.11795168370008469,
        -0.05574734881520271,
        4.442677021026611
    ],
    "focal_length": [
        5000.0,
        5000.0
    ],
    "pred_keypoints_3d": [
        [
            0.09578897058963776,
            0.006393480114638805,
            0.0061965929344296455
        ],
        [
            0.1293765753507614,
            0.020459270104765892,
            -0.0065390123054385185
        ],
        [
            0.14983440935611725,
            0.04324979707598686,
            -0.009962687268853188
        ],
        [
            0.15914461016654968,
            0.06705127656459808,
            -0.01905670203268528
        ],
        [
            0.16620655357837677,
            0.09013928472995758,
            -0.04606694355607033
        ],
        [
            0.13252083957195282,
            0.048895079642534256,
            -0.06502167880535126
        ],
        [
            0.14109180867671967,
            0.07937028259038925,
            -0.0744732916355133
        ],
        [
            0.147075355052948,
            0.09844880551099777,
            -0.06479143351316452
        ],
        [
            0.14875288307666779,
            0.1106351763010025,
            -0.04291268438100815
        ],
        [
            0.1104041114449501,
            0.059211429208517075,
            -0.07118355482816696
        ],
        [
            0.11269495636224747,
            0.09018412977457047,
            -0.07766059041023254
        ],
        [
            0.11930405348539352,
            0.10944252461194992,
            -0.0663515031337738
        ],
        [
            0.12733733654022217,
            0.12108036875724792,
            -0.04500792920589447
        ],
        [
            0.08766508847475052,
            0.06350814551115036,
            -0.057828713208436966
        ],
        [
            0.09394039958715439,
            0.09098994731903076,
            -0.06410770863294601
        ],
        [
            0.10143200308084488,
            0.11345672607421875,
            -0.05666418746113777
        ],
        [
            0.10902427136898041,
            0.13010087609291077,
            -0.03869268670678139
        ],
        [
            0.07237960398197174,
            0.06771446019411087,
            -0.04285363852977753
        ],
        [
            0.07817984372377396,
            0.08802826702594757,
            -0.04305793717503548
        ],
        [
            0.08375876396894455,
            0.10572776198387146,
            -0.03911365196108818
        ],
        [
            0.0914817824959755,
            0.12239935994148254,
            -0.030062980949878693
        ]
    ],
    "pred_vertices": [
        [
            0.12625548243522644,
            0.03981000930070877,
            -0.026412416249513626
        ],
        [
            0.12397833168506622,
            0.035812027752399445,
            -0.017047055065631866
        ],
        [
            0.1313774734735489,
            0.04170416668057442,
            -0.018575672060251236
        ],
        [
            0.13450101017951965,
            0.0434190109372139,
            -0.02879760041832924
        ],
        [
            0.1285419464111328,
            0.03752656653523445,
            0.003720831125974655
        ],
        [
            0.1360170543193817,
            0.030576452612876892,
            0.010140452533960342
        ],
        [
            0.14546938240528107,
            0.04317494481801987,
            0.0046293288469314575
        ],
        [
            0.13734374940395355,
            0.04800591617822647,
            0.0015318728983402252
        ],
        [
            0.14056774973869324,
            0.04577786102890968,
            -0.03085227683186531
        ],
        [
            0.13722915947437286,
            0.04680044949054718,
            -0.01920090988278389
        ],
        [
            0.14253194630146027,
            0.0446946807205677,
            -0.030482111498713493
        ],
        [
            0.14357741177082062,
            0.0378585122525692,
            -0.04637632519006729
        ],
        [
            0.1416928470134735,
            0.04265196621417999,
            -0.04277484863996506
        ],
        [
            0.14242419600486755,
            0.03738105669617653,
            -0.05599532276391983
        ],
        [
            0.14091822504997253,
            0.02726760134100914,
            -0.04648255556821823
        ],
        [
            0.1365649551153183,
            0.03182511776685715,
            -0.06148584932088852
        ],
        [
            0.11143413931131363,
            0.019368212670087814,
            -0.04886714369058609
        ],
        [
            0.09825435280799866,
            0.02193620800971985,
            -0.04554484784603119
        ],
        [
            0.09954247623682022,
            0.032270003110170364,
            -0.0595705509185791
        ],
        [
            0.11300867050886154,
            0.02931128442287445,
            -0.06110866740345955
        ],
        [
            0.08280674368143082,
            0.03635292500257492,
            -0.04762207716703415
        ],
        [
            0.09201502799987793,
            0.034584369510412216,
            -0.05492686107754707
        ],
        [
            0.09019355475902557,
            0.023369107395410538,
            -0.04168371856212616
        ],
        [
            0.08218081295490265,
            0.025639843195676804,
            -0.035682953894138336
        ],
        [
            0.11104205250740051,
            0.037897758185863495,
            -0.020223669707775116
        ],
        [
            0.10913913697004318,
            0.03307674452662468,
            -0.011155445128679276
        ],
        [
            0.11463373899459839,
            0.03248424082994461,
            -0.014256265014410019
        ],
        [
            0.11648710817098618,
            0.037404827773571014,
            -0.022268153727054596
        ],
        [
            0.1504276841878891,
            0.04617283493280411,
            -0.02418728917837143
        ],
        [
            0.1486976593732834,
            0.03115537390112877,
            -0.02842564322054386
        ],
        [
            0.14550748467445374,
            0.037362147122621536,
            -0.03204120695590973
        ],
        [
            0.14698363840579987,
            0.050334736704826355,
            -0.02265382558107376
        ],
        [
            0.09866876900196075,
            0.028206195682287216,
            0.01625610888004303
        ],
        [
            0.09650343656539917,
            0.016443826258182526,
            0.022622250020503998
        ],
        [
            0.10172994434833527,
            0.013989526778459549,
            0.02129282057285309
        ],
        [
            0.10241293162107468,
            0.024900082498788834,
            0.015255041420459747
        ],
        [
            0.12236308306455612,
            0.014678768813610077,
            0.015826523303985596
        ],
        [
            0.11761816591024399,
            0.005990859121084213,
            0.018535681068897247
        ],
        [
            0.12255866825580597,
            -0.00631607323884964,
            0.017084576189517975
        ],
        [
            0.12877091765403748,
            0.0005179122090339661,
            0.012287333607673645
        ],
        [
            0.12910209596157074,
            0.02296116203069687,
            0.012600846588611603
        ],
        [
            0.13622009754180908,
            0.011397991329431534,
            0.011049784719944
        ],
        [
            0.14318591356277466,
            0.021848145872354507,
            0.008487127721309662
        ],
        [
            0.1519777923822403,
            0.03699060156941414,
            0.002372283488512039
        ],
        [
            0.08402399718761444,
            0.019297786056995392,
            0.02352791279554367
        ],
        [
            0.0839674323797226,
            0.028670594096183777,
            0.019433893263339996
        ],
        [
            0.14727109670639038,
            0.07974198460578918,
            -0.0634879395365715
        ],
        [
            0.14203694462776184,
            0.0822174996137619,
            -0.06198003143072128
        ],
        [
            0.1414949893951416,
            0.07817277312278748,
            -0.061420243233442307
        ],
        [
            0.14670836925506592,
            0.07654069364070892,
            -0.06345011293888092
        ],
        [
            0.06851546466350555,
            0.017300736159086227,
            0.010673746466636658
        ],
        [
            0.06607344001531601,
            0.010290741920471191,
            0.0038510262966156006
        ],
        [
            0.06501199305057526,
            0.007305167615413666,
            0.010427474975585938
        ],
        [
            0.06899280101060867,
            0.012916967272758484,
            0.016834750771522522
        ],
        [
            0.06797517836093903,
            0.023093875497579575,
            0.0025399327278137207
        ],
        [
            0.06820718944072723,
            0.014706209301948547,
            -0.0050149038434028625
        ],
        [
            0.14980201423168182,
            0.08216840028762817,
            -0.07583921402692795
        ],
        [
            0.1516759991645813,
            0.08062615990638733,
            -0.07126118987798691
        ],
        [
            0.15017014741897583,
            0.07623109221458435,
            -0.07314243167638779
        ],
        [
            0.14717969298362732,
            0.07700593769550323,
            -0.07738065719604492
        ],
        [
            0.13655632734298706,
            0.0445110946893692,
            -0.03860161453485489
        ],
        [
            0.12821905314922333,
            0.04439951479434967,
            -0.03446771204471588
        ],
        [
            0.1358228176832199,
            0.05156354233622551,
            -0.05313574895262718
        ],
        [
            0.13182522356510162,
            0.048859596252441406,
            -0.04686276614665985
        ],
        [
            0.1379549652338028,
            0.04543063044548035,
            -0.04767293855547905
        ],
        [
            0.14028139412403107,
            0.04735714569687843,
            -0.05369234085083008
        ],
        [
            0.10974166542291641,
            0.05106719583272934,
            -0.03861687704920769
        ],
        [
            0.10875646024942398,
            0.04431886970996857,
            -0.029124360531568527
        ],
        [
            0.11479146778583527,
            0.043721020221710205,
            -0.031964004039764404
        ],
        [
            0.11763018369674683,
            0.051107391715049744,
            -0.042126722633838654
        ],
        [
            0.09686022996902466,
            0.04922819137573242,
            -0.023201610893011093
        ],
        [
            0.0985984057188034,
            0.055081263184547424,
            -0.03330797329545021
        ],
        [
            0.09162329882383347,
            0.05708201602101326,
            -0.028741504997015
        ],
        [
            0.09200631827116013,
            0.05333595722913742,
            -0.021801546216011047
        ],
        [
            0.10433224588632584,
            0.0631263330578804,
            -0.05128437653183937
        ],
        [
            0.10516523569822311,
            0.06591366976499557,
            -0.0568641796708107
        ],
        [
            0.10250475257635117,
            0.06843400001525879,
            -0.05565890669822693
        ],
        [
            0.10113710165023804,
            0.06391190737485886,
            -0.04966043680906296
        ],
        [
            0.06396746635437012,
            0.0033620521426200867,
            0.01625211536884308
        ],
        [
            0.0700785368680954,
            0.008151702582836151,
            0.022269316017627716
        ],
        [
            0.06707631051540375,
            0.04366131126880646,
            -0.034252267330884933
        ],
        [
            0.0646345391869545,
            0.047455012798309326,
            -0.024021070450544357
        ],
        [
            0.06341274827718735,
            0.05691898614168167,
            -0.0332874059677124
        ],
        [
            0.06602299213409424,
            0.050149597227573395,
            -0.04256089776754379
        ],
        [
            0.06970596313476562,
            0.003806501626968384,
            -0.0033838674426078796
        ],
        [
            0.06630595028400421,
            0.0006923750042915344,
            0.002972915768623352
        ],
        [
            0.14475035667419434,
            0.08467545360326767,
            -0.07848003506660461
        ],
        [
            0.1418745070695877,
            0.07929345220327377,
            -0.07922271639108658
        ],
        [
            0.14471593499183655,
            0.010691627860069275,
            0.0002252236008644104
        ],
        [
            0.1552572399377823,
            0.03055049479007721,
            -0.004075199365615845
        ],
        [
            0.13439516723155975,
            -0.0018072761595249176,
            0.0033391043543815613
        ],
        [
            0.1262015700340271,
            -0.009333133697509766,
            0.005443207919597626
        ],
        [
            0.12119738757610321,
            -0.015668347477912903,
            0.00950949639081955
        ],
        [
            0.12671446800231934,
            0.05270591750741005,
            -0.048918455839157104
        ],
        [
            0.12026224285364151,
            0.041926756501197815,
            -0.030041683465242386
        ],
        [
            0.10638377815485,
            0.039104945957660675,
            -0.018184784799814224
        ],
        [
            0.08118797838687897,
            0.05380505323410034,
            -0.008043114095926285
        ],
        [
            0.08104702085256577,
            0.04803869500756264,
            0.0007359236478805542
        ],
        [
            0.09049254655838013,
            0.047602444887161255,
            -0.004311814904212952
        ],
        [
            0.088396355509758,
            0.052306562662124634,
            -0.011340070515871048
        ],
        [
            0.06729336827993393,
            0.054557207971811295,
            -0.017528004944324493
        ],
        [
            0.0741797462105751,
            0.058561794459819794,
            -0.01625632867217064
        ],
        [
            0.07381772249937057,
            0.06321243196725845,
            -0.023409366607666016
        ],
        [
            0.06673064082860947,
            0.0610114149749279,
            -0.025877874344587326
        ],
        [
            0.1570749580860138,
            0.04334692284464836,
            -0.02249431051313877
        ],
        [
            0.15240348875522614,
            0.02664739266037941,
            -0.023608289659023285
        ],
        [
            0.07461920380592346,
            0.02337326854467392,
            0.01685810089111328
        ],
        [
            0.07663049548864365,
            0.017546866089105606,
            0.02167583256959915
        ],
        [
            0.07629720866680145,
            0.01041039451956749,
            0.026321329176425934
        ],
        [
            0.10525248944759369,
            0.030379407107830048,
            0.002528056502342224
        ],
        [
            0.10505165159702301,
            0.02263103425502777,
            0.014559581875801086
        ],
        [
            0.10899664461612701,
            0.02173633500933647,
            0.012962855398654938
        ],
        [
            0.10767633467912674,
            0.02861005999147892,
            0.0001130327582359314
        ],
        [
            0.12013223767280579,
            0.03331641107797623,
            -0.006146617233753204
        ],
        [
            0.12022408843040466,
            0.028608573600649834,
            0.006223820149898529
        ],
        [
            0.12667761743068695,
            0.041673287749290466,
            -0.007377736270427704
        ],
        [
            0.10852561146020889,
            0.009546201676130295,
            0.020752422511577606
        ],
        [
            0.10098286718130112,
            0.006285917013883591,
            0.02813352644443512
        ],
        [
            0.10843643546104431,
            0.0018088072538375854,
            0.026217974722385406
        ],
        [
            0.09165491908788681,
            0.009165823459625244,
            0.029078006744384766
        ],
        [
            0.08292391896247864,
            0.010903432965278625,
            0.028672687709331512
        ],
        [
            0.062369488179683685,
            -0.005045384168624878,
            0.00791601836681366
        ],
        [
            0.11474484205245972,
            -0.002550829201936722,
            0.022950731217861176
        ],
        [
            0.14481179416179657,
            0.054051272571086884,
            -0.0017151273787021637
        ],
        [
            0.15060269832611084,
            0.059614941477775574,
            -0.005192287266254425
        ],
        [
            0.14536195993423462,
            0.05949049070477486,
            -0.010005299001932144
        ],
        [
            0.14038054645061493,
            0.054414063692092896,
            -0.008065544068813324
        ],
        [
            0.14174914360046387,
            0.041129231452941895,
            -0.06422736495733261
        ],
        [
            0.14302223920822144,
            0.044782817363739014,
            -0.05795007944107056
        ],
        [
            0.1426876038312912,
            0.04116959124803543,
            -0.050345584750175476
        ],
        [
            0.09493593871593475,
            0.03674905747175217,
            0.009291082620620728
        ],
        [
            0.08268209546804428,
            0.03688213974237442,
            0.012421868741512299
        ],
        [
            0.13097402453422546,
            0.05543418228626251,
            -0.05509989336133003
        ],
        [
            0.1451338231563568,
            0.07215583324432373,
            -0.07842457294464111
        ],
        [
            0.14873771369457245,
            0.0712471529841423,
            -0.07374361902475357
        ],
        [
            0.14445459842681885,
            0.053382351994514465,
            -0.06973198801279068
        ],
        [
            0.140419602394104,
            0.05428418144583702,
            -0.07543274760246277
        ],
        [
            0.12686537206172943,
            0.06020495668053627,
            -0.06280297785997391
        ],
        [
            0.13113495707511902,
            0.05796279013156891,
            -0.05722944065928459
        ],
        [
            0.1308068037033081,
            0.05961101874709129,
            -0.058490388095378876
        ],
        [
            0.1265796720981598,
            0.06329087913036346,
            -0.062094546854496
        ],
        [
            0.0953143909573555,
            0.0689806416630745,
            -0.049710799008607864
        ],
        [
            0.09436687082052231,
            0.06503012776374817,
            -0.044393591582775116
        ],
        [
            0.11519831418991089,
            0.04223162680864334,
            -0.07068055868148804
        ],
        [
            0.1264287382364273,
            0.03497781977057457,
            -0.07328814268112183
        ],
        [
            0.12565390765666962,
            0.027424903586506844,
            -0.06262081861495972
        ],
        [
            0.10326670855283737,
            0.05259016156196594,
            -0.03521287813782692
        ],
        [
            0.10346845537424088,
            0.05887613445520401,
            -0.04349410533905029
        ],
        [
            0.09977418929338455,
            0.059879567474126816,
            -0.04193347692489624
        ],
        [
            0.12393062561750412,
            0.05546772852540016,
            -0.05167616158723831
        ],
        [
            0.12593665719032288,
            0.05817004293203354,
            -0.05747049301862717
        ],
        [
            0.1214669868350029,
            0.058239661157131195,
            -0.0560014508664608
        ],
        [
            0.11901010572910309,
            0.05582622066140175,
            -0.04965399205684662
        ],
        [
            0.06483124941587448,
            0.03804782032966614,
            -0.014657452702522278
        ],
        [
            0.06759960949420929,
            0.046643760055303574,
            -0.0072115324437618256
        ],
        [
            0.15075325965881348,
            0.07946516573429108,
            -0.06681381911039352
        ],
        [
            0.14989544451236725,
            0.0758175402879715,
            -0.06783311069011688
        ],
        [
            0.10246504098176956,
            0.04595942050218582,
            -0.025952614843845367
        ],
        [
            0.12386952340602875,
            0.019977524876594543,
            -0.04955055192112923
        ],
        [
            0.10164238512516022,
            0.0407685786485672,
            -0.01585012674331665
        ],
        [
            0.0794920101761818,
            0.05706518143415451,
            -0.05454273894429207
        ],
        [
            0.0802542194724083,
            0.0642654225230217,
            -0.04947550222277641
        ],
        [
            0.08253529667854309,
            0.06811211258172989,
            -0.05258309096097946
        ],
        [
            0.08185049146413803,
            0.06477060914039612,
            -0.05793639272451401
        ],
        [
            0.13028839230537415,
            0.07717825472354889,
            -0.06599976867437363
        ],
        [
            0.1344105452299118,
            0.07681558281183243,
            -0.06189398840069771
        ],
        [
            0.13571873307228088,
            0.08036404848098755,
            -0.06240576133131981
        ],
        [
            0.13204620778560638,
            0.08187533915042877,
            -0.0667937695980072
        ],
        [
            0.13608229160308838,
            0.05505431070923805,
            -0.05567411333322525
        ],
        [
            0.14111824333667755,
            0.05149419233202934,
            -0.056804902851581573
        ],
        [
            0.14140522480010986,
            0.05627754330635071,
            -0.05833062157034874
        ],
        [
            0.13586267828941345,
            0.05863306298851967,
            -0.05766414850950241
        ],
        [
            0.1436155140399933,
            0.04889644682407379,
            -0.06165977567434311
        ],
        [
            0.1445896178483963,
            0.053930073976516724,
            -0.06337221711874008
        ],
        [
            0.12941408157348633,
            0.07690509408712387,
            -0.07239998131990433
        ],
        [
            0.13343213498592377,
            0.07557524740695953,
            -0.0785895437002182
        ],
        [
            0.12743331491947174,
            0.05979366600513458,
            -0.07578299194574356
        ],
        [
            0.1254054754972458,
            0.06423620879650116,
            -0.069504015147686
        ],
        [
            0.0809105932712555,
            0.014564726501703262,
            -0.025263171643018723
        ],
        [
            0.07265464961528778,
            0.01928558200597763,
            -0.019423779100179672
        ],
        [
            0.07352937757968903,
            0.030361033976078033,
            -0.02979784831404686
        ],
        [
            0.07331551611423492,
            0.040868595242500305,
            -0.04067167639732361
        ],
        [
            0.0747365653514862,
            0.05089797079563141,
            -0.050516411662101746
        ],
        [
            0.08243707567453384,
            0.04500816762447357,
            -0.058083560317754745
        ],
        [
            0.06811070442199707,
            0.033030346035957336,
            -0.02420862764120102
        ],
        [
            0.12050016224384308,
            0.055747196078300476,
            -0.0686497613787651
        ],
        [
            0.12300040572881699,
            0.04922601208090782,
            -0.07320680469274521
        ],
        [
            0.11782164871692657,
            0.0501580685377121,
            -0.07151220738887787
        ],
        [
            0.09614323824644089,
            0.04463325813412666,
            -0.012564070522785187
        ],
        [
            0.1491922289133072,
            0.07128708809614182,
            -0.06833357363939285
        ],
        [
            0.107480987906456,
            -0.016212835907936096,
            -0.0077612027525901794
        ],
        [
            0.09407879412174225,
            -0.014221090823411942,
            -0.009167861193418503
        ],
        [
            0.09790483862161636,
            -0.00887448713183403,
            -0.015076294541358948
        ],
        [
            0.11349140107631683,
            -0.010327767580747604,
            -0.012983117252588272
        ],
        [
            0.1409463882446289,
            0.07484108954668045,
            -0.06061923876404762
        ],
        [
            0.14652737975120544,
            0.0725926011800766,
            -0.06268749386072159
        ],
        [
            0.0888892337679863,
            0.06802452355623245,
            -0.04232526943087578
        ],
        [
            0.09019080549478531,
            0.07088581472635269,
            -0.04776972532272339
        ],
        [
            0.08650783449411392,
            0.07177993655204773,
            -0.04881018400192261
        ],
        [
            0.0845806896686554,
            0.0716649666428566,
            -0.04245144873857498
        ],
        [
            0.06903991103172302,
            0.021132010966539383,
            -0.015020795166492462
        ],
        [
            0.06485529243946075,
            0.06492555141448975,
            -0.036722734570503235
        ],
        [
            0.06690823286771774,
            0.058365486562252045,
            -0.045727092772722244
        ],
        [
            0.07218475639820099,
            0.009456824511289597,
            -0.010676480829715729
        ],
        [
            0.07897257804870605,
            0.004863448441028595,
            -0.016032397747039795
        ],
        [
            0.07704237103462219,
            -0.0018825680017471313,
            -0.009226500988006592
        ],
        [
            0.09539414942264557,
            0.04726424440741539,
            -0.06602094322443008
        ],
        [
            0.08771353960037231,
            0.013035174459218979,
            -0.03044949844479561
        ],
        [
            0.08541086316108704,
            0.003259323537349701,
            -0.019885968416929245
        ],
        [
            0.08340002596378326,
            -0.004879496991634369,
            -0.011930625885725021
        ],
        [
            0.08105422556400299,
            -0.010780468583106995,
            -0.0064792633056640625
        ],
        [
            0.07439510524272919,
            -0.006803765892982483,
            -0.003970406949520111
        ],
        [
            0.13921010494232178,
            0.0740794986486435,
            -0.07972019165754318
        ],
        [
            0.13553255796432495,
            0.08190014958381653,
            -0.07841530442237854
        ],
        [
            0.07030802965164185,
            -0.013234354555606842,
            0.0010168924927711487
        ],
        [
            0.07835128903388977,
            -0.01708872616291046,
            -0.0015684813261032104
        ],
        [
            0.09377624094486237,
            0.0012194588780403137,
            -0.023209698498249054
        ],
        [
            0.10512657463550568,
            -0.00036299973726272583,
            -0.02607305347919464
        ],
        [
            0.09576813876628876,
            0.01091904565691948,
            -0.03316158056259155
        ],
        [
            0.10686350613832474,
            0.009979933500289917,
            -0.03700341284275055
        ],
        [
            0.1017283946275711,
            0.03952506557106972,
            -0.07054488360881805
        ],
        [
            0.14001546800136566,
            0.09890289604663849,
            -0.07099699974060059
        ],
        [
            0.13471363484859467,
            0.0888698548078537,
            -0.07366427779197693
        ],
        [
            0.1339900642633438,
            0.08725195378065109,
            -0.06809881329536438
        ],
        [
            0.13751795887947083,
            0.09775707125663757,
            -0.0675678551197052
        ],
        [
            0.13166512548923492,
            0.08250486850738525,
            -0.0726528912782669
        ],
        [
            0.13852034509181976,
            0.08747050911188126,
            -0.07767210900783539
        ],
        [
            0.12279165536165237,
            0.010579906404018402,
            -0.036802738904953
        ],
        [
            0.12254685163497925,
            0.060843802988529205,
            -0.06174694746732712
        ],
        [
            0.12413676083087921,
            0.0006457418203353882,
            -0.022708330303430557
        ],
        [
            0.13987766206264496,
            0.017526794224977493,
            -0.0369965136051178
        ],
        [
            0.14168263971805573,
            0.011906173080205917,
            -0.024780023843050003
        ],
        [
            0.12662702798843384,
            -0.00873241201043129,
            -0.007287781685590744
        ],
        [
            0.14029696583747864,
            0.002789001911878586,
            -0.010903824120759964
        ],
        [
            0.11449930816888809,
            -0.020023733377456665,
            0.0019879043102264404
        ],
        [
            0.11897638440132141,
            -0.014445126056671143,
            -0.003550976514816284
        ],
        [
            0.15149502456188202,
            0.0181485153734684,
            -0.012769263237714767
        ],
        [
            0.1469462662935257,
