{
    "pred_cam": [
        8.816869735717773,
        0.09971404075622559,
        -0.06907080113887787
    ],
    "pred_mano_params": {
        "global_orient": [
            [
                [
                    -0.04486886411905289,
                    -0.22918760776519775,
                    0.9723475575447083
                ],
                [
                    -0.566552996635437,
                    -0.7958264350891113,
                    -0.21372412145137787
                ],
                [
                    0.8228027820587158,
                    -0.5604759454727173,
                    -0.09413909912109375
                ]
            ]
        ],
        "hand_pose": [
            [
                [
                    0.7560059428215027,
                    -0.6106835603713989,
                    -0.23562785983085632
                ],
                [
                    0.6118146777153015,
                    0.787218451499939,
                    -0.07726526260375977
                ],
                [
                    0.2326752245426178,
                    -0.08574756234884262,
                    0.968766987323761
                ]
            ],
            [
                [
                    0.8956377506256104,
                    -0.40516331791877747,
                    0.18350957334041595
                ],
                [
                    0.43540158867836,
                    0.8829416632652283,
                    -0.17561185359954834
                ],
                [
                    -0.0908767580986023,
                    0.23718494176864624,
                    0.9672046303749084
                ]
            ],
            [
                [
                    0.7424855828285217,
                    -0.6618668437004089,
                    0.1031867042183876
                ],
                [
                    0.6693094968795776,
                    0.7392739057540894,
                    -0.07415446639060974
                ],
                [
                    -0.02720285952091217,
                    0.12412245571613312,
                    0.9918939471244812
                ]
            ],
            [
                [
                    0.7986721396446228,
                    -0.585175096988678,
                    -0.14033134281635284
                ],
                [
                    0.5896019339561462,
                    0.8076040744781494,
                    -0.012051104567945004
                ],
                [
                    0.12038417160511017,
                    -0.07311475276947021,
                    0.9900312423706055
                ]
            ],
            [
                [
                    0.8656728267669678,
                    -0.49532046914100647,
                    -0.0725824236869812
                ],
                [
                    0.487806499004364,
                    0.8020374774932861,
                    0.34464558959007263
                ],
                [
                    -0.11249618232250214,
                    -0.3337564766407013,
                    0.9359225630760193
                ]
            ],
            [
                [
                    0.7956386208534241,
                    -0.589264988899231,
                    -0.14044871926307678
                ],
                [
                    0.5988360643386841,
                    0.8000808358192444,
                    0.03558273985981941
                ],
                [
                    0.09140265733003616,
                    -0.11241676658391953,
                    0.9894483089447021
                ]
            ],
            [
                [
                    0.5007820725440979,
                    -0.8365239500999451,
                    0.22236235439777374
                ],
                [
                    0.7013583779335022,
                    0.5427078008651733,
                    0.4621305465698242
                ],
                [
                    -0.5072610974311829,
                    -0.07547096163034439,
                    0.8584814071655273
                ]
            ],
            [
                [
                    0.9709438681602478,
                    -0.23867730796337128,
                    -0.0173543281853199
                ],
                [
                    0.2392362505197525,
                    0.9663316011428833,
                    0.09470592439174652
                ],
                [
                    -0.005834117066115141,
                    -0.0961059182882309,
                    0.9953539967536926
                ]
            ],
            [
                [
                    0.9746073484420776,
                    -0.22081358730793,
                    -0.03717457875609398
                ],
                [
                    0.21985980868339539,
                    0.9121776223182678,
                    0.3458229899406433
                ],
                [
                    -0.04245256260037422,
                    -0.3452147841453552,
                    0.9375630617141724
                ]
            ],
            [
                [
                    0.7332096695899963,
                    -0.6798816323280334,
                    -0.012826748192310333
                ],
                [
                    0.6796845197677612,
                    0.7333131432533264,
                    -0.016754209995269775
                ],
                [
                    0.02079690434038639,
                    0.003566207131370902,
                    0.9997773170471191
                ]
            ],
            [
                [
                    0.960218071937561,
                    -0.27521368861198425,
                    0.04731430485844612
                ],
                [
                    0.22059909999370575,
                    0.8514606952667236,
                    0.4757631719112396
                ],
                [
                    -0.17122282087802887,
                    -0.44639891386032104,
                    0.8782998323440552
                ]
            ],
            [
                [
                    0.8044502139091492,
                    -0.553728461265564,
                    -0.21504545211791992
                ],
                [
                    0.5879251956939697,
                    0.7939172983169556,
                    0.1550460159778595
                ],
                [
                    0.08487489819526672,
                    -0.2511574625968933,
                    0.9642178416252136
                ]
            ],
            [
                [
                    0.9931268095970154,
                    -0.07558540999889374,
                    0.08936390280723572
                ],
                [
                    0.1136091947555542,
                    0.43895223736763,
                    -0.8912988901138306
                ],
                [
                    0.028142709285020828,
                    0.8953254818916321,
                    0.4445224404335022
                ]
            ],
            [
                [
                    0.8636927604675293,
                    -0.32641249895095825,
                    -0.3840439021587372
                ],
                [
                    0.4951540231704712,
                    0.6917850971221924,
                    0.5256004929542542
                ],
                [
                    0.09411326795816422,
                    -0.6441182494163513,
                    0.7591142654418945
                ]
            ],
            [
                [
                    0.7913530468940735,
                    0.4538201689720154,
                    -0.4096433222293854
                ],
                [
                    -0.45053115487098694,
                    0.8858308792114258,
                    0.11102017015218735
                ],
                [
                    0.4132578372955322,
                    0.09670092165470123,
                    0.9054650664329529
                ]
            ]
        ],
        "betas": [
            0.012443065643310547,
            -0.07493647933006287,
            -0.08056607842445374,
            0.0081501305103302,
            0.05529680848121643,
            -0.025598924607038498,
            0.03074762225151062,
            -0.009830236434936523,
            -0.06936085224151611,
            -0.05287516117095947
        ]
    },
    "pred_cam_t": [
        -0.09971404075622559,
        -0.06907080113887787,
        4.430427074432373
    ],
    "focal_length": [
        5000.0,
        5000.0
    ],
    "pred_keypoints_3d": [
        [
            0.0957508236169815,
            0.006394680123776197,
            0.006193177774548531
        ],
        [
            0.12545421719551086,
            0.026856036856770515,
            -0.007394088432192802
        ],
        [
            0.1419309824705124,
            0.052774593234062195,
            -0.00994363334029913
        ],
        [
            0.1452827751636505,
            0.07850585877895355,
            -0.01785144954919815
        ],
        [
            0.1430194079875946,
            0.1021701917052269,
            -0.045118145644664764
        ],
        [
            0.12090485543012619,
            0.05608149990439415,
            -0.06532514095306396
        ],
        [
            0.12039510160684586,
            0.08656702935695648,
            -0.0780421644449234
        ],
        [
            0.12347821146249771,
            0.10805412381887436,
            -0.07329241931438446
        ],
        [
            0.1266193687915802,
            0.12424251437187195,
            -0.05434361845254898
        ],
        [
            0.0970439687371254,
            0.06197276711463928,
            -0.0705316811800003
        ],
        [
            0.09288684278726578,
            0.0916382223367691,
            -0.08094877749681473
        ],
        [
            0.09635426104068756,
            0.11365914344787598,
            -0.07419710606336594
        ],
        [
            0.10273528099060059,
            0.13148877024650574,
            -0.05684860050678253
        ],
        [
            0.07444676011800766,
            0.061590906232595444,
            -0.05638008564710617
        ],
        [
            0.07395977526903152,
            0.08937931060791016,
            -0.06419581919908524
        ],
        [
            0.07727133482694626,
            0.1134299635887146,
            -0.0590035505592823
        ],
        [
            0.08280430734157562,
            0.13295485079288483,
            -0.043320655822753906
        ],
        [
            0.05920705199241638,
            0.06255080550909042,
            -0.04086916893720627
        ],
        [
            0.061730947345495224,
            0.08350998163223267,
            -0.04015517979860306
        ],
        [
            0.0655289813876152,
            0.10112188011407852,
            -0.03418861702084541
        ],
        [
            0.0714179277420044,
            0.11730480194091797,
            -0.023054402321577072
        ]
    ],
    "pred_vertices": [
        [
            0.11818623542785645,
            0.04556761682033539,
            -0.026720784604549408
        ],
        [
            0.11719250679016113,
            0.04118404537439346,
            -0.017425455152988434
        ],
        [
            0.12354753911495209,
            0.048331718891859055,
            -0.01879279688000679
        ],
        [
            0.12567593157291412,
            0.05072901025414467,
            -0.029161006212234497
        ],
        [
            0.12202584743499756,
            0.04281766712665558,
            0.003460656851530075
        ],
        [
            0.1308175027370453,
            0.037083692848682404,
            0.009538713842630386
        ],
        [
            0.13786084949970245,
            0.051312156021595,
            0.004583436995744705
        ],
        [
            0.1288030445575714,
            0.05457105487585068,
            0.0018078349530696869
        ],
        [
            0.13125720620155334,
            0.05410688742995262,
            -0.031112730503082275
        ],
        [
            0.12840119004249573,
            0.05425061285495758,
            -0.01918335258960724
        ],
        [
            0.13346721231937408,
            0.05324230343103409,
            -0.030553366988897324
        ],
        [
            0.13495872914791107,
            0.04722537100315094,
            -0.04693155735731125
        ],
        [
            0.13228631019592285,
            0.05150454118847847,
            -0.04331565275788307
        ],
        [
            0.13338106870651245,
            0.04670048505067825,
            -0.05671063810586929
        ],
        [
            0.13433954119682312,
            0.0363427959382534,
            -0.047126807272434235
        ],
        [
            0.12837107479572296,
            0.04011424630880356,
            -0.06185893341898918
        ],
        [
            0.10659097135066986,
            0.022868268191814423,
            -0.04887687414884567
        ],
        [
            0.09330162405967712,
            0.022762637585401535,
            -0.045106444507837296
        ],
        [
            0.09214133769273758,
            0.0332828089594841,
            -0.05868212878704071
        ],
        [
            0.10581497102975845,
            0.03301481530070305,
            -0.060705676674842834
        ],
        [
            0.07538864016532898,
            0.033881958574056625,
            -0.04636213928461075
        ],
        [
            0.0844859778881073,
            0.03402496129274368,
            -0.05388648062944412
        ],
        [
            0.08529645204544067,
            0.02254302054643631,
            -0.04099590331315994
        ],
        [
            0.07723074406385422,
            0.023135654628276825,
            -0.03473694995045662
        ],
        [
            0.10367483645677567,
            0.04054701328277588,
            -0.020126380026340485
        ],
        [
            0.1030779480934143,
            0.03537287190556526,
            -0.01116207242012024
        ],
        [
            0.10855039954185486,
            0.0360114686191082,
            -0.014492586255073547
        ],
        [
            0.10908342897891998,
            0.04120304808020592,
            -0.02236093208193779
        ],
        [
            0.1413363367319107,
            0.05633185803890228,
            -0.02390998788177967
        ],
        [
            0.142245814204216,
            0.04127991199493408,
            -0.028996901586651802
        ],
        [
            0.13779322803020477,
            0.046788379549980164,
            -0.032332099974155426
        ],
        [
            0.1371365338563919,
            0.059520818293094635,
            -0.022156646475195885
        ],
        [
            0.09469801187515259,
            0.028160639107227325,
            0.016500502824783325
        ],
        [
            0.09508738666772842,
            0.016167830675840378,
            0.02273079752922058
        ],
        [
            0.10062301903963089,
            0.014794860035181046,
            0.02117941528558731
        ],
        [
            0.09894386678934097,
            0.025674596428871155,
            0.01528870314359665
        ],
        [
            0.12040314078330994,
            0.019345883280038834,
            0.01491130143404007
        ],
        [
            0.11754343658685684,
            0.009999558329582214,
            0.017685189843177795
        ],
        [
            0.12474840134382248,
            -0.001133069396018982,
            0.015914306044578552
        ],
        [
            0.12933005392551422,
            0.0066591911017894745,
            0.011013001203536987
        ],
        [
            0.12534978985786438,
            0.028569165617227554,
            0.011753112077713013
        ],
        [
            0.13449731469154358,
            0.01853986456990242,
            0.00982222706079483
        ],
        [
            0.13948547840118408,
            0.029898013919591904,
            0.007527463138103485
        ],
        [
            0.14549459517002106,
            0.04675157368183136,
            0.0020784959197044373
        ],
        [
            0.08235018700361252,
            0.01652843877673149,
            0.024110928177833557
        ],
        [
            0.08034463971853256,
            0.025729715824127197,
            0.02018342912197113
        ],
        [
            0.1276891529560089,
            0.09018415957689285,
            -0.06919153034687042
        ],
        [
            0.12238642573356628,
            0.09179430454969406,
            -0.06715087592601776
        ],
        [
            0.12277788668870926,
            0.08766280114650726,
            -0.06609394401311874
        ],
        [
            0.1278817355632782,
            0.0868762731552124,
            -0.06877385824918747
        ],
        [
            0.06712395697832108,
            0.011719323694705963,
            0.011743873357772827
        ],
        [
            0.0658319815993309,
            0.0044684335589408875,
            0.004893861711025238
        ],
        [
            0.06560014188289642,
            0.0012490972876548767,
            0.011438198387622833
        ],
        [
            0.06865312159061432,
            0.007436566054821014,
            0.017795495688915253
        ],
        [
            0.06518968939781189,
            0.017398934811353683,
            0.0037551075220108032
        ],
        [
            0.06676087528467178,
            0.009326208382844925,
            -0.003941301256418228
        ],
        [
            0.127909854054451,
            0.0911293625831604,
            -0.08201465755701065
        ],
        [
            0.13065195083618164,
            0.09069410711526871,
            -0.07766197621822357
        ],
        [
            0.1299622356891632,
            0.0859251469373703,
            -0.0787481814622879
        ],
        [
            0.12635935842990875,
            0.08555253595113754,
            -0.08241615444421768
        ],
        [
            0.12693001329898834,
            0.052303656935691833,
            -0.03907771408557892
        ],
        [
            0.11881478875875473,
            0.05051121115684509,
            -0.03473632410168648
        ],
        [
            0.12457913905382156,
            0.05965423956513405,
            -0.0538875088095665
        ],
        [
            0.12103495746850967,
            0.05579975247383118,
            -0.04715694114565849
        ],
        [
            0.12782105803489685,
            0.05369758978486061,
            -0.04825650900602341
        ],
        [
            0.12964166700839996,
            0.056286007165908813,
            -0.05475350469350815
        ],
        [
            0.09917323291301727,
            0.053482018411159515,
            -0.03817213699221611
        ],
        [
            0.09985125064849854,
            0.04651123285293579,
            -0.028796527534723282
        ],
        [
            0.10579246282577515,
            0.04715711623430252,
            -0.031837042421102524
        ],
        [
            0.1067652627825737,
            0.05511327087879181,
            -0.04194537550210953
        ],
        [
            0.08746619522571564,
            0.04893391206860542,
            -0.022398773580789566
        ],
        [
            0.0876811072230339,
            0.05516546964645386,
            -0.03243155777454376
        ],
        [
            0.08064129203557968,
            0.05569692701101303,
            -0.027598731219768524
        ],
        [
            0.08197763562202454,
            0.051997095346450806,
            -0.02075880765914917
        ],
        [
            0.09100770205259323,
            0.06467408686876297,
            -0.05049508064985275
        ],
        [
            0.0908915176987648,
            0.06787044554948807,
            -0.056546419858932495
        ],
        [
            0.08793000876903534,
            0.0694773867726326,
            -0.05534535273909569
        ],
        [
            0.0878385603427887,
            0.06467714160680771,
            -0.048838481307029724
        ],
        [
            0.06554649025201797,
            -0.002893686294555664,
            0.017216019332408905
        ],
        [
            0.07083238661289215,
            0.002910122275352478,
            0.023098357021808624
        ],
        [
            0.058967746794223785,
            0.03786865994334221,
            -0.032541751861572266
        ],
        [
            0.056222449988126755,
            0.04095425456762314,
            -0.022202439606189728
        ],
        [
            0.052867043763399124,
            0.05018708109855652,
            -0.031238675117492676
        ],
        [
            0.05636752024292946,
            0.044168516993522644,
            -0.040677547454833984
        ],
        [
            0.07037939131259918,
            -0.0010844022035598755,
            -0.002551458775997162
        ],
        [
            0.06787332147359848,
            -0.0048816874623298645,
            0.0038486048579216003
        ],
        [
            0.12220203876495361,
            0.09224410355091095,
            -0.08402024954557419
        ],
        [
            0.12051567435264587,
            0.0864175409078598,
            -0.08346353471279144
        ],
        [
            0.14274808764457703,
            0.01956390216946602,
            -0.001040041446685791
        ],
        [
            0.1497558355331421,
            0.04130181297659874,
            -0.004699796438217163
        ],
        [
            0.1348876804113388,
            0.005491591989994049,
            0.00193747878074646
        ],
        [
            0.12839651107788086,
            -0.0033131204545497894,
            0.0041510239243507385
        ],
        [
            0.1249227523803711,
            -0.010455474257469177,
            0.008279003202915192
        ],
        [
            0.11526701599359512,
            0.05865107476711273,
            -0.048957064747810364
        ],
        [
            0.11160539090633392,
            0.04645498842000961,
            -0.030130155384540558
        ],
        [
            0.0989282950758934,
            0.04077761620283127,
            -0.01790759339928627
        ],
        [
            0.0717819407582283,
            0.05015753582119942,
            -0.006668988615274429
        ],
        [
            0.07307100296020508,
            0.0443713553249836,
            0.0019828826189041138
        ],
        [
            0.08221887797117233,
            0.045841675251722336,
            -0.003374233841896057
        ],
        [
            0.07900911569595337,
            0.05013274401426315,
            -0.010224182158708572
        ],
        [
            0.057690754532814026,
            0.04832696169614792,
            -0.015667378902435303
        ],
        [
            0.0637078657746315,
            0.053549520671367645,
            -0.014529366046190262
        ],
        [
            0.062221821397542953,
            0.05810684710741043,
            -0.02152271568775177
        ],
        [
            0.05560379475355148,
            0.05466160178184509,
            -0.023847348988056183
        ],
        [
            0.14849905669689178,
            0.05497605353593826,
            -0.02248108759522438
        ],
        [
            0.14691635966300964,
            0.03742197901010513,
            -0.02441631257534027
        ],
        [
            0.07213549315929413,
            0.018771741539239883,
            0.01783140003681183
        ],
        [
            0.07539699971675873,
            0.013398196548223495,
            0.022472508251667023
        ],
        [
            0.07661575078964233,
            0.0062932297587394714,
            0.026990756392478943
        ],
        [
            0.10021758824586868,
            0.03178216889500618,
            0.002548985183238983
        ],
        [
            0.10192140936851501,
            0.023978471755981445,
            0.014428235590457916
        ],
        [
            0.10587943345308304,
            0.023896511644124985,
            0.012617886066436768
        ],
        [
            0.10285595059394836,
            0.030608471482992172,
            -5.042552947998047e-05
        ],
        [
            0.11420251429080963,
            0.037801049649715424,
            -0.0065694041550159454
        ],
        [
            0.11539459973573685,
            0.03279401361942291,
            0.005615860223770142
        ],
        [
            0.11927260458469391,
            0.04706772044301033,
            -0.007436804473400116
        ],
        [
            0.10808867961168289,
            0.011759631335735321,
            0.020313642919063568
        ],
        [
            0.10163535177707672,
            0.007040221244096756,
            0.027919866144657135
        ],
        [
            0.10972274839878082,
            0.00411229208111763,
            0.025675863027572632
        ],
        [
            0.09197812527418137,
            0.00803479552268982,
            0.029216349124908447
        ],
        [
            0.08307892829179764,
            0.008042387664318085,
            0.0291421040892601
        ],
        [
            0.06530030816793442,
            -0.01133909821510315,
            0.00880422443151474
        ],
        [
            0.11661170423030853,
            0.001071397215127945,
            0.0221136212348938
        ],
        [
            0.13489416241645813,
            0.062012847512960434,
            -0.0010719448328018188
        ],
        [
            0.13912035524845123,
            0.06876885145902634,
            -0.004278548061847687
        ],
        [
            0.13394087553024292,
            0.06761348247528076,
            -0.008996855467557907
        ],
        [
            0.13034503161907196,
            0.06160781532526016,
            -0.00734424963593483
        ],
        [
            0.13134077191352844,
            0.05016899108886719,
            -0.06545946002006531
        ],
        [
            0.13246867060661316,
            0.0541931688785553,
            -0.05932629108428955
        ],
        [
            0.133212149143219,
            0.050435639917850494,
            -0.051105596125125885
        ],
        [
            0.08915116637945175,
            0.03589114919304848,
            0.009842358529567719
        ],
        [
            0.07725583016872406,
            0.03361531347036362,
            0.013377785682678223
        ],
        [
            0.11898631602525711,
            0.06252412497997284,
            -0.055611953139305115
        ],
        [
            0.12534159421920776,
            0.08038409054279327,
            -0.08260437846183777
        ],
        [
            0.12959402799606323,
            0.08089649677276611,
            -0.07854840904474258
        ],
        [
            0.1303369551897049,
            0.06305645406246185,
            -0.07269568741321564
        ],
        [
            0.12555861473083496,
            0.062483273446559906,
            -0.07770949602127075
        ],
        [
            0.11327226459980011,
            0.06615093350410461,
            -0.06340605020523071
        ],
        [
            0.11844131350517273,
            0.0652262344956398,
            -0.058288369327783585
        ],
        [
            0.1174897849559784,
            0.06680848449468613,
            -0.059828419238328934
        ],
        [
            0.11215454339981079,
            0.0691203698515892,
            -0.06296409666538239
        ],
        [
            0.08121868222951889,
            0.06856938451528549,
            -0.04893103986978531
        ],
        [
            0.08129917085170746,
            0.06440362334251404,
            -0.04326082766056061
        ],
        [
            0.10503852367401123,
            0.04599612206220627,
            -0.07004498690366745
        ],
        [
            0.11711075901985168,
            0.040967442095279694,
            -0.07294944673776627
        ],
        [
            0.11843490600585938,
            0.03374149650335312,
            -0.06260661035776138
        ],
        [
            0.09266016632318497,
            0.05366039648652077,
            -0.03453456237912178
        ],
        [
            0.09133746474981308,
            0.060033347457647324,
            -0.04269694536924362
        ],
        [
            0.08759620785713196,
            0.06025800108909607,
            -0.04101068526506424
        ],
        [
            0.11186987906694412,
            0.060841355472803116,
            -0.05161546915769577
        ],
        [
            0.11324559152126312,
            0.06405067443847656,
            -0.05756371095776558
        ],
        [
            0.10860707610845566,
            0.0631607323884964,
            -0.05589098483324051
        ],
        [
            0.10691995918750763,
            0.06014801934361458,
            -0.04945129156112671
        ],
        [
            0.05858857184648514,
            0.03165934234857559,
            -0.01302439346909523
        ],
        [
            0.05989677086472511,
            0.04051196575164795,
            -0.005525749176740646
        ],
        [
            0.1306467205286026,
            0.09007597714662552,
            -0.07300503551959991
        ],
        [
            0.13050003349781036,
            0.08621104061603546,
            -0.0735013410449028
        ],
        [
            0.09348426014184952,
            0.04685536026954651,
            -0.02539297565817833
        ],
        [
            0.1186733990907669,
            0.025920338928699493,
            -0.04989901930093765
        ],
        [
            0.09403777867555618,
            0.04145175218582153,
            -0.015388615429401398
        ],
        [
            0.06782371550798416,
            0.05355367809534073,
            -0.05275816097855568
        ],
        [
            0.0674399882555008,
            0.060759857296943665,
            -0.04759182408452034
        ],
        [
            0.06876546889543533,
            0.06489474326372147,
            -0.05100760608911514
        ],
        [
            0.06836184859275818,
            0.06134498119354248,
            -0.05636993795633316
        ],
        [
            0.11170228570699692,
            0.0832865983247757,
            -0.06848997622728348
        ],
        [
            0.11622206121683121,
            0.08432716131210327,
            -0.06507506221532822
        ],
        [
            0.11658476293087006,
            0.08846040815114975,
            -0.06635129451751709
        ],
        [
            0.11218581348657608,
            0.08852895349264145,
            -0.07024386525154114
        ],
        [
            0.12402717024087906,
            0.06356211751699448,
            -0.05732903629541397
        ],
        [
            0.1294904500246048,
            0.06091052293777466,
            -0.058835335075855255
        ],
        [
            0.12836812436580658,
            0.0659942552447319,
            -0.06118476390838623
        ],
        [
            0.12264913320541382,
            0.06707494705915451,
            -0.05979800596833229
        ],
        [
            0.13176675140857697,
            0.05874176323413849,
            -0.06408374011516571
        ],
        [
            0.13120624423027039,
            0.06411653012037277,
            -0.0665213093161583
        ],
        [
            0.11011985689401627,
            0.0820484608411789,
            -0.07462534308433533
        ],
        [
            0.11339029669761658,
            0.08086824417114258,
            -0.08123917877674103
        ],
        [
            0.111941859126091,
            0.06467899680137634,
            -0.07650516927242279
        ],
        [
            0.10986397415399551,
            0.06908564269542694,
            -0.07015758007764816
        ],
        [
            0.07849095016717911,
            0.011912114918231964,
            -0.024533651769161224
        ],
        [
            0.06971480697393417,
            0.014867831021547318,
            -0.0183548666536808
        ],
        [
            0.0680607333779335,
            0.026027243584394455,
            -0.028514545410871506
        ],
        [
            0.06544169038534164,
            0.036424264311790466,
            -0.03912236914038658
        ],
        [
            0.0645483210682869,
            0.04666581377387047,
            -0.0487290620803833
        ],
        [
            0.0729704275727272,
            0.042363811284303665,
            -0.05647147074341774
        ],
        [
            0.06243138760328293,
            0.027511049062013626,
            -0.022743403911590576
        ],
        [
            0.10749749094247818,
            0.06025750935077667,
            -0.06892286986112595
        ],
        [
            0.1108008399605751,
            0.053843699395656586,
            -0.073017418384552
        ],
        [
            0.10585413873195648,
            0.05400926247239113,
            -0.07140538841485977
        ],
        [
            0.08802387863397598,
            0.04413183778524399,
            -0.011853083968162537
        ],
        [
            0.1307365447282791,
            0.08167211711406708,
            -0.07332054525613785
        ],
        [
            0.11101458966732025,
            -0.013338789343833923,
            -0.008492149412631989
        ],
        [
            0.09749054908752441,
            -0.013933084905147552,
            -0.009410977363586426
        ],
        [
            0.09999042749404907,
            -0.007883436977863312,
            -0.015355579555034637
        ],
        [
            0.11554674804210663,
            -0.0063610561192035675,
            -0.013810466974973679
        ],
        [
            0.12307910621166229,
            0.08399832248687744,
            -0.06467439234256744
        ],
        [
            0.12865673005580902,
            0.0829748809337616,
            -0.06744740903377533
        ],
        [
            0.0754866823554039,
            0.06620524078607559,
            -0.04086500406265259
        ],
        [
            0.07595936954021454,
            0.06934929639101028,
            -0.04661522060632706
        ],
        [
            0.0721360445022583,
            0.06944235414266586,
            -0.04749855026602745
        ],
        [
            0.07059447467327118,
            0.06891565024852753,
            -0.04069068282842636
        ],
        [
            0.06597986817359924,
            0.01591375470161438,
            -0.013826921582221985
        ],
        [
            0.05268815532326698,
            0.05857110768556595,
            -0.03437549248337746
        ],
        [
            0.05560313165187836,
            0.05259975790977478,
            -0.043615251779556274
        ],
        [
            0.07145889848470688,
            0.00502593070268631,
            -0.009805858135223389
        ],
        [
            0.07879136502742767,
            0.00190841406583786,
            -0.015452910214662552
        ],
        [
            0.07844875007867813,
            -0.00515931099653244,
            -0.008718051016330719
        ],
        [
            0.08486390113830566,
            0.04712579399347305,
            -0.06493126600980759
        ],
        [
            0.08525803685188293,
            0.011800631880760193,
            -0.029945585876703262
        ],
        [
            0.08525817841291428,
            0.0016334950923919678,
            -0.019536685198545456
        ],
        [
            0.08513976633548737,
            -0.006828099489212036,
            -0.01167571172118187
        ],
        [
            0.0841812938451767,
            -0.013133719563484192,
            -0.006255984306335449
        ],
        [
            0.07699492573738098,
            -0.010562852025032043,
            -0.0034667402505874634
        ],
        [
            0.11903516203165054,
            0.08070342987775803,
            -0.08310535550117493
        ],
        [
            0.11400081217288971,
            0.08758892863988876,
            -0.0820828378200531
        ],
        [
            0.07441148161888123,
            -0.017730452120304108,
            0.0015292689204216003
        ],
        [
            0.08293285220861435,
            -0.01991322636604309,
            -0.001376919448375702
        ],
        [
            0.09372232854366302,
            0.0013086572289466858,
            -0.02315516397356987
        ],
        [
            0.1050150915980339,
            0.0019930675625801086,
            -0.026415932923555374
        ],
        [
            0.09343966096639633,
            0.011325761675834656,
            -0.03294634446501732
        ],
        [
            0.10433870553970337,
            0.012620288878679276,
            -0.0371476486325264
        ],
        [
            0.09253200888633728,
            0.040789466351270676,
            -0.06925299763679504
        ],
        [
            0.11563798785209656,
            0.10602888464927673,
            -0.07794632762670517
        ],
        [
            0.11231792718172073,
            0.09480370581150055,
            -0.07820874452590942
        ],
        [
            0.1127367839217186,
            0.0940689891576767,
            -0.07244651764631271
        ],
        [
            0.11397898197174072,
            0.10512661188840866,
            -0.0739695131778717
        ],
        [
            0.11093263328075409,
            0.08818349242210388,
            -0.07601317018270493
        ],
        [
            0.11578147113323212,
            0.09361425787210464,
            -0.08261004835367203
        ],
        [
            0.11987122893333435,
            0.016303792595863342,
            -0.037408191710710526
        ],
        [
            0.10882969200611115,
            0.06600446254014969,
            -0.06201063469052315
        ],
        [
            0.12353590875864029,
            0.0065743811428546906,
            -0.023619983345270157
        ],
        [
            0.13552726805210114,
            0.026380419731140137,
            -0.037858955562114716
        ],
        [
            0.1387307047843933,
            0.020964358001947403,
            -0.025833163410425186
        ],
        [
            0.12821316719055176,
            -0.002463236451148987,
            -0.008549556136131287
        ],
        [
            0.13941027224063873,
            0.011380817741155624,
            -0.012225113809108734
        ],
        [
            0.11894139647483826,
            -0.01586776226758957,
            0.0009324401617050171
        ],
        [
            0.12200238555669785,
            -0.009509839117527008,
            -0.004660837352275848
        ],
        [
            0.14790023863315582,
            0.028597597032785416,
            -0.013839967548847198
        ],
        [
            0.1260909140110016,
            0.09984330832958221,
