{
    "pred_cam": [
        13.310532569885254,
        0.07784304022789001,
        -0.002674296498298645
    ],
    "pred_mano_params": {
        "global_orient": [
            [
                [
                    0.2272825837135315,
                    0.9206230640411377,
                    0.3174833357334137
                ],
                [
                    0.17675162851810455,
                    0.2816021740436554,
                    -0.9431114196777344
                ],
                [
                    -0.9576542377471924,
                    0.2704688310623169,
                    -0.09871835261583328
                ]
            ]
        ],
        "hand_pose": [
            [
                [
                    0.9088108539581299,
                    -0.38283225893974304,
                    -0.16583827137947083
                ],
                [
                    0.3629274070262909,
                    0.9214897155761719,
                    -0.1383492350578308
                ],
                [
                    0.20578278601169586,
                    0.06554603576660156,
                    0.9764001965522766
                ]
            ],
            [
                [
                    0.7064929008483887,
                    -0.6808834671974182,
                    0.19304259121418
                ],
                [
                    0.7073072195053101,
                    0.6886221766471863,
                    -0.15973691642284393
                ],
                [
                    -0.024171192198991776,
                    0.24939343333244324,
                    0.9681004881858826
                ]
            ],
            [
                [
                    0.9153773784637451,
                    -0.3270118236541748,
                    0.23483504354953766
                ],
                [
                    0.2918374836444855,
                    0.9407858848571777,
                    0.17249010503292084
                ],
                [
                    -0.2773357927799225,
                    -0.08935988694429398,
                    0.9566084146499634
                ]
            ],
            [
                [
                    0.8007956147193909,
                    -0.5985780954360962,
                    -0.020753607153892517
                ],
                [
                    0.598694920539856,
                    0.7990038394927979,
                    0.05618926137685776
                ],
                [
                    -0.017051445320248604,
                    -0.05742119252681732,
                    0.9982044100761414
                ]
            ],
            [
                [
                    0.6247484087944031,
                    -0.7646605372428894,
                    -0.15806230902671814
                ],
                [
                    0.7746192216873169,
                    0.581477701663971,
                    0.24869397282600403
                ],
                [
                    -0.09825674444437027,
                    -0.2778092920780182,
                    0.955597996711731
                ]
            ],
            [
                [
                    0.7121778726577759,
                    -0.6716524362564087,
                    0.20417074859142303
                ],
                [
                    0.6461077332496643,
                    0.7408653497695923,
                    0.1834757775068283
                ],
                [
                    -0.2744949758052826,
                    0.0012489089276641607,
                    0.9615877270698547
                ]
            ],
            [
                [
                    0.7726412415504456,
                    -0.6129504442214966,
                    0.16527946293354034
                ],
                [
                    0.4907025694847107,
                    0.7418002486228943,
                    0.45710328221321106
                ],
                [
                    -0.402785986661911,
                    -0.27207377552986145,
                    0.873921811580658
                ]
            ],
            [
                [
                    0.93491530418396,
                    -0.32776519656181335,
                    0.13602715730667114
                ],
                [
                    0.3217267394065857,
                    0.9446085691452026,
                    0.06485866010189056
                ],
                [
                    -0.14975081384181976,
                    -0.01687377691268921,
                    0.9885798096656799
                ]
            ],
            [
                [
                    0.9269056916236877,
                    -0.1789155900478363,
                    0.32990145683288574
                ],
                [
                    -0.05458758771419525,
                    0.8054251670837402,
                    0.5901782512664795
                ],
                [
                    -0.37130308151245117,
                    -0.565048098564148,
                    0.7367866039276123
                ]
            ],
            [
                [
                    0.7947059273719788,
                    -0.6063726544380188,
                    0.027471885085105896
                ],
                [
                    0.6002696752548218,
                    0.791814386844635,
                    0.11272232234477997
                ],
                [
                    -0.0901043638586998,
                    -0.073090560734272,
                    0.9932467341423035
                ]
            ],
            [
                [
                    0.8344894647598267,
                    -0.5434033870697021,
                    -0.09132440388202667
                ],
                [
                    0.5116780996322632,
                    0.7026823163032532,
                    0.49439170956611633
                ],
                [
                    -0.2044820636510849,
                    -0.45929333567619324,
                    0.8644286394119263
                ]
            ],
            [
                [
                    0.6696691513061523,
                    -0.7250101566314697,
                    0.16094495356082916
                ],
                [
                    0.631943941116333,
                    0.6701319217681885,
                    0.38931983709335327
                ],
                [
                    -0.39011523127555847,
                    -0.15900735557079315,
                    0.9069324135780334
                ]
            ],
            [
                [
                    0.9651992321014404,
                    0.10325782746076584,
                    -0.2402670681476593
                ],
                [
                    -0.25938042998313904,
                    0.49515587091445923,
                    -0.8291817903518677
                ],
                [
                    0.0333501361310482,
                    0.862646222114563,
                    0.5047070980072021
                ]
            ],
            [
                [
                    0.9823495149612427,
                    -0.17241041362285614,
                    -0.07255492359399796
                ],
                [
                    0.18539758026599884,
                    0.8458982706069946,
                    0.500083863735199
                ],
                [
                    -0.02484557032585144,
                    -0.5047085881233215,
                    0.8629322052001953
                ]
            ],
            [
                [
                    0.940666913986206,
                    -0.2571418583393097,
                    -0.22141341865062714
                ],
                [
                    0.05408351495862007,
                    0.7577702403068542,
                    -0.6502763628959656
                ],
                [
                    0.33499377965927124,
                    0.5997185707092285,
                    0.7267165184020996
                ]
            ]
        ],
        "betas": [
            0.2761440575122833,
            -0.041388243436813354,
            -0.0052345991134643555,
            0.13280020654201508,
            -0.023720234632492065,
            0.0030196085572242737,
            -0.0027114152908325195,
            -0.08163842558860779,
            -0.14978709816932678,
            -0.08837223052978516
        ]
    },
    "pred_cam_t": [
        -0.07784304022789001,
        -0.002674296498298645,
        2.934705972671509
    ],
    "focal_length": [
        5000.0,
        5000.0
    ],
    "pred_keypoints_3d": [
        [
            0.09448342025279999,
            0.006295712664723396,
            0.006099393591284752
        ],
        [
            0.08307930082082748,
            -0.026209397241473198,
            0.022217297926545143
        ],
        [
            0.06845862418413162,
            -0.045512422919273376,
            0.04061184078454971
        ],
        [
            0.05735166743397713,
            -0.057826705276966095,
            0.061669547110795975
        ],
        [
            0.0341891311109066,
            -0.05959394574165344,
            0.08731105178594589
        ],
        [
            0.07633047550916672,
            -0.0296307485550642,
            0.08599404245615005
        ],
        [
            0.06027599796652794,
            -0.033430539071559906,
            0.11411502212285995
        ],
        [
            0.03867431730031967,
            -0.036669209599494934,
            0.11575908958911896
        ],
        [
            0.016384519636631012,
            -0.04506976902484894,
            0.11113129556179047
        ],
        [
            0.07071856409311295,
            -0.007477174513041973,
            0.09553700685501099
        ],
        [
            0.04748304560780525,
            -0.012016751803457737,
            0.11596418172121048
        ],
        [
            0.02679118700325489,
            -0.018363341689109802,
            0.10835971683263779
        ],
        [
            0.014965411275625229,
            -0.031365834176540375,
            0.0908440351486206
        ],
        [
            0.06407065689563751,
            0.015620943158864975,
            0.08498262614011765
        ],
        [
            0.04350455105304718,
            0.009494643658399582,
            0.10356492549180984
        ],
        [
            0.021046767011284828,
            0.00030043255537748337,
            0.10072773694992065
        ],
        [
            0.009659593924880028,
            -0.017566561698913574,
            0.08874296396970749
        ],
        [
            0.05649535357952118,
            0.03155370056629181,
            0.07283995300531387
        ],
        [
            0.039202746003866196,
            0.02883370779454708,
            0.08397045731544495
        ],
        [
            0.022785868495702744,
            0.021425392478704453,
            0.08874310553073883
        ],
        [
            0.010362690314650536,
            0.004525672644376755,
            0.09056733548641205
        ]
    ],
    "pred_vertices": [
        [
            0.07360713928937912,
            -0.022177986800670624,
            0.047112029045820236
        ],
        [
            0.07485588639974594,
            -0.01971399039030075,
            0.03724322468042374
        ],
        [
            0.07115780562162399,
            -0.02681352198123932,
            0.04323318973183632
        ],
        [
            0.07170278578996658,
            -0.030010389164090157,
            0.051480721682310104
        ],
        [
            0.06349276006221771,
            -0.025505544617772102,
            0.024525262415409088
        ],
        [
            0.06559158116579056,
            -0.03292955458164215,
            0.01564910262823105
        ],
        [
            0.05969933420419693,
            -0.041299980133771896,
            0.028633475303649902
        ],
        [
            0.05795277655124664,
            -0.03374161571264267,
            0.03440804034471512
        ],
        [
            0.07176023721694946,
            -0.03612752631306648,
            0.05627318471670151
        ],
        [
            0.06775914132595062,
            -0.03267090395092964,
            0.04848463833332062
        ],
        [
            0.07545286417007446,
            -0.03908528387546539,
            0.057909656316041946
        ],
        [
            0.08322177082300186,
            -0.04030290246009827,
            0.06610636413097382
        ],
        [
            0.0764557272195816,
            -0.03799847140908241,
            0.06415656208992004
        ],
        [
            0.08500860631465912,
            -0.039505552500486374,
            0.07379910349845886
        ],
        [
            0.09292512387037277,
            -0.03837432712316513,
            0.06177648529410362
        ],
        [
            0.09218677878379822,
            -0.03404267877340317,
            0.07592515647411346
        ],
        [
            0.1000000610947609,
            -0.010195158421993256,
            0.06071130558848381
        ],
        [
            0.09732689708471298,
            0.0028698090463876724,
            0.05887985974550247
        ],
        [
            0.09233088791370392,
            0.0017569242045283318,
            0.07503300905227661
        ],
        [
            0.09467960894107819,
            -0.011681712232530117,
            0.07506745308637619
        ],
        [
            0.08587037026882172,
            0.01874551735818386,
            0.06564141064882278
        ],
        [
            0.08926984667778015,
            0.009435854852199554,
            0.07168765366077423
        ],
        [
            0.09536127001047134,
            0.010963239707052708,
            0.05593804270029068
        ],
        [
            0.09190189838409424,
            0.019183412194252014,
            0.05128353461623192
        ],
        [
            0.07317981123924255,
            -0.007574619725346565,
            0.04090859368443489
        ],
        [
            0.07480810582637787,
            -0.005508054047822952,
            0.03045129030942917
        ],
        [
            0.07642669975757599,
            -0.010749386623501778,
            0.03265625983476639
        ],
        [
            0.07425881177186966,
            -0.01281222328543663,
            0.04238978773355484
        ],
        [
            0.07595042139291763,
            -0.04778611287474632,
            0.053331732749938965
        ],
        [
            0.0858636125922203,
            -0.045552343130111694,
            0.04855239391326904
        ],
        [
            0.08264875411987305,
            -0.04248841479420662,
            0.055100925266742706
        ],
        [
            0.07206665724515915,
            -0.044595688581466675,
            0.05558820813894272
        ],
        [
            0.07071077823638916,
            0.0053712595254182816,
            0.0042570531368255615
        ],
        [
            0.07953692972660065,
            0.00697223749011755,
            -0.0056203678250312805
        ],
        [
            0.08170943707227707,
            0.0016288729384541512,
            -0.005424506962299347
        ],
        [
            0.07359020411968231,
            0.0014581847935914993,
            0.0037560537457466125
        ],
        [
            0.07927023619413376,
            -0.01967577636241913,
            -0.0004137381911277771
        ],
        [
            0.08777181059122086,
            -0.014860861003398895,
            -0.006103113293647766
        ],
        [
            0.09968411177396774,
            -0.020516015589237213,
            -0.008876517415046692
        ],
        [
            0.09395191073417664,
            -0.026556754484772682,
            -0.001963794231414795
        ],
        [
            0.07151012867689133,
            -0.02645028755068779,
            0.007520139217376709
        ],
        [
            0.08283380419015884,
            -0.033584680408239365,
            0.004001595079898834
        ],
        [
            0.07381119579076767,
            -0.03983146324753761,
            0.012514151632785797
        ],
        [
            0.06621849536895752,
            -0.04727873206138611,
            0.026042558252811432
        ],
        [
            0.07764849811792374,
            0.019419649615883827,
            -0.005221232771873474
        ],
        [
            0.07045813649892807,
            0.01990506425499916,
            0.0017757043242454529
        ],
        [
            0.05305635556578636,
            -0.03970063105225563,
            0.10490334033966064
        ],
        [
            0.05065404251217842,
            -0.03431401401758194,
            0.10438977181911469
        ],
        [
            0.05304896831512451,
            -0.033936478197574615,
            0.10228192806243896
        ],
        [
            0.05495569854974747,
            -0.03929229453206062,
            0.10331118106842041
        ],
        [
            0.08509387820959091,
            0.033952903002500534,
            0.006157681345939636
        ],
        [
            0.09406765550374985,
            0.035606078803539276,
            0.010067954659461975
        ],
        [
            0.09464551508426666,
            0.03675699234008789,
            0.0029929131269454956
        ],
        [
            0.08697609603404999,
            0.03350401669740677,
            -0.001047767698764801
        ],
        [
            0.08255630731582642,
            0.034412965178489685,
            0.01565605401992798
        ],
        [
            0.0928342267870903,
            0.03336898237466812,
            0.01974012702703476
        ],
        [
            0.057945579290390015,
            -0.041310008615255356,
            0.1164102777838707
        ],
        [
            0.05633624643087387,
            -0.043541502207517624,
            0.11213690042495728
        ],
        [
            0.06050514057278633,
            -0.04268602654337883,
            0.1112188845872879
        ],
        [
            0.06274114549160004,
            -0.03965982049703598,
            0.1148478090763092
        ],
        [
            0.07241282612085342,
            -0.03269900009036064,
            0.06026566028594971
        ],
        [
            0.07108483463525772,
            -0.024435415863990784,
            0.05616478621959686
        ],
        [
            0.068477563560009,
            -0.032758571207523346,
            0.07744380086660385
        ],
        [
            0.07004278898239136,
            -0.028438108041882515,
            0.0692731961607933
        ],
        [
            0.07320664823055267,
            -0.03478889539837837,
            0.06890285760164261
        ],
        [
            0.07274660468101501,
            -0.03744620829820633,
            0.07618534564971924
        ],
        [
            0.0670357197523117,
            -0.006266022101044655,
            0.06262879818677902
        ],
        [
            0.07021157443523407,
            -0.005365370307117701,
            0.05152668431401253
        ],
        [
            0.0713537186384201,
            -0.011361939832568169,
            0.053814131766557693
        ],
        [
            0.06754524260759354,
            -0.014116140082478523,
            0.0658082440495491
        ],
        [
            0.06463630497455597,
            0.006871123798191547,
            0.047949619591236115
        ],
        [
            0.062402091920375824,
            0.005127959884703159,
            0.05929802730679512
        ],
        [
            0.05954372510313988,
            0.012255342677235603,
            0.05592167377471924
        ],
        [
            0.06077995523810387,
            0.01197982020676136,
            0.048154253512620926
        ],
        [
            0.06045594811439514,
            -0.0003177021862939,
            0.07902482897043228
        ],
        [
            0.05967056751251221,
            -0.0010661357082426548,
            0.08593042939901352
        ],
        [
            0.058265574276447296,
            0.0012352874036878347,
            0.08587799966335297
        ],
        [
            0.05969437584280968,
            0.0027738146018236876,
            0.0778820663690567
        ],
        [
            0.09636616706848145,
            0.037796299904584885,
            -0.003731459379196167
        ],
        [
            0.08942747116088867,
            0.03235581889748573,
            -0.007725641131401062
        ],
        [
            0.07576292753219604,
            0.0346735343337059,
            0.055940963327884674
        ],
        [
            0.06893029063940048,
            0.03768496587872505,
            0.04806612804532051
        ],
        [
            0.06288895756006241,
            0.0386735200881958,
            0.059070050716400146
        ],
        [
            0.07209961116313934,
            0.03544541075825691,
            0.06489648669958115
        ],
        [
            0.10221078246831894,
            0.03129526972770691,
            0.014443449676036835
        ],
        [
            0.10318882018327713,
            0.0347164124250412,
            0.00756247341632843
        ],
        [
            0.058019232004880905,
            -0.03589470684528351,
            0.11934354901313782
        ],
        [
            0.06267973780632019,
            -0.03415410965681076,
            0.1175139844417572
        ],
        [
            0.08787154406309128,
            -0.04157710447907448,
            0.013707876205444336
        ],
        [
            0.07535314559936523,
            -0.050478678196668625,
            0.02705233544111252
        ],
        [
            0.09839944541454315,
            -0.03242599964141846,
            0.005350664258003235
        ],
        [
            0.10580655932426453,
            -0.024702033028006554,
            0.0006332471966743469
        ],
        [
            0.11119461804628372,
            -0.020053040236234665,
            -0.005160503089427948
        ],
        [
            0.06723124533891678,
            -0.02333711087703705,
            0.07271351665258408
        ],
        [
            0.07222021371126175,
            -0.016647888347506523,
            0.05126897245645523
        ],
        [
            0.07161755114793777,
            -0.0029188748449087143,
            0.03962080925703049
        ],
        [
            0.056631073355674744,
            0.023134585469961166,
            0.035698309540748596
        ],
        [
            0.0590720996260643,
            0.02330714464187622,
            0.02558913081884384
        ],
        [
            0.06045197322964668,
            0.01384012121707201,
            0.030004411935806274
        ],
        [
            0.058611564338207245,
            0.015920162200927734,
            0.03816813603043556
        ],
        [
            0.059920478612184525,
            0.035862818360328674,
            0.04460097476840019
        ],
        [
            0.0552932433784008,
            0.02963513508439064,
            0.04493721202015877
        ],
        [
            0.053029756993055344,
            0.029532019048929214,
            0.053190503269433975
        ],
        [
            0.05628526583313942,
            0.03587246313691139,
            0.05413403734564781
        ],
        [
            0.07669570297002792,
            -0.053722284734249115,
            0.04905575141310692
        ],
        [
            0.08713086694478989,
            -0.04861273244023323,
            0.04195668548345566
        ],
        [
            0.07696481049060822,
            0.02859918400645256,
            0.0024873316287994385
        ],
        [
            0.08050829917192459,
            0.026462191715836525,
            -0.003983639180660248
        ],
        [
            0.08546464145183563,
            0.026592733338475227,
            -0.010785527527332306
        ],
        [
            0.07263612002134323,
            -0.0013772575184702873,
            0.016956359148025513
        ],
        [
            0.07540787011384964,
            -0.0013210354372859001,
            0.0033144503831863403
        ],
        [
            0.07595919817686081,
            -0.005467073991894722,
            0.004107363522052765
        ],
        [
            0.07468560338020325,
            -0.003941495902836323,
            0.01803635060787201
        ],
        [
            0.0722304955124855,
            -0.016465405002236366,
            0.02730908989906311
        ],
        [
            0.07007916271686554,
            -0.017208874225616455,
            0.014376133680343628
        ],
        [
            0.06653989851474762,
            -0.023035863414406776,
            0.03550419583916664
        ],
        [
            0.08504176139831543,
            -0.00542956218123436,
            -0.006787315011024475
        ],
        [
            0.08659297227859497,
            0.002135280519723892,
            -0.014338076114654541
        ],
        [
            0.0906682014465332,
            -0.005583940073847771,
            -0.014289379119873047
        ],
        [
            0.08438801765441895,
            0.011531297117471695,
            -0.014060884714126587
        ],
        [
            0.08365271240472794,
            0.02021166682243347,
            -0.012911655008792877
        ],
        [
            0.10710632801055908,
            0.03844072297215462,
            0.0011096298694610596
        ],
        [
            0.0952674150466919,
            -0.012220194563269615,
            -0.012859225273132324
        ],
        [
            0.05629010498523712,
            -0.039950862526893616,
            0.041118212044239044
        ],
        [
            0.05505026876926422,
            -0.04570653289556503,
            0.04675102233886719
        ],
        [
            0.0587654635310173,
            -0.04137880355119705,
            0.05176575109362602
        ],
        [
            0.060138534754514694,
            -0.03601715713739395,
            0.04719863086938858
        ],
        [
            0.08419506251811981,
            -0.03903868421912193,
            0.08307340741157532
        ],
        [
            0.07743120938539505,
            -0.04015697166323662,
            0.07932179421186447
        ],
        [
            0.07878278195858002,
            -0.03964204341173172,
            0.07010045647621155
        ],
        [
            0.06551956385374069,
            0.009331981651484966,
            0.013658590614795685
        ],
        [
            0.06533782929182053,
            0.021478384733200073,
            0.01102031022310257
        ],
        [
            0.06624945253133774,
            -0.027644110843539238,
            0.08121007680892944
        ],
        [
            0.06707273423671722,
            -0.03857467696070671,
            0.11286327242851257
        ],
        [
            0.06446804106235504,
            -0.042177796363830566,
            0.10893717408180237
        ],
        [
            0.07547019422054291,
            -0.040349990129470825,
            0.0960567519068718
        ],
        [
            0.07868722081184387,
            -0.03633282333612442,
            0.10050109028816223
        ],
        [
            0.06692838668823242,
            -0.022977445274591446,
            0.09115865081548691
        ],
        [
            0.06530091911554337,
            -0.02732321247458458,
            0.08630252629518509
        ],
        [
            0.06504616886377335,
            -0.026677463203668594,
            0.08911745995283127
        ],
        [
            0.06487676501274109,
            -0.022092511877417564,
            0.09365176409482956
        ],
        [
            0.0561104454100132,
            0.00828647706657648,
            0.08043038100004196
        ],
        [
            0.0573347732424736,
            0.009631730616092682,
            0.0735616609454155
        ],
        [
            0.08618602156639099,
            -0.013185454532504082,
            0.08836459368467331
        ],
        [
            0.09315593540668488,
            -0.024841858074069023,
            0.08679895848035812
        ],
        [
            0.09649714827537537,
            -0.02369825914502144,
            0.0752442330121994
        ],
        [
            0.06497028470039368,
            0.00031233555637300014,
            0.06009842827916145
        ],
        [
            0.06187001243233681,
            0.00026403041556477547,
            0.07001498341560364
        ],
        [
            0.06074691191315651,
            0.004012797027826309,
            0.06902830302715302
        ],
        [
            0.0660247951745987,
            -0.020452186465263367,
            0.07642164826393127
        ],
        [
            0.06547579169273376,
            -0.02236100845038891,
            0.08379468321800232
        ],
        [
            0.06545233726501465,
            -0.01770910434424877,
            0.08140864968299866
        ],
        [
            0.06564243137836456,
            -0.015390976332128048,
            0.07451494038105011
        ],
        [
            0.07470175623893738,
            0.03753666952252388,
            0.03649786487221718
        ],
        [
            0.06400946527719498,
            0.03579055517911911,
            0.03257357329130173
        ],
        [
            0.05480510741472244,
            -0.04299923777580261,
            0.10781778395175934
        ],
        [
            0.05767352879047394,
            -0.04251823201775551,
            0.1066693589091301
        ],
        [
            0.0681220293045044,
            0.0010370048694312572,
            0.04926435276865959
        ],
        [
            0.09956419467926025,
            -0.022004712373018265,
            0.06118212640285492
        ],
        [
            0.06968646496534348,
            0.0019422946497797966,
            0.03814460337162018
        ],
        [
            0.06938241422176361,
            0.0235457681119442,
            0.0793488472700119
        ],
        [
            0.06147851049900055,
            0.023472178727388382,
            0.0778622031211853
        ],
        [
            0.05866068974137306,
            0.02103792503476143,
            0.08248394727706909
        ],
        [
            0.06360910832881927,
            0.021680213510990143,
            0.08579207211732864
        ],
        [
            0.05718502402305603,
            -0.023255862295627594,
            0.10499338805675507
        ],
        [
            0.05443485826253891,
            -0.027289504185318947,
            0.10210207849740982
        ],
        [
            0.05264861509203911,
            -0.02798628807067871,
            0.10386990755796432
        ],
        [
            0.05446014553308487,
            -0.02415098249912262,
            0.1079254299402237
        ],
        [
            0.06651236861944199,
            -0.0325341522693634,
            0.08403199911117554
        ],
        [
            0.07003388553857803,
            -0.03784304857254028,
            0.08310914784669876
        ],
        [
            0.06678558886051178,
            -0.03726452589035034,
            0.08846215158700943
        ],
        [
            0.06502930074930191,
            -0.03171352297067642,
            0.08863692730665207
        ],
        [
            0.07478617131710052,
            -0.04026578366756439,
            0.08656059950590134
        ],
        [
            0.07126912474632263,
            -0.04048999026417732,
            0.09144622832536697
        ],
        [
            0.06140564754605293,
            -0.022370822727680206,
            0.10966230928897858
        ],
        [
            0.0656895861029625,
            -0.026545297354459763,
            0.11410777270793915
        ],
        [
            0.07588749378919601,
            -0.023073090240359306,
            0.10245770961046219
        ],
        [
            0.06906666606664658,
            -0.020706772804260254,
            0.09978760778903961
        ],
        [
            0.09873925894498825,
            0.020095225423574448,
            0.03805592656135559
        ],
        [
            0.09306550025939941,
            0.02872578054666519,
            0.03442399948835373
        ],
        [
            0.0862453505396843,
            0.02815522626042366,
            0.04760272055864334
        ],
        [
            0.08008319139480591,
            0.028433114290237427,
            0.06079413369297981
        ],
        [
            0.07369058579206467,
            0.027388740330934525,
            0.07282848656177521
        ],
        [
            0.08129280805587769,
            0.019508976489305496,
            0.07800614833831787
        ],
        [
            0.08233927190303802,
            0.033764854073524475,
            0.043485019356012344
        ],
        [
            0.07332034409046173,
            -0.01712188683450222,
            0.0920831561088562
        ],
        [
            0.08198759704828262,
            -0.020222406834363937,
            0.09360894560813904
        ],
        [
            0.07958516478538513,
            -0.01486909668892622,
            0.09218797832727432
        ],
        [
            0.06548856943845749,
            0.007758479565382004,
            0.03654525801539421
        ],
        [
            0.06101556122303009,
            -0.04255233705043793,
            0.10485206544399261
        ],
        [
            0.11905652284622192,
            -0.007222341373562813,
            0.010791927576065063
        ],
        [
            0.11886097490787506,
            0.005962369963526726,
            0.01315838098526001
        ],
        [
            0.11558575928211212,
            0.002275558188557625,
            0.020335637032985687
        ],
        [
            0.11494477093219757,
            -0.012869147583842278,
            0.017350688576698303
        ],
        [
            0.054346490651369095,
            -0.03398064151406288,
            0.10061076283454895
        ],
        [
            0.056834638118743896,
            -0.03971659764647484,
            0.10116790235042572
        ],
        [
            0.054315656423568726,
            0.015209859237074852,
            0.07299399375915527
        ],
        [
            0.053951818495988846,
            0.013507808558642864,
            0.0793394148349762
        ],
        [
            0.053811151534318924,
            0.016905397176742554,
            0.08076301217079163
        ],
        [
            0.05152617394924164,
            0.019370248541235924,
            0.07477276027202606
        ],
        [
            0.09018812328577042,
            0.032521214336156845,
            0.03107878565788269
        ],
        [
            0.056859396398067474,
            0.038135163486003876,
            0.06472966074943542
        ],
        [
            0.06590497493743896,
            0.035829052329063416,
            0.07015028595924377
        ],
        [
            0.09926106035709381,
            0.028920412063598633,
            0.023058801889419556
        ],
        [
            0.10477538406848907,
            0.021746337413787842,
            0.026333853602409363
        ],
        [
            0.10889682918787003,
            0.023522721603512764,
            0.017803922295570374
        ],
        [
            0.08133865147829056,
            0.006954891607165337,
            0.08668077737092972
        ],
        [
            0.10132792592048645,
            0.013124685734510422,
            0.04218590632081032
        ],
        [
            0.10701726377010345,
            0.01518129464238882,
            0.029222220182418823
        ],
        [
            0.11202603578567505,
            0.016982894390821457,
            0.019149020314216614
        ],
        [
            0.1158754974603653,
            0.019120387732982635,
            0.012142844498157501
        ],
        [
            0.11183653771877289,
            0.026004470884799957,
            0.011266641318798065
        ],
        [
            0.06700899451971054,
            -0.03249860554933548,
            0.11459877341985703
        ],
        [
            0.0607851967215538,
            -0.02745281159877777,
            0.11777129769325256
        ],
        [
            0.11640343070030212,
            0.029810864478349686,
            0.004534423351287842
        ],
        [
            0.120236337184906,
            0.02154267579317093,
            0.005465477705001831
        ],
        [
            0.10927890986204147,
            0.006638454273343086,
            0.03141535073518753
        ],
        [
            0.11097309738397598,
            -0.004532886669039726,
            0.03307254612445831
        ],
        [
            0.10355149209499359,
            0.004999823868274689,
            0.0438392236828804
        ],
        [
            0.1049741804599762,
            -0.005965514108538628,
            0.04676827788352966
        ],
        [
            0.08919446915388107,
            -0.0001780213788151741,
            0.08741974830627441
        ],
        [
            0.04300076887011528,
            -0.02933301404118538,
            0.11970872431993484
        ],
        [
            0.05267244204878807,
            -0.025498773902654648,
            0.11632680147886276
        ],
        [
            0.050823405385017395,
            -0.025429552420973778,
            0.11085405945777893
        ],
        [
            0.041588813066482544,
            -0.027835329994559288,
            0.11603222787380219
        ],
        [
            0.05735517293214798,
            -0.023616956546902657,
            0.11294880509376526
        ],
        [
            0.05584094300866127,
            -0.029227400198578835,
            0.11938302218914032
        ],
        [
            0.10392637550830841,
            -0.02112555503845215,
            0.046219442039728165
        ],
        [
            0.06552265584468842,
            -0.018500491976737976,
            0.0879213735461235
        ],
        [
            0.10791191458702087,
            -0.022629549726843834,
            0.029496930539608
        ],
        [
            0.09846337884664536,
            -0.0374181792140007,
            0.04930897429585457
        ],
        [
            0.09858571738004684,
            -0.038952626287937164,
            0.03600963577628136
        ],
        [
            0.11002017557621002,
            -0.025332685559988022,
            0.012216925621032715
        ],
        [
            0.10031489282846451,
            -0.0379071906208992,
            0.01981927454471588
        ],
        [
            0.11865152418613434,
            -0.014037040993571281,
            0.00041706860065460205
        ],
        [
            0.11478869616985321,
            -0.018245168030261993,
            0.007144547998905182
        ],
        [
            0.08886763453483582,
            -0.0474073700606823,
            0.02809257060289383
        ],
        [
            0.04358562454581261,
