{
    "pred_cam": [
        7.0620574951171875,
        0.06963083148002625,
        -0.072725310921669
    ],
    "pred_mano_params": {
        "global_orient": [
            [
                [
                    0.3120100498199463,
                    -0.2046041190624237,
                    0.9277859330177307
                ],
                [
                    -0.5432572960853577,
                    -0.8395626544952393,
                    -0.002453394001349807
                ],
                [
                    0.7794364094734192,
                    -0.5032610297203064,
                    -0.37310466170310974
                ]
            ]
        ],
        "hand_pose": [
            [
                [
                    0.7265236377716064,
                    -0.6219766736030579,
                    -0.2920759916305542
                ],
                [
                    0.5972214937210083,
                    0.7817875146865845,
                    -0.17926177382469177
                ],
                [
                    0.3398379981517792,
                    -0.04419613257050514,
                    0.9394449591636658
                ]
            ],
            [
                [
                    0.9285426735877991,
                    -0.3396134376525879,
                    0.14990389347076416
                ],
                [
                    0.3634953200817108,
                    0.9137601256370544,
                    -0.1814209520816803
                ],
                [
                    -0.07536320388317108,
                    0.22294646501541138,
                    0.9719131588935852
                ]
            ],
            [
                [
                    0.7954810261726379,
                    -0.5979400873184204,
                    0.09837520867586136
                ],
                [
                    0.6059070229530334,
                    0.7823427319526672,
                    -0.14427942037582397
                ],
                [
                    0.009307310916483402,
                    0.17437776923179626,
                    0.9846348762512207
                ]
            ],
            [
                [
                    0.8327004313468933,
                    -0.5257931351661682,
                    -0.1736416518688202
                ],
                [
                    0.5196962952613831,
                    0.8503429889678955,
                    -0.0826595276594162
                ],
                [
                    0.19111676514148712,
                    -0.02141028828918934,
                    0.9813337326049805
                ]
            ],
            [
                [
                    0.8040160536766052,
                    -0.5776101350784302,
                    -0.1411551684141159
                ],
                [
                    0.5896190404891968,
                    0.7437935471534729,
                    0.3148341476917267
                ],
                [
                    -0.07686108350753784,
                    -0.3363594710826874,
                    0.9385918974876404
                ]
            ],
            [
                [
                    0.7967076897621155,
                    -0.5971966981887817,
                    -0.09280513972043991
                ],
                [
                    0.6024324297904968,
                    0.7970110177993774,
                    0.04299506917595863
                ],
                [
                    0.048290204256772995,
                    -0.09016333520412445,
                    0.9947554469108582
                ]
            ],
            [
                [
                    0.6587339639663696,
                    -0.7363611459732056,
                    0.1544080525636673
                ],
                [
                    0.6746719479560852,
                    0.6689602136611938,
                    0.3119456470012665
                ],
                [
                    -0.33299747109413147,
                    -0.10131443291902542,
                    0.9374690055847168
                ]
            ],
            [
                [
                    0.9762012362480164,
                    -0.21038050949573517,
                    -0.05264221504330635
                ],
                [
                    0.21262884140014648,
                    0.9762517213821411,
                    0.0414908267557621
                ],
                [
                    0.04266319423913956,
                    -0.05169665068387985,
                    0.9977511167526245
                ]
            ],
            [
                [
                    0.9712690711021423,
                    -0.23408076167106628,
                    0.04292616248130798
                ],
                [
                    0.19857273995876312,
                    0.8965457081794739,
                    0.3959478437900543
                ],
                [
                    -0.13116902112960815,
                    -0.37604790925979614,
                    0.9172691702842712
                ]
            ],
            [
                [
                    0.8322013020515442,
                    -0.544768214225769,
                    -0.10328880697488785
                ],
                [
                    0.5393945574760437,
                    0.8385468125343323,
                    -0.0767638236284256
                ],
                [
                    0.12843100726604462,
                    0.008169525302946568,
                    0.9916847348213196
                ]
            ],
            [
                [
                    0.9320213198661804,
                    -0.3615984618663788,
                    -0.0241421926766634
                ],
                [
                    0.33616459369659424,
                    0.8377333879470825,
                    0.43034419417381287
                ],
                [
                    -0.13538706302642822,
                    -0.40920567512512207,
                    0.9023419618606567
                ]
            ],
            [
                [
                    0.8188642263412476,
                    -0.5557984709739685,
                    -0.14335085451602936
                ],
                [
                    0.5738685727119446,
                    0.7978306412696838,
                    0.18477323651313782
                ],
                [
                    0.011673024855554104,
                    -0.2335687279701233,
                    0.9722702503204346
                ]
            ],
            [
                [
                    0.9888244867324829,
                    -0.1466226428747177,
                    0.026979563757777214
                ],
                [
                    0.08942973613739014,
                    0.43856945633888245,
                    -0.8942366242408752
                ],
                [
                    0.11928290873765945,
                    0.8866559267044067,
                    0.44678065180778503
                ]
            ],
            [
                [
                    0.8924557566642761,
                    -0.30490195751190186,
                    -0.33250200748443604
                ],
                [
                    0.445151150226593,
                    0.7148154973983765,
                    0.5393323302268982
                ],
                [
                    0.07323408871889114,
                    -0.6293438673019409,
                    0.773668646812439
                ]
            ],
            [
                [
                    0.8937703371047974,
                    0.40694454312324524,
                    -0.18860210478305817
                ],
                [
                    -0.39458608627319336,
                    0.9133192896842957,
                    0.10074623674154282
                ],
                [
                    0.21325203776359558,
                    -0.015624240972101688,
                    0.9768723249435425
                ]
            ]
        ],
        "betas": [
            -0.046750664710998535,
            -0.06543469429016113,
            -0.09582224488258362,
            -0.028920143842697144,
            0.07512536644935608,
            -0.010837677866220474,
            0.020673692226409912,
            -0.0033010244369506836,
            -0.0240488201379776,
            -0.05189600586891174
        ]
    },
    "pred_cam_t": [
        -0.06963083148002625,
        -0.072725310921669,
        5.531320095062256
    ],
    "focal_length": [
        5000.0,
        5000.0
    ],
    "pred_keypoints_3d": [
        [
            0.0960238054394722,
            0.006414520088583231,
            0.006216211710125208
        ],
        [
            0.11564826965332031,
            0.03250811994075775,
            -0.014470422640442848
        ],
        [
            0.12271437048912048,
            0.06180756166577339,
            -0.021262282505631447
        ],
        [
            0.11726071685552597,
            0.08728547394275665,
            -0.029046226292848587
        ],
        [
            0.10881513357162476,
            0.11229508370161057,
            -0.05408022180199623
        ],
        [
            0.08869961649179459,
            0.05875047668814659,
            -0.06775917112827301
        ],
        [
            0.07514649629592896,
            0.08758541196584702,
            -0.07685534656047821
        ],
        [
            0.07134238630533218,
            0.10906648635864258,
            -0.07227309793233871
        ],
        [
            0.07175756245851517,
            0.1279143989086151,
            -0.05525729060173035
        ],
        [
            0.06356897205114365,
            0.059258006513118744,
            -0.06576704233884811
        ],
        [
            0.047684699296951294,
            0.08537597954273224,
            -0.07459571957588196
        ],
        [
            0.046309683471918106,
            0.10715644806623459,
            -0.06624426692724228
        ],
        [
            0.05263731628656387,
            0.1257590502500534,
            -0.04968425631523132
        ],
        [
            0.04647179692983627,
            0.0543489009141922,
            -0.04576258361339569
        ],
        [
            0.03349947929382324,
            0.0786236822605133,
            -0.0548081211745739
        ],
        [
            0.029318001121282578,
            0.10265924781560898,
            -0.049784306436777115
        ],
        [
            0.03266366571187973,
            0.12456388771533966,
            -0.037001460790634155
        ],
        [
            0.036390677094459534,
            0.05241289734840393,
            -0.026468602940440178
        ],
        [
            0.029765380546450615,
            0.07255878299474716,
            -0.026776466518640518
        ],
        [
            0.026043690741062164,
            0.09086120128631592,
            -0.023002730682492256
        ],
        [
            0.02797846496105194,
            0.10992970317602158,
            -0.015688017010688782
        ]
    ],
    "pred_vertices": [
        [
            0.098951555788517,
            0.04858991503715515,
            -0.030042558908462524
        ],
        [
            0.10146982967853546,
            0.044098787009716034,
            -0.020667459815740585
        ],
        [
            0.10493631660938263,
            0.05242421478033066,
            -0.0234849750995636
        ],
        [
            0.10379026085138321,
            0.055150628089904785,
            -0.03423342481255531
        ],
        [
            0.112034372985363,
            0.047625064849853516,
            -0.0021636933088302612
        ],
        [
            0.12341664731502533,
            0.04441109672188759,
            0.0004499703645706177
        ],
        [
            0.12448560446500778,
            0.05965028330683708,
            -0.006139941513538361
        ],
        [
            0.11448110640048981,
            0.06053989380598068,
            -0.0056695155799388885
        ],
        [
            0.10726075619459152,
            0.05967554450035095,
            -0.037640973925590515
        ],
        [
            0.10766734927892685,
            0.05940084159374237,
            -0.025232840329408646
        ],
        [
            0.10926615446805954,
            0.05940214917063713,
            -0.038044609129428864
        ],
        [
            0.10805495083332062,
            0.05347120016813278,
            -0.054393474012613297
        ],
        [
            0.1058862954378128,
            0.057172320783138275,
            -0.0498962476849556
        ],
        [
            0.10433484613895416,
            0.05249848961830139,
            -0.06338556855916977
        ],
        [
            0.10980753600597382,
            0.04273010045289993,
            -0.05495194345712662
        ],
        [
            0.09970168769359589,
            0.044847793877124786,
            -0.06725548207759857
        ],
        [
            0.08700345456600189,
            0.023526642471551895,
            -0.049154169857501984
        ],
        [
            0.07571418583393097,
            0.020657788962125778,
            -0.04171689599752426
        ],
        [
            0.06869754195213318,
            0.03041328862309456,
            -0.05387623608112335
        ],
        [
            0.08086016774177551,
            0.03302094712853432,
            -0.0598611906170845
        ],
        [
            0.056543223559856415,
            0.027652382850646973,
            -0.03710708022117615
        ],
        [
            0.06276649981737137,
            0.029576152563095093,
            -0.04701865836977959
        ],
        [
            0.0694487914443016,
            0.018809109926223755,
            -0.0354764424264431
        ],
        [
            0.06358177959918976,
            0.017809659242630005,
            -0.027106884866952896
        ],
        [
            0.08864981681108475,
            0.04084572196006775,
            -0.019985396414995193
        ],
        [
            0.09174459427595139,
            0.03579328954219818,
            -0.011293478310108185
        ],
        [
            0.09568802267313004,
            0.03738761693239212,
            -0.015820052474737167
        ],
        [
            0.09286527335643768,
            0.04254496842622757,
            -0.02356049045920372
        ],
        [
            0.11712482571601868,
            0.0643051266670227,
            -0.03442404419183731
        ],
        [
            0.12058579921722412,
            0.049809716641902924,
            -0.03989116847515106
        ],
        [
            0.11419909447431564,
            0.05402315407991409,
            -0.04146450385451317
        ],
        [
            0.11301183700561523,
            0.06656002998352051,
            -0.03129115700721741
        ],
        [
            0.09337133169174194,
            0.02772604301571846,
            0.017283082008361816
        ],
        [
            0.09804412722587585,
            0.016215767711400986,
            0.022678576409816742
        ],
        [
            0.1031026765704155,
            0.01602153107523918,
            0.019564874470233917
        ],
        [
            0.09758435189723969,
            0.02616063877940178,
            0.014846213161945343
        ],
        [
            0.11922600865364075,
            0.02467934787273407,
            0.008215926587581635
        ],
        [
            0.11915662884712219,
            0.014937147498130798,
            0.01122034341096878
        ],
        [
            0.12768085300922394,
            0.005651935935020447,
            0.006966695189476013
        ],
        [
            0.12898485362529755,
            0.01427820697426796,
            0.0012303516268730164
        ],
        [
            0.1210942417383194,
            0.03481891378760338,
            0.004104994237422943
        ],
        [
            0.1310521811246872,
            0.027127806097269058,
            -0.0010796412825584412
        ],
        [
            0.13236680626869202,
            0.0394403450191021,
            -0.004696190357208252
        ],
        [
            0.13167104125022888,
            0.0569523423910141,
            -0.011296473443508148
        ],
        [
            0.08641055226325989,
            0.013876773416996002,
            0.02764688804745674
        ],
        [
            0.08146937936544418,
            0.02235901728272438,
            0.024792052805423737
        ],
        [
            0.08268848061561584,
            0.09401749074459076,
            -0.07035408914089203
        ],
        [
            0.0779062807559967,
            0.09371210634708405,
            -0.06689020246267319
        ],
        [
            0.08006015419960022,
            0.08974984288215637,
            -0.06628895550966263
        ],
        [
            0.08420591056346893,
            0.0907268226146698,
            -0.07028873264789581
        ],
        [
            0.06964132189750671,
            0.0056068263947963715,
            0.019894856959581375
        ],
        [
            0.06799706071615219,
            -0.0019486397504806519,
            0.013391632586717606
        ],
        [
            0.07033264636993408,
            -0.004977084696292877,
            0.019630450755357742
        ],
        [
            0.07370138168334961,
            0.0018985383212566376,
            0.025113120675086975
        ],
        [
            0.06438552588224411,
            0.010575894266366959,
            0.012972339987754822
        ],
        [
            0.0653371587395668,
            0.0027856752276420593,
            0.00482216477394104
        ],
        [
            0.07905785739421844,
            0.09444288909435272,
            -0.08270471543073654
        ],
        [
            0.08287003636360168,
            0.0951823741197586,
            -0.07927799969911575
        ],
        [
            0.08364949375391006,
            0.09029616415500641,
            -0.08049329370260239
        ],
        [
            0.0794912800192833,
            0.08859551697969437,
            -0.0831018015742302
        ],
        [
            0.10220657289028168,
            0.056887634098529816,
            -0.04425419121980667
        ],
        [
            0.09641876071691513,
            0.053487926721572876,
            -0.037891313433647156
        ],
        [
            0.09459159523248672,
            0.06338141113519669,
            -0.05762647092342377
        ],
        [
            0.09402138739824295,
            0.058921635150909424,
            -0.05033619701862335
        ],
        [
            0.1004285216331482,
            0.05834423750638962,
            -0.05337795987725258
        ],
        [
            0.09977594017982483,
            0.06132461875677109,
            -0.06002044305205345
        ],
        [
            0.07657140493392944,
            0.05219767242670059,
            -0.03560536354780197
        ],
        [
            0.08136523514986038,
            0.04570323973894119,
            -0.027052074670791626
        ],
        [
            0.08591603487730026,
            0.04752626270055771,
            -0.03161642327904701
        ],
        [
            0.08227793872356415,
            0.05532478541135788,
            -0.041319943964481354
        ],
        [
            0.07105553895235062,
            0.04561872035264969,
            -0.01729903370141983
        ],
        [
            0.06705841422080994,
            0.051612310111522675,
            -0.026770126074552536
        ],
        [
            0.06171137094497681,
            0.05084618180990219,
            -0.020127415657043457
        ],
        [
            0.06572749465703964,
            0.04755391925573349,
            -0.014061380177736282
        ],
        [
            0.06289994716644287,
            0.06128905713558197,
            -0.044898249208927155
        ],
        [
            0.06004265323281288,
            0.06403102725744247,
            -0.050904832780361176
        ],
        [
            0.05671343952417374,
            0.06524797528982162,
            -0.049312837421894073
        ],
        [
            0.06022977456450462,
            0.06075835973024368,
            -0.04254336655139923
        ],
        [
            0.07281257212162018,
            -0.008894383907318115,
            0.025033283978700638
        ],
        [
            0.07821187376976013,
            -0.0019276365637779236,
            0.029411226511001587
        ],
        [
            0.04443022981286049,
            0.028507012873888016,
            -0.018986012786626816
        ],
        [
            0.04401996731758118,
            0.03135884180665016,
            -0.008250165730714798
        ],
        [
            0.03650577366352081,
            0.0392412431538105,
            -0.015273012220859528
        ],
        [
            0.038599368184804916,
            0.03386345133185387,
            -0.025356626138091087
        ],
        [
            0.07131776213645935,
            -0.006608881056308746,
            0.004716083407402039
        ],
        [
            0.07159534096717834,
            -0.0106910839676857,
            0.011444825679063797
        ],
        [
            0.07297621667385101,
            0.09340914338827133,
            -0.08305612206459045
        ],
        [
            0.07363574206829071,
            0.08734630048274994,
            -0.08246207237243652
        ],
        [
            0.13501061499118805,
            0.02985440567135811,
            -0.014378372579813004
        ],
        [
            0.13473178446292877,
            0.052390050143003464,
            -0.019355040043592453
        ],
        [
            0.13190394639968872,
            0.01429329439997673,
            -0.009454518556594849
        ],
        [
            0.12829430401325226,
            0.004143014550209045,
            -0.005630217492580414
        ],
        [
            0.12765097618103027,
            -0.003581300377845764,
            -0.0008394122123718262
        ],
        [
            0.08757182210683823,
            0.060404032468795776,
            -0.05037115141749382
        ],
        [
            0.09193792194128036,
            0.04809585213661194,
            -0.031605932861566544
        ],
        [
            0.08481356501579285,
            0.04012463241815567,
            -0.016531430184841156
        ],
        [
            0.06067337840795517,
            0.04396231099963188,
            0.0023183487355709076
        ],
        [
            0.0656050443649292,
            0.03871113806962967,
            0.010053705424070358
        ],
        [
            0.07225918769836426,
            0.041946060955524445,
            0.002364065498113632
        ],
        [
            0.06638092547655106,
            0.04535333439707756,
            -0.0031588785350322723
        ],
        [
            0.0455811582505703,
            0.039099860936403275,
            -0.002216074615716934
        ],
        [
            0.050260674208402634,
            0.04557116702198982,
            -0.002778060734272003
        ],
        [
            0.045885466039180756,
            0.04979000613093376,
            -0.008979443460702896
        ],
        [
            0.040074996650218964,
            0.04475732892751694,
            -0.00907796248793602
        ],
        [
            0.12448655068874359,
            0.06465776264667511,
            -0.03533054515719414
        ],
        [
            0.12712162733078003,
            0.04729008674621582,
            -0.03715161234140396
        ],
        [
            0.07458354532718658,
            0.013738550245761871,
            0.0246056467294693
        ],
        [
            0.08009115606546402,
            0.00929112359881401,
            0.027935292571783066
        ],
        [
            0.08403617143630981,
            0.0027182884514331818,
            0.03163228556513786
        ],
        [
            0.09385774284601212,
            0.032046373933553696,
            0.002545878291130066
        ],
        [
            0.10055287182331085,
            0.025103282183408737,
            0.01313764601945877
        ],
        [
            0.10385897755622864,
            0.025799904018640518,
            0.010364681482315063
        ],
        [
            0.09588156640529633,
            0.03131001442670822,
            -0.0006014406681060791
        ],
        [
            0.10291135311126709,
            0.040358226746320724,
            -0.00926748663187027
        ],
        [
            0.10908118635416031,
            0.03629382699728012,
            0.0016954988241195679
        ],
        [
            0.10480086505413055,
            0.0505567230284214,
            -0.011317230761051178
        ],
        [
            0.11056428402662277,
            0.014635223895311356,
            0.016487538814544678
        ],
        [
            0.10759782046079636,
            0.00880756601691246,
            0.025428354740142822
        ],
        [
            0.11517877876758575,
            0.007637791335582733,
            0.020861387252807617
        ],
        [
            0.09870123118162155,
            0.007743366062641144,
            0.02945413440465927
        ],
        [
            0.09033388644456863,
            0.0058572255074977875,
            0.03192264959216118
        ],
        [
            0.07198847830295563,
            -0.017435461282730103,
            0.01669909432530403
        ],
        [
            0.12127885967493057,
            0.006100229918956757,
            0.015371859073638916
        ],
        [
            0.1169605553150177,
            0.06909672915935516,
            -0.010165952146053314
        ],
        [
            0.1180984377861023,
            0.07651209086179733,
            -0.01450224220752716
        ],
        [
            0.11205252259969711,
            0.0741083100438118,
            -0.017428426072001457
        ],
        [
            0.11077037453651428,
            0.06744681298732758,
            -0.0146840400993824
        ],
        [
            0.09941870719194412,
            0.055643826723098755,
            -0.07107327878475189
        ],
        [
            0.10140891373157501,
            0.059922393411397934,
            -0.06526915729045868
        ],
        [
            0.10510622709989548,
            0.05624794960021973,
            -0.057754334062337875
        ],
        [
            0.08462928235530853,
            0.03395166993141174,
            0.012724827975034714
        ],
        [
            0.07500476390123367,
            0.029277410358190536,
            0.01940954104065895
        ],
        [
            0.08816223591566086,
            0.0646558403968811,
            -0.05756417661905289
        ],
        [
            0.080194391310215,
            0.08329050242900848,
            -0.08336830139160156
        ],
        [
            0.08501527458429337,
            0.08526887744665146,
            -0.08058325946331024
        ],
        [
            0.09296026080846786,
            0.068427175283432,
            -0.07657870650291443
        ],
        [
            0.08738533407449722,
            0.06636328250169754,
            -0.08020315319299698
        ],
        [
            0.07931902259588242,
            0.06634057313203812,
            -0.063142791390419
        ],
        [
            0.08575426042079926,
            0.0667652040719986,
            -0.05955620855093002
        ],
        [
            0.08374769985675812,
            0.0678638443350792,
            -0.060515791177749634
        ],
        [
            0.07728654146194458,
            0.06836383789777756,
            -0.0619400218129158
        ],
        [
            0.05256856232881546,
            0.06301912665367126,
            -0.04130319505929947
        ],
        [
            0.055638715624809265,
            0.059299275279045105,
            -0.03547247499227524
        ],
        [
            0.07486847788095474,
            0.04536881297826767,
            -0.0681905597448349
        ],
        [
            0.08633912354707718,
            0.04303143918514252,
            -0.07474637031555176
        ],
        [
            0.09171738475561142,
            0.03640437498688698,
            -0.06533124297857285
        ],
        [
            0.07145439833402634,
            0.051089245826005936,
            -0.03025929629802704
        ],
        [
            0.0664997324347496,
            0.056935034692287445,
            -0.03751712292432785
        ],
        [
            0.06337062269449234,
            0.05646560713648796,
            -0.03486829996109009
        ],
        [
            0.08313631266355515,
            0.06175220385193825,
            -0.05188165605068207
        ],
        [
            0.08191431313753128,
            0.06478151679039001,
            -0.0578264445066452
        ],
        [
            0.07828991860151291,
            0.06340755522251129,
            -0.054994307458400726
        ],
        [
            0.07920830696821213,
            0.06016548350453377,
            -0.048395439982414246
        ],
        [
            0.0505957305431366,
            0.022849109023809433,
            -0.0006193593144416809
        ],
        [
            0.05202466994524002,
            0.031988490372896194,
            0.006504002958536148
        ],
        [
            0.08434806019067764,
            0.09479713439941406,
            -0.07483171671628952
        ],
        [
            0.08549384027719498,
            0.09086116403341293,
            -0.0755801722407341
        ],
        [
            0.0762847363948822,
            0.044769369065761566,
            -0.02196301519870758
        ],
        [
            0.0971280038356781,
            0.029093414545059204,
            -0.05350669473409653
        ],
        [
            0.08080944418907166,
            0.03980519622564316,
            -0.012703582644462585
        ],
        [
            0.043235212564468384,
            0.044652149081230164,
            -0.04055327549576759
        ],
        [
            0.042264677584171295,
            0.051807306706905365,
            -0.035588718950748444
        ],
        [
            0.04137163236737251,
            0.055498767644166946,
            -0.03971070051193237
        ],
        [
            0.0403948649764061,
            0.051360297948122025,
            -0.04460533708333969
        ],
        [
            0.07080202549695969,
            0.08167821913957596,
            -0.06593423336744308
        ],
        [
            0.07553835213184357,
            0.0841953381896019,
            -0.06374858319759369
        ],
        [
            0.07410266995429993,
            0.08837012946605682,
            -0.06480982154607773
        ],
        [
            0.06905020028352737,
            0.08679992705583572,
            -0.06735695898532867
        ],
        [
            0.09163054078817368,
            0.06686008721590042,
            -0.06023460999131203
        ],
        [
            0.09703447669744492,
            0.0658913105726242,
            -0.06339897215366364
        ],
        [
            0.09354346990585327,
            0.07053685188293457,
            -0.06474269926548004
        ],
        [
            0.08837228268384933,
            0.06975748389959335,
            -0.06180739402770996
        ],
        [
            0.09807796776294708,
            0.06449542939662933,
            -0.06911647319793701
        ],
        [
            0.09517140686511993,
            0.06969401240348816,
            -0.07076963782310486
        ],
        [
            0.06808765977621078,
            0.07987452298402786,
            -0.07155641913414001
        ],
        [
            0.06959851086139679,
            0.07969936728477478,
            -0.07890143245458603
        ],
        [
            0.07461930811405182,
            0.06407244503498077,
            -0.07531140744686127
        ],
        [
            0.07316731661558151,
            0.06759622693061829,
            -0.06825170665979385
        ],
        [
            0.0699639543890953,
            0.0073329247534275055,
            -0.01817435398697853
        ],
        [
            0.06287729740142822,
            0.008498907089233398,
            -0.009623944759368896
        ],
        [
            0.05620770901441574,
            0.018867511302232742,
            -0.018360354006290436
        ],
        [
            0.04882270097732544,
            0.028200320899486542,
            -0.027147797867655754
        ],
        [
            0.043298881500959396,
            0.03784303367137909,
            -0.03543945029377937
        ],
        [
            0.04978526383638382,
            0.03509201481938362,
            -0.04559103399515152
        ],
        [
            0.05228453874588013,
            0.01928473636507988,
            -0.01118246465921402
        ],
        [
            0.07391497492790222,
            0.060063913464546204,
            -0.06756217777729034
        ],
        [
            0.07760394364595413,
            0.05395415425300598,
            -0.07245809584856033
        ],
        [
            0.0732870027422905,
            0.05346502736210823,
            -0.0696265697479248
        ],
        [
            0.07562322914600372,
            0.04125582426786423,
            -0.007502108812332153
        ],
        [
            0.08726495504379272,
            0.08642012625932693,
            -0.07579179108142853
        ],
        [
            0.11041434109210968,
            -0.009920135140419006,
            -0.013072624802589417
        ],
        [
            0.09756593406200409,
            -0.013490334153175354,
            -0.010083891451358795
        ],
        [
            0.09693644940853119,
            -0.007186099886894226,
            -0.016279730945825577
        ],
        [
            0.11167040467262268,
            -0.0021994858980178833,
            -0.019255656749010086
        ],
        [
            0.08199460804462433,
            0.08612143248319626,
            -0.0651903823018074
        ],
        [
            0.08661403506994247,
            0.08702458441257477,
            -0.06946224719285965
        ],
        [
            0.0502542182803154,
            0.05970422178506851,
            -0.03166457265615463
        ],
        [
            0.04811704903841019,
            0.06229449436068535,
            -0.03758244961500168
        ],
        [
            0.044169727712869644,
            0.06115717440843582,
            -0.03742842748761177
        ],
        [
            0.04476392641663551,
            0.06102128326892853,
            -0.030183298513293266
        ],
        [
            0.06045570969581604,
            0.008841659873723984,
            -0.004174146801233292
        ],
        [
            0.033098869025707245,
            0.04619176685810089,
            -0.01818271167576313
        ],
        [
            0.03464120253920555,
            0.04099714010953903,
            -0.027735793963074684
        ],
        [
            0.06897736340761185,
            -0.0005825087428092957,
            -0.002323061227798462
        ],
        [
            0.07491357624530792,
            -0.0021971091628074646,
            -0.009953141212463379
        ],
        [
            0.07801440358161926,
            -0.009011611342430115,
            -0.0036549195647239685
        ],
        [
            0.05710509791970253,
            0.04209589213132858,
            -0.05745629221200943
        ],
        [
            0.07478740811347961,
            0.008539341390132904,
            -0.02532266080379486
        ],
        [
            0.07988663017749786,
            -0.0011713504791259766,
            -0.01573079451918602
        ],
        [
            0.08381402492523193,
            -0.009281009435653687,
            -0.008474070578813553
        ],
        [
            0.08580085635185242,
            -0.01550699770450592,
            -0.0032252073287963867
        ],
        [
            0.07929201424121857,
            -0.014477469027042389,
            0.0015954114496707916
        ],
        [
            0.07423407584428787,
            0.08144501596689224,
            -0.08217448741197586
        ],
        [
            0.06779097020626068,
            0.08620276302099228,
            -0.0793146938085556
        ],
        [
            0.07983162254095078,
            -0.021919995546340942,
            0.0068717412650585175
        ],
        [
            0.08746521174907684,
            -0.02228674292564392,
            0.001572631299495697
        ],
        [
            0.08686418831348419,
            0.00024047493934631348,
            -0.0216391459107399
        ],
        [
            0.09637743979692459,
            0.0033108144998550415,
            -0.027988754212856293
        ],
        [
            0.08170686662197113,
            0.009768974035978317,
            -0.03055831417441368
        ],
        [
            0.0904279351234436,
            0.013303074985742569,
            -0.037658825516700745
        ],
        [
            0.06464049220085144,
            0.03754294291138649,
            -0.06377758830785751
        ],
        [
            0.06381264328956604,
            0.10417898744344711,
            -0.07484464347362518
        ],
        [
            0.06483287364244461,
            0.09243671596050262,
            -0.07467540353536606
        ],
        [
            0.0669914036989212,
            0.09217587113380432,
            -0.06925532966852188
        ],
        [
            0.06364504992961884,
            0.1029835194349289,
            -0.0705847218632698
        ],
        [
            0.06646985560655594,
            0.08586083352565765,
            -0.0726262554526329
        ],
        [
            0.06714510172605515,
            0.09241530299186707,
            -0.07993769645690918
        ],
        [
            0.10390012711286545,
            0.020290028303861618,
            -0.04227618873119354
        ],
        [
            0.07582959532737732,
            0.06616321951150894,
            -0.060971375554800034
        ],
        [
            0.11341927945613861,
            0.012024324387311935,
            -0.030577458441257477
        ],
        [
            0.11572377383708954,
            0.03358595073223114,
            -0.04691585153341293
        ],
        [
            0.1233973279595375,
            0.029417619109153748,
            -0.03666086494922638
        ],
        [
            0.12428022921085358,
            0.004693906754255295,
            -0.017849847674369812
        ],
        [
            0.13040447235107422,
            0.020736437290906906,
            -0.024356216192245483
        ],
        [
            0.1210768073797226,
            -0.010408952832221985,
            -0.0063704028725624084
        ],
        [
            0.12103746086359024,
            -0.0035883039236068726,
            -0.012461341917514801
        ],
        [
            0.13335804641246796,
            0.0393899604678154,
            -0.027882352471351624
        ],
        [
