{
    "pred_cam": [
        7.870536804199219,
        0.0660226047039032,
        -0.07172650843858719
    ],
    "pred_mano_params": {
        "global_orient": [
            [
                [
                    0.3797139525413513,
                    -0.17693255841732025,
                    0.9080265164375305
                ],
                [
                    -0.507336437702179,
                    -0.8606002330780029,
                    0.044464047998189926
                ],
                [
                    0.7735806107521057,
                    -0.47755855321884155,
                    -0.4165462553501129
                ]
            ]
        ],
        "hand_pose": [
            [
                [
                    0.7542851567268372,
                    -0.5951482653617859,
                    -0.2772226929664612
                ],
                [
                    0.5735182762145996,
                    0.8028079867362976,
                    -0.16302210092544556
                ],
                [
                    0.3195788860321045,
                    -0.03602711483836174,
                    0.9468745589256287
                ]
            ],
            [
                [
                    0.9232829809188843,
                    -0.35188278555870056,
                    0.15403564274311066
                ],
                [
                    0.37580162286758423,
                    0.9104828238487244,
                    -0.17260974645614624
                ],
                [
                    -0.07950841635465622,
                    0.21725450456142426,
                    0.9728714227676392
                ]
            ],
            [
                [
                    0.7970309853553772,
                    -0.5959997773170471,
                    0.09760039299726486
                ],
                [
                    0.6037838459014893,
                    0.7826966643333435,
                    -0.15109962224960327
                ],
                [
                    0.013663845136761665,
                    0.17936061322689056,
                    0.9836885333061218
                ]
            ],
            [
                [
                    0.8368418216705322,
                    -0.5161944031715393,
                    -0.18231606483459473
                ],
                [
                    0.5098263025283813,
                    0.8561708331108093,
                    -0.08395613729953766
                ],
                [
                    0.199431374669075,
                    -0.022691529244184494,
                    0.9796490669250488
                ]
            ],
            [
                [
                    0.8166535496711731,
                    -0.5594744682312012,
                    -0.14165252447128296
                ],
                [
                    0.5729429721832275,
                    0.7564257979393005,
                    0.3155256509780884
                ],
                [
                    -0.06937889754772186,
                    -0.33883392810821533,
                    0.9382847547531128
                ]
            ],
            [
                [
                    0.7996771931648254,
                    -0.5946479439735413,
                    -0.08312655240297318
                ],
                [
                    0.5990698337554932,
                    0.799496054649353,
                    0.04383412003517151
                ],
                [
                    0.04039347544312477,
                    -0.08485175669193268,
                    0.995574414730072
                ]
            ],
            [
                [
                    0.6690754890441895,
                    -0.7273716926574707,
                    0.1525401920080185
                ],
                [
                    0.6810508966445923,
                    0.6822375059127808,
                    0.2659354507923126
                ],
                [
                    -0.2975025475025177,
                    -0.07404322177171707,
                    0.9518455266952515
                ]
            ],
            [
                [
                    0.9788265228271484,
                    -0.19600854814052582,
                    -0.05898529663681984
                ],
                [
                    0.20080381631851196,
                    0.9753990769386292,
                    0.09096407145261765
                ],
                [
                    0.039704468101263046,
                    -0.10088252276182175,
                    0.9941057562828064
                ]
            ],
            [
                [
                    0.9559585452079773,
                    -0.2731075882911682,
                    0.10749703645706177
                ],
                [
                    0.22343610227108002,
                    0.9146712422370911,
                    0.3368276357650757
                ],
                [
                    -0.1903146207332611,
                    -0.29797452688217163,
                    0.9354099035263062
                ]
            ],
            [
                [
                    0.8273410201072693,
                    -0.5541630387306213,
                    -0.09170673787593842
                ],
                [
                    0.5473179817199707,
                    0.8320493102073669,
                    -0.09020469337701797
                ],
                [
                    0.1262926459312439,
                    0.024437295272946358,
                    0.9916918873786926
                ]
            ],
            [
                [
                    0.945315420627594,
                    -0.32588329911231995,
                    -0.013375137001276016
                ],
                [
                    0.3002225458621979,
                    0.8533890843391418,
                    0.4261378347873688
                ],
                [
                    -0.12745703756809235,
                    -0.406850129365921,
                    0.9045593738555908
                ]
            ],
            [
                [
                    0.8433757424354553,
                    -0.5202329158782959,
                    -0.13444365561008453
                ],
                [
                    0.5371397733688354,
                    0.8228258490562439,
                    0.18557605147361755
                ],
                [
                    0.014080949127674103,
                    -0.2287253588438034,
                    0.9733891487121582
                ]
            ],
            [
                [
                    0.987382173538208,
                    -0.1485772728919983,
                    0.05478359013795853
                ],
                [
                    0.11542312055826187,
                    0.43839821219444275,
                    -0.8913386464118958
                ],
                [
                    0.1084156259894371,
                    0.8864151835441589,
                    0.4500158429145813
                ]
            ],
            [
                [
                    0.8865112066268921,
                    -0.3218148946762085,
                    -0.3324652910232544
                ],
                [
                    0.4569871425628662,
                    0.7215807437896729,
                    0.5200808644294739
                ],
                [
                    0.07253079861402512,
                    -0.6129897832870483,
                    0.7867546677589417
                ]
            ],
            [
                [
                    0.8855058550834656,
                    0.42807599902153015,
                    -0.18063867092132568
                ],
                [
                    -0.41130638122558594,
                    0.9030523896217346,
                    0.1237877681851387
                ],
                [
                    0.2161167562007904,
                    -0.03531695902347565,
                    0.9757285714149475
                ]
            ]
        ],
        "betas": [
            -0.0630263090133667,
            -0.04731819033622742,
            -0.09804010391235352,
            -0.026532083749771118,
            0.0669378936290741,
            -0.006861750036478043,
            0.024543166160583496,
            -0.0016232281923294067,
            -0.025180011987686157,
            -0.04717916250228882
        ]
    },
    "pred_cam_t": [
        -0.0660226047039032,
        -0.07172650843858719,
        4.963130474090576
    ],
    "focal_length": [
        5000.0,
        5000.0
    ],
    "pred_keypoints_3d": [
        [
            0.09609281271696091,
            0.0064192358404397964,
            0.006217091344296932
        ],
        [
            0.11315514147281647,
            0.0332196019589901,
            -0.015867017209529877
        ],
        [
            0.1187530905008316,
            0.06280490756034851,
            -0.022903315722942352
        ],
        [
            0.11172579973936081,
            0.08816231787204742,
            -0.029835771769285202
        ],
        [
            0.10127592086791992,
            0.11262133717536926,
            -0.05472656339406967
        ],
        [
            0.08223473280668259,
            0.0567031130194664,
            -0.06835389882326126
        ],
        [
            0.0667601004242897,
            0.08416128903627396,
            -0.07865530252456665
        ],
        [
            0.062092166393995285,
            0.10566389560699463,
            -0.07499531656503677
        ],
        [
            0.06213150545954704,
            0.12540438771247864,
            -0.05897771567106247
        ],
        [
            0.05720748007297516,
            0.05575775355100632,
            -0.0651707872748375
        ],
        [
            0.03906642645597458,
            0.08045722544193268,
            -0.07381357997655869
        ],
        [
            0.03616514056921005,
            0.1023918092250824,
            -0.06625896692276001
        ],
        [
            0.041648562997579575,
            0.12232724577188492,
            -0.050984472036361694
        ],
        [
            0.041364073753356934,
            0.05026377737522125,
            -0.04425334930419922
        ],
        [
            0.026678618043661118,
            0.07367344200611115,
            -0.053026869893074036
        ],
        [
            0.020606424659490585,
            0.09747208654880524,
            -0.04878280684351921
        ],
        [
            0.02155943587422371,
            0.12048715353012085,
            -0.03753729909658432
        ],
        [
            0.03231525421142578,
            0.048140913248062134,
            -0.02444344013929367
        ],
        [
            0.023633547127246857,
            0.067498579621315,
            -0.024814799427986145
        ],
        [
            0.018389273434877396,
            0.08541092276573181,
            -0.02093667723238468
        ],
        [
            0.019580509513616562,
            0.10427538305521011,
            -0.014801738783717155
        ]
    ],
    "pred_vertices": [
        [
            0.09486173838376999,
            0.04809442162513733,
            -0.030926812440156937
        ],
        [
            0.09809775650501251,
            0.04402802512049675,
            -0.021597176790237427
        ],
        [
            0.1011100485920906,
            0.05252080038189888,
            -0.024561718106269836
        ],
        [
            0.09920120239257812,
            0.05490214750170708,
            -0.03539520874619484
        ],
        [
            0.10946871340274811,
            0.04808848351240158,
            -0.0034380629658699036
        ],
        [
            0.12114576250314713,
            0.04541603475809097,
            -0.0013298094272613525
        ],
        [
            0.12129682302474976,
            0.06061868742108345,
            -0.007854785770177841
        ],
        [
            0.11122702062129974,
            0.06098393350839615,
            -0.006923981010913849
        ],
        [
            0.10236655175685883,
            0.05958252400159836,
            -0.0389205738902092
        ],
        [
            0.10348529368638992,
            0.05956307798624039,
            -0.02639632672071457
        ],
        [
            0.10450111329555511,
            0.05947260186076164,
            -0.039286356419324875
        ],
        [
            0.10269159078598022,
            0.05307161808013916,
            -0.05565134435892105
        ],
        [
            0.10045001655817032,
            0.0566902682185173,
            -0.05117552727460861
        ],
        [
            0.09853636473417282,
            0.05159798637032509,
            -0.06450188159942627
        ],
        [
            0.10503251105546951,
            0.04242481663823128,
            -0.056129056960344315
        ],
        [
            0.09420289099216461,
            0.04356303811073303,
            -0.06797712296247482
        ],
        [
            0.08353084325790405,
            0.02182380110025406,
            -0.04903169348835945
        ],
        [
            0.07275956869125366,
            0.018420036882162094,
            -0.04100902006030083
        ],
        [
            0.06462875008583069,
            0.02749708667397499,
            -0.05299723148345947
        ],
        [
            0.07635347545146942,
            0.03070775605738163,
            -0.05958612263202667
        ],
        [
            0.05343037471175194,
            0.02437402680516243,
            -0.035596344619989395
        ],
        [
            0.05906315892934799,
            0.02645515650510788,
            -0.04584726318717003
        ],
        [
            0.06690191477537155,
            0.016332820057868958,
            -0.03443249315023422
        ],
        [
            0.06149795651435852,
            0.01516231894493103,
            -0.025760237127542496
        ],
        [
            0.08545147627592087,
            0.039843954145908356,
            -0.02026236429810524
        ],
        [
            0.0892259031534195,
            0.035195305943489075,
            -0.011657405644655228
        ],
        [
            0.09286114573478699,
            0.037000466138124466,
            -0.016421008855104446
        ],
        [
            0.08940259367227554,
            0.04175862669944763,
            -0.0240730419754982
        ],
        [
            0.11249691992998123,
            0.06512565165758133,
            -0.035762570798397064
        ],
        [
            0.11627069115638733,
            0.050533145666122437,
            -0.04155682772397995
        ],
        [
            0.10959456115961075,
            0.05438464134931564,
            -0.042879220098257065
        ],
        [
            0.10839078575372696,
            0.06710906326770782,
            -0.03244695067405701
        ],
        [
            0.09267362952232361,
            0.02778664231300354,
            0.01701364666223526
        ],
        [
            0.09828497469425201,
            0.016679253429174423,
            0.022402659058570862
        ],
        [
            0.10319731384515762,
            0.016719553619623184,
            0.019046172499656677
        ],
        [
            0.09684540331363678,
            0.02641882374882698,
            0.014386497437953949
        ],
        [
            0.1181972473859787,
            0.0259089395403862,
            0.006707504391670227
        ],
        [
            0.1188698261976242,
            0.016336984932422638,
            0.009919509291648865
        ],
        [
            0.1277632862329483,
            0.007483918219804764,
            0.005457267165184021
        ],
        [
            0.1282757669687271,
            0.015968479216098785,
            -0.0005013421177864075
        ],
        [
            0.11935313045978546,
            0.0359111912548542,
            0.002418830990791321
        ],
        [
            0.12951520085334778,
            0.028712917119264603,
            -0.003101430833339691
        ],
        [
            0.1301364004611969,
            0.040869880467653275,
            -0.006845150142908096
        ],
        [
            0.12843827903270721,
            0.05838540568947792,
            -0.013302285224199295
        ],
        [
            0.08704249560832977,
            0.013755429536104202,
            0.027965877205133438
        ],
        [
            0.08146360516548157,
            0.02187522128224373,
            0.025191400200128555
        ],
        [
            0.07421797513961792,
            0.09129102528095245,
            -0.07277094572782516
        ],
        [
            0.06958029419183731,
            0.09093501418828964,
            -0.06910303980112076
        ],
        [
            0.07190663367509842,
            0.08717823028564453,
            -0.06839366257190704
        ],
        [
            0.0758640468120575,
            0.08814113587141037,
            -0.0725930854678154
        ],
        [
            0.0704406276345253,
            0.004334829747676849,
            0.021167859435081482
        ],
        [
            0.06895200908184052,
            -0.0034527480602264404,
            0.014879520982503891
        ],
        [
            0.07175492495298386,
            -0.006204143166542053,
            0.021059837192296982
        ],
        [
            0.07495696097612381,
            0.0009831711649894714,
            0.026258006691932678
        ],
        [
            0.06457657366991043,
            0.008840598165988922,
            0.014410097151994705
        ],
        [
            0.06561633944511414,
            0.0009353384375572205,
            0.006352156400680542
        ],
        [
            0.07011788338422775,
            0.09091635048389435,
            -0.08500344306230545
        ],
        [
            0.07401221990585327,
            0.0920129045844078,
            -0.08175770193338394
        ],
        [
            0.07497648894786835,
            0.08714767545461655,
            -0.0827595591545105
        ],
        [
            0.0708179697394371,
            0.08511361479759216,
            -0.08513524383306503
        ],
        [
            0.09697606414556503,
            0.05625090375542641,
            -0.045416757464408875
        ],
        [
            0.09165231138467789,
            0.05259976536035538,
            -0.038747336715459824
        ],
        [
            0.08822260797023773,
            0.062015142291784286,
            -0.058657798916101456
        ],
        [
            0.08833224326372147,
            0.057596851140260696,
            -0.051180168986320496
        ],
        [
            0.0946459099650383,
            0.057375241070985794,
            -0.05449661612510681
        ],
        [
            0.09346520900726318,
            0.060168471187353134,
            -0.061235833913087845
        ],
        [
            0.07199835777282715,
            0.05011279135942459,
            -0.03550770506262779
        ],
        [
            0.07756766676902771,
            0.044094473123550415,
            -0.027062799781560898
        ],
        [
            0.08179091662168503,
            0.046098411083221436,
            -0.03187936916947365
        ],
        [
            0.07724292576313019,
            0.053456973284482956,
            -0.04155277833342552
        ],
        [
            0.06772933900356293,
            0.04360703378915787,
            -0.016815919429063797
        ],
        [
            0.06294185668230057,
            0.04916055500507355,
            -0.026204034686088562
        ],
        [
            0.05794300138950348,
            0.04822898283600807,
            -0.019297078251838684
        ],
        [
            0.06243713200092316,
            0.04529739171266556,
            -0.013364005833864212
        ],
        [
            0.057398319244384766,
            0.05819284915924072,
            -0.04429726302623749
        ],
        [
            0.05411870405077934,
            0.06064164265990257,
            -0.05020970106124878
        ],
        [
            0.05080043897032738,
            0.06166994571685791,
            -0.0483664870262146
        ],
        [
            0.05485004186630249,
            0.05753500387072563,
            -0.04178521782159805
        ],
        [
            0.07471618056297302,
            -0.009851738810539246,
            0.026414155960083008
        ],
        [
            0.0798865556716919,
            -0.0024760253727436066,
            0.03041214868426323
        ],
        [
            0.042140617966651917,
            0.024870991706848145,
            -0.016904935240745544
        ],
        [
            0.04202081263065338,
            0.027946321293711662,
            -0.006198924034833908
        ],
        [
            0.03368064761161804,
            0.03511510044336319,
            -0.013020813465118408
        ],
        [
            0.03569068759679794,
            0.02968296967446804,
            -0.02310064621269703
        ],
        [
            0.07214295119047165,
            -0.008102335035800934,
            0.006126757711172104
        ],
        [
            0.07297763973474503,
            -0.012016162276268005,
            0.012915465980768204
        ],
        [
            0.06408271938562393,
            0.08957482874393463,
            -0.08507014811038971
        ],
        [
            0.06504320353269577,
            0.0836162194609642,
            -0.08422385901212692
        ],
        [
            0.1327986717224121,
            0.031417716294527054,
            -0.016564615070819855
        ],
        [
            0.13135425746440887,
            0.05398596078157425,
            -0.02155284211039543
        ],
        [
            0.1306929737329483,
            0.015877343714237213,
            -0.011313676834106445
        ],
        [
            0.12786655128002167,
            0.005698703229427338,
            -0.007142551243305206
        ],
        [
            0.12792356312274933,
            -0.001895226538181305,
            -0.0021705403923988342
        ],
        [
            0.08177633583545685,
            0.05870775505900383,
            -0.05093688517808914
        ],
        [
            0.08777599781751633,
            0.047055359929800034,
            -0.03216380625963211
        ],
        [
            0.08182861655950546,
            0.038953572511672974,
            -0.01660735160112381
        ],
        [
            0.058365438133478165,
            0.041765980422496796,
            0.0033173859119415283
        ],
        [
            0.06396916508674622,
            0.036969587206840515,
            0.0109151192009449
        ],
        [
            0.07005854696035385,
            0.04043397307395935,
            0.002851337194442749
        ],
        [
            0.06372741609811783,
            0.0433771014213562,
            -0.0024541951715946198
        ],
        [
            0.043370433151721954,
            0.03590639680624008,
            -0.00039733946323394775
        ],
        [
            0.04761911928653717,
            0.04265166074037552,
            -0.0013211928308010101
        ],
        [
            0.042638786137104034,
            0.0464637354016304,
            -0.007418796420097351
        ],
        [
            0.0371553897857666,
            0.041030507534742355,
            -0.007118638604879379
        ],
        [
            0.11981987953186035,
            0.06588922441005707,
            -0.036946553736925125
        ],
        [
            0.1230776309967041,
            0.04835786670446396,
            -0.039072275161743164
        ],
        [
            0.07510282844305038,
            0.012851357460021973,
            0.025491967797279358
        ],
        [
            0.08102315664291382,
            0.008805960416793823,
            0.028637990355491638
        ],
        [
            0.08552967011928558,
            0.002558428794145584,
            0.032265547662973404
        ],
        [
            0.09218871593475342,
            0.03184486925601959,
            0.002136118710041046
        ],
        [
            0.09977570176124573,
            0.025497455149888992,
            0.01253228634595871
        ],
        [
            0.10287769138813019,
            0.026316743344068527,
            0.009553961455821991
        ],
        [
            0.09407693147659302,
            0.031183453276753426,
            -0.001134634017944336
        ],
        [
            0.10026361048221588,
            0.04050024598836899,
            -0.010215669870376587
        ],
        [
            0.10710442066192627,
            0.03681427985429764,
            0.0004858076572418213
        ],
        [
            0.10168541967868805,
            0.050719909369945526,
            -0.012276798486709595
        ],
        [
            0.11057255417108536,
            0.01569414511322975,
            0.015619583427906036
        ],
        [
            0.10839607566595078,
            0.009909074753522873,
            0.024832703173160553
        ],
        [
            0.11582044512033463,
            0.009087935090065002,
            0.019924595952033997
        ],
        [
            0.09976670145988464,
            0.008403465151786804,
            0.029300708323717117
        ],
        [
            0.09164160490036011,
            0.006072361022233963,
            0.032197434455156326
        ],
        [
            0.07402414083480835,
            -0.018612854182720184,
            0.018276218324899673
        ],
        [
            0.12174761295318604,
            0.007787920534610748,
            0.014171555638313293
        ],
        [
            0.11312408000230789,
            0.06966377049684525,
            -0.011379599571228027
        ],
        [
            0.11370142549276352,
            0.07719094306230545,
            -0.015588216483592987
        ],
        [
            0.10766283422708511,
            0.07449491322040558,
            -0.018349703401327133
        ],
        [
            0.10680676251649857,
            0.06770050525665283,
            -0.015689224004745483
        ],
        [
            0.09306494891643524,
            0.05409751832485199,
            -0.07213235646486282
        ],
        [
            0.09499450027942657,
            0.05869711562991142,
            -0.06654411554336548
        ],
        [
            0.09930528700351715,
            0.055497586727142334,
            -0.0590188167989254
        ],
        [
            0.08336520940065384,
            0.033394306898117065,
            0.012766178697347641
        ],
        [
            0.07434951514005661,
            0.02829432487487793,
            0.019994664937257767
        ],
        [
            0.08170287311077118,
            0.06295737624168396,
            -0.058372996747493744
        ],
        [
            0.0718054249882698,
            0.07986456155776978,
            -0.08513336628675461
        ],
        [
            0.07660247385501862,
            0.08224104344844818,
            -0.08262474089860916
        ],
        [
            0.08554651588201523,
            0.06614795327186584,
            -0.07805177569389343
        ],
        [
            0.07997844368219376,
            0.06358560174703598,
            -0.08135129511356354
        ],
        [
            0.07252699881792068,
            0.06401748955249786,
            -0.06379826366901398
        ],
        [
            0.07905667275190353,
            0.06496983766555786,
            -0.06054084002971649
        ],
        [
            0.07695642113685608,
            0.06595390290021896,
            -0.061570968478918076
        ],
        [
            0.07043550163507462,
            0.06602945178747177,
            -0.06278663873672485
        ],
        [
            0.047096122056245804,
            0.059314925223588943,
            -0.040145143866539
        ],
        [
            0.05062182620167732,
            0.05591921508312225,
            -0.03448445349931717
        ],
        [
            0.06924809515476227,
            0.04248914495110512,
            -0.0678635835647583
        ],
        [
            0.0806150883436203,
            0.04063259810209274,
            -0.07481671124696732
        ],
        [
            0.08678166568279266,
            0.0346795953810215,
            -0.06556446850299835
        ],
        [
            0.06720370054244995,
            0.04881883040070534,
            -0.029895246028900146
        ],
        [
            0.06157398596405983,
            0.05421075597405434,
            -0.037020981311798096
        ],
        [
            0.058589816093444824,
            0.053613655269145966,
            -0.03421097248792648
        ],
        [
            0.07719708234071732,
            0.05975901708006859,
            -0.05227908492088318
        ],
        [
            0.07546698302030563,
            0.06268192082643509,
            -0.05832121521234512
        ],
        [
            0.07213243097066879,
            0.061032406985759735,
            -0.05521750450134277
        ],
        [
            0.0735597088932991,
            0.05796653404831886,
            -0.04857710748910904
        ],
        [
            0.049457043409347534,
            0.020003046840429306,
            0.0012594200670719147
        ],
        [
            0.0506538562476635,
            0.029376795515418053,
            0.00814666599035263
        ],
        [
            0.07567082345485687,
            0.09192466735839844,
            -0.07735032588243484
        ],
        [
            0.07696155458688736,
            0.08806712925434113,
            -0.077938973903656
        ],
        [
            0.07278694212436676,
            0.04296952858567238,
            -0.02171257510781288
        ],
        [
            0.093137226998806,
            0.02796066924929619,
            -0.053931258618831635
        ],
        [
            0.0780288577079773,
            0.03847438842058182,
            -0.012580614537000656
        ],
        [
            0.03893246874213219,
            0.04047723859548569,
            -0.03878077119588852
        ],
        [
            0.03762546554207802,
            0.04764614254236221,
            -0.03391962870955467
        ],
        [
            0.03639013320207596,
            0.05119156837463379,
            -0.03804246336221695
        ],
        [
            0.0355178527534008,
            0.04693757742643356,
            -0.04285048693418503
        ],
        [
            0.06308799982070923,
            0.07871077209711075,
            -0.06726968288421631
        ],
        [
            0.0677441731095314,
            0.08159266412258148,
            -0.06538791954517365
        ],
        [
            0.06607656180858612,
            0.0855780839920044,
            -0.06663190573453903
        ],
        [
            0.06101735308766365,
            0.08362597227096558,
            -0.0689186155796051
        ],
        [
            0.08489198982715607,
            0.06534623354673386,
            -0.06148136034607887
        ],
        [
            0.09024622291326523,
            0.06450275331735611,
            -0.06481324136257172
        ],
        [
            0.08642595261335373,
            0.06891664117574692,
            -0.06634654104709625
        ],
        [
            0.08141929656267166,
            0.06801854819059372,
            -0.06315943598747253
        ],
        [
            0.09116016328334808,
            0.06290961056947708,
            -0.07057775557041168
        ],
        [
            0.08789056539535522,
            0.06784656643867493,
            -0.0723978579044342
        ],
        [
            0.06027941778302193,
            0.07646211981773376,
            -0.07269444316625595
        ],
        [
            0.06154665723443031,
            0.07597587257623672,
            -0.08008682727813721
        ],
        [
            0.06755264848470688,
            0.06087661534547806,
            -0.07584640383720398
        ],
        [
            0.06616538017988205,
            0.06468787789344788,
            -0.06892278045415878
        ],
        [
            0.06890009343624115,
            0.005260508507490158,
            -0.01694580912590027
        ],
        [
            0.062154609709978104,
            0.006187885999679565,
            -0.008078556507825851
        ],
        [
            0.0544847808778286,
            0.015969168394804,
            -0.016673576086759567
        ],
        [
            0.046158310025930405,
            0.02465640753507614,
            -0.025268083438277245
        ],
        [
            0.039681416004896164,
            0.03378461301326752,
            -0.033495984971523285
        ],
        [
            0.045853134244680405,
            0.031233036890625954,
            -0.043917521834373474
        ],
        [
            0.05087374523282051,
            0.016307737678289413,
            -0.009314551949501038
        ],
        [
            0.06734663993120193,
            0.05714184790849686,
            -0.06761302798986435
        ],
        [
            0.07124628871679306,
            0.051077622920274734,
            -0.07255654782056808
        ],
        [
            0.0670449286699295,
            0.050445232540369034,
            -0.06945423781871796
        ],
        [
            0.07300455868244171,
            0.03972765430808067,
            -0.007160119712352753
        ],
        [
            0.07894647121429443,
            0.08377255499362946,
            -0.0779702216386795
        ],
        [
            0.11054739356040955,
            -0.009464055299758911,
            -0.013459190726280212
        ],
        [
            0.09808455407619476,
            -0.013723954558372498,
            -0.00979354977607727
        ],
        [
            0.0967867374420166,
            -0.007596272975206375,
            -0.016077201813459396
        ],
        [
            0.11104070395231247,
            -0.0018111355602741241,
            -0.019848093390464783
        ],
        [
            0.07404100149869919,
            0.0837838351726532,
            -0.0671672374010086
        ],
        [
            0.07846961170434952,
            0.08468570560216904,
            -0.07165173441171646
        ],
        [
            0.04531686753034592,
            0.056052301079034805,
            -0.0304705910384655
        ],
        [
            0.042809952050447464,
            0.05838391184806824,
            -0.03626539558172226
        ],
        [
            0.03891994059085846,
            0.05702638253569603,
            -0.035936351865530014
        ],
        [
            0.03970634564757347,
            0.057033225893974304,
            -0.02879415825009346
        ],
        [
            0.0599709190428257,
            0.006507311016321182,
            -0.0025154314935207367
        ],
        [
            0.029618125408887863,
            0.04155229777097702,
            -0.016066337004303932
        ],
        [
            0.03110622800886631,
            0.03638593479990959,
            -0.02552509494125843
        ],
        [
            0.06911959499120712,
            -0.0023710541427135468,
            -0.0009081326425075531
        ],
        [
            0.07479094713926315,
            -0.0037922002375125885,
            -0.008790664374828339
        ],
        [
            0.07858593016862869,
            -0.010282173752784729,
            -0.002518855035305023
        ],
        [
            0.05221826583147049,
            0.038418520241975784,
            -0.056218281388282776
        ],
        [
            0.07331234216690063,
            0.006601564586162567,
            -0.02434990182518959
        ],
        [
            0.0794299989938736,
            -0.00259234756231308,
            -0.01482369750738144
        ],
        [
            0.0841752216219902,
            -0.010305598378181458,
            -0.007608234882354736
        ],
        [
            0.08677476644515991,
            -0.01629241183400154,
            -0.0023403912782669067
        ],
        [
            0.0804324746131897,
            -0.015554871410131454,
            0.002766922116279602
        ],
        [
            0.06597931683063507,
            0.07778158783912659,
            -0.08363331109285355
        ],
        [
            0.059363484382629395,
            0.08234784007072449,
            -0.08079750090837479
        ],
        [
            0.08166780322790146,
            -0.022839386016130447,
            0.008157879114151001
        ],
        [
            0.0890665054321289,
            -0.022861231118440628,
            0.002505481243133545
        ],
        [
            0.08603741973638535,
            -0.0008925572037696838,
            -0.02108960971236229
        ],
        [
            0.09505284577608109,
            0.002619754523038864,
            -0.027954429388046265
        ],
        [
            0.07990734279155731,
            0.008135326206684113,
            -0.0299367792904377
        ],
        [
            0.08807612955570221,
            0.012048475444316864,
            -0.03751552477478981
        ],
        [
            0.059725239872932434,
            0.034159380942583084,
            -0.06280115246772766
        ],
        [
            0.054706621915102005,
            0.10029773414134979,
            -0.0770116001367569
        ],
        [
            0.05628911033272743,
            0.0886327400803566,
            -0.07631857693195343
        ],
        [
            0.058662768453359604,
            0.08875370025634766,
            -0.07097433507442474
        ],
        [
            0.05475516617298126,
            0.09931672364473343,
            -0.07268600165843964
        ],
        [
            0.05829695612192154,
            0.08228659629821777,
            -0.07404167205095291
        ],
        [
            0.0584103986620903,
            0.08845642954111099,
            -0.08167006820440292
        ],
        [
            0.10092347860336304,
            0.019784290343523026,
            -0.04288780689239502
        ],
        [
            0.0691995695233345,
            0.06354177743196487,
            -0.061214420944452286
        ],
        [
            0.1114269271492958,
            0.012297570705413818,
            -0.0315064936876297
        ],
        [
            0.11182843893766403,
            0.033768609166145325,
            -0.048245787620544434
        ],
        [
            0.1201879158616066,
            0.030176859349012375,
            -0.038279805332422256
        ],
        [
            0.123261958360672,
            0.00578511506319046,
            -0.01917458325624466
        ],
        [
            0.12819507718086243,
            0.022002629935741425,
            -0.02619919180870056
        ],
        [
            0.12152514606714249,
            -0.00918978825211525,
            -0.007252924144268036
        ],
        [
            0.12078126519918442,
            -0.002532355487346649,
            -0.013476386666297913
        ],
        [
            0.1301279366016388,
            0.04083094000816345,
            -0.030038263648748398
        ],
        [
