{
    "pred_cam": [
        7.592325210571289,
        0.05853740870952606,
        -0.06076574698090553
    ],
    "pred_mano_params": {
        "global_orient": [
            [
                [
                    0.38176921010017395,
                    -0.1653839647769928,
                    0.9093405604362488
                ],
                [
                    -0.5206751823425293,
                    -0.8513710498809814,
                    0.0637546181678772
                ],
                [
                    0.7636422514915466,
                    -0.4978106915950775,
                    -0.4111385941505432
                ]
            ]
        ],
        "hand_pose": [
            [
                [
                    0.7271347045898438,
                    -0.6064926981925964,
                    -0.32162344455718994
                ],
                [
                    0.5773319602012634,
                    0.7937322854995728,
                    -0.19151195883750916
                ],
                [
                    0.3714335262775421,
                    -0.04642847925424576,
                    0.9272978901863098
                ]
            ],
            [
                [
                    0.9213106036186218,
                    -0.3434736132621765,
                    0.18224327266216278
                ],
                [
                    0.3708568811416626,
                    0.9170756936073303,
                    -0.14641490578651428
                ],
                [
                    -0.11684122681617737,
                    0.2024797946214676,
                    0.972291111946106
                ]
            ],
            [
                [
                    0.8072011470794678,
                    -0.5769254565238953,
                    0.12483342736959457
                ],
                [
                    0.5902510285377502,
                    0.7908762693405151,
                    -0.16161198914051056
                ],
                [
                    -0.005489727016538382,
                    0.2041364163160324,
                    0.9789270758628845
                ]
            ],
            [
                [
                    0.8493232727050781,
                    -0.49843013286590576,
                    -0.17383158206939697
                ],
                [
                    0.4877830743789673,
                    0.8669269680976868,
                    -0.10249587148427963
                ],
                [
                    0.20178629457950592,
                    0.002260036999359727,
                    0.9794270396232605
                ]
            ],
            [
                [
                    0.8114408850669861,
                    -0.5672156810760498,
                    -0.14081935584545135
                ],
                [
                    0.5791218876838684,
                    0.7479607462882996,
                    0.32430320978164673
                ],
                [
                    -0.0786224976181984,
                    -0.34470444917678833,
                    0.9354129433631897
                ]
            ],
            [
                [
                    0.8098532557487488,
                    -0.5847558975219727,
                    -0.04688465967774391
                ],
                [
                    0.586427628993988,
                    0.8090927004814148,
                    0.038363177329301834
                ],
                [
                    0.015500938519835472,
                    -0.058563005179166794,
                    0.9981634020805359
                ]
            ],
            [
                [
                    0.6678034663200378,
                    -0.6987867951393127,
                    0.2563895881175995
                ],
                [
                    0.6387169361114502,
                    0.7148447036743164,
                    0.28467124700546265
                ],
                [
                    -0.38220325112342834,
                    -0.0263440553098917,
                    0.9237027168273926
                ]
            ],
            [
                [
                    0.9755974411964417,
                    -0.18392646312713623,
                    -0.11991915851831436
                ],
                [
                    0.19441913068294525,
                    0.9774399995803833,
                    0.08253674954175949
                ],
                [
                    0.10203307867050171,
                    -0.10383722931146622,
                    0.9893468022346497
                ]
            ],
            [
                [
                    0.9662665724754333,
                    -0.21081334352493286,
                    0.1479414701461792
                ],
                [
                    0.1464180201292038,
                    0.922231137752533,
                    0.35784268379211426
                ],
                [
                    -0.21187424659729004,
                    -0.32411009073257446,
                    0.9219880104064941
                ]
            ],
            [
                [
                    0.855542778968811,
                    -0.5152879953384399,
                    -0.05024690181016922
                ],
                [
                    0.5094719529151917,
                    0.8551860451698303,
                    -0.09536883234977722
                ],
                [
                    0.09211286157369614,
                    0.0559927374124527,
                    0.9941730499267578
                ]
            ],
            [
                [
                    0.9368823766708374,
                    -0.34698486328125,
                    -0.043044909834861755
                ],
                [
                    0.3321269154548645,
                    0.844694197177887,
                    0.4197421669960022
                ],
                [
                    -0.109284408390522,
                    -0.40754544734954834,
                    0.9066221117973328
                ]
            ],
            [
                [
                    0.8387850522994995,
                    -0.5338056087493896,
                    -0.10719708353281021
                ],
                [
                    0.543922483921051,
                    0.812782883644104,
                    0.20864412188529968
                ],
                [
                    -0.02424744889140129,
                    -0.23331448435783386,
                    0.9720990061759949
                ]
            ],
            [
                [
                    0.9845536947250366,
                    -0.16979925334453583,
                    0.04268666356801987
                ],
                [
                    0.10859674215316772,
                    0.40100833773612976,
                    -0.9096147418022156
                ],
                [
                    0.1373341828584671,
                    0.9002002477645874,
                    0.41325387358665466
                ]
            ],
            [
                [
                    0.8933111429214478,
                    -0.33863401412963867,
                    -0.2955031394958496
                ],
                [
                    0.4491376280784607,
                    0.6966833472251892,
                    0.5593814253807068
                ],
                [
                    0.016446547582745552,
                    -0.6324232816696167,
                    0.7744482755661011
                ]
            ],
            [
                [
                    0.8874453902244568,
                    0.4356900155544281,
                    -0.15038250386714935
                ],
                [
                    -0.4185625910758972,
                    0.898417055606842,
                    0.13286110758781433
                ],
                [
                    0.19299249351024628,
                    -0.05496248975396156,
                    0.9796596169471741
                ]
            ]
        ],
        "betas": [
            -0.043901264667510986,
            -0.04152610898017883,
            -0.10234332084655762,
            -0.014142602682113647,
            0.09810853004455566,
            2.2288411855697632e-05,
            0.0205191969871521,
            -0.002159431576728821,
            -0.01839272677898407,
            -0.05373251438140869
        ]
    },
    "pred_cam_t": [
        -0.05853740870952606,
        -0.06076574698090553,
        5.144998073577881
    ],
    "focal_length": [
        5000.0,
        5000.0
    ],
    "pred_keypoints_3d": [
        [
            0.09601986408233643,
            0.006415647454559803,
            0.0062088072299957275
        ],
        [
            0.11287176609039307,
            0.03386041149497032,
            -0.015180598944425583
        ],
        [
            0.11681249737739563,
            0.06395643949508667,
            -0.020952189341187477
        ],
        [
            0.10987912863492966,
            0.08958621323108673,
            -0.026816096156835556
        ],
        [
            0.10049141198396683,
            0.11501333117485046,
            -0.05116325616836548
        ],
        [
            0.0819564163684845,
            0.058204494416713715,
            -0.06721601635217667
        ],
        [
            0.06492045521736145,
            0.0853877067565918,
            -0.07552788406610489
        ],
        [
            0.059966251254081726,
            0.1066577136516571,
            -0.0710633248090744
        ],
        [
            0.060473423451185226,
            0.12632225453853607,
            -0.0549735464155674
        ],
        [
            0.05695527791976929,
            0.05690692737698555,
            -0.06416884809732437
        ],
        [
            0.0382828526198864,
            0.08108388632535934,
            -0.07301986217498779
        ],
        [
            0.03479572385549545,
            0.10283391922712326,
            -0.06525634974241257
        ],
        [
            0.03969336301088333,
            0.12315887957811356,
            -0.050373341888189316
        ],
        [
            0.041102953255176544,
            0.050767965614795685,
            -0.04348549246788025
        ],
        [
            0.026606399565935135,
            0.07374532520771027,
            -0.053488001227378845
        ],
        [
            0.019981706514954567,
            0.09734676778316498,
            -0.0491582490503788
        ],
        [
            0.020950578153133392,
            0.12029261887073517,
            -0.03800482302904129
        ],
        [
            0.03199879825115204,
            0.04810803383588791,
            -0.02379496768116951
        ],
        [
            0.02418304793536663,
            0.06771887093782425,
            -0.025724798440933228
        ],
        [
            0.018366051837801933,
            0.08560511469841003,
            -0.022719714790582657
        ],
        [
            0.018814679235219955,
            0.1052829846739769,
            -0.018344633281230927
        ]
    ],
    "pred_vertices": [
        [
            0.09442852437496185,
            0.048768676817417145,
            -0.029949340969324112
        ],
        [
            0.09761184453964233,
            0.044345494359731674,
            -0.02071179449558258
        ],
        [
            0.10014227032661438,
            0.052854858338832855,
            -0.02331354469060898
        ],
        [
            0.09851878881454468,
            0.055665045976638794,
            -0.0341649055480957
        ],
        [
            0.10824547708034515,
            0.04818626865744591,
            -0.0021911785006523132
        ],
        [
            0.11995334923267365,
            0.04592311754822731,
            -7.42003321647644e-05
        ],
        [
            0.11942028254270554,
            0.06135990470647812,
            -0.005982935428619385
        ],
        [
            0.10936470329761505,
            0.061329182237386703,
            -0.005120269954204559
        ],
        [
            0.1013772040605545,
            0.06052730232477188,
            -0.0374346561729908
        ],
        [
            0.10213135927915573,
            0.060049161314964294,
            -0.024831455200910568
        ],
        [
            0.10323251038789749,
            0.06074076145887375,
            -0.03762179613113403
        ],
        [
            0.10201779007911682,
            0.05460173264145851,
            -0.054373420774936676
        ],
        [
            0.09983372688293457,
            0.05798867717385292,
            -0.049874015152454376
        ],
        [
            0.0980900451540947,
            0.053260501474142075,
            -0.06338776648044586
        ],
        [
            0.10451348125934601,
            0.04408792406320572,
            -0.055104684084653854
        ],
        [
            0.09389576315879822,
            0.04531044512987137,
            -0.06709641963243484
        ],
        [
            0.08356881141662598,
            0.02295055240392685,
            -0.04867154359817505
        ],
        [
            0.07282047718763351,
            0.019230864942073822,
            -0.04077380150556564
        ],
        [
            0.06470922380685806,
            0.028487980365753174,
            -0.052521657198667526
        ],
        [
            0.07636850327253342,
            0.03198082000017166,
            -0.05903574079275131
        ],
        [
            0.053472720086574554,
            0.024851810187101364,
            -0.035277970135211945
        ],
        [
            0.05913200601935387,
            0.027205951511859894,
            -0.045428209006786346
        ],
        [
            0.06696780025959015,
            0.016927290707826614,
            -0.034282535314559937
        ],
        [
            0.06154123693704605,
            0.015507251024246216,
            -0.025674236938357353
        ],
        [
            0.08516469597816467,
            0.04027668386697769,
            -0.01955840364098549
        ],
        [
            0.08899767696857452,
            0.03543096035718918,
            -0.011074963957071304
        ],
        [
            0.09263930469751358,
            0.03729628026485443,
            -0.015789590775966644
        ],
        [
            0.08910105377435684,
            0.0422857441008091,
            -0.023304488509893417
        ],
        [
            0.11075814813375473,
            0.06677931547164917,
            -0.033699169754981995
        ],
        [
            0.11507249623537064,
            0.052216414362192154,
            -0.0400848463177681
        ],
        [
            0.10836669057607651,
            0.05594330281019211,
            -0.04132305458188057
        ],
        [
            0.10661251842975616,
            0.06857136636972427,
            -0.030328670516610146
        ],
        [
            0.09234073758125305,
            0.027475781738758087,
            0.01745208352804184
        ],
        [
            0.09802882373332977,
            0.016326874494552612,
            0.022619660943746567
        ],
        [
            0.10295724868774414,
            0.016485072672367096,
            0.019289657473564148
        ],
        [
            0.09656786918640137,
            0.026206523180007935,
            0.014814287424087524
        ],
        [
            0.11782839894294739,
            0.026157617568969727,
            0.00724252313375473
        ],
        [
            0.11868877708911896,
            0.016523733735084534,
            0.010242708027362823
        ],
        [
            0.12764321267604828,
            0.007934719324111938,
            0.005654171109199524
        ],
        [
            0.12804269790649414,
            0.016683727502822876,
            -7.35744833946228e-05
        ],
        [
            0.11862996220588684,
            0.03623978793621063,
            0.0032546967267990112
        ],
        [
            0.12894955277442932,
            0.029581505805253983,
            -0.0023473575711250305
        ],
        [
            0.12906381487846375,
            0.04190335050225258,
            -0.005631670355796814
        ],
        [
            0.12662659585475922,
            0.059547122567892075,
            -0.011433441191911697
        ],
        [
            0.08680224418640137,
            0.01316738873720169,
            0.028047122061252594
        ],
        [
            0.08116787672042847,
            0.02127949520945549,
            0.025424033403396606
        ],
        [
            0.07232735306024551,
            0.09243538975715637,
            -0.0696820542216301
        ],
        [
            0.06784451752901077,
            0.09185142815113068,
            -0.06589489430189133
        ],
        [
            0.07019923627376556,
            0.08814316242933273,
            -0.06543483585119247
        ],
        [
            0.07400588691234589,
            0.08938096463680267,
            -0.06972194463014603
        ],
        [
            0.07035576552152634,
            0.0037400387227535248,
            0.020967036485671997
        ],
        [
            0.06897647678852081,
            -0.003916360437870026,
            0.014512058347463608
        ],
        [
            0.07177329063415527,
            -0.006773192435503006,
            0.020641975104808807
        ],
        [
            0.07487155497074127,
            0.0003259927034378052,
            0.02600659430027008
        ],
        [
            0.06449712067842484,
            0.008336644619703293,
            0.01428050547838211
        ],
        [
            0.06564470380544662,
            0.0006254911422729492,
            0.006070282310247421
        ],
        [
            0.06784640997648239,
            0.09253571927547455,
            -0.08180279284715652
        ],
        [
            0.07180304080247879,
            0.09354973584413528,
            -0.07862041890621185
        ],
        [
            0.07282260060310364,
            0.08883993327617645,
            -0.07988396286964417
        ],
        [
            0.06865169107913971,
            0.08688654005527496,
            -0.08219514787197113
        ],
        [
            0.09648435562849045,
            0.05733438953757286,
            -0.04420702904462814
        ],
        [
            0.09125208854675293,
            0.05348540470004082,
            -0.037682678550481796
        ],
        [
            0.08795436471700668,
            0.0633423775434494,
            -0.057394832372665405
        ],
        [
            0.08799237757921219,
            0.058760326355695724,
            -0.05002259090542793
        ],
        [
            0.09428796917200089,
            0.058691784739494324,
            -0.05332615226507187
        ],
        [
            0.09313474595546722,
            0.061682410538196564,
            -0.06001454219222069
        ],
        [
            0.07167138904333115,
            0.05076770484447479,
            -0.03460575267672539
        ],
        [
            0.07726472616195679,
            0.044612884521484375,
            -0.026284515857696533
        ],
        [
            0.08148299902677536,
            0.046765271574258804,
            -0.03102882206439972
        ],
        [
            0.07690170407295227,
            0.05429974943399429,
            -0.040542058646678925
        ],
        [
            0.06739087402820587,
            0.043795205652713776,
            -0.016109023243188858
        ],
        [
            0.06258521974086761,
            0.04951787739992142,
            -0.025381069630384445
        ],
        [
            0.057553090155124664,
            0.04838213324546814,
            -0.01853339746594429
        ],
        [
            0.06206097453832626,
            0.04535052925348282,
            -0.012651346623897552
        ],
        [
            0.05695690959692001,
            0.05890081450343132,
            -0.04328131303191185
        ],
        [
            0.05357585847377777,
            0.06137588992714882,
            -0.04924769699573517
        ],
        [
            0.050339702516794205,
            0.06223856657743454,
            -0.04742065817117691
        ],
        [
            0.05438564717769623,
            0.0581413209438324,
            -0.040788695216178894
        ],
        [
            0.0747411847114563,
            -0.010506313294172287,
            0.025928407907485962
        ],
        [
            0.07981201261281967,
            -0.003171674907207489,
            0.030105680227279663
        ],
        [
            0.042029350996017456,
            0.024805959314107895,
            -0.016747795045375824
        ],
        [
            0.041752323508262634,
            0.027618151158094406,
            -0.005984380841255188
        ],
        [
            0.033224962651729584,
            0.034862220287323,
            -0.012832753360271454
        ],
        [
            0.03553749993443489,
            0.029677439481019974,
            -0.0229151863604784
        ],
        [
            0.07225212454795837,
            -0.008337263017892838,
            0.005681551992893219
        ],
        [
            0.07309363782405853,
            -0.012389324605464935,
            0.012385182082653046
        ],
        [
            0.06186358258128166,
            0.09112075716257095,
            -0.0817391574382782
        ],
        [
            0.06295683979988098,
            0.08523955196142197,
            -0.08116614818572998
        ],
        [
            0.13216015696525574,
            0.03286558762192726,
            -0.015649888664484024
        ],
        [
            0.12978605926036835,
            0.055572036653757095,
            -0.01979268342256546
        ],
        [
            0.13055984675884247,
            0.01700884848833084,
            -0.010884180665016174
        ],
        [
            0.12788763642311096,
            0.006559554487466812,
            -0.006999291479587555
        ],
        [
            0.1279744654893875,
            -0.0012471005320549011,
            -0.0022064074873924255
        ],
        [
            0.08148107677698135,
            0.05977856367826462,
            -0.0497976690530777
        ],
        [
            0.08744208514690399,
            0.04776911437511444,
            -0.03126339614391327
        ],
        [
            0.08153466880321503,
            0.039276544004678726,
            -0.01594165340065956
        ],
        [
            0.057951636612415314,
            0.04139968007802963,
            0.003907985985279083
        ],
        [
            0.06358415633440018,
            0.03649323806166649,
            0.011416688561439514
        ],
        [
            0.0696680024266243,
            0.04019748046994209,
            0.003468751907348633
        ],
        [
            0.0633222758769989,
            0.043192800134420395,
            -0.001795392483472824
        ],
        [
            0.04297872632741928,
            0.035452958196401596,
            -2.8304755687713623e-05
        ],
        [
            0.04716528207063675,
            0.04227597266435623,
            -0.0007818453013896942
        ],
        [
            0.042019084095954895,
            0.04616902023553848,
            -0.006876047700643539
        ],
        [
            0.036557674407958984,
            0.040668316185474396,
            -0.006768278777599335
        ],
        [
            0.1180678978562355,
            0.06771806627511978,
            -0.03479328006505966
        ],
        [
            0.12190473824739456,
            0.05017316713929176,
            -0.037589192390441895
        ],
        [
            0.07490619271993637,
            0.012197822332382202,
            0.025494154542684555
        ],
        [
            0.08083980530500412,
            0.008148547261953354,
            0.028580788522958755
        ],
        [
            0.08538377285003662,
            0.0018742196261882782,
            0.032095640897750854
        ],
        [
            0.09194913506507874,
            0.03180912137031555,
            0.0026414692401885986
        ],
        [
            0.09954355657100677,
            0.025349397212266922,
            0.012947231531143188
        ],
        [
            0.10266821831464767,
            0.026235926896333694,
            0.0099773108959198
        ],
        [
            0.09390990436077118,
            0.031185677275061607,
            -0.0006636679172515869
        ],
        [
            0.09969975799322128,
            0.04043418914079666,
            -0.009424395859241486
        ],
        [
            0.10654975473880768,
            0.036768920719623566,
            0.001207798719406128
        ],
        [
            0.10048291832208633,
            0.05066846311092377,
            -0.011011607944965363
        ],
        [
            0.11036787927150726,
            0.015615038573741913,
            0.015872053802013397
        ],
        [
            0.108182892203331,
            0.009601641446352005,
            0.024942897260189056
        ],
        [
            0.11563234031200409,
            0.008970644325017929,
            0.020056679844856262
        ],
        [
            0.09955784678459167,
            0.0079181008040905,
            0.029332943260669708
        ],
        [
            0.09145146608352661,
            0.005447354167699814,
            0.03213626518845558
        ],
        [
            0.0741804763674736,
            -0.01909005641937256,
            0.017602860927581787
        ],
        [
            0.12159188091754913,
            0.007886230945587158,
            0.014320313930511475
        ],
        [
            0.11108075082302094,
            0.07032570987939835,
            -0.009249582886695862
        ],
        [
            0.11172808706760406,
            0.07820545136928558,
            -0.013092927634716034
        ],
        [
            0.1057371273636818,
            0.07552613317966461,
            -0.01599547639489174
        ],
        [
            0.10483663529157639,
            0.06834150850772858,
            -0.013647500425577164
        ],
        [
            0.09259269386529922,
            0.05600058659911156,
            -0.07100184261798859
        ],
        [
            0.0945640504360199,
            0.06042155995965004,
            -0.06532133370637894
        ],
        [
            0.09885978698730469,
            0.056992147117853165,
            -0.05782627314329147
        ],
        [
            0.08299477398395538,
            0.03308108448982239,
            0.013286512345075607
        ],
        [
            0.07402162253856659,
            0.027736671268939972,
            0.020339317619800568
        ],
        [
            0.08145250380039215,
            0.06408960372209549,
            -0.057040151208639145
        ],
        [
            0.06986518949270248,
            0.08172038942575455,
            -0.08242180943489075
        ],
        [
            0.0746319368481636,
            0.0841141864657402,
            -0.07992672175168991
        ],
        [
            0.08456244319677353,
            0.06824544072151184,
            -0.07629728317260742
        ],
        [
            0.07903280109167099,
            0.06561227142810822,
            -0.07961003482341766
        ],
        [
            0.07212701439857483,
            0.0649571493268013,
            -0.06217508018016815
        ],
        [
            0.07866927981376648,
            0.06594391167163849,
            -0.05890731140971184
        ],
        [
            0.0764322429895401,
            0.06681474298238754,
            -0.05974120646715164
        ],
        [
            0.06988194584846497,
            0.06664352118968964,
            -0.0608089454472065
        ],
        [
            0.04648737981915474,
            0.059749752283096313,
            -0.03930354863405228
        ],
        [
            0.05004986748099327,
            0.056344714015722275,
            -0.03355251997709274
        ],
        [
            0.06920807808637619,
            0.04385155811905861,
            -0.06704143434762955
        ],
        [
            0.08048733323812485,
            0.04235481470823288,
            -0.07406841963529587
        ],
        [
            0.08666916936635971,
            0.03625804930925369,
            -0.06490007042884827
        ],
        [
            0.06686772406101227,
            0.049298278987407684,
            -0.02905415929853916
        ],
        [
            0.061200354248285294,
            0.05480148270726204,
            -0.03607291728258133
        ],
        [
            0.058196306228637695,
            0.05411034822463989,
            -0.033291175961494446
        ],
        [
            0.07688852399587631,
            0.060801878571510315,
            -0.05111955106258392
        ],
        [
            0.07520149648189545,
            0.06371422111988068,
            -0.05700237676501274
        ],
        [
            0.07175450772047043,
            0.06214040145277977,
            -0.0540216863155365
        ],
        [
            0.07319601625204086,
            0.058935921639204025,
            -0.04746682941913605
        ],
        [
            0.049317024648189545,
            0.01962050423026085,
            0.001333877444267273
        ],
        [
            0.05037512630224228,
            0.028844861313700676,
            0.008422106504440308
        ],
        [
            0.07361651957035065,
            0.09329468756914139,
            -0.07427728176116943
        ],
        [
            0.07493054121732712,
            0.08957944065332413,
            -0.07509887218475342
        ],
        [
            0.07247535139322281,
            0.043318502604961395,
            -0.02098943293094635
        ],
        [
            0.09305605292320251,
            0.0293613038957119,
            -0.05338059365749359
        ],
        [
            0.07772183418273926,
            0.03866550326347351,
            -0.011947542428970337
        ],
        [
            0.03873136639595032,
            0.04077523201704025,
            -0.03829190507531166
        ],
        [
            0.03730772063136101,
            0.04765763506293297,
            -0.03346451371908188
        ],
        [
            0.03596077114343643,
            0.05140811949968338,
            -0.03767820820212364
        ],
        [
            0.03525994345545769,
            0.04722047597169876,
            -0.042520277202129364
        ],
        [
            0.06177915632724762,
            0.07927161455154419,
            -0.06442459672689438
        ],
        [
            0.0663520097732544,
            0.08222732692956924,
            -0.062499552965164185
        ],
        [
            0.0644649788737297,
            0.08629437536001205,
            -0.0635957345366478
        ],
        [
            0.0594036728143692,
            0.08431987464427948,
            -0.0658704936504364
        ],
        [
            0.08445723354816437,
            0.06659495830535889,
            -0.05990700051188469
        ],
        [
            0.08976076543331146,
            0.06608966737985611,
            -0.06334493309259415
        ],
        [
            0.08563870191574097,
            0.07043758034706116,
            -0.06452121585607529
        ],
        [
            0.08075552433729172,
            0.06915831565856934,
            -0.06129910796880722
        ],
        [
            0.09054102003574371,
            0.06478873640298843,
            -0.06910572201013565
        ],
        [
            0.08696794509887695,
            0.06974566727876663,
            -0.07062284648418427
        ],
        [
            0.0588933490216732,
            0.07722078263759613,
            -0.06988686323165894
        ],
        [
            0.059937261044979095,
            0.07719278335571289,
            -0.0773201510310173
        ],
        [
            0.06688092648983002,
            0.062044914811849594,
            -0.07402487844228745
        ],
        [
            0.06549256294965744,
            0.06541535258293152,
            -0.06687420606613159
        ],
        [
            0.06899043917655945,
            0.005498088896274567,
            -0.017072763293981552
        ],
        [
            0.06220272183418274,
            0.006161283701658249,
            -0.008229739964008331
        ],
        [
            0.05448336899280548,
            0.016042187809944153,
            -0.016622386872768402
        ],
        [
            0.04611041396856308,
            0.024810146540403366,
            -0.02504129521548748
        ],
        [
            0.039559707045555115,
            0.03400200605392456,
            -0.03308785706758499
        ],
        [
            0.04593946784734726,
            0.03180619329214096,
            -0.04339519143104553
        ],
        [
            0.05083122104406357,
            0.016181670129299164,
            -0.009291034191846848
        ],
        [
            0.06702755391597748,
            0.05845452472567558,
            -0.0664796233177185
        ],
        [
            0.07104706019163132,
            0.05245650187134743,
            -0.07139972597360611
        ],
        [
            0.06689649820327759,
            0.051790833473205566,
            -0.06847384572029114
        ],
        [
            0.07266122102737427,
            0.039744067937135696,
            -0.0065309517085552216
        ],
        [
            0.07705783098936081,
            0.0855170413851738,
            -0.07525016367435455
        ],
        [
            0.1107555627822876,
            -0.008817866444587708,
            -0.013743884861469269
        ],
        [
            0.09830902516841888,
            -0.013323750346899033,
            -0.010214239358901978
        ],
        [
            0.09699186682701111,
            -0.007066007703542709,
            -0.016373369842767715
        ],
        [
            0.11122820526361465,
            -0.0009734481573104858,
            -0.01997174322605133
        ],
        [
            0.07248811423778534,
            0.0847662091255188,
            -0.06431882083415985
        ],
        [
            0.0767330750823021,
            0.08609410375356674,
            -0.06887275725603104
        ],
        [
            0.044677481055259705,
            0.05631398782134056,
            -0.029629921540617943
        ],
        [
            0.04213980585336685,
            0.05870003625750542,
            -0.03556966036558151
        ],
        [
            0.03830872103571892,
            0.05730355530977249,
            -0.03548355773091316
        ],
        [
            0.039034612476825714,
            0.05714837461709976,
            -0.02817949838936329
        ],
        [
            0.05999477952718735,
            0.00633540004491806,
            -0.002681475132703781
        ],
        [
            0.029062598943710327,
            0.041503019630908966,
            -0.01612946204841137
        ],
        [
            0.030884578824043274,
            0.03639370948076248,
            -0.025414656847715378
        ],
        [
            0.06920833885669708,
            -0.00248543918132782,
            -0.0012329742312431335
        ],
        [
            0.07492552697658539,
            -0.0036716386675834656,
            -0.009108059108257294
        ],
        [
            0.07875186204910278,
            -0.010258320719003677,
            -0.0029681771993637085
        ],
        [
            0.052252382040023804,
            0.03925565630197525,
            -0.055567167699337006
        ],
        [
            0.07341843843460083,
            0.007047578692436218,
            -0.02441544458270073
        ],
        [
            0.07957450300455093,
            -0.002293236553668976,
            -0.015086382627487183
        ],
        [
            0.08435846865177155,
            -0.01011236384510994,
            -0.008024461567401886
        ],
        [
            0.08699415624141693,
            -0.01618439331650734,
            -0.002878401428461075
        ],
        [
            0.08062727749347687,
            -0.015623152256011963,
            0.0022114701569080353
        ],
        [
            0.06415748596191406,
            0.07936087250709534,
            -0.08088162541389465
        ],
        [
            0.057423368096351624,
            0.08359652757644653,
            -0.07771521806716919
        ],
        [
            0.0819103866815567,
            -0.023011192679405212,
            0.007443457841873169
        ],
        [
            0.08933070302009583,
            -0.02283303439617157,
            0.001831401139497757
        ],
        [
            0.08619465678930283,
            -0.00037822499871253967,
            -0.0212763249874115
        ],
        [
            0.09522119164466858,
            0.0034163296222686768,
            -0.02802778035402298
        ],
        [
            0.0800187885761261,
            0.008779533207416534,
            -0.029931824654340744
        ],
        [
            0.08817355334758759,
            0.012964710593223572,
            -0.03738121688365936
        ],
        [
            0.059871189296245575,
            0.03531467169523239,
            -0.06211728975176811
        ],
        [
            0.052636727690696716,
            0.10122513771057129,
            -0.07297415286302567
        ],
        [
            0.05440293624997139,
            0.08953559398651123,
            -0.07279748469591141
        ],
        [
            0.0569477342069149,
            0.08951588720083237,
            -0.06753862649202347
        ],
        [
            0.052830420434474945,
            0.10014995187520981,
            -0.06867950409650803
        ],
        [
            0.05656838417053223,
            0.08316141366958618,
            -0.07098347693681717
        ],
        [
            0.05636616051197052,
            0.08965002000331879,
            -0.07824309170246124
        ],
        [
            0.10091592371463776,
            0.021054431796073914,
            -0.042515311390161514
        ],
        [
            0.06874790042638779,
            0.06471707671880722,
            -0.05993437021970749
        ],
        [
            0.1115056648850441,
            0.013514872640371323,
            -0.03129710629582405
        ],
        [
            0.11138196289539337,
            0.03542735055088997,
            -0.04740971326828003
        ],
        [
            0.11977754533290863,
            0.031804148107767105,
            -0.037503842264413834
        ],
        [
            0.12338867038488388,
            0.006933670490980148,
            -0.019048355519771576
        ],
        [
            0.12797966599464417,
            0.02357138693332672,
            -0.025598611682653427
        ],
        [
            0.12169016152620316,
            -0.008536919951438904,
            -0.007486291229724884
        ],
        [
            0.12094294279813766,
            -0.0016745254397392273,
            -0.01356181874871254
        ],
        [
            0.12916769087314606,
            0.042637478560209274,
