{
    "pred_cam": [
        12.132505416870117,
        -0.045475006103515625,
        0.03271368891000748
    ],
    "pred_mano_params": {
        "global_orient": [
            [
                [
                    0.43339914083480835,
                    0.7236601710319519,
                    0.5371043682098389
                ],
                [
                    0.3540160357952118,
                    0.4113665223121643,
                    -0.8399108648300171
                ],
                [
                    -0.8287568092346191,
                    0.5541601777076721,
                    -0.07790142297744751
                ]
            ]
        ],
        "hand_pose": [
            [
                [
                    0.949775755405426,
                    -0.2858412265777588,
                    0.12736095488071442
                ],
                [
                    0.2862737476825714,
                    0.9580258727073669,
                    0.015290475450456142
                ],
                [
                    -0.12638573348522186,
                    0.021937575191259384,
                    0.9917385578155518
                ]
            ],
            [
                [
                    0.9843346476554871,
                    -0.16248446702957153,
                    -0.0684400126338005
                ],
                [
                    0.14336521923542023,
                    0.963585376739502,
                    -0.22572015225887299
                ],
                [
                    0.1026238203048706,
                    0.21237227320671082,
                    0.9717850685119629
                ]
            ],
            [
                [
                    0.9967270493507385,
                    -0.0753449872136116,
                    0.02929852530360222
                ],
                [
                    0.07476841658353806,
                    0.9969941973686218,
                    0.020303525030612946
                ],
                [
                    -0.030740229412913322,
                    -0.018046466633677483,
                    0.9993644952774048
                ]
            ],
            [
                [
                    0.8767272233963013,
                    -0.39255183935165405,
                    0.2779434621334076
                ],
                [
                    0.46145060658454895,
                    0.8494872450828552,
                    -0.2558022141456604
                ],
                [
                    -0.13569380342960358,
                    0.352525919675827,
                    0.9259119033813477
                ]
            ],
            [
                [
                    0.9584189653396606,
                    0.1775275468826294,
                    -0.2234208732843399
                ],
                [
                    -0.1255655139684677,
                    0.9654201865196228,
                    0.22846704721450806
                ],
                [
                    0.2562542259693146,
                    -0.19091323018074036,
                    0.9475683569908142
                ]
            ],
            [
                [
                    0.9978026747703552,
                    0.029715484008193016,
                    0.05921760946512222
                ],
                [
                    -0.023499002680182457,
                    0.9943997263908386,
                    -0.1030389741063118
                ],
                [
                    -0.06194782629609108,
                    0.10142102092504501,
                    0.992913007736206
                ]
            ],
            [
                [
                    0.6852750778198242,
                    -0.6524133086204529,
                    -0.3236587643623352
                ],
                [
                    0.5019901990890503,
                    0.7451127171516418,
                    -0.43910467624664307
                ],
                [
                    0.5276399850845337,
                    0.13843393325805664,
                    0.8381122350692749
                ]
            ],
            [
                [
                    0.9832713007926941,
                    0.09384021162986755,
                    -0.15611442923545837
                ],
                [
                    -0.1016656756401062,
                    0.9938930869102478,
                    -0.042903169989585876
                ],
                [
                    0.15113499760627747,
                    0.05805692821741104,
                    0.9868068695068359
                ]
            ],
            [
                [
                    0.953393816947937,
                    0.11099416762590408,
                    0.28057190775871277
                ],
                [
                    -0.18820467591285706,
                    0.9455746412277222,
                    0.26545751094818115
                ],
                [
                    -0.2358374297618866,
                    -0.3058904707431793,
                    0.9223946332931519
                ]
            ],
            [
                [
                    0.8910078406333923,
                    -0.4395751655101776,
                    -0.1134844720363617
                ],
                [
                    0.339821994304657,
                    0.8115274310112,
                    -0.4753359258174896
                ],
                [
                    0.3010416328907013,
                    0.3849635124206543,
                    0.8724546432495117
                ]
            ],
            [
                [
                    0.9741388559341431,
                    0.17739035189151764,
                    -0.13995055854320526
                ],
                [
                    -0.14144916832447052,
                    0.9617711901664734,
                    0.23449572920799255
                ],
                [
                    0.17619770765304565,
                    -0.20863550901412964,
                    0.9619904160499573
                ]
            ],
            [
                [
                    0.9650463461875916,
                    -0.05413779616355896,
                    0.25642701983451843
                ],
                [
                    0.042197030037641525,
                    0.9977632164955139,
                    0.051845673471689224
                ],
                [
                    -0.2586602568626404,
                    -0.039213016629219055,
                    0.9651721715927124
                ]
            ],
            [
                [
                    0.8584964871406555,
                    0.46397334337234497,
                    -0.21843191981315613
                ],
                [
                    -0.5093683004379272,
                    0.722165048122406,
                    -0.46799731254577637
                ],
                [
                    -0.05939437076449394,
                    0.5130363702774048,
                    0.8563094735145569
                ]
            ],
            [
                [
                    0.9766973853111267,
                    -0.16575373709201813,
                    0.13633769750595093
                ],
                [
                    0.09642662107944489,
                    0.9064250588417053,
                    0.4112122356891632
                ],
                [
                    -0.19173987209796906,
                    -0.38848328590393066,
                    0.9012860655784607
                ]
            ],
            [
                [
                    0.924062967300415,
                    -0.2853420376777649,
                    -0.2543375492095947
                ],
                [
                    0.22947899997234344,
                    0.9462636113166809,
                    -0.22786946594715118
                ],
                [
                    0.305691123008728,
                    0.1522006094455719,
                    0.9398871660232544
                ]
            ]
        ],
        "betas": [
            0.05692082643508911,
            0.08404538035392761,
            0.058585137128829956,
            -0.06770196557044983,
            0.022908657789230347,
            -0.13469231128692627,
            0.04958599805831909,
            -0.13834187388420105,
            0.11023082584142685,
            0.0505947470664978
        ]
    },
    "pred_cam_t": [
        -0.045475006103515625,
        0.03271368891000748,
        3.219656467437744
    ],
    "focal_length": [
        5000.0,
        5000.0
    ],
    "pred_keypoints_3d": [
        [
            0.0953376442193985,
            0.006335645914077759,
            0.006160916294902563
        ],
        [
            0.08749250322580338,
            -0.030114468187093735,
            0.01541987806558609
        ],
        [
            0.08951026946306229,
            -0.05623035132884979,
            0.03135798126459122
        ],
        [
            0.08951912820339203,
            -0.07811051607131958,
            0.04719415307044983
        ],
        [
            0.08109152317047119,
            -0.10422094166278839,
            0.06799723207950592
        ],
        [
            0.06464025378227234,
            -0.044266313314437866,
            0.07440713047981262
        ],
        [
            0.05034230649471283,
            -0.0631759762763977,
            0.09726333618164062
        ],
        [
            0.034361012279987335,
            -0.07442131638526917,
            0.10766290873289108
        ],
        [
            0.016680613160133362,
            -0.08766859024763107,
            0.11997698992490768
        ],
        [
            0.05165912210941315,
            -0.02484813891351223,
            0.08381826430559158
        ],
        [
            0.030546432361006737,
            -0.03977648913860321,
            0.10208191722631454
        ],
        [
            0.01338372565805912,
            -0.04558614641427994,
            0.11660610139369965
        ],
        [
            -0.0008531548082828522,
            -0.05305963009595871,
            0.13726294040679932
        ],
        [
            0.0429237075150013,
            -0.0017183125019073486,
            0.07354550808668137
        ],
        [
            0.02147943153977394,
            -0.002825949341058731,
            0.09257902204990387
        ],
        [
            0.003102632239460945,
            0.0034652696922421455,
            0.10783149302005768
        ],
        [
            -0.012958753854036331,
            0.003544151782989502,
            0.12738707661628723
        ],
        [
            0.03524914011359215,
            0.014215728268027306,
            0.06074642762541771
        ],
        [
            0.01933479495346546,
            0.02656460553407669,
            0.06693391501903534
        ],
        [
            0.006648434326052666,
            0.0389767624437809,
            0.07338345050811768
        ],
        [
            -0.009427976794540882,
            0.04718649387359619,
            0.08416403084993362
        ]
    ],
    "pred_vertices": [
        [
            0.0715113952755928,
            -0.03150627389550209,
            0.036845725029706955
        ],
        [
            0.07444822788238525,
            -0.0283979419618845,
            0.02794751152396202
        ],
        [
            0.07455112040042877,
            -0.038763854652643204,
            0.03345261514186859
        ],
        [
            0.07196559756994247,
            -0.04085591435432434,
            0.04043916240334511
        ],
        [
            0.07305841892957687,
            -0.04098072275519371,
            0.014155194163322449
        ],
        [
            0.08004709333181381,
            -0.045216478407382965,
            0.005436114966869354
        ],
        [
            0.07960785925388336,
            -0.056914977729320526,
            0.017835721373558044
        ],
        [
            0.07364928722381592,
            -0.05241461843252182,
            0.024152621626853943
        ],
        [
            0.07533742487430573,
            -0.048350200057029724,
            0.04570934176445007
        ],
        [
            0.07507935166358948,
            -0.047076478600502014,
            0.038584619760513306
        ],
        [
            0.083710215985775,
            -0.05094650015234947,
            0.049101170152425766
        ],
        [
            0.08368565887212753,
            -0.049673061817884445,
            0.05704035237431526
        ],
        [
            0.07548505812883377,
            -0.049128707498311996,
            0.05328746140003204
        ],
        [
            0.08080750703811646,
            -0.04942246899008751,
            0.06426806002855301
        ],
        [
            0.09340659528970718,
            -0.04406308755278587,
            0.05554525554180145
        ],
        [
            0.08546491712331772,
            -0.04255754500627518,
            0.06848087161779404
        ],
        [
            0.08974042534828186,
            -0.016372648999094963,
            0.05862683430314064
        ],
        [
            0.08455836772918701,
            -0.004152033478021622,
            0.0572611540555954
        ],
        [
            0.07567042857408524,
            -0.00901523232460022,
            0.07049199938774109
        ],
        [
            0.08103668689727783,
            -0.021230194717645645,
            0.07038217037916183
        ],
        [
            0.0684463232755661,
            0.007768732495605946,
            0.06077476590871811
        ],
        [
            0.07196669280529022,
            -0.0015954766422510147,
            0.06704923510551453
        ],
        [
            0.08166371285915375,
            0.003843296319246292,
            0.05446391925215721
        ],
        [
            0.07774583995342255,
            0.011933433823287487,
            0.04947415739297867
        ],
        [
            0.06882781535387039,
            -0.016293257474899292,
            0.03193574398756027
        ],
        [
            0.07205082476139069,
            -0.012257857248187065,
            0.02233174443244934
        ],
        [
            0.0737125501036644,
            -0.017441008239984512,
            0.024229761213064194
        ],
        [
            0.07061294466257095,
            -0.02136828564107418,
            0.03312452509999275
        ],
        [
            0.09593465179204941,
            -0.0568712055683136,
            0.04382812976837158
        ],
        [
            0.09816840291023254,
            -0.05029573664069176,
            0.04135354980826378
        ],
        [
            0.09267701953649521,
            -0.0503045879304409,
            0.04746459051966667
        ],
        [
            0.09080445021390915,
            -0.057153552770614624,
            0.046224694699048996
        ],
        [
            0.07347343862056732,
            0.0010818056762218475,
            -0.002850361168384552
        ],
        [
            0.08414413779973984,
            0.005718512460589409,
            -0.009554125368595123
        ],
        [
            0.08717644214630127,
            0.0007819272577762604,
            -0.009153008460998535
        ],
        [
            0.07683118432760239,
            -0.002168552950024605,
            -0.0027870163321495056
        ],
        [
            0.08902708441019058,
            -0.023793617263436317,
            -0.00705602765083313
        ],
        [
            0.09661173820495605,
            -0.014581721276044846,
            -0.009396925568580627
        ],
        [
            0.11070576310157776,
            -0.01699531078338623,
            -0.008884064853191376
        ],
        [
            0.10592518746852875,
            -0.025149894878268242,
            -0.0042749494314193726
        ],
        [
            0.08314069360494614,
            -0.03508956730365753,
            -0.0018594861030578613
        ],
        [
            0.09744201600551605,
            -0.03635196387767792,
            -0.0023921653628349304
        ],
        [
            0.09116876125335693,
            -0.04641596972942352,
            0.003762386739253998
        ],
        [
            0.08864495903253555,
            -0.05736936628818512,
            0.015294782817363739
        ],
        [
            0.07940538227558136,
            0.0175912044942379,
            -0.00874336063861847
        ],
        [
            0.07065372169017792,
            0.015731431543827057,
            -0.004155799746513367
        ],
        [
            0.0450495183467865,
            -0.07211367785930634,
            0.09190326929092407
        ],
        [
            0.040787048637866974,
            -0.0681195855140686,
            0.09252434223890305
        ],
        [
            0.04392233118414879,
            -0.06560885161161423,
            0.08870203793048859
        ],
        [
            0.047738075256347656,
            -0.06977169215679169,
            0.08898868411779404
        ],
        [
            0.08007703721523285,
            0.031742505729198456,
            0.00557120144367218
        ],
        [
            0.08715854585170746,
            0.03458492457866669,
            0.012240439653396606
        ],
        [
            0.08931956440210342,
            0.03679787367582321,
            0.005685977637767792
        ],
        [
            0.08386680483818054,
            0.03266708925366402,
            -0.0007980316877365112
        ],
        [
            0.07502155005931854,
            0.030262073501944542,
            0.013974353671073914
        ],
        [
            0.08390673995018005,
            0.030782515183091164,
            0.020972847938537598
        ],
        [
            0.0529298260807991,
            -0.07127152383327484,
            0.1016523540019989
        ],
        [
            0.05142473429441452,
            -0.07409197837114334,
            0.09767473489046097
        ],
        [
            0.055214427411556244,
            -0.0710628479719162,
            0.09568808972835541
        ],
        [
            0.05667261406779289,
            -0.06742881238460541,
            0.09941957890987396
        ],
        [
            0.06973923742771149,
            -0.04412301257252693,
            0.048451896756887436
        ],
        [
            0.0669545978307724,
            -0.035588085651397705,
            0.04462536796927452
        ],
        [
            0.05999274551868439,
            -0.04768211767077446,
            0.0639517605304718
        ],
        [
            0.06289689987897873,
            -0.04168452322483063,
            0.056550025939941406
        ],
        [
            0.06782955676317215,
            -0.0471155047416687,
            0.05658939108252525
        ],
        [
            0.06597664207220078,
            -0.050927165895700455,
            0.06321807205677032
        ],
        [
            0.056793034076690674,
            -0.019502876326441765,
            0.051176153123378754
        ],
        [
            0.06266822665929794,
            -0.016394533216953278,
            0.04151896387338638
        ],
        [
            0.06456322222948074,
            -0.022373516112565994,
            0.04351826757192612
        ],
        [
            0.05822376906871796,
            -0.027642428874969482,
            0.05368679389357567
        ],
        [
            0.05541982129216194,
            -0.004940942861139774,
            0.0374443344771862
        ],
        [
            0.0504719577729702,
            -0.008782797493040562,
            0.047535404562950134
        ],
        [
            0.04682325944304466,
            -0.0018871612846851349,
            0.04408199340105057
        ],
        [
            0.050381697714328766,
            -0.000773758627474308,
            0.03692077845335007
        ],
        [
            0.043852366507053375,
            -0.01670840010046959,
            0.06632420420646667
        ],
        [
            0.04103627800941467,
            -0.01739896833896637,
            0.07479876279830933
        ],
        [
            0.03784696012735367,
            -0.014625146985054016,
            0.0733463242650032
        ],
        [
            0.042512040585279465,
            -0.013683278113603592,
            0.06513912975788116
        ],
        [
            0.09248329699039459,
            0.03907804936170578,
            -0.00014928728342056274
        ],
        [
            0.08820882439613342,
            0.032947152853012085,
            -0.006519876420497894
        ],
        [
            0.057943642139434814,
            0.023140082135796547,
            0.04980237036943436
        ],
        [
            0.052452150732278824,
            0.026063771918416023,
            0.040640246123075485
        ],
        [
            0.044982194900512695,
            0.02527191862463951,
            0.04955366998910904
        ],
        [
            0.052601270377635956,
            0.022394269704818726,
            0.05748783424496651
        ],
        [
            0.09471917152404785,
            0.03134595602750778,
            0.018625490367412567
        ],
        [
            0.09666858613491058,
            0.03584956377744675,
            0.012552127242088318
        ],
        [
            0.051454197615385056,
            -0.06635257601737976,
            0.10513095557689667
        ],
        [
            0.05473582446575165,
            -0.06257200986146927,
            0.10242284834384918
        ],
        [
            0.10321871191263199,
            -0.04142514243721962,
            0.007925957441329956
        ],
        [
            0.09768634289503098,
            -0.05472293868660927,
            0.01728472113609314
        ],
        [
            0.10957248508930206,
            -0.029422421008348465,
            0.0034512877464294434
        ],
        [
            0.11483815312385559,
            -0.02010440081357956,
            0.0015461444854736328
        ],
        [
            0.12031206488609314,
            -0.014238707721233368,
            -0.0020715445280075073
        ],
        [
            0.05770076811313629,
            -0.037808217108249664,
            0.059597767889499664
        ],
        [
            0.0673590898513794,
            -0.027006419375538826,
            0.04084417596459389
        ],
        [
            0.06667304039001465,
            -0.011900410056114197,
            0.030698273330926895
        ],
        [
            0.0473136305809021,
            0.011100119911134243,
            0.024540167301893234
        ],
        [
            0.05253972113132477,
            0.013167820870876312,
            0.01553799957036972
        ],
        [
            0.05477330833673477,
            0.003620155155658722,
            0.019463323056697845
        ],
        [
            0.05015283450484276,
            0.004080095328390598,
            0.026942886412143707
        ],
        [
            0.04515279084444046,
            0.023098789155483246,
            0.034824687987565994
        ],
        [
            0.04188385605812073,
            0.015927646309137344,
            0.03358352929353714
        ],
        [
            0.03738462179899216,
            0.014669543132185936,
            0.041295669972896576
        ],
        [
            0.039693284779787064,
            0.021837979555130005,
            0.0431407131254673
        ],
        [
            0.10036832094192505,
            -0.059962108731269836,
            0.03843921422958374
        ],
        [
            0.1020885482430458,
            -0.05091235786676407,
            0.03474949672818184
        ],
        [
            0.07458914816379547,
            0.02543763257563114,
            -0.0008698254823684692
        ],
        [
            0.08014887571334839,
            0.024922141805291176,
            -0.006152346730232239
        ],
        [
            0.08663678169250488,
            0.026906438171863556,
            -0.011104606091976166
        ],
        [
            0.07246663421392441,
            -0.007008802145719528,
            0.009129785001277924
        ],
        [
            0.07891175150871277,
            -0.004624176770448685,
            -0.0029367581009864807
        ],
        [
            0.07963128387928009,
            -0.009308837354183197,
            -0.002583518624305725
        ],
        [
            0.07386800646781921,
            -0.00944356806576252,
            0.010253682732582092
        ],
        [
            0.07308590412139893,
            -0.027099497616291046,
            0.01790626347064972
        ],
        [
            0.07520926743745804,
            -0.02717640995979309,
            0.004556134343147278
        ],
        [
            0.07210920006036758,
            -0.03867030888795853,
            0.026069924235343933
        ],
        [
            0.09202530980110168,
            -0.005522280931472778,
            -0.010144725441932678
        ],
        [
            0.0941305160522461,
            0.0034995228052139282,
            -0.01622534543275833
        ],
        [
            0.09967154264450073,
            -0.003356426954269409,
            -0.015702448785305023
        ],
        [
            0.08991658687591553,
            0.012314409017562866,
            -0.015800073742866516
        ],
        [
            0.0869702622294426,
            0.02057533711194992,
            -0.014171995222568512
        ],
        [
            0.10122163593769073,
            0.04112524166703224,
            0.007794924080371857
        ],
        [
            0.10528595000505447,
            -0.009149760007858276,
            -0.013459235429763794
        ],
        [
            0.07620295882225037,
            -0.059504084289073944,
            0.03068498522043228
        ],
        [
            0.07929879426956177,
            -0.06608205288648605,
            0.03506096079945564
        ],
        [
            0.07995228469371796,
            -0.06161767989397049,
            0.04157906398177147
        ],
        [
            0.07665850967168808,
            -0.05493057519197464,
            0.03798118978738785
        ],
        [
            0.0772295594215393,
            -0.05051129311323166,
            0.07240104675292969
        ],
        [
            0.07130404561758041,
            -0.05287466198205948,
            0.06711715459823608
        ],
        [
            0.07514941692352295,
            -0.0508144237101078,
            0.059033215045928955
        ],
        [
            0.06521227955818176,
            0.0025725942105054855,
            0.004997536540031433
        ],
        [
            0.0629827007651329,
            0.014844140969216824,
            0.0033242255449295044
        ],
        [
            0.05541909113526344,
            -0.04434879869222641,
            0.06783531606197357
        ],
        [
            0.05996273458003998,
            -0.06361044943332672,
            0.0976419746875763
        ],
        [
            0.05901600420475006,
            -0.067532017827034,
            0.0934014618396759
        ],
        [
            0.06878172606229782,
            -0.05724417418241501,
            0.08236615359783173
        ],
        [
            0.06937956064939499,
            -0.0533810518682003,
            0.08789617568254471
        ],
        [
            0.05246925354003906,
            -0.04296554625034332,
            0.07842133939266205
        ],
        [
            0.053848471492528915,
            -0.04683350771665573,
            0.07312734425067902
        ],
        [
            0.05318622291088104,
            -0.04806375131011009,
            0.07628638297319412
        ],
        [
            0.05048014223575592,
            -0.04561996832489967,
            0.08159412443637848
        ],
        [
            0.03679289668798447,
            -0.006818415131419897,
            0.06817299872636795
        ],
        [
            0.04007449746131897,
            -0.006335307843983173,
            0.06136929988861084
        ],
        [
            0.06912355870008469,
            -0.026556044816970825,
            0.08006567507982254
        ],
        [
            0.07950356602668762,
            -0.03567877411842346,
            0.07955165952444077
        ],
        [
            0.08619783818721771,
            -0.031882621347904205,
            0.0699516087770462
        ],
        [
            0.05395910143852234,
            -0.013068473897874355,
            0.048694510012865067
        ],
        [
            0.04810004681348801,
            -0.015123201534152031,
            0.057396091520786285
        ],
        [
            0.04626120999455452,
            -0.011526690796017647,
            0.05650152638554573
        ],
        [
            0.05482093617320061,
            -0.03586325794458389,
            0.06313896179199219
        ],
        [
            0.05237353965640068,
            -0.03965931013226509,
            0.07054754346609116
        ],
        [
            0.052092891186475754,
            -0.03360298275947571,
            0.06791704893112183
        ],
        [
            0.05416152626276016,
            -0.030517691746354103,
            0.06141286343336105
        ],
        [
            0.06108086556196213,
            0.028633330017328262,
            0.03150177374482155
        ],
        [
            0.05241205915808678,
            0.025427725166082382,
            0.024606339633464813
        ],
        [
            0.04869159311056137,
            -0.07430755347013474,
            0.09397046267986298
        ],
        [
            0.05200442671775818,
            -0.07165466248989105,
            0.0915488600730896
        ],
        [
            0.059790708124637604,
            -0.010128118097782135,
            0.03928806632757187
        ],
        [
            0.09282371401786804,
            -0.027108199894428253,
            0.057818107306957245
        ],
        [
            0.06410612165927887,
            -0.007331172004342079,
            0.029120907187461853
        ],
        [
            0.04929564148187637,
            0.0074979765340685844,
            0.07068434357643127
        ],
        [
            0.04063517600297928,
            0.008452972397208214,
            0.06792361289262772
        ],
        [
            0.04003319516777992,
            0.005576631985604763,
            0.07296199351549149
        ],
        [
            0.04529793560504913,
            0.004859963897615671,
            0.07707038521766663
        ],
        [
            0.043765515089035034,
            -0.0536733977496624,
            0.09229941666126251
        ],
        [
            0.043208956718444824,
            -0.05796141177415848,
            0.08843609690666199
        ],
        [
            0.04107535630464554,
            -0.06062890589237213,
            0.09110832214355469
        ],
        [
            0.04160977154970169,
            -0.056670282036066055,
            0.09518106281757355
        ],
        [
            0.057590458542108536,
            -0.050481706857681274,
            0.07029245793819427
        ],
        [
            0.06306033581495285,
            -0.05377504229545593,
            0.06924960017204285
        ],
        [
            0.060006868094205856,
            -0.0563877634704113,
            0.07400816679000854
        ],
        [
            0.05570449307560921,
            -0.05233175307512283,
            0.0748773142695427
        ],
        [
            0.06848475337028503,
            -0.055298734456300735,
            0.0732211321592331
        ],
        [
            0.06542809307575226,
            -0.05819277837872505,
            0.07706714421510696
        ],
        [
            0.04773729667067528,
            -0.051742229610681534,
            0.09710098803043365
        ],
        [
            0.054075758904218674,
            -0.05370771884918213,
            0.1007220596075058
        ],
        [
            0.06072074547410011,
            -0.043785929679870605,
            0.0917392149567604
        ],
        [
            0.05333543196320534,
            -0.04455594718456268,
            0.08851183950901031
        ],
        [
            0.08757863938808441,
            0.016165858134627342,
            0.0391562320291996
        ],
        [
            0.08124120533466339,
            0.024120450019836426,
            0.034675996750593185
        ],
        [
            0.07132938504219055,
            0.02015761472284794,
            0.044843390583992004
        ],
        [
            0.06216633319854736,
            0.017116768285632133,
            0.055123865604400635
        ],
        [
            0.053084298968315125,
            0.012520701624453068,
            0.06473564356565475
        ],
        [
            0.06094948202371597,
            0.005018279887735844,
            0.07086950540542603
        ],
        [
            0.06742291152477264,
            0.025518007576465607,
            0.04018648341298103
        ],
        [
            0.05607742816209793,
            -0.03321119397878647,
            0.07952652871608734
        ],
        [
            0.0656733587384224,
            -0.03573179244995117,
            0.08354765921831131
        ],
        [
            0.0624135322868824,
            -0.030023805797100067,
            0.0809626653790474
        ],
        [
            0.05918623507022858,
            -0.0022816453129053116,
            0.02678622677922249
        ],
        [
            0.05614669620990753,
            -0.06861454248428345,
            0.08911747485399246
        ],
        [
            0.12041023373603821,
            -0.0024514272809028625,
            0.016690626740455627
        ],
        [
            0.11663645505905151,
            0.009775828570127487,
            0.020240802317857742
        ],
        [
            0.11241039633750916,
            0.0046178847551345825,
            0.025802042335271835
        ],
        [
            0.11601408571004868,
            -0.009121295064687729,
            0.021078504621982574
        ],
        [
            0.046356603503227234,
            -0.06326346099376678,
            0.0855041965842247
        ],
        [
            0.05108623951673508,
            -0.06745482236146927,
            0.08555278182029724
        ],
        [
            0.03668627142906189,
            -0.00021136226132512093,
            0.06136368215084076
        ],
        [
            0.035525843501091,
            -0.0012088995426893234,
            0.06776250898838043
        ],
        [
            0.035275548696517944,
            0.002840703586116433,
            0.07010155916213989
        ],
        [
            0.032894961535930634,
            0.005831671878695488,
            0.06349265575408936
        ],
        [
            0.07852400839328766,
            0.027762306854128838,
            0.03087446466088295
        ],
        [
            0.04184452444314957,
            0.024036891758441925,
            0.05485004931688309
        ],
        [
            0.04716353118419647,
            0.021621380001306534,
            0.06263743340969086
        ],
        [
            0.0901603251695633,
            0.02722889930009842,
            0.02579282969236374
        ],
        [
            0.09611323475837708,
            0.02072860114276409,
            0.029985692352056503
        ],
        [
            0.1019187867641449,
            0.024480734020471573,
            0.023207876831293106
        ],
        [
            0.060754090547561646,
            -0.00835446361452341,
            0.07908294349908829
        ],
        [
            0.09055973589420319,
            0.009209105744957924,
            0.04340584576129913
        ],
        [
            0.09897994995117188,
            0.014226317405700684,
            0.03289185091853142
        ],
        [
            0.10606484115123749,
            0.01839851401746273,
            0.024901829659938812
        ],
        [
            0.11108598113059998,
            0.022244583815336227,
            0.019518718123435974
        ],
        [
            0.10589966177940369,
            0.028407473117113113,
            0.018042191863059998
        ],
        [
            0.057524777948856354,
            -0.05842902883887291,
            0.10028737783432007
        ],
        [
            0.05055005103349686,
            -0.05757593736052513,
            0.10341286659240723
        ],
        [
            0.1111297532916069,
            0.033951111137866974,
            0.01321631669998169
        ],
        [
            0.1163964718580246,
            0.02642442286014557,
            0.014608308672904968
        ],
        [
            0.1024988666176796,
            0.00596999004483223,
            0.03501501306891441
        ],
        [
            0.10612954944372177,
            -0.004386682063341141,
            0.03589853644371033
        ],
        [
            0.09404172003269196,
            0.001396389678120613,
            0.04500036686658859
        ],
        [
            0.09709762036800385,
            -0.009291080757975578,
            0.04717500880360603
        ],
        [
            0.06950099021196365,
            -0.013816059567034245,
            0.08038166910409927
        ],
        [
            0.03678349405527115,
            -0.06581070274114609,
            0.11069376766681671
        ],
        [
            0.04237985238432884,
            -0.059101447463035583,
            0.10418207943439484
        ],
        [
            0.038991183042526245,
            -0.05971932411193848,
            0.09954052418470383
        ],
        [
            0.033677034080028534,
            -0.06511123478412628,
            0.10791134089231491
        ],
        [
            0.0450962595641613,
            -0.05527464300394058,
            0.09977395832538605
        ],
        [
            0.04735404998064041,
            -0.06126156449317932,
            0.10619522631168365
        ],
        [
            0.10065517574548721,
            -0.022767122834920883,
            0.04476100578904152
        ],
        [
            0.049906618893146515,
            -0.03464842587709427,
            0.07417365908622742
        ],
        [
            0.10903410613536835,
            -0.020202690735459328,
            0.029449161142110825
        ],
        [
            0.10178434103727341,
            -0.039107732474803925,
            0.045083414763212204
        ],
        [
            0.10595908015966415,
            -0.037990085780620575,
            0.03210156410932541
        ],
        [
            0.11610539257526398,
            -0.02023085206747055,
            0.013651862740516663
        ],
        [
            0.11071820557117462,
            -0.0342836007475853,
            0.017141900956630707
        ],
        [
            0.12445808947086334,
            -0.007613286375999451,
            0.006025068461894989
        ],
        [
            0.11996506154537201,
            -0.012846693396568298,
            0.010869830846786499
        ],
        [
            0.1053856909275055,
            -0.04652605205774307,
            0.021455809473991394
        ],
