{
    "pred_cam": [
        12.692062377929688,
        0.1758834421634674,
        0.007392462342977524
    ],
    "pred_mano_params": {
        "global_orient": [
            [
                [
                    -0.7252237200737,
                    -0.5798385739326477,
                    0.3712650537490845
                ],
                [
                    0.2269684374332428,
                    0.30775076150894165,
                    0.9239993095397949
                ],
                [
                    -0.6500276327133179,
                    0.7543716430664062,
                    -0.09158309549093246
                ]
            ]
        ],
        "hand_pose": [
            [
                [
                    0.524651050567627,
                    -0.7454581260681152,
                    -0.4111367166042328
                ],
                [
                    0.834402322769165,
                    0.5460765361785889,
                    0.07465372234582901
                ],
                [
                    0.16886088252067566,
                    -0.382220596075058,
                    0.9085116386413574
                ]
            ],
            [
                [
                    0.9758598804473877,
                    -0.15052823722362518,
                    0.15823648869991302
                ],
                [
                    0.1733720600605011,
                    0.9745467901229858,
                    -0.14212912321090698
                ],
                [
                    -0.1328144073486328,
                    0.1661318838596344,
                    0.9771184921264648
                ]
            ],
            [
                [
                    0.8187479376792908,
                    -0.5622905492782593,
                    0.11610876768827438
                ],
                [
                    0.5741285681724548,
                    0.7999228835105896,
                    -0.17464189231395721
                ],
                [
                    0.005321422126144171,
                    0.20964902639389038,
                    0.9777622818946838
                ]
            ],
            [
                [
                    0.5980793833732605,
                    -0.8012592196464539,
                    0.016872383654117584
                ],
                [
                    0.7779102921485901,
                    0.5854573249816895,
                    0.22824396193027496
                ],
                [
                    -0.1927606612443924,
                    -0.1233828067779541,
                    0.9734576940536499
                ]
            ],
            [
                [
                    0.9490237832069397,
                    -0.27146509289741516,
                    -0.16018922626972198
                ],
                [
                    0.3067321479320526,
                    0.9124005436897278,
                    0.27099913358688354
                ],
                [
                    0.0725899413228035,
                    -0.3063197731971741,
                    0.9491568803787231
                ]
            ],
            [
                [
                    0.8640075325965881,
                    -0.5033935308456421,
                    0.009268809109926224
                ],
                [
                    0.503068745136261,
                    0.8639003038406372,
                    0.024456219747662544
                ],
                [
                    -0.02031843177974224,
                    -0.016467509791254997,
                    0.999657928943634
                ]
            ],
            [
                [
                    0.5687597990036011,
                    -0.613804280757904,
                    0.5475003719329834
                ],
                [
                    0.6061455011367798,
                    0.7627387642860413,
                    0.22542665898799896
                ],
                [
                    -0.5559676289558411,
                    0.20365126430988312,
                    0.8058698177337646
                ]
            ],
            [
                [
                    0.9836478233337402,
                    -0.15289971232414246,
                    -0.09517702460289001
                ],
                [
                    0.16986967623233795,
                    0.9632233381271362,
                    0.20819491147994995
                ],
                [
                    0.059843793511390686,
                    -0.2209581583738327,
                    0.9734455347061157
                ]
            ],
            [
                [
                    0.8920885920524597,
                    -0.40770918130874634,
                    0.1948104053735733
                ],
                [
                    0.2011110931634903,
                    0.7443236708641052,
                    0.6368175148963928
                ],
                [
                    -0.4046383500099182,
                    -0.5289191603660583,
                    0.7459974884986877
                ]
            ],
            [
                [
                    0.737331211566925,
                    -0.6302276253700256,
                    0.2432197481393814
                ],
                [
                    0.6231232285499573,
                    0.7735611200332642,
                    0.11541544646024704
                ],
                [
                    -0.26088330149650574,
                    0.06645645201206207,
                    0.9630802273750305
                ]
            ],
            [
                [
                    0.9330857396125793,
                    -0.3021600842475891,
                    -0.19506478309631348
                ],
                [
                    0.35294854640960693,
                    0.8735510110855103,
                    0.33516550064086914
                ],
                [
                    0.06912540644407272,
                    -0.381585955619812,
                    0.9217449426651001
                ]
            ],
            [
                [
                    0.698918342590332,
                    -0.6628742814064026,
                    0.2685346007347107
                ],
                [
                    0.5723145604133606,
                    0.7435378432273865,
                    0.34584325551986694
                ],
                [
                    -0.42891621589660645,
                    -0.08802993595600128,
                    0.8990448117256165
                ]
            ],
            [
                [
                    0.9859176278114319,
                    0.15519919991493225,
                    0.062287379056215286
                ],
                [
                    -0.09032762795686722,
                    0.807666540145874,
                    -0.5826796889305115
                ],
                [
                    -0.140738844871521,
                    0.5688478946685791,
                    0.8103114366531372
                ]
            ],
            [
                [
                    0.9541094303131104,
                    -0.24978426098823547,
                    0.16517604887485504
                ],
                [
                    0.14002613723278046,
                    0.8597007989883423,
                    0.4912302494049072
                ],
                [
                    -0.26470357179641724,
                    -0.4455583989620209,
                    0.8552249670028687
                ]
            ],
            [
                [
                    0.9705625772476196,
                    0.035673875361680984,
                    -0.23819249868392944
                ],
                [
                    -0.14631451666355133,
                    0.8728938698768616,
                    -0.4654550850391388
                ],
                [
                    0.19131217896938324,
                    0.4866043031215668,
                    0.8524177074432373
                ]
            ]
        ],
        "betas": [
            0.11161451041698456,
            0.08034443855285645,
            -0.10990089178085327,
            0.08735641837120056,
            0.0732220709323883,
            -0.12379438430070877,
            -0.06816771626472473,
            -0.0268324613571167,
            0.07496973872184753,
            0.11052942276000977
        ]
    },
    "pred_cam_t": [
        -0.1758834421634674,
        0.007392462342977524,
        3.0777111053466797
    ],
    "focal_length": [
        5000.0,
        5000.0
    ],
    "pred_keypoints_3d": [
        [
            0.0951760858297348,
            0.006355892401188612,
            0.006128997541964054
        ],
        [
            0.13104593753814697,
            0.019798101857304573,
            0.007697152905166149
        ],
        [
            0.15880326926708221,
            0.032920628786087036,
            0.00867761205881834
        ],
        [
            0.18373435735702515,
            0.043343447148799896,
            0.009080091491341591
        ],
        [
            0.21859268844127655,
            0.051082778722047806,
            0.010425417684018612
        ],
        [
            0.16939647495746613,
            0.0038588321767747402,
            0.057315658777952194
        ],
        [
            0.19713503122329712,
            -0.01328134723007679,
            0.05266857519745827
        ],
        [
            0.21546103060245514,
            -0.020839303731918335,
            0.04271530359983444
        ],
        [
            0.22938178479671478,
            -0.024558991193771362,
            0.02184615656733513
        ],
        [
            0.16302624344825745,
            -0.01852838136255741,
            0.06646189093589783
        ],
        [
            0.19184258580207825,
            -0.030281733721494675,
            0.06118810176849365
        ],
        [
            0.20877499878406525,
            -0.03813428059220314,
            0.04741376265883446
        ],
        [
            0.22321076691150665,
            -0.04178326204419136,
            0.02660451829433441
        ],
        [
            0.14652232825756073,
            -0.03771320357918739,
            0.05830896645784378
        ],
        [
            0.17383939027786255,
            -0.04571706801652908,
            0.06075442209839821
        ],
        [
            0.19224247336387634,
            -0.05780899152159691,
            0.04964311048388481
        ],
        [
            0.2080574929714203,
            -0.056143276393413544,
            0.030999701470136642
        ],
        [
            0.13461710512638092,
            -0.0517917238175869,
            0.04700019583106041
        ],
        [
            0.1539176106452942,
            -0.06008688360452652,
            0.048006653785705566
        ],
        [
            0.17001542448997498,
            -0.06894621253013611,
            0.04355587065219879
        ],
        [
            0.18496078252792358,
            -0.06884786486625671,
            0.029982903972268105
        ]
    ],
    "pred_vertices": [
        [
            0.14789293706417084,
            0.005345288664102554,
            0.023896191269159317
        ],
        [
            0.1422533094882965,
            0.0065572671592235565,
            0.015645749866962433
        ],
        [
            0.15292610228061676,
            0.011474525555968285,
            0.015561893582344055
        ],
        [
            0.15717485547065735,
            0.010383530519902706,
            0.024209409952163696
        ],
        [
            0.14394555985927582,
            0.014015188440680504,
            -0.004525084048509598
        ],
        [
            0.13973407447338104,
            0.023301035165786743,
            -0.010289423167705536
        ],
        [
            0.15482917428016663,
            0.027761291712522507,
            -0.006104424595832825
        ],
        [
            0.15751048922538757,
            0.019384251907467842,
            -0.0024523474276065826
        ],
        [
            0.16440452635288239,
            0.016368182376027107,
            0.026002302765846252
        ],
        [
            0.16159744560718536,
            0.01565278135240078,
            0.01597321778535843
        ],
        [
            0.16559593379497528,
            0.023558367043733597,
            0.027820095419883728
        ],
        [
            0.16361649334430695,
            0.023183263838291168,
            0.0412319079041481
        ],
        [
            0.1650245487689972,
            0.01684481091797352,
            0.03648301213979721
        ],
        [
            0.16501419246196747,
            0.020377105101943016,
            0.04998239874839783
        ],
        [
            0.15352927148342133,
            0.028003275394439697,
            0.043962106108665466
        ],
        [
            0.15881116688251495,
            0.019703468307852745,
            0.0576421320438385
        ],
        [
            0.13025227189064026,
            0.009823871776461601,
            0.052407972514629364
        ],
        [
            0.1223302036523819,
            -0.0011672955006361008,
            0.05172938480973244
        ],
        [
            0.1341516077518463,
            -0.007299875840544701,
            0.06315983086824417
        ],
        [
            0.14171740412712097,
            0.004160171374678612,
            0.06214411184191704
        ],
        [
            0.12203312665224075,
            -0.02200527861714363,
            0.05437089875340462
        ],
        [
            0.129142627120018,
            -0.014220362529158592,
            0.05968081206083298
        ],
        [
            0.1167190670967102,
            -0.00778503343462944,
            0.04961219057440758
        ],
        [
            0.1110425740480423,
            -0.015124650672078133,
            0.0453471876680851
        ],
        [
            0.13421916961669922,
            -0.004748404957354069,
            0.021839972585439682
        ],
        [
            0.1271737813949585,
            -0.003561057150363922,
            0.014259252697229385
        ],
        [
            0.1318233609199524,
            0.00042982911691069603,
            0.01563466340303421
        ],
        [
            0.13823698461055756,
            -0.0006268233992159367,
            0.02252669632434845
        ],
        [
            0.16508755087852478,
            0.03690291941165924,
            0.021384214982390404
        ],
        [
            0.15472261607646942,
            0.03577420487999916,
            0.02666003257036209
        ],
        [
            0.1602780669927597,
            0.030565522611141205,
            0.030002398416399956
        ],
        [
            0.16865384578704834,
            0.03253147006034851,
            0.02063698135316372
        ],
        [
            0.10870413482189178,
            -0.007712645456194878,
            -0.007845371961593628
        ],
        [
            0.09761178493499756,
            -0.0010836124420166016,
            -0.0114096999168396
        ],
        [
            0.09997846931219101,
            0.004173183813691139,
            -0.01110018789768219
        ],
        [
            0.10942746698856354,
            -0.003106248565018177,
            -0.00741124153137207
        ],
        [
            0.11663389205932617,
            0.01947685517370701,
            -0.011678311973810196
        ],
        [
            0.1062154695391655,
            0.020770130679011345,
            -0.011050056666135788
        ],
        [
            0.10117584466934204,
            0.033536069095134735,
            -0.008227907121181488
        ],
        [
            0.11070644110441208,
            0.03382064402103424,
            -0.005808249115943909
        ],
        [
            0.12851470708847046,
            0.020737983286380768,
            -0.011508647352457047
        ],
        [
            0.12308686226606369,
            0.03301119804382324,
            -0.0081024169921875
        ],
        [
            0.1349753588438034,
            0.03326908499002457,
            -0.007571179419755936
        ],
        [
            0.15020379424095154,
            0.0357125848531723,
            -0.004122037440538406
        ],
        [
            0.09077195078134537,
            -0.011693570762872696,
            -0.009694933891296387
        ],
        [
            0.09812336415052414,
            -0.01815171353518963,
            -0.007396906614303589
        ],
        [
            0.20213228464126587,
            -0.007533755153417587,
            0.044510647654533386
        ],
        [
            0.2000514566898346,
            -0.012257635593414307,
            0.04184494540095329
        ],
        [
            0.19595061242580414,
            -0.009430613368749619,
            0.04277318716049194
        ],
        [
            0.1989661306142807,
            -0.005437955260276794,
            0.04576510190963745
        ],
        [
            0.08271961659193039,
            -0.020288676023483276,
            0.006475888192653656
        ],
        [
            0.07837369292974472,
            -0.016701051965355873,
            0.014773968607187271
        ],
        [
            0.07372534275054932,
            -0.01562567986547947,
            0.009344294667243958
        ],
        [
            0.07828713953495026,
            -0.017178833484649658,
            0.0013248622417449951
        ],
        [
            0.0887090191245079,
            -0.024341711774468422,
            0.013228878378868103
        ],
        [
            0.08542262762784958,
            -0.017965318635106087,
            0.021857544779777527
        ],
        [
            0.2065017819404602,
            -0.010815152898430824,
            0.05608973279595375
        ],
        [
            0.2063813954591751,
            -0.007279094308614731,
            0.05234818905591965
        ],
        [
            0.20244812965393066,
            -0.005696677602827549,
            0.055195681750774384
        ],
        [
            0.2014685571193695,
            -0.009550953283905983,
            0.05841950327157974
        ],
        [
            0.161438450217247,
            0.010093494318425655,
            0.03253130614757538
        ],
        [
            0.15443982183933258,
            0.00342623982578516,
            0.03025553748011589
        ],
        [
            0.16980159282684326,
            0.005502062849700451,
            0.04498346894979477
        ],
        [
            0.16343247890472412,
            0.003085967618972063,
            0.04030221700668335
        ],
        [
            0.16554510593414307,
            0.010245462879538536,
            0.04063933715224266
        ],
        [
            0.17018070816993713,
            0.01106463186442852,
            0.04574736952781677
        ],
        [
            0.14753922820091248,
            -0.014302225783467293,
            0.037201426923274994
        ],
        [
            0.13960203528404236,
            -0.010482792742550373,
            0.02967388927936554
        ],
        [
            0.14409421384334564,
            -0.005769391544163227,
            0.031071294099092484
        ],
        [
            0.15391694009304047,
            -0.008719881065189838,
            0.03866058588027954
        ],
        [
            0.13314560055732727,
            -0.022469721734523773,
            0.025968458503484726
        ],
        [
            0.1412236988544464,
            -0.025112982839345932,
            0.03403035178780556
        ],
        [
            0.13659614324569702,
            -0.031646791845560074,
            0.031033508479595184
        ],
        [
            0.13223926723003387,
            -0.028857655823230743,
            0.025061696767807007
        ],
        [
            0.15535137057304382,
            -0.026623191311955452,
            0.048483237624168396
        ],
        [
            0.15964509546756744,
            -0.027743659913539886,
            0.05271705985069275
        ],
        [
            0.15886995196342468,
            -0.030323706567287445,
            0.05212876945734024
        ],
        [
            0.1532483845949173,
            -0.02929917350411415,
            0.04748374968767166
        ],
        [
            0.06868643313646317,
            -0.013820737600326538,
            0.004772331565618515
        ],
        [
            0.07426793873310089,
            -0.013285256922245026,
            -0.0032311901450157166
        ],
        [
            0.11247214674949646,
            -0.038339924067258835,
            0.04426807910203934
        ],
        [
            0.11031361669301987,
            -0.04345933720469475,
            0.03467187657952309
        ],
        [
            0.11824178695678711,
            -0.05096052587032318,
            0.04288068413734436
        ],
        [
            0.11834637075662613,
            -0.04339117929339409,
            0.05141536891460419
        ],
        [
            0.07859228551387787,
            -0.009282458573579788,
            0.021951913833618164
        ],
        [
            0.07234613597393036,
            -0.009695539250969887,
            0.017296191304922104
        ],
        [
            0.20505942404270172,
            -0.016625773161649704,
            0.05727799981832504
        ],
        [
            0.199421226978302,
            -0.015137122012674809,
            0.05870644748210907
        ],
        [
            0.12820228934288025,
            0.03983362019062042,
            0.0023531094193458557
        ],
        [
            0.1462518870830536,
            0.04129144921898842,
            0.0028170980513095856
        ],
        [
            0.11408257484436035,
            0.03876060992479324,
            0.0024622343480587006
        ],
        [
            0.103980652987957,
            0.03786005079746246,
            0.00283026322722435
        ],
        [
            0.09589613229036331,
            0.03917579725384712,
            0.0008244961500167847
        ],
        [
            0.16308999061584473,
            -0.0029558364767581224,
            0.04258742555975914
        ],
        [
            0.146061971783638,
            -0.0007306230254471302,
            0.028305470943450928
        ],
        [
            0.1312723159790039,
            -0.008840380236506462,
            0.020826909691095352
        ],
        [
            0.12115003913640976,
            -0.03712701052427292,
            0.014572091400623322
        ],
        [
            0.11455951631069183,
            -0.03329769894480705,
            0.0073446184396743774
        ],
        [
            0.1221359595656395,
            -0.026333967223763466,
            0.009968135505914688
        ],
        [
            0.12598693370819092,
            -0.030969176441431046,
            0.01623949408531189
        ],
        [
            0.11500284075737,
            -0.047044478356838226,
            0.026807919144630432
        ],
        [
            0.12210509181022644,
            -0.04527168720960617,
            0.023317724466323853
        ],
        [
            0.1271313577890396,
            -0.04921596869826317,
            0.02999066188931465
        ],
        [
            0.12128707021474838,
            -0.05228424817323685,
            0.03449999541044235
        ],
        [
            0.16232335567474365,
            0.04313851147890091,
            0.01779034733772278
        ],
        [
            0.15019014477729797,
            0.04025925695896149,
            0.021961672231554985
        ],
        [
            0.08904827386140823,
            -0.020684322342276573,
            -0.001866064965724945
        ],
        [
            0.0851304903626442,
            -0.015420308336615562,
            -0.005866557359695435
        ],
        [
            0.07881063967943192,
            -0.010805096477270126,
            -0.008965760469436646
        ],
        [
            0.11884716153144836,
            -0.004975414834916592,
            0.002627376466989517
        ],
        [
            0.11007048189640045,
            4.387926310300827e-05,
            -0.007244013249874115
        ],
        [
            0.11309193819761276,
            0.003276740200817585,
            -0.007053665816783905
        ],
        [
            0.12043416500091553,
            -0.0025497833266854286,
            0.0040784552693367004
        ],
        [
            0.13704317808151245,
            0.0057669528760015965,
            0.005370054394006729
        ],
        [
            0.12963885068893433,
            0.00906574260443449,
            -0.00565086305141449
        ],
        [
            0.1495504379272461,
            0.010155763477087021,
            0.005613815039396286
        ],
        [
            0.10189849883317947,
            0.011847427114844322,
            -0.011729434132575989
        ],
        [
            0.09236011654138565,
            0.008919665589928627,
            -0.016113124787807465
        ],
        [
            0.09496467560529709,
            0.017307447269558907,
            -0.01540859043598175
        ],
        [
            0.0876431092619896,
            0.0004538092762231827,
            -0.015184164047241211
        ],
        [
            0.0829596072435379,
            -0.0067289359867572784,
            -0.012892588973045349
        ],
        [
            0.06443031877279282,
            -0.008552994579076767,
            0.014566216617822647
        ],
        [
            0.09711717069149017,
            0.025004567578434944,
            -0.012904990464448929
        ],
        [
            0.1656985878944397,
            0.0246645025908947,
            3.080815076828003e-05
        ],
        [
            0.17221783101558685,
            0.030512288212776184,
            0.0012395046651363373
        ],
        [
            0.17319034039974213,
            0.027382809668779373,
            0.008347999304533005
        ],
        [
            0.16702741384506226,
            0.021172896027565002,
            0.007734280079603195
        ],
        [
            0.16962970793247223,
            0.015581382438540459,
            0.057193025946617126
        ],
        [
            0.17142800986766815,
            0.014721665531396866,
            0.05011766403913498
        ],
        [
            0.16651062667369843,
            0.017477374523878098,
            0.04338783770799637
        ],
        [
            0.11387250572443008,
            -0.01598583348095417,
            -0.0018869265913963318
        ],
        [
            0.10478357970714569,
            -0.024574395269155502,
            -0.001986004412174225
        ],
        [
            0.16952471435070038,
            -0.00015488569624722004,
            0.04632588475942612
        ],
        [
            0.1965920329093933,
            -0.007919229567050934,
            0.06060817092657089
        ],
        [
            0.19784674048423767,
            -0.003497157245874405,
            0.056939348578453064
        ],
        [
            0.18140913546085358,
            0.008064793422818184,
            0.05937640368938446
        ],
        [
            0.18041616678237915,
            0.0029617222025990486,
            0.06413453817367554
        ],
        [
            0.17118582129478455,
            -0.006239440757781267,
            0.051328144967556
        ],
        [
            0.17168712615966797,
            -0.0005242372862994671,
            0.04647010937333107
        ],
        [
            0.1727038323879242,
            -0.002027313457801938,
            0.0464603491127491
        ],
        [
            0.17282727360725403,
            -0.0084877023473382,
            0.048211779445409775
        ],
        [
            0.15304447710514069,
            -0.03640644997358322,
            0.04839961975812912
        ],
        [
            0.14800798892974854,
            -0.03538304939866066,
            0.044077225029468536
        ],
        [
            0.1542910486459732,
            -0.0037437016144394875,
            0.06793056428432465
        ],
        [
            0.15800105035305023,
            0.008499916642904282,
            0.06951907277107239
        ],
        [
            0.14902310073375702,
            0.014730620197951794,
            0.06148773431777954
        ],
        [
            0.1431860476732254,
            -0.019994180649518967,
            0.03523834049701691
        ],
        [
            0.14988955855369568,
            -0.02413139119744301,
            0.04192681610584259
        ],
        [
            0.14766699075698853,
            -0.02753152884542942,
            0.041105352342128754
        ],
        [
            0.16375599801540375,
            -0.006770791485905647,
            0.04517345502972603
        ],
        [
            0.16834063827991486,
            -0.006097706966102123,
            0.04876261204481125
        ],
        [
            0.16478870809078217,
            -0.010657033883035183,
            0.04936757683753967
        ],
        [
            0.16008786857128143,
            -0.010892434045672417,
            0.04456764832139015
        ],
        [
            0.10159637033939362,
            -0.036619022488594055,
            0.027370605617761612
        ],
        [
            0.10701175034046173,
            -0.04123138636350632,
            0.01820310950279236
        ],
        [
            0.2046298086643219,
            -0.0058774203062057495,
            0.048262715339660645
        ],
        [
            0.20125913619995117,
            -0.004080402664840221,
            0.050443779677152634
        ],
        [
            0.13550309836864471,
            -0.016146397218108177,
            0.027866825461387634
        ],
        [
            0.13843780755996704,
            0.018349818885326385,
            0.05065512657165527
        ],
        [
            0.12850213050842285,
            -0.013369929045438766,
            0.019453994929790497
        ],
        [
            0.13575348258018494,
            -0.03917736932635307,
            0.05845604091882706
        ],
        [
            0.13950297236442566,
            -0.043821901082992554,
            0.053152959793806076
        ],
        [
            0.14565995335578918,
            -0.04471942409873009,
            0.05466177687048912
        ],
        [
            0.14431709051132202,
            -0.042473047971725464,
            0.060192763805389404
        ],
        [
            0.18660882115364075,
            -0.017147323116660118,
            0.0464714840054512
        ],
        [
            0.18847905099391937,
            -0.012803440913558006,
            0.04306170716881752
        ],
        [
            0.19341173768043518,
            -0.015188872814178467,
            0.04239839315414429
        ],
        [
            0.19236735999584198,
            -0.019849926233291626,
            0.04572538658976555
        ],
        [
            0.17295190691947937,
            0.005132653284817934,
            0.045929886400699615
        ],
        [
            0.17444118857383728,
            0.010208165273070335,
            0.04789653420448303
        ],
        [
            0.17830698192119598,
            0.007594863884150982,
            0.04773485288023949
        ],
        [
            0.17560544610023499,
            0.0023810886777937412,
            0.04612777754664421
        ],
        [
            0.1756395697593689,
            0.012767222709953785,
            0.0530996173620224
        ],
        [
            0.18031401932239532,
            0.009731518104672432,
            0.053336914628744125
        ],
        [
            0.18714188039302826,
            -0.019370105117559433,
            0.05256611108779907
        ],
        [
            0.19023478031158447,
            -0.017755595967173576,
            0.059170741587877274
        ],
        [
            0.17456063628196716,
            -0.009573889896273613,
            0.06250280141830444
        ],
        [
            0.174463152885437,
            -0.012228801846504211,
            0.05453643575310707
        ],
        [
            0.0997750461101532,
            -0.008461689576506615,
            0.03790447860956192
        ],
        [
            0.09567812085151672,
            -0.017686020582914352,
            0.03346613049507141
        ],
        [
            0.10669979453086853,
            -0.024610934779047966,
            0.04089358448982239
        ],
        [
            0.11661966145038605,
            -0.03189430758357048,
            0.04921912029385567
        ],
        [
            0.12703169882297516,
            -0.03792481869459152,
            0.05651378631591797
        ],
        [
            0.13052187860012054,
            -0.028263211250305176,
            0.06262234598398209
        ],
        [
            0.1031886488199234,
            -0.030444666743278503,
            0.03645908087491989
        ],
        [
            0.16480721533298492,
            -0.008539479225873947,
            0.06103663891553879
        ],
        [
            0.16424305737018585,
            -0.00394343351945281,
            0.06553325802087784
        ],
        [
            0.16059207916259766,
            -0.006911727599799633,
            0.06605168431997299
        ],
        [
            0.12641099095344543,
            -0.02003718540072441,
            0.01695839688181877
        ],
        [
            0.19714108109474182,
            -0.0015148306265473366,
            0.05198083072900772
        ],
        [
            0.09164413064718246,
            0.030852772295475006,
            0.020449690520763397
        ],
        [
            0.08474753797054291,
            0.02049914002418518,
            0.02457001432776451
        ],
        [
            0.09262334555387497,
            0.01949816569685936,
            0.028364814817905426
        ],
        [
            0.10060103237628937,
            0.030655259266495705,
            0.023172728717327118
        ],
        [
            0.19151556491851807,
            -0.006683122366666794,
            0.04299309104681015
        ],
        [
            0.19491051137447357,
            -0.002312837168574333,
            0.04605037719011307
        ],
        [
            0.14587974548339844,
            -0.04167654737830162,
            0.04336544871330261
        ],
        [
            0.150837704539299,
            -0.04170496389269829,
            0.04774254932999611
        ],
        [
            0.1500491350889206,
            -0.0444144606590271,
            0.04971342533826828
        ],
        [
            0.14597219228744507,
            -0.04724753275513649,
            0.04460423067212105
        ],
        [
            0.09321120381355286,
            -0.021609602496027946,
            0.029833056032657623
        ],
        [
            0.12584741413593292,
            -0.054977647960186005,
            0.04658493399620056
        ],
        [
            0.1250922530889511,
            -0.048180632293224335,
            0.054106757044792175
        ],
        [
            0.0861787274479866,
            -0.01132197491824627,
            0.027213092893362045
        ],
        [
            0.08928707242012024,
            -0.0032054316252470016,
            0.031458351761102676
        ],
        [
            0.0814560204744339,
            1.3707205653190613e-05,
            0.02674378827214241
        ],
        [
            0.14298370480537415,
            -0.020905308425426483,
            0.06716234236955643
        ],
        [
            0.1049017459154129,
            -0.0024911537766456604,
            0.0414452999830246
        ],
        [
            0.09372183680534363,
            0.0025146137923002243,
            0.033835846930742264
        ],
        [
            0.0845639705657959,
            0.0066147055476903915,
            0.02824823185801506
        ],
        [
            0.0774165466427803,
            0.00903366506099701,
            0.024752292782068253
        ],
        [
            0.07483573257923126,
            0.0015025977045297623,
            0.023273255676031113
        ],
        [
            0.19375786185264587,
            -0.013567870482802391,
            0.060853589326143265
        ],
        [
            0.1963946521282196,
            -0.020622704178094864,
            0.056989725679159164
        ],
        [
            0.06634562462568283,
            0.0030795298516750336,
            0.020649340003728867
        ],
        [
            0.06996525824069977,
            0.011481381952762604,
            0.0218571238219738
        ],
        [
            0.09908585995435715,
            0.009867968037724495,
            0.03529052063822746
        ],
        [
            0.10594821721315384,
            0.018518179655075073,
            0.03572025150060654
        ],
        [
            0.10976067930459976,
            0.004644419997930527,
            0.042522840201854706
        ],
        [
            0.11748912185430527,
            0.012905613519251347,
            0.04377927631139755
        ],
        [
            0.14380218088626862,
            -0.011073208414018154,
            0.07199357450008392
        ],
        [
            0.21072758734226227,
            -0.027398796752095222,
            0.04722210392355919
        ],
        [
            0.19989117980003357,
            -0.024584196507930756,
            0.050740741193294525
        ],
        [
            0.19805540144443512,
            -0.02271575666964054,
            0.04553185775876045
        ],
        [
            0.2082776427268982,
            -0.02759472467005253,
            0.04354112967848778
        ],
        [
            0.19330339133739471,
            -0.02203802578151226,
            0.05118437111377716
        ],
        [
            0.20214688777923584,
            -0.022113189101219177,
            0.055482424795627594
        ],
        [
            0.12719273567199707,
            0.023472294211387634,
            0.04042842984199524
        ],
        [
            0.1678483486175537,
            -0.010782849043607712,
            0.05334271118044853
        ],
        [
            0.11637382209300995,
            0.03033655695617199,
            0.02861979231238365
        ],
        [
            0.14214393496513367,
            0.032964542508125305,
            0.03707306832075119
        ],
        [
            0.13467451930046082,
            0.03712203726172447,
            0.026251917704939842
        ],
        [
            0.10724760591983795,
            0.037756599485874176,
            0.01532149687409401
        ],
        [
            0.12303046137094498,
            0.04086747765541077,
            0.014971863478422165
        ],
        [
            0.09078732877969742,
            0.037976205348968506,
            0.010251179337501526
        ],
        [
            0.09849651902914047,
            0.03688753768801689,
            0.013757515698671341
        ],
        [
            0.1386028379201889,
            0.04247749224305153,
            0.013278599828481674
        ],
        [
