{
    "pred_cam": [
        7.473444938659668,
        0.05583447962999344,
        -0.06527281552553177
    ],
    "pred_mano_params": {
        "global_orient": [
            [
                [
                    0.41913655400276184,
                    -0.1646038144826889,
                    0.892877459526062
                ],
                [
                    -0.5096536874771118,
                    -0.8565260767936707,
                    0.08134043961763382
                ],
                [
                    0.7513838410377502,
                    -0.4891510307788849,
                    -0.4428923428058624
                ]
            ]
        ],
        "hand_pose": [
            [
                [
                    0.7533074617385864,
                    -0.5867935419082642,
                    -0.2969869375228882
                ],
                [
                    0.5571967959403992,
                    0.8093338012695312,
                    -0.1857701987028122
                ],
                [
                    0.3493703007698059,
                    -0.025538098067045212,
                    0.9366366863250732
                ]
            ],
            [
                [
                    0.9156531691551208,
                    -0.3547437787055969,
                    0.18903999030590057
                ],
                [
                    0.3806038498878479,
                    0.9164081811904907,
                    -0.12384182959794998
                ],
                [
                    -0.1293056756258011,
                    0.18534551560878754,
                    0.9741289019584656
                ]
            ],
            [
                [
                    0.8204160928726196,
                    -0.5581749677658081,
                    0.12392794340848923
                ],
                [
                    0.5717334151268005,
                    0.8032105565071106,
                    -0.16725338995456696
                ],
                [
                    -0.00618358189240098,
                    0.20807114243507385,
                    0.9780941605567932
                ]
            ],
            [
                [
                    0.8550528287887573,
                    -0.49042898416519165,
                    -0.16841676831245422
                ],
                [
                    0.48092663288116455,
                    0.8714803457260132,
                    -0.09608068317174911
                ],
                [
                    0.1938926726579666,
                    0.0011579355923458934,
                    0.9810221195220947
                ]
            ],
            [
                [
                    0.8017589449882507,
                    -0.5793203711509705,
                    -0.14686867594718933
                ],
                [
                    0.5924216508865356,
                    0.7379505038261414,
                    0.3232113718986511
                ],
                [
                    -0.07886113226413727,
                    -0.3461458384990692,
                    0.934860348701477
                ]
            ],
            [
                [
                    0.8257333040237427,
                    -0.5633076429367065,
                    -0.0291367806494236
                ],
                [
                    0.5640522837638855,
                    0.8249003887176514,
                    0.0372065007686615
                ],
                [
                    0.003076235530897975,
                    -0.04715731739997864,
                    0.9988826513290405
                ]
            ],
            [
                [
                    0.6953677535057068,
                    -0.6830947399139404,
                    0.22326074540615082
                ],
                [
                    0.6301860809326172,
                    0.7289242744445801,
                    0.2674599885940552
                ],
                [
                    -0.34544071555137634,
                    -0.04528720676898956,
                    0.9373472332954407
                ]
            ],
            [
                [
                    0.9731677174568176,
                    -0.21042512357234955,
                    -0.09309022128582001
                ],
                [
                    0.21756289899349213,
                    0.9731944799423218,
                    0.07455798983573914
                ],
                [
                    0.07490601390600204,
                    -0.09281040728092194,
                    0.9928621649742126
                ]
            ],
            [
                [
                    0.9698185920715332,
                    -0.19686351716518402,
                    0.14386294782161713
                ],
                [
                    0.13607873022556305,
                    0.9265845417976379,
                    0.35060474276542664
                ],
                [
                    -0.20232248306274414,
                    -0.32044634222984314,
                    0.9254078269004822
                ]
            ],
            [
                [
                    0.8704062700271606,
                    -0.4905940890312195,
                    -0.04135775938630104
                ],
                [
                    0.48542624711990356,
                    0.869182825088501,
                    -0.09424801915884018
                ],
                [
                    0.08218496292829514,
                    0.06195791810750961,
                    0.994689404964447
                ]
            ],
            [
                [
                    0.9327017664909363,
                    -0.3575296401977539,
                    -0.0473286509513855
                ],
                [
                    0.34349480271339417,
                    0.8406647443771362,
                    0.41868141293525696
                ],
                [
                    -0.109903484582901,
                    -0.4067620038986206,
                    0.906899094581604
                ]
            ],
            [
                [
                    0.8496111631393433,
                    -0.5201267600059509,
                    -0.08734385669231415
                ],
                [
                    0.5260437726974487,
                    0.8237990736961365,
                    0.21126550436019897
                ],
                [
                    -0.037931058555841446,
                    -0.22544023394584656,
                    0.9735183119773865
                ]
            ],
            [
                [
                    0.9845437407493591,
                    -0.15987659990787506,
                    0.07150617241859436
                ],
                [
                    0.13242316246032715,
                    0.4123436510562897,
                    -0.9013528227806091
                ],
                [
                    0.11462011188268661,
                    0.8968902826309204,
                    0.4271417260169983
                ]
            ],
            [
                [
                    0.891567587852478,
                    -0.3353795111179352,
                    -0.3043482005596161
                ],
                [
                    0.45157355070114136,
                    0.7094786763191223,
                    0.5410372614860535
                ],
                [
                    0.03447575867176056,
                    -0.6198068857192993,
                    0.7839967012405396
                ]
            ],
            [
                [
                    0.8868603110313416,
                    0.4328944683074951,
                    -0.16149666905403137
                ],
                [
                    -0.4148138761520386,
                    0.8999350070953369,
                    0.13433703780174255
                ],
                [
                    0.2034902721643448,
                    -0.05214712768793106,
                    0.9776872992515564
                ]
            ]
        ],
        "betas": [
            -0.062250345945358276,
            -0.039424508810043335,
            -0.10151046514511108,
            -0.011331707239151001,
            0.08800286054611206,
            -0.006872076541185379,
            0.011890172958374023,
            -0.006167814135551453,
            -0.01361607015132904,
            -0.06432616710662842
        ]
    },
    "pred_cam_t": [
        -0.05583447962999344,
        -0.06527281552553177,
        5.226840019226074
    ],
    "focal_length": [
        5000.0,
        5000.0
    ],
    "pred_keypoints_3d": [
        [
            0.0960976704955101,
            0.006421870552003384,
            0.006212705280631781
        ],
        [
            0.11162936687469482,
            0.03417553752660751,
            -0.015844587236642838
        ],
        [
            0.11577393859624863,
            0.06429390609264374,
            -0.021536707878112793
        ],
        [
            0.1084727942943573,
            0.08994772285223007,
            -0.026938537135720253
        ],
        [
            0.09795909374952316,
            0.1155516505241394,
            -0.05064363777637482
        ],
        [
            0.07837601006031036,
            0.05766545608639717,
            -0.06690128892660141
        ],
        [
            0.06079370900988579,
            0.08427732437849045,
            -0.07597310096025467
        ],
        [
            0.05584637075662613,
            0.10568185895681381,
            -0.07210705429315567
        ],
        [
            0.05640281364321709,
            0.12623941898345947,
            -0.05710998550057411
        ],
        [
            0.053502269089221954,
            0.055850330740213394,
            -0.06297211349010468
        ],
        [
            0.034111231565475464,
            0.07957231253385544,
            -0.07158399373292923
        ],
        [
            0.03069375269114971,
            0.10131262987852097,
            -0.06371632218360901
        ],
        [
            0.03559170663356781,
            0.12222075462341309,
            -0.049606628715991974
        ],
        [
            0.03849707543849945,
            0.04945119097828865,
            -0.04169848933815956
        ],
        [
            0.023134777322411537,
            0.07173184305429459,
            -0.0520513616502285
        ],
        [
            0.01609106734395027,
            0.09528843313455582,
            -0.04801445081830025
        ],
        [
            0.01665552705526352,
            0.11874566972255707,
            -0.03793056681752205
        ],
        [
            0.030134953558444977,
            0.046675220131874084,
            -0.021669991314411163
        ],
        [
            0.0210458692163229,
            0.0657862201333046,
            -0.023242861032485962
        ],
        [
            0.014851515181362629,
            0.08352231234312057,
            -0.01999436318874359
        ],
        [
            0.014630923047661781,
            0.10331593453884125,
            -0.01577332615852356
        ]
    ],
    "pred_vertices": [
        [
            0.09242495149374008,
            0.04878987371921539,
            -0.030029330402612686
        ],
        [
            0.09605076909065247,
            0.04460223764181137,
            -0.020911529660224915
        ],
        [
            0.0986025482416153,
            0.05323725938796997,
            -0.023569948971271515
        ],
        [
            0.09636914730072021,
            0.05584047734737396,
            -0.034392423927783966
        ],
        [
            0.107536181807518,
            0.04838468134403229,
            -0.0026693642139434814
        ],
        [
            0.11933307349681854,
            0.046092331409454346,
            -0.0009216442704200745
        ],
        [
            0.11874931305646896,
            0.06151147559285164,
            -0.006667096167802811
        ],
        [
            0.10870237648487091,
            0.06148536130785942,
            -0.005513988435268402
        ],
        [
            0.09922167658805847,
            0.06078564375638962,
            -0.037742745131254196
        ],
        [
            0.10062173753976822,
            0.06044083833694458,
            -0.025114361196756363
        ],
        [
            0.1013089269399643,
            0.06099614128470421,
            -0.03797765448689461
        ],
        [
            0.09930191189050674,
            0.05469214916229248,
            -0.05469057336449623
        ],
        [
            0.09708866477012634,
            0.05804992467164993,
            -0.0501435250043869
        ],
        [
            0.09494540840387344,
            0.05316638946533203,
            -0.06355549395084381
        ],
        [
            0.10197499394416809,
            0.044178556650877,
            -0.05548166483640671
        ],
        [
            0.09079556167125702,
            0.04506390541791916,
            -0.06706264615058899
        ],
        [
            0.08140527456998825,
            0.022498086094856262,
            -0.04830533638596535
        ],
        [
            0.07099306583404541,
            0.018568705767393112,
            -0.04001215472817421
        ],
        [
            0.06229323148727417,
            0.027612701058387756,
            -0.05147556588053703
        ],
        [
            0.07366210967302322,
            0.031334713101387024,
            -0.05841770023107529
        ],
        [
            0.05175209790468216,
            0.023804742842912674,
            -0.03380057215690613
        ],
        [
            0.05698902904987335,
            0.026233099400997162,
            -0.04417089745402336
        ],
        [
            0.06541220098733902,
            0.01616179570555687,
            -0.03330044820904732
        ],
        [
            0.06032063812017441,
            0.014656785875558853,
            -0.024490242823958397
        ],
        [
            0.08361951261758804,
            0.04000038281083107,
            -0.019278302788734436
        ],
        [
            0.08781801164150238,
            0.035305045545101166,
            -0.010930374264717102
        ],
        [
            0.09125574678182602,
            0.03732719272375107,
            -0.01580294594168663
        ],
        [
            0.08739595115184784,
            0.04212735965847969,
            -0.023177266120910645
        ],
        [
            0.10929051041603088,
            0.06713443249464035,
            -0.03415605425834656
        ],
        [
            0.11326596140861511,
            0.052553556859493256,
            -0.04077934846282005
        ],
        [
            0.10645117610692978,
            0.05623427778482437,
            -0.04182945191860199
        ],
        [
            0.10520563274621964,
            0.06887193024158478,
            -0.030674561858177185
        ],
        [
            0.09235770255327225,
            0.02746405079960823,
            0.017533529549837112
        ],
        [
            0.09847177565097809,
            0.016441702842712402,
            0.022533509880304337
        ],
        [
            0.10327333211898804,
            0.016693994402885437,
            0.01901945471763611
        ],
        [
            0.09649550914764404,
            0.026277363300323486,
            0.014733508229255676
        ],
        [
            0.11747587472200394,
            0.02649478241801262,
            0.006372079253196716
        ],
        [
            0.11865075677633286,
            0.016956523060798645,
            0.009387969970703125
        ],
        [
            0.1276726871728897,
            0.008520059287548065,
            0.004522167146205902
        ],
        [
            0.12769003212451935,
            0.017150774598121643,
            -0.0012490972876548767
        ],
        [
            0.1180504560470581,
            0.03649533540010452,
            0.0023785531520843506
        ],
        [
            0.12832562625408173,
            0.029919765889644623,
            -0.003546513617038727
        ],
        [
            0.12833639979362488,
            0.04209267348051071,
            -0.006758634001016617
        ],
        [
            0.12584519386291504,
            0.0597505085170269,
            -0.012318029999732971
        ],
        [
            0.08749685436487198,
            0.013058789074420929,
            0.02837195247411728
        ],
        [
            0.08159322291612625,
            0.021046552807092667,
            0.025926001369953156
        ],
        [
            0.06825417280197144,
            0.09154732525348663,
            -0.07052168995141983
        ],
        [
            0.063853420317173,
            0.09105600416660309,
            -0.0666242241859436
        ],
        [
            0.06613505631685257,
            0.08742872625589371,
            -0.06611073017120361
        ],
        [
            0.06987428665161133,
            0.08855809271335602,
            -0.07049806416034698
        ],
        [
            0.07099560648202896,
            0.0032417215406894684,
            0.021894723176956177
        ],
        [
            0.06955220550298691,
            -0.004475653171539307,
            0.015500091016292572
        ],
        [
            0.07262605428695679,
            -0.007248539477586746,
            0.021542344242334366
        ],
        [
            0.07576195895671844,
            -5.8010220527648926e-05,
            0.026784978806972504
        ],
        [
            0.06480776518583298,
            0.00769425556063652,
            0.015398908406496048
        ],
        [
            0.06583179533481598,
            -3.3680349588394165e-05,
            0.0071596503257751465
        ],
        [
            0.06352703273296356,
            0.09132465720176697,
            -0.0825788602232933
        ],
        [
            0.06753788888454437,
            0.09243302792310715,
            -0.07948973774909973
        ],
        [
            0.06852620840072632,
            0.08775082230567932,
            -0.08065076172351837
        ],
        [
            0.06432629376649857,
            0.08575025200843811,
            -0.08285947889089584
        ],
        [
            0.09382575750350952,
            0.05730624869465828,
            -0.044372789561748505
        ],
        [
            0.08883775025606155,
            0.05332401394844055,
            -0.037661682814359665
        ],
        [
            0.08447395265102386,
            0.06305653601884842,
            -0.0573190301656723
        ],
        [
            0.0849902406334877,
            0.058450452983379364,
            -0.0499047115445137
        ],
        [
            0.09120151400566101,
            0.05853220447897911,
            -0.05340723693370819
        ],
        [
            0.08968664705753326,
            0.061466556042432785,
            -0.06009160354733467
        ],
        [
            0.06937763094902039,
            0.05013903230428696,
            -0.033890776336193085
        ],
        [
            0.07539378106594086,
            0.04412684589624405,
            -0.025739986449480057
        ],
        [
            0.07940427958965302,
            0.04636203497648239,
            -0.030644256621599197
        ],
        [
            0.07432661205530167,
            0.05376367270946503,
            -0.040025994181632996
        ],
        [
            0.06589032709598541,
            0.04313937947154045,
            -0.015210580080747604
        ],
        [
            0.06063695624470711,
            0.04873848706483841,
            -0.024337846785783768
        ],
        [
            0.05586971715092659,
            0.04753604903817177,
            -0.017307445406913757
        ],
        [
            0.060647059231996536,
            0.044603053480386734,
            -0.011570628732442856
        ],
        [
            0.05415662005543709,
            0.057953134179115295,
            -0.04208952933549881
        ],
        [
            0.050501663237810135,
            0.06033535301685333,
            -0.04799748584628105
        ],
        [
            0.047301050275564194,
            0.061069194227457047,
            -0.04611861705780029
        ],
        [
            0.05167064070701599,
            0.057143159210681915,
            -0.039512261748313904
        ],
        [
            0.07586032152175903,
            -0.010898418724536896,
            0.02673359587788582
        ],
        [
            0.08092158287763596,
            -0.003434792160987854,
            0.03071765974164009
        ],
        [
            0.041011154651641846,
            0.023622985929250717,
            -0.01485375501215458
        ],
        [
            0.041043877601623535,
            0.026498371735215187,
            -0.004097741097211838
        ],
        [
            0.032210804522037506,
            0.033544912934303284,
            -0.010569298639893532
        ],
        [
            0.03426565229892731,
            0.02835991233587265,
            -0.020708002150058746
        ],
        [
            0.07261396944522858,
            -0.008865110576152802,
            0.006555251777172089
        ],
        [
            0.07377572357654572,
            -0.01287321001291275,
            0.013243980705738068
        ],
        [
            0.05755486339330673,
            0.08990460634231567,
            -0.08236868679523468
        ],
        [
            0.05863352119922638,
            0.08412731438875198,
            -0.08171559870243073
        ],
        [
            0.13114915788173676,
            0.03312935680150986,
            -0.016893751919269562
        ],
        [
            0.1287461221218109,
            0.05582147091627121,
            -0.02082955092191696
        ],
        [
            0.12981484830379486,
            0.017387520521879196,
            -0.012112908065319061
        ],
        [
            0.12747693061828613,
            0.0070177651941776276,
            -0.0081261545419693
        ],
        [
            0.12791429460048676,
            -0.0006858706474304199,
            -0.0033156201243400574
        ],
        [
            0.07842110097408295,
            0.059342049062252045,
            -0.04945357143878937
        ],
        [
            0.08534891158342361,
            0.04752188175916672,
            -0.031091023236513138
        ],
        [
            0.08013702183961868,
            0.038918498903512955,
            -0.015525832772254944
        ],
        [
            0.057212796062231064,
            0.04063718765974045,
            0.005155980587005615
        ],
        [
            0.06321102380752563,
            0.0358632355928421,
            0.012487895786762238
        ],
        [
            0.06892751157283783,
            0.0396650955080986,
            0.004311088472604752
        ],
        [
            0.06233678385615349,
            0.042516205459833145,
            -0.0007452145218849182
        ],
        [
            0.04229526221752167,
            0.03439289703965187,
            0.0017861835658550262
        ],
        [
            0.04627804458141327,
            0.041303448379039764,
            0.0008460395038127899
        ],
        [
            0.04087667912244797,
            0.04512190818786621,
            -0.005080562084913254
        ],
        [
            0.03560937941074371,
            0.039495378732681274,
            -0.004694666713476181
        ],
        [
            0.11659731715917587,
            0.0681208148598671,
            -0.035411957651376724
        ],
        [
            0.12021429091691971,
            0.05051947757601738,
            -0.0384795218706131
        ],
        [
            0.0755259096622467,
            0.011821810156106949,
            0.026242993772029877
        ],
        [
            0.0816560685634613,
            0.007908686995506287,
            0.029131487011909485
        ],
        [
            0.0864609107375145,
            0.0017406456172466278,
            0.032495975494384766
        ],
        [
            0.09130318462848663,
            0.0317726656794548,
            0.002692177891731262
        ],
        [
            0.09939654171466827,
            0.025474853813648224,
            0.012746885418891907
        ],
        [
            0.1023579090833664,
            0.02641502395272255,
            0.00964357703924179
        ],
        [
            0.09311507642269135,
            0.031216492876410484,
            -0.0007070526480674744
        ],
        [
            0.09858294576406479,
            0.040746740996837616,
            -0.009707320481538773
        ],
        [
            0.10579244047403336,
            0.03701404482126236,
            0.000693686306476593
        ],
        [
            0.09948987513780594,
            0.05102139711380005,
            -0.011246766895055771
        ],
        [
            0.11056364327669144,
            0.015952110290527344,
            0.015329182147979736
        ],
        [
            0.10885483026504517,
            0.009941555559635162,
            0.0245157852768898
        ],
        [
            0.11614628881216049,
            0.009445447474718094,
            0.019364193081855774
        ],
        [
            0.10041666775941849,
            0.00808471068739891,
            0.029215864837169647
        ],
        [
            0.09245698899030685,
            0.005445752292871475,
            0.03230942413210869
        ],
        [
            0.07519209384918213,
            -0.01952880620956421,
            0.01844441518187523
        ],
        [
            0.1219325065612793,
            0.008451804518699646,
            0.013414822518825531
        ],
        [
            0.1102900579571724,
            0.0704796314239502,
            -0.009583204984664917
        ],
        [
            0.1107625961303711,
            0.07833974808454514,
            -0.013371728360652924
        ],
        [
            0.10470369458198547,
            0.07567064464092255,
            -0.016178172081708908
        ],
        [
            0.10391321033239365,
            0.06853685528039932,
            -0.013866599649190903
        ],
        [
            0.0891105979681015,
            0.05563122034072876,
            -0.07105076313018799
        ],
        [
            0.09105917066335678,
            0.06018166244029999,
            -0.06545572727918625
        ],
        [
            0.09575843811035156,
            0.05694127827882767,
            -0.05805309861898422
        ],
        [
            0.08274941146373749,
            0.03285256773233414,
            0.01368233934044838
        ],
        [
            0.07413548231124878,
            0.027339939028024673,
            0.02107103168964386
        ],
        [
            0.07791788876056671,
            0.0637083351612091,
            -0.05681575462222099
        ],
        [
            0.06564725190401077,
            0.08060745149850845,
            -0.08288708329200745
        ],
        [
            0.07040677219629288,
            0.08311009407043457,
            -0.08050760626792908
        ],
        [
            0.08063185214996338,
            0.06753651052713394,
            -0.07647934556007385
        ],
        [
            0.07511604577302933,
            0.06471582502126694,
            -0.07966211438179016
        ],
        [
            0.06841623038053513,
            0.06437483429908752,
            -0.061908259987831116
        ],
        [
            0.07497148960828781,
            0.065570168197155,
            -0.05882352218031883
        ],
        [
            0.07270261645317078,
            0.0664207935333252,
            -0.05974460765719414
        ],
        [
            0.06615027785301208,
            0.06611977517604828,
            -0.06074703484773636
        ],
        [
            0.04373526573181152,
            0.058546360582113266,
            -0.03785601630806923
        ],
        [
            0.04758216440677643,
            0.05529966205358505,
            -0.03212708234786987
        ],
        [
            0.06595471501350403,
            0.04300253838300705,
            -0.0662258043885231
        ],
        [
            0.07715277373790741,
            0.041686493903398514,
            -0.07358788698911667
        ],
        [
            0.08374596387147903,
            0.035846397280693054,
            -0.06461459398269653
        ],
        [
            0.06479766219854355,
            0.04859055206179619,
            -0.028162354603409767
        ],
        [
            0.05876017361879349,
            0.053959645330905914,
            -0.035004474222660065
        ],
        [
            0.055857595056295395,
            0.05321988835930824,
            -0.032115913927555084
        ],
        [
            0.07375665009021759,
            0.06026551127433777,
            -0.05063986778259277
        ],
        [
            0.07170668989419937,
            0.06318538635969162,
            -0.05657096579670906
        ],
        [
            0.06851163506507874,
            0.061458174139261246,
            -0.05338568985462189
        ],
        [
            0.07027323544025421,
            0.05830054357647896,
            -0.0468490868806839
        ],
        [
            0.04897303879261017,
            0.018641814589500427,
            0.002955690026283264
        ],
        [
            0.050074294209480286,
            0.02792288362979889,
            0.009981762617826462
        ],
        [
            0.06944213807582855,
            0.09229350090026855,
            -0.07517042011022568
        ],
        [
            0.07070954889059067,
            0.08862648904323578,
            -0.07590501755475998
        ],
        [
            0.07081546634435654,
            0.042749520391225815,
            -0.020270608365535736
        ],
        [
            0.09065716713666916,
            0.02913055196404457,
            -0.05334718897938728
        ],
        [
            0.07647691667079926,
            0.038238395005464554,
            -0.011393282562494278
        ],
        [
            0.036522313952445984,
            0.03937327116727829,
            -0.03635196015238762
        ],
        [
            0.03503304719924927,
            0.04625736176967621,
            -0.03155265003442764
        ],
        [
            0.03343569487333298,
            0.049913160502910614,
            -0.03586416691541672
        ],
        [
            0.032709360122680664,
            0.04562677443027496,
            -0.04062098637223244
        ],
        [
            0.0577995628118515,
            0.07854177802801132,
            -0.06469167023897171
        ],
        [
            0.0623459629714489,
            0.0816001370549202,
            -0.06288354843854904
        ],
        [
            0.06043104827404022,
            0.0855889841914177,
            -0.06415381282567978
        ],
        [
            0.05534245818853378,
            0.08352680504322052,
            -0.06632426381111145
        ],
        [
            0.08073695003986359,
            0.06629258394241333,
            -0.05994826927781105
        ],
        [
            0.08603057265281677,
            0.06579318642616272,
            -0.06347735226154327
        ],
        [
            0.08178535103797913,
            0.07006177306175232,
            -0.06475565582513809
        ],
        [
            0.0769660472869873,
            0.06878793239593506,
            -0.06143256276845932
        ],
        [
            0.08676350861787796,
            0.06439419835805893,
            -0.06928189843893051
        ],
        [
            0.08307605981826782,
            0.06923568248748779,
            -0.07086621969938278
        ],
        [
            0.05486355721950531,
            0.0763191506266594,
            -0.07007788866758347
        ],
        [
            0.05580256134271622,
            0.07611986994743347,
            -0.07753901183605194
        ],
        [
            0.06310002505779266,
            0.061115313321352005,
            -0.07382635027170181
        ],
        [
            0.061740316450595856,
            0.06465212255716324,
            -0.0667642131447792
        ],
        [
            0.06827188283205032,
            0.004828661680221558,
            -0.016129326075315475
        ],
        [
            0.06177985668182373,
            0.005380988121032715,
            -0.007044583559036255
        ],
        [
            0.053576551377773285,
            0.015080422163009644,
            -0.015182428061962128
        ],
        [
            0.04477078840136528,
            0.023656006902456284,
            -0.023291071876883507
        ],
        [
            0.03777911886572838,
            0.032713957130908966,
            -0.031074093654751778
        ],
        [
            0.04381069168448448,
            0.030563347041606903,
            -0.041624151170253754
        ],
        [
            0.05018598586320877,
            0.015179980546236038,
            -0.007720004767179489
        ],
        [
            0.06344183534383774,
            0.05754404515028,
            -0.06575673073530197
        ],
        [
            0.06748387217521667,
            0.05160871520638466,
            -0.07086514681577682
        ],
        [
            0.06339094042778015,
            0.05084507167339325,
            -0.06765418499708176
        ],
        [
            0.0715819001197815,
            0.03923165798187256,
            -0.005799278616905212
        ],
        [
            0.07287976890802383,
            0.08467639237642288,
            -0.07587037235498428
        ],
        [
            0.11045421659946442,
            -0.008603289723396301,
            -0.014225102961063385
        ],
        [
            0.09823180735111237,
            -0.013347964733839035,
            -0.010252121835947037
        ],
        [
            0.09656433016061783,
            -0.0071384720504283905,
            -0.016380194574594498
        ],
        [
            0.11053071916103363,
            -0.0007880702614784241,
            -0.02048410102725029
        ],
        [
            0.06843023002147675,
            0.08417212963104248,
            -0.06483516842126846
        ],
        [
            0.07261986285448074,
            0.08542530238628387,
            -0.06948725134134293
        ],
        [
            0.042314983904361725,
            0.055167991667985916,
            -0.028061605989933014
        ],
        [
            0.039500702172517776,
            0.05741184204816818,
            -0.03399483859539032
        ],
        [
            0.03569293022155762,
            0.05592493712902069,
            -0.03382148966193199
        ],
        [
            0.036652032285928726,
            0.05585639923810959,
            -0.026457088068127632
        ],
        [
            0.05976414680480957,
            0.005531013011932373,
            -0.0014133118093013763
        ],
        [
            0.027743227779865265,
            0.0399085208773613,
            -0.01365942507982254
        ],
        [
            0.029317021369934082,
            0.03483308479189873,
            -0.023004045709967613
        ],
        [
            0.06920671463012695,
            -0.0031003952026367188,
            -0.0002702251076698303
        ],
        [
            0.0746764987707138,
            -0.00419168546795845,
            -0.008347168564796448
        ],
        [
            0.07885558903217316,
            -0.010678380727767944,
            -0.0023244284093379974
        ],
        [
            0.04949381947517395,
            0.03807126730680466,
            -0.054104842245578766
        ],
        [
            0.0724133849143982,
            0.006451640278100967,
            -0.023634489625692368
        ],
        [
            0.07909263670444489,
            -0.0027287863194942474,
            -0.014493368566036224
        ],
        [
            0.08428746461868286,
            -0.0104270800948143,
            -0.007580433040857315
        ],
        [
            0.0872296690940857,
            -0.016429074108600616,
            -0.0025133825838565826
        ],
        [
            0.08102316409349442,
            -0.015988025814294815,
            0.002800583839416504
        ],
        [
            0.059952087700366974,
            0.07824622839689255,
            -0.08123186230659485
        ],
        [
            0.05315865948796272,
            0.08251600712537766,
            -0.07813875377178192
        ],
        [
            0.0826500877737999,
            -0.023326054215431213,
            0.008010387420654297
        ],
        [
            0.0898708775639534,
            -0.02300925925374031,
            0.002131383866071701
        ],
        [
            0.08545685559511185,
            -0.000693686306476593,
            -0.020926516503095627
        ],
        [
            0.09415952861309052,
            0.0032662078738212585,
            -0.028005685657262802
        ],
        [
            0.07878745347261429,
            0.008306119590997696,
            -0.029394418001174927
        ],
        [
            0.08659633249044418,
            0.012642726302146912,
            -0.037144772708415985
        ],
        [
            0.05697304382920265,
            0.03428317978978157,
            -0.060897305607795715
        ],
        [
            0.04849989339709282,
            0.10014858096837997,
            -0.0736553743481636
        ],
        [
            0.05027765408158302,
            0.08848122507333755,
            -0.0732048898935318
        ],
        [
            0.05293464660644531,
            0.08862490952014923,
            -0.06799599528312683
        ],
        [
            0.04880014806985855,
            0.09924393892288208,
            -0.06932429224252701
        ],
        [
            0.05242304503917694,
            0.08222778141498566,
            -0.07137614488601685
        ],
        [
            0.05213072896003723,
            0.08846935629844666,
            -0.07871544361114502
        ],
        [
            0.09904325008392334,
            0.021000001579523087,
            -0.04273456335067749
        ],
        [
            0.06522612273693085,
            0.06393299251794815,
            -0.05927712097764015
        ],
        [
            0.11014063656330109,
            0.0136534683406353,
            -0.031850580126047134
        ],
        [
            0.10926657915115356,
            0.03561030700802803,
            -0.047997042536735535
        ],
        [
            0.11804505437612534,
            0.03207678720355034,
            -0.03834140673279762
        ],
        [
            0.12254483997821808,
            0.007253613322973251,
            -0.02000247687101364
        ],
        [
            0.12670418620109558,
            0.023865949362516403,
            -0.026705145835876465
        ],
        [
            0.12160466611385345,
            -0.008088037371635437,
            -0.008350402116775513
        ],
        [
            0.12048163264989853,
            -0.0013111159205436707,
            -0.01441987231373787
        ],
        [
            0.12778496742248535,
            0.04293990880250931,
            -0.0298924557864666
