{
    "pred_cam": [
        12.168785095214844,
        0.15704943239688873,
        -0.0002468116581439972
    ],
    "pred_mano_params": {
        "global_orient": [
            [
                [
                    -0.6086543202400208,
                    -0.6550993323326111,
                    0.44764357805252075
                ],
                [
                    0.009211055934429169,
                    0.558311939239502,
                    0.8295799493789673
                ],
                [
                    -0.7933821082115173,
                    0.5090506672859192,
                    -0.333784818649292
                ]
            ]
        ],
        "hand_pose": [
            [
                [
                    0.8780446648597717,
                    -0.3585740923881531,
                    -0.31695756316185
                ],
                [
                    0.4055313467979431,
                    0.9091412425041199,
                    0.09490272402763367
                ],
                [
                    0.2541295289993286,
                    -0.21186506748199463,
                    0.9436796307563782
                ]
            ],
            [
                [
                    0.9951544404029846,
                    -0.057979337871074677,
                    0.07941024005413055
                ],
                [
                    0.07526155561208725,
                    0.9688950181007385,
                    -0.23575034737586975
                ],
                [
                    -0.06327152997255325,
                    0.24058455228805542,
                    0.9685637950897217
                ]
            ],
            [
                [
                    0.92249995470047,
                    -0.33858856558799744,
                    0.18534179031848907
                ],
                [
                    0.3535039722919464,
                    0.933907687664032,
                    -0.05339841917157173
                ],
                [
                    -0.15501202642917633,
                    0.11477909982204437,
                    0.9812222123146057
                ]
            ],
            [
                [
                    0.8367313146591187,
                    -0.5194017291069031,
                    0.1735011339187622
                ],
                [
                    0.5278587341308594,
                    0.8493265509605408,
                    -0.003078952431678772
                ],
                [
                    -0.1457599252462387,
                    0.09416034817695618,
                    0.9848288297653198
                ]
            ],
            [
                [
                    0.9939461350440979,
                    -0.03506721928715706,
                    -0.1041221022605896
                ],
                [
                    0.05487673357129097,
                    0.9794701933860779,
                    0.1939757764339447
                ],
                [
                    0.09518229961395264,
                    -0.19851534068584442,
                    0.9754649996757507
                ]
            ],
            [
                [
                    0.9077516794204712,
                    -0.35134854912757874,
                    0.22921834886074066
                ],
                [
                    0.33294424414634705,
                    0.9357995390892029,
                    0.1158766970038414
                ],
                [
                    -0.25521552562713623,
                    -0.02887033112347126,
                    0.9664530754089355
                ]
            ],
            [
                [
                    0.618533194065094,
                    -0.4428081214427948,
                    0.6491052508354187
                ],
                [
                    0.32048624753952026,
                    0.8964218497276306,
                    0.30613139271736145
                ],
                [
                    -0.7174296379089355,
                    0.018676869571208954,
                    0.696380615234375
                ]
            ],
            [
                [
                    0.9645020365715027,
                    -0.1346188336610794,
                    -0.22718621790409088
                ],
                [
                    0.10859906673431396,
                    0.9863923192024231,
                    -0.12343604117631912
                ],
                [
                    0.24071155488491058,
                    0.09438209980726242,
                    0.9659968614578247
                ]
            ],
            [
                [
                    0.9401861429214478,
                    -0.10039526969194412,
                    0.3255314528942108
                ],
                [
                    -0.11972882598638535,
                    0.7972411513328552,
                    0.5916683077812195
                ],
                [
                    -0.3189278542995453,
                    -0.5952538847923279,
                    0.7375348806381226
                ]
            ],
            [
                [
                    0.8253857493400574,
                    -0.4180804193019867,
                    0.3794035315513611
                ],
                [
                    0.43715035915374756,
                    0.8985371589660645,
                    0.039122261106967926
                ],
                [
                    -0.3572644293308258,
                    0.13356542587280273,
                    0.9244037866592407
                ]
            ],
            [
                [
                    0.9823473691940308,
                    -0.06860779225826263,
                    -0.1740306168794632
                ],
                [
                    0.11576425284147263,
                    0.9537365436553955,
                    0.2774621844291687
                ],
                [
                    0.14694328606128693,
                    -0.2927107512950897,
                    0.9448429346084595
                ]
            ],
            [
                [
                    0.8411340117454529,
                    -0.4272412359714508,
                    0.33160001039505005
                ],
                [
                    0.3188769817352295,
                    0.887004554271698,
                    0.3339766263961792
                ],
                [
                    -0.43681928515434265,
                    -0.17517945170402527,
                    0.8823270797729492
                ]
            ],
            [
                [
                    0.9688956141471863,
                    0.22395014762878418,
                    -0.10529813915491104
                ],
                [
                    -0.23915448784828186,
                    0.7379741668701172,
                    -0.631030261516571
                ],
                [
                    -0.06361199170351028,
                    0.6365849375724792,
                    0.7685785889625549
                ]
            ],
            [
                [
                    0.9545496702194214,
                    -0.19676631689071655,
                    0.22387036681175232
                ],
                [
                    0.040229085832834244,
                    0.8292949795722961,
                    0.5573611855506897
                ],
                [
                    -0.2953244745731354,
                    -0.5230228304862976,
                    0.7995190024375916
                ]
            ],
            [
                [
                    0.979560136795044,
                    0.02616577036678791,
                    -0.19944266974925995
                ],
                [
                    -0.12115797400474548,
                    0.868219792842865,
                    -0.4811602830886841
                ],
                [
                    0.16057012975215912,
                    0.4954894483089447,
                    0.8536437153816223
                ]
            ]
        ],
        "betas": [
            0.04326102137565613,
            -0.0023097991943359375,
            -0.09606611728668213,
            0.13283461332321167,
            0.11855185031890869,
            0.05853928625583649,
            0.08710499107837677,
            0.032229676842689514,
            0.0809045284986496,
            0.031548649072647095
        ]
    },
    "pred_cam_t": [
        -0.15704943239688873,
        -0.0002468116581439972,
        3.210057497024536
    ],
    "focal_length": [
        5000.0,
        5000.0
    ],
    "pred_keypoints_3d": [
        [
            0.09558838605880737,
            0.006375916302204132,
            0.0061645833775401115
        ],
        [
            0.1318536251783371,
            0.01892736367881298,
            0.008843930438160896
        ],
        [
            0.16005441546440125,
            0.02993418090045452,
            0.014235073700547218
        ],
        [
            0.18418580293655396,
            0.04143788665533066,
            0.018480073660612106
        ],
        [
            0.21774372458457947,
            0.05140138417482376,
            0.02618367038667202
        ],
        [
            0.16185739636421204,
            0.01972244866192341,
            0.06656612455844879
        ],
        [
            0.18361666798591614,
            0.008237635716795921,
            0.0886087566614151
        ],
        [
            0.20063915848731995,
            -0.0017103925347328186,
            0.09885449707508087
        ],
        [
            0.2228923738002777,
            -0.012736773118376732,
            0.10338166356086731
        ],
        [
            0.15262266993522644,
            0.001839962787926197,
            0.08155736327171326
        ],
        [
            0.17898277938365936,
            -0.007397747598588467,
            0.09638742357492447
        ],
        [
            0.19818492233753204,
            -0.017921600490808487,
            0.10415085405111313
        ],
        [
            0.22272378206253052,
            -0.0249478779733181,
            0.10706332325935364
        ],
        [
            0.13595908880233765,
            -0.01860811561346054,
            0.07778500020503998
        ],
        [
            0.1613745093345642,
            -0.02011948451399803,
            0.09111093729734421
        ],
        [
            0.18202988803386688,
            -0.03105878084897995,
            0.09908442199230194
        ],
        [
            0.20666083693504333,
            -0.03393910452723503,
            0.09940000623464584
        ],
        [
            0.12462615966796875,
            -0.03544933348894119,
            0.07001651078462601
        ],
        [
            0.14356151223182678,
            -0.037856318056583405,
            0.07893616706132889
        ],
        [
            0.15950600802898407,
            -0.04361803084611893,
            0.08735094219446182
        ],
        [
            0.18121857941150665,
            -0.043553926050662994,
            0.08988320827484131
        ]
    ],
    "pred_vertices": [
        [
            0.14440612494945526,
            0.010426316410303116,
            0.03170973062515259
        ],
        [
            0.13943661749362946,
            0.008995916694402695,
            0.02305922657251358
        ],
        [
            0.15003123879432678,
            0.01316753402352333,
            0.02465100586414337
        ],
        [
            0.1534692943096161,
            0.01507069543004036,
            0.0324920155107975
        ],
        [
            0.14710789918899536,
            0.007886011153459549,
            0.0044931285083293915
        ],
        [
            0.14575091004371643,
            0.014090057462453842,
            -0.005225956439971924
        ],
        [
            0.15994036197662354,
            0.01930064521729946,
            0.00189286470413208
        ],
        [
            0.1605534553527832,
            0.013319000601768494,
            0.009188447147607803
        ],
        [
            0.16055269539356232,
            0.02115335315465927,
            0.03442449867725372
        ],
        [
            0.158902108669281,
            0.01698608137667179,
            0.026364579796791077
        ],
        [
            0.16172873973846436,
            0.028736164793372154,
            0.03499395400285721
        ],
        [
            0.15859535336494446,
            0.03267015144228935,
            0.04511769860982895
        ],
        [
            0.16058778762817383,
            0.025058269500732422,
            0.04284333437681198
        ],
        [
            0.15913482010364532,
            0.03287668898701668,
            0.05356314033269882
        ],
        [
            0.14872300624847412,
            0.038371384143829346,
            0.043972089886665344
        ],
        [
            0.15137529373168945,
            0.03487114980816841,
            0.05891004577279091
        ],
        [
            0.12400376051664352,
            0.024562306702136993,
            0.05347948521375656
        ],
        [
            0.11558816581964493,
            0.014133436605334282,
            0.0553811714053154
        ],
        [
            0.12523004412651062,
            0.011872578412294388,
            0.06899942457675934
        ],
        [
            0.13353249430656433,
            0.022156713530421257,
            0.06539495289325714
        ],
        [
            0.11337798833847046,
            -0.00459295604377985,
            0.06444796919822693
        ],
        [
            0.12018511444330215,
            0.004333062097430229,
            0.06778746843338013
        ],
        [
            0.10980775952339172,
            0.0073016248643398285,
            0.0548265166580677
        ],
        [
            0.1042533665895462,
            -0.0009267367422580719,
            0.05239151045680046
        ],
        [
            0.13114160299301147,
            0.0004048743285238743,
            0.03070450946688652
        ],
        [
            0.125038281083107,
            -0.0007184799760580063,
            0.0219452902674675
        ],
        [
            0.12927420437335968,
            0.003548390232026577,
            0.022579949349164963
        ],
        [
            0.1350768655538559,
            0.004493627231568098,
            0.03058589994907379
        ],
        [
            0.162710040807724,
            0.0389627069234848,
            0.025747651234269142
        ],
        [
            0.1525525152683258,
            0.039685990661382675,
            0.02706010267138481
        ],
        [
            0.15669406950473785,
            0.03607604652643204,
            0.03325080871582031
        ],
        [
            0.1660454124212265,
            0.034790653735399246,
            0.02778983861207962
        ],
        [
            0.10993173718452454,
            -0.011909560300409794,
            -0.00020866096019744873
        ],
        [
            0.09992870688438416,
            -0.006586582865566015,
            -0.0074555277824401855
        ],
        [
            0.1026231199502945,
            -0.001542727230116725,
            -0.008538447320461273
        ],
        [
            0.11092452704906464,
            -0.0073745111003518105,
            -0.001286245882511139
        ],
        [
            0.12125824391841888,
            0.011685008183121681,
            -0.011513061821460724
        ],
        [
            0.1103886067867279,
            0.013844081200659275,
            -0.013155609369277954
        ],
        [
            0.10599178075790405,
            0.026910435408353806,
            -0.01544247567653656
        ],
        [
            0.11562231928110123,
            0.027477845549583435,
            -0.011821717023849487
        ],
        [
            0.13403955101966858,
            0.012091217562556267,
            -0.008893616497516632
        ],
        [
            0.12913332879543304,
            0.02507166564464569,
            -0.01128753274679184
        ],
        [
            0.14167086780071259,
            0.02437487244606018,
            -0.007750876247882843
        ],
        [
            0.15559488534927368,
            0.027268055826425552,
            -0.0005524158477783203
        ],
        [
            0.09214451909065247,
            -0.015947725623846054,
            -0.00348721444606781
        ],
        [
            0.09866342693567276,
            -0.0214451365172863,
            0.0019873827695846558
        ],
        [
            0.19372643530368805,
            0.007367892190814018,
            0.08350839465856552
        ],
        [
            0.19187739491462708,
            0.0018555307760834694,
            0.08387409895658493
        ],
        [
            0.18847697973251343,
            0.004216458648443222,
            0.07991788536310196
        ],
        [
            0.19083881378173828,
            0.009377316571772099,
            0.08071540296077728
        ],
        [
            0.08125855028629303,
            -0.018505701795220375,
            0.013310827314853668
        ],
        [
            0.07603325694799423,
            -0.012247820384800434,
            0.019211284816265106
        ],
        [
            0.07228747755289078,
            -0.01297683734446764,
            0.013005547225475311
        ],
        [
            0.07784423232078552,
            -0.017215291038155556,
            0.00670989602804184
        ],
        [
            0.0858951061964035,
            -0.02019885554909706,
            0.02195381373167038
        ],
        [
            0.08189242333173752,
            -0.011187617667019367,
            0.02739773690700531
        ],
        [
            0.1899295151233673,
            0.013723122887313366,
            0.0937684178352356
        ],
        [
            0.1930239051580429,
            0.013674082234501839,
            0.08968019485473633
        ],
        [
            0.18888980150222778,
            0.016129596158862114,
            0.08783015608787537
        ],
        [
            0.18502174317836761,
            0.015538938343524933,
            0.0913357213139534
        ],
        [
            0.1574300080537796,
            0.0173862986266613,
            0.04040998965501785
        ],
        [
            0.1504681408405304,
            0.010496290400624275,
            0.0391426682472229
        ],
        [
            0.16613370180130005,
            0.016134187579154968,
            0.05577806755900383
        ],
        [
            0.15861934423446655,
            0.013145267963409424,
            0.04997601732611656
        ],
        [
            0.16134077310562134,
            0.019944025203585625,
            0.04818815737962723
        ],
        [
            0.16623461246490479,
            0.022268040105700493,
            0.05431707575917244
        ],
        [
            0.14174173772335052,
            -0.003788871457800269,
            0.05040232092142105
        ],
        [
            0.13512416183948517,
            -0.002525756601244211,
            0.04082366079092026
        ],
        [
            0.13970361649990082,
            0.0022602733224630356,
            0.04124922677874565
        ],
        [
            0.14832498133182526,
            0.0017981575801968575,
            0.05093801021575928
        ],
        [
            0.1283360868692398,
            -0.014914726838469505,
            0.04034217819571495
        ],
        [
            0.1351194828748703,
            -0.014916804619133472,
            0.05006571114063263
        ],
        [
            0.13050204515457153,
            -0.021965540945529938,
            0.048700373619794846
        ],
        [
            0.12711547315120697,
            -0.021221019327640533,
            0.041480064392089844
        ],
        [
            0.14730466902256012,
            -0.012206299230456352,
            0.0667157918214798
        ],
        [
            0.15085363388061523,
            -0.01201436948031187,
            0.07356726378202438
        ],
        [
            0.1491396725177765,
            -0.013899551704525948,
            0.07270047813653946
        ],
        [
            0.1449039876461029,
            -0.014871949329972267,
            0.06633926928043365
        ],
        [
            0.06808560341596603,
            -0.012698906473815441,
            0.0073009878396987915
        ],
        [
            0.07478974014520645,
            -0.015016073361039162,
            0.0004870370030403137
        ],
        [
            0.10437877476215363,
            -0.023176798596978188,
            0.05900373309850693
        ],
        [
            0.10324157029390335,
            -0.03124220110476017,
            0.051495764404535294
        ],
        [
            0.10997073352336884,
            -0.03583846986293793,
            0.062358275055885315
        ],
        [
            0.1091378927230835,
            -0.025807950645685196,
            0.06760555505752563
        ],
        [
            0.07578284293413162,
            -0.002810725010931492,
            0.02351158857345581
        ],
        [
            0.07023010402917862,
            -0.004672002047300339,
            0.018279582262039185
        ],
        [
            0.18616420030593872,
            0.010160593315958977,
            0.0970955491065979
        ],
        [
            0.18130888044834137,
            0.011509537696838379,
            0.09369232505559921
        ],
        [
            0.13324221968650818,
            0.0347905233502388,
            -0.003081969916820526
        ],
        [
            0.15050838887691498,
            0.035230860114097595,
            0.002085961401462555
        ],
        [
            0.11860336363315582,
            0.034864138811826706,
            -0.005531422793865204
        ],
        [
            0.10784895718097687,
            0.03466181829571724,
            -0.00635673850774765
        ],
        [
            0.09984106570482254,
            0.03550516441464424,
            -0.009686082601547241
        ],
        [
            0.15794992446899414,
            0.007980230264365673,
            0.05415542423725128
        ],
        [
            0.14223624765872955,
            0.0060786595568060875,
            0.03730088844895363
        ],
        [
            0.12815988063812256,
            -0.0037291203625500202,
            0.030659973621368408
        ],
        [
            0.11708769202232361,
            -0.032325293868780136,
            0.03257549926638603
        ],
        [
            0.11183556914329529,
            -0.031050264835357666,
            0.02350436896085739
        ],
        [
            0.11942414939403534,
            -0.02374306693673134,
            0.02487979456782341
        ],
        [
            0.12203453481197357,
            -0.026046548038721085,
            0.03290648013353348
        ],
        [
            0.10881245881319046,
            -0.03738575056195259,
            0.046055469661951065
        ],
        [
            0.1164269745349884,
            -0.037092216312885284,
            0.04345152527093887
        ],
        [
            0.1206214427947998,
            -0.03863023221492767,
            0.051708661019802094
        ],
        [
            0.11420775204896927,
            -0.039933498948812485,
            0.05564069002866745
        ],
        [
            0.16158807277679443,
            0.043131306767463684,
            0.019437633454799652
        ],
        [
            0.14977723360061646,
            0.042012035846710205,
            0.020098976790905
        ],
        [
            0.08870632201433182,
            -0.021797489374876022,
            0.006592944264411926
        ],
        [
            0.08575782924890518,
            -0.018088586628437042,
            0.00044621527194976807
        ],
        [
            0.08029504865407944,
            -0.014649664051830769,
            -0.004993654787540436
        ],
        [
            0.11852911114692688,
            -0.005847038235515356,
            0.01014804095029831
        ],
        [
            0.11178512126207352,
            -0.0043437122367322445,
            -0.0021568983793258667
        ],
        [
            0.11501507461071014,
            -0.0013298364356160164,
            -0.0026846379041671753
        ],
        [
            0.11985427141189575,
            -0.003003041259944439,
            0.01078873872756958
        ],
        [
            0.13626554608345032,
            0.004716411232948303,
            0.013330817222595215
        ],
        [
            0.13223278522491455,
            0.0036834832280874252,
            0.0003889426589012146
        ],
        [
            0.14883504807949066,
            0.008304361253976822,
            0.016444310545921326
        ],
        [
            0.10525377839803696,
            0.005438659805804491,
            -0.011418290436267853
        ],
        [
            0.09613033384084702,
            0.001417830353602767,
            -0.015941336750984192
        ],
        [
            0.09925685822963715,
            0.009516123682260513,
            -0.017641134560108185
        ],
        [
            0.09071952849626541,
            -0.006201823242008686,
            -0.01305435597896576
        ],
        [
            0.08523856103420258,
            -0.012171292677521706,
            -0.009344175457954407
        ],
        [
            0.0628494843840599,
            -0.004326842725276947,
            0.014025844633579254
        ],
        [
            0.1016770675778389,
            0.017531905323266983,
            -0.017520740628242493
        ],
        [
            0.16822168231010437,
            0.019396383315324783,
            0.012134242802858353
        ],
        [
            0.17457038164138794,
            0.025734566152095795,
            0.013087198138237
        ],
        [
            0.17322050034999847,
            0.025654727593064308,
            0.020763445645570755
        ],
        [
            0.16698923707008362,
            0.019314561039209366,
            0.020494483411312103
        ],
        [
            0.16200077533721924,
            0.031909506767988205,
            0.06318822503089905
        ],
        [
            0.16615359485149384,
            0.027854669839143753,
            0.057689353823661804
        ],
        [
            0.16193848848342896,
            0.02786814048886299,
            0.048739589750766754
        ],
        [
            0.11364376544952393,
            -0.017866866663098335,
            0.0089755579829216
        ],
        [
            0.1040661409497261,
            -0.025813028216362,
            0.010284066200256348
        ],
        [
            0.16545237600803375,
            0.01110756117850542,
            0.05990120396018028
        ],
        [
            0.1804230809211731,
            0.017391931265592575,
            0.09005197882652283
        ],
        [
            0.18453648686408997,
            0.01846035197377205,
            0.08599148690700531
        ],
        [
            0.17205177247524261,
            0.02599974349141121,
            0.0750156119465828
        ],
        [
            0.16810396313667297,
            0.024567756801843643,
            0.08032965660095215
        ],
        [
            0.1652698963880539,
            0.00794143509119749,
            0.06984242796897888
        ],
        [
            0.16810812056064606,
            0.010569728910923004,
            0.06401734799146652
        ],
        [
            0.16894492506980896,
            0.009610440582036972,
            0.0667065978050232
        ],
        [
            0.16725151240825653,
            0.0055268495343625546,
            0.0714714527130127
        ],
        [
            0.14382866024971008,
            -0.02103131264448166,
            0.07034105807542801
        ],
        [
            0.13983166217803955,
            -0.021779529750347137,
            0.06451466679573059
        ],
        [
            0.14444446563720703,
            0.01676148734986782,
            0.07528679817914963
        ],
        [
            0.14772674441337585,
            0.02921888418495655,
            0.07215742766857147
        ],
        [
            0.14118172228336334,
            0.03133692592382431,
            0.06228577345609665
        ],
        [
            0.13728611171245575,
            -0.009729623794555664,
            0.049771152436733246
        ],
        [
            0.14279748499393463,
            -0.011646861210465431,
            0.05852169916033745
        ],
        [
            0.1404089778661728,
            -0.015075141564011574,
            0.05858882516622543
        ],
        [
            0.15797069668769836,
            0.005304175429046154,
            0.05824913829565048
        ],
        [
            0.16287682950496674,
            0.006622482091188431,
            0.06363262981176376
        ],
        [
            0.1579303741455078,
            0.0030225152149796486,
            0.06384064257144928
        ],
        [
            0.15361647307872772,
            0.001531992107629776,
            0.05831468850374222
        ],
        [
            0.09591112285852432,
            -0.027156520634889603,
            0.041260167956352234
        ],
        [
            0.10227222740650177,
            -0.03472920507192612,
            0.03500627726316452
        ],
        [
            0.19429008662700653,
            0.01152075920253992,
            0.08578149974346161
        ],
        [
            0.19081175327301025,
            0.013827687129378319,
            0.08362657576799393
        ],
        [
            0.1309087872505188,
            -0.008378973230719566,
            0.04036598652601242
        ],
        [
            0.13267885148525238,
            0.031819529831409454,
            0.050193995237350464
        ],
        [
            0.12525199353694916,
            -0.008399778977036476,
            0.03045373037457466
        ],
        [
            0.12462766468524933,
            -0.01939523220062256,
            0.07654586434364319
        ],
        [
            0.1283189356327057,
            -0.025080131366848946,
            0.07401132583618164
        ],
        [
            0.13460496068000793,
            -0.025105809792876244,
            0.07799374312162399
        ],
        [
            0.13233427703380585,
            -0.021036820486187935,
            0.08184885233640671
        ],
        [
            0.17691077291965485,
            -0.00019786879420280457,
            0.08210228383541107
        ],
        [
            0.18127557635307312,
            0.0012615825980901718,
            0.07858362793922424
        ],
        [
            0.18487650156021118,
            -0.0005981121212244034,
            0.0817418098449707
        ],
        [
            0.18092574179172516,
            -0.0019347956404089928,
            0.08569017052650452
        ],
        [
            0.17010122537612915,
            0.015460070222616196,
            0.06146633252501488
        ],
        [
            0.17081281542778015,
            0.0216300617903471,
            0.060588497668504715
        ],
        [
            0.17455948889255524,
            0.018995679914951324,
            0.06565282493829727
        ],
        [
            0.17222075164318085,
            0.013516884297132492,
            0.06582996994256973
        ],
        [
            0.17009186744689941,
            0.02657347545027733,
            0.06484158337116241
        ],
        [
            0.174164816737175,
            0.023959461599588394,
            0.06950687617063522
        ],
        [
            0.17359332740306854,
            0.002181572373956442,
            0.08716759085655212
        ],
        [
            0.17308154702186584,
            0.008248243480920792,
            0.09159915894269943
        ],
        [
            0.16165633499622345,
            0.013063430786132812,
            0.0828407034277916
        ],
        [
            0.16492362320423126,
            0.006681445054709911,
            0.07861210405826569
        ],
        [
            0.09460490942001343,
            0.0030297106131911278,
            0.041524287313222885
        ],
        [
            0.09047821164131165,
            -0.007132912985980511,
            0.039790745824575424
        ],
        [
            0.09987527132034302,
            -0.011326356790959835,
            0.050692372024059296
        ],
        [
            0.10804502665996552,
            -0.015541979111731052,
            0.06217259168624878
        ],
        [
            0.11680132150650024,
            -0.01904616691172123,
            0.07223312556743622
        ],
        [
            0.11997445672750473,
            -0.007859187200665474,
            0.07509302347898483
        ],
        [
            0.09662486612796783,
            -0.01825343817472458,
            0.04794347658753395
        ],
        [
            0.15634024143218994,
            0.009202055633068085,
            0.07480379939079285
        ],
        [
            0.15349116921424866,
            0.01713729090988636,
            0.0766645297408104
        ],
        [
            0.1507573127746582,
            0.013108102604746819,
            0.07677201926708221
        ],
        [
            0.12304797023534775,
            -0.01548565924167633,
            0.03002004325389862
        ],
        [
            0.18678666651248932,
            0.016723867505788803,
            0.08166782557964325
        ],
        [
            0.09192430227994919,
            0.03445340692996979,
            0.010798349976539612
        ],
        [
            0.08365517109632492,
            0.026193765923380852,
            0.01712624728679657
        ],
        [
            0.0908043161034584,
            0.02639608085155487,
            0.02221965789794922
        ],
        [
            0.10048185288906097,
            0.03504176437854767,
            0.014615844935178757
        ],
        [
            0.18529012799263,
            0.006404881365597248,
            0.07651850581169128
        ],
        [
            0.18762582540512085,
            0.012099727988243103,
            0.07752565294504166
        ],
        [
            0.13743837177753448,
            -0.027606023475527763,
            0.06572717428207397
        ],
        [
            0.14145006239414215,
            -0.025904519483447075,
            0.07147904485464096
        ],
        [
            0.14025865495204926,
            -0.027198340743780136,
            0.0744989886879921
        ],
        [
            0.136756032705307,
            -0.03157114237546921,
            0.06901496648788452
        ],
        [
            0.08824268728494644,
            -0.012028975412249565,
            0.037309203296899796
        ],
        [
            0.1167975664138794,
            -0.03860616311430931,
            0.06823443621397018
        ],
        [
            0.11453418433666229,
            -0.02961576357483864,
            0.07267254590988159
        ],
        [
            0.08240222930908203,
            -0.0030874786898493767,
            0.030330486595630646
        ],
        [
            0.08547279983758926,
            0.006002100184559822,
            0.03211072087287903
        ],
        [
            0.07863687723875046,
            0.007572856731712818,
            0.025348104536533356
        ],
        [
            0.13189639151096344,
            0.0007739001885056496,
            0.07916664332151413
        ],
        [
            0.09960176050662994,
            0.009784038178622723,
            0.04370523989200592
        ],
        [
            0.089939184486866,
            0.01214580051600933,
            0.03315442055463791
        ],
        [
            0.08197476714849472,
            0.014310870319604874,
            0.02509615197777748
        ],
        [
            0.075599305331707,
            0.015476206317543983,
            0.01983066275715828
        ],
        [
            0.07267872989177704,
            0.007910553365945816,
            0.02054523676633835
        ],
        [
            0.17626921832561493,
            0.013008056208491325,
            0.09185901284217834
        ],
        [
            0.1781204640865326,
            0.005882535595446825,
            0.09439817816019058
        ],
        [
            0.0647130087018013,
            0.008677616715431213,
            0.016179241240024567
        ],
        [
            0.06876031309366226,
            0.016951950266957283,
            0.015088975429534912
        ],
        [
            0.09551310539245605,
            0.019488228484988213,
            0.03295522555708885
        ],
        [
            0.10295414924621582,
            0.02775673195719719,
            0.03133749961853027
        ],
        [
            0.10477327555418015,
            0.016759676858782768,
            0.04305298626422882
        ],
        [
            0.11284096539020538,
            0.024886123836040497,
            0.04258926212787628
        ],
        [
            0.13293063640594482,
            0.01123863086104393,
            0.07885424047708511
        ],
        [
            0.19220682978630066,
            -0.003589499741792679,
            0.10222461819648743
        ],
        [
            0.1830543875694275,
            -0.0008835708722472191,
            0.0956634059548378
        ],
        [
            0.1849851757287979,
            -0.0034817131236195564,
            0.09083941578865051
        ],
        [
            0.19250285625457764,
            -0.006648583337664604,
            0.0992453470826149
        ],
        [
            0.1781984269618988,
            0.0003658374771475792,
            0.09045837819576263
        ],
        [
            0.18306663632392883,
            0.004504091572016478,
            0.09785889089107513
        ],
        [
            0.12350806593894958,
            0.03361714258790016,
            0.037272289395332336
        ],
        [
            0.16068902611732483,
            0.003602460492402315,
            0.06936004757881165
        ],
        [
            0.11530416458845139,
            0.036354564130306244,
            0.022013291716575623
        ],
        [
            0.13905735313892365,
            0.04110196977853775,
            0.033928778022527695
        ],
        [
            0.1340872049331665,
            0.04140032082796097,
            0.021049734205007553
        ],
        [
            0.10928219556808472,
            0.03890801966190338,
            0.005458347499370575
        ],
        [
            0.12545245885849,
            0.04106832668185234,
            0.0068316347897052765
        ],
        [
            0.09315316379070282,
            0.03777051344513893,
            -0.001202799379825592
        ],
        [
            0.10042179375886917,
            0.03775490075349808,
            0.003374256193637848
        ],
        [
            0.14093075692653656,
            0.04092409834265709,
            0.008472822606563568
        ],
        [
            0.20033329725265503,
            0.0004628170281648636,
