{
    "pred_cam": [
        10.777511596679688,
        -0.05180491507053375,
        0.02435155212879181
    ],
    "pred_mano_params": {
        "global_orient": [
            [
                [
                    0.6606839299201965,
                    0.7416626214981079,
                    0.11590234935283661
                ],
                [
                    0.6648793816566467,
                    -0.5064896941184998,
                    -0.5490024089813232
                ],
                [
                    -0.34847116470336914,
                    0.4397781193256378,
                    -0.827745795249939
                ]
            ]
        ],
        "hand_pose": [
            [
                [
                    0.7258287072181702,
                    -0.657623291015625,
                    -0.20175310969352722
                ],
                [
                    0.639824390411377,
                    0.7531315684318542,
                    -0.15302839875221252
                ],
                [
                    0.2525816559791565,
                    -0.018014144152402878,
                    0.9674079418182373
                ]
            ],
            [
                [
                    0.9205886125564575,
                    -0.3874799311161041,
                    -0.04874333739280701
                ],
                [
                    0.3534778952598572,
                    0.8797889351844788,
                    -0.3178441524505615
                ],
                [
                    0.16604205965995789,
                    0.27537402510643005,
                    0.9468892812728882
                ]
            ],
            [
                [
                    0.9701329469680786,
                    -0.2241041660308838,
                    0.09284054487943649
                ],
                [
                    0.2152375876903534,
                    0.9717715382575989,
                    0.09660623222589493
                ],
                [
                    -0.11186966300010681,
                    -0.07373811304569244,
                    0.990983247756958
                ]
            ],
            [
                [
                    0.615684449672699,
                    -0.7759730815887451,
                    -0.13710753619670868
                ],
                [
                    0.7847458720207214,
                    0.6195739507675171,
                    0.017380667850375175
                ],
                [
                    0.07146132737398148,
                    -0.11829555779695511,
                    0.9904037117958069
                ]
            ],
            [
                [
                    0.944325864315033,
                    -0.2701165974140167,
                    -0.18784478306770325
                ],
                [
                    0.3006315231323242,
                    0.940380334854126,
                    0.15907680988311768
                ],
                [
                    0.13367626070976257,
                    -0.2066924124956131,
                    0.9692310094833374
                ]
            ],
            [
                [
                    0.9455379843711853,
                    -0.23815816640853882,
                    0.221897691488266
                ],
                [
                    0.2388438731431961,
                    0.970757782459259,
                    0.024145858362317085
                ],
                [
                    -0.221159428358078,
                    0.03016808070242405,
                    0.9747709631919861
                ]
            ],
            [
                [
                    0.6167284250259399,
                    -0.7865198850631714,
                    0.032133493572473526
                ],
                [
                    0.586895227432251,
                    0.4866355359554291,
                    0.6471011638641357
                ],
                [
                    -0.5245952606201172,
                    -0.38022664189338684,
                    0.7617267370223999
                ]
            ],
            [
                [
                    0.9590856432914734,
                    -0.25504210591316223,
                    -0.12291602045297623
                ],
                [
                    0.2309439331293106,
                    0.9559021592140198,
                    -0.18142756819725037
                ],
                [
                    0.16376736760139465,
                    0.14561785757541656,
                    0.9756924510002136
                ]
            ],
            [
                [
                    0.9800758361816406,
                    0.18061408400535583,
                    0.08264286071062088
                ],
                [
                    -0.19804887473583221,
                    0.8570080399513245,
                    0.47572436928749084
                ],
                [
                    0.015096898190677166,
                    -0.48261332511901855,
                    0.8757032752037048
                ]
            ],
            [
                [
                    0.6254120469093323,
                    -0.7801556587219238,
                    -0.01472767349332571
                ],
                [
                    0.7724672555923462,
                    0.6163613796234131,
                    0.15294742584228516
                ],
                [
                    -0.1102452352643013,
                    -0.10703182220458984,
                    0.9881244897842407
                ]
            ],
            [
                [
                    0.9566530585289001,
                    -0.22827129065990448,
                    -0.18085096776485443
                ],
                [
                    0.27094462513923645,
                    0.9253188371658325,
                    0.26528099179267883
                ],
                [
                    0.10678877681493759,
                    -0.30278250575065613,
                    0.9470579624176025
                ]
            ],
            [
                [
                    0.9330055713653564,
                    -0.2629455626010895,
                    0.2456834465265274
                ],
                [
                    0.22537420690059662,
                    0.9591991305351257,
                    0.17071481049060822
                ],
                [
                    -0.2805480360984802,
                    -0.10390714555978775,
                    0.9541992545127869
                ]
            ],
            [
                [
                    0.8926050662994385,
                    -0.38554441928863525,
                    -0.2336915284395218
                ],
                [
                    -0.10922618210315704,
                    0.31797105073928833,
                    -0.9417877793312073
                ],
                [
                    0.43740811944007874,
                    0.8661697506904602,
                    0.24171102046966553
                ]
            ],
            [
                [
                    0.9259429574012756,
                    -0.3776525855064392,
                    -0.002860849490389228
                ],
                [
                    0.35683876276016235,
                    0.8723798394203186,
                    0.3340950608253479
                ],
                [
                    -0.1236761212348938,
                    -0.31037381291389465,
                    0.9425350427627563
                ]
            ],
            [
                [
                    0.9926512837409973,
                    0.0581509992480278,
                    -0.10612177103757858
                ],
                [
                    -0.09307503700256348,
                    0.927338182926178,
                    -0.3624650239944458
                ],
                [
                    0.07733307778835297,
                    0.36967867612838745,
                    0.9259358644485474
                ]
            ]
        ],
        "betas": [
            0.0640595555305481,
            0.019439339637756348,
            0.022567778825759888,
            0.016861528158187866,
            -0.021645933389663696,
            -0.025374602526426315,
            0.027827143669128418,
            -0.08964499831199646,
            -0.019283980131149292,
            -0.08570533990859985
        ]
    },
    "pred_cam_t": [
        -0.05180491507053375,
        0.02435155212879181,
        3.6244451999664307
    ],
    "focal_length": [
        5000.0,
        5000.0
    ],
    "pred_keypoints_3d": [
        [
            0.09539546072483063,
            0.006350700277835131,
            0.0061611454002559185
        ],
        [
            0.07100789248943329,
            -0.015877967700362206,
            -0.01358436606824398
        ],
        [
            0.04064355790615082,
            -0.020166944712400436,
            -0.012390000745654106
        ],
        [
            0.014743085950613022,
            -0.017399080097675323,
            -0.005194111727178097
        ],
        [
            -0.019454343244433403,
            -0.012178156524896622,
            0.0038445619866251945
        ],
        [
            0.03587319329380989,
            -0.06074533239006996,
            0.017428725957870483
        ],
        [
            0.00403696671128273,
            -0.0659634992480278,
            0.02387908659875393
        ],
        [
            -0.015973053872585297,
            -0.05673934891819954,
            0.025627560913562775
        ],
        [
            -0.037651482969522476,
            -0.044527940452098846,
            0.024238497018814087
        ],
        [
            0.031540825963020325,
            -0.05385388433933258,
            0.04120337963104248
        ],
        [
            0.0002459622919559479,
            -0.05088010057806969,
            0.04446887969970703
        ],
        [
            -0.01981782354414463,
            -0.03945480287075043,
            0.04250725731253624
        ],
        [
            -0.04282887279987335,
            -0.030547289177775383,
            0.0353674441576004
        ],
        [
            0.03550693020224571,
            -0.0312652587890625,
            0.05485161393880844
        ],
        [
            0.0068069808185100555,
            -0.032106801867485046,
            0.053933460265398026
        ],
        [
            -0.014613749459385872,
            -0.0204241331666708,
            0.05013304203748703
        ],
        [
            -0.03687279671430588,
            -0.013313825242221355,
            0.040933892130851746
        ],
        [
            0.03769894316792488,
            -0.010598495602607727,
            0.06135442107915878
        ],
        [
            0.017110835760831833,
            -0.008427416905760765,
            0.057744212448596954
        ],
        [
            -0.000609811395406723,
            -0.003366437740623951,
            0.05379139631986618
        ],
        [
            -0.022563276812434196,
            0.0005887122824788094,
            0.04779956489801407
        ]
    ],
    "pred_vertices": [
        [
            0.05234599485993385,
            -0.025845229625701904,
            0.0037360545247793198
        ],
        [
            0.059571243822574615,
            -0.016740713268518448,
            0.0006503332406282425
        ],
        [
            0.05247785523533821,
            -0.018761180341243744,
            -0.0004364624619483948
        ],
        [
            0.04701124504208565,
            -0.0299246683716774,
            0.0003898683935403824
        ],
        [
            0.05818842723965645,
            -0.0008168630301952362,
            -0.011930050328373909
        ],
        [
            0.060874152928590775,
            -0.0021033883094787598,
            -0.023840678855776787
        ],
        [
            0.04599759727716446,
            -0.006977725774049759,
            -0.020681463181972504
        ],
        [
            0.04675978422164917,
            -0.0036558955907821655,
            -0.010647039860486984
        ],
        [
            0.04318619519472122,
            -0.03337296098470688,
            -0.0004534628242254257
        ],
        [
            0.045808374881744385,
            -0.020468518137931824,
            -0.0010058693587779999
        ],
        [
            0.04299342632293701,
            -0.03464674949645996,
            0.0003948044031858444
        ],
        [
            0.04617729038000107,
            -0.05104568600654602,
            0.001309380866587162
        ],
        [
            0.042921215295791626,
            -0.045999206602573395,
            0.0008098790422081947
        ],
        [
            0.04547495394945145,
            -0.0593729205429554,
            0.004813872743397951
        ],
        [
            0.056066326797008514,
            -0.05315612256526947,
            0.001133057288825512
        ],
        [
            0.051558151841163635,
            -0.06303231418132782,
            0.011025531217455864
        ],
        [
            0.07185082137584686,
            -0.04485383629798889,
            0.022259313613176346
        ],
        [
            0.07355242967605591,
            -0.0356617271900177,
            0.032169606536626816
        ],
        [
            0.061617229133844376,
            -0.04595952108502388,
            0.040071696043014526
        ],
        [
            0.060504019260406494,
            -0.05375188589096069,
            0.028734048828482628
        ],
        [
            0.06388070434331894,
            -0.027174098417162895,
            0.049317367374897
        ],
        [
            0.06209374591708183,
            -0.037995465099811554,
            0.04467061907052994
        ],
        [
            0.07491739839315414,
            -0.028435537591576576,
            0.03743809834122658
        ],
        [
            0.07575197517871857,
            -0.019202137365937233,
            0.04179786890745163
        ],
        [
            0.05806030333042145,
            -0.015212390571832657,
            0.012022715061903
        ],
        [
            0.06468558311462402,
            -0.007511179894208908,
            0.00803830474615097
        ],
        [
            0.06432575732469559,
            -0.01218370720744133,
            0.0049001965671777725
        ],
        [
            0.05717732012271881,
            -0.01921716332435608,
            0.008532674983143806
        ],
        [
            0.03648008033633232,
            -0.03132551163434982,
            -0.00562499463558197
        ],
        [
            0.05069856345653534,
            -0.03998572751879692,
            -0.009528402239084244
        ],
        [
            0.04690992832183838,
            -0.03977357596158981,
            -0.0033104605972766876
        ],
        [
            0.03555409610271454,
            -0.027461141347885132,
            -0.0018744487315416336
        ],
        [
            0.0751241073012352,
            0.019171282649040222,
            0.002828400582075119
        ],
        [
            0.08775807917118073,
            0.022694818675518036,
            -0.000525347888469696
        ],
        [
            0.08846540749073029,
            0.01865844801068306,
            -0.004907369613647461
        ],
        [
            0.07717180252075195,
            0.015891730785369873,
            -0.0008439235389232635
        ],
        [
            0.08056408166885376,
            0.005132291465997696,
            -0.021073754876852036
        ],
        [
            0.09069827944040298,
            0.00723160058259964,
            -0.019377456977963448
        ],
        [
            0.10037337243556976,
            0.0006911307573318481,
            -0.024628452956676483
        ],
        [
            0.09060545265674591,
            -0.004445202648639679,
            -0.026478730142116547
        ],
        [
            0.07046392560005188,
            0.0015879720449447632,
            -0.023120174184441566
        ],
        [
            0.07744422554969788,
            -0.006588313728570938,
            -0.029910584911704063
        ],
        [
            0.06426385045051575,
            -0.01029977947473526,
            -0.03060045838356018
        ],
        [
            0.04599745571613312,
            -0.013935282826423645,
            -0.026609111577272415
        ],
        [
            0.0886700451374054,
            0.029554691165685654,
            0.010228950530290604
        ],
        [
            0.07922405004501343,
            0.028378672897815704,
            0.013988785445690155
        ],
        [
            -0.0006813090294599533,
            -0.05897087603807449,
            0.014411279931664467
        ],
        [
            -0.00015423260629177094,
            -0.054919950664043427,
            0.018770631402730942
        ],
        [
            0.00483684241771698,
            -0.05516769737005234,
            0.016986139118671417
        ],
        [
            0.0036348197609186172,
            -0.059358760714530945,
            0.013249671086668968
        ],
        [
            0.09332562983036041,
            0.02478722482919693,
            0.02931782603263855
        ],
        [
            0.09980525821447372,
            0.018227357417345047,
            0.0333406925201416
        ],
        [
            0.10375136882066727,
            0.02362440899014473,
            0.030501333996653557
        ],
        [
            0.09811554849147797,
            0.028826460242271423,
            0.025105636566877365
        ],
        [
            0.08698710054159164,
            0.019400380551815033,
            0.03480544686317444
        ],
        [
            0.09392192959785461,
            0.010722711682319641,
            0.036668337881565094
        ],
        [
            -0.00218939408659935,
            -0.07038842141628265,
            0.0195898599922657
        ],
        [
            -0.002552604302763939,
            -0.06759534031152725,
            0.01525816135108471
        ],
        [
            0.002652132883667946,
            -0.06939500570297241,
            0.015083801932632923
        ],
        [
            0.003896379843354225,
            -0.07185807079076767,
            0.01985139399766922
        ],
        [
            0.04293912649154663,
            -0.04003465548157692,
            0.0019309315830469131
        ],
        [
            0.04565860331058502,
            -0.03316611796617508,
            0.006128367036581039
        ],
        [
            0.03354736790060997,
            -0.05143651366233826,
            0.009329849854111671
        ],
        [
            0.03842988610267639,
            -0.04469703137874603,
            0.00936305895447731
        ],
        [
            0.039938751608133316,
            -0.0487610399723053,
            0.004261186346411705
        ],
        [
            0.03631092235445976,
            -0.054825473576784134,
            0.005224676802754402
        ],
        [
            0.04354969039559364,
            -0.02746167778968811,
            0.024431709200143814
        ],
        [
            0.05135749280452728,
            -0.02047383412718773,
            0.01941383257508278
        ],
        [
            0.04997916892170906,
            -0.02565283700823784,
            0.015624964609742165
        ],
        [
            0.04084055498242378,
            -0.03392121195793152,
            0.019430754706263542
        ],
        [
            0.05080850422382355,
            -0.008955217897891998,
            0.027496550232172012
        ],
        [
            0.04359935224056244,
            -0.017017997801303864,
            0.03201828524470329
        ],
        [
            0.04426009953022003,
            -0.009506087750196457,
            0.03596580773591995
        ],
        [
            0.048477787524461746,
            -0.004604317247867584,
            0.03165131062269211
        ],
        [
            0.03232593461871147,
            -0.03315872699022293,
            0.03749055042862892
        ],
        [
            0.029009277001023293,
            -0.037551380693912506,
            0.03984149917960167
        ],
        [
            0.027720214799046516,
            -0.03538385406136513,
            0.041445210576057434
        ],
        [
            0.03269237279891968,
            -0.030222974717617035,
            0.039324358105659485
        ],
        [
            0.10851160436868668,
            0.02813848853111267,
            0.02783386781811714
        ],
        [
            0.1030137836933136,
            0.031876351684331894,
            0.02065461501479149
        ],
        [
            0.0628676638007164,
            -0.006796127185225487,
            0.057003967463970184
        ],
        [
            0.061378173530101776,
            0.003900788724422455,
            0.05457025766372681
        ],
        [
            0.05102914571762085,
            -0.0006063897162675858,
            0.06062380596995354
        ],
        [
            0.05557112395763397,
            -0.011423785239458084,
            0.062480177730321884
        ],
        [
            0.10402117669582367,
            0.0088026262819767,
            0.03252258896827698
        ],
        [
            0.10871561616659164,
            0.014995474368333817,
            0.031747423112392426
        ],
        [
            -0.0012882407754659653,
            -0.07004053890705109,
            0.02582021802663803
        ],
        [
            0.004705728963017464,
            -0.07086029648780823,
            0.02584211155772209
        ],
        [
            0.07237434387207031,
            -0.021222282201051712,
            -0.029994361102581024
        ],
        [
            0.0492449514567852,
            -0.023529641330242157,
            -0.027707774192094803
        ],
        [
            0.08885214477777481,
            -0.01637154072523117,
            -0.02735557034611702
        ],
        [
            0.09987074136734009,
            -0.012370724231004715,
            -0.022939475253224373
        ],
        [
            0.10856980085372925,
            -0.007879074662923813,
            -0.02154782973229885
        ],
        [
            0.035869747400283813,
            -0.04337773472070694,
            0.015194898471236229
        ],
        [
            0.050606802105903625,
            -0.026653926819562912,
            0.009936146438121796
        ],
        [
            0.05831039696931839,
            -0.011223748326301575,
            0.015134485438466072
        ],
        [
            0.052775900810956955,
            0.01213640347123146,
            0.034224823117256165
        ],
        [
            0.059349074959754944,
            0.01832985132932663,
            0.029104452580213547
        ],
        [
            0.056454189121723175,
            0.009755603969097137,
            0.023444805294275284
        ],
        [
            0.05175298824906349,
            0.005767151713371277,
            0.02945265732705593
        ],
        [
            0.054710905998945236,
            0.01021680049598217,
            0.05033668503165245
        ],
        [
            0.04923149198293686,
            0.009372882544994354,
            0.044685542583465576
        ],
        [
            0.04396228864789009,
            0.004677563905715942,
            0.04837442934513092
        ],
        [
            0.047415196895599365,
            0.005187384784221649,
            0.05485939234495163
        ],
        [
            0.035225316882133484,
            -0.03272740915417671,
            -0.01274043694138527
        ],
        [
            0.053345032036304474,
            -0.03885690122842789,
            -0.01598971337080002
        ],
        [
            0.08660858124494553,
            0.02891116589307785,
            0.022261861711740494
        ],
        [
            0.09217869490385056,
            0.030758477747440338,
            0.017124690115451813
        ],
        [
            0.0996464192867279,
            0.03318241238594055,
            0.01381140947341919
        ],
        [
            0.06989245861768723,
            0.00516911968588829,
            0.0037188827991485596
        ],
        [
            0.0785558894276619,
            0.01361474022269249,
            -0.0035558678209781647
        ],
        [
            0.07824036478996277,
            0.010378900915384293,
            -0.006868500262498856
        ],
        [
            0.07110932469367981,
            0.001842264086008072,
            0.0020044520497322083
        ],
        [
            0.06519711017608643,
            -0.005866449326276779,
            -0.0031375400722026825
        ],
        [
            0.06929574906826019,
            0.0025684423744678497,
            -0.011986143887043
        ],
        [
            0.05574923753738403,
            -0.006860673427581787,
            -0.0020856428891420364
        ],
        [
            0.09060165286064148,
            0.014043133705854416,
            -0.011577364057302475
        ],
        [
            0.09691990911960602,
            0.02290434017777443,
            -0.008886843919754028
        ],
        [
            0.09874996542930603,
            0.016856897622346878,
            -0.015207391232252121
        ],
        [
            0.0969005897641182,
            0.028536062687635422,
            -0.0008761920034885406
        ],
        [
            0.09762188047170639,
            0.03240283578634262,
            0.007096514105796814
        ],
        [
            0.11587131023406982,
            0.019572731107473373,
            0.03161408752202988
        ],
        [
            0.10048902779817581,
            0.010234974324703217,
            -0.0198869239538908
        ],
        [
            0.03860137611627579,
            -0.0063996948301792145,
            -0.009616710245609283
        ],
        [
            0.030677255243062973,
            -0.008241264149546623,
            -0.008802752941846848
        ],
        [
            0.032525498420000076,
            -0.011705413460731506,
            -0.00202050618827343
        ],
        [
            0.04023247957229614,
            -0.010246308520436287,
            -0.0019819680601358414
        ],
        [
            0.04083622619509697,
            -0.06581386923789978,
            0.008954550139605999
        ],
        [
            0.03760172054171562,
            -0.0601867139339447,
            0.005078312940895557
        ],
        [
            0.04253081604838371,
            -0.053839296102523804,
            0.0018618982285261154
        ],
        [
            0.06717418134212494,
            0.016891513019800186,
            0.0110631063580513
        ],
        [
            0.0709109753370285,
            0.02494008094072342,
            0.020013965666294098
        ],
        [
            0.031138043850660324,
            -0.05006283521652222,
            0.01522708311676979
        ],
        [
            0.009497607126832008,
            -0.07298541814088821,
            0.02043047919869423
        ],
        [
            0.008607687428593636,
            -0.070721834897995,
            0.014874223619699478
        ],
        [
            0.027067862451076508,
            -0.06945152580738068,
            0.011565987020730972
        ],
        [
            0.02739613503217697,
            -0.07235591858625412,
            0.01789836585521698
        ],
        [
            0.027455555275082588,
            -0.05368979647755623,
            0.023888878524303436
        ],
        [
            0.028422953560948372,
            -0.051485951989889145,
            0.017187094315886497
        ],
        [
            0.026904530823230743,
            -0.05211014673113823,
            0.018785757943987846
        ],
        [
            0.02482467144727707,
            -0.05247969925403595,
            0.025055736303329468
        ],
        [
            0.029780182987451553,
            -0.026788100600242615,
            0.04419925808906555
        ],
        [
            0.03416754677891731,
            -0.02236493118107319,
            0.042364463210105896
        ],
        [
            0.04653478413820267,
            -0.05982547998428345,
            0.033790573477745056
        ],
        [
            0.05007295310497284,
            -0.06852112710475922,
            0.0241465475410223
        ],
        [
            0.05858559161424637,
            -0.060626279562711716,
            0.019110746681690216
        ],
        [
            0.044369254261255264,
            -0.021317847073078156,
            0.028547188267111778
        ],
        [
            0.03738972917199135,
            -0.027030128985643387,
            0.03356131911277771
        ],
        [
            0.03771841526031494,
            -0.023822028189897537,
            0.03605857118964195
        ],
        [
            0.033753544092178345,
            -0.043864086270332336,
            0.019442608579993248
        ],
        [
            0.029987310990691185,
            -0.04911981150507927,
            0.021167568862438202
        ],
        [
            0.031476788222789764,
            -0.04580320417881012,
            0.024236993864178658
        ],
        [
            0.03508327156305313,
            -0.03987545520067215,
            0.02279309742152691
        ],
        [
            0.07153154909610748,
            0.009540706872940063,
            0.0485246405005455
        ],
        [
            0.06353286653757095,
            0.016926616430282593,
            0.04409440606832504
        ],
        [
            -0.0017660502344369888,
            -0.06347519904375076,
            0.0133159589022398
        ],
        [
            0.0029718708246946335,
            -0.064670130610466,
            0.01258313562721014
        ],
        [
            0.051978692412376404,
            -0.014587067067623138,
            0.023491065949201584
        ],
        [
            0.06759410351514816,
            -0.05055065453052521,
            0.01306348480284214
        ],
        [
            0.05831582844257355,
            -0.006756342947483063,
            0.01830097660422325
        ],
        [
            0.04410794749855995,
            -0.025872763246297836,
            0.05883786082267761
        ],
        [
            0.03786288946866989,
            -0.020314428955316544,
            0.05626166611909866
        ],
        [
            0.03312549740076065,
            -0.02271323651075363,
            0.056092195212841034
        ],
        [
            0.03554502874612808,
            -0.027435876429080963,
            0.05923062935471535
        ],
        [
            0.01075996644794941,
            -0.0547107569873333,
            0.028137098997831345
        ],
        [
            0.009461255744099617,
            -0.053107187151908875,
            0.022611215710639954
        ],
        [
            0.005651259794831276,
            -0.05306895077228546,
            0.022788958624005318
        ],
        [
            0.006407467648386955,
            -0.05483405292034149,
            0.02824927307665348
        ],
        [
            0.029553335160017014,
            -0.05311073362827301,
            0.01161519531160593
        ],
        [
            0.03126732259988785,
            -0.05717701092362404,
            0.007108515128493309
        ],
        [
            0.02619520202279091,
            -0.05760668218135834,
            0.00915549136698246
        ],
        [
            0.026021357625722885,
            -0.05396832898259163,
            0.014002244919538498
        ],
        [
            0.03241471201181412,
            -0.06306129693984985,
            0.007111033424735069
        ],
        [
            0.026885773986577988,
            -0.06389843672513962,
            0.008447778411209583
        ],
        [
            0.011560888960957527,
            -0.060027435421943665,
            0.03172779083251953
        ],
        [
            0.01139722391963005,
            -0.06748941540718079,
            0.03103708103299141
        ],
        [
            0.027077335864305496,
            -0.0656781792640686,
            0.03022109530866146
        ],
        [
            0.02402946911752224,
            -0.058247096836566925,
            0.029926786199212074
        ],
        [
            0.08793804049491882,
            -0.012342214584350586,
            0.0356803759932518
        ],
        [
            0.08652792125940323,
            -0.002559337764978409,
            0.04077582061290741
        ],
        [
            0.07445085048675537,
            -0.009213887155056,
            0.047189511358737946
        ],
        [
            0.06300780177116394,
            -0.015846790745854378,
            0.054557062685489655
        ],
        [
            0.05177857726812363,
            -0.022084373980760574,
            0.05988328531384468
        ],
        [
            0.054388441145420074,
            -0.03375701978802681,
            0.05656379088759422
        ],
        [
            0.07413383573293686,
            -0.0013447366654872894,
            0.049512580037117004
        ],
        [
            0.03284856677055359,
            -0.05641959607601166,
            0.03042483516037464
        ],
        [
            0.03791525214910507,
            -0.0637209489941597,
            0.02979673072695732
        ],
        [
            0.03817496448755264,
            -0.05930842459201813,
            0.03308240696787834
        ],
        [
            0.0566285103559494,
            -0.000576503574848175,
            0.022103112190961838
        ],
        [
            0.008577661588788033,
            -0.0662894919514656,
            0.011983129195868969
        ],
        [
            0.11145763844251633,
            -0.016707509756088257,
            -0.0014293752610683441
        ],
        [
            0.11349023133516312,
            -0.011360984295606613,
            0.011155029758810997
        ],
        [
            0.10656113177537918,
            -0.016818691045045853,
            0.011707084253430367
        ],
        [
            0.10320187360048294,
            -0.022594138979911804,
            -0.0029792115092277527
        ],
        [
            0.008802209049463272,
            -0.05526457726955414,
            0.01608871854841709
        ],
        [
            0.008544007316231728,
            -0.05997723340988159,
            0.011797499842941761
        ],
        [
            0.03293633088469505,
            -0.017296629026532173,
            0.04591365531086922
        ],
        [
            0.029331641271710396,
            -0.02200176939368248,
            0.04754678159952164
        ],
        [
            0.02925826981663704,
            -0.020747631788253784,
            0.05092528089880943
        ],
        [
            0.030714979395270348,
            -0.014662159606814384,
            0.049334920942783356
        ],
        [
            0.08634141087532043,
            0.003286994993686676,
            0.04205659031867981
        ],
        [
            0.0424320250749588,
            -0.000967271625995636,
            0.06122728809714317
        ],
        [
            0.047164272516965866,
            -0.011523179709911346,
            0.06400608271360397
        ],
        [
            0.09705650806427002,
            0.0028152577579021454,
            0.0350317507982254
        ],
        [
            0.09882590174674988,
            -0.005895286798477173,
            0.030987385660409927
        ],
        [
            0.10662522166967392,
            -0.0008452534675598145,
            0.028062529861927032
        ],
        [
            0.047662511467933655,
            -0.04589002951979637,
            0.049732744693756104
        ],
        [
            0.08682228624820709,
            -0.020156051963567734,
            0.03209536522626877
        ],
        [
            0.09804598987102509,
            -0.012416929006576538,
            0.02705451473593712
        ],
        [
            0.10732445120811462,
            -0.006685882806777954,
            0.02337379939854145
        ],
        [
            0.11426813155412674,
            -0.0024458058178424835,
            0.021637441590428352
        ],
        [
            0.1126803308725357,
            0.0036248676478862762,
            0.026835449039936066
        ],
        [
            0.010311935096979141,
            -0.07119959592819214,
            0.026436690241098404
        ],
        [
            0.005419576540589333,
            -0.0666651576757431,
            0.031108584254980087
        ],
        [
            0.12052856385707855,
            0.008131228387355804,
            0.0266720000654459
        ],
        [
            0.12159097194671631,
            0.0014248006045818329,
            0.020359642803668976
        ],
        [
            0.0971912071108818,
            -0.019445817917585373,
            0.021128695458173752
        ],
        [
            0.09496425837278366,
            -0.027420014142990112,
            0.012560759671032429
        ],
        [
            0.08621349185705185,
            -0.0265438724309206,
            0.026127558201551437
        ],
        [
            0.08346060663461685,
            -0.03496464341878891,
            0.01844792440533638
        ],
        [
            0.052533529698848724,
            -0.05474644899368286,
            0.04511437937617302
        ],
        [
            -0.011183520779013634,
            -0.05934949964284897,
            0.0333399772644043
        ],
        [
            -0.00022693350911140442,
            -0.06043880805373192,
            0.032694894820451736
        ],
        [
            0.0007234737277030945,
            -0.055445194244384766,
            0.029884198680520058
        ],
        [
            -0.01009112037718296,
            -0.055312417447566986,
            0.03274482116103172
        ],
        [
            0.006423475220799446,
            -0.059714097529649734,
            0.0315575934946537
        ],
        [
            -0.0005500782281160355,
            -0.0659525990486145,
            0.03127271682024002
        ],
        [
            0.0780036523938179,
            -0.04168924689292908,
            0.005774252116680145
        ],
        [
            0.028433116152882576,
            -0.05026497691869736,
            0.026458362117409706
        ],
        [
            0.08793793618679047,
            -0.0331544503569603,
            -0.004565827548503876
        ],
        [
            0.06568960845470428,
            -0.04752356559038162,
            -0.004658006131649017
        ],
        [
            0.07095935940742493,
            -0.03971575200557709,
            -0.013456305488944054
        ],
        [
            0.09713825583457947,
            -0.023623887449502945,
            -0.016852768138051033
        ],
        [
            0.08033265918493271,
            -0.03034614771604538,
            -0.022601082921028137
        ],
        [
            0.1140570342540741,
            -0.012388017028570175,
            -0.012949656695127487
        ],
        [
