{
    "pred_cam": [
        8.39607048034668,
        0.05792997032403946,
        -0.05758221074938774
    ],
    "pred_mano_params": {
        "global_orient": [
            [
                [
                    0.5550439357757568,
                    -0.2241578847169876,
                    0.8010489344596863
                ],
                [
                    -0.3940536081790924,
                    -0.918950080871582,
                    0.01588810607790947
                ],
                [
                    0.7325626015663147,
                    -0.32447484135627747,
                    -0.5983878970146179
                ]
            ]
        ],
        "hand_pose": [
            [
                [
                    0.8146737813949585,
                    -0.4982718825340271,
                    -0.29670169949531555
                ],
                [
                    0.45735424757003784,
                    0.8666041493415833,
                    -0.19956056773662567
                ],
                [
                    0.35655832290649414,
                    0.026878956705331802,
                    0.9338864684104919
                ]
            ],
            [
                [
                    0.8740997910499573,
                    -0.4423578381538391,
                    0.20067164301872253
                ],
                [
                    0.4681655764579773,
                    0.8773503303527832,
                    -0.10524939745664597
                ],
                [
                    -0.12950143218040466,
                    0.1859460026025772,
                    0.9739884734153748
                ]
            ],
            [
                [
                    0.7790250182151794,
                    -0.6096683740615845,
                    0.14637118577957153
                ],
                [
                    0.6269727349281311,
                    0.7556042671203613,
                    -0.18965059518814087
                ],
                [
                    0.005025274585932493,
                    0.23951329290866852,
                    0.9708800911903381
                ]
            ],
            [
                [
                    0.8978239893913269,
                    -0.41302409768104553,
                    -0.1527194380760193
                ],
                [
                    0.3909810781478882,
                    0.9072428941726685,
                    -0.1550619900226593
                ],
                [
                    0.2025979459285736,
                    0.07950796186923981,
                    0.9760290384292603
                ]
            ],
            [
                [
                    0.7329834699630737,
                    -0.6501361727714539,
                    -0.20014546811580658
                ],
                [
                    0.6776793003082275,
                    0.6723573803901672,
                    0.2978024482727051
                ],
                [
                    -0.05904287099838257,
                    -0.3539187014102936,
                    0.93341064453125
                ]
            ],
            [
                [
                    0.8204888701438904,
                    -0.5716309547424316,
                    -0.0060120983980596066
                ],
                [
                    0.5708562731742859,
                    0.818727970123291,
                    0.06170600280165672
                ],
                [
                    -0.030350785702466965,
                    -0.054061129689216614,
                    0.998076319694519
                ]
            ],
            [
                [
                    0.7008680105209351,
                    -0.7076253294944763,
                    0.08972466737031937
                ],
                [
                    0.6852667927742004,
                    0.7028962969779968,
                    0.1906469166278839
                ],
                [
                    -0.19797372817993164,
                    -0.07213297486305237,
                    0.97754967212677
                ]
            ],
            [
                [
                    0.977912425994873,
                    -0.1787102371454239,
                    -0.10839717835187912
                ],
                [
                    0.18433523178100586,
                    0.9818679690361023,
                    0.044225063174963
                ],
                [
                    0.09852823615074158,
                    -0.06322965770959854,
                    0.993123471736908
                ]
            ],
            [
                [
                    0.9492954611778259,
                    -0.14780497550964355,
                    0.27747395634651184
                ],
                [
                    0.08745155483484268,
                    0.9719048142433167,
                    0.21852508187294006
                ],
                [
                    -0.30197736620903015,
                    -0.1831793487071991,
                    0.9355506300926208
                ]
            ],
            [
                [
                    0.9035637974739075,
                    -0.42689937353134155,
                    -0.03645884245634079
                ],
                [
                    0.4173620343208313,
                    0.896217405796051,
                    -0.15034420788288116
                ],
                [
                    0.09685689955949783,
                    0.12062907218933105,
                    0.9879611730575562
                ]
            ],
            [
                [
                    0.91030353307724,
                    -0.4021599590778351,
                    -0.09805531054735184
                ],
                [
                    0.40448543429374695,
                    0.8138492703437805,
                    0.41718196868896484
                ],
                [
                    -0.08797165006399155,
                    -0.4194241762161255,
                    0.9035177230834961
                ]
            ],
            [
                [
                    0.8500964641571045,
                    -0.5236492156982422,
                    -0.05592406168580055
                ],
                [
                    0.520763099193573,
                    0.8200744390487671,
                    0.23724190890789032
                ],
                [
                    -0.07836964726448059,
                    -0.23080170154571533,
                    0.9698395729064941
                ]
            ],
            [
                [
                    0.9810006022453308,
                    -0.14470651745796204,
                    0.12922029197216034
                ],
                [
                    0.17693154513835907,
                    0.39410462975502014,
                    -0.9018740057945251
                ],
                [
                    0.07958074659109116,
                    0.907602071762085,
                    0.4122200310230255
                ]
            ],
            [
                [
                    0.8918943405151367,
                    -0.3225729465484619,
                    -0.31697189807891846
                ],
                [
                    0.44879424571990967,
                    0.7177145481109619,
                    0.5324185490608215
                ],
                [
                    0.055751532316207886,
                    -0.6171162128448486,
                    0.7848944067955017
                ]
            ],
            [
                [
                    0.8794439435005188,
                    0.46323350071907043,
                    -0.10951272398233414
                ],
                [
                    -0.452294260263443,
                    0.8849284052848816,
                    0.11104732751846313
                ],
                [
                    0.148351788520813,
                    -0.0481279231607914,
                    0.9877627491950989
                ]
            ]
        ],
        "betas": [
            -0.09250819683074951,
            -0.0403175950050354,
            -0.03725552558898926,
            0.03741762042045593,
            0.08494910597801208,
            -0.013837043195962906,
            0.02309328317642212,
            -0.010496199131011963,
            0.0005326122045516968,
            -0.07870569825172424
        ]
    },
    "pred_cam_t": [
        -0.05792997032403946,
        -0.05758221074938774,
        4.6524739265441895
    ],
    "focal_length": [
        5000.0,
        5000.0
    ],
    "pred_keypoints_3d": [
        [
            0.09619088470935822,
            0.00643140496686101,
            0.006208787672221661
        ],
        [
            0.10706205666065216,
            0.030728759244084358,
            -0.02202562615275383
        ],
        [
            0.1107538715004921,
            0.05998603254556656,
            -0.03150104731321335
        ],
        [
            0.10253898054361343,
            0.08490657061338425,
            -0.038772571831941605
        ],
        [
            0.09085075557231903,
            0.10778442025184631,
            -0.06481628865003586
        ],
        [
            0.06481628865003586,
            0.046482574194669724,
            -0.06944447755813599
        ],
        [
            0.04354952275753021,
            0.06894409656524658,
            -0.08137903362512589
        ],
        [
            0.038318805396556854,
            0.09057261794805527,
            -0.07992323487997055
        ],
        [
            0.041194185614585876,
            0.11231966316699982,
            -0.0670928955078125
        ],
        [
            0.040984611958265305,
            0.045238789170980453,
            -0.06100647523999214
        ],
        [
            0.018294934183359146,
            0.0650007501244545,
            -0.07136514037847519
        ],
        [
            0.014691310003399849,
            0.08719561249017715,
            -0.06501153111457825
        ],
        [
            0.02085711434483528,
            0.10965891182422638,
            -0.05427898094058037
        ],
        [
            0.029986031353473663,
            0.04200585186481476,
            -0.036688245832920074
        ],
        [
            0.011343182995915413,
            0.06077050417661667,
            -0.04852934926748276
        ],
        [
            0.003104899078607559,
            0.0841408520936966,
            -0.04603483900427818
        ],
        [
            0.003819690551608801,
            0.10879705846309662,
            -0.03969184681773186
        ],
        [
            0.025253355503082275,
            0.04218630492687225,
            -0.015266508795320988
        ],
        [
            0.014007190242409706,
            0.06019905209541321,
            -0.01500727515667677
        ],
        [
            0.006053663790225983,
            0.0770905464887619,
            -0.011128341779112816
        ],
        [
            0.003470407798886299,
            0.09647643566131592,
            -0.010736601427197456
        ]
    ],
    "pred_vertices": [
        [
            0.08539383858442307,
            0.04339782893657684,
            -0.034701328724622726
        ],
        [
            0.09065132588148117,
            0.04070490226149559,
            -0.025976479053497314
        ],
        [
            0.09282386302947998,
            0.048978351056575775,
            -0.03006482496857643
        ],
        [
            0.08855191618204117,
            0.04986027628183365,
            -0.04062703996896744
        ],
        [
            0.10497695207595825,
            0.04642117768526077,
            -0.01010315865278244
        ],
        [
            0.11692540347576141,
            0.044093236327171326,
            -0.009871169924736023
        ],
        [
            0.11566970497369766,
            0.05869552493095398,
            -0.017000064253807068
        ],
        [
            0.10590862482786179,
            0.059056974947452545,
            -0.014423150569200516
        ],
        [
            0.09093811362981796,
            0.05435620993375778,
            -0.044969022274017334
        ],
        [
            0.09466148167848587,
            0.05590319260954857,
            -0.03270849958062172
        ],
        [
            0.0932997465133667,
            0.05457834154367447,
            -0.04545548930764198
        ],
        [
            0.08818812668323517,
            0.04574136808514595,
            -0.060651861131191254
        ],
        [
            0.08651883155107498,
            0.04966503381729126,
            -0.056372206658124924
        ],
        [
            0.08220062404870987,
            0.04281988739967346,
            -0.06834615767002106
        ],
        [
            0.09098310768604279,
            0.03517346829175949,
            -0.06038380786776543
        ],
        [
            0.0778091549873352,
            0.034203507006168365,
            -0.06972522288560867
        ],
        [
            0.07196812331676483,
            0.014377187937498093,
            -0.04676128178834915
        ],
        [
            0.06317960470914841,
            0.011658083647489548,
            -0.03627282381057739
        ],
        [
            0.05260947346687317,
            0.019022386521100998,
            -0.04710914194583893
        ],
        [
            0.06251761317253113,
            0.021679488942027092,
            -0.05641425773501396
        ],
        [
            0.045235127210617065,
            0.017768405377864838,
            -0.027528364211320877
        ],
        [
            0.04858189448714256,
            0.01866932213306427,
            -0.03890136629343033
        ],
        [
            0.05886097624897957,
            0.01023755595088005,
            -0.02838844805955887
        ],
        [
            0.05538491904735565,
            0.010029613971710205,
            -0.018671471625566483
        ],
        [
            0.0786396712064743,
            0.036069776862859726,
            -0.02132270112633705
        ],
        [
            0.08430948853492737,
            0.032684534788131714,
            -0.013322554528713226
        ],
        [
            0.08682672679424286,
            0.034090593457221985,
            -0.019096963107585907
        ],
        [
            0.08167308568954468,
            0.03767259791493416,
            -0.026143204420804977
        ],
        [
            0.10231945663690567,
            0.06128086894750595,
            -0.04349227622151375
        ],
        [
            0.10496693849563599,
            0.045676372945308685,
            -0.04891664534807205
        ],
        [
            0.09795183688402176,
            0.0492851696908474,
            -0.049394458532333374
        ],
        [
            0.09872739762067795,
            0.06347186118364334,
            -0.039678774774074554
        ],
        [
            0.09393136203289032,
            0.029008889570832253,
            0.014912448823451996
        ],
        [
            0.1011207103729248,
            0.018791712820529938,
            0.020302485674619675
        ],
        [
            0.10523209720849991,
            0.018514256924390793,
            0.01596924662590027
        ],
        [
            0.09753203392028809,
            0.02741541713476181,
            0.011572711169719696
        ],
        [
            0.11658719927072525,
            0.026061568409204483,
            -0.00030068308115005493
        ],
        [
            0.11866263300180435,
            0.01720772683620453,
            0.003795623779296875
        ],
        [
            0.12699991464614868,
            0.008144572377204895,
            -0.0012621134519577026
        ],
        [
            0.12575913965702057,
            0.015734516084194183,
            -0.00805501639842987
        ],
        [
            0.11618190258741379,
            0.03517313301563263,
            -0.0055084228515625
        ],
        [
            0.12564602494239807,
            0.027830127626657486,
            -0.012030862271785736
        ],
        [
            0.12506721913814545,
            0.03925047069787979,
            -0.01638644188642502
        ],
        [
            0.12193417549133301,
            0.056147996336221695,
            -0.023342158645391464
        ],
        [
            0.09136584401130676,
            0.016290850937366486,
            0.028404615819454193
        ],
        [
            0.08491124212741852,
            0.02386443503201008,
            0.02592151239514351
        ],
        [
            0.051504410803318024,
            0.07732301950454712,
            -0.07816357910633087
        ],
        [
            0.047716692090034485,
            0.07731980830430984,
            -0.0735669881105423
        ],
        [
            0.050124287605285645,
            0.0742926374077797,
            -0.07285483181476593
        ],
        [
            0.053177643567323685,
            0.0747564285993576,
            -0.0778915137052536
        ],
        [
            0.07417245209217072,
            0.005579128861427307,
            0.02640906348824501
        ],
        [
            0.07184088230133057,
            -0.0030266158282756805,
            0.021518424153327942
        ],
        [
            0.07598578184843063,
            -0.004872772842645645,
            0.027281563729047775
        ],
        [
            0.0798058733344078,
            0.0030402876436710358,
            0.030825644731521606
        ],
        [
            0.06683318316936493,
            0.009026788175106049,
            0.020507514476776123
        ],
        [
            0.06662020832300186,
            0.00014071911573410034,
            0.013383578509092331
        ],
        [
            0.04506067931652069,
            0.07497744262218475,
            -0.08921723067760468
        ],
        [
            0.04941994696855545,
            0.07672898471355438,
            -0.0869808942079544
        ],
        [
            0.0504646897315979,
            0.07206053286790848,
            -0.0874997153878212
        ],
        [
            0.04611998051404953,
            0.06948726624250412,
            -0.08871041238307953
        ],
        [
            0.08412155508995056,
            0.049685847014188766,
            -0.05010470375418663
        ],
        [
            0.08035913109779358,
            0.046642959117889404,
            -0.04211526736617088
        ],
        [
            0.07197298109531403,
            0.053633369505405426,
            -0.06218333914875984
        ],
        [
            0.07424477487802505,
            0.04990800470113754,
            -0.05413755401968956
        ],
        [
            0.07982566952705383,
            0.04958004876971245,
            -0.058660704642534256
        ],
        [
            0.07684572041034698,
            0.051599469035863876,
            -0.06554767489433289
        ],
        [
            0.061796583235263824,
            0.043929535895586014,
            -0.034552767872810364
        ],
        [
            0.06929735839366913,
            0.039176709949970245,
            -0.02676815539598465
        ],
        [
            0.07235933095216751,
            0.040688030421733856,
            -0.032587118446826935
        ],
        [
            0.06552751362323761,
            0.04663798213005066,
            -0.04193265736103058
        ],
        [
            0.06175001710653305,
            0.039718613028526306,
            -0.014693696051836014
        ],
        [
            0.054838575422763824,
            0.0439268983900547,
            -0.023499688133597374
        ],
        [
            0.05137937143445015,
            0.0437619611620903,
            -0.015634242445230484
        ],
        [
            0.057158030569553375,
            0.04168885201215744,
            -0.01043664664030075
        ],
        [
            0.04495128244161606,
            0.05057752877473831,
            -0.04104907065629959
        ],
        [
            0.03982577845454216,
            0.0518341064453125,
            -0.04672098532319069
        ],
        [
            0.03705737739801407,
            0.052812881767749786,
            -0.044316839426755905
        ],
        [
            0.04294963926076889,
            0.0501057431101799,
            -0.03797775134444237
        ],
        [
            0.08016793429851532,
            -0.0077126361429691315,
            0.03230893239378929
        ],
        [
            0.08566475659608841,
            0.0002844184637069702,
            0.034249186515808105
        ],
        [
            0.03787276893854141,
            0.020344041287899017,
            -0.0071423351764678955
        ],
        [
            0.039692409336566925,
            0.024819880723953247,
            0.002907928079366684
        ],
        [
            0.029878921806812286,
            0.030729450285434723,
            -0.0027222689241170883
        ],
        [
            0.030179407447576523,
            0.024156538769602776,
            -0.012261135503649712
        ],
        [
            0.0734236091375351,
            -0.008708551526069641,
            0.01286235824227333
        ],
        [
            0.07582143694162369,
            -0.011689204722642899,
            0.019767504185438156
        ],
        [
            0.03927343338727951,
            0.07336742430925369,
            -0.08786854147911072
        ],
        [
            0.04069770127534866,
            0.06783852726221085,
            -0.08651277422904968
        ],
        [
            0.1264054924249649,
            0.029111307114362717,
            -0.02569502219557762
        ],
        [
            0.1235334575176239,
            0.05119841918349266,
            -0.03174005076289177
        ],
        [
            0.12603820860385895,
            0.014290936291217804,
            -0.018940694630146027
        ],
        [
            0.12466156482696533,
            0.004706595093011856,
            -0.01332276314496994
        ],
        [
            0.12611638009548187,
            -0.002131260931491852,
            -0.007653787732124329
        ],
        [
            0.06775221973657608,
            0.0509166494011879,
            -0.05268240347504616
        ],
        [
            0.078153595328331,
            0.04181921109557152,
            -0.03424782305955887
        ],
        [
            0.07587234675884247,
            0.035519301891326904,
            -0.016878746449947357
        ],
        [
            0.05676722526550293,
            0.04022757336497307,
            0.007077395915985107
        ],
        [
            0.06406532973051071,
            0.036575257778167725,
            0.01388334110379219
        ],
        [
            0.06819453835487366,
            0.03914782404899597,
            0.00435512512922287
        ],
        [
            0.06074687838554382,
            0.04122484475374222,
            0.0001475214958190918
        ],
        [
            0.04172687232494354,
            0.033534497022628784,
            0.007304467260837555
        ],
        [
            0.04527462273836136,
            0.04024762287735939,
            0.004688836634159088
        ],
        [
            0.03896079957485199,
            0.0431341789662838,
            -0.0007022544741630554
        ],
        [
            0.03407193720340729,
            0.03756074979901314,
            0.0014868378639221191
        ],
        [
            0.10942630469799042,
            0.06202590838074684,
            -0.04582681506872177
        ],
        [
            0.11227207630872726,
            0.043861035257577896,
            -0.04740896821022034
        ],
        [
            0.07918979227542877,
            0.014737963676452637,
            0.02860984206199646
        ],
        [
            0.08584250509738922,
            0.011289630085229874,
            0.0309133417904377
        ],
        [
            0.09132538735866547,
            0.005670815706253052,
            0.034254781901836395
        ],
        [
            0.09014768898487091,
            0.031128013506531715,
            -0.00013058632612228394
        ],
        [
            0.10002449154853821,
            0.02631150372326374,
            0.009195156395435333
        ],
        [
            0.102295882999897,
            0.02673984318971634,
            0.0054417625069618225
        ],
        [
            0.09129220247268677,
            0.030098924413323402,
            -0.0037970319390296936
        ],
        [
            0.09494858980178833,
            0.03828705847263336,
            -0.014984328299760818
        ],
        [
            0.10369868576526642,
            0.035724639892578125,
            -0.005430735647678375
        ],
        [
            0.0957665741443634,
            0.048294804990291595,
            -0.017714809626340866
        ],
        [
            0.11176829040050507,
            0.017187505960464478,
            0.011160939931869507
        ],
        [
            0.11187715828418732,
            0.012622922658920288,
            0.021339282393455505
        ],
        [
            0.11819227039813995,
            0.011356212198734283,
            0.015089951455593109
        ],
        [
            0.1044047400355339,
            0.011481277644634247,
            0.02768605574965477
        ],
        [
            0.0971325933933258,
            0.009308289736509323,
            0.03247011825442314
        ],
        [
            0.07829173654317856,
            -0.017495740205049515,
            0.025557324290275574
        ],
        [
            0.1229088082909584,
            0.009482931345701218,
            0.008408144116401672
        ],
        [
            0.10689619928598404,
            0.06748462468385696,
            -0.019632361829280853
        ],
        [
            0.10673788189888,
            0.07480493187904358,
            -0.024334918707609177
        ],
        [
            0.10034741461277008,
            0.07197025418281555,
            -0.025972474366426468
        ],
        [
            0.09997005760669708,
            0.06524071097373962,
            -0.022777218371629715
        ],
        [
            0.07489637285470963,
            0.043850481510162354,
            -0.0752488300204277
        ],
        [
            0.07740014046430588,
            0.04940887913107872,
            -0.07087480276823044
        ],
        [
            0.08372282236814499,
            0.04737315699458122,
            -0.06373973190784454
        ],
        [
            0.0836358293890953,
            0.03377547860145569,
            0.01206991821527481
        ],
        [
            0.07653830200433731,
            0.02937900461256504,
            0.02158559113740921
        ],
        [
            0.06543073803186417,
            0.054277535527944565,
            -0.06075911223888397
        ],
        [
            0.04782072454690933,
            0.06458107382059097,
            -0.0880514606833458
        ],
        [
            0.05267489701509476,
            0.06776774674654007,
            -0.08686453849077225
        ],
        [
            0.06434031575918198,
            0.05420345440506935,
            -0.0815880298614502
        ],
        [
            0.05873873829841614,
            0.05044390633702278,
            -0.08331786841154099
        ],
        [
            0.05486937239766121,
            0.053671158850193024,
            -0.06458679586648941
        ],
        [
            0.06161491945385933,
            0.05564770847558975,
            -0.06292583048343658
        ],
        [
            0.05899238958954811,
            0.05612548440694809,
            -0.06380251049995422
        ],
        [
            0.05241616815328598,
            0.05520833656191826,
            -0.06376325339078903
        ],
        [
            0.03497599810361862,
            0.05151227116584778,
            -0.03523586690425873
        ],
        [
            0.04014807194471359,
            0.049348171800374985,
            -0.02978622354567051
        ],
        [
            0.0533328615128994,
            0.03206987679004669,
            -0.06437548249959946
        ],
        [
            0.06341962516307831,
            0.029560301452875137,
            -0.07314173132181168
        ],
        [
            0.07137227803468704,
            0.025384262204170227,
            -0.06475938111543655
        ],
        [
            0.05829952284693718,
            0.043236542493104935,
            -0.027934692800045013
        ],
        [
            0.05099259689450264,
            0.047586776316165924,
            -0.03433767333626747
        ],
        [
            0.048616643995046616,
            0.04725818336009979,
            -0.0309086125344038
        ],
        [
            0.06287842243909836,
            0.051632944494485855,
            -0.05320792645215988
        ],
        [
            0.05944918096065521,
            0.0536741204559803,
            -0.05928836762905121
        ],
        [
            0.057106778025627136,
            0.052412837743759155,
            -0.055154647678136826
        ],
        [
            0.060190439224243164,
            0.050159353762865067,
            -0.04857355356216431
        ],
        [
            0.04882488399744034,
            0.018042776733636856,
            0.009536024183034897
        ],
        [
            0.0508849211037159,
            0.0282979104667902,
            0.014869503676891327
        ],
        [
            0.05195542424917221,
            0.0773598700761795,
            -0.08302216976881027
        ],
        [
            0.0532526895403862,
            0.07391125708818436,
            -0.08333031088113785
        ],
        [
            0.06575309485197067,
            0.038602329790592194,
            -0.020433366298675537
        ],
        [
            0.08021697402000427,
            0.020369529724121094,
            -0.054223671555519104
        ],
        [
            0.07299019396305084,
            0.035446081310510635,
            -0.012106366455554962
        ],
        [
            0.02927703782916069,
            0.03270528465509415,
            -0.029669322073459625
        ],
        [
            0.028095781803131104,
            0.04042303189635277,
            -0.02558257058262825
        ],
        [
            0.02551017515361309,
            0.0428653359413147,
            -0.030402112752199173
        ],
        [
            0.02443830296397209,
            0.03770716115832329,
            -0.0343756228685379
        ],
        [
            0.042621731758117676,
            0.06569532305002213,
            -0.06869174540042877
        ],
        [
            0.04706753045320511,
            0.06932922452688217,
            -0.06817848235368729
        ],
        [
            0.04488026350736618,
            0.07253996282815933,
            -0.06978650391101837
        ],
        [
            0.039652690291404724,
            0.06988107413053513,
            -0.07079538702964783
        ],
        [
            0.06706644594669342,
            0.0563705749809742,
            -0.06511258333921432
        ],
        [
            0.0719134733080864,
            0.055317893624305725,
            -0.06929714232683182
        ],
        [
            0.06688851118087769,
            0.05912303552031517,
            -0.0708339512348175
        ],
        [
            0.06273417919874191,
            0.058301717042922974,
            -0.06660459190607071
        ],
        [
            0.07176303118467331,
            0.0528433583676815,
            -0.07491248846054077
        ],
        [
            0.06738203763961792,
            0.05715469270944595,
            -0.07682345062494278
        ],
        [
            0.0391511470079422,
            0.06228084862232208,
            -0.07306409627199173
        ],
        [
            0.039086610078811646,
            0.060730330646038055,
            -0.08046811074018478
        ],
        [
            0.04802098125219345,
            0.04742218554019928,
            -0.07505487650632858
        ],
        [
            0.047383349388837814,
            0.05217617005109787,
            -0.06868074089288712
        ],
        [
            0.06489220261573792,
            0.0015168599784374237,
            -0.0105024054646492
        ],
        [
            0.06002771854400635,
            0.0033932551741600037,
            -0.0005704089999198914
        ],
        [
            0.05030538886785507,
            0.01179230585694313,
            -0.008463192731142044
        ],
        [
            0.040118228644132614,
            0.01912543550133705,
            -0.016031885519623756
        ],
        [
            0.03175193443894386,
            0.027086405083537102,
            -0.023682821542024612
        ],
        [
            0.036081209778785706,
            0.02335456758737564,
            -0.034678637981414795
        ],
        [
            0.04825419560074806,
            0.013005554676055908,
            -0.0006010755896568298
        ],
        [
            0.04993485286831856,
            0.04643935710191727,
            -0.0659819021821022
        ],
        [
            0.05368580296635628,
            0.03938521817326546,
            -0.07078249007463455
        ],
        [
            0.05011359602212906,
            0.03947725147008896,
            -0.06665109843015671
        ],
        [
            0.069091796875,
            0.03724334388971329,
            -0.005931932479143143
        ],
        [
            0.05560073256492615,
            0.07037992030382156,
            -0.08298229426145554
        ],
        [
            0.10720972716808319,
            -0.011516734957695007,
            -0.014127790927886963
        ],
        [
            0.09593474864959717,
            -0.015644758939743042,
            -0.007435303181409836
        ],
        [
            0.09308895468711853,
            -0.010381240397691727,
            -0.014014385640621185
        ],
        [
            0.10603241622447968,
            -0.004679985344409943,
            -0.021359823644161224
        ],
        [
            0.05260014161467552,
            0.07186926156282425,
            -0.07150284200906754
        ],
        [
            0.05608994513750076,
            0.07235684245824814,
            -0.07686270773410797
        ],
        [
            0.03557335212826729,
            0.04970599338412285,
            -0.024917926639318466
        ],
        [
            0.03141031414270401,
            0.050814438611269,
            -0.0306156687438488
        ],
        [
            0.02762404829263687,
            0.04919673129916191,
            -0.029641352593898773
        ],
        [
            0.029986567795276642,
            0.050517112016677856,
            -0.02230902388691902
        ],
        [
            0.05901545658707619,
            0.004384104162454605,
            0.0052684880793094635
        ],
        [
            0.024833448231220245,
            0.03609481826424599,
            -0.005571169778704643
        ],
        [
            0.024646997451782227,
            0.0300439540296793,
            -0.014436764642596245
        ],
        [
            0.06874150782823563,
            -0.004002343863248825,
            0.005966193974018097
        ],
        [
            0.07278050482273102,
            -0.006268195807933807,
            -0.0027290545403957367
        ],
        [
            0.07809264957904816,
            -0.01182296872138977,
            0.003345262259244919
        ],
        [
            0.03925487771630287,
            0.02889424003660679,
            -0.04905938357114792
        ],
        [
            0.0676536038517952,
            0.00203501433134079,
            -0.018793411552906036
        ],
        [
            0.07605728507041931,
            -0.0057101771235466,
            -0.00971938669681549
        ],
        [
            0.08256246149539948,
            -0.012337319552898407,
            -0.0027830787003040314
        ],
        [
            0.08647260814905167,
            -0.017552468925714493,
            0.0025052279233932495
        ],
        [
            0.08123677223920822,
            -0.016336657106876373,
            0.00872659683227539
        ],
        [
            0.042562149465084076,
            0.06228954717516899,
            -0.08515524119138718
        ],
        [
            0.03585788607597351,
            0.06668932735919952,
            -0.08185896277427673
        ],
        [
            0.08392681181430817,
            -0.022822514176368713,
            0.01458403468132019
        ],
        [
            0.09003347158432007,
            -0.023378536105155945,
            0.007518157362937927
        ],
        [
            0.08117847144603729,
            -0.004648908972740173,
            -0.01741824299097061
        ],
        [
            0.08847898244857788,
            -0.0017330534756183624,
            -0.026440605521202087
        ],
        [
            0.07292012125253677,
            0.0030382685363292694,
            -0.02581198886036873
        ],
        [
            0.07920794188976288,
            0.006221987307071686,
            -0.035382285714149475
        ],
        [
            0.04587514325976372,
            0.02433660998940468,
            -0.056140508502721786
        ],
        [
            0.03104621171951294,
            0.08470098674297333,
            -0.07941451668739319
        ],
        [
            0.033377811312675476,
            0.07326337695121765,
            -0.07753261178731918
        ],
        [
            0.03679940849542618,
            0.07431265711784363,
            -0.07287495583295822
        ],
        [
            0.032010115683078766,
            0.08440680801868439,
            -0.07506104558706284
        ],
        [
            0.036129679530858994,
            0.06758613884449005,
            -0.07504575699567795
        ],
        [
            0.0344524011015892,
            0.07241908460855484,
            -0.08319631963968277
        ],
        [
            0.09048106521368027,
            0.013821642845869064,
            -0.044203221797943115
        ],
        [
            0.052414100617170334,
            0.053903739899396896,
            -0.060830146074295044
        ],
        [
            0.10347051918506622,
            0.00806063786149025,
            -0.03444082289934158
        ],
        [
            0.09968290477991104,
            0.027701320126652718,
            -0.05310409516096115
        ],
        [
            0.11006397753953934,
            0.025475718080997467,
            -0.04459531977772713
        ],
        [
            0.11782921850681305,
            0.0032705850899219513,
            -0.024058401584625244
        ],
        [
            0.12059787660837173,
            0.018762558698654175,
            -0.03345438092947006
        ],
        [
            0.11922544240951538,
            -0.010156691074371338,
            -0.010427296161651611
        ],
        [
            0.11691699922084808,
            -0.004368755966424942,
            -0.017103664577007294
        ],
        [
            0.12115680426359177,
            0.0373203307390213,
