{
    "pred_cam": [
        7.435126304626465,
        -0.07652241736650467,
        0.02582375705242157
    ],
    "pred_mano_params": {
        "global_orient": [
            [
                [
                    0.5783876776695251,
                    0.7986571192741394,
                    0.16617614030838013
                ],
                [
                    0.609634280204773,
                    -0.2878206670284271,
                    -0.7385833859443665
                ],
                [
                    -0.5420459508895874,
                    0.5284941792488098,
                    -0.6533606648445129
                ]
            ]
        ],
        "hand_pose": [
            [
                [
                    0.819532036781311,
                    -0.5179766416549683,
                    -0.24508655071258545
                ],
                [
                    0.48368510603904724,
                    0.854627788066864,
                    -0.18883855640888214
                ],
                [
                    0.3072717487812042,
                    0.03621453791856766,
                    0.9509324431419373
                ]
            ],
            [
                [
                    0.5992499589920044,
                    -0.7864646911621094,
                    0.14957545697689056
                ],
                [
                    0.7944005727767944,
                    0.5610311627388,
                    -0.2327483594417572
                ],
                [
                    0.09913185983896255,
                    0.25829729437828064,
                    0.9609659314155579
                ]
            ],
            [
                [
                    0.8067997694015503,
                    -0.5732173919677734,
                    0.1431642323732376
                ],
                [
                    0.5518038272857666,
                    0.8176588416099548,
                    0.164154514670372
                ],
                [
                    -0.2111556977033615,
                    -0.05344125255942345,
                    0.9759905338287354
                ]
            ],
            [
                [
                    0.44040101766586304,
                    -0.8480232954025269,
                    -0.2947936952114105
                ],
                [
                    0.8719478249549866,
                    0.4822344183921814,
                    -0.08459896594285965
                ],
                [
                    0.213901549577713,
                    -0.21978725492954254,
                    0.9518086314201355
                ]
            ],
            [
                [
                    0.7109850645065308,
                    -0.6619793772697449,
                    -0.23724137246608734
                ],
                [
                    0.6964865922927856,
                    0.7094357013702393,
                    0.10773741453886032
                ],
                [
                    0.09698756039142609,
                    -0.24183514714241028,
                    0.9654579162597656
                ]
            ],
            [
                [
                    0.8436548709869385,
                    -0.5235438942909241,
                    0.11894595623016357
                ],
                [
                    0.5237229466438293,
                    0.8512769341468811,
                    0.0322781540453434
                ],
                [
                    -0.11815497279167175,
                    0.03506310656666756,
                    0.9923758506774902
                ]
            ],
            [
                [
                    0.5110067129135132,
                    -0.857844889163971,
                    -0.05453699082136154
                ],
                [
                    0.6386051774024963,
                    0.33640819787979126,
                    0.692107617855072
                ],
                [
                    -0.5753743052482605,
                    -0.3884992301464081,
                    0.7197310328483582
                ]
            ],
            [
                [
                    0.9612483382225037,
                    -0.22716642916202545,
                    -0.1561954766511917
                ],
                [
                    0.2042568176984787,
                    0.9673728942871094,
                    -0.1498960554599762
                ],
                [
                    0.1851506233215332,
                    0.1121833324432373,
                    0.9762858748435974
                ]
            ],
            [
                [
                    0.9716528058052063,
                    0.22424858808517456,
                    0.07485554367303848
                ],
                [
                    -0.23414331674575806,
                    0.8690516948699951,
                    0.435805082321167
                ],
                [
                    0.03267532214522362,
                    -0.44097816944122314,
                    0.8969228267669678
                ]
            ],
            [
                [
                    0.41578736901283264,
                    -0.9079880118370056,
                    -0.05175546929240227
                ],
                [
                    0.9024218320846558,
                    0.4048333168029785,
                    0.14746098220348358
                ],
                [
                    -0.1129404604434967,
                    -0.108017697930336,
                    0.9877128005027771
                ]
            ],
            [
                [
                    0.8690308928489685,
                    -0.4703131914138794,
                    -0.15359313786029816
                ],
                [
                    0.48976433277130127,
                    0.773761510848999,
                    0.4017760753631592
                ],
                [
                    -0.07011614739894867,
                    -0.42438024282455444,
                    0.9027652740478516
                ]
            ],
            [
                [
                    0.8442918658256531,
                    -0.5282802581787109,
                    0.0899510458111763
                ],
                [
                    0.49920758605003357,
                    0.8363794088363647,
                    0.22640961408615112
                ],
                [
                    -0.1948409229516983,
                    -0.14625155925750732,
                    0.96986985206604
                ]
            ],
            [
                [
                    0.9604524374008179,
                    -0.22552146017551422,
                    -0.1633131206035614
                ],
                [
                    -0.07914096862077713,
                    0.3412305414676666,
                    -0.9366421103477478
                ],
                [
                    0.2669602930545807,
                    0.912524938583374,
                    0.30988770723342896
                ]
            ],
            [
                [
                    0.9563924670219421,
                    -0.2721744775772095,
                    0.10599354654550552
                ],
                [
                    0.18635021150112152,
                    0.8480202555656433,
                    0.49612027406692505
                ],
                [
                    -0.22491593658924103,
                    -0.4547336995601654,
                    0.8617599606513977
                ]
            ],
            [
                [
                    0.9693480134010315,
                    -0.0031471888069063425,
                    -0.24567145109176636
                ],
                [
                    -0.058710675686597824,
                    0.9679823517799377,
                    -0.2440556138753891
                ],
                [
                    0.23857374489307404,
                    0.2509983777999878,
                    0.9381269812583923
                ]
            ]
        ],
        "betas": [
            -0.01670844852924347,
            -0.061878055334091187,
            -0.07519429922103882,
            0.05695649981498718,
            -0.08996737003326416,
            -0.0802227184176445,
            -0.00935596227645874,
            -0.10696861147880554,
            -0.028052672743797302,
            -0.164818674325943
        ]
    },
    "pred_cam_t": [
        -0.07652241736650467,
        0.02582375705242157,
        5.253777503967285
    ],
    "focal_length": [
        5000.0,
        5000.0
    ],
    "pred_keypoints_3d": [
        [
            0.09583553671836853,
            0.006387211382389069,
            0.006196531467139721
        ],
        [
            0.07368490099906921,
            -0.022833939641714096,
            -0.005871291272342205
        ],
        [
            0.04454540088772774,
            -0.03307463601231575,
            -0.00605913158506155
        ],
        [
            0.01843050867319107,
            -0.0404021218419075,
            -0.004346813075244427
        ],
        [
            -0.015587100759148598,
            -0.04870013892650604,
            0.002201326424255967
        ],
        [
            0.04408920556306839,
            -0.06110205501317978,
            0.03783539682626724
        ],
        [
            0.015566367655992508,
            -0.0696466788649559,
            0.05216384679079056
        ],
        [
            -0.0024153590202331543,
            -0.05840194597840309,
            0.04552217200398445
        ],
        [
            -0.01286976970732212,
            -0.043459609150886536,
            0.029032256454229355
        ],
        [
            0.03925274312496185,
            -0.048458244651556015,
            0.05905625596642494
        ],
        [
            0.008680688217282295,
            -0.040247201919555664,
            0.06091388314962387
        ],
        [
            -0.002745557576417923,
            -0.02478514239192009,
            0.04778614267706871
        ],
        [
            -0.008706485852599144,
            -0.011366063728928566,
            0.026929743587970734
        ],
        [
            0.040854938328266144,
            -0.022655973210930824,
            0.06592848896980286
        ],
        [
            0.012383513152599335,
            -0.0220253374427557,
            0.061063848435878754
        ],
        [
            -0.0027412958443164825,
            -0.01044707465916872,
            0.045078858733177185
        ],
        [
            -0.011000331491231918,
            -0.002118252217769623,
            0.02273738384246826
        ],
        [
            0.040825773030519485,
            -0.0008572526276111603,
            0.06654832512140274
        ],
        [
            0.020695339888334274,
            -0.0008004531264305115,
            0.06007219851016998
        ],
        [
            0.0033765211701393127,
            0.0025005191564559937,
            0.05303133279085159
        ],
        [
            -0.018548212945461273,
            0.003930958919227123,
            0.04529563710093498
        ]
    ],
    "pred_vertices": [
        [
            0.05607255548238754,
            -0.030379977077245712,
            0.014194076880812645
        ],
        [
            0.061577923595905304,
            -0.02229573205113411,
            0.008697353303432465
        ],
        [
            0.05421026051044464,
            -0.02660973370075226,
            0.007859695702791214
        ],
        [
            0.05082234740257263,
            -0.036564894020557404,
            0.011961128562688828
        ],
        [
            0.05739600211381912,
            -0.010423686355352402,
            -0.00703921914100647
        ],
        [
            0.06102897226810455,
            -0.012900765985250473,
            -0.018276125192642212
        ],
        [
            0.04708729684352875,
            -0.02001793682575226,
            -0.015041880309581757
        ],
        [
            0.04561593756079674,
            -0.01580696552991867,
            -0.005919855087995529
        ],
        [
            0.046791497617959976,
            -0.04170806705951691,
            0.011541998013854027
        ],
        [
            0.04723029211163521,
            -0.030174899846315384,
            0.007386067882180214
        ],
        [
            0.046491242945194244,
            -0.04424044117331505,
            0.011376326903700829
        ],
        [
            0.05277141556143761,
            -0.057060740888118744,
            0.017663486301898956
        ],
        [
            0.04878779873251915,
            -0.05215328186750412,
            0.016623269766569138
        ],
        [
            0.053216613829135895,
            -0.06320776790380478,
            0.024015534669160843
        ],
        [
            0.06330666691064835,
            -0.05763968080282211,
            0.017522839829325676
        ],
        [
            0.060025282204151154,
            -0.06402525305747986,
            0.030650610104203224
        ],
        [
            0.07826167345046997,
            -0.040924906730651855,
            0.036609336733818054
        ],
        [
            0.07897569984197617,
            -0.029172610491514206,
            0.04376547038555145
        ],
        [
            0.06822603940963745,
            -0.03828161209821701,
            0.05498339980840683
        ],
        [
            0.06796273589134216,
            -0.048861946910619736,
            0.04582968354225159
        ],
        [
            0.06851954758167267,
            -0.01751973293721676,
            0.05889660120010376
        ],
        [
            0.06782929599285126,
            -0.02935810759663582,
            0.057277753949165344
        ],
        [
            0.07958278059959412,
            -0.020657332614064217,
            0.046879056841135025
        ],
        [
            0.07947404682636261,
            -0.010550197213888168,
            0.048598311841487885
        ],
        [
            0.06105944141745567,
            -0.016590286046266556,
            0.019299190491437912
        ],
        [
            0.06662257760763168,
            -0.009615577757358551,
            0.01320083811879158
        ],
        [
            0.06643345952033997,
            -0.015322662889957428,
            0.011529192328453064
        ],
        [
            0.06044895201921463,
            -0.021666742861270905,
            0.017007630318403244
        ],
        [
            0.04223749786615372,
            -0.0451299324631691,
            0.00202745757997036
        ],
        [
            0.057128556072711945,
            -0.04940918833017349,
            0.0023113731294870377
        ],
        [
            0.052355602383613586,
            -0.04906127229332924,
            0.008501069620251656
        ],
        [
            0.03923597186803818,
            -0.04141630604863167,
            0.005000036209821701
        ],
        [
            0.07420407235622406,
            0.015780694782733917,
            0.00043586641550064087
        ],
        [
            0.08640274405479431,
            0.019522774964571,
            -0.004346746951341629
        ],
        [
            0.08747021853923798,
            0.014537181705236435,
            -0.0074783749878406525
        ],
        [
            0.07651974260807037,
            0.011894695460796356,
            -0.0021953359246253967
        ],
        [
            0.0806969553232193,
            -0.003105074167251587,
            -0.018446680158376694
        ],
        [
            0.090749591588974,
            0.00017662346363067627,
            -0.01827455684542656
        ],
        [
            0.10117927193641663,
            -0.006691649556159973,
            -0.022216498851776123
        ],
        [
            0.09211791306734085,
            -0.01286989450454712,
            -0.022098630666732788
        ],
        [
            0.07047460973262787,
            -0.008151307702064514,
            -0.018626827746629715
        ],
        [
            0.079072505235672,
            -0.01663931831717491,
            -0.024067409336566925
        ],
        [
            0.06676632910966873,
            -0.02100745216012001,
            -0.02353695034980774
        ],
        [
            0.05057583376765251,
            -0.02714797481894493,
            -0.019616909325122833
        ],
        [
            0.0867186114192009,
            0.029178839176893234,
            0.0041275471448898315
        ],
        [
            0.07746170461177826,
            0.028124630451202393,
            0.00853913277387619
        ],
        [
            0.013441113755106926,
            -0.06492985039949417,
            0.0390348918735981
        ],
        [
            0.013713134452700615,
            -0.05956965312361717,
            0.042055509984493256
        ],
        [
            0.016359562054276466,
            -0.05991491675376892,
            0.040914975106716156
        ],
        [
            0.015724360942840576,
            -0.06516516208648682,
            0.03838244080543518
        ],
        [
            0.09212435781955719,
            0.030232656747102737,
            0.023705780506134033
        ],
        [
            0.09932523965835571,
            0.025653015822172165,
            0.02908475697040558
        ],
        [
            0.10265456885099411,
            0.030445950105786324,
            0.024706751108169556
        ],
        [
            0.09643493592739105,
            0.03341427445411682,
            0.018315665423870087
        ],
        [
            0.08646178245544434,
            0.025978941470384598,
            0.030793700367212296
        ],
        [
            0.09431590139865875,
            0.018783966079354286,
            0.03459286689758301
        ],
        [
            0.010236412286758423,
            -0.07417264580726624,
            0.047309212386608124
        ],
        [
            0.010633422061800957,
            -0.07275763154029846,
            0.042247552424669266
        ],
        [
            0.014935625717043877,
            -0.07430709898471832,
            0.0431121401488781
        ],
        [
            0.015869811177253723,
            -0.07527671754360199,
            0.04850626736879349
        ],
        [
            0.04833875596523285,
            -0.04541253298521042,
            0.016587501391768456
        ],
        [
            0.05048799514770508,
            -0.03702082857489586,
            0.018884658813476562
        ],
        [
            0.03988846763968468,
            -0.054985903203487396,
            0.027875646948814392
        ],
        [
            0.04461917653679848,
            -0.047768913209438324,
            0.02552836574614048
        ],
        [
            0.046313680708408356,
            -0.0531003437936306,
            0.021476129069924355
        ],
        [
            0.04305971413850784,
            -0.05920792371034622,
            0.024585958570241928
        ],
        [
            0.04819544032216072,
            -0.02643124759197235,
            0.03523774817585945
        ],
        [
            0.05513331666588783,
            -0.020259559154510498,
            0.028170090168714523
        ],
        [
            0.05423054099082947,
            -0.02646888606250286,
            0.02596050314605236
        ],
        [
            0.04611833393573761,
            -0.03430416062474251,
            0.032283686101436615
        ],
        [
            0.05348455160856247,
            -0.007029496133327484,
            0.03288765251636505
        ],
        [
            0.047298356890678406,
            -0.014302635565400124,
            0.03973983973264694
        ],
        [
            0.04726873338222504,
            -0.005923636257648468,
            0.0414721705019474
        ],
        [
            0.05078279972076416,
            -0.0019497983157634735,
            0.03582141548395157
        ],
        [
            0.03817650303244591,
            -0.029805395752191544,
            0.04952726513147354
        ],
        [
            0.03616855666041374,
            -0.03363290801644325,
            0.05243222415447235
        ],
        [
            0.03414000943303108,
            -0.030429236590862274,
            0.053273823112249374
        ],
        [
            0.038136258721351624,
            -0.026183784008026123,
            0.050463512539863586
        ],
        [
            0.10690488666296005,
            0.034502167254686356,
            0.020705267786979675
        ],
        [
            0.10095776617527008,
            0.03558686375617981,
            0.012983232736587524
        ],
        [
            0.06553128361701965,
            0.004198309034109116,
            0.06083916127681732
        ],
        [
            0.06297744810581207,
            0.013678260147571564,
            0.05546353757381439
        ],
        [
            0.053148724138736725,
            0.009785354137420654,
            0.06301434338092804
        ],
        [
            0.058776240795850754,
            0.000279400497674942,
            0.06800142675638199
        ],
        [
            0.1045060008764267,
            0.016787122935056686,
            0.030652008950710297
        ],
        [
            0.10851301997900009,
            0.022979412227869034,
            0.028026632964611053
        ],
        [
            0.01058090291917324,
            -0.07202556729316711,
            0.05338034778833389
        ],
        [
            0.01612260937690735,
            -0.07278008759021759,
            0.05439320206642151
        ],
        [
            0.07689671218395233,
            -0.030565135180950165,
            -0.02107880637049675
        ],
        [
            0.056035690009593964,
            -0.035833824425935745,
            -0.019111886620521545
        ],
        [
            0.09214122593402863,
            -0.02404031530022621,
            -0.01994408294558525
        ],
        [
            0.10237296670675278,
            -0.018396079540252686,
            -0.01711464673280716
        ],
        [
            0.11033334583044052,
            -0.013211902230978012,
            -0.017316468060016632
        ],
        [
            0.041963160037994385,
            -0.045096319168806076,
            0.030911481007933617
        ],
        [
            0.05481475591659546,
            -0.029033148661255836,
            0.020659081637859344
        ],
        [
            0.06096791848540306,
            -0.011815503239631653,
            0.021227315068244934
        ],
        [
            0.053244177252054214,
            0.015276210382580757,
            0.0336555540561676
        ],
        [
            0.05898657441139221,
            0.0205377209931612,
            0.026771578937768936
        ],
        [
            0.05696336552500725,
            0.010445911437273026,
            0.023703768849372864
        ],
        [
            0.052843090146780014,
            0.00774899497628212,
            0.03076830878853798
        ],
        [
            0.0556633323431015,
            0.01795213483273983,
            0.049852874130010605
        ],
        [
            0.05029662698507309,
            0.015090400353074074,
            0.04472140967845917
        ],
        [
            0.04579215496778488,
            0.011095121502876282,
            0.04964689910411835
        ],
        [
            0.04910852015018463,
            0.013560926541686058,
            0.05586645007133484
        ],
        [
            0.04302981495857239,
            -0.04745807498693466,
            -0.005003305152058601
        ],
        [
            0.06031333655118942,
            -0.04865698516368866,
            -0.0043253712356090546
        ],
        [
            0.08488191664218903,
            0.03164440765976906,
            0.01605716347694397
        ],
        [
            0.09018910676240921,
            0.032574769109487534,
            0.010321814566850662
        ],
        [
            0.09737960249185562,
            0.03465403616428375,
            0.006157867610454559
        ],
        [
            0.07038296014070511,
            0.0020970217883586884,
            0.005530782043933868
        ],
        [
            0.07808034121990204,
            0.009189732372760773,
            -0.004126094281673431
        ],
        [
            0.07796458899974823,
            0.005301360040903091,
            -0.006221465766429901
        ],
        [
            0.07175663858652115,
            -0.001439601182937622,
            0.004946213215589523
        ],
        [
            0.0652770847082138,
            -0.012277282774448395,
            0.0027682967483997345
        ],
        [
            0.06871988624334335,
            -0.005044970661401749,
            -0.0077062249183654785
        ],
        [
            0.05534220486879349,
            -0.01544872298836708,
            0.003510095179080963
        ],
        [
            0.08999474346637726,
            0.008636388927698135,
            -0.012684181332588196
        ],
        [
            0.09540075063705444,
            0.018348053097724915,
            -0.01288258284330368
        ],
        [
            0.09777912497520447,
            0.011028368026018143,
            -0.017407506704330444
        ],
        [
            0.09491939842700958,
            0.025920957326889038,
            -0.006654847413301468
        ],
        [
            0.09535177052021027,
            0.03186771273612976,
            -3.0040740966796875e-05
        ],
        [
            0.11515724658966064,
            0.028030775487422943,
            0.026368126273155212
        ],
        [
            0.1001833826303482,
            0.003578685224056244,
            -0.02022143080830574
        ],
        [
            0.037907686084508896,
            -0.02111072465777397,
            -0.005427021533250809
        ],
        [
            0.030699536204338074,
            -0.026002008467912674,
            -0.006131123751401901
        ],
        [
            0.03195793926715851,
            -0.027976367622613907,
            0.0013149213045835495
        ],
        [
            0.03891369700431824,
            -0.02349807694554329,
            0.002726893872022629
        ],
        [
            0.049506593495607376,
            -0.06856878101825714,
            0.030771557241678238
        ],
        [
            0.04511754959821701,
            -0.06453093141317368,
            0.02585654892027378
        ],
        [
            0.04943792521953583,
            -0.058827731758356094,
            0.020081527531147003
        ],
        [
            0.06668226420879364,
            0.015021812170743942,
            0.009345952421426773
        ],
        [
            0.06963656842708588,
            0.02560006082057953,
            0.015677347779273987
        ],
        [
            0.03750895708799362,
            -0.05233296751976013,
            0.033483538776636124
        ],
        [
            0.02090653032064438,
            -0.07597319036722183,
            0.04874914512038231
        ],
        [
            0.01978709176182747,
            -0.07531186938285828,
            0.04269786179065704
        ],
        [
            0.03607400134205818,
            -0.07293935865163803,
            0.036967966705560684
        ],
        [
            0.03766021877527237,
            -0.07396261394023895,
            0.04371941089630127
        ],
        [
            0.034997377544641495,
            -0.054021142423152924,
            0.04378337785601616
        ],
        [
            0.03498002514243126,
            -0.05379289761185646,
            0.036876242607831955
        ],
        [
            0.033928144723176956,
            -0.05423881486058235,
            0.03915103152394295
        ],
        [
            0.032905463129282,
            -0.053078845143318176,
            0.045632682740688324
        ],
        [
            0.035556450486183167,
            -0.0212411992251873,
            0.05374445021152496
        ],
        [
            0.03893854096531868,
            -0.017673995345830917,
            0.05119246244430542
        ],
        [
            0.054674722254276276,
            -0.05485982447862625,
            0.05284814536571503
        ],
        [
            0.05969155579805374,
            -0.06527364999055862,
            0.04536744952201843
        ],
        [
            0.06688912212848663,
            -0.05842495709657669,
            0.037938449531793594
        ],
        [
            0.04843795299530029,
            -0.019312232732772827,
            0.03751763701438904
        ],
        [
            0.04225993901491165,
            -0.024213865399360657,
            0.044143468141555786
        ],
        [
            0.04230651631951332,
            -0.0203782320022583,
            0.045638568699359894
        ],
        [
            0.04002209007740021,
            -0.04465149715542793,
            0.03525334224104881
        ],
        [
            0.03665801137685776,
            -0.04982476681470871,
            0.03882256895303726
        ],
        [
            0.03813226521015167,
            -0.04566347599029541,
            0.04045991599559784
        ],
        [
            0.041102539747953415,
            -0.039781324565410614,
            0.03737089782953262
        ],
        [
            0.07235495746135712,
            0.018595831468701363,
            0.04755159839987755
        ],
        [
            0.06355249881744385,
            0.02367708459496498,
            0.04156186059117317
        ],
        [
            0.012058688327670097,
            -0.06951490044593811,
            0.03920550271868706
        ],
        [
            0.015127861872315407,
            -0.07050487399101257,
            0.03918696939945221
        ],
        [
            0.05518588423728943,
            -0.013426432386040688,
            0.030485687777400017
        ],
        [
            0.07465295493602753,
            -0.04959370568394661,
            0.028976984322071075
        ],
        [
            0.060543790459632874,
            -0.006641179323196411,
            0.023082058876752853
        ],
        [
            0.0484355166554451,
            -0.01572301611304283,
            0.06809408217668533
        ],
        [
            0.04179961234331131,
            -0.011538054794073105,
            0.06385201215744019
        ],
        [
            0.03779429942369461,
            -0.013572625815868378,
            0.06385218352079391
        ],
        [
            0.04011698067188263,
            -0.017150845378637314,
            0.06802834570407867
        ],
        [
            0.020820753648877144,
            -0.05567581579089165,
            0.051233138889074326
        ],
        [
            0.018838604912161827,
            -0.055817894637584686,
            0.04563950002193451
        ],
        [
            0.01706218160688877,
            -0.05623667687177658,
            0.046039946377277374
        ],
        [
            0.017553582787513733,
            -0.0562606006860733,
            0.052086278796195984
        ],
        [
            0.03577450290322304,
            -0.05685791000723839,
            0.031905096024274826
        ],
        [
            0.03790701925754547,
            -0.061848897486925125,
            0.028386766090989113
        ],
        [
            0.03298865631222725,
            -0.062373045831918716,
            0.03166646510362625
        ],
        [
            0.03280451148748398,
            -0.057545192539691925,
            0.035276077687740326
        ],
        [
            0.0399533174932003,
            -0.06745556741952896,
            0.030086809769272804
        ],
        [
            0.03465941920876503,
            -0.06850429624319077,
            0.032605186104774475
        ],
        [
            0.022195791825652122,
            -0.05957161635160446,
            0.05627887323498726
        ],
        [
            0.02223634533584118,
            -0.06712068617343903,
            0.057666804641485214
        ],
        [
            0.037717871367931366,
            -0.06390272080898285,
            0.05380998179316521
        ],
        [
            0.033942751586437225,
            -0.057289913296699524,
            0.05209086835384369
        ],
        [
            0.09080678224563599,
            -0.004324439913034439,
            0.04018312692642212
        ],
        [
            0.08841218054294586,
            0.00632636621594429,
            0.042513493448495865
        ],
        [
            0.07718956470489502,
            0.00038568489253520966,
            0.051198896020650864
        ],
        [
            0.06652812659740448,
            -0.0052779000252485275,
            0.060938090085983276
        ],
        [
            0.056005414575338364,
            -0.011185658164322376,
            0.06848279386758804
        ],
        [
            0.059600576758384705,
            -0.023103751242160797,
            0.06834319233894348
        ],
        [
            0.07606638967990875,
            0.008574606850743294,
            0.051308177411556244
        ],
        [
            0.04011007770895958,
            -0.05384044721722603,
            0.04916919395327568
        ],
        [
            0.047088660299777985,
            -0.060767773538827896,
            0.05090885981917381
        ],
        [
            0.04531475156545639,
            -0.05542267858982086,
            0.0522000677883625
        ],
        [
            0.058258477598428726,
            0.0001732446253299713,
            0.025167137384414673
        ],
        [
            0.01888444274663925,
            -0.07174327969551086,
            0.038646720349788666
        ],
        [
            0.11422808468341827,
            -0.016103461384773254,
            0.004415988922119141
        ],
        [
            0.1157463937997818,
            -0.007446002215147018,
            0.015078544616699219
        ],
        [
            0.10946077108383179,
            -0.013150837272405624,
            0.01737675443291664
        ],
        [
            0.10674391686916351,
            -0.022799644619226456,
            0.004750777035951614
        ],
        [
            0.01762753538787365,
            -0.05990734323859215,
            0.0399198904633522
        ],
        [
            0.018020449206233025,
            -0.06568058580160141,
            0.03694956377148628
        ],
        [
            0.0372299887239933,
            -0.011875074356794357,
            0.05306033045053482
        ],
        [
            0.034644465893507004,
            -0.015764202922582626,
            0.055600568652153015
        ],
        [
            0.03465604409575462,
            -0.013215696439146996,
            0.05817926302552223
        ],
        [
            0.03505963832139969,
            -0.008563858456909657,
            0.055456675589084625
        ],
        [
            0.08763784915208817,
            0.012301765382289886,
            0.04219988361001015
        ],
        [
            0.04437579959630966,
            0.008860889822244644,
            0.06343420594930649
        ],
        [
            0.049965955317020416,
            -0.0003322456032037735,
            0.06930921971797943
        ],
        [
            0.09823816269636154,
            0.01101592555642128,
            0.03499705344438553
        ],
        [
            0.10087168216705322,
            0.001720242202281952,
            0.033360593020915985
        ],
        [
            0.10804100334644318,
            0.006554417312145233,
            0.028815168887376785
        ],
        [
            0.05406365543603897,
            -0.036979127675294876,
            0.06449558585882187
        ],
        [
            0.09045596420764923,
            -0.012897517532110214,
            0.03884553164243698
        ],
        [
            0.10072004050016403,
            -0.005683246999979019,
            0.031354594975709915
        ],
        [
            0.10929137468338013,
            -0.00025722384452819824,
            0.025856755673885345
        ],
        [
            0.11573084443807602,
            0.004008553922176361,
            0.02274821326136589
        ],
        [
            0.11358438432216644,
            0.011084470897912979,
            0.026196371763944626
        ],
        [
            0.021592875942587852,
            -0.07245943695306778,
            0.05416412651538849
        ],
        [
            0.01628091186285019,
            -0.06687729060649872,
            0.05862916633486748
        ],
        [
            0.12091127038002014,
            0.016113772988319397,
            0.024502165615558624
        ],
        [
            0.122592031955719,
            0.008046835660934448,
            0.02019914984703064
        ],
        [
            0.10055519640445709,
            -0.014130070805549622,
            0.027595840394496918
        ],
        [
            0.09917603433132172,
            -0.02422439306974411,
            0.02150431089103222
        ],
        [
            0.09049808979034424,
            -0.020723629742860794,
            0.0348535031080246
        ],
        [
            0.08864651620388031,
            -0.03117457777261734,
            0.029774457216262817
        ],
        [
            0.059981364756822586,
            -0.04652848467230797,
            0.06278929859399796
        ],
        [
            0.0005126446485519409,
            -0.05798666924238205,
            0.05460521578788757
        ],
        [
            0.011026853695511818,
            -0.06016611307859421,
            0.05726739764213562
        ],
        [
            0.012983512133359909,
            -0.05653085187077522,
            0.0530676431953907
        ],
        [
            0.0026059485971927643,
            -0.05460076034069061,
            0.0530148521065712
        ],
        [
            0.017323220148682594,
            -0.05978994071483612,
            0.05679399147629738
        ],
        [
            0.01060204766690731,
            -0.06593172252178192,
            0.0575886033475399
        ],
        [
            0.0840265154838562,
            -0.04176119342446327,
            0.01907969079911709
        ],
        [
            0.03542696312069893,
            -0.04973367601633072,
            0.04383020102977753
        ],
        [
            0.09307944774627686,
            -0.03487265855073929,
            0.006311364471912384
        ],
        [
            0.07268048077821732,
            -0.05218859389424324,
            0.009999727830290794
        ],
        [
            0.07732947170734406,
            -0.04579450935125351,
            -0.0008163824677467346
        ],
        [
            0.10120820254087448,
            -0.02767511084675789,
            -0.00833338126540184
        ],
        [
            0.08584758639335632,
            -0.03723476827144623,
            -0.012178152799606323
        ],
        [
            0.1162724569439888,
            -0.014794670045375824,
            -0.007993478327989578
        ],
        [
            0.10929763317108154,
            -0.02078104391694069,
            -0.006461247801780701
        ],
