{
    "pred_cam": [
        10.847949981689453,
        0.09186888486146927,
        0.042909011244773865
    ],
    "pred_mano_params": {
        "global_orient": [
            [
                [
                    -0.4227973222732544,
                    0.810676097869873,
                    -0.4050266742706299
                ],
                [
                    0.6913500428199768,
                    -0.0004179645038675517,
                    -0.7225197553634644
                ],
                [
                    -0.5858988165855408,
                    -0.5854946970939636,
                    -0.5602842569351196
                ]
            ]
        ],
        "hand_pose": [
            [
                [
                    0.892575740814209,
                    -0.4459070861339569,
                    -0.06689784675836563
                ],
                [
                    0.4453587234020233,
                    0.8950377702713013,
                    -0.023726796731352806
                ],
                [
                    0.07045605033636093,
                    -0.008615577593445778,
                    0.9974775910377502
                ]
            ],
            [
                [
                    0.6067214012145996,
                    -0.784468412399292,
                    0.1284463256597519
                ],
                [
                    0.7927576899528503,
                    0.585228681564331,
                    -0.17041894793510437
                ],
                [
                    0.05851780250668526,
                    0.20522363483905792,
                    0.9769641160964966
                ]
            ],
            [
                [
                    0.8870352506637573,
                    -0.45757707953453064,
                    -0.06157593056559563
                ],
                [
                    0.4517991244792938,
                    0.8877296447753906,
                    -0.08839425444602966
                ],
                [
                    0.0951099693775177,
                    0.05058886855840683,
                    0.99418044090271
                ]
            ],
            [
                [
                    0.7306111454963684,
                    -0.6809217929840088,
                    0.05052623152732849
                ],
                [
                    0.6765020489692688,
                    0.7319166660308838,
                    0.08150428533554077
                ],
                [
                    -0.09247903525829315,
                    -0.025366833433508873,
                    0.9953914880752563
                ]
            ],
            [
                [
                    0.7365061044692993,
                    -0.626365065574646,
                    -0.25539302825927734
                ],
                [
                    0.6712185144424438,
                    0.7235196232795715,
                    0.16119888424873352
                ],
                [
                    0.08381251990795135,
                    -0.29014846682548523,
                    0.9533044695854187
                ]
            ],
            [
                [
                    0.9216919541358948,
                    -0.3808763325214386,
                    -0.0736006647348404
                ],
                [
                    0.38133034110069275,
                    0.9244012236595154,
                    -0.008334637619554996
                ],
                [
                    0.07121101766824722,
                    -0.020384201779961586,
                    0.997252881526947
                ]
            ],
            [
                [
                    0.6191733479499817,
                    -0.5509766340255737,
                    0.5595079064369202
                ],
                [
                    0.5747241973876953,
                    0.803490400314331,
                    0.1552266627550125
                ],
                [
                    -0.5350854992866516,
                    0.22545050084590912,
                    0.8141594529151917
                ]
            ],
            [
                [
                    0.8346057534217834,
                    -0.4839923083782196,
                    -0.26302972435951233
                ],
                [
                    0.5506216883659363,
                    0.7193343043327332,
                    0.4235256016254425
                ],
                [
                    -0.015776818618178368,
                    -0.4983068108558655,
                    0.8668572306632996
                ]
            ],
            [
                [
                    0.8360168933868408,
                    -0.5335277915000916,
                    0.12815509736537933
                ],
                [
                    0.48432183265686035,
                    0.8272877335548401,
                    0.28465309739112854
                ],
                [
                    -0.2578915059566498,
                    -0.17590652406215668,
                    0.9500256776809692
                ]
            ],
            [
                [
                    0.6812924742698669,
                    -0.6371268630027771,
                    0.36043018102645874
                ],
                [
                    0.6866527199745178,
                    0.7268684506416321,
                    -0.013050784356892109
                ],
                [
                    -0.2536703050136566,
                    0.2563817501068115,
                    0.9326949119567871
                ]
            ],
            [
                [
                    0.8715506792068481,
                    -0.42848560214042664,
                    -0.23832644522190094
                ],
                [
                    0.4903023838996887,
                    0.7633686661720276,
                    0.4205613434314728
                ],
                [
                    0.0017264607595279813,
                    -0.48339253664016724,
                    0.8754019737243652
                ]
            ],
            [
                [
                    0.8918798565864563,
                    -0.4306678771972656,
                    -0.1381141096353531
                ],
                [
                    0.44868311285972595,
                    0.8809325695037842,
                    0.1504703164100647
                ],
                [
                    0.05686648190021515,
                    -0.19617091119289398,
                    0.9789193868637085
                ]
            ],
            [
                [
                    0.9072924256324768,
                    0.1262359470129013,
                    0.40110471844673157
                ],
                [
                    0.16698601841926575,
                    0.7672749161720276,
                    -0.6191969513893127
                ],
                [
                    -0.38592252135276794,
                    0.6287715435028076,
                    0.6750630736351013
                ]
            ],
            [
                [
                    0.9802154302597046,
                    -0.18127994239330292,
                    0.07946927845478058
                ],
                [
                    0.13602283596992493,
                    0.908608078956604,
                    0.3948788344860077
                ],
                [
                    -0.14379002153873444,
                    -0.37625667452812195,
                    0.9152898788452148
                ]
            ],
            [
                [
                    0.7902575731277466,
                    -0.5219184160232544,
                    -0.3210827708244324
                ],
                [
                    0.1579616516828537,
                    0.6797814965248108,
                    -0.7162019610404968
                ],
                [
                    0.5920650959014893,
                    0.5152652263641357,
                    0.6196455955505371
                ]
            ]
        ],
        "betas": [
            -0.04238772392272949,
            -0.046614646911621094,
            -0.00784224271774292,
            0.04936102032661438,
            0.01919838786125183,
            0.03512351214885712,
            -0.00926920771598816,
            -0.036725908517837524,
            -0.005248621106147766,
            -0.05296000838279724
        ]
    },
    "pred_cam_t": [
        -0.09186888486146927,
        0.042909011244773865,
        3.6009106636047363
    ],
    "focal_length": [
        5000.0,
        5000.0
    ],
    "pred_keypoints_3d": [
        [
            0.09590250998735428,
            0.006409039720892906,
            0.0062050530686974525
        ],
        [
            0.08298371732234955,
            -0.028978364542126656,
            0.01493589486926794
        ],
        [
            0.0626121237874031,
            -0.05211219936609268,
            0.01630474627017975
        ],
        [
            0.046167466789484024,
            -0.07301586866378784,
            0.02174515277147293
        ],
        [
            0.03164345771074295,
            -0.08542197942733765,
            0.05017931014299393
        ],
        [
            0.12064541131258011,
            -0.06961501389741898,
            0.049404166638851166
        ],
        [
            0.12492715567350388,
            -0.09104065597057343,
            0.07421335577964783
        ],
        [
            0.10933005064725876,
            -0.0912383645772934,
            0.09006212651729584
        ],
        [
            0.09021013230085373,
            -0.08264239877462387,
            0.10429679602384567
        ],
        [
            0.13619464635849,
            -0.05675668269395828,
            0.0645824521780014
        ],
        [
            0.13120287656784058,
            -0.07158757001161575,
            0.09221808612346649
        ],
        [
            0.11382348835468292,
            -0.0688786432147026,
            0.10750646889209747
        ],
        [
            0.09286483377218246,
            -0.062097467482089996,
            0.1211056113243103
        ],
        [
            0.13818034529685974,
            -0.030942341312766075,
            0.07153284549713135
        ],
        [
            0.13196508586406708,
            -0.04863695055246353,
            0.09351713210344315
        ],
        [
            0.116352379322052,
            -0.047837309539318085,
            0.1128072664141655
        ],
        [
            0.09732621163129807,
            -0.041503239423036575,
            0.12881046533584595
        ],
        [
            0.13455097377300262,
            -0.010014431551098824,
            0.07673071324825287
        ],
        [
            0.13290682435035706,
            -0.021421421319246292,
            0.09447675943374634
        ],
        [
            0.12147340923547745,
            -0.020629484206438065,
            0.10962560772895813
        ],
        [
            0.10514947026968002,
            -0.01684456318616867,
            0.11646917462348938
        ]
    ],
    "pred_vertices": [
        [
            0.09450864791870117,
            -0.041846055537462234,
            0.036581944674253464
        ],
        [
            0.08784542977809906,
            -0.03573000803589821,
            0.0326264351606369
        ],
        [
            0.08057741075754166,
            -0.04551442712545395,
            0.033662520349025726
        ],
        [
            0.08915174752473831,
            -0.05166748911142349,
            0.037215299904346466
        ],
        [
            0.06777220219373703,
            -0.02741324156522751,
            0.026024291291832924
        ],
        [
            0.06314031779766083,
            -0.02484024316072464,
            0.01562526635825634
        ],
        [
            0.05629046633839607,
            -0.03790491074323654,
            0.01861460879445076
        ],
        [
            0.05977668613195419,
            -0.03886227309703827,
            0.02736712619662285
        ],
        [
            0.08492755889892578,
            -0.06042243912816048,
            0.035577643662691116
        ],
        [
            0.0750904530286789,
            -0.05314306169748306,
            0.03407623618841171
        ],
        [
            0.08220073580741882,
            -0.06486115604639053,
            0.02917414903640747
        ],
        [
            0.09887048602104187,
            -0.06913807988166809,
            0.029448240995407104
        ],
        [
            0.09674069285392761,
            -0.06525597721338272,
            0.03601241856813431
        ],
        [
            0.10864071547985077,
            -0.07207909226417542,
            0.03278597444295883
        ],
        [
            0.10377296805381775,
            -0.06509468704462051,
            0.019660605117678642
        ],
        [
            0.11773896962404251,
            -0.06952318549156189,
            0.029288459569215775
        ],
        [
            0.1268468201160431,
            -0.040717802941799164,
            0.022494520992040634
        ],
        [
            0.13143689930438995,
            -0.028493953868746758,
            0.027354497462511063
        ],
        [
            0.13922066986560822,
            -0.03877902403473854,
            0.038885921239852905
        ],
        [
            0.13307912647724152,
            -0.05010093003511429,
            0.03337683528661728
        ],
        [
            0.13873760402202606,
            -0.018597207963466644,
            0.044654905796051025
        ],
        [
            0.1395570933818817,
            -0.030141765251755714,
            0.04203889146447182
        ],
        [
            0.13283245265483856,
            -0.01985279470682144,
            0.029845137149095535
        ],
        [
            0.13229113817214966,
            -0.01000678539276123,
            0.03285210207104683
        ],
        [
            0.10049770772457123,
            -0.02448977902531624,
            0.03739537298679352
        ],
        [
            0.09553631395101547,
            -0.01731511577963829,
            0.03264039009809494
        ],
        [
            0.0941198393702507,
            -0.024369169026613235,
            0.03205393999814987
        ],
        [
            0.09863357990980148,
            -0.03039688616991043,
            0.036242298781871796
        ],
        [
            0.06983902305364609,
            -0.06597226858139038,
            0.01657789573073387
        ],
        [
            0.08250223100185394,
            -0.061456434428691864,
            0.012627905234694481
        ],
        [
            0.08438168466091156,
            -0.06499078869819641,
            0.02009788155555725
        ],
        [
            0.06879128515720367,
            -0.06614555418491364,
            0.022072412073612213
        ],
        [
            0.08157333731651306,
            0.008508674800395966,
            0.025762367993593216
        ],
        [
            0.08038823306560516,
            0.0150478295981884,
            0.01387479156255722
        ],
        [
            0.07893557846546173,
            0.010279279202222824,
            0.010778147727251053
        ],
        [
            0.08105166256427765,
            0.005156818777322769,
            0.02233465015888214
        ],
        [
            0.07196982949972153,
            -0.009090155363082886,
            0.007338065654039383
        ],
        [
            0.07447810471057892,
            -0.0029269754886627197,
            0.00022641941905021667
        ],
        [
            0.07542324811220169,
            -0.006553962826728821,
            -0.013428065925836563
        ],
        [
            0.07510589063167572,
            -0.014238610863685608,
            -0.008439548313617706
        ],
        [
            0.06814877688884735,
            -0.016870200634002686,
            0.012587595731019974
        ],
        [
            0.06972049176692963,
            -0.020509466528892517,
            -0.00105348601937294
        ],
        [
            0.06500083208084106,
            -0.02702508121728897,
            0.004297923296689987
        ],
        [
            0.05793941020965576,
            -0.03912803530693054,
            0.009173968806862831
        ],
        [
            0.08636905252933502,
            0.025277331471443176,
            0.018981914967298508
        ],
        [
            0.08758290857076645,
            0.022082310169935226,
            0.028612680733203888
        ],
        [
            0.11144201457500458,
            -0.08897242695093155,
            0.0719849094748497
        ],
        [
            0.11278670281171799,
            -0.08408194035291672,
            0.07544612884521484
        ],
        [
            0.11295963078737259,
            -0.08309933543205261,
            0.07300594449043274
        ],
        [
            0.11186426132917404,
            -0.08807572722434998,
            0.07008083164691925
        ],
        [
            0.10596363991498947,
            0.02985648810863495,
            0.02166660875082016
        ],
        [
            0.1143147200345993,
            0.028175517916679382,
            0.01615859568119049
        ],
        [
            0.11043097078800201,
            0.033295780420303345,
            0.012661352753639221
        ],
        [
            0.10181422531604767,
            0.03362591192126274,
            0.016563259065151215
        ],
        [
            0.11133405566215515,
            0.024777933955192566,
            0.028419088572263718
        ],
        [
            0.11900175362825394,
            0.02065930888056755,
            0.021134350448846817
        ],
        [
            0.11986939609050751,
            -0.09834544360637665,
            0.07452698051929474
        ],
        [
            0.11521537601947784,
            -0.09707370400428772,
            0.07243038713932037
        ],
        [
            0.1181049793958664,
            -0.09633278101682663,
            0.06902867555618286
        ],
        [
            0.12347359955310822,
            -0.0966118723154068,
            0.07045875489711761
        ],
        [
            0.0971696525812149,
            -0.05754372850060463,
            0.04002982750535011
        ],
        [
            0.09954527020454407,
            -0.047766171395778656,
            0.041772931814193726
        ],
        [
            0.10893376916646957,
            -0.06616418063640594,
            0.051047537475824356
        ],
        [
            0.1065707728266716,
            -0.05813945457339287,
            0.047364138066768646
        ],
        [
            0.10394006222486496,
            -0.06352744996547699,
            0.042675457894802094
        ],
        [
            0.10751431435346603,
            -0.0695946142077446,
            0.045452892780303955
        ],
        [
            0.11285032331943512,
            -0.03561561554670334,
            0.05272980406880379
        ],
        [
            0.10748954117298126,
            -0.028484361246228218,
            0.04511605203151703
        ],
        [
            0.10622293502092361,
            -0.03503268212080002,
            0.043721556663513184
        ],
        [
            0.11094579100608826,
            -0.0440208837389946,
            0.051668617874383926
        ],
        [
            0.10884325206279755,
            -0.015828683972358704,
            0.05153994634747505
        ],
        [
            0.11439488083124161,
            -0.023874204605817795,
            0.058267999440431595
        ],
        [
            0.11462812125682831,
            -0.015723425894975662,
            0.06115497648715973
        ],
        [
            0.10977759212255478,
            -0.01146009936928749,
            0.056384943425655365
        ],
        [
            0.12350410223007202,
            -0.039631620049476624,
            0.06760227680206299
        ],
        [
            0.12696261703968048,
            -0.04398062825202942,
            0.0713593065738678
        ],
        [
            0.12657134234905243,
            -0.04073959216475487,
            0.07290301471948624
        ],
        [
            0.12397444248199463,
            -0.03598395735025406,
            0.06861059367656708
        ],
        [
            0.10731760412454605,
            0.0380001924932003,
            0.0083223357796669
        ],
        [
            0.09794297814369202,
            0.036478474736213684,
            0.011057451367378235
        ],
        [
            0.13610145449638367,
            0.0013668984174728394,
            0.05306875333189964
        ],
        [
            0.12887601554393768,
            0.009440954774618149,
            0.05634446069598198
        ],
        [
            0.13588829338550568,
            0.003973836079239845,
            0.06698564440011978
        ],
        [
            0.1421763151884079,
            -0.003374239429831505,
            0.06049255654215813
        ],
        [
            0.11931058764457703,
            0.021364055573940277,
            0.009998872876167297
        ],
        [
            0.11701121926307678,
            0.028216391801834106,
            0.006859004497528076
        ],
        [
            0.12475565075874329,
            -0.09611689299345016,
            0.07806211709976196
        ],
        [
            0.12814874947071075,
            -0.09416555613279343,
            0.07416881620883942
        ],
        [
            0.07464368641376495,
            -0.031185045838356018,
            -0.0046919770538806915
        ],
        [
            0.0642855316400528,
            -0.04335462674498558,
            0.0025287270545959473
        ],
        [
            0.08071013540029526,
            -0.021945014595985413,
            -0.010953940451145172
        ],
        [
            0.08425533771514893,
            -0.014915898442268372,
            -0.01566489040851593
        ],
        [
            0.0842490941286087,
            -0.008925646543502808,
            -0.021125376224517822
        ],
        [
            0.11039667576551437,
            -0.055601395666599274,
            0.05275280028581619
        ],
        [
            0.10163788497447968,
            -0.03828774765133858,
            0.04062231630086899
        ],
        [
            0.10148335248231888,
            -0.019524481147527695,
            0.03912514075636864
        ],
        [
            0.10527969896793365,
            0.005450941622257233,
            0.05724157392978668
        ],
        [
            0.09967641532421112,
            0.011409465223550797,
            0.050434503704309464
        ],
        [
            0.09819833189249039,
            0.0008871257305145264,
            0.04878281056880951
        ],
        [
            0.1039455235004425,
            -0.0021402500569820404,
            0.05475496128201485
        ],
        [
            0.12091332674026489,
            0.010654769837856293,
            0.062043629586696625
        ],
        [
            0.1150495707988739,
            0.005516991019248962,
            0.06456909328699112
        ],
        [
            0.12076042592525482,
            0.001030854880809784,
            0.07072381675243378
        ],
        [
            0.12741465866565704,
            0.0054519809782505035,
            0.06994079053401947
        ],
        [
            0.06628566980361938,
            -0.06441418826580048,
            0.009815523400902748
        ],
        [
            0.07946309447288513,
            -0.05752300098538399,
            0.006409782916307449
        ],
        [
            0.09620292484760284,
            0.028325624763965607,
            0.025605499744415283
        ],
        [
            0.09253336489200592,
            0.03014509379863739,
            0.018953263759613037
        ],
        [
            0.09061339497566223,
            0.033829450607299805,
            0.011524088680744171
        ],
        [
            0.08800075203180313,
            -0.005485806614160538,
            0.02928132563829422
        ],
        [
            0.08069773018360138,
            0.002785131335258484,
            0.02011789008975029
        ],
        [
            0.07989379018545151,
            -0.0014134123921394348,
            0.019220352172851562
        ],
        [
            0.088751420378685,
            -0.009090475738048553,
            0.028314463794231415
        ],
        [
            0.08170261979103088,
            -0.02656254917383194,
            0.030475905165076256
        ],
        [
            0.07548563182353973,
            -0.016418084502220154,
            0.023657960817217827
        ],
        [
            0.07339219748973846,
            -0.03634468838572502,
            0.03243369609117508
        ],
        [
            0.07653743773698807,
            0.005017206072807312,
            0.0054174624383449554
        ],
        [
            0.07552627474069595,
            0.015706628561019897,
            0.0025144070386886597
        ],
        [
            0.07367679476737976,
            0.009054005146026611,
            -0.0030988939106464386
        ],
        [
            0.07967516779899597,
            0.023440320044755936,
            0.00699981302022934
        ],
        [
            0.08478091657161713,
            0.029973763972520828,
            0.01042117178440094
        ],
        [
            0.11665517836809158,
            0.03481462597846985,
            0.0014414414763450623
        ],
        [
            0.07372256368398666,
            0.0024655312299728394,
            -0.00842035561800003
        ],
        [
            0.055848270654678345,
            -0.04738013073801994,
            0.026995398104190826
        ],
        [
            0.051662787795066833,
            -0.054159365594387054,
            0.025666851550340652
        ],
        [
            0.05774148926138878,
            -0.058390263468027115,
            0.02897481620311737
        ],
        [
            0.06209498643875122,
            -0.05230884999036789,
            0.030756425112485886
        ],
        [
            0.11626259237527847,
            -0.07639671862125397,
            0.03807268291711807
        ],
        [
            0.10985084623098373,
            -0.07434280216693878,
            0.04186553135514259
        ],
        [
            0.1034865602850914,
            -0.06921067833900452,
            0.036647628992795944
        ],
        [
            0.08731097728013992,
            0.006554912775754929,
            0.035579290241003036
        ],
        [
            0.09201816469430923,
            0.01815638318657875,
            0.037720464169979095
        ],
        [
            0.11273372918367386,
            -0.06427540630102158,
            0.05630873516201973
        ],
        [
            0.12571032345294952,
            -0.094466932117939,
            0.06621041893959045
        ],
        [
            0.11974111944437027,
            -0.09457932412624359,
            0.06467688083648682
        ],
        [
            0.12003270536661148,
            -0.08452922105789185,
            0.050233159214258194
        ],
        [
            0.12688875198364258,
            -0.08438967168331146,
            0.05153115093708038
        ],
        [
            0.12139067053794861,
            -0.06703784316778183,
            0.06195744127035141
        ],
        [
            0.11499743163585663,
            -0.06761021912097931,
            0.05935382843017578
        ],
        [
            0.11654907464981079,
            -0.06906306743621826,
            0.06100286543369293
        ],
        [
            0.12162801623344421,
            -0.0684729740023613,
            0.0651986300945282
        ],
        [
            0.12687477469444275,
            -0.031618501991033554,
            0.07481768727302551
        ],
        [
            0.12422151863574982,
            -0.027359062805771828,
            0.07085157930850983
        ],
        [
            0.1366228461265564,
            -0.05834435671567917,
            0.04659909009933472
        ],
        [
            0.13298624753952026,
            -0.06776420772075653,
            0.03672895208001137
        ],
        [
            0.1265804022550583,
            -0.060860954225063324,
            0.028470424935221672
        ],
        [
            0.11366583406925201,
            -0.02853003889322281,
            0.05509014427661896
        ],
        [
            0.11867185682058334,
            -0.03418230265378952,
            0.062317900359630585
        ],
        [
            0.11947423219680786,
            -0.03033316880464554,
            0.06391355395317078
        ],
        [
            0.11369767040014267,
            -0.055375587195158005,
            0.056318528950214386
        ],
        [
            0.11686541885137558,
            -0.06148824840784073,
            0.05987822636961937
        ],
        [
            0.11818112432956696,
            -0.055942706763744354,
            0.05976918712258339
        ],
        [
            0.11503811925649643,
            -0.05008643865585327,
            0.057004835456609726
        ],
        [
            0.12327572703361511,
            0.015591174364089966,
            0.0458090603351593
        ],
        [
            0.11402168869972229,
            0.01727401092648506,
            0.052779071033000946
        ],
        [
            0.11226175725460052,
            -0.09365204721689224,
            0.07124608755111694
        ],
        [
            0.11373142153024673,
            -0.0930224359035492,
            0.06867390125989914
        ],
        [
            0.10837430506944656,
            -0.02168947458267212,
            0.04757342487573624
        ],
        [
            0.1196255087852478,
            -0.05110780522227287,
            0.019835662096738815
        ],
        [
            0.10212334990501404,
            -0.014444690197706223,
            0.041355229914188385
        ],
        [
            0.14261272549629211,
            -0.022410714998841286,
            0.06669347733259201
        ],
        [
            0.13803748786449432,
            -0.020748499780893326,
            0.07306256890296936
        ],
        [
            0.1376873254776001,
            -0.025606434792280197,
            0.07735496759414673
        ],
        [
            0.1422240287065506,
            -0.02837243303656578,
            0.0743338018655777
        ],
        [
            0.12275449931621552,
            -0.07678216695785522,
            0.07615926116704941
        ],
        [
            0.11707410216331482,
            -0.07794944941997528,
            0.07512140274047852
        ],
        [
            0.11686254292726517,
            -0.07944333553314209,
            0.0764087364077568
        ],
        [
            0.12242767214775085,
            -0.079092837870121,
            0.07884227484464645
        ],
        [
            0.11153881996870041,
            -0.07024165987968445,
            0.055293526500463486
        ],
        [
            0.1101701408624649,
            -0.07396358996629715,
            0.05015914887189865
        ],
        [
            0.11157817393541336,
            -0.07692603021860123,
            0.0549144484102726
        ],
        [
            0.11351694166660309,
            -0.07263945788145065,
            0.058716364204883575
        ],
        [
            0.1135883703827858,
            -0.07841728627681732,
            0.04666363075375557
        ],
        [
            0.11447905749082565,
            -0.08152972906827927,
            0.05131172761321068
        ],
        [
            0.12878969311714172,
            -0.07938701659440994,
            0.07573375850915909
        ],
        [
            0.1320112943649292,
            -0.08589963614940643,
            0.07311786711215973
        ],
        [
            0.13333643972873688,
            -0.07526858150959015,
            0.06023663282394409
        ],
        [
            0.12871107459068298,
            -0.07154331356287003,
            0.06542849540710449
        ],
        [
            0.12741084396839142,
            -0.0017667412757873535,
            0.021015368402004242
        ],
        [
            0.1266196221113205,
            0.007960978895425797,
            0.02650982141494751
        ],
        [
            0.13167481124401093,
            7.578730583190918e-05,
            0.03839388117194176
        ],
        [
            0.138039693236351,
            -0.007156822830438614,
            0.049930814653635025
        ],
        [
            0.14307913184165955,
            -0.015171736478805542,
            0.06068626791238785
        ],
        [
            0.14518201351165771,
            -0.02543896622955799,
            0.05444122850894928
        ],
        [
            0.12990954518318176,
            0.007566303014755249,
            0.041382402181625366
        ],
        [
            0.1292869597673416,
            -0.062289759516716,
            0.05808035284280777
        ],
        [
            0.13354647159576416,
            -0.06709486246109009,
            0.05128244310617447
        ],
        [
            0.13417966663837433,
            -0.06125834584236145,
            0.05345306918025017
        ],
        [
            0.10196079313755035,
            -0.008389610797166824,
            0.04579726606607437
        ],
        [
            0.114863321185112,
            -0.09196619689464569,
            0.06506767868995667
        ],
        [
            0.10524814575910568,
            -0.009055428206920624,
            -0.016422782093286514
        ],
        [
            0.11347153037786484,
            7.047504186630249e-05,
            -0.011664409190416336
        ],
        [
            0.11474954336881638,
            -0.006964787840843201,
            -0.006430342793464661
        ],
        [
            0.10500768572092056,
            -0.016991745680570602,
            -0.011233437806367874
        ],
        [
            0.1125408485531807,
            -0.0822080448269844,
            0.07170489430427551
        ],
        [
            0.11149971932172775,
            -0.08713606745004654,
            0.06756887584924698
        ],
        [
            0.12603886425495148,
            -0.022316250950098038,
            0.07498034089803696
        ],
        [
            0.12870320677757263,
            -0.027358757331967354,
            0.07800853252410889
        ],
        [
            0.1317257583141327,
            -0.026461461558938026,
            0.07982075959444046
        ],
        [
            0.12914228439331055,
            -0.020256374031305313,
            0.07984048128128052
        ],
        [
            0.1248597502708435,
            0.01335742324590683,
            0.02846960723400116
        ],
        [
            0.13835659623146057,
            -0.0014556404203176498,
            0.07454924285411835
        ],
        [
            0.14398978650569916,
            -0.007228203117847443,
            0.06826155632734299
        ],
        [
            0.12229422479867935,
            0.014478132128715515,
            0.015924036502838135
        ],
        [
            0.12351653724908829,
            0.006189204752445221,
            0.010780677199363708
        ],
        [
            0.12084300816059113,
            0.012433961033821106,
            0.003729991614818573
        ],
        [
            0.143416628241539,
            -0.04044303297996521,
            0.054972581565380096
        ],
        [
            0.12782129645347595,
            -0.010216258466243744,
            0.018846314400434494
        ],
        [
            0.12308613955974579,
            -0.0011418424546718597,
            0.008436217904090881
        ],
        [
            0.11985597759485245,
            0.005979340523481369,
            -0.00010541826486587524
        ],
        [
            0.11827873438596725,
            0.011657297611236572,
            -0.006083063781261444
        ],
        [
            0.11938076466321945,
            0.018154524266719818,
            -0.0012029483914375305
        ],
        [
            0.1299998164176941,
            -0.09098868072032928,
            0.06974325329065323
        ],
        [
            0.13044679164886475,
            -0.08878888189792633,
            0.0784619003534317
        ],
        [
            0.1192374899983406,
            0.024969451129436493,
            -0.007278628647327423
        ],
        [
            0.11737436801195145,
            0.017331518232822418,
            -0.012304432690143585
        ],
        [
            0.12122483551502228,
            -0.009633202105760574,
            0.0052131786942481995
        ],
        [
            0.11746116727590561,
            -0.019877362996339798,
            0.001818593591451645
        ],
        [
            0.12567681074142456,
            -0.018086742609739304,
            0.015538942068815231
        ],
        [
            0.12246125191450119,
            -0.029021281749010086,
            0.012881763279438019
        ],
        [
            0.1448027491569519,
            -0.04757721349596977,
            0.0469343438744545
        ],
        [
            0.1183810830116272,
            -0.08922229707241058,
            0.09238187968730927
        ],
        [
            0.12537632882595062,
            -0.08549497276544571,
            0.08439366519451141
        ],
        [
            0.12146712839603424,
            -0.08150488883256912,
            0.0824773907661438
        ],
        [
            0.11702480167150497,
            -0.08514684438705444,
            0.09144128113985062
        ],
        [
            0.12741871178150177,
            -0.08216200023889542,
            0.07974878698587418
        ],
        [
            0.1269717812538147,
            -0.0907185897231102,
            0.08251281827688217
        ],
        [
            0.1130063384771347,
            -0.04114456847310066,
            0.009400397539138794
        ],
        [
            0.12173456698656082,
            -0.06021341681480408,
            0.06246171146631241
        ],
        [
            0.10451405495405197,
            -0.03151962161064148,
            -0.0022488273680210114
        ],
        [
            0.10048928111791611,
            -0.05609758198261261,
            0.009082503616809845
        ],
        [
            0.0927283987402916,
            -0.047421228140592575,
            0.0015466362237930298
        ],
        [
            0.09430944174528122,
            -0.02237442135810852,
            -0.013705365359783173
        ],
        [
            0.08715727180242538,
            -0.03490079939365387,
            -0.007986720651388168
        ],
        [
            0.09455772489309311,
            -0.00813976675271988,
            -0.022920694202184677
        ],
        [
            0.0958566814661026,
            -0.014829069375991821,
            -0.017753086984157562
        ],
        [
            0.07715777307748795,
            -0.045311857014894485,
            -0.0016854368150234222
        ],
        [
