{
    "pred_cam": [
        7.358360767364502,
        -0.08447442948818207,
        0.034031741321086884
    ],
    "pred_mano_params": {
        "global_orient": [
            [
                [
                    0.5212116241455078,
                    0.8362056016921997,
                    0.17058312892913818
                ],
                [
                    0.61406409740448,
                    -0.22864840924739838,
                    -0.7554105520248413
                ],
                [
                    -0.592674970626831,
                    0.4984777867794037,
                    -0.6326580047607422
                ]
            ]
        ],
        "hand_pose": [
            [
                [
                    0.8259257674217224,
                    -0.48613443970680237,
                    -0.2855169177055359
                ],
                [
                    0.4313981831073761,
                    0.8709962368011475,
                    -0.23507684469223022
                ],
                [
                    0.36296314001083374,
                    0.07098454236984253,
                    0.9290957450866699
                ]
            ],
            [
                [
                    0.6487064957618713,
                    -0.7514634728431702,
                    0.12034326791763306
                ],
                [
                    0.7542836666107178,
                    0.6138372421264648,
                    -0.23293757438659668
                ],
                [
                    0.10117289423942566,
                    0.2418810874223709,
                    0.9650168418884277
                ]
            ],
            [
                [
                    0.8164894580841064,
                    -0.5599446296691895,
                    0.140737384557724
                ],
                [
                    0.5439992547035217,
                    0.8277649283409119,
                    0.1373683214187622
                ],
                [
                    -0.19341611862182617,
                    -0.0355987548828125,
                    0.9804707765579224
                ]
            ],
            [
                [
                    0.5022455453872681,
                    -0.8170963525772095,
                    -0.28302493691444397
                ],
                [
                    0.8262608051300049,
                    0.5500029921531677,
                    -0.12161334604024887
                ],
                [
                    0.25503435730934143,
                    -0.17277266085147858,
                    0.9513712525367737
                ]
            ],
            [
                [
                    0.7025405168533325,
                    -0.6707663536071777,
                    -0.23771698772907257
                ],
                [
                    0.7035471200942993,
                    0.7048973441123962,
                    0.09022911638021469
                ],
                [
                    0.10704338550567627,
                    -0.23063470423221588,
                    0.9671346545219421
                ]
            ],
            [
                [
                    0.8624824285507202,
                    -0.49008020758628845,
                    0.1262754201889038
                ],
                [
                    0.4896745979785919,
                    0.8711454272270203,
                    0.03639209270477295
                ],
                [
                    -0.12783931195735931,
                    0.030446326360106468,
                    0.9913274645805359
                ]
            ],
            [
                [
                    0.5188044309616089,
                    -0.8509792685508728,
                    -0.08170739561319351
                ],
                [
                    0.6590853929519653,
                    0.33727338910102844,
                    0.672200083732605
                ],
                [
                    -0.5444707274436951,
                    -0.40259256958961487,
                    0.7358469367027283
                ]
            ],
            [
                [
                    0.961029589176178,
                    -0.22822797298431396,
                    -0.1559942662715912
                ],
                [
                    0.19297271966934204,
                    0.9578931927680969,
                    -0.21260792016983032
                ],
                [
                    0.19794893264770508,
                    0.17421984672546387,
                    0.964605450630188
                ]
            ],
            [
                [
                    0.9616366028785706,
                    0.25983983278274536,
                    0.08796756714582443
                ],
                [
                    -0.2699437737464905,
                    0.839211642742157,
                    0.47207435965538025
                ],
                [
                    0.048840299248695374,
                    -0.4777102768421173,
                    0.8771587610244751
                ]
            ],
            [
                [
                    0.41784608364105225,
                    -0.9067670106887817,
                    -0.056375421583652496
                ],
                [
                    0.904380738735199,
                    0.4092267155647278,
                    0.12095020711421967
                ],
                [
                    -0.08660333603620529,
                    -0.10152341425418854,
                    0.9910564422607422
                ]
            ],
            [
                [
                    0.8930878043174744,
                    -0.4241149425506592,
                    -0.15006904304027557
                ],
                [
                    0.44858863949775696,
                    0.8142343759536743,
                    0.36849790811538696
                ],
                [
                    -0.034094084054231644,
                    -0.3964202404022217,
                    0.9174359440803528
                ]
            ],
            [
                [
                    0.8881728053092957,
                    -0.4480988681316376,
                    0.10176711529493332
                ],
                [
                    0.42474591732025146,
                    0.8850945830345154,
                    0.19025923311710358
                ],
                [
                    -0.17532846331596375,
                    -0.12575790286064148,
                    0.9764450788497925
                ]
            ],
            [
                [
                    0.9690735936164856,
                    -0.20980381965637207,
                    -0.1299176961183548
                ],
                [
                    -0.05906461551785469,
                    0.3139667212963104,
                    -0.947594940662384
                ],
                [
                    0.2395988404750824,
                    0.9259628653526306,
                    0.29186487197875977
                ]
            ],
            [
                [
                    0.9665110111236572,
                    -0.24393492937088013,
                    0.07970167696475983
                ],
                [
                    0.17267493903636932,
                    0.8479265570640564,
                    0.5012025833129883
                ],
                [
                    -0.18984197080135345,
                    -0.470655232667923,
                    0.8616517782211304
                ]
            ],
            [
                [
                    0.9525184035301208,
                    -0.018350055441260338,
                    -0.30392757058143616
                ],
                [
                    -0.061390794813632965,
                    0.9661082625389099,
                    -0.25073081254959106
                ],
                [
                    0.29822787642478943,
                    0.2574840486049652,
                    0.9191094040870667
                ]
            ]
        ],
        "betas": [
            0.01796610653400421,
            0.013843625783920288,
            -0.03696414828300476,
            0.08303764462471008,
            -0.06869673728942871,
            -0.08457700163125992,
            -0.014527469873428345,
            -0.08627018332481384,
            -0.02015557885169983,
            -0.13476404547691345
        ]
    },
    "pred_cam_t": [
        -0.08447442948818207,
        0.034031741321086884,
        5.308587074279785
    ],
    "focal_length": [
        5000.0,
        5000.0
    ],
    "pred_keypoints_3d": [
        [
            0.09562965482473373,
            0.006373193114995956,
            0.006162709090858698
        ],
        [
            0.0743994265794754,
            -0.024297915399074554,
            -0.0036681382916867733
        ],
        [
            0.0456545352935791,
            -0.035442352294921875,
            -0.002819040324538946
        ],
        [
            0.02021900750696659,
            -0.04417818784713745,
            0.0006938199512660503
        ],
        [
            -0.012195803225040436,
            -0.05331539362668991,
            0.011642368510365486
        ],
        [
            0.048886608332395554,
            -0.06211375072598457,
            0.04274677485227585
        ],
        [
            0.022605791687965393,
            -0.07056538015604019,
            0.0607818141579628
        ],
        [
            0.0031622499227523804,
            -0.06055808067321777,
            0.05714178830385208
        ],
        [
            -0.01118500530719757,
            -0.04673328995704651,
            0.04272973909974098
        ],
        [
            0.044507239013910294,
            -0.04885626211762428,
            0.06367707997560501
        ],
        [
            0.01402699388563633,
            -0.04271271079778671,
            0.06953667104244232
        ],
        [
            0.0002297721803188324,
            -0.027926648035645485,
            0.05813721567392349
        ],
        [
            -0.009917955845594406,
            -0.014842905104160309,
            0.03879223018884659
        ],
        [
            0.04517584666609764,
            -0.022751061245799065,
            0.06946665793657303
        ],
        [
            0.016540663316845894,
            -0.02309991419315338,
            0.06655605882406235
        ],
        [
            -0.0009913593530654907,
            -0.012400289997458458,
            0.052697643637657166
        ],
        [
            -0.014451520517468452,
            -0.0044494871981441975,
            0.032900676131248474
        ],
        [
            0.04410822317004204,
            -0.0009825453162193298,
            0.06925930827856064
        ],
        [
            0.023675797507166862,
            -0.0014093471691012383,
            0.06409867107868195
        ],
        [
            0.005692373961210251,
            0.001230908092111349,
            0.05885109677910805
        ],
        [
            -0.017367014661431313,
            0.0017756596207618713,
            0.05357097461819649
        ]
    ],
    "pred_vertices": [
        [
            0.05809168517589569,
            -0.032025888562202454,
            0.017414841800928116
        ],
        [
            0.06291456520557404,
            -0.024085111916065216,
            0.011445753276348114
        ],
        [
            0.055690698325634,
            -0.028729166835546494,
            0.01103426143527031
        ],
        [
            0.053009163588285446,
            -0.03857035934925079,
            0.015601953491568565
        ],
        [
            0.05760352313518524,
            -0.012507688254117966,
            -0.004127658903598785
        ],
        [
            0.06086258962750435,
            -0.01491456851363182,
            -0.015438634902238846
        ],
        [
            0.047354523092508316,
            -0.02236754447221756,
            -0.011675894260406494
        ],
        [
            0.046027664095163345,
            -0.018244117498397827,
            -0.0025784894824028015
        ],
        [
            0.049197375774383545,
            -0.04391230642795563,
            0.015438605099916458
        ],
        [
            0.048832524567842484,
            -0.032550595700740814,
            0.010903090238571167
        ],
        [
            0.04905134439468384,
            -0.046444639563560486,
            0.01518142968416214
        ],
        [
            0.05620213598012924,
            -0.05863277241587639,
            0.021735651418566704
        ],
        [
            0.05194944888353348,
            -0.05396322160959244,
            0.020846594125032425
        ],
        [
            0.05723544955253601,
            -0.06445996463298798,
            0.028382938355207443
        ],
        [
            0.0667576789855957,
            -0.05865379050374031,
            0.021030237898230553
        ],
        [
            0.06442148238420486,
            -0.06463511288166046,
            0.03459962084889412
        ],
        [
            0.08190935850143433,
            -0.040455762296915054,
            0.038989290595054626
        ],
        [
            0.08244071900844574,
            -0.028386658057570457,
            0.04571329057216644
        ],
        [
            0.07272292673587799,
            -0.03751761093735695,
            0.057618945837020874
        ],
        [
            0.07250459492206573,
            -0.0484728142619133,
            0.04888216406106949
        ],
        [
            0.07217475771903992,
            -0.016639962792396545,
            0.06084977090358734
        ],
        [
            0.07199962437152863,
            -0.02855270728468895,
            0.059652719646692276
        ],
        [
            0.08278347551822662,
            -0.019745003432035446,
            0.048476554453372955
        ],
        [
            0.08226123452186584,
            -0.009595850482583046,
            0.04983789473772049
        ],
        [
            0.06269128620624542,
            -0.017696164548397064,
            0.021802294999361038
        ],
        [
            0.06758511066436768,
            -0.010793264955282211,
            0.015225265175104141
        ],
        [
            0.0675693154335022,
            -0.016686074435710907,
            0.01379871740937233
        ],
        [
            0.062204014509916306,
            -0.022940248250961304,
            0.019726265221834183
        ],
        [
            0.04449479281902313,
            -0.047624267637729645,
            0.005724554881453514
        ],
        [
            0.05950886756181717,
            -0.05120213329792023,
            0.005585649982094765
        ],
        [
            0.05501933395862579,
            -0.050996921956539154,
            0.01202613115310669
        ],
        [
            0.041475243866443634,
            -0.044043220579624176,
            0.00883372314274311
        ],
        [
            0.0733058899641037,
            0.01447281613945961,
            0.0011729076504707336
        ],
        [
            0.08502623438835144,
            0.018610961735248566,
            -0.004347190260887146
        ],
        [
            0.08618253469467163,
            0.013580113649368286,
            -0.007339216768741608
        ],
        [
            0.07567515224218369,
            0.010600343346595764,
            -0.0014057941734790802
        ],
        [
            0.07991473376750946,
            -0.004690945148468018,
            -0.01704055815935135
        ],
        [
            0.08970453590154648,
            -0.0009668990969657898,
            -0.017685238271951675
        ],
        [
            0.10023771226406097,
            -0.00742223858833313,
            -0.021945960819721222
        ],
        [
            0.09154323488473892,
            -0.013925064355134964,
            -0.021110665053129196
        ],
        [
            0.07004823535680771,
            -0.010043203830718994,
            -0.01634368672966957
        ],
        [
            0.07869243621826172,
            -0.018211696296930313,
            -0.022158976644277573
        ],
        [
            0.06669338047504425,
            -0.022739730775356293,
            -0.020944319665431976
        ],
        [
            0.05101379007101059,
            -0.029342401772737503,
            -0.016387876123189926
        ],
        [
            0.08529465645551682,
            0.02855350449681282,
            0.0037563294172286987
        ],
        [
            0.07634290307760239,
            0.02723052352666855,
            0.008632369339466095
        ],
        [
            0.01805220916867256,
            -0.0667489692568779,
            0.04827633127570152
        ],
        [
            0.01858622580766678,
            -0.061259202659130096,
            0.05097284913063049
        ],
        [
            0.021283365786075592,
            -0.06158723309636116,
            0.049387771636247635
        ],
        [
            0.020442137494683266,
            -0.06697740405797958,
            0.04721643030643463
        ],
        [
            0.09160313010215759,
            0.03064809925854206,
            0.02294119819998741
        ],
        [
            0.09928561002016068,
            0.02664012834429741,
            0.028102509677410126
        ],
        [
            0.10214470326900482,
            0.03141212463378906,
            0.023406270891427994
        ],
        [
            0.09546463191509247,
            0.03383228927850723,
            0.017252754420042038
        ],
        [
            0.08652273565530777,
            0.026387279853224754,
            0.03041604906320572
        ],
        [
            0.09490540623664856,
            0.019750922918319702,
            0.03408730775117874
        ],
        [
            0.016569118946790695,
            -0.07565654814243317,
            0.05732964351773262
        ],
        [
            0.016107864677906036,
            -0.07449795305728912,
            0.052226241677999496
        ],
        [
            0.0206488948315382,
            -0.07589604705572128,
            0.0524383969604969
        ],
        [
            0.02239333838224411,
            -0.07655879110097885,
            0.057684678584337234
        ],
        [
            0.05122297257184982,
            -0.047219060361385345,
            0.02069052681326866
        ],
        [
            0.053111545741558075,
            -0.03862182796001434,
            0.02261681854724884
        ],
        [
            0.04370192438364029,
            -0.05670079588890076,
            0.032917123287916183
        ],
        [
            0.048095643520355225,
            -0.04931817203760147,
            0.02992870658636093
        ],
        [
            0.04977622255682945,
            -0.05477506294846535,
            0.025975147262215614
        ],
        [
            0.04685314744710922,
            -0.06093220040202141,
            0.029598763212561607
        ],
        [
            0.05115339159965515,
            -0.027445528656244278,
            0.038670480251312256
        ],
        [
            0.05741124600172043,
            -0.021249961107969284,
            0.031055953353643417
        ],
        [
            0.056707799434661865,
            -0.027588022872805595,
            0.02912796288728714
        ],
        [
            0.04931262880563736,
            -0.03551464527845383,
            0.03611993417143822
        ],
        [
            0.055343322455883026,
            -0.00794316828250885,
            0.03533249720931053
        ],
        [
            0.049885280430316925,
            -0.015208100900053978,
            0.042735520750284195
        ],
        [
            0.04951097071170807,
            -0.006785722449421883,
            0.04413549602031708
        ],
        [
            0.05254057049751282,
            -0.0028878487646579742,
            0.03819628059864044
        ],
        [
            0.04197698459029198,
            -0.0306825190782547,
            0.05352749675512314
        ],
        [
            0.04014666751027107,
            -0.03441935032606125,
            0.056917041540145874
        ],
        [
            0.038136012852191925,
            -0.03125036507844925,
            0.05764593183994293
        ],
        [
            0.041848912835121155,
            -0.027059413492679596,
            0.05435040593147278
        ],
        [
            0.10596603155136108,
            0.035517819225788116,
            0.01905602589249611
        ],
        [
            0.09958451986312866,
            0.036022551357746124,
            0.011625848710536957
        ],
        [
            0.06819605827331543,
            0.004945611581206322,
            0.062112681567668915
        ],
        [
            0.06491883099079132,
            0.014042966067790985,
            0.05654723197221756
        ],
        [
            0.055708590894937515,
            0.01006619818508625,
            0.06459996104240417
        ],
        [
            0.062002308666706085,
            0.0010431315749883652,
            0.06964962184429169
        ],
        [
            0.10498696565628052,
            0.018110524863004684,
            0.029737111181020737
        ],
        [
            0.10854056477546692,
            0.024377942085266113,
            0.026696261018514633
        ],
        [
            0.017750835046172142,
            -0.0731881856918335,
            0.06313315778970718
        ],
        [
            0.023431697860360146,
            -0.07372774928808212,
            0.06331224739551544
        ],
        [
            0.07730567455291748,
            -0.031877368688583374,
            -0.018942318856716156
        ],
        [
            0.056846968829631805,
            -0.037775926291942596,
            -0.01607288420200348
        ],
        [
            0.09224008023738861,
            -0.024874895811080933,
            -0.01866034045815468
        ],
        [
            0.10228975117206573,
            -0.018789734691381454,
            -0.016536656767129898
        ],
        [
            0.10993939638137817,
            -0.013311926275491714,
            -0.017314251512289047
        ],
        [
            0.04559474438428879,
            -0.04656843841075897,
            0.03533264622092247
        ],
        [
            0.05714128911495209,
            -0.030365467071533203,
            0.02390466257929802
        ],
        [
            0.062462709844112396,
            -0.01284099742770195,
            0.023542650043964386
        ],
        [
            0.054040003567934036,
            0.01432381384074688,
            0.035278983414173126
        ],
        [
            0.05918165296316147,
            0.019550427794456482,
            0.02795557677745819
        ],
        [
            0.057499051094055176,
            0.00928083062171936,
            0.025372713804244995
        ],
        [
            0.0538686141371727,
            0.006686989217996597,
            0.03270354121923447
        ],
        [
            0.057116489857435226,
            0.017756320536136627,
            0.05115016922354698
        ],
        [
            0.051649682223796844,
            0.014453286305069923,
            0.046419497579336166
        ],
        [
            0.04760849475860596,
            0.0104511808604002,
            0.051635682582855225
        ],
        [
            0.051120512187480927,
            0.013332173228263855,
            0.0575559064745903
        ],
        [
            0.045013897120952606,
            -0.04994106665253639,
            -0.001325715333223343
        ],
        [
            0.06231662631034851,
            -0.050391748547554016,
            -0.0012544207274913788
        ],
        [
            0.0839412659406662,
            0.031385526061058044,
            0.01563999429345131
        ],
        [
            0.08889153599739075,
            0.032345037907361984,
            0.009637996554374695
        ],
        [
            0.09572090208530426,
            0.034643400460481644,
            0.005033902823925018
        ],
        [
            0.07041126489639282,
            0.0007839053869247437,
            0.006989654153585434
        ],
        [
            0.07727384567260742,
            0.007891032844781876,
            -0.003278210759162903
        ],
        [
            0.07727101445198059,
            0.0038814544677734375,
            -0.005128435790538788
        ],
        [
            0.07192520052194595,
            -0.002779599279165268,
            0.006539743393659592
        ],
        [
            0.06594423204660416,
            -0.014132648706436157,
            0.005287826061248779
        ],
        [
            0.0686182975769043,
            -0.00693860650062561,
            -0.005405288189649582
        ],
        [
            0.05617454648017883,
            -0.01757965236902237,
            0.0064598992466926575
        ],
        [
            0.08875449001789093,
            0.007620088756084442,
            -0.012421488761901855
        ],
        [
            0.09361965954303741,
            0.017557576298713684,
            -0.013284683227539062
        ],
        [
            0.09614191949367523,
            0.010206207633018494,
            -0.0176544226706028
        ],
        [
            0.09306234866380692,
            0.025327011942863464,
            -0.007325030863285065
        ],
        [
            0.0935329794883728,
            0.03152590990066528,
            -0.0009399056434631348
        ],
        [
            0.11481530964374542,
            0.0296798013150692,
            0.024511273950338364
        ],
        [
            0.09878648817539215,
            0.00279293954372406,
            -0.020304713398218155
        ],
        [
            0.03861670941114426,
            -0.023858100175857544,
            -0.001715630292892456
        ],
        [
            0.0316431000828743,
            -0.029086517170071602,
            -0.0019652582705020905
        ],
        [
            0.033366985619068146,
            -0.03092837706208229,
            0.00540023110806942
        ],
        [
            0.04003407806158066,
            -0.02619040012359619,
            0.006350390613079071
        ],
        [
            0.054072171449661255,
            -0.06974543631076813,
            0.03570784628391266
        ],
        [
            0.04919196665287018,
            -0.0661201998591423,
            0.030973544344305992
        ],
        [
            0.05306559056043625,
            -0.06042489409446716,
            0.02457319013774395
        ],
        [
            0.06626983731985092,
            0.013723619282245636,
            0.01043703407049179
        ],
        [
            0.06900864839553833,
            0.024640068411827087,
            0.01620405912399292
        ],
        [
            0.041650231927633286,
            -0.053914520889520645,
            0.03861232474446297
        ],
        [
            0.02754775993525982,
            -0.07706193625926971,
            0.057268328964710236
        ],
        [
            0.025597769767045975,
            -0.07672462612390518,
            0.051403529942035675
        ],
        [
            0.041099172085523605,
            -0.0742056667804718,
            0.04362690448760986
        ],
        [
            0.04349016398191452,
            -0.07489491999149323,
            0.0501614548265934
        ],
        [
            0.04011025279760361,
            -0.05515627562999725,
            0.04936221241950989
        ],
        [
            0.039537183940410614,
            -0.055199574679136276,
            0.04256952553987503
        ],
        [
            0.03875068575143814,
            -0.05550338700413704,
            0.04512578621506691
        ],
        [
            0.03844251483678818,
            -0.05409809947013855,
            0.05161772295832634
        ],
        [
            0.03919155150651932,
            -0.022002600133419037,
            0.05763477459549904
        ],
        [
            0.04229896888136864,
            -0.018514368683099747,
            0.05471593886613846
        ],
        [
            0.05997847020626068,
            -0.05484013631939888,
            0.05674591287970543
        ],
        [
            0.06504591554403305,
            -0.06525328755378723,
            0.04930005595088005
        ],
        [
            0.07138711214065552,
            -0.05835052579641342,
            0.04134737700223923
        ],
        [
            0.05116066336631775,
            -0.02024182863533497,
            0.040662169456481934
        ],
        [
            0.045556794852018356,
            -0.025154056027531624,
            0.047746993601322174
        ],
        [
            0.04549802467226982,
            -0.021268239244818687,
            0.04909648001194
        ],
        [
            0.04387834668159485,
            -0.046048350632190704,
            0.039773572236299515
        ],
        [
            0.0410631000995636,
            -0.05121017247438431,
            0.043833810836076736
        ],
        [
            0.04223842918872833,
            -0.04689224436879158,
            0.0451124906539917
        ],
        [
            0.044808778911828995,
            -0.04101017490029335,
            0.041650742292404175
        ],
        [
            0.07364414632320404,
            0.01903735101222992,
            0.04805624112486839
        ],
        [
            0.06430238485336304,
            0.023472081869840622,
            0.04232975095510483
        ],
        [
            0.016901621595025063,
            -0.0713639035820961,
            0.04886597767472267
        ],
        [
            0.020161006599664688,
            -0.07228800654411316,
            0.048348985612392426
        ],
        [
            0.05724292993545532,
            -0.014335205778479576,
            0.03310231491923332
        ],
        [
            0.0782804787158966,
            -0.04958789050579071,
            0.031775668263435364
        ],
        [
            0.06187204271554947,
            -0.007624231278896332,
            0.02521224319934845
        ],
        [
            0.05253610759973526,
            -0.015442275442183018,
            0.07095362991094589
        ],
        [
            0.04543101787567139,
            -0.01170221995562315,
            0.06694240868091583
        ],
        [
            0.041662685573101044,
            -0.013869266957044601,
            0.06733487546443939
        ],
        [
            0.04440872371196747,
            -0.01720666140317917,
            0.07149772346019745
        ],
        [
            0.027175500988960266,
            -0.05675899609923363,
            0.05881653353571892
        ],
        [
            0.024515865370631218,
            -0.05718441680073738,
            0.05355893820524216
        ],
        [
            0.022568823769688606,
            -0.05765502527356148,
            0.05419560894370079
        ],
        [
            0.023932088166475296,
            -0.0573991984128952,
            0.06007584184408188
        ],
        [
            0.03992275148630142,
            -0.05846838280558586,
            0.03770974650979042
        ],
        [
            0.041923169046640396,
            -0.06356219202280045,
            0.03419029712677002
        ],
        [
            0.03720526024699211,
            -0.06400304287672043,
            0.038217559456825256
        ],
        [
            0.03729502484202385,
            -0.05902526527643204,
            0.04158879444003105
        ],
        [
            0.04423121362924576,
            -0.06897865980863571,
            0.03603091835975647
        ],
        [
            0.03908562660217285,
            -0.0700182244181633,
            0.03925301134586334
        ],
        [
            0.029332388192415237,
            -0.06038777902722359,
            0.06376970559358597
        ],
        [
            0.02984282374382019,
            -0.06781736761331558,
            0.0654735118150711
        ],
        [
            0.044470831751823425,
            -0.06443163752555847,
            0.059676043689250946
        ],
        [
            0.04034961014986038,
            -0.0579889714717865,
            0.05808330327272415
        ],
        [
            0.09284336119890213,
            -0.0031961649656295776,
            0.04068303480744362
        ],
        [
            0.09003913402557373,
            0.007389727979898453,
            0.042735327035188675
        ],
        [
            0.0795627310872078,
            0.0012968182563781738,
            0.052143942564725876
        ],
        [
            0.06966757029294968,
            -0.004445105791091919,
            0.06252036243677139
        ],
        [
            0.059815000742673874,
            -0.010501673445105553,
            0.07073497772216797
        ],
        [
            0.064018115401268,
            -0.022249329835176468,
            0.07083889096975327
        ],
        [
            0.0780370682477951,
            0.009409209713339806,
            0.052004411816596985
        ],
        [
            0.04495188593864441,
            -0.05462715029716492,
            0.05423050373792648
        ],
        [
            0.05291000008583069,
            -0.06118201091885567,
            0.055567506700754166
        ],
        [
            0.05055692419409752,
            -0.0558517649769783,
            0.05685029923915863
        ],
        [
            0.059359967708587646,
            -0.0008516423404216766,
            0.027151476591825485
        ],
        [
            0.02411063387989998,
            -0.07337845116853714,
            0.04735884815454483
        ],
        [
            0.11504562199115753,
            -0.015229810029268265,
            0.0042382702231407166
        ],
        [
            0.1166461929678917,
            -0.006115548312664032,
            0.01448269933462143
        ],
        [
            0.11077222228050232,
            -0.012054912745952606,
            0.01729271188378334
        ],
        [
            0.10793598741292953,
            -0.02227560058236122,
            0.005180690437555313
        ],
        [
            0.022742094472050667,
            -0.061539992690086365,
            0.0482451468706131
        ],
        [
            0.022871889173984528,
            -0.06742915511131287,
            0.04550550878047943
        ],
        [
            0.04042476788163185,
            -0.012730566784739494,
            0.056453414261341095
        ],
        [
            0.0381489172577858,
            -0.016512766480445862,
            0.05934213474392891
        ],
        [
            0.03818698972463608,
            -0.013789639808237553,
            0.06188269704580307
        ],
        [
            0.03818255662918091,
            -0.009367846883833408,
            0.05884220078587532
        ],
        [
            0.08893789350986481,
            0.013290375471115112,
            0.04222576692700386
        ],
        [
            0.04717230796813965,
            0.008819030597805977,
            0.06549635529518127
        ],
        [
            0.053393878042697906,
            0.00013709068298339844,
            0.07143235951662064
        ],
        [
            0.09923841059207916,
            0.012228958308696747,
            0.034590646624565125
        ],
        [
            0.10224451124668121,
            0.0030288659036159515,
            0.033165693283081055
        ],
        [
            0.10894495248794556,
            0.008012328296899796,
            0.028116069734096527
        ],
        [
            0.059031181037425995,
            -0.036567311733961105,
            0.06780364364385605
        ],
        [
            0.09285259246826172,
            -0.011821344494819641,
            0.03967005014419556
        ],
        [
            0.10236531496047974,
            -0.00444447249174118,
            0.03143256902694702
        ],
        [
            0.1103767603635788,
            0.0011671483516693115,
            0.025324746966362
        ],
        [
            0.11644385755062103,
            0.005610119551420212,
            0.02175653725862503
        ],
        [
            0.11411932110786438,
            0.012700594961643219,
            0.025055546313524246
        ],
        [
            0.028849493712186813,
            -0.07328784465789795,
            0.06237199902534485
        ],
        [
            0.024031084030866623,
            -0.06767407804727554,
            0.06714296340942383
        ],
        [
            0.12107797712087631,
            0.018013909459114075,
            0.022796057164669037
        ],
        [
            0.12294907867908478,
            0.009883705526590347,
            0.018704883754253387
        ],
        [
            0.10242116451263428,
            -0.013033036142587662,
            0.02797410637140274
        ],
        [
            0.10125143826007843,
            -0.023431401699781418,
            0.022317567840218544
        ],
        [
            0.09306779503822327,
            -0.019791077822446823,
            0.03595103323459625
        ],
        [
            0.09146863222122192,
            -0.030512230470776558,
            0.031338952481746674
        ],
        [
            0.06535562872886658,
            -0.04579061269760132,
            0.06589213013648987
        ],
        [
            0.007511314004659653,
            -0.05961299687623978,
            0.06554687023162842
        ],
        [
            0.018402419984340668,
            -0.06127583608031273,
            0.0663904920220375
        ],
        [
            0.019495537504553795,
            -0.057764019817113876,
            0.061805106699466705
        ],
        [
            0.009143192321062088,
            -0.05620304495096207,
            0.06351841241121292
        ],
        [
            0.024532129988074303,
            -0.06071433052420616,
            0.06490093469619751
        ],
        [
            0.018232254311442375,
            -0.06699556112289429,
            0.06698840856552124
        ],
        [
            0.08679573237895966,
            -0.04174264520406723,
            0.021170420572161674
        ],
        [
            0.039751145988702774,
            -0.05085229501128197,
            0.04898138716816902
        ],
        [
            0.09491083770990372,
            -0.034915003925561905,
            0.007721908390522003
        ],
        [
            0.07548289000988007,
            -0.05299477279186249,
            0.012817896902561188
        ],
        [
            0.0793079137802124,
            -0.046725042164325714,
            0.0015634596347808838
        ],
        [
            0.10199280828237534,
            -0.02777160331606865,
            -0.0074777863919734955
        ],
        [
            0.0869104340672493,
            -0.03803083300590515,
            -0.010394610464572906
        ],
        [
            0.11639721691608429,
            -0.01428753137588501,
            -0.008280020207166672
        ],
        [
            0.1098201647400856,
            -0.020504988729953766,
            -0.006216283887624741
        ],
