{
    "pred_cam": [
        7.505533695220947,
        0.05410575866699219,
        -0.069063201546669
    ],
    "pred_mano_params": {
        "global_orient": [
            [
                [
                    0.5332056879997253,
                    -0.4048788249492645,
                    0.7428087592124939
                ],
                [
                    -0.47551262378692627,
                    -0.869645893573761,
                    -0.13267911970615387
                ],
                [
                    0.6996995806694031,
                    -0.28246966004371643,
                    -0.6562251448631287
                ]
            ]
        ],
        "hand_pose": [
            [
                [
                    0.9206311106681824,
                    -0.2221309244632721,
                    -0.3210859000682831
                ],
                [
                    0.2013155072927475,
                    0.974702775478363,
                    -0.09709025174379349
                ],
                [
                    0.3345300555229187,
                    0.024744747206568718,
                    0.942060112953186
                ]
            ],
            [
                [
                    0.9292161464691162,
                    -0.32953447103500366,
                    0.1672257035970688
                ],
                [
                    0.35593414306640625,
                    0.9197761416435242,
                    -0.16529583930969238
                ],
                [
                    -0.09933952987194061,
                    0.2131168693304062,
                    0.9719634056091309
                ]
            ],
            [
                [
                    0.8973141312599182,
                    -0.4406020939350128,
                    0.02640281431376934
                ],
                [
                    0.4413898289203644,
                    0.8954941630363464,
                    -0.05714287981390953
                ],
                [
                    0.0015337099321186543,
                    0.06292904913425446,
                    0.9980168342590332
                ]
            ],
            [
                [
                    0.9763181805610657,
                    -0.15795239806175232,
                    -0.1478302776813507
                ],
                [
                    0.1367567777633667,
                    0.9800818562507629,
                    -0.14400407671928406
                ],
                [
                    0.16763155162334442,
                    0.12037701904773712,
                    0.9784727692604065
                ]
            ],
            [
                [
                    0.7986661791801453,
                    -0.5717385411262512,
                    -0.18774306774139404
                ],
                [
                    0.6017335057258606,
                    0.7551118731498718,
                    0.26023614406585693
                ],
                [
                    -0.007020011078566313,
                    -0.32081305980682373,
                    0.9471165537834167
                ]
            ],
            [
                [
                    0.9275690317153931,
                    -0.3696367144584656,
                    0.05462943762540817
                ],
                [
                    0.37030860781669617,
                    0.9289057850837708,
                    -0.0023636785335838795
                ],
                [
                    -0.04987189918756485,
                    0.022422228008508682,
                    0.9985038638114929
                ]
            ],
            [
                [
                    0.818446934223175,
                    -0.5743964910507202,
                    -0.014606723561882973
                ],
                [
                    0.5717046856880188,
                    0.8115439414978027,
                    0.12062375247478485
                ],
                [
                    -0.05743185803294182,
                    -0.10707486420869827,
                    0.9925908446311951
                ]
            ],
            [
                [
                    0.9852882623672485,
                    -0.08140156418085098,
                    -0.15026941895484924
                ],
                [
                    0.08804132044315338,
                    0.9953893423080444,
                    0.03806399926543236
                ],
                [
                    0.1464781016111374,
                    -0.05073393136262894,
                    0.987912118434906
                ]
            ],
            [
                [
                    0.9723458886146545,
                    0.10874490439891815,
                    0.20668335258960724
                ],
                [
                    -0.14224909245967865,
                    0.9776461720466614,
                    0.15483246743679047
                ],
                [
                    -0.1852259635925293,
                    -0.1799512356519699,
                    0.9660791158676147
                ]
            ],
            [
                [
                    0.9189077615737915,
                    -0.38601258397102356,
                    -0.08125852048397064
                ],
                [
                    0.3729938566684723,
                    0.9172850251197815,
                    -0.13951291143894196
                ],
                [
                    0.12839095294475555,
                    0.09789054840803146,
                    0.9868806600570679
                ]
            ],
            [
                [
                    0.9825451970100403,
                    -0.1675577312707901,
                    -0.08080415427684784
                ],
                [
                    0.1849585771560669,
                    0.9263630509376526,
                    0.3280879259109497
                ],
                [
                    0.019880326464772224,
                    -0.3373066484928131,
                    0.9411848187446594
                ]
            ],
            [
                [
                    0.9614564776420593,
                    -0.25283366441726685,
                    0.10805864632129669
                ],
                [
                    0.24200449883937836,
                    0.9646932482719421,
                    0.1039264127612114
                ],
                [
                    -0.1305195391178131,
                    -0.07377003878355026,
                    0.9886974692344666
                ]
            ],
            [
                [
                    0.9775867462158203,
                    -0.12584541738033295,
                    0.16878090798854828
                ],
                [
                    0.20830224454402924,
                    0.4617689847946167,
                    -0.8621945381164551
                ],
                [
                    0.030565449967980385,
                    0.8780274391174316,
                    0.47763311862945557
                ]
            ],
            [
                [
                    0.9347630143165588,
                    -0.3369881808757782,
                    -0.1125042736530304
                ],
                [
                    0.33459118008613586,
                    0.728576123714447,
                    0.5976835489273071
                ],
                [
                    -0.11944431811571121,
                    -0.5963353514671326,
                    0.7937992811203003
                ]
            ],
            [
                [
                    0.9443634152412415,
                    0.3278074264526367,
                    -0.026834014803171158
                ],
                [
                    -0.32848113775253296,
                    0.944140613079071,
                    -0.026429394260048866
                ],
                [
                    0.016671333461999893,
                    0.03377341851592064,
                    0.999290406703949
                ]
            ]
        ],
        "betas": [
            -0.10312333703041077,
            -0.05304139852523804,
            -0.048274993896484375,
            0.019694596529006958,
            0.040068984031677246,
            0.002285826951265335,
            0.05588749051094055,
            -0.061914920806884766,
            -0.013800770044326782,
            -0.09091460704803467
        ]
    },
    "pred_cam_t": [
        -0.05410575866699219,
        -0.069063201546669,
        5.204493522644043
    ],
    "focal_length": [
        5000.0,
        5000.0
    ],
    "pred_keypoints_3d": [
        [
            0.09625323116779327,
            0.0064277080819010735,
            0.00622399989515543
        ],
        [
            0.10896360874176025,
            0.028084587305784225,
            -0.023348581045866013
        ],
        [
            0.11917589604854584,
            0.054954733699560165,
            -0.034854330122470856
        ],
        [
            0.12246488779783249,
            0.08027225732803345,
            -0.044350095093250275
        ],
        [
            0.12781013548374176,
            0.10690344870090485,
            -0.06878463178873062
        ],
        [
            0.06651411950588226,
            0.05036923661828041,
            -0.0679624006152153
        ],
        [
            0.04417252540588379,
            0.06922389566898346,
            -0.0836629867553711
        ],
        [
            0.036369819194078445,
            0.0895589292049408,
            -0.08850012719631195
        ],
        [
            0.03298594430088997,
            0.11472198367118835,
            -0.08700521290302277
        ],
        [
            0.043530311435461044,
            0.05344819650053978,
            -0.057770080864429474
        ],
        [
            0.020400231704115868,
            0.07057879120111465,
            -0.07140280306339264
        ],
        [
            0.014393063262104988,
            0.0931665301322937,
            -0.07078547775745392
        ],
        [
            0.012731506489217281,
            0.1189684197306633,
            -0.06954837590456009
        ],
        [
            0.034057457000017166,
            0.05252944678068161,
            -0.03261076658964157
        ],
        [
            0.016804080456495285,
            0.07323024421930313,
            -0.04339228570461273
        ],
        [
            0.006078064441680908,
            0.0957368016242981,
            -0.0437757633626461
        ],
        [
            -0.002480044960975647,
            0.11964501440525055,
            -0.04684773460030556
        ],
        [
            0.031115233898162842,
            0.05381271243095398,
            -0.010895616374909878
        ],
        [
            0.019780317321419716,
            0.07174387574195862,
            -0.009891057386994362
        ],
        [
            0.010737244039773941,
            0.08809740841388702,
            -0.006102810613811016
        ],
        [
            0.0006464514881372452,
            0.1061607226729393,
            -0.007786794565618038
        ]
    ],
    "pred_vertices": [
        [
            0.08909480273723602,
            0.04441395401954651,
            -0.034761883318424225
        ],
        [
            0.094594806432724,
            0.041293781250715256,
            -0.02640240266919136
        ],
        [
            0.09853102266788483,
            0.04912827908992767,
            -0.031201552599668503
        ],
        [
            0.09319038689136505,
            0.050281643867492676,
            -0.04123406484723091
        ],
        [
            0.11173606663942337,
            0.04437043517827988,
            -0.01220238208770752
        ],
        [
            0.12261297553777695,
            0.039296768605709076,
            -0.012543894350528717
        ],
        [
            0.12454695254564285,
            0.053027864545583725,
            -0.020366434007883072
        ],
        [
            0.11554805934429169,
            0.05626858025789261,
            -0.017598148435354233
        ],
        [
            0.09655262529850006,
            0.05451744794845581,
            -0.04630611091852188
        ],
        [
            0.10187362879514694,
            0.055702656507492065,
            -0.03464522585272789
        ],
        [
            0.09977611154317856,
            0.05482010170817375,
            -0.047825176268815994
        ],
        [
            0.09092278778553009,
            0.04597369581460953,
            -0.06127949804067612
        ],
        [
            0.09002817422151566,
            0.05018271505832672,
            -0.05687812715768814
        ],
        [
            0.083480104804039,
            0.043814681470394135,
            -0.06805502623319626
        ],
        [
            0.09163724631071091,
            0.0349368155002594,
            -0.06080467626452446
        ],
        [
            0.07771942764520645,
            0.035944096744060516,
            -0.06828819215297699
        ],
        [
            0.06985020637512207,
            0.017794691026210785,
            -0.04484367370605469
        ],
        [
            0.06155557930469513,
            0.016818244010210037,
            -0.03370636701583862
        ],
        [
            0.05202008783817291,
            0.025854695588350296,
            -0.043639957904815674
        ],
        [
            0.06149314343929291,
            0.026555247604846954,
            -0.053626373410224915
        ],
        [
            0.04590407386422157,
            0.026117265224456787,
            -0.023776952177286148
        ],
        [
            0.048432882875204086,
            0.026281114667654037,
            -0.0353301540017128
        ],
        [
            0.05766678601503372,
            0.01627785712480545,
            -0.02551214210689068
        ],
        [
            0.055010244250297546,
            0.016819849610328674,
            -0.01556350663304329
        ],
        [
            0.08204233646392822,
            0.03836292028427124,
            -0.020693901926279068
        ],
        [
            0.08757371455430984,
            0.034225113689899445,
            -0.013006027787923813
        ],
        [
            0.08984314650297165,
            0.03529093414545059,
            -0.01895468309521675
        ],
        [
            0.08494135737419128,
            0.03941745311021805,
            -0.02575540915131569
        ],
        [
            0.11200778186321259,
            0.058451972901821136,
            -0.047365497797727585
        ],
        [
            0.10883106291294098,
            0.04264642298221588,
            -0.05125230550765991
        ],
        [
            0.10292273014783859,
            0.048155203461647034,
            -0.05173446983098984
        ],
        [
            0.10936242341995239,
            0.06217864155769348,
            -0.043843891471624374
        ],
        [
            0.09866859018802643,
            0.029162386432290077,
            0.014463532716035843
        ],
        [
            0.1043805330991745,
            0.017893794924020767,
            0.019562341272830963
        ],
        [
            0.1080072820186615,
            0.01684565097093582,
            0.014938503503799438
        ],
        [
            0.10160481929779053,
            0.026934480294585228,
            0.010918516665697098
        ],
        [
            0.11912153661251068,
            0.021894343197345734,
            -0.0022710785269737244
        ],
        [
            0.11988271027803421,
            0.01292046532034874,
            0.0018684938549995422
        ],
        [
            0.12613032758235931,
            0.002402946352958679,
            -0.0036098286509513855
        ],
        [
            0.12562476098537445,
            0.00980568677186966,
            -0.010456934571266174
        ],
        [
            0.12024537473917007,
            0.03084753081202507,
            -0.007752425968647003
        ],
        [
            0.12738198041915894,
            0.02144613116979599,
            -0.014672547578811646
        ],
        [
            0.12873581051826477,
            0.0321512296795845,
            -0.019188161939382553
        ],
        [
            0.12939411401748657,
            0.048040010035037994,
            -0.026535797864198685
        ],
        [
            0.09501013159751892,
            0.017274484038352966,
            0.028458833694458008
        ],
        [
            0.08978591114282608,
            0.025824621319770813,
            0.026264704763889313
        ],
        [
            0.05124359205365181,
            0.07873892784118652,
            -0.08382523059844971
        ],
        [
            0.04771833121776581,
            0.07985544204711914,
            -0.07920997589826584
        ],
        [
            0.050675541162490845,
            0.07681478559970856,
            -0.07767117768526077
        ],
        [
            0.053413987159729004,
            0.07612194120883942,
            -0.08276208490133286
        ],
        [
            0.07608775049448013,
            0.009737815707921982,
            0.028054088354110718
        ],
        [
            0.07189637422561646,
            0.0016092658042907715,
            0.02357499673962593
        ],
        [
            0.07610475271940231,
            -0.0008428618311882019,
            0.029057472944259644
        ],
        [
            0.0815274566411972,
            0.006311550736427307,
            0.03209379315376282
        ],
        [
            0.06902296841144562,
            0.014352023601531982,
            0.022634543478488922
        ],
        [
            0.066681869328022,
            0.0055270008742809296,
            0.015781216323375702
        ],
        [
            0.044722892343997955,
            0.07234271615743637,
            -0.0929146558046341
        ],
        [
            0.048926424235105515,
            0.07511214166879654,
            -0.09174492210149765
        ],
        [
            0.050511397421360016,
            0.07062402367591858,
            -0.09087321907281876
        ],
        [
            0.04638480395078659,
            0.0674169585108757,
            -0.09090203046798706
        ],
        [
            0.0878315418958664,
            0.05058249831199646,
            -0.05027467757463455
        ],
        [
            0.08406956493854523,
            0.04828494042158127,
            -0.041863154619932175
        ],
        [
            0.07477742433547974,
            0.05709047615528107,
            -0.06265035271644592
        ],
        [
            0.0776190459728241,
            0.052596643567085266,
            -0.05357504263520241
        ],
        [
            0.08280269056558609,
            0.05135611072182655,
            -0.058621205389499664
        ],
        [
            0.07910703122615814,
            0.05385688319802284,
            -0.06618764996528625
        ],
        [
            0.0658319890499115,
            0.04895107448101044,
            -0.0328926220536232
        ],
        [
            0.07298988848924637,
            0.04300520569086075,
            -0.02553703635931015
        ],
        [
            0.07581161707639694,
            0.04388623684644699,
            -0.031598448753356934
        ],
        [
            0.06938255578279495,
            0.05088075250387192,
            -0.040611669421195984
        ],
        [
            0.06660689413547516,
            0.04505584388971329,
            -0.012968700379133224
        ],
        [
            0.05985812097787857,
            0.0503755584359169,
            -0.021364372223615646
        ],
        [
            0.05704452097415924,
            0.050993673503398895,
            -0.013286132365465164
        ],
        [
            0.06276994198560715,
            0.047898486256599426,
            -0.008451782166957855
        ],
        [
            0.04966713488101959,
            0.05879482254385948,
            -0.03846690058708191
        ],
        [
            0.0438217930495739,
            0.0607122927904129,
            -0.04431786760687828
        ],
        [
            0.04177967458963394,
            0.0615423321723938,
            -0.04141869768500328
        ],
        [
            0.04785773530602455,
            0.058361656963825226,
            -0.03527018800377846
        ],
        [
            0.08010072261095047,
            -0.004306759685277939,
            0.033822201192379
        ],
        [
            0.08705300837755203,
            0.0026116222143173218,
            0.03512991964817047
        ],
        [
            0.04101833328604698,
            0.030335616320371628,
            -0.003030218183994293
        ],
        [
            0.04426698759198189,
            0.034688979387283325,
            0.006685808300971985
        ],
        [
            0.03572238236665726,
            0.042138416320085526,
            0.0018529817461967468
        ],
        [
            0.03421507775783539,
            0.03544119745492935,
            -0.007375624030828476
        ],
        [
            0.07176938652992249,
            -0.004384469240903854,
            0.014972146600484848
        ],
        [
            0.07415101677179337,
            -0.007623959332704544,
            0.021756336092948914
        ],
        [
            0.03923190385103226,
            0.07075653970241547,
            -0.09063554555177689
        ],
        [
            0.041368111968040466,
            0.06604339182376862,
            -0.08781616389751434
        ],
        [
            0.12709969282150269,
            0.021719835698604584,
            -0.02825302630662918
        ],
        [
            0.1291518658399582,
            0.04244829714298248,
            -0.03476933762431145
        ],
        [
            0.12456861138343811,
            0.007926829159259796,
            -0.02118517830967903
        ],
        [
            0.12210173159837723,
            -0.0008816979825496674,
            -0.015292569994926453
        ],
        [
            0.1229250431060791,
            -0.007620733231306076,
            -0.009616881608963013
        ],
        [
            0.0714527890086174,
            0.054991308599710464,
            -0.05175643786787987
        ],
        [
            0.08160385489463806,
            0.043985724449157715,
            -0.03370446711778641
        ],
        [
            0.07958036661148071,
            0.03834477812051773,
            -0.01605680212378502
        ],
        [
            0.06358343362808228,
            0.04677662253379822,
            0.009071651846170425
        ],
        [
            0.07064806669950485,
            0.04192227125167847,
            0.015443306416273117
        ],
        [
            0.07435213029384613,
            0.04357438161969185,
            0.005566570907831192
        ],
        [
            0.06706459820270538,
            0.046928394585847855,
            0.0018472522497177124
        ],
        [
            0.0480198971927166,
            0.04301045835018158,
            0.01061873510479927
        ],
        [
            0.05227281525731087,
            0.048979178071022034,
            0.007492031902074814
        ],
        [
            0.046226274222135544,
            0.05313071236014366,
            0.0023756995797157288
        ],
        [
            0.04110121726989746,
            0.04845739156007767,
            0.005299171432852745
        ],
        [
            0.11906398832798004,
            0.056307509541511536,
            -0.04943278059363365
        ],
        [
            0.11549687385559082,
            0.03881702572107315,
            -0.049717795103788376
        ],
        [
            0.08279582858085632,
            0.017892848700284958,
            0.029622994363307953
        ],
        [
            0.08891064673662186,
            0.013358358293771744,
            0.03150849789381027
        ],
        [
            0.09355726838111877,
            0.006901167333126068,
            0.0345577634871006
        ],
        [
            0.09403334558010101,
            0.03182388097047806,
            -0.00024918466806411743
        ],
        [
            0.10361519455909729,
            0.02540421113371849,
            0.00841299444437027
        ],
        [
            0.10557138919830322,
            0.025424804538488388,
            0.004541710019111633
        ],
        [
            0.09461064636707306,
            0.030693847686052322,
            -0.0039023421704769135
        ],
        [
            0.09939710795879364,
            0.038525570183992386,
            -0.015718035399913788
        ],
        [
            0.10808917880058289,
            0.03416586294770241,
            -0.00671086460351944
        ],
        [
            0.10270041227340698,
            0.04826895892620087,
            -0.019276250153779984
        ],
        [
            0.11376412212848663,
            0.014312613755464554,
            0.009709939360618591
        ],
        [
            0.11393408477306366,
            0.009946443140506744,
            0.019942577928304672
        ],
        [
            0.11941300332546234,
            0.0074934884905815125,
            0.013279996812343597
        ],
        [
            0.10690024495124817,
            0.010221824049949646,
            0.026865724474191666
        ],
        [
            0.09975345432758331,
            0.009432367980480194,
            0.032238878309726715
        ],
        [
            0.07601002603769302,
            -0.013690769672393799,
            0.027490463107824326
        ],
        [
            0.12318751960992813,
            0.004699878394603729,
            0.006306588649749756
        ],
        [
            0.11867174506187439,
            0.06377771496772766,
            -0.023599430918693542
        ],
        [
            0.12162842601537704,
            0.07038247585296631,
            -0.029043950140476227
        ],
        [
            0.1144622191786766,
            0.07020594924688339,
            -0.030922457575798035
        ],
        [
            0.11107636243104935,
            0.0639471560716629,
            -0.026632018387317657
        ],
        [
            0.07523585855960846,
            0.04503810405731201,
            -0.07482749223709106
        ],
        [
            0.078761026263237,
            0.05085461214184761,
            -0.07147562503814697
        ],
        [
            0.0860699787735939,
            0.04829084128141403,
            -0.06392587721347809
        ],
        [
            0.08918026089668274,
            0.0356297604739666,
            0.012269441038370132
        ],
        [
            0.08219069242477417,
            0.03268175572156906,
            0.0224204882979393
        ],
        [
            0.06837787479162216,
            0.05890561640262604,
            -0.060963504016399384
        ],
        [
            0.04785376414656639,
            0.06294038146734238,
            -0.08938299119472504
        ],
        [
            0.05256575718522072,
            0.06649931520223618,
            -0.08955791592597961
        ],
        [
            0.06353681534528732,
            0.05439271777868271,
            -0.08265545964241028
        ],
        [
            0.05784813314676285,
            0.050621990114450455,
            -0.08282025158405304
        ],
        [
            0.057017602026462555,
            0.05888286978006363,
            -0.06461071968078613
        ],
        [
            0.06381356716156006,
            0.06046750396490097,
            -0.06408656388521194
        ],
        [
            0.060698218643665314,
            0.060960814356803894,
            -0.06535786390304565
        ],
        [
            0.05421452224254608,
            0.06048525124788284,
            -0.06455136835575104
        ],
        [
            0.040498025715351105,
            0.06067685782909393,
            -0.032090142369270325
        ],
        [
            0.045583900064229965,
            0.05809827893972397,
            -0.02693316899240017
        ],
        [
            0.05375570058822632,
            0.03808404505252838,
            -0.06103498116135597
        ],
        [
            0.06298352777957916,
            0.033394694328308105,
            -0.06971213221549988
        ],
        [
            0.07017188519239426,
            0.02860821783542633,
            -0.06244898587465286
        ],
        [
            0.06279894709587097,
            0.048997942358255386,
            -0.02601262740790844
        ],
        [
            0.05582931637763977,
            0.05458969995379448,
            -0.032003432512283325
        ],
        [
            0.05367095768451691,
            0.054692644625902176,
            -0.028430752456188202
        ],
        [
            0.0666499063372612,
            0.05650756135582924,
            -0.052027665078639984
        ],
        [
            0.06269785761833191,
            0.05917448177933693,
            -0.058627016842365265
        ],
        [
            0.060710448771715164,
            0.05814080312848091,
            -0.0536925308406353
        ],
        [
            0.06414274126291275,
            0.0552898533642292,
            -0.04702188819646835
        ],
        [
            0.05227518454194069,
            0.026360582560300827,
            0.012772146612405777
        ],
        [
            0.05645206943154335,
            0.03616864234209061,
            0.01763862743973732
        ],
        [
            0.051500122994184494,
            0.07725273817777634,
            -0.08841615915298462
        ],
        [
            0.05330834165215492,
            0.07376979291439056,
            -0.08764158934354782
        ],
        [
            0.06989958882331848,
            0.04316326230764389,
            -0.018949754536151886
        ],
        [
            0.07846073061227798,
            0.022157635539770126,
            -0.0530325248837471
        ],
        [
            0.0771062970161438,
            0.03883080184459686,
            -0.011086076498031616
        ],
        [
            0.03257903829216957,
            0.04330290108919144,
            -0.025121420621871948
        ],
        [
            0.03270892798900604,
            0.05090382695198059,
            -0.021330900490283966
        ],
        [
            0.030296359211206436,
            0.05357365310192108,
            -0.02606232650578022
        ],
        [
            0.02807856723666191,
            0.048601072281599045,
            -0.029590658843517303
        ],
        [
            0.04396206885576248,
            0.06927745044231415,
            -0.07086478918790817
        ],
        [
            0.04826684296131134,
            0.07293664664030075,
            -0.0717858150601387
        ],
        [
            0.04578302800655365,
            0.07580644637346268,
            -0.07381203025579453
        ],
        [
            0.04082410782575607,
            0.07268171012401581,
            -0.0735449492931366
        ],
        [
            0.06889136135578156,
            0.06012411788105965,
            -0.06702969968318939
        ],
        [
            0.07323555648326874,
            0.05761600658297539,
            -0.07127028703689575
        ],
        [
            0.06758598238229752,
            0.06149417906999588,
            -0.0737881064414978
        ],
        [
            0.06404956430196762,
            0.06204706057906151,
            -0.06907223910093307
        ],
        [
            0.07195943593978882,
            0.05405503883957863,
            -0.07651644200086594
        ],
        [
            0.06719597429037094,
            0.05819423496723175,
            -0.0791398286819458
        ],
        [
            0.040450096130371094,
            0.064637191593647,
            -0.07379334419965744
        ],
        [
            0.04002993553876877,
            0.060935478657484055,
            -0.08036237955093384
        ],
        [
            0.04833713918924332,
            0.0502101369202137,
            -0.07317636907100677
        ],
        [
            0.04869546741247177,
            0.056502096354961395,
            -0.06815852224826813
        ],
        [
            0.06341283768415451,
            0.006876885890960693,
            -0.007944170385599136
        ],
        [
            0.0597417987883091,
            0.009713497012853622,
            0.0022749416530132294
        ],
        [
            0.05118553340435028,
            0.019609849900007248,
            -0.005051065236330032
        ],
        [
            0.0421636626124382,
            0.028521928936243057,
            -0.01194046065211296
        ],
        [
            0.034978434443473816,
            0.03778389096260071,
            -0.01903296820819378
        ],
        [
            0.03739122301340103,
            0.0331181064248085,
            -0.03028431534767151
        ],
        [
            0.05002821236848831,
            0.02130056917667389,
            0.0028743334114551544
        ],
        [
            0.05142771080136299,
            0.05173426866531372,
            -0.06420818716287613
        ],
        [
            0.054355770349502563,
            0.04372132197022438,
            -0.06797615438699722
        ],
        [
            0.05094568803906441,
            0.04480679705739021,
            -0.06384238600730896
        ],
        [
            0.0740785300731659,
            0.04137617349624634,
            -0.004699014127254486
        ],
        [
            0.05558183044195175,
            0.07000777125358582,
            -0.08684227615594864
        ],
        [
            0.10226649045944214,
            -0.013497989624738693,
            -0.01438458263874054
        ],
        [
            0.0910414308309555,
            -0.015462268143892288,
            -0.006801307201385498
        ],
        [
            0.08864309638738632,
            -0.009875312447547913,
            -0.01324450597167015
        ],
        [
            0.10167184472084045,
            -0.006733164191246033,
            -0.021638482809066772
        ],
        [
            0.05346287414431572,
            0.07443845272064209,
            -0.07609706372022629
        ],
        [
            0.05645480379462242,
            0.07352897524833679,
            -0.08162492513656616
        ],
        [
            0.0413985550403595,
            0.05922926962375641,
            -0.021817756816744804
        ],
        [
            0.037264466285705566,
            0.06057678908109665,
            -0.027159685268998146
        ],
        [
            0.03342922031879425,
            0.059606898576021194,
            -0.025761110708117485
        ],
        [
            0.03615212440490723,
            0.06070282682776451,
            -0.018820155411958694
        ],
        [
            0.0593794509768486,
            0.010945156216621399,
            0.008140962570905685
        ],
        [
            0.031327445060014725,
            0.047429122030735016,
            -0.0006052926182746887
        ],
        [
            0.029446668922901154,
            0.04141850024461746,
            -0.009042739868164062
        ],
        [
            0.06746014952659607,
            0.0009713098406791687,
            0.008327282965183258
        ],
        [
            0.07035067677497864,
            -0.0020893774926662445,
            -0.0005946904420852661
        ],
        [
            0.07506304979324341,
            -0.008402910083532333,
            0.00520595908164978
        ],
        [
            0.04024418070912361,
            0.03772492706775665,
            -0.045006878674030304
        ],
        [
            0.06555183976888657,
            0.006778240203857422,
            -0.01642768830060959
        ],
        [
            0.0731203556060791,
            -0.0022065266966819763,
            -0.007820408791303635
        ],
        [
            0.07887756824493408,
            -0.009786274284124374,
            -0.0012380145490169525
        ],
        [
            0.08222261816263199,
            -0.015518330037593842,
            0.0038740374147892
        ],
        [
            0.07778739184141159,
            -0.01330694928765297,
            0.010448530316352844
        ],
        [
            0.04308003559708595,
            0.06129027530550957,
            -0.08548606187105179
        ],
        [
            0.03691573441028595,
            0.0660252571105957,
            -0.08271811157464981
        ],
        [
            0.07974451035261154,
            -0.020078573375940323,
            0.016251295804977417
        ],
        [
            0.08508453518152237,
            -0.02180006355047226,
            0.008755281567573547
        ],
        [
            0.07771869003772736,
            -0.002171609550714493,
            -0.01589927449822426
        ],
        [
            0.08464306592941284,
            -0.0007301867008209229,
            -0.02548566460609436
        ],
        [
            0.07033339142799377,
            0.006742853671312332,
            -0.023830577731132507
        ],
        [
            0.07630739361047745,
            0.008637938648462296,
            -0.033910613507032394
        ],
        [
            0.04615849256515503,
            0.03210362046957016,
            -0.05174989625811577
        ],
        [
            0.03003408946096897,
            0.08317357301712036,
            -0.08563292026519775
        ],
        [
            0.033998556435108185,
            0.07351595163345337,
            -0.08042985945940018
        ],
        [
            0.03740779310464859,
            0.07635446637868881,
            -0.07664751261472702
        ],
        [
            0.031362660229206085,
            0.08462537825107574,
            -0.08170874416828156
        ],
        [
            0.037352055311203,
            0.06894319504499435,
            -0.07661787420511246
        ],
        [
            0.03483731299638748,
            0.0709322914481163,
            -0.08555478602647781
        ],
        [
            0.08797602355480194,
            0.013917610049247742,
            -0.04374478757381439
        ],
        [
            0.055267494171857834,
            0.05977954715490341,
            -0.05985024943947792
        ],
        [
            0.10027743875980377,
            0.005914162844419479,
            -0.03479491546750069
        ],
        [
            0.09904411435127258,
            0.02581414207816124,
            -0.05393904447555542
        ],
        [
            0.10925570130348206,
            0.02146204560995102,
            -0.04599568992853165
        ],
        [
            0.11422447860240936,
            -0.001347266137599945,
            -0.025387801229953766
        ],
        [
            0.11895756423473358,
            0.012788381427526474,
            -0.03536501154303551
        ],
        [
            0.11458846181631088,
            -0.01426522433757782,
            -0.011645108461380005
        ],
        [
            0.11270297318696976,
            -0.008370421826839447,
            -0.018249139189720154
        ],
        [
            0.12288182228803635,
            0.03013123944401741,
