{
    "pred_cam": [
        6.018609046936035,
        0.06047239154577255,
        -0.05902902036905289
    ],
    "pred_mano_params": {
        "global_orient": [
            [
                [
                    0.46871766448020935,
                    -0.45643532276153564,
                    0.7562872767448425
                ],
                [
                    -0.5603467226028442,
                    -0.8154878616333008,
                    -0.14488288760185242
                ],
                [
                    0.6828728318214417,
                    -0.3558739125728607,
                    -0.6379956007003784
                ]
            ]
        ],
        "hand_pose": [
            [
                [
                    0.9443287253379822,
                    -0.16248288750648499,
                    -0.2860815227031708
                ],
                [
                    0.13879357278347015,
                    0.9851201772689819,
                    -0.10136411339044571
                ],
                [
                    0.2982946038246155,
                    0.056014757603406906,
                    0.9528288841247559
                ]
            ],
            [
                [
                    0.9796422123908997,
                    -0.17738142609596252,
                    0.09400519728660583
                ],
                [
                    0.19196590781211853,
                    0.9647300243377686,
                    -0.18012474477291107
                ],
                [
                    -0.05873886123299599,
                    0.19450359046459198,
                    0.9791414141654968
                ]
            ],
            [
                [
                    0.9258624315261841,
                    -0.3778496980667114,
                    -0.002887831535190344
                ],
                [
                    0.3767014443874359,
                    0.9235930442810059,
                    -0.07121729850769043
                ],
                [
                    0.0295766182243824,
                    0.06484957039356232,
                    0.9974566102027893
                ]
            ],
            [
                [
                    0.9806076884269714,
                    -0.09156396239995956,
                    -0.1732759326696396
                ],
                [
                    0.05857747420668602,
                    0.9806672930717468,
                    -0.18670956790447235
                ],
                [
                    0.1870218813419342,
                    0.17293879389762878,
                    0.9670134782791138
                ]
            ],
            [
                [
                    0.9174548387527466,
                    -0.3661927878856659,
                    -0.1554972231388092
                ],
                [
                    0.39683425426483154,
                    0.8701117634773254,
                    0.2922808527946472
                ],
                [
                    0.028268814086914062,
                    -0.3298611342906952,
                    0.9436060786247253
                ]
            ],
            [
                [
                    0.9614996314048767,
                    -0.27200597524642944,
                    0.03913063183426857
                ],
                [
                    0.2726426422595978,
                    0.9620421528816223,
                    -0.011873853392899036
                ],
                [
                    -0.034415554255247116,
                    0.022085385397076607,
                    0.9991636276245117
                ]
            ],
            [
                [
                    0.8578188419342041,
                    -0.511128842830658,
                    -0.05379655584692955
                ],
                [
                    0.513754665851593,
                    0.8556802272796631,
                    0.06218886747956276
                ],
                [
                    0.014246122911572456,
                    -0.08098501712083817,
                    0.9966134428977966
                ]
            ],
            [
                [
                    0.9806293249130249,
                    0.019744377583265305,
                    -0.19487512111663818
                ],
                [
                    -0.0127422409132123,
                    0.9992295503616333,
                    0.0371200256049633
                ],
                [
                    0.19545790553092957,
                    -0.03391784057021141,
                    0.980125367641449
                ]
            ],
            [
                [
                    0.9711510539054871,
                    0.1273195445537567,
                    0.20163162052631378
                ],
                [
                    -0.14417439699172974,
                    0.9869888424873352,
                    0.07118036597967148
                ],
                [
                    -0.1899455338716507,
                    -0.09819702804088593,
                    0.9768714904785156
                ]
            ],
            [
                [
                    0.9443247318267822,
                    -0.2910740375518799,
                    -0.15338443219661713
                ],
                [
                    0.2636515498161316,
                    0.9483419060707092,
                    -0.17645221948623657
                ],
                [
                    0.19682154059410095,
                    0.12618812918663025,
                    0.9722848534584045
                ]
            ],
            [
                [
                    0.9961959719657898,
                    -0.03582996875047684,
                    -0.07943426072597504
                ],
                [
                    0.05837763100862503,
                    0.9511752724647522,
                    0.3030802607536316
                ],
                [
                    0.0646965354681015,
                    -0.3065645396709442,
                    0.9496486186981201
                ]
            ],
            [
                [
                    0.9773547649383545,
                    -0.1715034544467926,
                    0.12395233660936356
                ],
                [
                    0.1629287600517273,
                    0.98367840051651,
                    0.07636041939258575
                ],
                [
                    -0.13502532243728638,
                    -0.05443582311272621,
                    0.9893456101417542
                ]
            ],
            [
                [
                    0.9797964692115784,
                    -0.06994173675775528,
                    0.18736881017684937
                ],
                [
                    0.19776585698127747,
                    0.47838273644447327,
                    -0.8555926084518433
                ],
                [
                    -0.02979234978556633,
                    0.8753617405891418,
                    0.4825498163700104
                ]
            ],
            [
                [
                    0.9307371973991394,
                    -0.3589678704738617,
                    -0.06978856027126312
                ],
                [
                    0.3195379078388214,
                    0.7055239081382751,
                    0.632559597492218
                ],
                [
                    -0.1778310388326645,
                    -0.6110467910766602,
                    0.7713611721992493
                ]
            ],
            [
                [
                    0.94587242603302,
                    0.3194013833999634,
                    0.05751645937561989
                ],
                [
                    -0.3203589916229248,
                    0.9472622275352478,
                    0.008029559627175331
                ],
                [
                    -0.05191851407289505,
                    -0.026020849123597145,
                    0.9983123540878296
                ]
            ]
        ],
        "betas": [
            -0.07737329602241516,
            -0.05482640862464905,
            -0.05997270345687866,
            -0.011072665452957153,
            0.006709933280944824,
            -0.004350822418928146,
            0.050659745931625366,
            -0.058122724294662476,
            -0.002825692296028137,
            -0.05268236994743347
        ]
    },
    "pred_cam_t": [
        -0.06047239154577255,
        -0.05902902036905289,
        6.490286827087402
    ],
    "focal_length": [
        5000.0,
        5000.0
    ],
    "pred_keypoints_3d": [
        [
            0.09611508995294571,
            0.0064122844487428665,
            0.006225572898983955
        ],
        [
            0.11149025708436966,
            0.028920713812112808,
            -0.0212490763515234
        ],
        [
            0.1250845342874527,
            0.05485701188445091,
            -0.031141456216573715
        ],
        [
            0.1331264078617096,
            0.07939662784337997,
            -0.03971090912818909
        ],
        [
            0.14673872292041779,
            0.10318278521299362,
            -0.06385306268930435
        ],
        [
            0.0726793110370636,
            0.057239726185798645,
            -0.06556615978479385
        ],
        [
            0.05228728801012039,
            0.0770830512046814,
            -0.08258838951587677
        ],
        [
            0.04249431565403938,
            0.09595982730388641,
            -0.08929792791604996
        ],
        [
            0.034429408609867096,
            0.12015652656555176,
            -0.09084317088127136
        ],
        [
            0.04964163899421692,
            0.061387673020362854,
            -0.05600735545158386
        ],
        [
            0.026895571500062943,
            0.07889413833618164,
            -0.06979962438344955
        ],
        [
            0.01657966710627079,
            0.0997765064239502,
            -0.07179388403892517
        ],
        [
            0.00731857493519783,
            0.12398573756217957,
            -0.0743047446012497
        ],
        [
            0.03916437178850174,
            0.05952949821949005,
            -0.031349629163742065
        ],
        [
            0.020949630066752434,
            0.07974851876497269,
            -0.041387107223272324
        ],
        [
            0.006531130522489548,
            0.10005410015583038,
            -0.04237119108438492
        ],
        [
            -0.007517766207456589,
            0.12094222009181976,
            -0.0471639484167099
        ],
        [
            0.03546971082687378,
            0.05957123637199402,
            -0.009750893339514732
        ],
        [
            0.023606836795806885,
            0.07705804705619812,
            -0.00782269611954689
        ],
        [
            0.01250344980508089,
            0.09191036969423294,
            -0.0034600943326950073
        ],
        [
            -0.00033040065318346024,
            0.10774526000022888,
            -0.004929683171212673
        ]
    ],
    "pred_vertices": [
        [
            0.09358206391334534,
            0.04732245206832886,
            -0.032416414469480515
        ],
        [
            0.09851464629173279,
            0.04333926737308502,
            -0.024362117052078247
        ],
        [
            0.10342361032962799,
            0.0511280819773674,
            -0.02880805730819702
        ],
        [
            0.0984870195388794,
            0.053260065615177155,
            -0.03851693496108055
        ],
        [
            0.11493349075317383,
            0.04452727362513542,
            -0.009472362697124481
        ],
        [
            0.12525248527526855,
            0.038582783192396164,
            -0.009302429854869843
        ],
        [
            0.12906290590763092,
            0.05225788801908493,
            -0.016389723867177963
        ],
        [
            0.1203523576259613,
            0.056291595101356506,
            -0.014201350510120392
        ],
        [
            0.10263343155384064,
            0.05755263566970825,
            -0.04341795668005943
        ],
        [
            0.10760824382305145,
            0.05763925611972809,
            -0.03187841176986694
        ],
        [
            0.1063949465751648,
            0.05775187909603119,
            -0.04502633213996887
        ],
        [
            0.09693393111228943,
            0.05039290338754654,
            -0.0587553009390831
        ],
        [
            0.09599538892507553,
            0.05442553013563156,
            -0.0540693998336792
        ],
        [
            0.08941937983036041,
            0.049303267151117325,
            -0.06564223766326904
        ],
        [
            0.09676484018564224,
            0.03929799795150757,
            -0.05885327234864235
        ],
        [
            0.08316027373075485,
            0.04190018028020859,
            -0.06642529368400574
        ],
        [
            0.07279404252767563,
            0.02307252213358879,
            -0.044602569192647934
        ],
        [
            0.06400815397500992,
            0.022030282765626907,
            -0.03386789932847023
        ],
        [
            0.055751051753759384,
            0.03242647275328636,
            -0.043367672711610794
        ],
        [
            0.06556892395019531,
            0.03302330523729324,
            -0.05294833332300186
        ],
        [
            0.0490163192152977,
            0.031813666224479675,
            -0.023816579952836037
        ],
        [
            0.051923852413892746,
            0.03257588669657707,
            -0.03521069511771202
        ],
        [
            0.05980964004993439,
            0.021247901022434235,
            -0.025899019092321396
        ],
        [
            0.05685154348611832,
            0.021329443901777267,
            -0.016053559258580208
        ],
        [
            0.08540984988212585,
            0.04095592349767685,
            -0.018864445388317108
        ],
        [
            0.0902913361787796,
            0.035934142768383026,
            -0.011339597404003143
        ],
        [
            0.09290385246276855,
            0.03723442554473877,
            -0.017223235219717026
        ],
        [
            0.08861101418733597,
            0.042107418179512024,
            -0.02378719672560692
        ],
        [
            0.1195177212357521,
            0.05973317101597786,
            -0.043997421860694885
        ],
        [
            0.11440222710371017,
            0.04480104520916939,
            -0.04845897853374481
        ],
        [
            0.10913078486919403,
            0.0509440042078495,
            -0.049029115587472916
        ],
        [
            0.11714112758636475,
            0.06372740864753723,
            -0.040560945868492126
        ],
        [
            0.09984662383794785,
            0.028231777250766754,
            0.016044244170188904
        ],
        [
            0.10449987649917603,
            0.016282375901937485,
            0.02054586634039879
        ],
        [
            0.10820583999156952,
            0.015288330614566803,
            0.01601823791861534
        ],
        [
            0.10270556807518005,
            0.026049010455608368,
            0.01248568668961525
        ],
        [
            0.12015169858932495,
            0.020738542079925537,
            -0.0002730339765548706
        ],
        [
            0.12016716599464417,
            0.011412229388952255,
            0.0032555535435676575
        ],
        [
            0.12588295340538025,
            0.000783231109380722,
            -0.002703629434108734
        ],
        [
            0.12613557279109955,
            0.008597906678915024,
            -0.00897323340177536
        ],
        [
            0.12202347069978714,
            0.030022699385881424,
            -0.005128160119056702
        ],
        [
            0.12879815697669983,
            0.02036486193537712,
            -0.012196697294712067
        ],
        [
            0.13109102845191956,
            0.03112129494547844,
            -0.01576988771557808
        ],
        [
            0.1337646245956421,
            0.046824321150779724,
            -0.02225959673523903
        ],
        [
            0.09479875862598419,
            0.015793226659297943,
            0.029038574546575546
        ],
        [
            0.0903213620185852,
            0.024804897606372833,
            0.027248352766036987
        ],
        [
            0.058136455714702606,
            0.08683426678180695,
            -0.08318528532981873
        ],
        [
            0.054268620908260345,
            0.08776802569627762,
            -0.07887181639671326
        ],
        [
            0.05758219212293625,
            0.0845310240983963,
            -0.07688760757446289
        ],
        [
            0.060618553310632706,
            0.08395472168922424,
            -0.08174724131822586
        ],
        [
            0.07547509670257568,
            0.009781457483768463,
            0.02746255323290825
        ],
        [
            0.07087181508541107,
            0.0023280829191207886,
            0.02231164276599884
        ],
        [
            0.0746549442410469,
            -0.0007845014333724976,
            0.027744002640247345
        ],
        [
            0.08046045899391174,
            0.005701132118701935,
            0.031434983015060425
        ],
        [
            0.06902926415205002,
            0.01527269184589386,
            0.02213020622730255
        ],
        [
            0.06629431247711182,
            0.007134493440389633,
            0.014647059142589569
        ],
        [
            0.05273173004388809,
            0.07964129745960236,
            -0.09228803962469101
        ],
        [
            0.05663597583770752,
            0.08275939524173737,
            -0.09101501107215881
        ],
        [
            0.05853606015443802,
            0.0782688707113266,
            -0.08983561396598816
        ],
        [
            0.05457024276256561,
            0.07482090592384338,
            -0.0900484099984169
        ],
        [
            0.09338917583227158,
            0.05458548665046692,
            -0.04741210490465164
        ],
        [
            0.08906533569097519,
            0.05206023156642914,
            -0.03923914581537247
        ],
        [
            0.0809582844376564,
            0.06312423944473267,
            -0.05970239266753197
        ],
        [
            0.08334553241729736,
            0.05772116035223007,
            -0.050728827714920044
        ],
        [
            0.08865708112716675,
            0.05642210692167282,
            -0.055698201060295105
        ],
        [
            0.08530569821596146,
            0.05974632501602173,
            -0.06326337903738022
        ],
        [
            0.07053624838590622,
            0.05360320210456848,
            -0.030794214457273483
        ],
        [
            0.07692878693342209,
            0.046622760593891144,
            -0.023644868284463882
        ],
        [
            0.08005091547966003,
            0.04766619950532913,
            -0.02953162044286728
        ],
        [
            0.07451089471578598,
            0.05575438216328621,
            -0.038224536925554276
        ],
        [
            0.07023441046476364,
            0.04834956303238869,
            -0.011225741356611252
        ],
        [
            0.06425144523382187,
            0.054769277572631836,
            -0.019438309594988823
        ],
        [
            0.06116817891597748,
            0.0551055409014225,
            -0.011469244956970215
        ],
        [
            0.06645144522190094,
            0.05119580030441284,
            -0.006673805415630341
        ],
        [
            0.05519869178533554,
            0.06509902328252792,
            -0.03633064404129982
        ],
        [
            0.049446120858192444,
            0.06756052374839783,
            -0.04236955568194389
        ],
        [
            0.04704763740301132,
            0.06841033697128296,
            -0.0395805686712265
        ],
        [
            0.053155116736888885,
            0.06464079767465591,
            -0.03329390287399292
        ],
        [
            0.0781799703836441,
            -0.004840150475502014,
            0.032380715012550354
        ],
        [
            0.08555250614881516,
            0.0014087408781051636,
            0.034386150538921356
        ],
        [
            0.04366758093237877,
            0.035000815987586975,
            -0.003125987946987152
        ],
        [
            0.0467425175011158,
            0.03850863501429558,
            0.006922772154211998
        ],
        [
            0.03910244256258011,
            0.046774111688137054,
            0.0024229567497968674
        ],
        [
            0.037647224962711334,
            0.04084358364343643,
            -0.007191730663180351
        ],
        [
            0.07064322382211685,
            -0.003044135868549347,
            0.013344801962375641
        ],
        [
            0.072500079870224,
            -0.006886087357997894,
            0.019955962896347046
        ],
        [
            0.04721714183688164,
            0.07769875228404999,
            -0.0903254896402359
        ],
        [
            0.04946956783533096,
            0.07322751730680466,
            -0.08725475519895554
        ],
        [
            0.12922300398349762,
            0.021228346973657608,
            -0.02543460950255394
        ],
        [
            0.13357052206993103,
            0.041581787168979645,
            -0.030676808208227158
        ],
        [
            0.12532879412174225,
            0.007433220744132996,
            -0.019553471356630325
        ],
        [
            0.1220502108335495,
            -0.0014364570379257202,
            -0.014525867998600006
        ],
        [
            0.12221117317676544,
            -0.008551623672246933,
            -0.009433761239051819
        ],
        [
            0.07723813503980637,
            0.06051887571811676,
            -0.048975251615047455
        ],
        [
            0.0859331488609314,
            0.047439344227313995,
            -0.03146157041192055
        ],
        [
            0.08276093006134033,
            0.040831826627254486,
            -0.014317896217107773
        ],
        [
            0.06652455031871796,
            0.048829615116119385,
            0.010696463286876678
        ],
        [
            0.07295162975788116,
            0.04300233721733093,
            0.016940481960773468
        ],
        [
            0.07711073011159897,
            0.04500493407249451,
            0.007359810173511505
        ],
        [
            0.07025226205587387,
            0.04918189346790314,
            0.0036438368260860443
        ],
        [
            0.05085621029138565,
            0.04624699056148529,
            0.011489998549222946
        ],
        [
            0.05555514246225357,
            0.05208582431077957,
            0.008886963129043579
        ],
        [
            0.049995340406894684,
            0.05713774636387825,
            0.0038382988423109055
        ],
        [
            0.04463210701942444,
            0.05258476734161377,
            0.006362481042742729
        ],
        [
            0.12637469172477722,
            0.05666164308786392,
            -0.045613765716552734
        ],
        [
            0.1205669417977333,
            0.04020785912871361,
            -0.04668883979320526
        ],
        [
            0.08267684280872345,
            0.01725313439965248,
            0.02981392666697502
        ],
        [
            0.08833853900432587,
            0.012167762964963913,
            0.03158993273973465
        ],
        [
            0.09235533326864243,
            0.005210705101490021,
            0.034339651465415955
        ],
        [
            0.09597790241241455,
            0.03223862871527672,
            0.0014407970011234283
        ],
        [
            0.10466283559799194,
            0.024569924920797348,
            0.009978070855140686
        ],
        [
            0.10672489553689957,
            0.024764731526374817,
            0.0062087103724479675
        ],
        [
            0.09659063071012497,
            0.031375084072351456,
            -0.0022755414247512817
        ],
        [
            0.10241962969303131,
            0.03979812562465668,
            -0.013840492814779282
        ],
        [
            0.11015509068965912,
            0.03427685424685478,
            -0.004567913711071014
        ],
        [
            0.10684537887573242,
            0.049454931169748306,
            -0.01698002591729164
        ],
        [
            0.1139318123459816,
            0.012712690979242325,
            0.010885246098041534
        ],
        [
            0.11341197043657303,
            0.007666505873203278,
            0.020729437470436096
        ],
        [
            0.11894327402114868,
            0.0052625872194767,
            0.014143779873847961
        ],
        [
            0.10616190731525421,
            0.008004460483789444,
            0.027381546795368195
        ],
        [
            0.09878899902105331,
            0.007410798221826553,
            0.032427627593278885
        ],
        [
            0.07367036491632462,
            -0.013430222868919373,
            0.02530204877257347
        ],
        [
            0.12275762856006622,
            0.002650044858455658,
            0.007154248654842377
        ],
        [
            0.12495818734169006,
            0.06354603171348572,
            -0.019807830452919006
        ],
        [
            0.12949712574481964,
            0.06975919753313065,
            -0.024832215160131454
        ],
        [
            0.12255829572677612,
            0.07063202559947968,
            -0.027261490002274513
        ],
        [
            0.11770638823509216,
            0.06469886004924774,
            -0.02336467057466507
        ],
        [
            0.0814993605017662,
            0.05147622898221016,
            -0.07256702333688736
        ],
        [
            0.08508366346359253,
            0.05696585774421692,
            -0.06878133118152618
        ],
        [
            0.09205326437950134,
            0.05339112877845764,
            -0.061159033328294754
        ],
        [
            0.09099702537059784,
            0.03551231324672699,
            0.013976134359836578
        ],
        [
            0.08344099670648575,
            0.032447949051856995,
            0.023635562509298325
        ],
        [
            0.07453973591327667,
            0.06526867300271988,
            -0.058267951011657715
        ],
        [
            0.05589040368795395,
            0.07037899643182755,
            -0.08834598958492279
        ],
        [
            0.060507677495479584,
            0.07396918535232544,
            -0.08829314261674881
        ],
        [
            0.0705866813659668,
            0.06151498109102249,
            -0.08066583424806595
        ],
        [
            0.0648655891418457,
            0.05797016620635986,
            -0.08124829828739166
        ],
        [
            0.06327800452709198,
            0.06609015166759491,
            -0.062717005610466
        ],
        [
            0.0700470581650734,
            0.06721518188714981,
            -0.06182384118437767
        ],
        [
            0.06694269180297852,
            0.06793129444122314,
            -0.06349167227745056
        ],
        [
            0.06045202538371086,
            0.06774703413248062,
            -0.06319141387939453
        ],
        [
            0.04548268020153046,
            0.06703273952007294,
            -0.030408967286348343
        ],
        [
            0.050482798367738724,
            0.0640234649181366,
            -0.025152675807476044
        ],
        [
            0.0590350478887558,
            0.04561399295926094,
            -0.05983782559633255
        ],
        [
            0.06836838275194168,
            0.04066620022058487,
            -0.06830145418643951
        ],
        [
            0.07476824522018433,
            0.03489968180656433,
            -0.061270833015441895
        ],
        [
            0.06725426018238068,
            0.0534454882144928,
            -0.024051068350672722
        ],
        [
            0.06093651056289673,
            0.05999591574072838,
            -0.02988210879266262
        ],
        [
            0.05863455682992935,
            0.060069285333156586,
            -0.02641589567065239
        ],
        [
            0.07255425304174423,
            0.06240250542759895,
            -0.04935295879840851
        ],
        [
            0.06883937120437622,
            0.06577680259943008,
            -0.056112561374902725
        ],
        [
            0.06677696853876114,
            0.06459931284189224,
            -0.05114764720201492
        ],
        [
            0.0698455423116684,
            0.0609954409301281,
            -0.044505853205919266
        ],
        [
            0.05376492440700531,
            0.029184211045503616,
            0.012620091438293457
        ],
        [
            0.058396242558956146,
            0.038274891674518585,
            0.018259020522236824
        ],
        [
            0.058799777179956436,
            0.08521156758069992,
            -0.08765431493520737
        ],
        [
            0.06095012277364731,
            0.08153212070465088,
            -0.08651000261306763
        ],
        [
            0.07360146939754486,
            0.04659612104296684,
            -0.017187416553497314
        ],
        [
            0.08209823817014694,
            0.027185112237930298,
            -0.052197348326444626
        ],
        [
            0.08013679087162018,
            0.04117993265390396,
            -0.009424254298210144
        ],
        [
            0.03708342835307121,
            0.04965881258249283,
            -0.02448783442378044
        ],
        [
            0.03724527359008789,
            0.05681455135345459,
            -0.020273499190807343
        ],
        [
            0.035092249512672424,
            0.05954021215438843,
            -0.025044014677405357
        ],
        [
            0.032892175018787384,
            0.05477612465620041,
            -0.028828777372837067
        ],
        [
            0.050708189606666565,
            0.0767936185002327,
            -0.070340596139431
        ],
        [
            0.05509539693593979,
            0.08041752129793167,
            -0.07098741084337234
        ],
        [
            0.052488479763269424,
            0.08342400193214417,
            -0.07333485782146454
        ],
        [
            0.04772655665874481,
            0.08013147115707397,
            -0.07324786484241486
        ],
        [
            0.07524602115154266,
            0.06667324155569077,
            -0.06449639797210693
        ],
        [
            0.07972459495067596,
            0.06404945254325867,
            -0.0685768872499466
        ],
        [
            0.07430876791477203,
            0.06827246397733688,
            -0.07145817577838898
        ],
        [
            0.07053299248218536,
            0.0689033791422844,
            -0.06697685271501541
        ],
        [
            0.07858290523290634,
            0.060726188123226166,
            -0.07405908405780792
        ],
        [
            0.07414098083972931,
            0.06511972099542618,
            -0.07688219100236893
        ],
        [
            0.04751448333263397,
            0.0720629096031189,
            -0.07351075112819672
        ],
        [
            0.047587424516677856,
            0.06816814839839935,
            -0.0799979716539383
        ],
        [
            0.054870471358299255,
            0.05775847285985947,
            -0.07237954437732697
        ],
        [
            0.055141251534223557,
            0.06403552740812302,
            -0.06732065975666046
        ],
        [
            0.06410679221153259,
            0.01030811294913292,
            -0.00892157107591629
        ],
        [
            0.060273393988609314,
            0.012727934867143631,
            0.0013060197234153748
        ],
        [
            0.052882757037878036,
            0.023712392896413803,
            -0.005537744611501694
        ],
        [
            0.04503008723258972,
            0.0336819551885128,
            -0.012000862509012222
        ],
        [
            0.03904002904891968,
            0.04393412917852402,
            -0.01859382539987564
        ],
        [
            0.04153762012720108,
            0.03984381631016731,
            -0.030024271458387375
        ],
        [
            0.05153820663690567,
            0.024952683597803116,
            0.0023899152874946594
        ],
        [
            0.05746081471443176,
            0.05948517471551895,
            -0.0624421164393425
        ],
        [
            0.060266006737947464,
            0.05129961296916008,
            -0.06662148982286453
        ],
        [
            0.05675660818815231,
            0.05259791016578674,
            -0.06240341439843178
        ],
        [
            0.07706846296787262,
            0.04352331906557083,
            -0.003003891557455063
        ],
        [
            0.06330456584692001,
            0.07742384076118469,
            -0.08540930598974228
        ],
        [
            0.10144731402397156,
            -0.012490794062614441,
            -0.015369441360235214
        ],
        [
            0.08985157310962677,
            -0.014061994850635529,
            -0.008396301418542862
        ],
        [
            0.08812876790761948,
            -0.007909215986728668,
            -0.014489948749542236
        ],
        [
            0.10163454711437225,
            -0.00529199093580246,
            -0.022081751376390457
        ],
        [
            0.060607172548770905,
            0.08183185756206512,
            -0.07483363151550293
        ],
        [
            0.06385990232229233,
            0.08094477653503418,
            -0.08018792420625687
        ],
        [
            0.0460694283246994,
            0.06494724005460739,
            -0.020150432363152504
        ],
        [
            0.04213542118668556,
            0.06654077023267746,
            -0.02557707391679287
        ],
        [
            0.038281213492155075,
            0.06550981104373932,
            -0.024320486932992935
        ],
        [
            0.04070392996072769,
            0.06624331325292587,
            -0.01718432828783989
        ],
        [
            0.05977321416139603,
            0.013585027307271957,
            0.007191862910985947
        ],
        [
            0.03504382446408272,
            0.05201670527458191,
            9.208545088768005e-05
        ],
        [
            0.033233318477869034,
            0.046849075704813004,
            -0.008617391809821129
        ],
        [
            0.06701996177434921,
            0.003039740025997162,
            0.006964702159166336
        ],
        [
            0.07001049071550369,
            0.0003713667392730713,
            -0.0020186975598335266
        ],
        [
            0.07399853318929672,
            -0.0066398754715919495,
            0.0034710243344306946
        ],
        [
            0.04495330527424812,
            0.045155804604291916,
            -0.044431012123823166
        ],
        [
            0.0665462389588356,
            0.01060216873884201,
            -0.01729174330830574
        ],
        [
            0.073038749396801,
            0.000526033341884613,
            -0.009112723171710968
        ],
        [
            0.07794088870286942,
            -0.00787479430437088,
            -0.0028973929584026337
        ],
        [
            0.08064912259578705,
            -0.01415984332561493,
            0.0019002147018909454
        ],
        [
            0.0761491060256958,
            -0.012057460844516754,
            0.008441459387540817
        ],
        [
            0.05091967433691025,
            0.06861421465873718,
            -0.08479803800582886
        ],
        [
            0.044831663370132446,
            0.07306095212697983,
            -0.08250970393419266
        ],
        [
            0.07736989110708237,
            -0.019315719604492188,
            0.013813134282827377
        ],
        [
            0.08284880965948105,
            -0.02093617618083954,
            0.006424620747566223
        ],
        [
            0.07793555408716202,
            0.0007560700178146362,
            -0.016981683671474457
        ],
        [
            0.08531598001718521,
            0.0022518187761306763,
            -0.02614646777510643
        ],
        [
            0.0715700089931488,
            0.010692890733480453,
            -0.024485014379024506
        ],
        [
            0.07806514948606491,
            0.01277213916182518,
            -0.034168221056461334
        ],
        [
            0.05088713392615318,
            0.03964908421039581,
            -0.05115671828389168
        ],
        [
            0.03672213852405548,
            0.08909575641155243,
            -0.08649303764104843
        ],
        [
            0.04131820797920227,
            0.08028499782085419,
            -0.08062995970249176
        ],
        [
            0.044144582003355026,
            0.08355986326932907,
            -0.07673486322164536
        ],
        [
            0.03762434795498848,
            0.09090782701969147,
            -0.08261974900960922
        ],
        [
            0.04471254348754883,
            0.07612833380699158,
            -0.07647495716810226
        ],
        [
            0.04260119050741196,
            0.07761840522289276,
            -0.08560629189014435
        ],
        [
            0.09052997827529907,
            0.01763605698943138,
            -0.04317813366651535
        ],
        [
            0.06145937368273735,
            0.06697473675012589,
            -0.05750621482729912
        ],
        [
            0.10177227109670639,
            0.008106041699647903,
            -0.03427547588944435
        ],
        [
            0.10307200253009796,
            0.029130928218364716,
            -0.052257198840379715
        ],
        [
            0.11249779909849167,
            0.023408856242895126,
            -0.04410771280527115
        ],
        [
            0.11459912359714508,
            -0.0007519423961639404,
            -0.024814333766698837
        ],
        [
            0.12089232355356216,
            0.013359937816858292,
            -0.03349827602505684
        ],
        [
            0.11352327466011047,
            -0.014379065483808517,
            -0.01224229484796524
        ],
        [
            0.11231715977191925,
            -0.007983237504959106,
            -0.018384113907814026
        ],
        [
            0.1266048401594162,
            0.030385933816432953,
