{
    "pred_cam": [
        8.971994400024414,
        -0.1161016896367073,
        -0.06945453584194183
    ],
    "pred_mano_params": {
        "global_orient": [
            [
                [
                    0.17167703807353973,
                    -0.5960777997970581,
                    0.7843585014343262
                ],
                [
                    -0.6396197080612183,
                    -0.6729896664619446,
                    -0.3714452087879181
                ],
                [
                    0.7492754459381104,
                    -0.43792250752449036,
                    -0.4967999756336212
                ]
            ]
        ],
        "hand_pose": [
            [
                [
                    0.5377631783485413,
                    -0.7799398899078369,
                    -0.3201633393764496
                ],
                [
                    0.7810726165771484,
                    0.6038405299186707,
                    -0.15906648337841034
                ],
                [
                    0.31738990545272827,
                    -0.1645307093858719,
                    0.9339128732681274
                ]
            ],
            [
                [
                    0.9060773849487305,
                    -0.33574384450912476,
                    0.2574876546859741
                ],
                [
                    0.3850209414958954,
                    0.906602144241333,
                    -0.1727178543806076
                ],
                [
                    -0.1754498928785324,
                    0.2556338906288147,
                    0.9507201313972473
                ]
            ],
            [
                [
                    0.6841881275177002,
                    -0.7203114032745361,
                    0.11418445408344269
                ],
                [
                    0.7248353362083435,
                    0.6543000340461731,
                    -0.21565088629722595
                ],
                [
                    0.08062490075826645,
                    0.23031069338321686,
                    0.9697715044021606
                ]
            ],
            [
                [
                    0.5916677713394165,
                    -0.783745288848877,
                    -0.1888715922832489
                ],
                [
                    0.7972832322120667,
                    0.6035652160644531,
                    -0.006960439030081034
                ],
                [
                    0.11945153772830963,
                    -0.14646588265895844,
                    0.9819770455360413
                ]
            ],
            [
                [
                    0.8319006562232971,
                    -0.5504119992256165,
                    -0.07062511146068573
                ],
                [
                    0.538801908493042,
                    0.7707071900367737,
                    0.34015122056007385
                ],
                [
                    -0.13279201090335846,
                    -0.32102498412132263,
                    0.9377148747444153
                ]
            ],
            [
                [
                    0.6954691410064697,
                    -0.6123847961425781,
                    -0.3759087324142456
                ],
                [
                    0.6855133771896362,
                    0.7222704887390137,
                    0.09163367003202438
                ],
                [
                    0.21539270877838135,
                    -0.3214188516139984,
                    0.9221147894859314
                ]
            ],
            [
                [
                    0.5220577120780945,
                    -0.7695621252059937,
                    0.3677360415458679
                ],
                [
                    0.6966357231140137,
                    0.6334919929504395,
                    0.33672910928726196
                ],
                [
                    -0.4920918643474579,
                    0.08038604259490967,
                    0.8668237924575806
                ]
            ],
            [
                [
                    0.8468407988548279,
                    -0.5196805000305176,
                    -0.11310459673404694
                ],
                [
                    0.5182106494903564,
                    0.7584080696105957,
                    0.3953162133693695
                ],
                [
                    -0.11965871602296829,
                    -0.3933819830417633,
                    0.9115548729896545
                ]
            ],
            [
                [
                    0.7289079427719116,
                    -0.6833705902099609,
                    0.04120542109012604
                ],
                [
                    0.6465886235237122,
                    0.7069559097290039,
                    0.2865947484970093
                ],
                [
                    -0.22498083114624023,
                    -0.1822582334280014,
                    0.9571654200553894
                ]
            ],
            [
                [
                    0.5950057506561279,
                    -0.800698459148407,
                    0.06964335590600967
                ],
                [
                    0.8026801943778992,
                    0.5964091420173645,
                    -0.0007959711365401745
                ],
                [
                    -0.040898602455854416,
                    0.05637494847178459,
                    0.9975716471672058
                ]
            ],
            [
                [
                    0.8245143294334412,
                    -0.5632851719856262,
                    -0.053720999509096146
                ],
                [
                    0.5075888633728027,
                    0.694334864616394,
                    0.5101495981216431
                ],
                [
                    -0.2500593364238739,
                    -0.44789382815361023,
                    0.8584063053131104
                ]
            ],
            [
                [
                    0.6778463125228882,
                    -0.5058749318122864,
                    -0.533493161201477
                ],
                [
                    0.6879841685295105,
                    0.6923146843910217,
                    0.2176651805639267
                ],
                [
                    0.2592338025569916,
                    -0.5145784020423889,
                    0.8173168897628784
                ]
            ],
            [
                [
                    0.9771631956100464,
                    -0.2075728178024292,
                    0.045448895543813705
                ],
                [
                    0.1263381391763687,
                    0.3955610692501068,
                    -0.9097088575363159
                ],
                [
                    0.17085300385951996,
                    0.8946759104728699,
                    0.41275209188461304
                ]
            ],
            [
                [
                    0.8911470770835876,
                    -0.41185683012008667,
                    -0.19034355878829956
                ],
                [
                    0.4446742832660675,
                    0.7094882130622864,
                    0.5467094779014587
                ],
                [
                    -0.09011956304311752,
                    -0.5718395113945007,
                    0.8154004812240601
                ]
            ],
            [
                [
                    0.8925561308860779,
                    0.45008328557014465,
                    -0.027723615989089012
                ],
                [
                    -0.44342249631881714,
                    0.8871999979019165,
                    0.12748552858829498
                ],
                [
                    0.08197548985481262,
                    -0.10149471461772919,
                    0.9914528727531433
                ]
            ]
        ],
        "betas": [
            -0.010640427470207214,
            -0.04640701413154602,
            -0.08985280990600586,
            0.011097460985183716,
            0.03762820363044739,
            -0.021495532244443893,
            0.0448530912399292,
            0.007334545254707336,
            -0.015059739351272583,
            -0.03697821497917175
        ]
    },
    "pred_cam_t": [
        -0.1161016896367073,
        -0.06945453584194183,
        4.353825569152832
    ],
    "focal_length": [
        5000.0,
        5000.0
    ],
    "pred_keypoints_3d": [
        [
            0.0958361104130745,
            0.006393743678927422,
            0.006196008529514074
        ],
        [
            0.12116468697786331,
            0.022678425535559654,
            -0.017916420474648476
        ],
        [
            0.13778486847877502,
            0.04772414267063141,
            -0.024851907044649124
        ],
        [
            0.14551347494125366,
            0.07348302006721497,
            -0.0285785011947155
        ],
        [
            0.15432824194431305,
            0.10012146830558777,
            -0.05199567228555679
        ],
        [
            0.09996403753757477,
            0.058677978813648224,
            -0.06787580996751785
        ],
        [
            0.10324294865131378,
            0.09156537801027298,
            -0.069196417927742
        ],
        [
            0.1144183799624443,
            0.10941384732723236,
            -0.06201419606804848
        ],
        [
            0.12719836831092834,
            0.11690441519021988,
            -0.041428230702877045
        ],
        [
            0.07779665291309357,
            0.06928592175245285,
            -0.062470443546772
        ],
        [
            0.08128338307142258,
            0.10083070397377014,
            -0.06149154156446457
        ],
        [
            0.0951170101761818,
            0.11607109755277634,
            -0.05053836852312088
        ],
        [
            0.11045962572097778,
            0.11846156418323517,
            -0.029902596026659012
        ],
        [
            0.06323303282260895,
            0.0713111162185669,
            -0.04015180841088295
        ],
        [
            0.06982909142971039,
            0.09930567443370819,
            -0.043002139776945114
        ],
        [
            0.08494840562343597,
            0.11410706490278244,
            -0.029976405203342438
        ],
        [
            0.09623872488737106,
            0.11448768526315689,
            -0.006474148482084274
        ],
        [
            0.05606674775481224,
            0.07319025695323944,
            -0.019638512283563614
        ],
        [
            0.061380770057439804,
            0.09357184171676636,
            -0.02156112715601921
        ],
        [
            0.07169739902019501,
            0.10619483888149261,
            -0.011806750670075417
        ],
        [
            0.08253542333841324,
            0.10688897967338562,
            0.0022993646562099457
        ]
    ],
    "pred_vertices": [
        [
            0.1103297770023346,
            0.04458232969045639,
            -0.03145406395196915
        ],
        [
            0.11203242838382721,
            0.03918790817260742,
            -0.02219804748892784
        ],
        [
            0.1178855299949646,
            0.045485563576221466,
            -0.0251535065472126
        ],
        [
            0.11663234233856201,
            0.04878053069114685,
            -0.03623516485095024
        ],
        [
            0.12523551285266876,
            0.03694981709122658,
            -0.004844740033149719
        ],
        [
            0.13472062349319458,
            0.029376715421676636,
            -0.004075035452842712
        ],
        [
            0.14069035649299622,
            0.04319893568754196,
            -0.010157894343137741
        ],
        [
            0.13179777562618256,
            0.04782956838607788,
            -0.008102267980575562
        ],
        [
            0.12103443592786789,
            0.05186565965414047,
            -0.03984609991312027
        ],
        [
            0.1227664202451706,
            0.05093153566122055,
            -0.027060531079769135
        ],
        [
            0.12297309190034866,
            0.051632508635520935,
            -0.040131792426109314
        ],
        [
            0.11708422750234604,
            0.046467363834381104,
            -0.05671386048197746
        ],
        [
            0.1171838790178299,
            0.05023161321878433,
            -0.05217589810490608
        ],
        [
            0.11193966120481491,
            0.04690433293581009,
            -0.06539011001586914
        ],
        [
            0.11422020941972733,
            0.03614138439297676,
            -0.05734936520457268
        ],
        [
            0.10402549058198929,
            0.04220151901245117,
            -0.06879633665084839
        ],
        [
            0.08663303405046463,
            0.0270201675593853,
            -0.048180945217609406
        ],
        [
            0.0763084664940834,
            0.02875172346830368,
            -0.03916751220822334
        ],
        [
            0.07162295281887054,
            0.04096979647874832,
            -0.05116625875234604
        ],
        [
            0.08302412927150726,
            0.03855146840214729,
            -0.05871003493666649
        ],
        [
            0.06198888644576073,
            0.04307043179869652,
            -0.032557159662246704
        ],
        [
            0.06702906638383865,
            0.04249366745352745,
            -0.04335217550396919
        ],
        [
            0.07079263776540756,
            0.02949369326233864,
            -0.032024502754211426
        ],
        [
            0.06626629829406738,
            0.030778557062149048,
            -0.022890768945217133
        ],
        [
            0.09940474480390549,
            0.041391316801309586,
            -0.019965507090091705
        ],
        [
            0.10140976309776306,
            0.03537418693304062,
            -0.011645082384347916
        ],
        [
            0.1049404963850975,
            0.03532663732767105,
            -0.016709450632333755
        ],
        [
            0.1033729687333107,
            0.04134269803762436,
            -0.024127475917339325
        ],
        [
            0.13359352946281433,
            0.05387880653142929,
            -0.036697257310152054
        ],
        [
            0.12907910346984863,
            0.03877873346209526,
            -0.04353640228509903
        ],
        [
            0.12487776577472687,
            0.045254554599523544,
            -0.04422557353973389
        ],
        [
            0.1310756355524063,
            0.057280123233795166,
            -0.03299630060791969
        ],
        [
            0.10361623764038086,
            0.02668420970439911,
            0.016708634793758392
        ],
        [
            0.10394430160522461,
            0.01415703073143959,
            0.02186112478375435
        ],
        [
            0.10799887031316757,
            0.011983077973127365,
            0.018082089722156525
        ],
        [
            0.10646562278270721,
            0.023568902164697647,
            0.013754624873399734
        ],
        [
            0.12433342635631561,
            0.013428635895252228,
            0.004145190119743347
        ],
        [
            0.12089572846889496,
            0.004631560295820236,
            0.007551111280918121
        ],
        [
            0.12421637773513794,
            -0.0070815011858940125,
            0.002542935311794281
        ],
        [
            0.1280394196510315,
            0.0004719458520412445,
            -0.0036472156643867493
        ],
        [
            0.12938375771045685,
            0.0217096209526062,
            -0.0002817288041114807
        ],
        [
            0.13461901247501373,
            0.011239860206842422,
            -0.006663724780082703
        ],
        [
            0.140141561627388,
            0.021789737045764923,
            -0.010546490550041199
        ],
        [
            0.14576150476932526,
            0.03859051689505577,
            -0.016242776066064835
        ],
        [
            0.09320078790187836,
            0.016619976609945297,
            0.028435617685317993
        ],
        [
            0.09174919128417969,
            0.02644915133714676,
            0.025968298316001892
        ],
        [
            0.11384071409702301,
            0.0906800627708435,
            -0.06391012668609619
        ],
        [
            0.11040446907281876,
            0.09252173453569412,
            -0.059500645846128464
        ],
        [
            0.10996363312005997,
            0.08804459869861603,
            -0.05974934995174408
        ],
        [
            0.11324326694011688,
            0.08737919479608536,
            -0.06456036865711212
        ],
        [
            0.07362549006938934,
            0.016059815883636475,
            0.02337268367409706
        ],
        [
            0.06819651275873184,
            0.009976901113986969,
            0.017449110746383667
        ],
        [
            0.06994584947824478,
            0.006120175123214722,
            0.02339855581521988
        ],
        [
            0.0765281394124031,
            0.010903231799602509,
            0.028116360306739807
        ],
        [
            0.0698767676949501,
            0.022871360182762146,
            0.01707332953810692
        ],
        [
            0.06648706644773483,
            0.015572071075439453,
            0.009167265146970749
        ],
        [
            0.1098206490278244,
            0.09583165496587753,
            -0.07506196200847626
        ],
        [
            0.1136028990149498,
            0.09341679513454437,
            -0.07248754054307938
        ],
        [
            0.11115916818380356,
            0.08949676156044006,
            -0.07429646700620651
        ],
        [
            0.1066211462020874,
            0.09103786200284958,
            -0.07585794478654861
        ],
        [
            0.11456692218780518,
            0.051090192049741745,
            -0.046251434832811356
        ],
        [
            0.10892882943153381,
            0.0501430369913578,
            -0.03914577141404152
        ],
        [
            0.10856692492961884,
            0.05910034105181694,
            -0.05858693644404411
        ],
        [
            0.10714755207300186,
            0.056090354919433594,
            -0.051392391324043274
        ],
        [
            0.11215345561504364,
            0.05301566794514656,
            -0.055246297270059586
        ],
        [
            0.11195684969425201,
            0.05559958517551422,
            -0.06156666576862335
        ],
        [
            0.09084785729646683,
            0.056796662509441376,
            -0.03415285050868988
        ],
        [
            0.09378129243850708,
            0.048845961689949036,
            -0.026125576347112656
        ],
        [
            0.09796592593193054,
            0.048769548535346985,
            -0.03133656084537506
        ],
        [
            0.09645585715770721,
            0.05743782967329025,
            -0.04069323092699051
        ],
        [
            0.0857805535197258,
            0.052698880434036255,
            -0.015055853873491287
        ],
        [
            0.08323635905981064,
            0.05988248437643051,
            -0.024072490632534027
        ],
        [
            0.07892005145549774,
            0.061155207455158234,
            -0.016736607998609543
        ],
        [
            0.08214684575796127,
            0.056506749242544174,
            -0.011188238859176636
        ],
        [
            0.08097147941589355,
            0.07007554173469543,
            -0.04154735803604126
        ],
        [
            0.07967174053192139,
            0.07325413078069687,
            -0.04617831110954285
        ],
        [
            0.07808522880077362,
            0.07574274390935898,
            -0.04334660992026329
        ],
        [
            0.07887931168079376,
            0.07065270841121674,
            -0.03850063309073448
        ],
        [
            0.07136181741952896,
            0.001415260136127472,
            0.028546273708343506
        ],
        [
            0.0796595886349678,
            0.005478329956531525,
            0.031895220279693604
        ],
        [
            0.05374552682042122,
            0.0480940043926239,
            -0.012830261141061783
        ],
        [
            0.05603202432394028,
            0.05051632598042488,
            -0.002075139433145523
        ],
        [
            0.05076480656862259,
            0.06111510843038559,
            -0.00891285389661789
        ],
        [
            0.04914649948477745,
            0.05555849149823189,
            -0.01921667344868183
        ],
        [
            0.06810009479522705,
            0.004582881927490234,
            0.008588124066591263
        ],
        [
            0.06764082610607147,
            0.0005849376320838928,
            0.015336882323026657
        ],
        [
            0.10450205206871033,
            0.0986635684967041,
            -0.07409043610095978
        ],
        [
            0.1014445424079895,
            0.0931253433227539,
            -0.0739131048321724
        ],
        [
            0.1374666392803192,
            0.01283269003033638,
            -0.02051619067788124
        ],
        [
            0.14581266045570374,
            0.03398225083947182,
            -0.024945784360170364
        ],
        [
            0.12922058999538422,
            -0.00035903602838516235,
            -0.014793738722801208
        ],
        [
            0.12244270741939545,
            -0.008318230509757996,
            -0.01008240133523941
        ],
        [
            0.11938956379890442,
            -0.015269637107849121,
            -0.004888691008090973
        ],
        [
            0.10193229466676712,
            0.05982701852917671,
            -0.05058736726641655
        ],
        [
            0.1036161556839943,
            0.04689887911081314,
            -0.032160110771656036
        ],
        [
            0.09614641219377518,
            0.04219958186149597,
            -0.015989281237125397
        ],
        [
            0.07831136137247086,
            0.05495406314730644,
            0.0058029331266880035
        ],
        [
            0.08178647607564926,
            0.04805848374962807,
            0.012972056865692139
        ],
        [
            0.08812491595745087,
            0.0484725683927536,
            0.004330631345510483
        ],
        [
            0.08336372673511505,
            0.05403494834899902,
            -0.00043695420026779175
        ],
        [
            0.06147245317697525,
            0.05674571916460991,
            0.00341632217168808
        ],
        [
            0.06844981014728546,
            0.06069379299879074,
            0.002048023045063019
        ],
        [
            0.06476452946662903,
            0.06640197336673737,
            -0.0037009455263614655
        ],
        [
            0.05707383155822754,
            0.06434904038906097,
            -0.0031732507050037384
        ],
        [
            0.1403731256723404,
            0.05109814926981926,
            -0.03834269940853119
        ],
        [
            0.13430020213127136,
            0.03362119570374489,
            -0.041619427502155304
        ],
        [
            0.08202450722455978,
            0.021370552480220795,
            0.02704712003469467
        ],
        [
            0.08567758649587631,
            0.014993280172348022,
            0.029750019311904907
        ],
        [
            0.08710680902004242,
            0.007299266755580902,
            0.033116377890110016
        ],
        [
            0.10376280546188354,
            0.030721504241228104,
            0.001849740743637085
        ],
        [
            0.1084936186671257,
            0.021410085260868073,
            0.011659093201160431
        ],
        [
            0.11136151105165482,
            0.020709525793790817,
            0.008358478546142578
        ],
        [
            0.10484965145587921,
            0.02926492691040039,
            -0.0015832707285881042
        ],
        [
            0.11331355571746826,
            0.034504491835832596,
            -0.010906301438808441
        ],
        [
            0.11881197243928909,
            0.027890317142009735,
            -0.0010310932993888855
        ],
        [
            0.11853940039873123,
            0.04307254031300545,
            -0.012694742530584335
        ],
        [
            0.11375095695257187,
            0.007737856358289719,
            0.014010846614837646
        ],
        [
            0.10995229333639145,
            0.0034335851669311523,
            0.02352442592382431
        ],
        [
            0.11567705124616623,
            -0.000604189932346344,
            0.017989560961723328
        ],
        [
            0.10207082331180573,
            0.005988515913486481,
            0.028774406760931015
        ],
        [
            0.09410390257835388,
            0.007598400115966797,
            0.03241755813360214
        ],
        [
            0.0660027489066124,
            -0.005844093859195709,
            0.020719561725854874
        ],
        [
            0.11980146169662476,
            -0.004334747791290283,
            0.011773355305194855
        ],
        [
            0.13716670870780945,
            0.05507287010550499,
            -0.012271445244550705
        ],
        [
            0.14169421792030334,
            0.061881158500909805,
            -0.01578940823674202
        ],
        [
            0.1349244862794876,
            0.06283316761255264,
            -0.01844029128551483
        ],
        [
            0.1301834136247635,
            0.05662311241030693,
            -0.016106195747852325
        ],
        [
            0.10789698362350464,
            0.0520637072622776,
            -0.07203712314367294
        ],
        [
            0.11225932836532593,
            0.05419740825891495,
            -0.06671006232500076
        ],
        [
            0.1149025484919548,
            0.049565039575099945,
            -0.05999899283051491
        ],
        [
            0.09758388996124268,
            0.036009885370731354,
            0.013183120638132095
        ],
        [
            0.08790364116430283,
            0.03548785299062729,
            0.0212833434343338
        ],
        [
            0.10360710322856903,
            0.06264088302850723,
            -0.05731314420700073
        ],
        [
            0.10419058054685593,
            0.08647074550390244,
            -0.07697349786758423
        ],
        [
            0.1095748245716095,
            0.084876149892807,
            -0.07518339902162552
        ],
        [
            0.10820884257555008,
            0.06546742469072342,
            -0.07520987093448639
        ],
        [
            0.10186313092708588,
            0.06732427328824997,
            -0.0777479037642479
        ],
        [
            0.09651656448841095,
            0.06785321235656738,
            -0.06008847430348396
        ],
        [
            0.10292381048202515,
            0.06471584737300873,
            -0.05784717574715614
        ],
        [
            0.1019117534160614,
            0.06637842953205109,
            -0.05776982009410858
        ],
        [
            0.09641613066196442,
            0.07024401426315308,
            -0.05759657546877861
        ],
        [
            0.07389877736568451,
            0.07539235055446625,
            -0.03502699360251427
        ],
        [
            0.07490114122629166,
            0.07095829397439957,
            -0.030768368393182755
        ],
        [
            0.08149419724941254,
            0.05265657603740692,
            -0.06635618209838867
        ],
        [
            0.08983256667852402,
            0.04659345746040344,
            -0.07463832199573517
        ],
        [
            0.09362922608852386,
            0.03741558641195297,
            -0.06581848114728928
        ],
        [
            0.08652650564908981,
            0.05772804096341133,
            -0.02812095545232296
        ],
        [
            0.0833832249045372,
            0.06500415503978729,
            -0.03478766977787018
        ],
        [
            0.0807681456208229,
            0.06575794517993927,
            -0.03164204955101013
        ],
        [
            0.09836557507514954,
            0.06282812356948853,
            -0.05135325342416763
        ],
        [
            0.09804756939411163,
            0.06561268866062164,
            -0.05664519965648651
        ],
        [
            0.0943395346403122,
            0.06616758555173874,
            -0.053668223321437836
        ],
        [
            0.09467548131942749,
            0.06308795511722565,
            -0.04735594987869263
        ],
        [
            0.06012650579214096,
            0.03992585465312004,
            0.005005046725273132
        ],
        [
            0.06616443395614624,
            0.047516126185655594,
            0.011536862701177597
        ],
        [
            0.11506735533475876,
            0.09126484394073486,
            -0.06856366991996765
        ],
        [
            0.11360146850347519,
            0.08790606260299683,
            -0.069975845515728
        ],
        [
            0.08953230828046799,
            0.049931012094020844,
            -0.020355816930532455
        ],
        [
            0.0974578857421875,
            0.028301551938056946,
            -0.054076291620731354
        ],
        [
            0.09294260293245316,
            0.04343762993812561,
            -0.011641271412372589
        ],
        [
            0.05682327225804329,
            0.06471145153045654,
            -0.03482678532600403
        ],
        [
            0.05964275822043419,
            0.07124146819114685,
            -0.02982071042060852
        ],
        [
            0.061096400022506714,
            0.07549074292182922,
            -0.03245934098958969
        ],
        [
            0.058394502848386765,
            0.07308042049407959,
            -0.037429697811603546
        ],
        [
            0.09792310744524002,
            0.08595004677772522,
            -0.05817243084311485
        ],
        [
            0.10352768003940582,
            0.08505614101886749,
            -0.056885670870542526
        ],
        [
            0.10462664812803268,
            0.08988502621650696,
            -0.05702279508113861
        ],
        [
            0.09933681041002274,
            0.0920281633734703,
            -0.05852556228637695
        ],
        [
            0.10798683762550354,
            0.06216610223054886,
            -0.05959156155586243
        ],
        [
            0.11172398924827576,
            0.059763189405202866,
            -0.06376348435878754
        ],
        [
            0.11131404340267181,
            0.06464384496212006,
            -0.06355206668376923
        ],
        [
            0.1067863255739212,
            0.06594645231962204,
            -0.0597057119011879
        ],
        [
            0.11144442856311798,
            0.05872025713324547,
            -0.06935800611972809
        ],
        [
            0.11148544400930405,
            0.06426935642957687,
            -0.06986380368471146
        ],
        [
            0.09397879242897034,
            0.08725329488515854,
            -0.06313619762659073
        ],
        [
            0.09421629458665848,
            0.08805840462446213,
            -0.07055133581161499
        ],
        [
            0.09031327068805695,
            0.07080061733722687,
            -0.07045772671699524
        ],
        [
            0.09169256687164307,
            0.07306548953056335,
            -0.06280955672264099
        ],
        [
            0.06919249147176743,
            0.018380798399448395,
            -0.01442156732082367
        ],
        [
            0.06446705013513565,
            0.02211875468492508,
            -0.00502505898475647
        ],
        [
            0.061205629259347916,
            0.03449895605444908,
            -0.01326001062989235
        ],
        [
            0.05656434968113899,
            0.04635046795010567,
            -0.021635444834828377
        ],
        [
            0.053767647594213486,
            0.057652246206998825,
            -0.03000895492732525
        ],
        [
            0.057397253811359406,
            0.05319869518280029,
            -0.04085266962647438
        ],
        [
            0.05879133567214012,
            0.03627597913146019,
            -0.005575608462095261
        ],
        [
            0.08827081322669983,
            0.0653340071439743,
            -0.06412374973297119
        ],
        [
            0.08763594925403595,
            0.060000140219926834,
            -0.06998368352651596
        ],
        [
            0.08435098826885223,
            0.060657452791929245,
            -0.06673116981983185
        ],
        [
            0.08954712003469467,
            0.04672013595700264,
            -0.005841121077537537
        ],
        [
            0.11277126520872116,
            0.08363687247037888,
            -0.07099953293800354
        ],
        [
            0.09954021126031876,
            -0.01382569968700409,
            -0.01433742418885231
        ],
        [
            0.0869208350777626,
            -0.011980444192886353,
            -0.009415213018655777
        ],
        [
            0.08802090585231781,
            -0.005815081298351288,
            -0.015692345798015594
        ],
        [
            0.10294660180807114,
            -0.007082730531692505,
            -0.020962834358215332
        ],
        [
            0.1097293272614479,
            0.08368083834648132,
            -0.05960219353437424
        ],
        [
            0.11343635618686676,
            0.08305169641971588,
            -0.06466075778007507
        ],
        [
            0.07072296738624573,
            0.0736786499619484,
            -0.026235736906528473
        ],
        [
            0.07008778303861618,
            0.07709018886089325,
            -0.030977023765444756
        ],
        [
            0.0664694532752037,
            0.07814797013998032,
            -0.030209839344024658
        ],
        [
            0.066689632833004,
            0.07746892422437668,
            -0.024279005825519562
        ],
        [
            0.06317608058452606,
            0.023285601288080215,
            0.0007053576409816742
        ],
        [
            0.05054182559251785,
            0.06978262960910797,
            -0.012527389451861382
        ],
        [
            0.04869996756315231,
            0.06425174325704575,
            -0.021909642964601517
        ],
        [
            0.06741751730442047,
            0.011200562119483948,
            0.0017297901213169098
        ],
        [
            0.0710490345954895,
            0.007499903440475464,
            -0.00657283142209053
        ],
        [
            0.0719883069396019,
            -0.00012197345495223999,
            -0.000519677996635437
        ],
        [
            0.06595223397016525,
            0.05676110461354256,
            -0.05299829691648483
        ],
        [
            0.07302265614271164,
            0.017692402005195618,
            -0.022205352783203125
        ],
        [
            0.07512638717889786,
            0.006551481783390045,
            -0.013010546565055847
        ],
        [
            0.07643841207027435,
            -0.002600923180580139,
            -0.006064649671316147
        ],
        [
            0.07644739747047424,
            -0.009212367236614227,
            -0.0009365864098072052
        ],
        [
            0.07166561484336853,
            -0.005754165351390839,
            0.004680462181568146
        ],
        [
            0.098503977060318,
            0.08779652416706085,
            -0.07457444071769714
        ],
        [
            0.09643778949975967,
            0.09482254087924957,
            -0.06978317350149155
        ],
        [
            0.06988633424043655,
            -0.012878738343715668,
            0.010083537548780441
        ],
        [
            0.07588157802820206,
            -0.01617944985628128,
            0.0038084089756011963
        ],
        [
            0.08115827292203903,
            0.005147375166416168,
            -0.01985960826277733
        ],
        [
            0.09009269624948502,
            0.004300035536289215,
            -0.027617160230875015
        ],
        [
            0.07902452349662781,
            0.01612723618745804,
            -0.028385262936353683
        ],
        [
            0.08732390403747559,
            0.01599999889731407,
            -0.03676334768533707
        ],
        [
            0.0690554529428482,
            0.04991137981414795,
            -0.06120898202061653
        ],
        [
            0.10524658113718033,
            0.11082690209150314,
            -0.06320690363645554
        ],
        [
            0.09849396347999573,
            0.10090076178312302,
            -0.06431730091571808
        ],
        [
            0.10068050026893616,
            0.09827271848917007,
            -0.059596411883831024
        ],
        [
            0.10464700311422348,
            0.10898056626319885,
            -0.05916000157594681
        ],
        [
            0.09605490416288376,
            0.09388142079114914,
            -0.06312140822410583
        ],
        [
            0.09969794005155563,
            0.10056482255458832,
            -0.06994212418794632
        ],
        [
            0.10168223828077316,
            0.0172906331717968,
            -0.04347367212176323
        ],
        [
            0.09321395307779312,
            0.06909694522619247,
            -0.058390311896800995
        ],
        [
            0.10867132246494293,
            0.005684118717908859,
            -0.03298855572938919
        ],
        [
            0.11701264977455139,
            0.025363482534885406,
            -0.049950312823057175
        ],
        [
            0.12370835244655609,
            0.01813654601573944,
            -0.04078624024987221
        ],
        [
            0.1173587217926979,
            -0.005772612988948822,
            -0.021697822958230972
        ],
        [
            0.12836986780166626,
            0.006863214075565338,
            -0.029500797390937805
        ],
        [
            0.10992337763309479,
            -0.01872166618704796,
            -0.009165890514850616
        ],
        [
            0.11181539297103882,
            -0.012278035283088684,
            -0.015502683818340302
        ],
        [
            0.13799218833446503,
            0.02329130843281746,
            -0.033574141561985016
        ],
        [
            0.11615999042987823,
