{
    "pred_cam": [
        8.787740707397461,
        -0.10890103131532669,
        -0.06864067912101746
    ],
    "pred_mano_params": {
        "global_orient": [
            [
                [
                    0.2064719945192337,
                    -0.6122738718986511,
                    0.7632102966308594
                ],
                [
                    -0.6170819401741028,
                    -0.686816394329071,
                    -0.3840482831001282
                ],
                [
                    0.7593281269073486,
                    -0.3916681110858917,
                    -0.5196315050125122
                ]
            ]
        ],
        "hand_pose": [
            [
                [
                    0.5343122482299805,
                    -0.778600811958313,
                    -0.3290760815143585
                ],
                [
                    0.7860225439071655,
                    0.6008567810058594,
                    -0.14539507031440735
                ],
                [
                    0.31093230843544006,
                    -0.1809748411178589,
                    0.9330429434776306
                ]
            ],
            [
                [
                    0.8897489309310913,
                    -0.37244758009910583,
                    0.26387423276901245
                ],
                [
                    0.4251925051212311,
                    0.8865370750427246,
                    -0.18238230049610138
                ],
                [
                    -0.1660064458847046,
                    0.27447181940078735,
                    0.9471573233604431
                ]
            ],
            [
                [
                    0.7276390194892883,
                    -0.6783151626586914,
                    0.10212734341621399
                ],
                [
                    0.6797501444816589,
                    0.6930271983146667,
                    -0.24011032283306122
                ],
                [
                    0.09209344536066055,
                    0.24413470923900604,
                    0.9653584957122803
                ]
            ],
            [
                [
                    0.5723873376846313,
                    -0.795758843421936,
                    -0.19783973693847656
                ],
                [
                    0.8119753003120422,
                    0.5836899876594543,
                    0.001455548801459372
                ],
                [
                    0.11431879550218582,
                    -0.16147412359714508,
                    0.9802332520484924
                ]
            ],
            [
                [
                    0.8316513299942017,
                    -0.5500116348266602,
                    -0.07644157111644745
                ],
                [
                    0.5404853224754333,
                    0.7701769471168518,
                    0.3386784493923187
                ],
                [
                    -0.12740352749824524,
                    -0.3229779303073883,
                    0.9377918839454651
                ]
            ],
            [
                [
                    0.7554348707199097,
                    -0.5695537328720093,
                    -0.3239237368106842
                ],
                [
                    0.6231151819229126,
                    0.7773444652557373,
                    0.0863892138004303
                ],
                [
                    0.2025970071554184,
                    -0.2671032249927521,
                    0.9421306848526001
                ]
            ],
            [
                [
                    0.4937872290611267,
                    -0.7841246128082275,
                    0.37592917680740356
                ],
                [
                    0.6997785568237305,
                    0.6149513721466064,
                    0.3635171949863434
                ],
                [
                    -0.5162209272384644,
                    0.08356703072786331,
                    0.8523687124252319
                ]
            ],
            [
                [
                    0.8573891520500183,
                    -0.5011462569236755,
                    -0.117201067507267
                ],
                [
                    0.5054237842559814,
                    0.7768984436988831,
                    0.3754672110080719
                ],
                [
                    -0.09711069613695145,
                    -0.381157785654068,
                    0.9193955659866333
                ]
            ],
            [
                [
                    0.7778273224830627,
                    -0.6273823380470276,
                    0.03709496185183525
                ],
                [
                    0.5898785591125488,
                    0.7491487264633179,
                    0.30136266350746155
                ],
                [
                    -0.21685926616191864,
                    -0.2125266045331955,
                    0.9527877569198608
                ]
            ],
            [
                [
                    0.5814629793167114,
                    -0.8109637498855591,
                    0.06510469317436218
                ],
                [
                    0.8124119639396667,
                    0.5830446481704712,
                    0.006765884812921286
                ],
                [
                    -0.04344582185149193,
                    0.04895772039890289,
                    0.997855544090271
                ]
            ],
            [
                [
                    0.8170157074928284,
                    -0.5737073421478271,
                    -0.05783713608980179
                ],
                [
                    0.5204488039016724,
                    0.6905328035354614,
                    0.5022922158241272
                ],
                [
                    -0.24823029339313507,
                    -0.44048193097114563,
                    0.8627614378929138
                ]
            ],
            [
                [
                    0.714608371257782,
                    -0.5090572834014893,
                    -0.47978708148002625
                ],
                [
                    0.6564201712608337,
                    0.7250313758850098,
                    0.2084275484085083
                ],
                [
                    0.24175913631916046,
                    -0.46388599276542664,
                    0.8522689342498779
                ]
            ],
            [
                [
                    0.975166380405426,
                    -0.20383408665657043,
                    0.08661497384309769
                ],
                [
                    0.1589268296957016,
                    0.37165701389312744,
                    -0.914665699005127
                ],
                [
                    0.15424896776676178,
                    0.9057167172431946,
                    0.3948221206665039
                ]
            ],
            [
                [
                    0.8845956921577454,
                    -0.41534191370010376,
                    -0.21208885312080383
                ],
                [
                    0.4610700011253357,
                    0.7105949521064758,
                    0.5314783453941345
                ],
                [
                    -0.07003592699766159,
                    -0.5679311752319336,
                    0.8200909495353699
                ]
            ],
            [
                [
                    0.896294116973877,
                    0.4429231286048889,
                    -0.021817440167069435
                ],
                [
                    -0.4363379180431366,
                    0.889613151550293,
                    0.13489887118339539
                ],
                [
                    0.07915890961885452,
                    -0.11138928681612015,
                    0.9906191825866699
                ]
            ]
        ],
        "betas": [
            -0.012236997485160828,
            -0.039308905601501465,
            -0.06484806537628174,
            0.01995590329170227,
            0.043510496616363525,
            -0.01969088241457939,
            0.027878791093826294,
            -0.005831554532051086,
            -0.008714467287063599,
            -0.038670897483825684
        ]
    },
    "pred_cam_t": [
        -0.10890103131532669,
        -0.06864067912101746,
        4.445113182067871
    ],
    "focal_length": [
        5000.0,
        5000.0
    ],
    "pred_keypoints_3d": [
        [
            0.09582026302814484,
            0.006395689677447081,
            0.006193517241626978
        ],
        [
            0.12004336714744568,
            0.022022593766450882,
            -0.019466061145067215
        ],
        [
            0.13689227402210236,
            0.04681921377778053,
            -0.026721522212028503
        ],
        [
            0.1442170888185501,
            0.07268807291984558,
            -0.03044682741165161
        ],
        [
            0.15255674719810486,
            0.09941292554140091,
            -0.053870461881160736
        ],
        [
            0.09654606133699417,
            0.05649275332689285,
            -0.06948545575141907
        ],
        [
            0.09986305236816406,
            0.08930400013923645,
            -0.07183754444122314
        ],
        [
            0.11185476183891296,
            0.10675256699323654,
            -0.06502939760684967
        ],
        [
            0.1255931258201599,
            0.11533468961715698,
            -0.04543285071849823
        ],
        [
            0.07458266615867615,
            0.06720719486474991,
            -0.06342335790395737
        ],
        [
            0.07855653762817383,
            0.09869500249624252,
            -0.06289836764335632
        ],
        [
            0.093054860830307,
            0.1138070672750473,
            -0.0526726059615612
        ],
        [
            0.10964009165763855,
            0.11847290396690369,
            -0.03339535370469093
        ],
        [
            0.06098838523030281,
            0.0698603168129921,
            -0.040548160672187805
        ],
        [
            0.06768104434013367,
            0.0977313369512558,
            -0.04409867152571678
        ],
        [
            0.08342929184436798,
            0.11238590627908707,
            -0.031695421785116196
        ],
        [
            0.09619772434234619,
            0.11421860754489899,
            -0.009112667292356491
        ],
        [
            0.05471721291542053,
            0.07233451306819916,
            -0.019796226173639297
        ],
        [
            0.060645755380392075,
            0.09246687591075897,
            -0.022402523085474968
        ],
        [
            0.07137574255466461,
            0.10541845858097076,
            -0.013579294085502625
        ],
        [
            0.08331280201673508,
            0.1075262725353241,
            -0.00015818048268556595
        ]
    ],
    "pred_vertices": [
        [
            0.10868765413761139,
            0.04361315071582794,
            -0.033194638788700104
        ],
        [
            0.11082707345485687,
            0.03853854537010193,
            -0.023961812257766724
        ],
        [
            0.11666426807641983,
            0.04472137987613678,
            -0.02711133286356926
        ],
        [
            0.1148732602596283,
            0.04769354313611984,
            -0.0382867194712162
        ],
        [
            0.12435122579336166,
            0.036383792757987976,
            -0.006637752056121826
        ],
        [
            0.13382776081562042,
            0.028733424842357635,
            -0.00593142956495285
        ],
        [
            0.13984577357769012,
            0.042375609278678894,
            -0.012077365070581436
        ],
        [
            0.13097897171974182,
            0.04706200957298279,
            -0.009924791753292084
        ],
        [
            0.11922719329595566,
            0.05063650757074356,
            -0.04197562485933304
        ],
        [
            0.12153588980436325,
            0.05002811178565025,
            -0.029101107269525528
        ],
        [
            0.12127745896577835,
            0.05034153535962105,
            -0.04206447675824165
        ],
        [
            0.11454062163829803,
            0.04475367069244385,
            -0.05855381861329079
        ],
        [
            0.11470640450716019,
            0.04861749708652496,
            -0.05420956760644913
        ],
        [
            0.1088637113571167,
            0.044895850121974945,
            -0.06712473928928375
        ],
        [
            0.11172019690275192,
            0.034418877214193344,
            -0.05879218876361847
        ],
        [
            0.10081203281879425,
            0.04009441286325455,
            -0.07007274776697159
        ],
        [
            0.08422093093395233,
            0.025403328239917755,
            -0.04835949093103409
        ],
        [
            0.07424306124448776,
            0.02736099436879158,
            -0.03894514590501785
        ],
        [
            0.06896170228719711,
            0.0392291285097599,
            -0.051114339381456375
        ],
        [
            0.0800706297159195,
            0.03661688417196274,
            -0.05907217413187027
        ],
        [
            0.06010742485523224,
            0.041863132268190384,
            -0.03214895725250244
        ],
        [
            0.06470008939504623,
            0.04097035154700279,
            -0.04313899949193001
        ],
        [
            0.06902513653039932,
            0.02830367535352707,
            -0.03158438578248024
        ],
        [
            0.06487973779439926,
            0.02985311672091484,
            -0.022299110889434814
        ],
        [
            0.09815464168787003,
            0.04066764935851097,
            -0.021121390163898468
        ],
        [
            0.10054841637611389,
            0.034937091171741486,
            -0.012797344475984573
        ],
        [
            0.10389618575572968,
            0.034799374639987946,
            -0.018096961081027985
        ],
        [
            0.10197486728429794,
            0.04053217172622681,
            -0.02548285946249962
        ],
        [
            0.1323096603155136,
            0.05283917114138603,
            -0.038542769849300385
        ],
        [
            0.12742480635643005,
            0.03748789057135582,
            -0.04532026872038841
        ],
        [
            0.12314372509717941,
            0.04392048716545105,
            -0.04603385180234909
        ],
        [
            0.12980936467647552,
            0.056213561445474625,
            -0.03482213616371155
        ],
        [
            0.10399647057056427,
            0.027043092995882034,
            0.01576746255159378
        ],
        [
            0.10458296537399292,
            0.014656402170658112,
            0.021259445697069168
        ],
        [
            0.10847071558237076,
            0.012376591563224792,
            0.017360538244247437
        ],
        [
            0.10671105980873108,
            0.02384781464934349,
            0.012746281921863556
        ],
        [
            0.12392754852771759,
            0.013330448418855667,
            0.00263214111328125
        ],
        [
            0.12083996832370758,
            0.004679393023252487,
            0.006456524133682251
        ],
        [
            0.12402157485485077,
            -0.007173292338848114,
            0.0017081201076507568
        ],
        [
            0.1274876445531845,
            0.00016456842422485352,
            -0.004816591739654541
        ],
        [
            0.12860137224197388,
            0.021340690553188324,
            -0.0020755305886268616
        ],
        [
            0.13377395272254944,
            0.010734949260950089,
            -0.008295007050037384
        ],
        [
            0.13916461169719696,
            0.021018490195274353,
            -0.01232932135462761
        ],
        [
            0.1449112892150879,
            0.03774774447083473,
            -0.018166936933994293
        ],
        [
            0.094113789498806,
            0.017288632690906525,
            0.02821282669901848
        ],
        [
            0.09253175556659698,
            0.027047686278820038,
            0.025540370494127274
        ],
        [
            0.11082879453897476,
            0.0880623608827591,
            -0.06686285883188248
        ],
        [
            0.10764595866203308,
            0.09001815319061279,
            -0.06228762865066528
        ],
        [
            0.10714894533157349,
            0.08559960126876831,
            -0.062442269176244736
        ],
        [
            0.11018045991659164,
            0.08481594920158386,
            -0.0674067884683609
        ],
        [
            0.07432135194540024,
            0.01652480661869049,
            0.024044159799814224
        ],
        [
            0.06866507232189178,
            0.010247498750686646,
            0.018536686897277832
        ],
        [
            0.07068424671888351,
            0.006573155522346497,
            0.02451590821146965
        ],
        [
            0.07744564116001129,
            0.011519379913806915,
            0.028807681053876877
        ],
        [
            0.07027637958526611,
            0.023136470466852188,
            0.017714284360408783
        ],
        [
            0.06657703220844269,
            0.015593118965625763,
            0.010173726826906204
        ],
        [
            0.1063181608915329,
            0.09313146770000458,
            -0.07783661782741547
        ],
        [
            0.11019179970026016,
            0.09069544076919556,
            -0.07544159889221191
        ],
        [
            0.10760892182588577,
            0.08681446313858032,
            -0.07707071304321289
        ],
        [
            0.1029927134513855,
            0.0883631557226181,
            -0.07842624187469482
        ],
        [
            0.11224084347486496,
            0.049636803567409515,
            -0.048284441232681274
        ],
        [
            0.1068548858165741,
            0.04887879639863968,
            -0.04094487428665161
        ],
        [
            0.10558255761861801,
            0.057165320962667465,
            -0.06063497066497803
        ],
        [
            0.10446801781654358,
            0.054412536323070526,
            -0.053266532719135284
        ],
        [
            0.10934127867221832,
            0.05123860016465187,
            -0.05724532529711723
        ],
        [
            0.1088370755314827,
            0.05359533056616783,
            -0.06365753710269928
        ],
        [
            0.08890832960605621,
            0.055590033531188965,
            -0.03534283861517906
        ],
        [
            0.0922212153673172,
            0.04790015518665314,
            -0.027222827076911926
        ],
        [
            0.09618693590164185,
            0.047685448080301285,
            -0.032616935670375824
        ],
        [
            0.09423059970140457,
            0.05605260282754898,
            -0.0421384833753109
        ],
        [
            0.08469118177890778,
            0.05205247551202774,
            -0.01592521369457245
        ],
        [
            0.08172120153903961,
            0.05893790349364281,
            -0.025027070194482803
        ],
        [
            0.07772114127874374,
            0.060403011739254,
            -0.01753998175263405
        ],
        [
            0.08120917528867722,
            0.0559551902115345,
            -0.012009423226118088
        ],
        [
            0.07868460565805435,
            0.06857681274414062,
            -0.04268060252070427
        ],
        [
            0.07724765688180923,
            0.07154132425785065,
            -0.047303490340709686
        ],
        [
            0.07577512413263321,
            0.0741535872220993,
            -0.044471368193626404
        ],
        [
            0.07673757523298264,
            0.06924370676279068,
            -0.0395519994199276
        ],
        [
            0.0723399966955185,
            0.0020281150937080383,
            0.029736291617155075
        ],
        [
            0.08076081424951553,
            0.006215833127498627,
            0.03260619193315506
        ],
        [
            0.0526808463037014,
            0.047454748302698135,
            -0.012217879295349121
        ],
        [
            0.05543309077620506,
            0.05016680061817169,
            -0.0016291812062263489
        ],
        [
            0.04983861371874809,
            0.06058642268180847,
            -0.008579425513744354
        ],
        [
            0.047755107283592224,
            0.05473974347114563,
            -0.018670886754989624
        ],
        [
            0.06820087134838104,
            0.004587486386299133,
            0.009841222316026688
        ],
        [
            0.06804868578910828,
            0.0007876083254814148,
            0.016718141734600067
        ],
        [
            0.10109089314937592,
            0.09604066610336304,
            -0.07660847157239914
        ],
        [
            0.09793617576360703,
            0.09054214507341385,
            -0.07626435160636902
        ],
        [
            0.13630270957946777,
            0.011934638023376465,
            -0.022066015750169754
        ],
        [
            0.14480853080749512,
            0.03306194394826889,
            -0.02685665339231491
        ],
        [
            0.12823155522346497,
            -0.0010392218828201294,
            -0.015899498015642166
        ],
        [
            0.12171097099781036,
            -0.008824422955513,
            -0.01077396422624588
        ],
        [
            0.11892226338386536,
            -0.015592444688081741,
            -0.00527549535036087
        ],
        [
            0.09927671402692795,
            0.05815146863460541,
            -0.052328597754240036
        ],
        [
            0.10183218121528625,
            0.045822326093912125,
            -0.03364620357751846
        ],
        [
            0.09505618363618851,
            0.04157394915819168,
            -0.01701582968235016
        ],
        [
            0.07810736447572708,
            0.05490139126777649,
            0.005181070417165756
        ],
        [
            0.08191972970962524,
            0.04823893681168556,
            0.0123848095536232
        ],
        [
            0.08789075911045074,
            0.048417337238788605,
            0.0034641511738300323
        ],
        [
            0.08290158212184906,
            0.05381583422422409,
            -0.0012483485043048859
        ],
        [
            0.06110416352748871,
            0.056560494005680084,
            0.0034607164561748505
        ],
        [
            0.06803436577320099,
            0.06047368049621582,
            0.0016984343528747559
        ],
        [
            0.06408549100160599,
            0.06595471501350403,
            -0.004028793424367905
        ],
        [
            0.0563834086060524,
            0.06394478678703308,
            -0.003164343535900116
        ],
        [
            0.13911420106887817,
            0.05012333020567894,
            -0.04026239365339279
        ],
        [
            0.1327424943447113,
            0.03237892687320709,
            -0.04342658072710037
        ],
        [
            0.08286113291978836,
            0.021968860179185867,
            0.027185648679733276
        ],
        [
            0.08665014803409576,
            0.015682555735111237,
            0.029906757175922394
        ],
        [
            0.0882522240281105,
            0.008089825510978699,
            0.03344274312257767
        ],
        [
            0.10346189141273499,
            0.030666571110486984,
            0.0007088333368301392
        ],
        [
            0.10862592607736588,
            0.021630581468343735,
            0.010590150952339172
        ],
        [
            0.11127860844135284,
            0.020830683410167694,
            0.007121101021766663
        ],
        [
            0.10437312722206116,
            0.02913413569331169,
            -0.0028203949332237244
        ],
        [
            0.11235078424215317,
            0.034074291586875916,
            -0.012655634433031082
        ],
        [
            0.11803171783685684,
            0.02762375771999359,
            -0.0027970001101493835
        ],
        [
            0.11761309951543808,
            0.04248044639825821,
            -0.014494638890028
        ],
        [
            0.11402122676372528,
            0.008006606251001358,
            0.013140268623828888
        ],
        [
            0.11069589853286743,
            0.0039869919419288635,
            0.022974222898483276
        ],
        [
            0.11618225276470184,
            -0.00021162629127502441,
            0.017306268215179443
        ],
        [
            0.10303737968206406,
            0.006684035062789917,
            0.0284905806183815
        ],
        [
            0.0952196717262268,
            0.008383937180042267,
            0.03242316469550133
        ],
        [
            0.0666697770357132,
            -0.005478955805301666,
            0.02235676720738411
        ],
        [
            0.12004358321428299,
            -0.004128213971853256,
            0.011027157306671143
        ],
        [
            0.13631559908390045,
            0.0542173907160759,
            -0.014120098203420639
        ],
        [
            0.14069341123104095,
            0.06100473552942276,
            -0.017625372856855392
        ],
        [
            0.13389167189598083,
            0.061887919902801514,
            -0.020200887694954872
        ],
        [
            0.12929131090641022,
            0.05571585148572922,
            -0.017910536378622055
        ],
        [
            0.10435667634010315,
            0.04980695992708206,
            -0.0737917497754097
        ],
        [
            0.10893804579973221,
            0.05206260085105896,
            -0.06875868886709213
        ],
        [
            0.1119791716337204,
            0.04768235608935356,
            -0.061970874667167664
        ],
        [
            0.09777975082397461,
            0.03624536469578743,
            0.012249287217855453
        ],
        [
            0.08844833076000214,
            0.035935234278440475,
            0.02077634632587433
        ],
        [
            0.10071717202663422,
            0.06073591485619545,
            -0.05921657010912895
        ],
        [
            0.1004524976015091,
            0.08385533094406128,
            -0.07940724492073059
        ],
        [
            0.10593002289533615,
            0.08223287016153336,
            -0.07787001878023148
        ],
        [
            0.10441718250513077,
            0.06299097090959549,
            -0.0774604082107544
        ],
        [
            0.09793244302272797,
            0.06483128666877747,
            -0.07968056201934814
        ],
        [
            0.09355844557285309,
            0.06583473086357117,
            -0.06175427883863449
        ],
        [
            0.10009808093309402,
            0.06275779753923416,
            -0.059782080352306366
        ],
        [
            0.09911379963159561,
            0.0643903985619545,
            -0.0596710629761219
        ],
        [
            0.09362960606813431,
            0.06828109920024872,
            -0.059269584715366364
        ],
        [
            0.07195957005023956,
            0.07404164969921112,
            -0.035961393266916275
        ],
        [
            0.07312373071908951,
            0.06975245475769043,
            -0.03165207803249359
        ],
        [
            0.07812833786010742,
            0.05050117149949074,
            -0.06701495498418808
        ],
        [
            0.08613704144954681,
            0.04423432797193527,
            -0.0754469558596611
        ],
        [
            0.09049440175294876,
            0.0353412851691246,
            -0.06656843423843384
        ],
        [
            0.08484527468681335,
            0.0566844567656517,
            -0.02915451116859913
        ],
        [
            0.08139155060052872,
            0.06373748183250427,
            -0.03588460758328438
        ],
        [
            0.07891353964805603,
            0.06456660479307175,
            -0.032646432518959045
        ],
        [
            0.09567571431398392,
            0.06111885979771614,
            -0.05301482975482941
        ],
        [
            0.09518261253833771,
            0.06373124569654465,
            -0.05835726112127304
        ],
        [
            0.09153705090284348,
            0.0643649771809578,
            -0.055255744606256485
        ],
        [
            0.09214425832033157,
            0.06149039790034294,
            -0.04887636750936508
        ],
        [
            0.059908024966716766,
            0.03980061784386635,
            0.005584899336099625
        ],
        [
            0.06621244549751282,
            0.047598324716091156,
            0.011634550988674164
        ],
        [
            0.11182720959186554,
            0.08857035636901855,
            -0.07157786935567856
        ],
        [
            0.11026939004659653,
            0.08526089042425156,
            -0.07285016775131226
        ],
        [
            0.08822056651115417,
            0.049139752984046936,
            -0.021304894238710403
        ],
        [
            0.09491042047739029,
            0.026593200862407684,
            -0.054731108248233795
        ],
        [
            0.09204027056694031,
            0.042932573705911636,
            -0.012565426528453827
        ],
        [
            0.054851632565259933,
            0.06343917548656464,
            -0.03475522622466087
        ],
        [
            0.0579652339220047,
            0.07007486373186111,
            -0.03000916726887226
        ],
        [
            0.05931178480386734,
            0.0742415189743042,
            -0.03275282680988312
        ],
        [
            0.0563703328371048,
            0.07173772901296616,
            -0.03754830360412598
        ],
        [
            0.095182403922081,
            0.08380488306283951,
            -0.06024359166622162
        ],
        [
            0.10085593163967133,
            0.08289909362792969,
            -0.059259653091430664
        ],
        [
            0.10198371857404709,
            0.0875377207994461,
            -0.05945897102355957
        ],
        [
            0.09663739055395126,
            0.08972703665494919,
            -0.06070800498127937
        ],
        [
            0.10504723340272903,
            0.060143861919641495,
            -0.061741262674331665
        ],
        [
            0.10853113979101181,
            0.0576309859752655,
            -0.06603161990642548
        ],
        [
            0.10818132758140564,
            0.062453899532556534,
            -0.0659533143043518
        ],
        [
            0.10387969017028809,
            0.0638807862997055,
            -0.06187792494893074
        ],
        [
            0.10795735567808151,
            0.05642862617969513,
            -0.07158473134040833
        ],
        [
            0.1079893484711647,
            0.06190730258822441,
            -0.07226771861314774
        ],
        [
            0.09097487479448318,
            0.08503951132297516,
            -0.06499690562486649
        ],
        [
            0.09085298329591751,
            0.08569629490375519,
            -0.07243247330188751
        ],
        [
            0.08679412305355072,
            0.06856664270162582,
            -0.07178957760334015
        ],
        [
            0.08859938383102417,
            0.07099449634552002,
            -0.06426436454057693
        ],
        [
            0.06823039799928665,
            0.017706450074911118,
            -0.013598252087831497
        ],
        [
            0.06389988213777542,
            0.0217118039727211,
            -0.004114881157875061
        ],
        [
            0.06020992621779442,
            0.03384255990386009,
            -0.012571968138217926
        ],
        [
            0.05513276159763336,
            0.04545953869819641,
            -0.0211035143584013
        ],
        [
            0.05192195996642113,
            0.05650999769568443,
            -0.02968735247850418
        ],
        [
            0.05512218177318573,
            0.051753804087638855,
            -0.04053056240081787
        ],
        [
            0.05813051760196686,
            0.03584558144211769,
            -0.004830744117498398
        ],
        [
            0.08504369109869003,
            0.06317000091075897,
            -0.06538791209459305
        ],
        [
            0.08409933745861053,
            0.05777287483215332,
            -0.07102090865373611
        ],
        [
            0.08099042624235153,
            0.05848914012312889,
            -0.06771731376647949
        ],
        [
            0.08888501673936844,
            0.04637638479471207,
            -0.006713472306728363
        ],
        [
            0.10934127122163773,
            0.081059530377388,
            -0.07384461164474487
        ],
        [
            0.09869879484176636,
            -0.014442939311265945,
            -0.013904627412557602
        ],
        [
            0.08628547191619873,
            -0.012480147182941437,
            -0.008489161729812622
        ],
        [
            0.08710438758134842,
            -0.0064921751618385315,
            -0.014993235468864441
        ],
        [
            0.10181567817926407,
            -0.007882598787546158,
            -0.02086922526359558
        ],
        [
            0.10690947622060776,
            0.081431083381176,
            -0.062308523803949356
        ],
        [
            0.11033265292644501,
            0.08061543852090836,
            -0.0675407126545906
        ],
        [
            0.0691908523440361,
            0.07259020954370499,
            -0.02697753719985485
        ],
        [
            0.06836093962192535,
            0.07585906982421875,
            -0.03175646811723709
        ],
        [
            0.06480027735233307,
            0.076922208070755,
            -0.030806327238678932
        ],
        [
            0.06531158834695816,
            0.07639894634485245,
            -0.02489875629544258
        ],
        [
            0.06285969167947769,
            0.023049935698509216,
            0.001638069748878479
        ],
        [
            0.049622345715761185,
            0.06926611065864563,
            -0.012398991733789444
        ],
        [
            0.047332052141427994,
            0.06342113018035889,
            -0.021594952791929245
        ],
        [
            0.06719682365655899,
            0.011001959443092346,
            0.0028268955647945404
        ],
        [
            0.07047849893569946,
            0.007063291966915131,
            -0.005517646670341492
        ],
        [
            0.07170059531927109,
            -0.00038199126720428467,
            0.0007081963121891022
        ],
        [
            0.06317002326250076,
            0.05498405545949936,
            -0.053110234439373016
        ],
        [
            0.07173214107751846,
            0.016797542572021484,
            -0.0215194933116436
        ],
        [
            0.07428216934204102,
            0.005932927131652832,
            -0.01209874078631401
        ],
        [
            0.07592301815748215,
            -0.0030150562524795532,
            -0.004951689392328262
        ],
        [
            0.0761692002415657,
            -0.009480655193328857,
            0.0003595277667045593
        ],
        [
            0.07162028551101685,
            -0.005861923098564148,
            0.006081104278564453
        ],
        [
            0.09492450952529907,
            0.08528372645378113,
            -0.07671147584915161
        ],
        [
            0.09317619353532791,
            0.09239333868026733,
            -0.07184939086437225
        ],
        [
            0.07010366767644882,
            -0.012824498116970062,
            0.011764481663703918
        ],
        [
            0.075834721326828,
            -0.016301877796649933,
            0.00532880425453186
        ],
        [
            0.0800238773226738,
            0.004335880279541016,
            -0.01916908100247383
        ],
        [
            0.08864538371562958,
            0.003290832042694092,
            -0.027298007160425186
        ],
        [
            0.07748150080442429,
            0.015059858560562134,
            -0.02791791409254074
        ],
        [
            0.08543305099010468,
            0.014713339507579803,
            -0.03665335476398468
        ],
        [
            0.06589370965957642,
            0.04791071265935898,
            -0.061308152973651886
        ],
        [
            0.10267715156078339,
            0.10839933156967163,
            -0.06588609516620636
        ],
        [
            0.09563891589641571,
            0.09854286164045334,
            -0.0665222629904747
        ],
        [
            0.09804071485996246,
            0.09592385590076447,
            -0.06190483272075653
        ],
        [
            0.10222352296113968,
            0.10661783814430237,
            -0.061795178800821304
        ],
        [
            0.09313923865556717,
            0.09155836701393127,
            -0.06513790786266327
        ],
        [
            0.09653519093990326,
            0.09810133278369904,
            -0.07220114767551422
        ],
        [
            0.09963057190179825,
            0.01589597389101982,
            -0.04399722442030907
        ],
        [
            0.0902569517493248,
            0.06708373874425888,
            -0.06000051647424698
        ],
        [
            0.10709817707538605,
            0.004586756229400635,
            -0.033477284014225006
        ],
        [
            0.11489596962928772,
            0.02386191487312317,
            -0.05119573697447777
        ],
        [
            0.1219702661037445,
            0.01686905324459076,
            -0.042065996676683426
        ],
        [
            0.11620357632637024,
            -0.006594497710466385,
            -0.02220725640654564
        ],
        [
            0.12697409093379974,
            0.005832169204950333,
            -0.030644677579402924
        ],
        [
            0.10931561887264252,
            -0.01917264610528946,
            -0.009046100080013275
        ],
        [
            0.11091980338096619,
            -0.012923739850521088,
            -0.015638455748558044
        ],
        [
            0.13667549192905426,
            0.022204015403985977,
            -0.035261113196611404
        ],
        [
            0.1135219857096672,
