{
    "pred_cam": [
        9.058609008789062,
        -0.10017577558755875,
        -0.06680788099765778
    ],
    "pred_mano_params": {
        "global_orient": [
            [
                [
                    0.2890370190143585,
                    -0.5484259724617004,
                    0.7846568822860718
                ],
                [
                    -0.6773138642311096,
                    -0.6963931918144226,
                    -0.23723913729190826
                ],
                [
                    0.6765378713607788,
                    -0.46288812160491943,
                    -0.5727398991584778
                ]
            ]
        ],
        "hand_pose": [
            [
                [
                    0.616691529750824,
                    -0.7300388216972351,
                    -0.2945076525211334
                ],
                [
                    0.7247376441955566,
                    0.6725797653198242,
                    -0.1496388018131256
                ],
                [
                    0.30732205510139465,
                    -0.12115979939699173,
                    0.9438608288764954
                ]
            ],
            [
                [
                    0.861434817314148,
                    -0.4051875174045563,
                    0.30619150400161743
                ],
                [
                    0.46262574195861816,
                    0.8747944831848145,
                    -0.14391647279262543
                ],
                [
                    -0.20954152941703796,
                    0.2656266987323761,
                    0.9410285949707031
                ]
            ],
            [
                [
                    0.6765870451927185,
                    -0.7257885336875916,
                    0.12434253841638565
                ],
                [
                    0.7305513620376587,
                    0.6404359340667725,
                    -0.23693124949932098
                ],
                [
                    0.0923285260796547,
                    0.2511432468891144,
                    0.9635364413261414
                ]
            ],
            [
                [
                    0.6839390397071838,
                    -0.7136949300765991,
                    -0.15121810138225555
                ],
                [
                    0.7224854230880737,
                    0.6913702487945557,
                    0.004685794468969107
                ],
                [
                    0.10120347142219543,
                    -0.11245767772197723,
                    0.9884892702102661
                ]
            ],
            [
                [
                    0.7352169156074524,
                    -0.669401228427887,
                    -0.10657467693090439
                ],
                [
                    0.6624836325645447,
                    0.6763623952865601,
                    0.3219461739063263
                ],
                [
                    -0.14342805743217468,
                    -0.3073042333126068,
                    0.9407404065132141
                ]
            ],
            [
                [
                    0.7023657560348511,
                    -0.6060863733291626,
                    -0.37328487634658813
                ],
                [
                    0.680184543132782,
                    0.7260554432868958,
                    0.10095775127410889
                ],
                [
                    0.20983639359474182,
                    -0.3248118758201599,
                    0.9222070574760437
                ]
            ],
            [
                [
                    0.5585610866546631,
                    -0.692720890045166,
                    0.45623162388801575
                ],
                [
                    0.6049759984016418,
                    0.7165247201919556,
                    0.3472699224948883
                ],
                [
                    -0.5674623250961304,
                    0.08203773200511932,
                    0.8193023204803467
                ]
            ],
            [
                [
                    0.8160121440887451,
                    -0.5464232563972473,
                    -0.18853600323200226
                ],
                [
                    0.5721985101699829,
                    0.7173652648925781,
                    0.3974619209766388
                ],
                [
                    -0.08193323761224747,
                    -0.43221375346183777,
                    0.8980413675308228
                ]
            ],
            [
                [
                    0.7378516793251038,
                    -0.6745526194572449,
                    0.023531151935458183
                ],
                [
                    0.6320464015007019,
                    0.7027496099472046,
                    0.3265889883041382
                ],
                [
                    -0.2368379384279251,
                    -0.22610147297382355,
                    0.944873571395874
                ]
            ],
            [
                [
                    0.6819435358047485,
                    -0.726588785648346,
                    0.08379564434289932
                ],
                [
                    0.7289645075798035,
                    0.6845439076423645,
                    0.0032154072541743517
                ],
                [
                    -0.059698089957237244,
                    0.05889131873846054,
                    0.9964777231216431
                ]
            ],
            [
                [
                    0.7533897757530212,
                    -0.6471085548400879,
                    -0.11685176193714142
                ],
                [
                    0.6104468703269958,
                    0.6222032904624939,
                    0.4901200234889984
                ],
                [
                    -0.24445530772209167,
                    -0.4405832290649414,
                    0.8637869954109192
                ]
            ],
            [
                [
                    0.6795365214347839,
                    -0.47999030351638794,
                    -0.5548325777053833
                ],
                [
                    0.6877049803733826,
                    0.6801586747169495,
                    0.25386250019073486
                ],
                [
                    0.2555225193500519,
                    -0.5540700554847717,
                    0.792284369468689
                ]
            ],
            [
                [
                    0.9751952886581421,
                    -0.21951669454574585,
                    0.028397534042596817
                ],
                [
                    0.10158606618642807,
                    0.3298792243003845,
                    -0.9385413527488708
                ],
                [
                    0.19665774703025818,
                    0.918146014213562,
                    0.34399649500846863
                ]
            ],
            [
                [
                    0.9149107336997986,
                    -0.37826403975486755,
                    -0.14090661704540253
                ],
                [
                    0.3824805021286011,
                    0.7008035778999329,
                    0.602148711681366
                ],
                [
                    -0.12902334332466125,
                    -0.6048063635826111,
                    0.7858513593673706
                ]
            ],
            [
                [
                    0.9062398076057434,
                    0.4225447475910187,
                    0.01361349131911993
                ],
                [
                    -0.41826900839805603,
                    0.8914562463760376,
                    0.17423216998577118
                ],
                [
                    0.06148505583405495,
                    -0.1635902374982834,
                    0.9846104979515076
                ]
            ]
        ],
        "betas": [
            0.007174372673034668,
            -0.0715782642364502,
            -0.10279825329780579,
            0.01324424147605896,
            0.057356685400009155,
            -0.007379468530416489,
            0.04420652985572815,
            -0.002013981342315674,
            -0.027817711234092712,
            -0.03827089071273804
        ]
    },
    "pred_cam_t": [
        -0.10017577558755875,
        -0.06680788099765778,
        4.312196254730225
    ],
    "focal_length": [
        5000.0,
        5000.0
    ],
    "pred_keypoints_3d": [
        [
            0.0957813411951065,
            0.006392483599483967,
            0.006198306567966938
        ],
        [
            0.11751490831375122,
            0.027373265475034714,
            -0.017718464136123657
        ],
        [
            0.12918463349342346,
            0.05554290488362312,
            -0.022187191992998123
        ],
        [
            0.13368375599384308,
            0.08216030895709991,
            -0.024923205375671387
        ],
        [
            0.13910262286663055,
            0.1099548190832138,
            -0.04785383865237236
        ],
        [
            0.0892985612154007,
            0.06485661119222641,
            -0.06281639635562897
        ],
        [
            0.08748970180749893,
            0.09784349799156189,
            -0.06416629254817963
        ],
        [
            0.09787400811910629,
            0.11609044671058655,
            -0.05682092159986496
        ],
        [
            0.1110905110836029,
            0.12342920899391174,
            -0.03645326569676399
        ],
        [
            0.06657102704048157,
            0.0724024772644043,
            -0.05521821230649948
        ],
        [
            0.06498934328556061,
            0.1040913537144661,
            -0.05502358824014664
        ],
        [
            0.0784970372915268,
            0.1190362274646759,
            -0.0433039590716362
        ],
        [
            0.09452292323112488,
            0.12067942321300507,
            -0.02314334735274315
        ],
        [
            0.053419195115566254,
            0.07087903469800949,
            -0.032066114246845245
        ],
        [
            0.05526411905884743,
            0.09947314113378525,
            -0.035691358149051666
        ],
        [
            0.06948268413543701,
            0.1145368218421936,
            -0.021995611488819122
        ],
        [
            0.08176902681589127,
            0.11366243660449982,
            0.000993054360151291
        ],
        [
            0.04748574644327164,
            0.07019799202680588,
            -0.01113144401460886
        ],
        [
            0.050620272755622864,
            0.09084367752075195,
            -0.01440197229385376
        ],
        [
            0.05993759632110596,
            0.10432402789592743,
            -0.0048035867512226105
        ],
        [
            0.07162874937057495,
            0.10565166175365448,
            0.008765568025410175
        ]
    ],
    "pred_vertices": [
        [
            0.10340220481157303,
            0.04880928620696068,
            -0.028578292578458786
        ],
        [
            0.10609451681375504,
            0.042646609246730804,
            -0.02009155973792076
        ],
        [
            0.11039572209119797,
            0.04988861829042435,
            -0.022593360394239426
        ],
        [
            0.1085711419582367,
            0.054073698818683624,
            -0.03322862088680267
        ],
        [
            0.1194298267364502,
            0.04116913303732872,
            -0.0032345466315746307
        ],
        [
            0.12983617186546326,
            0.035137150436639786,
            -0.0033773481845855713
        ],
        [
            0.13314566016197205,
            0.05024551600217819,
            -0.008133329451084137
        ],
        [
            0.12392917275428772,
            0.05341043695807457,
            -0.005569379776716232
        ],
        [
            0.11199260503053665,
            0.05811621993780136,
            -0.0366734117269516
        ],
        [
            0.11408612877130508,
            0.056312620639801025,
            -0.024085916578769684
        ],
        [
            0.11366771161556244,
            0.058453187346458435,
            -0.03701504319906235
        ],
        [
            0.10795271396636963,
            0.053845569491386414,
            -0.05367470532655716
        ],
        [
            0.10801420360803604,
            0.05711201950907707,
            -0.04890015721321106
        ],
        [
            0.10247515141963959,
            0.05436023324728012,
            -0.06196816638112068
        ],
        [
            0.10636298358440399,
            0.043436646461486816,
            -0.05504090338945389
        ],
        [
            0.09503811597824097,
            0.04903019964694977,
            -0.06520441174507141
        ],
        [
            0.08089689910411835,
            0.03036641702055931,
            -0.04528244212269783
        ],
        [
            0.07108478993177414,
            0.030147895216941833,
            -0.03558347746729851
        ],
        [
            0.06450390815734863,
            0.04264335334300995,
            -0.045929960906505585
        ],
        [
            0.07548706233501434,
            0.042181313037872314,
            -0.054341547191143036
        ],
        [
            0.055974218994379044,
            0.04207761585712433,
            -0.026810981333255768
        ],
        [
            0.06027122959494591,
            0.042963236570358276,
            -0.03783363476395607
        ],
        [
            0.0660235583782196,
            0.029649600386619568,
            -0.02812601812183857
        ],
        [
            0.06202772259712219,
            0.029643632471561432,
            -0.01868782564997673
        ],
        [
            0.09384948760271072,
            0.04358469694852829,
            -0.016825377941131592
        ],
        [
            0.0970897376537323,
            0.03704770654439926,
            -0.009298935532569885
        ],
        [
            0.10022847354412079,
            0.037679463624954224,
            -0.014613747596740723
        ],
        [
            0.09748873114585876,
            0.04427603632211685,
            -0.021212071180343628
        ],
        [
            0.1237853467464447,
            0.06176912784576416,
            -0.03377984091639519
        ],
        [
            0.12115193903446198,
            0.04681601747870445,
            -0.041606657207012177
        ],
        [
            0.11613307148218155,
            0.0527203232049942,
            -0.04165143519639969
        ],
        [
            0.12102349102497101,
            0.06464508175849915,
            -0.02978222444653511
        ],
        [
            0.1020539402961731,
            0.026416972279548645,
            0.018031638115644455
        ],
        [
            0.10404422879219055,
            0.013632379472255707,
            0.021991416811943054
        ],
        [
            0.1080419048666954,
            0.01224161684513092,
            0.017806313931941986
        ],
        [
            0.10504621267318726,
            0.023878760635852814,
            0.014634843915700912
        ],
        [
            0.12299614399671555,
            0.016906555742025375,
            0.0032863467931747437
        ],
        [
            0.12095105648040771,
            0.007405318319797516,
            0.00599437952041626
        ],
        [
            0.12513498961925507,
            -0.0032941773533821106,
            -0.00020148605108261108
        ],
        [
            0.1277036964893341,
            0.00536307692527771,
            -0.005739465355873108
        ],
        [
            0.12625661492347717,
            0.026241857558488846,
            -0.0004547685384750366
        ],
        [
            0.1325150430202484,
            0.01731639727950096,
            -0.007895797491073608
        ],
        [
            0.13595281541347504,
            0.029025886207818985,
            -0.010530665516853333
        ],
        [
            0.13842906057834625,
            0.04676034301519394,
            -0.014665279537439346
        ],
        [
            0.09358765184879303,
            0.014323309063911438,
            0.029360000044107437
        ],
        [
            0.09094730019569397,
            0.02408626303076744,
            0.027880147099494934
        ],
        [
            0.09850214421749115,
            0.0975419208407402,
            -0.059284672141075134
        ],
        [
            0.09520761668682098,
            0.09897404909133911,
            -0.05462966859340668
        ],
        [
            0.09522531926631927,
            0.09482964873313904,
            -0.054899442940950394
        ],
        [
            0.09825634956359863,
            0.09456516057252884,
            -0.05990025773644447
        ],
        [
            0.07392942160367966,
            0.012021452188491821,
            0.025400850921869278
        ],
        [
            0.06879103928804398,
            0.0059027597308158875,
            0.01928868517279625
        ],
        [
            0.07133069634437561,
            0.0017812103033065796,
            0.024747490882873535
        ],
        [
            0.07766527682542801,
            0.006842218339443207,
            0.029477514326572418
        ],
        [
            0.06908449530601501,
            0.018881335854530334,
            0.019980598241090775
        ],
        [
            0.06595558673143387,
            0.011948645114898682,
            0.011673178523778915
        ],
        [
            0.09348825365304947,
            0.10265740752220154,
            -0.07007376104593277
        ],
        [
            0.09756698459386826,
            0.10050924867391586,
            -0.06774979084730148
        ],
        [
            0.09542980045080185,
            0.09663894027471542,
            -0.06949126720428467
        ],
        [
            0.09074424207210541,
            0.09774777293205261,
            -0.07077281177043915
        ],
        [
            0.10588861256837845,
            0.057103708386421204,
            -0.04284902289509773
        ],
        [
            0.10099112242460251,
            0.054926469922065735,
            -0.03559079021215439
        ],
        [
            0.09836490452289581,
            0.06586454808712006,
            -0.05402081087231636
        ],
        [
            0.09783177077770233,
            0.0617729090154171,
            -0.047075096517801285
        ],
        [
            0.10284023731946945,
            0.05961677432060242,
            -0.05143645778298378
        ],
        [
            0.10191784799098969,
            0.06284842640161514,
            -0.057522088289260864
        ],
        [
            0.08277377486228943,
            0.059170160442590714,
            -0.028992949053645134
        ],
        [
            0.087061807513237,
            0.05091135948896408,
            -0.021917428821325302
        ],
        [
            0.09086550772190094,
            0.05173518508672714,
            -0.02733715996146202
        ],
        [
            0.08781398087739944,
            0.0609898641705513,
            -0.03575238585472107
        ],
        [
            0.07946555316448212,
            0.052910033613443375,
            -0.010126855224370956
        ],
        [
            0.07557862997055054,
            0.06054772436618805,
            -0.01827695220708847
        ],
        [
            0.07165171205997467,
            0.06073297560214996,
            -0.010641463100910187
        ],
        [
            0.07571638375520706,
            0.055960871279239655,
            -0.005736406892538071
        ],
        [
            0.07098586857318878,
            0.0720866397023201,
            -0.03452661260962486
        ],
        [
            0.0687776505947113,
            0.07580295205116272,
            -0.03900795802474022
        ],
        [
            0.06702883541584015,
            0.07758188247680664,
            -0.036192093044519424
        ],
        [
            0.06898309290409088,
            0.07210525125265121,
            -0.03142216056585312
        ],
        [
            0.07357147336006165,
            -0.003154054284095764,
            0.029349159449338913
        ],
        [
            0.08159127086400986,
            0.001500442624092102,
            0.03255134075880051
        ],
        [
            0.048591360449790955,
            0.044555626809597015,
            -0.006417065858840942
        ],
        [
            0.05122699216008186,
            0.04636237025260925,
            0.004338957369327545
        ],
        [
            0.044413045048713684,
            0.05694601684808731,
            -0.0012234002351760864
        ],
        [
            0.04293849691748619,
            0.051973678171634674,
            -0.011707181110978127
        ],
        [
            0.06867145001888275,
            0.0013055726885795593,
            0.010010968893766403
        ],
        [
            0.06909201294183731,
            -0.0032693296670913696,
            0.016377892345190048
        ],
        [
            0.08804668486118317,
            0.10497747361660004,
            -0.06873232126235962
        ],
        [
            0.08552195131778717,
            0.09928444027900696,
            -0.06853413581848145
        ],
        [
            0.1342756152153015,
            0.0206143781542778,
            -0.021322045475244522
        ],
        [
            0.1388786882162094,
            0.042893461883068085,
            -0.023720046505331993
        ],
        [
            0.1283738762140274,
            0.005786806344985962,
            -0.016845304518938065
        ],
        [
            0.12282014638185501,
            -0.0035017281770706177,
            -0.012721948325634003
        ],
        [
            0.12077556550502777,
            -0.011300437152385712,
            -0.008106648921966553
        ],
        [
            0.09232199937105179,
            0.06491244584321976,
            -0.045627303421497345
        ],
        [
            0.09658777713775635,
            0.050542447715997696,
            -0.02865561470389366
        ],
        [
            0.09079349040985107,
            0.0437064990401268,
            -0.012606281787157059
        ],
        [
            0.0732419490814209,
            0.052541397511959076,
            0.011210858821868896
        ],
        [
            0.0779104232788086,
            0.04546961933374405,
            0.017510846257209778
        ],
        [
            0.08354664593935013,
            0.047312699258327484,
            0.008596863597631454
        ],
        [
            0.0779065191745758,
            0.052714668214321136,
            0.004638154059648514
        ],
        [
            0.0562751442193985,
            0.052690353244543076,
            0.009991101920604706
        ],
        [
            0.06262657046318054,
            0.05752306059002876,
            0.008556652814149857
        ],
        [
            0.05790155380964279,
            0.06342220306396484,
            0.003514513373374939
        ],
        [
            0.050634268671274185,
            0.06045781075954437,
            0.004337737336754799
        ],
        [
            0.13076268136501312,
            0.05994699150323868,
            -0.03573327511548996
        ],
        [
            0.12705546617507935,
            0.042318541556596756,
            -0.04021633043885231
        ],
        [
            0.08193475008010864,
            0.017895005643367767,
            0.029047831892967224
        ],
        [
            0.08640501648187637,
            0.011766113340854645,
            0.03094649687409401
        ],
        [
            0.08884939551353455,
            0.004026323556900024,
            0.03350641578435898
        ],
        [
            0.10083538293838501,
            0.03158218413591385,
            0.0035495534539222717
        ],
        [
            0.10717734694480896,
            0.022125300019979477,
            0.012224651873111725
        ],
        [
            0.1098773330450058,
            0.022000160068273544,
            0.008686404675245285
        ],
        [
            0.10188226401805878,
            0.030452150851488113,
            -0.00013436377048492432
        ],
        [
            0.10831765830516815,
            0.03713591396808624,
            -0.009426303207874298
        ],
        [
            0.11518342047929764,
            0.03070775792002678,
            -0.0003824308514595032
        ],
        [
            0.11165586113929749,
            0.04662643373012543,
            -0.010381478816270828
        ],
        [
            0.11393536627292633,
            0.009037807583808899,
            0.013048812747001648
        ],
        [
            0.11122582852840424,
            0.0035376474261283875,
            0.022314444184303284
        ],
        [
            0.11695288866758347,
            0.0006605982780456543,
            0.016122348606586456
        ],
        [
            0.10350672900676727,
            0.004751637578010559,
            0.028214704245328903
        ],
        [
            0.09569740295410156,
            0.005160428583621979,
            0.0324423685669899
        ],
        [
            0.0684988722205162,
            -0.010270349681377411,
            0.021227773278951645
        ],
        [
            0.1210312694311142,
            -0.002003908157348633,
            0.00939459353685379
        ],
        [
            0.12796169519424438,
            0.06176353991031647,
            -0.009344872087240219
        ],
        [
            0.1315908133983612,
            0.06943684816360474,
            -0.012669775635004044
        ],
        [
            0.12470293045043945,
            0.06975734978914261,
            -0.015037715435028076
        ],
        [
            0.12078577280044556,
            0.06270758807659149,
            -0.012858588248491287
        ],
        [
            0.09751174598932266,
            0.05938634276390076,
            -0.06809119135141373
        ],
        [
            0.10194114595651627,
            0.06178480386734009,
            -0.06283354014158249
        ],
        [
            0.10551278293132782,
            0.05689649283885956,
            -0.05660481005907059
        ],
        [
            0.09484252333641052,
            0.03527603670954704,
            0.015720777213573456
        ],
        [
            0.08586123585700989,
            0.032996766269207,
            0.024268589913845062
        ],
        [
            0.09304983168840408,
            0.06885653734207153,
            -0.05227196216583252
        ],
        [
            0.08890456706285477,
            0.09312845021486282,
            -0.07188694924116135
        ],
        [
            0.09448162466287613,
            0.09216044098138809,
            -0.07037127017974854
        ],
        [
            0.0957501083612442,
            0.07319241762161255,
            -0.07075830549001694
        ],
        [
            0.08911774307489395,
            0.07415737211704254,
            -0.07290973514318466
        ],
        [
            0.08498996496200562,
            0.0735696405172348,
            -0.05474914610385895
        ],
        [
            0.09181839227676392,
            0.07129561901092529,
            -0.05298200249671936
        ],
        [
            0.09050484746694565,
            0.07292260974645615,
            -0.05300426110625267
        ],
        [
            0.08458694815635681,
            0.07597494125366211,
            -0.05247907713055611
        ],
        [
            0.06354165077209473,
            0.07615551352500916,
            -0.02770390547811985
        ],
        [
            0.06549911201000214,
            0.07138732820749283,
            -0.023484954610466957
        ],
        [
            0.07186432182788849,
            0.056480586528778076,
            -0.06064010038971901
        ],
        [
            0.08032821118831635,
            0.051954515278339386,
            -0.06983211636543274
        ],
        [
            0.08555395156145096,
            0.04291573539376259,
            -0.062044620513916016
        ],
        [
            0.07879935204982758,
            0.05910807102918625,
            -0.02267315797507763
        ],
        [
            0.07444476336240768,
            0.06659220159053802,
            -0.028441904112696648
        ],
        [
            0.07196040451526642,
            0.06679131835699081,
            -0.025117455050349236
        ],
        [
            0.08837534487247467,
            0.06757108867168427,
            -0.04596506431698799
        ],
        [
            0.08725463598966599,
            0.07101049274206161,
            -0.05106687173247337
        ],
        [
            0.08381499350070953,
            0.07063297182321548,
            -0.04774888604879379
        ],
        [
            0.08497361093759537,
            0.06699183583259583,
            -0.04176674038171768
        ],
        [
            0.056864045560359955,
            0.03570499271154404,
            0.01014215499162674
        ],
        [
            0.06244635581970215,
            0.043340735137462616,
            0.01694849133491516
        ],
        [
            0.09942307323217392,
            0.09837043285369873,
            -0.0639769658446312
        ],
        [
            0.09826134890317917,
            0.09525328874588013,
            -0.06532230228185654
        ],
        [
            0.08312328904867172,
            0.05102938413619995,
            -0.015851642936468124
        ],
        [
            0.09107711911201477,
            0.033397845923900604,
            -0.05161917954683304
        ],
        [
            0.0877712070941925,
            0.04420826956629753,
            -0.007991168648004532
        ],
        [
            0.04805300384759903,
            0.06299050152301788,
            -0.02694503590464592
        ],
        [
            0.05031493678689003,
            0.0692257508635521,
            -0.021897384896874428
        ],
        [
            0.05097173899412155,
            0.07414975017309189,
            -0.024575140327215195
        ],
        [
            0.0481858067214489,
            0.07166891545057297,
            -0.02943262830376625
        ],
        [
            0.08379118144512177,
            0.09151001274585724,
            -0.05278836190700531
        ],
        [
            0.0894741415977478,
            0.091358482837677,
            -0.05178723484277725
        ],
        [
            0.08989767730236053,
            0.09601756930351257,
            -0.05188358202576637
        ],
        [
            0.08434303104877472,
            0.09765211492776871,
            -0.053111251443624496
        ],
        [
            0.0970383733510971,
            0.06948289275169373,
            -0.055110178887844086
        ],
        [
            0.10082022100687027,
            0.06756367534399033,
            -0.05957759544253349
        ],
        [
            0.0995878130197525,
            0.07262124121189117,
            -0.059339411556720734
        ],
        [
            0.09521060436964035,
            0.0732085257768631,
            -0.05523800104856491
        ],
        [
            0.10023541748523712,
            0.06673871725797653,
            -0.06529556959867477
        ],
        [
            0.0994395762681961,
            0.07238244265317917,
            -0.06564711779356003
        ],
        [
            0.07943504303693771,
            0.09240078181028366,
            -0.057465728372335434
        ],
        [
            0.07920700311660767,
            0.0934048444032669,
            -0.06485077738761902
        ],
        [
            0.07774171233177185,
            0.07585527002811432,
            -0.06490372866392136
        ],
        [
            0.07923480123281479,
            0.07813216000795364,
            -0.05736839398741722
        ],
        [
            0.0667741522192955,
            0.017013967037200928,
            -0.011619467288255692
        ],
        [
            0.06233464926481247,
            0.019398346543312073,
            -0.001679733395576477
        ],
        [
            0.05728817358613014,
            0.031963128596544266,
            -0.008503919467329979
        ],
        [
            0.05096409469842911,
            0.04382197558879852,
            -0.015400806441903114
        ],
        [
            0.04643560200929642,
            0.05533601716160774,
            -0.02241985872387886
        ],
        [
            0.04984254017472267,
            0.052167803049087524,
            -0.033716849982738495
        ],
        [
            0.05522361025214195,
            0.03281646594405174,
            -0.000601302832365036
        ],
        [
            0.07689108699560165,
            0.06987918168306351,
            -0.05821579694747925
        ],
        [
            0.07670824229717255,
            0.06465359777212143,
            -0.06440141052007675
        ],
        [
            0.07342414557933807,
            0.06466705352067947,
            -0.060743771493434906
        ],
        [
            0.08444927632808685,
            0.046594634652137756,
            -0.001740381121635437
        ],
        [
            0.09803886711597443,
            0.09131571650505066,
            -0.06636176258325577
        ],
        [
            0.10028401017189026,
            -0.011406272649765015,
            -0.016263127326965332
        ],
        [
            0.08785742521286011,
            -0.011454783380031586,
            -0.010468218475580215
        ],
        [
            0.08789341151714325,
            -0.004701636731624603,
            -0.016198288649320602
        ],
        [
            0.1025838777422905,
            -0.0037467479705810547,
            -0.022411372512578964
        ],
        [
            0.09563809633255005,
            0.0908932164311409,
            -0.05485144257545471
        ],
        [
            0.09909216314554214,
            0.09075877815485,
            -0.06008407846093178
        ],
        [
            0.06128424406051636,
            0.07323969900608063,
            -0.01859935000538826
        ],
        [
            0.05981605499982834,
            0.07701337337493896,
            -0.023371100425720215
        ],
        [
            0.056137509644031525,
            0.07754242420196533,
            -0.02260730043053627
        ],
        [
            0.05692632496356964,
            0.07633671164512634,
            -0.016405858099460602
        ],
        [
            0.06131783872842789,
            0.019923575222492218,
            0.004174381494522095
        ],
        [
            0.042894601821899414,
            0.06586361676454544,
            -0.004399113357067108
        ],
        [
            0.04114970937371254,
            0.06059443950653076,
            -0.013703922741115093
        ],
        [
            0.06683872640132904,
            0.008352115750312805,
            0.0038452334702014923
        ],
        [
            0.07026635855436325,
            0.005792774260044098,
            -0.004944201558828354
        ],
        [
            0.07240883260965347,
            -0.0021490082144737244,
            0.00031711533665657043
        ],
        [
            0.056865982711315155,
            0.05762121081352234,
            -0.04615519568324089
        ],
        [
            0.07011011242866516,
            0.01741228625178337,
            -0.0196247361600399
        ],
        [
            0.07396551966667175,
            0.0058501362800598145,
            -0.011655863374471664
        ],
        [
            0.07669608294963837,
            -0.0036408454179763794,
            -0.005673307925462723
        ],
        [
            0.07775822281837463,
            -0.010607965290546417,
            -0.001180216670036316
        ],
        [
            0.07304073870182037,
            -0.008189626038074493,
            0.0049932897090911865
        ],
        [
            0.08325904607772827,
            0.09371410310268402,
            -0.06915319710969925
        ],
        [
            0.080547995865345,
            0.10040173679590225,
            -0.06411564350128174
        ],
        [
            0.07238417118787766,
            -0.015897400677204132,
            0.009805884212255478
        ],
        [
            0.07825320959091187,
            -0.017967157065868378,
            0.0029264837503433228
        ],
        [
            0.07963342219591141,
            0.0057154446840286255,
            -0.018932264298200607
        ],
        [
            0.08813133090734482,
            0.006566956639289856,
            -0.027232035994529724
        ],
        [
            0.07579917460680008,
            0.017055697739124298,
            -0.026247141882777214
        ],
        [
            0.08349733799695969,
            0.01858336851000786,
            -0.035055339336395264
        ],
        [
            0.06041581183671951,
            0.051840007305145264,
            -0.054792966693639755
        ],
        [
            0.08857361972332001,
            0.11684200167655945,
            -0.05743386968970299
        ],
        [
            0.08239743113517761,
            0.10646472871303558,
            -0.0585346557199955
        ],
        [
            0.08508960157632828,
            0.10388737916946411,
            -0.054062314331531525
        ],
        [
            0.08832155168056488,
            0.11482489109039307,
            -0.053427256643772125
        ],
        [
            0.08064337074756622,
            0.09927567839622498,
            -0.05746445059776306
        ],
        [
            0.08331465721130371,
            0.10634929686784744,
            -0.06424227356910706
        ],
        [
            0.09719845652580261,
            0.022133570164442062,
            -0.04239857196807861
        ],
        [
            0.08181503415107727,
            0.07399573177099228,
            -0.052335288375616074
        ],
        [
            0.1061994805932045,
            0.01066436618566513,
            -0.033455874770879745
        ],
        [
            0.11087344586849213,
            0.03257199004292488,
            -0.04880045726895332
        ],
        [
            0.11897659301757812,
            0.025582078844308853,
            -0.04063105583190918
        ],
        [
            0.11687561124563217,
            -0.0005243942141532898,
            -0.023705020546913147
        ],
        [
            0.12579995393753052,
            0.01419546827673912,
            -0.030626527965068817
        ],
        [
            0.11145581305027008,
            -0.015482403337955475,
            -0.012169327586889267
        ],
        [
            0.11232730746269226,
            -0.008268862962722778,
            -0.017938487231731415
        ],
        [
            0.13257750868797302,
            0.0320565328001976,
            -0.033188097178936005
        ],
        [
