{
    "pred_cam": [
        9.088685989379883,
        -0.09478685259819031,
        -0.07023496180772781
    ],
    "pred_mano_params": {
        "global_orient": [
            [
                [
                    0.32609298825263977,
                    -0.529685378074646,
                    0.7830049395561218
                ],
                [
                    -0.6550583243370056,
                    -0.7237990498542786,
                    -0.2168259620666504
                ],
                [
                    0.6815877556800842,
                    -0.44220852851867676,
                    -0.5830006003379822
                ]
            ]
        ],
        "hand_pose": [
            [
                [
                    0.5860261917114258,
                    -0.7526040077209473,
                    -0.30026766657829285
                ],
                [
                    0.7498592734336853,
                    0.6441345810890198,
                    -0.15100236237049103
                ],
                [
                    0.30705776810646057,
                    -0.1366671621799469,
                    0.9418268203735352
                ]
            ],
            [
                [
                    0.8629465699195862,
                    -0.3943970501422882,
                    0.3158707320690155
                ],
                [
                    0.4507300853729248,
                    0.8833793997764587,
                    -0.1283871829509735
                ],
                [
                    -0.2283981740474701,
                    0.2531636953353882,
                    0.9400758147239685
                ]
            ],
            [
                [
                    0.6672043800354004,
                    -0.7311912775039673,
                    0.14211861789226532
                ],
                [
                    0.7394981384277344,
                    0.6273371577262878,
                    -0.24411223828792572
                ],
                [
                    0.08933646231889725,
                    0.26796916127204895,
                    0.9592766761779785
                ]
            ],
            [
                [
                    0.6577169299125671,
                    -0.7357326149940491,
                    -0.1615736037492752
                ],
                [
                    0.7478883266448975,
                    0.66340571641922,
                    0.023577991873025894
                ],
                [
                    0.08984176069498062,
                    -0.13634665310382843,
                    0.9865790009498596
                ]
            ],
            [
                [
                    0.7754859924316406,
                    -0.6250803470611572,
                    -0.08885961025953293
                ],
                [
                    0.6150513291358948,
                    0.7161422967910767,
                    0.3299274444580078
                ],
                [
                    -0.14259503781795502,
                    -0.31050732731819153,
                    0.9398148059844971
                ]
            ],
            [
                [
                    0.6819352507591248,
                    -0.6311516165733337,
                    -0.36961081624031067
                ],
                [
                    0.7072148323059082,
                    0.6978967189788818,
                    0.1130812019109726
                ],
                [
                    0.18657882511615753,
                    -0.338508278131485,
                    0.9222801327705383
                ]
            ],
            [
                [
                    0.54338538646698,
                    -0.7057748436927795,
                    0.4545483887195587
                ],
                [
                    0.5938266515731812,
                    0.7058821320533752,
                    0.38613513112068176
                ],
                [
                    -0.5933820009231567,
                    0.060102760791778564,
                    0.8026739358901978
                ]
            ],
            [
                [
                    0.8512536287307739,
                    -0.49705010652542114,
                    -0.16825097799301147
                ],
                [
                    0.522779643535614,
                    0.7754871845245361,
                    0.35400718450546265
                ],
                [
                    -0.04548284783959389,
                    -0.3893080949783325,
                    0.9199839234352112
                ]
            ],
            [
                [
                    0.7478418946266174,
                    -0.6632516980171204,
                    0.028803715482354164
                ],
                [
                    0.616759717464447,
                    0.7101650834083557,
                    0.33951884508132935
                ],
                [
                    -0.245641827583313,
                    -0.23614145815372467,
                    0.9401581287384033
                ]
            ],
            [
                [
                    0.6671034693717957,
                    -0.740185022354126,
                    0.08425702154636383
                ],
                [
                    0.7414539456367493,
                    0.6706670522689819,
                    0.021258149296045303
                ],
                [
                    -0.0722433552145958,
                    0.04829131066799164,
                    0.9962174296379089
                ]
            ],
            [
                [
                    0.7968952655792236,
                    -0.5972557067871094,
                    -0.0907946527004242
                ],
                [
                    0.5568487048149109,
                    0.6679200530052185,
                    0.4937635064125061
                ],
                [
                    -0.2342594563961029,
                    -0.44403666257858276,
                    0.8648434281349182
                ]
            ],
            [
                [
                    0.6595069169998169,
                    -0.4885580837726593,
                    -0.5712806582450867
                ],
                [
                    0.7160356044769287,
                    0.639613151550293,
                    0.2796213626861572
                ],
                [
                    0.22878727316856384,
                    -0.593469500541687,
                    0.7716543078422546
                ]
            ],
            [
                [
                    0.9739729762077332,
                    -0.22382265329360962,
                    0.035776831209659576
                ],
                [
                    0.1145823672413826,
                    0.34999972581863403,
                    -0.9297155737876892
                ],
                [
                    0.19556951522827148,
                    0.9096173048019409,
                    0.366536408662796
                ]
            ],
            [
                [
                    0.912286102771759,
                    -0.38494715094566345,
                    -0.13982032239437103
                ],
                [
                    0.3893590271472931,
                    0.7093143463134766,
                    0.5875991582870483
                ],
                [
                    -0.1270180642604828,
                    -0.5904988646507263,
                    0.7969802618026733
                ]
            ],
            [
                [
                    0.906184732913971,
                    0.42264416813850403,
                    0.014182721264660358
                ],
                [
                    -0.42026349902153015,
                    0.8963401317596436,
                    0.14125540852546692
                ],
                [
                    0.046988241374492645,
                    -0.13396397233009338,
                    0.9898716807365417
                ]
            ]
        ],
        "betas": [
            -0.0042863935232162476,
            -0.07094573974609375,
            -0.11567294597625732,
            0.012641221284866333,
            0.07043707370758057,
            0.001721203327178955,
            0.050554752349853516,
            -0.00695684552192688,
            -0.01589253544807434,
            -0.03504076600074768
        ]
    },
    "pred_cam_t": [
        -0.09478685259819031,
        -0.07023496180772781,
        4.29792594909668
    ],
    "focal_length": [
        5000.0,
        5000.0
    ],
    "pred_keypoints_3d": [
        [
            0.09584671258926392,
            0.006397201679646969,
            0.006203721277415752
        ],
        [
            0.11635996401309967,
            0.027798708528280258,
            -0.018435873091220856
        ],
        [
            0.12739136815071106,
            0.05609912425279617,
            -0.023720523342490196
        ],
        [
            0.13122440874576569,
            0.08282074332237244,
            -0.026598073542118073
        ],
        [
            0.13614460825920105,
            0.1110677570104599,
            -0.0492020919919014
        ],
        [
            0.08595595508813858,
            0.06350116431713104,
            -0.06363037973642349
        ],
        [
            0.08362231403589249,
            0.09650447964668274,
            -0.06438248604536057
        ],
        [
            0.0940593034029007,
            0.11490941047668457,
            -0.05745496600866318
        ],
        [
            0.10813033580780029,
            0.12208827584981918,
            -0.03758326917886734
        ],
        [
            0.0630815178155899,
            0.0703103169798851,
            -0.05573105812072754
        ],
        [
            0.061336979269981384,
            0.1020047590136528,
            -0.055184394121170044
        ],
        [
            0.07456324249505997,
            0.11800365149974823,
            -0.04455294460058212
        ],
        [
            0.09184020757675171,
            0.12022949010133743,
            -0.025539182126522064
        ],
        [
            0.05039472505450249,
            0.06865890324115753,
            -0.03231284022331238
        ],
        [
            0.05173512175679207,
            0.09727470576763153,
            -0.036130353808403015
        ],
        [
            0.06552236527204514,
            0.11393819004297256,
            -0.023895952850580215
        ],
        [
            0.07920155674219131,
            0.1138632595539093,
            -0.0016865022480487823
        ],
        [
            0.04485804960131645,
            0.06809849292039871,
            -0.011253354139626026
        ],
        [
            0.047915268689394,
            0.08870086073875427,
            -0.014951350167393684
        ],
        [
            0.056916069239377975,
            0.10340873897075653,
            -0.006953406147658825
        ],
        [
            0.06933774054050446,
            0.10655540972948074,
            0.005784488283097744
        ]
    ],
    "pred_vertices": [
        [
            0.10127763450145721,
            0.04859793558716774,
            -0.02933303266763687
        ],
        [
            0.10440272092819214,
            0.04274953529238701,
            -0.020729415118694305
        ],
        [
            0.10858117043972015,
            0.050099872052669525,
            -0.023419346660375595
        ],
        [
            0.10625303536653519,
            0.05399743467569351,
            -0.034144870936870575
        ],
        [
            0.11850020289421082,
            0.04176099970936775,
            -0.0042341239750385284
        ],
        [
            0.12906326353549957,
            0.035955704748630524,
            -0.004609484225511551
        ],
        [
            0.13193653523921967,
            0.0510140135884285,
            -0.009699728339910507
        ],
        [
            0.12268554419279099,
            0.05398683249950409,
            -0.006884429603815079
        ],
        [
            0.10958193242549896,
            0.058095887303352356,
            -0.037721507251262665
        ],
        [
            0.11214185506105423,
            0.05656474828720093,
            -0.02511255443096161
        ],
        [
            0.11134672164916992,
            0.05844398960471153,
            -0.03812579810619354
        ],
        [
            0.10528869181871414,
            0.053369440138339996,
            -0.05464363098144531
        ],
        [
            0.1052849143743515,
            0.05671609193086624,
            -0.04990096390247345
        ],
        [
            0.09956365823745728,
            0.05353917181491852,
            -0.0628703236579895
        ],
        [
            0.10400620102882385,
            0.04285981506109238,
            -0.05585333704948425
        ],
        [
            0.09222476184368134,
            0.04791097342967987,
            -0.06596022099256516
        ],
        [
            0.0791347324848175,
            0.028991010040044785,
            -0.04543653130531311
        ],
        [
            0.0695103257894516,
            0.028554704040288925,
            -0.03555488586425781
        ],
        [
            0.06220204755663872,
            0.04064752161502838,
            -0.04603123664855957
        ],
        [
            0.07306909561157227,
            0.04047238081693649,
            -0.05463193729519844
        ],
        [
            0.054041747003793716,
            0.040063124150037766,
            -0.02671113610267639
        ],
        [
            0.058115921914577484,
            0.04093370959162712,
            -0.037836622446775436
        ],
        [
            0.06459666788578033,
            0.02798520028591156,
            -0.027993157505989075
        ],
        [
            0.06076085567474365,
            0.02798253297805786,
            -0.018479852005839348
        ],
        [
            0.09208963066339493,
            0.04314301162958145,
            -0.017364542931318283
        ],
        [
            0.09568840265274048,
            0.03687997907400131,
            -0.009771030396223068
        ],
        [
            0.09871083498001099,
            0.03760025277733803,
            -0.015112899243831635
        ],
        [
            0.09562660753726959,
            0.04392694681882858,
            -0.02181224524974823
        ],
        [
            0.12158793210983276,
            0.062107354402542114,
            -0.03518078103661537
        ],
        [
            0.11908387392759323,
            0.046950068324804306,
            -0.042783237993717194
        ],
        [
            0.11388935148715973,
            0.05271729826927185,
            -0.04277414456009865
        ],
        [
            0.11884086579084396,
            0.06493978202342987,
            -0.03114013932645321
        ],
        [
            0.10156027972698212,
            0.026842519640922546,
            0.017620626837015152
        ],
        [
            0.10410809516906738,
            0.014201745390892029,
            0.021740857511758804
        ],
        [
            0.10808195173740387,
            0.012895610183477402,
            0.01750219613313675
        ],
        [
            0.10457770526409149,
            0.02436785027384758,
            0.014208879321813583
        ],
        [
            0.12263059616088867,
            0.017783500254154205,
            0.002588726580142975
        ],
        [
            0.12093740701675415,
            0.008307058364152908,
            0.005498133599758148
        ],
        [
            0.12542414665222168,
            -0.0023449286818504333,
            -0.0006198510527610779
        ],
        [
            0.12756529450416565,
            0.006238527595996857,
            -0.006385400891304016
        ],
        [
            0.12566938996315002,
            0.02709917351603508,
            -0.001388542354106903
        ],
        [
            0.13199482858181,
            0.018221374601125717,
            -0.008876856416463852
        ],
        [
            0.13513772189617157,
            0.029882237315177917,
            -0.011895928531885147
        ],
        [
            0.13714589178562164,
            0.04760287329554558,
            -0.016355030238628387
        ],
        [
            0.09375341236591339,
            0.014616347849369049,
            0.029290929436683655
        ],
        [
            0.09071826934814453,
            0.02425457164645195,
            0.02770622819662094
        ],
        [
            0.09474349021911621,
            0.09636237472295761,
            -0.05995945259928703
        ],
        [
            0.09160653501749039,
            0.09773284941911697,
            -0.055187471210956573
        ],
        [
            0.09162504971027374,
            0.09359077364206314,
            -0.05547846853733063
        ],
        [
            0.09448999166488647,
            0.09339996427297592,
            -0.06059671938419342
        ],
        [
            0.07411429286003113,
            0.011511504650115967,
            0.02571360021829605
        ],
        [
            0.06910809129476547,
            0.005105786025524139,
            0.019783705472946167
        ],
        [
            0.07189945131540298,
            0.0011681392788887024,
            0.025262929499149323
        ],
        [
            0.07811963558197021,
            0.00654061883687973,
            0.0298052579164505
        ],
        [
            0.06890516728162766,
            0.018095538020133972,
            0.020275596529245377
        ],
        [
            0.06590412557125092,
            0.010918214917182922,
            0.012124501168727875
        ],
        [
            0.08932838588953018,
            0.10155270993709564,
            -0.07055920362472534
        ],
        [
            0.09349513798952103,
            0.09940582513809204,
            -0.0683746486902237
        ],
        [
            0.09133628755807877,
            0.09554993361234665,
            -0.07008252292871475
        ],
        [
            0.08662162721157074,
            0.09666554629802704,
            -0.07119221240282059
        ],
        [
            0.10321294516324997,
            0.05671565234661102,
            -0.04380858689546585
        ],
        [
            0.09849409759044647,
            0.054461490362882614,
            -0.03643316030502319
        ],
        [
            0.09514705091714859,
            0.0648116022348404,
            -0.05499590188264847
        ],
        [
            0.0948619544506073,
            0.060952797532081604,
            -0.04799087345600128
        ],
        [
            0.09987621754407883,
            0.058919839560985565,
            -0.05241052061319351
        ],
        [
            0.09874393045902252,
            0.061947885900735855,
            -0.05850264057517052
        ],
        [
            0.08021775633096695,
            0.058078885078430176,
            -0.029588928446173668
        ],
        [
            0.08494102954864502,
            0.05010821670293808,
            -0.02245994284749031
        ],
        [
            0.08862097561359406,
            0.050998419523239136,
            -0.027958784252405167
        ],
        [
            0.08507444709539413,
            0.05997853726148605,
            -0.036468505859375
        ],
        [
            0.07748287916183472,
            0.05200470983982086,
            -0.010556500405073166
        ],
        [
            0.07316292822360992,
            0.05934572219848633,
            -0.018759841099381447
        ],
        [
            0.06937916576862335,
            0.05949851870536804,
            -0.011049430817365646
        ],
        [
            0.07370544224977493,
            0.054982978850603104,
            -0.0061427392065525055
        ],
        [
            0.0678868368268013,
            0.07038972526788712,
            -0.03511051461100578
        ],
        [
            0.06562336534261703,
            0.07388470321893692,
            -0.03955390304327011
        ],
        [
            0.06385066360235214,
            0.07565714418888092,
            -0.03675609827041626
        ],
        [
            0.0659569799900055,
            0.07039007544517517,
            -0.0319577194750309
        ],
        [
            0.07440605759620667,
            -0.00360841304063797,
            0.029902655631303787
        ],
        [
            0.0823000818490982,
            0.0013975277543067932,
            0.03289507329463959
        ],
        [
            0.046957798302173615,
            0.04260217770934105,
            -0.0061930399388074875
        ],
        [
            0.0497339591383934,
            0.04464152082800865,
            0.004491908475756645
        ],
        [
            0.04252321273088455,
            0.0549401193857193,
            -0.0011062584817409515
        ],
        [
            0.04095855727791786,
            0.04975708946585655,
            -0.011511508375406265
        ],
        [
            0.06900137662887573,
            0.0003583356738090515,
            0.010576587170362473
        ],
        [
            0.06970924139022827,
            -0.004095524549484253,
            0.017009656876325607
        ],
        [
            0.08393168449401855,
            0.10383939743041992,
            -0.06902649998664856
        ],
        [
            0.08147066831588745,
            0.09815813601016998,
            -0.06876268982887268
        ],
        [
            0.13335710763931274,
            0.021309170871973038,
            -0.022498544305562973
        ],
        [
            0.1374201774597168,
            0.04364534094929695,
            -0.025390353053808212
        ],
        [
            0.12797494232654572,
            0.006460539996623993,
            -0.017567265778779984
        ],
        [
            0.12285129725933075,
            -0.0028796494007110596,
            -0.01312345266342163
        ],
        [
            0.12121815979480743,
            -0.010629631578922272,
            -0.008309245109558105
        ],
        [
            0.08925636112689972,
            0.06387149542570114,
            -0.04649905860424042
        ],
        [
            0.0943666324019432,
            0.05001790449023247,
            -0.029353614896535873
        ],
        [
            0.08910835534334183,
            0.04320511221885681,
            -0.01309715211391449
        ],
        [
            0.07165917754173279,
            0.051753971725702286,
            0.010908037424087524
        ],
        [
            0.07669588923454285,
            0.044971685856580734,
            0.01723046973347664
        ],
        [
            0.08210772275924683,
            0.046882838010787964,
            0.008189160376787186
        ],
        [
            0.07620391994714737,
            0.05199897289276123,
            0.004247937351465225
        ],
        [
            0.05467020720243454,
            0.05123814195394516,
            0.009978355839848518
        ],
        [
            0.060828156769275665,
            0.05627257376909256,
            0.008375350385904312
        ],
        [
            0.055871136486530304,
            0.06188769266009331,
            0.0033445097506046295
        ],
        [
            0.04872589558362961,
            0.058720462024211884,
            0.004320139065384865
        ],
        [
            0.12858133018016815,
            0.060436543077230453,
            -0.03729522228240967
        ],
        [
            0.12514474987983704,
            0.04260576143860817,
            -0.04149578511714935
        ],
        [
            0.08195903897285461,
            0.017743747681379318,
            0.029131688177585602
        ],
        [
            0.08669482171535492,
            0.011815063655376434,
            0.031049009412527084
        ],
        [
            0.08947908133268356,
            0.004211485385894775,
            0.03368092328310013
        ],
        [
            0.0998668223619461,
            0.03175448998808861,
            0.00309198722243309
        ],
        [
            0.10672109574079514,
            0.022659387439489365,
            0.011785894632339478
        ],
        [
            0.10935550928115845,
            0.02257930487394333,
            0.008205253630876541
        ],
        [
            0.10087202489376068,
            0.030632082372903824,
            -0.0005712136626243591
        ],
        [
            0.10714118927717209,
            0.037483688443899155,
            -0.009992003440856934
        ],
        [
            0.11440309882164001,
            0.03131911903619766,
            -0.0010567978024482727
        ],
        [
            0.11036793887615204,
            0.047015439718961716,
            -0.011190105229616165
        ],
        [
            0.1140013188123703,
            0.009828481823205948,
            0.01267864927649498
        ],
        [
            0.11167766898870468,
            0.00438990443944931,
            0.022090613842010498
        ],
        [
            0.11740197241306305,
            0.001623205840587616,
            0.01583501696586609
        ],
        [
            0.10401533544063568,
            0.005407586693763733,
            0.028112143278121948
        ],
        [
            0.0962643027305603,
            0.005587548017501831,
            0.03247474879026413
        ],
        [
            0.0694669634103775,
            -0.011041492223739624,
            0.02198096737265587
        ],
        [
            0.12145902216434479,
            -0.001007772982120514,
            0.009066060185432434
        ],
        [
            0.1263933926820755,
            0.06236167624592781,
            -0.010831713676452637
        ],
        [
            0.12971597909927368,
            0.07007107883691788,
            -0.014271987602114677
        ],
        [
            0.12274731695652008,
            0.07022172212600708,
            -0.016501901671290398
        ],
        [
            0.11906620860099792,
            0.0631084144115448,
            -0.014171469956636429
        ],
        [
            0.0943077951669693,
            0.05833090841770172,
            -0.06890913844108582
        ],
        [
            0.09874776005744934,
            0.06086721643805504,
            -0.06376943737268448
        ],
        [
            0.10259205847978592,
            0.05624530836939812,
            -0.0575791671872139
        ],
        [
            0.09397736191749573,
            0.035392578691244125,
            0.015300404280424118
        ],
        [
            0.08523648977279663,
            0.0329156368970871,
            0.02404322847723961
        ],
        [
            0.08979568630456924,
            0.0675887018442154,
            -0.053151100873947144
        ],
        [
            0.08484959602355957,
            0.09196700900793076,
            -0.07225136458873749
        ],
        [
            0.09047342836856842,
            0.09104588627815247,
            -0.07089938223361969
        ],
        [
            0.0922098308801651,
            0.07191665470600128,
            -0.07148067653179169
        ],
        [
            0.0854928120970726,
            0.07278767973184586,
            -0.07348065078258514
        ],
        [
            0.08165418356657028,
            0.07193595170974731,
            -0.055356040596961975
        ],
        [
            0.08860498666763306,
            0.06982781738042831,
            -0.05371565744280815
        ],
        [
            0.08730338513851166,
            0.07138163596391678,
            -0.05362723022699356
        ],
        [
            0.0813230499625206,
            0.07431191205978394,
            -0.0529346838593483
        ],
        [
            0.060572296380996704,
            0.07426182180643082,
            -0.028166044503450394
        ],
        [
            0.0626792162656784,
            0.0696677416563034,
            -0.023932509124279022
        ],
        [
            0.06878971308469772,
            0.054554134607315063,
            -0.06105389446020126
        ],
        [
            0.0772402435541153,
            0.05030218884348869,
            -0.07038794457912445
        ],
        [
            0.08299966156482697,
            0.04146585240960121,
            -0.06256508082151413
        ],
        [
            0.07635583728551865,
            0.05796263366937637,
            -0.023195859044790268
        ],
        [
            0.0716237723827362,
            0.06516624987125397,
            -0.0290032010525465
        ],
        [
            0.0692034661769867,
            0.06531951576471329,
            -0.0256308875977993
        ],
        [
            0.08522001653909683,
            0.06637126207351685,
            -0.04678530991077423
        ],
        [
            0.08394306153059006,
            0.0695914775133133,
            -0.0518684983253479
        ],
        [
            0.08053112030029297,
            0.06921976804733276,
            -0.04852841794490814
        ],
        [
            0.08191235363483429,
            0.06576193124055862,
            -0.04251588508486748
        ],
        [
            0.05586088076233864,
            0.034293584525585175,
            0.01037384569644928
        ],
        [
            0.061291664838790894,
            0.04224241524934769,
            0.016972914338111877
        ],
        [
            0.09549580514431,
            0.09723909199237823,
            -0.0646810382604599
        ],
        [
            0.09430790692567825,
            0.09414264559745789,
            -0.06601816415786743
        ],
        [
            0.0811067670583725,
            0.05017206817865372,
            -0.016322296112775803
        ],
        [
            0.08908379822969437,
            0.032306019216775894,
            -0.052012939006090164
        ],
        [
            0.08615003526210785,
            0.04366356134414673,
            -0.008433353155851364
        ],
        [
            0.04545275866985321,
            0.060670774430036545,
            -0.026934441179037094
        ],
        [
            0.047719694674015045,
            0.0669877752661705,
            -0.02198435738682747
        ],
        [
            0.04820169508457184,
            0.07194340229034424,
            -0.0246962271630764
        ],
        [
            0.045350633561611176,
            0.06936011463403702,
            -0.02945418655872345
        ],
        [
            0.08028747886419296,
            0.09000173211097717,
            -0.053034309297800064
        ],
        [
            0.08600298315286636,
            0.08990795910358429,
            -0.05216978117823601
        ],
        [
            0.08637173473834991,
            0.09470140933990479,
            -0.05229438096284866
        ],
        [
            0.0807608813047409,
            0.09630290418863297,
            -0.05335830897092819
        ],
        [
            0.09383682906627655,
            0.06815499067306519,
            -0.055947158485651016
        ],
        [
            0.09756837785243988,
            0.06641464680433273,
            -0.06049354746937752
        ],
        [
            0.09630461037158966,
            0.07131800800561905,
            -0.060138802975416183
        ],
        [
            0.09198106825351715,
            0.07178065925836563,
            -0.05594003573060036
        ],
        [
            0.09693960845470428,
            0.06556745618581772,
            -0.06616010516881943
        ],
        [
            0.09603040665388107,
            0.07112880051136017,
            -0.06644823402166367
        ],
        [
            0.07579169422388077,
            0.09091557562351227,
            -0.05759506672620773
        ],
        [
            0.07534148544073105,
            0.09203223884105682,
            -0.06495976448059082
        ],
        [
            0.0742199718952179,
            0.0741962343454361,
            -0.06521844863891602
        ],
        [
            0.07581806182861328,
            0.07643988728523254,
            -0.057673994451761246
        ],
        [
            0.06612331420183182,
            0.015643954277038574,
            -0.011281441897153854
        ],
        [
            0.06176505237817764,
            0.01801884174346924,
            -0.001295197755098343
        ],
        [
            0.05610859394073486,
            0.030287183821201324,
            -0.008242782205343246
        ],
        [
            0.04918673634529114,
            0.041815899312496185,
            -0.015230510383844376
        ],
        [
            0.04410355165600777,
            0.053030647337436676,
            -0.02233976311981678
        ],
        [
            0.04737921804189682,
            0.04982037842273712,
            -0.03367073833942413
        ],
        [
            0.05415189266204834,
            0.031187646090984344,
            -0.00030592456459999084
        ],
        [
            0.07353653013706207,
            0.06800749897956848,
            -0.05879789963364601
        ],
        [
            0.07335834950208664,
            0.06292026489973068,
            -0.0648755356669426
        ],
        [
            0.07013923674821854,
            0.06275833398103714,
            -0.06123427301645279
        ],
        [
            0.08285126090049744,
            0.04602430388331413,
            -0.0021567270159721375
        ],
        [
            0.0941702201962471,
            0.09019889682531357,
            -0.0669829323887825
        ],
        [
            0.10061131417751312,
            -0.011595457792282104,
            -0.016074959188699722
        ],
        [
            0.08831173926591873,
            -0.012003108859062195,
            -0.010049931704998016
        ],
        [
            0.08798223733901978,
            -0.005345739424228668,
            -0.015890806913375854
        ],
        [
            0.10248445719480515,
            -0.00396343320608139,
            -0.02239622175693512
        ],
        [
            0.09209315478801727,
            0.08956801891326904,
            -0.055391255766153336
        ],
        [
            0.09541255980730057,
            0.08957318216562271,
            -0.06072579324245453
        ],
        [
            0.0585809201002121,
            0.07145169377326965,
            -0.018963944166898727
        ],
        [
            0.05694979801774025,
            0.07509531080722809,
            -0.023736391216516495
        ],
        [
            0.05332700163125992,
            0.07552263885736465,
            -0.02286660298705101
        ],
        [
            0.054299503564834595,
            0.07438094913959503,
            -0.016698092222213745
        ],
        [
            0.06082560867071152,
            0.018597785383462906,
            0.004575654864311218
        ],
        [
            0.04083505645394325,
            0.06384887546300888,
            -0.004257062450051308
        ],
        [
            0.03897096961736679,
            0.058311618864536285,
            -0.013539701700210571
        ],
        [
            0.06679120659828186,
            0.007234446704387665,
            0.004330206662416458
        ],
        [
            0.0701666995882988,
            0.0046647340059280396,
            -0.004483230412006378
        ],
        [
            0.07270842790603638,
            -0.0031067058444023132,
            0.0008699484169483185
        ],
        [
            0.05403023958206177,
            0.05534626543521881,
            -0.04627200961112976
        ],
        [
            0.06930697709321976,
            0.0160389244556427,
            -0.01935741677880287
        ],
        [
            0.07374566793441772,
            0.004752159118652344,
            -0.011266686022281647
        ],
        [
            0.07694508135318756,
            -0.004535555839538574,
            -0.005179207772016525
        ],
        [
            0.07835358381271362,
            -0.011383056640625,
            -0.0005892440676689148
        ],
        [
            0.07365076243877411,
            -0.009045220911502838,
            0.005630433559417725
        ],
        [
            0.07926218956708908,
            0.09246723353862762,
            -0.06936134397983551
        ],
        [
            0.07660643756389618,
            0.0991593450307846,
            -0.06421955674886703
        ],
        [
            0.07336891442537308,
            -0.016700319945812225,
            0.010576501488685608
        ],
        [
            0.07919660955667496,
            -0.018656820058822632,
            0.0036247149109840393
        ],
        [
            0.07928642630577087,
            0.004710301756858826,
            -0.018647439777851105
        ],
        [
            0.08758234977722168,
            0.005748942494392395,
            -0.02711350843310356
        ],
        [
            0.0748957097530365,
            0.0157896988093853,
            -0.026079121977090836
        ],
        [
            0.08237089961767197,
            0.017467252910137177,
            -0.03505020588636398
        ],
        [
            0.05753033980727196,
            0.04959210008382797,
            -0.05499713867902756
        ],
        [
            0.0847359225153923,
            0.11556397378444672,
            -0.057681500911712646
        ],
        [
            0.07858274132013321,
            0.10514334589242935,
            -0.058635104447603226
        ],
        [
            0.08145315945148468,
            0.10256029665470123,
            -0.05426836013793945
        ],
        [
            0.08464901149272919,
            0.11353875696659088,
            -0.05366173014044762
        ],
        [
            0.07690982520580292,
            0.09795012325048447,
            -0.0575970821082592
        ],
        [
            0.07932206243276596,
            0.10509423911571503,
            -0.06439114362001419
        ],
        [
            0.09577499330043793,
            0.0214005708694458,
            -0.04270702227950096
        ],
        [
            0.07843593508005142,
            0.07233363389968872,
            -0.0531044602394104
        ],
        [
            0.10531338304281235,
            0.010380085557699203,
            -0.03375544399023056
        ],
        [
            0.10899601131677628,
            0.032228752970695496,
            -0.04954584687948227
        ],
        [
            0.11746548116207123,
            0.02560017630457878,
            -0.04145021364092827
        ],
        [
            0.11656150966882706,
            -0.0003046393394470215,
            -0.024060681462287903
        ],
        [
            0.1248207837343216,
            0.01454148069024086,
            -0.031459517776966095
        ],
        [
            0.11199792474508286,
            -0.015199802815914154,
            -0.012118060141801834
        ],
        [
            0.11245954781770706,
            -0.0080752894282341,
            -0.018042515963315964
        ],
        [
            0.1310766339302063,
            0.03254661709070206,
            -0.034509167075157166
        ],
        [
            0.09692655503749847,
