{
    "pred_cam": [
        7.869804382324219,
        -0.08707647025585175,
        -0.07298105955123901
    ],
    "pred_mano_params": {
        "global_orient": [
            [
                [
                    0.39297735691070557,
                    -0.5420821905136108,
                    0.7427756190299988
                ],
                [
                    -0.6582862138748169,
                    -0.729841411113739,
                    -0.1843658685684204
                ],
                [
                    0.6420499086380005,
                    -0.4165073037147522,
                    -0.6436563730239868
                ]
            ]
        ],
        "hand_pose": [
            [
                [
                    0.6161492466926575,
                    -0.7290796637535095,
                    -0.2979983389377594
                ],
                [
                    0.7242764234542847,
                    0.6731383204460144,
                    -0.14936023950576782
                ],
                [
                    0.3094896078109741,
                    -0.1238049790263176,
                    0.9428088665008545
                ]
            ],
            [
                [
                    0.8539775013923645,
                    -0.4156460762023926,
                    0.31298691034317017
                ],
                [
                    0.47325414419174194,
                    0.8704785108566284,
                    -0.1352689266204834
                ],
                [
                    -0.21622438728809357,
                    0.263638973236084,
                    0.9400752782821655
                ]
            ],
            [
                [
                    0.6764613389968872,
                    -0.7273514270782471,
                    0.11558546870946884
                ],
                [
                    0.7299808859825134,
                    0.6413834095001221,
                    -0.23612554371356964
                ],
                [
                    0.09761165082454681,
                    0.24410496652126312,
                    0.9648237228393555
                ]
            ],
            [
                [
                    0.6822719573974609,
                    -0.7141710519790649,
                    -0.15641210973262787
                ],
                [
                    0.7244331240653992,
                    0.689221978187561,
                    0.013030055910348892
                ],
                [
                    0.09849695861339569,
                    -0.122200146317482,
                    0.9876059889793396
                ]
            ],
            [
                [
                    0.754192590713501,
                    -0.6461478471755981,
                    -0.1169893741607666
                ],
                [
                    0.6444318890571594,
                    0.6941017508506775,
                    0.32082757353782654
                ],
                [
                    -0.12609951198101044,
                    -0.31735745072364807,
                    0.9398846626281738
                ]
            ],
            [
                [
                    0.7327407002449036,
                    -0.6096588373184204,
                    -0.30233627557754517
                ],
                [
                    0.6618762016296387,
                    0.7417300343513489,
                    0.1084265410900116
                ],
                [
                    0.15814873576164246,
                    -0.2795577049255371,
                    0.9470144510269165
                ]
            ],
            [
                [
                    0.5340719819068909,
                    -0.713134229183197,
                    0.4540999233722687
                ],
                [
                    0.5918540954589844,
                    0.6989198327064514,
                    0.4015218913555145
                ],
                [
                    -0.6037184596061707,
                    0.05431930720806122,
                    0.7953449487686157
                ]
            ],
            [
                [
                    0.8578576445579529,
                    -0.48291313648223877,
                    -0.17571303248405457
                ],
                [
                    0.513072669506073,
                    0.7856276631355286,
                    0.3457537591457367
                ],
                [
                    -0.02892402745783329,
                    -0.3867610991001129,
                    0.9217262268066406
                ]
            ],
            [
                [
                    0.7494654059410095,
                    -0.6583951711654663,
                    0.0694069042801857
                ],
                [
                    0.6108342409133911,
                    0.7281129360198975,
                    0.3110193610191345
                ],
                [
                    -0.25530973076820374,
                    -0.1907021552324295,
                    0.9478657841682434
                ]
            ],
            [
                [
                    0.7046611309051514,
                    -0.7048518061637878,
                    0.08146507292985916
                ],
                [
                    0.7057412266731262,
                    0.7081206440925598,
                    0.02223837375640869
                ],
                [
                    -0.0733618512749672,
                    0.04182273894548416,
                    0.9964280724525452
                ]
            ],
            [
                [
                    0.7716898918151855,
                    -0.6253300309181213,
                    -0.11600501835346222
                ],
                [
                    0.5970211625099182,
                    0.6493719220161438,
                    0.4710433781147003
                ],
                [
                    -0.2192271500825882,
                    -0.43275681138038635,
                    0.8744490146636963
                ]
            ],
            [
                [
                    0.6975024938583374,
                    -0.5337397456169128,
                    -0.47813424468040466
                ],
                [
                    0.690325915813446,
                    0.6794573068618774,
                    0.2485717535018921
                ],
                [
                    0.1921992152929306,
                    -0.5034478306770325,
                    0.8423775434494019
                ]
            ],
            [
                [
                    0.9747248888015747,
                    -0.22284863889217377,
                    0.015809042379260063
                ],
                [
                    0.09259936958551407,
                    0.33859702944755554,
                    -0.9363639950752258
                ],
                [
                    0.20331454277038574,
                    0.9141611456871033,
                    0.3506745994091034
                ]
            ],
            [
                [
                    0.9194648861885071,
                    -0.3593612015247345,
                    -0.15951138734817505
                ],
                [
                    0.3784887492656708,
                    0.6991715431213379,
                    0.6065520644187927
                ],
                [
                    -0.10644545406103134,
                    -0.6180765628814697,
                    0.778877854347229
                ]
            ],
            [
                [
                    0.9193494319915771,
                    0.389886736869812,
                    0.052773598581552505
                ],
                [
                    -0.39325788617134094,
                    0.9147207140922546,
                    0.09292134642601013
                ],
                [
                    -0.012044291011989117,
                    -0.10618079453706741,
                    0.9942740201950073
                ]
            ]
        ],
        "betas": [
            -0.022010117769241333,
            -0.045117706060409546,
            -0.09354788064956665,
            0.020266860723495483,
            0.07070997357368469,
            -0.01468200609087944,
            0.03967767953872681,
            0.004722103476524353,
            -0.013815954327583313,
            -0.036156922578811646
        ]
    },
    "pred_cam_t": [
        -0.08707647025585175,
        -0.07298105955123901,
        4.963592052459717
    ],
    "focal_length": [
        5000.0,
        5000.0
    ],
    "pred_keypoints_3d": [
        [
            0.09590135514736176,
            0.006403578445315361,
            0.00619750889018178
        ],
        [
            0.11399867385625839,
            0.028854766860604286,
            -0.019480299204587936
        ],
        [
            0.12317565828561783,
            0.05778958648443222,
            -0.025092922151088715
        ],
        [
            0.12490741908550262,
            0.08466184139251709,
            -0.028669022023677826
        ],
        [
            0.1281675398349762,
            0.1133451759815216,
            -0.05106670409440994
        ],
        [
            0.07935932278633118,
            0.06453557312488556,
            -0.06161493435502052
        ],
        [
            0.07523753494024277,
            0.09736663103103638,
            -0.062469564378261566
        ],
        [
            0.08532045781612396,
            0.11610740423202515,
            -0.05592063069343567
        ],
        [
            0.10000306367874146,
            0.12399260699748993,
            -0.03676803037524223
        ],
        [
            0.05692834034562111,
            0.07055620849132538,
            -0.05188407376408577
        ],
        [
            0.053461141884326935,
            0.10211993753910065,
            -0.05123225226998329
        ],
        [
            0.06663411110639572,
            0.11829305440187454,
            -0.04079098254442215
        ],
        [
            0.085171177983284,
            0.1226176768541336,
            -0.023398883640766144
        ],
        [
            0.04605002701282501,
            0.06812050193548203,
            -0.02757783979177475
        ],
        [
            0.045392002910375595,
            0.09668280184268951,
            -0.03198063001036644
        ],
        [
            0.059241171926259995,
            0.11371119320392609,
            -0.02031991258263588
        ],
        [
            0.07496525347232819,
            0.11579272150993347,
            0.00021494925022125244
        ],
        [
            0.042113058269023895,
            0.06702449917793274,
            -0.0061426120810210705
        ],
        [
            0.04470657557249069,
            0.08774004876613617,
            -0.009624402970075607
        ],
        [
            0.05389993637800217,
            0.10260399430990219,
            -0.0021323617547750473
        ],
        [
            0.06726370006799698,
            0.10632443428039551,
            0.009187046438455582
        ]
    ],
    "pred_vertices": [
        [
            0.09750208258628845,
            0.04936210811138153,
            -0.028823666274547577
        ],
        [
            0.10137197375297546,
            0.04336600750684738,
            -0.020604528486728668
        ],
        [
            0.10492032766342163,
            0.05091650038957596,
            -0.023502863943576813
        ],
        [
            0.1018579751253128,
            0.054974354803562164,
            -0.03391261398792267
        ],
        [
            0.11643137037754059,
            0.042912308126688004,
            -0.005166247487068176
        ],
        [
            0.12715347111225128,
            0.03759234771132469,
            -0.006353240460157394
        ],
        [
            0.1289038211107254,
            0.05293549597263336,
            -0.011488638818264008
        ],
        [
            0.119822196662426,
            0.055528294295072556,
            -0.00801621749997139
        ],
        [
            0.10464560985565186,
            0.05923965945839882,
            -0.03768397122621536
        ],
        [
            0.10801361501216888,
            0.05761977285146713,
            -0.02537842094898224
        ],
        [
            0.10617180168628693,
            0.05958627164363861,
            -0.03825964033603668
        ],
        [
            0.0993598997592926,
            0.05466855317354202,
            -0.0543377622961998
        ],
        [
            0.09968283772468567,
            0.057992931455373764,
            -0.049514222890138626
        ],
        [
            0.09317179024219513,
            0.054878540337085724,
            -0.06208708882331848
        ],
        [
            0.09831945598125458,
            0.044123001396656036,
            -0.05564197897911072
        ],
        [
            0.08582914620637894,
            0.0490509495139122,
            -0.06469342112541199
        ],
        [
            0.07481522113084793,
            0.029450178146362305,
            -0.043676115572452545
        ],
        [
            0.06594130396842957,
            0.02857265993952751,
            -0.03309612721204758
        ],
        [
            0.0576213002204895,
            0.04063379019498825,
            -0.04272083193063736
        ],
        [
            0.06782687455415726,
            0.04092030227184296,
            -0.05213169753551483
        ],
        [
            0.050896354019641876,
            0.03947650268673897,
            -0.0228266641497612
        ],
        [
            0.05412335321307182,
            0.04065030813217163,
            -0.03422084450721741
        ],
        [
            0.061606571078300476,
            0.027727123349905014,
            -0.025187792256474495
        ],
        [
            0.05847471207380295,
            0.027442313730716705,
            -0.015402715653181076
        ],
        [
            0.08943633735179901,
            0.043500836938619614,
            -0.0162799209356308
        ],
        [
            0.09377428144216537,
            0.037168096750974655,
            -0.009090989828109741
        ],
        [
            0.09637120366096497,
            0.038004081696271896,
            -0.014643121510744095
        ],
        [
            0.0926101803779602,
            0.04443266987800598,
            -0.020974427461624146
        ],
        [
            0.11596415191888809,
            0.06342235952615738,
            -0.036200303584337234
        ],
        [
            0.11392126977443695,
            0.048369795083999634,
            -0.04365620017051697
        ],
        [
            0.10853124409914017,
            0.05393451452255249,
            -0.04318540543317795
        ],
        [
            0.1134425550699234,
            0.06615865230560303,
            -0.03192361071705818
        ],
        [
            0.10191851854324341,
            0.02682320773601532,
            0.017614547163248062
        ],
        [
            0.10509707778692245,
            0.01416623592376709,
            0.021276067942380905
        ],
        [
            0.10878942906856537,
            0.013053949922323227,
            0.016725994646549225
        ],
        [
            0.10476113855838776,
            0.024495579302310944,
            0.013937722891569138
        ],
        [
            0.1221316009759903,
            0.0187564454972744,
            0.0009148120880126953
        ],
        [
            0.12090814858675003,
            0.009101901203393936,
            0.003719717264175415
        ],
        [
            0.1251952350139618,
            -0.0013067275285720825,
            -0.0029389485716819763
        ],
        [
            0.12669597566127777,
            0.007533065974712372,
            -0.0086398646235466
        ],
        [
            0.12447622418403625,
            0.028375621885061264,
            -0.0030834227800369263
        ],
        [
            0.13055165112018585,
            0.019844960421323776,
            -0.011181768029928207
        ],
        [
            0.1329352855682373,
            0.03185559809207916,
            -0.014135792851448059
        ],
        [
            0.1336681842803955,
            0.04970667511224747,
            -0.0185847170650959
        ],
        [
            0.09530099481344223,
            0.01414354145526886,
            0.029576536267995834
        ],
        [
            0.09190361201763153,
            0.023736819624900818,
            0.028429783880710602
        ],
        [
            0.08672169595956802,
            0.09764351695775986,
            -0.05866994336247444
        ],
        [
            0.08382097631692886,
            0.0988532155752182,
            -0.053676947951316833
        ],
        [
            0.08403915911912918,
            0.09477321803569794,
            -0.05398416519165039
        ],
        [
            0.08658954501152039,
            0.09471268206834793,
            -0.059279292821884155
        ],
        [
            0.07550999522209167,
            0.01054161787033081,
            0.02739785611629486
        ],
        [
            0.07024157792329788,
            0.00409388542175293,
            0.021707508713006973
        ],
        [
            0.07353720813989639,
            0.00013187527656555176,
            0.026887960731983185
        ],
        [
            0.07993920147418976,
            0.005606241524219513,
            0.031082406640052795
        ],
        [
            0.06974110007286072,
            0.01708284765481949,
            0.022488705813884735
        ],
        [
            0.06632629036903381,
            0.009961292147636414,
            0.014414437115192413
        ],
        [
            0.0803791880607605,
            0.10256308317184448,
            -0.06888101994991302
        ],
        [
            0.08478792011737823,
            0.10062846541404724,
            -0.06698349118232727
        ],
        [
            0.08272024989128113,
            0.09668329358100891,
            -0.0685567557811737
        ],
        [
            0.07786689698696136,
            0.09753589332103729,
            -0.06937161833047867
        ],
        [
            0.09814679622650146,
            0.0578533411026001,
            -0.043252333998680115
        ],
        [
            0.09408504515886307,
            0.05533237010240555,
            -0.03557629883289337
        ],
        [
            0.08911915868520737,
            0.06612608581781387,
            -0.05366788059473038
        ],
        [
            0.08946982026100159,
            0.061979345977306366,
            -0.046707138419151306
        ],
        [
            0.0941942110657692,
            0.060171619057655334,
            -0.05153731629252434
        ],
        [
            0.09252964705228806,
            0.06335682421922684,
            -0.057508476078510284
        ],
        [
            0.07629285752773285,
            0.05833738297224045,
            -0.027305331081151962
        ],
        [
            0.08174528926610947,
            0.05036988854408264,
            -0.020697884261608124
        ],
        [
            0.0849822461605072,
            0.05145607143640518,
            -0.026446912437677383
        ],
        [
            0.08058083802461624,
            0.06050662323832512,
            -0.034496620297431946
        ],
        [
            0.07514362782239914,
            0.05183635652065277,
            -0.008215866982936859
        ],
        [
            0.07002813369035721,
            0.05920186638832092,
            -0.015937400981783867
        ],
        [
            0.06683343648910522,
            0.059108562767505646,
            -0.007948705926537514
        ],
        [
            0.07162491977214813,
            0.054627615958452225,
            -0.0034645982086658478
        ],
        [
            0.06323499232530594,
            0.0704694390296936,
            -0.03166018798947334
        ],
        [
            0.06042195111513138,
            0.07404385507106781,
            -0.035946499556303024
        ],
        [
            0.05875493586063385,
            0.07570570707321167,
            -0.033127348870038986
        ],
        [
            0.06152915209531784,
            0.07036483287811279,
            -0.028385287150740623
        ],
        [
            0.0765128955245018,
            -0.004657439887523651,
            0.031236212700605392
        ],
        [
            0.08448103070259094,
            0.0005258917808532715,
            0.03375254571437836
        ],
        [
            0.045240990817546844,
            0.04147907719016075,
            -0.0017927642911672592
        ],
        [
            0.04874243587255478,
            0.043394915759563446,
            0.008709508925676346
        ],
        [
            0.04089108109474182,
            0.05362798646092415,
            0.003883145749568939
        ],
        [
            0.03870575875043869,
            0.04858681187033653,
            -0.006482454016804695
        ],
        [
            0.06957056373357773,
            -0.0004966631531715393,
            0.01241455227136612
        ],
        [
            0.07087119668722153,
            -0.00505182147026062,
            0.01869148761034012
        ],
        [
            0.07496953010559082,
            0.10456174612045288,
            -0.06698321551084518
        ],
        [
            0.07279075682163239,
            0.09876550734043121,
            -0.06662079691886902
        ],
        [
            0.13076455891132355,
            0.02325443923473358,
            -0.02478252723813057
        ],
        [
            0.13346058130264282,
            0.04578870162367821,
            -0.02762463502585888
        ],
        [
            0.1263044774532318,
            0.008021026849746704,
            -0.0198252834379673
        ],
        [
            0.12175507843494415,
            -0.00165490061044693,
            -0.015244346112012863
        ],
        [
            0.12064988911151886,
            -0.009588383138179779,
            -0.010502394288778305
        ],
        [
            0.08392266929149628,
            0.06474795937538147,
            -0.04473140463232994
        ],
        [
            0.09063005447387695,
            0.05064956843852997,
            -0.028288858011364937
        ],
        [
            0.08678008615970612,
            0.043412066996097565,
            -0.011796940118074417
        ],
        [
            0.070927195250988,
            0.05102880299091339,
            0.013656284660100937
        ],
        [
            0.07659585773944855,
            0.0442679263651371,
            0.01945187896490097
        ],
        [
            0.08127931505441666,
            0.046508170664310455,
            0.010063879191875458
        ],
        [
            0.07496660947799683,
            0.05152963101863861,
            0.006672665476799011
        ],
        [
            0.053907234221696854,
            0.050035808235406876,
            0.013974135741591454
        ],
        [
            0.05981207266449928,
            0.05527351796627045,
            0.012029152363538742
        ],
        [
            0.05437861382961273,
            0.06082800775766373,
            0.007497329264879227
        ],
        [
            0.04738510027527809,
            0.0574575811624527,
            0.008923325687646866
        ],
        [
            0.12279616296291351,
            0.062095724046230316,
            -0.038878872990608215
        ],
        [
            0.12022574990987778,
            0.04431018605828285,
            -0.04288043826818466
        ],
        [
            0.0834297388792038,
            0.016940895467996597,
            0.030359283089637756
        ],
        [
            0.08845426142215729,
            0.011107310652732849,
            0.03179411590099335
        ],
        [
            0.09163548052310944,
            0.0035306811332702637,
            0.034060005098581314
        ],
        [
            0.09905599057674408,
            0.03194065019488335,
            0.003339998424053192
        ],
        [
            0.1067834123969078,
            0.022891312837600708,
            0.011328447610139847
        ],
        [
            0.10917508602142334,
            0.022956188768148422,
            0.007564384490251541
        ],
        [
            0.09984021633863449,
            0.030879687517881393,
            -0.00041029229760169983
        ],
        [
            0.10501875728368759,
            0.03802800923585892,
            -0.010194383561611176
        ],
        [
            0.11316945403814316,
            0.03207772597670555,
            -0.0018748976290225983
        ],
        [
            0.10760539770126343,
            0.04779862239956856,
            -0.011503804475069046
        ],
        [
            0.11444120109081268,
            0.010253570973873138,
            0.01141374558210373
        ],
        [
            0.11293977499008179,
            0.004553154110908508,
            0.020858753472566605
        ],
        [
            0.11827093362808228,
            0.002072460949420929,
            0.014136426150798798
        ],
        [
            0.10571016371250153,
            0.005241312086582184,
            0.027456134557724
        ],
        [
            0.09828580915927887,
            0.005118310451507568,
            0.03238014876842499
        ],
        [
            0.0711926519870758,
            -0.012092553079128265,
            0.023531854152679443
        ],
        [
            0.12189685553312302,
            -0.00030446797609329224,
            0.007030583918094635
        ],
        [
            0.12277515232563019,
            0.0640985295176506,
            -0.012274559587240219
        ],
        [
            0.125264510512352,
            0.07191203534603119,
            -0.01606612093746662
        ],
        [
            0.11816340684890747,
            0.0716996118426323,
            -0.01763564720749855
        ],
        [
            0.11525188386440277,
            0.06451959162950516,
            -0.015015402808785439
        ],
        [
            0.0873718112707138,
            0.05960832163691521,
            -0.0676947683095932
        ],
        [
            0.09212610870599747,
            0.06230013072490692,
            -0.0628301277756691
        ],
        [
            0.09653761237859726,
            0.05762452632188797,
            -0.05697571486234665
        ],
        [
            0.09394706785678864,
            0.0352080874145031,
            0.0160372257232666
        ],
        [
            0.08593697100877762,
            0.03231726586818695,
            0.025361958891153336
        ],
        [
            0.08380184322595596,
            0.06875679641962051,
            -0.05140415579080582
        ],
        [
            0.07623424381017685,
            0.09280968457460403,
            -0.07035015523433685
        ],
        [
            0.08199330419301987,
            0.09217769652605057,
            -0.06937817484140396
        ],
        [
            0.08448243141174316,
            0.07332126796245575,
            -0.0700753778219223
        ],
        [
            0.07760568708181381,
            0.07385465502738953,
            -0.07158909738063812
        ],
        [
            0.07524189352989197,
            0.0729302167892456,
            -0.053085651248693466
        ],
        [
            0.08236052840948105,
            0.07111023366451263,
            -0.051978811621665955
        ],
        [
            0.08094688504934311,
            0.0726388543844223,
            -0.05184660851955414
        ],
        [
            0.07489262521266937,
            0.07528647035360336,
            -0.05073900148272514
        ],
        [
            0.05623100697994232,
            0.07413866370916367,
            -0.024299530312418938
        ],
        [
            0.05890624225139618,
            0.06944561004638672,
            -0.020120924338698387
        ],
        [
            0.06271190941333771,
            0.05498723313212395,
            -0.057948626577854156
        ],
        [
            0.07060923427343369,
            0.05104804039001465,
            -0.06793654710054398
        ],
        [
            0.07709793746471405,
            0.04231720045208931,
            -0.06073080003261566
        ],
        [
            0.07291821390390396,
            0.05799339711666107,
            -0.020635433495044708
        ],
        [
            0.06757710874080658,
            0.06518912315368652,
            -0.02593480609357357
        ],
        [
            0.0654052123427391,
            0.06521333754062653,
            -0.02238234505057335
        ],
        [
            0.07979308068752289,
            0.06714333593845367,
            -0.044684313237667084
        ],
        [
            0.07800321280956268,
            0.07052121311426163,
            -0.04964655637741089
        ],
        [
            0.07489261031150818,
            0.06990069895982742,
            -0.04602888971567154
        ],
        [
            0.07681874930858612,
            0.06632741540670395,
            -0.040189169347286224
        ],
        [
            0.0555584579706192,
            0.03310222923755646,
            0.01390807330608368
        ],
        [
            0.06126205250620842,
            0.04109424352645874,
            0.020274866372346878
        ],
        [
            0.08712828904390335,
            0.09856302291154861,
            -0.06343073397874832
        ],
        [
            0.08602962642908096,
            0.09543893486261368,
            -0.06468603760004044
        ],
        [
            0.07837535440921783,
            0.05020969361066818,
            -0.014281533658504486
        ],
        [
            0.08414700627326965,
            0.033142220228910446,
            -0.050894252955913544
        ],
        [
            0.08416905999183655,
            0.043710023164749146,
            -0.006911825388669968
        ],
        [
            0.04172815382480621,
            0.05982015281915665,
            -0.021943628787994385
        ],
        [
            0.04421796277165413,
            0.066140316426754,
            -0.01706816628575325
        ],
        [
            0.044201210141181946,
            0.07118596136569977,
            -0.01990325003862381
        ],
        [
            0.04100637882947922,
            0.0684855654835701,
            -0.024454647675156593
        ],
        [
            0.07306225597858429,
            0.09075604379177094,
            -0.05080626904964447
        ],
        [
            0.07882720977067947,
            0.09096424281597137,
            -0.05034389719367027
        ],
        [
            0.07895222306251526,
            0.09562025219202042,
            -0.050449125468730927
        ],
        [
            0.07319938391447067,
            0.09693709015846252,
            -0.0511263944208622
        ],
        [
            0.08747691661119461,
            0.06965508311986923,
            -0.0546099953353405
        ],
        [
            0.09095080941915512,
            0.06800281256437302,
            -0.05943671613931656
        ],
        [
            0.08942089229822159,
            0.07296624034643173,
            -0.05903932824730873
        ],
        [
            0.0854078158736229,
            0.0732465609908104,
            -0.05452015623450279
        ],
        [
            0.08988597244024277,
            0.0671507865190506,
            -0.0651031956076622
        ],
        [
            0.08869612962007523,
            0.07273779064416885,
            -0.06532742083072662
        ],
        [
            0.06821535527706146,
            0.0914035364985466,
            -0.05504859983921051
        ],
        [
            0.06722529232501984,
            0.09245125949382782,
            -0.06238940730690956
        ],
        [
            0.06690662354230881,
            0.07476277649402618,
            -0.06250446289777756
        ],
        [
            0.06894954293966293,
            0.07710038870573044,
            -0.055092163383960724
        ],
        [
            0.06467253714799881,
            0.015115801244974136,
            -0.008876215666532516
        ],
        [
            0.0610027089715004,
            0.01718854159116745,
            0.0014649927616119385
        ],
        [
            0.05452529340982437,
            0.029433473944664,
            -0.004791518673300743
        ],
        [
            0.04683329910039902,
            0.04090915620326996,
            -0.010984404012560844
        ],
        [
            0.04099433869123459,
            0.05211745202541351,
            -0.01740894466638565
        ],
        [
            0.04354347288608551,
            0.0491240918636322,
            -0.028989113867282867
        ],
        [
            0.053139373660087585,
            0.030141331255435944,
            0.0033017322421073914
        ],
        [
            0.06706715375185013,
            0.06869078427553177,
            -0.05589868128299713
        ],
        [
            0.06665034592151642,
            0.06349604576826096,
            -0.062057144939899445
        ],
        [
            0.06369911879301071,
            0.0632711797952652,
            -0.05813053250312805
        ],
        [
            0.0812814012169838,
            0.04586690664291382,
            -0.00034854933619499207
        ],
        [
            0.08598015457391739,
            0.09154166281223297,
            -0.06571924686431885
        ],
        [
            0.09950720518827438,
            -0.011057093739509583,
            -0.016789112240076065
        ],
        [
            0.08766419440507889,
            -0.011938974261283875,
            -0.009874571114778519
        ],
        [
            0.08673559874296188,
            -0.005180560052394867,
            -0.015549097210168839
        ],
        [
            0.10072890669107437,
            -0.0032426565885543823,
            -0.023076727986335754
        ],
        [
            0.08470790088176727,
            0.09091725945472717,
            -0.053999271243810654
        ],
        [
            0.08766087144613266,
            0.09102096408605576,
            -0.05955502390861511
        ],
        [
            0.055158745497465134,
            0.07101266831159592,
            -0.014815609902143478
        ],
        [
            0.05293856933712959,
            0.07476728409528732,
            -0.01955816149711609
        ],
        [
            0.04933599382638931,
            0.07504736632108688,
            -0.01847236230969429
        ],
        [
            0.050988681614398956,
            0.07376551628112793,
            -0.012179426848888397
        ],
        [
            0.06049523502588272,
            0.017641596496105194,
            0.007414832711219788
        ],
        [
            0.038810696452856064,
            0.06260539591312408,
            0.0010921638458967209
        ],
        [
            0.03638302534818649,
            0.05716410279273987,
            -0.008156813681125641
        ],
        [
            0.06672139465808868,
            0.006436534225940704,
            0.0064847469329833984
        ],
        [
            0.06950531899929047,
            0.004123173654079437,
            -0.002617470920085907
        ],
        [
            0.07263755053281784,
            -0.0036836862564086914,
            0.0023723021149635315
        ],
        [
            0.0489981546998024,
            0.05504811555147171,
            -0.04206507280468941
        ],
        [
            0.06725001335144043,
            0.01575227826833725,
            -0.017170295119285583
        ],
        [
            0.07258191704750061,
            0.004437841475009918,
            -0.009656555950641632
        ],
        [
            0.07646987587213516,
            -0.004879310727119446,
            -0.004010245203971863
        ],
        [
            0.07838767766952515,
            -0.011779643595218658,
            0.00032099708914756775
        ],
        [
            0.0740823745727539,
            -0.009690463542938232,
            0.006928447633981705
        ],
        [
            0.07083068788051605,
            0.09304022043943405,
            -0.06708075106143951
        ],
        [
            0.06819508969783783,
            0.09955450147390366,
            -0.06171437352895737
        ],
        [
            0.07438299059867859,
            -0.017440684139728546,
            0.011732704937458038
        ],
        [
            0.07973749190568924,
            -0.019104987382888794,
            0.0043164826929569244
        ],
        [
            0.0775737389922142,
            0.004689306020736694,
            -0.017442256212234497
        ],
        [
            0.08521858602762222,
            0.0061122700572013855,
            -0.026490967720746994
        ],
        [
            0.07235000282526016,
            0.015787344425916672,
            -0.024307552725076675
        ],
        [
            0.07911007106304169,
            0.017835400998592377,
            -0.033784832805395126
        ],
        [
            0.05212317779660225,
            0.049558475613594055,
            -0.051090508699417114
        ],
        [
            0.07594355195760727,
            0.11635203659534454,
            -0.05558467656373978
        ],
        [
            0.07024963945150375,
            0.10565146058797836,
            -0.056221529841423035
        ],
        [
            0.07351844757795334,
            0.10318797826766968,
            -0.05206002667546272
        ],
        [
            0.07621320337057114,
            0.11427778005599976,
            -0.05159512907266617
        ],
        [
            0.06899736821651459,
            0.0983801931142807,
            -0.05509611591696739
        ],
        [
            0.07061300426721573,
            0.10562891513109207,
            -0.06201273575425148
        ],
        [
            0.09182487428188324,
            0.0222715325653553,
            -0.04233724996447563
        ],
        [
            0.0722845122218132,
            0.07313074171543121,
            -0.05043075233697891
        ],
        [
            0.10234986990690231,
            0.011393576860427856,
            -0.03432297706604004
        ],
        [
            0.10409656167030334,
            0.0335485078394413,
            -0.04991193115711212
        ],
        [
            0.11337868124246597,
            0.027113981544971466,
            -0.04258213937282562
        ],
        [
            0.11462541669607162,
            0.0009289532899856567,
            -0.025655526667833328
        ],
        [
            0.12186364829540253,
            0.01622621715068817,
            -0.03331691026687622
        ],
        [
            0.11127302050590515,
            -0.01438853144645691,
            -0.013746529817581177
        ],
        [
            0.11113878339529037,
            -0.007117092609405518,
            -0.01953117549419403
        ],
        [
            0.12709511816501617,
            0.03448253124952316,
            -0.03642662614583969
        ],
        [
            0.08881310373544693,
