{
    "pred_cam": [
        6.057993412017822,
        0.0781397745013237,
        -0.07711269706487656
    ],
    "pred_mano_params": {
        "global_orient": [
            [
                [
                    0.2456769198179245,
                    -0.38808345794677734,
                    0.8882758617401123
                ],
                [
                    -0.7013502717018127,
                    -0.7037263512611389,
                    -0.11347708106040955
                ],
                [
                    0.6691416501998901,
                    -0.5951138138771057,
                    -0.4450717568397522
                ]
            ]
        ],
        "hand_pose": [
            [
                [
                    0.9565789103507996,
                    -0.13522280752658844,
                    -0.258208304643631
                ],
                [
                    0.11650589853525162,
                    0.9894130229949951,
                    -0.08653521537780762
                ],
                [
                    0.26717618107795715,
                    0.05269497260451317,
                    0.9622058868408203
                ]
            ],
            [
                [
                    0.99700927734375,
                    -0.0508524551987648,
                    0.05819355323910713
                ],
                [
                    0.05953652411699295,
                    0.9855090975761414,
                    -0.15883077681064606
                ],
                [
                    -0.04927334189414978,
                    0.1618204116821289,
                    0.9855892658233643
                ]
            ],
            [
                [
                    0.9564729332923889,
                    -0.2917620837688446,
                    -0.005864765029400587
                ],
                [
                    0.2890828251838684,
                    0.9500535726547241,
                    -0.11759812384843826
                ],
                [
                    0.039882510900497437,
                    0.11078402400016785,
                    0.9930439591407776
                ]
            ],
            [
                [
                    0.9585923552513123,
                    -0.12487565726041794,
                    -0.2559429705142975
                ],
                [
                    0.08666934072971344,
                    0.984025776386261,
                    -0.155504509806633
                ],
                [
                    0.2712732255458832,
                    0.12688301503658295,
                    0.9541024565696716
                ]
            ],
            [
                [
                    0.9394357204437256,
                    -0.319262832403183,
                    -0.12462664395570755
                ],
                [
                    0.34209686517715454,
                    0.8955281972885132,
                    0.28460317850112915
                ],
                [
                    0.02074345201253891,
                    -0.31000077724456787,
                    0.9505099654197693
                ]
            ],
            [
                [
                    0.9394279718399048,
                    -0.3423669636249542,
                    0.0161252710968256
                ],
                [
                    0.3423348069190979,
                    0.9395657777786255,
                    0.004799231421202421
                ],
                [
                    -0.01679385080933571,
                    0.0010117094498127699,
                    0.9998584985733032
                ]
            ],
            [
                [
                    0.8712928295135498,
                    -0.4899339973926544,
                    -0.028520792722702026
                ],
                [
                    0.4907204508781433,
                    0.8705133199691772,
                    0.03741665929555893
                ],
                [
                    0.0064960359595716,
                    -0.04659660533070564,
                    0.9988926649093628
                ]
            ],
            [
                [
                    0.9794792532920837,
                    0.04783191904425621,
                    -0.19578662514686584
                ],
                [
                    -0.036674242466688156,
                    0.9975108504295349,
                    0.060224685817956924
                ],
                [
                    0.1981799602508545,
                    -0.05180850625038147,
                    0.9787954092025757
                ]
            ],
            [
                [
                    0.9924265146255493,
                    0.015773851424455643,
                    0.12182342261075974
                ],
                [
                    -0.023155706003308296,
                    0.9979645013809204,
                    0.05941841006278992
                ],
                [
                    -0.12063820660114288,
                    -0.06178930029273033,
                    0.9907717108726501
                ]
            ],
            [
                [
                    0.9182232618331909,
                    -0.3275133967399597,
                    -0.22271253168582916
                ],
                [
                    0.2910996973514557,
                    0.9393705129623413,
                    -0.1812288761138916
                ],
                [
                    0.26856449246406555,
                    0.10157705098390579,
                    0.9578909277915955
                ]
            ],
            [
                [
                    0.9989389777183533,
                    -0.012890209443867207,
                    -0.044211700558662415
                ],
                [
                    0.026689451187849045,
                    0.9444098472595215,
                    0.3276854157447815
                ],
                [
                    0.037530042231082916,
                    -0.32851776480674744,
                    0.9437518119812012
                ]
            ],
            [
                [
                    0.9719830751419067,
                    -0.2312639057636261,
                    0.042021699249744415
                ],
                [
                    0.22646841406822205,
                    0.9692745804786682,
                    0.09601528197526932
                ],
                [
                    -0.06293542683124542,
                    -0.08380864560604095,
                    0.9944924712181091
                ]
            ],
            [
                [
                    0.959513247013092,
                    0.0967804566025734,
                    0.26451411843299866
                ],
                [
                    0.1291099488735199,
                    0.6835166215896606,
                    -0.7184257507324219
                ],
                [
                    -0.2503293752670288,
                    0.7234905958175659,
                    0.6433479189872742
                ]
            ],
            [
                [
                    0.9472882151603699,
                    -0.29898449778556824,
                    -0.11512291431427002
                ],
                [
                    0.302899569272995,
                    0.7187014222145081,
                    0.6258754730224609
                ],
                [
                    -0.10438806563615799,
                    -0.6277551651000977,
                    0.7713796496391296
                ]
            ],
            [
                [
                    0.9421331882476807,
                    0.30841588973999023,
                    -0.1313953548669815
                ],
                [
                    -0.3048767149448395,
                    0.9512432217597961,
                    0.04676017910242081
                ],
                [
                    0.13941052556037903,
                    -0.0039949300698935986,
                    0.9902266263961792
                ]
            ]
        ],
        "betas": [
            -0.03957441449165344,
            -0.0402655303478241,
            -0.10327652096748352,
            0.01563701033592224,
            -0.011003494262695312,
            0.002498466521501541,
            0.029998481273651123,
            -0.016833364963531494,
            -0.04043583571910858,
            -0.019578546285629272
        ]
    },
    "pred_cam_t": [
        -0.0781397745013237,
        -0.07711269706487656,
        6.448091983795166
    ],
    "focal_length": [
        5000.0,
        5000.0
    ],
    "pred_keypoints_3d": [
        [
            0.0959545373916626,
            0.006405208259820938,
            0.0062093851156532764
        ],
        [
            0.11899831891059875,
            0.031360842287540436,
            -0.012185785919427872
        ],
        [
            0.14181271195411682,
            0.05118403211236,
            -0.018534857779741287
        ],
        [
            0.15752561390399933,
            0.07191886752843857,
            -0.026414450258016586
        ],
        [
            0.17573492228984833,
            0.09381211549043655,
            -0.048843272030353546
        ],
        [
            0.09461348503828049,
            0.06967988610267639,
            -0.05900732800364494
        ],
        [
            0.08094203472137451,
            0.09320871531963348,
            -0.07789158821105957
        ],
        [
            0.07308842241764069,
            0.112211212515831,
            -0.08647838979959488
        ],
        [
            0.06442636996507645,
            0.13582682609558105,
            -0.09171032160520554
        ],
        [
            0.07019588351249695,
            0.07440666854381561,
            -0.0548885315656662
        ],
        [
            0.051076360046863556,
            0.0961371585726738,
            -0.06806720048189163
        ],
        [
            0.0417022779583931,
            0.11751548200845718,
            -0.06849568337202072
        ],
        [
            0.03466010466217995,
            0.14244768023490906,
            -0.0669286921620369
        ],
        [
            0.05364471673965454,
            0.06971123814582825,
            -0.03436693549156189
        ],
        [
            0.03848406672477722,
            0.09287947416305542,
            -0.04283202067017555
        ],
        [
            0.025474803522229195,
            0.11410152912139893,
            -0.042874179780483246
        ],
        [
            0.013583306223154068,
            0.13683314621448517,
            -0.0438217893242836
        ],
        [
            0.04446575790643692,
            0.06670274585485458,
            -0.014784906059503555
        ],
        [
            0.03309088945388794,
            0.08451813459396362,
            -0.01369721069931984
        ],
        [
            0.021577250212430954,
            0.09932731837034225,
            -0.010567888617515564
        ],
        [
            0.010218309238553047,
            0.11581912636756897,
            -0.010854622349143028
        ]
    ],
    "pred_vertices": [
        [
            0.10647305101156235,
            0.05276953801512718,
            -0.02453436702489853
        ],
        [
            0.10970709472894669,
            0.04776829481124878,
            -0.016623657196760178
        ],
        [
            0.11812984943389893,
            0.05499131232500076,
            -0.019736625254154205
        ],
        [
            0.11423348635435104,
            0.05874969810247421,
            -0.028837982565164566
        ],
        [
            0.12387719005346298,
            0.04501897841691971,
            0.00032283365726470947
        ],
        [
            0.1321944147348404,
            0.03705821558833122,
            0.0025829151272773743
        ],
        [
            0.14127859473228455,
            0.0490814670920372,
            -0.0032379887998104095
        ],
        [
            0.13393579423427582,
            0.055114805698394775,
            -0.0031439661979675293
        ],
        [
            0.12124668061733246,
            0.06248783320188522,
            -0.032945141196250916
        ],
        [
            0.12491302937269211,
            0.06052231788635254,
            -0.021785106509923935
        ],
        [
            0.12662044167518616,
            0.06098846346139908,
            -0.03493279218673706
        ],
        [
            0.11781565099954605,
            0.05789013206958771,
            -0.04933145269751549
        ],
        [
            0.11554498970508575,
            0.062045153230428696,
            -0.04397914931178093
        ],
        [
            0.11127191036939621,
            0.05934862047433853,
            -0.05705208703875542
        ],
        [
            0.11641518771648407,
            0.04665509611368179,
            -0.05096326768398285
        ],
        [
            0.10475160926580429,
            0.05276024714112282,
            -0.06035362184047699
        ],
        [
            0.08754203468561172,
            0.032681938260793686,
            -0.04494559392333031
        ],
        [
            0.0762791782617569,
            0.030975844711065292,
            -0.037102021276950836
        ],
        [
            0.07128769904375076,
            0.04345955327153206,
            -0.04646600782871246
        ],
        [
            0.08330860733985901,
            0.044526003301143646,
            -0.05299168825149536
        ],
        [
            0.05979825556278229,
            0.040425918996334076,
            -0.029604792594909668
        ],
        [
            0.06557031720876694,
            0.042710259556770325,
            -0.03959960117936134
        ],
        [
            0.07016715407371521,
            0.02936413511633873,
            -0.030717266723513603
        ],
        [
            0.06477844715118408,
            0.028171870857477188,
            -0.022092515602707863
        ],
        [
            0.09396222978830338,
            0.04523629695177078,
            -0.014324560761451721
        ],
        [
            0.09636013954877853,
            0.03891042247414589,
            -0.006740298122167587
        ],
        [
            0.10073095560073853,
            0.041194405406713486,
            -0.011500265449285507
        ],
        [
            0.09852056950330734,
            0.046897001564502716,
            -0.01806945726275444
        ],
        [
            0.14031808078289032,
            0.05725954473018646,
            -0.032311245799064636
        ],
        [
            0.1327124685049057,
            0.04621416702866554,
            -0.03743142634630203
        ],
        [
            0.12900856137275696,
            0.05350974202156067,
            -0.038764260709285736
        ],
        [
            0.13841642439365387,
            0.06195191293954849,
            -0.029524795711040497
        ],
        [
            0.09799769520759583,
            0.025961648672819138,
            0.020173434168100357
        ],
        [
            0.10075560957193375,
            0.01314537227153778,
            0.02358826994895935
        ],
        [
            0.10542462766170502,
            0.012612439692020416,
            0.020096395164728165
        ],
        [
            0.10143942385911942,
            0.0242684967815876,
            0.017215389758348465
        ],
        [
            0.12177199125289917,
            0.01940496265888214,
            0.008512996137142181
        ],
        [
            0.1197877824306488,
            0.009750425815582275,
            0.010383859276771545
        ],
        [
            0.1263989508152008,
            -0.0008204281330108643,
            0.004187136888504028
        ],
        [
            0.1285742074251175,
            0.007224924862384796,
            -0.0006102919578552246
        ],
        [
            0.12622982263565063,
            0.028813466429710388,
            0.005480863153934479
        ],
        [
            0.13304954767227173,
            0.018468257039785385,
            -0.0011105909943580627
        ],
        [
            0.13764770328998566,
            0.02847270667552948,
            -0.00284557044506073
        ],
        [
            0.1453675478696823,
            0.042060673236846924,
            -0.007983863353729248
        ],
        [
            0.08919554203748703,
            0.012211233377456665,
            0.029167499393224716
        ],
        [
            0.0857929214835167,
            0.021706335246562958,
            0.027870573103427887
        ],
        [
            0.08655072748661041,
            0.1026068925857544,
            -0.07684405893087387
        ],
        [
            0.08172760158777237,
            0.10335095971822739,
            -0.07367470115423203
        ],
        [
            0.08440876007080078,
            0.09955594688653946,
            -0.07098360359668732
        ],
        [
            0.08855712413787842,
            0.09926892071962357,
            -0.07490698993206024
        ],
        [
            0.07076436281204224,
            0.00832897424697876,
            0.02181391790509224
        ],
        [
            0.06729701161384583,
            0.0022382736206054688,
            0.014498453587293625
        ],
        [
            0.0693526342511177,
            -0.002014726400375366,
            0.020067080855369568
        ],
        [
            0.07430331408977509,
            0.003246091306209564,
            0.0261288583278656
        ],
        [
            0.06625041365623474,
            0.015153497457504272,
            0.016101084649562836
        ],
        [
            0.06515355408191681,
            0.008583582937717438,
            0.006903074681758881
        ],
        [
            0.0836513563990593,
            0.0961616039276123,
            -0.08742555230855942
        ],
        [
            0.08711317181587219,
            0.0990699827671051,
            -0.08498334139585495
        ],
        [
            0.08855953067541122,
            0.0944044217467308,
            -0.0836765393614769
        ],
        [
            0.08470704406499863,
            0.09119343012571335,
            -0.08524279296398163
        ],
        [
            0.11056158691644669,
            0.062001053243875504,
            -0.03764539584517479
        ],
        [
            0.10367286950349808,
            0.058890096843242645,
            -0.031045803800225258
        ],
        [
            0.10133025795221329,
            0.0738215446472168,
            -0.05048658698797226
        ],
        [
            0.10114505141973495,
            0.06684086471796036,
            -0.04223274439573288
        ],
        [
            0.10769173502922058,
            0.06574420630931854,
            -0.046014346182346344
        ],
        [
            0.10639329254627228,
            0.07054975628852844,
            -0.053421348333358765
        ],
        [
            0.08336570113897324,
            0.06088218837976456,
            -0.02711542136967182
        ],
        [
            0.08730638027191162,
            0.052310943603515625,
            -0.01995941996574402
        ],
        [
            0.09191910922527313,
            0.05396679788827896,
            -0.024618983268737793
        ],
        [
            0.08922166377305984,
            0.0637788474559784,
            -0.032830819487571716
        ],
        [
            0.07771556079387665,
            0.052698343992233276,
            -0.009510006755590439
        ],
        [
            0.07443203032016754,
            0.06085088104009628,
            -0.01767079345881939
        ],
        [
            0.06939905136823654,
            0.060241274535655975,
            -0.010811042040586472
        ],
        [
            0.07302974164485931,
            0.05513638257980347,
            -0.0056324303150177
        ],
        [
            0.07082619518041611,
            0.07435079663991928,
            -0.03421338275074959
        ],
        [
            0.06724037230014801,
            0.07821674644947052,
            -0.040679242461919785
        ],
        [
            0.0638008862733841,
            0.07915038615465164,
            -0.03853495419025421
        ],
        [
            0.06793517619371414,
            0.07371243834495544,
            -0.031915150582790375
        ],
        [
            0.07133180648088455,
            -0.0070383623242378235,
            0.024661187082529068
        ],
        [
            0.07821840047836304,
            -0.0018859580159187317,
            0.029473423957824707
        ],
        [
            0.049448736011981964,
            0.04078797250986099,
            -0.010715441778302193
        ],
        [
            0.04992583021521568,
            0.04240552335977554,
            0.0001987852156162262
        ],
        [
            0.04410674795508385,
            0.051890719681978226,
            -0.004580583423376083
        ],
        [
            0.04503319784998894,
            0.04768606275320053,
            -0.015057312324643135
        ],
        [
            0.06914378702640533,
            -0.0016248822212219238,
            0.005003716796636581
        ],
        [
            0.06900538504123688,
            -0.006602734327316284,
            0.011087805032730103
        ],
        [
            0.07779243588447571,
            0.09426164627075195,
            -0.08717790991067886
        ],
        [
            0.07901052385568619,
            0.0896189734339714,
            -0.08409480005502701
        ],
        [
            0.13630901277065277,
            0.01960289105772972,
            -0.013439033180475235
        ],
        [
            0.14563992619514465,
            0.03700551390647888,
            -0.016237620264291763
        ],
        [
            0.1295754462480545,
            0.007209114730358124,
            -0.010622486472129822
        ],
        [
            0.12494456768035889,
            -0.0012122392654418945,
            -0.008039552718400955
        ],
        [
            0.12394420802593231,
            -0.008720658719539642,
            -0.004465758800506592
        ],
        [
            0.09484300017356873,
            0.06992364674806595,
            -0.04155968129634857
        ],
        [
            0.09818714112043381,
            0.05349733307957649,
            -0.025103554129600525
        ],
        [
            0.09019272029399872,
            0.044620029628276825,
            -0.010668832808732986
        ],
        [
            0.06844902038574219,
            0.05008212849497795,
            0.010456938296556473
        ],
        [
            0.07270750403404236,
            0.04277355968952179,
            0.01696791499853134
        ],
        [
            0.07929860800504684,
            0.04584424942731857,
            0.009240742772817612
        ],
        [
            0.07388441264629364,
            0.05117332190275192,
            0.004746772348880768
        ],
        [
            0.05305280536413193,
            0.04891396313905716,
            0.00689016655087471
        ],
        [
            0.0585307739675045,
            0.05461915582418442,
            0.006578728556632996
        ],
        [
            0.05465970188379288,
            0.06092850863933563,
            0.0012516789138317108
        ],
        [
            0.048633985221385956,
            0.05652417242527008,
            0.0015379153192043304
        ],
        [
            0.14628680050373077,
            0.05233560502529144,
            -0.03243587911128998
        ],
        [
            0.1372123509645462,
            0.04016895592212677,
            -0.0346490815281868
        ],
        [
            0.07743172347545624,
            0.014619119465351105,
            0.027123820036649704
        ],
        [
            0.08215554058551788,
            0.008841283619403839,
            0.029347948729991913
        ],
        [
            0.08495988696813583,
            0.0012468546628952026,
            0.031794045120477676
        ],
        [
            0.09814819693565369,
            0.03287982568144798,
            0.006254509091377258
        ],
        [
            0.1038123369216919,
            0.023208782076835632,
            0.015164654701948166
        ],
        [
            0.10684123635292053,
            0.02411477640271187,
            0.012258894741535187
        ],
        [
            0.09965135157108307,
            0.0329577773809433,
            0.002877209335565567
        ],
        [
            0.11099406331777573,
            0.0433708056807518,
            -0.006236180663108826
        ],
        [
            0.11502253264188766,
            0.035382531583309174,
            0.003957822918891907
        ],
        [
            0.11937440931797028,
            0.052142925560474396,
            -0.00850558653473854
        ],
        [
            0.11207394301891327,
            0.010486699640750885,
            0.016340795904397964
        ],
        [
            0.10889700800180435,
            0.003941282629966736,
            0.0246097594499588
        ],
        [
            0.11580626666545868,
            0.0020919591188430786,
            0.019362717866897583
        ],
        [
            0.10019005089998245,
            0.003864280879497528,
            0.02914562076330185
        ],
        [
            0.09174665063619614,
            0.003131866455078125,
            0.03198815509676933
        ],
        [
            0.06840931624174118,
            -0.013970032334327698,
            0.015336822718381882
        ],
        [
            0.12110720574855804,
            0.0001209154725074768,
            0.01315336674451828
        ],
        [
            0.14166443049907684,
            0.060604389756917953,
            -0.007810276001691818
        ],
        [
            0.14862610399723053,
            0.06484466791152954,
            -0.012138307094573975
        ],
        [
            0.14286625385284424,
            0.06732789427042007,
            -0.015940845012664795
        ],
        [
            0.13604862987995148,
            0.06350117176771164,
            -0.012835625559091568
        ],
        [
            0.10507271438837051,
            0.06365106999874115,
            -0.06483649462461472
        ],
        [
            0.10770542174577713,
            0.06841639429330826,
            -0.05937249958515167
        ],
        [
            0.11272239685058594,
            0.06285535544157028,
            -0.05128035694360733
        ],
        [
            0.09043283760547638,
            0.03419968858361244,
            0.017290577292442322
        ],
        [
            0.08051154017448425,
            0.030400339514017105,
            0.02407529205083847
        ],
        [
            0.09487351030111313,
            0.07633241266012192,
            -0.050410687923431396
        ],
        [
            0.08530329167842865,
            0.08662902563810349,
            -0.08368481695652008
        ],
        [
            0.08984176069498062,
            0.08983229845762253,
            -0.08207198977470398
        ],
        [
            0.09684886783361435,
            0.07585404813289642,
            -0.0735556110739708
        ],
        [
            0.09134618937969208,
            0.07295453548431396,
            -0.07605031132698059
        ],
        [
            0.0852779746055603,
            0.07892613112926483,
            -0.05750953406095505
        ],
        [
            0.09164562076330185,
            0.07922437787055969,
            -0.054794758558273315
        ],
        [
            0.08918008208274841,
            0.08050823956727982,
            -0.05722121521830559
        ],
        [
            0.08289729803800583,
            0.08094102889299393,
            -0.058655884116888046
        ],
        [
            0.0599331371486187,
            0.07636015862226486,
            -0.030528491362929344
        ],
        [
            0.06324827671051025,
            0.07204583287239075,
            -0.024981414899230003
        ],
        [
            0.07942323386669159,
            0.0586799755692482,
            -0.05910550802946091
        ],
        [
            0.09043722599744797,
            0.054039813578128815,
            -0.06549288332462311
        ],
        [
            0.0945948138833046,
            0.046293504536151886,
            -0.058426156640052795
        ],
        [
            0.0784488320350647,
            0.0599813312292099,
            -0.021544158458709717
        ],
        [
            0.07424072921276093,
            0.06789126992225647,
            -0.027528809383511543
        ],
        [
            0.07113028317689896,
            0.0676569938659668,
            -0.024790167808532715
        ],
        [
            0.09053409099578857,
            0.07224840670824051,
            -0.04277769476175308
        ],
        [
            0.08887604624032974,
            0.07701748609542847,
            -0.04968206211924553
        ],
        [
            0.08563723415136337,
            0.07516138255596161,
            -0.0456119105219841
        ],
        [
            0.08663949370384216,
            0.07031863182783127,
            -0.039070822298526764
        ],
        [
            0.0547611340880394,
            0.03171578049659729,
            0.005710996687412262
        ],
        [
            0.05817553773522377,
            0.03932899609208107,
            0.013811029493808746
        ],
        [
            0.08834120631217957,
            0.10123931616544724,
            -0.08105294406414032
        ],
        [
            0.0900718942284584,
            0.09722694009542465,
            -0.07956961542367935
        ],
        [
            0.08241982758045197,
            0.05159255862236023,
            -0.014643900096416473
        ],
        [
            0.09876216948032379,
            0.036421991884708405,
            -0.04930809140205383
        ],
        [
            0.0863962396979332,
            0.044426873326301575,
            -0.006608482450246811
        ],
        [
            0.04950723052024841,
            0.05911291390657425,
            -0.030132491141557693
        ],
        [
            0.04888715222477913,
            0.06534571200609207,
            -0.024872422218322754
        ],
        [
            0.04827478900551796,
            0.0689278393983841,
            -0.02916116453707218
        ],
        [
            0.04684576764702797,
            0.06516797840595245,
            -0.03413429483771324
        ],
        [
            0.07583934813737869,
            0.09160848706960678,
            -0.06716762483119965
        ],
        [
            0.08041902631521225,
            0.0949113667011261,
            -0.0662156343460083
        ],
        [
            0.07852025330066681,
            0.09843870252370834,
            -0.06901901960372925
        ],
        [
            0.07385271042585373,
            0.09541645646095276,
            -0.07043734192848206
        ],
        [
            0.09731367230415344,
            0.07852372527122498,
            -0.05611609295010567
        ],
        [
            0.10256920009851456,
            0.07603966444730759,
            -0.059268660843372345
        ],
        [
            0.09837102144956589,
            0.08108177781105042,
            -0.06290969252586365
        ],
        [
            0.09360705316066742,
            0.08152744174003601,
            -0.05951254814863205
        ],
        [
            0.10280700027942657,
            0.07353556901216507,
            -0.06534914672374725
        ],
        [
            0.09946554154157639,
            0.07863740622997284,
            -0.0685625895857811
        ],
        [
            0.07347139716148376,
            0.0874318778514862,
            -0.07161813229322433
        ],
        [
            0.07506812363862991,
            0.08408866077661514,
            -0.07824704796075821
        ],
        [
            0.0794699639081955,
            0.07262872904539108,
            -0.07027794420719147
        ],
        [
            0.07877930253744125,
            0.07826966047286987,
            -0.06454776227474213
        ],
        [
            0.06933294236660004,
            0.015567697584629059,
            -0.015439599752426147
        ],
        [
            0.06312990933656693,
            0.01671605557203293,
            -0.006257545202970505
        ],
        [
            0.058370381593704224,
            0.02925485000014305,
            -0.012663368135690689
        ],
        [
            0.05301744490861893,
            0.040767375379800797,
            -0.019012579694390297
        ],
        [
            0.0495108999311924,
            0.052403297275304794,
            -0.025014307349920273
        ],
        [
            0.05461127683520317,
            0.05002085119485855,
            -0.0360545888543129
        ],
        [
            0.05507062003016472,
            0.029354751110076904,
            -0.005272414535284042
        ],
        [
            0.07911738753318787,
            0.0730045810341835,
            -0.059703484177589417
        ],
        [
            0.08260548114776611,
            0.0651739090681076,
            -0.06431038677692413
        ],
        [
            0.07805899530649185,
            0.06636440753936768,
            -0.061058446764945984
        ],
        [
            0.08188392221927643,
            0.04600842669606209,
            -0.0008653141558170319
        ],
        [
            0.09190388023853302,
            0.09274550527334213,
            -0.07820148020982742
        ],
        [
            0.1055106669664383,
            -0.009488031268119812,
            -0.01597318798303604
        ],
        [
            0.09270566701889038,
            -0.010858163237571716,
            -0.01264888048171997
        ],
        [
            0.09287777543067932,
            -0.003716990351676941,
            -0.01782187819480896
        ],
        [
            0.10746416449546814,
            -0.0016005933284759521,
            -0.02098488062620163
        ],
        [
            0.08680634945631027,
            0.09623514115810394,
            -0.0682133287191391
        ],
        [
            0.09123727679252625,
            0.0956801325082779,
            -0.07266156375408173
        ],
        [
            0.05771149694919586,
            0.07251022011041641,
            -0.021143456920981407
        ],
        [
            0.05552111938595772,
            0.0752536952495575,
            -0.02680777572095394
        ],
        [
            0.05147214233875275,
            0.07427965104579926,
            -0.02659251168370247
        ],
        [
            0.0518740676343441,
            0.07371070235967636,
            -0.01940370351076126
        ],
        [
            0.061166856437921524,
            0.01668728142976761,
            -0.0006590820848941803
        ],
        [
            0.04096493497490883,
            0.05767262354493141,
            -0.007099378854036331
        ],
        [
            0.04139406234025955,
            0.054128244519233704,
            -0.016566365957260132
        ],
        [
            0.06763564050197601,
            0.005683250725269318,
            -0.0009045042097568512
        ],
        [
            0.07270771265029907,
            0.004184991121292114,
            -0.009150851517915726
        ],
        [
            0.07475268095731735,
            -0.0039313361048698425,
            -0.004155728965997696
        ],
        [
            0.061874568462371826,
            0.057233840227127075,
            -0.0479300394654274
        ],
        [
            0.07387218624353409,
            0.01694309338927269,
            -0.02272401936352253
        ],
        [
            0.07746793329715729,
            0.005163960158824921,
            -0.015100259333848953
        ],
        [
            0.08013631403446198,
            -0.0045105814933776855,
            -0.009412821382284164
        ],
        [
            0.08118298649787903,
            -0.011693499982357025,
            -0.005258813500404358
        ],
        [
            0.07525929808616638,
            -0.010233297944068909,
            0.0001789964735507965
        ],
        [
            0.07949801534414291,
            0.08482647687196732,
            -0.0818404108285904
        ],
        [
            0.07339261472225189,
            0.08920245617628098,
            -0.08080562204122543
        ],
        [
            0.07467610388994217,
            -0.018318109214305878,
            0.004348184913396835
        ],
        [
            0.08179353177547455,
            -0.019273608922958374,
            -0.0015663132071495056
        ],
        [
            0.08424486219882965,
            0.006173349916934967,
            -0.021293599158525467
        ],
        [
            0.09352999180555344,
            0.008173637092113495,
            -0.027790021151304245
        ],
        [
            0.08055976033210754,
            0.017681289464235306,
            -0.028280645608901978
        ],
        [
            0.08932970464229584,
            0.020507559180259705,
            -0.035465359687805176
        ],
        [
            0.06894638389348984,
            0.05220402032136917,
            -0.05403527617454529
        ],
        [
            0.0668683797121048,
            0.10532136261463165,
            -0.08555751293897629
        ],
        [
            0.06972215324640274,
            0.0962766483426094,
            -0.07917353510856628
        ],
        [
            0.07136689126491547,
            0.09930357336997986,
            -0.07448204606771469
        ],
        [
            0.0666578859090805,
            0.10703620314598083,
            -0.08157414197921753
        ],
        [
            0.07176294922828674,
            0.09180277585983276,
            -0.07472968101501465
        ],
        [
            0.07219374924898148,
            0.09389018267393112,
            -0.08386750519275665
        ],
        [
            0.10372551530599594,
            0.024728253483772278,
            -0.04012845456600189
        ],
        [
            0.0822758674621582,
            0.07911577820777893,
            -0.05268273130059242
        ],
        [
            0.11109872162342072,
            0.012627966701984406,
            -0.03020988404750824
        ],
        [
            0.11958886682987213,
            0.03456202894449234,
            -0.044516950845718384
        ],
        [
            0.12562592327594757,
            0.026389315724372864,
            -0.035131342709064484
        ],
        [
            0.11998394876718521,
            0.0012837126851081848,
            -0.019485406577587128
        ],
        [
            0.12924142181873322,
            0.014232806861400604,
            -0.024165526032447815
        ],
        [
            0.11612284928560257,
            -0.013090439140796661,
            -0.010311037302017212
        ],
        [
            0.11643748730421066,
            -0.005999118089675903,
            -0.015243060886859894
        ],
        [
            0.1385902613401413,
            0.028705496340990067,
            -0.02573826164007187
        ],
        [
