{
    "pred_cam": [
        6.910671234130859,
        -0.1285027712583542,
        -0.06357552856206894
    ],
    "pred_mano_params": {
        "global_orient": [
            [
                [
                    0.7906396389007568,
                    -0.609434962272644,
                    0.05897536501288414
                ],
                [
                    -0.6078025698661804,
                    -0.7928358912467957,
                    -0.04457971453666687
                ],
                [
                    0.07392621785402298,
                    -0.0005988902412354946,
                    -0.9972636103630066
                ]
            ]
        ],
        "hand_pose": [
            [
                [
                    0.5953742265701294,
                    -0.6317061185836792,
                    -0.4964643120765686
                ],
                [
                    0.7051761150360107,
                    0.7069803476333618,
                    -0.05390142649412155
                ],
                [
                    0.38504040241241455,
                    -0.31800326704978943,
                    0.8663819432258606
                ]
            ],
            [
                [
                    0.9974610209465027,
                    -0.03869746997952461,
                    0.05978361889719963
                ],
                [
                    0.05086579918861389,
                    0.9746730923652649,
                    -0.2177729606628418
                ],
                [
                    -0.049842216074466705,
                    0.22026096284389496,
                    0.9741668105125427
                ]
            ],
            [
                [
                    0.9253703355789185,
                    -0.3619507849216461,
                    0.11261194199323654
                ],
                [
                    0.3732079565525055,
                    0.9219604134559631,
                    -0.10346405953168869
                ],
                [
                    -0.06637486070394516,
                    0.13777023553848267,
                    0.988237738609314
                ]
            ],
            [
                [
                    0.5550051927566528,
                    -0.8223720192909241,
                    -0.1251942366361618
                ],
                [
                    0.831352949142456,
                    0.5535435676574707,
                    0.049414314329624176
                ],
                [
                    0.028663523495197296,
                    -0.1315057873725891,
                    0.990900993347168
                ]
            ],
            [
                [
                    0.9703278541564941,
                    -0.05092671513557434,
                    -0.2363688051700592
                ],
                [
                    0.09643260389566422,
                    0.9779649972915649,
                    0.18516293168067932
                ],
                [
                    0.22173066437244415,
                    -0.20246243476867676,
                    0.9538576602935791
                ]
            ],
            [
                [
                    0.9028197526931763,
                    -0.2596818506717682,
                    0.3427562117576599
                ],
                [
                    0.2241552621126175,
                    0.9644103050231934,
                    0.14023970067501068
                ],
                [
                    -0.366975337266922,
                    -0.049780555069446564,
                    0.9288977384567261
                ]
            ],
            [
                [
                    0.5081760883331299,
                    -0.6886736750602722,
                    0.517190158367157
                ],
                [
                    0.5032277703285217,
                    0.7247641086578369,
                    0.47061532735824585
                ],
                [
                    -0.6989412307739258,
                    0.021108990535140038,
                    0.7148674726486206
                ]
            ],
            [
                [
                    0.9436379671096802,
                    -0.13073855638504028,
                    -0.3040637671947479
                ],
                [
                    0.1612013578414917,
                    0.9838951230049133,
                    0.0772295594215393
                ],
                [
                    0.2890700101852417,
                    -0.12189224362373352,
                    0.9495159983634949
                ]
            ],
            [
                [
                    0.9214328527450562,
                    -0.29316699504852295,
                    0.2549796998500824
                ],
                [
                    0.13019859790802002,
                    0.8512920141220093,
                    0.5082815885543823
                ],
                [
                    -0.3660735785961151,
                    -0.43514934182167053,
                    0.8225783705711365
                ]
            ],
            [
                [
                    0.6590074896812439,
                    -0.685967206954956,
                    0.30847689509391785
                ],
                [
                    0.6879580616950989,
                    0.7155215740203857,
                    0.12141861766576767
                ],
                [
                    -0.30401110649108887,
                    0.13220340013504028,
                    0.9434507489204407
                ]
            ],
            [
                [
                    0.9286753535270691,
                    -0.24039611220359802,
                    -0.2824389934539795
                ],
                [
                    0.3220239579677582,
                    0.9004349708557129,
                    0.2924336791038513
                ],
                [
                    0.18401803076267242,
                    -0.36252808570861816,
                    0.9136250615119934
                ]
            ],
            [
                [
                    0.7794180512428284,
                    -0.5285840630531311,
                    0.3363130986690521
                ],
                [
                    0.3473387360572815,
                    0.8113340735435486,
                    0.4702051281929016
                ],
                [
                    -0.5214051604270935,
                    -0.24967174232006073,
                    0.8159661293029785
                ]
            ],
            [
                [
                    0.7340486645698547,
                    -0.19564040005207062,
                    -0.6503056883811951
                ],
                [
                    -0.4967799186706543,
                    0.4982050955295563,
                    -0.7106345891952515
                ],
                [
                    0.4630144536495209,
                    0.8446990847587585,
                    0.26851657032966614
                ]
            ],
            [
                [
                    0.8310965299606323,
                    -0.5262680649757385,
                    0.17977873980998993
                ],
                [
                    0.40012675523757935,
                    0.7903686165809631,
                    0.4639137387275696
                ],
                [
                    -0.3862345218658447,
                    -0.3136228322982788,
                    0.8674465417861938
                ]
            ],
            [
                [
                    0.9963364601135254,
                    -0.08522698283195496,
                    -0.007075779605656862
                ],
                [
                    0.06487742811441422,
                    0.8071569204330444,
                    -0.5867611765861511
                ],
                [
                    0.05571914091706276,
                    0.5841524600982666,
                    0.8097291588783264
                ]
            ]
        ],
        "betas": [
            0.06887587904930115,
            -0.006863206624984741,
            -0.046781688928604126,
            -0.04136809706687927,
            0.2178087830543518,
            0.11138980835676193,
            -0.21925663948059082,
            0.2342047393321991,
            -0.04187777638435364,
            -0.06756335496902466
        ]
    },
    "pred_cam_t": [
        -0.1285027712583542,
        -0.06357552856206894,
        5.652490139007568
    ],
    "focal_length": [
        5000.0,
        5000.0
    ],
    "pred_keypoints_3d": [
        [
            0.09543544054031372,
            0.006408979184925556,
            0.006161644589155912
        ],
        [
            0.08715404570102692,
            0.03203510865569115,
            -0.02137310616672039
        ],
        [
            0.06733757257461548,
            0.05555719509720802,
            -0.02159026265144348
        ],
        [
            0.05669638514518738,
            0.08014529943466187,
            -0.01795049197971821
        ],
        [
            0.05324690416455269,
            0.11446118354797363,
            -0.008771066553890705
        ],
        [
            0.030375130474567413,
            0.06299223005771637,
            -0.02098025381565094
        ],
        [
            0.023925168439745903,
            0.09355998784303665,
            -0.010692214593291283
        ],
        [
            0.02457873895764351,
            0.11477014422416687,
            -0.004365256987512112
        ],
        [
            0.032272979617118835,
            0.13838958740234375,
            0.0004467600956559181
        ],
        [
            0.021605513989925385,
            0.0651070848107338,
            0.0023951258044689894
        ],
        [
            0.022272281348705292,
            0.09629738330841064,
            0.007849100045859814
        ],
        [
            0.02846747264266014,
            0.11717270314693451,
            0.015912048518657684
        ],
        [
            0.03448423743247986,
            0.1420939564704895,
            0.015153053216636181
        ],
        [
            0.0318094938993454,
            0.06025281548500061,
            0.026443004608154297
        ],
        [
            0.026357365772128105,
            0.08793435990810394,
            0.02093672752380371
        ],
        [
            0.03335868567228317,
            0.11105754971504211,
            0.026142187416553497
        ],
        [
            0.045657120645046234,
            0.13078391551971436,
            0.018225792795419693
        ],
        [
            0.04459540918469429,
            0.057907793670892715,
            0.04385245591402054
        ],
        [
            0.041601959615945816,
            0.07842016220092773,
            0.03994852304458618
        ],
        [
            0.042662613093853,
            0.0972880944609642,
            0.041441772133111954
        ],
        [
            0.049970995634794235,
            0.11485762894153595,
            0.03472249209880829
        ]
    ],
    "pred_vertices": [
        [
            0.06770679354667664,
            0.04674916714429855,
            -0.012219483032822609
        ],
        [
            0.07789967954158783,
            0.0396558903157711,
            -0.009772960096597672
        ],
        [
            0.07310599088668823,
            0.04527737945318222,
            -0.011441788636147976
        ],
        [
            0.06475219130516052,
            0.051070623099803925,
            -0.016926685348153114
        ],
        [
            0.0916033536195755,
            0.048386506736278534,
            -0.011695374734699726
        ],
        [
            0.09712789207696915,
            0.048612069338560104,
            -0.022310618311166763
        ],
        [
            0.08378111571073532,
            0.059746596962213516,
            -0.02175673097372055
        ],
        [
            0.08197123557329178,
            0.05754964053630829,
            -0.01152823492884636
        ],
        [
            0.05985325202345848,
            0.05356202274560928,
            -0.019357461482286453
        ],
        [
            0.06838805973529816,
            0.05096917971968651,
            -0.012538504786789417
        ],
        [
            0.05537611246109009,
            0.052327174693346024,
            -0.01912682130932808
        ],
        [
            0.04576463624835014,
            0.050392035394907,
            -0.028429064899683
        ],
        [
            0.050849154591560364,
            0.05506782978773117,
            -0.025870468467473984
        ],
        [
            0.03807126358151436,
            0.05217810720205307,
            -0.030553771182894707
        ],
        [
            0.045288726687431335,
            0.04033677279949188,
            -0.030190879479050636
        ],
        [
            0.032246775925159454,
            0.045608893036842346,
            -0.02794840931892395
        ],
        [
            0.04324410483241081,
            0.026583880186080933,
            -0.010060318745672703
        ],
        [
            0.04486798495054245,
            0.024612095206975937,
            0.003195634111762047
        ],
        [
            0.03095724992454052,
            0.03545553609728813,
            0.004156114067882299
        ],
        [
            0.031209170818328857,
            0.03725985437631607,
            -0.009387803263962269
        ],
        [
            0.040881745517253876,
            0.03266865387558937,
            0.02240058407187462
        ],
        [
            0.03486766666173935,
            0.03466949239373207,
            0.012425018474459648
        ],
        [
            0.04763975366950035,
            0.022889137268066406,
            0.011523455381393433
        ],
        [
            0.052492111921310425,
            0.02181229367852211,
            0.020441219210624695
        ],
        [
            0.07176615297794342,
            0.04210016876459122,
            0.0002642448525875807
        ],
        [
            0.08152596652507782,
            0.03582669049501419,
            0.0012581315822899342
        ],
        [
            0.08045492321252823,
            0.03581063076853752,
            -0.003958836663514376
        ],
        [
            0.07084577530622482,
            0.042771369218826294,
            -0.004804894328117371
        ],
        [
            0.05471845716238022,
            0.05669087544083595,
            -0.022282341495156288
        ],
        [
            0.056897349655628204,
            0.04466059058904648,
            -0.030313819646835327
        ],
        [
            0.053443342447280884,
            0.047716811299324036,
            -0.024955863133072853
        ],
        [
            0.05566571652889252,
            0.05845716595649719,
            -0.0171742495149374
        ],
        [
            0.10582762956619263,
            0.0272064246237278,
            0.012470968067646027
        ],
        [
            0.11164689064025879,
            0.015222571790218353,
            0.011173373088240623
        ],
        [
            0.11126373708248138,
            0.01499442383646965,
            0.0052540479227900505
        ],
        [
            0.10590469837188721,
            0.025673996657133102,
            0.0075007472187280655
        ],
        [
            0.10995946079492569,
            0.027039216831326485,
            -0.01623208448290825
        ],
        [
            0.11129941791296005,
            0.015138916671276093,
            -0.013410961255431175
        ],
        [
            0.10972640663385391,
            0.005316242575645447,
            -0.022100146859884262
        ],
        [
            0.10532128810882568,
            0.015778351575136185,
            -0.02649829350411892
        ],
        [
            0.10506178438663483,
            0.03901566565036774,
            -0.019976649433374405
        ],
        [
            0.10289425402879715,
            0.030878331512212753,
            -0.030314534902572632
        ],
        [
            0.09451764822006226,
            0.04442739486694336,
            -0.03236018866300583
        ],
        [
            0.08109014481306076,
            0.05836505815386772,
            -0.030407968908548355
        ],
        [
            0.11088472604751587,
            0.013371586799621582,
            0.02375921607017517
        ],
        [
            0.10691317170858383,
            0.022290781140327454,
            0.026534447446465492
        ],
        [
            0.030577704310417175,
            0.10091106593608856,
            -0.015991736203432083
        ],
        [
            0.03286338225007057,
            0.10051115602254868,
            -0.010675313882529736
        ],
        [
            0.0341658852994442,
            0.09540916979312897,
            -0.01308886706829071
        ],
        [
            0.031130922958254814,
            0.09672697633504868,
            -0.01786140352487564
        ],
        [
            0.09625760465860367,
            0.006722263991832733,
            0.035638824105262756
        ],
        [
            0.0892276018857956,
            -0.00034341961145401,
            0.03464046120643616
        ],
        [
            0.09557068347930908,
            -0.003898046910762787,
            0.03539673611521721
        ],
        [
            0.102395199239254,
            0.002470254898071289,
            0.0344906747341156
        ],
        [
            0.08820053935050964,
            0.012431833893060684,
            0.03699192777276039
        ],
        [
            0.08079027384519577,
            0.005067490041255951,
            0.03301987424492836
        ],
        [
            0.018015503883361816,
            0.10019180178642273,
            -0.015155036933720112
        ],
        [
            0.02202226221561432,
            0.1013825535774231,
            -0.018087267875671387
        ],
        [
            0.021238252520561218,
            0.09628988057374954,
            -0.01944183185696602
        ],
        [
            0.01787729747593403,
            0.09439364820718765,
            -0.015922367572784424
        ],
        [
            0.05603591352701187,
            0.05633559077978134,
            -0.021550508216023445
        ],
        [
            0.05972379446029663,
            0.054083894938230515,
            -0.014265188947319984
        ],
        [
            0.042234696447849274,
            0.06601924449205399,
            -0.02330339513719082
        ],
        [
            0.048086341470479965,
            0.061335112899541855,
            -0.018276840448379517
        ],
        [
            0.04757468402385712,
            0.059846580028533936,
            -0.025012891739606857
        ],
        [
            0.041578199714422226,
            0.06355179101228714,
            -0.028155917301774025
        ],
        [
            0.05343327671289444,
            0.05536797642707825,
            0.003875547321513295
        ],
        [
            0.06249866262078285,
            0.04815920814871788,
            0.00349451694637537
        ],
        [
            0.06057025492191315,
            0.04972505569458008,
            -0.0025330984499305487
        ],
        [
            0.05102211609482765,
            0.05839445814490318,
            -0.003818230703473091
        ],
        [
            0.06686589121818542,
            0.048221245408058167,
            0.01692112348973751
        ],
        [
            0.05723411589860916,
            0.054855071008205414,
            0.01621915027499199
        ],
        [
            0.06079821288585663,
            0.05404685065150261,
            0.023939091712236404
        ],
        [
            0.06763193011283875,
            0.05027393251657486,
            0.023034796118736267
        ],
        [
            0.04036059230566025,
            0.06492841243743896,
            0.011929974891245365
        ],
        [
            0.03551989793777466,
            0.06775790452957153,
            0.011360506527125835
        ],
        [
            0.03663071244955063,
            0.06863608211278915,
            0.014378301799297333
        ],
        [
            0.04174482077360153,
            0.06448002904653549,
            0.015476124361157417
        ],
        [
            0.10124476253986359,
            -0.008238047361373901,
            0.035662006586790085
        ],
        [
            0.10797154903411865,
            -0.0018469169735908508,
            0.032469600439071655
        ],
        [
            0.051986731588840485,
            0.03322197496891022,
            0.04101116582751274
        ],
        [
            0.06172724813222885,
            0.03533931076526642,
            0.04594782367348671
        ],
        [
            0.05211601033806801,
            0.044441141188144684,
            0.04938770458102226
        ],
        [
            0.043565668165683746,
            0.039415158331394196,
            0.04328082129359245
        ],
        [
            0.08258963376283646,
            -0.004749134182929993,
            0.028079276904463768
        ],
        [
            0.08841296285390854,
            -0.009273484349250793,
            0.030936457216739655
        ],
        [
            0.016383815556764603,
            0.09883738309144974,
            -0.009380210191011429
        ],
        [
            0.017316855490207672,
            0.09292854368686676,
            -0.010154852643609047
        ],
        [
            0.08846105635166168,
            0.03336583450436592,
            -0.03816971927881241
        ],
        [
            0.07595609128475189,
            0.052439603954553604,
            -0.036610834300518036
        ],
        [
            0.09556256979703903,
            0.017330314964056015,
            -0.033966243267059326
        ],
        [
            0.09823039919137955,
            0.005526762455701828,
            -0.028371570631861687
        ],
        [
            0.10203447192907333,
            -0.00371444970369339,
            -0.0251147598028183
        ],
        [
            0.045714788138866425,
            0.06342212855815887,
            -0.012957761995494366
        ],
        [
            0.0632186233997345,
            0.04928945004940033,
            -0.007708956953138113
        ],
        [
            0.07296951115131378,
            0.04177529364824295,
            0.005125435534864664
        ],
        [
            0.07972414791584015,
            0.04616018384695053,
            0.03477061912417412
        ],
        [
            0.08830677717924118,
            0.0402677059173584,
            0.03379911929368973
        ],
        [
            0.08455777168273926,
            0.04344785958528519,
            0.024413730949163437
        ],
        [
            0.0774156004190445,
            0.047449953854084015,
            0.027215367183089256
        ],
        [
            0.06850782781839371,
            0.04252610355615616,
            0.04683816432952881
        ],
        [
            0.07070278376340866,
            0.04864322394132614,
            0.04206296056509018
        ],
        [
            0.06335878372192383,
            0.05339503660798073,
            0.043488338589668274
        ],
        [
            0.059875428676605225,
            0.04904589802026749,
            0.048875775188207626
        ],
        [
            0.056343987584114075,
            0.05797897279262543,
            -0.029325829818844795
        ],
        [
            0.06144513934850693,
            0.04312816262245178,
            -0.035226404666900635
        ],
        [
            0.10316893458366394,
            0.014221172779798508,
            0.032942041754722595
        ],
        [
            0.10813355445861816,
            0.00924888625741005,
            0.029686717316508293
        ],
        [
            0.11279263347387314,
            0.0023264214396476746,
            0.028065459802746773
        ],
        [
            0.09468771517276764,
            0.03199121356010437,
            0.005100846756249666
        ],
        [
            0.10622046142816544,
            0.02480011060833931,
            0.003844704944640398
        ],
        [
            0.10626624524593353,
            0.026025284081697464,
            -0.0009435575921088457
        ],
        [
            0.09413189440965652,
            0.03098253533244133,
            0.001562880934216082
        ],
        [
            0.08922702074050903,
            0.037475962191820145,
            -0.007212481927126646
        ],
        [
            0.10145141929388046,
            0.03776826709508896,
            -0.010101985186338425
        ],
        [
            0.08172114938497543,
            0.04541809484362602,
            -0.006504795514047146
        ],
        [
            0.11207551509141922,
            0.013873308897018433,
            -0.003012088593095541
        ],
        [
            0.11778518557548523,
            0.007156547158956528,
            0.004137199372053146
        ],
        [
            0.11697329580783844,
            0.005936004221439362,
            -0.004631353542208672
        ],
        [
            0.11744436621665955,
            0.0064429715275764465,
            0.013857454061508179
        ],
        [
            0.11599470674991608,
            0.005010470747947693,
            0.022479325532913208
        ],
        [
            0.09287431836128235,
            -0.016328252851963043,
            0.03310266137123108
        ],
        [
            0.11455824226140976,
            0.004503235220909119,
            -0.012393773533403873
        ],
        [
            0.07559150457382202,
            0.06352917104959488,
            -0.012763764709234238
        ],
        [
            0.07105854153633118,
            0.07012175768613815,
            -0.014376463368535042
        ],
        [
            0.06578261405229568,
            0.06594938784837723,
            -0.010025273077189922
        ],
        [
            0.07005076855421066,
            0.0587119534611702,
            -0.008123195730149746
        ],
        [
            0.03012050688266754,
            0.057723697274923325,
            -0.02998989075422287
        ],
        [
            0.03684500977396965,
            0.06175093725323677,
            -0.03081783838570118
        ],
        [
            0.04443613439798355,
            0.05630869418382645,
            -0.029825789853930473
        ],
        [
            0.09842760860919952,
            0.03416416794061661,
            0.018106820061802864
        ],
        [
            0.09993471205234528,
            0.02987133339047432,
            0.02966947853565216
        ],
        [
            0.040564220398664474,
            0.06765738874673843,
            -0.017816344276070595
        ],
        [
            0.017307845875620842,
            0.08893918991088867,
            -0.0164075568318367
        ],
        [
            0.020970631390810013,
            0.0907704085111618,
            -0.020647035911679268
        ],
        [
            0.024576881900429726,
            0.0726948231458664,
            -0.027394475415349007
        ],
        [
            0.019868697971105576,
            0.07142100483179092,
            -0.022546451538801193
        ],
        [
            0.034305453300476074,
            0.06980013847351074,
            -0.01174287311732769
        ],
        [
            0.039164818823337555,
            0.06973329931497574,
            -0.017152223736047745
        ],
        [
            0.038404710590839386,
            0.07096248865127563,
            -0.015470691956579685
        ],
        [
            0.03601711988449097,
            0.07195019721984863,
            -0.009396776556968689
        ],
        [
            0.04103409871459007,
            0.06711844354867935,
            0.02237592451274395
        ],
        [
            0.045889485627412796,
            0.0631166398525238,
            0.023159904405474663
        ],
        [
            0.022683026269078255,
            0.050683535635471344,
            -0.00788944959640503
        ],
        [
            0.021079856902360916,
            0.047682181000709534,
            -0.019992632791399956
        ],
        [
            0.03078356385231018,
            0.03872918337583542,
            -0.020784076303243637
        ],
        [
            0.05592232197523117,
            0.054258909076452255,
            0.010801367461681366
        ],
        [
            0.047901540994644165,
            0.06057274341583252,
            0.011949666775763035
        ],
        [
            0.04899580031633377,
            0.06014105677604675,
            0.015964927151799202
        ],
        [
            0.042843133211135864,
            0.06505219638347626,
            -0.009661081247031689
        ],
        [
            0.03823171183466911,
            0.0681467279791832,
            -0.011909646913409233
        ],
        [
            0.0382804274559021,
            0.06680870801210403,
            -0.006523404270410538
        ],
        [
            0.043952807784080505,
            0.063649021089077,
            -0.004305200185626745
        ],
        [
            0.07101911306381226,
            0.026173487305641174,
            0.04328995198011398
        ],
        [
            0.07879069447517395,
            0.03474007919430733,
            0.044757042080163956
        ],
        [
            0.02659524604678154,
            0.10143125057220459,
            -0.018565602600574493
        ],
        [
            0.026309477165341377,
            0.09684145450592041,
            -0.020200254395604134
        ],
        [
            0.06484375894069672,
            0.04728689789772034,
            0.01025521568953991
        ],
        [
            0.0434362068772316,
            0.030172698199748993,
            -0.020150544121861458
        ],
        [
            0.07461787015199661,
            0.041593339294195175,
            0.010344991460442543
        ],
        [
            0.033650025725364685,
            0.05140818655490875,
            0.032114334404468536
        ],
        [
            0.03833663463592529,
            0.05760413780808449,
            0.034390516579151154
        ],
        [
            0.03569038584828377,
            0.06336765736341476,
            0.03273402899503708
        ],
        [
            0.030535800382494926,
            0.06041336804628372,
            0.0314001701772213
        ],
        [
            0.032233551144599915,
            0.08651725202798843,
            -0.004029314033687115
        ],
        [
            0.03541126474738121,
            0.08871695399284363,
            -0.008429800160229206
        ],
        [
            0.03444166108965874,
            0.09390076994895935,
            -0.006974995601922274
        ],
        [
            0.031081687659025192,
            0.09218022227287292,
            -0.0026602940633893013
        ],
        [
            0.039766427129507065,
            0.06950726360082626,
            -0.022883882746100426
        ],
        [
            0.03795742988586426,
            0.06848953664302826,
            -0.0283157080411911
        ],
        [
            0.03637062758207321,
            0.0734880194067955,
            -0.026010436937212944
        ],
        [
            0.03820587694644928,
            0.07273983210325241,
            -0.0203678160905838
        ],
        [
            0.03261105343699455,
            0.06732379645109177,
            -0.03043944574892521
        ],
        [
            0.03069610707461834,
            0.0731569305062294,
            -0.02852168306708336
        ],
        [
            0.026045024394989014,
            0.08508003503084183,
            -0.0026157908141613007
        ],
        [
            0.019122079014778137,
            0.08508197963237762,
            -0.00546946469694376
        ],
        [
            0.02167804166674614,
            0.06923150271177292,
            -0.009159544482827187
        ],
        [
            0.028999820351600647,
            0.07217267155647278,
            -0.0065236398950219154
        ],
        [
            0.06251998990774155,
            0.010439343750476837,
            0.018931269645690918
        ],
        [
            0.06725510209798813,
            0.011658307164907455,
            0.028857238590717316
        ],
        [
            0.0572490431368351,
            0.022890407592058182,
            0.030766868963837624
        ],
        [
            0.04650922864675522,
            0.033189475536346436,
            0.03354484587907791
        ],
        [
            0.036942943930625916,
            0.043496955186128616,
            0.03482823446393013
        ],
        [
            0.03061036951839924,
            0.041172318160533905,
            0.024688174948096275
        ],
        [
            0.06203896552324295,
            0.02315511181950569,
            0.037386830896139145
        ],
        [
            0.027062861248850822,
            0.06422579288482666,
            -0.007862742990255356
        ],
        [
            0.02243007719516754,
            0.059023644775152206,
            -0.011600579135119915
        ],
        [
            0.023141440004110336,
            0.05894455313682556,
            -0.0077873533591628075
        ],
        [
            0.07714633643627167,
            0.04311096668243408,
            0.01718759723007679
        ],
        [
            0.02598407119512558,
            0.09148979187011719,
            -0.021941497921943665
        ],
        [
            0.083362877368927,
            -0.0094904825091362,
            -0.014589738100767136
        ],
        [
            0.08031335473060608,
            -0.012564823031425476,
            -0.0014959489926695824
        ],
        [
            0.07488104701042175,
            -0.0058946385979652405,
            -0.004009919241070747
        ],
        [
            0.07883033156394958,
            -0.0013909712433815002,
            -0.018830403685569763
        ],
        [
            0.03536289557814598,
            0.09039328992366791,
            -0.01504817046225071
        ],
        [
            0.03206199035048485,
            0.09167393296957016,
            -0.020214825868606567
        ],
        [
            0.04698041081428528,
            0.06414280086755753,
            0.029494937509298325
        ],
        [
            0.04180224984884262,
            0.06776386499404907,
            0.02797102928161621
        ],
        [
            0.03995397314429283,
            0.06794675439596176,
            0.030675161629915237
        ],
        [
            0.04581287503242493,
            0.06639298051595688,
            0.034210238605737686
        ],
        [
            0.07112210988998413,
            0.011900786310434341,
            0.03331761807203293
        ],
        [
            0.048153385519981384,
            0.05310063064098358,
            0.04984439164400101
        ],
        [
            0.04022017866373062,
            0.047415703535079956,
            0.044701989740133286
        ],
        [
            0.07573582231998444,
            0.001813046634197235,
            0.026867251843214035
        ],
        [
            0.07132165133953094,
            0.00017730146646499634,
            0.01837802864611149
        ],
        [
            0.07780618220567703,
            -0.007187873125076294,
            0.018596217036247253
        ],
        [
            0.024675387889146805,
            0.048096831887960434,
            0.012678633444011211
        ],
        [
            0.05828937143087387,
            0.011720865964889526,
            0.01147226057946682
        ],
        [
            0.06835570186376572,
            0.0011535808444023132,
            0.011404266580939293
        ],
        [
            0.07601094245910645,
            -0.007560469210147858,
            0.011374633759260178
        ],
        [
            0.08114072680473328,
            -0.014238134026527405,
            0.012119783088564873
        ],
        [
            0.08270242810249329,
            -0.013062119483947754,
            0.01997346803545952
        ],
        [
            0.01717815175652504,
            0.0870150700211525,
            -0.010418460704386234
        ],
        [
            0.019097905606031418,
            0.09149038046598434,
            -0.004140195436775684
        ],
        [
            0.08723338693380356,
            -0.020838014781475067,
            0.0220598503947258
        ],
        [
            0.08580440282821655,
            -0.021423734724521637,
            0.012953636236488819
        ],
        [
            0.06622784584760666,
            0.0024455413222312927,
            0.0024804952554404736
        ],
        [
            0.06491713225841522,
            0.004949372261762619,
            -0.008907516486942768
        ],
        [
            0.056727588176727295,
            0.012756172567605972,
            0.0029122252017259598
        ],
        [
            0.05438944324851036,
            0.015774913132190704,
            -0.007979106158018112
        ],
        [
            0.02014494314789772,
            0.043795857578516006,
            0.003492549527436495
        ],
        [
            0.02097325026988983,
            0.10893584787845612,
            0.001793093979358673
        ],
        [
            0.022818535566329956,
            0.09768976271152496,
            2.0206905901432037e-05
        ],
        [
            0.02855631895363331,
            0.09807772934436798,
            -0.0006950888782739639
        ],
        [
            0.025113152340054512,
            0.10856248438358307,
            0.0028424086049199104
        ],
        [
            0.02533658780157566,
            0.09114541858434677,
            -0.0014315713196992874
        ],
        [
            0.01812613010406494,
            0.09749261289834976,
            -0.0033222679048776627
        ],
        [
            0.05594950169324875,
            0.02086559683084488,
            -0.021431446075439453
        ],
        [
            0.03376748412847519,
            0.06913761794567108,
            -0.007368697319179773
        ],
        [
            0.06986640393733978,
            0.012509211897850037,
            -0.025240514427423477
        ],
        [
            0.05404537171125412,
            0.0313640758395195,
            -0.03207375854253769
        ],
        [
            0.06571567803621292,
            0.02792680263519287,
            -0.03496277704834938
        ],
        [
            0.08525361120700836,
            0.0063162147998809814,
            -0.030046634376049042
        ],
        [
            0.07979024946689606,
            0.022292636334896088,
            -0.03773166984319687
        ],
        [
            0.09379040449857712,
            -0.010677039623260498,
            -0.021225441247224808
        ],
        [
            0.08873268961906433,
            -0.0028813928365707397,
            -0.0243066418915987
        ],
        [
            0.07241897284984589,
            0.03854556009173393,
