{
    "pred_cam": [
        8.842369079589844,
        -0.08506853878498077,
        -0.07147549092769623
    ],
    "pred_mano_params": {
        "global_orient": [
            [
                [
                    0.451185017824173,
                    -0.5426214337348938,
                    0.708515465259552
                ],
                [
                    -0.6457898616790771,
                    -0.7464668154716492,
                    -0.16044563055038452
                ],
                [
                    0.615944504737854,
                    -0.3851613998413086,
                    -0.6872140765190125
                ]
            ]
        ],
        "hand_pose": [
            [
                [
                    0.6064191460609436,
                    -0.7335748076438904,
                    -0.3067960739135742
                ],
                [
                    0.7232489585876465,
                    0.6692017912864685,
                    -0.17052848637104034
                ],
                [
                    0.3304038345813751,
                    -0.1184781938791275,
                    0.9363740086555481
                ]
            ],
            [
                [
                    0.8831464648246765,
                    -0.36978527903556824,
                    0.2886367738246918
                ],
                [
                    0.4256007671356201,
                    0.890380859375,
                    -0.16151145100593567
                ],
                [
                    -0.19727207720279694,
                    0.2654823064804077,
                    0.9437175989151001
                ]
            ],
            [
                [
                    0.6894941926002502,
                    -0.7174103856086731,
                    0.09959989041090012
                ],
                [
                    0.7141028046607971,
                    0.6503532528877258,
                    -0.2590324878692627
                ],
                [
                    0.12105745822191238,
                    0.24972595274448395,
                    0.9607195854187012
                ]
            ],
            [
                [
                    0.676852822303772,
                    -0.7139708399772644,
                    -0.17920918762683868
                ],
                [
                    0.7224763035774231,
                    0.6909742951393127,
                    -0.024136092513799667
                ],
                [
                    0.14106141030788422,
                    -0.11313780397176743,
                    0.9835149049758911
                ]
            ],
            [
                [
                    0.7597068548202515,
                    -0.6366293430328369,
                    -0.1324712634086609
                ],
                [
                    0.6422045826911926,
                    0.7025769948959351,
                    0.30652713775634766
                ],
                [
                    -0.10207288712263107,
                    -0.31794437766075134,
                    0.942598819732666
                ]
            ],
            [
                [
                    0.7258949875831604,
                    -0.6028409600257874,
                    -0.331148236989975
                ],
                [
                    0.6630699038505554,
                    0.7413005232810974,
                    0.10398004204034805
                ],
                [
                    0.1827969253063202,
                    -0.29505303502082825,
                    0.9378320574760437
                ]
            ],
            [
                [
                    0.5142187476158142,
                    -0.7269911766052246,
                    0.4550415575504303
                ],
                [
                    0.6194992661476135,
                    0.6817573308944702,
                    0.3891368806362152
                ],
                [
                    -0.5931270718574524,
                    0.08179643750190735,
                    0.8009428977966309
                ]
            ],
            [
                [
                    0.8698693513870239,
                    -0.44312527775764465,
                    -0.2167191505432129
                ],
                [
                    0.49165377020835876,
                    0.8145099878311157,
                    0.3079772889614105
                ],
                [
                    0.04004739597439766,
                    -0.37445080280303955,
                    0.9263814687728882
                ]
            ],
            [
                [
                    0.7572340965270996,
                    -0.6491142511367798,
                    0.07243722677230835
                ],
                [
                    0.5973440408706665,
                    0.7331234216690063,
                    0.3251308500766754
                ],
                [
                    -0.26415249705314636,
                    -0.20293022692203522,
                    0.9428905844688416
                ]
            ],
            [
                [
                    0.6969312429428101,
                    -0.712291955947876,
                    0.08322878926992416
                ],
                [
                    0.7150049805641174,
                    0.6991073489189148,
                    -0.0040944586507976055
                ],
                [
                    -0.05526940897107124,
                    0.062362559139728546,
                    0.996522068977356
                ]
            ],
            [
                [
                    0.7874678373336792,
                    -0.599452555179596,
                    -0.14335618913173676
                ],
                [
                    0.5901290774345398,
                    0.6661579608917236,
                    0.4560495615005493
                ],
                [
                    -0.17788223922252655,
                    -0.44372302293777466,
                    0.8783323168754578
                ]
            ],
            [
                [
                    0.6990613341331482,
                    -0.4998375475406647,
                    -0.5113468170166016
                ],
                [
                    0.6812030673027039,
                    0.6829589009284973,
                    0.26368448138237
                ],
                [
                    0.21742944419384003,
                    -0.5326626896858215,
                    0.8179210424423218
                ]
            ],
            [
                [
                    0.9723183512687683,
                    -0.2314971685409546,
                    0.03171788528561592
                ],
                [
                    0.10432621091604233,
                    0.30864739418029785,
                    -0.9454378485679626
                ],
                [
                    0.20907655358314514,
                    0.9225755929946899,
                    0.32425475120544434
                ]
            ],
            [
                [
                    0.9173891544342041,
                    -0.3685302436351776,
                    -0.1502755731344223
                ],
                [
                    0.3801501393318176,
                    0.6996130347251892,
                    0.6050021648406982
                ],
                [
                    -0.11782681941986084,
                    -0.6121495962142944,
                    0.781914234161377
                ]
            ],
            [
                [
                    0.9156640768051147,
                    0.3950454592704773,
                    0.0741509348154068
                ],
                [
                    -0.40170297026634216,
                    0.9057998657226562,
                    0.13476386666297913
                ],
                [
                    -0.013928058557212353,
                    -0.15318508446216583,
                    0.9880993366241455
                ]
            ]
        ],
        "betas": [
            -0.015971511602401733,
            -0.041276007890701294,
            -0.10952159762382507,
            0.005557149648666382,
            0.07461053133010864,
            -0.034192778170108795,
            0.0434800386428833,
            -0.019116252660751343,
            -0.005683004856109619,
            -0.025857001543045044
        ]
    },
    "pred_cam_t": [
        -0.08506853878498077,
        -0.07147549092769623,
        4.4176506996154785
    ],
    "focal_length": [
        5000.0,
        5000.0
    ],
    "pred_keypoints_3d": [
        [
            0.09588295221328735,
            0.00639992393553257,
            0.006198837421834469
        ],
        [
            0.1116829365491867,
            0.02942238748073578,
            -0.020431548357009888
        ],
        [
            0.11949098855257034,
            0.05883510783314705,
            -0.02555905282497406
        ],
        [
            0.12033911794424057,
            0.08585352450609207,
            -0.02823793701827526
        ],
        [
            0.12181281298398972,
            0.11449187994003296,
            -0.05083795264363289
        ],
        [
            0.07350345700979233,
            0.0639883279800415,
            -0.06034506857395172
        ],
        [
            0.06795766949653625,
            0.09663036465644836,
            -0.060227956622838974
        ],
        [
            0.07644042372703552,
            0.11626915633678436,
            -0.054023899137973785
        ],
        [
            0.09045355021953583,
            0.1261509656906128,
            -0.03518575057387352
        ],
        [
            0.05152019485831261,
            0.06928382068872452,
            -0.04928763955831528
        ],
        [
            0.04617251083254814,
            0.10053504258394241,
            -0.0474025122821331
        ],
        [
            0.05844567343592644,
            0.11726566404104233,
            -0.0367315299808979
        ],
        [
            0.07688036561012268,
            0.12203766405582428,
            -0.01929275318980217
        ],
        [
            0.042202532291412354,
            0.06649648398160934,
            -0.024390026926994324
        ],
        [
            0.04019972309470177,
            0.09507608413696289,
            -0.028186272829771042
        ],
        [
            0.05291895568370819,
            0.11283698678016663,
            -0.016319219022989273
        ],
        [
            0.06851392239332199,
            0.11545713245868683,
            0.00436057522892952
        ],
        [
            0.03959771245718002,
            0.06528257578611374,
            -0.002770666964352131
        ],
        [
            0.04146234691143036,
            0.08614020049571991,
            -0.005868392065167427
        ],
        [
            0.04921797290444374,
            0.10175824910402298,
            0.0017269663512706757
        ],
        [
            0.06255632638931274,
            0.10672099888324738,
            0.012723756954073906
        ]
    ],
    "pred_vertices": [
        [
            0.09404095262289047,
            0.049396105110645294,
            -0.028742171823978424
        ],
        [
            0.09852708131074905,
            0.04346723109483719,
            -0.020825162529945374
        ],
        [
            0.10157895088195801,
            0.05109656602144241,
            -0.02368023246526718
        ],
        [
            0.09787242859601974,
            0.05514910817146301,
            -0.03396856039762497
        ],
        [
            0.1141238883137703,
            0.0432179756462574,
            -0.005888432264328003
        ],
        [
            0.12497097253799438,
            0.0383121520280838,
            -0.007664412260055542
        ],
        [
            0.1259365975856781,
            0.053770218044519424,
            -0.01238366961479187
        ],
        [
            0.11691325902938843,
            0.05592592805624008,
            -0.008455522358417511
        ],
        [
            0.10026367008686066,
            0.05951818823814392,
            -0.03770684078335762
        ],
        [
            0.10429034382104874,
            0.05789438635110855,
            -0.025478065013885498
        ],
        [
            0.10175857692956924,
            0.06000847369432449,
            -0.03814765810966492
        ],
        [
            0.09424511343240738,
            0.054894089698791504,
            -0.05409961938858032
        ],
        [
            0.09471126645803452,
            0.058147575706243515,
            -0.04936739057302475
        ],
        [
            0.08760153502225876,
            0.05487306788563728,
            -0.06157674267888069
        ],
        [
            0.09350483119487762,
            0.044383905827999115,
            -0.05538750812411308
        ],
        [
            0.08032092452049255,
            0.04883752763271332,
            -0.0637817531824112
        ],
        [
            0.07118191570043564,
            0.028807740658521652,
            -0.04223456233739853
        ],
        [
            0.06297554075717926,
            0.027617119252681732,
            -0.03115292824804783
        ],
        [
            0.053750958293676376,
            0.03940766304731369,
            -0.04024285823106766
        ],
        [
            0.06335313618183136,
            0.04003745689988136,
            -0.05023821070790291
        ],
        [
            0.04824326932430267,
            0.03803343325853348,
            -0.0200066938996315
        ],
        [
            0.050765737891197205,
            0.03930995985865593,
            -0.03156251087784767
        ],
        [
            0.059154294431209564,
            0.02663109079003334,
            -0.023011621087789536
        ],
        [
            0.056622717529535294,
            0.026248902082443237,
            -0.0130630973726511
        ],
        [
            0.08692818135023117,
            0.04325813800096512,
            -0.015771999955177307
        ],
        [
            0.09188926219940186,
            0.0370686873793602,
            -0.008917059749364853
        ],
        [
            0.09411628544330597,
            0.03798028081655502,
            -0.014660026878118515
        ],
        [
            0.08978857845067978,
            0.0442972294986248,
            -0.02065926045179367
        ],
        [
            0.11166051030158997,
            0.0644431859254837,
            -0.03619077801704407
        ],
        [
            0.10963964462280273,
            0.04926658421754837,
            -0.04401297867298126
        ],
        [
            0.10408665239810944,
            0.054591428488492966,
            -0.04322073981165886
        ],
        [
            0.10922297090291977,
            0.06695772707462311,
            -0.03174711763858795
        ],
        [
            0.10191947966814041,
            0.026970282196998596,
            0.017277296632528305
        ],
        [
            0.10570626705884933,
            0.01442629098892212,
            0.020715724676847458
        ],
        [
            0.10914815217256546,
            0.013429112732410431,
            0.015948083251714706
        ],
        [
            0.10460948944091797,
            0.024731136858463287,
            0.013416700065135956
        ],
        [
            0.12120713293552399,
            0.019520919770002365,
            -0.0006012469530105591
        ],
        [
            0.12057045102119446,
            0.009874571114778519,
            0.002238824963569641
        ],
        [
            0.1247873306274414,
            -0.000349581241607666,
            -0.004658833146095276
        ],
        [
            0.12565599381923676,
            0.008560635149478912,
            -0.01036759465932846
        ],
        [
            0.12284214049577713,
            0.029087591916322708,
            -0.004561424255371094
        ],
        [
            0.12884639203548431,
            0.02093871310353279,
            -0.01299108937382698
        ],
        [
            0.13061101734638214,
            0.03295854851603508,
            -0.015757553279399872
        ],
        [
            0.13055309653282166,
            0.050951119512319565,
            -0.019712738692760468
        ],
        [
            0.09643067419528961,
            0.01409308984875679,
            0.029575571417808533
        ],
        [
            0.09267271310091019,
            0.02356506511569023,
            0.02865520864725113
        ],
        [
            0.07941646873950958,
            0.09793892502784729,
            -0.05697847157716751
        ],
        [
            0.07660818845033646,
            0.09887265413999557,
            -0.051888205111026764
        ],
        [
            0.07715736329555511,
            0.09460149705410004,
            -0.0523277223110199
        ],
        [
            0.07947808504104614,
            0.0948013961315155,
            -0.05769960954785347
        ],
        [
            0.0766868144273758,
            0.009872153401374817,
            0.028564326465129852
        ],
        [
            0.07129934430122375,
            0.0032712146639823914,
            0.023181501775979996
        ],
        [
            0.07501858472824097,
            -0.0005847960710525513,
            0.02814152091741562
        ],
        [
            0.0814758837223053,
            0.005078546702861786,
            0.03196009248495102
        ],
        [
            0.07043370604515076,
            0.01622810587286949,
            0.024028996005654335
        ],
        [
            0.06677103042602539,
            0.009011685848236084,
            0.01615956798195839
        ],
        [
            0.0722716748714447,
            0.10231013596057892,
            -0.0668555423617363
        ],
        [
            0.07690628618001938,
            0.10075411200523376,
            -0.06517278403043747
        ],
        [
            0.07508126646280289,
            0.09654510021209717,
            -0.06672617048025131
        ],
        [
            0.07012876123189926,
            0.09700047224760056,
            -0.06730867177248001
        ],
        [
            0.0935501903295517,
            0.057911720126867294,
            -0.043111082166433334
        ],
        [
            0.09004081785678864,
            0.05524834245443344,
            -0.035255368798971176
        ],
        [
            0.0836789682507515,
            0.06587544083595276,
            -0.05298899859189987
        ],
        [
            0.08456985652446747,
            0.06174560263752937,
            -0.0460796132683754
        ],
        [
            0.08905518800020218,
            0.06010659039020538,
            -0.05117574334144592
        ],
        [
            0.08694367110729218,
            0.06326093524694443,
            -0.0570254847407341
        ],
        [
            0.07268860936164856,
            0.05767602100968361,
            -0.02594396099448204
        ],
        [
            0.0787724107503891,
            0.0498812273144722,
            -0.019694088026881218
        ],
        [
            0.08162827789783478,
            0.0510701909661293,
            -0.02562548778951168
        ],
        [
            0.07646925002336502,
            0.05998246371746063,
            -0.03337050601840019
        ],
        [
            0.07289005815982819,
            0.05114056542515755,
            -0.006841734051704407
        ],
        [
            0.06709577888250351,
            0.05834022909402847,
            -0.014224296435713768
        ],
        [
            0.06439049541950226,
            0.058143578469753265,
            -0.0060593970119953156
        ],
        [
            0.06958064436912537,
            0.053821053355932236,
            -0.0018827803432941437
        ],
        [
            0.0590454563498497,
            0.06936143338680267,
            -0.029515180736780167
        ],
        [
            0.0558256134390831,
            0.07275491952896118,
            -0.03358428180217743
        ],
        [
            0.054279644042253494,
            0.07449736446142197,
            -0.030499514192342758
        ],
        [
            0.057525306940078735,
            0.06922964751720428,
            -0.026100119575858116
        ],
        [
            0.0783858597278595,
            -0.005280457437038422,
            0.03228814899921417
        ],
        [
            0.08631490916013718,
            0.00014087557792663574,
            0.034333351999521255
        ],
        [
            0.043748389929533005,
            0.03984175994992256,
            0.0013256724923849106
        ],
        [
            0.04779674485325813,
            0.04184969142079353,
            0.011608289554715157
        ],
        [
            0.039261773228645325,
            0.05177833139896393,
            0.007241738960146904
        ],
        [
            0.03664185106754303,
            0.04670777544379234,
            -0.003000563010573387
        ],
        [
            0.07021873444318771,
            -0.0013284459710121155,
            0.013942457735538483
        ],
        [
            0.07203636318445206,
            -0.005837634205818176,
            0.02011272683739662
        ],
        [
            0.06678573787212372,
            0.10383976995944977,
            -0.06471910327672958
        ],
        [
            0.06511931866407394,
            0.097768135368824,
            -0.06430476903915405
        ],
        [
            0.12828144431114197,
            0.02450638636946678,
            -0.026421982795000076
        ],
        [
            0.13009996712207794,
            0.04724302887916565,
            -0.028850335627794266
        ],
        [
            0.12464161217212677,
            0.009087324142456055,
            -0.021470703184604645
        ],
        [
            0.12068112939596176,
            -0.0007569864392280579,
            -0.016736768186092377
        ],
        [
            0.12008538097143173,
            -0.008745625615119934,
            -0.011978846043348312
        ],
        [
            0.07906646281480789,
            0.06431932747364044,
            -0.04378875344991684
        ],
        [
            0.0871787890791893,
            0.050447553396224976,
            -0.027804050594568253
        ],
        [
            0.08454298973083496,
            0.043084025382995605,
            -0.011129859834909439
        ],
        [
            0.07001245766878128,
            0.05018681287765503,
            0.01523495465517044
        ],
        [
            0.0762268453836441,
            0.043604087084531784,
            0.02065936103463173
        ],
        [
            0.08027037978172302,
            0.045996762812137604,
            0.011019431054592133
        ],
        [
            0.07361391186714172,
            0.05082281678915024,
            0.008027207106351852
        ],
        [
            0.05304611846804619,
            0.048638634383678436,
            0.016564849764108658
        ],
        [
            0.058670371770858765,
            0.05406307429075241,
            0.014285031706094742
        ],
        [
            0.052761975675821304,
            0.05941034108400345,
            0.010114116594195366
        ],
        [
            0.04592297226190567,
            0.055799685418605804,
            0.011924946680665016
        ],
        [
            0.11843302845954895,
            0.06344574689865112,
            -0.03915804624557495
        ],
        [
            0.1161227747797966,
            0.04544632136821747,
            -0.04357718676328659
        ],
        [
            0.08455487340688705,
            0.016510482877492905,
            0.031068820506334305
        ],
        [
            0.0898326188325882,
            0.010841719806194305,
            0.032187048345804214
        ],
        [
            0.09336704015731812,
            0.003364942967891693,
            0.034227725118398666
        ],
        [
            0.09805120527744293,
            0.03199263662099838,
            0.0031550154089927673
        ],
        [
            0.10651682317256927,
            0.02318580448627472,
            0.010666251182556152
        ],
        [
            0.10864728689193726,
            0.023311655968427658,
            0.006731472909450531
        ],
        [
            0.09863455593585968,
            0.030949033796787262,
            -0.0006962679326534271
        ],
        [
            0.10278602689504623,
            0.03809286281466484,
            -0.01067526638507843
        ],
        [
            0.11152997612953186,
            0.03237567096948624,
            -0.0028504356741905212
        ],
        [
            0.10488058626651764,
            0.04787782207131386,
            -0.011746827512979507
        ],
        [
            0.11454566568136215,
            0.010807272046804428,
            0.010293185710906982
        ],
        [
            0.1137918084859848,
            0.005059592425823212,
            0.019803017377853394
        ],
        [
            0.11878220736980438,
            0.0027543306350708008,
            0.012772861868143082
        ],
        [
            0.10695569962263107,
            0.00551837682723999,
            0.026814930140972137
        ],
        [
            0.09984797984361649,
            0.00516325980424881,
            0.0321626216173172
        ],
        [
            0.07285252213478088,
            -0.012862682342529297,
            0.024899527430534363
        ],
        [
            0.1220553070306778,
            0.0005099698901176453,
            0.005469925701618195
        ],
        [
            0.119399793446064,
            0.0647045373916626,
            -0.012529000639915466
        ],
        [
            0.12153789401054382,
            0.0727415457367897,
            -0.016116151586174965
        ],
        [
            0.11439138650894165,
            0.07232985645532608,
            -0.017443090677261353
        ],
        [
            0.11174771934747696,
            0.06490954011678696,
            -0.014967678114771843
        ],
        [
            0.081325463950634,
            0.05945012345910072,
            -0.06684599071741104
        ],
        [
            0.08625951409339905,
            0.062245771288871765,
            -0.06227754056453705
        ],
        [
            0.0911555141210556,
            0.05767999216914177,
            -0.05669316649436951
        ],
        [
            0.09361289441585541,
            0.03509937971830368,
            0.01619548723101616
        ],
        [
            0.08627118170261383,
            0.031952209770679474,
            0.025969073176383972
        ],
        [
            0.07839905470609665,
            0.06827720999717712,
            -0.05040120333433151
        ],
        [
            0.0686667263507843,
            0.0921735167503357,
            -0.06830098479986191
        ],
        [
            0.07449791580438614,
            0.09190871566534042,
            -0.0676383301615715
        ],
        [
            0.07778375595808029,
            0.07313156127929688,
            -0.06882971525192261
        ],
        [
            0.0708284080028534,
            0.07337166368961334,
            -0.06996683031320572
        ],
        [
            0.0695423111319542,
            0.0721319317817688,
            -0.05147585645318031
        ],
        [
            0.07677195221185684,
            0.0705166608095169,
            -0.05077239125967026
        ],
        [
            0.07526379823684692,
            0.07197491079568863,
            -0.05050268396735191
        ],
        [
            0.06917417794466019,
            0.07433716952800751,
            -0.049024973064661026
        ],
        [
            0.052299950271844864,
            0.07283516228199005,
            -0.021558649837970734
        ],
        [
            0.055415503680706024,
            0.06820914894342422,
            -0.017693564295768738
        ],
        [
            0.05749138444662094,
            0.05395419895648956,
            -0.05574950948357582
        ],
        [
            0.06485792994499207,
            0.05028722062706947,
            -0.06618858873844147
        ],
        [
            0.07205130904912949,
            0.04178883135318756,
            -0.05934947729110718
        ],
        [
            0.06973138451576233,
            0.05722147226333618,
            -0.019088653847575188
        ],
        [
            0.06386635452508926,
            0.06424566358327866,
            -0.024049585685133934
        ],
        [
            0.061911821365356445,
            0.0642017051577568,
            -0.020368944853544235
        ],
        [
            0.07487037032842636,
            0.06657978147268295,
            -0.043490421026945114
        ],
        [
            0.07265660166740417,
            0.06985080242156982,
            -0.04831644147634506
        ],
        [
            0.06982813775539398,
            0.06922464072704315,
            -0.04454227536916733
        ],
        [
            0.07219800353050232,
            0.06568793207406998,
            -0.038818784058094025
        ],
        [
            0.05526846647262573,
            0.03179147094488144,
            0.01636231504380703
        ],
        [
            0.06107595935463905,
            0.03994792327284813,
            0.0223834291100502
        ],
        [
            0.07955193519592285,
            0.09889672696590424,
            -0.061736393719911575
        ],
        [
            0.07862759381532669,
            0.09551400691270828,
            -0.06304311752319336
        ],
        [
            0.07579696178436279,
            0.04961305111646652,
            -0.013091512024402618
        ],
        [
            0.07997655868530273,
            0.03285859152674675,
            -0.049973927438259125
        ],
        [
            0.08222048729658127,
            0.04329988360404968,
            -0.006096549332141876
        ],
        [
            0.03849653899669647,
            0.058058470487594604,
            -0.018600627779960632
        ],
        [
            0.04107758775353432,
            0.06448199599981308,
            -0.013779861852526665
        ],
        [
            0.040643565356731415,
            0.06945464015007019,
            -0.016574906185269356
        ],
        [
            0.03731949254870415,
            0.06665711849927902,
            -0.021017972379922867
        ],
        [
            0.06658420711755753,
            0.08973421156406403,
            -0.048717569559812546
        ],
        [
            0.07235141098499298,
            0.09026338160037994,
            -0.04855483025312424
        ],
        [
            0.07219373434782028,
            0.09505480527877808,
            -0.048541270196437836
        ],
        [
            0.06635311990976334,
            0.09592786431312561,
            -0.048915959894657135
        ],
        [
            0.0817951187491417,
            0.06931669265031815,
            -0.053693823516368866
        ],
        [
            0.08506547659635544,
            0.06787406653165817,
            -0.05873969569802284
        ],
        [
            0.08331809192895889,
            0.07280197739601135,
            -0.05810471624135971
        ],
        [
            0.07954084873199463,
            0.07282864302396774,
            -0.05338487774133682
        ],
        [
            0.08371192216873169,
            0.06707476079463959,
            -0.06429730355739594
        ],
        [
            0.08226803690195084,
            0.07265982031822205,
            -0.06432903558015823
        ],
        [
            0.061520885676145554,
            0.09010940045118332,
            -0.05272243544459343
        ],
        [
            0.06010421738028526,
            0.09111572057008743,
            -0.05998105928301811
        ],
        [
            0.060603752732276917,
            0.07363453507423401,
            -0.060356732457876205
        ],
        [
            0.0629432275891304,
            0.0759558156132698,
            -0.053019776940345764
        ],
        [
            0.06358199566602707,
            0.014128342270851135,
            -0.006955891847610474
        ],
        [
            0.06046949326992035,
            0.016075659543275833,
            0.003582216799259186
        ],
        [
            0.05325234681367874,
            0.02811119332909584,
            -0.00224185548722744
        ],
        [
            0.04483132064342499,
            0.03933236747980118,
            -0.007947497069835663
        ],
        [
            0.03823890537023544,
            0.05034588277339935,
            -0.014037569053471088
        ],
        [
            0.040256716310977936,
            0.047444380819797516,
            -0.025743335485458374
        ],
        [
            0.052325017750263214,
            0.028769411146640778,
            0.005917023867368698
        ],
        [
            0.06145906075835228,
            0.06796137988567352,
            -0.05387525260448456
        ],
        [
            0.06086732819676399,
            0.06255452334880829,
            -0.06004681438207626
        ],
        [
            0.05821353942155838,
            0.06242547556757927,
            -0.05596623197197914
        ],
        [
            0.07966841757297516,
            0.04536297172307968,
            0.0006303489208221436
        ],
        [
            0.07866867631673813,
            0.09144909679889679,
            -0.0642164945602417
        ],
        [
            0.09867196530103683,
            -0.010886535048484802,
            -0.01701490208506584
        ],
        [
            0.08728980273008347,
            -0.012164421379566193,
            -0.009404227137565613
        ],
        [
            0.08582007139921188,
            -0.005434282124042511,
            -0.014985460788011551
        ],
        [
            0.099296435713768,
            -0.003013335168361664,
            -0.02333890274167061
        ],
        [
            0.07803001999855042,
            0.09056306630373001,
            -0.052487812936306
        ],
        [
            0.08068984001874924,
            0.09094320982694626,
            -0.058172691613435745
        ],
        [
            0.05192442238330841,
            0.06962991505861282,
            -0.012160215526819229
        ],
        [
            0.04924584925174713,
            0.07331734150648117,
            -0.016658442094922066
        ],
        [
            0.04566439986228943,
            0.0734606608748436,
            -0.015343252569437027
        ],
        [
            0.04778260737657547,
            0.0722511038184166,
            -0.009197425097227097
        ],
        [
            0.06029821187257767,
            0.016506552696228027,
            0.009548235684633255
        ],
        [
            0.036730602383613586,
            0.06066574156284332,
            0.00453345850110054
        ],
        [
            0.03397882729768753,
            0.05523376539349556,
            -0.004599940963089466
        ],
        [
            0.06680484861135483,
            0.005509465932846069,
            0.008218005299568176
        ],
        [
            0.06911441683769226,
            0.0032947659492492676,
            -0.0010313652455806732
        ],
        [
            0.07278105616569519,
            -0.004405558109283447,
            0.0037369392812252045
        ],
        [
            0.04479251056909561,
            0.05354329198598862,
            -0.03908892720937729
        ],
        [
            0.06563803553581238,
            0.014845449477434158,
            -0.015379311516880989
        ],
        [
            0.07175097614526749,
            0.0037090852856636047,
            -0.008235257118940353
        ],
        [
            0.07625468075275421,
            -0.005478352308273315,
            -0.00286194309592247
        ],
        [
            0.07864294946193695,
            -0.012310512363910675,
            0.0013207942247390747
        ],
        [
            0.07468569278717041,
            -0.01035773754119873,
            0.00817660242319107
        ],
        [
            0.06343992054462433,
            0.09199102222919464,
            -0.06478192657232285
        ],
        [
            0.06073048338294029,
            0.09817363321781158,
            -0.05921007692813873
        ],
        [
            0.07550404220819473,
            -0.018090762197971344,
            0.012921459972858429
        ],
        [
            0.08044864237308502,
            -0.019581593573093414,
            0.005198277533054352
        ],
        [
            0.0762573704123497,
            0.004126220941543579,
            -0.01629919931292534
        ],
        [
            0.08331910520792007,
            0.005827330052852631,
            -0.025783997029066086
        ],
        [
            0.07029049843549728,
            0.015046253800392151,
            -0.02280445210635662
        ],
        [
            0.07641680538654327,
            0.01733330264687538,
            -0.03265814483165741
        ],
        [
            0.04754480719566345,
            0.048157379031181335,
            -0.04829665645956993
        ],
        [
            0.06709929555654526,
            0.11569871008396149,
            -0.05341370031237602
        ],
        [
            0.062447547912597656,
            0.10447028279304504,
            -0.053844064474105835
        ],
        [
            0.0660560131072998,
            0.10230059176683426,
            -0.049816716462373734
        ],
        [
            0.06767286360263824,
            0.11364194750785828,
            -0.049438655376434326
        ],
        [
            0.06189284473657608,
            0.09704691171646118,
            -0.05267428606748581
        ],
        [
            0.06257639080286026,
            0.10451394319534302,
            -0.05961862951517105
        ],
        [
            0.08849617838859558,
            0.022253800183534622,
            -0.041929084807634354
        ],
        [
            0.06682251393795013,
            0.07246875017881393,
            -0.04872629791498184
        ],
        [
            0.09983822703361511,
            0.011751804500818253,
            -0.03459445759654045
        ],
        [
            0.0999629944562912,
            0.03405281901359558,
            -0.05003798007965088
        ],
        [
            0.1098712906241417,
            0.02793639525771141,
            -0.0432586744427681
        ],
        [
            0.11291739344596863,
            0.0016653239727020264,
            -0.026686128228902817
        ],
        [
            0.11923670023679733,
            0.017290547490119934,
            -0.034568239003419876
        ],
        [
            0.1106942817568779,
            -0.013837352395057678,
            -0.014678280800580978
        ],
        [
            0.11001458764076233,
            -0.006543852388858795,
            -0.020417917519807816
        ],
        [
            0.12368813157081604,
            0.03582833707332611,
            -0.03763846307992935
        ],
        [
            0.08089932799339294,
