{
    "pred_cam": [
        7.337789535522461,
        0.06354688853025436,
        0.025560341775417328
    ],
    "pred_mano_params": {
        "global_orient": [
            [
                [
                    -0.06271924078464508,
                    0.8648005127906799,
                    -0.49818310141563416
                ],
                [
                    0.6553610563278198,
                    -0.34078001976013184,
                    -0.674070417881012
                ],
                [
                    -0.752707302570343,
                    -0.3687669336795807,
                    -0.5453831553459167
                ]
            ]
        ],
        "hand_pose": [
            [
                [
                    0.94459468126297,
                    -0.32103031873703003,
                    -0.06841303408145905
                ],
                [
                    0.31755635142326355,
                    0.9465236067771912,
                    -0.057017888873815536
                ],
                [
                    0.08305902779102325,
                    0.0321338064968586,
                    0.9960263967514038
                ]
            ],
            [
                [
                    0.9923199415206909,
                    -0.08485875278711319,
                    0.0900011658668518
                ],
                [
                    0.08717827498912811,
                    0.9959463477134705,
                    -0.022154277190566063
                ],
                [
                    -0.08775635063648224,
                    0.029830269515514374,
                    0.9956952333450317
                ]
            ],
            [
                [
                    0.9760590195655823,
                    -0.20038403570652008,
                    0.08458790928125381
                ],
                [
                    0.21743333339691162,
                    0.9089796543121338,
                    -0.3556385338306427
                ],
                [
                    -0.005624393466860056,
                    0.36551639437675476,
                    0.930787980556488
                ]
            ],
            [
                [
                    0.9160456657409668,
                    -0.3162333369255066,
                    0.24669183790683746
                ],
                [
                    0.34237217903137207,
                    0.9369316697120667,
                    -0.07028820365667343
                ],
                [
                    -0.208905890583992,
                    0.14884760975837708,
                    0.9665417075157166
                ]
            ],
            [
                [
                    0.970665454864502,
                    -0.19528301060199738,
                    -0.14026105403900146
                ],
                [
                    0.23308050632476807,
                    0.9074453711509705,
                    0.3495945632457733
                ],
                [
                    0.059009358286857605,
                    -0.37203145027160645,
                    0.9263425469398499
                ]
            ],
            [
                [
                    0.959829568862915,
                    -0.1819409430027008,
                    0.21359965205192566
                ],
                [
                    0.1589609533548355,
                    0.9799190759658813,
                    0.12037482857704163
                ],
                [
                    -0.23121146857738495,
                    -0.08158531039953232,
                    0.9694768190383911
                ]
            ],
            [
                [
                    0.7634178996086121,
                    -0.1707112342119217,
                    0.6229372024536133
                ],
                [
                    0.19362162053585052,
                    0.9805726408958435,
                    0.031432610005140305
                ],
                [
                    -0.6162010431289673,
                    0.09661789983510971,
                    0.7816401124000549
                ]
            ],
            [
                [
                    0.95820152759552,
                    -0.2502371370792389,
                    -0.13867688179016113
                ],
                [
                    0.26764604449272156,
                    0.95530766248703,
                    0.1255103051662445
                ],
                [
                    0.10107175260782242,
                    -0.15738047659397125,
                    0.9823522567749023
                ]
            ],
            [
                [
                    0.9126937985420227,
                    -0.033981211483478546,
                    0.4072290360927582
                ],
                [
                    -0.1547197848558426,
                    0.8936123251914978,
                    0.42132994532585144
                ],
                [
                    -0.37822213768959045,
                    -0.44755151867866516,
                    0.8103368878364563
                ]
            ],
            [
                [
                    0.8810791969299316,
                    -0.21005074679851532,
                    0.4237666130065918
                ],
                [
                    0.291657030582428,
                    0.9466353058815002,
                    -0.1371781975030899
                ],
                [
                    -0.37233802676200867,
                    0.2444593757390976,
                    0.8953234553337097
                ]
            ],
            [
                [
                    0.9800211787223816,
                    -0.07860293984413147,
                    -0.18270230293273926
                ],
                [
                    0.14716576039791107,
                    0.9045071601867676,
                    0.40026116371154785
                ],
                [
                    0.13379384577274323,
                    -0.4191519021987915,
                    0.8980038166046143
                ]
            ],
            [
                [
                    0.9066321849822998,
                    -0.34109562635421753,
                    0.24833814799785614
                ],
                [
                    0.2060014009475708,
                    0.8715247511863708,
                    0.44498103857040405
                ],
                [
                    -0.3682138919830322,
                    -0.35227614641189575,
                    0.8604185581207275
                ]
            ],
            [
                [
                    0.9622147679328918,
                    0.19109946489334106,
                    -0.19396837055683136
                ],
                [
                    -0.24621126055717468,
                    0.3063946068286896,
                    -0.9195119738578796
                ],
                [
                    -0.11628741770982742,
                    0.9325252175331116,
                    0.34186825156211853
                ]
            ],
            [
                [
                    0.970875084400177,
                    -0.19987769424915314,
                    -0.13210062682628632
                ],
                [
                    0.2386658787727356,
                    0.7585629224777222,
                    0.6063173413276672
                ],
                [
                    -0.020982664078474045,
                    -0.6201862692832947,
                    0.784173846244812
                ]
            ],
            [
                [
                    0.9415874481201172,
                    -0.19825270771980286,
                    -0.27222946286201477
                ],
                [
                    -0.04575883597135544,
                    0.725544273853302,
                    -0.6866525411605835
                ],
                [
                    0.333645224571228,
                    0.6590003371238708,
                    0.6740915775299072
                ]
            ]
        ],
        "betas": [
            0.12701696157455444,
            -0.06022334098815918,
            -0.1851222962141037,
            -0.013111859560012817,
            0.15465697646141052,
            0.10346142202615738,
            0.09124095737934113,
            0.01875096559524536,
            0.007356464862823486,
            -0.06361272931098938
        ]
    },
    "pred_cam_t": [
        -0.06354688853025436,
        0.025560341775417328,
        5.323469638824463
    ],
    "focal_length": [
        5000.0,
        5000.0
    ],
    "pred_keypoints_3d": [
        [
            0.09535400569438934,
            0.0063475859351456165,
            0.006179502233862877
        ],
        [
            0.07099588215351105,
            -0.02146282233297825,
            0.015924349427223206
        ],
        [
            0.052739836275577545,
            -0.03852581977844238,
            0.03358245640993118
        ],
        [
            0.0432613268494606,
            -0.05654226988554001,
            0.051322661340236664
        ],
        [
            0.03841984272003174,
            -0.06813186407089233,
            0.08420716971158981
        ],
        [
            0.08618159592151642,
            -0.0631716176867485,
            0.06302325427532196
        ],
        [
            0.08266337960958481,
            -0.08173942565917969,
            0.09005548059940338
        ],
        [
            0.075236015021801,
            -0.09110458195209503,
            0.108725905418396
        ],
        [
            0.06433531641960144,
            -0.100431889295578,
            0.13027888536453247
        ],
        [
            0.10161519050598145,
            -0.05262712761759758,
            0.07952415943145752
        ],
        [
            0.0954732671380043,
            -0.0705324187874794,
            0.1048121452331543
        ],
        [
            0.08473476767539978,
            -0.07681788504123688,
            0.12439364194869995
        ],
        [
            0.07109779119491577,
            -0.08861903846263885,
            0.14296860992908478
        ],
        [
            0.11019527167081833,
            -0.027924660593271255,
            0.08330250531435013
        ],
        [
            0.10387764871120453,
            -0.04836612194776535,
            0.1024874746799469
        ],
        [
            0.09546923637390137,
            -0.05641356483101845,
            0.12426642328500748
        ],
        [
            0.081025630235672,
            -0.06875975430011749,
            0.14058372378349304
        ],
        [
            0.11242345720529556,
            -0.0064752730540931225,
            0.08474406599998474
        ],
        [
            0.11028813570737839,
            -0.01927346922457218,
            0.10127083957195282
        ],
        [
            0.10416816920042038,
            -0.026063222438097,
            0.11779391765594482
        ],
        [
            0.09259938448667526,
            -0.03920269012451172,
            0.12923899292945862
        ]
    ],
    "pred_vertices": [
        [
            0.07624247670173645,
            -0.03246055915951729,
            0.03980100527405739
        ],
        [
            0.07585231214761734,
            -0.025620874017477036,
            0.03263720124959946
        ],
        [
            0.07067785412073135,
            -0.03283388912677765,
            0.037356238812208176
        ],
        [
            0.07093477994203568,
            -0.03994462639093399,
            0.04179071635007858
        ],
        [
            0.06270372867584229,
            -0.01487664133310318,
            0.032989419996738434
        ],
        [
            0.05521349608898163,
            -0.013070382177829742,
            0.024317394942045212
        ],
        [
            0.04863583669066429,
            -0.02416224777698517,
            0.034840039908885956
        ],
        [
            0.05539499968290329,
            -0.023807771503925323,
            0.04150545969605446
        ],
        [
            0.0678558498620987,
            -0.04700352996587753,
            0.043375685811042786
        ],
        [
            0.06587415188550949,
            -0.03830479830503464,
            0.04184124618768692
        ],
        [
            0.06784136593341827,
            -0.05078641325235367,
            0.041268203407526016
        ],
        [
            0.07488466799259186,
            -0.0600186362862587,
            0.04111199453473091
        ],
        [
            0.07210877537727356,
            -0.05482860654592514,
            0.04525945708155632
        ],
        [
            0.07961994409561157,
            -0.06504522264003754,
            0.04549131542444229
        ],
        [
            0.08056341111660004,
            -0.059272248297929764,
            0.032052576541900635
        ],
        [
            0.08860944211483002,
            -0.06541173905134201,
            0.04336017370223999
        ],
        [
            0.10563473403453827,
            -0.042563244700431824,
            0.03467200696468353
        ],
        [
            0.11275753378868103,
            -0.031597211956977844,
            0.03899723291397095
        ],
        [
            0.11388763785362244,
            -0.04052644595503807,
            0.05268114060163498
        ],
        [
            0.10609964281320572,
            -0.05057511851191521,
            0.047542475163936615
        ],
        [
            0.11858752369880676,
            -0.020897189155220985,
            0.05542228743433952
        ],
        [
            0.11638013273477554,
            -0.03215177357196808,
            0.05467497184872627
        ],
        [
            0.11622736603021622,
            -0.02358948439359665,
            0.040552739053964615
        ],
        [
            0.11814236640930176,
            -0.013762803748250008,
            0.042013019323349
        ],
        [
            0.08444136381149292,
            -0.017944462597370148,
            0.04035748913884163
        ],
        [
            0.08336140215396881,
            -0.010662171989679337,
            0.032488636672496796
        ],
        [
            0.08136013895273209,
            -0.01678875833749771,
            0.03109593316912651
        ],
        [
            0.081775963306427,
            -0.023065142333507538,
            0.038985032588243484
        ],
        [
            0.059171151369810104,
            -0.05231620743870735,
            0.03587619215250015
        ],
        [
            0.0658750906586647,
            -0.051643580198287964,
            0.02633969485759735
        ],
        [
            0.06847124546766281,
            -0.05334343761205673,
            0.03355369716882706
        ],
        [
            0.060147687792778015,
            -0.05053762346506119,
            0.04095906391739845
        ],
        [
            0.07925865054130554,
            0.015888530761003494,
            0.02086014300584793
        ],
        [
            0.08242584019899368,
            0.020123552531003952,
            0.008615441620349884
        ],
        [
            0.08015371859073639,
            0.015615515410900116,
            0.005795866250991821
        ],
        [
            0.07822854071855545,
            0.012461654841899872,
            0.01747698336839676
        ],
        [
            0.06639327108860016,
            -0.0002925395965576172,
            0.0059703439474105835
        ],
        [
            0.0723290890455246,
            0.0031489506363868713,
            -0.003056146204471588
        ],
        [
            0.07449246942996979,
            -0.0031240135431289673,
            -0.014747820794582367
        ],
        [
            0.06909811496734619,
            -0.009098835289478302,
            -0.0074355825781822205
        ],
        [
            0.06061200797557831,
            -0.006626971065998077,
            0.015788506716489792
        ],
        [
            0.059802647680044174,
            -0.012645654380321503,
            0.003290977329015732
        ],
        [
            0.052902545779943466,
            -0.01749897003173828,
            0.014471817761659622
        ],
        [
            0.04643690958619118,
            -0.027951400727033615,
            0.02669287472963333
        ],
        [
            0.09005293250083923,
            0.028936870396137238,
            0.013648472726345062
        ],
        [
            0.08835297077894211,
            0.027287952601909637,
            0.023432329297065735
        ],
        [
            0.0723893865942955,
            -0.08339786529541016,
            0.09170569479465485
        ],
        [
            0.07393407821655273,
            -0.07940548658370972,
            0.09547323733568192
        ],
        [
            0.07469414174556732,
            -0.07714656740427017,
            0.09132441878318787
        ],
        [
            0.07342486083507538,
            -0.08173675835132599,
            0.08830606937408447
        ],
        [
            0.10883748531341553,
            0.028169382363557816,
            0.020350366830825806
        ],
        [
            0.1170567199587822,
            0.02335338667035103,
            0.017356783151626587
        ],
        [
            0.11573904007673264,
            0.0285666324198246,
            0.012463614344596863
        ],
        [
            0.10718408226966858,
            0.031915947794914246,
            0.014043867588043213
        ],
        [
            0.11081837862730026,
            0.023143697530031204,
            0.028674624860286713
        ],
        [
            0.11806537210941315,
            0.015966884791851044,
            0.024128511548042297
        ],
        [
            0.08135052025318146,
            -0.09254416823387146,
            0.0912780687212944
        ],
        [
            0.07656548917293549,
            -0.09113967418670654,
            0.09013602882623672
        ],
        [
            0.07907753437757492,
            -0.08983610570430756,
            0.08612987399101257
        ],
        [
            0.08396463841199875,
            -0.0904277041554451,
            0.08733783662319183
        ],
        [
            0.07241944223642349,
            -0.047183163464069366,
            0.046990953385829926
        ],
        [
            0.07623635232448578,
            -0.038440458476543427,
            0.04745621234178543
        ],
        [
            0.07609443366527557,
            -0.056897372007369995,
            0.061914071440696716
        ],
        [
            0.07727380096912384,
            -0.048992983996868134,
            0.05627714842557907
        ],
        [
            0.07450734823942184,
            -0.05422263219952583,
            0.052007053047418594
        ],
        [
            0.07500747591257095,
            -0.06068720668554306,
            0.056599248200654984
        ],
        [
            0.08892033249139786,
            -0.02883037179708481,
            0.060007303953170776
        ],
        [
            0.08780951052904129,
            -0.022169088944792747,
            0.0503959059715271
        ],
        [
            0.08497928082942963,
            -0.028133917599916458,
            0.04946167767047882
        ],
        [
            0.08476491272449493,
            -0.036323219537734985,
            0.0596127063035965
        ],
        [
            0.091671884059906,
            -0.009590227156877518,
            0.055331941694021225
        ],
        [
            0.09280920773744583,
            -0.017344346269965172,
            0.0643106997013092
        ],
        [
            0.09488113969564438,
            -0.009352797642350197,
            0.06622109562158585
        ],
        [
            0.0928533598780632,
            -0.004910781979560852,
            0.05970750004053116
        ],
        [
            0.09491778165102005,
            -0.03298948332667351,
            0.07844430953264236
        ],
        [
            0.09739077091217041,
            -0.03865319490432739,
            0.08431265503168106
        ],
        [
            0.09804674237966537,
            -0.03553427755832672,
            0.08402707427740097
        ],
        [
            0.09646939486265182,
            -0.029691575095057487,
            0.07889769226312637
        ],
        [
            0.1152014285326004,
            0.03301215171813965,
            0.0069945380091667175
        ],
        [
            0.10559950768947601,
            0.034623369574546814,
            0.007519565522670746
        ],
        [
            0.12042365223169327,
            -0.0005386099219322205,
            0.06045150011777878
        ],
        [
            0.11586425453424454,
            0.009450731799006462,
            0.06121572107076645
        ],
        [
            0.1178971454501152,
            0.00472717359662056,
            0.07348544895648956
        ],
        [
            0.12224668264389038,
            -0.004591150209307671,
            0.06916523724794388
        ],
        [
            0.12069342285394669,
            0.014544390141963959,
            0.01351858675479889
        ],
        [
            0.12128682434558868,
            0.021016143262386322,
            0.0091419517993927
        ],
        [
            0.08621640503406525,
            -0.09097744524478912,
            0.09460066258907318
        ],
        [
            0.08829645812511444,
            -0.08811970055103302,
            0.09069929271936417
        ],
        [
            0.059109076857566833,
            -0.02503010258078575,
            0.003966532647609711
        ],
        [
            0.048799172043800354,
            -0.03415306285023689,
            0.01966921240091324
        ],
        [
            0.06969627737998962,
            -0.01866285130381584,
            -0.007081121206283569
        ],
        [
            0.0783189982175827,
            -0.014015845954418182,
            -0.013576146215200424
        ],
        [
            0.08315213024616241,
            -0.009576976299285889,
            -0.020114563405513763
        ],
        [
            0.08035481721162796,
            -0.046818554401397705,
            0.06218922883272171
        ],
        [
            0.08083909004926682,
            -0.030444953590631485,
            0.0455346554517746
        ],
        [
            0.08635476231575012,
            -0.013303577899932861,
            0.04191282391548157
        ],
        [
            0.09367704391479492,
            0.01215415820479393,
            0.057196956127882004
        ],
        [
            0.09177029132843018,
            0.01795957237482071,
            0.04849474877119064
        ],
        [
            0.08763407915830612,
            0.008316796272993088,
            0.04790422320365906
        ],
        [
            0.09075643122196198,
            0.005025099962949753,
            0.05545666441321373
        ],
        [
            0.10792393237352371,
            0.013681234791874886,
            0.06476867198944092
        ],
        [
            0.10072378069162369,
            0.010872265323996544,
            0.06668922305107117
        ],
        [
            0.10301138460636139,
            0.006034396588802338,
            0.07503733038902283
        ],
        [
            0.1100965142250061,
            0.008533177897334099,
            0.07477893680334091
        ],
        [
            0.05351914092898369,
            -0.05296707525849342,
            0.03101113811135292
        ],
        [
            0.06190411001443863,
            -0.04916853457689285,
            0.020494848489761353
        ],
        [
            0.09867265820503235,
            0.0301806703209877,
            0.02191176265478134
        ],
        [
            0.09716025739908218,
            0.031728725880384445,
            0.01449470967054367
        ],
        [
            0.09798319637775421,
            0.03431134670972824,
            0.006555385887622833
        ],
        [
            0.08032660186290741,
            0.001895323395729065,
            0.026160001754760742
        ],
        [
            0.07738866657018661,
            0.010123789310455322,
            0.01518315076828003
        ],
        [
            0.07539080083370209,
            0.006537437438964844,
            0.01430533081293106
        ],
        [
            0.08037945628166199,
            -0.0016513951122760773,
            0.0246429443359375
        ],
        [
            0.07466177642345428,
            -0.01620175689458847,
            0.029410671442747116
        ],
        [
            0.06889383494853973,
            -0.006164424121379852,
            0.023097310215234756
        ],
        [
            0.06939612329006195,
            -0.023227818310260773,
            0.0374145470559597
        ],
        [
            0.0769365206360817,
            0.010605398565530777,
            0.0007066056132316589
        ],
        [
            0.08042053878307343,
            0.019970305263996124,
            -0.003430582582950592
        ],
        [
            0.07757912576198578,
            0.013335730880498886,
            -0.008317582309246063
        ],
        [
            0.08573222160339355,
            0.026826314628124237,
            0.0008893013000488281
        ],
        [
            0.09167702496051788,
            0.03219026327133179,
            0.004588164389133453
        ],
        [
            0.12409903854131699,
            0.026256725192070007,
            0.003033675253391266
        ],
        [
            0.0762648805975914,
            0.0063507407903671265,
            -0.012298531830310822
        ],
        [
            0.05083067715167999,
            -0.03149813413619995,
            0.044977374374866486
        ],
        [
            0.04682491347193718,
            -0.03826068714261055,
            0.04773610457777977
        ],
        [
            0.05369716137647629,
            -0.04077507182955742,
            0.04922563210129738
        ],
        [
            0.05762697011232376,
            -0.035365454852581024,
            0.04668945446610451
        ],
        [
            0.08331501483917236,
            -0.0704408511519432,
            0.05223306268453598
        ],
        [
            0.07706193625926971,
            -0.06637631356716156,
            0.05436333268880844
        ],
        [
            0.07466191053390503,
            -0.060426656156778336,
            0.047401148825883865
        ],
        [
            0.0820004940032959,
            0.014222946017980576,
            0.03195879980921745
        ],
        [
            0.08936663717031479,
            0.024016644805669785,
            0.033668920397758484
        ],
        [
            0.07950828224420547,
            -0.05544474348425865,
            0.06765642017126083
        ],
        [
            0.08583847433328629,
            -0.08790209889411926,
            0.08330287039279938
        ],
        [
            0.0804140567779541,
            -0.08747810870409012,
            0.08198892325162888
        ],
        [
            0.08268094062805176,
            -0.07775738835334778,
            0.0660066232085228
        ],
        [
            0.08902069181203842,
            -0.0788445994257927,
            0.0678495317697525
        ],
        [
            0.08630426228046417,
            -0.059812504798173904,
            0.07531851530075073
        ],
        [
            0.08062054216861725,
            -0.05913515016436577,
            0.07181264460086823
        ],
        [
            0.08167173713445663,
            -0.06126084178686142,
            0.07425065338611603
        ],
        [
            0.08598705381155014,
            -0.06155923381447792,
            0.07890978455543518
        ],
        [
            0.10052037239074707,
            -0.02680612914264202,
            0.0849454402923584
        ],
        [
            0.09902552515268326,
            -0.021508481353521347,
            0.08034732937812805
        ],
        [
            0.10432768613100052,
            -0.056545332074165344,
            0.061994608491659164
        ],
        [
            0.10010519623756409,
            -0.06615591794252396,
            0.05283432453870773
        ],
        [
            0.09844548255205154,
            -0.05964801460504532,
            0.04300440847873688
        ],
        [
            0.09139701724052429,
            -0.022043630480766296,
            0.06159161031246185
        ],
        [
            0.09281937032938004,
            -0.027330990880727768,
            0.07074679434299469
        ],
        [
            0.09445258975028992,
            -0.023724887520074844,
            0.07208305597305298
        ],
        [
            0.08289709687232971,
            -0.04694327712059021,
            0.06645031273365021
        ],
        [
            0.08364512026309967,
            -0.05319682136178017,
            0.0715826079249382
        ],
        [
            0.08633150905370712,
            -0.047972552478313446,
            0.07127334177494049
        ],
        [
            0.08561369776725769,
            -0.04211074113845825,
            0.06668871641159058
        ],
        [
            0.1151033490896225,
            0.014601325616240501,
            0.04915783554315567
        ],
        [
            0.10589238256216049,
            0.019963566213846207,
            0.05342432111501694
        ],
        [
            0.07334114611148834,
            -0.08777196705341339,
            0.09002294391393661
        ],
        [
            0.0751221626996994,
            -0.08639372140169144,
            0.08635230362415314
        ],
        [
            0.09023204445838928,
            -0.015640024095773697,
            0.05213696509599686
        ],
        [
            0.09670590609312057,
            -0.05067678540945053,
            0.03175948187708855
        ],
        [
            0.08809544146060944,
            -0.008332397788763046,
            0.04361340403556824
        ],
        [
            0.11803664267063141,
            -0.021508805453777313,
            0.07746096700429916
        ],
        [
            0.11431670188903809,
            -0.018259093165397644,
            0.0817531943321228
        ],
        [
            0.11282847821712494,
            -0.02384045161306858,
            0.08680696785449982
        ],
        [
            0.11687671393156052,
            -0.027365121990442276,
            0.08460565656423569
        ],
        [
            0.08480396121740341,
            -0.07057012617588043,
            0.09217284619808197
        ],
        [
            0.07928209751844406,
            -0.07070379704236984,
            0.09102720767259598
        ],
        [
            0.07881872355937958,
            -0.07408972084522247,
            0.09484149515628815
        ],
        [
            0.08427061885595322,
            -0.07434680312871933,
            0.09656833112239838
        ],
        [
            0.07718679308891296,
            -0.06138657033443451,
            0.0676129013299942
        ],
        [
            0.07560351490974426,
            -0.06524220108985901,
            0.06268637627363205
        ],
        [
            0.07590696215629578,
            -0.06836070865392685,
            0.0686100572347641
        ],
        [
            0.07830702513456345,
            -0.06431391090154648,
            0.07205527275800705
        ],
        [
            0.07831013202667236,
            -0.07081243395805359,
            0.060584232211112976
        ],
        [
            0.07793914526700974,
            -0.07373679429292679,
            0.06611506640911102
        ],
        [
            0.09025517851114273,
            -0.07409905642271042,
            0.09156599640846252
        ],
        [
            0.09307314455509186,
            -0.0805288627743721,
            0.08887208253145218
        ],
        [
            0.09620766341686249,
            -0.07107079029083252,
            0.07561592012643814
        ],
        [
            0.09173633903265,
            -0.066250279545784,
            0.08008234202861786
        ],
        [
            0.11865778267383575,
            -0.007100563496351242,
            0.028719600290060043
        ],
        [
            0.11988377571105957,
            0.0031691156327724457,
            0.03256922587752342
        ],
        [
            0.11947120726108551,
            -0.00321100652217865,
            0.04590258374810219
        ],
        [
            0.12035319954156876,
            -0.009229877963662148,
            0.058863408863544464
        ],
        [
            0.12002898752689362,
            -0.01545906625688076,
            0.07107780873775482
        ],
        [
            0.12021470069885254,
            -0.0264750886708498,
            0.06669924408197403
        ],
        [
            0.11962419748306274,
            0.004653707146644592,
            0.04743023216724396
        ],
        [
            0.09562943130731583,
            -0.05731317773461342,
            0.07242631167173386
        ],
        [
            0.0987546294927597,
            -0.06360230594873428,
            0.06638924777507782
        ],
        [
            0.10108238458633423,
            -0.05773364380002022,
            0.06796783953905106
        ],
        [
            0.08893949538469315,
            -0.0018568076193332672,
            0.04708857834339142
        ],
        [
            0.07599218189716339,
            -0.08428267389535904,
            0.0821569412946701
        ],
        [
            0.10265913605690002,
            -0.014862734824419022,
            -0.011328361928462982
        ],
        [
            0.11273548007011414,
            -0.007656339555978775,
            -0.00589415431022644
        ],
        [
            0.11062982678413391,
            -0.013608325272798538,
            0.00016023963689804077
        ],
        [
            0.09815733134746552,
            -0.021249040961265564,
            -0.005656212568283081
        ],
        [
            0.07458235323429108,
            -0.07384340465068817,
            0.08751879632472992
        ],
        [
            0.07306526601314545,
            -0.0790199488401413,
            0.08423414826393127
        ],
        [
            0.10193432867527008,
            -0.01699628122150898,
            0.08395383507013321
        ],
        [
            0.10342439264059067,
            -0.023090042173862457,
            0.08754225820302963
        ],
        [
            0.10656482726335526,
            -0.023381881415843964,
            0.08935864269733429
        ],
        [
            0.10544723272323608,
            -0.015839844942092896,
            0.08818476647138596
        ],
        [
            0.11961598694324493,
            0.008955400437116623,
            0.03334342688322067
        ],
        [
            0.11843453347682953,
            0.000414285808801651,
            0.08139941841363907
        ],
        [
            0.12264320999383926,
            -0.00669998861849308,
            0.07683515548706055
        ],
        [
            0.12016326934099197,
            0.008407436311244965,
            0.020700447261333466
        ],
        [
            0.11970234662294388,
            -0.0005895756185054779,
            0.017104454338550568
        ],
        [
            0.12048712372779846,
            0.0046737901866436005,
            0.008989661931991577
        ],
        [
            0.11492722481489182,
            -0.04044749587774277,
            0.06900061666965485
        ],
        [
            0.11690351366996765,
            -0.015467807650566101,
            0.027790572494268417
        ],
        [
            0.11752478778362274,
            -0.007724985480308533,
            0.01567228138446808
        ],
        [
            0.11837736517190933,
            -0.0017752200365066528,
            0.00590139627456665
        ],
        [
            0.11973494291305542,
            0.0028849877417087555,
            -0.000870242714881897
        ],
        [
            0.12178453803062439,
            0.009536605328321457,
            0.0032291337847709656
        ],
        [
            0.0905304104089737,
            -0.08498477935791016,
            0.08645819872617722
        ],
        [
            0.09146624803543091,
            -0.08376093208789825,
            0.09423168003559113
        ],
        [
            0.12498821318149567,
            0.014811988919973373,
            -0.0034856051206588745
        ],
        [
            0.12185913324356079,
            0.007293369621038437,
            -0.007782399654388428
        ],
        [
            0.11373181641101837,
            -0.015684954822063446,
            0.013218425214290619
        ],
        [
            0.10713625699281693,
            -0.024828601628541946,
            0.00998755544424057
        ],
        [
            0.11312758922576904,
            -0.02273954451084137,
            0.025135111063718796
        ],
        [
            0.10706943273544312,
            -0.03250133991241455,
            0.023039501160383224
        ],
        [
            0.1142968237400055,
            -0.047942303121089935,
            0.06212691590189934
        ],
        [
            0.08372794091701508,
            -0.08795652538537979,
            0.10917487740516663
        ],
        [
            0.08781083673238754,
            -0.08140327781438828,
            0.10080365836620331
        ],
        [
            0.0834219679236412,
            -0.07760215550661087,
            0.10092400014400482
        ],
        [
            0.08172991871833801,
            -0.08427772670984268,
            0.11026851832866669
        ],
        [
            0.08920203894376755,
            -0.07775179296731949,
            0.09635444730520248
        ],
        [
            0.08921089768409729,
            -0.08641724288463593,
            0.0980524942278862
        ],
        [
            0.09485965967178345,
            -0.041799068450927734,
            0.018878377974033356
        ],
        [
            0.08857269585132599,
            -0.052799493074417114,
            0.07557742297649384
        ],
        [
            0.09032424539327621,
            -0.03287240490317345,
            0.004554074257612228
        ],
        [
            0.0801573172211647,
            -0.052191175520420074,
            0.02010621875524521
        ],
        [
            0.07439444959163666,
            -0.0437941774725914,
            0.01088155061006546
        ],
        [
            0.08394592255353928,
            -0.02350946143269539,
            -0.009032376110553741
        ],
        [
            0.07078150659799576,
            -0.03226521983742714,
            -0.0005537159740924835
        ],
        [
            0.09403148293495178,
            -0.01225971058011055,
            -0.01989596337080002
        ],
        [
            0.09075048565864563,
            -0.01776234060525894,
            -0.013793639838695526
        ],
        [
            0.059049092233181,
            -0.03888402134180069,
            0.010735943913459778
        ],
        [
            0.06961534172296524,
