{
    "pred_cam": [
        8.818787574768066,
        -0.084198497235775,
        -0.07422468066215515
    ],
    "pred_mano_params": {
        "global_orient": [
            [
                [
                    0.48129984736442566,
                    -0.5554971694946289,
                    0.6780659556388855
                ],
                [
                    -0.6585692167282104,
                    -0.7396649122238159,
                    -0.13850058615207672
                ],
                [
                    0.5784782767295837,
                    -0.379893034696579,
                    -0.7218339443206787
                ]
            ]
        ],
        "hand_pose": [
            [
                [
                    0.6212053298950195,
                    -0.7249444723129272,
                    -0.2975890040397644
                ],
                [
                    0.7177407741546631,
                    0.6787753105163574,
                    -0.15528135001659393
                ],
                [
                    0.3145664632320404,
                    -0.11713013052940369,
                    0.9419810175895691
                ]
            ],
            [
                [
                    0.8792495727539062,
                    -0.38341331481933594,
                    0.28269144892692566
                ],
                [
                    0.4375016987323761,
                    0.884722113609314,
                    -0.1608075350522995
                ],
                [
                    -0.18844763934612274,
                    0.2650679349899292,
                    0.9456354975700378
                ]
            ],
            [
                [
                    0.698534369468689,
                    -0.7108012437820435,
                    0.08253106474876404
                ],
                [
                    0.7027676105499268,
                    0.6597276926040649,
                    -0.2662275433540344
                ],
                [
                    0.13478684425354004,
                    0.24396923184394836,
                    0.9603705406188965
                ]
            ],
            [
                [
                    0.6877618432044983,
                    -0.7031422853469849,
                    -0.18048401176929474
                ],
                [
                    0.7135074734687805,
                    0.7005704045295715,
                    -0.010401942767202854
                ],
                [
                    0.13375578820705414,
                    -0.12162263691425323,
                    0.983522891998291
                ]
            ],
            [
                [
                    0.7538277506828308,
                    -0.6429920196533203,
                    -0.13529589772224426
                ],
                [
                    0.6496800184249878,
                    0.6985764503479004,
                    0.2998447120189667
                ],
                [
                    -0.09828322380781174,
                    -0.31393030285835266,
                    0.9443453550338745
                ]
            ],
            [
                [
                    0.7417846918106079,
                    -0.5899929404258728,
                    -0.31884774565696716
                ],
                [
                    0.64658522605896,
                    0.7553672194480896,
                    0.10652638971805573
                ],
                [
                    0.17799733579158783,
                    -0.2851818799972534,
                    0.9418005347251892
                ]
            ],
            [
                [
                    0.5264973640441895,
                    -0.7041962146759033,
                    0.4763488471508026
                ],
                [
                    0.589733362197876,
                    0.7060825228691101,
                    0.39199748635292053
                ],
                [
                    -0.6123847365379333,
                    0.07453317195177078,
                    0.7870385646820068
                ]
            ],
            [
                [
                    0.8740319609642029,
                    -0.43607044219970703,
                    -0.2142678052186966
                ],
                [
                    0.48371803760528564,
                    0.8224232196807861,
                    0.2993941605091095
                ],
                [
                    0.04566187411546707,
                    -0.36532527208328247,
                    0.9297593235969543
                ]
            ],
            [
                [
                    0.773888111114502,
                    -0.6277754902839661,
                    0.0836368203163147
                ],
                [
                    0.5810073018074036,
                    0.7563005089759827,
                    0.3007325828075409
                ],
                [
                    -0.2520471215248108,
                    -0.18413977324962616,
                    0.9500340819358826
                ]
            ],
            [
                [
                    0.7074838876724243,
                    -0.7006672620773315,
                    0.09236855804920197
                ],
                [
                    0.7025892734527588,
                    0.7114325761795044,
                    0.015231591649353504
                ],
                [
                    -0.07638628035783768,
                    0.05412105470895767,
                    0.995608389377594
                ]
            ],
            [
                [
                    0.7947697639465332,
                    -0.5888263583183289,
                    -0.14705315232276917
                ],
                [
                    0.5846134424209595,
                    0.6776840090751648,
                    0.44606220722198486
                ],
                [
                    -0.16299758851528168,
                    -0.44048595428466797,
                    0.8828385472297668
                ]
            ],
            [
                [
                    0.7116973400115967,
                    -0.5009312629699707,
                    -0.4924983084201813
                ],
                [
                    0.6709223389625549,
                    0.6924865245819092,
                    0.2651898264884949
                ],
                [
                    0.20820651948451996,
                    -0.5191630721092224,
                    0.8289268016815186
                ]
            ],
            [
                [
                    0.9747132062911987,
                    -0.2233683466911316,
                    0.006383073981851339
                ],
                [
                    0.08376993983983994,
                    0.33876723051071167,
                    -0.9371335506439209
                ],
                [
                    0.20716360211372375,
                    0.9139711856842041,
                    0.34891244769096375
                ]
            ],
            [
                [
                    0.9226492643356323,
                    -0.358672559261322,
                    -0.14167660474777222
                ],
                [
                    0.36812901496887207,
                    0.709714949131012,
                    0.6006543636322021
                ],
                [
                    -0.1148882582783699,
                    -0.6063486337661743,
                    0.7868557572364807
                ]
            ],
            [
                [
                    0.9282486438751221,
                    0.359468549489975,
                    0.0955863893032074
                ],
                [
                    -0.36816108226776123,
                    0.9245474934577942,
                    0.09833291172981262
                ],
                [
                    -0.05302656441926956,
                    -0.12646858394145966,
                    0.9905523061752319
                ]
            ]
        ],
        "betas": [
            -0.02106587588787079,
            -0.031276047229766846,
            -0.1057995855808258,
            0.007219463586807251,
            0.07425415515899658,
            -0.032860107719898224,
            0.039363712072372437,
            -0.023051291704177856,
            0.009931549429893494,
            -0.024491220712661743
        ]
    },
    "pred_cam_t": [
        -0.084198497235775,
        -0.07422468066215515,
        4.429463863372803
    ],
    "focal_length": [
        5000.0,
        5000.0
    ],
    "pred_keypoints_3d": [
        [
            0.09589620679616928,
            0.006400200072675943,
            0.006198900286108255
        ],
        [
            0.11039163917303085,
            0.03020041435956955,
            -0.020505061373114586
        ],
        [
            0.11758702248334885,
            0.059656716883182526,
            -0.02626691944897175
        ],
        [
            0.11801547557115555,
            0.08665409684181213,
            -0.029268600046634674
        ],
        [
            0.11973900347948074,
            0.11575067043304443,
            -0.05123469978570938
        ],
        [
            0.0702977180480957,
            0.06554310768842697,
            -0.05780676379799843
        ],
        [
            0.06461654603481293,
            0.0981646478176117,
            -0.05732870101928711
        ],
        [
            0.07338709384202957,
            0.11769029498100281,
            -0.05115297809243202
        ],
        [
            0.08789502084255219,
            0.12761005759239197,
            -0.032668452709913254
        ],
        [
            0.048790112137794495,
            0.07041699439287186,
            -0.04564439132809639
        ],
        [
            0.043245334178209305,
            0.10159467160701752,
            -0.04313264042139053
        ],
        [
            0.05597929656505585,
            0.11819710582494736,
            -0.03280242532491684
        ],
        [
            0.07515808939933777,
            0.12338636070489883,
            -0.016287345439195633
        ],
        [
            0.04059969261288643,
            0.06693394482135773,
            -0.02042146772146225
        ],
        [
            0.03837884962558746,
            0.09551262855529785,
            -0.024097401648759842
        ],
        [
            0.051309000700712204,
            0.11350919306278229,
            -0.012827924452722073
        ],
        [
            0.0678694099187851,
            0.11695390939712524,
            0.006934467703104019
        ],
        [
            0.03896632418036461,
            0.0651557669043541,
            0.0012661577202379704
        ],
        [
            0.040444452315568924,
            0.08599552512168884,
            -0.002181640360504389
        ],
        [
            0.04827500134706497,
            0.10193580389022827,
            0.004635513760149479
        ],
        [
            0.06193794310092926,
            0.10805147886276245,
            0.014603774063289165
        ]
    ],
    "pred_vertices": [
        [
            0.09225042909383774,
            0.050213150680065155,
            -0.027502363547682762
        ],
        [
            0.09714964777231216,
            0.044139314442873,
            -0.01989230513572693
        ],
        [
            0.10001010447740555,
            0.051904186606407166,
            -0.022939875721931458
        ],
        [
            0.09579300135374069,
            0.05611978471279144,
            -0.032847389578819275
        ],
        [
            0.11366110295057297,
            0.04402271658182144,
            -0.006147276610136032
        ],
        [
            0.12441539019346237,
            0.03920469060540199,
            -0.008571270853281021
        ],
        [
            0.12490731477737427,
            0.05468352511525154,
            -0.013453200459480286
        ],
        [
            0.1161109209060669,
            0.056791145354509354,
            -0.009023059159517288
        ],
        [
            0.09794046729803085,
            0.06060047075152397,
            -0.03679915517568588
        ],
        [
            0.10255248844623566,
            0.05880889669060707,
            -0.024969466030597687
        ],
        [
            0.09932893514633179,
            0.06104070693254471,
            -0.037610750645399094
        ],
        [
            0.09121234714984894,
            0.056251898407936096,
            -0.05296052247285843
        ],
        [
            0.09192381799221039,
            0.05947127938270569,
            -0.04807110130786896
        ],
        [
            0.08429888635873795,
            0.05642300099134445,
            -0.05999113991856575
        ],
        [
            0.0904485285282135,
            0.0457119457423687,
            -0.054457031190395355
        ],
        [
            0.07696457952260971,
            0.05036986619234085,
            -0.06198988854885101
        ],
        [
            0.06894028186798096,
            0.029843971133232117,
            -0.04052557796239853
        ],
        [
            0.0612511970102787,
            0.028349734842777252,
            -0.029117807745933533
        ],
        [
            0.051582906395196915,
            0.04029931128025055,
            -0.0374700091779232
        ],
        [
            0.06072116643190384,
            0.0412333607673645,
            -0.047875065356492996
        ],
        [
            0.046987082809209824,
            0.03838517889380455,
            -0.01702995039522648
        ],
        [
            0.04897646978497505,
            0.03996121138334274,
            -0.02865801565349102
        ],
        [
            0.05779898166656494,
            0.027133766561746597,
            -0.020836932584643364
        ],
        [
            0.055715326219797134,
            0.02648325264453888,
            -0.010792002081871033
        ],
        [
            0.0857817679643631,
            0.04374781250953674,
            -0.014380604028701782
        ],
        [
            0.09107497334480286,
            0.03740433603525162,
            -0.00785217434167862
        ],
        [
            0.09304015338420868,
            0.038453537970781326,
            -0.013604223728179932
        ],
        [
            0.0884089320898056,
            0.04490768909454346,
            -0.01934564858675003
        ],
        [
            0.10911562293767929,
            0.06519684195518494,
            -0.03653532266616821
        ],
        [
            0.10694678872823715,
            0.050285715609788895,
            -0.04407531023025513
        ],
        [
            0.1014152392745018,
            0.05561089143157005,
            -0.04292596876621246
        ],
        [
            0.10690498352050781,
            0.06774374842643738,
            -0.03196605294942856
        ],
        [
            0.10231998562812805,
            0.026730895042419434,
            0.017539627850055695
        ],
        [
            0.1063188761472702,
            0.014124348759651184,
            0.020478438585996628
        ],
        [
            0.1095571219921112,
            0.013276893645524979,
            0.015546314418315887
        ],
        [
            0.10485538840293884,
            0.024612348526716232,
            0.013532612472772598
        ],
        [
            0.12100216746330261,
            0.019948996603488922,
            -0.0013323836028575897
        ],
        [
            0.12041977047920227,
            0.010165143758058548,
            0.0012772902846336365
        ],
        [
            0.12435352802276611,
            0.00011646002531051636,
            -0.006104428321123123
        ],
        [
            0.12493821978569031,
            0.009173557162284851,
            -0.011648863554000854
        ],
        [
            0.12252447754144669,
            0.029793594032526016,
            -0.005276128649711609
        ],
        [
            0.12803232669830322,
            0.021719351410865784,
            -0.014205347746610641
        ],
        [
            0.1295805722475052,
            0.03390336409211159,
            -0.017061389982700348
        ],
        [
            0.12907865643501282,
            0.05182749032974243,
            -0.021062616258859634
        ],
        [
            0.09743966162204742,
            0.013503819704055786,
            0.029729396104812622
        ],
        [
            0.09359730780124664,
            0.022973865270614624,
            0.029221009463071823
        ],
        [
            0.07625815272331238,
            0.09942679852247238,
            -0.05456344783306122
        ],
        [
            0.07367794215679169,
            0.10027668625116348,
            -0.04932629317045212
        ],
        [
            0.07421252131462097,
            0.09605593979358673,
            -0.04983809217810631
        ],
        [
            0.0762917548418045,
            0.09632200002670288,
            -0.055309444665908813
        ],
        [
            0.07768410444259644,
            0.009178794920444489,
            0.029488010331988335
        ],
        [
            0.07209323346614838,
            0.0026797279715538025,
            0.024174794554710388
        ],
        [
            0.07604953646659851,
            -0.0012752562761306763,
            0.028867753222584724
        ],
        [
            0.08264358341693878,
            0.004333272576332092,
            0.03254815191030502
        ],
        [
            0.07120731472969055,
            0.015609078109264374,
            0.025390738621354103
        ],
        [
            0.06722937524318695,
            0.00856771320104599,
            0.01750471442937851
        ],
        [
            0.06865262985229492,
            0.10392087697982788,
            -0.06403860449790955
        ],
        [
            0.07336753606796265,
            0.10235695540904999,
            -0.06259565055370331
        ],
        [
            0.0714799240231514,
            0.09816727787256241,
            -0.06411972641944885
        ],
        [
            0.06648872792720795,
            0.09861255437135696,
            -0.06448308378458023
        ],
        [
            0.09108231961727142,
            0.059107858687639236,
            -0.04167276248335838
        ],
        [
            0.08795588463544846,
            0.05623617768287659,
            -0.033697180449962616
        ],
        [
            0.08076418191194534,
            0.06735385209321976,
            -0.050855837762355804
        ],
        [
            0.08199212700128555,
            0.06300432235002518,
            -0.04409516230225563
        ],
        [
            0.08624672144651413,
            0.06150582805275917,
            -0.04943820834159851
        ],
        [
            0.08386072516441345,
            0.06480977684259415,
            -0.05511346831917763
        ],
        [
            0.07103589177131653,
            0.05834578722715378,
            -0.02355869486927986
        ],
        [
            0.07743170857429504,
            0.050430383533239365,
            -0.017784444615244865
        ],
        [
            0.08001317083835602,
            0.051781248301267624,
            -0.023804018273949623
        ],
        [
            0.07447519898414612,
            0.060866761952638626,
            -0.031087908893823624
        ],
        [
            0.07211963087320328,
            0.051327481865882874,
            -0.004649505019187927
        ],
        [
            0.06596660614013672,
            0.05868172645568848,
            -0.011582409963011742
        ],
        [
            0.0636293962597847,
            0.05827084928750992,
            -0.0033095069229602814
        ],
        [
            0.0690208300948143,
            0.053866952657699585,
            0.0005205273628234863
        ],
        [
            0.057196468114852905,
            0.07005540281534195,
            -0.026216140016913414
        ],
        [
            0.05380598083138466,
            0.0735667496919632,
            -0.030104342848062515
        ],
        [
            0.052355509251356125,
            0.07509863376617432,
            -0.02699945494532585
        ],
        [
            0.05580629035830498,
            0.06980511546134949,
            -0.022749941796064377
        ],
        [
            0.07962259650230408,
            -0.00605078786611557,
            0.03274078667163849
        ],
        [
            0.08760926127433777,
            -0.0006299316883087158,
            0.03457861393690109
        ],
        [
            0.04347687214612961,
            0.03964517265558243,
            0.004508499056100845
        ],
        [
            0.0479496493935585,
            0.04142408072948456,
            0.014656208455562592
        ],
        [
            0.039215873926877975,
            0.051445122808218,
            0.010938482359051704
        ],
        [
            0.036210838705301285,
            0.04659111052751541,
            0.0007100775837898254
        ],
        [
            0.0706232339143753,
            -0.0016943961381912231,
            0.014868399128317833
        ],
        [
            0.07273659110069275,
            -0.0063447728753089905,
            0.020838376134634018
        ],
        [
            0.06325671821832657,
            0.10539600253105164,
            -0.06162862852215767
        ],
        [
            0.061599694192409515,
            0.09933969378471375,
            -0.06124986335635185
        ],
        [
            0.1266648769378662,
            0.025473076850175858,
            -0.027672726660966873
        ],
        [
            0.12811675667762756,
            0.04810066148638725,
            -0.030162259936332703
        ],
        [
            0.12336777150630951,
            0.00994783639907837,
            -0.022724568843841553
        ],
        [
            0.11968214809894562,
            -3.7573277950286865e-05,
            -0.018001791089773178
        ],
        [
            0.11935604363679886,
            -0.00813814252614975,
            -0.013418532907962799
        ],
        [
            0.07658415287733078,
            0.06551104038953781,
            -0.04148310050368309
        ],
        [
            0.08545892685651779,
            0.05123617500066757,
            -0.02623807266354561
        ],
        [
            0.08361094444990158,
            0.043449901044368744,
            -0.009653575718402863
        ],
        [
            0.07023915648460388,
            0.04980561137199402,
            0.017508262768387794
        ],
        [
            0.07672223448753357,
            0.04311693459749222,
            0.02247932180762291
        ],
        [
            0.08031682670116425,
            0.04578014090657234,
            0.0127343088388443
        ],
        [
            0.07351021468639374,
            0.050645291805267334,
            0.010164741426706314
        ],
        [
            0.05337641388177872,
            0.04812827333807945,
            0.019548757001757622
        ],
        [
            0.05885519087314606,
            0.05365458130836487,
            0.017160749062895775
        ],
        [
            0.05273759737610817,
            0.05911697819828987,
            0.01338326744735241
        ],
        [
            0.04603783041238785,
            0.05541538447141647,
            0.015411432832479477
        ],
        [
            0.11572174727916718,
            0.0641879066824913,
            -0.039867233484983444
        ],
        [
            0.1134415864944458,
            0.0464618057012558,
            -0.04403351619839668
        ],
        [
            0.0856260359287262,
            0.01580391451716423,
            0.0318119153380394
        ],
        [
            0.0909762978553772,
            0.010143183171749115,
            0.03255004435777664
        ],
        [
            0.094638392329216,
            0.002641052007675171,
            0.034238725900650024
        ],
        [
            0.09781679511070251,
            0.032085541635751724,
            0.0038086585700511932
        ],
        [
            0.10666070878505707,
            0.023156896233558655,
            0.010690756142139435
        ],
        [
            0.10865603387355804,
            0.023414939641952515,
            0.006720084697008133
        ],
        [
            0.09825500845909119,
            0.031143322587013245,
            -1.5459954738616943e-05
        ],
        [
            0.1020616739988327,
            0.038719840347766876,
            -0.010064620524644852
        ],
        [
            0.11129007488489151,
            0.032949529588222504,
            -0.0027963295578956604
        ],
        [
            0.10401993989944458,
            0.04863905534148216,
            -0.011398278176784515
        ],
        [
            0.11473128199577332,
            0.010842777788639069,
            0.009609278291463852
        ],
        [
            0.11440962553024292,
            0.004840642213821411,
            0.018968604505062103
        ],
        [
            0.11910419166088104,
            0.0027491748332977295,
            0.011670641601085663
        ],
        [
            0.10788363218307495,
            0.0050732046365737915,
            0.026285599917173386
        ],
        [
            0.10101474076509476,
            0.0045335739850997925,
            0.03193037211894989
        ],
        [
            0.07380565255880356,
            -0.013481542468070984,
            0.025404926389455795
        ],
        [
            0.12206347286701202,
            0.0007087066769599915,
            0.004169166088104248
        ],
        [
            0.11818723380565643,
            0.06555990874767303,
            -0.013290859758853912
        ],
        [
            0.11996979266405106,
            0.0735311508178711,
            -0.017087619751691818
        ],
        [
            0.11274304240942001,
            0.07310475409030914,
            -0.018021969124674797
        ],
        [
            0.11038380861282349,
            0.06573687493801117,
            -0.015287842601537704
        ],
        [
            0.07780133932828903,
            0.061080314218997955,
            -0.0648355782032013
        ],
        [
            0.08293332159519196,
            0.06386105716228485,
            -0.06040022522211075
        ],
        [
            0.08808296173810959,
            0.059184037148952484,
            -0.05516868084669113
        ],
        [
            0.09392976760864258,
            0.03483133018016815,
            0.017030324786901474
        ],
        [
            0.0870453268289566,
            0.03138820454478264,
            0.027035679668188095
        ],
        [
            0.07558981329202652,
            0.06971181929111481,
            -0.04799121990799904
        ],
        [
            0.06500149518251419,
            0.09377738833427429,
            -0.06544698029756546
        ],
        [
            0.070866659283638,
            0.09352444857358932,
            -0.06505341082811356
        ],
        [
            0.07411181181669235,
            0.07479551434516907,
            -0.06650407612323761
        ],
        [
            0.06710783392190933,
            0.07501667737960815,
            -0.0673171654343605
        ],
        [
            0.06667007505893707,
            0.07361245900392532,
            -0.04870515316724777
        ],
        [
            0.07394053041934967,
            0.07204139232635498,
            -0.04834927245974541
        ],
        [
            0.07244932651519775,
            0.07351873070001602,
            -0.04804561287164688
        ],
        [
            0.06642472743988037,
            0.07585311681032181,
            -0.04627855494618416
        ],
        [
            0.05078604817390442,
            0.07325351238250732,
            -0.01800362393260002
        ],
        [
            0.05406440794467926,
            0.06858253479003906,
            -0.014274632558226585
        ],
        [
            0.054534148424863815,
            0.05525147169828415,
            -0.05275361239910126
        ],
        [
            0.06147811561822891,
            0.05185320973396301,
            -0.06359568238258362
        ],
        [
            0.06896664947271347,
            0.04320938512682915,
            -0.057331424206495285
        ],
        [
            0.06838724762201309,
            0.05769839137792587,
            -0.016589777544140816
        ],
        [
            0.06227230280637741,
            0.06481705605983734,
            -0.021102299913764
        ],
        [
            0.06047798693180084,
            0.06466899812221527,
            -0.01733791083097458
        ],
        [
            0.07239029556512833,
            0.06774412840604782,
            -0.04094892367720604
        ],
        [
            0.06993912160396576,
            0.0711972787976265,
            -0.04561525210738182
        ],
        [
            0.06728808581829071,
            0.07037372142076492,
            -0.04172751307487488
        ],
        [
            0.06993521004915237,
            0.06669091433286667,
            -0.03619668632745743
        ],
        [
            0.05565512180328369,
            0.03127872571349144,
            0.018805382773280144
        ],
        [
            0.0616847462952137,
            0.03932199254631996,
            0.024776894599199295
        ],
        [
            0.07617180049419403,
            0.10045772790908813,
            -0.05930883064866066
        ],
        [
            0.07520074397325516,
            0.09709995239973068,
            -0.06060623377561569
        ],
        [
            0.0747525691986084,
            0.04997480660676956,
            -0.011062417179346085
        ],
        [
            0.07730996608734131,
            0.03406604751944542,
            -0.048563722521066666
        ],
        [
            0.0815146416425705,
            0.043525584042072296,
            -0.004519935697317123
        ],
        [
            0.03718864172697067,
            0.05829774960875511,
            -0.01464312244206667
        ],
        [
            0.039936624467372894,
            0.06454946845769882,
            -0.0098715303465724
        ],
        [
            0.03938507288694382,
            0.06969897449016571,
            -0.012570424936711788
        ],
        [
            0.035849813371896744,
            0.06698298454284668,
            -0.016866415739059448
        ],
        [
            0.06381268054246902,
            0.09119289368391037,
            -0.045776110142469406
        ],
        [
            0.06958219408988953,
            0.09173911064863205,
            -0.045874036848545074
        ],
        [
            0.06942189484834671,
            0.09645342826843262,
            -0.0458240807056427
        ],
        [
            0.06356385350227356,
            0.09731615334749222,
            -0.045914288610219955
        ],
        [
            0.07882698625326157,
            0.07088495045900345,
            -0.05151723697781563
        ],
        [
            0.08187142014503479,
            0.06948931515216827,
            -0.056722287088632584
        ],
        [
            0.0801357701420784,
            0.0744224339723587,
            -0.056026507169008255
        ],
        [
            0.07658341526985168,
            0.07440507411956787,
            -0.05112682282924652
        ],
        [
            0.08026188611984253,
            0.06873726099729538,
            -0.062274493277072906
        ],
        [
            0.0788038969039917,
            0.07431187480688095,
            -0.06221335753798485
        ],
        [
            0.05856252461671829,
            0.09158265590667725,
            -0.0495406799018383
        ],
        [
            0.05681539326906204,
            0.09264634549617767,
            -0.05672723427414894
        ],
        [
            0.05733710899949074,
            0.07518503069877625,
            -0.05722494050860405
        ],
        [
            0.06000857055187225,
            0.07747086137533188,
            -0.04998296499252319
        ],
        [
            0.06299317628145218,
            0.01425161212682724,
            -0.005316181108355522
        ],
        [
            0.06034165620803833,
            0.01591087505221367,
            0.005399569869041443
        ],
        [
            0.052826665341854095,
            0.028051290661096573,
            0.00021625123918056488
        ],
        [
            0.04412723332643509,
            0.039362579584121704,
            -0.004802733659744263
        ],
        [
            0.03723118081688881,
            0.05047455430030823,
            -0.010264589451253414
        ],
        [
            0.038709357380867004,
            0.04787297546863556,
            -0.022117096930742264
        ],
        [
            0.05226394161581993,
            0.028500039130449295,
            0.008425166830420494
        ],
        [
            0.058434877544641495,
            0.0692451223731041,
            -0.05081950128078461
        ],
        [
            0.057652559131383896,
            0.06401483714580536,
            -0.05703452229499817
        ],
        [
            0.05511714890599251,
            0.06369888037443161,
            -0.05283816531300545
        ],
        [
            0.07925404608249664,
            0.04540304094552994,
            0.0023654215037822723
        ],
        [
            0.07519201934337616,
            0.09304472804069519,
            -0.06182040646672249
        ],
        [
            0.09773937612771988,
            -0.010296426713466644,
            -0.017556380480527878
        ],
        [
            0.08671249449253082,
            -0.011826276779174805,
            -0.009491771459579468
        ],
        [
            0.08496160805225372,
            -0.004969291388988495,
            -0.014828290790319443
        ],
        [
            0.09802351146936417,
            -0.002287723124027252,
            -0.02369484305381775
        ],
        [
            0.07508046180009842,
            0.09208641946315765,
            -0.05006613954901695
        ],
        [
            0.07748359441757202,
            0.0924987941980362,
            -0.05587277561426163
        ],
        [
            0.05081618204712868,
            0.06986591219902039,
            -0.008571488782763481
        ],
        [
            0.047958724200725555,
            0.07364068925380707,
            -0.012953721918165684
        ],
        [
            0.044467318803071976,
            0.07375428080558777,
            -0.011533044278621674
        ],
        [
            0.0468217171728611,
            0.07237297296524048,
            -0.0054497672244906425
        ],
        [
            0.06043627858161926,
            0.01619025692343712,
            0.0113801509141922
        ],
        [
            0.03649128973484039,
            0.06037399172782898,
            0.00850648246705532
        ],
        [
            0.033390603959560394,
            0.055063795298337936,
            -0.0005519920960068703
        ],
        [
            0.06692462414503098,
            0.0052656084299087524,
            0.009477276355028152
        ],
        [
            0.06883514672517776,
            0.0033023878931999207,
            7.675960659980774e-05
        ],
        [
            0.07274730503559113,
            -0.004495680332183838,
            0.004478957504034042
        ],
        [
            0.042579617351293564,
            0.054302237927913666,
            -0.035525355488061905
        ],
        [
            0.06467267870903015,
            0.015196815133094788,
            -0.013806745409965515
        ],
        [
            0.07115282863378525,
            0.003918051719665527,
            -0.0072277747094631195
        ],
        [
            0.07593636959791183,
            -0.005377508699893951,
            -0.0022969692945480347
        ],
        [
            0.07854045927524567,
            -0.012299999594688416,
            0.0015989243984222412
        ],
        [
            0.07487592846155167,
            -0.010546892881393433,
            0.008675787597894669
        ],
        [
            0.059932246804237366,
            0.09356290102005005,
            -0.06169162318110466
        ],
        [
            0.05745858699083328,
            0.09967953711748123,
            -0.0559239499270916
        ],
        [
            0.07594844698905945,
            -0.018390826880931854,
            0.01318255066871643
        ],
        [
            0.08055559545755386,
            -0.019653506577014923,
            0.0052079446613788605
        ],
        [
            0.07529884576797485,
            0.004569046199321747,
            -0.015475776046514511
        ],
        [
            0.08190829306840897,
            0.0065229907631874084,
            -0.0252074021846056
        ],
        [
            0.06899486482143402,
            0.015616260468959808,
            -0.0214286707341671
        ],
        [
            0.07465730607509613,
            0.01817259192466736,
            -0.03148094564676285
        ],
        [
            0.04497699439525604,
            0.04917483776807785,
            -0.044977396726608276
        ],
        [
            0.0640673115849495,
            0.1171036958694458,
            -0.05014356970787048
        ],
        [
            0.05942570045590401,
            0.10587774217128754,
            -0.05053752660751343
        ],
        [
            0.06322106719017029,
            0.10364918410778046,
            -0.04671245440840721
        ],
        [
            0.06482690572738647,
            0.11497177183628082,
            -0.046234749257564545
        ],
        [
            0.05892930179834366,
            0.09847147762775421,
            -0.04944606125354767
        ],
        [
            0.059284619987010956,
            0.10600537806749344,
            -0.05630825459957123
        ],
        [
            0.0862242579460144,
            0.023300934582948685,
            -0.04116996005177498
        ],
        [
            0.06405790895223618,
            0.07372729480266571,
            -0.045777346938848495
        ],
        [
            0.09792309254407883,
            0.012664750218391418,
            -0.034602172672748566
        ],
        [
            0.09716522693634033,
            0.035246603190898895,
            -0.04965187609195709
        ],
        [
            0.10738851875066757,
            0.02901729941368103,
            -0.04349062964320183
        ],
        [
            0.11141763627529144,
            0.002518109977245331,
            -0.02754690870642662
        ],
        [
            0.11721904575824738,
            0.01828494295477867,
            -0.03545830026268959
        ],
        [
            0.10987348854541779,
            -0.013228893280029297,
            -0.015830814838409424
        ],
        [
            0.10888393968343735,
            -0.005818977952003479,
            -0.02134726569056511
        ],
        [
            0.12133873999118805,
            0.03678107634186745,
            -0.038578275591135025
        ],
        [
