{
    "pred_cam": [
        7.719283103942871,
        0.07703709602355957,
        -0.07119938731193542
    ],
    "pred_mano_params": {
        "global_orient": [
            [
                [
                    0.33221155405044556,
                    -0.41104811429977417,
                    0.8489257097244263
                ],
                [
                    -0.6655914187431335,
                    -0.7398828268051147,
                    -0.09778274595737457
                ],
                [
                    0.6682989597320557,
                    -0.5325530767440796,
                    -0.5193877220153809
                ]
            ]
        ],
        "hand_pose": [
            [
                [
                    0.9081071019172668,
                    -0.09353138506412506,
                    -0.40815848112106323
                ],
                [
                    0.05867394804954529,
                    0.9935406446456909,
                    -0.0971313863992691
                ],
                [
                    0.41460680961608887,
                    0.0642574355006218,
                    0.9077291488647461
                ]
            ],
            [
                [
                    0.8213194012641907,
                    -0.5460578799247742,
                    0.16509154438972473
                ],
                [
                    0.564909815788269,
                    0.8188155889511108,
                    -0.10206831991672516
                ],
                [
                    -0.07944431900978088,
                    0.1770925223827362,
                    0.9809826016426086
                ]
            ],
            [
                [
                    0.6491098403930664,
                    -0.7510823011398315,
                    0.12054792046546936
                ],
                [
                    0.7604749798774719,
                    0.6445308327674866,
                    -0.07910625636577606
                ],
                [
                    -0.018281545490026474,
                    0.1430223286151886,
                    0.9895505905151367
                ]
            ],
            [
                [
                    0.9379043579101562,
                    -0.08821933716535568,
                    -0.335488885641098
                ],
                [
                    0.04802011325955391,
                    0.9908292293548584,
                    -0.12629929184913635
                ],
                [
                    0.3435542583465576,
                    0.10234642773866653,
                    0.9335393309593201
                ]
            ],
            [
                [
                    0.6348289847373962,
                    -0.7527980804443359,
                    -0.17403192818164825
                ],
                [
                    0.7660589814186096,
                    0.5838747024536133,
                    0.268782377243042
                ],
                [
                    -0.10072604566812515,
                    -0.30394959449768066,
                    0.9473483562469482
                ]
            ],
            [
                [
                    0.730293869972229,
                    -0.6821297407150269,
                    -0.037012938410043716
                ],
                [
                    0.682852029800415,
                    0.7273670434951782,
                    0.06819317489862442
                ],
                [
                    -0.019594594836235046,
                    -0.0750754177570343,
                    0.9969853758811951
                ]
            ],
            [
                [
                    0.8076498508453369,
                    -0.5888540148735046,
                    0.03086310811340809
                ],
                [
                    0.5848049521446228,
                    0.8066032528877258,
                    0.08599036186933517
                ],
                [
                    -0.07553005963563919,
                    -0.05140120908617973,
                    0.9958177208900452
                ]
            ],
            [
                [
                    0.9673458337783813,
                    -0.24097825586795807,
                    -0.07855907827615738
                ],
                [
                    0.25198838114738464,
                    0.947720468044281,
                    0.19577465951442719
                ],
                [
                    0.027274614199995995,
                    -0.20917777717113495,
                    0.9774971604347229
                ]
            ],
            [
                [
                    0.9172924160957336,
                    -0.36436307430267334,
                    0.16066814959049225
                ],
                [
                    0.28431084752082825,
                    0.8817448019981384,
                    0.37642186880111694
                ],
                [
                    -0.27882251143455505,
                    -0.2996091842651367,
                    0.9124101996421814
                ]
            ],
            [
                [
                    0.932494044303894,
                    -0.2666803300380707,
                    -0.2435905933380127
                ],
                [
                    0.23104935884475708,
                    0.9588122963905334,
                    -0.16521260142326355
                ],
                [
                    0.27761659026145935,
                    0.0977783352136612,
                    0.95570307970047
                ]
            ],
            [
                [
                    0.8483107089996338,
                    -0.5181306004524231,
                    -0.10913155972957611
                ],
                [
                    0.5101510882377625,
                    0.7445608973503113,
                    0.43055200576782227
                ],
                [
                    -0.14182709157466888,
                    -0.420915424823761,
                    0.8959438800811768
                ]
            ],
            [
                [
                    0.7732764482498169,
                    -0.6256783604621887,
                    -0.10281123220920563
                ],
                [
                    0.6298502683639526,
                    0.7392933368682861,
                    0.2381889373064041
                ],
                [
                    -0.07302200049161911,
                    -0.248941570520401,
                    0.9657617807388306
                ]
            ],
            [
                [
                    0.901140570640564,
                    0.09781987965106964,
                    0.42234691977500916
                ],
                [
                    0.25644755363464355,
                    0.6652066111564636,
                    -0.7012380957603455
                ],
                [
                    -0.3495429754257202,
                    0.7402239441871643,
                    0.5743589997291565
                ]
            ],
            [
                [
                    0.9338772296905518,
                    -0.337790846824646,
                    -0.11734843999147415
                ],
                [
                    0.3379993438720703,
                    0.7266850471496582,
                    0.5980679392814636
                ],
                [
                    -0.11674651503562927,
                    -0.5981857180595398,
                    0.7928076982498169
                ]
            ],
            [
                [
                    0.7909737229347229,
                    0.3364640176296234,
                    -0.5110307335853577
                ],
                [
                    -0.33539214730262756,
                    0.9369888305664062,
                    0.09779573231935501
                ],
                [
                    0.5117348432540894,
                    0.0940418466925621,
                    0.8539809584617615
                ]
            ]
        ],
        "betas": [
            -0.022801995277404785,
            -0.08356735110282898,
            -0.0449519157409668,
            0.04251435399055481,
            0.04446911811828613,
            0.00930846855044365,
            0.011692166328430176,
            -0.023129433393478394,
            -0.0030291378498077393,
            -0.005976080894470215
        ]
    },
    "pred_cam_t": [
        -0.07703709602355957,
        -0.07119938731193542,
        5.0603790283203125
    ],
    "focal_length": [
        5000.0,
        5000.0
    ],
    "pred_keypoints_3d": [
        [
            0.0958462581038475,
            0.0064057172276079655,
            0.006208239123225212
        ],
        [
            0.11617033928632736,
            0.031395163387060165,
            -0.015055252239108086
        ],
        [
            0.1402755081653595,
            0.05000346899032593,
            -0.019898738712072372
        ],
        [
            0.15725521743297577,
            0.0705055370926857,
            -0.02518123760819435
        ],
        [
            0.1640617996454239,
            0.09951674193143845,
            -0.045000944286584854
        ],
        [
            0.08618101477622986,
            0.06697212159633636,
            -0.06069459021091461
        ],
        [
            0.0655062273144722,
            0.08735640347003937,
            -0.07651553303003311
        ],
        [
            0.06065753847360611,
            0.10904127359390259,
            -0.07530493289232254
        ],
        [
            0.06664814054965973,
            0.12795253098011017,
            -0.06000577285885811
        ],
        [
            0.062080927193164825,
            0.07096083462238312,
            -0.05456092208623886
        ],
        [
            0.03914342820644379,
            0.09008868038654327,
            -0.06533905118703842
        ],
        [
            0.03762542083859444,
            0.1120794489979744,
            -0.05772410333156586
        ],
        [
            0.048314981162548065,
            0.1306847780942917,
            -0.044059909880161285
        ],
        [
            0.04760344326496124,
            0.06646037846803665,
            -0.032538384199142456
        ],
        [
            0.029932986944913864,
            0.08757451176643372,
            -0.04127851873636246
        ],
        [
            0.02610671892762184,
            0.110990971326828,
            -0.03394979611039162
        ],
        [
            0.03397011756896973,
            0.13165462017059326,
            -0.021631531417369843
        ],
        [
            0.04031960666179657,
            0.06389597803354263,
            -0.012141123414039612
        ],
        [
            0.030628494918346405,
            0.08258956670761108,
            -0.00999479740858078
        ],
        [
            0.02644043229520321,
            0.09970723092556,
            -0.0028631784953176975
        ],
        [
            0.031125560402870178,
            0.11683419346809387,
            0.0047109974548220634
        ]
    ],
    "pred_vertices": [
        [
            0.10255370289087296,
            0.05225108563899994,
            -0.02688978984951973
        ],
        [
            0.10701297223567963,
            0.0479389913380146,
            -0.01927851513028145
        ],
        [
            0.11567920446395874,
            0.05490265041589737,
            -0.022303536534309387
        ],
        [
            0.1102747768163681,
            0.058274127542972565,
            -0.031620610505342484
        ],
        [
            0.12140755355358124,
            0.04422030970454216,
            -0.002131052315235138
        ],
        [
            0.1294676512479782,
            0.03592865541577339,
            -0.00022362172603607178
        ],
        [
            0.13911843299865723,
            0.04732169955968857,
            -0.004896320402622223
        ],
        [
            0.1319725215435028,
            0.05360529571771622,
            -0.0045468807220458984
        ],
        [
            0.1174878254532814,
            0.06183334067463875,
            -0.03559427335858345
        ],
        [
            0.12254750728607178,
            0.06002293899655342,
            -0.024001646786928177
        ],
        [
            0.12358216941356659,
            0.06029776483774185,
            -0.03694102168083191
        ],
        [
            0.1123131662607193,
            0.056698717176914215,
            -0.05183865875005722
        ],
        [
            0.10990570485591888,
            0.060849130153656006,
            -0.04679493606090546
        ],
        [
            0.10423830151557922,
            0.0576690137386322,
            -0.059623558074235916
        ],
        [
            0.11110763996839523,
            0.04542554169893265,
            -0.05311136692762375
        ],
        [
            0.09760420769453049,
            0.050786010921001434,
            -0.062156982719898224
        ],
        [
            0.08200012892484665,
            0.030434798449277878,
            -0.04480474442243576
        ],
        [
            0.07145637273788452,
            0.028563793748617172,
            -0.03591997176408768
        ],
        [
            0.06521882861852646,
            0.040482573211193085,
            -0.04519177973270416
        ],
        [
            0.07661578804254532,
            0.041761282831430435,
            -0.0528377965092659
        ],
        [
            0.05527685955166817,
            0.037690553814172745,
            -0.02734629064798355
        ],
        [
            0.060134876519441605,
            0.03977447748184204,
            -0.037840183824300766
        ],
        [
            0.06598237156867981,
            0.026971500366926193,
            -0.028971616178750992
        ],
        [
            0.06139060854911804,
            0.025929752737283707,
            -0.019878016784787178
        ],
        [
            0.09062028676271439,
            0.04441327601671219,
            -0.015431806445121765
        ],
        [
            0.093993179500103,
            0.03868165984749794,
            -0.00811062753200531
        ],
        [
            0.09812096506357193,
            0.041228581219911575,
            -0.013519451022148132
        ],
        [
            0.09495094418525696,
            0.04623384773731232,
            -0.01968277618288994
        ],
        [
            0.1392427235841751,
            0.056761737912893295,
            -0.03321923315525055
        ],
        [
            0.12974780797958374,
            0.0456666462123394,
            -0.03961189091205597
        ],
        [
            0.1259993463754654,
            0.052959419786930084,
            -0.04077640548348427
        ],
        [
            0.13732637465000153,
            0.06125354766845703,
            -0.03028658963739872
        ],
        [
            0.09836046397686005,
            0.02660968154668808,
            0.019227739423513412
        ],
        [
            0.10190346837043762,
            0.014028575271368027,
            0.022815201431512833
        ],
        [
            0.10622747987508774,
            0.013523489236831665,
            0.018887538462877274
        ],
        [
            0.10152983665466309,
            0.02497733011841774,
            0.01589858904480934
        ],
        [
            0.12029361724853516,
            0.019965216517448425,
            0.005277968943119049
        ],
        [
            0.11938653886318207,
            0.010601535439491272,
            0.007762394845485687
        ],
        [
            0.12595480680465698,
            -4.5768916606903076e-05,
            0.0015724524855613708
        ],
        [
            0.12707248330116272,
            0.007615499198436737,
            -0.003671519458293915
        ],
        [
            0.12372198700904846,
            0.028593849390745163,
            0.0021357908844947815
        ],
        [
            0.1305607557296753,
            0.018311787396669388,
            -0.0045686811208724976
        ],
        [
            0.13471487164497375,
            0.02727186307311058,
            -0.0057666972279548645
        ],
        [
            0.14327719807624817,
            0.0403531976044178,
            -0.009719084948301315
        ],
        [
            0.09092781692743301,
            0.012902311980724335,
            0.029436495155096054
        ],
        [
            0.08707796782255173,
            0.0222097747027874,
            0.028145793825387955
        ],
        [
            0.0735456794500351,
            0.09576401859521866,
            -0.07311119139194489
        ],
        [
            0.06959539651870728,
            0.09586519747972488,
            -0.06861559301614761
        ],
        [
            0.07179746776819229,
            0.09333936125040054,
            -0.06781268864870071
        ],
        [
            0.07512672245502472,
            0.09358855336904526,
            -0.07263931632041931
        ],
        [
            0.07208055257797241,
            0.008052662014961243,
            0.023952554911375046
        ],
        [
            0.06823112070560455,
            0.0015588179230690002,
            0.01721329614520073
        ],
        [
            0.07093007862567902,
            -0.0023975595831871033,
            0.02272242307662964
        ],
        [
            0.07618285715579987,
            0.0032813623547554016,
            0.02811463177204132
        ],
        [
            0.06680849939584732,
            0.014468967914581299,
            0.01842339336872101
        ],
        [
            0.06517809629440308,
            0.007524847984313965,
            0.009625785052776337
        ],
        [
            0.06741315871477127,
            0.09323574602603912,
            -0.08426923304796219
        ],
        [
            0.07172539085149765,
            0.095035620033741,
            -0.08196387439966202
        ],
        [
            0.07277753949165344,
            0.0905044749379158,
            -0.0822313129901886
        ],
        [
            0.06841110438108444,
            0.08776199817657471,
            -0.08359572291374207
        ],
        [
            0.10498058795928955,
            0.060878150165081024,
            -0.04044307768344879
        ],
        [
            0.09851264953613281,
            0.05778554826974869,
            -0.03332212194800377
        ],
        [
            0.09352117031812668,
            0.07193760573863983,
            -0.053194694221019745
        ],
        [
            0.09447064995765686,
            0.06512287259101868,
            -0.044561631977558136
        ],
        [
            0.10085837543010712,
            0.0642065554857254,
            -0.04890955984592438
        ],
        [
            0.0984000563621521,
            0.06885155290365219,
            -0.056570183485746384
        ],
        [
            0.07821011543273926,
            0.0590575635433197,
            -0.027665095403790474
        ],
        [
            0.08311241865158081,
            0.050923943519592285,
            -0.020616549998521805
        ],
        [
            0.0872846320271492,
            0.05260683596134186,
            -0.02573423832654953
        ],
        [
            0.08342527598142624,
            0.061954230070114136,
            -0.03397490829229355
        ],
        [
            0.07444431632757187,
            0.05132349580526352,
            -0.009385120123624802
        ],
        [
            0.07012112438678741,
            0.05900276452302933,
            -0.01748707890510559
        ],
        [
            0.06572017818689346,
            0.05840182304382324,
            -0.010196205228567123
        ],
        [
            0.07001977413892746,
            0.05370160937309265,
            -0.005187980830669403
        ],
        [
            0.06468269973993301,
            0.07193051278591156,
            -0.03410285338759422
        ],
        [
            0.060446836054325104,
            0.07536207139492035,
            -0.040371786803007126
        ],
        [
            0.05669473484158516,
            0.07631773501634598,
            -0.03817704692482948
        ],
        [
            0.0618974044919014,
            0.07126669585704803,
            -0.03153955936431885
        ],
        [
            0.0735059604048729,
            -0.007158465683460236,
            0.027303405106067657
        ],
        [
            0.08058357238769531,
            -0.0015714839100837708,
            0.0312773659825325
        ],
        [
            0.04628109931945801,
            0.038372669368982315,
            -0.0077289193868637085
        ],
        [
            0.047715216875076294,
            0.04034124314785004,
            0.003040917217731476
        ],
        [
            0.04077606648206711,
            0.049521856009960175,
            -0.0016726702451705933
        ],
        [
            0.04092944413423538,
            0.044974129647016525,
            -0.012103462591767311
        ],
        [
            0.06938301771879196,
            -0.0025969818234443665,
            0.007745746523141861
        ],
        [
            0.06997302174568176,
            -0.0073476508259773254,
            0.013982139527797699
        ],
        [
            0.06157470867037773,
            0.09157951921224594,
            -0.08307360857725143
        ],
        [
            0.06277146190404892,
            0.08612702786922455,
            -0.08165903389453888
        ],
        [
            0.13323472440242767,
            0.018785998225212097,
            -0.016452021896839142
        ],
        [
            0.14344049990177155,
            0.035652510821819305,
            -0.01831575483083725
        ],
        [
            0.12700995802879333,
            0.007007762789726257,
            -0.013549607247114182
        ],
        [
            0.12324388325214386,
            -0.0010893791913986206,
            -0.010462205857038498
        ],
        [
            0.12308446317911148,
            -0.008332252502441406,
            -0.006507374346256256
        ],
        [
            0.08816389739513397,
            0.06797157973051071,
            -0.04342014715075493
        ],
        [
            0.09364000707864761,
            0.052410244941711426,
            -0.02678380161523819
        ],
        [
            0.08713054656982422,
            0.04373574256896973,
            -0.011395145207643509
        ],
        [
            0.067043736577034,
            0.049094509333372116,
            0.011402260512113571
        ],
        [
            0.07217167317867279,
            0.042262718081474304,
            0.017744261771440506
        ],
        [
            0.0779605507850647,
            0.04527633264660835,
            0.00936213880777359
        ],
        [
            0.07193943858146667,
            0.050185054540634155,
            0.005195923149585724
        ],
        [
            0.05121634900569916,
            0.04715707525610924,
            0.009205441921949387
        ],
        [
            0.056519072502851486,
            0.05300017446279526,
            0.008266177028417587
        ],
        [
            0.051865365356206894,
            0.05876867473125458,
            0.003133293241262436
        ],
        [
            0.045796699821949005,
            0.05429275333881378,
            0.003949599340558052
        ],
        [
            0.1452208310365677,
            0.05172368511557579,
            -0.03338867425918579
        ],
        [
            0.13426761329174042,
            0.03953271731734276,
            -0.03697483241558075
        ],
        [
            0.0789472907781601,
            0.014791049063205719,
            0.028396546840667725
        ],
        [
            0.08406446874141693,
            0.009289607405662537,
            0.030385494232177734
        ],
        [
            0.08736663311719894,
            0.00189276784658432,
            0.032868772745132446
        ],
        [
            0.09696613252162933,
            0.03316309675574303,
            0.004813931882381439
        ],
        [
            0.10365620255470276,
            0.02396377921104431,
            0.013533800840377808
        ],
        [
            0.10617311298847198,
            0.02489713579416275,
            0.010077960789203644
        ],
        [
            0.09813395142555237,
            0.03335580602288246,
            0.0010110922157764435
        ],
        [
            0.10863970965147018,
            0.04368355870246887,
            -0.009126909077167511
        ],
        [
            0.11266915500164032,
            0.03559792414307594,
            0.0007781982421875
        ],
        [
            0.11734310537576675,
            0.05183462053537369,
            -0.010739967226982117
        ],
        [
            0.11245511472225189,
            0.011457785964012146,
            0.01449306309223175
        ],
        [
            0.11045795679092407,
            0.005150049924850464,
            0.023434489965438843
        ],
        [
            0.1169004738330841,
            0.003306552767753601,
            0.01760799065232277
        ],
        [
            0.10219602286815643,
            0.004953108727931976,
            0.02874908223748207
        ],
        [
            0.09406713396310806,
            0.004028871655464172,
            0.03236865997314453
        ],
        [
            0.07003627717494965,
            -0.014553472399711609,
            0.01852674037218094
        ],
        [
            0.1216704398393631,
            0.001221969723701477,
            0.01099666953086853
        ],
        [
            0.1400597244501114,
            0.058837853372097015,
            -0.008494842797517776
        ],
        [
            0.14762364327907562,
            0.06300957500934601,
            -0.011943422257900238
        ],
        [
            0.14199388027191162,
            0.06583762168884277,
            -0.015948347747325897
        ],
        [
            0.13462047278881073,
            0.062178634107112885,
            -0.013614997267723083
        ],
        [
            0.09627488255500793,
            0.06162365525960922,
            -0.06738553941249847
        ],
        [
            0.09918247908353806,
            0.0666482076048851,
            -0.062486592680215836
        ],
        [
            0.10585342347621918,
            0.06136235594749451,
            -0.054266419261693954
        ],
        [
            0.09025225788354874,
            0.034418366849422455,
            0.01677349954843521
        ],
        [
            0.08111386746168137,
            0.03051961213350296,
            0.02454078570008278
        ],
        [
            0.08701305091381073,
            0.07394304126501083,
            -0.05235341936349869
        ],
        [
            0.06985124200582504,
            0.08302421867847443,
            -0.08274883776903152
        ],
        [
            0.07474147528409958,
            0.08628254383802414,
            -0.08148545026779175
        ],
        [
            0.08459272980690002,
            0.07323151081800461,
            -0.07529182732105255
        ],
        [
            0.07907744497060776,
            0.06961571425199509,
            -0.07696551829576492
        ],
        [
            0.07615255564451218,
            0.07507961243391037,
            -0.057985007762908936
        ],
        [
            0.08266859501600266,
            0.0761101245880127,
            -0.05601572245359421
        ],
        [
            0.07952671498060226,
            0.07675568014383316,
            -0.05769011750817299
        ],
        [
            0.07301539182662964,
            0.07613535225391388,
            -0.057940028607845306
        ],
        [
            0.05362454056739807,
            0.07376153022050858,
            -0.02976381778717041
        ],
        [
            0.05793825164437294,
            0.06976684927940369,
            -0.02412334829568863
        ],
        [
            0.0716436430811882,
            0.055393800139427185,
            -0.059138309210538864
        ],
        [
            0.08227855712175369,
            0.05104852840304375,
            -0.06626898795366287
        ],
        [
            0.08759645372629166,
            0.04391247034072876,
            -0.059199970215559006
        ],
        [
            0.07382738590240479,
            0.058168038725852966,
            -0.021659769117832184
        ],
        [
            0.06882041692733765,
            0.0657099112868309,
            -0.02750115841627121
        ],
        [
            0.06595700234174728,
            0.06544749438762665,
            -0.02449124865233898
        ],
        [
            0.08365548402070999,
            0.07005760818719864,
            -0.04428064078092575
        ],
        [
            0.08116886764764786,
            0.07427787780761719,
            -0.05099207162857056
        ],
        [
            0.07832563668489456,
            0.07279232889413834,
            -0.04682882875204086
        ],
        [
            0.08005643635988235,
            0.0681762769818306,
            -0.040178216993808746
        ],
        [
            0.05363602936267853,
            0.030108269304037094,
            0.008534342050552368
        ],
        [
            0.05748236924409866,
            0.038134004920721054,
            0.01599620282649994
        ],
        [
            0.07414519786834717,
            0.095734141767025,
            -0.07793696969747543
        ],
        [
            0.07546013593673706,
            0.09257582575082779,
            -0.07800855487585068
        ],
        [
            0.07872628420591354,
            0.05020998418331146,
            -0.01487325131893158
        ],
        [
            0.0930536612868309,
            0.03457873314619064,
            -0.050189707428216934
        ],
        [
            0.08369817584753036,
            0.043550632894039154,
            -0.006999649107456207
        ],
        [
            0.04413916915655136,
            0.056096646934747696,
            -0.027545850723981857
        ],
        [
            0.04376703500747681,
            0.06278320401906967,
            -0.022386493161320686
        ],
        [
            0.04248782619833946,
            0.06589510291814804,
            -0.026798881590366364
        ],
        [
            0.04082491621375084,
            0.06167533993721008,
            -0.0314495749771595
        ],
        [
            0.06380791962146759,
            0.08557140827178955,
            -0.06377571821212769
        ],
        [
            0.0681803971529007,
            0.08917193114757538,
            -0.06335499882698059
        ],
        [
            0.06642978638410568,
            0.09171193838119507,
            -0.06494192034006119
        ],
        [
            0.06121819466352463,
            0.08905135840177536,
            -0.0659911036491394
        ],
        [
            0.08802595734596252,
            0.07609961926937103,
            -0.05821935087442398
        ],
        [
            0.09296903014183044,
            0.0740516409277916,
            -0.0621161051094532
        ],
        [
            0.08738638460636139,
            0.0785643681883812,
            -0.06483958661556244
        ],
        [
            0.08329962939023972,
            0.07837501913309097,
            -0.06067005544900894
        ],
        [
            0.0923713743686676,
            0.07146837562322617,
            -0.06807716190814972
        ],
        [
            0.08769308775663376,
            0.07624953985214233,
            -0.0706619992852211
        ],
        [
            0.06048182398080826,
            0.0818542093038559,
            -0.0679803192615509
        ],
        [
            0.06068951264023781,
            0.07979493588209152,
            -0.07526823878288269
        ],
        [
            0.06836771965026855,
            0.06766071915626526,
            -0.06892476230859756
        ],
        [
            0.06802905350923538,
            0.07275360822677612,
            -0.06287112832069397
        ],
        [
            0.06704749912023544,
            0.01377066969871521,
            -0.013220831751823425
        ],
        [
            0.06162622570991516,
            0.015046093612909317,
            -0.0035725198686122894
        ],
        [
            0.05573481321334839,
            0.027125012129545212,
            -0.009992701932787895
        ],
        [
            0.049259599298238754,
            0.038199301809072495,
            -0.01630490832030773
        ],
        [
            0.04465004801750183,
            0.04949970915913582,
            -0.022424208000302315
        ],
        [
            0.04925214499235153,
            0.0468381866812706,
            -0.03354017809033394
        ],
        [
            0.05307186022400856,
            0.027375012636184692,
            -0.0023460276424884796
        ],
        [
            0.07022510468959808,
            0.06956898421049118,
            -0.06039222702383995
        ],
        [
            0.07377372682094574,
            0.06130572408437729,
            -0.06449704617261887
        ],
        [
            0.06942836940288544,
            0.06296038627624512,
            -0.06139615178108215
        ],
        [
            0.07964637875556946,
            0.04517602175474167,
            -0.0009257197380065918
        ],
        [
            0.07744602113962173,
            0.08906270563602448,
            -0.077646903693676
        ],
        [
            0.1039215475320816,
            -0.010039359331130981,
            -0.016197562217712402
        ],
        [
            0.09157995134592056,
            -0.011710718274116516,
            -0.011632442474365234
        ],
        [
            0.0910191535949707,
            -0.0047536492347717285,
            -0.01706854999065399
        ],
        [
            0.10509126633405685,
            -0.0022733137011528015,
            -0.021681487560272217
        ],
        [
            0.07384821027517319,
            0.09143710136413574,
            -0.06661508977413177
        ],
        [
            0.07762224972248077,
            0.0914086103439331,
            -0.07173369079828262
        ],
        [
            0.052819740027189255,
            0.07018174231052399,
            -0.01972001977264881
        ],
        [
            0.049693383276462555,
            0.07264405488967896,
            -0.025506582111120224
        ],
        [
            0.04571007564663887,
            0.07139364629983902,
            -0.02491547353565693
        ],
        [
            0.04709593206644058,
            0.07143058627843857,
            -0.017425626516342163
        ],
        [
            0.060169875621795654,
            0.015164300799369812,
            0.0021706409752368927
        ],
        [
            0.03719078376889229,
            0.05572694167494774,
            -0.003954170271754265
        ],
        [
            0.03693447634577751,
            0.05180783569812775,
            -0.013439422473311424
        ],
        [
            0.06706863641738892,
            0.00441800057888031,
            0.0017472580075263977
        ],
        [
            0.07143966853618622,
            0.002779155969619751,
            -0.006856825202703476
        ],
        [
            0.07423050701618195,
            -0.005065619945526123,
            -0.0017886124551296234
        ],
        [
            0.05517292022705078,
            0.05377282202243805,
            -0.04630438983440399
        ],
        [
            0.07087527960538864,
            0.01502302661538124,
            -0.020914705470204353
        ],
        [
            0.07560482621192932,
            0.003687717020511627,
            -0.013242717832326889
        ],
        [
            0.07913903892040253,
            -0.00566226989030838,
            -0.00748283788561821
        ],
        [
            0.08081858605146408,
            -0.012652255594730377,
            -0.003194838762283325
        ],
        [
            0.07535666227340698,
            -0.011179782450199127,
            0.002703506499528885
        ],
        [
            0.06443937122821808,
            0.08094950020313263,
            -0.07995321601629257
        ],
        [
            0.05773315951228142,
            0.08535804599523544,
            -0.07705052942037582
        ],
        [
            0.07544779777526855,
            -0.019112378358840942,
            0.007183145731687546
        ],
        [
            0.08204132318496704,
            -0.020055942237377167,
            0.0006858929991722107
        ],
        [
            0.08175460994243622,
            0.004683695733547211,
            -0.020065341144800186
        ],
        [
            0.09036263823509216,
            0.0068120285868644714,
            -0.027497921139001846
        ],
        [
            0.07701724022626877,
            0.015779919922351837,
            -0.027082199230790138
        ],
        [
            0.0850403755903244,
            0.01867407187819481,
            -0.035144321620464325
        ],
        [
            0.06194883957505226,
            0.0487629696726799,
            -0.05283525213599205
        ],
        [
            0.05331224203109741,
            0.10321442782878876,
            -0.07471050322055817
        ],
        [
            0.05527452751994133,
            0.09203988313674927,
            -0.07297355681657791
        ],
        [
            0.05860216170549393,
            0.09302378445863724,
            -0.06823426485061646
        ],
        [
            0.05429937317967415,
            0.10281292349100113,
            -0.07039184868335724
        ],
        [
            0.05782771855592728,
            0.08661461621522903,
            -0.07019916921854019
        ],
        [
            0.05650274083018303,
            0.09103141725063324,
            -0.07848889380693436
        ],
        [
            0.09914561361074448,
            0.023384269326925278,
            -0.04115071892738342
        ],
        [
            0.0739717185497284,
            0.07633259892463684,
            -0.053857892751693726
        ],
        [
            0.10759162157773972,
            0.011815626174211502,
            -0.031626809388399124
        ],
        [
            0.11512070149183273,
            0.03360852971673012,
            -0.04664194583892822
        ],
        [
            0.12184260785579681,
            0.025713633745908737,
            -0.03751605004072189
        ],
        [
            0.11731818318367004,
            0.0008886605501174927,
            -0.021439913660287857
        ],
        [
            0.12594181299209595,
            0.013635210692882538,
            -0.026760630309581757
        ],
        [
            0.11508157849311829,
            -0.01309492439031601,
            -0.011411815881729126
        ],
        [
            0.11456543207168579,
            -0.006246425211429596,
            -0.01666020229458809
        ],
        [
            0.1357283741235733,
            0.027900870889425278,
            -0.02833539992570877
        ],
        [
