{
    "pred_cam": [
        3.7513465881347656,
        -0.1437426209449768,
        -0.026221618056297302
    ],
    "pred_mano_params": {
        "global_orient": [
            [
                [
                    0.9717157483100891,
                    -0.16602495312690735,
                    -0.16794121265411377
                ],
                [
                    -0.22300338745117188,
                    -0.879111647605896,
                    -0.4212270975112915
                ],
                [
                    -0.07770483195781708,
                    0.44676443934440613,
                    -0.8912707567214966
                ]
            ]
        ],
        "hand_pose": [
            [
                [
                    0.3166896104812622,
                    -0.7863233685493469,
                    -0.5304746627807617
                ],
                [
                    0.742647111415863,
                    0.5534593462944031,
                    -0.37703853845596313
                ],
                [
                    0.5900703072547913,
                    -0.27455130219459534,
                    0.7592356204986572
                ]
            ],
            [
                [
                    0.6832922101020813,
                    -0.7231912612915039,
                    0.10052996128797531
                ],
                [
                    0.7243880033493042,
                    0.654192328453064,
                    -0.21747291088104248
                ],
                [
                    0.09150855988264084,
                    0.22142022848129272,
                    0.9708755612373352
                ]
            ],
            [
                [
                    0.6178319454193115,
                    -0.2858361303806305,
                    0.7325171232223511
                ],
                [
                    0.3966750204563141,
                    0.9176579713821411,
                    0.023509740829467773
                ],
                [
                    -0.6789201498031616,
                    0.2760462164878845,
                    0.680342435836792
                ]
            ],
            [
                [
                    0.42470794916152954,
                    -0.9048338532447815,
                    -0.029982827603816986
                ],
                [
                    0.9044896960258484,
                    0.42550772428512573,
                    -0.0290104728192091
                ],
                [
                    0.039007578045129776,
                    -0.01479818020015955,
                    0.9991294145584106
                ]
            ],
            [
                [
                    0.7047169804573059,
                    -0.6292409896850586,
                    -0.3277648985385895
                ],
                [
                    0.6509595513343811,
                    0.7571868300437927,
                    -0.05403471738100052
                ],
                [
                    0.2821801006793976,
                    -0.1752825230360031,
                    0.9432128071784973
                ]
            ],
            [
                [
                    0.6401966214179993,
                    -0.6268463134765625,
                    0.4440855383872986
                ],
                [
                    0.4689178168773651,
                    0.7767575979232788,
                    0.4204327166080475
                ],
                [
                    -0.6084935665130615,
                    -0.060919973999261856,
                    0.791217029094696
                ]
            ],
            [
                [
                    0.2444167286157608,
                    -0.8443054556846619,
                    0.4768740236759186
                ],
                [
                    0.7383028268814087,
                    0.4808591604232788,
                    0.4729519188404083
                ],
                [
                    -0.6286250948905945,
                    0.23648004233837128,
                    0.7408831715583801
                ]
            ],
            [
                [
                    0.8886459469795227,
                    -0.32468152046203613,
                    -0.32386764883995056
                ],
                [
                    0.44665607810020447,
                    0.7728649377822876,
                    0.45075273513793945
                ],
                [
                    0.10395492613315582,
                    -0.5452170968055725,
                    0.8318242430686951
                ]
            ],
            [
                [
                    0.7630673050880432,
                    -0.5275216698646545,
                    0.37342894077301025
                ],
                [
                    0.1794697493314743,
                    0.7279981970787048,
                    0.6616715788841248
                ],
                [
                    -0.6209016442298889,
                    -0.4378807544708252,
                    0.6501858234405518
                ]
            ],
            [
                [
                    0.4487059414386749,
                    -0.8484017848968506,
                    0.28085121512413025
                ],
                [
                    0.8249146938323975,
                    0.5140836238861084,
                    0.23501868546009064
                ],
                [
                    -0.3437712490558624,
                    0.12622401118278503,
                    0.9305314421653748
                ]
            ],
            [
                [
                    0.7891309857368469,
                    -0.5229056477546692,
                    -0.32224521040916443
                ],
                [
                    0.605755627155304,
                    0.7493669390678406,
                    0.2674121558666229
                ],
                [
                    0.10164860635995865,
                    -0.4062250554561615,
                    0.9081016778945923
                ]
            ],
            [
                [
                    0.48866182565689087,
                    -0.7605245113372803,
                    0.4275652766227722
                ],
                [
                    0.32970404624938965,
                    0.6146910190582275,
                    0.7165543437004089
                ],
                [
                    -0.8077777028083801,
                    -0.2091827541589737,
                    0.5511240363121033
                ]
            ],
            [
                [
                    0.7544306516647339,
                    0.06255024671554565,
                    0.6533925533294678
                ],
                [
                    0.17821411788463593,
                    0.9385353326797485,
                    -0.2956199049949646
                ],
                [
                    -0.6317231059074402,
                    0.3394685685634613,
                    0.6969124674797058
                ]
            ],
            [
                [
                    0.8723897337913513,
                    -0.45959654450416565,
                    0.1664549708366394
                ],
                [
                    0.39974430203437805,
                    0.8667728304862976,
                    0.2981768846511841
                ],
                [
                    -0.2813197076320648,
                    -0.19358700513839722,
                    0.9398848414421082
                ]
            ],
            [
                [
                    0.8487900495529175,
                    -0.4770015776157379,
                    -0.22808967530727386
                ],
                [
                    0.0387941412627697,
                    0.48641353845596313,
                    -0.8728669881820679
                ],
                [
                    0.5273048877716064,
                    0.732032299041748,
                    0.4313678443431854
                ]
            ]
        ],
        "betas": [
            0.03604452311992645,
            -0.09519097208976746,
            -0.033980876207351685,
            0.018633157014846802,
            0.17056211829185486,
            -0.04612763971090317,
            0.12860633432865143,
            0.0356547087430954,
            0.01927076280117035,
            -0.16194504499435425
        ]
    },
    "pred_cam_t": [
        -0.1437426209449768,
        -0.026221618056297302,
        10.412927627563477
    ],
    "focal_length": [
        5000.0,
        5000.0
    ],
    "pred_keypoints_3d": [
        [
            0.09570241719484329,
            0.006374510936439037,
            0.006172588095068932
        ],
        [
            0.07047697901725769,
            0.014391434378921986,
            -0.021814310923218727
        ],
        [
            0.06777031719684601,
            0.0105031942948699,
            -0.052233099937438965
        ],
        [
            0.0692639946937561,
            0.016637176275253296,
            -0.07857844233512878
        ],
        [
            0.06642056256532669,
            0.047073569148778915,
            -0.09460005909204483
        ],
        [
            0.007491715252399445,
            0.022003665566444397,
            -0.0076268939301371574
        ],
        [
            0.00020714430138468742,
            0.05326871946454048,
            -5.497084930539131e-05
        ],
        [
            0.014086484909057617,
            0.0700094997882843,
            -0.004341036081314087
        ],
        [
            0.02344464138150215,
            0.07776734977960587,
            -0.02522571012377739
        ],
        [
            0.004547670483589172,
            0.030245862901210785,
            0.015884224325418472
        ],
        [
            -0.0040574027225375175,
            0.06026514619588852,
            0.010896065272390842
        ],
        [
            0.009083292447030544,
            0.07942529022693634,
            0.01085292175412178
        ],
        [
            0.025119774043560028,
            0.08973826467990875,
            -0.005416549742221832
        ],
        [
            0.021321982145309448,
            0.03923824429512024,
            0.03450119495391846
        ],
        [
            0.008867246098816395,
            0.061145152896642685,
            0.02050590328872204
        ],
        [
            0.019054602831602097,
            0.08272752165794373,
            0.013962630182504654
        ],
        [
            0.029616521671414375,
            0.08567067980766296,
            -0.0075433626770973206
        ],
        [
            0.03764643147587776,
            0.04857244715094566,
            0.04551370441913605
        ],
        [
            0.030601713806390762,
            0.06645968556404114,
            0.03676346689462662
        ],
        [
            0.03727426379919052,
            0.08339645713567734,
            0.03149935603141785
        ],
        [
            0.047288428992033005,
            0.08830228447914124,
            0.01584232784807682
        ]
    ],
    "pred_vertices": [
        [
            0.04691566154360771,
            0.02621219865977764,
            -0.016260430216789246
        ],
        [
            0.056629251688718796,
            0.02673928812146187,
            -0.02049134112894535
        ],
        [
            0.05399186164140701,
            0.02685493975877762,
            -0.03320812061429024
        ],
        [
            0.042377278208732605,
            0.026534883305430412,
            -0.027189059183001518
        ],
        [
            0.07804399728775024,
            0.02629011869430542,
            -0.03144047409296036
        ],
        [
            0.08609150350093842,
            0.017895355820655823,
            -0.0334676057100296
        ],
        [
            0.08124521374702454,
            0.017753589898347855,
            -0.04742812737822533
        ],
        [
            0.07578429579734802,
            0.025510575622320175,
            -0.04513527825474739
        ],
        [
            0.03973834216594696,
            0.02386239357292652,
            -0.037215493619441986
        ],
        [
            0.05239100009202957,
            0.02612312324345112,
            -0.04237012565135956
        ],
        [
            0.04190661758184433,
            0.01722627878189087,
            -0.044768109917640686
        ],
        [
            0.027229206636548042,
            0.012036928907036781,
            -0.03152067959308624
        ],
        [
            0.028448596596717834,
            0.019925393164157867,
            -0.028734469786286354
        ],
        [
            0.01739872433245182,
            0.011332707479596138,
            -0.023634521290659904
        ],
        [
            0.031214918941259384,
            0.0020515844225883484,
            -0.027157431468367577
        ],
        [
            0.015157368034124374,
            0.004930580034852028,
            -0.015842115506529808
        ],
        [
            0.037210863083601,
            -4.791282117366791e-05,
            0.006631779484450817
        ],
        [
            0.04287395253777504,
            0.003909580409526825,
            0.018563032150268555
        ],
        [
            0.025912117213010788,
            0.008836273103952408,
            0.022051282227039337
        ],
        [
            0.022007592022418976,
            0.005172250792384148,
            0.009039722383022308
        ],
        [
            0.04001902788877487,
            0.01718933880329132,
            0.035342756658792496
        ],
        [
            0.031521040946245193,
            0.012802494689822197,
            0.028248116374015808
        ],
        [
            0.04809236526489258,
            0.006743084639310837,
            0.02540169097483158
        ],
        [
            0.05494720861315727,
            0.01109050028026104,
            0.0316932313144207
        ],
        [
            0.05718253552913666,
            0.027108313515782356,
            0.0001145312562584877
        ],
        [
            0.06671047955751419,
            0.02670137956738472,
            -0.0010935277678072453
        ],
        [
            0.061857663094997406,
            0.02616230957210064,
            -0.007425440475344658
        ],
        [
            0.05377637594938278,
            0.0261826254427433,
            -0.005519830621778965
        ],
        [
            0.05535058677196503,
            0.007943361066281796,
            -0.05843730270862579
        ],
        [
            0.04922763258218765,
            0.0026960326358675957,
            -0.04434400424361229
        ],
        [
            0.043442290276288986,
            0.00834544189274311,
            -0.04456937685608864
        ],
        [
            0.05432216450572014,
            0.013230076991021633,
            -0.05891237035393715
        ],
        [
            0.09673129767179489,
            0.03021940588951111,
            0.002173028886318207
        ],
        [
            0.10695607960224152,
            0.021374739706516266,
            0.0016925744712352753
        ],
        [
            0.10490437597036362,
            0.018635213375091553,
            -0.003071947954595089
        ],
        [
            0.09539300203323364,
            0.027186810970306396,
            -0.0012110080569982529
        ],
        [
            0.09399153292179108,
            0.01458085048943758,
            -0.02034871280193329
        ],
        [
            0.10011431574821472,
            0.009258445352315903,
            -0.016674473881721497
        ],
        [
            0.10225872695446014,
            -0.0041702017188072205,
            -0.021796418353915215
        ],
        [
            0.09442567080259323,
            -0.0018647722899913788,
            -0.024433044716715813
        ],
        [
            0.08920960873365402,
            0.01731192320585251,
            -0.025701936334371567
        ],
        [
            0.09016549587249756,
            0.003928284160792828,
            -0.029115930199623108
        ],
        [
            0.08684344589710236,
            0.006263062357902527,
            -0.034213583916425705
        ],
        [
            0.0828656256198883,
            0.008102979511022568,
            -0.047853127121925354
        ],
        [
            0.11037802696228027,
            0.024753810837864876,
            0.01365259662270546
        ],
        [
            0.10362998396158218,
            0.03212040662765503,
            0.015456169843673706
        ],
        [
            0.00801091082394123,
            0.0541183166205883,
            -0.011524688452482224
        ],
        [
            0.012395440600812435,
            0.053720057010650635,
            -0.007306438405066729
        ],
        [
            0.012092030607163906,
            0.050316546112298965,
            -0.008058333769440651
        ],
        [
            0.007636631838977337,
            0.051136650145053864,
            -0.011997498571872711
        ],
        [
            0.1036132350564003,
            0.019014710560441017,
            0.031908195465803146
        ],
        [
            0.10039499402046204,
            0.010238047689199448,
            0.03564133122563362
        ],
        [
            0.10764235258102417,
            0.009645164012908936,
            0.034708186984062195
        ],
        [
            0.11051668226718903,
            0.0169511791318655,
            0.029492508620023727
        ],
        [
            0.09447326511144638,
            0.02174287661910057,
            0.034981224685907364
        ],
        [
            0.09032595902681351,
            0.011385127902030945,
            0.03622278571128845
        ],
        [
            -0.0024662865325808525,
            0.058831341564655304,
            -0.006089713424444199
        ],
        [
            5.587004125118256e-06,
            0.057830892503261566,
            -0.010582910850644112
        ],
        [
            -0.0022900523617863655,
            0.05343220382928848,
            -0.009828656911849976
        ],
        [
            -0.004636759404093027,
            0.053421568125486374,
            -0.004745953716337681
        ],
        [
            0.03216870129108429,
            0.02524210512638092,
            -0.021999739110469818
        ],
        [
            0.03778111934661865,
            0.027671970427036285,
            -0.013450666330754757
        ],
        [
            0.016356922686100006,
            0.02731659635901451,
            -0.01504739373922348
        ],
        [
            0.02409427799284458,
            0.02759026177227497,
            -0.012294258922338486
        ],
        [
            0.022670524194836617,
            0.023639632388949394,
            -0.01903466135263443
        ],
        [
            0.01554087083786726,
            0.02382151409983635,
            -0.019324688240885735
        ],
        [
            0.036897242069244385,
            0.033175401389598846,
            0.007497229613363743
        ],
        [
            0.0478939451277256,
            0.029998403042554855,
            0.005465604830533266
        ],
        [
            0.043833110481500626,
            0.028430690988898277,
            0.00014998763799667358
        ],
        [
            0.03160618990659714,
            0.0318598710000515,
            0.0008082916028797626
        ],
        [
            0.05488528683781624,
            0.03683348745107651,
            0.01577071100473404
        ],
        [
            0.04341375082731247,
            0.03892885521054268,
            0.01715003326535225
        ],
        [
            0.04879778251051903,
            0.042407725006341934,
            0.02291308157145977
        ],
        [
            0.05614893138408661,
            0.04124687612056732,
            0.02039826288819313
        ],
        [
            0.023233313113451004,
            0.04005756229162216,
            0.017312631011009216
        ],
        [
            0.017922677099704742,
            0.04044549912214279,
            0.018523281440138817
        ],
        [
            0.019991107285022736,
            0.0427032895386219,
            0.01968260295689106
        ],
        [
            0.025715721771121025,
            0.04148095101118088,
            0.019813010469079018
        ],
        [
            0.11451026052236557,
            0.007918909192085266,
            0.03387976437807083
        ],
        [
            0.11670489609241486,
            0.014265526086091995,
            0.026666657999157906
        ],
        [
            0.05405540019273758,
            0.02864718623459339,
            0.04788224771618843
        ],
        [
            0.06301844120025635,
            0.035619594156742096,
            0.04788213595747948
        ],
        [
            0.05084124580025673,
            0.04115847125649452,
            0.05279793590307236
        ],
        [
            0.043720997869968414,
            0.03159676492214203,
            0.052089888602495193
        ],
        [
            0.09497714787721634,
            0.0016487613320350647,
            0.03363911435008049
        ],
        [
            0.10271035134792328,
            0.000914745032787323,
            0.03503134846687317
        ],
        [
            -0.001851795706897974,
            0.059020139276981354,
            0.0002675091091077775
        ],
        [
            -0.00369090773165226,
            0.05381522327661514,
            0.0015838774852454662
        ],
        [
            0.08082859218120575,
            -0.004146586172282696,
            -0.031112464144825935
        ],
        [
            0.07746361941099167,
            -4.216097295284271e-05,
            -0.046552371233701706
        ],
        [
            0.08643168210983276,
            -0.0077468836680054665,
            -0.023520683869719505
        ],
        [
            0.09213714301586151,
            -0.011213336139917374,
            -0.019318945705890656
        ],
        [
            0.09929747134447098,
            -0.014943083748221397,
            -0.018381211906671524
        ],
        [
            0.02245759218931198,
            0.030339684337377548,
            -0.006569875869899988
        ],
        [
            0.04458966478705406,
            0.027290157973766327,
            -0.006367386784404516
        ],
        [
            0.0600498765707016,
            0.02884087711572647,
            0.0044424887746572495
        ],
        [
            0.07130646705627441,
            0.04652141407132149,
            0.027329128235578537
        ],
        [
            0.08112890273332596,
            0.04407807067036629,
            0.024681562557816505
        ],
        [
            0.07417720556259155,
            0.04171321913599968,
            0.016815954819321632
        ],
        [
            0.06688547879457474,
            0.04383094608783722,
            0.02106878161430359
        ],
        [
            0.0659506767988205,
            0.04428677260875702,
            0.0439879484474659
        ],
        [
            0.06410931050777435,
            0.0482918918132782,
            0.037029143422842026
        ],
        [
            0.05608105659484863,
            0.05005733668804169,
            0.04029397293925285
        ],
        [
            0.0558345764875412,
            0.047278620302677155,
            0.04806489497423172
        ],
        [
            0.060905277729034424,
            0.002398421987891197,
            -0.05981750041246414
        ],
        [
            0.05583744868636131,
            -0.0015627006068825722,
            -0.04433393478393555
        ],
        [
            0.10559868812561035,
            0.026621703058481216,
            0.024776751175522804
        ],
        [
            0.11132039874792099,
            0.022709911689162254,
            0.021157100796699524
        ],
        [
            0.11793292313814163,
            0.017604747787117958,
            0.019753348082304
        ],
        [
            0.08083370327949524,
            0.02892921306192875,
            -0.0005441033281385899
        ],
        [
            0.09427696466445923,
            0.025266241282224655,
            -0.003556143958121538
        ],
        [
            0.09135835617780685,
            0.02440982311964035,
            -0.007147732190787792
        ],
        [
            0.07762038707733154,
            0.02773919701576233,
            -0.0028450412210077047
        ],
        [
            0.06777689605951309,
            0.028951101005077362,
            -0.020597340539097786
        ],
        [
            0.08114151656627655,
            0.026203664019703865,
            -0.01886705867946148
        ],
        [
            0.06607421487569809,
            0.02938893809914589,
            -0.03398466855287552
        ],
        [
            0.10369361191987991,
            0.01434573344886303,
            -0.009423614479601383
        ],
        [
            0.11402540653944016,
            0.013750540092587471,
            -0.004819296300411224
        ],
        [
            0.11172668635845184,
            0.00863262452185154,
            -0.01167870219796896
        ],
        [
            0.1165287047624588,
            0.016987819224596024,
            0.004139775410294533
        ],
        [
            0.11808106303215027,
            0.018691575154662132,
            0.012798188254237175
        ],
        [
            0.11017307639122009,
            -0.0027301907539367676,
            0.03711673989892006
        ],
        [
            0.10847207903862,
            0.002758380025625229,
            -0.016898619011044502
        ],
        [
            0.07356894016265869,
            0.02371338941156864,
            -0.05390920490026474
        ],
        [
            0.0739024356007576,
            0.022268081083893776,
            -0.06144838407635689
        ],
        [
            0.06569474935531616,
            0.022985093295574188,
            -0.06081023067235947
        ],
        [
            0.06461692601442337,
            0.024964982643723488,
            -0.052784573286771774
        ],
        [
            0.007672319654375315,
            0.015392081812024117,
            -0.018077578395605087
        ],
        [
            0.011784300208091736,
            0.0203871950507164,
            -0.02120046690106392
        ],
        [
            0.020927278324961662,
            0.017527354881167412,
            -0.02467944659292698
        ],
        [
            0.08879000693559647,
            0.03595133498311043,
            0.008163747377693653
        ],
        [
            0.09491121768951416,
            0.03749122470617294,
            0.01910758949816227
        ],
        [
            0.01590668596327305,
            0.029547810554504395,
            -0.009625605307519436
        ],
        [
            -0.005669359117746353,
            0.047798000276088715,
            -0.004373585339635611
        ],
        [
            -0.003271454479545355,
            0.04793550446629524,
            -0.010152756236493587
        ],
        [
            0.00010458496399223804,
            0.029563341289758682,
            -0.014310943894088268
        ],
        [
            -0.0032572164200246334,
            0.028949974104762077,
            -0.008026272058486938
        ],
        [
            0.012743812054395676,
            0.03085998445749283,
            -0.0013856773730367422
        ],
        [
            0.01609809510409832,
            0.03028149902820587,
            -0.007961422204971313
        ],
        [
            0.016501229256391525,
            0.031135443598031998,
            -0.0059387702494859695
        ],
        [
            0.01562548615038395,
            0.03278038650751114,
            0.0006149454275146127
        ],
        [
            0.026677757501602173,
            0.046045396476984024,
            0.02515336498618126
        ],
        [
            0.031956955790519714,
            0.04469945654273033,
            0.025270212441682816
        ],
        [
            0.009043943136930466,
            0.014349957928061485,
            0.010178979486227036
        ],
        [
            0.005233285948634148,
            0.006788002327084541,
            4.70159575343132e-05
        ],
        [
            0.018073320388793945,
            0.0016072746366262436,
            -0.003857159521430731
        ],
        [
            0.04122478514909744,
            0.03585634008049965,
            0.012960860505700111
        ],
        [
            0.031732335686683655,
            0.03892315924167633,
            0.015434155240654945
        ],
        [
            0.03390352800488472,
            0.04048379138112068,
            0.018667032942175865
        ],
        [
            0.02014879137277603,
            0.03208324685692787,
            -0.0029234313406050205
        ],
        [
            0.01488763652741909,
            0.0314268134534359,
            -0.0035504763945937157
        ],
        [
            0.016376275569200516,
            0.0335950143635273,
            0.001245422288775444
        ],
        [
            0.023062776774168015,
            0.033754635602235794,
            0.0017862431704998016
        ],
        [
            0.0747656300663948,
            0.030080920085310936,
            0.04395686835050583
        ],
        [
            0.07798248529434204,
            0.04051440954208374,
            0.03980623558163643
        ],
        [
            0.003673085942864418,
            0.05584316700696945,
            -0.012629831209778786
        ],
        [
            0.0023199478164315224,
            0.052276089787483215,
            -0.012644805945456028
        ],
        [
            0.05193239822983742,
            0.032731663435697556,
            0.010844431817531586
        ],
        [
            0.03343205153942108,
            -0.0011003687977790833,
            -0.005816246848553419
        ],
        [
            0.0629497542977333,
            0.031229889020323753,
            0.008605794981122017
        ],
        [
            0.027698101475834846,
            0.035393647849559784,
            0.04119182378053665
        ],
        [
            0.030189283192157745,
            0.04376085475087166,
            0.03946786746382713
        ],
        [
            0.026241710409522057,
            0.04722711071372032,
            0.037008270621299744
        ],
        [
            0.02227923460304737,
            0.04265204071998596,
            0.03839300945401192
        ],
        [
            0.012846068479120731,
            0.04631010442972183,
            0.0037726126611232758
        ],
        [
            0.014608390629291534,
            0.04742974042892456,
            -0.0018354024505242705
        ],
        [
            0.014157475903630257,
            0.049976494163274765,
            -0.002009105170145631
        ],
        [
            0.012442199513316154,
            0.05022262781858444,
            0.003794280346482992
        ],
        [
            0.015395826660096645,
            0.02912217378616333,
            -0.013660596683621407
        ],
        [
            0.0122353695333004,
            0.02702934667468071,
            -0.01838599517941475
        ],
        [
            0.01188838854432106,
            0.0315617211163044,
            -0.016146931797266006
        ],
        [
            0.015074841678142548,
            0.03199765086174011,
            -0.010951888747513294
        ],
        [
            0.0076114721596241,
            0.0247179102152586,
            -0.01885922998189926
        ],
        [
            0.005834244191646576,
            0.030221063643693924,
            -0.017066283151507378
        ],
        [
            0.007533639669418335,
            0.046083755791187286,
            0.007533271797001362
        ],
        [
            3.535859286785126e-05,
            0.04695922136306763,
            0.006725803948938847
        ],
        [
            0.0026573622599244118,
            0.029522044584155083,
            0.00520861754193902
        ],
        [
            0.009868785738945007,
            0.03291937708854675,
            0.005657789297401905
        ],
        [
            0.06851152330636978,
            0.004190072417259216,
            0.02932945266366005
        ],
        [
            0.07451018691062927,
            0.010779138654470444,
            0.03608976677060127
        ],
        [
            0.061080049723386765,
            0.017655454576015472,
            0.03888934478163719
        ],
        [
            0.047350168228149414,
            0.023846156895160675,
            0.04312823340296745
        ],
        [
            0.03411951661109924,
            0.029834900051355362,
            0.04531444236636162
        ],
        [
            0.02731999382376671,
            0.02199828252196312,
            0.0391467921435833
        ],
        [
            0.06679701060056686,
            0.022142812609672546,
            0.04290466383099556
        ],
        [
            0.00849743839353323,
            0.02755153737962246,
            0.005044297780841589
        ],
        [
            0.004598486237227917,
            0.01984601840376854,
            0.0045361933298408985
        ],
        [
            0.006774967536330223,
            0.021997502073645592,
            0.007469480857253075
        ],
        [
            0.06617005169391632,
            0.03605576604604721,
            0.013338143937289715
        ],
        [
            0.001432362012565136,
            0.04788999259471893,
            -0.013122000731527805
        ],
        [
            0.08759409189224243,
            -0.019769147038459778,
            -0.0017398721538484097
        ],
        [
            0.08916075527667999,
            -0.017904939129948616,
            0.010763280093669891
        ],
        [
            0.08091241866350174,
            -0.014916772022843361,
            0.009185362607240677
        ],
        [
            0.07925086468458176,
            -0.01622019335627556,
            -0.004598275758326054
        ],
        [
            0.01256866566836834,
            0.04815620929002762,
            -0.008545031771063805
        ],
        [
            0.007839936763048172,
            0.04796677827835083,
            -0.013089513406157494
        ],
        [
            0.03429704159498215,
            0.048726096749305725,
            0.030082957819104195
        ],
        [
            0.028663266450166702,
            0.049639105796813965,
            0.02935592085123062
        ],
        [
            0.028186827898025513,
            0.05072441324591637,
            0.03209979832172394
        ],
        [
            0.0339028425514698,
            0.052672214806079865,
            0.034199245274066925
        ],
        [
            0.07889349013566971,
            0.014064501971006393,
            0.0385623574256897
        ],
        [
            0.0431753545999527,
            0.04811320826411247,
            0.05171477794647217
        ],
        [
            0.036978643387556076,
            0.03859839588403702,
            0.051298320293426514
        ],
        [
            0.08582738786935806,
            0.004476271569728851,
            0.0335373617708683
        ],
        [
            0.08063936233520508,
            -0.0017999224364757538,
            0.028107358142733574
        ],
        [
            0.08956904709339142,
            -0.005833618342876434,
            0.02773253247141838
        ],
        [
            0.01661379262804985,
            0.02114689163863659,
            0.028488077223300934
        ],
        [
            0.06245637312531471,
            0.000831112265586853,
            0.02407960221171379
        ],
        [
            0.07591625303030014,
            -0.004788294434547424,
            0.022852791473269463
        ],
        [
            0.08637294918298721,
            -0.00974433496594429,
            0.022170837968587875
        ],
        [
            0.09391945600509644,
            -0.013423226773738861,
            0.022631943225860596
        ],
        [
            0.09669198095798492,
            -0.008666910231113434,
            0.028600653633475304
        ],
        [
            -0.00393420597538352,
            0.04769902303814888,
            0.0019023306667804718
        ],
        [
            0.0007731295190751553,
            0.05342663824558258,
            0.007084188051521778
        ],
        [
            0.10446038842201233,
            -0.012957360595464706,
            0.030819589272141457
        ],
        [
            0.10119455307722092,
            -0.01768181100487709,
            0.023555275052785873
        ],
        [
            0.07132432609796524,
            -0.008036419749259949,
            0.015614725649356842
        ],
        [
            0.06615187972784042,
            -0.01074122078716755,
            0.006152947433292866
        ],
        [
            0.05852450802922249,
            -0.002240106463432312,
            0.0169530026614666
        ],
        [
            0.052358247339725494,
            -0.004732910543680191,
            0.007451919838786125
        ],
        [
            0.012415805831551552,
            0.012338437139987946,
            0.023200836032629013
        ],
        [
            0.011999347247183323,
            0.06736515462398529,
            0.004246122669428587
        ],
        [
            0.008365664631128311,
            0.05740649253129959,
            0.007087269797921181
        ],
        [
            0.012755735777318478,
            0.05501067638397217,
            0.004008792340755463
        ],
        [
            0.015888500958681107,
            0.06580743193626404,
            0.0038765799254179
        ],
        [
            0.007824732922017574,
            0.05139875411987305,
            0.007307622581720352
        ],
        [
            0.0027349507436156273,
            0.0585307851433754,
            0.005791965872049332
        ],
        [
            0.04854528605937958,
            -0.005617273971438408,
            -0.007332353852689266
        ],
        [
            0.012220937758684158,
            0.03361134976148605,
            0.0021158214658498764
        ],
        [
            0.06439951062202454,
            -0.01046072132885456,
            -0.0102246617898345
        ],
        [
            0.043643802404403687,
            -0.00437023863196373,
            -0.02621622383594513
        ],
        [
            0.05686378479003906,
            -0.006465723738074303,
            -0.027580803260207176
        ],
        [
            0.08049062639474869,
            -0.014923103153705597,
            -0.014752172864973545
        ],
        [
            0.07230374217033386,
            -0.010480206459760666,
            -0.02500302717089653
        ],
        [
            0.09587866812944412,
            -0.02077578753232956,
            -0.010898754000663757
        ],
        [
            0.08770439773797989,
            -0.01780976727604866,
            -0.011620266363024712
        ],
        [
