{
    "pred_cam": [
        10.097986221313477,
        0.07832244783639908,
        0.0282057523727417
    ],
    "pred_mano_params": {
        "global_orient": [
            [
                [
                    -0.1452169567346573,
                    0.9848236441612244,
                    0.09504999965429306
                ],
                [
                    0.40257588028907776,
                    0.14657017588615417,
                    -0.903576135635376
                ],
                [
                    -0.9037945866584778,
                    -0.0929497480392456,
                    -0.4177507162094116
                ]
            ]
        ],
        "hand_pose": [
            [
                [
                    0.6349887251853943,
                    -0.649437427520752,
                    -0.41835424304008484
                ],
                [
                    0.6888821125030518,
                    0.7211053371429443,
                    -0.07381417602300644
                ],
                [
                    0.3496151864528656,
                    -0.24132557213306427,
                    0.9052795767784119
                ]
            ],
            [
                [
                    0.9571886658668518,
                    -0.27481693029403687,
                    0.09091485291719437
                ],
                [
                    0.28746941685676575,
                    0.9393018484115601,
                    -0.18727856874465942
                ],
                [
                    -0.03392917662858963,
                    0.2053961604833603,
                    0.9780905246734619
                ]
            ],
            [
                [
                    0.7984485030174255,
                    -0.5802646279335022,
                    0.16053982079029083
                ],
                [
                    0.6020579934120178,
                    0.7684160470962524,
                    -0.21694031357765198
                ],
                [
                    0.0025214271154254675,
                    0.2698698937892914,
                    0.9628936052322388
                ]
            ],
            [
                [
                    0.3544277250766754,
                    -0.931672990322113,
                    -0.07979034632444382
                ],
                [
                    0.9348959922790527,
                    0.3513557016849518,
                    0.050186436623334885
                ],
                [
                    -0.018722547218203545,
                    -0.09238313138484955,
                    0.9955475330352783
                ]
            ],
            [
                [
                    0.9905115365982056,
                    -0.0847352147102356,
                    -0.1081976592540741
                ],
                [
                    0.11705490946769714,
                    0.9326882362365723,
                    0.3411608636379242
                ],
                [
                    0.07200638949871063,
                    -0.3505888879299164,
                    0.9337571263313293
                ]
            ],
            [
                [
                    0.5986983776092529,
                    -0.7833675146102905,
                    0.16701997816562653
                ],
                [
                    0.7853555083274841,
                    0.6150980591773987,
                    0.06979289650917053
                ],
                [
                    -0.15740716457366943,
                    0.08938517421483994,
                    0.9834802150726318
                ]
            ],
            [
                [
                    0.4143996834754944,
                    -0.5257182717323303,
                    0.7428951859474182
                ],
                [
                    0.4817422330379486,
                    0.8192575573921204,
                    0.3110329210758209
                ],
                [
                    -0.7721381783485413,
                    0.2289920151233673,
                    0.5927608013153076
                ]
            ],
            [
                [
                    0.8273431658744812,
                    -0.414468914270401,
                    -0.3791026175022125
                ],
                [
                    0.5607341527938843,
                    0.5699418187141418,
                    0.6006193161010742
                ],
                [
                    -0.032871637493371964,
                    -0.7094940543174744,
                    0.7039443254470825
                ]
            ],
            [
                [
                    0.4471888840198517,
                    -0.877078652381897,
                    0.17537161707878113
                ],
                [
                    0.6841112971305847,
                    0.4617025554180145,
                    0.5646436810493469
                ],
                [
                    -0.576206386089325,
                    -0.1325286626815796,
                    0.8064876198768616
                ]
            ],
            [
                [
                    0.5249824523925781,
                    -0.7701837420463562,
                    0.36222973465919495
                ],
                [
                    0.8097097277641296,
                    0.5830797553062439,
                    0.0662427619099617
                ],
                [
                    -0.2622279226779938,
                    0.25852468609809875,
                    0.9297319054603577
                ]
            ],
            [
                [
                    0.8656471967697144,
                    -0.4433765113353729,
                    -0.2325342744588852
                ],
                [
                    0.49935436248779297,
                    0.7311707139015198,
                    0.4647953510284424
                ],
                [
                    -0.03605709597468376,
                    -0.5184658169746399,
                    0.8543378710746765
                ]
            ],
            [
                [
                    0.5709905624389648,
                    -0.8205031752586365,
                    0.027282673865556717
                ],
                [
                    0.6978346109390259,
                    0.5025939345359802,
                    0.5103196501731873
                ],
                [
                    -0.4324309825897217,
                    -0.27234894037246704,
                    0.8595519065856934
                ]
            ],
            [
                [
                    0.864178478717804,
                    0.20173271000385284,
                    0.4609767198562622
                ],
                [
                    0.09968984127044678,
                    0.8293183445930481,
                    -0.549811840057373
                ],
                [
                    -0.49321144819259644,
                    0.5210902094841003,
                    0.6965683698654175
                ]
            ],
            [
                [
                    0.9467493891716003,
                    -0.29689425230026245,
                    0.12457744032144547
                ],
                [
                    0.2321462780237198,
                    0.8975578546524048,
                    0.3748307526111603
                ],
                [
                    -0.22310054302215576,
                    -0.325950562953949,
                    0.918685257434845
                ]
            ],
            [
                [
                    0.6765926480293274,
                    -0.5102383494377136,
                    -0.5309231877326965
                ],
                [
                    -0.06425304710865021,
                    0.6773537397384644,
                    -0.7328462600708008
                ],
                [
                    0.7335489988327026,
                    0.5299516916275024,
                    0.42550820112228394
                ]
            ]
        ],
        "betas": [
            -0.04381030797958374,
            -0.05944505333900452,
            0.02566036581993103,
            0.061847299337387085,
            -0.026540368795394897,
            0.01351143792271614,
            -0.013969004154205322,
            -0.10976949334144592,
            0.008803114295005798,
            -0.07563343644142151
        ]
    },
    "pred_cam_t": [
        -0.07832244783639908,
        0.0282057523727417,
        3.8683454990386963
    ],
    "focal_length": [
        5000.0,
        5000.0
    ],
    "pred_keypoints_3d": [
        [
            0.09587369114160538,
            0.00640261173248291,
            0.006209622137248516
        ],
        [
            0.086436428129673,
            -0.02898694947361946,
            0.018592776730656624
        ],
        [
            0.0757518783211708,
            -0.05755306035280228,
            0.014022432267665863
        ],
        [
            0.06230174005031586,
            -0.08111568540334702,
            0.013330847956240177
        ],
        [
            0.041775114834308624,
            -0.09287833422422409,
            0.03802917152643204
        ],
        [
            0.10554448515176773,
            -0.04859764873981476,
            0.0778498724102974
        ],
        [
            0.0885867029428482,
            -0.05187101289629936,
            0.10601378977298737
        ],
        [
            0.06975600868463516,
            -0.053552236407995224,
            0.11769236624240875
        ],
        [
            0.044364944100379944,
            -0.053053658455610275,
            0.11817192286252975
        ],
        [
            0.10787911713123322,
            -0.028938844799995422,
            0.093544140458107
        ],
        [
            0.08083589375019073,
            -0.03346889466047287,
            0.10953061282634735
        ],
        [
            0.05837869644165039,
            -0.03426121920347214,
            0.11565642058849335
        ],
        [
            0.0365171954035759,
            -0.03960777819156647,
            0.10452595353126526
        ],
        [
            0.1013283059000969,
            -0.0029822587966918945,
            0.0918550118803978
        ],
        [
            0.08256658166646957,
            -0.01656077802181244,
            0.10910844057798386
        ],
        [
            0.05787985771894455,
            -0.015839578583836555,
            0.11159577965736389
        ],
        [
            0.04002489522099495,
            -0.018891816958785057,
            0.09475760161876678
        ],
        [
            0.09195956587791443,
            0.0163236316293478,
            0.08762428909540176
        ],
        [
            0.08299141377210617,
            0.002713358961045742,
            0.10111477971076965
        ],
        [
            0.06429778039455414,
            0.0001560952514410019,
            0.10321617871522903
        ],
        [
            0.05548025667667389,
            9.119510650634766e-05,
            0.08854944258928299
        ]
    ],
    "pred_vertices": [
        [
            0.08650261908769608,
            -0.03383585065603256,
            0.04564182460308075
        ],
        [
            0.08208800852298737,
            -0.031550921499729156,
            0.03716522082686424
        ],
        [
            0.07788654416799545,
            -0.04342491552233696,
            0.03672599047422409
        ],
        [
            0.08378683030605316,
            -0.04503347724676132,
            0.04623633623123169
        ],
        [
            0.06829717010259628,
            -0.03152942657470703,
            0.018959179520606995
        ],
        [
            0.06990884244441986,
            -0.03170914575457573,
            0.0072356946766376495
        ],
        [
            0.06573040038347244,
            -0.04609926417469978,
            0.009124737232923508
        ],
        [
            0.06380889564752579,
            -0.04488996043801308,
            0.01845104619860649
        ],
        [
            0.08322006464004517,
            -0.0552191361784935,
            0.04486759752035141
        ],
        [
            0.07505539804697037,
            -0.052383750677108765,
            0.036008767783641815
        ],
        [
            0.08555006980895996,
            -0.061651889234781265,
            0.03878462314605713
        ],
        [
            0.09946668893098831,
            -0.05938997119665146,
            0.0498269721865654
        ],
        [
            0.09320412576198578,
            -0.05512271076440811,
            0.05321066454052925
        ],
        [
            0.10608655959367752,
            -0.05814117193222046,
            0.0591166727244854
        ],
        [
            0.10819964110851288,
            -0.055542729794979095,
            0.04304859787225723
        ],
        [
            0.11514952033758163,
            -0.053644612431526184,
            0.06045110151171684
        ],
        [
            0.12069229781627655,
            -0.024717949330806732,
            0.04968593642115593
        ],
        [
            0.11965004354715347,
            -0.011030245572328568,
            0.051951318979263306
        ],
        [
            0.12199355661869049,
            -0.01609363779425621,
            0.06909942626953125
        ],
        [
            0.12183274328708649,
            -0.029622439295053482,
            0.06515981256961823
        ],
        [
            0.11473952978849411,
            0.0037814518436789513,
            0.06677056849002838
        ],
        [
            0.11887240409851074,
            -0.007304518483579159,
            0.06881693005561829
        ],
        [
            0.117930106818676,
            -0.0020401831716299057,
            0.051860131323337555
        ],
        [
            0.11416932195425034,
            0.007542842999100685,
            0.05088413134217262
        ],
        [
            0.08781076967716217,
            -0.015186473727226257,
            0.04388603940606117
        ],
        [
            0.08499027788639069,
            -0.011036286130547523,
            0.03542665019631386
        ],
        [
            0.08533209562301636,
            -0.018428407609462738,
            0.03652685880661011
        ],
        [
            0.08794711530208588,
            -0.02160273864865303,
            0.04391445219516754
        ],
        [
            0.08278734982013702,
            -0.06868234276771545,
            0.021070707589387894
        ],
        [
            0.09438350051641464,
            -0.06051898002624512,
            0.024632539600133896
        ],
        [
            0.09232862293720245,
            -0.06234422326087952,
            0.032563768327236176
        ],
        [
            0.07893212884664536,
            -0.06854717433452606,
            0.025022830814123154
        ],
        [
            0.07299727946519852,
            0.007475819438695908,
            0.014762252569198608
        ],
        [
            0.07743013650178909,
            0.010980425402522087,
            0.0023262426257133484
        ],
        [
            0.07869932055473328,
            0.005490925163030624,
            0.0006866827607154846
        ],
        [
            0.0749531090259552,
            0.003527563065290451,
            0.012884043157100677
        ],
        [
            0.07802615314722061,
            -0.015607502311468124,
            0.0007881820201873779
        ],
        [
            0.08292785286903381,
            -0.010149933397769928,
            -0.005636677145957947
        ],
        [
            0.09196514636278152,
            -0.01566222310066223,
            -0.01538066565990448
        ],
        [
            0.09048286080360413,
            -0.02188815176486969,
            -0.009033799171447754
        ],
        [
            0.07370045781135559,
            -0.023053187876939774,
            0.005306124687194824
        ],
        [
            0.08332408964633942,
            -0.027937039732933044,
            -0.003956243395805359
        ],
        [
            0.07822577655315399,
            -0.03444541618227959,
            -0.0004483833909034729
        ],
        [
            0.07243964821100235,
            -0.04768415540456772,
            0.0022833459079265594
        ],
        [
            0.07784974575042725,
            0.02334776520729065,
            0.006036937236785889
        ],
        [
            0.07412125915288925,
            0.022584689781069756,
            0.015541918575763702
        ],
        [
            0.07927393168210983,
            -0.05756271257996559,
            0.10178010165691376
        ],
        [
            0.07751283794641495,
            -0.05189678817987442,
            0.10205647349357605
        ],
        [
            0.08027864247560501,
            -0.052105508744716644,
            0.09801607578992844
        ],
        [
            0.08192695677280426,
            -0.057700421661138535,
            0.09882839024066925
        ],
        [
            0.09173769503831863,
            0.0343332514166832,
            0.01607813686132431
        ],
        [
            0.10188986361026764,
            0.03433200716972351,
            0.016090519726276398
        ],
        [
            0.09974417835474014,
            0.037220682948827744,
            0.00972074270248413
        ],
        [
            0.09047191590070724,
            0.03556934371590614,
            0.008695989847183228
        ],
        [
            0.09335379302501678,
            0.03260087966918945,
            0.025819070637226105
        ],
        [
            0.10430342704057693,
            0.02975824475288391,
            0.024838753044605255
        ],
        [
            0.08703473210334778,
            -0.05993212014436722,
            0.1116989329457283
        ],
        [
            0.08413714170455933,
            -0.061937905848026276,
            0.10789835453033447
        ],
        [
            0.08878270536661148,
            -0.0615336038172245,
            0.10538564622402191
        ],
        [
            0.09190351516008377,
            -0.058540720492601395,
            0.10842770338058472
        ],
        [
            0.08969316631555557,
            -0.04684409499168396,
            0.05465346947312355
        ],
        [
            0.0887867733836174,
            -0.03648674860596657,
            0.054343052208423615
        ],
        [
            0.09498491883277893,
            -0.04929139092564583,
            0.07091773301362991
        ],
        [
            0.09346125274896622,
            -0.042847029864788055,
            0.06549043953418732
        ],
        [
            0.09502994269132614,
            -0.0497623085975647,
            0.06209403648972511
        ],
        [
            0.09740854054689407,
            -0.05389046669006348,
            0.06770937889814377
        ],
        [
            0.0916130542755127,
            -0.01871761493384838,
            0.06582184135913849
        ],
        [
            0.090070940554142,
            -0.015203792601823807,
            0.0548059456050396
        ],
        [
            0.09093207865953445,
            -0.02198631316423416,
            0.05515245348215103
        ],
        [
            0.09205900132656097,
            -0.027336418628692627,
            0.06671549379825592
        ],
        [
            0.08557761460542679,
            -0.001764656975865364,
            0.0566098615527153
        ],
        [
            0.08791489899158478,
            -0.006234197877347469,
            0.06727683544158936
        ],
        [
            0.08520715683698654,
            0.002021430991590023,
            0.06708143651485443
        ],
        [
            0.0830087959766388,
            0.003538775257766247,
            0.05957914888858795
        ],
        [
            0.09355125576257706,
            -0.01639872044324875,
            0.08379985392093658
        ],
        [
            0.09528898447751999,
            -0.01819540001451969,
            0.08832784742116928
        ],
        [
            0.09235993027687073,
            -0.015157672576606274,
            0.08904624730348587
        ],
        [
            0.09224399924278259,
            -0.012624087743461132,
            0.08368514478206635
        ],
        [
            0.0987602025270462,
            0.039812467992305756,
            0.0031672492623329163
        ],
        [
            0.08982080966234207,
            0.03597404062747955,
            0.001421913504600525
        ],
        [
            0.10462785512208939,
            0.023298928514122963,
            0.06586150825023651
        ],
        [
            0.09554643929004669,
            0.02926989272236824,
            0.06230060011148453
        ],
        [
            0.09646884351968765,
            0.028010282665491104,
            0.07666759192943573
        ],
        [
            0.10660570859909058,
            0.021975364536046982,
            0.07674193382263184
        ],
        [
            0.11049988120794296,
            0.028398562222719193,
            0.015649206936359406
        ],
        [
            0.1091739684343338,
            0.03345790505409241,
            0.009763561189174652
        ],
        [
            0.08828585594892502,
            -0.05464037135243416,
            0.11468081921339035
        ],
        [
            0.09260393679141998,
            -0.05292731523513794,
            0.11059130728244781
        ],
        [
            0.09160137176513672,
            -0.03639625757932663,
            -0.001516386866569519
        ],
        [
            0.08209118992090225,
            -0.0503823384642601,
            0.0013574101030826569
        ],
        [
            0.09782397001981735,
            -0.027097195386886597,
            -0.005867578089237213
        ],
        [
            0.10188129544258118,
            -0.020636361092329025,
            -0.010200880467891693
        ],
        [
            0.10382603108882904,
            -0.016355980187654495,
            -0.016725830733776093
        ],
        [
            0.09332340955734253,
            -0.03834911435842514,
            0.0704575851559639
        ],
        [
            0.08942519128322601,
            -0.02712303027510643,
            0.05144646391272545
        ],
        [
            0.08683327585458755,
            -0.009883753955364227,
            0.044185757637023926
        ],
        [
            0.07602091878652573,
            0.01811169646680355,
            0.05273059755563736
        ],
        [
            0.07406644523143768,
            0.02062186412513256,
            0.04260502755641937
        ],
        [
            0.07549308985471725,
            0.009967578575015068,
            0.04391736164689064
        ],
        [
            0.07751215994358063,
            0.010094346478581429,
            0.052493881434202194
        ],
        [
            0.0856713354587555,
            0.02894376590847969,
            0.0626598373055458
        ],
        [
            0.08024530112743378,
            0.022730253636837006,
            0.06341545283794403
        ],
        [
            0.08243022859096527,
            0.02155272662639618,
            0.07266855984926224
        ],
        [
            0.087702676653862,
            0.02747783251106739,
            0.07423724234104156
        ],
        [
            0.08355458080768585,
            -0.06887005269527435,
            0.013218954205513
        ],
        [
            0.09471951425075531,
            -0.05846275016665459,
            0.01691100373864174
        ],
        [
            0.08181577175855637,
            0.030568396672606468,
            0.015153810381889343
        ],
        [
            0.08212294429540634,
            0.029843343421816826,
            0.007368415594100952
        ],
        [
            0.08399869501590729,
            0.03128405660390854,
            -0.000830724835395813
        ],
        [
            0.07857242226600647,
            -0.0029733367264270782,
            0.02536717802286148
        ],
        [
            0.07619348168373108,
            0.0007665790617465973,
            0.011760897934436798
        ],
        [
            0.07659249752759933,
            -0.0036863982677459717,
            0.012095250189304352
        ],
        [
            0.0801873430609703,
            -0.0064217932522296906,
            0.026217348873615265
        ],
        [
            0.0764085203409195,
            -0.025594990700483322,
            0.029807258397340775
        ],
        [
            0.0732610896229744,
            -0.018789060413837433,
            0.018137291073799133
        ],
        [
            0.07100047171115875,
            -0.0377134308218956,
            0.029487797990441322
        ],
        [
            0.08045697957277298,
            -0.0011613145470619202,
            -0.0030594468116760254
        ],
        [
            0.07949955761432648,
            0.007949147373437881,
            -0.00949733704328537
        ],
        [
            0.08214859664440155,
            0.00012979656457901,
            -0.012806408107280731
        ],
        [
            0.07918419688940048,
            0.017301460728049278,
            -0.006366170942783356
        ],
        [
            0.0804547667503357,
            0.02562706544995308,
            -0.0032515376806259155
        ],
        [
            0.1107243150472641,
            0.03848353400826454,
            0.003050103783607483
        ],
        [
            0.08624712377786636,
            -0.006972629576921463,
            -0.015027381479740143
        ],
        [
            0.06256313621997833,
            -0.05426692217588425,
            0.01781567744910717
        ],
        [
            0.06092632934451103,
            -0.06199966371059418,
            0.015594415366649628
        ],
        [
            0.0648856982588768,
            -0.06404608488082886,
            0.022511610761284828
        ],
        [
            0.06655009090900421,
            -0.05659608542919159,
            0.025473274290561676
        ],
        [
            0.10907924920320511,
            -0.05820956453680992,
            0.06993710994720459
        ],
        [
            0.10177476704120636,
            -0.05802389606833458,
            0.0681660920381546
        ],
        [
            0.0991036593914032,
            -0.056333430111408234,
            0.05872268229722977
        ],
        [
            0.07272578775882721,
            0.009319985285401344,
            0.026124201714992523
        ],
        [
            0.07349886745214462,
            0.0220724418759346,
            0.026373669505119324
        ],
        [
            0.09450236707925797,
            -0.044891662895679474,
            0.07526718825101852
        ],
        [
            0.09633037447929382,
            -0.05731378123164177,
            0.10510102659463882
        ],
        [
            0.09294086694717407,
            -0.06088181957602501,
            0.10167161375284195
        ],
        [
            0.10352864861488342,
            -0.05963229015469551,
            0.08516514301300049
        ],
        [
            0.10753034055233002,
            -0.05593913793563843,
            0.08964409679174423
        ],
        [
            0.09719264507293701,
            -0.04118433594703674,
            0.0832880362868309
        ],
        [
            0.09411407262086868,
            -0.0451672337949276,
            0.07808572798967361
        ],
        [
            0.09388215094804764,
            -0.044320445507764816,
            0.08007631450891495
        ],
        [
            0.09454964846372604,
            -0.039663780480623245,
            0.08487989753484726
        ],
        [
            0.08987713605165482,
            -0.0062456754967570305,
            0.08809933066368103
        ],
        [
            0.08965615928173065,
            -0.004090019501745701,
            0.082799531519413
        ],
        [
            0.11833172291517258,
            -0.03378933295607567,
            0.08029160648584366
        ],
        [
            0.12273719906806946,
            -0.04530346393585205,
            0.07464800029993057
        ],
        [
            0.12137386947870255,
            -0.04283207654953003,
            0.06124061346054077
        ],
        [
            0.08980295807123184,
            -0.01141358818858862,
            0.06585565209388733
        ],
        [
            0.09106939285993576,
            -0.013769209384918213,
            0.07583171129226685
        ],
        [
            0.09014787524938583,
            -0.00962546281516552,
            0.07622959464788437
        ],
        [
            0.09388001263141632,
            -0.03628811985254288,
            0.07465870678424835
        ],
        [
            0.09528090059757233,
            -0.040022727102041245,
            0.07929285615682602
        ],
        [
            0.09573157876729965,
            -0.034686822444200516,
            0.07991611212491989
        ],
        [
            0.09357830137014389,
            -0.030693858861923218,
            0.0748029425740242
        ],
        [
            0.09544434398412704,
            0.031169230118393898,
            0.04883398488163948
        ],
        [
            0.08373071998357773,
            0.031098464503884315,
            0.04953135922551155
        ],
        [
            0.08151160180568695,
            -0.061152175068855286,
            0.10410748422145844
        ],
        [
            0.08518733829259872,
            -0.061148617416620255,
            0.1015288233757019
        ],
        [
            0.08832431584596634,
            -0.008129870519042015,
            0.055041126906871796
        ],
        [
            0.11821605265140533,
            -0.03719843178987503,
            0.047141626477241516
        ],
        [
            0.08528794348239899,
            -0.004525316879153252,
            0.0446789413690567
        ],
        [
            0.10601409524679184,
            0.005340917035937309,
            0.0876358300447464
        ],
        [
            0.09847342222929001,
            0.006606120616197586,
            0.08942783623933792
        ],
        [
            0.09549688547849655,
            0.0030787382274866104,
            0.09390050172805786
        ],
        [
            0.10104623436927795,
            0.0011625029146671295,
            0.09496523439884186
        ],
        [
            0.08663129061460495,
            -0.041155923157930374,
            0.09847786277532578
        ],
        [
            0.0832543820142746,
            -0.045092228800058365,
            0.09568089246749878
        ],
        [
            0.08052504807710648,
            -0.04597330465912819,
            0.09964819252490997
        ],
        [
            0.08345286548137665,
            -0.04229152575135231,
            0.1031322255730629
        ],
        [
            0.09426531195640564,
            -0.05026697739958763,
            0.07516312599182129
        ],
        [
            0.09669853746891022,
            -0.0556241050362587,
            0.07342446595430374
        ],
        [
            0.09426873922348022,
            -0.05544217675924301,
            0.07845637947320938
        ],
        [
            0.09309853613376617,
            -0.04949308931827545,
            0.07921280711889267
        ],
        [
            0.10145696252584457,
            -0.05887454375624657,
            0.0752049908041954
        ],
        [
            0.0988006517291069,
            -0.05923376977443695,
            0.08085855096578598
        ],
        [
            0.09168338030576706,
            -0.04088371619582176,
            0.10263050347566605
        ],
        [
            0.09649833291769028,
            -0.04533194750547409,
            0.10633477568626404
        ],
        [
            0.10664205998182297,
            -0.04226088151335716,
            0.0927792564034462
        ],
        [
            0.09931760281324387,
            -0.03888757899403572,
            0.09090349823236465
        ],
        [
            0.11512149125337601,
            0.01146734319627285,
            0.03607569634914398
        ],
        [
            0.10984381288290024,
            0.02132485620677471,
            0.037041984498500824
        ],
        [
            0.10900381952524185,
            0.01781557872891426,
            0.05186786502599716
        ],
        [
            0.10939417034387589,
            0.015263764187693596,
            0.06703115254640579
        ],
        [
            0.10934479534626007,
            0.011392197571694851,
            0.08099237829446793
        ],
        [
            0.11598113179206848,
            0.001067441888153553,
            0.08038957417011261
        ],
        [
            0.10462427884340286,
            0.024846365675330162,
            0.051017943769693375
        ],
        [
            0.10539064556360245,
            -0.03679748252034187,
            0.08496793359518051
        ],
        [
            0.11312947422266006,
            -0.040406305342912674,
            0.084569551050663
        ],
        [
            0.11163702607154846,
            -0.03618834540247917,
            0.08476243913173676
        ],
        [
            0.081730417907238,
            0.0019161570817232132,
            0.046269357204437256
        ],
        [
            0.08901417255401611,
            -0.06102602183818817,
            0.09792309254407883
        ],
        [
            0.11850288510322571,
            -0.009082086384296417,
            -0.002803333103656769
        ],
        [
            0.12114692479372025,
            0.0027398988604545593,
            0.002055719494819641
        ],
        [
            0.12049511075019836,
            -0.0023898668587207794,
            0.009242117404937744
        ],
        [
            0.11680235713720322,
            -0.015386495739221573,
            0.0039184242486953735
        ],
        [
            0.08261558413505554,
            -0.05179174989461899,
            0.09391046315431595
        ],
        [
            0.08452235162258148,
            -0.057885557413101196,
            0.09454058855772018
        ],
        [
            0.08773016929626465,
            0.0019150497391819954,
            0.08530420064926147
        ],
        [
            0.08858980983495712,
            -0.0011672680266201496,
            0.09021025151014328
        ],
        [
            0.08955156803131104,
            0.0009837644174695015,
            0.09259606152772903
        ],
        [
            0.08701018989086151,
            0.00544374156743288,
            0.08977174758911133
        ],
        [
            0.1064070388674736,
            0.02619698829948902,
            0.03605177253484726
        ],
        [
            0.09438474476337433,
            0.023793907836079597,
            0.08613689988851547
        ],
        [
            0.10403691977262497,
            0.019612623378634453,
            0.08508741855621338
        ],
        [
            0.11088371276855469,
            0.02403413876891136,
            0.02416161447763443
        ],
        [
            0.11608779430389404,
            0.01573224551975727,
            0.02322554588317871
        ],
        [
            0.11668869107961655,
            0.019396767020225525,
            0.014157220721244812
        ],
        [
            0.1162869781255722,
            -0.013466816395521164,
            0.0846119076013565
        ],
        [
            0.11806003749370575,
            0.003321465104818344,
            0.037232812494039536
        ],
        [
            0.11824465543031693,
            0.00833706185221672,
            0.023479655385017395
        ],
        [
            0.11905458569526672,
            0.012362491339445114,
            0.01264241337776184
        ],
        [
            0.12009382247924805,
            0.016039622947573662,
            0.005166254937648773
        ],
        [
            0.11722907423973083,
            0.023339860141277313,
            0.007580004632472992
        ],
        [
            0.09707942605018616,
            -0.05118308961391449,
            0.1067676991224289
        ],
        [
            0.09161612391471863,
            -0.04636876657605171,
            0.11108991503715515
        ],
        [
            0.1192837655544281,
            0.028500918298959732,
            0.0003673955798149109
        ],
        [
            0.12179847806692123,
            0.019872581586241722,
            -0.0021543577313423157
        ],
        [
            0.11992231756448746,
            -0.0007395148277282715,
            0.022705718874931335
        ],
        [
            0.12043479830026627,
            -0.011926919221878052,
            0.02144971489906311
        ],
        [
            0.1194525957107544,
            -0.005302175879478455,
            0.03605041652917862
        ],
        [
            0.12016666680574417,
            -0.016930775716900826,
            0.035853177309036255
        ],
        [
            0.12375158816576004,
            -0.021463660523295403,
            0.08212096989154816
        ],
        [
            0.07543019950389862,
            -0.04681225121021271,
            0.12063233554363251
        ],
        [
            0.08409782499074936,
            -0.04384170472621918,
            0.1132655143737793
        ],
        [
            0.08065763115882874,
            -0.043148502707481384,
            0.10857327282428741
        ],
        [
            0.07355482876300812,
            -0.04430651664733887,
            0.1174817904829979
        ],
        [
            0.08763907104730606,
            -0.04219140484929085,
            0.1073613166809082
        ],
        [
            0.08735133707523346,
            -0.0481099858880043,
            0.11533287167549133
        ],
        [
            0.116568922996521,
            -0.031644824892282486,
            0.03217429295182228
        ],
        [
            0.09758110344409943,
            -0.03654219210147858,
            0.0836750715970993
        ],
        [
            0.1141849234700203,
            -0.027098100632429123,
            0.015560593456029892
        ],
        [
            0.10960286855697632,
            -0.049717482179403305,
            0.02999648079276085
        ],
        [
            0.10582494735717773,
            -0.04502885788679123,
            0.0174204483628273
        ],
        [
            0.11047405004501343,
            -0.023717354983091354,
            -0.0014034956693649292
        ],
        [
            0.10409081727266312,
            -0.03630973398685455,
            0.0033406056463718414
        ],
        [
            0.11315303295850754,
            -0.012776996940374374,
            -0.01355069875717163
        ],
        [
            0.11254681646823883,
            -0.017392553389072418,
            -0.00647406280040741
        ],
        [
            0.09505929052829742,
            -0.048545390367507935,
            0.005752351135015488
        ],
        [
            0.07052005082368851,
            -0.05501164495944977,
