{
    "pred_cam": [
        8.136589050292969,
        0.07299738377332687,
        -0.06476285308599472
    ],
    "pred_mano_params": {
        "global_orient": [
            [
                [
                    0.40973716974258423,
                    -0.4295579791069031,
                    0.8047330975532532
                ],
                [
                    -0.6493818759918213,
                    -0.7569125294685364,
                    -0.07339317351579666
                ],
                [
                    0.6406391859054565,
                    -0.4925071895122528,
                    -0.5890823602676392
                ]
            ]
        ],
        "hand_pose": [
            [
                [
                    0.8996589183807373,
                    -0.07173062860965729,
                    -0.430660605430603
                ],
                [
                    0.04669808968901634,
                    0.996562123298645,
                    -0.06843364983797073
                ],
                [
                    0.4340888559818268,
                    0.041455913335084915,
                    0.8999156951904297
                ]
            ],
            [
                [
                    0.7995566129684448,
                    -0.5721776485443115,
                    0.1825430691242218
                ],
                [
                    0.594616711139679,
                    0.7969164252281189,
                    -0.10656100511550903
                ],
                [
                    -0.08449973911046982,
                    0.1937447041273117,
                    0.9774062037467957
                ]
            ],
            [
                [
                    0.6097275018692017,
                    -0.7815834283828735,
                    0.13175620138645172
                ],
                [
                    0.7926110625267029,
                    0.6012680530548096,
                    -0.10121464729309082
                ],
                [
                    -0.00011310398258501664,
                    0.16614478826522827,
                    0.9861013889312744
                ]
            ],
            [
                [
                    0.9176822900772095,
                    -0.13061225414276123,
                    -0.3752326965332031
                ],
                [
                    0.08115079253911972,
                    0.9861290454864502,
                    -0.1447898894548416
                ],
                [
                    0.38893917202949524,
                    0.10242071002721786,
                    0.9155524373054504
                ]
            ],
            [
                [
                    0.6329526901245117,
                    -0.7561505436897278,
                    -0.16615432500839233
                ],
                [
                    0.7649259567260742,
                    0.5777033567428589,
                    0.28486335277557373
                ],
                [
                    -0.1194116622209549,
                    -0.30740079283714294,
                    0.9440580606460571
                ]
            ],
            [
                [
                    0.7376657724380493,
                    -0.6738040447235107,
                    -0.042863957583904266
                ],
                [
                    0.6747366189956665,
                    0.733445405960083,
                    0.08239129930734634
                ],
                [
                    -0.024077212437987328,
                    -0.08969911932945251,
                    0.9956778287887573
                ]
            ],
            [
                [
                    0.8084130883216858,
                    -0.5736919641494751,
                    0.13170312345027924
                ],
                [
                    0.5750023722648621,
                    0.8175374269485474,
                    0.03170090168714523
                ],
                [
                    -0.12585876882076263,
                    0.05010218545794487,
                    0.9907822012901306
                ]
            ],
            [
                [
                    0.9612701535224915,
                    -0.2574039697647095,
                    -0.09850328415632248
                ],
                [
                    0.2751580476760864,
                    0.9167243838310242,
                    0.28966251015663147
                ],
                [
                    0.01574009098112583,
                    -0.30554789304733276,
                    0.9520465731620789
                ]
            ],
            [
                [
                    0.8601326942443848,
                    -0.4181637465953827,
                    0.2920801341533661
                ],
                [
                    0.35612428188323975,
                    0.9022795557975769,
                    0.24303753674030304
                ],
                [
                    -0.36516737937927246,
                    -0.10502772033214569,
                    0.92499840259552
                ]
            ],
            [
                [
                    0.9410123825073242,
                    -0.2534335255622864,
                    -0.22420327365398407
                ],
                [
                    0.21555185317993164,
                    0.9597303867340088,
                    -0.18015293776988983
                ],
                [
                    0.26083147525787354,
                    0.12119872123003006,
                    0.9577462673187256
                ]
            ],
            [
                [
                    0.7968396544456482,
                    -0.5868704319000244,
                    -0.14363034069538116
                ],
                [
                    0.5854721069335938,
                    0.6913020610809326,
                    0.4234665334224701
                ],
                [
                    -0.149228036403656,
                    -0.4215264618396759,
                    0.8944531679153442
                ]
            ],
            [
                [
                    0.7282552123069763,
                    -0.6737409234046936,
                    -0.12536907196044922
                ],
                [
                    0.6809568405151367,
                    0.6908442974090576,
                    0.24296481907367706
                ],
                [
                    -0.07708486169576645,
                    -0.26231133937835693,
                    0.96189945936203
                ]
            ],
            [
                [
                    0.8983275294303894,
                    0.10590190440416336,
                    0.4263712465763092
                ],
                [
                    0.2542775571346283,
                    0.6660947203636169,
                    -0.7011852264404297
                ],
                [
                    -0.35826048254966736,
                    0.7383106350898743,
                    0.571442723274231
                ]
            ],
            [
                [
                    0.9420121312141418,
                    -0.31537580490112305,
                    -0.11467953771352768
                ],
                [
                    0.3170994222164154,
                    0.7247088551521301,
                    0.6117557883262634
                ],
                [
                    -0.10982366651296616,
                    -0.6126461029052734,
                    0.7826899886131287
                ]
            ],
            [
                [
                    0.7954055070877075,
                    0.32758283615112305,
                    -0.5099212527275085
                ],
                [
                    -0.32123467326164246,
                    0.9413118958473206,
                    0.10363522917032242
                ],
                [
                    0.5139440298080444,
                    0.08137235045433044,
                    0.8539556264877319
                ]
            ]
        ],
        "betas": [
            -0.017380446195602417,
            -0.14589866995811462,
            -0.03441396355628967,
            0.05439475178718567,
            0.015129268169403076,
            0.026416286826133728,
            0.040642380714416504,
            -0.032491475343704224,
            -0.0005708187818527222,
            -0.03478190302848816
        ]
    },
    "pred_cam_t": [
        -0.07299738377332687,
        -0.06476285308599472,
        4.800844669342041
    ],
    "focal_length": [
        5000.0,
        5000.0
    ],
    "pred_keypoints_3d": [
        [
            0.09583277255296707,
            0.006399189122021198,
            0.006220152135938406
        ],
        [
            0.11343083530664444,
            0.03185329586267471,
            -0.01677822135388851
        ],
        [
            0.13650667667388916,
            0.051055196672677994,
            -0.023694008588790894
        ],
        [
            0.15245789289474487,
            0.07166463136672974,
            -0.03122563660144806
        ],
        [
            0.15683557093143463,
            0.10015422850847244,
            -0.05237006023526192
        ],
        [
            0.07846137881278992,
            0.06610551476478577,
            -0.059812966734170914
        ],
        [
            0.0551961213350296,
            0.08516160398721695,
            -0.07350526750087738
        ],
        [
            0.05023016035556793,
            0.10676902532577515,
            -0.07175084948539734
        ],
        [
            0.058045893907547,
            0.1248662993311882,
            -0.05630789324641228
        ],
        [
            0.05487298592925072,
            0.06937451660633087,
            -0.051706064492464066
        ],
        [
            0.030168592929840088,
            0.08796580880880356,
            -0.05886238440871239
        ],
        [
            0.029019933193922043,
            0.10963365435600281,
            -0.050332508981227875
        ],
        [
            0.04066547751426697,
            0.12826845049858093,
            -0.03746578097343445
        ],
        [
            0.04247027635574341,
            0.06456562876701355,
            -0.028560811653733253
        ],
        [
            0.023509934544563293,
            0.08482279628515244,
            -0.03665928542613983
        ],
        [
            0.02078302577137947,
            0.10791681706905365,
            -0.027958758175373077
        ],
        [
            0.03140738606452942,
            0.126713365316391,
            -0.014826182276010513
        ],
        [
            0.03701993450522423,
            0.06188059225678444,
            -0.007634839508682489
        ],
        [
            0.026797207072377205,
            0.08038061857223511,
            -0.006553094834089279
        ],
        [
            0.023134717717766762,
            0.09760545194149017,
            0.0005903979763388634
        ],
        [
            0.028703723102808,
            0.11391530930995941,
            0.0061117722652852535
        ]
    ],
    "pred_vertices": [
        [
            0.09820438176393509,
            0.05215579271316528,
            -0.02750546485185623
        ],
        [
            0.10344506055116653,
            0.048069871962070465,
            -0.02032206952571869
        ],
        [
            0.11162459850311279,
            0.05529410019516945,
            -0.024134311825037003
        ],
        [
            0.1053069531917572,
            0.05837588012218475,
            -0.03292175382375717
        ],
        [
            0.11929554492235184,
            0.04507137089967728,
            -0.004429042339324951
        ],
        [
            0.12767082452774048,
            0.03707253932952881,
            -0.0030832216143608093
        ],
        [
            0.1365785151720047,
            0.04866526275873184,
            -0.008644826710224152
        ],
        [
            0.12943242490291595,
            0.054772116243839264,
            -0.007842384278774261
        ],
        [
            0.11207124590873718,
            0.06214166432619095,
            -0.03754827380180359
        ],
        [
            0.1182008683681488,
            0.060637105256319046,
            -0.026464488357305527
        ],
        [
            0.11813053488731384,
            0.060740016400814056,
            -0.03945706784725189
        ],
        [
            0.10563875734806061,
            0.05668629705905914,
            -0.05321241170167923
        ],
        [
            0.10352882742881775,
            0.060792211443185806,
            -0.04800129681825638
        ],
        [
            0.09684465080499649,
            0.05736958235502243,
            -0.060271844267845154
        ],
        [
            0.10470292717218399,
            0.045379795134067535,
            -0.05430915206670761
        ],
        [
            0.09022000432014465,
            0.0502757653594017,
            -0.062161047011613846
        ],
        [
            0.07684525847434998,
            0.0296110138297081,
            -0.04346702992916107
        ],
        [
            0.06719399243593216,
            0.027483481913805008,
            -0.0337231382727623
        ],
        [
            0.05978003889322281,
            0.03912992402911186,
            -0.042494356632232666
        ],
        [
            0.07041383534669876,
            0.04070458561182022,
            -0.05106646567583084
        ],
        [
            0.0515541173517704,
            0.03613649308681488,
            -0.023845868185162544
        ],
        [
            0.055380165576934814,
            0.038305383175611496,
            -0.03472881764173508
        ],
        [
            0.062387917190790176,
            0.0257628932595253,
            -0.026325108483433723
        ],
        [
            0.05865238234400749,
            0.024634309113025665,
            -0.016869664192199707
        ],
        [
            0.0875396579504013,
            0.04403994232416153,
            -0.01502876728773117
        ],
        [
            0.09172339737415314,
            0.03846931457519531,
            -0.008014824241399765
        ],
        [
            0.09529709815979004,
            0.04110855981707573,
            -0.013781458139419556
        ],
        [
            0.09143239259719849,
            0.04596498981118202,
            -0.01964067667722702
        ],
        [
            0.13407184183597565,
            0.05745265632867813,
            -0.03710710257291794
        ],
        [
            0.1244412213563919,
            0.046185482293367386,
            -0.042420726269483566
        ],
        [
            0.12039665132761002,
            0.05337444320321083,
            -0.043376319110393524
        ],
        [
            0.13234926760196686,
            0.06199248135089874,
            -0.03412633389234543
        ],
        [
            0.09880789369344711,
            0.02674875780940056,
            0.018897369503974915
        ],
        [
            0.10306138545274734,
            0.014303166419267654,
            0.022206347435712814
        ],
        [
            0.1070389598608017,
            0.013905268162488937,
            0.017908655107021332
        ],
        [
            0.10172917693853378,
            0.02519284561276436,
            0.015302374958992004
        ],
        [
            0.11960797756910324,
            0.020731762051582336,
            0.003162764012813568
        ],
        [
            0.11925667524337769,
            0.011339779943227768,
            0.005715921521186829
        ],
        [
            0.12561440467834473,
            0.0008748471736907959,
            -0.0009794458746910095
        ],
        [
            0.1260075867176056,
            0.008536070585250854,
            -0.006289258599281311
        ],
        [
            0.12241789698600769,
            0.02949250116944313,
            -0.00025938451290130615
        ],
        [
            0.1290101706981659,
            0.01936301216483116,
            -0.007443748414516449
        ],
        [
            0.13267762959003448,
            0.02847331017255783,
            -0.00890989601612091
        ],
        [
            0.14039021730422974,
            0.04165438935160637,
            -0.013684753328561783
        ],
        [
            0.09275677800178528,
            0.012886159121990204,
            0.029777362942695618
        ],
        [
            0.08848486095666885,
            0.02205513045191765,
            0.028781086206436157
        ],
        [
            0.06348469853401184,
            0.0937749594449997,
            -0.07091595977544785
        ],
        [
            0.06002714857459068,
            0.0938245877623558,
            -0.06602396070957184
        ],
        [
            0.06238027662038803,
            0.09150750935077667,
            -0.06545461714267731
        ],
        [
            0.06515571475028992,
            0.09178633987903595,
            -0.07061411440372467
        ],
        [
            0.07365453988313675,
            0.007414661347866058,
            0.025954026728868484
        ],
        [
            0.06944860517978668,
            0.0007647350430488586,
            0.01960136368870735
        ],
        [
            0.07274520397186279,
            -0.003058604896068573,
            0.02487533912062645
        ],
        [
            0.07827040553092957,
            0.0028089135885238647,
            0.02976703643798828
        ],
        [
            0.0676993802189827,
            0.013614039868116379,
            0.020875342190265656
        ],
        [
            0.06555549055337906,
            0.006570637226104736,
            0.012286614626646042
        ],
        [
            0.05626930668950081,
            0.09101308882236481,
            -0.08132325857877731
        ],
        [
            0.0607534758746624,
            0.0929332748055458,
            -0.07950503379106522
        ],
        [
            0.061876069754362106,
            0.08847637474536896,
            -0.07983966916799545
        ],
        [
            0.05748891830444336,
            0.08557221293449402,
            -0.08066430687904358
        ],
        [
            0.09915466606616974,
            0.06073790788650513,
            -0.04124040901660919
        ],
        [
            0.0934225469827652,
            0.05751586705446243,
            -0.033572882413864136
        ],
        [
            0.08628860116004944,
            0.07140279561281204,
            -0.05314207822084427
        ],
        [
            0.08817608654499054,
            0.06465350836515427,
            -0.04446781054139137
        ],
        [
            0.09420232474803925,
            0.06390374898910522,
            -0.04936447739601135
        ],
        [
            0.09090673178434372,
            0.06841686367988586,
            -0.0569147951900959
        ],
        [
            0.07362812012434006,
            0.058208152651786804,
            -0.026212697848677635
        ],
        [
            0.07938727736473083,
            0.050280727446079254,
            -0.01957542449235916
        ],
        [
            0.0830477774143219,
            0.052057068794965744,
            -0.025028670206665993
        ],
        [
            0.07818078994750977,
            0.06121799722313881,
            -0.032948412001132965
        ],
        [
            0.07166513055562973,
            0.05046592280268669,
            -0.0076772719621658325
        ],
        [
            0.06641136854887009,
            0.05797729641199112,
            -0.01540345512330532
        ],
        [
            0.06260451674461365,
            0.05726099759340286,
            -0.007786562666296959
        ],
        [
            0.06750301271677017,
            0.05271002650260925,
            -0.003139875829219818
        ],
        [
            0.05924838036298752,
            0.07052376121282578,
            -0.0315435454249382
        ],
        [
            0.054512787610292435,
            0.07365971803665161,
            -0.037359628826379776
        ],
        [
            0.05078403279185295,
            0.07466389238834381,
            -0.034927088767290115
        ],
        [
            0.056624315679073334,
            0.06985964626073837,
            -0.028722960501909256
        ],
        [
            0.07586674392223358,
            -0.0077026113867759705,
            0.029227569699287415
        ],
        [
            0.08308453857898712,
            -0.0018806234002113342,
            0.03254890814423561
        ],
        [
            0.044092047959566116,
            0.03655511885881424,
            -0.0036145709455013275
        ],
        [
            0.04629816114902496,
            0.038665372878313065,
            0.007026791572570801
        ],
        [
            0.03827264904975891,
            0.04746837913990021,
            0.0026649385690689087
        ],
        [
            0.03798075392842293,
            0.042858950793743134,
            -0.007690589874982834
        ],
        [
            0.06992532312870026,
            -0.003401339054107666,
            0.010088879615068436
        ],
        [
            0.07120268046855927,
            -0.008083425462245941,
            0.016269002109766006
        ],
        [
            0.050644129514694214,
            0.08921700716018677,
            -0.07949095219373703
        ],
        [
            0.052156150341033936,
            0.08378742635250092,
            -0.07810405641794205
        ],
        [
            0.13061320781707764,
            0.01978568360209465,
            -0.01940111443400383
        ],
        [
            0.13996420800685883,
            0.03680986166000366,
            -0.02217106893658638
        ],
        [
            0.12510372698307037,
            0.007851473987102509,
            -0.016052816063165665
        ],
        [
            0.12189885973930359,
            -0.0003328397870063782,
            -0.012697931379079819
        ],
        [
            0.12231961637735367,
            -0.007541000843048096,
            -0.00875023752450943
        ],
        [
            0.08192866295576096,
            0.06733325123786926,
            -0.04280874878168106
        ],
        [
            0.08930322527885437,
            0.05204513669013977,
            -0.026614960283041
        ],
        [
            0.084422267973423,
            0.043279893696308136,
            -0.010710582137107849
        ],
        [
            0.06609579920768738,
            0.04811359941959381,
            0.013641197234392166
        ],
        [
            0.0720081776380539,
            0.041510604321956635,
            0.019573859870433807
        ],
        [
            0.07697127014398575,
            0.04463804140686989,
            0.01070503517985344
        ],
        [
            0.07041948288679123,
            0.04931797832250595,
            0.007036492228507996
        ],
        [
            0.05004771053791046,
            0.045626334846019745,
            0.012787243351340294
        ],
        [
            0.055074140429496765,
            0.051652491092681885,
            0.011354474350810051
        ],
        [
            0.049476258456707,
            0.05720631778240204,
            0.006548130884766579
        ],
        [
            0.04355368763208389,
            0.052475642412900925,
            0.007856806740164757
        ],
        [
            0.14009986817836761,
            0.052536360919475555,
            -0.03767888993024826
        ],
        [
            0.1293211281299591,
            0.04023829475045204,
            -0.0400809645652771
        ],
        [
            0.08066250383853912,
            0.014392498880624771,
            0.029764994978904724
        ],
        [
            0.08612290024757385,
            0.009070001542568207,
            0.031329941004514694
        ],
        [
            0.08986210823059082,
            0.00179377943277359,
            0.03353216126561165
        ],
        [
            0.09595996141433716,
            0.033140718936920166,
            0.004620995372533798
        ],
        [
            0.10367308557033539,
            0.024233754724264145,
            0.012768711894750595
        ],
        [
            0.10584521293640137,
            0.025223571807146072,
            0.009117010980844498
        ],
        [
            0.0967957004904747,
            0.03335049748420715,
            0.0007252581417560577
        ],
        [
            0.10603979229927063,
            0.043988507241010666,
            -0.010358624160289764
        ],
        [
            0.1111050620675087,
            0.03611684590578079,
            -0.0007601529359817505
        ],
        [
            0.11435603350400925,
            0.052429914474487305,
            -0.012764524668455124
        ],
        [
            0.11291772127151489,
            0.012011110782623291,
            0.01300162822008133
        ],
        [
            0.11191033571958542,
            0.005702376365661621,
            0.022096332162618637
        ],
        [
            0.11787531524896622,
            0.00402677059173584,
            0.015738416463136673
        ],
        [
            0.10415680706501007,
            0.005281202495098114,
            0.02811390906572342
        ],
        [
            0.09641607850790024,
            0.004130996763706207,
            0.032437458634376526
        ],
        [
            0.07189148664474487,
            -0.015248492360115051,
            0.020809374749660492
        ],
        [
            0.12212534248828888,
            0.0020565390586853027,
            0.008751116693019867
        ],
        [
            0.13702817261219025,
            0.0601445734500885,
            -0.012618321925401688
        ],
        [
            0.14416682720184326,
            0.06436306983232498,
            -0.01691475138068199
        ],
        [
            0.13818484544754028,
            0.06700156629085541,
            -0.020439505577087402
        ],
        [
            0.13116571307182312,
            0.06328786164522171,
            -0.017306946218013763
        ],
        [
            0.0879572406411171,
            0.0609552375972271,
            -0.06737370789051056
        ],
        [
            0.09117332845926285,
            0.06613858044147491,
            -0.06285550445318222
        ],
        [
            0.09880932420492172,
            0.06115586683154106,
            -0.055112387984991074
        ],
        [
            0.09024874120950699,
            0.03426298499107361,
            0.017109256237745285
        ],
        [
            0.08192692697048187,
            0.030124925076961517,
            0.025651201605796814
        ],
        [
            0.07986367493867874,
            0.07322234660387039,
            -0.05169382691383362
        ],
        [
            0.05909986048936844,
            0.08092986047267914,
            -0.08001356571912766
        ],
        [
            0.06399538367986679,
            0.08438578993082047,
            -0.07934686541557312
        ],
        [
            0.07487323880195618,
            0.07191146910190582,
            -0.0742461308836937
        ],
        [
            0.06935977935791016,
            0.06805384904146194,
            -0.07521037012338638
        ],
        [
            0.06848744302988052,
            0.07391585409641266,
            -0.05613412708044052
        ],
        [
            0.07512175291776657,
            0.07517126947641373,
            -0.05493561550974846
        ],
        [
            0.07178034633398056,
            0.07563158869743347,
            -0.0562562495470047
        ],
        [
            0.06531919538974762,
            0.07474278658628464,
            -0.05571834370493889
        ],
        [
            0.04832801595330238,
            0.07208401709794998,
            -0.02634509652853012
        ],
        [
            0.053222063928842545,
            0.06830182671546936,
            -0.021005898714065552
        ],
        [
            0.06450534611940384,
            0.054158784449100494,
            -0.05701732635498047
        ],
        [
            0.0745665654540062,
            0.05000904202461243,
            -0.06486953794956207
        ],
        [
            0.08072976022958755,
            0.04312523454427719,
            -0.05832386389374733
        ],
        [
            0.06980066001415253,
            0.05723300576210022,
            -0.019858602434396744
        ],
        [
            0.06406419724225998,
            0.0645638182759285,
            -0.025284340605139732
        ],
        [
            0.06144728139042854,
            0.06424732506275177,
            -0.022040048614144325
        ],
        [
            0.07730390876531601,
            0.06926515698432922,
            -0.04327519237995148
        ],
        [
            0.07418109476566315,
            0.07338573783636093,
            -0.04974588006734848
        ],
        [
            0.0716947689652443,
            0.0717887431383133,
            -0.04536481574177742
        ],
        [
            0.074095219373703,
            0.06727593392133713,
            -0.03887692093849182
        ],
        [
            0.05316168814897537,
            0.028720572590827942,
            0.01207197830080986
        ],
        [
            0.05734927952289581,
            0.0369080975651741,
            0.019112056121230125
        ],
        [
            0.06357401609420776,
            0.09372317790985107,
            -0.0757734403014183
        ],
        [
            0.06493450701236725,
            0.09070875495672226,
            -0.07597199082374573
        ],
        [
            0.07552389800548553,
            0.0494697168469429,
            -0.013490606099367142
        ],
        [
            0.08729147911071777,
            0.03404471278190613,
            -0.04979857802391052
        ],
        [
            0.08137328922748566,
            0.043003179132938385,
            -0.006047021597623825
        ],
        [
            0.03967021405696869,
            0.054125115275382996,
            -0.023336853832006454
        ],
        [
            0.03934423252940178,
            0.060699958354234695,
            -0.01834394410252571
        ],
        [
            0.03767336905002594,
            0.06380999088287354,
            -0.02263917401432991
        ],
        [
            0.035884957760572433,
            0.05953679606318474,
            -0.0271154772490263
        ],
        [
            0.05516250431537628,
            0.08361349999904633,
            -0.06050313636660576
        ],
        [
            0.059404030442237854,
            0.0873839259147644,
            -0.0606616772711277
        ],
        [
            0.057437241077423096,
            0.08975191414356232,
            -0.06197773665189743
        ],
        [
            0.0522250235080719,
            0.08692105859518051,
            -0.06240224093198776
        ],
        [
            0.08017611503601074,
            0.07530097663402557,
            -0.05772896856069565
        ],
        [
            0.08472698926925659,
            0.07332832366228104,
            -0.06208273768424988
        ],
        [
            0.07866249233484268,
            0.07756911218166351,
            -0.06429379433393478
        ],
        [
            0.07510705292224884,
            0.07732430100440979,
            -0.059683818370103836
        ],
        [
            0.08355234563350677,
            0.07058653235435486,
            -0.06789978593587875
        ],
        [
            0.07836133986711502,
            0.07512958347797394,
            -0.07006371021270752
        ],
        [
            0.0515158511698246,
            0.07970766723155975,
            -0.06422458589076996
        ],
        [
            0.050974421203136444,
            0.0775475800037384,
            -0.07145977020263672
        ],
        [
            0.05974632129073143,
            0.06585191935300827,
            -0.06594463437795639
        ],
        [
            0.05992637202143669,
            0.07103637605905533,
            -0.05996134504675865
        ],
        [
            0.06526356935501099,
            0.012724976986646652,
            -0.01067221537232399
        ],
        [
            0.06064234673976898,
            0.013882424682378769,
            -0.0005937442183494568
        ],
        [
            0.053810518234968185,
            0.025687463581562042,
            -0.00654689222574234
        ],
        [
            0.04639936983585358,
            0.03644216060638428,
            -0.012374436482787132
        ],
        [
            0.04082896560430527,
            0.04751627519726753,
            -0.018229136243462563
        ],
        [
            0.04474093019962311,
            0.045038580894470215,
            -0.029576852917671204
        ],
        [
            0.05178704857826233,
            0.025891683995723724,
            0.0012870058417320251
        ],
        [
            0.06249619275331497,
            0.06854619085788727,
            -0.05805482715368271
        ],
        [
            0.06591115891933441,
            0.06002933159470558,
            -0.06234864518046379
        ],
        [
            0.06184393912553787,
            0.06194676458835602,
            -0.059115443378686905
        ],
        [
            0.07778911292552948,
            0.044524990022182465,
            0.00032984092831611633
        ],
        [
            0.0669882744550705,
            0.08734188228845596,
            -0.07590164244174957
        ],
        [
            0.1024581715464592,
            -0.009895451366901398,
            -0.016721736639738083
        ],
        [
            0.09061430394649506,
            -0.011932633817195892,
            -0.01111888512969017
        ],
        [
            0.08935832977294922,
            -0.005042910575866699,
            -0.0164797380566597
        ],
        [
            0.10290664434432983,
            -0.0021404922008514404,
            -0.022282306104898453
        ],
        [
            0.06455422937870026,
            0.08980868011713028,
            -0.06461194902658463
        ],
        [
            0.06772801280021667,
            0.08980248123407364,
            -0.0700991079211235
        ],
        [
            0.048311978578567505,
            0.06852296739816666,
            -0.01624304987490177
        ],
        [
            0.04471471160650253,
            0.07081301510334015,
            -0.021851465106010437
        ],
        [
            0.04083912819623947,
            0.06940688192844391,
            -0.02105843275785446
        ],
        [
            0.04256534203886986,
            0.0694996640086174,
            -0.01368796918541193
        ],
        [
            0.0596708208322525,
            0.013979367911815643,
            0.005246829241514206
        ],
        [
            0.03395778313279152,
            0.05350742116570473,
            9.361095726490021e-05
        ],
        [
            0.03343881294131279,
            0.04955745488405228,
            -0.009068341925740242
        ],
        [
            0.06687415391206741,
            0.0034875422716140747,
            0.004286389797925949
        ],
        [
            0.07053935527801514,
            0.0019319355487823486,
            -0.0046631693840026855
        ],
        [
            0.07401330769062042,
            -0.005772314965724945,
            0.00017743557691574097
        ],
        [
            0.04930643364787102,
            0.05202928185462952,
            -0.042871296405792236
        ],
        [
            0.06835449486970901,
            0.01404384896159172,
            -0.018667228519916534
        ],
        [
            0.07409894466400146,
            0.002931661903858185,
            -0.011381372809410095
        ],
        [
            0.07841711491346359,
            -0.006252460181713104,
            -0.00592297688126564
        ],
        [
            0.08068708330392838,
            -0.01314486563205719,
            -0.0017724893987178802
        ],
        [
            0.07571756094694138,
            -0.011807337403297424,
            0.004573304206132889
        ],
        [
            0.05414262413978577,
            0.07872103154659271,
            -0.07656712830066681
        ],
        [
            0.04765413701534271,
            0.08295223116874695,
            -0.07295418530702591
        ],
        [
            0.07644400745630264,
            -0.019697941839694977,
            0.009046941995620728
        ],
        [
            0.08247257769107819,
            -0.020473293960094452,
            0.0020030811429023743
        ],
        [
            0.07958011329174042,
            0.00406453013420105,
            -0.018703985959291458
        ],
        [
            0.0874517560005188,
            0.006418846547603607,
            -0.02684541419148445
        ],
        [
            0.07389423251152039,
            0.014945745468139648,
            -0.0253321323543787
        ],
        [
            0.08109753578901291,
            0.018027734011411667,
            -0.03406766802072525
        ],
        [
            0.055567506700754166,
            0.04724365100264549,
            -0.05001472681760788
        ],
        [
            0.043083108961582184,
            0.10083513706922531,
            -0.0703771784901619
        ],
        [
            0.04540572315454483,
            0.08966945111751556,
            -0.06879355013370514
        ],
        [
            0.049203384667634964,
            0.09075156599283218,
            -0.06445763260126114
        ],
        [
            0.04449182003736496,
            0.10039368271827698,
            -0.06617672741413116
        ],
        [
            0.048471711575984955,
            0.0843312069773674,
            -0.06616541743278503
        ],
        [
            0.04608405753970146,
            0.08862493187189102,
            -0.07438284158706665
        ],
        [
            0.09448982030153275,
            0.023130416870117188,
            -0.041259873658418655
        ],
        [
            0.06664644181728363,
            0.07528871297836304,
            -0.051875438541173935
        ],
        [
            0.10409627109766006,
            0.011919442564249039,
            -0.03243507817387581
        ],
        [
            0.10964573174715042,
            0.0337446965277195,
            -0.04812564700841904
        ],
        [
            0.11736603081226349,
            0.026148084551095963,
            -0.03954150900244713
        ],
        [
            0.11501265317201614,
            0.0013743415474891663,
            -0.023089401423931122
        ],
        [
            0.12271614372730255,
            0.01431000605225563,
            -0.029097240418195724
        ],
        [
            0.11408711224794388,
            -0.012571953237056732,
            -0.01292974129319191
        ],
        [
            0.11290007084608078,
            -0.005790621042251587,
            -0.018115412443876266
        ],
        [
            0.1318085640668869,
            0.02876507118344307,
            -0.031455617398023605
        ],
        [
