{
    "pred_cam": [
        7.6856794357299805,
        -0.09113357216119766,
        -0.07609567046165466
    ],
    "pred_mano_params": {
        "global_orient": [
            [
                [
                    0.43221375346183777,
                    -0.614422619342804,
                    0.660057544708252
                ],
                [
                    -0.7599221467971802,
                    -0.6422399282455444,
                    -0.10023052990436554
                ],
                [
                    0.48549923300743103,
                    -0.4582713544368744,
                    -0.7444982528686523
                ]
            ]
        ],
        "hand_pose": [
            [
                [
                    0.7052027583122253,
                    -0.670804500579834,
                    -0.2295874059200287
                ],
                [
                    0.6599137783050537,
                    0.7394062280654907,
                    -0.13338732719421387
                ],
                [
                    0.2592352032661438,
                    -0.05744278430938721,
                    0.9641044735908508
                ]
            ],
            [
                [
                    0.8589320182800293,
                    -0.4317275285720825,
                    0.2754037082195282
                ],
                [
                    0.4768877327442169,
                    0.8703153133392334,
                    -0.123001329600811
                ],
                [
                    -0.18658500909805298,
                    0.2369864135980606,
                    0.953427255153656
                ]
            ],
            [
                [
                    0.6587275862693787,
                    -0.7465685606002808,
                    0.09334546327590942
                ],
                [
                    0.7370060682296753,
                    0.6153268814086914,
                    -0.2796335518360138
                ],
                [
                    0.15132765471935272,
                    0.2529985010623932,
                    0.9555583596229553
                ]
            ],
            [
                [
                    0.7596604824066162,
                    -0.6359553933143616,
                    -0.13592904806137085
                ],
                [
                    0.6412164568901062,
                    0.7673326134681702,
                    -0.0064927199855446815
                ],
                [
                    0.108431875705719,
                    -0.0822276771068573,
                    0.9906973242759705
                ]
            ],
            [
                [
                    0.7149876356124878,
                    -0.6783512234687805,
                    -0.16921080648899078
                ],
                [
                    0.6940402984619141,
                    0.6595016717910767,
                    0.2887309789657593
                ],
                [
                    -0.08426621556282043,
                    -0.3238781988620758,
                    0.9423386454582214
                ]
            ],
            [
                [
                    0.7461628317832947,
                    -0.5916168093681335,
                    -0.30533695220947266
                ],
                [
                    0.6461020708084106,
                    0.7541150450706482,
                    0.11773936450481415
                ],
                [
                    0.1606026291847229,
                    -0.285131573677063,
                    0.9449374675750732
                ]
            ],
            [
                [
                    0.5001073479652405,
                    -0.6439296007156372,
                    0.5790054798126221
                ],
                [
                    0.5430020689964294,
                    0.7540324926376343,
                    0.3695725202560425
                ],
                [
                    -0.6745675802230835,
                    0.1295751929283142,
                    0.7267522811889648
                ]
            ],
            [
                [
                    0.8512956500053406,
                    -0.4392974078655243,
                    -0.28690338134765625
                ],
                [
                    0.5221079587936401,
                    0.7633940577507019,
                    0.38030606508255005
                ],
                [
                    0.05195288360118866,
                    -0.47354739904403687,
                    0.8792347311973572
                ]
            ],
            [
                [
                    0.7674281597137451,
                    -0.6223677396774292,
                    0.15398848056793213
                ],
                [
                    0.5807150602340698,
                    0.776545524597168,
                    0.2444322407245636
                ],
                [
                    -0.2717057764530182,
                    -0.0981607586145401,
                    0.9573612213134766
                ]
            ],
            [
                [
                    0.7311469316482544,
                    -0.6628682017326355,
                    0.16133791208267212
                ],
                [
                    0.6671915054321289,
                    0.7441226243972778,
                    0.033718906342983246
                ],
                [
                    -0.1424063742160797,
                    0.08298981934785843,
                    0.9863229990005493
                ]
            ],
            [
                [
                    0.7707284688949585,
                    -0.6057156920433044,
                    -0.19770199060440063
                ],
                [
                    0.6235636472702026,
                    0.6532832384109497,
                    0.42940589785575867
                ],
                [
                    -0.13094250857830048,
                    -0.45423516631126404,
                    0.8812062740325928
                ]
            ],
            [
                [
                    0.7206056118011475,
                    -0.5091904997825623,
                    -0.4705873429775238
                ],
                [
                    0.6659345626831055,
                    0.6972423195838928,
                    0.26530033349990845
                ],
                [
                    0.19302500784397125,
                    -0.5045573115348816,
                    0.8415243029594421
                ]
            ],
            [
                [
                    0.9829311966896057,
                    -0.1838318556547165,
                    -0.007219571620225906
                ],
                [
                    0.0594065897166729,
                    0.3542924225330353,
                    -0.9332458972930908
                ],
                [
                    0.17411813139915466,
                    0.9168875813484192,
                    0.35916590690612793
                ]
            ],
            [
                [
                    0.9289069771766663,
                    -0.3479003608226776,
                    -0.1268748790025711
                ],
                [
                    0.3457995355129242,
                    0.6923328638076782,
                    0.6333229541778564
                ],
                [
                    -0.13249360024929047,
                    -0.6321713328361511,
                    0.763416588306427
                ]
            ],
            [
                [
                    0.9375751614570618,
                    0.33831551671028137,
                    0.08059417456388474
                ],
                [
                    -0.3449266850948334,
                    0.9342007637023926,
                    0.0910746231675148
                ],
                [
                    -0.04447917640209198,
                    -0.11318838596343994,
                    0.9925774931907654
                ]
            ]
        ],
        "betas": [
            -0.03154835104942322,
            -0.03202059864997864,
            -0.1024329662322998,
            0.023248523473739624,
            0.07911241054534912,
            -0.023400362581014633,
            0.04425886273384094,
            -0.01014547049999237,
            -0.003412574529647827,
            -0.03311917185783386
        ]
    },
    "pred_cam_t": [
        -0.09113357216119766,
        -0.07609567046165466,
        5.0825042724609375
    ],
    "focal_length": [
        5000.0,
        5000.0
    ],
    "pred_keypoints_3d": [
        [
            0.09595044702291489,
            0.006406692788004875,
            0.006197857204824686
        ],
        [
            0.11209694296121597,
            0.03214938938617706,
            -0.01766049675643444
        ],
        [
            0.12159489095211029,
            0.06134343892335892,
            -0.021061664447188377
        ],
        [
            0.1246267706155777,
            0.08829443156719208,
            -0.022837279364466667
        ],
        [
            0.12881192564964294,
            0.11865044385194778,
            -0.042597830295562744
        ],
        [
            0.07460387796163559,
            0.07483591884374619,
            -0.04969925060868263
        ],
        [
            0.07051622867584229,
            0.10769715905189514,
            -0.048865173012018204
        ],
        [
            0.08070196956396103,
            0.12612353265285492,
            -0.04157070443034172
        ],
        [
            0.09559433162212372,
            0.13259834051132202,
            -0.021926149725914
        ],
        [
            0.053619809448719025,
            0.07981216907501221,
            -0.036663126200437546
        ],
        [
            0.04862728714942932,
            0.1109849289059639,
            -0.033098530024290085
        ],
        [
            0.06206268072128296,
            0.12587925791740417,
            -0.021171513944864273
        ],
        [
            0.08141760528087616,
            0.12868553400039673,
            -0.004313424229621887
        ],
        [
            0.0453529953956604,
            0.07387936860322952,
            -0.01190967671573162
        ],
        [
            0.04565751552581787,
            0.10268290340900421,
            -0.014403807930648327
        ],
        [
            0.059754885733127594,
            0.11822681128978729,
            -0.0010636402294039726
        ],
        [
            0.07611218839883804,
            0.11858118325471878,
            0.019112102687358856
        ],
        [
            0.04373413324356079,
            0.06956205517053604,
            0.00943288579583168
        ],
        [
            0.04700007662177086,
            0.09024755656719208,
            0.006283104419708252
        ],
        [
            0.05636412650346756,
            0.10435128957033157,
            0.014968229457736015
        ],
        [
            0.07044985890388489,
            0.10831929743289948,
            0.02474343776702881
        ]
    ],
    "pred_vertices": [
        [
            0.09554240107536316,
            0.054187558591365814,
            -0.022011946886777878
        ],
        [
            0.09999382495880127,
            0.046926628798246384,
            -0.01538921520113945
        ],
        [
            0.10341168940067291,
            0.05488475784659386,
            -0.017886973917484283
        ],
        [
            0.09950576722621918,
            0.06044870987534523,
            -0.026859378442168236
        ],
        [
            0.1164039820432663,
            0.04453308507800102,
            -0.0021605268120765686
        ],
        [
            0.1267174631357193,
            0.03916618600487709,
            -0.005035005509853363
        ],
        [
            0.12841613590717316,
            0.05500948801636696,
            -0.008622851222753525
        ],
        [
            0.1198941245675087,
            0.05752505362033844,
            -0.004058733582496643
        ],
        [
            0.10200554132461548,
            0.06529045104980469,
            -0.030573047697544098
        ],
        [
            0.1064935177564621,
            0.06189969182014465,
            -0.01940767839550972
        ],
        [
            0.10349305719137192,
            0.06575824320316315,
            -0.03169872239232063
        ],
        [
            0.09487307816743851,
            0.06329739093780518,
            -0.046803198754787445
        ],
        [
            0.09584033489227295,
            0.06593603640794754,
            -0.041452426463365555
        ],
        [
            0.08797188103199005,
            0.0648374930024147,
            -0.05336979404091835
        ],
        [
            0.0932893455028534,
            0.053001102060079575,
            -0.0494631826877594
        ],
        [
            0.08026603609323502,
            0.059502292424440384,
            -0.05583661049604416
        ],
        [
            0.070633165538311,
            0.03739280253648758,
            -0.03686327859759331
        ],
        [
            0.0629095509648323,
            0.03514277935028076,
            -0.025577742606401443
        ],
        [
            0.05431598797440529,
            0.048668280243873596,
            -0.03213716298341751
        ],
        [
            0.06341428309679031,
            0.050157152116298676,
            -0.042528606951236725
        ],
        [
            0.049604762345552444,
            0.044669009745121,
            -0.012074797414243221
        ],
        [
            0.051653601229190826,
            0.047467831522226334,
            -0.023428352549672127
        ],
        [
            0.05941436067223549,
            0.03318573161959648,
            -0.017452308908104897
        ],
        [
            0.05735486373305321,
            0.03146335855126381,
            -0.007526496425271034
        ],
        [
            0.08866336196660995,
            0.04669857397675514,
            -0.009512010961771011
        ],
        [
            0.09349408745765686,
            0.039179734885692596,
            -0.0038895048201084137
        ],
        [
            0.09550903737545013,
            0.04077194631099701,
            -0.009547870606184006
        ],
        [
            0.09134860336780548,
            0.04824076592922211,
            -0.014374634250998497
        ],
        [
            0.11359135806560516,
            0.06850264966487885,
            -0.030914446339011192
        ],
        [
            0.11012771725654602,
            0.05484994873404503,
            -0.039295293390750885
        ],
        [
            0.10507906973361969,
            0.060578491538763046,
            -0.03757014870643616
        ],
        [
            0.11167572438716888,
            0.07098609954118729,
            -0.026150468736886978
        ],
        [
            0.10403868556022644,
            0.024641547352075577,
            0.019843246787786484
        ],
        [
            0.10706988722085953,
            0.01149509847164154,
            0.021154101938009262
        ],
        [
            0.11019621789455414,
            0.011021487414836884,
            0.016107935458421707
        ],
        [
            0.10636889934539795,
            0.02285219356417656,
            0.015584923326969147
        ],
        [
            0.12202588468790054,
            0.018979512155056,
            9.93087887763977e-05
        ],
        [
            0.12068738043308258,
            0.00890398770570755,
            0.0014579184353351593
        ],
        [
            0.12377598881721497,
            -0.0004858970642089844,
            -0.007200013846158981
        ],
        [
            0.12502315640449524,
            0.009135395288467407,
            -0.011580415070056915
        ],
        [
            0.124209463596344,
            0.029365137219429016,
            -0.002712678164243698
        ],
        [
            0.12905393540859222,
            0.021790161728858948,
            -0.01258881390094757
        ],
        [
            0.13142985105514526,
            0.03420678526163101,
            -0.01400284469127655
        ],
        [
            0.13223880529403687,
            0.05222836509346962,
            -0.016466667875647545
        ],
        [
            0.09823500365018845,
            0.010420314967632294,
            0.030419211834669113
        ],
        [
            0.0951332300901413,
            0.020152680575847626,
            0.031136535108089447
        ],
        [
            0.08215377479791641,
            0.10794945061206818,
            -0.04590591415762901
        ],
        [
            0.07953627407550812,
            0.10870693624019623,
            -0.0406535267829895
        ],
        [
            0.07976293563842773,
            0.10479665547609329,
            -0.04128061234951019
        ],
        [
            0.08196084946393967,
            0.10511408001184464,
            -0.046710848808288574
        ],
        [
            0.07818134129047394,
            0.007692441344261169,
            0.029986940324306488
        ],
        [
            0.07204639166593552,
            0.0023401454091072083,
            0.02401459403336048
        ],
        [
            0.07571817934513092,
            -0.0024592503905296326,
            0.028126191347837448
        ],
        [
            0.08277163654565811,
            0.0021344274282455444,
            0.03235102444887161
        ],
        [
            0.07220001518726349,
            0.015066415071487427,
            0.026817562058568
        ],
        [
            0.06761327385902405,
            0.009369857609272003,
            0.018188463523983955
        ],
        [
            0.07512767612934113,
            0.11364869028329849,
            -0.0552653968334198
        ],
        [
            0.07967832684516907,
            0.11161204427480698,
            -0.0538216196000576
        ],
        [
            0.07748446613550186,
            0.10776735097169876,
            -0.05556540936231613
        ],
        [
            0.07254524528980255,
            0.10867397487163544,
            -0.056039899587631226
        ],
        [
            0.0949862152338028,
            0.0648733377456665,
            -0.03496604412794113
        ],
        [
            0.09168648719787598,
            0.061281993985176086,
            -0.02725861966609955
        ],
        [
            0.08504583686590195,
            0.07536325603723526,
            -0.04259016364812851
        ],
        [
            0.08617743104696274,
            0.06980516016483307,
            -0.036557637155056
        ],
        [
            0.09029585868120193,
            0.06864401698112488,
            -0.04211591184139252
        ],
        [
            0.08802743256092072,
            0.07290917634963989,
            -0.047255195677280426
        ],
        [
            0.07503277063369751,
            0.06345991045236588,
            -0.01657838374376297
        ],
        [
            0.08083261549472809,
            0.05440027266740799,
            -0.011921050027012825
        ],
        [
            0.08347200602293015,
            0.056280381977558136,
            -0.01778227463364601
        ],
        [
            0.07860232889652252,
            0.06663113087415695,
            -0.023807015269994736
        ],
        [
            0.0756838396191597,
            0.05407640337944031,
            0.0013247262686491013
        ],
        [
            0.07007695734500885,
            0.06271062046289444,
            -0.004551868885755539
        ],
        [
            0.06774216145277023,
            0.06147252768278122,
            0.0036568231880664825
        ],
        [
            0.07280872017145157,
            0.05619317293167114,
            0.0068237874656915665
        ],
        [
            0.0620625764131546,
            0.07660170644521713,
            -0.01743200607597828
        ],
        [
            0.05864289402961731,
            0.08105717599391937,
            -0.020909350365400314
        ],
        [
            0.05750015005469322,
            0.08175294101238251,
            -0.0177388247102499
        ],
        [
            0.060633108019828796,
            0.07590149343013763,
            -0.014029274694621563
        ],
        [
            0.07894067466259003,
            -0.007938899099826813,
            0.03132936358451843
        ],
        [
            0.08735480159521103,
            -0.0034104809165000916,
            0.03367875516414642
        ],
        [
            0.04624012112617493,
            0.04355301335453987,
            0.009460747241973877
        ],
        [
            0.050836529582738876,
            0.043745044618844986,
            0.019738243892788887
        ],
        [
            0.042645856738090515,
            0.05486341565847397,
            0.01729426719248295
        ],
        [
            0.0394384004175663,
            0.051457490772008896,
            0.006612645462155342
        ],
        [
            0.07016092538833618,
            -0.0007339939475059509,
            0.014256402850151062
        ],
        [
            0.07194729149341583,
            -0.006237931549549103,
            0.019584693014621735
        ],
        [
            0.06980103999376297,
            0.11543144285678864,
            -0.05288802832365036
        ],
        [
            0.06760645657777786,
            0.1097155436873436,
            -0.05288439989089966
        ],
        [
            0.12788823246955872,
            0.026994772255420685,
            -0.025459865108132362
        ],
        [
            0.13098934292793274,
            0.049336422234773636,
            -0.02581114135682583
        ],
        [
            0.12344114482402802,
            0.011308133602142334,
            -0.022344790399074554
        ],
        [
            0.11901524662971497,
            0.0011361613869667053,
            -0.018870577216148376
        ],
        [
            0.11808710545301437,
            -0.007408440113067627,
            -0.01537458598613739
        ],
        [
            0.08094608783721924,
            0.07248406857252121,
            -0.03350558876991272
        ],
        [
            0.08885150402784348,
            0.055606693029403687,
            -0.020382333546876907
        ],
        [
            0.08650404214859009,
            0.04599253460764885,
            -0.004810644313693047
        ],
        [
            0.07381221652030945,
            0.04998001083731651,
            0.023181123659014702
        ],
        [
            0.07980966567993164,
            0.042232342064380646,
            0.027194079011678696
        ],
        [
            0.08353989571332932,
            0.045795466750860214,
            0.017770089209079742
        ],
        [
            0.07709841430187225,
            0.051463160663843155,
            0.015930160880088806
        ],
        [
            0.05677447468042374,
            0.049375880509614944,
            0.025302940979599953
        ],
        [
            0.0626683384180069,
            0.05474419519305229,
            0.02349635399878025
        ],
        [
            0.05674602836370468,
            0.06117744743824005,
            0.020503733307123184
        ],
        [
            0.04974010959267616,
            0.05776333063840866,
            0.022138379514217377
        ],
        [
            0.12004311382770538,
            0.06704586744308472,
            -0.0343945175409317
        ],
        [
            0.11629481613636017,
            0.05045391246676445,
            -0.03967474028468132
        ],
        [
            0.0866449624300003,
            0.013352401554584503,
            0.032968670129776
        ],
        [
            0.09154514223337173,
            0.0072434768080711365,
            0.03291686996817589
        ],
        [
            0.09462432563304901,
            -0.0006704181432723999,
            0.03361767530441284
        ],
        [
            0.0998719185590744,
            0.031983669847249985,
            0.0069680772721767426
        ],
        [
            0.10803422331809998,
            0.021634388715028763,
            0.012582842260599136
        ],
        [
            0.11002697795629501,
            0.02225649729371071,
            0.008680563420057297
        ],
        [
            0.10021631419658661,
            0.03149505332112312,
            0.003071453422307968
        ],
        [
            0.10447368025779724,
            0.04025302827358246,
            -0.006352804601192474
        ],
        [
            0.11326560378074646,
            0.03303943946957588,
            0.00023967772722244263
        ],
        [
            0.10716109722852707,
            0.050303611904382706,
            -0.006965801119804382
        ],
        [
            0.1151297464966774,
            0.008958607912063599,
            0.009865455329418182
        ],
        [
            0.11440659314393997,
            0.0018766969442367554,
            0.018390439450740814
        ],
        [
            0.11887561529874802,
            0.0003477334976196289,
            0.010819707065820694
        ],
        [
            0.10796742141246796,
            0.0017029568552970886,
            0.02579304203391075
        ],
        [
            0.10111553966999054,
            0.0009953603148460388,
            0.03144967555999756
        ],
        [
            0.07249342650175095,
            -0.013949200510978699,
            0.023232977837324142
        ],
        [
            0.1216093897819519,
            -0.0009797364473342896,
            0.0030733831226825714
        ],
        [
            0.12277382612228394,
            0.06644149124622345,
            -0.00785939209163189
        ],
        [
            0.12537479400634766,
            0.074449822306633,
            -0.011314474046230316
        ],
        [
            0.1181434839963913,
            0.07478523254394531,
            -0.012143894098699093
        ],
        [
            0.11505863070487976,
            0.06749120354652405,
            -0.009749406948685646
        ],
        [
            0.081820048391819,
            0.07033593207597733,
            -0.05760575085878372
        ],
        [
            0.08704562485218048,
            0.07247430831193924,
            -0.052778083831071854
        ],
        [
            0.09194999933242798,
            0.06682693958282471,
            -0.048264481127262115
        ],
        [
            0.0962994173169136,
            0.03337116912007332,
            0.02046823874115944
        ],
        [
            0.08923617005348206,
            0.029257819056510925,
            0.030105970799922943
        ],
        [
            0.07993382215499878,
            0.07797540724277496,
            -0.039504118263721466
        ],
        [
            0.07088208943605423,
            0.10391856729984283,
            -0.05710466578602791
        ],
        [
            0.0766940489411354,
            0.10323527455329895,
            -0.05657300725579262
        ],
        [
            0.07881763577461243,
            0.08449842780828476,
            -0.05836807191371918
        ],
        [
            0.07188821583986282,
            0.08514545857906342,
            -0.05934970825910568
        ],
        [
            0.07107836753129959,
            0.08292428404092789,
            -0.04033789038658142
        ],
        [
            0.07816217094659805,
            0.0809495821595192,
            -0.04002729430794716
        ],
        [
            0.07669597864151001,
            0.08269321173429489,
            -0.0399378165602684
        ],
        [
            0.0708138719201088,
            0.08535277098417282,
            -0.03828072547912598
        ],
        [
            0.055803216993808746,
            0.07910767197608948,
            -0.008961105719208717
        ],
        [
            0.05876073241233826,
            0.07383573055267334,
            -0.0056811729446053505
        ],
        [
            0.05825890973210335,
            0.06505823135375977,
            -0.04559338837862015
        ],
        [
            0.06505803763866425,
            0.06224571913480759,
            -0.05692244693636894
        ],
        [
            0.07174763083457947,
            0.05256658047437668,
            -0.051816489547491074
        ],
        [
            0.07238944619894028,
            0.062165115028619766,
            -0.009688258171081543
        ],
        [
            0.06680666655302048,
            0.07027677446603775,
            -0.013170808553695679
        ],
        [
            0.06500372290611267,
            0.06979384273290634,
            -0.009414037689566612
        ],
        [
            0.07689916342496872,
            0.07498471438884735,
            -0.032686617225408554
        ],
        [
            0.07444433122873306,
            0.07953133434057236,
            -0.036950863897800446
        ],
        [
            0.07197977602481842,
            0.0780523493885994,
            -0.033076945692300797
        ],
        [
            0.07446584105491638,
            0.07341790944337845,
            -0.028095033019781113
        ],
        [
            0.05785015970468521,
            0.032591916620731354,
            0.02246723882853985
        ],
        [
            0.06452765315771103,
            0.0393637977540493,
            0.029283015057444572
        ],
        [
            0.08224724233150482,
            0.10928168892860413,
            -0.05059251934289932
        ],
        [
            0.0810556560754776,
            0.10624154657125473,
            -0.05200476571917534
        ],
        [
            0.0781695619225502,
            0.05332735925912857,
            -0.005254287272691727
        ],
        [
            0.07928606867790222,
            0.04182460159063339,
            -0.04451645910739899
        ],
        [
            0.08444929867982864,
            0.045593444257974625,
            0.00033485516905784607
        ],
        [
            0.04118146374821663,
            0.06490015983581543,
            -0.007181171327829361
        ],
        [
            0.04426863044500351,
            0.07019832730293274,
            -0.0018966952338814735
        ],
        [
            0.04415149241685867,
            0.07599661499261856,
            -0.004106347449123859
        ],
        [
            0.040466953068971634,
            0.0740240216255188,
            -0.008651221171021461
        ],
        [
            0.06905317306518555,
            0.10072709619998932,
            -0.037501346319913864
        ],
        [
            0.0748201534152031,
            0.10088752955198288,
            -0.03741133213043213
        ],
        [
            0.07489778846502304,
            0.10538659989833832,
            -0.037385568022727966
        ],
        [
            0.06910980492830276,
            0.10672340542078018,
            -0.037563007324934006
        ],
        [
            0.08300812542438507,
            0.079625204205513,
            -0.04320870339870453
        ],
        [
            0.08610095083713531,
            0.0782054141163826,
            -0.04849547892808914
        ],
        [
            0.08452122658491135,
            0.08340677618980408,
            -0.047744929790496826
        ],
        [
            0.08089704066514969,
            0.08342719078063965,
            -0.04292583465576172
        ],
        [
            0.08450227230787277,
            0.07791348546743393,
            -0.05427911505103111
        ],
        [
            0.08336054533720016,
            0.0835946723818779,
            -0.053990915417671204
        ],
        [
            0.063912034034729,
            0.10162576287984848,
            -0.04136279225349426
        ],
        [
            0.06239021196961403,
            0.10311328619718552,
            -0.04855687543749809
        ],
        [
            0.062003351747989655,
            0.08556918799877167,
            -0.04945742338895798
        ],
        [
            0.0646309107542038,
            0.0874510183930397,
            -0.04215327650308609
        ],
        [
            0.06367023289203644,
            0.018126964569091797,
            -0.003715159371495247
        ],
        [
            0.06123872101306915,
            0.018659070134162903,
            0.007178938016295433
        ],
        [
            0.05467313155531883,
            0.03188590332865715,
            0.0036478042602539062
        ],
        [
            0.04684063419699669,
            0.04435054212808609,
            0.00020380783826112747
        ],
        [
            0.040726397186517715,
            0.05653779208660126,
            -0.0037461863830685616
        ],
        [
            0.042102642357349396,
            0.055277734994888306,
            -0.015771515667438507
        ],
        [
            0.054193608462810516,
            0.031369730830192566,
            0.01186562143266201
        ],
        [
            0.06270900368690491,
            0.0786048099398613,
            -0.042415518313646317
        ],
        [
            0.06180397421121597,
            0.07407873868942261,
            -0.049393244087696075
        ],
        [
            0.05912105739116669,
            0.07327237725257874,
            -0.044857628643512726
        ],
        [
            0.08238403499126434,
            0.04678076133131981,
            0.007441617548465729
        ],
        [
            0.08091598004102707,
            0.10233438014984131,
            -0.053205568343400955
        ],
        [
            0.09631486982107162,
            -0.007377259433269501,
            -0.01942487806081772
        ],
        [
            0.08524144440889359,
            -0.009011752903461456,
            -0.011447299271821976
        ],
        [
            0.08399508893489838,
            -0.0014392584562301636,
            -0.015879888087511063
        ],
        [
            0.09719234704971313,
            0.0012458637356758118,
            -0.024521108716726303
        ],
        [
            0.08044062554836273,
            0.10102355480194092,
            -0.04144064709544182
        ],
        [
            0.08300982415676117,
            0.10142959654331207,
            -0.04720321670174599
        ],
        [
            0.05554943531751633,
            0.07471442222595215,
            0.00014799833297729492
        ],
        [
            0.052976951003074646,
            0.0792587473988533,
            -0.003925420343875885
        ],
        [
            0.049538470804691315,
            0.07958883047103882,
            -0.002710370346903801
        ],
        [
            0.05164134502410889,
            0.07720156759023666,
            0.003382870927453041
        ],
        [
            0.06140309199690819,
            0.018195003271102905,
            0.013152312487363815
        ],
        [
            0.04041597247123718,
            0.06440137326717377,
            0.015451040118932724
        ],
        [
            0.037117067724466324,
            0.06019725650548935,
            0.006140660494565964
        ],
        [
            0.06698407232761383,
            0.007107585668563843,
            0.009813392534852028
        ],
        [
            0.0686652734875679,
            0.006172209978103638,
            0.00020094960927963257
        ],
        [
            0.07198135554790497,
            -0.002393558621406555,
            0.003554355353116989
        ],
        [
            0.04632990062236786,
            0.0628446489572525,
            -0.02840874157845974
        ],
        [
            0.06535691022872925,
            0.01997997611761093,
            -0.01206185296177864
        ],
        [
            0.0709727481007576,
            0.007502511143684387,
            -0.007019933313131332
        ],
        [
            0.07504655420780182,
            -0.002678133547306061,
            -0.00333971343934536
        ],
        [
            0.07712964713573456,
            -0.0102124884724617,
            -0.00035468488931655884
        ],
        [
            0.07365737110376358,
            -0.009068787097930908,
            0.006950074806809425
        ],
        [
            0.06567536294460297,
            0.10399230569601059,
            -0.05347319319844246
        ],
        [
            0.06339225172996521,
            0.11011271178722382,
            -0.04759238287806511
        ],
        [
            0.07414935529232025,
            -0.017474465072155,
            0.010454900562763214
        ],
        [
            0.07859087735414505,
            -0.018097154796123505,
            0.002300739288330078
        ],
        [
            0.07510010153055191,
            0.008841022849082947,
            -0.015201961621642113
        ],
        [
            0.08179454505443573,
            0.01141957938671112,
            -0.024723701179027557
        ],
        [
            0.0696522444486618,
            0.02099980041384697,
            -0.019650479778647423
        ],
        [
            0.07544035464525223,
            0.024304654449224472,
            -0.029415670782327652
        ],
        [
            0.048557959496974945,
            0.058699145913124084,
            -0.038261108100414276
        ],
        [
            0.07135031372308731,
            0.1262044608592987,
            -0.04061952605843544
        ],
        [
            0.06576243042945862,
            0.11558952927589417,
            -0.041803888976573944
        ],
        [
            0.06928607076406479,
            0.11280587315559387,
            -0.038054049015045166
        ],
        [
            0.07185429334640503,
            0.12376374006271362,
            -0.03683067858219147
        ],
        [
            0.06464826315641403,
            0.10842926055192947,
            -0.04111940413713455
        ],
        [
            0.06576765328645706,
            0.11608325690031052,
            -0.047564178705215454
        ],
        [
            0.08735188841819763,
            0.029554441571235657,
            -0.03864153102040291
        ],
        [
            0.06869113445281982,
            0.08227758854627609,
            -0.036788955330848694
        ],
        [
            0.09822743386030197,
            0.017267823219299316,
            -0.0335383303463459
        ],
        [
            0.09916096925735474,
            0.041435662657022476,
            -0.04601713642477989
        ],
        [
            0.10890661180019379,
            0.03368580713868141,
            -0.04073040932416916
        ],
        [
            0.11092124879360199,
            0.0053663477301597595,
            -0.027897190302610397
        ],
        [
            0.1179192066192627,
            0.02136877179145813,
            -0.03398246318101883
        ],
        [
            0.10819919407367706,
            -0.011427924036979675,
            -0.018269214779138565
        ],
        [
            0.10776394605636597,
            -0.0033763423562049866,
            -0.022776104509830475
        ],
        [
            0.12340670824050903,
            0.03955601155757904,
            -0.03516661375761032
        ],
        [
