{
    "pred_cam": [
        8.896102905273438,
        -0.14060333371162415,
        0.04722601920366287
    ],
    "pred_mano_params": {
        "global_orient": [
            [
                [
                    -0.6145339608192444,
                    0.7879549264907837,
                    0.038406845182180405
                ],
                [
                    0.4545014202594757,
                    0.393422931432724,
                    -0.7991538643836975
                ],
                [
                    -0.6448073387145996,
                    -0.4736512005329132,
                    -0.5998983979225159
                ]
            ]
        ],
        "hand_pose": [
            [
                [
                    0.9496777057647705,
                    -0.2480148822069168,
                    -0.19131354987621307
                ],
                [
                    0.2678259611129761,
                    0.9596768021583557,
                    0.0853792056441307
                ],
                [
                    0.16242387890815735,
                    -0.13232146203517914,
                    0.9778084754943848
                ]
            ],
            [
                [
                    0.8118324279785156,
                    -0.49916350841522217,
                    -0.30292558670043945
                ],
                [
                    0.38467177748680115,
                    0.8475351333618164,
                    -0.3656661808490753
                ],
                [
                    0.4392673373222351,
                    0.1803327351808548,
                    0.8800706267356873
                ]
            ],
            [
                [
                    0.474319189786911,
                    -0.7776181101799011,
                    0.4127122461795807
                ],
                [
                    0.7990530133247375,
                    0.5770450234413147,
                    0.1689179539680481
                ],
                [
                    -0.36950722336769104,
                    0.24965795874595642,
                    0.8950616121292114
                ]
            ],
            [
                [
                    0.6614247560501099,
                    -0.741573691368103,
                    0.11218655109405518
                ],
                [
                    0.7499568462371826,
                    0.6557422876358032,
                    -0.08698722720146179
                ],
                [
                    -0.009058032184839249,
                    0.1416705697774887,
                    0.9898724555969238
                ]
            ],
            [
                [
                    0.7802796959877014,
                    -0.3746764063835144,
                    -0.5007806420326233
                ],
                [
                    0.313109427690506,
                    0.9271479249000549,
                    -0.20581381022930145
                ],
                [
                    0.541411280632019,
                    0.0037932307459414005,
                    0.8407494425773621
                ]
            ],
            [
                [
                    0.657024621963501,
                    -0.6799477934837341,
                    0.32556042075157166
                ],
                [
                    0.6401050686836243,
                    0.7312954068183899,
                    0.2355259656906128
                ],
                [
                    -0.39822623133659363,
                    0.053646519780159,
                    0.9157171249389648
                ]
            ],
            [
                [
                    0.9822115898132324,
                    -0.18591369688510895,
                    -0.026392115280032158
                ],
                [
                    0.1472175121307373,
                    0.849656879901886,
                    -0.5063694715499878
                ],
                [
                    0.11656530201435089,
                    0.4934765696525574,
                    0.8619126081466675
                ]
            ],
            [
                [
                    0.7889476418495178,
                    -0.6143487691879272,
                    -0.011714152991771698
                ],
                [
                    0.6010411977767944,
                    0.7676151394844055,
                    0.22252297401428223
                ],
                [
                    -0.12771473824977875,
                    -0.18259966373443604,
                    0.9748570919036865
                ]
            ],
            [
                [
                    0.7338970899581909,
                    -0.6760656237602234,
                    -0.0658050924539566
                ],
                [
                    0.4685543179512024,
                    0.4337220788002014,
                    0.7696375846862793
                ],
                [
                    -0.49178439378738403,
                    -0.5956680774688721,
                    0.635080873966217
                ]
            ],
            [
                [
                    0.961460292339325,
                    -0.18499845266342163,
                    0.20339538156986237
                ],
                [
                    0.24952886998653412,
                    0.8977686166763306,
                    -0.36296939849853516
                ],
                [
                    -0.11545322835445404,
                    0.39973369240760803,
                    0.9093313217163086
                ]
            ],
            [
                [
                    0.61448073387146,
                    -0.6268447637557983,
                    -0.4790396988391876
                ],
                [
                    0.7640081644058228,
                    0.6242281794548035,
                    0.1631891280412674
                ],
                [
                    0.19673584401607513,
                    -0.46626681089401245,
                    0.862490713596344
                ]
            ],
            [
                [
                    0.6243677139282227,
                    -0.7677828669548035,
                    0.14378602802753448
                ],
                [
                    0.5840531587600708,
                    0.5810955762863159,
                    0.5667536854743958
                ],
                [
                    -0.518697202205658,
                    -0.26988402009010315,
                    0.8112432956695557
                ]
            ],
            [
                [
                    0.9313859343528748,
                    0.2264406979084015,
                    -0.2850348651409149
                ],
                [
                    -0.3639531433582306,
                    0.5627933740615845,
                    -0.7421602606773376
                ],
                [
                    -0.007639567833393812,
                    0.7949769496917725,
                    0.6065916419029236
                ]
            ],
            [
                [
                    0.9637826681137085,
                    -0.25651150941848755,
                    -0.07297126203775406
                ],
                [
                    0.25970152020454407,
                    0.8404918313026428,
                    0.47552987933158875
                ],
                [
                    -0.06064713001251221,
                    -0.47725820541381836,
                    0.8766679167747498
                ]
            ],
            [
                [
                    0.8175390362739563,
                    -0.534622848033905,
                    -0.21402880549430847
                ],
                [
                    0.22661249339580536,
                    0.6403404474258423,
                    -0.7339011430740356
                ],
                [
                    0.5294115543365479,
                    0.5514912605285645,
                    0.6446555256843567
                ]
            ]
        ],
        "betas": [
            0.002886727452278137,
            -0.05858778953552246,
            -0.050720542669296265,
            -0.05783924460411072,
            -0.04882475733757019,
            -0.03265877813100815,
            0.025138556957244873,
            0.0017314553260803223,
            -0.09370514750480652,
            -0.11257445812225342
        ]
    },
    "pred_cam_t": [
        -0.14060333371162415,
        0.04722601920366287,
        4.390967845916748
    ],
    "focal_length": [
        5000.0,
        5000.0
    ],
    "pred_keypoints_3d": [
        [
            0.09575233608484268,
            0.006380539387464523,
            0.00619852589443326
        ],
        [
            0.09933798760175705,
            -0.0312790684401989,
            0.013640766963362694
        ],
        [
            0.10739321261644363,
            -0.058645255863666534,
            0.02530190534889698
        ],
        [
            0.11795583367347717,
            -0.0787554457783699,
            0.040136538445949554
        ],
        [
            0.11900228261947632,
            -0.08627545833587646,
            0.07354128360748291
        ],
        [
            0.14658114314079285,
            -0.05216557905077934,
            0.053110361099243164
        ],
        [
            0.16272151470184326,
            -0.06585842370986938,
            0.07843601703643799
        ],
        [
            0.15816617012023926,
            -0.06804683059453964,
            0.10004045814275742
        ],
        [
            0.13721118867397308,
            -0.07726684212684631,
            0.1081288531422615
        ],
        [
            0.15264753997325897,
            -0.034545328468084335,
            0.07000313699245453
        ],
        [
            0.14929480850696564,
            -0.049415476620197296,
            0.0978596955537796
        ],
        [
            0.1406598687171936,
            -0.045096226036548615,
            0.11905268579721451
        ],
        [
            0.11839849501848221,
            -0.04502195492386818,
            0.13062675297260284
        ],
        [
            0.14187991619110107,
            -0.011067355051636696,
            0.07683414965867996
        ],
        [
            0.15687796473503113,
            -0.025034593418240547,
            0.09726059436798096
        ],
        [
            0.14768747985363007,
            -0.022030770778656006,
            0.12016136944293976
        ],
        [
            0.1269425004720688,
            -0.02948194183409214,
            0.13106675446033478
        ],
        [
            0.12858834862709045,
            0.005673959851264954,
            0.08121006935834885
        ],
        [
            0.14124809205532074,
            0.009909103624522686,
            0.09757222980260849
        ],
        [
            0.13987599313259125,
            0.013893199153244495,
            0.11605333536863327
        ],
        [
            0.12294431030750275,
            0.010423234663903713,
            0.12572981417179108
        ]
    ],
    "pred_vertices": [
        [
            0.11422623693943024,
            -0.035614632070064545,
            0.035734403878450394
        ],
        [
            0.10714232176542282,
            -0.03068096563220024,
            0.03009837120771408
        ],
        [
            0.11014585196971893,
            -0.04038592800498009,
            0.03320763260126114
        ],
        [
            0.11641176044940948,
            -0.044827502220869064,
            0.03671049326658249
        ],
        [
            0.09061942994594574,
            -0.037839822471141815,
            0.029728161171078682
        ],
        [
            0.08407613635063171,
            -0.04229428619146347,
            0.02065134420990944
        ],
        [
            0.09203731268644333,
            -0.05536920949816704,
            0.028300443664193153
        ],
        [
            0.09621740877628326,
            -0.04990477114915848,
            0.03553565591573715
        ],
        [
            0.12047694623470306,
            -0.052084051072597504,
            0.036690179258584976
        ],
        [
            0.11272036284208298,
            -0.04837933927774429,
            0.03606759011745453
        ],
        [
            0.12446967512369156,
            -0.05453841760754585,
            0.03291874751448631
        ],
        [
            0.13462939858436584,
            -0.0556003600358963,
            0.03196800500154495
        ],
        [
            0.12890386581420898,
            -0.05457700788974762,
            0.0373942069709301
        ],
        [
            0.1416625678539276,
            -0.056267041712999344,
            0.0356345996260643
        ],
        [
            0.13706780970096588,
            -0.050275739282369614,
            0.02264104038476944
        ],
        [
            0.14788925647735596,
            -0.049766115844249725,
            0.03300406038761139
        ],
        [
            0.1420300155878067,
            -0.02193964459002018,
            0.026751361787319183
        ],
        [
            0.13983792066574097,
            -0.009631067514419556,
            0.032157424837350845
        ],
        [
            0.14960668981075287,
            -0.01599631831049919,
            0.0446603000164032
        ],
        [
            0.15025410056114197,
            -0.02816077321767807,
            0.03851659968495369
        ],
        [
            0.13844984769821167,
            0.0010947510600090027,
            0.04937246814370155
        ],
        [
            0.14517635107040405,
            -0.008445948362350464,
            0.047462865710258484
        ],
        [
            0.1367504745721817,
            -0.0015335995703935623,
            0.034612227231264114
        ],
        [
            0.1312897652387619,
            0.006738429889082909,
            0.037254661321640015
        ],
        [
            0.10996155440807343,
            -0.02014920487999916,
            0.03759552538394928
        ],
        [
            0.1025056391954422,
            -0.015074092894792557,
            0.03125670179724693
        ],
        [
            0.104696124792099,
            -0.0202906746417284,
            0.029520832002162933
        ],
        [
            0.11134612560272217,
            -0.025304259732365608,
            0.03582235798239708
        ],
        [
            0.12179674208164215,
            -0.061473309993743896,
            0.02580387517809868
        ],
        [
            0.12273313850164413,
            -0.05550730973482132,
            0.01739940419793129
        ],
        [
            0.1263265609741211,
            -0.05509979650378227,
            0.024518528953194618
        ],
        [
            0.12147409468889236,
            -0.06026275455951691,
            0.031129097566008568
        ],
        [
            0.07978274673223495,
            0.000919591635465622,
            0.023402195423841476
        ],
        [
            0.07726678252220154,
            0.006781388074159622,
            0.011520162224769592
        ],
        [
            0.07835136353969574,
            0.0020359307527542114,
            0.008282512426376343
        ],
        [
            0.08080882579088211,
            -0.0020873546600341797,
            0.019733846187591553
        ],
        [
            0.07900674641132355,
            -0.020989544689655304,
            0.006270267069339752
        ],
        [
            0.0800708532333374,
            -0.01249733567237854,
            -0.0019083879888057709
        ],
        [
            0.08471528440713882,
            -0.01463073119521141,
            -0.014800261706113815
        ],
        [
            0.08648350089788437,
            -0.023534443229436874,
            -0.008656248450279236
        ],
        [
            0.08056411892175674,
            -0.031995903700590134,
            0.01427542045712471
        ],
        [
            0.08417942374944687,
            -0.03480937331914902,
            0.0007479488849639893
        ],
        [
            0.08604298532009125,
            -0.0456613227725029,
            0.009915230795741081
        ],
        [
            0.09335920214653015,
            -0.05843539535999298,
            0.019511433318257332
        ],
        [
            0.07721764594316483,
            0.018258437514305115,
            0.017225787043571472
        ],
        [
            0.07861017435789108,
            0.015488414093852043,
            0.02689984068274498
        ],
        [
            0.15388493239879608,
            -0.07394157350063324,
            0.08242644369602203
        ],
        [
            0.1519221067428589,
            -0.06839748471975327,
            0.08409123122692108
        ],
        [
            0.1501474231481552,
            -0.06875041872262955,
            0.07930604368448257
        ],
        [
            0.15261007845401764,
            -0.07355281710624695,
            0.07793968915939331
        ],
        [
            0.09201446175575256,
            0.030891168862581253,
            0.022443056106567383
        ],
        [
            0.10081756114959717,
            0.033500224351882935,
            0.018175490200519562
        ],
        [
            0.095506951212883,
            0.036455295979976654,
            0.014138028025627136
        ],
        [
            0.08731886744499207,
            0.032630499452352524,
            0.016799427568912506
        ],
        [
            0.09813952445983887,
            0.028347443789243698,
            0.029889095574617386
        ],
        [
            0.10769087821245193,
            0.02865760400891304,
            0.0237865149974823
        ],
        [
            0.16647180914878845,
            -0.07330743223428726,
            0.08251833915710449
        ],
        [
            0.16229014098644257,
            -0.07657824456691742,
            0.08230694383382797
        ],
        [
            0.16284647583961487,
            -0.07502291351556778,
            0.07646523416042328
        ],
        [
            0.16715280711650848,
            -0.0707801952958107,
            0.07593151926994324
        ],
        [
            0.12341909110546112,
            -0.049400828778743744,
            0.040590617805719376
        ],
        [
            0.119803786277771,
            -0.04066276550292969,
            0.04221445322036743
        ],
        [
            0.13517189025878906,
            -0.05561082437634468,
            0.05332513526082039
        ],
        [
            0.1293724924325943,
            -0.048175979405641556,
            0.04914330691099167
        ],
        [
            0.13061076402664185,
            -0.05360303074121475,
            0.04426024109125137
        ],
        [
            0.1365726888179779,
            -0.05847979709506035,
            0.04762321710586548
        ],
        [
            0.1238998994231224,
            -0.02577831968665123,
            0.05505326762795448
        ],
        [
            0.1169387549161911,
            -0.021411722525954247,
            0.046610087156295776
        ],
        [
            0.11901827156543732,
            -0.02748986892402172,
            0.045007143169641495
        ],
        [
            0.12617658078670502,
            -0.03399760276079178,
            0.05382123589515686
        ],
        [
            0.11160708963871002,
            -0.00998249463737011,
            0.053123839199543
        ],
        [
            0.1192055493593216,
            -0.015121065080165863,
            0.060863807797431946
        ],
        [
            0.11537698656320572,
            -0.008087358437478542,
            0.06390951573848724
        ],
        [
            0.10985638946294785,
            -0.006016748026013374,
            0.058114491403102875
        ],
        [
            0.13408349454402924,
            -0.025147488340735435,
            0.07169044762849808
        ],
        [
            0.13963347673416138,
            -0.02694062329828739,
            0.07596150785684586
        ],
        [
            0.13876451551914215,
            -0.025115467607975006,
            0.07922278344631195
        ],
        [
            0.13278858363628387,
            -0.02200404368340969,
            0.07348360121250153
        ],
        [
            0.09120284020900726,
            0.03943948820233345,
            0.00937102735042572
        ],
        [
            0.08335462212562561,
            0.03368741273880005,
            0.010807596147060394
        ],
        [
            0.12591910362243652,
            0.016706015914678574,
            0.05684477463364601
        ],
        [
            0.11570516228675842,
            0.020415714010596275,
            0.05973217263817787
        ],
        [
            0.12220051884651184,
            0.01857755519449711,
            0.06990236788988113
        ],
        [
            0.13122282922267914,
            0.014981351792812347,
            0.06425906717777252
        ],
        [
            0.10904699563980103,
            0.030023913830518723,
            0.012831129133701324
        ],
        [
            0.1042974665760994,
            0.03522586077451706,
            0.009348571300506592
        ],
        [
            0.16874298453330994,
            -0.06723032891750336,
            0.08334239572286606
        ],
        [
            0.16884902119636536,
            -0.0647764727473259,
            0.07749968767166138
        ],
        [
            0.09491998702287674,
            -0.04325580596923828,
            -0.00090794637799263
        ],
        [
            0.09918197989463806,
            -0.05867151916027069,
            0.011698808521032333
        ],
        [
            0.09456665068864822,
            -0.0296940878033638,
            -0.009955592453479767
        ],
        [
            0.09565255045890808,
            -0.01943497359752655,
            -0.015617266297340393
        ],
        [
            0.09461589902639389,
            -0.012462906539440155,
            -0.021564863622188568
        ],
        [
            0.13069497048854828,
            -0.04492953419685364,
            0.055000901222229004
        ],
        [
            0.11705876886844635,
            -0.031733352690935135,
            0.041149068623781204
        ],
        [
            0.10837027430534363,
            -0.01569916494190693,
            0.039627205580472946
        ],
        [
            0.09806521236896515,
            0.006807232275605202,
            0.0580035075545311
        ],
        [
            0.09128561615943909,
            0.010049264878034592,
            0.050247449427843094
        ],
        [
            0.09508544951677322,
            0.0002719145268201828,
            0.048587627708911896
        ],
        [
            0.10076266527175903,
            -0.00023158453404903412,
            0.055465176701545715
        ],
        [
            0.10793539881706238,
            0.01766103506088257,
            0.06461983174085617
        ],
        [
            0.10537952184677124,
            0.010373709723353386,
            0.06680700182914734
        ],
        [
            0.11180190742015839,
            0.008356005884706974,
            0.07434569299221039
        ],
        [
            0.1145765408873558,
            0.015524428337812424,
            0.07308490574359894
        ],
        [
            0.11866403371095657,
            -0.06579967588186264,
            0.02053709700703621
        ],
        [
            0.11797726154327393,
            -0.05646901577711105,
            0.011689316481351852
        ],
        [
            0.08364322036504745,
            0.0249763336032629,
            0.02502787858247757
        ],
        [
            0.08042824268341064,
            0.02528461068868637,
            0.01794840395450592
        ],
        [
            0.07805854827165604,
            0.028055204078555107,
            0.01032760739326477
        ],
        [
            0.09054769575595856,
            -0.008304882794618607,
            0.026960298418998718
        ],
        [
            0.08130229264497757,
            -0.004287209361791611,
            0.017272192984819412
        ],
        [
            0.08172952383756638,
            -0.008490044623613358,
            0.016099702566862106
        ],
        [
            0.09223652631044388,
            -0.010572044178843498,
            0.025257740169763565
        ],
        [
            0.0976308211684227,
            -0.026458291336894035,
            0.02812449261546135
        ],
        [
            0.0855766236782074,
            -0.024800490587949753,
            0.0226063784211874
        ],
        [
            0.10177280008792877,
            -0.0369536429643631,
            0.03398650884628296
        ],
        [
            0.07866945117712021,
            -0.003752104938030243,
            0.0027562379837036133
        ],
        [
            0.07415871322154999,
            0.005767744034528732,
            -0.0003349035978317261
        ],
        [
            0.0760333389043808,
            -0.0008028261363506317,
            -0.005926534533500671
        ],
        [
            0.07377320528030396,
            0.014250796288251877,
            0.004512965679168701
        ],
        [
            0.07480818033218384,
            0.02212931588292122,
            0.00850580632686615
        ],
        [
            0.10169097781181335,
            0.04118882864713669,
            0.0038537830114364624
        ],
        [
            0.07946852594614029,
            -0.006548456847667694,
            -0.010843195021152496
        ],
        [
            0.10081169009208679,
            -0.057868070900440216,
            0.03744948282837868
        ],
        [
            0.10444025695323944,
            -0.06480058282613754,
            0.03876180946826935
        ],
        [
            0.11088968813419342,
            -0.060527920722961426,
            0.04020017385482788
        ],
        [
            0.10821184515953064,
            -0.05409202352166176,
            0.039008960127830505
        ],
        [
            0.14929035305976868,
            -0.05779024586081505,
            0.04154949635267258
        ],
        [
            0.14217719435691833,
            -0.06032980978488922,
            0.04445162042975426
        ],
        [
            0.13481687009334564,
            -0.05717701092362404,
            0.038589611649513245
        ],
        [
            0.08461114764213562,
            0.0012022368609905243,
            0.03393913060426712
        ],
        [
            0.08316630870103836,
            0.013456907123327255,
            0.036528654396533966
        ],
        [
            0.1369144469499588,
            -0.05244764685630798,
            0.058960627764463425
        ],
        [
            0.16697800159454346,
            -0.06765904277563095,
            0.07062315195798874
        ],
        [
            0.16284511983394623,
            -0.07233862578868866,
            0.06992796808481216
        ],
        [
            0.15686464309692383,
            -0.06375376135110855,
            0.05465441569685936
        ],
        [
            0.16172286868095398,
            -0.05928681045770645,
            0.05619101598858833
        ],
        [
            0.14503750205039978,
            -0.05012904480099678,
            0.0655660554766655
        ],
        [
            0.14091750979423523,
            -0.05437939986586571,
            0.062394704669713974
        ],
        [
            0.14333036541938782,
            -0.05470094829797745,
            0.06438713520765305
        ],
        [
            0.14649276435375214,
            -0.051144711673259735,
            0.06881839781999588
        ],
        [
            0.13524509966373444,
            -0.016707684844732285,
            0.0804196298122406
        ],
        [
            0.1294960379600525,
            -0.014214040711522102,
            0.076059989631176
        ],
        [
            0.15516534447669983,
            -0.03494008630514145,
            0.05217684432864189
        ],
        [
            0.1573222130537033,
            -0.04319430887699127,
            0.04180087149143219
        ],
        [
            0.15057550370693207,
            -0.03901731222867966,
            0.032907165586948395
        ],
        [
            0.12108395248651505,
            -0.019311605021357536,
            0.057513002306222916
        ],
        [
            0.12727044522762299,
            -0.022472020238637924,
            0.06563101708889008
        ],
        [
            0.12608130276203156,
            -0.018869057297706604,
            0.0675923302769661
        ],
        [
            0.13309593498706818,
            -0.04335939884185791,
            0.058942701667547226
        ],
        [
            0.13835066556930542,
            -0.0478014312684536,
            0.06286586821079254
        ],
        [
            0.13700571656227112,
            -0.041666172444820404,
            0.06291527301073074
        ],
        [
            0.13192985951900482,
            -0.03781390190124512,
            0.05973853915929794
        ],
        [
            0.10999972373247147,
            0.02423202618956566,
            0.04866064712405205
        ],
        [
            0.10051801055669785,
            0.021301737055182457,
            0.05441746115684509
        ],
        [
            0.15769486129283905,
            -0.07673247158527374,
            0.08205308020114899
        ],
        [
            0.1572781503200531,
            -0.07590331137180328,
            0.07672427594661713
        ],
        [
            0.11433510482311249,
            -0.015140265226364136,
            0.049143414944410324
        ],
        [
            0.14133203029632568,
            -0.03316142410039902,
            0.02317177876830101
        ],
        [
            0.10638511180877686,
            -0.011077506467700005,
            0.04191543534398079
        ],
        [
            0.1424238532781601,
            -0.0008120331913232803,
            0.07100564986467361
        ],
        [
            0.13890013098716736,
            -0.0004578884690999985,
            0.0774838775396347
        ],
        [
            0.1430048793554306,
            -0.00490949209779501,
            0.08060683310031891
        ],
        [
            0.1475694179534912,
            -0.005268602631986141,
            0.07674522697925568
        ],
        [
            0.15311744809150696,
            -0.05658021569252014,
            0.07973675429821014
        ],
        [
            0.14985358715057373,
            -0.06149272248148918,
            0.07898914068937302
        ],
        [
            0.1505107283592224,
            -0.06290347129106522,
            0.08120529353618622
        ],
        [
            0.15390801429748535,
            -0.058231718838214874,
            0.0819937139749527
        ],
        [
            0.1403312385082245,
            -0.05837741866707802,
            0.058127909898757935
        ],
        [
            0.14187555015087128,
            -0.06167829409241676,
            0.0528397262096405
        ],
        [
            0.14529915153980255,
            -0.063637375831604,
            0.058273784816265106
        ],
        [
            0.14366522431373596,
            -0.05928676575422287,
            0.062041692435741425
        ],
        [
            0.14792294800281525,
            -0.06273169070482254,
            0.049984607845544815
        ],
        [
            0.15076600015163422,
            -0.06509359180927277,
            0.05523769557476044
        ],
        [
            0.15915800631046295,
            -0.05432900786399841,
            0.07855691760778427
        ],
        [
            0.1658676415681839,
            -0.05657948553562164,
            0.07566583156585693
        ],
        [
            0.1602618396282196,
            -0.048473089933395386,
            0.06442058086395264
        ],
        [
            0.15388400852680206,
            -0.048976555466651917,
            0.0693010613322258
        ],
        [
            0.12505576014518738,
            0.012495238333940506,
            0.0249895341694355
        ],
        [
            0.11925287544727325,
            0.02048172801733017,
            0.030177798122167587
        ],
        [
            0.1252996176481247,
            0.015001920983195305,
            0.04245571047067642
        ],
        [
            0.13177843391895294,
            0.010600937530398369,
            0.05410274863243103
        ],
        [
            0.1376328021287918,
            0.004801956936717033,
            0.0654340609908104
        ],
        [
            0.1452724039554596,
            -0.002663504332304001,
            0.05954922363162041
        ],
        [
            0.1200379878282547,
            0.020572831854224205,
            0.045096758753061295
        ],
        [
            0.14840823411941528,
            -0.0419887937605381,
            0.06314241886138916
        ],
        [
            0.1558782309293747,
            -0.04315371811389923,
            0.056028399616479874
        ],
        [
            0.15287995338439941,
            -0.03928099572658539,
            0.05892401933670044
        ],
        [
            0.10297713428735733,
            -0.00606180913746357,
            0.04624741151928902
        ],
        [
            0.15765061974525452,
            -0.07355719804763794,
            0.07021517306566238
        ],
        [
            0.11329363286495209,
            -0.0024526193737983704,
            -0.014741726219654083
        ],
        [
            0.11619152128696442,
            0.009485628455877304,
            -0.009043470025062561
        ],
        [
            0.11972661316394806,
            0.003559492528438568,
            -0.003683127462863922
        ],
        [
            0.11553750187158585,
            -0.010203856974840164,
            -0.009696956723928452
        ],
        [
            0.14934663474559784,
            -0.06764641404151917,
            0.07590273022651672
        ],
        [
            0.1519428789615631,
            -0.07227732986211777,
            0.0724286437034607
        ],
        [
            0.12981359660625458,
            -0.008304638788104057,
            0.08017505705356598
        ],
        [
            0.13576340675354004,
            -0.01122860237956047,
            0.08252927660942078
        ],
        [
            0.13882917165756226,
            -0.008517084643244743,
            0.08375515043735504
        ],
        [
            0.13295593857765198,
            -0.003496285993605852,
            0.08475984632968903
        ],
        [
            0.11505220830440521,
            0.024335775524377823,
            0.03180137649178505
        ],
        [
            0.12749500572681427,
            0.01720854826271534,
            0.07465386390686035
        ],
        [
            0.135019913315773,
            0.013933921232819557,
            0.07032813131809235
        ],
        [
            0.1140269935131073,
            0.024951612576842308,
            0.019132375717163086
        ],
        [
            0.11950182169675827,
            0.018401747569441795,
            0.014322809875011444
        ],
        [
            0.11522220075130463,
            0.02308385819196701,
            0.006946682929992676
        ],
        [
            0.15228204429149628,
            -0.016693968325853348,
            0.06104564666748047
        ],
        [
            0.12957802414894104,
            0.005342748016119003,
            0.023031260818243027
        ],
        [
            0.12272810935974121,
            0.01182183250784874,
            0.012058399617671967
        ],
        [
            0.11775951087474823,
            0.017104849219322205,
            0.003122963011264801
        ],
        [
            0.11453758925199509,
            0.0217081718146801,
            -0.0030650347471237183
        ],
        [
            0.11193671077489853,
            0.027728857472538948,
            0.001807086169719696
        ],
        [
            0.16769427061080933,
            -0.06180813908576965,
            0.07316993176937103
        ],
        [
            0.16650155186653137,
            -0.05918468162417412,
            0.08026998490095139
        ],
        [
            0.1094832792878151,
            0.03401213884353638,
            -0.004311896860599518
        ],
        [
            0.1119421198964119,
            0.026641007512807846,
            -0.009421415627002716
        ],
        [
            0.12528713047504425,
            0.0036100968718528748,
            0.008771132677793503
        ],
        [
            0.12666405737400055,
            -0.007074397057294846,
            0.004747111350297928
        ],
        [
            0.1316743940114975,
            -0.002374153584241867,
            0.019630908966064453
        ],
        [
            0.13403765857219696,
            -0.013295508921146393,
            0.016567766666412354
        ],
        [
            0.15773963928222656,
            -0.022141732275485992,
            0.053566090762615204
        ],
        [
            0.16240400075912476,
            -0.060360126197338104,
            0.09748058766126633
        ],
        [
            0.1626870185136795,
            -0.05784955620765686,
            0.08739489316940308
        ],
        [
            0.15685036778450012,
            -0.05824438855051994,
            0.08660911023616791
        ],
        [
            0.15860821306705475,
            -0.058686353266239166,
            0.09685398638248444
        ],
        [
            0.15961921215057373,
            -0.056635309010744095,
            0.08166572451591492
        ],
        [
            0.16702647507190704,
            -0.06095514073967934,
            0.08601857721805573
        ],
        [
            0.13181857764720917,
            -0.027513425797224045,
            0.011809036135673523
        ],
        [
            0.14118988811969757,
            -0.0433884859085083,
            0.06623943150043488
        ],
        [
            0.120357446372509,
            -0.023682571947574615,
            -0.0008891336619853973
        ],
        [
            0.13036780059337616,
            -0.044834673404693604,
            0.011653885245323181
        ],
        [
            0.11945804953575134,
            -0.042834579944610596,
            0.003771372139453888
        ],
        [
            0.10746513307094574,
            -0.021694526076316833,
            -0.012832403182983398
        ],
        [
            0.10724028199911118,
            -0.03760632127523422,
            -0.005867648869752884
        ],
        [
            0.10413765907287598,
            -0.00643007829785347,
            -0.022364232689142227
        ],
        [
            0.10685525834560394,
            -0.01281154528260231,
            -0.016953453421592712
        ],
        [
            0.10745646059513092,
            -0.051627032458782196,
            0.0033421702682971954
        ],
        [
            0.1518578678369522,
            -0.0716656893491745,
