{
    "pred_cam": [
        7.714948654174805,
        -0.08902136236429214,
        -0.07439043372869492
    ],
    "pred_mano_params": {
        "global_orient": [
            [
                [
                    0.41205212473869324,
                    -0.6423872113227844,
                    0.6461824178695679
                ],
                [
                    -0.7759403586387634,
                    -0.6191478371620178,
                    -0.12071645259857178
                ],
                [
                    0.4776292145252228,
                    -0.4516575336456299,
                    -0.753575325012207
                ]
            ]
        ],
        "hand_pose": [
            [
                [
                    0.7040361762046814,
                    -0.6658832430839539,
                    -0.24684514105319977
                ],
                [
                    0.6527949571609497,
                    0.7436732053756714,
                    -0.14425311982631683
                ],
                [
                    0.27962782979011536,
                    -0.05957983434200287,
                    0.9582580924034119
                ]
            ],
            [
                [
                    0.8664798736572266,
                    -0.414992094039917,
                    0.2774782180786133
                ],
                [
                    0.46165043115615845,
                    0.8776280283927917,
                    -0.12902681529521942
                ],
                [
                    -0.18997755646705627,
                    0.23989708721637726,
                    0.9520282745361328
                ]
            ],
            [
                [
                    0.6708378195762634,
                    -0.7321690917015076,
                    0.11791983246803284
                ],
                [
                    0.7263199687004089,
                    0.6165376901626587,
                    -0.30387601256370544
                ],
                [
                    0.1497865915298462,
                    0.2894990146160126,
                    0.9453858137130737
                ]
            ],
            [
                [
                    0.7741549015045166,
                    -0.6171678900718689,
                    -0.1406698375940323
                ],
                [
                    0.6232313513755798,
                    0.782036542892456,
                    -0.0012107245856896043
                ],
                [
                    0.11075618863105774,
                    -0.08673255890607834,
                    0.9900557994842529
                ]
            ],
            [
                [
                    0.6686156392097473,
                    -0.7205333709716797,
                    -0.1838064044713974
                ],
                [
                    0.7382121682167053,
                    0.6134425401687622,
                    0.280590683221817
                ],
                [
                    -0.08942028880119324,
                    -0.3232954144477844,
                    0.9420637488365173
                ]
            ],
            [
                [
                    0.7432935833930969,
                    -0.5982552766799927,
                    -0.29934149980545044
                ],
                [
                    0.6493024826049805,
                    0.7528810501098633,
                    0.10759396106004715
                ],
                [
                    0.16099987924098969,
                    -0.2743370831012726,
                    0.9480602741241455
                ]
            ],
            [
                [
                    0.5026431679725647,
                    -0.666522741317749,
                    0.5505428314208984
                ],
                [
                    0.5346091985702515,
                    0.7401196956634521,
                    0.4079410135746002
                ],
                [
                    -0.6793695092201233,
                    0.08927649259567261,
                    0.7283453345298767
                ]
            ],
            [
                [
                    0.8405189514160156,
                    -0.4648667871952057,
                    -0.2782565653324127
                ],
                [
                    0.5394890308380127,
                    0.7653434872627258,
                    0.3509999215602875
                ],
                [
                    0.04979362711310387,
                    -0.44513848423957825,
                    0.8940762281417847
                ]
            ],
            [
                [
                    0.7710285782814026,
                    -0.6229958534240723,
                    0.13187526166439056
                ],
                [
                    0.5768772959709167,
                    0.7710340619087219,
                    0.26966479420661926
                ],
                [
                    -0.26968035101890564,
                    -0.1318434178829193,
                    0.9538814425468445
                ]
            ],
            [
                [
                    0.7128173112869263,
                    -0.6824113726615906,
                    0.16188324987888336
                ],
                [
                    0.6814395189285278,
                    0.7284870743751526,
                    0.07033389061689377
                ],
                [
                    -0.1659264713525772,
                    0.06017841771245003,
                    0.9843002557754517
                ]
            ],
            [
                [
                    0.7286097407341003,
                    -0.6545259952545166,
                    -0.20180076360702515
                ],
                [
                    0.6641112565994263,
                    0.6030173897743225,
                    0.4419573247432709
                ],
                [
                    -0.16758319735527039,
                    -0.45603254437446594,
                    0.8740424513816833
                ]
            ],
            [
                [
                    0.7089760899543762,
                    -0.5353027582168579,
                    -0.4591338038444519
                ],
                [
                    0.6857330799102783,
                    0.6752999424934387,
                    0.2715512812137604
                ],
                [
                    0.16469089686870575,
                    -0.5073665976524353,
                    0.8458463549613953
                ]
            ],
            [
                [
                    0.9835110902786255,
                    -0.1807885318994522,
                    -0.004646455869078636
                ],
                [
                    0.05640884116292,
                    0.3310789465904236,
                    -0.9419155120849609
                ],
                [
                    0.17182588577270508,
                    0.9261221289634705,
                    0.3358178734779358
                ]
            ],
            [
                [
                    0.9256437420845032,
                    -0.34925544261932373,
                    -0.14561700820922852
                ],
                [
                    0.3576005697250366,
                    0.6815877556800842,
                    0.6384042501449585
                ],
                [
                    -0.1237153708934784,
                    -0.6430076360702515,
                    0.7558013796806335
                ]
            ],
            [
                [
                    0.9338101148605347,
                    0.35330483317375183,
                    0.056341804563999176
                ],
                [
                    -0.3568199872970581,
                    0.931175172328949,
                    0.07478213310241699
                ],
                [
                    -0.02604319341480732,
                    -0.08993618190288544,
                    0.9956070184707642
                ]
            ]
        ],
        "betas": [
            -0.018402814865112305,
            -0.039226680994033813,
            -0.10168465971946716,
            0.021509557962417603,
            0.08312603831291199,
            -0.036994569003582,
            0.048624247312545776,
            -0.008236512541770935,
            -0.013607010245323181,
            -0.03331515192985535
        ]
    },
    "pred_cam_t": [
        -0.08902136236429214,
        -0.07439043372869492,
        5.063222408294678
    ],
    "focal_length": [
        5000.0,
        5000.0
    ],
    "pred_keypoints_3d": [
        [
            0.09589626640081406,
            0.006402656435966492,
            0.006193675100803375
        ],
        [
            0.11259015649557114,
            0.03162839263677597,
            -0.017797453328967094
        ],
        [
            0.12283516675233841,
            0.06060105934739113,
            -0.020768236368894577
        ],
        [
            0.1262218952178955,
            0.08751886337995529,
            -0.022187355905771255
        ],
        [
            0.1300615519285202,
            0.11842586100101471,
            -0.04117070883512497
        ],
        [
            0.07620100677013397,
            0.07566280663013458,
            -0.04917794466018677
        ],
        [
            0.07268590480089188,
            0.10855166614055634,
            -0.047780923545360565
        ],
        [
            0.08306211233139038,
            0.1268969178199768,
            -0.04059060290455818
        ],
        [
            0.09826750308275223,
            0.13368621468544006,
            -0.021256037056446075
        ],
        [
            0.05559609830379486,
            0.081319160759449,
            -0.03586408495903015
        ],
        [
            0.051168203353881836,
            0.11258506774902344,
            -0.03254300728440285
        ],
        [
            0.06588028371334076,
            0.1262005716562271,
            -0.020615192130208015
        ],
        [
            0.08576361835002899,
            0.12717384099960327,
            -0.004224460572004318
        ],
        [
            0.047464147210121155,
            0.07560691237449646,
            -0.011043552309274673
        ],
        [
            0.04973266273736954,
            0.10431388020515442,
            -0.013437087647616863
        ],
        [
            0.06635879725217819,
            0.11733093112707138,
            -0.00032823067158460617
        ],
        [
            0.08390265703201294,
            0.11417686939239502,
            0.018466319888830185
        ],
        [
            0.04598062112927437,
            0.07128502428531647,
            0.010287433862686157
        ],
        [
            0.05029204860329628,
            0.09180395305156708,
            0.00739825377240777
        ],
        [
            0.06075802445411682,
            0.10516682267189026,
            0.01597406528890133
        ],
        [
            0.07534205913543701,
            0.10789549350738525,
            0.025690387934446335
        ]
    ],
    "pred_vertices": [
        [
            0.09676308929920197,
            0.05420379340648651,
            -0.021917566657066345
        ],
        [
            0.10098619014024734,
            0.046732641756534576,
            -0.01545640081167221
        ],
        [
            0.10452539473772049,
            0.05455007776618004,
            -0.017893418669700623
        ],
        [
            0.10082723945379257,
            0.06031730771064758,
            -0.02677834965288639
        ],
        [
            0.11709680408239365,
            0.04378022253513336,
            -0.002145908772945404
        ],
        [
            0.1272643655538559,
            0.0381685346364975,
            -0.005051109939813614
        ],
        [
            0.12940379977226257,
            0.05404253676533699,
            -0.008408356457948685
        ],
        [
            0.1209571585059166,
            0.056708063930273056,
            -0.003826253116130829
        ],
        [
            0.1033814400434494,
            0.0650496557354927,
            -0.030421283096075058
        ],
        [
            0.10775933414697647,
            0.06144801527261734,
            -0.019297871738672256
        ],
        [
            0.10480797290802002,
            0.06545381247997284,
            -0.03139619901776314
        ],
        [
            0.0960562601685524,
            0.06342272460460663,
            -0.046529099345207214
        ],
        [
            0.09718261659145355,
            0.06599138677120209,
            -0.04123729467391968
        ],
        [
            0.08915850520133972,
            0.06524868309497833,
            -0.05304579809308052
        ],
        [
            0.09413915127515793,
            0.05322922766208649,
            -0.049179840832948685
        ],
        [
            0.08126738667488098,
            0.060196273028850555,
            -0.055402372032403946
        ],
        [
            0.07113633304834366,
            0.03837200626730919,
            -0.03638423979282379
        ],
        [
            0.06347668170928955,
            0.03635304421186447,
            -0.025018438696861267
        ],
        [
            0.0552804060280323,
            0.05016614496707916,
            -0.031406961381435394
        ],
        [
            0.06430894881486893,
            0.05136999115347862,
            -0.04190077632665634
        ],
        [
            0.05062968656420708,
            0.04631182923913002,
            -0.011345661245286465
        ],
        [
            0.052655622363090515,
            0.04905438423156738,
            -0.022695191204547882
        ],
        [
            0.06002035737037659,
            0.03449859470129013,
            -0.016868598759174347
        ],
        [
            0.05802608281373978,
            0.032823044806718826,
            -0.006934808567166328
        ],
        [
            0.08981376886367798,
            0.046944960951805115,
            -0.009312530979514122
        ],
        [
            0.09446278214454651,
            0.039240069687366486,
            -0.0038194283843040466
        ],
        [
            0.09644937515258789,
            0.040755562484264374,
            -0.009557660669088364
        ],
        [
            0.09248541295528412,
            0.048399634659290314,
            -0.014227217063307762
        ],
        [
            0.1149037629365921,
            0.06803084909915924,
            -0.030452413484454155
        ],
        [
            0.11109006404876709,
            0.05451009050011635,
            -0.03904982656240463
        ],
        [
            0.10621000081300735,
            0.06032098829746246,
            -0.037260036915540695
        ],
        [
            0.11306565999984741,
            0.07046732306480408,
            -0.025659210979938507
        ],
        [
            0.10478334873914719,
            0.024282995611429214,
            0.019765742123126984
        ],
        [
            0.10737154632806778,
            0.011046893894672394,
            0.021002676337957382
        ],
        [
            0.1104082465171814,
            0.01047874242067337,
            0.015915747731924057
        ],
        [
            0.10699602961540222,
            0.022427119314670563,
            0.015465926378965378
        ],
        [
            0.12221589684486389,
            0.018119730055332184,
            -0.00017577409744262695
        ],
        [
            0.12062381207942963,
            0.008074857294559479,
            0.0011535808444023132
        ],
        [
            0.12327463924884796,
            -0.0013757869601249695,
            -0.007543832063674927
        ],
        [
            0.12480495125055313,
            0.008247792720794678,
            -0.01186893880367279
        ],
        [
            0.12454771995544434,
            0.028429687023162842,
            -0.002900194376707077
        ],
        [
            0.12917029857635498,
            0.02079925686120987,
            -0.012801717966794968
        ],
        [
            0.13186877965927124,
            0.03318129852414131,
            -0.014014456421136856
        ],
        [
            0.1331760734319687,
            0.051281433552503586,
            -0.016261113807559013
        ],
        [
            0.09863655269145966,
            0.010250791907310486,
            0.030372194945812225
        ],
        [
            0.09588813781738281,
            0.02007473260164261,
            0.031157031655311584
        ],
        [
            0.08431622385978699,
            0.10870762169361115,
            -0.04497331753373146
        ],
        [
            0.08176308870315552,
            0.10947251319885254,
            -0.03970568627119064
        ],
        [
            0.08194518834352493,
            0.10549607872962952,
            -0.04039080813527107
        ],
        [
            0.08407929539680481,
            0.10583477467298508,
            -0.04583287239074707
        ],
        [
            0.07851333916187286,
            0.008226655423641205,
            0.030194180086255074
        ],
        [
            0.07212592661380768,
            0.0031166523694992065,
            0.02429593726992607
        ],
        [
            0.07567781209945679,
            -0.0018213242292404175,
            0.028339438140392303
        ],
        [
            0.08293426781892776,
            0.0025052428245544434,
            0.03247607499361038
        ],
        [
            0.07275144755840302,
            0.01580996811389923,
            0.027132023125886917
        ],
        [
            0.06786447763442993,
            0.010312706232070923,
            0.018557021394371986
        ],
        [
            0.07725073397159576,
            0.11449773609638214,
            -0.05421409010887146
        ],
        [
            0.08179065585136414,
            0.11241335421800613,
            -0.05283566191792488
        ],
        [
            0.0795300304889679,
            0.1085883229970932,
            -0.054583627730607986
        ],
        [
            0.07460710406303406,
            0.10953932255506516,
            -0.05497325584292412
        ],
        [
            0.09639986604452133,
            0.06494767963886261,
            -0.034781284630298615
        ],
        [
            0.09309491515159607,
            0.06145831197500229,
            -0.027048442512750626
        ],
        [
            0.08677204698324203,
            0.0758424699306488,
            -0.042259007692337036
        ],
        [
            0.08777427673339844,
            0.07020627707242966,
            -0.036232054233551025
        ],
        [
            0.09177376329898834,
            0.06892742961645126,
            -0.04185774177312851
        ],
        [
            0.08958369493484497,
            0.07332131266593933,
            -0.04696912690997124
        ],
        [
            0.07668353617191315,
            0.06418612599372864,
            -0.016129031777381897
        ],
        [
            0.08222249150276184,
            0.05492064356803894,
            -0.011578362435102463
        ],
        [
            0.08484790474176407,
            0.05672500282526016,
            -0.017468862235546112
        ],
        [
            0.0802605077624321,
            0.06725706905126572,
            -0.02338886260986328
        ],
        [
            0.07725106924772263,
            0.054729558527469635,
            0.0017204228788614273
        ],
        [
            0.07187102735042572,
            0.06355524063110352,
            -0.004055550321936607
        ],
        [
            0.0696227177977562,
            0.06236127391457558,
            0.004170592874288559
        ],
        [
            0.0745353251695633,
            0.05691906809806824,
            0.007258476689457893
        ],
        [
            0.06420624256134033,
            0.07777457684278488,
            -0.01677522249519825
        ],
        [
            0.0609075203537941,
            0.08238709717988968,
            -0.020230069756507874
        ],
        [
            0.05988221988081932,
            0.0829080119729042,
            -0.01710621267557144
        ],
        [
            0.06279250234365463,
            0.07704898715019226,
            -0.013382784090936184
        ],
        [
            0.07874475419521332,
            -0.007420435547828674,
            0.03148120641708374
        ],
        [
            0.08733411133289337,
            -0.0032000914216041565,
            0.033722978085279465
        ],
        [
            0.047577932476997375,
            0.04525134712457657,
            0.010219799354672432
        ],
        [
            0.05234960466623306,
            0.04522363469004631,
            0.020403185859322548
        ],
        [
            0.04467790946364403,
            0.056675855070352554,
            0.01813737489283085
        ],
        [
            0.04108322411775589,
            0.053439557552337646,
            0.007510869763791561
        ],
        [
            0.07001114636659622,
            0.0001476779580116272,
            0.014569828286767006
        ],
        [
            0.07167242467403412,
            -0.005432918667793274,
            0.01985068805515766
        ],
        [
            0.07198257744312286,
            0.11632897704839706,
            -0.05176718533039093
        ],
        [
            0.06974268704652786,
            0.11058539152145386,
            -0.05174281820654869
        ],
        [
            0.12815140187740326,
            0.02614879608154297,
            -0.02551427111029625
        ],
        [
            0.13187263906002045,
            0.04851953312754631,
            -0.025610195472836494
        ],
        [
            0.12322591245174408,
            0.010534524917602539,
            -0.022540628910064697
        ],
        [
            0.11847320199012756,
            0.00047400593757629395,
            -0.019113842397928238
        ],
        [
            0.11725866794586182,
            -0.008069232106208801,
            -0.015665143728256226
        ],
        [
            0.08269248157739639,
            0.07304901629686356,
            -0.03311314061284065
        ],
        [
            0.09016163647174835,
            0.055867984890937805,
            -0.020152434706687927
        ],
        [
            0.08769005537033081,
            0.04630337283015251,
            -0.004576297476887703
        ],
        [
            0.07553572952747345,
            0.050618719309568405,
            0.023574428632855415
        ],
        [
            0.08129682391881943,
            0.04266608506441116,
            0.027485864236950874
        ],
        [
            0.08502349257469177,
            0.04612685739994049,
            0.01802781969308853
        ],
        [
            0.0787697285413742,
            0.05201113969087601,
            0.016289792954921722
        ],
        [
            0.05857256054878235,
            0.050610143691301346,
            0.025907767936587334
        ],
        [
            0.06461891531944275,
            0.05575144663453102,
            0.024049140512943268
        ],
        [
            0.059010639786720276,
            0.06237037479877472,
            0.021152453497052193
        ],
        [
            0.05194825679063797,
            0.05924980342388153,
            0.022874660789966583
        ],
        [
            0.12129966914653778,
            0.06653595715761185,
            -0.033977411687374115
        ],
        [
            0.11714907735586166,
            0.05000464990735054,
            -0.039490316063165665
        ],
        [
            0.08719856292009354,
            0.013574078679084778,
            0.03307853639125824
        ],
        [
            0.09187944233417511,
            0.007301822304725647,
            0.03294377028942108
        ],
        [
            0.0946839451789856,
            -0.0007159337401390076,
            0.03358110785484314
        ],
        [
            0.10071376711130142,
            0.03179371729493141,
            0.006933432072401047
        ],
        [
            0.10857807099819183,
            0.021160274744033813,
            0.012430474162101746
        ],
        [
            0.11052550375461578,
            0.02172451838850975,
            0.008484307676553726
        ],
        [
            0.10099124908447266,
            0.031296659260988235,
            0.002986207604408264
        ],
        [
            0.10518552362918854,
            0.039857301861047745,
            -0.006511222571134567
        ],
        [
            0.11377432942390442,
            0.03238718584179878,
            3.158301115036011e-05
        ],
        [
            0.10805147141218185,
            0.04979271814227104,
            -0.006959401071071625
        ],
        [
            0.11518047749996185,
            0.008271358907222748,
            0.00960918515920639
        ],
        [
            0.11432164907455444,
            0.001189008355140686,
            0.018116295337677002
        ],
        [
            0.11862903088331223,
            -0.00046581029891967773,
            0.010489780455827713
        ],
        [
            0.10798540711402893,
            0.0012161657214164734,
            0.025597702711820602
        ],
        [
            0.10119606554508209,
            0.0007293596863746643,
            0.03133871406316757
        ],
        [
            0.07198900729417801,
            -0.013167344033718109,
            0.02346489205956459
        ],
        [
            0.12121279537677765,
            -0.0018547922372817993,
            0.0027170442044734955
        ],
        [
            0.12410130351781845,
            0.06559491157531738,
            -0.007530238479375839
        ],
        [
            0.1268567144870758,
            0.07360297441482544,
            -0.010857900604605675
        ],
        [
            0.11965605616569519,
            0.07403013855218887,
            -0.011636829003691673
        ],
        [
            0.11645016819238663,
            0.06678877770900726,
            -0.009399009868502617
        ],
        [
            0.08310742676258087,
            0.0710187703371048,
            -0.05719032883644104
        ],
        [
            0.08847968280315399,
            0.07295769453048706,
            -0.052458781749010086
        ],
        [
            0.09326568990945816,
            0.06707689166069031,
            -0.04800992086529732
        ],
        [
            0.09736612439155579,
            0.033270325511693954,
            0.020519103854894638
        ],
        [
            0.09029658138751984,
            0.029375791549682617,
            0.03023315593600273
        ],
        [
            0.08178417384624481,
            0.07857608050107956,
            -0.03909095376729965
        ],
        [
            0.07283524423837662,
            0.10485988855361938,
            -0.05608013644814491
        ],
        [
            0.07863599807024002,
            0.10410021245479584,
            -0.055642273277044296
        ],
        [
            0.08040111511945724,
            0.08539044111967087,
            -0.05773850530385971
        ],
        [
            0.07348330318927765,
            0.08617307245731354,
            -0.05860113352537155
        ],
        [
            0.07298780977725983,
            0.08374296873807907,
            -0.03974800556898117
        ],
        [
            0.0800284668803215,
            0.08157828450202942,
            -0.039522092789411545
        ],
        [
            0.07855863869190216,
            0.08334793895483017,
            -0.03936411440372467
        ],
        [
            0.0727631002664566,
            0.0860920250415802,
            -0.037579234689474106
        ],
        [
            0.058309298008680344,
            0.0803154855966568,
            -0.008291111327707767
        ],
        [
            0.061019543558359146,
            0.07500100135803223,
            -0.005019770003855228
        ],
        [
            0.05961412563920021,
            0.06640306860208511,
            -0.044868066906929016
        ],
        [
            0.06615793704986572,
            0.06342382729053497,
            -0.05626770108938217
        ],
        [
            0.07258965820074081,
            0.05353529006242752,
            -0.051279615610837936
        ],
        [
            0.07409090548753738,
            0.06295613199472427,
            -0.009215794503688812
        ],
        [
            0.06875486671924591,
            0.07125861197710037,
            -0.012600707821547985
        ],
        [
            0.06699010729789734,
            0.07080717384815216,
            -0.008831871673464775
        ],
        [
            0.07873938977718353,
            0.07568047940731049,
            -0.03223444148898125
        ],
        [
            0.0763762965798378,
            0.08028437942266464,
            -0.03646007925271988
        ],
        [
            0.07391277700662613,
            0.0789433941245079,
            -0.032550301402807236
        ],
        [
            0.07630552351474762,
            0.07419668138027191,
            -0.027602490037679672
        ],
        [
            0.0589655265212059,
            0.033824801445007324,
            0.023021267727017403
        ],
        [
            0.06596594303846359,
            0.04032602533698082,
            0.029760058969259262
        ],
        [
            0.08437452465295792,
            0.11005149781703949,
            -0.04965239018201828
        ],
        [
            0.08311974257230759,
            0.10700356960296631,
            -0.05109382048249245
        ],
        [
            0.07961530238389969,
            0.053917787969112396,
            -0.004886729642748833
        ],
        [
            0.07985826581716537,
            0.04253251105546951,
            -0.04413387551903725
        ],
        [
            0.08569289743900299,
            0.04596177861094475,
            0.0005932711064815521
        ],
        [
            0.043091658502817154,
            0.06686772406101227,
            -0.0062019494362175465
        ],
        [
            0.046567559242248535,
            0.07201164960861206,
            -0.000959448516368866
        ],
        [
            0.04675905033946037,
            0.07784059643745422,
            -0.0030849045142531395
        ],
        [
            0.04288400709629059,
            0.07608841359615326,
            -0.00752206752076745
        ],
        [
            0.07124634087085724,
            0.10147786140441895,
            -0.036539241671562195
        ],
        [
            0.07700688391923904,
            0.1015586256980896,
            -0.03653566539287567
        ],
        [
            0.07714386284351349,
            0.10610967874526978,
            -0.036426056176424026
        ],
        [
            0.07137992233037949,
            0.10750371217727661,
            -0.03652048110961914
        ],
        [
            0.08478796482086182,
            0.08019041270017624,
            -0.042787566781044006
        ],
        [
            0.08775806427001953,
            0.07874451577663422,
            -0.04813283681869507
        ],
        [
            0.0862535759806633,
            0.0840286910533905,
            -0.047261543571949005
        ],
        [
            0.08271412551403046,
            0.08404819667339325,
            -0.042400896549224854
        ],
        [
            0.08603042364120483,
            0.07857566326856613,
            -0.05385418236255646
        ],
        [
            0.08498835563659668,
            0.08433826267719269,
            -0.05345982313156128
        ],
        [
            0.0660780519247055,
            0.10247675329446793,
            -0.04031538590788841
        ],
        [
            0.06447488069534302,
            0.10404270887374878,
            -0.047458648681640625
        ],
        [
            0.06377653032541275,
            0.08662987500429153,
            -0.04858384281396866
        ],
        [
            0.0665639340877533,
            0.0883541852235794,
            -0.04130718857049942
        ],
        [
            0.06393733620643616,
            0.019269756972789764,
            -0.0032449234277009964
        ],
        [
            0.06166964769363403,
            0.019850298762321472,
            0.007671140134334564
        ],
        [
            0.05550645291805267,
            0.03330448642373085,
            0.004261249676346779
        ],
        [
            0.048055652529001236,
            0.04606536403298378,
            0.0009560799226164818
        ],
        [
            0.04231458157300949,
            0.05849025398492813,
            -0.0028512654826045036
        ],
        [
            0.04339718446135521,
            0.05721535161137581,
            -0.014893474988639355
        ],
        [
            0.05512331798672676,
            0.032775960862636566,
            0.012475663796067238
        ],
        [
            0.06442975997924805,
            0.0798000693321228,
            -0.041837844997644424
        ],
        [
            0.06334433704614639,
            0.07524186372756958,
            -0.048688046634197235
        ],
        [
            0.060653090476989746,
            0.07456016540527344,
            -0.044190168380737305
        ],
        [
            0.08376747369766235,
            0.047194067388772964,
            0.007726171985268593
        ],
        [
            0.08288009464740753,
            0.10310976207256317,
            -0.0523611456155777
        ],
        [
            0.09545116126537323,
            -0.007282085716724396,
            -0.019441794604063034
        ],
        [
            0.08442972600460052,
            -0.008562453091144562,
            -0.011329222470521927
        ],
        [
            0.08339457213878632,
            -0.0009397342801094055,
            -0.01571846567094326
        ],
        [
            0.09658780694007874,
            0.0013275817036628723,
            -0.02451578713953495
        ],
        [
            0.08255889266729355,
            0.10165685415267944,
            -0.040638137608766556
        ],
        [
            0.08504600077867508,
            0.10211001336574554,
            -0.04641526937484741
        ],
        [
            0.0580422505736351,
            0.07599391788244247,
            0.0008671171963214874
        ],
        [
            0.05566933751106262,
            0.08062799274921417,
            -0.0031626978889107704
        ],
        [
            0.05236249044537544,
            0.08111906796693802,
            -0.0018619289621710777
        ],
        [
            0.05444224551320076,
            0.07861841470003128,
            0.004180337302386761
        ],
        [
            0.06189437210559845,
            0.01936022937297821,
            0.013633005321025848
        ],
        [
            0.04297931492328644,
            0.06633901596069336,
            0.01660195365548134
        ],
        [
            0.03921036049723625,
            0.062300704419612885,
            0.0072425613179802895
        ],
        [
            0.06705086678266525,
            0.008105933666229248,
            0.01019548624753952
        ],
        [
            0.0685686245560646,
            0.007144562900066376,
            0.000569518655538559
        ],
        [
            0.07162728160619736,
            -0.0015374571084976196,
            0.003851085901260376
        ],
        [
            0.047799210995435715,
            0.06458272784948349,
            -0.02754618413746357
        ],
        [
            0.06557636708021164,
            0.021086379885673523,
            -0.011596295982599258
        ],
        [
            0.07081891596317291,
            0.008414588868618011,
            -0.0066696833819150925
        ],
        [
            0.07458162307739258,
            -0.0019072666764259338,
            -0.003074636682868004
        ],
        [
            0.07643811404705048,
            -0.009516596794128418,
            -0.0001435317099094391
        ],
        [
            0.0731150284409523,
            -0.008275046944618225,
            0.007202457636594772
        ],
        [
            0.06769626587629318,
            0.10493896901607513,
            -0.05237974226474762
        ],
        [
            0.06559709459543228,
            0.11098787188529968,
            -0.04643132910132408
        ],
        [
            0.07335244119167328,
            -0.016699932515621185,
            0.010669615119695663
        ],
        [
            0.07765373587608337,
            -0.0174514502286911,
            0.0024623535573482513
        ],
        [
            0.07487847656011581,
            0.009634993970394135,
            -0.014891354367136955
        ],
        [
            0.08154859393835068,
            0.012014247477054596,
            -0.02448887750506401
        ],
        [
            0.06979743391275406,
            0.021978385746479034,
            -0.0192278865724802
        ],
        [
            0.07557559758424759,
            0.02511134371161461,
            -0.029052993282675743
        ],
        [
            0.04982408136129379,
            0.06035348027944565,
            -0.03739659860730171
        ],
        [
            0.073754221200943,
            0.127070814371109,
            -0.0395745150744915
        ],
        [
            0.06805555522441864,
            0.1164500042796135,
            -0.0406799390912056
        ],
        [
            0.07159494608640671,
            0.11364555358886719,
            -0.03697812184691429
        ],
        [
            0.0742446780204773,
            0.12465623021125793,
            -0.03576754406094551
        ],
        [
            0.06690432131290436,
            0.10926473140716553,
            -0.040009286254644394
        ],
        [
            0.06801124662160873,
            0.11697050929069519,
            -0.046437107026576996
        ],
        [
            0.08758239448070526,
            0.029993657022714615,
            -0.03840801864862442
        ],
        [
            0.07066214829683304,
            0.0833115205168724,
            -0.03627552092075348
        ],
        [
            0.0981244295835495,
            0.017352811992168427,
            -0.03347794711589813
        ],
        [
            0.09970413148403168,
            0.04149632900953293,
            -0.04583170264959335
        ],
        [
            0.10928196460008621,
            0.03345760330557823,
            -0.04066183790564537
        ],
        [
            0.11046376079320908,
            0.005024164915084839,
            -0.028005458414554596
        ],
        [
            0.11798247694969177,
            0.020858630537986755,
            -0.034026093780994415
        ],
        [
            0.10719600319862366,
            -0.011738762259483337,
            -0.018452156335115433
        ],
        [
            0.1070161908864975,
            -0.0036492347717285156,
            -0.02290792018175125
        ],
        [
            0.12402722984552383,
            0.038936797529459,
            -0.03508155420422554
        ],
        [
