{
    "pred_cam": [
        9.591949462890625,
        0.08186522126197815,
        0.0020145922899246216
    ],
    "pred_mano_params": {
        "global_orient": [
            [
                [
                    -0.031352296471595764,
                    0.9099936485290527,
                    -0.4134351313114166
                ],
                [
                    0.5732170343399048,
                    -0.3224850296974182,
                    -0.7532765865325928
                ],
                [
                    -0.8188035488128662,
                    -0.2606050372123718,
                    -0.5115132331848145
                ]
            ]
        ],
        "hand_pose": [
            [
                [
                    0.6050363779067993,
                    -0.7536709904670715,
                    -0.25673148036003113
                ],
                [
                    0.7851935029029846,
                    0.618228554725647,
                    0.03556160628795624
                ],
                [
                    0.13191697001457214,
                    -0.2230999618768692,
                    0.9658282995223999
                ]
            ],
            [
                [
                    0.9822000861167908,
                    -0.18503494560718536,
                    -0.03232639282941818
                ],
                [
                    0.16901525855064392,
                    0.9456813335418701,
                    -0.27770596742630005
                ],
                [
                    0.08195576816797256,
                    0.26729920506477356,
                    0.9601219892501831
                ]
            ],
            [
                [
                    0.8655927181243896,
                    -0.4989069104194641,
                    -0.04290826991200447
                ],
                [
                    0.46371734142303467,
                    0.8309715390205383,
                    -0.30733123421669006
                ],
                [
                    0.188985213637352,
                    0.24612638354301453,
                    0.9506347179412842
                ]
            ],
            [
                [
                    0.43957722187042236,
                    -0.8980236053466797,
                    -0.018037918955087662
                ],
                [
                    0.896700382232666,
                    0.43759065866470337,
                    0.06665502488613129
                ],
                [
                    -0.051964566111564636,
                    -0.045474641025066376,
                    0.9976129531860352
                ]
            ],
            [
                [
                    0.9716535210609436,
                    -0.01683654449880123,
                    -0.23580895364284515
                ],
                [
                    0.06880577653646469,
                    0.9744200110435486,
                    0.2139427661895752
                ],
                [
                    0.22617490589618683,
                    -0.22410331666469574,
                    0.9479570984840393
                ]
            ],
            [
                [
                    0.880336344242096,
                    -0.47121095657348633,
                    0.05448027327656746
                ],
                [
                    0.47232890129089355,
                    0.8813756704330444,
                    -0.009075534529983997
                ],
                [
                    -0.043741095811128616,
                    0.033722132444381714,
                    0.998473584651947
                ]
            ],
            [
                [
                    0.6803299188613892,
                    -0.1646691858768463,
                    0.714167594909668
                ],
                [
                    0.3899245262145996,
                    0.9064033627510071,
                    -0.16245567798614502
                ],
                [
                    -0.6205724477767944,
                    0.38899484276771545,
                    0.6808618903160095
                ]
            ],
            [
                [
                    0.9252990484237671,
                    -0.24087271094322205,
                    -0.29291975498199463
                ],
                [
                    0.3757004737854004,
                    0.6874761581420898,
                    0.6214705109596252
                ],
                [
                    0.051680054515600204,
                    -0.6850961446762085,
                    0.7266170382499695
                ]
            ],
            [
                [
                    0.559386670589447,
                    -0.8062986135482788,
                    0.19227387011051178
                ],
                [
                    0.7369348406791687,
                    0.5899516344070435,
                    0.3299759328365326
                ],
                [
                    -0.3794914186000824,
                    -0.04289078712463379,
                    0.9242005944252014
                ]
            ],
            [
                [
                    0.7666921615600586,
                    -0.5649116635322571,
                    0.30505409836769104
                ],
                [
                    0.6233246326446533,
                    0.7687909603118896,
                    -0.1429225504398346
                ],
                [
                    -0.15378423035144806,
                    0.29972532391548157,
                    0.9415493607521057
                ]
            ],
            [
                [
                    0.9094099998474121,
                    -0.3072132468223572,
                    -0.2803453207015991
                ],
                [
                    0.4010414481163025,
                    0.8263234496116638,
                    0.3954179584980011
                ],
                [
                    0.11017827689647675,
                    -0.47202712297439575,
                    0.8746720552444458
                ]
            ],
            [
                [
                    0.6140694618225098,
                    -0.7739962935447693,
                    0.1544295996427536
                ],
                [
                    0.720074474811554,
                    0.6295248866081238,
                    0.29187536239624023
                ],
                [
                    -0.32312771677970886,
                    -0.0680309385061264,
                    0.9439069628715515
                ]
            ],
            [
                [
                    0.8753325343132019,
                    0.451313853263855,
                    0.17351894080638885
                ],
                [
                    -0.40104642510414124,
                    0.8781313896179199,
                    -0.26085829734802246
                ],
                [
                    -0.2701013684272766,
                    0.158748596906662,
                    0.949654757976532
                ]
            ],
            [
                [
                    0.987920343875885,
                    -0.15466125309467316,
                    0.009657640941441059
                ],
                [
                    0.13522082567214966,
                    0.8908272385597229,
                    0.43375352025032043
                ],
                [
                    -0.07568814605474472,
                    -0.4272080361843109,
                    0.90097975730896
                ]
            ],
            [
                [
                    0.859288215637207,
                    -0.2586386501789093,
                    -0.44128212332725525
                ],
                [
                    -0.05941162630915642,
                    0.8064266443252563,
                    -0.5883421301841736
                ],
                [
                    0.5080296397209167,
                    0.5317727327346802,
                    0.6775867938995361
                ]
            ]
        ],
        "betas": [
            0.02695631980895996,
            -0.12271460890769958,
            -0.07794114947319031,
            0.08639451861381531,
            0.002249479293823242,
            0.05835513770580292,
            -0.015009701251983643,
            0.026592180132865906,
            0.011869177222251892,
            -0.1317320168018341
        ]
    },
    "pred_cam_t": [
        -0.08186522126197815,
        0.0020145922899246216,
        4.072425365447998
    ],
    "focal_length": [
        5000.0,
        5000.0
    ],
    "pred_keypoints_3d": [
        [
            0.09566371887922287,
            0.006384190171957016,
            0.006197823677212
        ],
        [
            0.07171313464641571,
            -0.02183970995247364,
            0.01673692651093006
        ],
        [
            0.0627804547548294,
            -0.050953615456819534,
            0.01222976204007864
        ],
        [
            0.056674063205718994,
            -0.0773221105337143,
            0.013621636666357517
        ],
        [
            0.046739209443330765,
            -0.10392764955759048,
            0.033997148275375366
        ],
        [
            0.08523929864168167,
            -0.05785958841443062,
            0.06917700171470642
        ],
        [
            0.06625959277153015,
            -0.0614478699862957,
            0.09591041505336761
        ],
        [
            0.049948085099458694,
            -0.0570063591003418,
            0.11029041558504105
        ],
        [
            0.03173454850912094,
            -0.04251694306731224,
            0.12147761881351471
        ],
        [
            0.09865064173936844,
            -0.04477604851126671,
            0.08583507686853409
        ],
        [
            0.07578622549772263,
            -0.0415910966694355,
            0.1074969545006752
        ],
        [
            0.05966109782457352,
            -0.032607607543468475,
            0.12162447720766068
        ],
        [
            0.03840549290180206,
            -0.021149715408682823,
            0.13039691746234894
        ],
        [
            0.10561472177505493,
            -0.019169259816408157,
            0.08779092878103256
        ],
        [
            0.0922928899526596,
            -0.028364624828100204,
            0.11166003346443176
        ],
        [
            0.07717443257570267,
            -0.0198660958558321,
            0.12935584783554077
        ],
        [
            0.05446089804172516,
            -0.010370666161179543,
            0.1308794468641281
        ],
        [
            0.10667148977518082,
            0.002527330070734024,
            0.08719480037689209
        ],
        [
            0.1022907942533493,
            -0.009318888187408447,
            0.10411542654037476
        ],
        [
            0.09045214205980301,
            -0.0085681714117527,
            0.11890489608049393
        ],
        [
            0.07457906007766724,
            -0.003137754276394844,
            0.11953382194042206
        ]
    ],
    "pred_vertices": [
        [
            0.07470957934856415,
            -0.030327580869197845,
            0.04236548766493797
        ],
        [
            0.07163605093955994,
            -0.02507825195789337,
            0.03492755442857742
        ],
        [
            0.06592784821987152,
            -0.03668845444917679,
            0.034600697457790375
        ],
        [
            0.0693497583270073,
            -0.03997929021716118,
            0.04248818755149841
        ],
        [
            0.05487596243619919,
            -0.02445821836590767,
            0.020605672150850296
        ],
        [
            0.0531364344060421,
            -0.02333686500787735,
            0.009013690054416656
        ],
        [
            0.05014988034963608,
            -0.04006333276629448,
            0.01143583096563816
        ],
        [
            0.05107322707772255,
            -0.040230076760053635,
            0.02064066380262375
        ],
        [
            0.06750701367855072,
            -0.05022202804684639,
            0.04057297855615616
        ],
        [
            0.06243927776813507,
            -0.046147435903549194,
            0.033961743116378784
        ],
        [
            0.07105299085378647,
            -0.05699852854013443,
            0.033835284411907196
        ],
        [
            0.07870819419622421,
            -0.05980989336967468,
            0.04197819530963898
        ],
        [
            0.07338942587375641,
            -0.05400916934013367,
            0.046774160116910934
        ],
        [
            0.08266495913267136,
            -0.06275996565818787,
            0.049788691103458405
        ],
        [
            0.08690925687551498,
            -0.05813346803188324,
            0.03406340256333351
        ],
        [
            0.09246200323104858,
            -0.06292490661144257,
            0.04990416392683983
        ],
        [
            0.10704968869686127,
            -0.038929060101509094,
            0.04102390632033348
        ],
        [
            0.11260378360748291,
            -0.02746521681547165,
            0.04464701563119888
        ],
        [
            0.11390509456396103,
            -0.035776082426309586,
            0.06028972566127777
        ],
        [
            0.10720417648553848,
            -0.04656766727566719,
            0.05548698082566261
        ],
        [
            0.11676672101020813,
            -0.01492355577647686,
            0.060664065182209015
        ],
        [
            0.11533626914024353,
            -0.026704519987106323,
            0.06118055433034897
        ],
        [
            0.11545674502849579,
            -0.0189799927175045,
            0.045611124485731125
        ],
        [
            0.11673710495233536,
            -0.008830411359667778,
            0.04613407701253891
        ],
        [
            0.08276135474443436,
            -0.01478571817278862,
            0.042232949286699295
        ],
        [
            0.08130213618278503,
            -0.007795177400112152,
            0.0347127765417099
        ],
        [
            0.07850506901741028,
            -0.013863231986761093,
            0.034894850105047226
        ],
        [
            0.0801762267947197,
            -0.020010486245155334,
            0.041598543524742126
        ],
        [
            0.07160720229148865,
            -0.061356086283922195,
            0.016856061294674873
        ],
        [
            0.07655826210975647,
            -0.05529112368822098,
            0.018238678574562073
        ],
        [
            0.07619423419237137,
            -0.05773526057600975,
            0.02629884146153927
        ],
        [
            0.06890039891004562,
            -0.06199745088815689,
            0.02163102850317955
        ],
        [
            0.07766613364219666,
            0.01645786315202713,
            0.018799789249897003
        ],
        [
            0.08164526522159576,
            0.019603393971920013,
            0.00628034770488739
        ],
        [
            0.0796474888920784,
            0.014639019966125488,
            0.003947734832763672
        ],
        [
            0.07680703699588776,
            0.012700490653514862,
            0.01621561497449875
        ],
        [
            0.06541796028614044,
            -0.004998072981834412,
            0.0011315196752548218
        ],
        [
            0.07336598634719849,
            0.00021293014287948608,
            -0.004522241652011871
        ],
        [
            0.07807177305221558,
            -0.007151227444410324,
            -0.016246110200881958
        ],
        [
            0.07399868965148926,
            -0.013647180050611496,
            -0.010775625705718994
        ],
        [
            0.058309949934482574,
            -0.012990958988666534,
            0.005638595670461655
        ],
        [
            0.06461557745933533,
            -0.018497459590435028,
            -0.005488678812980652
        ],
        [
            0.05877792835235596,
            -0.026023462414741516,
            -0.0003564469516277313
        ],
        [
            0.05547846481204033,
            -0.0404757559299469,
            0.0034649427980184555
        ],
        [
            0.0884523093700409,
            0.029465455561876297,
            0.010938242077827454
        ],
        [
            0.08609037101268768,
            0.02877863124012947,
            0.02076839655637741
        ],
        [
            0.05525149777531624,
            -0.060385510325431824,
            0.09220162034034729
        ],
        [
            0.05672001838684082,
            -0.05502136051654816,
            0.09416656196117401
        ],
        [
            0.059212297201156616,
            -0.05539849400520325,
            0.08918669819831848
        ],
        [
            0.05782821774482727,
            -0.060911670327186584,
            0.08843344449996948
        ],
        [
            0.10686168074607849,
            0.030597900971770287,
            0.01917722076177597
        ],
        [
            0.11562319844961166,
            0.02593037486076355,
            0.01734871417284012
        ],
        [
            0.11443967372179031,
            0.030568726360797882,
            0.011821292340755463
        ],
        [
            0.10551705956459045,
            0.03359083831310272,
            0.012357547879219055
        ],
        [
            0.10843443125486374,
            0.02655688486993313,
            0.028172209858894348
        ],
        [
            0.11641807854175568,
            0.019277509301900864,
            0.02495073527097702
        ],
        [
            0.06117767095565796,
            -0.06893263757228851,
            0.09935952723026276
        ],
        [
            0.057476915419101715,
            -0.06811381131410599,
            0.09587519615888596
        ],
        [
            0.06194363534450531,
            -0.06919235736131668,
            0.09255625307559967
        ],
        [
            0.06636662036180496,
            -0.06912456452846527,
            0.09557924419641495
        ],
        [
            0.07212719321250916,
            -0.04505719617009163,
            0.049533747136592865
        ],
        [
            0.07516482472419739,
            -0.035400353372097015,
            0.050333015620708466
        ],
        [
            0.07565386593341827,
            -0.0517163947224617,
            0.06391476839780807
        ],
        [
            0.07664309442043304,
            -0.044976845383644104,
            0.059845682233572006
        ],
        [
            0.07492468506097794,
            -0.05098423734307289,
            0.05553925409913063
        ],
        [
            0.07532618939876556,
            -0.056233588606119156,
            0.05978480353951454
        ],
        [
            0.08649884164333344,
            -0.023596806451678276,
            0.06279383599758148
        ],
        [
            0.08572691679000854,
            -0.017976151779294014,
            0.052570801228284836
        ],
        [
            0.08330240100622177,
            -0.024159327149391174,
            0.05211229249835014
        ],
        [
            0.08280889689922333,
            -0.03136192262172699,
            0.06275437027215958
        ],
        [
            0.08865194022655487,
            -0.004654331132769585,
            0.05650853365659714
        ],
        [
            0.08950400352478027,
            -0.011424984782934189,
            0.06624210625886917
        ],
        [
            0.09118382632732391,
            -0.0030838605016469955,
            0.06752201169729233
        ],
        [
            0.08937142044305801,
            0.0005592033267021179,
            0.060472797602415085
        ],
        [
            0.09141798317432404,
            -0.02563166245818138,
            0.08064921200275421
        ],
        [
            0.09251630306243896,
            -0.028926916420459747,
            0.08521140366792679
        ],
        [
            0.09181880950927734,
            -0.02562907338142395,
            0.08772259950637817
        ],
        [
            0.0921541228890419,
            -0.02190042845904827,
            0.0814458578824997
        ],
        [
            0.11407811939716339,
            0.034407854080200195,
            0.005859017372131348
        ],
        [
            0.10429144650697708,
            0.0355198010802269,
            0.005447611212730408
        ],
        [
            0.11747268587350845,
            0.0064529478549957275,
            0.06343512237071991
        ],
        [
            0.11226216703653336,
            0.01645009219646454,
            0.06273223459720612
        ],
        [
            0.11472103744745255,
            0.012681597843766212,
            0.0759468823671341
        ],
        [
            0.11965998262166977,
            0.002904936671257019,
            0.07296359539031982
        ],
        [
            0.12005051970481873,
            0.01689058169722557,
            0.014743499457836151
        ],
        [
            0.1207084134221077,
            0.02295040711760521,
            0.009747333824634552
        ],
        [
            0.06518660485744476,
            -0.06608390808105469,
            0.10321163386106491
        ],
        [
            0.06986087560653687,
            -0.06548450887203217,
            0.09886336326599121
        ],
        [
            0.07065386325120926,
            -0.029017478227615356,
            -0.00440041720867157
        ],
        [
            0.06377285718917847,
            -0.042092323303222656,
            0.00013297051191329956
        ],
        [
            0.0781250149011612,
            -0.02122301235795021,
            -0.009089954197406769
        ],
        [
            0.08446010202169418,
            -0.01618734374642372,
            -0.013359412550926208
        ],
        [
            0.08795922249555588,
            -0.012484647333621979,
            -0.019806228578090668
        ],
        [
            0.07916484773159027,
            -0.04188651591539383,
            0.0652635246515274
        ],
        [
            0.07944804430007935,
            -0.027083072811365128,
            0.0482514463365078
        ],
        [
            0.0844435840845108,
            -0.010004479438066483,
            0.04322967305779457
        ],
        [
            0.08964759111404419,
            0.017432725057005882,
            0.05637645721435547
        ],
        [
            0.08807233721017838,
            0.022277332842350006,
            0.04696516692638397
        ],
        [
            0.0843886211514473,
            0.012266729027032852,
            0.04700141027569771
        ],
        [
            0.08712182193994522,
            0.00992976501584053,
            0.05511061102151871
        ],
        [
            0.10385351628065109,
            0.020577020943164825,
            0.06516601145267487
        ],
        [
            0.09645615518093109,
            0.0175082515925169,
            0.06667454540729523
        ],
        [
            0.09906189143657684,
            0.01374829187989235,
            0.07587378472089767
        ],
        [
            0.10657946020364761,
            0.016426697373390198,
            0.07612153887748718
        ],
        [
            0.07073991745710373,
            -0.06108082830905914,
            0.00911765918135643
        ],
        [
            0.07555638998746872,
            -0.05254729092121124,
            0.010810472071170807
        ],
        [
            0.09641509503126144,
            0.03216266632080078,
            0.019728511571884155
        ],
        [
            0.09540941566228867,
            0.032809145748615265,
            0.012042582035064697
        ],
        [
            0.0967225506901741,
            0.03460744395852089,
            0.0039061084389686584
        ],
        [
            0.07798928022384644,
            0.003707144409418106,
            0.026882700622081757
        ],
        [
            0.0758361965417862,
            0.010124579071998596,
            0.014555618166923523
        ],
        [
            0.07291759550571442,
            0.006056938320398331,
            0.01410074532032013
        ],
        [
            0.07712966203689575,
            0.000374428927898407,
            0.026834450662136078
        ],
        [
            0.06590992212295532,
            -0.017741341143846512,
            0.029167301952838898
        ],
        [
            0.0618910975754261,
            -0.009347386658191681,
            0.01842055842280388
        ],
        [
            0.05984487757086754,
            -0.031559158116579056,
            0.02976691909134388
        ],
        [
            0.0767488181591034,
            0.008859910070896149,
            -0.0006931275129318237
        ],
        [
            0.08040830492973328,
            0.018144622445106506,
            -0.005793087184429169
        ],
        [
            0.07826385647058487,
            0.010800369083881378,
            -0.010254375636577606
        ],
        [
            0.08514803647994995,
            0.02577507123351097,
            -0.001843675971031189
        ],
        [
            0.09065087884664536,
            0.031857289373874664,
            0.0016899332404136658
        ],
        [
            0.12370049953460693,
            0.027739964425563812,
            0.00335124135017395
        ],
        [
            0.07803963124752045,
            0.0031317174434661865,
            -0.013850875198841095
        ],
        [
            0.0509989969432354,
            -0.050396427512168884,
            0.019506052136421204
        ],
        [
            0.05126043036580086,
            -0.05877891927957535,
            0.01731686480343342
        ],
        [
            0.05667414516210556,
            -0.060030218213796616,
            0.022838301956653595
        ],
        [
            0.05665895715355873,
            -0.05245586857199669,
            0.025548944249749184
        ],
        [
            0.08423783630132675,
            -0.06595338135957718,
            0.059162236750125885
        ],
        [
            0.07758870720863342,
            -0.06198588386178017,
            0.05876696854829788
        ],
        [
            0.07642780244350433,
            -0.05811509117484093,
            0.05086228996515274
        ],
        [
            0.07971543073654175,
            0.016132593154907227,
            0.030071750283241272
        ],
        [
            0.08651868999004364,
            0.026651505380868912,
            0.03136549890041351
        ],
        [
            0.07761690765619278,
            -0.04865352064371109,
            0.06888687610626221
        ],
        [
            0.07126680761575699,
            -0.06910957396030426,
            0.0923871174454689
        ],
        [
            0.06663578748703003,
            -0.06960710883140564,
            0.08862736821174622
        ],
        [
            0.07794731855392456,
            -0.06835345923900604,
            0.07240976393222809
        ],
        [
            0.0828896015882492,
            -0.06822115927934647,
            0.07734672725200653
        ],
        [
            0.08116844296455383,
            -0.04891538247466087,
            0.07678964734077454
        ],
        [
            0.07664703577756882,
            -0.049701571464538574,
            0.07113979756832123
        ],
        [
            0.07630442082881927,
            -0.04972698539495468,
            0.07303845137357712
        ],
        [
            0.07856592535972595,
            -0.047486837953329086,
            0.0788639485836029
        ],
        [
            0.09453864395618439,
            -0.01692936196923256,
            0.08782877027988434
        ],
        [
            0.0943295881152153,
            -0.013367398642003536,
            0.08216898143291473
        ],
        [
            0.1035659983754158,
            -0.051336102187633514,
            0.07072094082832336
        ],
        [
            0.10149257630109787,
            -0.06233690679073334,
            0.0635368674993515
        ],
        [
            0.10164840519428253,
            -0.05658823996782303,
            0.05057181045413017
        ],
        [
            0.0884944498538971,
            -0.01649448461830616,
            0.06390222907066345
        ],
        [
            0.08955389261245728,
            -0.02082267962396145,
            0.07334937155246735
        ],
        [
            0.09080886840820312,
            -0.016933351755142212,
            0.07447730004787445
        ],
        [
            0.08106744289398193,
            -0.04114612191915512,
            0.06948982924222946
        ],
        [
            0.0808524638414383,
            -0.045746564865112305,
            0.07350383698940277
        ],
        [
            0.08392974734306335,
            -0.04155360907316208,
            0.07438057661056519
        ],
        [
            0.0834052786231041,
            -0.036342207342386246,
            0.0700898990035057
        ],
        [
            0.1117687076330185,
            0.02035589888691902,
            0.049922648817300797
        ],
        [
            0.10189828276634216,
            0.025615109130740166,
            0.0528717078268528
        ],
        [
            0.05545910447835922,
            -0.06506765633821487,
            0.09307246655225754
        ],
        [
            0.059011541306972504,
            -0.06603474915027618,
            0.08959829807281494
        ],
        [
            0.08770614117383957,
            -0.011122258380055428,
            0.05383136123418808
        ],
        [
            0.10032480210065842,
            -0.04728923365473747,
            0.03782949224114418
        ],
        [
            0.08583706617355347,
            -0.004802100360393524,
            0.044499997049570084
        ],
        [
            0.11372227966785431,
            -0.013568674214184284,
            0.08277107775211334
        ],
        [
            0.10922252386808395,
            -0.009719651192426682,
            0.08661949634552002
        ],
        [
            0.1064387783408165,
            -0.013174263760447502,
            0.091722272336483
        ],
        [
            0.11038070917129517,
            -0.017407946288585663,
            0.0907716229557991
        ],
        [
            0.07005582749843597,
            -0.049420446157455444,
            0.09186606854200363
        ],
        [
            0.06538397073745728,
            -0.05051068961620331,
            0.08844663947820663
        ],
        [
            0.06231755018234253,
            -0.05089230462908745,
            0.09217598289251328
        ],
        [
            0.06662619113922119,
            -0.050092197954654694,
            0.09586144983768463
        ],
        [
            0.07451134920120239,
            -0.05327947065234184,
            0.06699377298355103
        ],
        [
            0.07408155500888824,
            -0.058456242084503174,
            0.0640215054154396
        ],
        [
            0.07182777673006058,
            -0.05880691111087799,
            0.06824573129415512
        ],
        [
            0.07337579131126404,
            -0.05347594618797302,
            0.07076723873615265
        ],
        [
            0.07671067863702774,
            -0.06402996182441711,
            0.06403782963752747
        ],
        [
            0.0740988627076149,
            -0.06473992764949799,
            0.06892227381467819
        ],
        [
            0.07459606230258942,
            -0.05264374241232872,
            0.09523539990186691
        ],
        [
            0.0768912136554718,
            -0.05960780754685402,
            0.09685742855072021
        ],
        [
            0.08778958022594452,
            -0.05720486864447594,
            0.08433248847723007
        ],
        [
            0.08266320824623108,
            -0.05071539431810379,
            0.08435679227113724
        ],
        [
            0.117921382188797,
            -0.0033980943262577057,
            0.03208330273628235
        ],
        [
            0.11828973889350891,
            0.007370028644800186,
            0.03491386026144028
        ],
        [
            0.11730077862739563,
            0.002254929393529892,
            0.04895041882991791
        ],
        [
            0.11781588941812515,
            -0.002607220783829689,
            0.06283940374851227
        ],
        [
            0.117213673889637,
            -0.008146341890096664,
            0.07585642486810684
        ],
        [
            0.11793012917041779,
            -0.020011119544506073,
            0.07305482029914856
        ],
        [
            0.11691182106733322,
            0.010372711345553398,
            0.04962129890918732
        ],
        [
            0.09151442348957062,
            -0.04875781014561653,
            0.07741919159889221
        ],
        [
            0.09544730931520462,
            -0.05566205829381943,
            0.07558243721723557
        ],
        [
            0.09739718586206436,
            -0.05106320232152939,
            0.07585383951663971
        ],
        [
            0.08613939583301544,
            0.0020746365189552307,
            0.04733898118138313
        ],
        [
            0.06334803998470306,
            -0.06693588942289352,
            0.08551004528999329
        ],
        [
            0.10619784891605377,
            -0.015362158417701721,
            -0.008287966251373291
        ],
        [
            0.1149243488907814,
            -0.00761597603559494,
            -0.002890460193157196
        ],
        [
            0.11270708590745926,
            -0.012921798974275589,
            0.003752961754798889
        ],
        [
            0.10246000438928604,
            -0.020670194178819656,
            -0.001979239284992218
        ],
        [
            0.061967913061380386,
            -0.055315401405096054,
            0.08491465449333191
        ],
        [
            0.06092344969511032,
            -0.06139368191361427,
            0.08365495502948761
        ],
        [
            0.09689654409885406,
            -0.008050469681620598,
            0.08583838492631912
        ],
        [
            0.09721433371305466,
            -0.01264638639986515,
            0.0902659147977829
        ],
        [
            0.10012509673833847,
            -0.012055664323270321,
            0.09259073436260223
        ],
        [
            0.09988240152597427,
            -0.006016941741108894,
            0.09095077216625214
        ],
        [
            0.11763576418161392,
            0.013268968090415001,
            0.03503575176000595
        ],
        [
            0.1152137964963913,
            0.007728869095444679,
            0.0841958150267601
        ],
        [
            0.11950031667947769,
            0.000518040731549263,
            0.08081507682800293
        ],
        [
            0.11920284479856491,
            0.011445824056863785,
            0.022513389587402344
        ],
        [
            0.1195005252957344,
            0.0020371749997138977,
            0.019859403371810913
        ],
        [
            0.12075356394052505,
            0.006517276167869568,
            0.011277325451374054
        ],
        [
            0.11222685873508453,
            -0.03370799496769905,
            0.07670567184686661
        ],
        [
            0.1166190579533577,
            -0.011971302330493927,
            0.0319378525018692
        ],
        [
            0.11775582283735275,
            -0.005364470183849335,
            0.0190272256731987
        ],
        [
            0.1191716268658638,
            -0.0003558062016963959,
            0.00872012972831726
        ],
        [
            0.1209651380777359,
            0.0036641396582126617,
            0.0015775412321090698
        ],
        [
            0.1223725974559784,
            0.010847330093383789,
            0.005133733153343201
        ],
        [
            0.07473680377006531,
            -0.06482690572738647,
            0.09546109288930893
        ],
        [
            0.07199396938085556,
            -0.05969218537211418,
            0.10107652842998505
        ],
        [
            0.12581801414489746,
            0.015631631016731262,
            -0.0018370449542999268
        ],
        [
            0.12344934791326523,
            0.007479898631572723,
            -0.005573771893978119
        ],
        [
            0.11462069302797318,
            -0.01378403976559639,
            0.01712862402200699
        ],
        [
            0.10958529263734818,
            -0.022788017988204956,
            0.01473187655210495
        ],
        [
            0.11348626762628555,
            -0.01976039446890354,
            0.029765482991933823
        ],
        [
            0.10860023647546768,
            -0.02971535548567772,
            0.028364669531583786
        ],
        [
            0.11434692144393921,
            -0.04346578195691109,
            0.0720883384346962
        ],
        [
            0.058467186987400055,
            -0.05562666058540344,
            0.11368755996227264
        ],
        [
            0.06678156554698944,
            -0.054944515228271484,
            0.105403371155262
        ],
        [
            0.06406034529209137,
            -0.05124742165207863,
            0.10182090103626251
        ],
        [
            0.058203116059303284,
            -0.051726192235946655,
            0.11160766333341599
        ],
        [
            0.07039009779691696,
            -0.053197722882032394,
            0.09921674430370331
        ],
        [
            0.06756119430065155,
            -0.060503896325826645,
            0.10571663081645966
        ],
        [
            0.09948398172855377,
            -0.03880404680967331,
            0.02404700219631195
        ],
        [
            0.08487576991319656,
            -0.044598039239645004,
            0.07774672657251358
        ],
        [
            0.09702660143375397,
            -0.030323680490255356,
            0.008727669715881348
        ],
        [
            0.08877836912870407,
            -0.050767723470926285,
            0.021479003131389618
        ],
        [
            0.0851208046078682,
            -0.043048225343227386,
            0.010326117277145386
        ],
        [
            0.09215416014194489,
            -0.023375555872917175,
            -0.006653308868408203
        ],
        [
            0.08319149166345596,
            -0.032543398439884186,
            -0.002044055610895157
        ],
        [
            0.09856341034173965,
            -0.014233481138944626,
            -0.018122807145118713
        ],
        [
            0.09635857492685318,
            -0.01867184415459633,
            -0.011487863957881927
        ],
        [
            0.07494246959686279,
            -0.04146838188171387,
            0.0010275281965732574
        ],
        [
            0.04956797510385513,
