{
    "pred_cam": [
        7.677007675170898,
        -0.09306568652391434,
        -0.07514578104019165
    ],
    "pred_mano_params": {
        "global_orient": [
            [
                [
                    0.40311530232429504,
                    -0.639748752117157,
                    0.6543848514556885
                ],
                [
                    -0.7838422656059265,
                    -0.6104233264923096,
                    -0.11390651762485504
                ],
                [
                    0.4723232686519623,
                    -0.4670170247554779,
                    -0.7475330829620361
                ]
            ]
        ],
        "hand_pose": [
            [
                [
                    0.7100761532783508,
                    -0.6593737006187439,
                    -0.2470184564590454
                ],
                [
                    0.6438398361206055,
                    0.7500441074371338,
                    -0.15134097635746002
                ],
                [
                    0.2850649952888489,
                    -0.05157669633626938,
                    0.9571194648742676
                ]
            ],
            [
                [
                    0.8703966736793518,
                    -0.41307440400123596,
                    0.2679164707660675
                ],
                [
                    0.4549371302127838,
                    0.882825493812561,
                    -0.11683909595012665
                ],
                [
                    -0.1882602572441101,
                    0.2235814929008484,
                    0.9563312530517578
                ]
            ],
            [
                [
                    0.655316174030304,
                    -0.7457482218742371,
                    0.12008468806743622
                ],
                [
                    0.7393338084220886,
                    0.600690484046936,
                    -0.30423104763031006
                ],
                [
                    0.15474604070186615,
                    0.2881501615047455,
                    0.9449990391731262
                ]
            ],
            [
                [
                    0.7692663669586182,
                    -0.6236411929130554,
                    -0.13892827928066254
                ],
                [
                    0.6288522481918335,
                    0.777483344078064,
                    -0.008031299337744713
                ],
                [
                    0.1130230724811554,
                    -0.08118715137243271,
                    0.9902699589729309
                ]
            ],
            [
                [
                    0.7037175297737122,
                    -0.687479555606842,
                    -0.17931373417377472
                ],
                [
                    0.7059400081634521,
                    0.6480994820594788,
                    0.28568464517593384
                ],
                [
                    -0.08018922805786133,
                    -0.3276260495185852,
                    0.9413982629776001
                ]
            ],
            [
                [
                    0.7434754967689514,
                    -0.5945010781288147,
                    -0.30628859996795654
                ],
                [
                    0.6493609547615051,
                    0.7512616515159607,
                    0.1180521696805954
                ],
                [
                    0.15992075204849243,
                    -0.28666073083877563,
                    0.9445903897285461
                ]
            ],
            [
                [
                    0.497588574886322,
                    -0.6677547097206116,
                    0.553632915019989
                ],
                [
                    0.5405983328819275,
                    0.7378733158111572,
                    0.40409964323043823
                ],
                [
                    -0.6783503293991089,
                    0.0982176810503006,
                    0.7281444072723389
                ]
            ],
            [
                [
                    0.8481295108795166,
                    -0.4511546194553375,
                    -0.27773338556289673
                ],
                [
                    0.5268990993499756,
                    0.772986114025116,
                    0.35336920619010925
                ],
                [
                    0.055259909480810165,
                    -0.4460403323173523,
                    0.8933053016662598
                ]
            ],
            [
                [
                    0.7758551836013794,
                    -0.6182828545570374,
                    0.12559865415096283
                ],
                [
                    0.572948694229126,
                    0.7738248109817505,
                    0.2700461745262146
                ],
                [
                    -0.2641562819480896,
                    -0.13755513727664948,
                    0.954620361328125
                ]
            ],
            [
                [
                    0.724395215511322,
                    -0.6689566969871521,
                    0.16657878458499908
                ],
                [
                    0.6694718599319458,
                    0.7402822971343994,
                    0.06155949831008911
                ],
                [
                    -0.16449594497680664,
                    0.06692640483379364,
                    0.9841046333312988
                ]
            ],
            [
                [
                    0.7365070581436157,
                    -0.6434121131896973,
                    -0.20875389873981476
                ],
                [
                    0.6592270731925964,
                    0.613583505153656,
                    0.4346664249897003
                ],
                [
                    -0.15158171951770782,
                    -0.4577511250972748,
                    0.8760632872581482
                ]
            ],
            [
                [
                    0.7035169005393982,
                    -0.5342649221420288,
                    -0.46864140033721924
                ],
                [
                    0.690907895565033,
                    0.6686273217201233,
                    0.27492502331733704
                ],
                [
                    0.16646361351013184,
                    -0.5172024965286255,
                    0.8395184874534607
                ]
            ],
            [
                [
                    0.9822754859924316,
                    -0.18526731431484222,
                    -0.0284743532538414
                ],
                [
                    0.03773096948862076,
                    0.3442310690879822,
                    -0.9381265044212341
                ],
                [
                    0.18360590934753418,
                    0.9204244017601013,
                    0.34512004256248474
                ]
            ],
            [
                [
                    0.9260823130607605,
                    -0.3508850038051605,
                    -0.13874830305576324
                ],
                [
                    0.3543919324874878,
                    0.6826314330101013,
                    0.6390780210494995
                ],
                [
                    -0.1295289844274521,
                    -0.6410102248191833,
                    0.7565237283706665
                ]
            ],
            [
                [
                    0.9319667220115662,
                    0.3536038100719452,
                    0.08001510053873062
                ],
                [
                    -0.3590320646762848,
                    0.9308249354362488,
                    0.06827138364315033
                ],
                [
                    -0.050339024513959885,
                    -0.09235464036464691,
                    0.994452953338623
                ]
            ]
        ],
        "betas": [
            -0.02318832278251648,
            -0.03081706166267395,
            -0.09945729374885559,
            0.02609989047050476,
            0.08498555421829224,
            -0.023554738610982895,
            0.042235344648361206,
            0.002876266837120056,
            -0.005775585770606995,
            -0.04017162322998047
        ]
    },
    "pred_cam_t": [
        -0.09306568652391434,
        -0.07514578104019165,
        5.088245391845703
    ],
    "focal_length": [
        5000.0,
        5000.0
    ],
    "pred_keypoints_3d": [
        [
            0.09591397643089294,
            0.006404309067875147,
            0.006192936562001705
        ],
        [
            0.11299771070480347,
            0.031869009137153625,
            -0.01729147508740425
        ],
        [
            0.12288105487823486,
            0.06097680702805519,
            -0.02023746818304062
        ],
        [
            0.1261124610900879,
            0.0879194438457489,
            -0.021602030843496323
        ],
        [
            0.13054519891738892,
            0.1186201199889183,
            -0.040855877101421356
        ],
        [
            0.07716149091720581,
            0.07647675275802612,
            -0.048535123467445374
        ],
        [
            0.07340975850820541,
            0.10932934284210205,
            -0.046859510242938995
        ],
        [
            0.08340095728635788,
            0.1277579367160797,
            -0.03934159502387047
        ],
        [
            0.09829676151275635,
            0.134046271443367,
            -0.019615385681390762
        ],
        [
            0.0564202219247818,
            0.08205156773328781,
            -0.035379230976104736
        ],
        [
            0.05219299718737602,
            0.11328697949647903,
            -0.03151915222406387
        ],
        [
            0.06614764779806137,
            0.12742064893245697,
            -0.019290335476398468
        ],
        [
            0.08564296364784241,
            0.12904760241508484,
            -0.002468753606081009
        ],
        [
            0.047973066568374634,
            0.07605059444904327,
            -0.010718836449086666
        ],
        [
            0.049992214888334274,
            0.10478636622428894,
            -0.01303019281476736
        ],
        [
            0.06593231111764908,
            0.11821866780519485,
            0.0005021998658776283
        ],
        [
            0.08302552998065948,
            0.11523114889860153,
            0.019740888848900795
        ],
        [
            0.046221163123846054,
            0.07145686447620392,
            0.010546698234975338
        ],
        [
            0.05070573091506958,
            0.09199196100234985,
            0.008044956251978874
        ],
        [
            0.06098734587430954,
            0.10533653199672699,
            0.016869988292455673
        ],
        [
            0.07542969286441803,
            0.10816198587417603,
            0.026838183403015137
        ]
    ],
    "pred_vertices": [
        [
            0.09723827987909317,
            0.054498590528964996,
            -0.021267686039209366
        ],
        [
            0.10136545449495316,
            0.046875763684511185,
            -0.014794699847698212
        ],
        [
            0.10485359281301498,
            0.05473214387893677,
            -0.017180025577545166
        ],
        [
            0.10131847858428955,
            0.060641780495643616,
            -0.02602977305650711
        ],
        [
            0.11747746914625168,
            0.04397863522171974,
            -0.001587260514497757
        ],
        [
            0.12768219411373138,
            0.03845824673771858,
            -0.004536665976047516
        ],
        [
            0.1296325922012329,
            0.054416555911302567,
            -0.007899146527051926
        ],
        [
            0.12115731835365295,
            0.056990209966897964,
            -0.0032827183604240417
        ],
        [
            0.10382919013500214,
            0.06542899459600449,
            -0.02965552732348442
        ],
        [
            0.10802881419658661,
            0.06168954074382782,
            -0.018577950075268745
        ],
        [
            0.105128712952137,
            0.0658673346042633,
            -0.030717965215444565
        ],
        [
            0.09670767188072205,
            0.06403929740190506,
            -0.045869097113609314
        ],
        [
            0.09786419570446014,
            0.06656131148338318,
            -0.04049641266465187
        ],
        [
            0.09000087529420853,
            0.06600616127252579,
            -0.05240818113088608
        ],
        [
            0.09476911276578903,
            0.05387769639492035,
            -0.048675138503313065
        ],
        [
            0.08213473856449127,
            0.06099630147218704,
            -0.05491867661476135
        ],
        [
            0.07176624238491058,
            0.03901297226548195,
            -0.03629148006439209
        ],
        [
            0.06397853791713715,
            0.036896221339702606,
            -0.025034863501787186
        ],
        [
            0.05591830983757973,
            0.05083126202225685,
            -0.03134655952453613
        ],
        [
            0.06506600230932236,
            0.05212234705686569,
            -0.041725728660821915
        ],
        [
            0.05103006958961487,
            0.0467272512614727,
            -0.01136718224734068
        ],
        [
            0.053197093307971954,
            0.04960953816771507,
            -0.022665049880743027
        ],
        [
            0.060417890548706055,
            0.03495149686932564,
            -0.0169437974691391
        ],
        [
            0.05829793959856033,
            0.03315546363592148,
            -0.0070523228496313095
        ],
        [
            0.09017129242420197,
            0.04716698080301285,
            -0.008858982473611832
        ],
        [
            0.09473173320293427,
            0.03934182971715927,
            -0.003375120460987091
        ],
        [
            0.09678846597671509,
            0.040873944759368896,
            -0.009024344384670258
        ],
        [
            0.0928947851061821,
            0.04864845052361488,
            -0.013707270845770836
        ],
        [
            0.11495286971330643,
            0.06842339038848877,
            -0.02987961657345295
        ],
        [
            0.11140156537294388,
            0.054996248334646225,
            -0.038501761853694916
        ],
        [
            0.10652685910463333,
            0.060782596468925476,
            -0.03665948659181595
        ],
        [
            0.11311234533786774,
            0.07083740085363388,
            -0.02506197988986969
        ],
        [
            0.10471995919942856,
            0.024083275347948074,
            0.02010311372578144
        ],
        [
            0.10723532736301422,
            0.010818883776664734,
            0.021200451999902725
        ],
        [
            0.11033912003040314,
            0.010304570198059082,
            0.016145583242177963
        ],
        [
            0.10699139535427094,
            0.022268585860729218,
            0.015817001461982727
        ],
        [
            0.12251819670200348,
            0.01815495640039444,
            0.0002834796905517578
        ],
        [
            0.12077060341835022,
            0.008067481219768524,
            0.001469336450099945
        ],
        [
            0.12345898151397705,
            -0.0012828782200813293,
            -0.007335439324378967
        ],
        [
            0.1250983625650406,
            0.00842190533876419,
            -0.011549215763807297
        ],
        [
            0.12499214708805084,
            0.028587978333234787,
            -0.00236472487449646
        ],
        [
            0.12958386540412903,
            0.02104886621236801,
            -0.012355931103229523
        ],
        [
            0.13227534294128418,
            0.033574871718883514,
            -0.013576004654169083
        ],
        [
            0.1333843469619751,
            0.051725078374147415,
            -0.01579495519399643
        ],
        [
            0.09838264435529709,
            0.009938262403011322,
            0.03045988827943802
        ],
        [
            0.09566671401262283,
            0.019768647849559784,
            0.031335942447185516
        ],
        [
            0.08493565768003464,
            0.109651118516922,
            -0.04397520795464516
        ],
        [
            0.08230520784854889,
            0.11029255390167236,
            -0.03872567415237427
        ],
        [
            0.08251701295375824,
            0.10636569559574127,
            -0.03946363553404808
        ],
        [
            0.08471926301717758,
            0.10679733753204346,
            -0.04488133266568184
        ],
        [
            0.07824502885341644,
            0.007998496294021606,
            0.030024120584130287
        ],
        [
            0.07190278172492981,
            0.002985939383506775,
            0.023985082283616066
        ],
        [
            0.07538968324661255,
            -0.0020187869668006897,
            0.028010915964841843
        ],
        [
            0.08261853456497192,
            0.002230115234851837,
            0.032291069626808167
        ],
        [
            0.0725516676902771,
            0.015645615756511688,
            0.026982391253113747
        ],
        [
            0.0677395835518837,
            0.01027391105890274,
            0.018280185759067535
        ],
        [
            0.07792496681213379,
            0.11557415127754211,
            -0.05321217700839043
        ],
        [
            0.08247191458940506,
            0.11349694430828094,
            -0.051809802651405334
        ],
        [
            0.08026193827390671,
            0.1096787303686142,
            -0.05365847423672676
        ],
        [
            0.07533102482557297,
            0.11063414067029953,
            -0.05410534888505936
        ],
        [
            0.09707436710596085,
            0.06545066833496094,
            -0.034033238887786865
        ],
        [
            0.09369828552007675,
            0.06188178062438965,
            -0.02637530490756035
        ],
        [
            0.08763598650693893,
            0.07657302916049957,
            -0.04148033633828163
        ],
        [
            0.08855180442333221,
            0.0708017498254776,
            -0.03551946580410004
        ],
        [
            0.09259951114654541,
            0.06957937031984329,
            -0.041113875806331635
        ],
        [
            0.090498186647892,
            0.07409091293811798,
            -0.04619412496685982
        ],
        [
            0.07720170170068741,
            0.06456521153450012,
            -0.015620715916156769
        ],
        [
            0.08264638483524323,
            0.05521538481116295,
            -0.011123958975076675
        ],
        [
            0.08534535765647888,
            0.057081542909145355,
            -0.016958026215434074
        ],
        [
            0.08087941259145737,
            0.06771616637706757,
            -0.022801542654633522
        ],
        [
            0.07751600444316864,
            0.05486994609236717,
            0.0021191686391830444
        ],
        [
            0.07224216312170029,
            0.06379787623882294,
            -0.0036069322377443314
        ],
        [
            0.06988811492919922,
            0.06250614672899246,
            0.004579357802867889
        ],
        [
            0.0747416540980339,
            0.05700021609663963,
            0.007653882727026939
        ],
        [
            0.06477276980876923,
            0.07820993661880493,
            -0.016238193958997726
        ],
        [
            0.06151159852743149,
            0.08286339044570923,
            -0.019663751125335693
        ],
        [
            0.060442857444286346,
            0.08341993391513824,
            -0.01655535399913788
        ],
        [
            0.06332314014434814,
            0.07747222483158112,
            -0.01285745482891798
        ],
        [
            0.07840368151664734,
            -0.007669851183891296,
            0.0311203021556139
        ],
        [
            0.08698707818984985,
            -0.0035083219408988953,
            0.03352309763431549
        ],
        [
            0.047684602439403534,
            0.04540647938847542,
            0.010148437693715096
        ],
        [
            0.05233170837163925,
            0.04522935301065445,
            0.020387843251228333
        ],
        [
            0.04470396786928177,
            0.056732144206762314,
            0.018178485333919525
        ],
        [
            0.041237927973270416,
            0.053650569170713425,
            0.007462521083652973
        ],
        [
            0.06988994777202606,
            0.0001451745629310608,
            0.014189805835485458
        ],
        [
            0.07146715372800827,
            -0.005510710179805756,
            0.019424404948949814
        ],
        [
            0.072602778673172,
            0.11732590198516846,
            -0.05081136152148247
        ],
        [
            0.07040297240018845,
            0.11162334680557251,
            -0.0509176105260849
        ],
        [
            0.1285567432641983,
            0.026596471667289734,
            -0.025137456133961678
        ],
        [
            0.1320851445198059,
            0.04899320378899574,
            -0.025155695155262947
        ],
        [
            0.12361989915370941,
            0.010890163481235504,
            -0.022270116955041885
        ],
        [
            0.11878931522369385,
            0.0007510632276535034,
            -0.018961768597364426
        ],
        [
            0.11749869585037231,
            -0.007857896387577057,
            -0.015612561255693436
        ],
        [
            0.08345365524291992,
            0.07363411039113998,
            -0.032423317432403564
        ],
        [
            0.09067574143409729,
            0.05622323229908943,
            -0.019584108144044876
        ],
        [
            0.08799631148576736,
            0.046481985598802567,
            -0.004164110869169235
        ],
        [
            0.07552742958068848,
            0.05049425736069679,
            0.023901909589767456
        ],
        [
            0.08121336996555328,
            0.04247067868709564,
            0.027777202427387238
        ],
        [
            0.08506443351507187,
            0.04603542760014534,
            0.018409421667456627
        ],
        [
            0.07885413616895676,
            0.05196426063776016,
            0.01667221263051033
        ],
        [
            0.058517247438430786,
            0.050520189106464386,
            0.02603914774954319
        ],
        [
            0.06461434066295624,
            0.055660516023635864,
            0.024318045005202293
        ],
        [
            0.05904781073331833,
            0.06232886016368866,
            0.021443389356136322
        ],
        [
            0.05193283408880234,
            0.05921554937958717,
            0.023041149601340294
        ],
        [
            0.12133768200874329,
            0.06696514785289764,
            -0.03343459218740463
        ],
        [
            0.1174534484744072,
            0.05050698667764664,
            -0.03898167610168457
        ],
        [
            0.0869230404496193,
            0.013276830315589905,
            0.03307613730430603
        ],
        [
            0.09158065915107727,
            0.006985239684581757,
            0.03291919454932213
        ],
        [
            0.09435465931892395,
            -0.0010497495532035828,
            0.03349348530173302
        ],
        [
            0.10085748136043549,
            0.03174903616309166,
            0.0073561035096645355
        ],
        [
            0.10862502455711365,
            0.021031245589256287,
            0.012797076255083084
        ],
        [
            0.11066517233848572,
            0.021634366363286972,
            0.008904356509447098
        ],
        [
            0.10120545327663422,
            0.03127173334360123,
            0.003447398543357849
        ],
        [
            0.10558826476335526,
            0.03992171213030815,
            -0.005871888250112534
        ],
        [
            0.11420927196741104,
            0.03243806213140488,
            0.0006294064223766327
        ],
        [
            0.10834911465644836,
            0.04993177205324173,
            -0.00633176788687706
        ],
        [
            0.11520029604434967,
            0.008162520825862885,
            0.009870383888483047
        ],
        [
            0.11418893933296204,
            0.0009716153144836426,
            0.018272917717695236
        ],
        [
            0.1185876727104187,
            -0.0006020218133926392,
            0.010675329715013504
        ],
        [
            0.107760950922966,
            0.000928923487663269,
            0.025681890547275543
        ],
        [
            0.10090049356222153,
            0.0003963783383369446,
            0.031341686844825745
        ],
        [
            0.07172209769487381,
            -0.013296492397785187,
            0.022948622703552246
        ],
        [
            0.1212594285607338,
            -0.0019001737236976624,
            0.002911817282438278
        ],
        [
            0.12419003248214722,
            0.0659279078245163,
            -0.006977163255214691
        ],
        [
            0.1268583983182907,
            0.07396790385246277,
            -0.010308615863323212
        ],
        [
            0.11964453756809235,
            0.0743616446852684,
            -0.011063026264309883
        ],
        [
            0.11651106178760529,
            0.06706985086202621,
            -0.008809396997094154
        ],
        [
            0.0840911790728569,
            0.07188904285430908,
            -0.05655369162559509
        ],
        [
            0.08943258970975876,
            0.0737856924533844,
            -0.051715023815631866
        ],
        [
            0.09409908950328827,
            0.06777744740247726,
            -0.04728942736983299
        ],
        [
            0.09732693433761597,
            0.03309394419193268,
            0.020883917808532715
        ],
        [
            0.09012989699840546,
            0.029108315706253052,
            0.030461648479104042
        ],
        [
            0.0825975313782692,
            0.07928044348955154,
            -0.03834150359034538
        ],
        [
            0.07365387678146362,
            0.10587702691555023,
            -0.055244170129299164
        ],
        [
            0.07945286482572556,
            0.10514239221811295,
            -0.05473412573337555
        ],
        [
            0.08140616863965988,
            0.08637149631977081,
            -0.056943561881780624
        ],
        [
            0.07450059801340103,
            0.087128646671772,
            -0.057920750230550766
        ],
        [
            0.0737648755311966,
            0.08446216583251953,
            -0.03904888406395912
        ],
        [
            0.08078087121248245,
            0.08231591433286667,
            -0.03876184672117233
        ],
        [
            0.07927460968494415,
            0.08409233391284943,
            -0.03861052170395851
        ],
        [
            0.0734337568283081,
            0.08678624033927917,
            -0.036899976432323456
        ],
        [
            0.05873575806617737,
            0.08075345307588577,
            -0.00778653658926487
        ],
        [
            0.06143401935696602,
            0.07534489035606384,
            -0.0045285942032933235
        ],
        [
            0.06049315631389618,
            0.0672241598367691,
            -0.04456139728426933
        ],
        [
            0.06716594099998474,
            0.06432290375232697,
            -0.055929556488990784
        ],
        [
            0.0734238550066948,
            0.05433645844459534,
            -0.05097091570496559
        ],
        [
            0.07452093064785004,
            0.06325583904981613,
            -0.008751872926950455
        ],
        [
            0.06925956904888153,
            0.07162848860025406,
            -0.012090514414012432
        ],
        [
            0.06744853407144547,
            0.0711403340101242,
            -0.00834229402244091
        ],
        [
            0.07949754595756531,
            0.0762687623500824,
            -0.031558338552713394
        ],
        [
            0.07717122882604599,
            0.08094818890094757,
            -0.035753004252910614
        ],
        [
            0.07468733936548233,
            0.07954548299312592,
            -0.03188462555408478
        ],
        [
            0.07700435817241669,
            0.07472998648881912,
            -0.026972312480211258
        ],
        [
            0.05888223648071289,
            0.03377293050289154,
            0.02293493039906025
        ],
        [
            0.06583823263645172,
            0.040161795914173126,
            0.02984589710831642
        ],
        [
            0.08503624051809311,
            0.11109000444412231,
            -0.048632457852363586
        ],
        [
            0.08382192999124527,
            0.10804775357246399,
            -0.05014235898852348
        ],
        [
            0.0799570083618164,
            0.054135680198669434,
            -0.004473024979233742
        ],
        [
            0.08052980899810791,
            0.043203145265579224,
            -0.04388084635138512
        ],
        [
            0.0859374925494194,
            0.04608234390616417,
            0.0009771548211574554
        ],
        [
            0.04349786043167114,
            0.0672345981001854,
            -0.006055776961147785
        ],
        [
            0.04691476747393608,
            0.0723152756690979,
            -0.0006950162351131439
        ],
        [
            0.047075800597667694,
            0.0781845822930336,
            -0.002810785546898842
        ],
        [
            0.04325123876333237,
            0.07645656913518906,
            -0.00733338575810194
        ],
        [
            0.07179679721593857,
            0.10221274197101593,
            -0.03575846925377846
        ],
        [
            0.07755596935749054,
            0.10231570899486542,
            -0.03565423563122749
        ],
        [
            0.07764337956905365,
            0.10689520835876465,
            -0.03556453064084053
        ],
        [
            0.07186826318502426,
            0.10825762897729874,
            -0.035719018429517746
        ],
        [
            0.0855935662984848,
            0.08098343759775162,
            -0.04197368025779724
        ],
        [
            0.08865803480148315,
            0.07959458231925964,
            -0.04730108752846718
        ],
        [
            0.08709172904491425,
            0.08490690588951111,
            -0.04638207331299782
        ],
        [
            0.08347366005182266,
            0.0848512202501297,
            -0.04157605767250061
        ],
        [
            0.08699983358383179,
            0.07949808239936829,
            -0.05305475369095802
        ],
        [
            0.08592777699232101,
            0.08528893440961838,
            -0.05259875953197479
        ],
        [
            0.06667517870664597,
            0.10324389487504959,
            -0.03961174190044403
        ],
        [
            0.06515064090490341,
            0.10490840673446655,
            -0.04676129296422005
        ],
        [
            0.06462430953979492,
            0.08741119503974915,
            -0.04807034879922867
        ],
        [
            0.06728429347276688,
            0.08905917406082153,
            -0.040729016065597534
        ],
        [
            0.06410367786884308,
            0.019524618983268738,
            -0.0034635085612535477
        ],
        [
            0.061709776520729065,
            0.019976451992988586,
            0.0074361152946949005
        ],
        [
            0.05564480274915695,
            0.03350410982966423,
            0.004125259816646576
        ],
        [
            0.048289988189935684,
            0.046336960047483444,
            0.0009010070934891701
        ],
        [
            0.04266337677836418,
            0.05882976949214935,
            -0.002812014427036047
        ],
        [
            0.043917130678892136,
            0.05768340080976486,
            -0.01485041156411171
        ],
        [
            0.05515964329242706,
            0.03287224471569061,
            0.012330684810876846
        ],
        [
            0.06534966081380844,
            0.08057849854230881,
            -0.0412350594997406
        ],
        [
            0.06427369266748428,
            0.07606254518032074,
            -0.04825523868203163
        ],
        [
            0.061593197286129,
            0.07540017366409302,
            -0.043727558106184006
        ],
        [
            0.0839308649301529,
            0.0472320020198822,
            0.008103962987661362
        ],
        [
            0.08366146683692932,
            0.10411573201417923,
            -0.05138543248176575
        ],
        [
            0.09572300314903259,
            -0.006961993873119354,
            -0.019627779722213745
        ],
        [
            0.08459825068712234,
            -0.008300520479679108,
            -0.01165466383099556
        ],
        [
            0.08364292979240417,
            -0.0006168186664581299,
            -0.015969237312674522
        ],
        [
            0.09694196283817291,
            0.0017093047499656677,
            -0.024589903652668
        ],
        [
            0.08317362517118454,
            0.10249058902263641,
            -0.039659641683101654
        ],
        [
            0.08574889600276947,
            0.10304024815559387,
            -0.04540850594639778
        ],
        [
            0.05836926028132439,
            0.07626934349536896,
            0.0013327831402420998
        ],
        [
            0.05600718781352043,
            0.08100318908691406,
            -0.0026955539360642433
        ],
        [
            0.052653826773166656,
            0.08149074018001556,
            -0.001455286517739296
        ],
        [
            0.054705359041690826,
            0.07886980473995209,
            0.004638806916773319
        ],
        [
            0.061864063143730164,
            0.019410759210586548,
            0.013397634029388428
        ],
        [
            0.04305034130811691,
            0.06642233580350876,
            0.016718007624149323
        ],
        [
            0.039400454610586166,
            0.06253141164779663,
            0.007258972153067589
        ],
        [
            0.06701323390007019,
            0.008173547685146332,
            0.009877603501081467
        ],
        [
            0.06864140927791595,
            0.007326722145080566,
            0.00025375746190547943
        ],
        [
            0.07162821292877197,
            -0.0014132857322692871,
            0.003464704379439354
        ],
        [
            0.04846099391579628,
            0.06521784514188766,
            -0.027379849925637245
        ],
        [
            0.06585169583559036,
            0.021443627774715424,
            -0.011777564883232117
        ],
        [
            0.0709870234131813,
            0.008680373430252075,
            -0.006946200504899025
        ],
        [
            0.07466881722211838,
            -0.0017061084508895874,
            -0.0034333523362874985
        ],
        [
            0.07646135985851288,
            -0.009363479912281036,
            -0.0005718264728784561
        ],
        [
            0.07304874062538147,
            -0.008203476667404175,
            0.006751727312803268
        ],
        [
            0.06843788176774979,
            0.10590335726737976,
            -0.05162423476576805
        ],
        [
            0.06619009375572205,
            0.11189457774162292,
            -0.045660559087991714
        ],
        [
            0.07322193682193756,
            -0.01667867600917816,
            0.010123061016201973
        ],
        [
            0.07762224972248077,
            -0.017343051731586456,
            0.0019558854401111603
        ],
        [
            0.0751531720161438,
            0.009988188743591309,
            -0.015109140425920486
        ],
        [
            0.08193594962358475,
            0.012449696660041809,
            -0.02460308186709881
        ],
        [
            0.07017501443624496,
            0.022415466606616974,
            -0.019351109862327576
        ],
        [
            0.07607270777225494,
            0.025640122592449188,
            -0.029071200639009476
        ],
        [
            0.05057673901319504,
            0.061132073402404785,
            -0.03727952018380165
        ],
        [
            0.0740809440612793,
            0.1277831643819809,
            -0.03838864341378212
        ],
        [
            0.06852328777313232,
            0.11718102544546127,
            -0.03977792710065842
        ],
        [
            0.07203736901283264,
            0.11433158814907074,
            -0.03607107326388359
        ],
        [
            0.07456344366073608,
            0.12529760599136353,
            -0.03461800888180733
        ],
        [
            0.06742294877767563,
            0.11005523800849915,
            -0.0392468236386776
        ],
        [
            0.06855350732803345,
            0.11782863736152649,
            -0.045524273067712784
        ],
        [
            0.08814198523759842,
            0.030560120940208435,
            -0.038230352103710175
        ],
        [
            0.07150111347436905,
            0.08396697044372559,
            -0.03555098548531532
        ],
        [
            0.09858432412147522,
            0.017825186252593994,
            -0.03335053473711014
        ],
        [
            0.10023780167102814,
            0.04208817705512047,
            -0.045431435108184814
        ],
        [
            0.10973957180976868,
            0.03398182988166809,
            -0.04029696434736252
        ],
        [
            0.11086390167474747,
            0.005428224802017212,
            -0.02790875919163227
        ],
        [
            0.11840784549713135,
            0.021341554820537567,
            -0.033743247389793396
        ],
        [
            0.10744284838438034,
            -0.011472761631011963,
            -0.018560688942670822
        ],
        [
            0.10734318196773529,
            -0.0033149421215057373,
            -0.022929705679416656
        ],
        [
            0.12433876097202301,
            0.03943581134080887,
            -0.03465531766414642
        ],
        [
