{
    "pred_cam": [
        6.081202507019043,
        0.07036393880844116,
        -0.060515377670526505
    ],
    "pred_mano_params": {
        "global_orient": [
            [
                [
                    0.46850377321243286,
                    -0.4700283110141754,
                    0.7480491399765015
                ],
                [
                    -0.7050170302391052,
                    -0.7091788053512573,
                    -0.00405178451910615
                ],
                [
                    0.5324050188064575,
                    -0.5254891514778137,
                    -0.6636309027671814
                ]
            ]
        ],
        "hand_pose": [
            [
                [
                    0.8904507756233215,
                    -0.06782563775777817,
                    -0.4499967694282532
                ],
                [
                    0.032753799110651016,
                    0.9958183765411377,
                    -0.08528144657611847
                ],
                [
                    0.4538993537425995,
                    0.06119982525706291,
                    0.8889487981796265
                ]
            ],
            [
                [
                    0.877562940120697,
                    -0.4475182890892029,
                    0.17207740247249603
                ],
                [
                    0.47018831968307495,
                    0.8734995126724243,
                    -0.12618063390254974
                ],
                [
                    -0.09384138137102127,
                    0.1916402280330658,
                    0.9769686460494995
                ]
            ],
            [
                [
                    0.6008234620094299,
                    -0.7859407663345337,
                    0.14597384631633759
                ],
                [
                    0.7991309762001038,
                    0.5859619379043579,
                    -0.13430702686309814
                ],
                [
                    0.020022256299853325,
                    0.197347030043602,
                    0.9801293015480042
                ]
            ],
            [
                [
                    0.9286315441131592,
                    -0.06047390401363373,
                    -0.36604148149490356
                ],
                [
                    -0.008903604000806808,
                    0.9827091693878174,
                    -0.18494196236133575
                ],
                [
                    0.37089642882347107,
                    0.17500202357769012,
                    0.9120362997055054
                ]
            ],
            [
                [
                    0.6721656322479248,
                    -0.7203570008277893,
                    -0.17111165821552277
                ],
                [
                    0.735602617263794,
                    0.6234626770019531,
                    0.26492103934288025
                ],
                [
                    -0.08415599912405014,
                    -0.3039409816265106,
                    0.9489666819572449
                ]
            ],
            [
                [
                    0.7074066996574402,
                    -0.7067933678627014,
                    -0.004324429202824831
                ],
                [
                    0.7054964900016785,
                    0.7057099938392639,
                    0.06517766416072845
                ],
                [
                    -0.04301535338163376,
                    -0.049157995730638504,
                    0.9978642463684082
                ]
            ],
            [
                [
                    0.8575158715248108,
                    -0.4857320189476013,
                    0.16950242221355438
                ],
                [
                    0.5010833740234375,
                    0.8632250428199768,
                    -0.06130208447575569
                ],
                [
                    -0.11654236912727356,
                    0.13750234246253967,
                    0.9836214184761047
                ]
            ],
            [
                [
                    0.9420328736305237,
                    -0.21906104683876038,
                    -0.25413814187049866
                ],
                [
                    0.30437061190605164,
                    0.8766735196113586,
                    0.3725614547729492
                ],
                [
                    0.14118246734142303,
                    -0.4283173382282257,
                    0.8925310373306274
                ]
            ],
            [
                [
                    0.8128179311752319,
                    -0.3763289451599121,
                    0.44463852047920227
                ],
                [
                    0.3688817620277405,
                    0.9232843518257141,
                    0.10710932314395905
                ],
                [
                    -0.45083609223365784,
                    0.07695861905813217,
                    0.8892829418182373
                ]
            ],
            [
                [
                    0.970366895198822,
                    -0.1357412487268448,
                    -0.1999058872461319
                ],
                [
                    0.08762679249048233,
                    0.9686654806137085,
                    -0.23239795863628387
                ],
                [
                    0.22518791258335114,
                    0.20799417793750763,
                    0.951855480670929
                ]
            ],
            [
                [
                    0.7736643552780151,
                    -0.5955736041069031,
                    -0.21618415415287018
                ],
                [
                    0.6296139359474182,
                    0.6844743490219116,
                    0.36753392219543457
                ],
                [
                    -0.07092098891735077,
                    -0.42046043276786804,
                    0.9045348167419434
                ]
            ],
            [
                [
                    0.692884624004364,
                    -0.7124404311180115,
                    -0.11108270287513733
                ],
                [
                    0.712325394153595,
                    0.652440071105957,
                    0.2586784064769745
                ],
                [
                    -0.11181817948818207,
                    -0.2583613693714142,
                    0.9595550894737244
                ]
            ],
            [
                [
                    0.8893566131591797,
                    0.0913962796330452,
                    0.4479861855506897
                ],
                [
                    0.27775833010673523,
                    0.6702845692634583,
                    -0.6881635189056396
                ],
                [
                    -0.36317378282546997,
                    0.7364546060562134,
                    0.5707359313964844
                ]
            ],
            [
                [
                    0.9349759817123413,
                    -0.3415042757987976,
                    -0.0958886444568634
                ],
                [
                    0.3301651179790497,
                    0.739061713218689,
                    0.587178647518158
                ],
                [
                    -0.12965640425682068,
                    -0.5806571245193481,
                    0.8037577271461487
                ]
            ],
            [
                [
                    0.821591854095459,
                    0.23965783417224884,
                    -0.5172532796859741
                ],
                [
                    -0.24785499274730682,
                    0.9672643542289734,
                    0.05447410047054291
                ],
                [
                    0.5133758783340454,
                    0.08344831317663193,
                    0.8540968894958496
                ]
            ]
        ],
        "betas": [
            -0.04707404971122742,
            -0.11587631702423096,
            -0.06944340467453003,
            0.05374833941459656,
            0.013861984014511108,
            0.030737806111574173,
            0.054717570543289185,
            -0.022605478763580322,
            0.02096039056777954,
            -0.037302374839782715
        ]
    },
    "pred_cam_t": [
        -0.07036393880844116,
        -0.060515377670526505,
        6.423482894897461
    ],
    "focal_length": [
        5000.0,
        5000.0
    ],
    "pred_keypoints_3d": [
        [
            0.09598744660615921,
            0.006406535394489765,
            0.006224313750863075
        ],
        [
            0.11133559048175812,
            0.03431069478392601,
            -0.015616167336702347
        ],
        [
            0.1341090053319931,
            0.054059598594903946,
            -0.02223876491189003
        ],
        [
            0.1500987857580185,
            0.07535602152347565,
            -0.027637004852294922
        ],
        [
            0.15508778393268585,
            0.10758020728826523,
            -0.0420093759894371
        ],
        [
            0.07243587076663971,
            0.07231247425079346,
            -0.05175665020942688
        ],
        [
            0.047394219785928726,
            0.09190576523542404,
            -0.06100085377693176
        ],
        [
            0.03946245461702347,
            0.11255989968776703,
            -0.05834466218948364
        ],
        [
            0.04521631449460983,
            0.13097801804542542,
            -0.0421823188662529
        ],
        [
            0.04963652417063713,
            0.07443878054618835,
            -0.04123341292142868
        ],
        [
            0.023271700367331505,
            0.09141448885202408,
            -0.04641977697610855
        ],
        [
            0.01923580840229988,
            0.11214315891265869,
            -0.036461178213357925
        ],
        [
            0.02937501110136509,
            0.13101278245449066,
            -0.022778380662202835
        ],
        [
            0.039411552250385284,
            0.06715219467878342,
            -0.017606819048523903
        ],
        [
            0.01842905953526497,
            0.08563713729381561,
            -0.02511867880821228
        ],
        [
            0.012907752767205238,
            0.10710036754608154,
            -0.013828548602759838
        ],
        [
            0.022611841559410095,
            0.12516286969184875,
            0.0008538644760847092
        ],
        [
            0.03590688854455948,
            0.06231199949979782,
            0.0033934544771909714
        ],
        [
            0.023957833647727966,
            0.07971011847257614,
            0.005345366895198822
        ],
        [
            0.018489651381969452,
            0.09487435221672058,
            0.0154676903039217
        ],
        [
            0.021647760644555092,
            0.1111697107553482,
            0.02048128843307495
        ]
    ],
    "pred_vertices": [
        [
            0.09520545601844788,
            0.055462442338466644,
            -0.022806435823440552
        ],
        [
            0.10115019977092743,
            0.050763312727212906,
            -0.016500800848007202
        ],
        [
            0.10909119248390198,
            0.05835455656051636,
            -0.020154956728219986
        ],
        [
            0.10186965763568878,
            0.062283895909786224,
            -0.02811690792441368
        ],
        [
            0.11840534210205078,
            0.04582545906305313,
            -0.0024015940725803375
        ],
        [
            0.12681099772453308,
            0.03765951097011566,
            -0.0027539022266864777
        ],
        [
            0.13537395000457764,
            0.04968394339084625,
            -0.007611922919750214
        ],
        [
            0.1282813996076584,
            0.05569092556834221,
            -0.005458347499370575
        ],
        [
            0.10830185562372208,
            0.06656325608491898,
            -0.032828349620103836
        ],
        [
            0.11550883948802948,
            0.06388546526432037,
            -0.022423096001148224
        ],
        [
            0.11435839533805847,
            0.06542564928531647,
            -0.035320281982421875
        ],
        [
            0.10044929385185242,
            0.06268145889043808,
            -0.04843548312783241
        ],
        [
            0.09872220456600189,
            0.06622876226902008,
            -0.04269295558333397
        ],
        [
            0.09091124683618546,
            0.0639725923538208,
            -0.054654061794281006
        ],
        [
            0.09940802305936813,
            0.051525700837373734,
            -0.050628915429115295
        ],
        [
            0.08417297154664993,
            0.056992266327142715,
            -0.05668136477470398
        ],
        [
            0.07249722629785538,
            0.03428220748901367,
            -0.03903275355696678
        ],
        [
            0.06376059353351593,
            0.031028825789690018,
            -0.02868565171957016
        ],
        [
            0.055711641907691956,
            0.04342495650053024,
            -0.035429395735263824
        ],
        [
            0.06543397903442383,
            0.04600778594613075,
            -0.044814445078372955
        ],
        [
            0.04928518086671829,
            0.038447555154561996,
            -0.016471030190587044
        ],
        [
            0.052045997232198715,
            0.04175165295600891,
            -0.027393849566578865
        ],
        [
            0.0596647672355175,
            0.028501175343990326,
            -0.021074242889881134
        ],
        [
            0.056836262345314026,
            0.02637520059943199,
            -0.011458385735750198
        ],
        [
            0.08564251661300659,
            0.045917268842458725,
            -0.01034233346581459
        ],
        [
            0.09047003835439682,
            0.039746206253767014,
            -0.004322752356529236
        ],
        [
            0.09354212135076523,
            0.04306495562195778,
            -0.010080240666866302
        ],
        [
            0.08913016319274902,
            0.04838462173938751,
            -0.015065371990203857
        ],
        [
            0.1308501660823822,
            0.06204558536410332,
            -0.034469299018383026
        ],
        [
            0.12036053091287613,
            0.05134551227092743,
            -0.04042865335941315
        ],
        [
            0.11630720645189285,
            0.05856798589229584,
            -0.04023560881614685
        ],
        [
            0.12937764823436737,
            0.06617064774036407,
            -0.03085566684603691
        ],
        [
            0.1000373363494873,
            0.02541809156537056,
            0.020573485642671585
        ],
        [
            0.10464050620794296,
            0.012751355767250061,
            0.022236119955778122
        ],
        [
            0.10820859670639038,
            0.01284424215555191,
            0.01756230741739273
        ],
        [
            0.10261744260787964,
            0.02427658438682556,
            0.016577832400798798
        ],
        [
            0.11926347017288208,
            0.021158766001462936,
            0.002409357577562332
        ],
        [
            0.11923221498727798,
            0.01163792610168457,
            0.0040579549968242645
        ],
        [
            0.12502503395080566,
            0.001977868378162384,
            -0.004209987819194794
        ],
        [
            0.12485674023628235,
            0.01007106900215149,
            -0.008770771324634552
        ],
        [
            0.12174426019191742,
            0.03004862740635872,
            -0.00031899288296699524
        ],
        [
            0.12766987085342407,
            0.020806297659873962,
            -0.009122464805841446
        ],
        [
            0.131241574883461,
            0.029774855822324753,
            -0.009988587349653244
        ],
        [
            0.13883259892463684,
            0.04335774481296539,
            -0.013740897178649902
        ],
        [
            0.09506338834762573,
            0.010446183383464813,
            0.030553486198186874
        ],
        [
            0.09066624939441681,
            0.019617494195699692,
            0.030855000019073486
        ],
        [
            0.05436075106263161,
            0.10111698508262634,
            -0.05865103006362915
        ],
        [
            0.05119343101978302,
            0.10050065815448761,
            -0.05364255979657173
        ],
        [
            0.05412023141980171,
            0.09803257882595062,
            -0.053447626531124115
        ],
        [
            0.056479208171367645,
            0.09893333166837692,
            -0.05871063098311424
        ],
        [
            0.07568320631980896,
            0.0051422119140625,
            0.02792644500732422
        ],
        [
            0.07091515511274338,
            -0.0009045377373695374,
            0.021332111209630966
        ],
        [
            0.07470367848873138,
            -0.005190901458263397,
            0.025886170566082
        ],
        [
            0.08065016567707062,
            0.00023565441370010376,
            0.030832652002573013
        ],
        [
            0.06927354633808136,
            0.0117562934756279,
            0.024044858291745186
        ],
        [
            0.06634964048862457,
            0.005556657910346985,
            0.015003766864538193
        ],
        [
            0.04690975695848465,
            0.09815800189971924,
            -0.06888709217309952
        ],
        [
            0.05127295106649399,
            0.10043737292289734,
            -0.0671638622879982
        ],
        [
            0.05292525142431259,
            0.09600210189819336,
            -0.06789011508226395
        ],
        [
            0.04879263788461685,
            0.09280117601156235,
            -0.06860966235399246
        ],
        [
            0.0948764830827713,
            0.06541011482477188,
            -0.03564957156777382
        ],
        [
            0.08981792628765106,
            0.0613226592540741,
            -0.027888575568795204
        ],
        [
            0.08076402544975281,
            0.0770825445652008,
            -0.04529138654470444
        ],
        [
            0.083542600274086,
            0.06945990025997162,
            -0.03753238171339035
        ],
        [
            0.08913688361644745,
            0.06933383643627167,
            -0.04299259930849075
        ],
        [
            0.08507169783115387,
            0.07459888607263565,
            -0.04974403232336044
        ],
        [
            0.07069740444421768,
            0.06099705398082733,
            -0.01875651627779007
        ],
        [
            0.0770760178565979,
            0.0524822399020195,
            -0.013490810990333557
        ],
        [
            0.08022936433553696,
            0.05485454946756363,
            -0.019056862220168114
        ],
        [
            0.07461406290531158,
            0.0647263452410698,
            -0.0255568977445364
        ],
        [
            0.07045303285121918,
            0.0513949990272522,
            -0.0009510088711977005
        ],
        [
            0.06448560953140259,
            0.05964532494544983,
            -0.007376577705144882
        ],
        [
            0.06135629117488861,
            0.05817139893770218,
            0.00046193040907382965
        ],
        [
            0.06669551879167557,
            0.05315642058849335,
            0.004155941307544708
        ],
        [
            0.05558677762746811,
            0.07376585900783539,
            -0.02148531936109066
        ],
        [
            0.0499708466231823,
            0.07722419500350952,
            -0.0267348550260067
        ],
        [
            0.04652358964085579,
            0.07773525267839432,
            -0.023979566991329193
        ],
        [
            0.05316745489835739,
            0.07277268171310425,
            -0.018523134291172028
        ],
        [
            0.0782322883605957,
            -0.010205984115600586,
            0.029451940208673477
        ],
        [
            0.08571891486644745,
            -0.004644729197025299,
            0.03268544003367424
        ],
        [
            0.04362750053405762,
            0.03673548996448517,
            0.004223233088850975
        ],
        [
            0.04664395749568939,
            0.03787342831492424,
            0.014844367280602455
        ],
        [
            0.03808451443910599,
            0.046849433332681656,
            0.012081921100616455
        ],
        [
            0.03720179945230484,
            0.043264105916023254,
            0.0014187917113304138
        ],
        [
            0.07052415609359741,
            -0.004106633365154266,
            0.011415474116802216
        ],
        [
            0.0723842978477478,
            -0.009359441697597504,
            0.01697230339050293
        ],
        [
            0.041603293269872665,
            0.09572998434305191,
            -0.06689747422933578
        ],
        [
            0.04397452622652054,
            0.09037130326032639,
            -0.06574910879135132
        ],
        [
            0.128210186958313,
            0.02242814004421234,
            -0.02114274725317955
        ],
        [
            0.13765618205070496,
            0.03957372531294823,
            -0.02276402711868286
        ],
        [
            0.1230100691318512,
            0.010331004858016968,
            -0.018497541546821594
        ],
        [
            0.12020574510097504,
            0.001885838806629181,
            -0.01565556973218918
        ],
        [
            0.12106083333492279,
            -0.005646184086799622,
            -0.012467008084058762
        ],
        [
            0.07743024826049805,
            0.07187400758266449,
            -0.035075291991233826
        ],
        [
            0.08634293079376221,
            0.055102672427892685,
            -0.02118539810180664
        ],
        [
            0.08292970806360245,
            0.04466994106769562,
            -0.005851380527019501
        ],
        [
            0.066863514482975,
            0.0468934066593647,
            0.020468953996896744
        ],
        [
            0.07334975898265839,
            0.03975699096918106,
            0.025151152163743973
        ],
        [
            0.0774543285369873,
            0.043816421180963516,
            0.016217418015003204
        ],
        [
            0.07055792957544327,
            0.04879465699195862,
            0.013643959537148476
        ],
        [
            0.05080071836709976,
            0.044315945357084274,
            0.02087247185409069
        ],
        [
            0.055606648325920105,
            0.05058766156435013,
            0.01955367997288704
        ],
        [
            0.04930971562862396,
            0.05665310472249985,
            0.0158261526376009
        ],
        [
            0.04363555833697319,
            0.05157577991485596,
            0.017235616222023964
        ],
        [
            0.13679522275924683,
            0.05719132721424103,
            -0.036053549498319626
        ],
        [
            0.1253650188446045,
            0.045150842517614365,
            -0.03918541967868805
        ],
        [
            0.0829986035823822,
            0.011796005070209503,
            0.03178246319293976
        ],
        [
            0.08860611915588379,
            0.0064076632261276245,
            0.032311901450157166
        ],
        [
            0.09256327897310257,
            -0.000995934009552002,
            0.0334080345928669
        ],
        [
            0.09585680067539215,
            0.033220041543245316,
            0.007286500185728073
        ],
        [
            0.1043141633272171,
            0.023610375821590424,
            0.013773534446954727
        ],
        [
            0.10612087696790695,
            0.024998892098665237,
            0.010037492960691452
        ],
        [
            0.09632164239883423,
            0.033862531185150146,
            0.0033596865832805634
        ],
        [
            0.1046251654624939,
            0.045634329319000244,
            -0.0072583481669425964
        ],
        [
            0.11044234782457352,
            0.03674614429473877,
            0.0009229741990566254
        ],
        [
            0.11285311728715897,
            0.054196689277887344,
            -0.009358752518892288
        ],
        [
            0.1136116087436676,
            0.011524699628353119,
            0.011948615312576294
        ],
        [
            0.11348406970500946,
            0.004323653876781464,
            0.020450342446565628
        ],
        [
            0.11885686963796616,
            0.0033706575632095337,
            0.013431195169687271
        ],
        [
            0.10630524158477783,
            0.003199547529220581,
            0.027082666754722595
        ],
        [
            0.09898677468299866,
            0.0015209019184112549,
            0.03196181356906891
        ],
        [
            0.0735286995768547,
            -0.01693788915872574,
            0.02069697342813015
        ],
        [
            0.12246252596378326,
            0.00216490775346756,
            0.005913138389587402
        ],
        [
            0.13551071286201477,
            0.06153394281864166,
            -0.010013148188591003
        ],
        [
            0.1424155980348587,
            0.06614827364683151,
            -0.014053339138627052
        ],
        [
            0.13620418310165405,
            0.06930604577064514,
            -0.01691339910030365
        ],
        [
            0.1292690485715866,
            0.06529316306114197,
            -0.013896863907575607
        ],
        [
            0.08129888772964478,
            0.0681879073381424,
            -0.06059741973876953
        ],
        [
            0.08483823388814926,
            0.0729563757777214,
            -0.055881768465042114
        ],
        [
            0.09328529238700867,
            0.06724739074707031,
            -0.0493483692407608
        ],
        [
            0.09131451696157455,
            0.032979875802993774,
            0.02032918855547905
        ],
        [
            0.0838315486907959,
            0.02790408581495285,
            0.02913890779018402
        ],
        [
            0.07445549964904785,
            0.07858219742774963,
            -0.04310092702507973
        ],
        [
            0.05066912621259689,
            0.08825153112411499,
            -0.06845694035291672
        ],
        [
            0.05530241131782532,
            0.09196776896715164,
            -0.067900650203228
        ],
        [
            0.06723926216363907,
            0.07952113449573517,
            -0.06505493819713593
        ],
        [
            0.06181769818067551,
            0.07554478943347931,
            -0.06593196839094162
        ],
        [
            0.06260104477405548,
            0.07941987365484238,
            -0.046403463929891586
        ],
        [
            0.06929954141378403,
            0.08068131655454636,
            -0.045637622475624084
        ],
        [
            0.06573992967605591,
            0.08117692917585373,
            -0.04658582806587219
        ],
        [
            0.05938305705785751,
            0.07999297231435776,
            -0.04560386762022972
        ],
        [
            0.04469243437051773,
            0.07432732731103897,
            -0.015486080199480057
        ],
        [
            0.05023801326751709,
            0.0704500749707222,
            -0.010713716968894005
        ],
        [
            0.05904240533709526,
            0.059968527406454086,
            -0.04877651110291481
        ],
        [
            0.06831882894039154,
            0.056748077273368835,
            -0.05800884962081909
        ],
        [
            0.07505139708518982,
            0.04933878779411316,
            -0.05272780731320381
        ],
        [
            0.06746368855237961,
            0.0593554824590683,
            -0.012194516137242317
        ],
        [
            0.06118425726890564,
            0.06719446182250977,
            -0.016305698081851006
        ],
        [
            0.058832667768001556,
            0.0665597915649414,
            -0.012864459306001663
        ],
        [
            0.07275163382291794,
            0.07379325479269028,
            -0.034927841275930405
        ],
        [
            0.06895934045314789,
            0.07844625413417816,
            -0.0406484492123127
        ],
        [
            0.06685750931501389,
            0.07652664184570312,
            -0.036204736679792404
        ],
        [
            0.0699533224105835,
            0.07134729623794556,
            -0.030452502891421318
        ],
        [
            0.05398987606167793,
            0.02753933146595955,
            0.018171504139900208
        ],
        [
            0.058745868504047394,
            0.03506115823984146,
            0.02559724822640419
        ],
        [
            0.05419669672846794,
            0.10133088380098343,
            -0.06351357698440552
        ],
        [
            0.05600188300013542,
            0.09818918257951736,
            -0.06408237665891647
        ],
        [
            0.073777936398983,
            0.051023270934820175,
            -0.0071749575436115265
        ],
        [
            0.08235447853803635,
            0.03952017426490784,
            -0.04580311104655266
        ],
        [
            0.08031153678894043,
            0.04387833550572395,
            -0.000970497727394104
        ],
        [
            0.03723234310746193,
            0.055951327085494995,
            -0.013268748298287392
        ],
        [
            0.03680418059229851,
            0.061803072690963745,
            -0.007923668250441551
        ],
        [
            0.03468902036547661,
            0.06511344760656357,
            -0.01207701861858368
        ],
        [
            0.03298269957304001,
            0.061088524758815765,
            -0.016712846234440804
        ],
        [
            0.04822111502289772,
            0.08894956111907959,
            -0.048641931265592575
        ],
        [
            0.052213724702596664,
            0.09297060966491699,
            -0.04877384006977081
        ],
        [
            0.049586955457925797,
            0.09565231204032898,
            -0.049775995314121246
        ],
        [
            0.04466516524553299,
            0.0924023911356926,
            -0.0500996857881546
        ],
        [
            0.07406890392303467,
            0.08128736913204193,
            -0.04883811995387077
        ],
        [
            0.07826171815395355,
            0.0799325704574585,
            -0.053777627646923065
        ],
        [
            0.07177886366844177,
            0.08424066007137299,
            -0.054958730936050415
        ],
        [
            0.0686727836728096,
            0.0833628848195076,
            -0.0500975027680397
        ],
        [
            0.0765971690416336,
            0.07781285792589188,
            -0.059714000672101974
        ],
        [
            0.07100103050470352,
            0.08244109898805618,
            -0.060896243900060654
        ],
        [
            0.044594764709472656,
            0.08511829376220703,
            -0.05244964733719826
        ],
        [
            0.043660737574100494,
            0.083444744348526,
            -0.059753868728876114
        ],
        [
            0.05323018133640289,
            0.07194347679615021,
            -0.056244175881147385
        ],
        [
            0.05376238375902176,
            0.07655568420886993,
            -0.04977026581764221
        ],
        [
            0.06397010385990143,
            0.01398158073425293,
            -0.0071318186819553375
        ],
        [
            0.060287363827228546,
            0.014069773256778717,
            0.0034089945256710052
        ],
        [
            0.05298076942563057,
            0.026341509073972702,
            -0.0006548129022121429
        ],
        [
            0.045147523283958435,
            0.03749469295144081,
            -0.004619430750608444
        ],
        [
            0.03911307826638222,
            0.04905826598405838,
            -0.008757865987718105
        ],
        [
            0.04218270257115364,
            0.047808244824409485,
            -0.020525921136140823
        ],
        [
            0.05166497081518173,
            0.025745954364538193,
            0.007314546033740044
        ],
        [
            0.056593384593725204,
            0.0742718055844307,
            -0.048361290246248245
        ],
        [
            0.05990057438611984,
            0.06622282415628433,
            -0.05373479425907135
        ],
        [
            0.056156057864427567,
            0.06775318086147308,
            -0.0499112494289875
        ],
        [
            0.07731276750564575,
            0.044718820601701736,
            0.005833737552165985
        ],
        [
            0.05837966129183769,
            0.0947795957326889,
            -0.06447286903858185
        ],
        [
            0.10057193040847778,
            -0.0074252113699913025,
            -0.018803473562002182
        ],
        [
            0.08929045498371124,
            -0.010177187621593475,
            -0.012363728135824203
        ],
        [
            0.08751516044139862,
            -0.00279940664768219,
            -0.016883907839655876
        ],
        [
            0.10046140849590302,
            0.0008710473775863647,
            -0.023594506084918976
        ],
        [
            0.056902192533016205,
            0.09600044041872025,
            -0.05283984914422035
        ],
        [
            0.059499312192201614,
            0.09676149487495422,
            -0.05855439603328705
        ],
        [
            0.045508913695812225,
            0.07000373303890228,
            -0.005665200762450695
        ],
        [
            0.04135390743613243,
            0.07240850478410721,
            -0.010992836207151413
        ],
        [
            0.03760423883795738,
            0.07074622809886932,
            -0.010273054242134094
        ],
        [
            0.03965890407562256,
            0.07032521069049835,
            -0.002847772091627121
        ],
        [
            0.059854425489902496,
            0.013571366667747498,
            0.009304773062467575
        ],
        [
            0.03310893476009369,
            0.05265282094478607,
            0.009933680295944214
        ],
        [
            0.03218913823366165,
            0.049663424491882324,
            0.0008227350190281868
        ],
        [
            0.06693386286497116,
            0.003291614353656769,
            0.006627010181546211
        ],
        [
            0.06978332996368408,
            0.0026896297931671143,
            -0.0027457866817712784
        ],
        [
            0.07371688634157181,
            -0.00541648268699646,
            0.0009686276316642761
        ],
        [
            0.04530724138021469,
            0.05611230432987213,
            -0.033566296100616455
        ],
        [
            0.06631100177764893,
            0.01613706350326538,
            -0.015225142240524292
        ],
        [
            0.07272356748580933,
            0.004409611225128174,
            -0.009639875963330269
        ],
        [
            0.07756152004003525,
            -0.005223914980888367,
            -0.005539987236261368
        ],
        [
            0.08023472130298615,
            -0.012461580336093903,
            -0.002312898635864258
        ],
        [
            0.07583926618099213,
            -0.011840082705020905,
            0.0045672133564949036
        ],
        [
            0.04625368118286133,
            0.08533814549446106,
            -0.06485581398010254
        ],
        [
            0.03994987905025482,
            0.08870670199394226,
            -0.06054538115859032
        ],
        [
            0.07701694220304489,
            -0.020133912563323975,
            0.008154820650815964
        ],
        [
            0.0823919028043747,
            -0.02011410892009735,
            0.0005403757095336914
        ],
        [
            0.07751863449811935,
            0.0063500478863716125,
            -0.017290880903601646
        ],
        [
            0.08462002873420715,
            0.00964856892824173,
            -0.02585609257221222
        ],
        [
            0.07122251391410828,
            0.017787136137485504,
            -0.022249195724725723
        ],
        [
            0.07760601490736008,
            0.02185477688908577,
            -0.03126111254096031
        ],
        [
            0.05107539892196655,
            0.05222909152507782,
            -0.04151936247944832
        ],
        [
            0.03314393013715744,
            0.10575995594263077,
            -0.05702993646264076
        ],
        [
            0.0370340496301651,
            0.09483829140663147,
            -0.05607050284743309
        ],
        [
            0.04085931181907654,
            0.09613419324159622,
            -0.05181344226002693
        ],
        [
            0.03475039452314377,
            0.10527496784925461,
            -0.052873749285936356
        ],
        [
            0.04096949100494385,
            0.08967950940132141,
            -0.05384215712547302
        ],
        [
            0.037512004375457764,
            0.09424599260091782,
            -0.06174607574939728
        ],
        [
            0.09030815958976746,
            0.0278775691986084,
            -0.03910897299647331
        ],
        [
            0.061005283147096634,
            0.08051807433366776,
            -0.04191301390528679
        ],
        [
            0.1006646454334259,
            0.015949413180351257,
            -0.03237428516149521
        ],
        [
            0.10486246645450592,
            0.03937520831823349,
            -0.04616266489028931
        ],
        [
            0.11327022314071655,
            0.030980195850133896,
            -0.039133936166763306
        ],
        [
            0.1123797670006752,
            0.004584021866321564,
            -0.025178469717502594
        ],
        [
            0.11946631968021393,
            0.018089845776557922,
            -0.030553173273801804
        ],
        [
            0.11251309514045715,
            -0.01032663881778717,
            -0.016354218125343323
        ],
        [
            0.11079561710357666,
            -0.0030719339847564697,
            -0.02073594182729721
        ],
        [
            0.12849730253219604,
            0.03274551406502724,
            -0.03219763562083244
        ],
        [
