{
    "pred_cam": [
        8.308784484863281,
        0.1402519941329956,
        -0.005273092538118362
    ],
    "pred_mano_params": {
        "global_orient": [
            [
                [
                    -0.8011413812637329,
                    0.5954357385635376,
                    -0.06023938208818436
                ],
                [
                    0.102024145424366,
                    0.036698341369628906,
                    -0.9941047430038452
                ],
                [
                    -0.5897148251533508,
                    -0.8025643229484558,
                    -0.09014938026666641
                ]
            ]
        ],
        "hand_pose": [
            [
                [
                    0.9861425757408142,
                    0.13814027607440948,
                    0.09187009930610657
                ],
                [
                    -0.1339876651763916,
                    0.9897229671478271,
                    -0.04995813965797424
                ],
                [
                    -0.09782717376947403,
                    0.036956384778022766,
                    0.9945170283317566
                ]
            ],
            [
                [
                    0.6231483817100525,
                    -0.7721907496452332,
                    0.12412677705287933
                ],
                [
                    0.7720858454704285,
                    0.5820490121841431,
                    -0.2551516592502594
                ],
                [
                    0.1247778981924057,
                    0.2548338770866394,
                    0.9589004516601562
                ]
            ],
            [
                [
                    0.8903084397315979,
                    -0.45465099811553955,
                    0.02536255680024624
                ],
                [
                    0.45316874980926514,
                    0.8901078701019287,
                    0.048435572534799576
                ],
                [
                    -0.04459669440984726,
                    -0.031629085540771484,
                    0.9985041618347168
                ]
            ],
            [
                [
                    0.9047952890396118,
                    0.1077284887433052,
                    -0.41199520230293274
                ],
                [
                    -0.07887665182352066,
                    0.9931280016899109,
                    0.08645962178707123
                ],
                [
                    0.4184781312942505,
                    -0.04573145508766174,
                    0.9070748090744019
                ]
            ],
            [
                [
                    0.371926486492157,
                    -0.9147530198097229,
                    -0.15778988599777222
                ],
                [
                    0.9144736528396606,
                    0.3318798840045929,
                    0.23150306940078735
                ],
                [
                    -0.1594008356332779,
                    -0.2303968071937561,
                    0.9599524140357971
                ]
            ],
            [
                [
                    0.8538064956665039,
                    -0.5173586010932922,
                    0.05791931226849556
                ],
                [
                    0.5190140604972839,
                    0.8545881509780884,
                    -0.017420483753085136
                ],
                [
                    -0.04048452526330948,
                    0.04493465647101402,
                    0.9981693029403687
                ]
            ],
            [
                [
                    0.5840408802032471,
                    -0.7806060910224915,
                    0.22259925305843353
                ],
                [
                    0.6446965932846069,
                    0.6127073764801025,
                    0.45711708068847656
                ],
                [
                    -0.49321654438972473,
                    -0.12346609681844711,
                    0.8611002564430237
                ]
            ],
            [
                [
                    0.9209362864494324,
                    -0.38956212997436523,
                    0.010848116129636765
                ],
                [
                    0.36123576760292053,
                    0.8637555241584778,
                    0.3513333201408386
                ],
                [
                    -0.14623627066612244,
                    -0.31963688135147095,
                    0.9361875653266907
                ]
            ],
            [
                [
                    0.9878827929496765,
                    -0.1551893651485443,
                    -0.0019363969331607223
                ],
                [
                    0.15053220093250275,
                    0.9550499320030212,
                    0.25538167357444763
                ],
                [
                    -0.037783183157444,
                    -0.2525786757469177,
                    0.9668384194374084
                ]
            ],
            [
                [
                    0.5973604917526245,
                    -0.7641614079475403,
                    -0.24334698915481567
                ],
                [
                    0.7861602306365967,
                    0.6179318428039551,
                    -0.01059630699455738
                ],
                [
                    0.15846914052963257,
                    -0.18497991561889648,
                    0.9698813557624817
                ]
            ],
            [
                [
                    0.8005102872848511,
                    -0.5988128781318665,
                    0.024625813588500023
                ],
                [
                    0.45345577597618103,
                    0.632036030292511,
                    0.6284173727035522
                ],
                [
                    -0.39186879992485046,
                    -0.4918878376483917,
                    0.7774865031242371
                ]
            ],
            [
                [
                    0.9513070583343506,
                    -0.30718475580215454,
                    -0.02554314397275448
                ],
                [
                    0.30567666888237,
                    0.9508110284805298,
                    -0.05020185932517052
                ],
                [
                    0.03970794752240181,
                    0.0399494394659996,
                    0.9984124302864075
                ]
            ],
            [
                [
                    0.9270511865615845,
                    0.0719699114561081,
                    -0.36796262860298157
                ],
                [
                    -0.3318824768066406,
                    0.6141257882118225,
                    -0.7160332798957825
                ],
                [
                    0.17444248497486115,
                    0.7859197854995728,
                    0.5932115912437439
                ]
            ],
            [
                [
                    0.8577800393104553,
                    -0.10537566989660263,
                    -0.5030997395515442
                ],
                [
                    0.31434446573257446,
                    0.8819445967674255,
                    0.3512283265590668
                ],
                [
                    0.406695157289505,
                    -0.4594232439994812,
                    0.7896386981010437
                ]
            ],
            [
                [
                    0.8780881762504578,
                    -0.47836774587631226,
                    0.011197928339242935
                ],
                [
                    0.43769571185112,
                    0.7935347557067871,
                    -0.42275872826576233
                ],
                [
                    0.19334819912910461,
                    0.37612074613571167,
                    0.9061729907989502
                ]
            ]
        ],
        "betas": [
            -0.06860250234603882,
            -0.04211920499801636,
            -0.07292518019676208,
            -0.10637673735618591,
            0.016709506511688232,
            0.011859416961669922,
            0.1051783561706543,
            -0.03723767399787903,
            -0.039039596915245056,
            -0.0018169879913330078
        ]
    },
    "pred_cam_t": [
        -0.1402519941329956,
        -0.005273092538118362,
        4.70134973526001
    ],
    "focal_length": [
        5000.0,
        5000.0
    ],
    "pred_keypoints_3d": [
        [
            0.09609697759151459,
            0.006402788683772087,
            0.006234427914023399
        ],
        [
            0.10467134416103363,
            -0.022329803556203842,
            0.030622685328125954
        ],
        [
            0.1196683794260025,
            -0.03669002652168274,
            0.05344981700181961
        ],
        [
            0.14171037077903748,
            -0.03250204399228096,
            0.0688084289431572
        ],
        [
            0.1559302806854248,
            -0.023010605946183205,
            0.09877333790063858
        ],
        [
            0.1625899076461792,
            -0.02341493032872677,
            0.06069830060005188
        ],
        [
            0.19251586496829987,
            -0.031931791454553604,
            0.07220274209976196
        ],
        [
            0.19560302793979645,
            -0.031492847949266434,
            0.09428301453590393
        ],
        [
            0.1900300234556198,
            -0.02809613198041916,
            0.1185036301612854
        ],
        [
            0.17156648635864258,
            1.893751323223114e-05,
            0.06376871466636658
        ],
        [
            0.19566461443901062,
            0.015688681975007057,
            0.07759124040603638
        ],
        [
            0.18973353505134583,
            0.015682319179177284,
            0.10022944211959839
        ],
        [
            0.17713509500026703,
            0.00972241535782814,
            0.12171271443367004
        ],
        [
            0.16112396121025085,
            0.024495117366313934,
            0.060222260653972626
        ],
        [
            0.1631411761045456,
            0.03178432956337929,
            0.08827462792396545
        ],
        [
            0.1475485861301422,
            0.026755888015031815,
            0.10708369314670563
        ],
        [
            0.13041777908802032,
            0.02073517069220543,
            0.12531983852386475
        ],
        [
            0.14809544384479523,
            0.04207633435726166,
            0.05889678746461868
        ],
        [
            0.14858286082744598,
            0.04252032935619354,
            0.08009133487939835
        ],
        [
            0.1390763372182846,
            0.03936515003442764,
            0.09628146886825562
        ],
        [
            0.12670081853866577,
            0.03422694280743599,
            0.11151822656393051
        ]
    ],
    "pred_vertices": [
        [
            0.12510663270950317,
            -0.014813832938671112,
            0.047039736062288284
        ],
        [
            0.11569242924451828,
            -0.012504154816269875,
            0.04176647216081619
        ],
        [
            0.12004892528057098,
            -0.018260516226291656,
            0.04864213615655899
        ],
        [
            0.12795856595039368,
            -0.021585281938314438,
            0.05204358696937561
        ],
        [
            0.09983882308006287,
            -0.01854422315955162,
            0.04904322326183319
        ],
        [
            0.0926436185836792,
            -0.027792099863290787,
            0.04574064165353775
        ],
        [
            0.10479409247636795,
            -0.03342069312930107,
            0.05729440599679947
        ],
        [
            0.10850707441568375,
            -0.024255167692899704,
            0.05878259986639023
        ],
        [
            0.131999209523201,
            -0.026843223720788956,
            0.05429038405418396
        ],
        [
            0.12383727729320526,
            -0.022824328392744064,
            0.05421220138669014
        ],
        [
            0.13430114090442657,
            -0.029130224138498306,
            0.0500725656747818
        ],
        [
            0.14511193335056305,
            -0.034011248499155045,
            0.048430927097797394
        ],
        [
            0.14107459783554077,
            -0.030628953129053116,
            0.054107628762722015
        ],
        [
            0.15289193391799927,
            -0.03441969305276871,
            0.05030401051044464
        ],
        [
            0.14467819035053253,
            -0.03488092124462128,
            0.037488918751478195
        ],
        [
            0.15691782534122467,
            -0.030774060636758804,
            0.04277166724205017
        ],
        [
            0.14838173985481262,
            -0.010657412931323051,
            0.02487713098526001
        ],
        [
            0.1469765156507492,
            0.0027635053265839815,
            0.023516476154327393
        ],
        [
            0.15955506265163422,
            0.0027933854144066572,
            0.03428196534514427
        ],
        [
            0.1589750349521637,
            -0.010765640065073967,
            0.035380344837903976
        ],
        [
            0.15127363801002502,
            0.02159981057047844,
            0.032507721334695816
        ],
        [
            0.15691277384757996,
            0.011356736533343792,
            0.03404233604669571
        ],
        [
            0.1443295031785965,
            0.011261634528636932,
            0.0222553052008152
        ],
        [
            0.13945579528808594,
            0.0202777162194252,
            0.021705307066440582
        ],
        [
            0.12051574885845184,
            -0.0010140887461602688,
            0.041651733219623566
        ],
        [
            0.1110144853591919,
            0.0006739613600075245,
            0.035936325788497925
        ],
        [
            0.11276889592409134,
            -0.004548574797809124,
            0.0365571528673172
        ],
        [
            0.1216878592967987,
            -0.006259840447455645,
            0.042502760887145996
        ],
        [
            0.1332383155822754,
            -0.03481663390994072,
            0.04789828509092331
        ],
        [
            0.13068339228630066,
            -0.03969220072031021,
            0.03944425284862518
        ],
        [
            0.13481658697128296,
            -0.034725770354270935,
            0.04337281733751297
        ],
        [
            0.13285675644874573,
            -0.030243907123804092,
            0.051067788153886795
        ],
        [
            0.08579955250024796,
            0.011832920834422112,
            0.027516767382621765
        ],
        [
            0.07971993833780289,
            0.01089464221149683,
            0.015447024255990982
        ],
        [
            0.08023497462272644,
            0.0050199865363538265,
            0.014926198869943619
        ],
        [
            0.08596930652856827,
            0.007181047927588224,
            0.025726400315761566
        ],
        [
            0.08190353959798813,
            -0.01655222848057747,
            0.02451188862323761
        ],
        [
            0.08033750206232071,
            -0.013218359090387821,
            0.013372644782066345
        ],
        [
            0.08166582137346268,
            -0.02190730720758438,
            0.0027911104261875153
        ],
        [
            0.08580761402845383,
            -0.026840073987841606,
            0.011780224740505219
        ],
        [
            0.08625001460313797,
            -0.022290699183940887,
            0.036167778074741364
        ],
        [
            0.08726979792118073,
            -0.032139990478754044,
            0.025764066725969315
        ],
        [
            0.09345405548810959,
            -0.03720250353217125,
            0.03875897824764252
        ],
        [
            0.1062450110912323,
            -0.04131273925304413,
            0.05221349000930786
        ],
        [
            0.08035756647586823,
            0.02369105815887451,
            0.014173638075590134
        ],
        [
            0.08450298756361008,
            0.026243943721055984,
            0.023200344294309616
        ],
        [
            0.1827891767024994,
            -0.035536110401153564,
            0.08158694952726364
        ],
        [
            0.18348751962184906,
            -0.029578715562820435,
            0.08294727653265
        ],
        [
            0.18117867410182953,
            -0.029818251729011536,
            0.08116444945335388
        ],
        [
            0.18099546432495117,
            -0.03538522869348526,
            0.08003120869398117
        ],
        [
            0.0950700044631958,
            0.03614611178636551,
            0.007838927209377289
        ],
        [
            0.10213568806648254,
            0.035416025668382645,
            0.0006434991955757141
        ],
        [
            0.09570342302322388,
            0.03623806685209274,
            -0.0027602389454841614
        ],
        [
            0.08886419981718063,
            0.03501742333173752,
            0.003608204424381256
        ],
        [
            0.10326012969017029,
            0.03756134584546089,
            0.013456571847200394
        ],
        [
            0.1107153594493866,
            0.033769238740205765,
            0.0058165863156318665
        ],
        [
            0.19343197345733643,
            -0.03970566391944885,
            0.07568705081939697
        ],
        [
            0.18899232149124146,
            -0.04106447100639343,
            0.0782301127910614
        ],
        [
            0.18755945563316345,
            -0.040548402816057205,
            0.07399188727140427
        ],
        [
            0.19136649370193481,
            -0.03830358758568764,
            0.07044652849435806
        ],
        [
            0.13649481534957886,
            -0.02494087815284729,
            0.05565465986728668
        ],
        [
            0.1328400820493698,
            -0.01674695312976837,
            0.053360648453235626
        ],
        [
            0.1537887454032898,
            -0.025011491030454636,
            0.06702794879674911
        ],
        [
            0.14475439488887787,
            -0.020539645105600357,
            0.06062660738825798
        ],
        [
            0.14493674039840698,
            -0.027553318068385124,
            0.059380192309617996
        ],
        [
            0.15281309187412262,
            -0.030595004558563232,
            0.06331828236579895
        ],
        [
            0.13923251628875732,
            0.0019623818807303905,
            0.05481966212391853
        ],
        [
            0.12985970079898834,
            0.001917790388688445,
            0.04763038083910942
        ],
        [
            0.13187430799007416,
            -0.00424826517701149,
            0.04897872358560562
        ],
        [
            0.14177387952804565,
            -0.00591734703630209,
            0.05759858712553978
        ],
        [
            0.1254667341709137,
            0.015437435358762741,
            0.04831155389547348
        ],
        [
            0.135332390666008,
            0.014412544667720795,
            0.05485514923930168
        ],
        [
            0.13163994252681732,
            0.0221756212413311,
            0.05439113825559616
        ],
        [
            0.12467217445373535,
            0.02146860770881176,
            0.050682611763477325
        ],
        [
            0.15281137824058533,
            0.008867054246366024,
            0.0665728747844696
        ],
        [
            0.16017965972423553,
            0.008279229514300823,
            0.07023521512746811
        ],
        [
            0.1584663689136505,
            0.012251879088580608,
            0.07014259696006775
        ],
        [
            0.151785209774971,
            0.0124607402831316,
            0.06513290107250214
        ],
        [
            0.09001955389976501,
            0.036658722907304764,
            -0.007036864757537842
        ],
        [
            0.08329665660858154,
            0.03313851356506348,
            -0.000761181116104126
        ],
        [
            0.13996315002441406,
            0.040424373000860214,
            0.034103427082300186
        ],
        [
            0.130107119679451,
            0.04515386000275612,
            0.036612026393413544
        ],
        [
            0.1393299251794815,
            0.048173464834690094,
            0.04571900889277458
        ],
        [
            0.14823390543460846,
            0.042472679167985916,
            0.04030434042215347
        ],
        [
            0.10884454846382141,
            0.029072219505906105,
            -0.004128269851207733
        ],
        [
            0.10291783511638641,
            0.032040663063526154,
            -0.008373856544494629
        ],
        [
            0.1972462683916092,
            -0.034710727632045746,
            0.07407574355602264
        ],
        [
            0.19490975141525269,
            -0.033133335411548615,
            0.0691022127866745
        ],
        [
            0.09931124001741409,
            -0.04105635732412338,
            0.02649620920419693
        ],
        [
            0.11045123636722565,
            -0.04576466605067253,
            0.04480691999197006
        ],
        [
            0.0944700837135315,
            -0.03388292342424393,
            0.011760096997022629
        ],
        [
            0.09270817786455154,
            -0.027589205652475357,
            0.0015126056969165802
        ],
        [
            0.08926940709352493,
            -0.024239225313067436,
            -0.006516993045806885
        ],
        [
            0.14786727726459503,
            -0.014782983809709549,
            0.06370855122804642
        ],
        [
            0.12923668324947357,
            -0.009573191404342651,
            0.04859268292784691
        ],
        [
            0.11919617652893066,
            0.0038841795176267624,
            0.04142860323190689
        ],
        [
            0.11230624467134476,
            0.033476851880550385,
            0.04723895341157913
        ],
        [
            0.10356904566287994,
            0.03283394128084183,
            0.04138587787747383
        ],
        [
            0.10742663592100143,
            0.02318400889635086,
            0.044121548533439636
        ],
        [
            0.11468832939863205,
            0.025803793221712112,
            0.048201341181993484
        ],
        [
            0.1233750432729721,
            0.04567064344882965,
            0.04397816210985184
        ],
        [
            0.12130896747112274,
            0.04059036821126938,
            0.049908753484487534
        ],
        [
            0.12842021882534027,
            0.04149770364165306,
            0.054605212062597275
        ],
        [
            0.13162648677825928,
            0.047167856246232986,
            0.0504118911921978
        ],
        [
            0.13213160634040833,
            -0.04179440438747406,
            0.04792221263051033
        ],
        [
            0.1261744201183319,
            -0.04425035044550896,
            0.03714347258210182
        ],
        [
            0.0881749615073204,
            0.03306690976023674,
            0.015320897102355957
        ],
        [
            0.08310385048389435,
            0.02988075651228428,
            0.010244272649288177
        ],
        [
            0.07850252091884613,
            0.028460316359996796,
            0.0032158643007278442
        ],
        [
            0.09770727157592773,
            0.0048972489312291145,
            0.03218863159418106
        ],
        [
            0.08589360117912292,
            0.003869139589369297,
            0.024648264050483704
        ],
        [
            0.08615623414516449,
            -0.0005467552691698074,
            0.025609388947486877
        ],
        [
            0.09882933646440506,
            0.0019384515471756458,
            0.03140098601579666
        ],
        [
            0.10478051751852036,
            -0.009830108843743801,
            0.04025421291589737
        ],
        [
            0.09181226044893265,
            -0.011620861478149891,
            0.03792991116642952
        ],
        [
            0.1112319678068161,
            -0.014705647714436054,
            0.04937870800495148
        ],
        [
            0.07953372597694397,
            -0.0029735304415225983,
            0.013219881802797318
        ],
        [
            0.0736059695482254,
            0.004103194456547499,
            0.007107216864824295
        ],
        [
            0.07445242255926132,
            -0.004599113017320633,
            0.005386672914028168
        ],
        [
            0.07387237250804901,
            0.013920814730226994,
            0.0068091824650764465
        ],
        [
            0.07534588128328323,
            0.022658107802271843,
            0.005699269473552704
        ],
        [
            0.09844473749399185,
            0.03450818359851837,
            -0.015255764126777649
        ],
        [
            0.07690475136041641,
            -0.012339290231466293,
            0.003388546407222748
        ],
        [
            0.11504204571247101,
            -0.027851752936840057,
            0.06297516822814941
        ],
        [
            0.12144699692726135,
            -0.029658209532499313,
            0.06541130691766739
        ],
        [
            0.1248154416680336,
            -0.024383582174777985,
            0.06162290275096893
        ],
        [
            0.12041563540697098,
            -0.023404888808727264,
            0.0596461184322834
        ],
        [
            0.16163937747478485,
            -0.034487251192331314,
            0.052843738347291946
        ],
        [
            0.15688173472881317,
            -0.034347452223300934,
            0.05944838747382164
        ],
        [
            0.147433340549469,
            -0.03344878554344177,
            0.055290356278419495
        ],
        [
            0.09330948442220688,
            0.017194436863064766,
            0.03470456600189209
        ],
        [
            0.09168316423892975,
            0.02919825166463852,
            0.030861694365739822
        ],
        [
            0.15808361768722534,
            -0.019821196794509888,
            0.06910189986228943
        ],
        [
            0.18964560329914093,
            -0.03735119104385376,
            0.06612476706504822
        ],
        [
            0.18546944856643677,
            -0.04024422913789749,
            0.06970549374818802
        ],
        [
            0.17399241030216217,
            -0.036660727113485336,
            0.059354268014431
        ],
        [
            0.17861397564411163,
            -0.03336545079946518,
            0.05565565451979637
        ],
        [
            0.170872300863266,
            -0.017056170850992203,
            0.06891155987977982
        ],
        [
            0.16512714326381683,
            -0.021136198192834854,
            0.07035721093416214
        ],
        [
            0.1690867841243744,
            -0.021716540679335594,
            0.07050499320030212
        ],
        [
            0.17441675066947937,
            -0.018015511333942413,
            0.07022034376859665
        ],
        [
            0.15254482626914978,
            0.019103825092315674,
            0.06737063825130463
        ],
        [
            0.14724701642990112,
            0.019451867789030075,
            0.06337742507457733
        ],
        [
            0.16849476099014282,
            -0.010417856276035309,
            0.04832370951771736
        ],
        [
            0.16672919690608978,
            -0.022576069459319115,
            0.04349251091480255
        ],
        [
            0.1585678905248642,
            -0.022156905382871628,
            0.03646472468972206
        ],
        [
            0.136649951338768,
            0.008981960825622082,
            0.054043740034103394
        ],
        [
            0.14491011202335358,
            0.00968863070011139,
            0.06069095432758331
        ],
        [
            0.14388138055801392,
            0.013676589354872704,
            0.06022733449935913
        ],
        [
            0.1515102982521057,
            -0.011728179641067982,
            0.06544621288776398
        ],
        [
            0.1605599820613861,
            -0.014273356646299362,
            0.06944401562213898
        ],
        [
            0.1569313257932663,
            -0.009207009337842464,
            0.06731321662664413
        ],
        [
            0.14944180846214294,
            -0.006707488093525171,
            0.06316765397787094
        ],
        [
            0.12079863250255585,
            0.04317115247249603,
            0.027333933860063553
        ],
        [
            0.11310818791389465,
            0.044167567044496536,
            0.03611285984516144
        ],
        [
            0.18497584760189056,
            -0.03956141322851181,
            0.08017344772815704
        ],
        [
            0.18340305984020233,
            -0.03941130265593529,
            0.0774601548910141
        ],
        [
            0.12749986350536346,
            0.008776994422078133,
            0.04707476496696472
        ],
        [
            0.14763489365577698,
            -0.021589886397123337,
            0.02802656590938568
        ],
        [
            0.1175030916929245,
            0.009146185591816902,
            0.04146970063447952
        ],
        [
            0.15852847695350647,
            0.03054473176598549,
            0.051255181431770325
        ],
        [
            0.15340779721736908,
            0.03241921216249466,
            0.058084454387426376
        ],
        [
            0.15539193153381348,
            0.0310656800866127,
            0.062002960592508316
        ],
        [
            0.16082608699798584,
            0.030793601647019386,
            0.05900277942419052
        ],
        [
            0.18566632270812988,
            -0.02016737498342991,
            0.0761999860405922
        ],
        [
            0.1826246976852417,
            -0.02376479096710682,
            0.07958250492811203
        ],
        [
            0.1836557686328888,
            -0.02406449057161808,
            0.08057049661874771
        ],
        [
            0.1879585236310959,
            -0.020800909027457237,
            0.0778396725654602
        ],
        [
            0.1624106615781784,
            -0.026310080662369728,
            0.06925459951162338
        ],
        [
            0.16095781326293945,
            -0.031850967556238174,
            0.06611435115337372
        ],
        [
            0.16713546216487885,
            -0.03226592764258385,
            0.06863069534301758
        ],
        [
            0.16798549890518188,
            -0.02671734057366848,
            0.07042373716831207
        ],
        [
            0.16472071409225464,
            -0.03527630865573883,
            0.06128925830125809
        ],
        [
            0.1695806235074997,
            -0.03611459955573082,
            0.06393828988075256
        ],
        [
            0.1898278445005417,
            -0.02004329487681389,
            0.07118703424930573
        ],
        [
            0.19301311671733856,
            -0.02518346533179283,
            0.06647075712680817
        ],
        [
            0.18246811628341675,
            -0.020360203459858894,
            0.058307092636823654
        ],
        [
            0.18046793341636658,
            -0.01779063232243061,
            0.06528251618146896
        ],
        [
            0.1292400062084198,
            0.019259605556726456,
            0.010399587452411652
        ],
        [
            0.12450652569532394,
            0.0292688999325037,
            0.01207653433084488
        ],
        [
            0.13470681011676788,
            0.03066229075193405,
            0.023299790918827057
        ],
        [
            0.14556080102920532,
            0.03284758701920509,
            0.03361862525343895
        ],
        [
            0.15518811345100403,
            0.03353635221719742,
            0.04390126094222069
        ],
        [
            0.16180305182933807,
            0.023605450987815857,
            0.04103467985987663
        ],
        [
            0.1298656165599823,
            0.0373271107673645,
            0.023919962346553802
        ],
        [
            0.17336705327033997,
            -0.010246950201690197,
            0.06102001294493675
        ],
        [
            0.17335830628871918,
            -0.016269048675894737,
            0.05366302281618118
        ],
        [
            0.17310304939746857,
            -0.009557925164699554,
            0.05442626401782036
        ],
        [
            0.11493389308452606,
            0.015933789312839508,
            0.0433308482170105
        ],
        [
            0.18189509212970734,
            -0.039791230112314224,
            0.07359803467988968
        ],
        [
            0.10817643254995346,
            -0.013356888666749,
            -0.011158950626850128
        ],
        [
            0.11143946647644043,
            -0.0003319280222058296,
            -0.013420961797237396
        ],
        [
            0.11681754887104034,
            -0.002899831160902977,
            -0.006998196244239807
        ],
        [
            0.11252428591251373,
            -0.017655540257692337,
            -0.003676466643810272
        ],
        [
            0.18012471497058868,
            -0.0303362924605608,
            0.08025553822517395
        ],
        [
            0.17931349575519562,
            -0.036210428923368454,
            0.07794925570487976
        ],
        [
            0.14552807807922363,
            0.02576369233429432,
            0.06423924118280411
        ],
        [
            0.1504899263381958,
            0.024506840854883194,
            0.06707382947206497
        ],
        [
            0.1512274295091629,
            0.02836606279015541,
            0.06633108854293823
        ],
        [
            0.14585569500923157,
            0.030695416033267975,
            0.06600707024335861
        ],
        [
            0.12059527635574341,
            0.03381212800741196,
            0.012543369084596634
        ],
        [
            0.1424533575773239,
            0.04904401674866676,
            0.05406695604324341
        ],
        [
            0.15117943286895752,
            0.044054895639419556,
            0.04848702251911163
        ],
        [
            0.11582858860492706,
            0.02765856496989727,
            0.002271801233291626
        ],
        [
            0.12028297036886215,
            0.019143646582961082,
            0.00021748244762420654
        ],
        [
            0.1136956661939621,
            0.019627749919891357,
            -0.007023923099040985
        ],
        [
            0.16725461184978485,
            0.010720598511397839,
            0.047483548521995544
        ],
        [
            0.13354775309562683,
            0.011722436174750328,
            0.011231355369091034
        ],
        [
            0.12330944836139679,
            0.012088041752576828,
            0.0008323639631271362
        ],
        [
            0.1155988797545433,
            0.01234069187194109,
            -0.00780303031206131
        ],
        [
            0.11039521545171738,
            0.013336438685655594,
            -0.01429874449968338
        ],
        [
            0.10875717550516129,
            0.02118391916155815,
            -0.012707367539405823
        ],
        [
            0.19222542643547058,
            -0.03147051855921745,
            0.06538543850183487
        ],
        [
            0.1964596062898636,
            -0.026169706135988235,
            0.0705035924911499
        ],
        [
            0.10424474626779556,
            0.023597352206707,
            -0.02029784768819809
        ],
        [
            0.10577327758073807,
            0.014483445324003696,
            -0.02132512629032135
        ],
        [
            0.1255532056093216,
            0.0031772134825587273,
            0.0016085878014564514
        ],
        [
            0.1267261952161789,
            -0.008185582235455513,
            0.0034929998219013214
        ],
        [
            0.13515162467956543,
            0.00316323759034276,
            0.011825010180473328
        ],
        [
            0.13742467761039734,
            -0.007942894473671913,
            0.014321349561214447
        ],
        [
            0.1681572049856186,
            0.001247788779437542,
            0.041601087898015976
        ],
        [
            0.20074783265590668,
            -0.02582404389977455,
            0.08852176368236542
        ],
        [
            0.1967470347881317,
            -0.023076839745044708,
            0.07843732833862305
        ],
        [
            0.19145053625106812,
            -0.02172302082180977,
            0.0806398093700409
        ],
        [
            0.1973828375339508,
            -0.023208007216453552,
            0.08937904238700867
        ],
        [
            0.19259896874427795,
            -0.02117999829351902,
            0.07425601780414581
        ],
        [
            0.198817178606987,
            -0.02764689177274704,
            0.07558201998472214
        ],
        [
            0.1353893280029297,
            -0.022150268778204918,
            0.018462512642145157
        ],
        [
            0.16695286333560944,
            -0.010156645439565182,
            0.069654181599617
        ],
        [
            0.12104529142379761,
            -0.024925172328948975,
            0.009288076311349869
        ],
        [
            0.13544346392154694,
            -0.036099404096603394,
            0.027727551758289337
        ],
        [
            0.12347517162561417,
            -0.038349151611328125,
            0.023452121764421463
        ],
        [
            0.105353944003582,
            -0.02895880490541458,
            0.0019076839089393616
        ],
        [
            0.1092488169670105,
            -0.03887243941426277,
            0.016156330704689026
        ],
        [
            0.0976206585764885,
            -0.02004169300198555,
            -0.0128236785531044
        ],
        [
            0.10246940702199936,
            -0.02312341332435608,
            -0.005892135202884674
        ],
        [
            0.11421133577823639,
            -0.04537878930568695,
            0.03156702220439911
        ],
        [
            0.18578168749809265,
            -0.03299682214856148,
            0.09021319448947906
