{
    "pred_cam": [
        6.842524528503418,
        0.07513482868671417,
        -0.05994487553834915
    ],
    "pred_mano_params": {
        "global_orient": [
            [
                [
                    0.46895191073417664,
                    -0.4637186527252197,
                    0.7516975402832031
                ],
                [
                    -0.696620762348175,
                    -0.7173954248428345,
                    -0.007965898141264915
                ],
                [
                    0.5429581999778748,
                    -0.5199124813079834,
                    -0.6594600081443787
                ]
            ]
        ],
        "hand_pose": [
            [
                [
                    0.8899891376495361,
                    -0.09027566760778427,
                    -0.4469558894634247
                ],
                [
                    0.054535795003175735,
                    0.9942438006401062,
                    -0.09222333133220673
                ],
                [
                    0.4527086317539215,
                    0.0577026791870594,
                    0.8897894620895386
                ]
            ],
            [
                [
                    0.9382944703102112,
                    -0.320455938577652,
                    0.1300443559885025
                ],
                [
                    0.33710044622421265,
                    0.9314553737640381,
                    -0.13694600760936737
                ],
                [
                    -0.07724534720182419,
                    0.17233368754386902,
                    0.98200523853302
                ]
            ],
            [
                [
                    0.681733250617981,
                    -0.7181738615036011,
                    0.13952071964740753
                ],
                [
                    0.7308074235916138,
                    0.6596168279647827,
                    -0.175573468208313
                ],
                [
                    0.034062061458826065,
                    0.22165706753730774,
                    0.974529504776001
                ]
            ],
            [
                [
                    0.93576580286026,
                    -0.06121097505092621,
                    -0.3472687602043152
                ],
                [
                    -0.0067657846957445145,
                    0.9815203547477722,
                    -0.19123804569244385
                ],
                [
                    0.3525572419166565,
                    0.18130356073379517,
                    0.9180590510368347
                ]
            ],
            [
                [
                    0.6992570161819458,
                    -0.6945359110832214,
                    -0.16929100453853607
                ],
                [
                    0.7120341658592224,
                    0.6555979251861572,
                    0.25139328837394714
                ],
                [
                    -0.06361483037471771,
                    -0.296329528093338,
                    0.952964723110199
                ]
            ],
            [
                [
                    0.7355086803436279,
                    -0.6772390007972717,
                    -0.019350238144397736
                ],
                [
                    0.6769362092018127,
                    0.7333993911743164,
                    0.06231144070625305
                ],
                [
                    -0.02800828218460083,
                    -0.05892947316169739,
                    0.9978692531585693
                ]
            ],
            [
                [
                    0.8505162000656128,
                    -0.5012974739074707,
                    0.15913215279579163
                ],
                [
                    0.5142503380775452,
                    0.8560803532600403,
                    -0.051701005548238754
                ],
                [
                    -0.1103123351931572,
                    0.1258063018321991,
                    0.9859026074409485
                ]
            ],
            [
                [
                    0.9479184746742249,
                    -0.21867775917053223,
                    -0.2315828949213028
                ],
                [
                    0.2893667221069336,
                    0.8950935006141663,
                    0.33922648429870605
                ],
                [
                    0.1331070512533188,
                    -0.3885714113712311,
                    0.9117537140846252
                ]
            ],
            [
                [
                    0.8634321093559265,
                    -0.3418511152267456,
                    0.3709753155708313
                ],
                [
                    0.31841805577278137,
                    0.9396971464157104,
                    0.1248173788189888
                ],
                [
                    -0.3912733793258667,
                    0.010353869758546352,
                    0.9202162623405457
                ]
            ],
            [
                [
                    0.9691197872161865,
                    -0.15100149810314178,
                    -0.19495001435279846
                ],
                [
                    0.10272794961929321,
                    0.965938150882721,
                    -0.237509086728096
                ],
                [
                    0.22417384386062622,
                    0.2101479172706604,
                    0.9516218304634094
                ]
            ],
            [
                [
                    0.7875010967254639,
                    -0.5762286186218262,
                    -0.2186383306980133
                ],
                [
                    0.6141560673713684,
                    0.7040492296218872,
                    0.35654884576797485
                ],
                [
                    -0.05152148753404617,
                    -0.4150606095790863,
                    0.9083338379859924
                ]
            ],
            [
                [
                    0.7246987819671631,
                    -0.6821238994598389,
                    -0.09756321460008621
                ],
                [
                    0.6817240715026855,
                    0.6891410946846008,
                    0.24563558399677277
                ],
                [
                    -0.10031909495592117,
                    -0.24452301859855652,
                    0.9644399881362915
                ]
            ],
            [
                [
                    0.9051308035850525,
                    0.08656392991542816,
                    0.4162271022796631
                ],
                [
                    0.2491256147623062,
                    0.6853416562080383,
                    -0.6842830181121826
                ],
                [
                    -0.34449201822280884,
                    0.7230584025382996,
                    0.5987585783004761
                ]
            ],
            [
                [
                    0.9330310821533203,
                    -0.34621208906173706,
                    -0.0979287400841713
                ],
                [
                    0.3355814814567566,
                    0.7392223477363586,
                    0.5838966369628906
                ],
                [
                    -0.1297609955072403,
                    -0.5776569247245789,
                    0.8058997988700867
                ]
            ],
            [
                [
                    0.868451714515686,
                    0.29405567049980164,
                    -0.399152547121048
                ],
                [
                    -0.28384149074554443,
                    0.955007791519165,
                    0.0859890952706337
                ],
                [
                    0.4064793586730957,
                    0.03861869126558304,
                    0.9128433465957642
                ]
            ]
        ],
        "betas": [
            -0.04636460542678833,
            -0.12789443135261536,
            -0.07601863145828247,
            0.057618409395217896,
            0.03377896547317505,
            0.04475860670208931,
            0.060937657952308655,
            -0.01670783758163452,
            0.011163413524627686,
            -0.026183396577835083
        ]
    },
    "pred_cam_t": [
        -0.07513482868671417,
        -0.05994487553834915,
        5.708784580230713
    ],
    "focal_length": [
        5000.0,
        5000.0
    ],
    "pred_keypoints_3d": [
        [
            0.09599995613098145,
            0.0064106411300599575,
            0.006226806901395321
        ],
        [
            0.11132856458425522,
            0.03412497043609619,
            -0.01586322858929634
        ],
        [
            0.13344089686870575,
            0.0541691817343235,
            -0.023707911372184753
        ],
        [
            0.14875498414039612,
            0.0757162868976593,
            -0.029992464929819107
        ],
        [
            0.15616613626480103,
            0.10569004714488983,
            -0.0482683926820755
        ],
        [
            0.07244257628917694,
            0.0715475007891655,
            -0.052626293152570724
        ],
        [
            0.04768181964755058,
            0.0914950892329216,
            -0.061895065009593964
        ],
        [
            0.03739209473133087,
            0.11124273389577866,
            -0.06090312823653221
        ],
        [
            0.038148630410432816,
            0.13238798081874847,
            -0.04693451523780823
        ],
        [
            0.04958473518490791,
            0.07368439435958862,
            -0.04224906861782074
        ],
        [
            0.023442842066287994,
            0.09072409570217133,
            -0.04828840494155884
        ],
        [
            0.018330838531255722,
            0.111501544713974,
            -0.038932569324970245
        ],
        [
            0.026251981034874916,
            0.13132208585739136,
            -0.024997729808092117
        ],
        [
            0.03926510363817215,
            0.06661659479141235,
            -0.01861461251974106
        ],
        [
            0.018436964601278305,
            0.08521860837936401,
            -0.026274343952536583
        ],
        [
            0.012233714573085308,
            0.1065615713596344,
            -0.015111850574612617
        ],
        [
            0.020153837278485298,
            0.12542609870433807,
            -0.0003094356507062912
        ],
        [
            0.03566690534353256,
            0.06200018897652626,
            0.002409852109849453
        ],
        [
            0.023791978135704994,
            0.07943335175514221,
            0.004494968801736832
        ],
        [
            0.01804269105195999,
            0.09476006031036377,
            0.014217248186469078
        ],
        [
            0.01997216045856476,
            0.11150521039962769,
            0.019882697612047195
        ]
    ],
    "pred_vertices": [
        [
            0.09498462080955505,
            0.05505785346031189,
            -0.023367371410131454
        ],
        [
            0.1008920967578888,
            0.05040145665407181,
            -0.016930751502513885
        ],
        [
            0.10867080837488174,
            0.058042459189891815,
            -0.020882103592157364
        ],
        [
            0.10153228044509888,
            0.06184329092502594,
            -0.028825189918279648
        ],
        [
            0.11852473020553589,
            0.04599769413471222,
            -0.0031362809240818024
        ],
        [
            0.12711367011070251,
            0.03795584663748741,
            -0.003475882112979889
        ],
        [
            0.13527421653270721,
            0.05012204870581627,
            -0.008970949798822403
        ],
        [
            0.12805305421352386,
            0.05601215735077858,
            -0.006756596267223358
        ],
        [
            0.10781199485063553,
            0.06611558049917221,
            -0.03374997526407242
        ],
        [
            0.11496017128229141,
            0.06363266706466675,
            -0.023438911885023117
        ],
        [
            0.11367535591125488,
            0.06500431895256042,
            -0.0364251472055912
        ],
        [
            0.10007719695568085,
            0.06201944500207901,
            -0.0492728166282177
        ],
        [
            0.09843937307596207,
            0.06562834233045578,
            -0.04350171983242035
        ],
        [
            0.09072988480329514,
            0.06320175528526306,
            -0.05543822795152664
        ],
        [
            0.09909369051456451,
            0.05082269012928009,
            -0.05131852626800537
        ],
        [
            0.08403158187866211,
            0.0561768040060997,
            -0.057416412979364395
        ],
        [
            0.07257617264986038,
            0.033647820353507996,
            -0.03945200890302658
        ],
        [
            0.06384838372468948,
            0.030490268021821976,
            -0.029124965891242027
        ],
        [
            0.05577433854341507,
            0.042772628366947174,
            -0.03604763746261597
        ],
        [
            0.06549942493438721,
            0.04528253152966499,
            -0.045408885926008224
        ],
        [
            0.04925265163183212,
            0.037976671010255814,
            -0.017103716731071472
        ],
        [
            0.05206921696662903,
            0.0411732979118824,
            -0.028033623471856117
        ],
        [
            0.059724293649196625,
            0.028029415756464005,
            -0.02151760831475258
        ],
        [
            0.0568496435880661,
            0.026000909507274628,
            -0.011898428201675415
        ],
        [
            0.08553747832775116,
            0.04566710442304611,
            -0.010841362178325653
        ],
        [
            0.0903540849685669,
            0.03954082354903221,
            -0.0046742744743824005
        ],
        [
            0.0933898389339447,
            0.042756590992212296,
            -0.010388515889644623
        ],
        [
            0.08899376541376114,
            0.048072028905153275,
            -0.015550684183835983
        ],
        [
            0.12983840703964233,
            0.061854977160692215,
            -0.035988084971904755
        ],
        [
            0.1197768822312355,
            0.05092667415738106,
            -0.041433222591876984
        ],
        [
            0.1156301200389862,
            0.058107808232307434,
            -0.041286103427410126
        ],
        [
            0.12835313379764557,
            0.06603888422250748,
            -0.032399773597717285
        ],
        [
            0.09988181293010712,
            0.025598790496587753,
            0.020370807498693466
        ],
        [
            0.10453654825687408,
            0.012986965477466583,
            0.022204522043466568
        ],
        [
            0.10813798010349274,
            0.013039208948612213,
            0.01756199076771736
        ],
        [
            0.10250475257635117,
            0.024413201957941055,
            0.016432378441095352
        ],
        [
            0.11950851231813431,
            0.021243542432785034,
            0.002395525574684143
        ],
        [
            0.11931993812322617,
            0.011734597384929657,
            0.0041642263531684875
        ],
        [
            0.1251571923494339,
            0.0020090192556381226,
            -0.004002626985311508
        ],
        [
            0.1250499039888382,
            0.010053075850009918,
            -0.008711270987987518
        ],
        [
            0.12212511897087097,
            0.030201386660337448,
            -0.0006064996123313904
        ],
        [
            0.12798582017421722,
            0.02086198329925537,
            -0.009326867759227753
        ],
        [
            0.13153594732284546,
            0.030032634735107422,
            -0.010675638914108276
        ],
        [
            0.1387191116809845,
            0.04378529265522957,
            -0.015058539807796478
        ],
        [
            0.09492766857147217,
            0.01073496788740158,
            0.03049381449818611
        ],
        [
            0.09048870205879211,
            0.019885998219251633,
            0.030660355463624
        ],
        [
            0.05341716110706329,
            0.1011691689491272,
            -0.060165662318468094
        ],
        [
            0.05018676072359085,
            0.1004924550652504,
            -0.05525660887360573
        ],
        [
            0.05352085456252098,
            0.09782808274030685,
            -0.05492469668388367
        ],
        [
            0.05589373782277107,
            0.09872566908597946,
            -0.06014370173215866
        ],
        [
            0.07559207826852798,
            0.005315408110618591,
            0.02782091498374939
        ],
        [
            0.07088972628116608,
            -0.0008285865187644958,
            0.021280881017446518
        ],
        [
            0.07467198371887207,
            -0.0050472840666770935,
            0.025905732065439224
        ],
        [
            0.08056527376174927,
            0.0004646033048629761,
            0.030811794102191925
        ],
        [
            0.06916800886392593,
            0.011852629482746124,
            0.0238344743847847
        ],
        [
            0.06632576137781143,
            0.005538448691368103,
            0.01485508680343628
        ],
        [
            0.04648574814200401,
            0.09721031039953232,
            -0.07039892673492432
        ],
        [
            0.0506284199655056,
            0.09987995028495789,
            -0.06869540363550186
        ],
        [
            0.05268946290016174,
            0.09539345651865005,
            -0.0692363828420639
        ],
        [
            0.04874087870121002,
            0.09197714924812317,
            -0.06991348415613174
        ],
        [
            0.09469002485275269,
            0.06488603353500366,
            -0.036379374563694
        ],
        [
            0.08967762440443039,
            0.06087971106171608,
            -0.028553418815135956
        ],
        [
            0.08077060431241989,
            0.07634156942367554,
            -0.046113476157188416
        ],
        [
            0.08346888422966003,
            0.06887802481651306,
            -0.03831779956817627
        ],
        [
            0.08905517309904099,
            0.06869173794984818,
            -0.043757449835538864
        ],
        [
            0.08507736027240753,
            0.07384315133094788,
            -0.050522442907094955
        ],
        [
            0.07058434188365936,
            0.06059759855270386,
            -0.019518911838531494
        ],
        [
            0.07697442173957825,
            0.05217355117201805,
            -0.014124460518360138
        ],
        [
            0.08013541251420975,
            0.054494842886924744,
            -0.019689762964844704
        ],
        [
            0.07451725006103516,
            0.0642659068107605,
            -0.026338398456573486
        ],
        [
            0.07029357552528381,
            0.05119931697845459,
            -0.0016144141554832458
        ],
        [
            0.06431899964809418,
            0.0593414381146431,
            -0.008165856823325157
        ],
        [
            0.06116268038749695,
            0.05793967843055725,
            -0.0003320891410112381
        ],
        [
            0.06650504469871521,
            0.053000472486019135,
            0.0034494325518608093
        ],
        [
            0.05539831891655922,
            0.07324845343828201,
            -0.02245088666677475
        ],
        [
            0.04974978417158127,
            0.0766373872756958,
            -0.027766484767198563
        ],
        [
            0.04639792442321777,
            0.07716367393732071,
            -0.02498769760131836
        ],
        [
            0.05300777032971382,
            0.07226812839508057,
            -0.019496601074934006
        ],
        [
            0.07820385694503784,
            -0.010007403790950775,
            0.029551919549703598
        ],
        [
            0.08564691990613937,
            -0.0043726712465286255,
            0.03275392949581146
        ],
        [
            0.043494321405887604,
            0.03648357093334198,
            0.003583556041121483
        ],
        [
            0.046467408537864685,
            0.037750113755464554,
            0.014195581898093224
        ],
        [
            0.037908248603343964,
            0.04665673151612282,
            0.011285511776804924
        ],
        [
            0.03704415261745453,
            0.04295231029391289,
            0.000658845528960228
        ],
        [
            0.07056696712970734,
            -0.004147343337535858,
            0.011409595608711243
        ],
        [
            0.07242168486118317,
            -0.00932985544204712,
            0.017037728801369667
        ],
        [
            0.041290611028671265,
            0.09450484067201614,
            -0.06845167279243469
        ],
        [
            0.044070061296224594,
            0.08939115703105927,
            -0.06701824069023132
        ],
        [
            0.1283714920282364,
            0.022439561784267426,
            -0.021578922867774963
        ],
        [
            0.13743238151073456,
            0.039798855781555176,
            -0.023943088948726654
        ],
        [
            0.12323673069477081,
            0.01023949682712555,
            -0.018505971878767014
        ],
        [
            0.12040352076292038,
            0.0017748326063156128,
            -0.015469655394554138
        ],
        [
            0.12125144898891449,
            -0.005736134946346283,
            -0.012170195579528809
        ],
        [
            0.07735089957714081,
            0.07127902656793594,
            -0.0359194241464138
        ],
        [
            0.0862281322479248,
            0.05473213642835617,
            -0.021783728152513504
        ],
        [
            0.0828208327293396,
            0.044468093663454056,
            -0.0063655078411102295
        ],
        [
            0.06661701202392578,
            0.04692481830716133,
            0.019829796627163887
        ],
        [
            0.07310649752616882,
            0.039876848459243774,
            0.024628056213259697
        ],
        [
            0.07723932713270187,
            0.043850090354681015,
            0.01567291095852852
        ],
        [
            0.07033717632293701,
            0.04876480624079704,
            0.01300555095076561
        ],
        [
            0.05057654529809952,
            0.044277630746364594,
            0.020175106823444366
        ],
        [
            0.0553632453083992,
            0.05054915323853493,
            0.01881636679172516
        ],
        [
            0.04909829795360565,
            0.056520916521549225,
            0.014987140893936157
        ],
        [
            0.0434342622756958,
            0.05145123600959778,
            0.01642075926065445
        ],
        [
            0.1358271986246109,
            0.05707746371626854,
            -0.03763989731669426
        ],
        [
            0.12488570809364319,
            0.044804513454437256,
            -0.040170006453990936
        ],
        [
            0.08285447955131531,
            0.01204538345336914,
            0.03163595497608185
        ],
        [
            0.08848311007022858,
            0.006688922643661499,
            0.03226189315319061
        ],
        [
            0.09246793389320374,
            -0.0006822124123573303,
            0.033473920077085495
        ],
        [
            0.09575255215167999,
            0.033184196799993515,
            0.007046610116958618
        ],
        [
            0.10424616932868958,
            0.02371285855770111,
            0.013677988201379776
        ],
        [
            0.1061326339840889,
            0.02504865452647209,
            0.009986568242311478
        ],
        [
            0.09625957906246185,
            0.03374210745096207,
            0.0031886063516139984
        ],
        [
            0.1045946329832077,
            0.04542798548936844,
            -0.007564377039670944
        ],
        [
            0.11069434881210327,
            0.036732446402311325,
            0.0007186457514762878
        ],
        [
            0.11262543499469757,
            0.05413718894124031,
            -0.010125994682312012
        ],
        [
            0.11360923200845718,
            0.011679314076900482,
            0.01201905682682991
        ],
        [
            0.11342846602201462,
            0.004585437476634979,
            0.02057439461350441
        ],
        [
            0.11884921789169312,
            0.003573998808860779,
            0.013600897043943405
        ],
        [
            0.10621914267539978,
            0.0035062432289123535,
            0.027177918702363968
        ],
        [
            0.09888550639152527,
            0.001848466694355011,
            0.032038092613220215
        ],
        [
            0.07357719540596008,
            -0.01686563342809677,
            0.02085840329527855
        ],
        [
            0.12249930948019028,
            0.002294570207595825,
            0.0061135441064834595
        ],
        [
            0.1350402534008026,
            0.06195068359375,
            -0.011654507368803024
        ],
        [
            0.14166809618473053,
            0.06667652726173401,
            -0.016036398708820343
        ],
        [
            0.13534380495548248,
            0.06960450112819672,
            -0.018768856301903725
        ],
        [
            0.1286034882068634,
            0.06545210629701614,
            -0.015420850366353989
        ],
        [
            0.0812796875834465,
            0.06737234443426132,
            -0.06137678399682045
        ],
        [
            0.08483797311782837,
            0.07216419279575348,
            -0.05665404349565506
        ],
        [
            0.0931413471698761,
            0.06655024737119675,
            -0.050121698528528214
        ],
        [
            0.09112416207790375,
            0.03312508761882782,
            0.019984934478998184
        ],
        [
            0.08362257480621338,
            0.028121452778577805,
            0.028811711817979813
        ],
        [
            0.07445473968982697,
            0.07784906029701233,
            -0.043967876583337784
        ],
        [
            0.05076850578188896,
            0.08746617287397385,
            -0.06954799592494965
        ],
        [
            0.055234894156455994,
            0.09129399061203003,
            -0.06906257569789886
        ],
        [
            0.06743544340133667,
            0.07880590111017227,
            -0.06586772203445435
        ],
        [
            0.06203237175941467,
            0.0748501867055893,
            -0.066754549741745
        ],
        [
            0.0626576617360115,
            0.07870505750179291,
            -0.04731391742825508
        ],
        [
            0.06936828047037125,
            0.07995124906301498,
            -0.04649517312645912
        ],
        [
            0.06581481546163559,
            0.08049366623163223,
            -0.04747427627444267
        ],
        [
            0.0594579316675663,
            0.07938114553689957,
            -0.046536967158317566
        ],
        [
            0.044554270803928375,
            0.07382936775684357,
            -0.016473837196826935
        ],
        [
            0.050075285136699677,
            0.0700075551867485,
            -0.011678637936711311
        ],
        [
            0.05908268317580223,
            0.05917549505829811,
            -0.049541108310222626
        ],
        [
            0.06833314895629883,
            0.05591578036546707,
            -0.05877065286040306
        ],
        [
            0.0750155821442604,
            0.048540420830249786,
            -0.05336475372314453
        ],
        [
            0.06732336431741714,
            0.05901429429650307,
            -0.012959746643900871
        ],
        [
            0.061024319380521774,
            0.06676798313856125,
            -0.017189422622323036
        ],
        [
            0.058665499091148376,
            0.06615492701530457,
            -0.013758726418018341
        ],
        [
            0.07266436517238617,
            0.07318251579999924,
            -0.03581428527832031
        ],
        [
            0.0689203217625618,
            0.07773349434137344,
            -0.04156706854701042
        ],
        [
            0.0667618066072464,
            0.07587926089763641,
            -0.03713231161236763
        ],
        [
            0.06985139101743698,
            0.07080293446779251,
            -0.03132615610957146
        ],
        [
            0.0538356639444828,
            0.027492757886648178,
            0.017691275104880333
        ],
        [
            0.05852486938238144,
            0.03512046858668327,
            0.025052769109606743
        ],
        [
            0.05336984619498253,
            0.10115150362253189,
            -0.06502646952867508
        ],
        [
            0.05556608363986015,
            0.09779012203216553,
            -0.06546182930469513
        ],
        [
            0.07365170866250992,
            0.05077207833528519,
            -0.007812730967998505
        ],
        [
            0.08231829106807709,
            0.03881654143333435,
            -0.04626453295350075
        ],
        [
            0.08018229901790619,
            0.043721653521060944,
            -0.0014939159154891968
        ],
        [
            0.037113022059202194,
            0.05547991394996643,
            -0.014179292134940624
        ],
        [
            0.036681730300188065,
            0.06141939014196396,
            -0.008847076445817947
        ],
        [
            0.03455056622624397,
            0.06468378752470016,
            -0.01306769996881485
        ],
        [
            0.032867372035980225,
            0.06062497943639755,
            -0.017709901556372643
        ],
        [
            0.04807532578706741,
            0.08845186978578568,
            -0.049894507974386215
        ],
        [
            0.05202208459377289,
            0.09252402186393738,
            -0.050048865377902985
        ],
        [
            0.049020521342754364,
            0.09536976367235184,
            -0.05125216394662857
        ],
        [
            0.044327620416879654,
            0.09188582003116608,
            -0.051538124680519104
        ],
        [
            0.07416882365942001,
            0.0805344358086586,
            -0.049652859568595886
        ],
        [
            0.07838230580091476,
            0.07916665077209473,
            -0.054555341601371765
        ],
        [
            0.07191520184278488,
            0.08352767676115036,
            -0.05579748377203941
        ],
        [
            0.06877158582210541,
            0.08266542106866837,
            -0.05096331611275673
        ],
        [
            0.07674999535083771,
            0.07705499231815338,
            -0.06048031523823738
        ],
        [
            0.07116838544607162,
            0.08173392713069916,
            -0.061716608703136444
        ],
        [
            0.04464832320809364,
            0.0844666063785553,
            -0.05373208969831467
        ],
        [
            0.043873246759176254,
            0.08252701908349991,
            -0.06098430976271629
        ],
        [
            0.05340743064880371,
            0.07129000872373581,
            -0.05721179395914078
        ],
        [
            0.05388758331537247,
            0.07600979506969452,
            -0.05076427385210991
        ],
        [
            0.06402267515659332,
            0.013692758977413177,
            -0.007384456694126129
        ],
        [
            0.06028493866324425,
            0.013888977468013763,
            0.0031331386417150497
        ],
        [
            0.05293438583612442,
            0.02607765421271324,
            -0.001117641106247902
        ],
        [
            0.04505721107125282,
            0.03715045005083084,
            -0.005264755338430405
        ],
        [
            0.03897784277796745,
            0.0486350916326046,
            -0.009585977531969547
        ],
        [
            0.0421048104763031,
            0.04725877195596695,
            -0.021325670182704926
        ],
        [
            0.051577795296907425,
            0.025567352771759033,
            0.00684737041592598
        ],
        [
            0.05667811259627342,
            0.07344735413789749,
            -0.049266230314970016
        ],
        [
            0.059974223375320435,
            0.06545097380876541,
            -0.05457368493080139
        ],
        [
            0.0562608540058136,
            0.06689571589231491,
            -0.05075160041451454
        ],
        [
            0.07714660465717316,
            0.04463024064898491,
            0.0052814483642578125
        ],
        [
            0.05822398513555527,
            0.09418933838605881,
            -0.06566222757101059
        ],
        [
            0.1007753387093544,
            -0.007700793445110321,
            -0.01858241856098175
        ],
        [
            0.08947835117578506,
            -0.010420724749565125,
            -0.012179266661405563
        ],
        [
            0.0876854732632637,
            -0.0031073391437530518,
            -0.016799446195364
        ],
        [
            0.10063444077968597,
            0.0005337446928024292,
            -0.023472651839256287
        ],
        [
            0.056740276515483856,
            0.09550811350345612,
            -0.05404568091034889
        ],
        [
            0.05928508937358856,
            0.09628891944885254,
            -0.059777386486530304
        ],
        [
            0.04535367339849472,
            0.069609634578228,
            -0.006646684370934963
        ],
        [
            0.04119771718978882,
            0.07196854054927826,
            -0.011987662874162197
        ],
        [
            0.03743625432252884,
            0.07032129168510437,
            -0.01126875914633274
        ],
        [
            0.039511002600193024,
            0.06997152417898178,
            -0.0038208747282624245
        ],
        [
            0.059821173548698425,
            0.01345701515674591,
            0.009027566760778427
        ],
        [
            0.03297605365514755,
            0.052443258464336395,
            0.009125109761953354
        ],
        [
            0.032047972083091736,
            0.049355365335941315,
            -8.23289155960083e-06
        ],
        [
            0.06696697324514389,
            0.003179393708705902,
            0.006513848900794983
        ],
        [
            0.06986816972494125,
            0.0024783387780189514,
            -0.0028335507959127426
        ],
        [
            0.073822982609272,
            -0.0055658817291259766,
            0.001001514494419098
        ],
        [
            0.04528821259737015,
            0.055442988872528076,
            -0.034400615841150284
        ],
        [
            0.06639503687620163,
            0.01576300337910652,
            -0.015488160774111748
        ],
        [
            0.07283122092485428,
            0.004127204418182373,
            -0.009732197970151901
        ],
        [
            0.07769554853439331,
            -0.0054361820220947266,
            -0.00548776239156723
        ],
        [
            0.08039151877164841,
            -0.012621775269508362,
            -0.0021511316299438477
        ],
        [
            0.07595866918563843,
            -0.011938877403736115,
            0.0046930015087127686
        ],
        [
            0.04641459882259369,
            0.08445268124341965,
            -0.06597530841827393
        ],
        [
            0.04012151435017586,
            0.08762439340353012,
            -0.06193628907203674
        ],
        [
            0.07715071737766266,
            -0.020193614065647125,
            0.008385729044675827
        ],
        [
            0.08256907016038895,
            -0.020239166915416718,
            0.0008063912391662598
        ],
        [
            0.07765395194292068,
            0.005995899438858032,
            -0.017378278076648712
        ],
        [
            0.08476059138774872,
            0.009213477373123169,
            -0.02592451684176922
        ],
        [
            0.07133457809686661,
            0.017351143062114716,
            -0.02249983139336109
        ],
        [
            0.07772134989500046,
            0.021333444863557816,
            -0.03151373565196991
        ],
        [
            0.05112824961543083,
            0.05149568244814873,
            -0.04223860427737236
        ],
        [
            0.031700313091278076,
            0.10399624705314636,
            -0.059493523091077805
        ],
        [
            0.03668312728404999,
            0.09356974810361862,
            -0.057779982686042786
        ],
        [
            0.04020760580897331,
            0.09539177268743515,
            -0.05344966799020767
        ],
        [
            0.03316562622785568,
            0.10395056754350662,
            -0.05524774268269539
        ],
        [
            0.040908023715019226,
            0.08882851153612137,
            -0.05529842898249626
        ],
        [
            0.037289686501026154,
            0.09282166510820389,
            -0.06343714892864227
        ],
        [
            0.09030912816524506,
            0.02728177234530449,
            -0.0393848791718483
        ],
        [
            0.06097327545285225,
            0.07974886149168015,
            -0.04288169741630554
        ],
        [
            0.10071088373661041,
            0.015485711395740509,
            -0.03245412930846214
        ],
        [
            0.1046135425567627,
            0.03874586895108223,
            -0.046700358390808105
        ],
        [
            0.11310041695833206,
            0.030509795993566513,
            -0.03957486152648926
        ],
        [
            0.11254353821277618,
            0.004303261637687683,
            -0.02508540078997612
        ],
        [
            0.11950035393238068,
            0.017829708755016327,
            -0.030787840485572815
        ],
        [
            0.11271725594997406,
            -0.010517813265323639,
            -0.016040045768022537
        ],
        [
            0.11099021881818771,
            -0.0033164098858833313,
            -0.020519576966762543
        ],
        [
            0.12826867401599884,
            0.03259456157684326,
            -0.03296571597456932
        ],
