{
    "pred_cam": [
        7.684727668762207,
        -0.09509775787591934,
        -0.07635985314846039
    ],
    "pred_mano_params": {
        "global_orient": [
            [
                [
                    0.39091721177101135,
                    -0.6994269490242004,
                    0.5983191728591919
                ],
                [
                    -0.7980368137359619,
                    -0.5814457535743713,
                    -0.15829776227474213
                ],
                [
                    0.45860785245895386,
                    -0.4155993163585663,
                    -0.7854655981063843
                ]
            ]
        ],
        "hand_pose": [
            [
                [
                    0.7050157785415649,
                    -0.6518407464027405,
                    -0.2793858051300049
                ],
                [
                    0.6391186118125916,
                    0.7547202110290527,
                    -0.14807014167308807
                ],
                [
                    0.30737626552581787,
                    -0.07416888326406479,
                    0.9486932158470154
                ]
            ],
            [
                [
                    0.851115345954895,
                    -0.43676823377609253,
                    0.29126647114753723
                ],
                [
                    0.49150535464286804,
                    0.8578981161117554,
                    -0.14977720379829407
                ],
                [
                    -0.18445904552936554,
                    0.2706367075443268,
                    0.9448441863059998
                ]
            ],
            [
                [
                    0.7067927122116089,
                    -0.7049893736839294,
                    0.05860127881169319
                ],
                [
                    0.6902231574058533,
                    0.669085681438446,
                    -0.275529146194458
                ],
                [
                    0.1550358384847641,
                    0.23518992960453033,
                    0.9595048427581787
                ]
            ],
            [
                [
                    0.7217220067977905,
                    -0.6707322597503662,
                    -0.17098422348499298
                ],
                [
                    0.682860791683197,
                    0.7303417921066284,
                    0.017381343990564346
                ],
                [
                    0.11321868002414703,
                    -0.12930291891098022,
                    0.9851204752922058
                ]
            ],
            [
                [
                    0.668907105922699,
                    -0.7210289835929871,
                    -0.18077757954597473
                ],
                [
                    0.7383633255958557,
                    0.6163647174835205,
                    0.27370455861091614
                ],
                [
                    -0.08592399209737778,
                    -0.3165624439716339,
                    0.9446721076965332
                ]
            ],
            [
                [
                    0.7923400402069092,
                    -0.5465530753135681,
                    -0.2710666358470917
                ],
                [
                    0.5859609842300415,
                    0.8054676651954651,
                    0.08872188627719879
                ],
                [
                    0.16984419524669647,
                    -0.22913236916065216,
                    0.9584630727767944
                ]
            ],
            [
                [
                    0.49423134326934814,
                    -0.6906281113624573,
                    0.5279850363731384
                ],
                [
                    0.5410211086273193,
                    0.7197514772415161,
                    0.43503323197364807
                ],
                [
                    -0.6804642081260681,
                    0.07064401358366013,
                    0.7293681502342224
                ]
            ],
            [
                [
                    0.8337575793266296,
                    -0.49418747425079346,
                    -0.24622558057308197
                ],
                [
                    0.5518912672996521,
                    0.7590683102607727,
                    0.3452989161014557
                ],
                [
                    0.016259633004665375,
                    -0.4237852990627289,
                    0.9056167006492615
                ]
            ],
            [
                [
                    0.8100473284721375,
                    -0.5800039768218994,
                    0.08613281697034836
                ],
                [
                    0.5335775017738342,
                    0.7900381088256836,
                    0.3018855154514313
                ],
                [
                    -0.2431429773569107,
                    -0.1985829770565033,
                    0.9494453072547913
                ]
            ],
            [
                [
                    0.66938716173172,
                    -0.7269884943962097,
                    0.1529986560344696
                ],
                [
                    0.7234479784965515,
                    0.684709370136261,
                    0.08829566836357117
                ],
                [
                    -0.16894955933094025,
                    0.05158258229494095,
                    0.9842739701271057
                ]
            ],
            [
                [
                    0.717007577419281,
                    -0.668021023273468,
                    -0.19911828637123108
                ],
                [
                    0.6747227907180786,
                    0.5933660268783569,
                    0.4389372766017914
                ],
                [
                    -0.17506927251815796,
                    -0.4490710198879242,
                    0.8761769533157349
                ]
            ],
            [
                [
                    0.7579782605171204,
                    -0.5312106013298035,
                    -0.3785291314125061
                ],
                [
                    0.6328597664833069,
                    0.7394624352455139,
                    0.22952961921691895
                ],
                [
                    0.15797951817512512,
                    -0.4135342836380005,
                    0.8966782689094543
                ]
            ],
            [
                [
                    0.9755157232284546,
                    -0.21738944947719574,
                    -0.033330436795949936
                ],
                [
                    0.030757961794734,
                    0.2849145233631134,
                    -0.9580593109130859
                ],
                [
                    0.21776831150054932,
                    0.933576762676239,
                    0.2846250534057617
                ]
            ],
            [
                [
                    0.9299892783164978,
                    -0.3317471742630005,
                    -0.15831533074378967
                ],
                [
                    0.3533274531364441,
                    0.6879643201828003,
                    0.633928120136261
                ],
                [
                    -0.10138855129480362,
                    -0.6454834938049316,
                    0.757014811038971
                ]
            ],
            [
                [
                    0.9262081980705261,
                    0.3597283363342285,
                    0.11284471303224564
                ],
                [
                    -0.3672664165496826,
                    0.9285171031951904,
                    0.05451088398694992
                ],
                [
                    -0.08516912907361984,
                    -0.0919324979186058,
                    0.9921162724494934
                ]
            ]
        ],
        "betas": [
            -0.04339885711669922,
            -0.029216796159744263,
            -0.09542852640151978,
            0.023834437131881714,
            0.07917612791061401,
            -0.027651671320199966,
            0.04140067100524902,
            -0.016495823860168457,
            -0.015908539295196533,
            -0.03856927156448364
        ]
    },
    "pred_cam_t": [
        -0.09509775787591934,
        -0.07635985314846039,
        5.083133697509766
    ],
    "focal_length": [
        5000.0,
        5000.0
    ],
    "pred_keypoints_3d": [
        [
            0.09600259363651276,
            0.006412610411643982,
            0.006199119612574577
        ],
        [
            0.11289781332015991,
            0.030653368681669235,
            -0.018748139962553978
        ],
        [
            0.12311745434999466,
            0.05973793566226959,
            -0.02098967134952545
        ],
        [
            0.12593786418437958,
            0.08677565306425095,
            -0.02164163999259472
        ],
        [
            0.13052353262901306,
            0.11769657582044601,
            -0.040659740567207336
        ],
        [
            0.07746849954128265,
            0.07673367857933044,
            -0.04843231290578842
        ],
        [
            0.07497835159301758,
            0.10971444845199585,
            -0.04641977697610855
        ],
        [
            0.08676089346408844,
            0.12724009156227112,
            -0.0392942801117897
        ],
        [
            0.1029096394777298,
            0.13392122089862823,
            -0.020664814859628677
        ],
        [
            0.0579027459025383,
            0.08358482271432877,
            -0.03406469523906708
        ],
        [
            0.05748505890369415,
            0.11493957042694092,
            -0.028882700949907303
        ],
        [
            0.07455909997224808,
            0.12611326575279236,
            -0.017542893067002296
        ],
        [
            0.09536826610565186,
            0.1260806769132614,
            -0.002176854759454727
        ],
        [
            0.050740476697683334,
            0.07836175709962845,
            -0.008786186575889587
        ],
        [
            0.05599740892648697,
            0.10676528513431549,
            -0.010334767401218414
        ],
        [
            0.07473497092723846,
            0.11707326769828796,
            0.0023772530257701874
        ],
        [
            0.09326271712779999,
            0.11352210491895676,
            0.020076623186469078
        ],
        [
            0.05012253299355507,
            0.07414647936820984,
            0.01264728233218193
        ],
        [
            0.05595266819000244,
            0.09432028979063034,
            0.009844162501394749
        ],
        [
            0.06839654594659805,
            0.10637817531824112,
            0.017724234610795975
        ],
        [
            0.08402974158525467,
            0.10795881599187851,
            0.02685130201280117
        ]
    ],
    "pred_vertices": [
        [
            0.097983717918396,
            0.05400116741657257,
            -0.022026527673006058
        ],
        [
            0.1019841656088829,
            0.046049345284700394,
            -0.01571992039680481
        ],
        [
            0.105335533618927,
            0.053613945841789246,
            -0.01801062375307083
        ],
        [
            0.10188216716051102,
            0.05980741232633591,
            -0.02695097029209137
        ],
        [
            0.11806993186473846,
            0.042350150644779205,
            -0.0027539171278476715
        ],
        [
            0.12799417972564697,
            0.036570049822330475,
            -0.006224922835826874
        ],
        [
            0.13011537492275238,
            0.05258976295590401,
            -0.009177464991807938
        ],
        [
            0.12187910825014114,
            0.055260125547647476,
            -0.004165288060903549
        ],
        [
            0.10411825031042099,
            0.06436724960803986,
            -0.030468327924609184
        ],
        [
            0.10848408192396164,
            0.06040671840310097,
            -0.019299745559692383
        ],
        [
            0.10507206618785858,
            0.06470651179552078,
            -0.03123059868812561
        ],
        [
            0.0961809903383255,
            0.06333629786968231,
            -0.04639871418476105
        ],
        [
            0.09786364436149597,
            0.06580337882041931,
            -0.04126479849219322
        ],
        [
            0.08932815492153168,
            0.06561349332332611,
            -0.05277486890554428
        ],
        [
            0.0936708003282547,
            0.05335690453648567,
            -0.048988375812768936
        ],
        [
            0.08109437674283981,
            0.06102916970849037,
            -0.05475551635026932
        ],
        [
            0.07086876779794693,
            0.039790984243154526,
            -0.03529524803161621
        ],
        [
            0.06368099898099899,
            0.03821532055735588,
            -0.023522360250353813
        ],
        [
            0.055811986327171326,
            0.05255801975727081,
            -0.029604939743876457
        ],
        [
            0.0644323080778122,
            0.053191859275102615,
            -0.04054298624396324
        ],
        [
            0.05201134458184242,
            0.04897197708487511,
            -0.009219778701663017
        ],
        [
            0.05360974743962288,
            0.05160031467676163,
            -0.020717710256576538
        ],
        [
            0.0605354905128479,
            0.03657006099820137,
            -0.015166719444096088
        ],
        [
            0.05895146727561951,
            0.035015784204006195,
            -0.005113344639539719
        ],
        [
            0.09145180881023407,
            0.04727565869688988,
            -0.009127814322710037
        ],
        [
            0.09597716480493546,
            0.03924897313117981,
            -0.0038819536566734314
        ],
        [
            0.0977177768945694,
            0.04050516337156296,
            -0.00974028930068016
        ],
        [
            0.0939224511384964,
            0.0485226996243,
            -0.01417982392013073
        ],
        [
            0.11466176062822342,
            0.06726992130279541,
            -0.030283262953162193
        ],
        [
            0.11067850887775421,
            0.053892605006694794,
            -0.0392756350338459
        ],
        [
            0.10603596270084381,
            0.05971221998333931,
            -0.037212710827589035
        ],
        [
            0.11301610618829727,
            0.06955550611019135,
            -0.025339841842651367
        ],
        [
            0.10662810504436493,
            0.02379491925239563,
            0.019272681325674057
        ],
        [
            0.10849373042583466,
            0.010397978127002716,
            0.020415548235177994
        ],
        [
            0.11124496161937714,
            0.00964789092540741,
            0.01516382023692131
        ],
        [
            0.10854887962341309,
            0.021787136793136597,
            0.014832764863967896
        ],
        [
            0.12274070084095001,
            0.016682066023349762,
            -0.0015421770513057709
        ],
        [
            0.1206546276807785,
            0.00671541690826416,
            -0.0001443326473236084
        ],
        [
            0.12227308750152588,
            -0.002807117998600006,
            -0.008907720446586609
        ],
        [
            0.12419474124908447,
            0.006871379911899567,
            -0.013271749019622803
        ],
        [
            0.12524621188640594,
            0.026843350380659103,
            -0.004244096577167511
        ],
        [
            0.12910746037960052,
            0.01929401606321335,
            -0.01437123492360115
        ],
        [
            0.13211113214492798,
            0.03176369518041611,
            -0.015470627695322037
        ],
        [
            0.13352780044078827,
            0.05010370910167694,
            -0.01727457344532013
        ],
        [
            0.10019834339618683,
            0.010111227631568909,
            0.030231844633817673
        ],
        [
            0.09806881099939346,
            0.020107634365558624,
            0.031141892075538635
        ],
        [
            0.08695953339338303,
            0.10912059247493744,
            -0.04410821199417114
        ],
        [
            0.08474660664796829,
            0.10992201417684555,
            -0.038667142391204834
        ],
        [
            0.084760881960392,
            0.10593593120574951,
            -0.03940263018012047
        ],
        [
            0.08662060648202896,
            0.10628066956996918,
            -0.04495749622583389
        ],
        [
            0.07996891438961029,
            0.009246356785297394,
            0.031104665249586105
        ],
        [
            0.07299985736608505,
            0.004500344395637512,
            0.0255392175167799
        ],
        [
            0.07647132873535156,
            -0.0006407350301742554,
            0.029412372037768364
        ],
        [
            0.08417414128780365,
            0.003270186483860016,
            0.033173032104969025
        ],
        [
            0.07448112219572067,
            0.017153553664684296,
            0.028324967250227928
        ],
        [
            0.06885481625795364,
            0.011935852468013763,
            0.019999176263809204
        ],
        [
            0.07958032935857773,
            0.11521200835704803,
            -0.05287448316812515
        ],
        [
            0.08411861211061478,
            0.11297056823968887,
            -0.05178263783454895
        ],
        [
            0.08166436105966568,
            0.10926303267478943,
            -0.05342687666416168
        ],
        [
            0.0767359808087349,
            0.11032329499721527,
            -0.0535312294960022
        ],
        [
            0.09755890816450119,
            0.06482337415218353,
            -0.0348968580365181
        ],
        [
            0.09456217288970947,
            0.061544664204120636,
            -0.02705399878323078
        ],
        [
            0.08844077587127686,
            0.07637210190296173,
            -0.04216112568974495
        ],
        [
            0.0893532931804657,
            0.07061503082513809,
            -0.03606223687529564
        ],
        [
            0.0929497554898262,
            0.06912217289209366,
            -0.041874028742313385
        ],
        [
            0.09079451858997345,
            0.07370869070291519,
            -0.0469907745718956
        ],
        [
            0.07897265255451202,
            0.06523612141609192,
            -0.01535036787390709
        ],
        [
            0.08421048521995544,
            0.05568479374051094,
            -0.011039873585104942
        ],
        [
            0.08662431687116623,
            0.05732852220535278,
            -0.017072506248950958
        ],
        [
            0.08234982192516327,
            0.06809766590595245,
            -0.022808579728007317
        ],
        [
            0.07993033528327942,
            0.055774036794900894,
            0.0025214552879333496
        ],
        [
            0.07475462555885315,
            0.0648668110370636,
            -0.003019740805029869
        ],
        [
            0.07287784665822983,
            0.06379377841949463,
            0.005332803353667259
        ],
        [
            0.0776330977678299,
            0.05811343342065811,
            0.00819370150566101
        ],
        [
            0.06733347475528717,
            0.07936470210552216,
            -0.015456962399184704
        ],
        [
            0.0644395649433136,
            0.08395856618881226,
            -0.01869095489382744
        ],
        [
            0.06359576433897018,
            0.08468218892812729,
            -0.01541158277541399
        ],
        [
            0.06608687341213226,
            0.07875887304544449,
            -0.01194305531680584
        ],
        [
            0.07937489449977875,
            -0.006415151059627533,
            0.032413240522146225
        ],
        [
            0.0883064866065979,
            -0.002689674496650696,
            0.03421388193964958
        ],
        [
            0.05008821561932564,
            0.048061124980449677,
            0.01257127895951271
        ],
        [
            0.05542405694723129,
            0.047725655138492584,
            0.0225051399320364
        ],
        [
            0.048393964767456055,
            0.05963839218020439,
            0.020602045580744743
        ],
        [
            0.04392676055431366,
            0.05665470287203789,
            0.010146266780793667
        ],
        [
            0.07021467387676239,
            0.0016491636633872986,
            0.01592198759317398
        ],
        [
            0.07182720303535461,
            -0.004023328423500061,
            0.02113150805234909
        ],
        [
            0.07452088594436646,
            0.11716580390930176,
            -0.050084035843610764
        ],
        [
            0.07208334654569626,
            0.11144813895225525,
            -0.05002695322036743
        ],
        [
            0.12769924104213715,
            0.025071077048778534,
            -0.026949835941195488
        ],
        [
            0.1318071484565735,
            0.047573547810316086,
            -0.026661835610866547
        ],
        [
            0.12229476869106293,
            0.009437218308448792,
            -0.023935601115226746
        ],
        [
            0.11709243059158325,
            -0.0005559772253036499,
            -0.020303085446357727
        ],
        [
            0.11546662449836731,
            -0.009137280285358429,
            -0.016757626086473465
        ],
        [
            0.08466139435768127,
            0.07373524457216263,
            -0.032706353813409805
        ],
        [
            0.0917176827788353,
            0.0561491921544075,
            -0.02001110278069973
        ],
        [
            0.08954745531082153,
            0.04677378386259079,
            -0.004280496388673782
        ],
        [
            0.07911159098148346,
            0.05178636312484741,
            0.024496177211403847
        ],
        [
            0.08460451662540436,
            0.04352479800581932,
            0.028144491836428642
        ],
        [
            0.08804848045110703,
            0.04676888883113861,
            0.018479790538549423
        ],
        [
            0.08205530047416687,
            0.05299193784594536,
            0.017036203294992447
        ],
        [
            0.06226532161235809,
            0.05273821949958801,
            0.027690909802913666
        ],
        [
            0.0685289204120636,
            0.057507842779159546,
            0.02551211416721344
        ],
        [
            0.06323534995317459,
            0.06438597291707993,
            0.02287888340651989
        ],
        [
            0.05607529729604721,
            0.06172832101583481,
            0.02496747486293316
        ],
        [
            0.12089554220438004,
            0.0659191831946373,
            -0.034059371799230576
        ],
        [
            0.11657920479774475,
            0.04935548081994057,
            -0.04001733660697937
        ],
        [
            0.08910085260868073,
            0.014100342988967896,
            0.033526163548231125
        ],
        [
            0.09340786933898926,
            0.007554084062576294,
            0.033164963126182556
        ],
        [
            0.09578335285186768,
            -0.0006313249468803406,
            0.033678121864795685
        ],
        [
            0.10239939391613007,
            0.03146277368068695,
            0.006552901118993759
        ],
        [
            0.10993853211402893,
            0.020408302545547485,
            0.011688381433486938
        ],
        [
            0.11175596714019775,
            0.020819202065467834,
            0.007604330778121948
        ],
        [
            0.10248266160488129,
            0.030852288007736206,
            0.0025383643805980682
        ],
        [
            0.10618647187948227,
            0.03873855993151665,
            -0.006970547139644623
        ],
        [
            0.11487457901239395,
            0.031012170016765594,
            -0.0008953437209129333
        ],
        [
            0.10893523693084717,
            0.048551805317401886,
            -0.00709761306643486
        ],
        [
            0.11558923125267029,
            0.007171668112277985,
            0.008590519428253174
        ],
        [
            0.1147053986787796,
            0.0001247301697731018,
            0.017187349498271942
        ],
        [
            0.11852417886257172,
            -0.0017667263746261597,
            0.009335704147815704
        ],
        [
            0.10876856744289398,
            0.0005231127142906189,
            0.024998746812343597
        ],
        [
            0.10225489735603333,
            0.0004353150725364685,
            0.031087148934602737
        ],
        [
            0.0718901976943016,
            -0.011772722005844116,
            0.024754714220762253
        ],
        [
            0.12064804136753082,
            -0.003274008631706238,
            0.001444052904844284
        ],
        [
            0.12477540224790573,
            0.06422170996665955,
            -0.0076566170901060104
        ],
        [
            0.12717345356941223,
            0.07235695421695709,
            -0.010798166505992413
        ],
        [
            0.11996356397867203,
            0.07277800142765045,
            -0.011279542930424213
        ],
        [
            0.11708026379346848,
            0.06549645960330963,
            -0.009207714349031448
        ],
        [
            0.08343468606472015,
            0.07178854942321777,
            -0.05674983188509941
        ],
        [
            0.08926037698984146,
            0.07342463731765747,
            -0.05237830802798271
        ],
        [
            0.09386911243200302,
            0.06717713177204132,
            -0.04800436273217201
        ],
        [
            0.09976476430892944,
            0.033214472234249115,
            0.020385272800922394
        ],
        [
            0.09297314286231995,
            0.0297299325466156,
            0.03047993779182434
        ],
        [
            0.0838117003440857,
            0.07932566106319427,
            -0.038701482117176056
        ],
        [
            0.07466678321361542,
            0.10587161779403687,
            -0.05469471216201782
        ],
        [
            0.08048412948846817,
            0.10492832958698273,
            -0.05460591986775398
        ],
        [
            0.08134433627128601,
            0.08645936101675034,
            -0.057166937738657
        ],
        [
            0.07440357655286789,
            0.08747630566358566,
            -0.05756945163011551
        ],
        [
            0.07518912851810455,
            0.08478368818759918,
            -0.03875584900379181
        ],
        [
            0.08212060481309891,
            0.08239106833934784,
            -0.03899974748492241
        ],
        [
            0.080671027302742,
            0.08417090773582458,
            -0.03868485987186432
        ],
        [
            0.07506810873746872,
            0.08703910559415817,
            -0.03646990656852722
        ],
        [
            0.06227976828813553,
            0.08216371387243271,
            -0.006502047181129456
        ],
        [
            0.06465226411819458,
            0.07678771764039993,
            -0.0034800153225660324
        ],
        [
            0.060467228293418884,
            0.06846757978200912,
            -0.04331431910395622
        ],
        [
            0.06625181436538696,
            0.06505664438009262,
            -0.054989587515592575
        ],
        [
            0.07234746962785721,
            0.05485449731349945,
            -0.05027924105525017
        ],
        [
            0.07667023688554764,
            0.0641523227095604,
            -0.008295353502035141
        ],
        [
            0.0716511607170105,
            0.07270848006010056,
            -0.01145139615982771
        ],
        [
            0.07007050514221191,
            0.07235059887170792,
            -0.0075831338763237
        ],
        [
            0.08091992884874344,
            0.07656556367874146,
            -0.03162028267979622
        ],
        [
            0.07866112887859344,
            0.08125099539756775,
            -0.035745419561862946
        ],
        [
            0.0762617290019989,
            0.08003506809473038,
            -0.03172845393419266
        ],
        [
            0.07859460264444351,
            0.07522913068532944,
            -0.026852980256080627
        ],
        [
            0.061502810567617416,
            0.03595183417201042,
            0.024842754006385803
        ],
        [
            0.06924139708280563,
            0.0420498289167881,
            0.031210532411932945
        ],
        [
            0.08680075407028198,
            0.11049927026033401,
            -0.04877223074436188
        ],
        [
            0.08540887385606766,
            0.10754033923149109,
            -0.05015408992767334
        ],
        [
            0.08190155774354935,
            0.05482887104153633,
            -0.0042091235518455505
        ],
        [
            0.07937783747911453,
            0.043480947613716125,
            -0.043439362198114395
        ],
        [
            0.08780792355537415,
            0.046554334461688995,
            0.0009955335408449173
        ],
        [
            0.046139348298311234,
            0.06999441236257553,
            -0.0036862213164567947
        ],
        [
            0.05032562464475632,
            0.07489526271820068,
            0.001417071558535099
        ],
        [
            0.05096016451716423,
            0.08060861378908157,
            -0.0005409987643361092
        ],
        [
            0.04674823582172394,
            0.0792413204908371,
            -0.004771501757204533
        ],
        [
            0.07410991936922073,
            0.10229021310806274,
            -0.035065941512584686
        ],
        [
            0.07987940311431885,
            0.10222522914409637,
            -0.035434577614068985
        ],
        [
            0.08022819459438324,
            0.10663031786680222,
            -0.03513471782207489
        ],
        [
            0.07450690865516663,
            0.10820119082927704,
            -0.03486727550625801
        ],
        [
            0.08659391105175018,
            0.08088138699531555,
            -0.042594075202941895
        ],
        [
            0.08914224058389664,
            0.07934743165969849,
            -0.04812883958220482
        ],
        [
            0.08785290271043777,
            0.08474007993936539,
            -0.04710525646805763
        ],
        [
            0.08464619517326355,
            0.08479810506105423,
            -0.04200153052806854
        ],
        [
            0.08697476983070374,
            0.07932402938604355,
            -0.05371401831507683
        ],
        [
            0.08616743981838226,
            0.08518873155117035,
            -0.05320495739579201
        ],
        [
            0.06875073909759521,
            0.10347562283277512,
            -0.03850216418504715
        ],
        [
            0.06681176275014877,
            0.10517777502536774,
            -0.04554089531302452
        ],
        [
            0.06534330546855927,
            0.0880662202835083,
            -0.04689568281173706
        ],
        [
            0.0686645656824112,
            0.08952970057725906,
            -0.03976186364889145
        ],
        [
            0.06429804116487503,
            0.02110990136861801,
            -0.001661917194724083
        ],
        [
            0.0626303181052208,
            0.021825261414051056,
            0.009376798756420612
        ],
        [
            0.05703417956829071,
            0.035641398280858994,
            0.0062224604189395905
        ],
        [
            0.050098951905965805,
            0.04887029528617859,
            0.003240050747990608
        ],
        [
            0.044862259179353714,
            0.061635881662368774,
            -0.00034054461866617203
        ],
        [
            0.045163240283727646,
            0.060362815856933594,
            -0.012477923184633255
        ],
        [
            0.057061031460762024,
            0.035136036574840546,
            0.014479173347353935
        ],
        [
            0.06650605797767639,
            0.08142582327127457,
            -0.04042056202888489
        ],
        [
            0.0644625648856163,
            0.07694517076015472,
            -0.04722815752029419
        ],
        [
            0.062220584601163864,
            0.07665236294269562,
            -0.04259752482175827
        ],
        [
            0.08632560074329376,
            0.0479002520442009,
            0.008229389786720276
        ],
        [
            0.08487517386674881,
            0.10379187017679214,
            -0.05161348357796669
        ],
        [
            0.0934877023100853,
            -0.007192783057689667,
            -0.019435487687587738
        ],
        [
            0.08278550952672958,
            -0.007890298962593079,
            -0.010725125670433044
        ],
        [
            0.0819753035902977,
            -0.0002069622278213501,
            -0.015088684856891632
        ],
        [
            0.09491077065467834,
            0.0014080628752708435,
            -0.024608707055449486
        ],
        [
            0.08518968522548676,
            0.1022416353225708,
            -0.03991096094250679
        ],
        [
            0.08734695613384247,
            0.10266288369894028,
            -0.0458192452788353
        ],
        [
            0.062137193977832794,
            0.077961765229702,
            0.002590212970972061
        ],
        [
            0.059990182518959045,
            0.0826641395688057,
            -0.001194080337882042
        ],
        [
            0.05687742680311203,
            0.08335063606500626,
            0.0003846362233161926
        ],
        [
            0.059004172682762146,
            0.0807722955942154,
            0.006140277720987797
        ],
        [
            0.06313982605934143,
            0.021326541900634766,
            0.015344595536589622
        ],
        [
            0.04739890247583389,
            0.06944864988327026,
            0.019290989264845848
        ],
        [
            0.0427352711558342,
            0.06567272543907166,
            0.010012458078563213
        ],
        [
            0.06748493015766144,
            0.009776018559932709,
            0.01167193241417408
        ],
        [
            0.06845112890005112,
            0.008722521364688873,
            0.001964205875992775
        ],
        [
            0.07118161022663116,
            -0.00013253092765808105,
            0.0051181744784116745
        ],
        [
            0.049485981464385986,
            0.06746324896812439,
            -0.025309110060334206
        ],
        [
            0.06561514735221863,
            0.02283082902431488,
            -0.010112561285495758
        ],
        [
            0.07040143758058548,
            0.009859979152679443,
            -0.005402030423283577
        ],
        [
            0.07375867664813995,
            -0.0006740391254425049,
            -0.0019663702696561813
        ],
        [
            0.07532616704702377,
            -0.008384540677070618,
            0.000895308330655098
        ],
        [
            0.07244877517223358,
            -0.006952106952667236,
            0.008412139490246773
        ],
        [
            0.06977874040603638,
            0.10601476579904556,
            -0.050673797726631165
        ],
        [
            0.06825937330722809,
            0.11195742338895798,
            -0.04441544786095619
        ],
        [
            0.07238581031560898,
            -0.015384405851364136,
            0.011895224452018738
        ],
        [
            0.07621914893388748,
            -0.016382843255996704,
            0.00346551276743412
        ],
        [
            0.0740990936756134,
            0.010839179158210754,
            -0.01384802907705307
        ],
        [
            0.08044399321079254,
            0.012873880565166473,
            -0.023820841684937477
        ],
        [
            0.06950072944164276,
            0.023473888635635376,
            -0.0179794542491436
        ],
        [
            0.0749543160200119,
            0.026280466467142105,
            -0.02812391333281994
        ],
        [
            0.05048716813325882,
            0.06317666172981262,
            -0.03540874645113945
        ],
        [
            0.0774732381105423,
            0.1278412640094757,
            -0.037826113402843475
        ],
        [
            0.07129809260368347,
            0.11740293353796005,
            -0.03871546685695648
        ],
        [
            0.0749501958489418,
            0.1144193485379219,
            -0.03526751697063446
        ],
        [
            0.07811015844345093,
            0.12531696259975433,
            -0.03412643447518349
        ],
        [
            0.0698884129524231,
            0.11014340817928314,
            -0.038064245134592056
        ],
        [
            0.07090678066015244,
            0.11793895065784454,
            -0.04445791617035866
        ],
        [
            0.08674871176481247,
            0.030568093061447144,
            -0.03808056563138962
        ],
        [
            0.07325071841478348,
            0.08445487916469574,
            -0.03528377041220665
        ],
        [
            0.09692846238613129,
            0.017470121383666992,
            -0.03368353098630905
        ],
        [
            0.09886860102415085,
            0.041480641812086105,
            -0.04592042788863182
        ],
        [
            0.1083601787686348,
            0.0331234447658062,
            -0.041230350732803345
        ],
        [
            0.10896635055541992,
            0.004537418484687805,
            -0.028813958168029785
        ],
        [
            0.11694750189781189,
            0.020239345729351044,
            -0.03509040176868439
        ],
        [
            0.10503546893596649,
            -0.012286044657230377,
            -0.01903529092669487
        ],
        [
            0.1051696389913559,
            -0.004101067781448364,
            -0.02351871132850647
        ],
        [
            0.12344706058502197,
            0.038233038038015366,
            -0.0360804982483387
        ],
        [
            0.08999887108802795,
