{
    "pred_cam": [
        8.52418327331543,
        0.13590875267982483,
        -0.00019438192248344421
    ],
    "pred_mano_params": {
        "global_orient": [
            [
                [
                    -0.7791691422462463,
                    0.6266428232192993,
                    -0.014632056467235088
                ],
                [
                    0.05189179256558418,
                    0.04122379422187805,
                    -0.9978014826774597
                ],
                [
                    -0.6246620416641235,
                    -0.7782154679298401,
                    -0.0646379292011261
                ]
            ]
        ],
        "hand_pose": [
            [
                [
                    0.9491435885429382,
                    0.29419225454330444,
                    0.11214923858642578
                ],
                [
                    -0.2883693277835846,
                    0.9552839398384094,
                    -0.06538860499858856
                ],
                [
                    -0.12637118995189667,
                    0.029722774401307106,
                    0.9915376305580139
                ]
            ],
            [
                [
                    0.5698773860931396,
                    -0.8113217949867249,
                    0.13037143647670746
                ],
                [
                    0.8134014010429382,
                    0.5344257950782776,
                    -0.22971132397651672
                ],
                [
                    0.11669595539569855,
                    0.23695160448551178,
                    0.9644874930381775
                ]
            ],
            [
                [
                    0.819010317325592,
                    -0.5707114338874817,
                    0.059250880032777786
                ],
                [
                    0.5672259330749512,
                    0.8208902478218079,
                    0.06628760695457458
                ],
                [
                    -0.08646955341100693,
                    -0.0206815954297781,
                    0.9960399270057678
                ]
            ],
            [
                [
                    0.889877200126648,
                    0.0541345551609993,
                    -0.4529769718647003
                ],
                [
                    -0.009707131423056126,
                    0.9949566125869751,
                    0.09983596205711365
                ],
                [
                    0.45609694719314575,
                    -0.08444463461637497,
                    0.88591468334198
                ]
            ],
            [
                [
                    0.41411566734313965,
                    -0.8972033262252808,
                    -0.15340936183929443
                ],
                [
                    0.8976202607154846,
                    0.37458887696266174,
                    0.2322952002286911
                ],
                [
                    -0.1509505808353424,
                    -0.23390044271945953,
                    0.960470974445343
                ]
            ],
            [
                [
                    0.853358268737793,
                    -0.5141879320144653,
                    0.08596724271774292
                ],
                [
                    0.5175742506980896,
                    0.8553653359413147,
                    -0.021610910072922707
                ],
                [
                    -0.06242132931947708,
                    0.06293629109859467,
                    0.9960635304450989
                ]
            ],
            [
                [
                    0.6048353314399719,
                    -0.7669762969017029,
                    0.21429327130317688
                ],
                [
                    0.6312803626060486,
                    0.6258146166801453,
                    0.4580842852592468
                ],
                [
                    -0.4854476749897003,
                    -0.14178641140460968,
                    0.8626918792724609
                ]
            ],
            [
                [
                    0.9258899688720703,
                    -0.37779316306114197,
                    0.00026261562015861273
                ],
                [
                    0.35626474022865295,
                    0.8733594417572021,
                    0.3321426212787628
                ],
                [
                    -0.12571054697036743,
                    -0.30743396282196045,
                    0.9432291388511658
                ]
            ],
            [
                [
                    0.9824931621551514,
                    -0.18503186106681824,
                    0.021687854081392288
                ],
                [
                    0.17196546494960785,
                    0.9455161094665527,
                    0.27645474672317505
                ],
                [
                    -0.0716591477394104,
                    -0.26788532733917236,
                    0.9607822299003601
                ]
            ],
            [
                [
                    0.5593357086181641,
                    -0.7883578538894653,
                    -0.25619417428970337
                ],
                [
                    0.8086547255516052,
                    0.5868895053863525,
                    -0.04047512635588646
                ],
                [
                    0.18226656317710876,
                    -0.18453344702720642,
                    0.9657775163650513
                ]
            ],
            [
                [
                    0.8298541903495789,
                    -0.5544895529747009,
                    0.06231675669550896
                ],
                [
                    0.3874170482158661,
                    0.6529542207717896,
                    0.6508140563964844
                ],
                [
                    -0.4015595614910126,
                    -0.5159381628036499,
                    0.7566754817962646
                ]
            ],
            [
                [
                    0.9448474049568176,
                    -0.32685166597366333,
                    -0.02076699584722519
                ],
                [
                    0.32570716738700867,
                    0.9443987607955933,
                    -0.04500855505466461
                ],
                [
                    0.034323446452617645,
                    0.03576226159930229,
                    0.9987706542015076
                ]
            ],
            [
                [
                    0.8923900723457336,
                    0.051996245980262756,
                    -0.44825929403305054
                ],
                [
                    -0.390766978263855,
                    0.585861086845398,
                    -0.7099774479866028
                ],
                [
                    0.22570155560970306,
                    0.8087416887283325,
                    0.5431350469589233
                ]
            ],
            [
                [
                    0.8577026724815369,
                    -0.07302271574735641,
                    -0.5089338421821594
                ],
                [
                    0.28825241327285767,
                    0.8879591822624207,
                    0.35838383436203003
                ],
                [
                    0.42574235796928406,
                    -0.4540882408618927,
                    0.7826539278030396
                ]
            ],
            [
                [
                    0.8660572171211243,
                    -0.4999426603317261,
                    0.0014922143891453743
                ],
                [
                    0.46404561400413513,
                    0.8027544617652893,
                    -0.37449562549591064
                ],
                [
                    0.18602845072746277,
                    0.32502707839012146,
                    0.9272274971008301
                ]
            ]
        ],
        "betas": [
            -0.06352931261062622,
            -0.040140360593795776,
            -0.08580249547958374,
            -0.11641374230384827,
            0.016880035400390625,
            0.02671726420521736,
            0.0976971834897995,
            -0.027128159999847412,
            -0.05888402462005615,
            0.01438191533088684
        ]
    },
    "pred_cam_t": [
        -0.13590875267982483,
        -0.00019438192248344421,
        4.582550525665283
    ],
    "focal_length": [
        5000.0,
        5000.0
    ],
    "pred_keypoints_3d": [
        [
            0.09608033299446106,
            0.006404116749763489,
            0.0062357583083212376
        ],
        [
            0.10483001172542572,
            -0.021269556134939194,
            0.031738732010126114
        ],
        [
            0.12124033272266388,
            -0.03219529986381531,
            0.05546534061431885
        ],
        [
            0.14354310929775238,
            -0.024959687143564224,
            0.06922315806150436
        ],
        [
            0.1586676836013794,
            -0.012270055711269379,
            0.09740258008241653
        ],
        [
            0.16139505803585052,
            -0.019077561795711517,
            0.06417521834373474
        ],
        [
            0.19272682070732117,
            -0.02659035660326481,
            0.07207755744457245
        ],
        [
            0.19689570367336273,
            -0.025973593816161156,
            0.09397727251052856
        ],
        [
            0.18895521759986877,
            -0.02273464761674404,
            0.11738233268260956
        ],
        [
            0.16923575103282928,
            0.004785114899277687,
            0.06695820391178131
        ],
        [
            0.19019976258277893,
            0.022917751222848892,
            0.08275426924228668
        ],
        [
            0.18281418085098267,
            0.023323219269514084,
            0.10496042668819427
        ],
        [
            0.16983920335769653,
            0.016687793657183647,
            0.12598854303359985
        ],
        [
            0.1579376459121704,
            0.02867269143462181,
            0.06230660155415535
        ],
        [
            0.1572657972574234,
            0.037481267005205154,
            0.08998812735080719
        ],
        [
            0.14162801206111908,
            0.03272281587123871,
            0.10883419215679169
        ],
        [
            0.12436260282993317,
            0.026411138474941254,
            0.126814603805542
        ],
        [
            0.14426180720329285,
            0.045626573264598846,
            0.059952862560749054
        ],
        [
            0.1441829949617386,
            0.04680740460753441,
            0.08111552149057388
        ],
        [
            0.1346946656703949,
            0.043993085622787476,
            0.09737598896026611
        ],
        [
            0.12221216410398483,
            0.03833369165658951,
            0.11218095570802689
        ]
    ],
    "pred_vertices": [
        [
            0.12416093051433563,
            -0.012244632467627525,
            0.048361435532569885
        ],
        [
            0.11480550467967987,
            -0.01034342497587204,
            0.04230983927845955
        ],
        [
            0.1195608451962471,
            -0.01503407210111618,
            0.04924378916621208
        ],
        [
            0.12723088264465332,
            -0.018407834693789482,
            0.053424034267663956
        ],
        [
            0.0999550148844719,
            -0.01614386960864067,
            0.0499395877122879
        ],
        [
            0.09337799996137619,
            -0.025968605652451515,
            0.0473368838429451
        ],
        [
            0.10617700964212418,
            -0.029703129082918167,
            0.0591464638710022
        ],
        [
            0.10931379348039627,
            -0.020254362374544144,
            0.059891603887081146
        ],
        [
            0.13166728615760803,
            -0.02297026850283146,
            0.05571881681680679
        ],
        [
            0.12376241385936737,
            -0.01874838024377823,
            0.05499519035220146
        ],
        [
            0.1344723403453827,
            -0.0249333418905735,
            0.05138682574033737
        ],
        [
            0.1450931876897812,
            -0.030119694769382477,
            0.050941258668899536
        ],
        [
            0.14064066112041473,
            -0.02691664732992649,
            0.05647290498018265
        ],
        [
            0.15263576805591583,
            -0.030412135645747185,
            0.05348677560687065
        ],
        [
            0.14507293701171875,
            -0.031441524624824524,
            0.0401928573846817
        ],
        [
            0.15652678906917572,
            -0.026826441287994385,
            0.046020619571208954
        ],
        [
            0.1481444090604782,
            -0.00788531731814146,
            0.027432464063167572
        ],
        [
            0.14627572894096375,
            0.005412353202700615,
            0.0256827212870121
        ],
        [
            0.15846817195415497,
            0.0062784189358353615,
            0.03695520758628845
        ],
        [
            0.1582604944705963,
            -0.007257761899381876,
            0.03837084397673607
        ],
        [
            0.14943985641002655,
            0.02462702803313732,
            0.0343317911028862
        ],
        [
            0.15544913709163666,
            0.014685433357954025,
            0.03639790788292885
        ],
        [
            0.14333534240722656,
            0.013741585426032543,
            0.024083975702524185
        ],
        [
            0.13811713457107544,
            0.02251397632062435,
            0.02308034524321556
        ],
        [
            0.11925014853477478,
            0.0009758248925209045,
            0.04275029897689819
        ],
        [
            0.10982496291399002,
            0.002046038396656513,
            0.036508709192276
        ],
        [
            0.11164365708827972,
            -0.0030465186573565006,
            0.03711538761854172
        ],
        [
            0.12055857479572296,
            -0.004155479371547699,
            0.04367935284972191
        ],
        [
            0.13431066274642944,
            -0.030088432133197784,
            0.04909442737698555
        ],
        [
            0.1317937970161438,
            -0.03621001914143562,
            0.041619330644607544
        ],
        [
            0.13546034693717957,
            -0.030865781009197235,
            0.04514976963400841
        ],
        [
            0.13366955518722534,
            -0.025299403816461563,
            0.05188041552901268
        ],
        [
            0.0846879705786705,
            0.011931456625461578,
            0.02690104767680168
        ],
        [
            0.07917479425668716,
            0.010433897376060486,
            0.01462634652853012
        ],
        [
            0.07992807030677795,
            0.004568258300423622,
            0.014299310743808746
        ],
        [
            0.08506680279970169,
            0.00720883347094059,
            0.025250088423490524
        ],
        [
            0.08201533555984497,
            -0.016669221222400665,
            0.02503976598381996
        ],
        [
            0.08077848702669144,
            -0.013749603182077408,
            0.01349715143442154
        ],
        [
            0.08297349512577057,
            -0.022588977590203285,
            0.003253951668739319
        ],
        [
            0.08695416897535324,
            -0.027103735134005547,
            0.012822933495044708
        ],
        [
            0.08649830520153046,
            -0.021588698029518127,
            0.037267763167619705
        ],
        [
            0.08834167569875717,
            -0.03179272264242172,
            0.027390629053115845
        ],
        [
            0.09486021846532822,
            -0.0357200987637043,
            0.04108438640832901
        ],
        [
            0.10816414654254913,
            -0.03780704364180565,
            0.05468263477087021
        ],
        [
            0.07933656126260757,
            0.023192524909973145,
            0.013023652136325836
        ],
        [
            0.08298777043819427,
            0.026147980242967606,
            0.022140637040138245
        ],
        [
            0.1836748570203781,
            -0.03044896200299263,
            0.08208724111318588
        ],
        [
            0.18427833914756775,
            -0.024437248706817627,
            0.08334939926862717
        ],
        [
            0.1821369081735611,
            -0.02479177713394165,
            0.08202563226222992
        ],
        [
            0.18198329210281372,
            -0.03037356585264206,
            0.08092206716537476
        ],
        [
            0.09375546127557755,
            0.03607310727238655,
            0.006966777145862579
        ],
        [
            0.1011301800608635,
            0.035462506115436554,
            9.33334231376648e-05
        ],
        [
            0.09482467174530029,
            0.035919107496738434,
            -0.003598228096961975
        ],
        [
            0.0877920538187027,
            0.03457316756248474,
            0.0025130510330200195
        ],
        [
            0.10162676125764847,
            0.03798501938581467,
            0.012877833098173141
        ],
        [
            0.10954095423221588,
            0.034322068095207214,
            0.005661122500896454
        ],
        [
            0.19413214921951294,
            -0.034361179918050766,
            0.07569784671068192
        ],
        [
            0.18986408412456512,
            -0.03582112491130829,
            0.07849157601594925
        ],
        [
            0.18824081122875214,
            -0.03537343069911003,
            0.07446670532226562
        ],
        [
            0.19176627695560455,
            -0.03304516524076462,
            0.07062507420778275
        ],
        [
            0.1356794536113739,
            -0.021628793329000473,
            0.0578630268573761
        ],
        [
            0.13173261284828186,
            -0.013798287138342857,
            0.055294182151556015
        ],
        [
            0.15313933789730072,
            -0.02103816345334053,
            0.07046769559383392
        ],
        [
            0.14353662729263306,
            -0.016970334574580193,
            0.06340165436267853
        ],
        [
            0.14411211013793945,
            -0.02396903745830059,
            0.06240105628967285
        ],
        [
            0.15234994888305664,
            -0.026713648810982704,
            0.06685228645801544
        ],
        [
            0.13727544248104095,
            0.005089667625725269,
            0.05664084851741791
        ],
        [
            0.12823092937469482,
            0.00445741880685091,
            0.04907675087451935
        ],
        [
            0.13043130934238434,
            -0.0015676036709919572,
            0.0506574809551239
        ],
        [
            0.14002957940101624,
            -0.0025954917073249817,
            0.05974998325109482
        ],
        [
            0.12324585020542145,
            0.017776677384972572,
            0.04920540004968643
        ],
        [
            0.1328555941581726,
            0.017349200323224068,
            0.05616748332977295
        ],
        [
            0.12886357307434082,
            0.024924054741859436,
            0.05534809082746506
        ],
        [
            0.12209887057542801,
            0.0238210279494524,
            0.05137818679213524
        ],
        [
            0.14995698630809784,
            0.01274473499506712,
            0.06860727816820145
        ],
        [
            0.15684697031974792,
            0.012425137683749199,
            0.07259657979011536
        ],
        [
            0.1550205796957016,
            0.01656576618552208,
            0.07245831936597824
        ],
        [
            0.1488608717918396,
            0.016323760151863098,
            0.06711690872907639
        ],
        [
            0.08931475877761841,
            0.035985395312309265,
            -0.00811833143234253
        ],
        [
            0.08249515295028687,
            0.032348401844501495,
            -0.002029895782470703
        ],
        [
            0.13721564412117004,
            0.0429353304207325,
            0.034932348877191544
        ],
        [
            0.12707526981830597,
            0.04728839173913002,
            0.03691500052809715
        ],
        [
            0.13568833470344543,
            0.0508890226483345,
            0.046313539147377014
        ],
        [
            0.14506502449512482,
            0.045470207929611206,
            0.04141202196478844
        ],
        [
            0.10828108340501785,
            0.029296020045876503,
            -0.004219226539134979
        ],
        [
            0.10242395848035812,
            0.03189294412732124,
            -0.008789628744125366
        ],
        [
            0.19772520661354065,
            -0.029275385662913322,
            0.07378998398780823
        ],
        [
            0.19515809416770935,
            -0.027787664905190468,
            0.06895480304956436
        ],
        [
            0.1009880006313324,
            -0.04003949463367462,
            0.029033083468675613
        ],
        [
            0.11251683533191681,
            -0.04258038103580475,
            0.047550052404403687
        ],
        [
            0.09600527584552765,
            -0.03388705104589462,
            0.013600915670394897
        ],
        [
            0.09429962933063507,
            -0.02794630266726017,
            0.002779453992843628
        ],
        [
            0.09106055647134781,
            -0.02488226443529129,
            -0.0056810081005096436
        ],
        [
            0.1463695615530014,
            -0.011042001657187939,
            0.06656170636415482
        ],
        [
            0.12802498042583466,
            -0.0069725401699543,
            0.05024228245019913
        ],
        [
            0.11776107549667358,
            0.005797815974801779,
            0.042377762496471405
        ],
        [
            0.10940182209014893,
            0.03517838940024376,
            0.04709884524345398
        ],
        [
            0.1009598895907402,
            0.03401033580303192,
            0.04090680181980133
        ],
        [
            0.10510051250457764,
            0.024619992822408676,
            0.04406443238258362
        ],
        [
            0.11206116527318954,
            0.027652094140648842,
            0.04836701601743698
        ],
        [
            0.12003070116043091,
            0.04771129786968231,
            0.043984346091747284
        ],
        [
            0.11795053631067276,
            0.042715296149253845,
            0.049961984157562256
        ],
        [
            0.12478726357221603,
            0.04402092844247818,
            0.05495564639568329
        ],
        [
            0.1278696060180664,
            0.0496784932911396,
            0.05074175447225571
        ],
        [
            0.13376209139823914,
            -0.03701036423444748,
            0.049704939126968384
        ],
        [
            0.12774699926376343,
            -0.04103183001279831,
            0.03967631608247757
        ],
        [
            0.08669502288103104,
            0.032903119921684265,
            0.014237098395824432
        ],
        [
            0.08198302984237671,
            0.029376370832324028,
            0.009043961763381958
        ],
        [
            0.07773974537849426,
            0.027581695467233658,
            0.0018769130110740662
        ],
        [
            0.09651710093021393,
            0.005549619905650616,
            0.03218159079551697
        ],
        [
            0.08511103689670563,
            0.0038227674085646868,
            0.024278733879327774
        ],
        [
            0.08542179316282272,
            -0.0006108770612627268,
            0.02541753277182579
        ],
        [
            0.09765414893627167,
            0.002550669014453888,
            0.031445231288671494
        ],
        [
            0.10392449796199799,
            -0.008154947310686111,
            0.04041936993598938
        ],
        [
            0.09119196236133575,
            -0.010768537409603596,
            0.038336917757987976
        ],
        [
            0.11096146702766418,
            -0.011588062159717083,
            0.04970874637365341
        ],
        [
            0.07959175854921341,
            -0.0035248585045337677,
            0.012851927429437637
        ],
        [
            0.07370321452617645,
            0.00317947193980217,
            0.006232544779777527
        ],
        [
            0.07497546821832657,
            -0.00551975890994072,
            0.004819795489311218
        ],
        [
            0.07357556372880936,
            0.012977149337530136,
            0.005672670900821686
        ],
        [
            0.07472352683544159,
            0.021727144718170166,
            0.004388079047203064
        ],
        [
            0.09814781695604324,
            0.03398615121841431,
            -0.015922732651233673
        ],
        [
            0.07781746983528137,
            -0.013189010322093964,
            0.0031878873705863953
        ],
        [
            0.11619250476360321,
            -0.022876661270856857,
            0.06406966596841812
        ],
        [
            0.12282922863960266,
            -0.02397266961634159,
            0.06636521965265274
        ],
        [
            0.1256854385137558,
            -0.018825078383088112,
            0.06205804646015167
        ],
        [
            0.12114298343658447,
            -0.01840607449412346,
            0.06029312685132027
        ],
        [
            0.16123349964618683,
            -0.030215727165341377,
            0.0562671534717083
        ],
        [
            0.15661779046058655,
            -0.030266614630818367,
            0.0629509836435318
        ],
        [
            0.1470063477754593,
            -0.02968483977019787,
            0.0583636648952961
        ],
        [
            0.0916644036769867,
            0.017795676365494728,
            0.034243468195199966
        ],
        [
            0.08969921618700027,
            0.029603518545627594,
            0.03000832349061966
        ],
        [
            0.15729624032974243,
            -0.015645327046513557,
            0.07234210520982742
        ],
        [
            0.18967774510383606,
            -0.03220906853675842,
            0.06648698449134827
        ],
        [
            0.1858794093132019,
            -0.03519915044307709,
            0.07046503573656082
        ],
        [
            0.17369364202022552,
            -0.03203338384628296,
            0.06124952435493469
        ],
        [
            0.1778113842010498,
            -0.02861705608665943,
            0.057127609848976135
        ],
        [
            0.16999728977680206,
            -0.012387070804834366,
            0.07159247994422913
        ],
        [
            0.16481858491897583,
            -0.016756858676671982,
            0.07316812872886658
        ],
        [
            0.16906343400478363,
            -0.017271727323532104,
            0.07293155789375305
        ],
        [
            0.17419232428073883,
            -0.013401906937360764,
            0.07215450704097748
        ],
        [
            0.14909395575523376,
            0.023109743371605873,
            0.06912573426961899
        ],
        [
            0.14417044818401337,
            0.023060252889990807,
            0.06496217846870422
        ],
        [
            0.16725732386112213,
            -0.006194297224283218,
            0.05163438245654106
        ],
        [
            0.16552864015102386,
            -0.018418634310364723,
            0.047040827572345734
        ],
        [
            0.1580798476934433,
            -0.018461765721440315,
            0.039633750915527344
        ],
        [
            0.13443470001220703,
            0.011965939775109291,
            0.05556047707796097
        ],
        [
            0.14236322045326233,
            0.013183366507291794,
            0.06248987838625908
        ],
        [
            0.14118559658527374,
            0.017109990119934082,
            0.06188792735338211
        ],
        [
            0.14982447028160095,
            -0.007801361382007599,
            0.06828531622886658
        ],
        [
            0.15926584601402283,
            -0.009943290613591671,
            0.07253160327672958
        ],
        [
            0.15497003495693207,
            -0.005042283795773983,
            0.07010742276906967
        ],
        [
            0.14749276638031006,
            -0.002927370136603713,
            0.06563406437635422
        ],
        [
            0.11829167604446411,
            0.044690463691949844,
            0.02730908989906311
        ],
        [
            0.1102081835269928,
            0.045588791370391846,
            0.035731494426727295
        ],
        [
            0.1859043389558792,
            -0.0344255194067955,
            0.08061884343624115
        ],
        [
            0.18430714309215546,
            -0.0343569740653038,
            0.0782351866364479
        ],
        [
            0.1256074607372284,
            0.011185381561517715,
            0.048236183822155
        ],
        [
            0.14768654108047485,
            -0.01864689588546753,
            0.03074529767036438
        ],
        [
            0.11585382372140884,
            0.010977420955896378,
            0.042212262749671936
        ],
        [
            0.15551936626434326,
            0.034279897809028625,
            0.05306871235370636
        ],
        [
            0.15005412697792053,
            0.03613566234707832,
            0.05956580862402916
        ],
        [
            0.15177758038043976,
            0.03499441221356392,
            0.06347973644733429
        ],
        [
            0.15732340514659882,
            0.03484605252742767,
            0.06082884222269058
        ],
        [
            0.1860099583864212,
            -0.015062998980283737,
            0.07687421143054962
        ],
        [
            0.18342594802379608,
            -0.01874278485774994,
            0.0805320143699646
        ],
        [
            0.18440186977386475,
            -0.0189647413790226,
            0.08117281645536423
        ],
        [
            0.1884072721004486,
            -0.015558554790914059,
            0.07812458276748657
        ],
        [
            0.16232682764530182,
            -0.022065212950110435,
            0.07222050428390503
        ],
        [
            0.1609266847372055,
            -0.027681563049554825,
            0.06924387067556381
        ],
        [
            0.16742806136608124,
            -0.02787523902952671,
            0.07112546265125275
        ],
        [
            0.16817492246627808,
            -0.022323202341794968,
            0.07287439703941345
        ],
        [
            0.16460035741329193,
            -0.030939122661948204,
            0.06420435011386871
        ],
        [
            0.16966763138771057,
            -0.03162459656596184,
            0.06621410697698593
        ],
        [
            0.18973751366138458,
            -0.014812738634645939,
            0.07149823755025864
        ],
        [
            0.19273313879966736,
            -0.019893327727913857,
            0.06652753800153732
        ],
        [
            0.1813337802886963,
            -0.01548233162611723,
            0.05951669439673424
        ],
        [
            0.179776132106781,
            -0.013007096946239471,
            0.0665765330195427
        ],
        [
            0.12843501567840576,
            0.020764769986271858,
            0.01139761134982109
        ],
        [
            0.12321864813566208,
            0.030588911846280098,
            0.012603983283042908
        ],
        [
            0.13286156952381134,
            0.03270873427391052,
            0.024195853620767593
        ],
        [
            0.1431695967912674,
            0.0356188639998436,
            0.034888070076704025
        ],
        [
            0.15233391523361206,
            0.03697802126407623,
            0.04551883041858673
        ],
        [
            0.15958325564861298,
            0.027289653196930885,
            0.04326079040765762
        ],
        [
            0.12772376835346222,
            0.039164915680885315,
            0.02443159744143486
        ],
        [
            0.17169909179210663,
            -0.005396200343966484,
            0.0646260529756546
        ],
        [
            0.17197416722774506,
            -0.01162419468164444,
            0.056648120284080505
        ],
        [
            0.1717570275068283,
            -0.00486614927649498,
            0.05814238265156746
        ],
        [
            0.11292816698551178,
            0.01768893003463745,
            0.043782636523246765
        ],
        [
            0.18266287446022034,
            -0.034831561148166656,
            0.07467141002416611
        ],
        [
            0.10966978967189789,
            -0.013316623866558075,
            -0.010020285844802856
        ],
        [
            0.11247730255126953,
            -0.0001896102912724018,
            -0.012564629316329956
        ],
        [
            0.11768096685409546,
            -0.0023667593486607075,
            -0.0058556050062179565
        ],
        [
            0.11386394500732422,
            -0.01728150062263012,
            -0.002195224165916443
        ],
        [
            0.18123888969421387,
            -0.025415487587451935,
            0.08146661520004272
        ],
        [
            0.18038921058177948,
            -0.03130606934428215,
            0.07922281324863434
        ],
        [
            0.1421816349029541,
            0.029309453442692757,
            0.06554635614156723
        ],
        [
            0.14690619707107544,
            0.028390027582645416,
            0.06850294768810272
        ],
        [
            0.1474696397781372,
            0.03230263665318489,
            0.06758812069892883
        ],
        [
            0.142246812582016,
            0.03427131846547127,
            0.0671205073595047
        ],
        [
            0.11910885572433472,
            0.03496413677930832,
            0.012785300612449646
        ],
        [
            0.13839426636695862,
            0.05212102457880974,
            0.0546751469373703
        ],
        [
            0.14756406843662262,
            0.047425542026758194,
            0.049570802599191666
        ],
        [
            0.11504147946834564,
            0.028352651745080948,
            0.002499587833881378
        ],
        [
            0.11992885172367096,
            0.01999512128531933,
            0.0008641257882118225
        ],
        [
            0.11363381892442703,
            0.020003825426101685,
            -0.006649903953075409
        ],
        [
            0.1652032881975174,
            0.014828300103545189,
            0.0503108873963356
        ],
        [
            0.13301610946655273,
            0.013449866324663162,
            0.012613415718078613
        ],
        [
            0.1232205331325531,
            0.013102276250720024,
            0.0017956718802452087
        ],
        [
            0.11586974561214447,
            0.012795571237802505,
            -0.007147021591663361
        ],
        [
            0.11089809238910675,
            0.013393222354352474,
            -0.013871997594833374
        ],
        [
            0.10887254774570465,
            0.02119520492851734,
            -0.01257217675447464
        ],
        [
            0.19204136729240417,
            -0.026240549981594086,
            0.06550127267837524
        ],
        [
            0.19661320745944977,
            -0.02074456214904785,
            0.07023509591817856
        ],
        [
            0.10458409786224365,
            0.023212885484099388,
            -0.020412690937519073
        ],
        [
            0.10652267932891846,
            0.01415399368852377,
            -0.02111794799566269
        ],
        [
            0.12579450011253357,
            0.004321286920458078,
            0.0029131323099136353
        ],
        [
            0.12733039259910583,
            -0.006967269815504551,
            0.005174510180950165
        ],
        [
            0.13494263589382172,
            0.004989955574274063,
            0.013508062809705734
        ],
        [
            0.13754993677139282,
            -0.005941918585449457,
            0.016392555087804794
        ],
        [
            0.16704130172729492,
            0.005304645746946335,
            0.044621121138334274
        ],
        [
            0.20151686668395996,
            -0.02004813402891159,
            0.08806478977203369
        ],
        [
            0.19718757271766663,
            -0.017577894032001495,
            0.07814911752939224
        ],
        [
            0.1919451504945755,
            -0.016353515908122063,
            0.08055926114320755
        ],
        [
            0.19809338450431824,
            -0.017519503831863403,
            0.0889606773853302
        ],
        [
            0.19279888272285461,
            -0.015824157744646072,
            0.0742504745721817
        ],
        [
            0.19922009110450745,
            -0.02211625874042511,
            0.07522300630807877
        ],
        [
            0.13592763245105743,
            -0.020074931904673576,
            0.020805086940526962
        ],
        [
            0.16492490470409393,
            -0.005503937602043152,
            0.07287684082984924
        ],
        [
            0.12212882936000824,
            -0.02384188398718834,
            0.011335119605064392
        ],
        [
            0.1363801211118698,
            -0.033441077917814255,
            0.030337799340486526
        ],
        [
            0.12483149766921997,
            -0.03638452664017677,
            0.02597234398126602
        ],
        [
            0.10695214569568634,
            -0.028836585581302643,
            0.0037352554500102997
        ],
        [
            0.11092804372310638,
            -0.0379771888256073,
            0.018632076680660248
        ],
        [
            0.09948799014091492,
            -0.02048703469336033,
            -0.011869743466377258
        ],
        [
            0.10414830595254898,
            -0.023244185373187065,
            -0.00453755259513855
        ],
        [
            0.11607223749160767,
            -0.043124545365571976,
            0.03437548875808716
        ],
        [
            0.1867428570985794,
            -0.02777976728975773,
