{
    "pred_cam": [
        5.950658798217773,
        0.07430332154035568,
        -0.06111787259578705
    ],
    "pred_mano_params": {
        "global_orient": [
            [
                [
                    0.46354952454566956,
                    -0.46846237778663635,
                    0.7521069049835205
                ],
                [
                    -0.6986393928527832,
                    -0.7153177261352539,
                    -0.014951973222196102
                ],
                [
                    0.5449998378753662,
                    -0.5185205340385437,
                    -0.6588714718818665
                ]
            ]
        ],
        "hand_pose": [
            [
                [
                    0.9029046297073364,
                    -0.057739462703466415,
                    -0.4259454011917114
                ],
                [
                    0.02350027859210968,
                    0.9960858225822449,
                    -0.08521032333374023
                ],
                [
                    0.42919814586639404,
                    0.06692694872617722,
                    0.900727391242981
                ]
            ],
            [
                [
                    0.9803429841995239,
                    -0.17311443388462067,
                    0.09465204924345016
                ],
                [
                    0.18623828887939453,
                    0.9703186750411987,
                    -0.15426257252693176
                ],
                [
                    -0.06513757258653641,
                    0.16885808110237122,
                    0.9834856390953064
                ]
            ],
            [
                [
                    0.7969313263893127,
                    -0.5981203317642212,
                    0.08457234501838684
                ],
                [
                    0.6021674871444702,
                    0.7754942178726196,
                    -0.18974517285823822
                ],
                [
                    0.04790511354804039,
                    0.20214056968688965,
                    0.9781842231750488
                ]
            ],
            [
                [
                    0.9388651251792908,
                    -0.010267348028719425,
                    -0.34413227438926697
                ],
                [
                    -0.058485426008701324,
                    0.9802711009979248,
                    -0.18880732357501984
                ],
                [
                    0.3392814099788666,
                    0.1973913013935089,
                    0.9197418689727783
                ]
            ],
            [
                [
                    0.814809262752533,
                    -0.5561724901199341,
                    -0.16357876360416412
                ],
                [
                    0.579361081123352,
                    0.771152138710022,
                    0.26394128799438477
                ],
                [
                    -0.02065274491906166,
                    -0.30983299016952515,
                    0.9505665898323059
                ]
            ],
            [
                [
                    0.850307047367096,
                    -0.5251906514167786,
                    0.03395393490791321
                ],
                [
                    0.5245453119277954,
                    0.8509717583656311,
                    0.026442652568221092
                ],
                [
                    -0.042781274765729904,
                    -0.004673991352319717,
                    0.9990735650062561
                ]
            ],
            [
                [
                    0.8661618828773499,
                    -0.4871259033679962,
                    0.11167750507593155
                ],
                [
                    0.49247050285339355,
                    0.8699751496315002,
                    -0.02481873892247677
                ],
                [
                    -0.08506681025028229,
                    0.07649491727352142,
                    0.9934344291687012
                ]
            ],
            [
                [
                    0.9689995646476746,
                    -0.08508709818124771,
                    -0.23194804787635803
                ],
                [
                    0.1270022839307785,
                    0.976834774017334,
                    0.17223283648490906
                ],
                [
                    0.2119201272726059,
                    -0.19635148346424103,
                    0.957358717918396
                ]
            ],
            [
                [
                    0.9508818984031677,
                    -0.11136438697576523,
                    0.2888281047344208
                ],
                [
                    0.09019557386636734,
                    0.9922354221343994,
                    0.08563689887523651
                ],
                [
                    -0.29612237215042114,
                    -0.05537955462932587,
                    0.9535433053970337
                ]
            ],
            [
                [
                    0.9735927581787109,
                    -0.15196101367473602,
                    -0.17036689817905426
                ],
                [
                    0.11053690314292908,
                    0.9667454361915588,
                    -0.23061825335025787
                ],
                [
                    0.19974642992019653,
                    0.2056964635848999,
                    0.958013653755188
                ]
            ],
            [
                [
                    0.9132083058357239,
                    -0.36199942231178284,
                    -0.18710146844387054
                ],
                [
                    0.4055679142475128,
                    0.8520006537437439,
                    0.3310733437538147
                ],
                [
                    0.03956223279237747,
                    -0.3782213032245636,
                    0.9248694181442261
                ]
            ],
            [
                [
                    0.8571019172668457,
                    -0.5132998824119568,
                    0.04358305409550667
                ],
                [
                    0.4993287920951843,
                    0.8486095070838928,
                    0.174735888838768
                ],
                [
                    -0.12667691707611084,
                    -0.12800419330596924,
                    0.9836502075195312
                ]
            ],
            [
                [
                    0.920587956905365,
                    0.06957735121250153,
                    0.38428744673728943
                ],
                [
                    0.24999232590198517,
                    0.6509900689125061,
                    -0.7167396545410156
                ],
                [
                    -0.30003616213798523,
                    0.7558907866477966,
                    0.5818998217582703
                ]
            ],
            [
                [
                    0.9275611639022827,
                    -0.3611537218093872,
                    -0.09590671956539154
                ],
                [
                    0.3421303629875183,
                    0.7176132798194885,
                    0.6066118478775024
                ],
                [
                    -0.1502562165260315,
                    -0.5954822897911072,
                    0.7891918420791626
                ]
            ],
            [
                [
                    0.9170219302177429,
                    0.3035462200641632,
                    -0.25870922207832336
                ],
                [
                    -0.29339173436164856,
                    0.9528066515922546,
                    0.0779801532626152
                ],
                [
                    0.2701704204082489,
                    0.004393629729747772,
                    0.962802529335022
                ]
            ]
        ],
        "betas": [
            -0.04933878779411316,
            -0.10747161507606506,
            -0.06537914276123047,
            0.05391320586204529,
            0.03860032558441162,
            0.024826515465974808,
            0.05007869005203247,
            -0.038463085889816284,
            0.012374594807624817,
            -0.04245850443840027
        ]
    },
    "pred_cam_t": [
        -0.07430332154035568,
        -0.06111787259578705,
        6.564399242401123
    ],
    "focal_length": [
        5000.0,
        5000.0
    ],
    "pred_keypoints_3d": [
        [
            0.09600581228733063,
            0.0064112176187336445,
            0.006221903022378683
        ],
        [
            0.111567921936512,
            0.03398599848151207,
            -0.01591969095170498
        ],
        [
            0.13278287649154663,
            0.05521709844470024,
            -0.023138966411352158
        ],
        [
            0.1475161612033844,
            0.07732468843460083,
            -0.028858991339802742
        ],
        [
            0.15872181951999664,
            0.10578324645757675,
            -0.0479622483253479
        ],
        [
            0.07297690957784653,
            0.07158353179693222,
            -0.052835237234830856
        ],
        [
            0.04838951677083969,
            0.09109685570001602,
            -0.0633942261338234
        ],
        [
            0.0355939120054245,
            0.10924103856086731,
            -0.06531070172786713
        ],
        [
            0.028917349874973297,
            0.13224229216575623,
            -0.05643243342638016
        ],
        [
            0.05010583624243736,
            0.07389505952596664,
            -0.04247890040278435
        ],
        [
            0.023655541241168976,
            0.08995707333087921,
            -0.04971112683415413
        ],
        [
            0.014250889420509338,
            0.11035648733377457,
            -0.043347667902708054
        ],
        [
            0.012860485352575779,
            0.13412360846996307,
            -0.03372012823820114
        ],
        [
            0.0397120863199234,
            0.06696028262376785,
            -0.01881173439323902
        ],
        [
            0.01951611414551735,
            0.08602425456047058,
            -0.026969095692038536
        ],
        [
            0.008274564519524574,
            0.10690121352672577,
            -0.019463513046503067
        ],
        [
            0.005490308627486229,
            0.13029825687408447,
            -0.010240642353892326
        ],
        [
            0.03607300668954849,
            0.06243782117962837,
            0.002242343034595251
        ],
        [
            0.024064499884843826,
            0.07971877604722977,
            0.004790095146745443
        ],
        [
            0.01459956169128418,
            0.09440985321998596,
            0.01234083715826273
        ],
        [
            0.00846365187317133,
            0.11211532354354858,
            0.015508165583014488
        ]
    ],
    "pred_vertices": [
        [
            0.09514915943145752,
            0.05499337986111641,
            -0.023382823914289474
        ],
        [
            0.10084068030118942,
            0.05019158869981766,
            -0.016862623393535614
        ],
        [
            0.10828401148319244,
            0.05798804387450218,
            -0.02061198279261589
        ],
        [
            0.10152677446603775,
            0.06181895732879639,
            -0.028726544231176376
        ],
        [
            0.11827140301465988,
            0.04606778919696808,
            -0.0028566718101501465
        ],
        [
            0.12711088359355927,
            0.03827144578099251,
            -0.0032882392406463623
        ],
        [
            0.134835883975029,
            0.050903234630823135,
            -0.008512027561664581
        ],
        [
            0.12738777697086334,
            0.056510645896196365,
            -0.006162781268358231
        ],
        [
            0.10758975893259048,
            0.06624813377857208,
            -0.0334489680826664
        ],
        [
            0.11437416076660156,
            0.063796266913414,
            -0.022983387112617493
        ],
        [
            0.11324409395456314,
            0.06544789671897888,
            -0.03584577143192291
        ],
        [
            0.10014234483242035,
            0.06219051033258438,
            -0.04912460222840309
        ],
        [
            0.09860077500343323,
            0.0656914934515953,
            -0.043436113744974136
        ],
        [
            0.09103580564260483,
            0.06324591487646103,
            -0.055437538772821426
        ],
        [
            0.09920480847358704,
            0.05104284733533859,
            -0.05121516436338425
        ],
        [
            0.08439364284276962,
            0.0562112033367157,
            -0.05737826228141785
        ],
        [
            0.0728515237569809,
            0.03369639441370964,
            -0.03956377133727074
        ],
        [
            0.06407837569713593,
            0.030603718012571335,
            -0.029236508533358574
        ],
        [
            0.05616902559995651,
            0.04291188344359398,
            -0.036145832389593124
        ],
        [
            0.06591130048036575,
            0.04534388333559036,
            -0.04549907147884369
        ],
        [
            0.04951668158173561,
            0.03820827230811119,
            -0.01722145825624466
        ],
        [
            0.05239139124751091,
            0.041348136961460114,
            -0.028153013437986374
        ],
        [
            0.059916552156209946,
            0.02818802371621132,
            -0.021626297384500504
        ],
        [
            0.057010699063539505,
            0.02620687335729599,
            -0.011999411508440971
        ],
        [
            0.08582085371017456,
            0.04569989815354347,
            -0.01093161478638649
        ],
        [
            0.09058566391468048,
            0.03948456048965454,
            -0.004743613302707672
        ],
        [
            0.09356489777565002,
            0.04257506877183914,
            -0.010436531156301498
        ],
        [
            0.08925428986549377,
            0.04803840070962906,
            -0.015629123896360397
        ],
        [
            0.12903736531734467,
            0.06307021528482437,
            -0.03523474931716919
        ],
        [
            0.11950651556253433,
            0.05162326246500015,
            -0.041084498167037964
        ],
        [
            0.1152636930346489,
            0.05870668217539787,
            -0.04079769551753998
        ],
        [
            0.12746968865394592,
            0.06712315231561661,
            -0.03149353340268135
        ],
        [
            0.10002665221691132,
            0.02561085671186447,
            0.020346887409687042
        ],
        [
            0.10457983613014221,
            0.012964434921741486,
            0.02220563217997551
        ],
        [
            0.10819028317928314,
            0.012965299189090729,
            0.017559505999088287
        ],
        [
            0.10266873240470886,
            0.02436482533812523,
            0.016406729817390442
        ],
        [
            0.11967163532972336,
            0.021125566214323044,
            0.002442076802253723
        ],
        [
            0.1194697916507721,
            0.011552676558494568,
            0.004177220165729523
        ],
        [
            0.12522801756858826,
            0.0018640011548995972,
            -0.003951087594032288
        ],
        [
            0.1252475380897522,
            0.010041318833827972,
            -0.008631475269794464
        ],
        [
            0.12226370722055435,
            0.03028598055243492,
            -0.0005392655730247498
        ],
        [
            0.12824702262878418,
            0.021072272211313248,
            -0.00926770269870758
        ],
        [
            0.13174918293952942,
            0.03058287501335144,
            -0.010582737624645233
        ],
        [
            0.13847127556800842,
            0.0448552705347538,
            -0.01473701000213623
        ],
        [
            0.09493274986743927,
            0.010803014039993286,
            0.030482064932584763
        ],
        [
            0.09056802093982697,
            0.019990820437669754,
            0.03063482977449894
        ],
        [
            0.05268750712275505,
            0.1012551560997963,
            -0.06259555369615555
        ],
        [
            0.04924803972244263,
            0.10065785050392151,
            -0.057869017124176025
        ],
        [
            0.0531008243560791,
            0.09788002073764801,
            -0.057080138474702835
        ],
        [
            0.05562382936477661,
            0.09865698218345642,
            -0.06220274791121483
        ],
        [
            0.0755525603890419,
            0.005501545965671539,
            0.02780728228390217
        ],
        [
            0.07081350684165955,
            -0.0006290674209594727,
            0.02126295305788517
        ],
        [
            0.0745634138584137,
            -0.0048590898513793945,
            0.02590181678533554
        ],
        [
            0.08048603683710098,
            0.0006250739097595215,
            0.030812520533800125
        ],
        [
            0.06918676197528839,
            0.012076199054718018,
            0.023793822154402733
        ],
        [
            0.0662999078631401,
            0.005750812590122223,
            0.014815375208854675
        ],
        [
            0.046917736530303955,
            0.09565595537424088,
            -0.07267419248819351
        ],
        [
            0.05064474046230316,
            0.09888599067926407,
            -0.07104169577360153
        ],
        [
            0.0532044991850853,
            0.09450997412204742,
            -0.07107510417699814
        ],
        [
            0.04958975687623024,
            0.09073512256145477,
            -0.07164273411035538
        ],
        [
            0.0949765145778656,
            0.06487330049276352,
            -0.03642553836107254
        ],
        [
            0.09001654386520386,
            0.06086292862892151,
            -0.028650889173150063
        ],
        [
            0.0812092050909996,
            0.07642193883657455,
            -0.04642186313867569
        ],
        [
            0.08393850177526474,
            0.06890959292650223,
            -0.03848296403884888
        ],
        [
            0.08949289470911026,
            0.06869523227214813,
            -0.04389185085892677
        ],
        [
            0.08554685860872269,
            0.07385201752185822,
            -0.05078037828207016
        ],
        [
            0.07100139558315277,
            0.06073471158742905,
            -0.019681798294186592
        ],
        [
            0.07732570916414261,
            0.05227961018681526,
            -0.014252884313464165
        ],
        [
            0.080498605966568,
            0.0545567087829113,
            -0.01981947384774685
        ],
        [
            0.07496850937604904,
            0.06436603516340256,
            -0.026507865637540817
        ],
        [
            0.07064708322286606,
            0.051396507769823074,
            -0.0017403662204742432
        ],
        [
            0.0647323876619339,
            0.0595521405339241,
            -0.008325088769197464
        ],
        [
            0.06159700080752373,
            0.05821315199136734,
            -0.0004810597747564316
        ],
        [
            0.06687972694635391,
            0.05324508249759674,
            0.0033200308680534363
        ],
        [
            0.055857252329587936,
            0.07352215051651001,
            -0.02266661450266838
        ],
        [
            0.050166282802820206,
            0.07691773027181625,
            -0.028090700507164
        ],
        [
            0.047082845121622086,
            0.07726714015007019,
            -0.02527816966176033
        ],
        [
            0.053501877933740616,
            0.07247070968151093,
            -0.01971658319234848
        ],
        [
            0.07805104553699493,
            -0.009834200143814087,
            0.02956201508641243
        ],
        [
            0.08552785217761993,
            -0.004242204129695892,
            0.03276444971561432
        ],
        [
            0.043890468776226044,
            0.0368901826441288,
            0.003486381843686104
        ],
        [
            0.04687876999378204,
            0.03817058727145195,
            0.014076044782996178
        ],
        [
            0.038684871047735214,
            0.04716188460588455,
            0.011239474639296532
        ],
        [
            0.037684518843889236,
            0.043430715799331665,
            0.0006446540355682373
        ],
        [
            0.07047079503536224,
            -0.003975614905357361,
            0.011386718600988388
        ],
        [
            0.0722871720790863,
            -0.009151488542556763,
            0.017031388357281685
        ],
        [
            0.04188401252031326,
            0.09262879937887192,
            -0.07077682018280029
        ],
        [
            0.045052677392959595,
            0.08798383921384811,
            -0.06876397877931595
        ],
        [
            0.12875697016716003,
            0.022950246930122375,
            -0.021596629172563553
        ],
        [
            0.13737326860427856,
            0.040985167026519775,
            -0.023699071258306503
        ],
        [
            0.12363588064908981,
            0.010334275662899017,
            -0.018558502197265625
        ],
        [
            0.12064026296138763,
            0.001703597605228424,
            -0.015518639236688614
        ],
        [
            0.12130407989025116,
            -0.005867823958396912,
            -0.012178171426057816
        ],
        [
            0.07782340794801712,
            0.07139218598604202,
            -0.036110371351242065
        ],
        [
            0.08656298369169235,
            0.05473890155553818,
            -0.021893000230193138
        ],
        [
            0.08310813456773758,
            0.04455002397298813,
            -0.006461348384618759
        ],
        [
            0.06695760041475296,
            0.0472172312438488,
            0.01973293162882328
        ],
        [
            0.0733724907040596,
            0.040119122713804245,
            0.024550732225179672
        ],
        [
            0.07752616703510284,
            0.04404246062040329,
            0.015590853989124298
        ],
        [
            0.07067682594060898,
            0.04900893196463585,
            0.012903306633234024
        ],
        [
            0.05103868618607521,
            0.04470185190439224,
            0.020069334656000137
        ],
        [
            0.055830217897892,
            0.050938330590724945,
            0.018707606941461563
        ],
        [
            0.04980052262544632,
            0.056992851197719574,
            0.014854717999696732
        ],
        [
            0.04421763867139816,
            0.05197204649448395,
            0.016338370740413666
        ],
        [
            0.1351226419210434,
            0.05851432681083679,
            -0.037043385207653046
        ],
        [
            0.12475431710481644,
            0.045611489564180374,
            -0.03992573544383049
        ],
        [
            0.08286263048648834,
            0.012196309864521027,
            0.03161563724279404
        ],
        [
            0.08844971656799316,
            0.006802462041378021,
            0.03225504979491234
        ],
        [
            0.0923752635717392,
            -0.0005992427468299866,
            0.03347945213317871
        ],
        [
            0.0959719717502594,
            0.03310655429959297,
            0.006985094398260117
        ],
        [
            0.10442493855953217,
            0.023605257272720337,
            0.013649627566337585
        ],
        [
            0.10631856322288513,
            0.024853002279996872,
            0.009958520531654358
        ],
        [
            0.0964750200510025,
            0.03355493023991585,
            0.0031258203089237213
        ],
        [
            0.10448195785284042,
            0.045093338936567307,
            -0.00747520849108696
        ],
        [
            0.11075858026742935,
            0.03653620183467865,
            0.0007682293653488159
        ],
        [
            0.11208552122116089,
            0.054028019309043884,
            -0.009762123227119446
        ],
        [
            0.11367873847484589,
            0.011526748538017273,
            0.012013506144285202
        ],
        [
            0.11340062320232391,
            0.004477687180042267,
            0.02058406174182892
        ],
        [
            0.11882933974266052,
            0.0034138858318328857,
            0.013616219162940979
        ],
        [
            0.10617735981941223,
            0.003470472991466522,
            0.027188237756490707
        ],
        [
            0.09881818294525146,
            0.0018828809261322021,
            0.03203938156366348
        ],
        [
            0.07338353246450424,
            -0.016680240631103516,
            0.02087230607867241
        ],
        [
            0.12249826639890671,
            0.0021210089325904846,
            0.006148848682641983
        ],
        [
            0.13427092134952545,
            0.06277339905500412,
            -0.010912831872701645
        ],
        [
            0.1407809555530548,
            0.06780213117599487,
            -0.015156488865613937
        ],
        [
            0.1343890279531479,
            0.0706193596124649,
            -0.017731722444295883
        ],
        [
            0.12772800028324127,
            0.06611108034849167,
            -0.014552775770425797
        ],
        [
            0.08177290856838226,
            0.06725355237722397,
            -0.06153860315680504
        ],
        [
            0.08529914915561676,
            0.07210178673267365,
            -0.056890860199928284
        ],
        [
            0.09348981082439423,
            0.06656181067228317,
            -0.0501759797334671
        ],
        [
            0.09131598472595215,
            0.033209431916475296,
            0.01993553712964058
        ],
        [
            0.08377274870872498,
            0.028278954327106476,
            0.028765369206666946
        ],
        [
            0.07484374940395355,
            0.07799956947565079,
            -0.04435408115386963
        ],
        [
            0.05162828043103218,
            0.08636859059333801,
            -0.07097689062356949
        ],
        [
            0.055833764374256134,
            0.09041574597358704,
            -0.07061626762151718
        ],
        [
            0.0680752843618393,
            0.0782867893576622,
            -0.06659353524446487
        ],
        [
            0.06276300549507141,
            0.07425372302532196,
            -0.06741578131914139
        ],
        [
            0.06301668286323547,
            0.07884402573108673,
            -0.04795926436781883
        ],
        [
            0.06970387697219849,
            0.08010705560445786,
            -0.047130607068538666
        ],
        [
            0.06609942764043808,
            0.08066907525062561,
            -0.048303212970495224
        ],
        [
            0.059744350612163544,
            0.07959624379873276,
            -0.04747449979186058
        ],
        [
            0.04520774632692337,
            0.07403461635112762,
            -0.01669599488377571
        ],
        [
            0.050568997859954834,
            0.07023566961288452,
            -0.011887636967003345
        ],
        [
            0.05962270125746727,
            0.05925609916448593,
            -0.04963769018650055
        ],
        [
            0.06892889738082886,
            0.05588312819600105,
            -0.05876946821808815
        ],
        [
            0.07540535926818848,
            0.04859135299921036,
            -0.0533694289624691
        ],
        [
            0.06772822141647339,
            0.05919116362929344,
            -0.013117855414748192
        ],
        [
            0.06148061901330948,
            0.06698401272296906,
            -0.017375415191054344
        ],
        [
            0.05911826714873314,
            0.06637405604124069,
            -0.013948483392596245
        ],
        [
            0.0731332004070282,
            0.07333101332187653,
            -0.03603766858577728
        ],
        [
            0.0693109929561615,
            0.07792694121599197,
            -0.041938647627830505
        ],
        [
            0.06721606850624084,
            0.0760628804564476,
            -0.037397731095552444
        ],
        [
            0.07033499330282211,
            0.07093889266252518,
            -0.03153117373585701
        ],
        [
            0.05403915047645569,
            0.027835190296173096,
            0.017595665529370308
        ],
        [
            0.05877896398305893,
            0.035455122590065,
            0.024958806112408638
        ],
        [
            0.05297570675611496,
            0.10077865421772003,
            -0.06739652156829834
        ],
        [
            0.05566318333148956,
            0.09732474386692047,
            -0.06738872081041336
        ],
        [
            0.0739949569106102,
            0.050919122993946075,
            -0.007939809933304787
        ],
        [
            0.08259415626525879,
            0.03887634724378586,
            -0.04632711037993431
        ],
        [
            0.08046966791152954,
            0.04384470358490944,
            -0.0015903003513813019
        ],
        [
            0.037590984255075455,
            0.05576220899820328,
            -0.014282030053436756
        ],
        [
            0.03733554482460022,
            0.061694882810115814,
            -0.008958950638771057
        ],
        [
            0.03514154255390167,
            0.06506389379501343,
            -0.013276439160108566
        ],
        [
            0.03335752338171005,
            0.06099032983183861,
            -0.01787840761244297
        ],
        [
            0.0481136292219162,
            0.08833856880664825,
            -0.05162787437438965
        ],
        [
            0.051938384771347046,
            0.09254421293735504,
            -0.05190751329064369
        ],
        [
            0.04859601706266403,
            0.09539477527141571,
            -0.05340615659952164
        ],
        [
            0.044252362102270126,
            0.09156910330057144,
            -0.05359284579753876
        ],
        [
            0.07454506307840347,
            0.08058459311723709,
            -0.05026620998978615
        ],
        [
            0.07883685827255249,
            0.0790855810046196,
            -0.05508756265044212
        ],
        [
            0.07231901586055756,
            0.08340869843959808,
            -0.056648679077625275
        ],
        [
            0.06909794360399246,
            0.082712322473526,
            -0.051837433129549026
        ],
        [
            0.07727507501840591,
            0.0768287405371666,
            -0.060999661684036255
        ],
        [
            0.07169856131076813,
            0.08141865581274033,
            -0.06250471621751785
        ],
        [
            0.045092519372701645,
            0.08395801484584808,
            -0.05540040135383606
        ],
        [
            0.04474818706512451,
            0.0814523696899414,
            -0.06253087520599365
        ],
        [
            0.05403831601142883,
            0.07098668068647385,
            -0.05800937861204147
        ],
        [
            0.05434150993824005,
            0.0760539323091507,
            -0.05175332725048065
        ],
        [
            0.06408326327800751,
            0.01386210322380066,
            -0.007457053288817406
        ],
        [
            0.06033468246459961,
            0.014112919569015503,
            0.003057710826396942
        ],
        [
            0.053097862750291824,
            0.026347268372774124,
            -0.0012229923158884048
        ],
        [
            0.04537873715162277,
            0.037481267005205154,
            -0.005367588251829147
        ],
        [
            0.03948028385639191,
            0.04899061471223831,
            -0.009645671583712101
        ],
        [
            0.04245789349079132,
            0.04749860614538193,
            -0.021425005048513412
        ],
        [
            0.05175892263650894,
            0.025888163596391678,
            0.006749283522367477
        ],
        [
            0.057138122618198395,
            0.07338903099298477,
            -0.04965778440237045
        ],
        [
            0.06053495407104492,
            0.06538289785385132,
            -0.054845377802848816
        ],
        [
            0.05681905895471573,
            0.0668000653386116,
            -0.05097036063671112
        ],
        [
            0.07743974030017853,
            0.044797539710998535,
            0.005184624344110489
        ],
        [
            0.05855734646320343,
            0.09357626736164093,
            -0.06733251363039017
        ],
        [
            0.10075847059488297,
            -0.007775738835334778,
            -0.01862148568034172
        ],
        [
            0.08937913179397583,
            -0.010433584451675415,
            -0.012198355048894882
        ],
        [
            0.08766639232635498,
            -0.0031160935759544373,
            -0.016838982701301575
        ],
        [
            0.10074982047080994,
            0.0004720240831375122,
            -0.023554425686597824
        ],
        [
            0.05673651397228241,
            0.09542384743690491,
            -0.05586620047688484
        ],
        [
            0.0593530535697937,
            0.09603734314441681,
            -0.06157182157039642
        ],
        [
            0.04591856896877289,
            0.06992993503808975,
            -0.006872253492474556
        ],
        [
            0.041808221489191055,
            0.07230688631534576,
            -0.012200934812426567
        ],
        [
            0.038031935691833496,
            0.07079092413187027,
            -0.011455216445028782
        ],
        [
            0.040224120020866394,
            0.07033618539571762,
            -0.004003787413239479
        ],
        [
            0.059868283569812775,
            0.01370500773191452,
            0.008960651233792305
        ],
        [
            0.03401542827486992,
            0.052842192351818085,
            0.009318100288510323
        ],
        [
            0.032878417521715164,
            0.04970546066761017,
            9.811948984861374e-05
        ],
        [
            0.06692899018526077,
            0.0033623799681663513,
            0.00646919384598732
        ],
        [
            0.06983856856822968,
            0.0026191696524620056,
            -0.0028766710311174393
        ],
        [
            0.07372597604990005,
            -0.0054456815123558044,
            0.00097694993019104
        ],
        [
            0.045774105936288834,
            0.05561200901865959,
            -0.03452164679765701
        ],
        [
            0.06648766249418259,
            0.015896249562501907,
            -0.015563901513814926
        ],
        [
            0.0728297233581543,
            0.004232786595821381,
            -0.009778138250112534
        ],
        [
            0.07761367410421371,
            -0.0053582340478897095,
            -0.00551280751824379
        ],
        [
            0.08024787902832031,
            -0.012556418776512146,
            -0.002164352685213089
        ],
        [
            0.07581233978271484,
            -0.01182062178850174,
            0.004684425890445709
        ],
        [
            0.047345180064439774,
            0.08327911049127579,
            -0.06741280853748322
        ],
        [
            0.04107523337006569,
            0.08622065931558609,
            -0.06383846700191498
        ],
        [
            0.07694172114133835,
            -0.02006544917821884,
            0.008396323770284653
        ],
        [
            0.08236426115036011,
            -0.020170412957668304,
            0.000811602920293808
        ],
        [
            0.07768458873033524,
            0.006054826080799103,
            -0.01743127405643463
        ],
        [
            0.08486826717853546,
            0.009217962622642517,
            -0.026003370061516762
        ],
        [
            0.07145695388317108,
            0.01743771880865097,
            -0.02258434146642685
        ],
        [
            0.07789669185876846,
            0.02136678248643875,
            -0.03160794824361801
        ],
        [
            0.051722973585128784,
            0.05164004862308502,
            -0.042233847081661224
        ],
        [
            0.030723152682185173,
            0.10149803757667542,
            -0.06357964873313904
        ],
        [
            0.03688240051269531,
            0.09207942336797714,
            -0.060366690158843994
        ],
        [
            0.03980796039104462,
            0.09471964836120605,
            -0.056022241711616516
        ],
        [
            0.03184933587908745,
            0.10219462215900421,
            -0.059306077659130096
        ],
        [
            0.041355814784765244,
            0.08795186132192612,
            -0.05731067433953285
        ],
        [
            0.03786911442875862,
            0.09088143706321716,
            -0.06591799110174179
        ],
        [
            0.09055430442094803,
            0.027323856949806213,
            -0.039476700127124786
        ],
        [
            0.061342108994722366,
            0.07986181974411011,
            -0.0433344729244709
        ],
        [
            0.1010030135512352,
            0.01551782339811325,
            -0.03258135914802551
        ],
        [
            0.10474350303411484,
            0.039019547402858734,
            -0.046658955514431
        ],
        [
            0.1133289784193039,
            0.030820906162261963,
            -0.03959912806749344
        ],
        [
            0.11289133876562119,
            0.004310488700866699,
            -0.02519092708826065
        ],
        [
            0.11992770433425903,
            0.018131747841835022,
            -0.030871856957674026
        ],
        [
            0.11270518600940704,
            -0.010633386671543121,
            -0.01606110855937004
        ],
        [
            0.1111370176076889,
            -0.0033930018544197083,
            -0.020584706217050552
        ],
        [
            0.12844060361385345,
            0.0334220826625824,
            -0.032895930111408234
        ],
        [
