{
    "pred_cam": [
        7.909328460693359,
        0.1381603330373764,
        -0.028776589781045914
    ],
    "pred_mano_params": {
        "global_orient": [
            [
                [
                    -0.8825546503067017,
                    0.4689931869506836,
                    0.03380529582500458
                ],
                [
                    -0.08455516397953033,
                    -0.08757197111845016,
                    -0.9925631880760193
                ],
                [
                    -0.46254491806030273,
                    -0.8788495659828186,
                    0.11694284528493881
                ]
            ]
        ],
        "hand_pose": [
            [
                [
                    0.9116771817207336,
                    -0.24706506729125977,
                    -0.3283346891403198
                ],
                [
                    0.2654176652431488,
                    0.9640644788742065,
                    0.011538771912455559
                ],
                [
                    0.31368497014045715,
                    -0.0976654589176178,
                    0.9444910287857056
                ]
            ],
            [
                [
                    0.8288137316703796,
                    -0.5452244877815247,
                    0.1256904900074005
                ],
                [
                    0.5531569123268127,
                    0.7646454572677612,
                    -0.33065810799598694
                ],
                [
                    0.08417423814535141,
                    0.3435805141925812,
                    0.9353433847427368
                ]
            ],
            [
                [
                    0.9661457538604736,
                    -0.18683528900146484,
                    0.17791834473609924
                ],
                [
                    0.16343088448047638,
                    0.976813554763794,
                    0.138294979929924
                ],
                [
                    -0.199631467461586,
                    -0.10453575104475021,
                    0.9742789268493652
                ]
            ],
            [
                [
                    0.8843278884887695,
                    -0.40194228291511536,
                    -0.2375008761882782
                ],
                [
                    0.430359810590744,
                    0.8990207314491272,
                    0.08094605058431625
                ],
                [
                    0.1809825450181961,
                    -0.17379367351531982,
                    0.9680089354515076
                ]
            ],
            [
                [
                    0.5478940606117249,
                    -0.8097311854362488,
                    -0.2101132571697235
                ],
                [
                    0.835918128490448,
                    0.5201884508132935,
                    0.17505693435668945
                ],
                [
                    -0.032450560480356216,
                    -0.27155011892318726,
                    0.961877167224884
                ]
            ],
            [
                [
                    0.9114731550216675,
                    -0.38689690828323364,
                    0.1397407352924347
                ],
                [
                    0.39285874366760254,
                    0.9194450378417969,
                    -0.01681496575474739
                ],
                [
                    -0.1219782754778862,
                    0.07022476196289062,
                    0.9900453090667725
                ]
            ],
            [
                [
                    0.35878893733024597,
                    -0.9242456555366516,
                    -0.1305389702320099
                ],
                [
                    0.8983417749404907,
                    0.3039345443248749,
                    0.3171842098236084
                ],
                [
                    -0.25348082184791565,
                    -0.23107080161571503,
                    0.9393368363380432
                ]
            ],
            [
                [
                    0.8620356321334839,
                    -0.4958300292491913,
                    0.10510498285293579
                ],
                [
                    0.3927559554576874,
                    0.7845460176467896,
                    0.47982314229011536
                ],
                [
                    -0.3203704357147217,
                    -0.37234407663345337,
                    0.8710468411445618
                ]
            ],
            [
                [
                    0.98832106590271,
                    -0.06711818277835846,
                    0.1368086338043213
                ],
                [
                    0.0351765975356102,
                    0.9740158319473267,
                    0.22373145818710327
                ],
                [
                    -0.14827021956443787,
                    -0.21630606055259705,
                    0.9650013446807861
                ]
            ],
            [
                [
                    0.36186540126800537,
                    -0.9184297323226929,
                    -0.1598130464553833
                ],
                [
                    0.9300978183746338,
                    0.3672817349433899,
                    -0.004706761334091425
                ],
                [
                    0.06301923841238022,
                    -0.14693856239318848,
                    0.9871360659599304
                ]
            ],
            [
                [
                    0.8814985752105713,
                    -0.4591309130191803,
                    0.11026819795370102
                ],
                [
                    0.29710668325424194,
                    0.7208200693130493,
                    0.6262156963348389
                ],
                [
                    -0.3669985234737396,
                    -0.5192468166351318,
                    0.7718127369880676
                ]
            ],
            [
                [
                    0.9511736035346985,
                    -0.2672865390777588,
                    0.15435895323753357
                ],
                [
                    0.2810274362564087,
                    0.9567654132843018,
                    -0.07499044388532639
                ],
                [
                    -0.12764136493206024,
                    0.11470804363489151,
                    0.9851648807525635
                ]
            ],
            [
                [
                    0.7952595949172974,
                    0.03141138702630997,
                    -0.6054547429084778
                ],
                [
                    -0.5119662284851074,
                    0.5697030425071716,
                    -0.642906665802002
                ],
                [
                    0.32473480701446533,
                    0.8212501406669617,
                    0.4691433906555176
                ]
            ],
            [
                [
                    0.7719548940658569,
                    -0.25478991866111755,
                    -0.5823811292648315
                ],
                [
                    0.47603514790534973,
                    0.8388683795928955,
                    0.2639893889427185
                ],
                [
                    0.42127925157546997,
                    -0.4810217618942261,
                    0.768857479095459
                ]
            ],
            [
                [
                    0.8735954165458679,
                    -0.42694225907325745,
                    0.23356224596500397
                ],
                [
                    0.48660969734191895,
                    0.7599461674690247,
                    -0.43092089891433716
                ],
                [
                    0.006483634002506733,
                    0.49010419845581055,
                    0.8716397285461426
                ]
            ]
        ],
        "betas": [
            -0.05326414108276367,
            0.02895912528038025,
            -0.014621376991271973,
            -0.00520285964012146,
            0.05745607614517212,
            0.013215746730566025,
            0.022564560174942017,
            0.03943292796611786,
            -0.025714591145515442,
            -0.02158603072166443
        ]
    },
    "pred_cam_t": [
        -0.1381603330373764,
        -0.028776589781045914,
        4.938788414001465
    ],
    "focal_length": [
        5000.0,
        5000.0
    ],
    "pred_keypoints_3d": [
        [
            0.09595930576324463,
            0.006410021334886551,
            0.006188931409269571
        ],
        [
            0.11091190576553345,
            -0.01591138169169426,
            0.03408152982592583
        ],
        [
            0.13541249930858612,
            -0.01843992806971073,
            0.05272804945707321
        ],
        [
            0.15608635544776917,
            -0.0018077734857797623,
            0.05854114145040512
        ],
        [
            0.17111413180828094,
            0.01706225983798504,
            0.0835198238492012
        ],
        [
            0.1722477674484253,
            -0.006304359994828701,
            0.054105840623378754
        ],
        [
            0.19757865369319916,
            0.005291917361319065,
            0.07195566594600677
        ],
        [
            0.19978931546211243,
            0.014369542710483074,
            0.09214168787002563
        ],
        [
            0.20026972889900208,
            0.02023148164153099,
            0.11629228293895721
        ],
        [
            0.17896781861782074,
            0.017877567559480667,
            0.05101164057850838
        ],
        [
            0.19669599831104279,
            0.0325741283595562,
            0.07294787466526031
        ],
        [
            0.18624477088451385,
            0.035673435777425766,
            0.09356580674648285
        ],
        [
            0.1727021187543869,
            0.03295140340924263,
            0.11515210568904877
        ],
        [
            0.16555817425251007,
            0.04021594300866127,
            0.04444325715303421
        ],
        [
            0.16331826150417328,
            0.05053303763270378,
            0.07137808948755264
        ],
        [
            0.14871366322040558,
            0.048182904720306396,
            0.09134066104888916
        ],
        [
            0.1362042874097824,
            0.04218723624944687,
            0.11259634792804718
        ],
        [
            0.15069067478179932,
            0.05610932037234306,
            0.04179120436310768
        ],
        [
            0.14537866413593292,
            0.06558691710233688,
            0.05994848906993866
        ],
        [
            0.1317175030708313,
            0.06369400024414062,
            0.07301054149866104
        ],
        [
            0.11875269562005997,
            0.05806877464056015,
            0.08738671243190765
        ]
    ],
    "pred_vertices": [
        [
            0.13202045857906342,
            -0.003155909711495042,
            0.04406531900167465
        ],
        [
            0.12114815413951874,
            -0.002606856171041727,
            0.03926375135779381
        ],
        [
            0.12789428234100342,
            -0.004984199535101652,
            0.04466213285923004
        ],
        [
            0.13643182814121246,
            -0.007862204685807228,
            0.04875124618411064
        ],
        [
            0.11042077094316483,
            -0.006903169211000204,
            0.051032066345214844
        ],
        [
            0.10518050938844681,
            -0.017899688333272934,
            0.052700258791446686
        ],
        [
            0.12172446399927139,
            -0.017247118055820465,
            0.06099345162510872
        ],
        [
            0.12260200083255768,
            -0.007279818877577782,
            0.05832330137491226
        ],
        [
            0.14154188334941864,
            -0.011201607063412666,
            0.05013116076588631
        ],
        [
            0.13366453349590302,
            -0.00680155074223876,
            0.04932031035423279
        ],
        [
            0.14345161616802216,
            -0.012862333096563816,
            0.045293863862752914
        ],
        [
            0.1547188013792038,
            -0.01899423450231552,
            0.04476815462112427
        ],
        [
            0.15093068778514862,
            -0.015291129238903522,
            0.050751980394124985
        ],
        [
            0.16320104897022247,
            -0.019249673932790756,
            0.046270035207271576
        ],
        [
            0.15307554602622986,
            -0.0223962664604187,
            0.03478038311004639
        ],
        [
            0.16648228466510773,
            -0.017199251800775528,
            0.038000233471393585
        ],
        [
            0.15222541987895966,
            -0.0024680113419890404,
            0.01899014413356781
        ],
        [
            0.14925691485404968,
            0.010255590081214905,
            0.015381071716547012
        ],
        [
            0.1640535444021225,
            0.013798519968986511,
            0.023592691868543625
        ],
        [
            0.16497236490249634,
            0.000589386560022831,
            0.027323735877871513
        ],
        [
            0.15320521593093872,
            0.031178295612335205,
            0.019653335213661194
        ],
        [
            0.1601148545742035,
            0.021854504942893982,
            0.022266004234552383
        ],
        [
            0.14553099870681763,
            0.01812564767897129,
            0.012924663722515106
        ],
        [
            0.13972175121307373,
            0.026489701122045517,
            0.01135711744427681
        ],
        [
            0.12564460933208466,
            0.008470838889479637,
            0.03796000778675079
        ],
        [
            0.11488495022058487,
            0.008031202480196953,
            0.033567897975444794
        ],
        [
            0.1166764348745346,
            0.0031341873109340668,
            0.03442803770303726
        ],
        [
            0.12723949551582336,
            0.003642423078417778,
            0.039332736283540726
        ],
        [
            0.14491651952266693,
            -0.015440307557582855,
            0.043606460094451904
        ],
        [
            0.14164507389068604,
            -0.02571132406592369,
            0.03900716081261635
        ],
        [
            0.1445065140724182,
            -0.019589148461818695,
            0.04038618132472038
        ],
        [
            0.14340272545814514,
            -0.010471533983945847,
            0.045325152575969696
        ],
        [
            0.08824472874403,
            0.015478847548365593,
            0.027463901787996292
        ],
        [
            0.08066162467002869,
            0.011612392030656338,
            0.01692160591483116
        ],
        [
            0.08164820075035095,
            0.005769462324678898,
            0.01756613701581955
        ],
        [
            0.08847466111183167,
            0.010443097911775112,
            0.0267501063644886
        ],
        [
            0.08719375729560852,
            -0.013564003631472588,
            0.03238082677125931
        ],
        [
            0.08347424864768982,
            -0.012612167745828629,
            0.02043040096759796
        ],
        [
            0.08432561159133911,
            -0.02303079143166542,
            0.011542972177267075
        ],
        [
            0.09061215072870255,
            -0.025708086788654327,
            0.02122679352760315
        ],
        [
            0.09500288218259811,
            -0.015959884971380234,
            0.04420079290866852
        ],
        [
            0.09590619057416916,
            -0.027808334678411484,
            0.036258529871702194
        ],
        [
            0.1070990189909935,
            -0.02880605310201645,
            0.04874223843216896
        ],
        [
            0.1248200461268425,
            -0.025936581194400787,
            0.05865814536809921
        ],
        [
            0.0798502266407013,
            0.023852290585637093,
            0.013010993599891663
        ],
        [
            0.08492492139339447,
            0.02854141965508461,
            0.020616192370653152
        ],
        [
            0.19003337621688843,
            0.001261829398572445,
            0.082503542304039
        ],
        [
            0.18802796304225922,
            0.00697135366499424,
            0.08200850337743759
        ],
        [
            0.18542027473449707,
            0.004555479623377323,
            0.0791621208190918
        ],
        [
            0.18798349797725677,
            -0.0005294699221849442,
            0.08005984872579575
        ],
        [
            0.0921255424618721,
            0.035749923437833786,
            0.002018902450799942
        ],
        [
            0.0981159582734108,
            0.03400252386927605,
            -0.005950756371021271
        ],
        [
            0.09121369570493698,
            0.03363186866044998,
            -0.00838707759976387
        ],
        [
            0.08551591634750366,
            0.03333204612135887,
            -0.0008542351424694061
        ],
        [
            0.10085286945104599,
            0.03888256102800369,
            0.005838759243488312
        ],
        [
            0.10749028623104095,
            0.034084852784872055,
            -0.001993086189031601
        ],
        [
            0.20162074267864227,
            0.00022391695529222488,
            0.07705467194318771
        ],
        [
            0.19812989234924316,
            -0.001987135037779808,
            0.08025689423084259
        ],
        [
            0.19678136706352234,
            -0.003862118348479271,
            0.07585489749908447
        ],
        [
            0.1994210183620453,
            -0.0013567572459578514,
            0.07172539830207825
        ],
        [
            0.14591991901397705,
            -0.010302681475877762,
            0.052644044160842896
        ],
        [
            0.1410978138446808,
            -0.0033223782666027546,
            0.04990245774388313
        ],
        [
            0.16278815269470215,
            -0.007954910397529602,
            0.061203405261039734
        ],
        [
            0.15422484278678894,
            -0.0050440565682947636,
            0.055756714195013046
        ],
        [
            0.1550988405942917,
            -0.012132745236158371,
            0.05551430210471153
        ],
        [
            0.16301420331001282,
            -0.013879403471946716,
            0.05887308344244957
        ],
        [
            0.14569684863090515,
            0.015474541112780571,
            0.046989958733320236
        ],
        [
            0.13550511002540588,
            0.013261929154396057,
            0.04167643189430237
        ],
        [
            0.13829301297664642,
            0.007696568965911865,
            0.0438019223511219
        ],
        [
            0.1493961662054062,
            0.00855221413075924,
            0.05079440772533417
        ],
        [
            0.1298016607761383,
            0.026234792545437813,
            0.04033000394701958
        ],
        [
            0.14051543176174164,
            0.027302896603941917,
            0.04510745406150818
        ],
        [
            0.13593876361846924,
            0.03446192666888237,
            0.04365048557519913
        ],
        [
            0.12869510054588318,
            0.032539818435907364,
            0.041492220014333725
        ],
        [
            0.1592726856470108,
            0.025588568300008774,
            0.05383265018463135
        ],
        [
            0.16560852527618408,
            0.026054352521896362,
            0.05674859136343002
        ],
        [
            0.16343875229358673,
            0.029384611174464226,
            0.05629830062389374
        ],
        [
            0.1577434241771698,
            0.028546927496790886,
            0.05240945518016815
        ],
        [
            0.08493278920650482,
            0.0327291414141655,
            -0.011678129434585571
        ],
        [
            0.0795607939362526,
            0.030173491686582565,
            -0.0037950612604618073
        ],
        [
            0.14002487063407898,
            0.049099572002887726,
            0.019081193953752518
        ],
        [
            0.1299697309732437,
            0.0532083623111248,
            0.022112827748060226
        ],
        [
            0.13976053893566132,
            0.05864562466740608,
            0.028654994443058968
        ],
        [
            0.14924708008766174,
            0.05319437012076378,
            0.023220736533403397
        ],
        [
            0.10470778495073318,
            0.027273554354906082,
            -0.010408613830804825
        ],
        [
            0.09795965999364853,
            0.028846509754657745,
            -0.014175157994031906
        ],
        [
            0.20288203656673431,
            0.005578635260462761,
            0.07390569895505905
        ],
        [
            0.20002597570419312,
            0.004006722941994667,
            0.068767249584198
        ],
        [
            0.11041922122240067,
            -0.03512311726808548,
            0.03673864156007767
        ],
        [
            0.12798844277858734,
            -0.03188705816864967,
            0.05186577886343002
        ],
        [
            0.10063473135232925,
            -0.032178763300180435,
            0.021677430719137192
        ],
        [
            0.09593051671981812,
            -0.028278309851884842,
            0.010106414556503296
        ],
        [
            0.09075108915567398,
            -0.02680850774049759,
            0.0016507841646671295
        ],
        [
            0.1565733551979065,
            0.001065221382305026,
            0.05692087113857269
        ],
        [
            0.13612285256385803,
            0.0022868323139846325,
            0.0447344109416008
        ],
        [
            0.12389367818832397,
            0.013097050599753857,
            0.03707745671272278
        ],
        [
            0.11482439935207367,
            0.04267490655183792,
            0.037800319492816925
        ],
        [
            0.10553315281867981,
            0.04021389037370682,
            0.033755555748939514
        ],
        [
            0.11068005859851837,
            0.03165031597018242,
            0.03772873431444168
        ],
        [
            0.11808133125305176,
            0.03554881364107132,
            0.03990359976887703
        ],
        [
            0.12407954037189484,
            0.05472036078572273,
            0.030228840187191963
        ],
        [
            0.12321928888559341,
            0.0507902130484581,
            0.03726426139473915
        ],
        [
            0.13035699725151062,
            0.05284640192985535,
            0.040135402232408524
        ],
        [
            0.13264167308807373,
            0.057881422340869904,
            0.03443427383899689
        ],
        [
            0.14675365388393402,
            -0.021655110642313957,
            0.045734379440546036
        ],
        [
            0.1386345475912094,
            -0.031198011711239815,
            0.03927426040172577
        ],
        [
            0.0867486521601677,
            0.0338173471391201,
            0.0110008604824543
        ],
        [
            0.081362783908844,
            0.029280606657266617,
            0.007532387971878052
        ],
        [
            0.07589832693338394,
            0.02608841098845005,
            0.0017742551863193512
        ],
        [
            0.10085830837488174,
            0.010272725485265255,
            0.031516026705503464
        ],
        [
            0.08842971920967102,
            0.006830940488725901,
            0.026541659608483315
        ],
        [
            0.08907563984394073,
            0.0025062086060643196,
            0.028606968000531197
        ],
        [
            0.10168956965208054,
            0.007035805378109217,
            0.031171254813671112
        ],
        [
            0.11006654798984528,
            -0.0012817595852538943,
            0.039516810327768326
        ],
        [
            0.09796422719955444,
            -0.0050027198158204556,
            0.04175621643662453
        ],
        [
            0.11986098438501358,
            -0.0015015227254480124,
            0.04627678170800209
        ],
        [
            0.08149295300245285,
            -0.002572287805378437,
            0.017867516726255417
        ],
        [
            0.0741233378648758,
            0.0027715256437659264,
            0.011181525886058807
        ],
        [
            0.0756213515996933,
            -0.006047584116458893,
            0.01119253784418106
        ],
        [
            0.07332977652549744,
            0.01230815052986145,
            0.008897218853235245
        ],
        [
            0.07374435663223267,
            0.020701240748167038,
            0.005835268646478653
        ],
        [
            0.09227379411458969,
            0.029468299821019173,
            -0.020585037767887115
        ],
        [
            0.07856825739145279,
            -0.01383823063224554,
            0.010498233139514923
        ],
        [
            0.1304752230644226,
            -0.007937006652355194,
            0.061230484396219254
        ],
        [
            0.13684047758579254,
            -0.006690390408039093,
            0.06163698434829712
        ],
        [
            0.13675041496753693,
            -0.0027293432503938675,
            0.055587220937013626
        ],
        [
            0.1326570212841034,
            -0.004209732636809349,
            0.054894931614398956
        ],
        [
            0.17280562222003937,
            -0.0175038930028677,
            0.0490541085600853
        ],
        [
            0.16771277785301208,
            -0.017212387174367905,
            0.055634960532188416
        ],
        [
            0.15796346962451935,
            -0.017951609566807747,
            0.05187792330980301
        ],
        [
            0.09611398726701736,
            0.022811660543084145,
            0.03211439400911331
        ],
        [
            0.09274543821811676,
            0.03356197848916054,
            0.02628936991095543
        ],
        [
            0.16526301205158234,
            -0.0017750842962414026,
            0.061756521463394165
        ],
        [
            0.19833174347877502,
            -0.002592255361378193,
            0.06706078350543976
        ],
        [
            0.19540710747241974,
            -0.005907908547669649,
            0.0712926909327507
        ],
        [
            0.18528005480766296,
            -0.012181948870420456,
            0.05937653034925461
        ],
        [
            0.18890856206417084,
            -0.008299131877720356,
            0.055059704929590225
        ],
        [
            0.17473837733268738,
            0.0045049297623336315,
            0.06061936914920807
        ],
        [
            0.1702132523059845,
            -0.0002708321553654969,
            0.06326597183942795
        ],
        [
            0.17279107868671417,
            0.001356929773464799,
            0.06355983018875122
        ],
        [
            0.17588233947753906,
            0.006993554532527924,
            0.06217949837446213
        ],
        [
            0.15694499015808105,
            0.035218894481658936,
            0.05276668816804886
        ],
        [
            0.15239359438419342,
            0.034627947956323624,
            0.05003226920962334
        ],
        [
            0.17580977082252502,
            0.004698131233453751,
            0.03829989954829216
        ],
        [
            0.1764116734266281,
            -0.008397292345762253,
            0.036427803337574005
        ],
        [
            0.16610492765903473,
            -0.010470956563949585,
            0.03026125580072403
        ],
        [
            0.1423029601573944,
            0.021954189985990524,
            0.045238323509693146
        ],
        [
            0.15116764605045319,
            0.02460140362381935,
            0.049936629831790924
        ],
        [
            0.1496250182390213,
            0.02826983667910099,
            0.04891565814614296
        ],
        [
            0.15970829129219055,
            0.004800274036824703,
            0.05745425820350647
        ],
        [
            0.16693755984306335,
            0.004028611350804567,
            0.060595281422138214
        ],
        [
            0.1645936518907547,
            0.008271155878901482,
            0.0578639879822731
        ],
        [
            0.1575300395488739,
            0.009472462348639965,
            0.05490646883845329
        ],
        [
            0.11964074522256851,
            0.048648327589035034,
            0.015165887773036957
        ],
        [
            0.11308018863201141,
            0.05087544023990631,
            0.02474811300635338
        ],
        [
            0.19377823173999786,
            -0.0017618034034967422,
            0.08208184689283371
        ],
        [
            0.19220416247844696,
            -0.003658263012766838,
            0.07878194004297256
        ],
        [
            0.1323511004447937,
            0.019638478755950928,
            0.04014607518911362
        ],
        [
            0.1530511975288391,
            -0.012336280196905136,
            0.02386869117617607
        ],
        [
            0.1216917410492897,
            0.018101757392287254,
            0.036377087235450745
        ],
        [
            0.16147498786449432,
            0.04422856494784355,
            0.03581038862466812
        ],
        [
            0.1562865972518921,
            0.04747047647833824,
            0.043347958475351334
        ],
        [
            0.1580299735069275,
            0.046685028821229935,
            0.046267181634902954
        ],
        [
            0.16334016621112823,
            0.045891813933849335,
            0.04317053407430649
        ],
        [
            0.18553338944911957,
            0.012585602700710297,
            0.07000283151865005
        ],
        [
            0.18368983268737793,
            0.009132003411650658,
            0.07432641088962555
        ],
        [
            0.18509329855442047,
            0.010345588438212872,
            0.07674198597669601
        ],
        [
            0.18783780932426453,
            0.01396816037595272,
            0.07295102626085281
        ],
        [
            0.16955865919589996,
            -0.006058213766664267,
            0.06394793093204498
        ],
        [
            0.17039430141448975,
            -0.01227140985429287,
            0.06252121925354004
        ],
        [
            0.1755288690328598,
            -0.009039467200636864,
            0.06588006764650345
        ],
        [
            0.17377763986587524,
            -0.0033436415251344442,
            0.06548066437244415
        ],
        [
            0.1754729449748993,
            -0.015038488432765007,
            0.059148963540792465
        ],
        [
            0.18017913401126862,
            -0.012400238774716854,
            0.06308133900165558
        ],
        [
            0.19006340205669403,
            0.01294685062021017,
            0.0654575377702713
        ],
        [
            0.1957530379295349,
            0.008700198493897915,
            0.06292051076889038
        ],
        [
            0.18671412765979767,
            0.005099588539451361,
            0.052410174161195755
        ],
        [
            0.18211892247200012,
            0.008768322877585888,
            0.057977963238954544
        ],
        [
            0.12799592316150665,
            0.022308677434921265,
            0.0022647306323051453
        ],
        [
            0.12252046167850494,
            0.03207307681441307,
            0.0026746951043605804
        ],
        [
            0.1342032551765442,
            0.03665154427289963,
            0.01154346764087677
        ],
        [
            0.1464657485485077,
            0.041946474462747574,
            0.019403167068958282
        ],
        [
            0.1576346457004547,
            0.04563219100236893,
            0.027957767248153687
        ],
        [
            0.1649477630853653,
            0.03583339601755142,
            0.02610151097178459
        ],
        [
            0.12875640392303467,
            0.04293622076511383,
            0.011591318994760513
        ],
        [
            0.1785896122455597,
            0.007396922912448645,
            0.05188627168536186
        ],
        [
            0.18013624846935272,
            0.001863769837655127,
            0.04543303698301315
        ],
        [
            0.1795053333044052,
            0.006960242986679077,
            0.045165833085775375
        ],
        [
            0.11871954798698425,
            0.024940337985754013,
            0.03722019121050835
        ],
        [
            0.1913727968931198,
            -0.006100774277001619,
            0.07458172738552094
        ],
        [
            0.107452891767025,
            -0.015798483043909073,
            -0.008529484272003174
        ],
        [
            0.108934685587883,
            -0.003227831795811653,
            -0.013959169387817383
        ],
        [
            0.11546006798744202,
            -0.004058009944856167,
            -0.008055850863456726
        ],
        [
            0.11331696808338165,
            -0.018205508589744568,
            -0.0009713917970657349
        ],
        [
            0.18416692316532135,
            0.0027099312283098698,
            0.07711555063724518
        ],
        [
            0.1866161823272705,
            -0.003110563848167658,
            0.07727187126874924
        ],
        [
            0.14996494352817535,
            0.040771208703517914,
            0.05007754638791084
        ],
        [
            0.15443316102027893,
            0.0404767282307148,
            0.052049510180950165
        ],
        [
            0.1541064828634262,
            0.04439457133412361,
            0.05062295123934746
        ],
        [
            0.14947663247585297,
            0.04624189808964729,
            0.050961267203092575
        ],
        [
            0.118228480219841,
            0.03632136806845665,
            0.002880468964576721
        ],
        [
            0.14284324645996094,
            0.06152919679880142,
            0.03575731813907623
        ],
        [
            0.1525021195411682,
            0.05670349299907684,
            0.031127214431762695
        ],
        [
            0.11266281455755234,
            0.027753207832574844,
            -0.005048666149377823
        ],
        [
            0.11764189600944519,
            0.01934310421347618,
            -0.006065893918275833
        ],
        [
            0.11006367206573486,
            0.017808057367801666,
            -0.012137550860643387
        ],
        [
            0.17209318280220032,
            0.025112081319093704,
            0.03410354256629944
        ],
        [
            0.13313154876232147,
            0.01541841123253107,
            0.003920551389455795
        ],
        [
            0.12144346535205841,
            0.0127936452627182,
            -0.004545129835605621
        ],
        [
            0.11255107074975967,
            0.010664680041372776,
            -0.011716917157173157
        ],
        [
            0.1064060777425766,
            0.00989319384098053,
            -0.01741338148713112
        ],
        [
            0.10422620177268982,
            0.017776407301425934,
            -0.01718807965517044
        ],
        [
            0.1979740560054779,
            0.0031023500487208366,
            0.06429734826087952
        ],
        [
            0.1982593983411789,
            0.01071236003190279,
            0.06753328442573547
        ],
        [
            0.09840316325426102,
            0.01819160208106041,
            -0.024267442524433136
        ],
        [
            0.10070397704839706,
            0.009185121394693851,
            -0.023697808384895325
        ],
        [
            0.12469103932380676,
            0.00438437145203352,
            -0.002364162355661392
        ],
        [
            0.1272662729024887,
            -0.0063006822019815445,
            0.0015152432024478912
        ],
        [
            0.1356884241104126,
            0.007242454215884209,
            0.005956627428531647
        ],
        [
            0.1394232213497162,
            -0.002907363697886467,
            0.01012483611702919
        ],
        [
            0.17484913766384125,
            0.015110557898879051,
            0.029604731127619743
        ],
        [
            0.20213767886161804,
            0.019013768061995506,
            0.08402012288570404
        ],
        [
            0.19707782566547394,
            0.01633945293724537,
            0.07422931492328644
        ],
        [
            0.19172129034996033,
            0.016094595193862915,
            0.07664038985967636
        ],
        [
            0.19816848635673523,
            0.020259995013475418,
            0.0849926620721817
        ],
        [
            0.19257932901382446,
            0.014426909387111664,
            0.06945540010929108
        ],
        [
            0.2010614275932312,
            0.012337840162217617,
            0.0727335587143898
        ],
        [
            0.13947054743766785,
            -0.01593463122844696,
            0.01701388880610466
        ],
        [
            0.17228759825229645,
            0.008338536135852337,
            0.059775374829769135
        ],
        [
            0.12443176656961441,
            -0.021909989416599274,
            0.011563539505004883
        ],
        [
            0.1429854929447174,
            -0.026561833918094635,
            0.02774413675069809
        ],
        [
            0.13146884739398956,
            -0.03083598054945469,
            0.02682298980653286
        ],
        [
            0.10868804901838303,
            -0.0287362989038229,
            0.008618712425231934
        ],
        [
            0.11684476584196091,
            -0.03459087014198303,
            0.023821990936994553
        ],
        [
            0.09756529331207275,
            -0.02343692258000374,
            -0.0069784969091415405
        ],
        [
            0.10376099497079849,
            -0.024763964116573334,
            -9.865686297416687e-05
        ],
        [
            0.12716424465179443,
            -0.03569433093070984,
            0.03824659436941147
        ],
        [
            0.19253204762935638,
            0.007705848664045334,
