{
    "pred_cam": [
        7.691899299621582,
        -0.0953676775097847,
        -0.07321491092443466
    ],
    "pred_mano_params": {
        "global_orient": [
            [
                [
                    0.35867610573768616,
                    -0.7563765645027161,
                    0.5470337271690369
                ],
                [
                    -0.8393092751502991,
                    -0.5178039073944092,
                    -0.1656472086906433
                ],
                [
                    0.40854793787002563,
                    -0.3997168242931366,
                    -0.8205577731132507
                ]
            ]
        ],
        "hand_pose": [
            [
                [
                    0.7064729332923889,
                    -0.6601880192756653,
                    -0.2550445795059204
                ],
                [
                    0.6459662318229675,
                    0.748728334903717,
                    -0.1487734019756317
                ],
                [
                    0.2891775369644165,
                    -0.059645798057317734,
                    0.9554154872894287
                ]
            ],
            [
                [
                    0.8591707944869995,
                    -0.42851534485816956,
                    0.2796430289745331
                ],
                [
                    0.48461368680000305,
                    0.8568608164787292,
                    -0.1758953481912613
                ],
                [
                    -0.16424129903316498,
                    0.28664296865463257,
                    0.9438542127609253
                ]
            ],
            [
                [
                    0.7172194123268127,
                    -0.6964247822761536,
                    0.024262359365820885
                ],
                [
                    0.678342342376709,
                    0.6897796392440796,
                    -0.25309228897094727
                ],
                [
                    0.1595241129398346,
                    0.19798092544078827,
                    0.9671377539634705
                ]
            ],
            [
                [
                    0.7024545073509216,
                    -0.6933652758598328,
                    -0.16063128411769867
                ],
                [
                    0.7051399946212769,
                    0.7086337208747864,
                    0.024818945676088333
                ],
                [
                    0.09662013500928879,
                    -0.1307016909122467,
                    0.986702561378479
                ]
            ],
            [
                [
                    0.6301617622375488,
                    -0.7505154609680176,
                    -0.19905488193035126
                ],
                [
                    0.7725642323493958,
                    0.5803823471069336,
                    0.25748974084854126
                ],
                [
                    -0.07772206515073776,
                    -0.31604284048080444,
                    0.9455561637878418
                ]
            ],
            [
                [
                    0.8050825595855713,
                    -0.5325941443443298,
                    -0.26112350821495056
                ],
                [
                    0.5682536363601685,
                    0.8187509775161743,
                    0.08206507563591003
                ],
                [
                    0.17008773982524872,
                    -0.2144535481929779,
                    0.9618107080459595
                ]
            ],
            [
                [
                    0.5493793487548828,
                    -0.6173055768013,
                    0.5631306767463684
                ],
                [
                    0.4998623728752136,
                    0.7828535437583923,
                    0.370510458946228
                ],
                [
                    -0.6695669889450073,
                    0.07793699949979782,
                    0.7386513948440552
                ]
            ],
            [
                [
                    0.7974778413772583,
                    -0.5395930409431458,
                    -0.26994141936302185
                ],
                [
                    0.6031032204627991,
                    0.7001716494560242,
                    0.3821336328983307
                ],
                [
                    -0.0171913281083107,
                    -0.46754565834999084,
                    0.8838016986846924
                ]
            ],
            [
                [
                    0.7958723306655884,
                    -0.5982046127319336,
                    0.09347960352897644
                ],
                [
                    0.5453284978866577,
                    0.7753114700317383,
                    0.3186047077178955
                ],
                [
                    -0.2630666196346283,
                    -0.20259158313274384,
                    0.9432669281959534
                ]
            ],
            [
                [
                    0.7383027672767639,
                    -0.6557086706161499,
                    0.15797217190265656
                ],
                [
                    0.6557580828666687,
                    0.7526400685310364,
                    0.05928026884794235
                ],
                [
                    -0.15776678919792175,
                    0.05982475355267525,
                    0.9856625199317932
                ]
            ],
            [
                [
                    0.6455819010734558,
                    -0.7267506718635559,
                    -0.2346433848142624
                ],
                [
                    0.740730881690979,
                    0.5211109519004822,
                    0.4239824712276459
                ],
                [
                    -0.18585428595542908,
                    -0.44752296805381775,
                    0.8747465014457703
                ]
            ],
            [
                [
                    0.7299951314926147,
                    -0.5846152901649475,
                    -0.3540227711200714
                ],
                [
                    0.6725082993507385,
                    0.7067551612854004,
                    0.21961280703544617
                ],
                [
                    0.121818408370018,
                    -0.3983995318412781,
                    0.9090864658355713
                ]
            ],
            [
                [
                    0.9710925817489624,
                    -0.21931035816669464,
                    -0.09424562007188797
                ],
                [
                    -0.024678897112607956,
                    0.30046546459198,
                    -0.9534733891487122
                ],
                [
                    0.23742415010929108,
                    0.928236722946167,
                    0.2863674461841583
                ]
            ],
            [
                [
                    0.9336075782775879,
                    -0.32615137100219727,
                    -0.1483306586742401
                ],
                [
                    0.3426477909088135,
                    0.6917150616645813,
                    0.6357064843177795
                ],
                [
                    -0.10473404079675674,
                    -0.6443256735801697,
                    0.7575454711914062
                ]
            ],
            [
                [
                    0.9393799304962158,
                    0.32725653052330017,
                    0.10231567919254303
                ],
                [
                    -0.3284135162830353,
                    0.9445162415504456,
                    -0.005805909167975187
                ],
                [
                    -0.0985388308763504,
                    -0.028147894889116287,
                    0.994735062122345
                ]
            ]
        ],
        "betas": [
            -0.0004114210605621338,
            -0.039705902338027954,
            -0.11503303050994873,
            0.021957367658615112,
            0.059692174196243286,
            -0.04871077090501785,
            0.03976216912269592,
            -0.03107374906539917,
            -0.00944991409778595,
            -0.0252072811126709
        ]
    },
    "pred_cam_t": [
        -0.0953676775097847,
        -0.07321491092443466,
        5.078394412994385
    ],
    "focal_length": [
        5000.0,
        5000.0
    ],
    "pred_keypoints_3d": [
        [
            0.09580924361944199,
            0.006393915973603725,
            0.006192232482135296
        ],
        [
            0.11298651993274689,
            0.03039770945906639,
            -0.018609367311000824
        ],
        [
            0.12335279583930969,
            0.059348493814468384,
            -0.021040424704551697
        ],
        [
            0.1266087144613266,
            0.08629778027534485,
            -0.02165144868195057
        ],
        [
            0.1318071037530899,
            0.11819770932197571,
            -0.0386577732861042
        ],
        [
            0.07938367128372192,
            0.07971308380365372,
            -0.04466639831662178
        ],
        [
            0.0797361359000206,
            0.11267717182636261,
            -0.04180721566081047
        ],
        [
            0.09281990677118301,
            0.129099041223526,
            -0.03441020846366882
        ],
        [
            0.10945373773574829,
            0.13453362882137299,
            -0.015844546258449554
        ],
        [
            0.061109352856874466,
            0.08723881095647812,
            -0.02912149950861931
        ],
        [
            0.06408245116472244,
            0.11817703396081924,
            -0.02272120490670204
        ],
        [
            0.08295401185750961,
            0.12597694993019104,
            -0.011469772085547447
        ],
        [
            0.10408397018909454,
            0.12252302467823029,
            0.003012891858816147
        ],
        [
            0.05489430949091911,
            0.08151327818632126,
            -0.003789990209043026
        ],
        [
            0.05944708734750748,
            0.10993761569261551,
            -0.005962708964943886
        ],
        [
            0.07913798838853836,
            0.11857540905475616,
            0.00648118369281292
        ],
        [
            0.09820377826690674,
            0.11218181252479553,
            0.02251734398305416
        ],
        [
            0.055038027465343475,
            0.07651228457689285,
            0.017408549785614014
        ],
        [
            0.06022677198052406,
            0.09674738347530365,
            0.014108404517173767
        ],
        [
            0.0734909251332283,
            0.10786586999893188,
            0.021956905722618103
        ],
        [
            0.0895228236913681,
            0.10783717036247253,
            0.030277714133262634
        ]
    ],
    "pred_vertices": [
        [
            0.09937624633312225,
            0.05446392670273781,
            -0.020255133509635925
        ],
        [
            0.10308630019426346,
            0.04588988050818443,
            -0.01441415399312973
        ],
        [
            0.10637012869119644,
            0.053395289927721024,
            -0.01674688048660755
        ],
        [
            0.10314242541790009,
            0.06015700846910477,
            -0.025190507993102074
        ],
        [
            0.11946553736925125,
            0.04165160655975342,
            -0.0027764253318309784
        ],
        [
            0.12894785404205322,
            0.03571493178606033,
            -0.006995268166065216
        ],
        [
            0.1310746669769287,
            0.05189339816570282,
            -0.009878033772110939
        ],
        [
            0.12326143682003021,
            0.05463879927992821,
            -0.004308808594942093
        ],
        [
            0.10511112958192825,
            0.06474942713975906,
            -0.02877798117697239
        ],
        [
            0.10949642956256866,
            0.06022797152400017,
            -0.01812862604856491
        ],
        [
            0.10558943450450897,
            0.0651293471455574,
            -0.02976090833544731
        ],
        [
            0.09653519839048386,
            0.0648757740855217,
            -0.044210679829120636
        ],
        [
            0.0988331213593483,
            0.06704269349575043,
            -0.039051298052072525
        ],
        [
            0.0898783802986145,
            0.06788706034421921,
            -0.050036802887916565
        ],
        [
            0.09330634772777557,
            0.055217403918504715,
            -0.046987056732177734
        ],
        [
            0.08132560551166534,
            0.06394672393798828,
            -0.051721204072237015
        ],
        [
            0.07099728286266327,
            0.042826373130083084,
            -0.03252042829990387
        ],
        [
            0.06439651548862457,
            0.04128585010766983,
            -0.020493971183896065
        ],
        [
            0.05723246932029724,
            0.05630055442452431,
            -0.02561095543205738
        ],
        [
            0.0652226135134697,
            0.0568135529756546,
            -0.03694494068622589
        ],
        [
            0.054452814161777496,
            0.05207948014140129,
            -0.005245724692940712
        ],
        [
            0.05553245171904564,
            0.05507984012365341,
            -0.016666850075125694
        ],
        [
            0.0616120807826519,
            0.03951212763786316,
            -0.0120865972712636
        ],
        [
            0.060469016432762146,
            0.037661440670490265,
            -0.0020614005625247955
        ],
        [
            0.09326391667127609,
            0.04786732792854309,
            -0.007345244288444519
        ],
        [
            0.09751491248607635,
            0.039286285638809204,
            -0.002595275640487671
        ],
        [
            0.09900476783514023,
            0.04049910232424736,
            -0.008408434689044952
        ],
        [
            0.09550844877958298,
            0.04906740039587021,
            -0.01243210956454277
        ],
        [
            0.11458823084831238,
            0.06721752882003784,
            -0.02962215431034565
        ],
        [
            0.11013947427272797,
            0.05441149324178696,
            -0.038424212485551834
        ],
        [
            0.10591714084148407,
            0.06030439957976341,
            -0.03592982515692711
        ],
        [
            0.11334415525197983,
            0.06946588307619095,
            -0.024569286033511162
        ],
        [
            0.10817019641399384,
            0.022441111505031586,
            0.01926654577255249
        ],
        [
            0.10918588936328888,
            0.008961103856563568,
            0.019837381318211555
        ],
        [
            0.11162911355495453,
            0.00824001431465149,
            0.014458559453487396
        ],
        [
            0.10977385938167572,
            0.020473800599575043,
            0.014717217534780502
        ],
        [
            0.12306854128837585,
            0.015377573668956757,
            -0.002410992980003357
        ],
        [
            0.12020313739776611,
            0.005420699715614319,
            -0.0012984052300453186
        ],
        [
            0.1206573024392128,
            -0.003791436553001404,
            -0.010492339730262756
        ],
        [
            0.12308228015899658,
            0.006019867956638336,
            -0.014595575630664825
        ],
        [
            0.1260722279548645,
            0.02574564516544342,
            -0.004975229501724243
        ],
        [
            0.1287836730480194,
            0.018394269049167633,
            -0.015562295913696289
        ],
        [
            0.13222171366214752,
            0.031087592244148254,
            -0.016608789563179016
        ],
        [
            0.1338232308626175,
            0.049481287598609924,
            -0.018219949677586555
        ],
        [
            0.10141154378652573,
            0.008835181593894958,
            0.030017860233783722
        ],
        [
            0.09999951720237732,
            0.018867380917072296,
            0.031370148062705994
        ],
        [
            0.09170746058225632,
            0.1111457496881485,
            -0.039749886840581894
        ],
        [
            0.08967653661966324,
            0.11195697635412216,
            -0.0342579148709774
        ],
        [
            0.08940254151821136,
            0.1078958734869957,
            -0.035132694989442825
        ],
        [
            0.0911422148346901,
            0.10826385766267776,
            -0.04068190976977348
        ],
        [
            0.08131477981805801,
            0.009267427027225494,
            0.03188357874751091
        ],
        [
            0.07378978282213211,
            0.005227677524089813,
            0.026544934138655663
        ],
        [
            0.07708056271076202,
            -0.0002585574984550476,
            0.03004048950970173
        ],
        [
            0.08518420159816742,
            0.002970002591609955,
            0.03351646289229393
        ],
        [
            0.0762808695435524,
            0.017607279121875763,
            0.029667604714632034
        ],
        [
            0.06991008669137955,
            0.0131106898188591,
            0.021509185433387756
        ],
        [
            0.08455505967140198,
            0.11784669756889343,
            -0.04815608263015747
        ],
        [
            0.08895532786846161,
            0.1153133288025856,
            -0.04724354296922684
        ],
        [
            0.08621033281087875,
            0.11175855994224548,
            -0.048906486481428146
        ],
        [
            0.08135852217674255,
            0.11310118436813354,
            -0.04886198788881302
        ],
        [
            0.09901319444179535,
            0.06586518883705139,
            -0.03268572315573692
        ],
        [
            0.09633666276931763,
            0.06252868473529816,
            -0.024826928973197937
        ],
        [
            0.09054584801197052,
            0.07834625244140625,
            -0.03890952467918396
        ],
        [
            0.09138689190149307,
            0.07233458757400513,
            -0.03317781910300255
        ],
        [
            0.09450221806764603,
            0.07079716771841049,
            -0.03919433057308197
        ],
        [
            0.09246206283569336,
            0.07569610327482224,
            -0.04395029693841934
        ],
        [
            0.08178172260522842,
            0.06689076870679855,
            -0.012240966781973839
        ],
        [
            0.08655421435832977,
            0.05685179680585861,
            -0.008576875552535057
        ],
        [
            0.08874745666980743,
            0.05853509157896042,
            -0.014642588794231415
        ],
        [
            0.08495062589645386,
            0.0697965994477272,
            -0.019735615700483322
        ],
        [
            0.08297522366046906,
            0.05671915039420128,
            0.0051402803510427475
        ],
        [
            0.07818988710641861,
            0.06637279689311981,
            0.00023576617240905762
        ],
        [
            0.07665258646011353,
            0.06514733284711838,
            0.008605081588029861
        ],
        [
            0.08112842589616776,
            0.05899741128087044,
            0.010988212190568447
        ],
        [
            0.0710381418466568,
            0.08177779614925385,
            -0.011248211376369
        ],
        [
            0.06826551258563995,
            0.0866256132721901,
            -0.014184728264808655
        ],
        [
            0.0674610361456871,
            0.08767606317996979,
            -0.010959139093756676
        ],
        [
            0.06994457542896271,
            0.08124955743551254,
            -0.007688966579735279
        ],
        [
            0.07971375435590744,
            -0.00630718469619751,
            0.032668836414813995
        ],
        [
            0.0889265388250351,
            -0.003266453742980957,
            0.0341157466173172
        ],
        [
            0.05357988551259041,
            0.05048351734876633,
            0.016413046047091484
        ],
        [
            0.05927982181310654,
            0.04951046034693718,
            0.026028206571936607
        ],
        [
            0.052934564650058746,
            0.061855241656303406,
            0.02497193217277527
        ],
        [
            0.048027969896793365,
            0.059441372752189636,
            0.014721180312335491
        ],
        [
            0.07035857439041138,
            0.002954825758934021,
            0.01702290028333664
        ],
        [
            0.07183285057544708,
            -0.00299043208360672,
            0.02192358300089836
        ],
        [
            0.07969310879707336,
            0.12003010511398315,
            -0.04519335925579071
        ],
        [
            0.07688968628644943,
            0.11440414190292358,
            -0.04522981494665146
        ],
        [
            0.12680180370807648,
            0.024835191667079926,
            -0.027947282418608665
        ],
        [
            0.131450355052948,
            0.04715907201170921,
            -0.02747604250907898
        ],
        [
            0.12081502377986908,
            0.009242109954357147,
            -0.02506290376186371
        ],
        [
            0.11513660848140717,
            -0.0006775557994842529,
            -0.021495305001735687
        ],
        [
            0.11306613683700562,
            -0.00934486836194992,
            -0.018198393285274506
        ],
        [
            0.08710137009620667,
            0.07564280182123184,
            -0.02947819232940674
        ],
        [
            0.09354716539382935,
            0.05709049105644226,
            -0.017865074798464775
        ],
        [
            0.09158211201429367,
            0.047342684119939804,
            -0.0024485457688570023
        ],
        [
            0.0829906016588211,
            0.05193924903869629,
            0.02688336744904518
        ],
        [
            0.08807581663131714,
            0.043173447251319885,
            0.029926612973213196
        ],
        [
            0.09121228754520416,
            0.046552907675504684,
            0.020250339061021805
        ],
        [
            0.08560220897197723,
            0.05323128402233124,
            0.019357342272996902
        ],
        [
            0.0665939673781395,
            0.053899314254522324,
            0.030980916693806648
        ],
        [
            0.0729527622461319,
            0.05838016793131828,
            0.0286430474370718
        ],
        [
            0.06793789565563202,
            0.06585794687271118,
            0.026550864800810814
        ],
        [
            0.06085870414972305,
            0.06345146149396896,
            0.028938140720129013
        ],
        [
            0.12047956138849258,
            0.0657886415719986,
            -0.03381345421075821
        ],
        [
            0.11572922021150589,
            0.04973724111914635,
            -0.03965826332569122
        ],
        [
            0.09082549810409546,
            0.013392195105552673,
            0.03399424999952316
        ],
        [
            0.09464329481124878,
            0.006620138883590698,
            0.03318697214126587
        ],
        [
            0.09646102786064148,
            -0.0016930252313613892,
            0.03327891230583191
        ],
        [
            0.10393913090229034,
            0.03074812889099121,
            0.007183942943811417
        ],
        [
            0.11097447574138641,
            0.019121378660202026,
            0.011507287621498108
        ],
        [
            0.1127314418554306,
            0.01956382393836975,
            0.007423311471939087
        ],
        [
            0.10387658327817917,
            0.03021297976374626,
            0.003233540803194046
        ],
        [
            0.10744328796863556,
            0.03817150741815567,
            -0.006145961582660675
        ],
        [
            0.11622059345245361,
            0.030023887753486633,
            -0.0008295103907585144
        ],
        [
            0.1102217584848404,
            0.04806477576494217,
            -0.006348270922899246
        ],
        [
            0.11552831530570984,
            0.00577101856470108,
            0.007640425115823746
        ],
        [
            0.11450237035751343,
            -0.0015319138765335083,
            0.01593906059861183
        ],
        [
            0.11780302226543427,
            -0.003341853618621826,
            0.007873833179473877
        ],
        [
            0.10901245474815369,
            -0.0010573863983154297,
            0.024025414139032364
        ],
        [
            0.10283444076776505,
            -0.0009527504444122314,
            0.030411820858716965
        ],
        [
            0.07153400778770447,
            -0.010835342109203339,
            0.025243792682886124
        ],
        [
            0.11943851411342621,
            -0.004649072885513306,
            -0.00013499334454536438
        ],
        [
            0.12599720060825348,
            0.06360282003879547,
            -0.007861852645874023
        ],
        [
            0.1282753348350525,
            0.07170755416154861,
            -0.011068562977015972
        ],
        [
            0.12106044590473175,
            0.07228453457355499,
            -0.01106822956353426
        ],
        [
            0.11825405806303024,
            0.0650433897972107,
            -0.008855840191245079
        ],
        [
            0.08450165390968323,
            0.07458782941102982,
            -0.05342927202582359
        ],
        [
            0.09062571078538895,
            0.07567853480577469,
            -0.04926111176609993
        ],
        [
            0.0948319137096405,
            0.06899871677160263,
            -0.04544448480010033
        ],
        [
            0.10203105211257935,
            0.03221317380666733,
            0.021049290895462036
        ],
        [
            0.0955527275800705,
            0.02879367768764496,
            0.031316641718149185
        ],
        [
            0.08628936856985092,
            0.08149294555187225,
            -0.035144347697496414
        ],
        [
            0.07887271791696548,
            0.10890933126211166,
            -0.05010807514190674
        ],
        [
            0.08459175378084183,
            0.10755479335784912,
            -0.05022510886192322
        ],
        [
            0.08376937359571457,
            0.08926792442798615,
            -0.05328449234366417
        ],
        [
            0.0769457295536995,
            0.09083646535873413,
            -0.053402986377477646
        ],
        [
            0.07813747227191925,
            0.08753541857004166,
            -0.034663982689380646
        ],
        [
            0.0848202183842659,
            0.0846875011920929,
            -0.03527234494686127
        ],
        [
            0.08354640007019043,
            0.08656936883926392,
            -0.03489546850323677
        ],
        [
            0.07830149680376053,
            0.08980870991945267,
            -0.0324067547917366
        ],
        [
            0.06632822751998901,
            0.08500689268112183,
            -0.002142800949513912
        ],
        [
            0.0687420666217804,
            0.07917194813489914,
            0.0007467847317457199
        ],
        [
            0.06215672940015793,
            0.07243768870830536,
            -0.038971226662397385
        ],
        [
            0.06709951162338257,
            0.06909247487783432,
            -0.05105432868003845
        ],
        [
            0.07256631553173065,
            0.058244459331035614,
            -0.04699893668293953
        ],
        [
            0.07977662980556488,
            0.06570672243833542,
            -0.005139458924531937
        ],
        [
            0.07518651336431503,
            0.0747116208076477,
            -0.007705726660788059
        ],
        [
            0.07378488034009933,
            0.0743623673915863,
            -0.003779052756726742
        ],
        [
            0.08362085372209549,
            0.07866229116916656,
            -0.028110234066843987
        ],
        [
            0.08143922686576843,
            0.08364569395780563,
            -0.03191225230693817
        ],
        [
            0.07921090722084045,
            0.08238404989242554,
            -0.027860507369041443
        ],
        [
            0.08147887885570526,
            0.07729320228099823,
            -0.023311277851462364
        ],
        [
            0.0645875409245491,
            0.037295322865247726,
            0.02757224813103676
        ],
        [
            0.0729459747672081,
            0.042619865387678146,
            0.033713728189468384
        ],
        [
            0.09153246879577637,
            0.11262686550617218,
            -0.04435805231332779
        ],
        [
            0.08989225327968597,
            0.10971903055906296,
            -0.04578644037246704
        ],
        [
            0.08453623950481415,
            0.05589788407087326,
            -0.001690765842795372
        ],
        [
            0.07912638783454895,
            0.046170931309461594,
            -0.04096192494034767
        ],
        [
            0.0900934562087059,
            0.047040071338415146,
            0.0028781667351722717
        ],
        [
            0.049929868429899216,
            0.07312045246362686,
            0.0012233969755470753
        ],
        [
            0.054304443299770355,
            0.07763366401195526,
            0.006110893562436104
        ],
        [
            0.05493979528546333,
            0.08353124558925629,
            0.004102075472474098
        ],
        [
            0.05052565783262253,
            0.08234677463769913,
            9.029707871377468e-05
        ],
        [
            0.07863625884056091,
            0.10495692491531372,
            -0.03063305653631687
        ],
        [
            0.08435635268688202,
            0.10447321832180023,
            -0.03121059760451317
        ],
        [
            0.08507540822029114,
            0.1087891012430191,
            -0.03072771430015564
        ],
        [
            0.0795123428106308,
            0.11071884632110596,
            -0.03024362027645111
        ],
        [
            0.08901859819889069,
            0.08294633775949478,
            -0.039072517305612564
        ],
        [
            0.0912197083234787,
            0.08140915632247925,
            -0.04474928230047226
        ],
        [
            0.0904349684715271,
            0.08679236471652985,
            -0.04352783411741257
        ],
        [
            0.08742870390415192,
            0.08696708083152771,
            -0.038328617811203
        ],
        [
            0.08886565268039703,
            0.0816991850733757,
            -0.050238583236932755
        ],
        [
            0.08859308063983917,
            0.08752359449863434,
            -0.049540746957063675
        ],
        [
            0.07330112159252167,
            0.10659314692020416,
            -0.0338512659072876
        ],
        [
            0.07129622995853424,
            0.1085587665438652,
            -0.04076606035232544
        ],
        [
            0.06838501989841461,
            0.09186483919620514,
            -0.042411718517541885
        ],
        [
            0.07204188406467438,
            0.09288427233695984,
            -0.03540099784731865
        ],
        [
            0.0649699792265892,
            0.023378536105155945,
            0.0005622692406177521
        ],
        [
            0.06391361355781555,
            0.023763783276081085,
            0.011650484055280685
        ],
        [
            0.059205614030361176,
            0.03796596825122833,
            0.009326444938778877
        ],
        [
            0.05317896232008934,
            0.0515986867249012,
            0.00722544826567173
        ],
        [
            0.04870261624455452,
            0.06473636627197266,
            0.00446753716096282
        ],
        [
            0.048326101154088974,
            0.06388741731643677,
            -0.0076635293662548065
        ],
        [
            0.05959831550717354,
            0.037146005779504776,
            0.017490925267338753
        ],
        [
            0.06932876259088516,
            0.08468175679445267,
            -0.03587379679083824
        ],
        [
            0.06659255921840668,
            0.08080828934907913,
            -0.04285832494497299
        ],
        [
            0.06462086737155914,
            0.08038032054901123,
            -0.03801140561699867
        ],
        [
            0.08906607329845428,
            0.04819608852267265,
            0.010193409398198128
        ],
        [
            0.08893740922212601,
            0.10602866113185883,
            -0.04743029549717903
        ],
        [
            0.0911625474691391,
            -0.005936257541179657,
            -0.01966683380305767
        ],
        [
            0.08089634776115417,
            -0.006283879280090332,
            -0.010472889989614487
        ],
        [
            0.08040338009595871,
            0.0015784874558448792,
            -0.014481713995337486
        ],
        [
            0.09289997071027756,
            0.0027255192399024963,
            -0.024570992216467857
        ],
        [
            0.08948885649442673,
            0.104188472032547,
            -0.03584600239992142
        ],
        [
            0.09148046374320984,
            0.10458429902791977,
            -0.04177971929311752
        ],
        [
            0.06638991832733154,
            0.08031394332647324,
            0.006889774464070797
        ],
        [
            0.06414354592561722,
            0.08536089211702347,
            0.0031893113628029823
        ],
        [
            0.06096470728516579,
            0.08615635335445404,
            0.004772203043103218
        ],
        [
            0.0633184164762497,
            0.08325066417455673,
            0.010515338741242886
        ],
        [
            0.06467407941818237,
            0.022996999323368073,
            0.017522018402814865
        ],
        [
            0.05196036025881767,
            0.07162592560052872,
            0.023835061118006706
        ],
        [
            0.04697572812438011,
            0.06835535913705826,
            0.014967462979257107
        ],
        [
            0.0679921954870224,
            0.011375896632671356,
            0.013234192505478859
        ],
        [
            0.0683995708823204,
            0.010652519762516022,
            0.0034923087805509567
        ],
        [
            0.0706615224480629,
            0.0015497133135795593,
            0.006164442747831345
        ],
        [
            0.052123188972473145,
            0.0713430792093277,
            -0.020489078015089035
        ],
        [
            0.06596589833498001,
            0.025336071848869324,
            -0.007842153310775757
        ],
        [
            0.07004864513874054,
            0.011950388550758362,
            -0.003887603059411049
        ],
        [
            0.07283149659633636,
            0.001124948263168335,
            -0.0010290425270795822
        ],
        [
            0.07400673627853394,
            -0.006756514310836792,
            0.001444520428776741
        ],
        [
            0.07163023948669434,
            -0.005437426269054413,
            0.009127529338002205
        ],
        [
            0.07416265457868576,
            0.1092757135629654,
            -0.045948199927806854
        ],
        [
            0.07329201698303223,
            0.11505889892578125,
            -0.0394928976893425
        ],
        [
            0.07115822285413742,
            -0.013948619365692139,
            0.012282684445381165
        ],
        [
            0.07447688281536102,
            -0.01486136019229889,
            0.0036566592752933502
        ],
        [
            0.07338248938322067,
            0.013027466833591461,
            -0.01244015246629715
        ],
        [
            0.07931307703256607,
            0.01500372588634491,
            -0.022599484771490097
        ],
        [
            0.0694538801908493,
            0.026037946343421936,
            -0.01583927311003208
        ],
        [
            0.07453449070453644,
            0.028858527541160583,
            -0.026104791089892387
        ],
        [
            0.05225789546966553,
            0.06752250343561172,
            -0.030774522572755814
        ],
        [
            0.0836191326379776,
            0.13027572631835938,
            -0.032796233892440796
        ],
        [
            0.07682433724403381,
            0.12026724964380264,
            -0.03378523513674736
        ],
        [
            0.08033156394958496,
            0.11697709560394287,
            -0.030505266040563583
        ],
        [
            0.08416873961687088,
            0.1276046633720398,
            -0.02921273373067379
        ],
        [
            0.07496753334999084,
            0.11302007734775543,
            -0.033243902027606964
        ],
        [
            0.0763128250837326,
            0.12093910574913025,
            -0.03946646302938461
        ],
        [
            0.0858875960111618,
            0.03266960382461548,
            -0.03647859767079353
        ],
        [
            0.07638313621282578,
            0.08701149374246597,
            -0.031041579321026802
        ],
        [
            0.09541450440883636,
            0.018871769309043884,
            -0.03312321752309799
        ],
        [
            0.09787476807832718,
            0.04300711676478386,
            -0.04461919143795967
        ],
        [
            0.10707095265388489,
            0.03406331688165665,
            -0.04078004136681557
        ],
        [
            0.1068895161151886,
            0.0052135661244392395,
            -0.029380666092038155
        ],
        [
            0.11533990502357483,
            0.02069864422082901,
            -0.03557921573519707
        ],
        [
            0.10233066976070404,
            -0.01175195723772049,
            -0.020048771053552628
        ],
        [
            0.10281753540039062,
            -0.0034055039286613464,
            -0.024213168770074844
        ],
        [
            0.122361920773983,
            0.03833255544304848,
            -0.03647998347878456
        ],
        [
            0.09529047459363937,
            0.11831208318471909,
