{
    "pred_cam": [
        6.895606994628906,
        0.1345440149307251,
        -0.028731726109981537
    ],
    "pred_mano_params": {
        "global_orient": [
            [
                [
                    -0.8569552302360535,
                    0.504075825214386,
                    -0.1074022725224495
                ],
                [
                    -0.0641106516122818,
                    -0.3110297918319702,
                    -0.9482353329658508
                ],
                [
                    -0.511387825012207,
                    -0.8057096600532532,
                    0.2988552451133728
                ]
            ]
        ],
        "hand_pose": [
            [
                [
                    0.847546398639679,
                    -0.2480117231607437,
                    -0.46920710802078247
                ],
                [
                    0.3094736337661743,
                    0.9491800665855408,
                    0.057299815118312836
                ],
                [
                    0.43115100264549255,
                    -0.19377148151397705,
                    0.8812272548675537
                ]
            ],
            [
                [
                    0.8885858654975891,
                    -0.451006144285202,
                    0.08371718227863312
                ],
                [
                    0.44269859790802,
                    0.7953671813011169,
                    -0.4140157103538513
                ],
                [
                    0.12013775110244751,
                    0.40495002269744873,
                    0.9064118266105652
                ]
            ],
            [
                [
                    0.9382018446922302,
                    -0.1610693335533142,
                    0.3063233494758606
                ],
                [
                    0.09781260788440704,
                    0.9724202752113342,
                    0.2117343246936798
                ],
                [
                    -0.331978976726532,
                    -0.16868723928928375,
                    0.9280810952186584
                ]
            ],
            [
                [
                    0.8739818930625916,
                    -0.32544443011283875,
                    -0.36088985204696655
                ],
                [
                    0.3457745313644409,
                    0.9382768273353577,
                    -0.008745859377086163
                ],
                [
                    0.3414609134197235,
                    -0.11714280396699905,
                    0.9325673580169678
                ]
            ],
            [
                [
                    0.40659961104393005,
                    -0.8914604187011719,
                    -0.19993770122528076
                ],
                [
                    0.9102347493171692,
                    0.3764950931072235,
                    0.172406867146492
                ],
                [
                    -0.07841832935810089,
                    -0.25209081172943115,
                    0.964521050453186
                ]
            ],
            [
                [
                    0.7662113904953003,
                    -0.5986008048057556,
                    0.23366037011146545
                ],
                [
                    0.5987100005149841,
                    0.7970862984657288,
                    0.07873845845460892
                ],
                [
                    -0.23338037729263306,
                    0.07956449687480927,
                    0.9691248536109924
                ]
            ],
            [
                [
                    0.008595893159508705,
                    -0.9064404964447021,
                    -0.4222460091114044
                ],
                [
                    0.991257905960083,
                    -0.047872137278318405,
                    0.12294725328683853
                ],
                [
                    -0.13165819644927979,
                    -0.41961154341697693,
                    0.8981047868728638
                ]
            ],
            [
                [
                    0.8174591064453125,
                    -0.5733354687690735,
                    0.05520101636648178
                ],
                [
                    0.5111193656921387,
                    0.7662428617477417,
                    0.38939568400382996
                ],
                [
                    -0.26555171608924866,
                    -0.29010069370269775,
                    0.9194150567054749
                ]
            ],
            [
                [
                    0.9744707942008972,
                    -0.06517618149518967,
                    0.2148456871509552
                ],
                [
                    0.009329207241535187,
                    0.9678643345832825,
                    0.25129973888397217
                ],
                [
                    -0.22432023286819458,
                    -0.2428799271583557,
                    0.9437635540962219
                ]
            ],
            [
                [
                    0.3199974298477173,
                    -0.8944461345672607,
                    -0.3123582899570465
                ],
                [
                    0.9066904187202454,
                    0.384746253490448,
                    -0.1728663295507431
                ],
                [
                    0.27479833364486694,
                    -0.22789549827575684,
                    0.9341035485267639
                ]
            ],
            [
                [
                    0.7852908372879028,
                    -0.605253279209137,
                    0.13033297657966614
                ],
                [
                    0.38390272855758667,
                    0.6411799788475037,
                    0.6644598245620728
                ],
                [
                    -0.4857334494590759,
                    -0.47175902128219604,
                    0.7358711361885071
                ]
            ],
            [
                [
                    0.8967933654785156,
                    -0.357854425907135,
                    0.26019594073295593
                ],
                [
                    0.3422328531742096,
                    0.9337648749351501,
                    0.1046895682811737
                ],
                [
                    -0.28042545914649963,
                    -0.004837323445826769,
                    0.9598636627197266
                ]
            ],
            [
                [
                    0.7659973502159119,
                    0.08847200125455856,
                    -0.6367266774177551
                ],
                [
                    -0.5648897290229797,
                    0.5654041767120361,
                    -0.6010139584541321
                ],
                [
                    0.30683502554893494,
                    0.820055365562439,
                    0.48307502269744873
                ]
            ],
            [
                [
                    0.721557080745697,
                    -0.48389729857444763,
                    -0.49517548084259033
                ],
                [
                    0.6344114542007446,
                    0.7485199570655823,
                    0.1929766982793808
                ],
                [
                    0.27726781368255615,
                    -0.4533887207508087,
                    0.8470898866653442
                ]
            ],
            [
                [
                    0.85810786485672,
                    -0.48805785179138184,
                    0.15953181684017181
                ],
                [
                    0.5101819634437561,
                    0.7753162384033203,
                    -0.3722889721393585
                ],
                [
                    0.05801095813512802,
                    0.40085434913635254,
                    0.9143033027648926
                ]
            ]
        ],
        "betas": [
            0.00945979356765747,
            -0.03556770086288452,
            -0.023195862770080566,
            0.019523173570632935,
            0.06665825843811035,
            0.04605065658688545,
            0.07501636445522308,
            0.02281409502029419,
            -0.018883422017097473,
            -0.07281997799873352
        ]
    },
    "pred_cam_t": [
        -0.1345440149307251,
        -0.028731726109981537,
        5.6648383140563965
    ],
    "focal_length": [
        5000.0,
        5000.0
    ],
    "pred_keypoints_3d": [
        [
            0.09573019295930862,
            0.006383179221302271,
            0.006184888072311878
        ],
        [
            0.10585066676139832,
            -0.011759961023926735,
            0.03867427632212639
        ],
        [
            0.12962259352207184,
            -0.014811063185334206,
            0.057982005178928375
        ],
        [
            0.14946967363357544,
            0.001325586810708046,
            0.06690726429224014
        ],
        [
            0.16082178056240082,
            0.021748507395386696,
            0.09219209104776382
        ],
        [
            0.16645020246505737,
            -0.00590607849881053,
            0.06165752187371254
        ],
        [
            0.1901974231004715,
            0.010183386504650116,
            0.07799099385738373
        ],
        [
            0.1931682676076889,
            0.02462470903992653,
            0.09456554800271988
        ],
        [
            0.19545526802539825,
            0.0340668261051178,
            0.11708471179008484
        ],
        [
            0.17651858925819397,
            0.016124894842505455,
            0.054827746003866196
        ],
        [
            0.19581295549869537,
            0.035811636596918106,
            0.07047531008720398
        ],
        [
            0.18317118287086487,
            0.04438530281186104,
            0.08800843358039856
        ],
        [
            0.1650218516588211,
            0.04113392531871796,
            0.10515059530735016
        ],
        [
            0.16673025488853455,
            0.03811495378613472,
            0.043239135295152664
        ],
        [
            0.16401968896389008,
            0.0585038848221302,
            0.06348173320293427
        ],
        [
            0.14678768813610077,
            0.061189863830804825,
            0.0810672789812088
        ],
        [
            0.13257162272930145,
            0.056654930114746094,
            0.10118432343006134
        ],
        [
            0.15438705682754517,
            0.05480151250958443,
            0.03648719936609268
        ],
        [
            0.14172595739364624,
            0.06872729957103729,
            0.046014055609703064
        ],
        [
            0.12331558018922806,
            0.06956357508897781,
            0.05034880340099335
        ],
        [
            0.10517314076423645,
            0.06628736853599548,
            0.0583818182349205
        ]
    ],
    "pred_vertices": [
        [
            0.12770739197731018,
            -0.00020923849660903215,
            0.047682441771030426
        ],
        [
            0.1173873096704483,
            0.0006209430284798145,
            0.04190147668123245
        ],
        [
            0.1235894188284874,
            -0.0018651345744729042,
            0.047729503363370895
        ],
        [
            0.13122905790805817,
            -0.0046549695543944836,
            0.05322530120611191
        ],
        [
            0.10618092119693756,
            -0.0005695698782801628,
            0.05341749265789986
        ],
        [
            0.09961742162704468,
            -0.0106669245287776,
            0.05688459053635597
        ],
        [
            0.11585807800292969,
            -0.010814747773110867,
            0.06604430079460144
        ],
        [
            0.11759868264198303,
            -0.0012700734660029411,
            0.06121092662215233
        ],
        [
            0.13580983877182007,
            -0.008421523496508598,
            0.055391568690538406
        ],
        [
            0.12869510054588318,
            -0.0037053097039461136,
            0.05275974050164223
        ],
        [
            0.1379968672990799,
            -0.01082724891602993,
            0.05136045813560486
        ],
        [
            0.14813761413097382,
            -0.018081560730934143,
            0.05291766673326492
        ],
        [
            0.14444376528263092,
            -0.013045912608504295,
            0.05782552435994148
        ],
        [
            0.15642686188220978,
            -0.019032904878258705,
            0.05525070056319237
        ],
        [
            0.14668665826320648,
            -0.022949613630771637,
            0.04363146424293518
        ],
        [
            0.1604403704404831,
            -0.018852364271879196,
            0.04714477062225342
        ],
        [
            0.14915831387043,
            -0.006458052434027195,
            0.024969927966594696
        ],
        [
            0.14820855855941772,
            0.005513202399015427,
            0.018962815403938293
        ],
        [
            0.1626487374305725,
            0.008699744008481503,
            0.027700606733560562
        ],
        [
            0.1615978628396988,
            -0.0034591611474752426,
            0.03371736407279968
        ],
        [
            0.15480779111385345,
            0.026050623506307602,
            0.019698206335306168
        ],
        [
            0.1600620448589325,
            0.01669330894947052,
            0.02460509166121483
        ],
        [
            0.14578546583652496,
            0.013109889812767506,
            0.01482369750738144
        ],
        [
            0.1413339376449585,
            0.02161787450313568,
            0.011284813284873962
        ],
        [
            0.12338927388191223,
            0.010847347788512707,
            0.039292097091674805
        ],
        [
            0.11291103810071945,
            0.010879469104111195,
            0.03418711572885513
        ],
        [
            0.11390829086303711,
            0.006031116005033255,
            0.0360114723443985
        ],
        [
            0.12419064342975616,
            0.0062070200219750404,
            0.04158967733383179
        ],
        [
            0.1399286389350891,
            -0.013132141903042793,
            0.051409028470516205
        ],
        [
            0.1354602873325348,
            -0.023967085406184196,
            0.04729550704360008
        ],
        [
            0.13878105580806732,
            -0.01803680881857872,
            0.04793098568916321
        ],
        [
            0.13860192894935608,
            -0.008053282275795937,
            0.05207068473100662
        ],
        [
            0.0880926176905632,
            0.02017371915280819,
            0.024671878665685654
        ],
        [
            0.08072437345981598,
            0.015316861681640148,
            0.014457639306783676
        ],
        [
            0.08087386190891266,
            0.009650020860135555,
            0.016244318336248398
        ],
        [
            0.08766848593950272,
            0.015137177892029285,
            0.02494574710726738
        ],
        [
            0.08306379616260529,
            -0.007074468769133091,
            0.035073310136795044
        ],
        [
            0.08006974309682846,
            -0.007823258638381958,
            0.022710677236318588
        ],
        [
            0.0800253301858902,
            -0.01978222467005253,
            0.01587371900677681
        ],
        [
            0.08543023467063904,
            -0.021411048248410225,
            0.026400335133075714
        ],
        [
            0.09010263532400131,
            -0.008470101282000542,
            0.04767395183444023
        ],
        [
            0.08976958692073822,
            -0.021598201245069504,
            0.041981182992458344
        ],
        [
            0.1004810631275177,
            -0.022322671487927437,
            0.05512620881199837
        ],
        [
            0.11837445199489594,
            -0.020034968852996826,
            0.06622029095888138
        ],
        [
            0.0817776471376419,
            0.02655944973230362,
            0.008359439671039581
        ],
        [
            0.08698025345802307,
            0.03194386512041092,
            0.015350446105003357
        ],
        [
            0.1827421933412552,
            0.00949116051197052,
            0.08922722935676575
        ],
        [
            0.1808987706899643,
            0.014868848025798798,
            0.08721496909856796
        ],
        [
            0.17787031829357147,
            0.011188404634594917,
            0.08471015095710754
        ],
        [
            0.18037036061286926,
            0.006639914587140083,
            0.08699899166822433
        ],
        [
            0.0961630642414093,
            0.03455755487084389,
            -0.0035218261182308197
        ],
        [
            0.10229204595088959,
            0.03062388300895691,
            -0.010468687862157822
        ],
        [
            0.09556276351213455,
            0.030629251152276993,
            -0.013349711894989014
        ],
        [
            0.08946322649717331,
            0.03244943171739578,
            -0.006422411650419235
        ],
        [
            0.10499667376279831,
            0.037299226969480515,
            0.00032037124037742615
        ],
        [
            0.11132683604955673,
            0.030344530940055847,
            -0.005861584097146988
        ],
        [
            0.1939983069896698,
            0.006547318771481514,
            0.08393539488315582
        ],
        [
            0.19060058891773224,
            0.005408795550465584,
            0.08772695064544678
        ],
        [
            0.18898719549179077,
            0.0022456971928477287,
            0.0838293507695198
        ],
        [
            0.19152845442295074,
            0.003467649221420288,
            0.07907186448574066
        ],
        [
            0.14000384509563446,
            -0.007190846838057041,
            0.05851418897509575
        ],
        [
            0.13631872832775116,
            -0.00023583578877151012,
            0.05430857837200165
        ],
        [
            0.15645527839660645,
            -0.005549107678234577,
            0.06821941584348679
        ],
        [
            0.1487298309803009,
            -0.0023682566825300455,
            0.06153698265552521
        ],
        [
            0.14873680472373962,
            -0.009524315595626831,
            0.06259678304195404
        ],
        [
            0.15628010034561157,
            -0.011596154421567917,
            0.0669403076171875
        ],
        [
            0.14361391961574554,
            0.017003657296299934,
            0.04856807738542557
        ],
        [
            0.13357600569725037,
            0.015051816590130329,
            0.04289964586496353
        ],
        [
            0.1354263424873352,
            0.009723172523081303,
            0.046217214316129684
        ],
        [
            0.14610019326210022,
            0.010581268928945065,
            0.05385255813598633
        ],
        [
            0.1297914683818817,
            0.028042694553732872,
            0.038696207106113434
        ],
        [
            0.1402246206998825,
            0.02869914472103119,
            0.044083233922719955
        ],
        [
            0.13671639561653137,
            0.03583594784140587,
            0.040896013379096985
        ],
        [
            0.12945616245269775,
            0.03447894752025604,
            0.03855671361088753
        ],
        [
            0.15805648267269135,
            0.026401180773973465,
            0.05484661087393761
        ],
        [
            0.16437022387981415,
            0.02684079110622406,
            0.0578920841217041
        ],
        [
            0.16279958188533783,
            0.031116507947444916,
            0.05722750350832939
        ],
        [
            0.157064288854599,
            0.029231665655970573,
            0.0529116652905941
        ],
        [
            0.08943095803260803,
            0.029877960681915283,
            -0.016928110271692276
        ],
        [
            0.0833268016576767,
            0.029536515474319458,
            -0.009221453219652176
        ],
        [
            0.14446762204170227,
            0.04511081799864769,
            0.01461474597454071
        ],
        [
            0.13482710719108582,
            0.05067284032702446,
            0.015928979963064194
        ],
        [
            0.14463143050670624,
            0.05587947741150856,
            0.022231394425034523
        ],
        [
            0.15405693650245667,
            0.04883506894111633,
            0.01869433932006359
        ],
        [
            0.10811923444271088,
            0.02246001735329628,
            -0.013023745268583298
        ],
        [
            0.10188940912485123,
            0.024078041315078735,
            -0.017547331750392914
        ],
        [
            0.19526012241840363,
            0.01077684760093689,
            0.07940243184566498
        ],
        [
            0.19199377298355103,
            0.007714786566793919,
            0.07477568089962006
        ],
        [
            0.10329461097717285,
            -0.03062373772263527,
            0.04479839652776718
        ],
        [
            0.12118670344352722,
            -0.027335211634635925,
            0.06078772246837616
        ],
        [
            0.09440334141254425,
            -0.028783051297068596,
            0.028819117695093155
        ],
        [
            0.0908200815320015,
            -0.026478437706828117,
            0.016425367444753647
        ],
        [
            0.08637641370296478,
            -0.026069680228829384,
            0.007358714938163757
        ],
        [
            0.15174590051174164,
            0.0033935271203517914,
            0.061817653477191925
        ],
        [
            0.13247773051261902,
            0.004874563775956631,
            0.04787515103816986
        ],
        [
            0.12236393243074417,
            0.015394540503621101,
            0.037453848868608475
        ],
        [
            0.11737322807312012,
            0.04526510089635849,
            0.03191801905632019
        ],
        [
            0.10815958678722382,
            0.04328072816133499,
            0.027696799486875534
        ],
        [
            0.11182078719139099,
            0.035098832100629807,
            0.03356063365936279
        ],
        [
            0.11949872970581055,
            0.03836781531572342,
            0.035550910979509354
        ],
        [
            0.1285960078239441,
            0.0543370246887207,
            0.023051651194691658
        ],
        [
            0.12666946649551392,
            0.05193572863936424,
            0.0304936021566391
        ],
        [
            0.13347311317920685,
            0.053286362439394,
            0.03341875597834587
        ],
        [
            0.13702324032783508,
            0.05687307193875313,
            0.027219044044613838
        ],
        [
            0.14109650254249573,
            -0.019119588658213615,
            0.05475052818655968
        ],
        [
            0.13175339996814728,
            -0.029171518981456757,
            0.04830917716026306
        ],
        [
            0.09006989002227783,
            0.035028018057346344,
            0.005154527723789215
        ],
        [
            0.08432494848966599,
            0.0306136142462492,
            0.0021496638655662537
        ],
        [
            0.07883260399103165,
            0.027083169668912888,
            -0.003354933112859726
        ],
        [
            0.09952937066555023,
            0.014398609288036823,
            0.030653944239020348
        ],
        [
            0.0871259868144989,
            0.0116210225969553,
            0.025448132306337357
        ],
        [
            0.08704560995101929,
            0.007746899034827948,
            0.028406810015439987
        ],
        [
            0.09987587481737137,
            0.011095846071839333,
            0.031039806082844734
        ],
        [
            0.10684148222208023,
            0.003306395374238491,
            0.0412142314016819
        ],
        [
            0.09443503618240356,
            0.001573693472892046,
            0.043441351503133774
        ],
        [
            0.11628325283527374,
            0.0028090225532650948,
            0.04812082648277283
        ],
        [
            0.07956458628177643,
            0.0016565057449042797,
            0.018104635179042816
        ],
        [
            0.07342096418142319,
            0.006433792412281036,
            0.009921569377183914
        ],
        [
            0.07371582835912704,
            -0.002303025685250759,
            0.011663924902677536
        ],
        [
            0.07404865324497223,
            0.015357956290245056,
            0.005890466272830963
        ],
        [
            0.0757460966706276,
            0.02288278006017208,
            0.0014110878109931946
        ],
        [
            0.09674612432718277,
            0.02413896471261978,
            -0.024410098791122437
        ],
        [
            0.07562702149152756,
            -0.010359386913478374,
            0.012636687606573105
        ],
        [
            0.12499800324440002,
            -0.0026756105944514275,
            0.06545662879943848
        ],
        [
            0.13083487749099731,
            -0.0017022863030433655,
            0.06725574284791946
        ],
        [
            0.13171663880348206,
            0.0010419096797704697,
            0.06041666120290756
        ],
        [
            0.12763263285160065,
            -0.0003296397626399994,
            0.058205388486385345
        ],
        [
            0.1662873774766922,
            -0.01742612197995186,
            0.05856255814433098
        ],
        [
            0.16085481643676758,
            -0.015724366530776024,
            0.06462621688842773
        ],
        [
            0.15106025338172913,
            -0.016185736283659935,
            0.060160405933856964
        ],
        [
            0.0965709313750267,
            0.027238458395004272,
            0.02852158434689045
        ],
        [
            0.09506133198738098,
            0.03696569800376892,
            0.020610760897397995
        ],
        [
            0.1593034565448761,
            0.00026433938182890415,
            0.06782997399568558
        ],
        [
            0.19093719124794006,
            0.0011942200362682343,
            0.0746343582868576
        ],
        [
            0.1879810392856598,
            -0.0010264068841934204,
            0.07952562719583511
        ],
        [
            0.17879393696784973,
            -0.010019497945904732,
            0.06871773302555084
        ],
        [
            0.1825784295797348,
            -0.007071030326187611,
            0.06389866024255753
        ],
        [
            0.1688910275697708,
            0.0058707669377326965,
            0.06620306521654129
        ],
        [
            0.1637575924396515,
            0.001793453237041831,
            0.06931126862764359
        ],
        [
            0.16613121330738068,
            0.003597924252972007,
            0.0693080797791481
        ],
        [
            0.16920717060565948,
            0.008895392529666424,
            0.06693074107170105
        ],
        [
            0.15721571445465088,
            0.03621043264865875,
            0.05214393511414528
        ],
        [
            0.15259769558906555,
            0.03492323309183121,
            0.04917699843645096
        ],
        [
            0.17214642465114594,
            0.00125420605763793,
            0.04483538120985031
        ],
        [
            0.17134538292884827,
            -0.011476069688796997,
            0.04506763070821762
        ],
        [
            0.161207914352417,
            -0.01370757445693016,
            0.03846963122487068
        ],
        [
            0.14125186204910278,
            0.023348117247223854,
            0.0453762449324131
        ],
        [
            0.1500900834798813,
            0.025733159855008125,
            0.05030939728021622
        ],
        [
            0.14911863207817078,
            0.029228869825601578,
            0.04851405695080757
        ],
        [
            0.15527331829071045,
            0.006791506428271532,
            0.061937034130096436
        ],
        [
            0.1617138534784317,
            0.005634251981973648,
            0.06580106914043427
        ],
        [
            0.16071034967899323,
            0.009823757223784924,
            0.06232760474085808
        ],
        [
            0.15402565896511078,
            0.011287042871117592,
            0.058437786996364594
        ],
        [
            0.12440261244773865,
            0.04626256227493286,
            0.009156990796327591
        ],
        [
            0.11762217432260513,
            0.050979189574718475,
            0.017546135932207108
        ],
        [
            0.18634380400180817,
            0.006308969110250473,
            0.08955053985118866
        ],
        [
            0.18448200821876526,
            0.0032602688297629356,
            0.08656539022922516
        ],
        [
            0.13142526149749756,
            0.02131606452167034,
            0.03996600955724716
        ],
        [
            0.14835169911384583,
            -0.015246210619807243,
            0.03142338991165161
        ],
        [
            0.1209227591753006,
            0.020385319367051125,
            0.03564925119280815
        ],
        [
            0.1635654866695404,
            0.04066348075866699,
            0.03392808139324188
        ],
        [
            0.15758313238620758,
            0.04610269516706467,
            0.04058270901441574
        ],
        [
            0.15949833393096924,
            0.04543693736195564,
            0.042564574629068375
        ],
        [
            0.16513653099536896,
            0.04341920465230942,
            0.03993890434503555
        ],
        [
            0.17817872762680054,
            0.016358615830540657,
            0.07362429797649384
        ],
        [
            0.17629374563694,
            0.013944330625236034,
            0.07859153300523758
        ],
        [
            0.17751286923885345,
            0.01612011343240738,
            0.08092059940099716
        ],
        [
            0.18016210198402405,
            0.018551558256149292,
            0.0763358622789383
        ],
        [
            0.16294126212596893,
            -0.0036396596115082502,
            0.07109641283750534
        ],
        [
            0.16361969709396362,
            -0.009864795953035355,
            0.07088407129049301
        ],
        [
            0.16875199973583221,
            -0.005942856892943382,
            0.07389064878225327
        ],
        [
            0.1670263409614563,
            -0.0005285369697958231,
            0.07222914695739746
        ],
        [
            0.16875259578227997,
            -0.01315134298056364,
            0.06838439404964447
        ],
        [
            0.173556387424469,
            -0.009594511240720749,
            0.07207543402910233
        ],
        [
            0.18271981179714203,
            0.015605182386934757,
            0.06920919567346573
        ],
        [
            0.18833881616592407,
            0.010873517952859402,
            0.06780906766653061
        ],
        [
            0.18050743639469147,
            0.005272813607007265,
            0.05827457085251808
        ],
        [
            0.17555388808250427,
            0.00998016633093357,
            0.06275961548089981
        ],
        [
            0.1297053098678589,
            0.017241336405277252,
            0.0021937862038612366
        ],
        [
            0.12563055753707886,
            0.02746894210577011,
            0.0003267638385295868
        ],
        [
            0.13733993470668793,
            0.03220534697175026,
            0.009096711874008179
        ],
        [
            0.14976586401462555,
            0.03733440488576889,
            0.016913648694753647
        ],
        [
            0.1607745885848999,
            0.04125969856977463,
            0.025761999189853668
        ],
        [
            0.16657409071922302,
            0.030305741354823112,
            0.026172608137130737
        ],
        [
            0.13284344971179962,
            0.03895869851112366,
            0.007509693503379822
        ],
        [
            0.17512457072734833,
            0.006618833169341087,
            0.05801243335008621
        ],
        [
            0.1751851886510849,
            -3.5995617508888245e-06,
            0.05237341672182083
        ],
        [
            0.1761794239282608,
            0.004469085950404406,
            0.05160880833864212
        ],
        [
            0.11887330561876297,
            0.02753227762877941,
            0.034947894513607025
        ],
        [
            0.18398788571357727,
            -0.0005142781883478165,
            0.08257775008678436
        ],
        [
            0.10488899052143097,
            -0.019261445850133896,
            -0.0032223984599113464
        ],
        [
            0.1084047183394432,
            -0.008290584199130535,
            -0.010661307722330093
        ],
        [
            0.11436572670936584,
            -0.008739151060581207,
            -0.004204094409942627
        ],
        [
            0.1098451316356659,
            -0.020845167338848114,
            0.005082704126834869
        ],
        [
            0.17673441767692566,
            0.008362350054085255,
            0.08274619281291962
        ],
        [
            0.1792093962430954,
            0.0028956662863492966,
            0.08435087651014328
        ],
        [
            0.15071694552898407,
            0.04091193526983261,
            0.04779938608407974
        ],
        [
            0.15516218543052673,
            0.041012417525053024,
            0.049831945449113846
        ],
        [
            0.15510812401771545,
            0.04474247619509697,
            0.04682351276278496
        ],
        [
            0.15040451288223267,
            0.046355120837688446,
            0.047280699014663696
        ],
        [
            0.1219882071018219,
            0.032156482338905334,
            -0.0006391219794750214
        ],
        [
            0.14742548763751984,
            0.059140220284461975,
            0.028744420036673546
        ],
        [
            0.15675558149814606,
            0.05359640344977379,
            0.026802051812410355
        ],
        [
            0.11573108285665512,
            0.022989273071289062,
            -0.0072206296026706696
        ],
        [
            0.1195637583732605,
            0.014027474448084831,
            -0.006267528980970383
        ],
        [
            0.11221899837255478,
            0.012298362329602242,
            -0.012541770935058594
        ],
        [
            0.171659454703331,
            0.020692750811576843,
            0.036740608513355255
        ],
        [
            0.133725106716156,
            0.010265309363603592,
            0.00548548623919487
        ],
        [
            0.12234023213386536,
            0.00751730240881443,
            -0.003285568207502365
        ],
        [
            0.11370149254798889,
            0.005159378983080387,
            -0.010645091533660889
        ],
        [
            0.1078580766916275,
            0.004068456590175629,
            -0.01657732203602791
        ],
        [
            0.1067405566573143,
            0.012011461891233921,
            -0.01794562116265297
        ],
        [
            0.1904628872871399,
            0.005900423973798752,
            0.0705418735742569
        ],
        [
            0.19031104445457458,
            0.013782033696770668,
            0.07189462333917618
        ],
        [
            0.101488396525383,
            0.011768525466322899,
            -0.02544381096959114
        ],
        [
            0.10251674056053162,
            0.0028649885207414627,
            -0.0230766162276268
        ],
        [
            0.12427647411823273,
            -0.0005960240960121155,
            0.000619981437921524
        ],
        [
            0.12507452070713043,
            -0.010522091761231422,
            0.006527438759803772
        ],
        [
            0.13500811159610748,
            0.0024429578334093094,
            0.00914858654141426
        ],
        [
            0.13703837990760803,
            -0.007060481235384941,
            0.015334337949752808
        ],
        [
            0.17289607226848602,
            0.009616117924451828,
            0.03436480462551117
        ],
        [
            0.19534993171691895,
            0.02647233009338379,
            0.08537803590297699
        ],
        [
            0.18977461755275726,
            0.021362587809562683,
            0.0769636258482933
        ],
        [
            0.1845284104347229,
            0.022016091272234917,
            0.07948186993598938
        ],
        [
            0.19157598912715912,
            0.028155619278550148,
            0.08620940148830414
        ],
        [
            0.18481621146202087,
            0.017965715378522873,
            0.0728158950805664
        ],
        [
            0.19357037544250488,
            0.01693897694349289,
            0.07650935649871826
        ],
        [
            0.13484156131744385,
            -0.018404873088002205,
            0.02423805743455887
        ],
        [
            0.16850514709949493,
            0.009699978865683079,
            0.06506176292896271
        ],
        [
            0.11947047710418701,
            -0.02342158928513527,
            0.018784772604703903
        ],
        [
            0.13659846782684326,
            -0.02714422717690468,
            0.03656405955553055
        ],
        [
            0.12464682757854462,
            -0.030240757390856743,
            0.035571709275245667
        ],
        [
            0.10333921015262604,
            -0.02872287482023239,
            0.015980590134859085
        ],
        [
            0.10987993329763412,
            -0.03275727480649948,
            0.0324166864156723
        ],
        [
            0.09405382722616196,
            -0.02523333951830864,
            -0.0011736154556274414
        ],
        [
            0.0995400995016098,
            -0.025938697159290314,
            0.006346277892589569
        ],
        [
            0.1199961006641388,
            -0.03295405954122543,
            0.047397639602422714
        ],
        [
            0.1860710233449936,
            0.017852451652288437,
            0.09507603198289871
        ],
