{
    "pred_cam": [
        10.586204528808594,
        0.11316008120775223,
        -0.04410300403833389
    ],
    "pred_mano_params": {
        "global_orient": [
            [
                [
                    -0.577565610408783,
                    0.2328551709651947,
                    -0.7824298739433289
                ],
                [
                    -0.3215973973274231,
                    -0.9458491802215576,
                    -0.04409627988934517
                ],
                [
                    -0.7503286600112915,
                    0.22615893185138702,
                    0.6211755871772766
                ]
            ]
        ],
        "hand_pose": [
            [
                [
                    0.7261325120925903,
                    -0.6072763800621033,
                    -0.3224082589149475
                ],
                [
                    0.5905011296272278,
                    0.7910178899765015,
                    -0.15999729931354523
                ],
                [
                    0.35219326615333557,
                    -0.07420318573713303,
                    0.9329811930656433
                ]
            ],
            [
                [
                    0.5502143502235413,
                    -0.7750909328460693,
                    0.3106415569782257
                ],
                [
                    0.8269315361976624,
                    0.45410946011543274,
                    -0.3316154181957245
                ],
                [
                    0.11596683412790298,
                    0.43933889269828796,
                    0.8908047080039978
                ]
            ],
            [
                [
                    0.9135648012161255,
                    -0.3594759404659271,
                    0.19020114839076996
                ],
                [
                    0.3366115391254425,
                    0.9308115243911743,
                    0.14241717755794525
                ],
                [
                    -0.22823695838451385,
                    -0.06608341634273529,
                    0.9713603854179382
                ]
            ],
            [
                [
                    0.5901141166687012,
                    -0.7971054315567017,
                    -0.1280169039964676
                ],
                [
                    0.801587700843811,
                    0.5596481561660767,
                    0.21035942435264587
                ],
                [
                    -0.09603419154882431,
                    -0.22675281763076782,
                    0.9692062139511108
                ]
            ],
            [
                [
                    0.7340751886367798,
                    -0.6541807651519775,
                    -0.18215708434581757
                ],
                [
                    0.6779193878173828,
                    0.7215718626976013,
                    0.1405678689479828
                ],
                [
                    0.039482634514570236,
                    -0.22667521238327026,
                    0.9731698632240295
                ]
            ],
            [
                [
                    0.8174750208854675,
                    -0.5704297423362732,
                    0.0796528160572052
                ],
                [
                    0.568109929561615,
                    0.8213403224945068,
                    0.05148972570896149
                ],
                [
                    -0.09479333460330963,
                    0.0031599898356944323,
                    0.9954919815063477
                ]
            ],
            [
                [
                    0.15540923178195953,
                    -0.9554860591888428,
                    -0.2507875859737396
                ],
                [
                    0.7138894200325012,
                    -0.06684470921754837,
                    0.697060763835907
                ],
                [
                    -0.6827956438064575,
                    -0.28736427426338196,
                    0.6717231273651123
                ]
            ],
            [
                [
                    0.5995689034461975,
                    -0.7942942976951599,
                    -0.09804953634738922
                ],
                [
                    0.7035122513771057,
                    0.46466338634490967,
                    0.5377345085144043
                ],
                [
                    -0.38155943155288696,
                    -0.3913879692554474,
                    0.8373934626579285
                ]
            ],
            [
                [
                    0.9209079742431641,
                    -0.38729190826416016,
                    -0.04397159814834595
                ],
                [
                    0.25930455327033997,
                    0.5245047807693481,
                    0.8109598755836487
                ],
                [
                    -0.2910148501396179,
                    -0.758221447467804,
                    0.5834472179412842
                ]
            ],
            [
                [
                    0.046882204711437225,
                    -0.9988957047462463,
                    0.003076375462114811
                ],
                [
                    0.9510838389396667,
                    0.04557926952838898,
                    0.3055519461631775
                ],
                [
                    -0.3053547441959381,
                    -0.011399069800972939,
                    0.9521704316139221
                ]
            ],
            [
                [
                    0.5507164597511292,
                    -0.819918155670166,
                    -0.15635086596012115
                ],
                [
                    0.7274169325828552,
                    0.37957724928855896,
                    0.5716516971588135
                ],
                [
                    -0.4093603789806366,
                    -0.4285503029823303,
                    0.8054618239402771
                ]
            ],
            [
                [
                    0.7344900965690613,
                    -0.6780115962028503,
                    0.028716308996081352
                ],
                [
                    0.6382145285606384,
                    0.7045232653617859,
                    0.3103694021701813
                ],
                [
                    -0.23066534101963043,
                    -0.20963607728481293,
                    0.9501821994781494
                ]
            ],
            [
                [
                    0.9335237145423889,
                    -0.16447708010673523,
                    -0.3185604512691498
                ],
                [
                    -0.20722542703151703,
                    0.4775397479534149,
                    -0.8538229465484619
                ],
                [
                    0.29255953431129456,
                    0.8630777597427368,
                    0.41171085834503174
                ]
            ],
            [
                [
                    0.9944140315055847,
                    -0.08527848869562149,
                    -0.0621957965195179
                ],
                [
                    0.10497582703828812,
                    0.7377016544342041,
                    0.6669155359268188
                ],
                [
                    -0.010991614311933517,
                    -0.6697192192077637,
                    0.7425330281257629
                ]
            ],
            [
                [
                    0.9587543606758118,
                    -0.19008858501911163,
                    -0.2113209068775177
                ],
                [
                    0.06488456577062607,
                    0.8702070713043213,
                    -0.4883950352668762
                ],
                [
                    0.2767312526702881,
                    0.45453935861587524,
                    0.846648633480072
                ]
            ]
        ],
        "betas": [
            -0.1309216022491455,
            0.006175309419631958,
            -0.05893257260322571,
            -0.011110574007034302,
            0.014914095401763916,
            0.030725663527846336,
            -0.0239371657371521,
            -0.04333493113517761,
            0.01594725251197815,
            -0.08455058932304382
        ]
    },
    "pred_cam_t": [
        -0.11316008120775223,
        -0.04410300403833389,
        3.689943790435791
    ],
    "focal_length": [
        5000.0,
        5000.0
    ],
    "pred_keypoints_3d": [
        [
            0.09633296728134155,
            0.006437129806727171,
            0.006229792721569538
        ],
        [
            0.086351677775383,
            0.027911890298128128,
            0.037036582827568054
        ],
        [
            0.09398294985294342,
            0.0511341467499733,
            0.05610598623752594
        ],
        [
            0.10597371309995651,
            0.0655137374997139,
            0.07592958956956863
        ],
        [
            0.12651029229164124,
            0.08923857659101486,
            0.09248437732458115
        ],
        [
            0.13004399836063385,
            0.03895975276827812,
            0.08461617678403854
        ],
        [
            0.14948700368404388,
            0.06379105150699615,
            0.09505242854356766
        ],
        [
            0.1464504450559616,
            0.08264108747243881,
            0.0834522545337677
        ],
        [
            0.1357148140668869,
            0.09962879866361618,
            0.06897540390491486
        ],
        [
            0.15368539094924927,
            0.03859759122133255,
            0.07535557448863983
        ],
        [
            0.16116659343242645,
            0.06884041428565979,
            0.08227594196796417
        ],
        [
            0.15211153030395508,
            0.08871611952781677,
            0.07385298609733582
        ],
        [
            0.13407263159751892,
            0.10312531888484955,
            0.06281646341085434
        ],
        [
            0.1639491319656372,
            0.03780706226825714,
            0.05041644722223282
        ],
        [
            0.1563166230916977,
            0.06580179184675217,
            0.04886411875486374
        ],
        [
            0.1356380581855774,
            0.06757564842700958,
            0.03497553989291191
        ],
        [
            0.11476495116949081,
            0.055990852415561676,
            0.027058374136686325
        ],
        [
            0.1680285632610321,
            0.04010764881968498,
            0.028916511684656143
        ],
        [
            0.16028709709644318,
            0.05967467278242111,
            0.0258188359439373
        ],
        [
            0.14283521473407745,
            0.060069501399993896,
            0.01807885803282261
        ],
        [
            0.1257171630859375,
            0.046520255506038666,
            0.01673472672700882
        ]
    ],
    "pred_vertices": [
        [
            0.10933384299278259,
            0.03752461075782776,
            0.04929574206471443
        ],
        [
            0.10374167561531067,
            0.03508417680859566,
            0.039522767066955566
        ],
        [
            0.10473504662513733,
            0.041479308158159256,
            0.04601011052727699
        ],
        [
            0.10785892605781555,
            0.042184192687273026,
            0.056251898407936096
        ],
        [
            0.09202420711517334,
            0.04739603027701378,
            0.030011571943759918
        ],
        [
            0.08029632270336151,
            0.04715677723288536,
            0.030688539147377014
        ],
        [
            0.08730979263782501,
            0.05701940134167671,
            0.04306410998106003
        ],
        [
            0.09675328433513641,
            0.057071976363658905,
            0.040421098470687866
        ],
        [
            0.10804483294487,
            0.044851187616586685,
            0.06267206370830536
        ],
        [
            0.10607308149337769,
            0.04739619418978691,
            0.052016545087099075
        ],
        [
            0.10796754062175751,
            0.0428779274225235,
            0.06564795225858688
        ],
        [
            0.10960841923952103,
            0.03502233698964119,
            0.07717190682888031
        ],
        [
            0.11038200557231903,
            0.040647752583026886,
            0.07270309329032898
        ],
        [
            0.11438769847154617,
            0.032998230308294296,
            0.08388031274080276
        ],
        [
            0.10641510784626007,
            0.024623533710837364,
            0.0757632628083229
        ],
        [
            0.1187710165977478,
            0.024430738762021065,
            0.08456321060657501
        ],
        [
            0.12264828383922577,
            0.008631378412246704,
            0.05946996435523033
        ],
        [
            0.1312263309955597,
            0.007276430726051331,
            0.048698533326387405
        ],
        [
            0.14357349276542664,
            0.013192715123295784,
            0.06067684292793274
        ],
        [
            0.13314491510391235,
            0.014863505959510803,
            0.0700153112411499
        ],
        [
            0.15125586092472076,
            0.013980904594063759,
            0.040913842618465424
        ],
        [
            0.14759452641010284,
            0.013939879834651947,
            0.052362680435180664
        ],
        [
            0.13549289107322693,
            0.006714265793561935,
            0.040591463446617126
        ],
        [
            0.13893459737300873,
            0.0073851048946380615,
            0.030844014137983322
        ],
        [
            0.1149458959698677,
            0.03313387930393219,
            0.03574207425117493
        ],
        [
            0.10864599049091339,
            0.030508287250995636,
            0.02695956826210022
        ],
        [
            0.10611309111118317,
            0.030547862872481346,
            0.03200657293200493
        ],
        [
            0.11210933327674866,
            0.03376137092709541,
            0.04040639474987984
        ],
        [
            0.10189716517925262,
            0.04452425613999367,
            0.06776762008666992
        ],
        [
            0.0955059751868248,
            0.033812299370765686,
            0.06735170632600784
        ],
        [
            0.10285799950361252,
            0.03641929477453232,
            0.06848490983247757
        ],
        [
            0.10598902404308319,
            0.04781871289014816,
            0.06549421697854996
        ],
        [
            0.09851589053869247,
            0.02994454652070999,
            -0.0004807189106941223
        ],
        [
            0.09115278720855713,
            0.02014525793492794,
            -0.006579071283340454
        ],
        [
            0.08702871203422546,
            0.01959977112710476,
            -0.0022455602884292603
        ],
        [
            0.0947013571858406,
            0.028189130127429962,
            0.0025956258177757263
        ],
        [
            0.0750795304775238,
            0.0283353328704834,
            0.015192888677120209
        ],
        [
            0.07336989790201187,
            0.01840825378894806,
            0.010191351175308228
        ],
        [
            0.06562807410955429,
            0.008620861917734146,
            0.014933429658412933
        ],
        [
            0.06720402836799622,
            0.016616472974419594,
            0.02274806797504425
        ],
        [
            0.07699117064476013,
            0.03844127431511879,
            0.02284877747297287
        ],
        [
            0.06834907084703445,
            0.02991057187318802,
            0.029082417488098145
        ],
        [
            0.072581447660923,
            0.041262462735176086,
            0.03675711899995804
        ],
        [
            0.08125942945480347,
            0.0518159456551075,
            0.04831207916140556
        ],
        [
            0.10069817304611206,
            0.018301384523510933,
            -0.015126153826713562
        ],
        [
            0.1073320209980011,
            0.025742385536432266,
            -0.012170858681201935
        ],
        [
            0.1367977410554886,
            0.06743466854095459,
            0.08745419234037399
        ],
        [
            0.14064766466617584,
            0.06717310100793839,
            0.08251234889030457
        ],
        [
            0.1387367993593216,
            0.06481003761291504,
            0.08296641707420349
        ],
        [
            0.135709747672081,
            0.06546884775161743,
            0.08778952062129974
        ],
        [
            0.11799004673957825,
            0.007350999861955643,
            -0.014645036309957504
        ],
        [
            0.12030148506164551,
            -0.001643795520067215,
            -0.010567277669906616
        ],
        [
            0.11594636738300323,
            -0.003008197993040085,
            -0.016339749097824097
        ],
        [
            0.1121358647942543,
            0.005210347473621368,
            -0.01910007745027542
        ],
        [
            0.12571892142295837,
            0.010108262300491333,
            -0.008763857185840607
        ],
        [
            0.1258910596370697,
            0.0007255226373672485,
            -0.002353869378566742
        ],
        [
            0.14392486214637756,
            0.06795883178710938,
            0.09849219769239426
        ],
        [
            0.13913032412528992,
            0.06869181245565414,
            0.09619205445051193
        ],
        [
            0.13898475468158722,
            0.06432397663593292,
            0.0974539965391159
        ],
        [
            0.14366883039474487,
            0.0620739609003067,
            0.09895981848239899
        ],
        [
            0.11139839142560959,
            0.042470864951610565,
            0.06589654088020325
        ],
        [
            0.11425331234931946,
            0.04088355228304863,
            0.05748733878135681
        ],
        [
            0.12213180959224701,
            0.04622599110007286,
            0.07790709286928177
        ],
        [
            0.12034357339143753,
            0.04338096082210541,
            0.069859579205513
        ],
        [
            0.11519765853881836,
            0.042217932641506195,
            0.07443341612815857
        ],
        [
            0.11773991584777832,
            0.04374803602695465,
            0.08124580979347229
        ],
        [
            0.13208866119384766,
            0.03942185640335083,
            0.04939064383506775
        ],
        [
            0.12444114685058594,
            0.035662632435560226,
            0.04142122343182564
        ],
        [
            0.12158135324716568,
            0.03652714192867279,
            0.04740282893180847
        ],
        [
            0.1285613477230072,
            0.04147234931588173,
            0.05713396519422531
        ],
        [
            0.13151508569717407,
            0.03718152269721031,
            0.029085207730531693
        ],
        [
            0.13855552673339844,
            0.040080081671476364,
            0.03800191730260849
        ],
        [
            0.1415323168039322,
            0.04036511480808258,
            0.02984163537621498
        ],
        [
            0.13585829734802246,
            0.039393290877342224,
            0.024790368974208832
        ],
        [
            0.1480245441198349,
            0.044743068516254425,
            0.05533502250909805
        ],
        [
            0.15080156922340393,
            0.046273257583379745,
            0.05976138636469841
        ],
        [
            0.15148714184761047,
            0.045491959899663925,
            0.05636800825595856
        ],
        [
            0.14931465685367584,
            0.04421960934996605,
            0.052089445292949677
        ],
        [
            0.11155867576599121,
            -0.005395304411649704,
            -0.021505124866962433
        ],
        [
            0.10609764605760574,
            0.0027696341276168823,
            -0.022641342133283615
        ],
        [
            0.157963827252388,
            0.01821029931306839,
            0.01980183646082878
        ],
        [
            0.154759019613266,
            0.023129716515541077,
            0.009935125708580017
        ],
        [
            0.16451728343963623,
            0.029776904731988907,
            0.016436867415905
        ],
        [
            0.16695673763751984,
            0.021795079112052917,
            0.02618103288114071
        ],
        [
            0.11888523399829865,
            -0.00803999975323677,
            -0.002413429319858551
        ],
        [
            0.11622728407382965,
            -0.010426066815853119,
            -0.009459875524044037
        ],
        [
            0.15017223358154297,
            0.06664448231458664,
            0.09720999002456665
        ],
        [
            0.14933492243289948,
            0.0606008879840374,
            0.09715542197227478
        ],
        [
            0.07028365135192871,
            0.028278665617108345,
            0.04357219114899635
        ],
        [
            0.07881633937358856,
            0.044198840856552124,
            0.05418556556105614
        ],
        [
            0.06767173111438751,
            0.014472881332039833,
            0.03415919840335846
        ],
        [
            0.06834667921066284,
            0.00451081246137619,
            0.026903659105300903
        ],
        [
            0.06668457388877869,
            -0.002421293407678604,
            0.020404115319252014
        ],
        [
            0.12649714946746826,
            0.04458863288164139,
            0.06824807077646255
        ],
        [
            0.11598522216081619,
            0.037224769592285156,
            0.0491521954536438
        ],
        [
            0.11756835877895355,
            0.03317314386367798,
            0.03134028613567352
        ],
        [
            0.13604718446731567,
            0.039577655494213104,
            0.007116831839084625
        ],
        [
            0.1287481039762497,
            0.03688599914312363,
            0.0003077201545238495
        ],
        [
            0.12465894222259521,
            0.03871689736843109,
            0.010214004665613174
        ],
        [
            0.13207212090492249,
            0.04011603817343712,
            0.01429210975766182
        ],
        [
            0.1519012600183487,
            0.032200999557971954,
            0.005987726151943207
        ],
        [
            0.14761775732040405,
            0.03860121965408325,
            0.008899088948965073
        ],
        [
            0.15287046134471893,
            0.04050781950354576,
            0.013776857405900955
        ],
        [
            0.15905806422233582,
            0.035736966878175735,
            0.01198674738407135
        ],
        [
            0.09502755105495453,
            0.04508359357714653,
            0.07007840275764465
        ],
        [
            0.08853854238986969,
            0.03329815715551376,
            0.06586591899394989
        ],
        [
            0.11298777163028717,
            0.016750715672969818,
            -0.015865866094827652
        ],
        [
            0.10617061704397202,
            0.013502389192581177,
            -0.018279939889907837
        ],
        [
            0.10045313090085983,
            0.008175771683454514,
            -0.021980591118335724
        ],
        [
            0.10210877656936646,
            0.03073800355195999,
            0.013929303735494614
        ],
        [
            0.0919266790151596,
            0.027105633169412613,
            0.004716254770755768
        ],
        [
            0.08914496004581451,
            0.02770807594060898,
            0.008204817771911621
        ],
        [
            0.10046438872814178,
            0.029369641095399857,
            0.01680532842874527
        ],
        [
            0.09822124242782593,
            0.03577861562371254,
            0.02877485379576683
        ],
        [
            0.08810760825872421,
            0.0372706763446331,
            0.020334042608737946
        ],
        [
            0.10195862501859665,
            0.044323042035102844,
            0.03577343001961708
        ],
        [
            0.0803348645567894,
            0.018241267651319504,
            0.0025420933961868286
        ],
        [
            0.08025063574314117,
            0.01408926397562027,
            -0.007883042097091675
        ],
        [
            0.07406462728977203,
            0.012412022799253464,
            -0.0015797093510627747
        ],
        [
            0.08755763620138168,
            0.013463376089930534,
            -0.014510318636894226
        ],
        [
            0.09468884021043777,
            0.01168009266257286,
            -0.01966402679681778
        ],
        [
            0.11352857947349548,
            -0.015720851719379425,
            -0.015703611075878143
        ],
        [
            0.06951670348644257,
            0.010107092559337616,
            0.005077578127384186
        ],
        [
            0.09895634651184082,
            0.061052124947309494,
            0.04909307137131691
        ],
        [
            0.10051225125789642,
            0.06421345472335815,
            0.056879833340644836
        ],
        [
            0.10685202479362488,
            0.06009950488805771,
            0.057045675814151764
        ],
        [
            0.10576586425304413,
            0.05701921880245209,
            0.05069337412714958
        ],
        [
            0.12105037271976471,
            0.03477783128619194,
            0.0903063639998436
        ],
        [
            0.11775045096874237,
            0.04081600531935692,
            0.08637255430221558
        ],
        [
            0.11224974691867828,
            0.03860069066286087,
            0.07954668253660202
        ],
        [
            0.10899806022644043,
            0.034356266260147095,
            0.002518102526664734
        ],
        [
            0.11591966450214386,
            0.030777616426348686,
            -0.007624216377735138
        ],
        [
            0.1282651126384735,
            0.04719454050064087,
            0.07604848593473434
        ],
        [
            0.14321088790893555,
            0.05787428468465805,
            0.10002053529024124
        ],
        [
            0.13769829273223877,
            0.060314469039440155,
            0.09898951649665833
        ],
        [
            0.12941786646842957,
            0.046323418617248535,
            0.09630011767148972
        ],
        [
            0.1356838345527649,
            0.043247055262327194,
            0.09752875566482544
        ],
        [
            0.13813970983028412,
            0.04650101810693741,
            0.07846485078334808
        ],
        [
            0.13127464056015015,
            0.04857933521270752,
            0.07759164273738861
        ],
        [
            0.13342103362083435,
            0.04904892295598984,
            0.07781698554754257
        ],
        [
            0.14012141525745392,
            0.04861941561102867,
            0.07698564976453781
        ],
        [
            0.15327173471450806,
            0.04421640560030937,
            0.04704825207591057
        ],
        [
            0.15127603709697723,
            0.04387286677956581,
            0.04368039220571518
        ],
        [
            0.1427011787891388,
            0.024577312171459198,
            0.07833074778318405
        ],
        [
            0.1328926384449005,
            0.021246574819087982,
            0.08751368522644043
        ],
        [
            0.12447948753833771,
            0.016680525615811348,
            0.07882090657949448
        ],
        [
            0.1353401243686676,
            0.03919355198740959,
            0.04257127270102501
        ],
        [
            0.14253000915050507,
            0.042562976479530334,
            0.04902034252882004
        ],
        [
            0.14449232816696167,
            0.042375147342681885,
            0.04538588225841522
        ],
        [
            0.13121125102043152,
            0.045243434607982635,
            0.06851828098297119
        ],
        [
            0.13418316841125488,
            0.046747900545597076,
            0.074223592877388
        ],
        [
            0.13671839237213135,
            0.04537676274776459,
            0.07012476027011871
        ],
        [
            0.13388656079769135,
            0.04418729618191719,
            0.0637776255607605
        ],
        [
            0.14490965008735657,
            0.017426952719688416,
            0.0026785284280776978
        ],
        [
            0.14234575629234314,
            0.028215086087584496,
            -0.0017633363604545593
        ],
        [
            0.1363973170518875,
            0.06825145334005356,
            0.0922633484005928
        ],
        [
            0.13578355312347412,
            0.06539336591959,
            0.09321361780166626
        ],
        [
            0.1277245134115219,
            0.03562004864215851,
            0.03490177169442177
        ],
        [
            0.11511720716953278,
            0.012783274054527283,
            0.06746856123209
        ],
        [
            0.12028355151414871,
            0.03360198810696602,
            0.026513848453760147
        ],
        [
            0.16553878784179688,
            0.03183287754654884,
            0.04318615421652794
        ],
        [
            0.16378316283226013,
            0.03978029265999794,
            0.03897227346897125
        ],
        [
            0.16319751739501953,
            0.042455390095710754,
            0.04032856598496437
        ],
        [
            0.1657496839761734,
            0.039580076932907104,
            0.044415030628442764
        ],
        [
            0.14781558513641357,
            0.05876968428492546,
            0.07991894334554672
        ],
        [
            0.14274710416793823,
            0.06207558512687683,
            0.07997052371501923
        ],
        [
            0.14395007491111755,
            0.0633344054222107,
            0.07967858761548996
        ],
        [
            0.14973540604114532,
            0.06153855472803116,
            0.08031602203845978
        ],
        [
            0.125946506857872,
            0.04882677644491196,
            0.08020713925361633
        ],
        [
            0.12170375883579254,
            0.04735693708062172,
            0.0847000926733017
        ],
        [
            0.12560096383094788,
            0.05120338872075081,
            0.08565237373113632
        ],
        [
            0.12956587970256805,
            0.05086785554885864,
            0.08097266405820847
        ],
        [
            0.12229755520820618,
            0.044478580355644226,
            0.09013506770133972
        ],
        [
            0.12574423849582672,
            0.04893866926431656,
            0.09172753989696503
        ],
        [
            0.15202639997005463,
            0.05594917759299278,
            0.08398332446813583
        ],
        [
            0.15237559378147125,
            0.05511074140667915,
            0.09169327467679977
        ],
        [
            0.14643844962120056,
            0.04145614057779312,
            0.08787132054567337
        ],
        [
            0.14605769515037537,
            0.04597410187125206,
            0.0812673270702362
        ],
        [
            0.12856008112430573,
            -0.00020860135555267334,
            0.021784447133541107
        ],
        [
            0.1332092434167862,
            0.002531379461288452,
            0.011889677494764328
        ],
        [
            0.1439666450023651,
            0.009912475943565369,
            0.020659100264310837
        ],
        [
            0.15602819621562958,
            0.016493121162056923,
            0.029370669275522232
        ],
        [
            0.16568845510482788,
            0.02379080094397068,
            0.038169123232364655
        ],
        [
            0.162072092294693,
            0.019504714757204056,
            0.04920987784862518
        ],
        [
            0.14579269289970398,
            0.011789899319410324,
            0.012608632445335388
        ],
        [
            0.1429995447397232,
            0.038329824805259705,
            0.07915900647640228
        ],
        [
            0.14192010462284088,
            0.03209318220615387,
            0.08457710593938828
        ],
        [
            0.1446409374475479,
            0.03216644376516342,
            0.0799720510840416
        ],
        [
            0.12400534749031067,
            0.035916559398174286,
            0.02035677060484886
        ],
        [
            0.1343739926815033,
            0.062483079731464386,
            0.09537944942712784
        ],
        [
            0.08577864617109299,
            -0.013150941580533981,
            0.025296032428741455
        ],
        [
            0.09688155353069305,
            -0.01677536591887474,
            0.017862603068351746
        ],
        [
            0.0999588817358017,
            -0.01216183602809906,
            0.024792097508907318
        ],
        [
            0.08717562258243561,
            -0.006996314972639084,
            0.03308745101094246
        ],
        [
            0.13701815903186798,
            0.06434010714292526,
            0.08391644060611725
        ],
        [
            0.13357491791248322,
            0.06414734572172165,
            0.08935505896806717
        ],
        [
            0.15418504178524017,
            0.04576270654797554,
            0.03821798413991928
        ],
        [
            0.15605413913726807,
            0.04566486179828644,
            0.04199504479765892
        ],
        [
            0.1578846573829651,
            0.045259617269039154,
            0.039230912923812866
        ],
        [
            0.15760450065135956,
            0.04700855538249016,
            0.03536466509103775
        ],
        [
            0.13412219285964966,
            0.00404767319560051,
            0.006009481847286224
        ],
        [
            0.16692966222763062,
            0.03904154896736145,
            0.018375864252448082
        ],
        [
            0.16988305747509003,
            0.0316481813788414,
            0.02842828258872032
        ],
        [
            0.12390109896659851,
            -0.003996644169092178,
            0.004799295216798782
        ],
        [
            0.12007704377174377,
            -0.007051840424537659,
            0.013380024582147598
        ],
        [
            0.11444634199142456,
            -0.011979464441537857,
            0.006920110434293747
        ],
        [
            0.15674088895320892,
            0.024525852873921394,
            0.06228304281830788
        ],
        [
            0.12596087157726288,
            -0.00042753294110298157,
            0.03018927201628685
        ],
        [
            0.11700128018856049,
            -0.007157888263463974,
            0.020505808293819427
        ],
        [
            0.11015378683805466,
            -0.013046566396951675,
            0.013116918504238129
        ],
        [
            0.10603387653827667,
            -0.017753783613443375,
            0.007473371922969818
        ],
        [
            0.11110427975654602,
            -0.016011741012334824,
            0.0012467876076698303
        ],
        [
            0.1484125852584839,
            0.056041695177555084,
            0.09678264707326889
        ],
        [
            0.15463341772556305,
            0.06015876680612564,
            0.09185343980789185
        ],
        [
            0.1081843376159668,
            -0.02195553481578827,
            -0.005111396312713623
        ],
        [
            0.1022711992263794,
            -0.023105863481760025,
            0.0020440593361854553
        ],
        [
            0.11209112405776978,
            -0.006851911544799805,
            0.028432469815015793
        ],
        [
            0.10503456741571426,
            -0.004959404468536377,
            0.03776993975043297
        ],
        [
            0.12078724056482315,
            -0.00011463090777397156,
            0.03742421418428421
        ],
        [
            0.11475735902786255,
            0.0019203312695026398,
            0.047348588705062866
        ],
        [
            0.15191663801670074,
            0.017850236967206,
            0.070427305996418
        ],
        [
            0.1552208960056305,
            0.07845694571733475,
            0.08471761643886566
        ],
        [
            0.15601316094398499,
            0.06676152348518372,
            0.0856398195028305
        ],
        [
            0.1520606279373169,
            0.06610856205224991,
            0.08110550791025162
        ],
        [
            0.1539679914712906,
            0.0770910233259201,
            0.08079026639461517
        ],
        [
            0.15386910736560822,
            0.06033587455749512,
            0.08440805971622467
        ],
        [
            0.15543006360530853,
            0.06639926135540009,
            0.09165704995393753
        ],
        [
            0.10424663126468658,
            0.007682006806135178,
            0.05698642134666443
        ],
        [
            0.13976344466209412,
            0.04582273215055466,
            0.0750514417886734
        ],
        [
            0.09068030118942261,
            0.00362197682261467,
            0.04715700447559357
        ],
        [
            0.09737114608287811,
            0.018559442833065987,
            0.06786774098873138
        ],
        [
            0.08680459856987,
            0.018316345289349556,
            0.05992793291807175
        ],
        [
            0.07559140026569366,
            0.001477070152759552,
            0.03724498301744461
        ],
        [
            0.07499124854803085,
            0.015375232324004173,
            0.04906671866774559
        ],
        [
            0.07362765073776245,
            -0.011186029762029648,
            0.022149719297885895
        ],
        [
            0.07613790035247803,
            -0.0057610198855400085,
            0.029334023594856262
        ],
        [
            0.078465536236763,
            0.030404098331928253,
            0.057167015969753265
        ],
        [
            0.1387559175491333,
            0.07541894167661667,
            0.08294409513473511
        ],
        [
            0.14339670538902283,
            0.07436113059520721,
            0.07903674244880676
        ],
        [
