{
    "pred_cam": [
        5.2540283203125,
        -0.07696662098169327,
        -0.03375015780329704
    ],
    "pred_mano_params": {
        "global_orient": [
            [
                [
                    0.8509799838066101,
                    -0.22728295624256134,
                    -0.4734717607498169
                ],
                [
                    -0.3666083812713623,
                    -0.9026007652282715,
                    -0.2256324142217636
                ],
                [
                    -0.3760736584663391,
                    0.36558738350868225,
                    -0.8514190316200256
                ]
            ]
        ],
        "hand_pose": [
            [
                [
                    0.14877735078334808,
                    -0.9724664688110352,
                    -0.17937172949314117
                ],
                [
                    0.9699227213859558,
                    0.17884455621242523,
                    -0.1651197075843811
                ],
                [
                    0.19265304505825043,
                    -0.1494106501340866,
                    0.9698253273963928
                ]
            ],
            [
                [
                    0.17267188429832458,
                    -0.9389581680297852,
                    0.29756003618240356
                ],
                [
                    0.9701548218727112,
                    0.10991133749485016,
                    -0.216145858168602
                ],
                [
                    0.17024670541286469,
                    0.3260016441345215,
                    0.9299134016036987
                ]
            ],
            [
                [
                    0.8675013184547424,
                    -0.4898819625377655,
                    0.08635442703962326
                ],
                [
                    0.49129718542099,
                    0.8709747195243835,
                    0.005487392190843821
                ],
                [
                    -0.07790070027112961,
                    0.037665367126464844,
                    0.9962493181228638
                ]
            ],
            [
                [
                    0.527910053730011,
                    -0.8199637532234192,
                    -0.22129271924495697
                ],
                [
                    0.8260557651519775,
                    0.5562679171562195,
                    -0.09054277837276459
                ],
                [
                    0.19733983278274536,
                    -0.13500165939331055,
                    0.9709952473640442
                ]
            ],
            [
                [
                    0.6769671440124512,
                    -0.6747666001319885,
                    -0.293948233127594
                ],
                [
                    0.7345693707466125,
                    0.6444206237792969,
                    0.2124382108449936
                ],
                [
                    0.0460800901055336,
                    -0.3597390353679657,
                    0.9319144487380981
                ]
            ],
            [
                [
                    0.864905595779419,
                    -0.501678466796875,
                    -0.016032814979553223
                ],
                [
                    0.5019280314445496,
                    0.8646160960197449,
                    0.022521333768963814
                ],
                [
                    0.0025637622456997633,
                    -0.027526145800948143,
                    0.9996178150177002
                ]
            ],
            [
                [
                    0.5462032556533813,
                    -0.8160406947135925,
                    0.18904916942119598
                ],
                [
                    0.5742021799087524,
                    0.5290768146514893,
                    0.62479567527771
                ],
                [
                    -0.6098802089691162,
                    -0.23271296918392181,
                    0.7575558423995972
                ]
            ],
            [
                [
                    0.7364929914474487,
                    -0.6486961245536804,
                    -0.1917589008808136
                ],
                [
                    0.5742459297180176,
                    0.4497472047805786,
                    0.6840826272964478
                ],
                [
                    -0.35751861333847046,
                    -0.6139388680458069,
                    0.7037467956542969
                ]
            ],
            [
                [
                    0.869009792804718,
                    -0.4798109829425812,
                    0.12084387242794037
                ],
                [
                    0.3243650794029236,
                    0.7368619441986084,
                    0.5931456089019775
                ],
                [
                    -0.37364307045936584,
                    -0.47625190019607544,
                    0.7959741950035095
                ]
            ],
            [
                [
                    0.53192138671875,
                    -0.8467194437980652,
                    0.011212625540792942
                ],
                [
                    0.818937361240387,
                    0.5177463889122009,
                    0.2475484013557434
                ],
                [
                    -0.21540936827659607,
                    -0.12249385565519333,
                    0.9688105583190918
                ]
            ],
            [
                [
                    0.5017767548561096,
                    -0.807439386844635,
                    -0.3102605938911438
                ],
                [
                    0.8184817433357239,
                    0.32716259360313416,
                    0.47228410840034485
                ],
                [
                    -0.27983516454696655,
                    -0.49092385172843933,
                    0.8250370025634766
                ]
            ],
            [
                [
                    0.748725175857544,
                    -0.6628545522689819,
                    0.005865570157766342
                ],
                [
                    0.6334620714187622,
                    0.7180757522583008,
                    0.2882585823535919
                ],
                [
                    -0.19528545439243317,
                    -0.21211084723472595,
                    0.9575346112251282
                ]
            ],
            [
                [
                    0.9983675479888916,
                    0.00368869979865849,
                    -0.05699703097343445
                ],
                [
                    -0.05480999872088432,
                    0.3425801992416382,
                    -0.9378884434700012
                ],
                [
                    0.016066474840044975,
                    0.9394813776016235,
                    0.3422231376171112
                ]
            ],
            [
                [
                    0.8827443718910217,
                    -0.44736361503601074,
                    -0.14362536370754242
                ],
                [
                    0.46696799993515015,
                    0.8691551685333252,
                    0.16281944513320923
                ],
                [
                    0.0519932396709919,
                    -0.21079638600349426,
                    0.9761463403701782
                ]
            ],
            [
                [
                    0.3570711612701416,
                    -0.9320102334022522,
                    -0.062106452882289886
                ],
                [
                    0.15382152795791626,
                    0.12425336986780167,
                    -0.9802551865577698
                ],
                [
                    0.9213246703147888,
                    0.34046757221221924,
                    0.18773053586483002
                ]
            ]
        ],
        "betas": [
            -0.14420932531356812,
            0.0016077160835266113,
            -0.038915276527404785,
            0.06983861327171326,
            -0.18051040172576904,
            -0.12450814992189407,
            0.11106342077255249,
            -0.2722969055175781,
            -0.010127261281013489,
            -0.04478839039802551
        ]
    },
    "pred_cam_t": [
        -0.07696662098169327,
        -0.03375015780329704,
        7.434771537780762
    ],
    "focal_length": [
        5000.0,
        5000.0
    ],
    "pred_keypoints_3d": [
        [
            0.09634077548980713,
            0.00641215592622757,
            0.006229092366993427
        ],
        [
            0.0671362578868866,
            0.023785140365362167,
            -0.012588710524141788
        ],
        [
            0.04989638924598694,
            0.04855013266205788,
            -0.019775182008743286
        ],
        [
            0.039992429316043854,
            0.07273995876312256,
            -0.011919859796762466
        ],
        [
            0.06100586801767349,
            0.07337009906768799,
            0.013598422519862652
        ],
        [
            0.012144304811954498,
            0.038956791162490845,
            0.02002684772014618
        ],
        [
            0.013625150546431541,
            0.07192444801330566,
            0.01599893905222416
        ],
        [
            0.033937353640794754,
            0.06954015791416168,
            0.00698976032435894
        ],
        [
            0.05442142114043236,
            0.057018693536520004,
            -2.3681670427322388e-05
        ],
        [
            0.0171261727809906,
            0.043436724692583084,
            0.044557616114616394
        ],
        [
            0.013881989754736423,
            0.07424759119749069,
            0.052080266177654266
        ],
        [
            0.02839050069451332,
            0.09104049950838089,
            0.04463937133550644
        ],
        [
            0.04641018435359001,
            0.1033700704574585,
            0.030918724834918976
        ],
        [
            0.0400080606341362,
            0.04628641530871391,
            0.05871368199586868
        ],
        [
            0.030360553413629532,
            0.07352184504270554,
            0.055736664682626724
        ],
        [
            0.04514043778181076,
            0.08328863978385925,
            0.03810058534145355
        ],
        [
            0.0588257722556591,
            0.07948188483715057,
            0.017187301069498062
        ],
        [
            0.060382142663002014,
            0.05073682218790054,
            0.0657186433672905
        ],
        [
            0.05382714420557022,
            0.07072526216506958,
            0.06281972676515579
        ],
        [
            0.05997081845998764,
            0.07917410135269165,
            0.04687931388616562
        ],
        [
            0.06363895535469055,
            0.07529563456773758,
            0.028040697798132896
        ]
    ],
    "pred_vertices": [
        [
            0.049493975937366486,
            0.03684447705745697,
            0.004771759733557701
        ],
        [
            0.05883101001381874,
            0.03417758271098137,
            0.0014093518257141113
        ],
        [
            0.05226578190922737,
            0.040270619094371796,
            -0.0016966713592410088
        ],
        [
            0.04233311116695404,
            0.04081762582063675,
            0.0002331715077161789
        ],
        [
            0.07335979491472244,
            0.042063381522893906,
            -0.009465737268328667
        ],
        [
            0.07665088772773743,
            0.03890690207481384,
            -0.021523531526327133
        ],
        [
            0.06568075716495514,
            0.05031389743089676,
            -0.02234794571995735
        ],
        [
            0.06572532653808594,
            0.05092538520693779,
            -0.011476167477667332
        ],
        [
            0.03625208139419556,
            0.04281355440616608,
            -0.0026332130655646324
        ],
        [
            0.047314152121543884,
            0.04538365453481674,
            -0.003996539860963821
        ],
        [
            0.03423617035150528,
            0.041065193712711334,
            -0.0047524962574243546
        ],
        [
            0.022471971809864044,
            0.03298128396272659,
            -0.0011327797546982765
        ],
        [
            0.026616539806127548,
            0.03835936635732651,
            0.0004020705819129944
        ],
        [
            0.01532677561044693,
            0.030943725258111954,
            0.004324565641582012
        ],
        [
            0.024698931723833084,
            0.022502079606056213,
            -0.002203310839831829
        ],
        [
            0.013232584111392498,
            0.02357565239071846,
            0.010450483299791813
        ],
        [
            0.03920196741819382,
            0.009750660508871078,
            0.022550206631422043
        ],
        [
            0.04860714450478554,
            0.010595191270112991,
            0.03300364315509796
        ],
        [
            0.03453937917947769,
            0.017715107649564743,
            0.041788727045059204
        ],
        [
            0.026426248252391815,
            0.01709868386387825,
            0.03011953830718994
        ],
        [
            0.053381629288196564,
            0.021327463909983635,
            0.05156863108277321
        ],
        [
            0.042399026453495026,
            0.01963687129318714,
            0.04670252650976181
        ],
        [
            0.056036822497844696,
            0.011379286646842957,
            0.038487620651721954
        ],
        [
            0.06515342742204666,
            0.013372097164392471,
            0.043085187673568726
        ],
        [
            0.06305675953626633,
            0.03410875052213669,
            0.014225665479898453
        ],
        [
            0.0723850429058075,
            0.031034741550683975,
            0.010125789791345596
        ],
        [
            0.06689433008432388,
            0.030375316739082336,
            0.0066826846450567245
        ],
        [
            0.058520879596471786,
            0.03397991508245468,
            0.010363748297095299
        ],
        [
            0.03614597022533417,
            0.047187987715005875,
            -0.01451358012855053
        ],
        [
            0.035417042672634125,
            0.0321027934551239,
            -0.01629367098212242
        ],
        [
            0.03238648548722267,
            0.03534029796719551,
            -0.009844982996582985
        ],
        [
            0.03794330731034279,
            0.049200162291526794,
            -0.010205170139670372
        ],
        [
            0.10182593017816544,
            0.030336057767271996,
            0.004882778972387314
        ],
        [
            0.1094822883605957,
            0.019745351746678352,
            0.00050387904047966
        ],
        [
            0.10587885975837708,
            0.018127672374248505,
            -0.003993913531303406
        ],
        [
            0.09937781095504761,
            0.027643578127026558,
            0.0012153126299381256
        ],
        [
            0.09083700180053711,
            0.022569183260202408,
            -0.018556946888566017
        ],
        [
            0.09626296162605286,
            0.013386722654104233,
            -0.01847526617348194
        ],
        [
            0.09338613599538803,
            0.0020047947764396667,
            -0.025227496400475502
        ],
        [
            0.08571578562259674,
            0.009246524423360825,
            -0.026304790750145912
        ],
        [
            0.08345401287078857,
            0.031430989503860474,
            -0.019510122016072273
        ],
        [
            0.0799744576215744,
            0.02126033417880535,
            -0.02867433801293373
        ],
        [
            0.07290259748697281,
            0.032178111374378204,
            -0.03031735308468342
        ],
        [
            0.061727773398160934,
            0.0474439412355423,
            -0.03058636747300625
        ],
        [
            0.11632248759269714,
            0.0202667023986578,
            0.011499989777803421
        ],
        [
            0.11204563081264496,
            0.02855011075735092,
            0.016114607453346252
        ],
        [
            0.01972457580268383,
            0.059019219130277634,
            0.008505920879542828
        ],
        [
            0.02377830073237419,
            0.05943584069609642,
            0.013489978387951851
        ],
        [
            0.023029763251543045,
            0.05931700021028519,
            0.012734995223581791
        ],
        [
            0.018847502768039703,
            0.05910120904445648,
            0.008564609102904797
        ],
        [
            0.113283172249794,
            0.012627795338630676,
            0.03033500909805298
        ],
        [
            0.10911151766777039,
            0.003927707672119141,
            0.03366168960928917
        ],
        [
            0.11555126309394836,
            0.002238757908344269,
            0.030641380697488785
        ],
        [
            0.11869443953037262,
            0.009754598140716553,
            0.025789309293031693
        ],
        [
            0.10612843930721283,
            0.016377463936805725,
            0.03634663298726082
        ],
        [
            0.10003681480884552,
            0.006700847297906876,
            0.03731933608651161
        ],
        [
            0.013292485848069191,
            0.07045713812112808,
            0.0079050213098526
        ],
        [
            0.014721978455781937,
            0.06580132246017456,
            0.005394645035266876
        ],
        [
            0.011206459254026413,
            0.06506817787885666,
            0.007492260076105595
        ],
        [
            0.009383684024214745,
            0.06862150877714157,
            0.011301307007670403
        ],
        [
            0.03321553394198418,
            0.040615182369947433,
            0.003213937394320965
        ],
        [
            0.041228439658880234,
            0.04013633355498314,
            0.00817810371518135
        ],
        [
            0.021080520004034042,
            0.04242556542158127,
            0.012574028223752975
        ],
        [
            0.02823716774582863,
            0.042251572012901306,
            0.012254154309630394
        ],
        [
            0.024646826088428497,
            0.03972196951508522,
            0.006688033230602741
        ],
        [
            0.018689453601837158,
            0.040087081491947174,
            0.007917806506156921
        ],
        [
            0.04654309153556824,
            0.04239066690206528,
            0.027625076472759247
        ],
        [
            0.05589618533849716,
            0.03792530298233032,
            0.022144846618175507
        ],
        [
            0.05039266496896744,
            0.03774421662092209,
            0.018199700862169266
        ],
        [
            0.03950310871005058,
            0.04310418292880058,
            0.022579163312911987
        ],
        [
            0.06668397784233093,
            0.04165519401431084,
            0.030774665996432304
        ],
        [
            0.05652065575122833,
            0.04529934376478195,
            0.035646162927150726
        ],
        [
            0.06392357498407364,
            0.04686979204416275,
            0.039920493960380554
        ],
        [
            0.07003670930862427,
            0.04497633874416351,
            0.035342589020729065
        ],
        [
            0.0372091643512249,
            0.0498950220644474,
            0.04114977642893791
        ],
        [
            0.0320797860622406,
            0.05087508633732796,
            0.043406058102846146
        ],
        [
            0.03384440392255783,
            0.05284425988793373,
            0.045058004558086395
        ],
        [
            0.04027077555656433,
            0.05046579986810684,
            0.043191246688365936
        ],
        [
            0.1214095950126648,
            -0.0005631744861602783,
            0.027740515768527985
        ],
        [
            0.12320409715175629,
            0.006461277604103088,
            0.021028969436883926
        ],
        [
            0.07254478335380554,
            0.02833731845021248,
            0.060255397111177444
        ],
        [
            0.08245551586151123,
            0.03362588584423065,
            0.05835029482841492
        ],
        [
            0.07416290789842606,
            0.041284702718257904,
            0.06590393930673599
        ],
        [
            0.06528548896312714,
            0.03304171934723854,
            0.06672463566064835
        ],
        [
            0.10147931426763535,
            -0.003179434686899185,
            0.03226497396826744
        ],
        [
            0.10890437662601471,
            -0.005458667874336243,
            0.03127823770046234
        ],
        [
            0.014091527089476585,
            0.07437311112880707,
            0.013404034078121185
        ],
        [
            0.010462041944265366,
            0.07218664884567261,
            0.01675824075937271
        ],
        [
            0.06641572713851929,
            0.01996852457523346,
            -0.031678564846515656
        ],
        [
            0.05486777424812317,
            0.040247365832328796,
            -0.03364884853363037
        ],
        [
            0.07557715475559235,
            0.006481204181909561,
            -0.027737941592931747
        ],
        [
            0.08187263458967209,
            -0.002448204904794693,
            -0.023828711360692978
        ],
        [
            0.08813441544771194,
            -0.009012836962938309,
            -0.023047596216201782
        ],
        [
            0.028669219464063644,
            0.04431289806962013,
            0.018665757030248642
        ],
        [
            0.04942428693175316,
            0.03739163279533386,
            0.012137755751609802
        ],
        [
            0.06708432734012604,
            0.0349152609705925,
            0.017566580325365067
        ],
        [
            0.08747778832912445,
            0.04638860002160072,
            0.03825642541050911
        ],
        [
            0.0956944078207016,
            0.04271300882101059,
            0.03273932263255119
        ],
        [
            0.08649738132953644,
            0.04306735843420029,
            0.02686694636940956
        ],
        [
            0.08105234801769257,
            0.045663222670555115,
            0.0332062728703022
        ],
        [
            0.08616521954536438,
            0.04236777871847153,
            0.05484791100025177
        ],
        [
            0.08348370343446732,
            0.04777970165014267,
            0.049365900456905365
        ],
        [
            0.0771128386259079,
            0.050803013145923615,
            0.053934089839458466
        ],
        [
            0.07860898971557617,
            0.04708583652973175,
            0.06053571030497551
        ],
        [
            0.0364421084523201,
            0.04831930249929428,
            -0.02191602997481823
        ],
        [
            0.039041951298713684,
            0.030366020277142525,
            -0.022669993340969086
        ],
        [
            0.11501815915107727,
            0.020991548895835876,
            0.023875582963228226
        ],
        [
            0.11863278597593307,
            0.01673024147748947,
            0.01825127750635147
        ],
        [
            0.12333729863166809,
            0.010612770915031433,
            0.014400504529476166
        ],
        [
            0.08646878600120544,
            0.030769363045692444,
            0.006218221038579941
        ],
        [
            0.09768436849117279,
            0.025857336819171906,
            -0.0013553276658058167
        ],
        [
            0.09450241923332214,
            0.02555304951965809,
            -0.004234448075294495
        ],
        [
            0.08337393403053284,
            0.02890929952263832,
            0.0047354623675346375
        ],
        [
            0.07007216662168503,
            0.03369378298521042,
            -0.0004159454256296158
        ],
        [
            0.08164191991090775,
            0.03297222778201103,
            -0.007522189989686012
        ],
        [
            0.06374889612197876,
            0.04203561320900917,
            -0.0017643570899963379
        ],
        [
            0.10238906741142273,
            0.015150541439652443,
            -0.010747242718935013
        ],
        [
            0.11275320500135422,
            0.011809974908828735,
            -0.008637022227048874
        ],
        [
            0.10767368227243423,
            0.008588474243879318,
            -0.015277111902832985
        ],
        [
            0.11807253956794739,
            0.012982334941625595,
            -0.0003841221332550049
        ],
        [
            0.12189695239067078,
            0.012831449508666992,
            0.0077430568635463715
        ],
        [
            0.11559097468852997,
            -0.010668613016605377,
            0.03077508509159088
        ],
        [
            0.10200592130422592,
            0.005024392157793045,
            -0.020340675488114357
        ],
        [
            0.059928204864263535,
            0.05598233640193939,
            -0.012730365619063377
        ],
        [
            0.05589456483721733,
            0.061187196522951126,
            -0.012954121455550194
        ],
        [
            0.05136933922767639,
            0.05730871111154556,
            -0.007114063948392868
        ],
        [
            0.054482124745845795,
            0.052378155291080475,
            -0.006418299861252308
        ],
        [
            0.009254416450858116,
            0.03418658301234245,
            0.009468384087085724
        ],
        [
            0.014030990190804005,
            0.0379287451505661,
            0.006552587728947401
        ],
        [
            0.0201431792229414,
            0.03580944612622261,
            0.002693428657948971
        ],
        [
            0.09694971144199371,
            0.036374740302562714,
            0.013713818043470383
        ],
        [
            0.10596640408039093,
            0.03474706411361694,
            0.022823162376880646
        ],
        [
            0.02220475673675537,
            0.0442562997341156,
            0.018256843090057373
        ],
        [
            0.006829367019236088,
            0.06512069702148438,
            0.012854235246777534
        ],
        [
            0.008676702156662941,
            0.062175311148166656,
            0.007760649546980858
        ],
        [
            0.007176708895713091,
            0.044245824217796326,
            0.009352912195026875
        ],
        [
            0.003899057861417532,
            0.046653345227241516,
            0.015646083280444145
        ],
        [
            0.020356032997369766,
            0.04701074957847595,
            0.02502201497554779
        ],
        [
            0.02327386476099491,
            0.04421522095799446,
            0.01822846196591854
        ],
        [
            0.02424907125532627,
            0.04494478181004524,
            0.01869521662592888
        ],
        [
            0.023996548727154732,
            0.048821765929460526,
            0.024633528664708138
        ],
        [
            0.04264487326145172,
            0.053800810128450394,
            0.04807142913341522
        ],
        [
            0.048307403922080994,
            0.051528993993997574,
            0.04655883461236954
        ],
        [
            0.016002045944333076,
            0.028843944892287254,
            0.036117080599069595
        ],
        [
            0.007793762255460024,
            0.024428145959973335,
            0.026189053431153297
        ],
        [
            0.018210450187325478,
            0.016789551824331284,
            0.019157717004418373
        ],
        [
            0.052676841616630554,
            0.04340427741408348,
            0.03191016614437103
        ],
        [
            0.044823817908763885,
            0.04758764058351517,
            0.03726710379123688
        ],
        [
            0.048029109835624695,
            0.04819730296730995,
            0.03990406543016434
        ],
        [
            0.027694936841726303,
            0.04594942554831505,
            0.022914934903383255
        ],
        [
            0.022337384521961212,
            0.046487338840961456,
            0.024274447932839394
        ],
        [
            0.02516384795308113,
            0.047644853591918945,
            0.027485355734825134
        ],
        [
            0.03194216266274452,
            0.04623907431960106,
            0.02615278773009777
        ],
        [
            0.09138061106204987,
            0.02647075429558754,
            0.0512995719909668
        ],
        [
            0.09569858014583588,
            0.03693506494164467,
            0.04767731577157974
        ],
        [
            0.016745220869779587,
            0.06150001659989357,
            0.005645241588354111
        ],
        [
            0.014615088701248169,
            0.06138063594698906,
            0.006407301872968674
        ],
        [
            0.06171288341283798,
            0.03898968920111656,
            0.026425667107105255
        ],
        [
            0.031985290348529816,
            0.012189267203211784,
            0.012017437256872654
        ],
        [
            0.07137171179056168,
            0.036157503724098206,
            0.020928630605340004
        ],
        [
            0.0477353073656559,
            0.04015084356069565,
            0.06294285506010056
        ],
        [
            0.05077625811100006,
            0.04810488969087601,
            0.061179473996162415
        ],
        [
            0.04752308875322342,
            0.052199095487594604,
            0.060243189334869385
        ],
        [
            0.043760787695646286,
            0.048407163470983505,
            0.06293109059333801
        ],
        [
            0.025086261332035065,
            0.06173042207956314,
            0.023405248299241066
        ],
        [
            0.02674190327525139,
            0.060174137353897095,
            0.017487704753875732
        ],
        [
            0.02527988702058792,
            0.06107841432094574,
            0.018588894978165627
        ],
        [
            0.024570154026150703,
            0.06472330540418625,
            0.02359134703874588
        ],
        [
            0.02207765355706215,
            0.04201144352555275,
            0.012726372107863426
        ],
        [
            0.017834220081567764,
            0.040837205946445465,
            0.008447060361504555
        ],
        [
            0.019628025591373444,
            0.04311008006334305,
            0.008059356361627579
        ],
        [
            0.023077594116330147,
            0.04435281828045845,
            0.013346519321203232
        ],
        [
            0.012773862108588219,
            0.039037615060806274,
            0.007310971617698669
        ],
        [
            0.013126213103532791,
            0.042687274515628815,
            0.0068419682793319225
        ],
        [
            0.020056243985891342,
            0.06476971507072449,
            0.02671949751675129
        ],
        [
            0.012859981507062912,
            0.06791248917579651,
            0.024416936561465263
        ],
        [
            0.010876858606934547,
            0.050368502736091614,
            0.028953276574611664
        ],
        [
            0.018696099519729614,
            0.05210280418395996,
            0.02916654571890831
        ],
        [
            0.07588054984807968,
            0.0046678222715854645,
            0.03610467165708542
        ],
        [
            0.08476583659648895,
            0.008877381682395935,
            0.04166240990161896
        ],
        [
            0.07426183670759201,
            0.01749751716852188,
            0.04896363615989685
        ],
        [
            0.06388569623231888,
            0.025407426059246063,
            0.05739827826619148
        ],
        [
            0.05383213609457016,
            0.033393099904060364,
            0.0637931302189827
        ],
        [
            0.04366182163357735,
            0.02760370634496212,
            0.059642013162374496
        ],
        [
            0.08173537254333496,
            0.0202777162194252,
            0.051612675189971924
        ],
        [
            0.015632156282663345,
            0.04340040311217308,
            0.03308791294693947
        ],
        [
            0.011001737788319588,
            0.038452647626399994,
            0.03145533427596092
        ],
        [
            0.013991688378155231,
            0.03733052313327789,
            0.035539448261260986
        ],
        [
            0.0767008438706398,
            0.03953055664896965,
            0.02510334551334381
        ],
        [
            0.013231368735432625,
            0.059704482555389404,
            0.005259267520159483
        ],
        [
            0.08002283424139023,
            -0.016048066318035126,
            -0.003292165696620941
        ],
        [
            0.0853453055024147,
            -0.017142727971076965,
            0.009416641667485237
        ],
        [
            0.07802721858024597,
            -0.012430377304553986,
            0.010372607037425041
        ],
        [
            0.07223714888095856,
            -0.010183431208133698,
            -0.0045354608446359634
        ],
        [
            0.024699341505765915,
            0.05890016257762909,
            0.01028275117278099
        ],
        [
            0.01948918029665947,
            0.058147773146629333,
            0.0059570730663836
        ],
        [
            0.052685923874378204,
            0.05424700304865837,
            0.050608888268470764
        ],
        [
            0.04699878767132759,
            0.05583614483475685,
            0.05163056403398514
        ],
        [
            0.04805383086204529,
            0.05614343285560608,
            0.054809778928756714
        ],
        [
            0.05406959354877472,
            0.056980036199092865,
            0.05451694503426552
        ],
        [
            0.09035028517246246,
            0.010925747454166412,
            0.043170273303985596
        ],
        [
            0.07001656293869019,
            0.04988734796643257,
            0.06761733442544937
        ],
        [
            0.061795055866241455,
            0.04134474694728851,
            0.06916698813438416
        ],
        [
            0.09345872700214386,
            0.0012095458805561066,
            0.03517260402441025
        ],
        [
            0.08572225272655487,
            -0.0030344203114509583,
            0.03066149167716503
        ],
        [
            0.0931151807308197,
            -0.008475542068481445,
            0.027264976873993874
        ],
        [
            0.029996270313858986,
            0.03026343137025833,
            0.052424587309360504
        ],
        [
            0.06804504245519638,
            0.003403089940547943,
            0.03232746571302414
        ],
        [
            0.07923071086406708,
            -0.004140473902225494,
            0.02654818259179592
        ],
        [
            0.08775167167186737,
            -0.010719727724790573,
            0.022289307788014412
        ],
        [
            0.09405160695314407,
            -0.015721209347248077,
            0.020148595795035362
        ],
        [
            0.09930629283189774,
            -0.01262364536523819,
            0.025722982361912727
        ],
        [
            0.008632768876850605,
            0.06725165247917175,
            0.018989594653248787
        ],
        [
            0.01524914987385273,
            0.07355574518442154,
            0.022764362394809723
        ],
        [
            0.10611489415168762,
            -0.018504522740840912,
            0.02512485906481743
        ],
        [
            0.10005031526088715,
            -0.021236073225736618,
            0.018494049087166786
        ],
        [
            0.0722377598285675,
            -0.005256112664937973,
            0.020498817786574364
        ],
        [
            0.0642608106136322,
            -0.005165725946426392,
            0.011606309562921524
        ],
        [
            0.061711736023426056,
            0.0022687651216983795,
            0.02618754655122757
        ],
        [
            0.0528421513736248,
            0.0025901421904563904,
            0.01821749284863472
        ],
        [
            0.022913150489330292,
            0.023058267310261726,
            0.04723869264125824
        ],
        [
            0.032314907759428024,
            0.07531276345252991,
            0.01475728489458561
        ],
        [
            0.0241775494068861,
            0.0728619396686554,
            0.022279877215623856
        ],
        [
            0.026217244565486908,
            0.06716503202915192,
            0.022365260869264603
        ],
        [
            0.03372417390346527,
            0.07171862572431564,
            0.01686125248670578
        ],
        [
            0.021200574934482574,
            0.06907496601343155,
            0.025347571820020676
        ],
        [
            0.019382664933800697,
            0.07560883462429047,
            0.019479557871818542
        ],
        [
            0.044848620891571045,
            0.005988352000713348,
            0.004245011135935783
        ],
        [
            0.020287973806262016,
            0.04908854514360428,
            0.0294380821287632
        ],
        [
            0.057677511125802994,
            0.00020778551697731018,
            -0.006426285952329636
        ],
        [
            0.03481078892946243,
            0.015659483149647713,
            -0.008719457313418388
        ],
        [
            0.04565385356545448,
            0.013858150690793991,
            -0.01733364909887314
        ],
        [
            0.07081044465303421,
            -0.004440002143383026,
            -0.01829681172966957
        ],
        [
            0.0599089190363884,
            0.008704997599124908,
            -0.02518322318792343
        ],
        [
            0.08523577451705933,
            -0.016236990690231323,
            -0.014971183612942696
        ],
        [
            0.07799092680215836,
            -0.010951332747936249,
            -0.014820011332631111
        ],
        [
            0.050432853400707245,
            0.025198161602020264,
            -0.02993904985487461
        ],
