{
    "pred_cam": [
        10.81775188446045,
        0.1209229901432991,
        -0.04408957064151764
    ],
    "pred_mano_params": {
        "global_orient": [
            [
                [
                    -0.5951576828956604,
                    0.18691785633563995,
                    -0.7815683484077454
                ],
                [
                    -0.3458206355571747,
                    -0.9374842643737793,
                    0.03913320600986481
                ],
                [
                    -0.7253932952880859,
                    0.29357290267944336,
                    0.6225910186767578
                ]
            ]
        ],
        "hand_pose": [
            [
                [
                    0.6298920512199402,
                    -0.7031352519989014,
                    -0.32990431785583496
                ],
                [
                    0.6858072876930237,
                    0.702898383140564,
                    -0.188685342669487
                ],
                [
                    0.3645605444908142,
                    -0.10739941149950027,
                    0.9249653816223145
                ]
            ],
            [
                [
                    0.6461330652236938,
                    -0.7189796566963196,
                    0.2560867667198181
                ],
                [
                    0.7598121166229248,
                    0.5742596387863159,
                    -0.3048138916492462
                ],
                [
                    0.07209467142820358,
                    0.3915281593799591,
                    0.9173375964164734
                ]
            ],
            [
                [
                    0.9377074241638184,
                    -0.3233555853366852,
                    0.1270666867494583
                ],
                [
                    0.3078151047229767,
                    0.942833662033081,
                    0.12772847712039948
                ],
                [
                    -0.1611044704914093,
                    -0.08065889775753021,
                    0.9836358428001404
                ]
            ],
            [
                [
                    0.17279595136642456,
                    -0.9321205019950867,
                    -0.31826546788215637
                ],
                [
                    0.9837155342102051,
                    0.1470976173877716,
                    0.1032765582203865
                ],
                [
                    -0.049450114369392395,
                    -0.3309284448623657,
                    0.9423592686653137
                ]
            ],
            [
                [
                    0.49168142676353455,
                    -0.8474133610725403,
                    -0.20034965872764587
                ],
                [
                    0.8701593279838562,
                    0.46950045228004456,
                    0.1496397703886032
                ],
                [
                    -0.03274248540401459,
                    -0.2479112297296524,
                    0.9682292938232422
                ]
            ],
            [
                [
                    0.7370128631591797,
                    -0.6714216470718384,
                    0.07749298214912415
                ],
                [
                    0.6687489748001099,
                    0.7410387992858887,
                    0.06030204892158508
                ],
                [
                    -0.09791340678930283,
                    0.007379966322332621,
                    0.9951676726341248
                ]
            ],
            [
                [
                    0.16502881050109863,
                    -0.9673488736152649,
                    -0.19235840439796448
                ],
                [
                    0.6688531637191772,
                    -0.03356833755970001,
                    0.7426363229751587
                ],
                [
                    -0.7248454689979553,
                    -0.2512159049510956,
                    0.6414746642112732
                ]
            ],
            [
                [
                    0.5870822072029114,
                    -0.7950648665428162,
                    -0.15233629941940308
                ],
                [
                    0.6903699636459351,
                    0.3934503495693207,
                    0.6071130037307739
                ],
                [
                    -0.42275744676589966,
                    -0.4615935981273651,
                    0.7798766493797302
                ]
            ],
            [
                [
                    0.9220718741416931,
                    -0.3855656385421753,
                    -0.0335041806101799
                ],
                [
                    0.2729036808013916,
                    0.5863683819770813,
                    0.7626897096633911
                ],
                [
                    -0.27442121505737305,
                    -0.7123982310295105,
                    0.6458960771560669
                ]
            ],
            [
                [
                    0.039861731231212616,
                    -0.9986792802810669,
                    -0.032415252178907394
                ],
                [
                    0.9651793241500854,
                    0.03009028732776642,
                    0.25985273718833923
                ],
                [
                    -0.25853416323661804,
                    -0.04164471477270126,
                    0.9651040434837341
                ]
            ],
            [
                [
                    0.4890422224998474,
                    -0.8560138940811157,
                    -0.16756442189216614
                ],
                [
                    0.748245894908905,
                    0.3129684329032898,
                    0.5849605202674866
                ],
                [
                    -0.44829198718070984,
                    -0.4114498496055603,
                    0.7935636639595032
                ]
            ],
            [
                [
                    0.7266002893447876,
                    -0.6869407296180725,
                    0.01281969528645277
                ],
                [
                    0.6481630802154541,
                    0.6915342211723328,
                    0.31884944438934326
                ],
                [
                    -0.22789596021175385,
                    -0.2233668714761734,
                    0.9477185606956482
                ]
            ],
            [
                [
                    0.9458897113800049,
                    -0.072367362678051,
                    -0.3163156509399414
                ],
                [
                    -0.2316197156906128,
                    0.5321328043937683,
                    -0.8143630027770996
                ],
                [
                    0.2272551953792572,
                    0.8435625433921814,
                    0.48657724261283875
                ]
            ],
            [
                [
                    0.9946873784065247,
                    -0.07301043719053268,
                    -0.07256963849067688
                ],
                [
                    0.10282495617866516,
                    0.7381603717803955,
                    0.6667429804801941
                ],
                [
                    0.004888854455202818,
                    -0.6706628799438477,
                    0.7417461276054382
                ]
            ],
            [
                [
                    0.9264695048332214,
                    -0.3333185911178589,
                    -0.17479409277439117
                ],
                [
                    0.18100866675376892,
                    0.8017876148223877,
                    -0.5695371031761169
                ],
                [
                    0.3299850523471832,
                    0.49601951241493225,
                    0.8031653165817261
                ]
            ]
        ],
        "betas": [
            -0.15840819478034973,
            -0.009688347578048706,
            -0.057118386030197144,
            -6.23166561126709e-05,
            0.029428303241729736,
            0.006836269050836563,
            -0.0048475563526153564,
            -0.041765451431274414,
            0.02381281554698944,
            -0.03284367918968201
        ]
    },
    "pred_cam_t": [
        -0.1209229901432991,
        -0.04408957064151764,
        3.6109628677368164
    ],
    "focal_length": [
        5000.0,
        5000.0
    ],
    "pred_keypoints_3d": [
        [
            0.09645065665245056,
            0.0064499350264668465,
            0.006237800233066082
        ],
        [
            0.08760827779769897,
            0.030581500381231308,
            0.03544836863875389
        ],
        [
            0.09436539560556412,
            0.05351075157523155,
            0.05525948479771614
        ],
        [
            0.10563768446445465,
            0.06720893085002899,
            0.07600733637809753
        ],
        [
            0.12578865885734558,
            0.09286248683929443,
            0.08911515027284622
        ],
        [
            0.1320294737815857,
            0.04286496713757515,
            0.08217346668243408
        ],
        [
            0.15083438158035278,
            0.06979982554912567,
            0.08740931749343872
        ],
        [
            0.14807763695716858,
            0.08792875707149506,
            0.07457814365625381
        ],
        [
            0.13906201720237732,
            0.10509411990642548,
            0.05885924771428108
        ],
        [
            0.1556188464164734,
            0.04067481681704521,
            0.07294163107872009
        ],
        [
            0.15636882185935974,
            0.07159686833620071,
            0.06492476165294647
        ],
        [
            0.13881824910640717,
            0.07710860669612885,
            0.05037815123796463
        ],
        [
            0.11636590957641602,
            0.07054512947797775,
            0.04036343842744827
        ],
        [
            0.16576707363128662,
            0.0375780425965786,
            0.04809114709496498
        ],
        [
            0.16039201617240906,
            0.06576231867074966,
            0.043287552893161774
        ],
        [
            0.13920266926288605,
            0.06574880331754684,
            0.03001018427312374
        ],
        [
            0.11808963119983673,
            0.053044624626636505,
            0.024739613756537437
        ],
        [
            0.1698913872241974,
            0.03813362494111061,
            0.02646103873848915
        ],
        [
            0.1628178209066391,
            0.057996828109025955,
            0.023377349600195885
        ],
        [
            0.14522574841976166,
            0.057478055357933044,
            0.015864841639995575
        ],
        [
            0.12823380529880524,
            0.04426378756761551,
            0.015012157149612904
        ]
    ],
    "pred_vertices": [
        [
            0.11103449761867523,
            0.039976999163627625,
            0.047231100499629974
        ],
        [
            0.1053425669670105,
            0.037425119429826736,
            0.0378878153860569
        ],
        [
            0.10623249411582947,
            0.044219739735126495,
            0.044815413653850555
        ],
        [
            0.10961252450942993,
            0.04519530013203621,
            0.05428430810570717
        ],
        [
            0.09375745058059692,
            0.04999049752950668,
            0.028848573565483093
        ],
        [
            0.08199845999479294,
            0.05001947283744812,
            0.029099665582180023
        ],
        [
            0.08863527327775955,
            0.05979201942682266,
            0.041940223425626755
        ],
        [
            0.09815285354852676,
            0.059669576585292816,
            0.03983423858880997
        ],
        [
            0.10955937951803207,
            0.04814938083291054,
            0.06116616353392601
        ],
        [
            0.1074315682053566,
            0.05028560385107994,
            0.05117117613554001
        ],
        [
            0.10882595926523209,
            0.04593802988529205,
            0.06481833010911942
        ],
        [
            0.11079017072916031,
            0.03896399214863777,
            0.07581241428852081
        ],
        [
            0.11205664277076721,
            0.04444366693496704,
            0.07074522972106934
        ],
        [
            0.11583534628152847,
            0.037340108305215836,
            0.082321397960186
        ],
        [
            0.10711970925331116,
            0.028451435267925262,
            0.07491317391395569
        ],
        [
            0.12002579122781754,
            0.028631674125790596,
            0.08376182615756989
        ],
        [
            0.1232135146856308,
            0.011071130633354187,
            0.059364624321460724
        ],
        [
            0.13169702887535095,
            0.008597806096076965,
            0.048699162900447845
        ],
        [
            0.14489004015922546,
            0.01469905860722065,
            0.06061754748225212
        ],
        [
            0.1344470977783203,
            0.01755988970398903,
            0.06979581713676453
        ],
        [
            0.1520325243473053,
            0.013739652931690216,
            0.040400996804237366
        ],
        [
            0.14859473705291748,
            0.014706170186400414,
            0.05199723690748215
        ],
        [
            0.13586702942848206,
            0.00725720077753067,
            0.040593571960926056
        ],
        [
            0.13927306234836578,
            0.007061835378408432,
            0.030768804252147675
        ],
        [
            0.1164855808019638,
            0.0343116894364357,
            0.0337601937353611
        ],
        [
            0.11009736359119415,
            0.03144475445151329,
            0.025114409625530243
        ],
        [
            0.10763470083475113,
            0.032091960310935974,
            0.030189648270606995
        ],
        [
            0.11369648575782776,
            0.03543851152062416,
            0.038402292877435684
        ],
        [
            0.10190095752477646,
            0.04674193635582924,
            0.06718087196350098
        ],
        [
            0.09582390636205673,
            0.037041354924440384,
            0.06638789176940918
        ],
        [
            0.10332909226417542,
            0.03954165428876877,
            0.06768766045570374
        ],
        [
            0.10613840818405151,
            0.04998397454619408,
            0.06516498327255249
        ],
        [
            0.09977895021438599,
            0.02931361272931099,
            -0.0021807923913002014
        ],
        [
            0.09188792109489441,
            0.019481997936964035,
            -0.0075577497482299805
        ],
        [
            0.08777029067277908,
            0.019474895671010017,
            -0.0032078027725219727
        ],
        [
            0.09594985842704773,
            0.02800772339105606,
            0.0009748712182044983
        ],
        [
            0.0762840062379837,
            0.03020128235220909,
            0.013649620115756989
        ],
        [
            0.07414563745260239,
            0.01987983100116253,
            0.009226858615875244
        ],
        [
            0.0658477395772934,
            0.010678190737962723,
            0.01470915973186493
        ],
        [
            0.0677657276391983,
            0.01899055205285549,
            0.021994665265083313
        ],
        [
            0.0785766988992691,
            0.04094715416431427,
            0.021110303699970245
        ],
        [
            0.06939277797937393,
            0.03270512446761131,
            0.027589961886405945
        ],
        [
            0.0738765150308609,
            0.04430412873625755,
            0.034991826862096786
        ],
        [
            0.08219059556722641,
            0.05452151224017143,
            0.04681726172566414
        ],
        [
            0.10131027549505234,
            0.016545062884688377,
            -0.0159599632024765
        ],
        [
            0.1083274632692337,
            0.023842493072152138,
            -0.01355423778295517
        ],
        [
            0.1382257640361786,
            0.0733514130115509,
            0.08075421303510666
        ],
        [
            0.14165206253528595,
            0.0724373310804367,
            0.07564747333526611
        ],
        [
            0.13976386189460754,
            0.06953024864196777,
            0.0762726366519928
        ],
        [
            0.13702745735645294,
            0.07095207273960114,
            0.08126191049814224
        ],
        [
            0.11806752532720566,
            0.00480276346206665,
            -0.014679830521345139
        ],
        [
            0.11995526403188705,
            -0.003984615206718445,
            -0.009955208748579025
        ],
        [
            0.1155184805393219,
            -0.00555574893951416,
            -0.015618208795785904
        ],
        [
            0.11209337413311005,
            0.0026272721588611603,
            -0.018966376781463623
        ],
        [
            0.1259675770998001,
            0.007595788687467575,
            -0.009027890861034393
        ],
        [
            0.12570086121559143,
            -0.0013016201555728912,
            -0.0019342340528964996
        ],
        [
            0.14607028663158417,
            0.07508805394172668,
            0.09107258915901184
        ],
        [
            0.1411629319190979,
            0.07561163604259491,
            0.08907221257686615
        ],
        [
            0.14099489152431488,
            0.07123132050037384,
            0.09086737781763077
        ],
        [
            0.1458604335784912,
            0.06927439570426941,
            0.09231476485729218
        ],
        [
            0.11335311830043793,
            0.04586046561598778,
            0.0634993463754654
        ],
        [
            0.11620146036148071,
            0.043593332171440125,
            0.05504301190376282
        ],
        [
            0.12411721795797348,
            0.0495116151869297,
            0.0746711865067482
        ],
        [
            0.12247058004140854,
            0.0465334914624691,
            0.06713444739580154
        ],
        [
            0.11726269125938416,
            0.04589419066905975,
            0.07185548543930054
        ],
        [
            0.11972757428884506,
            0.04768956080079079,
            0.07825011014938354
        ],
        [
            0.13397273421287537,
            0.04062620550394058,
            0.04692518711090088
        ],
        [
            0.12612122297286987,
            0.03673927113413811,
            0.03925040736794472
        ],
        [
            0.1233224868774414,
            0.03816869109869003,
            0.045171160250902176
        ],
        [
            0.13055483996868134,
            0.043380968272686005,
            0.05450718104839325
        ],
        [
            0.1332356333732605,
            0.0370272621512413,
            0.026820335537195206
        ],
        [
            0.14044681191444397,
            0.040168292820453644,
            0.03550359234213829
        ],
        [
            0.14342659711837769,
            0.03973683714866638,
            0.027333129197359085
        ],
        [
            0.137677863240242,
            0.038714777678251266,
            0.022367391735315323
        ],
        [
            0.15008588135242462,
            0.04494643583893776,
            0.05292492359876633
        ],
        [
            0.15189920365810394,
            0.04506748169660568,
            0.05711210519075394
        ],
        [
            0.1531669646501541,
            0.0461198091506958,
            0.05350537970662117
        ],
        [
            0.15128697454929352,
            0.04472394660115242,
            0.049393970519304276
        ],
        [
            0.11099967360496521,
            -0.008097678422927856,
            -0.020602919161319733
        ],
        [
            0.10592526942491531,
            0.0002296455204486847,
            -0.022322971373796463
        ],
        [
            0.15880680084228516,
            0.016106465831398964,
            0.01894475147128105
        ],
        [
            0.1558254361152649,
            0.020458858460187912,
            0.0086868517100811
        ],
        [
            0.16601113975048065,
            0.027109656482934952,
            0.014800464734435081
        ],
        [
            0.1680036336183548,
            0.019688332453370094,
            0.025116072967648506
        ],
        [
            0.11826933920383453,
            -0.009705834090709686,
            -0.0013495981693267822
        ],
        [
            0.11546993255615234,
            -0.012470539659261703,
            -0.008207567036151886
        ],
        [
            0.15213847160339355,
            0.07359005510807037,
            0.08946428447961807
        ],
        [
            0.15146516263484955,
            0.06764459609985352,
            0.09026973694562912
        ],
        [
            0.07100947201251984,
            0.031454987823963165,
            0.04199311137199402
        ],
        [
            0.07938268780708313,
            0.04700133204460144,
            0.05253235250711441
        ],
        [
            0.06815597414970398,
            0.017429696395993233,
            0.03327839821577072
        ],
        [
            0.06843788176774979,
            0.007152453064918518,
            0.026744559407234192
        ],
        [
            0.06640306860208511,
            -3.0588358640670776e-05,
            0.02086835354566574
        ],
        [
            0.1286153644323349,
            0.047207966446876526,
            0.06537532061338425
        ],
        [
            0.117756687104702,
            0.03928447887301445,
            0.0469038262963295
        ],
        [
            0.11909668147563934,
            0.0338897630572319,
            0.029360737651586533
        ],
        [
            0.1378311663866043,
            0.037607207894325256,
            0.004694759845733643
        ],
        [
            0.13036683201789856,
            0.03478804975748062,
            -0.0019121430814266205
        ],
        [
            0.12638749182224274,
            0.0375392809510231,
            0.007859431207180023
        ],
        [
            0.13389398157596588,
            0.03887207806110382,
            0.011827036738395691
        ],
        [
            0.15339449048042297,
            0.02936181053519249,
            0.004101157188415527
        ],
        [
            0.14941564202308655,
            0.03618359938263893,
            0.0065514035522937775
        ],
        [
            0.15487144887447357,
            0.03817654028534889,
            0.011294689029455185
        ],
        [
            0.16084302961826324,
            0.0329921580851078,
            0.009878531098365784
        ],
        [
            0.09490256011486053,
            0.047359831631183624,
            0.06915965676307678
        ],
        [
            0.08880753815174103,
            0.0365951769053936,
            0.06472804397344589
        ],
        [
            0.11352235078811646,
            0.014332382008433342,
            -0.016588721424341202
        ],
        [
            0.10653495788574219,
            0.011255033314228058,
            -0.0187576524913311
        ],
        [
            0.10054562985897064,
            0.005947031080722809,
            -0.02205890789628029
        ],
        [
            0.10357414186000824,
            0.031071756035089493,
            0.012052804231643677
        ],
        [
            0.09318339824676514,
            0.027260933071374893,
            0.003125526010990143
        ],
        [
            0.0904885083436966,
            0.028367558494210243,
            0.006521977484226227
        ],
        [
            0.10196342319250107,
            0.030121903866529465,
            0.014959536492824554
        ],
        [
            0.0999600887298584,
            0.038092292845249176,
            0.0273795984685421
        ],
        [
            0.08991990983486176,
            0.03940489888191223,
            0.018641114234924316
        ],
        [
            0.10350967198610306,
            0.04687920957803726,
            0.03503153473138809
        ],
        [
            0.08104969561100006,
            0.018832804635167122,
            0.0016185641288757324
        ],
        [
            0.08068382740020752,
            0.013908952474594116,
            -0.008431747555732727
        ],
        [
            0.07443741708993912,
            0.012999963015317917,
            -0.002031102776527405
        ],
        [
            0.08793747425079346,
            0.012427609413862228,
            -0.014995649456977844
        ],
        [
            0.09496251493692398,
            0.009899534285068512,
            -0.020001426339149475
        ],
        [
            0.11250638961791992,
            -0.018072471022605896,
            -0.01405341923236847
        ],
        [
            0.06979718804359436,
            0.01136321946978569,
            0.004789531230926514
        ],
        [
            0.09993286430835724,
            0.06338642537593842,
            0.048711199313402176
        ],
        [
            0.1010420173406601,
            0.06624536961317062,
            0.05646859109401703
        ],
        [
            0.10736709833145142,
            0.06202879920601845,
            0.056920334696769714
        ],
        [
            0.10661162436008453,
            0.05925646051764488,
            0.05067120119929314
        ],
        [
            0.12272069603204727,
            0.0397694855928421,
            0.0881621390581131
        ],
        [
            0.11956169456243515,
            0.04537767916917801,
            0.08361105620861053
        ],
        [
            0.11403118818998337,
            0.0427742674946785,
            0.07742109149694443
        ],
        [
            0.11047869920730591,
            0.03340421989560127,
            0.000510483980178833
        ],
        [
            0.11719440668821335,
            0.02875317819416523,
            -0.00938214361667633
        ],
        [
            0.13009196519851685,
            0.049975648522377014,
            0.07255842536687851
        ],
        [
            0.1453690379858017,
            0.06472065299749374,
            0.09376595914363861
        ],
        [
            0.1397331804037094,
            0.06690660864114761,
            0.09260944277048111
        ],
        [
            0.13084866106510162,
            0.05189760774374008,
            0.09204614162445068
        ],
        [
            0.1372586041688919,
            0.049123190343379974,
            0.0936182513833046
        ],
        [
            0.13958978652954102,
            0.0491778664290905,
            0.07437582314014435
        ],
        [
            0.13261964917182922,
            0.05117616057395935,
            0.0733582153916359
        ],
        [
            0.13458068668842316,
            0.05158266797661781,
            0.07326889783143997
        ],
        [
            0.14131677150726318,
            0.051056161522865295,
            0.07230198383331299
        ],
        [
            0.1551377773284912,
            0.04442710801959038,
            0.04438871145248413
        ],
        [
            0.15320107340812683,
            0.04378621652722359,
            0.0410274863243103
        ],
        [
            0.14450274407863617,
            0.0280290599912405,
            0.07739909738302231
        ],
        [
            0.1347000002861023,
            0.02552657015621662,
            0.08703788369894028
        ],
        [
            0.12554985284805298,
            0.020166311413049698,
            0.0785752609372139
        ],
        [
            0.13719840347766876,
            0.039756931364536285,
            0.04013088345527649
        ],
        [
            0.14455199241638184,
            0.04311630502343178,
            0.046375080943107605
        ],
        [
            0.1464749574661255,
            0.04266234114766121,
            0.042719073593616486
        ],
        [
            0.13327735662460327,
            0.047652073204517365,
            0.06552542746067047
        ],
        [
            0.13605745136737823,
            0.049220502376556396,
            0.07088707387447357
        ],
        [
            0.138780415058136,
            0.0475773811340332,
            0.06735830008983612
        ],
        [
            0.13597004115581512,
            0.04623539373278618,
            0.06094803661108017
        ],
        [
            0.1456143707036972,
            0.014747671782970428,
            0.001848999410867691
        ],
        [
            0.14355716109275818,
            0.025317706167697906,
            -0.003359094262123108
        ],
        [
            0.1381843537092209,
            0.07473792880773544,
            0.08543790876865387
        ],
        [
            0.13749247789382935,
            0.0716233178973198,
            0.0866960883140564
        ],
        [
            0.12938694655895233,
            0.03606539964675903,
            0.032740186899900436
        ],
        [
            0.11571580171585083,
            0.01596057415008545,
            0.06712519377470016
        ],
        [
            0.12181657552719116,
            0.03384210914373398,
            0.02451236918568611
        ],
        [
            0.16706077754497528,
            0.030904943123459816,
            0.0413595512509346
        ],
        [
            0.16567912697792053,
            0.03848383575677872,
            0.03662008047103882
        ],
        [
            0.16512346267700195,
            0.0412442572414875,
            0.03768065571784973
        ],
        [
            0.16755980253219604,
            0.03862868994474411,
            0.041900694370269775
        ],
        [
            0.1490054726600647,
            0.06245466321706772,
            0.07362844794988632
        ],
        [
            0.14381970465183258,
            0.06556126475334167,
            0.07328858971595764
        ],
        [
            0.14485587179660797,
            0.06765415519475937,
            0.07294512540102005
        ],
        [
            0.1506788432598114,
            0.06599333882331848,
            0.07357975095510483
        ],
        [
            0.12731075286865234,
            0.05187654122710228,
            0.07598118484020233
        ],
        [
            0.12323937565088272,
            0.051266640424728394,
            0.08075607568025589
        ],
        [
            0.1267513632774353,
            0.055017899721860886,
            0.08079667389392853
        ],
        [
            0.13069307804107666,
            0.053922709077596664,
            0.07614368200302124
        ],
        [
            0.12370724976062775,
            0.04918372258543968,
            0.08639092743396759
        ],
        [
            0.12702594697475433,
            0.0537344254553318,
            0.08716829121112823
        ],
        [
            0.15343479812145233,
            0.060462359338998795,
            0.07796551287174225
        ],
        [
            0.15417616069316864,
            0.06080615520477295,
            0.08561847358942032
        ],
        [
            0.14794448018074036,
            0.04588545486330986,
            0.08415086567401886
        ],
        [
            0.14741936326026917,
            0.04926290735602379,
            0.07687558233737946
        ],
        [
            0.12845146656036377,
            -0.0006373636424541473,
            0.022250309586524963
        ],
        [
            0.1331857591867447,
            0.00115923210978508,
            0.012157775461673737
        ],
        [
            0.1443682312965393,
            0.008604638278484344,
            0.02039189636707306
        ],
        [
            0.15682947635650635,
            0.015167472884058952,
            0.028643904253840446
        ],
        [
            0.1668693572282791,
            0.022531330585479736,
            0.03692737594246864
        ],
        [
            0.16318173706531525,
            0.01933838613331318,
            0.04833221435546875
        ],
        [
            0.14625084400177002,
            0.009809169918298721,
            0.012194029986858368
        ],
        [
            0.14418761432170868,
            0.04144241288304329,
            0.07629368454217911
        ],
        [
            0.14384379982948303,
            0.03642674908041954,
            0.08253995329141617
        ],
        [
            0.14612525701522827,
            0.03648660331964493,
            0.07818794995546341
        ],
        [
            0.1256261020898819,
            0.03553115576505661,
            0.018195465207099915
        ],
        [
            0.13614533841609955,
            0.06836269795894623,
            0.08880835026502609
        ],
        [
            0.08502856642007828,
            -0.011251170188188553,
            0.026599857956171036
        ],
        [
            0.09592730551958084,
            -0.015882685780525208,
            0.019528403878211975
        ],
        [
            0.09927427768707275,
            -0.010945390909910202,
            0.026088882237672806
        ],
        [
            0.08675038814544678,
            -0.0046991631388664246,
            0.033826589584350586
        ],
        [
            0.13820064067840576,
            0.06826206296682358,
            0.07700038701295853
        ],
        [
            0.13497070968151093,
            0.06901399791240692,
            0.0825706422328949
        ],
        [
            0.1562497615814209,
            0.04506757855415344,
            0.03542911261320114
        ],
        [
            0.15804041922092438,
            0.04516495019197464,
            0.0392410084605217
        ],
        [
            0.15991315245628357,
            0.04426120966672897,
            0.03640664741396904
        ],
        [
            0.15971623361110687,
            0.04579384624958038,
            0.032548148185014725
        ],
        [
            0.1341438889503479,
            0.002205170691013336,
            0.00616871565580368
        ],
        [
            0.1688891500234604,
            0.036620721220970154,
            0.01619470678269863
        ],
        [
            0.1713947057723999,
            0.029572680592536926,
            0.026762880384922028
        ],
        [
            0.12351486086845398,
            -0.005396492779254913,
            0.005553305149078369
        ],
        [
            0.11957591027021408,
            -0.007630884647369385,
            0.014346431940793991
        ],
        [
            0.11367706954479218,
            -0.01273457333445549,
            0.008257441222667694
        ],
        [
            0.1583218276500702,
            0.025912422686815262,
            0.06110082566738129
        ],
        [
            0.12588608264923096,
            -0.00012576952576637268,
            0.030674133449792862
        ],
        [
            0.11653011292219162,
            -0.0070771723985672,
            0.02148076519370079
        ],
        [
            0.10935500264167786,
            -0.01314348354935646,
            0.01452748104929924
        ],
        [
            0.10498488694429398,
            -0.018044404685497284,
            0.009235285222530365
        ],
        [
            0.11012119054794312,
            -0.017011109739542007,
            0.0028924718499183655
        ],
        [
            0.15053540468215942,
            0.06256182491779327,
            0.09061657637357712
        ],
        [
            0.15627208352088928,
            0.06633837521076202,
            0.08482465147972107
        ],
        [
            0.10690034180879593,
            -0.02326156571507454,
            -0.003013990819454193
        ],
        [
            0.10095635801553726,
            -0.023599833250045776,
            0.004218719899654388
        ],
        [
            0.11167832463979721,
            -0.005974534898996353,
            0.029380250722169876
        ],
        [
            0.10474669188261032,
            -0.003130808472633362,
            0.038462087512016296
        ],
        [
            0.12076859176158905,
            0.0009527690708637238,
            0.03789202868938446
        ],
        [
            0.11486819386482239,
            0.003947071731090546,
            0.04763028398156166
        ],
        [
            0.1540958136320114,
            0.020144077017903328,
            0.0705217495560646
        ],
        [
            0.1567295789718628,
            0.08348554372787476,
            0.07569441199302673
        ],
        [
            0.15707510709762573,
            0.07202150672674179,
            0.07784759253263474
        ],
        [
            0.15286630392074585,
            0.07095356285572052,
            0.0736936628818512
        ],
        [
            0.15513528883457184,
            0.08179645240306854,
            0.0720175951719284
        ],
        [
            0.15506410598754883,
            0.06542477756738663,
            0.07760024815797806
        ],
        [
            0.1568906158208847,
            0.07245177775621414,
            0.08380994200706482
        ],
        [
            0.10449942946434021,
            0.01063929870724678,
            0.05678488686680794
        ],
        [
            0.14119282364845276,
            0.04761921241879463,
            0.072090744972229
        ],
        [
            0.09069207310676575,
            0.00644286721944809,
            0.04699331894516945
        ],
        [
            0.09768757224082947,
            0.02216777577996254,
            0.06717174500226974
        ],
        [
            0.08705326914787292,
            0.021747393533587456,
            0.05905269458889961
        ],
        [
            0.07555343210697174,
            0.004303518682718277,
            0.0371750146150589
        ],
        [
            0.07525531947612762,
            0.018608031794428825,
            0.048080842941999435
        ],
        [
            0.07296012341976166,
            -0.008956942707300186,
            0.023282267153263092
        ],
        [
            0.07576453685760498,
            -0.0032662898302078247,
            0.029940512031316757
        ],
        [
            0.07878465205430984,
            0.033529605716466904,
            0.055673956871032715
        ],
        [
            0.14021414518356323,
            0.08106274902820587,
            0.07520568370819092
        ],
        [
            0.1444566249847412,
            0.07941334694623947,
            0.07117035239934921
        ],
        [
