{
    "pred_cam": [
        7.268806457519531,
        0.07136742770671844,
        -0.0863775759935379
    ],
    "pred_mano_params": {
        "global_orient": [
            [
                [
                    0.41323527693748474,
                    -0.638081431388855,
                    0.6496833562850952
                ],
                [
                    -0.7909067273139954,
                    -0.6050978899002075,
                    -0.0912308469414711
                ],
                [
                    0.45133477449417114,
                    -0.4761391580104828,
                    -0.7547106742858887
                ]
            ]
        ],
        "hand_pose": [
            [
                [
                    0.8669921159744263,
                    -0.3370610773563385,
                    -0.3670346736907959
                ],
                [
                    0.3220785856246948,
                    0.9410492777824402,
                    -0.10340035706758499
                ],
                [
                    0.380249947309494,
                    -0.028566697612404823,
                    0.9244424700737
                ]
            ],
            [
                [
                    0.9748356342315674,
                    -0.16995561122894287,
                    0.14425911009311676
                ],
                [
                    0.19481045007705688,
                    0.9640613794326782,
                    -0.18065056204795837
                ],
                [
                    -0.1083720475435257,
                    0.20420774817466736,
                    0.9729105234146118
                ]
            ],
            [
                [
                    0.8510319590568542,
                    -0.5230319499969482,
                    0.04671354964375496
                ],
                [
                    0.5142236948013306,
                    0.812055230140686,
                    -0.27593496441841125
                ],
                [
                    0.10638883709907532,
                    0.25885069370269775,
                    0.9600403904914856
                ]
            ],
            [
                [
                    0.9512283205986023,
                    -0.17238783836364746,
                    -0.25582635402679443
                ],
                [
                    0.14139114320278168,
                    0.9806908965110779,
                    -0.13510704040527344
                ],
                [
                    0.2741773724555969,
                    0.09234606474637985,
                    0.9572350978851318
                ]
            ],
            [
                [
                    0.9126867055892944,
                    -0.38632553815841675,
                    -0.13325001299381256
                ],
                [
                    0.40844210982322693,
                    0.8516988754272461,
                    0.32830485701560974
                ],
                [
                    -0.013343662954866886,
                    -0.35406437516212463,
                    0.9351258277893066
                ]
            ],
            [
                [
                    0.9078989624977112,
                    -0.4173586666584015,
                    -0.03912892937660217
                ],
                [
                    0.41893476247787476,
                    0.9066370129585266,
                    0.050030194222927094
                ],
                [
                    0.014595196582376957,
                    -0.06181483715772629,
                    0.9979808330535889
                ]
            ],
            [
                [
                    0.867789626121521,
                    -0.3529936969280243,
                    0.3497665524482727
                ],
                [
                    0.3822895586490631,
                    0.9239031076431274,
                    -0.016053456813097
                ],
                [
                    -0.3174836337566376,
                    0.14764313399791718,
                    0.9366993308067322
                ]
            ],
            [
                [
                    0.9652435183525085,
                    -0.10101329535245895,
                    -0.2410418838262558
                ],
                [
                    0.15025462210178375,
                    0.9691121578216553,
                    0.1955639272928238
                ],
                [
                    0.21384204924106598,
                    -0.22498448193073273,
                    0.9506069421768188
                ]
            ],
            [
                [
                    0.9518890976905823,
                    -0.23008568584918976,
                    0.2024049460887909
                ],
                [
                    0.20910067856311798,
                    0.9705197215080261,
                    0.1198684498667717
                ],
                [
                    -0.22401797771453857,
                    -0.07177843898534775,
                    0.9719381928443909
                ]
            ],
            [
                [
                    0.9794611930847168,
                    -0.19382958114147186,
                    -0.05555074289441109
                ],
                [
                    0.18217621743679047,
                    0.9687753319740295,
                    -0.16818468272686005
                ],
                [
                    0.0864153653383255,
                    0.15461033582687378,
                    0.984188973903656
                ]
            ],
            [
                [
                    0.9223915934562683,
                    -0.35190173983573914,
                    -0.15924470126628876
                ],
                [
                    0.38614657521247864,
                    0.849927544593811,
                    0.3584883511066437
                ],
                [
                    0.009193788282573223,
                    -0.3921584486961365,
                    0.9198516607284546
                ]
            ],
            [
                [
                    0.8883126378059387,
                    -0.4504002630710602,
                    -0.0896671935915947
                ],
                [
                    0.4592377543449402,
                    0.8707209229469299,
                    0.17591409385204315
                ],
                [
                    -0.0011566601460799575,
                    -0.19744527339935303,
                    0.9803131818771362
                ]
            ],
            [
                [
                    0.9990686178207397,
                    -0.012757559306919575,
                    0.04122046381235123
                ],
                [
                    0.04184737801551819,
                    0.519382655620575,
                    -0.8535165190696716
                ],
                [
                    -0.010520405136048794,
                    0.8544465899467468,
                    0.519432783126831
                ]
            ],
            [
                [
                    0.9212080240249634,
                    -0.24990232288837433,
                    -0.29820212721824646
                ],
                [
                    0.38051146268844604,
                    0.7385597229003906,
                    0.5565432906150818
                ],
                [
                    0.08115862309932709,
                    -0.626161515712738,
                    0.7754578590393066
                ]
            ],
            [
                [
                    0.9419054985046387,
                    0.3229552209377289,
                    -0.09227092564105988
                ],
                [
                    -0.3138800859451294,
                    0.9441348910331726,
                    0.10044172406196594
                ],
                [
                    0.11955437809228897,
                    -0.06564460694789886,
                    0.9906550645828247
                ]
            ]
        ],
        "betas": [
            -0.06114882230758667,
            -0.07093462347984314,
            -0.09914076328277588,
            0.05210486054420471,
            0.07002753019332886,
            -0.025107290595769882,
            0.056721583008766174,
            -0.08874121308326721,
            -0.009144067764282227,
            -0.04015287756919861
        ]
    },
    "pred_cam_t": [
        -0.07136742770671844,
        -0.0863775759935379,
        5.373991012573242
    ],
    "focal_length": [
        5000.0,
        5000.0
    ],
    "pred_keypoints_3d": [
        [
            0.09609672427177429,
            0.0064204977825284,
            0.006216013804078102
        ],
        [
            0.11288206279277802,
            0.032592322677373886,
            -0.01680203340947628
        ],
        [
            0.12696383893489838,
            0.058723390102386475,
            -0.02545238845050335
        ],
        [
            0.1286570131778717,
            0.0852208137512207,
            -0.03141234070062637
        ],
        [
            0.12540748715400696,
            0.1146094873547554,
            -0.052375078201293945
        ],
        [
            0.0762830600142479,
            0.07768585532903671,
            -0.046833984553813934
        ],
        [
            0.061230167746543884,
            0.1071392148733139,
            -0.04934408888220787
        ],
        [
            0.05792858824133873,
            0.12904973328113556,
            -0.04668809473514557
        ],
        [
            0.06025518476963043,
            0.1515790820121765,
            -0.03431649133563042
        ],
        [
            0.055550601333379745,
            0.08280838280916214,
            -0.03337957710027695
        ],
        [
            0.03599686175584793,
            0.10781984031200409,
            -0.035027120262384415
        ],
        [
            0.03214298188686371,
            0.12995123863220215,
            -0.028600499033927917
        ],
        [
            0.03391826152801514,
            0.15418003499507904,
            -0.0194824431091547
        ],
        [
            0.04732300341129303,
            0.07617796957492828,
            -0.008756784722208977
        ],
        [
            0.03256072849035263,
            0.10030191391706467,
            -0.014917723834514618
        ],
        [
            0.02887583337724209,
            0.12373566627502441,
            -0.007342673372477293
        ],
        [
            0.03199557960033417,
            0.1467430740594864,
            0.0035141631960868835
        ],
        [
            0.04577646777033806,
            0.0710986778140068,
            0.012438548728823662
        ],
        [
            0.03774476796388626,
            0.09070394188165665,
            0.011454900726675987
        ],
        [
            0.03218819200992584,
            0.10824955254793167,
            0.01640913635492325
        ],
        [
            0.0313398651778698,
            0.12686596810817719,
            0.019138481467962265
        ]
    ],
    "pred_vertices": [
        [
            0.09747827053070068,
            0.055472515523433685,
            -0.02066900208592415
        ],
        [
            0.10211993753910065,
            0.04847566783428192,
            -0.01467990130186081
        ],
        [
            0.10704077035188675,
            0.05647692084312439,
            -0.018725991249084473
        ],
        [
            0.10227982699871063,
            0.06180359423160553,
            -0.026229634881019592
        ],
        [
            0.11995761841535568,
            0.045453354716300964,
            -0.0037455298006534576
        ],
        [
            0.1295475959777832,
            0.038665976375341415,
            -0.006415504962205887
        ],
        [
            0.133226215839386,
            0.05379105359315872,
            -0.012308955192565918
        ],
        [
            0.12533220648765564,
            0.05771626532077789,
            -0.007876098155975342
        ],
        [
            0.1056426465511322,
            0.06625033169984818,
            -0.0311743151396513
        ],
        [
            0.1112108826637268,
            0.0629575103521347,
            -0.021516554057598114
        ],
        [
            0.10748762637376785,
            0.06535902619361877,
            -0.03381039574742317
        ],
        [
            0.09747261554002762,
            0.06436153501272202,
            -0.04640847444534302
        ],
        [
            0.09842564165592194,
            0.06742454320192337,
            -0.04051506519317627
        ],
        [
            0.09003876894712448,
            0.06694085896015167,
            -0.05186031386256218
        ],
        [
            0.09536062926054001,
            0.053715433925390244,
            -0.04900575429201126
        ],
        [
            0.0823257640004158,
            0.061332330107688904,
            -0.05360884219408035
        ],
        [
            0.07161393761634827,
            0.03950824216008186,
            -0.03509943559765816
        ],
        [
            0.06401729583740234,
            0.03720558434724808,
            -0.02378717064857483
        ],
        [
            0.05698026716709137,
            0.05096643045544624,
            -0.02922217547893524
        ],
        [
            0.0655539408326149,
            0.05250033363699913,
            -0.03979665786027908
        ],
        [
            0.05241015926003456,
            0.046236611902713776,
            -0.009549139998853207
        ],
        [
            0.05420723557472229,
            0.04948708787560463,
            -0.020724115893244743
        ],
        [
            0.06056329980492592,
            0.035008516162633896,
            -0.015736907720565796
        ],
        [
            0.05865951627492905,
            0.032939549535512924,
            -0.005849066190421581
        ],
        [
            0.09002188593149185,
            0.047551460564136505,
            -0.007869256660342216
        ],
        [
            0.09457066655158997,
            0.039738547056913376,
            -0.002463247627019882
        ],
        [
            0.09670476615428925,
            0.0417964942753315,
            -0.00808272510766983
        ],
        [
            0.09278782457113266,
            0.04925892874598503,
            -0.01275496743619442
        ],
        [
            0.11781706660985947,
            0.06517939269542694,
            -0.035452257841825485
        ],
        [
            0.11333650350570679,
            0.05294153094291687,
            -0.04132585972547531
        ],
        [
            0.10867424309253693,
            0.059315480291843414,
            -0.039617378264665604
        ],
        [
            0.11628416925668716,
            0.06833061575889587,
            -0.030896306037902832
        ],
        [
            0.1049455851316452,
            0.02386350929737091,
            0.02043669857084751
        ],
        [
            0.10761582106351852,
            0.010598786175251007,
            0.021195773035287857
        ],
        [
            0.11063188314437866,
            0.01025206595659256,
            0.016123328357934952
        ],
        [
            0.10706640779972076,
            0.022247418761253357,
            0.016190871596336365
        ],
        [
            0.1226879358291626,
            0.01835891604423523,
            0.00034290552139282227
        ],
        [
            0.12068506330251694,
            0.008225634694099426,
            0.0014444030821323395
        ],
        [
            0.12343773245811462,
            -0.0012956857681274414,
            -0.007812365889549255
        ],
        [
            0.12487722933292389,
            0.007933273911476135,
            -0.012045532464981079
        ],
        [
            0.1258825957775116,
            0.029012341052293777,
            -0.0028798431158065796
        ],
        [
            0.12983401119709015,
            0.020211897790431976,
            -0.01298661157488823
        ],
        [
            0.13349518179893494,
            0.03228450566530228,
            -0.01520402729511261
        ],
        [
            0.13630683720111847,
            0.049484070390462875,
            -0.0199848972260952
        ],
        [
            0.09885670244693756,
            0.009470418095588684,
            0.030574504286050797
        ],
        [
            0.09605558216571808,
            0.01921001821756363,
            0.03166917711496353
        ],
        [
            0.06987716257572174,
            0.1142130196094513,
            -0.0477801151573658
        ],
        [
            0.06697961688041687,
            0.11428645998239517,
            -0.042685750871896744
        ],
        [
            0.06938508152961731,
            0.10993509739637375,
            -0.042902857065200806
        ],
        [
            0.0714046061038971,
            0.11060486733913422,
            -0.04827296361327171
        ],
        [
            0.07869774103164673,
            0.007367849349975586,
            0.030326740816235542
        ],
        [
            0.07225077599287033,
            0.0024214908480644226,
            0.024242734536528587
        ],
        [
            0.07583918422460556,
            -0.0026004910469055176,
            0.028159046545624733
        ],
        [
            0.08312779664993286,
            0.0016130730509757996,
            0.0324370339512825
        ],
        [
            0.07299372553825378,
            0.015067383646965027,
            0.027485191822052002
        ],
        [
            0.06800681352615356,
            0.009783633053302765,
            0.018719179555773735
        ],
        [
            0.06139485165476799,
            0.1133827418088913,
            -0.057400863617658615
        ],
        [
            0.06626163423061371,
            0.11442030221223831,
            -0.05598890781402588
        ],
        [
            0.06657157838344574,
            0.10947214812040329,
            -0.057023126631975174
        ],
        [
            0.06173901632428169,
            0.10765165090560913,
            -0.05737508460879326
        ],
        [
            0.0972152054309845,
            0.06653449684381485,
            -0.033358871936798096
        ],
        [
            0.09358072280883789,
            0.06282106786966324,
            -0.02531624585390091
        ],
        [
            0.08665396273136139,
            0.07954182475805283,
            -0.040757764130830765
        ],
        [
            0.08817419409751892,
            0.0721873864531517,
            -0.03411174938082695
        ],
        [
            0.09244952350854874,
            0.07125882059335709,
            -0.040073610842227936
        ],
        [
            0.08953352272510529,
            0.07678624987602234,
            -0.04570183902978897
        ],
        [
            0.0768473818898201,
            0.0652896836400032,
            -0.014094026759266853
        ],
        [
            0.08241701126098633,
            0.05571545660495758,
            -0.009865069761872292
        ],
        [
            0.08507204800844193,
            0.05771232023835182,
            -0.015698064118623734
        ],
        [
            0.08042274415493011,
            0.06862618029117584,
            -0.021260444074869156
        ],
        [
            0.07737190276384354,
            0.05517222359776497,
            0.0034211594611406326
        ],
        [
            0.07200343161821365,
            0.06446273624897003,
            -0.0020130574703216553
        ],
        [
            0.06972695887088776,
            0.06321660429239273,
            0.006166413426399231
        ],
        [
            0.07461529970169067,
            0.05729597806930542,
            0.009028596803545952
        ],
        [
            0.06376773118972778,
            0.08003484457731247,
            -0.014509172178804874
        ],
        [
            0.05858764424920082,
            0.08474026620388031,
            -0.018828269094228745
        ],
        [
            0.056150004267692566,
            0.08527617901563644,
            -0.01591830886900425
        ],
        [
            0.06173796206712723,
            0.07928121834993362,
            -0.01129826344549656
        ],
        [
            0.07890753448009491,
            -0.008267402648925781,
            0.031119413673877716
        ],
        [
            0.08752293884754181,
            -0.004088476300239563,
            0.0334838330745697
        ],
        [
            0.04947095736861229,
            0.044662777334451675,
            0.011664288118481636
        ],
        [
            0.0538402758538723,
            0.044849902391433716,
            0.021921012550592422
        ],
        [
            0.046545132994651794,
            0.05540881305932999,
            0.02038716897368431
        ],
        [
            0.043982043862342834,
            0.052301015704870224,
            0.009870480746030807
        ],
        [
            0.0700974315404892,
            -0.0002562329173088074,
            0.014370348304510117
        ],
        [
            0.07178688049316406,
            -0.005965836346149445,
            0.019510973244905472
        ],
        [
            0.05577968433499336,
            0.11246055364608765,
            -0.05507148057222366
        ],
        [
            0.05687061697244644,
            0.106491319835186,
            -0.05411044508218765
        ],
        [
            0.12873773276805878,
            0.02454569935798645,
            -0.0259438157081604
        ],
        [
            0.1341841220855713,
            0.04574161022901535,
            -0.028736598789691925
        ],
        [
            0.12295348942279816,
            0.009916365146636963,
            -0.022334016859531403
        ],
        [
            0.118273064494133,
            0.00039748847484588623,
            -0.019057322293519974
        ],
        [
            0.11733894795179367,
            -0.007860131561756134,
            -0.01600043475627899
        ],
        [
            0.08307086676359177,
            0.07524240016937256,
            -0.0308685339987278
        ],
        [
            0.09050124138593674,
            0.056944672018289566,
            -0.018463049083948135
        ],
        [
            0.08785554021596909,
            0.04672837257385254,
            -0.003173723816871643
        ],
        [
            0.07580959051847458,
            0.05039164423942566,
            0.025094352662563324
        ],
        [
            0.08160147070884705,
            0.042090702801942825,
            0.028736557811498642
        ],
        [
            0.08516716957092285,
            0.04586491733789444,
            0.019416136667132378
        ],
        [
            0.07888767123222351,
            0.05199040472507477,
            0.017873341217637062
        ],
        [
            0.05967635288834572,
            0.050339702516794205,
            0.027510300278663635
        ],
        [
            0.06522943824529648,
            0.05588436499238014,
            0.025716183707118034
        ],
        [
            0.05946934223175049,
            0.0631943866610527,
            0.022939808666706085
        ],
        [
            0.05328933149576187,
            0.05903540924191475,
            0.02492542564868927
        ],
        [
            0.12393710017204285,
            0.06296154856681824,
            -0.03921201080083847
        ],
        [
            0.11913827061653137,
            0.04787672683596611,
            -0.041859254240989685
        ],
        [
            0.08740163594484329,
            0.012635231018066406,
            0.03337819129228592
        ],
        [
            0.09209530055522919,
            0.006408803164958954,
            0.03304354473948479
        ],
        [
            0.09488683193922043,
            -0.0015910863876342773,
            0.03340541943907738
        ],
        [
            0.10071904957294464,
            0.031999293714761734,
            0.008152436465024948
        ],
        [
            0.10857617855072021,
            0.021175630390644073,
            0.013256799429655075
        ],
        [
            0.1105307936668396,
            0.022028401494026184,
            0.009550284594297409
        ],
        [
            0.10096795856952667,
            0.03189168497920036,
            0.004459738731384277
        ],
        [
            0.10673220455646515,
            0.04228638857603073,
            -0.005973484367132187
        ],
        [
            0.1149977371096611,
            0.03407515212893486,
            0.0006896369159221649
        ],
        [
            0.11130518466234207,
            0.052269235253334045,
            -0.00872737541794777
        ],
        [
            0.11536863446235657,
            0.008274480700492859,
            0.009874284267425537
        ],
        [
            0.11461963504552841,
            0.000917285680770874,
            0.018014080822467804
        ],
        [
            0.11895066499710083,
            -0.0005046650767326355,
            0.010358553379774094
        ],
        [
            0.1082458347082138,
            0.0006562396883964539,
            0.0254904143512249
        ],
        [
            0.10140679776668549,
            -4.83095645904541e-05,
            0.031204193830490112
        ],
        [
            0.07212253659963608,
            -0.01378323882818222,
            0.022877950221300125
        ],
        [
            0.1215076893568039,
            -0.0017372071743011475,
            0.0024894140660762787
        ],
        [
            0.12864184379577637,
            0.0657297819852829,
            -0.013066284358501434
        ],
        [
            0.13060644268989563,
            0.07274278253316879,
            -0.017846599221229553
        ],
        [
            0.12349531054496765,
            0.07317313551902771,
            -0.018159329891204834
        ],
        [
            0.12109652906656265,
            0.06713733822107315,
            -0.014719819650053978
        ],
        [
            0.08255382627248764,
            0.07287242263555527,
            -0.05613498017191887
        ],
        [
            0.08796299993991852,
            0.07596958428621292,
            -0.0515974722802639
        ],
        [
            0.09416091442108154,
            0.06919953972101212,
            -0.04675369709730148
        ],
        [
            0.09751150012016296,
            0.032793790102005005,
            0.021456506103277206
        ],
        [
            0.09046942740678787,
            0.028550270944833755,
            0.03104931116104126
        ],
        [
            0.08126693218946457,
            0.08216463774442673,
            -0.037646181881427765
        ],
        [
            0.06176961958408356,
            0.10266983509063721,
            -0.057748254388570786
        ],
        [
            0.06728881597518921,
            0.1046137660741806,
            -0.05759304016828537
        ],
        [
            0.07457973062992096,
            0.08785521984100342,
            -0.05761159583926201
        ],
        [
            0.06795606017112732,
            0.08626897633075714,
            -0.05803763493895531
        ],
        [
            0.07041899859905243,
            0.08650046586990356,
            -0.03901227191090584
        ],
        [
            0.07767152786254883,
            0.0856713354587555,
            -0.03890608251094818
        ],
        [
            0.07496891170740128,
            0.0873829796910286,
            -0.039135221391916275
        ],
        [
            0.0687573030591011,
            0.08850718289613724,
            -0.03733042627573013
        ],
        [
            0.054656460881233215,
            0.08206448704004288,
            -0.007262897677719593
        ],
        [
            0.059457793831825256,
            0.0771648958325386,
            -0.003194366581737995
        ],
        [
            0.06094059720635414,
            0.06752076745033264,
            -0.042435821145772934
        ],
        [
            0.06765036284923553,
            0.0639367625117302,
            -0.053348515182733536
        ],
        [
            0.07366546988487244,
            0.05475607514381409,
            -0.0489635095000267
        ],
        [
            0.0742519423365593,
            0.06390532851219177,
            -0.007195701822638512
        ],
        [
            0.06880685687065125,
            0.07269424945116043,
            -0.010293686762452126
        ],
        [
            0.06685619056224823,
            0.0722813680768013,
            -0.006577266380190849
        ],
        [
            0.07889334112405777,
            0.07790422439575195,
            -0.030017726123332977
        ],
        [
            0.07586461305618286,
            0.08322665095329285,
            -0.03472154960036278
        ],
        [
            0.07357659935951233,
            0.08156672865152359,
            -0.03038864955306053
        ],
        [
            0.07632309943437576,
            0.07598632574081421,
            -0.025329452008008957
        ],
        [
            0.05982062965631485,
            0.033313002437353134,
            0.024014433845877647
        ],
        [
            0.06660307198762894,
            0.03970470651984215,
            0.030954614281654358
        ],
        [
            0.06949330121278763,
            0.114506796002388,
            -0.0525825209915638
        ],
        [
            0.07030303031206131,
            0.11033463478088379,
            -0.05351245775818825
        ],
        [
            0.07976531237363815,
            0.05452515557408333,
            -0.003205263987183571
        ],
        [
            0.08043186366558075,
            0.04354080557823181,
            -0.04288334771990776
        ],
        [
            0.0858122855424881,
            0.046197663992643356,
            0.0019749030470848083
        ],
        [
            0.043698616325855255,
            0.06532782316207886,
            -0.0043266089633107185
        ],
        [
            0.04521571099758148,
            0.07050718367099762,
            0.0006748535670340061
        ],
        [
            0.04337288811802864,
            0.07522289454936981,
            -0.0028514578007161617
        ],
        [
            0.04017141833901405,
            0.07204647362232208,
            -0.007061483338475227
        ],
        [
            0.061439208686351776,
            0.10199669003486633,
            -0.038003575056791306
        ],
        [
            0.06665339320898056,
            0.10437507927417755,
            -0.03839264065027237
        ],
        [
            0.06469210237264633,
            0.10881754755973816,
            -0.03881540149450302
        ],
        [
            0.05911445617675781,
            0.1071624606847763,
            -0.03876375034451485
        ],
        [
            0.08226530998945236,
            0.0851227268576622,
            -0.042511794716119766
        ],
        [
            0.0853131115436554,
            0.08339911699295044,
            -0.04795994609594345
        ],
        [
            0.081244096159935,
            0.08933082967996597,
            -0.047789931297302246
        ],
        [
            0.07831433415412903,
            0.08890155702829361,
            -0.04267805814743042
        ],
        [
            0.08274620026350021,
            0.08259338140487671,
            -0.05370742082595825
        ],
        [
            0.07947411388158798,
            0.08871221542358398,
            -0.053740207105875015
        ],
        [
            0.056473903357982635,
            0.10000083595514297,
            -0.04173316806554794
        ],
        [
            0.05442535877227783,
            0.09932847321033478,
            -0.048957135528326035
        ],
        [
            0.05934460833668709,
            0.08467984944581985,
            -0.04777614027261734
        ],
        [
            0.062050264328718185,
            0.08814264833927155,
            -0.0409439392387867
        ],
        [
            0.06425026059150696,
            0.019416451454162598,
            -0.0027617309242486954
        ],
        [
            0.06198424845933914,
            0.019635088741779327,
            0.00818431656807661
        ],
        [
            0.05627112463116646,
            0.03306690230965614,
            0.005371956154704094
        ],
        [
            0.049837030470371246,
            0.04548509791493416,
            0.0027249865233898163
        ],
        [
            0.045099321752786636,
            0.05789986625313759,
            -0.00025965459644794464
        ],
        [
            0.04619847983121872,
            0.05671847611665726,
            -0.0123551394790411
        ],
        [
            0.0559278205037117,
            0.03237469494342804,
            0.01346905529499054
        ],
        [
            0.06217201426625252,
            0.08185455948114395,
            -0.0409582257270813
        ],
        [
            0.06283822655677795,
            0.07516276091337204,
            -0.046902164816856384
        ],
        [
            0.05983904376626015,
            0.07553113996982574,
            -0.042755212634801865
        ],
        [
            0.08387462794780731,
            0.047231659293174744,
            0.00913587212562561
        ],
        [
            0.07143006473779678,
            0.10580895096063614,
            -0.0544833168387413
        ],
        [
            0.09560053795576096,
            -0.006690464913845062,
            -0.019750241190195084
        ],
        [
            0.08459771424531937,
            -0.00808897614479065,
            -0.01185569353401661
        ],
        [
            0.08355270326137543,
            -0.00035206228494644165,
            -0.015939587727189064
        ],
        [
            0.09657883644104004,
            0.0018417611718177795,
            -0.02440178208053112
        ],
        [
            0.07176448404788971,
            0.1059093028306961,
            -0.042734965682029724
        ],
        [
            0.07379467785358429,
            0.10661137104034424,
            -0.04866592958569527
        ],
        [
            0.05544260889291763,
            0.0774822011590004,
            0.0023382706567645073
        ],
        [
            0.051509857177734375,
            0.08095134049654007,
            -0.002444484271109104
        ],
        [
            0.04768805205821991,
            0.08027471601963043,
            -0.0014162883162498474
        ],
        [
            0.050315141677856445,
            0.07873830199241638,
            0.005421754904091358
        ],
        [
            0.06222920119762421,
            0.018965117633342743,
            0.014098051935434341
        ],
        [
            0.04230339825153351,
            0.06232718378305435,
            0.018681518733501434
        ],
        [
            0.04005611687898636,
            0.05929889902472496,
            0.009921508841216564
        ],
        [
            0.0671633929014206,
            0.007813170552253723,
            0.010260701179504395
        ],
        [
            0.06870410591363907,
            0.00718274712562561,
            0.0005769450217485428
        ],
        [
            0.07172197103500366,
            -0.0015894696116447449,
            0.0035572871565818787
        ],
        [
            0.04902619495987892,
            0.06487898528575897,
            -0.025504864752292633
        ],
        [
            0.06588248163461685,
            0.021523550152778625,
            -0.011053318157792091
        ],
        [
            0.07099594920873642,
            0.008718729019165039,
            -0.006617940962314606
        ],
        [
            0.07470609992742538,
            -0.0017214491963386536,
            -0.003407331183552742
        ],
        [
            0.07657215744256973,
            -0.009411327540874481,
            -0.0007282663136720657
        ],
        [
            0.07322870939970016,
            -0.008406631648540497,
            0.006697680801153183
        ],
        [
            0.05703991651535034,
            0.10089093446731567,
            -0.05391205847263336
        ],
        [
            0.052982207387685776,
            0.10557959228754044,
            -0.048868510872125626
        ],
        [
            0.07347849011421204,
            -0.01691833883523941,
            0.009891126304864883
        ],
        [
            0.07779385894536972,
            -0.017401643097400665,
            0.0016247089952230453
        ],
        [
            0.07506833225488663,
            0.010233551263809204,
            -0.014805447310209274
        ],
        [
            0.08167295902967453,
            0.012763649225234985,
            -0.024179914966225624
        ],
        [
            0.07008767127990723,
            0.02270057052373886,
            -0.018653634935617447
        ],
        [
            0.07584501057863235,
            0.02610926702618599,
            -0.0283212810754776
        ],
        [
            0.0526772178709507,
            0.060664210468530655,
            -0.034444522112607956
        ],
        [
            0.05023187771439552,
            0.12392443418502808,
            -0.045407503843307495
        ],
        [
            0.051998648792505264,
            0.11215348541736603,
            -0.04414236173033714
        ],
        [
            0.05615570396184921,
            0.11257058382034302,
            -0.04007216542959213
        ],
        [
            0.05182596296072006,
            0.12328676879405975,
            -0.04126019775867462
        ],
        [
            0.05458945035934448,
            0.10579879581928253,
            -0.04235706850886345
        ],
        [
            0.0518803633749485,
            0.11162827908992767,
            -0.04990094155073166
        ],
        [
            0.08784468472003937,
            0.030674461275339127,
            -0.0376175157725811
        ],
        [
            0.06850135326385498,
            0.0866210088133812,
            -0.03500652313232422
        ],
        [
            0.09802158921957016,
            0.01746334135532379,
            -0.0328671857714653
        ],
        [
            0.1006331741809845,
            0.04127679020166397,
            -0.04590363800525665
        ],
        [
            0.10992540419101715,
            0.032628390938043594,
            -0.040830571204423904
        ],
        [
            0.11001287400722504,
            0.0048179030418396,
            -0.02770071290433407
        ],
        [
            0.11785086989402771,
            0.019611991941928864,
            -0.03393807262182236
        ],
        [
            0.10732579231262207,
            -0.01129157841205597,
            -0.018930256366729736
        ],
        [
            0.1069144755601883,
            -0.003385111689567566,
            -0.023004699498414993
        ],
        [
            0.12529072165489197,
            0.03635480999946594,
            -0.03657287359237671
        ],
        [
