{
    "pred_cam": [
        7.835988998413086,
        -0.10466649383306503,
        -0.07207381725311279
    ],
    "pred_mano_params": {
        "global_orient": [
            [
                [
                    0.25618961453437805,
                    -0.8384883999824524,
                    0.48094096779823303
                ],
                [
                    -0.9238443970680237,
                    -0.35877591371536255,
                    -0.1333846002817154
                ],
                [
                    0.28439146280288696,
                    -0.41014283895492554,
                    -0.8665474653244019
                ]
            ]
        ],
        "hand_pose": [
            [
                [
                    0.7330421805381775,
                    -0.6462214589118958,
                    -0.2122429460287094
                ],
                [
                    0.634757399559021,
                    0.762050211429596,
                    -0.1279160976409912
                ],
                [
                    0.24440191686153412,
                    -0.040954895317554474,
                    0.9688088297843933
                ]
            ],
            [
                [
                    0.8719586730003357,
                    -0.42489156126976013,
                    0.24321843683719635
                ],
                [
                    0.47136226296424866,
                    0.8628464937210083,
                    -0.18252001702785492
                ],
                [
                    -0.1323089599609375,
                    0.27379390597343445,
                    0.9526443481445312
                ]
            ],
            [
                [
                    0.7655248045921326,
                    -0.6407985687255859,
                    -0.05787070095539093
                ],
                [
                    0.6155006885528564,
                    0.7555561065673828,
                    -0.2242630124092102
                ],
                [
                    0.18743197619915009,
                    0.13605943322181702,
                    0.9728088974952698
                ]
            ],
            [
                [
                    0.6850873827934265,
                    -0.710208535194397,
                    -0.16204650700092316
                ],
                [
                    0.725080668926239,
                    0.6862274408340454,
                    0.05787902697920799
                ],
                [
                    0.07009456306695938,
                    -0.15714898705482483,
                    0.9850842356681824
                ]
            ],
            [
                [
                    0.5997027158737183,
                    -0.7694566249847412,
                    -0.21975690126419067
                ],
                [
                    0.7976086735725403,
                    0.5525822639465332,
                    0.24181243777275085
                ],
                [
                    -0.064630426466465,
                    -0.3202955722808838,
                    0.9451103806495667
                ]
            ],
            [
                [
                    0.8179860711097717,
                    -0.5128165483474731,
                    -0.260610431432724
                ],
                [
                    0.5457549691200256,
                    0.8350284695625305,
                    0.06984981894493103
                ],
                [
                    0.18179698288440704,
                    -0.19936564564704895,
                    0.9629138112068176
                ]
            ],
            [
                [
                    0.4895480275154114,
                    -0.6698698401451111,
                    0.5582267045974731
                ],
                [
                    0.49768784642219543,
                    0.7403192520141602,
                    0.45192280411720276
                ],
                [
                    -0.7159954309463501,
                    0.05658474564552307,
                    0.6958078742027283
                ]
            ],
            [
                [
                    0.7530121803283691,
                    -0.6012627482414246,
                    -0.2673121392726898
                ],
                [
                    0.6567846536636353,
                    0.6620525121688843,
                    0.360999196767807
                ],
                [
                    -0.04008070006966591,
                    -0.4474033713340759,
                    0.8934337496757507
                ]
            ],
            [
                [
                    0.836631715297699,
                    -0.543886661529541,
                    0.06507306545972824
                ],
                [
                    0.5027523040771484,
                    0.8096038699150085,
                    0.3029550611972809
                ],
                [
                    -0.2174566388130188,
                    -0.2207462191581726,
                    0.9507805705070496
                ]
            ],
            [
                [
                    0.6904954314231873,
                    -0.7040666937828064,
                    0.16584937274456024
                ],
                [
                    0.6946640610694885,
                    0.7093740105628967,
                    0.11929069459438324
                ],
                [
                    -0.201637864112854,
                    0.03283991664648056,
                    0.9789093136787415
                ]
            ],
            [
                [
                    0.637813150882721,
                    -0.727194607257843,
                    -0.2537367641925812
                ],
                [
                    0.7526423335075378,
                    0.5185598134994507,
                    0.4057404398918152
                ],
                [
                    -0.16347461938858032,
                    -0.4497596025466919,
                    0.8780617117881775
                ]
            ],
            [
                [
                    0.7859433889389038,
                    -0.5492919683456421,
                    -0.2838509976863861
                ],
                [
                    0.6047824025154114,
                    0.7784287333488464,
                    0.16818688809871674
                ],
                [
                    0.12857410311698914,
                    -0.30385345220565796,
                    0.9440030455589294
                ]
            ],
            [
                [
                    0.9703362584114075,
                    -0.20123977959156036,
                    -0.13397787511348724
                ],
                [
                    -0.07777978479862213,
                    0.26485681533813477,
                    -0.9611456990242004
                ],
                [
                    0.22890572249889374,
                    0.9430553317070007,
                    0.2413477897644043
                ]
            ],
            [
                [
                    0.9532962441444397,
                    -0.2553974390029907,
                    -0.16124066710472107
                ],
                [
                    0.29959675669670105,
                    0.7318544983863831,
                    0.6120709180831909
                ],
                [
                    -0.03831658884882927,
                    -0.6317920088768005,
                    0.774190366268158
                ]
            ],
            [
                [
                    0.9638105034828186,
                    0.26577287912368774,
                    0.020836900919675827
                ],
                [
                    -0.26654472947120667,
                    0.9621202349662781,
                    0.05725783854722977
                ],
                [
                    -0.004830022342503071,
                    -0.060739666223526,
                    0.9981419444084167
                ]
            ]
        ],
        "betas": [
            -0.02883782982826233,
            -0.048839688301086426,
            -0.09237375855445862,
            0.03410211205482483,
            0.0595879852771759,
            -0.04793248325586319,
            0.03407296538352966,
            -0.043196648359298706,
            -0.028712958097457886,
            -0.049619853496551514
        ]
    },
    "pred_cam_t": [
        -0.10466649383306503,
        -0.07207381725311279,
        4.985012054443359
    ],
    "focal_length": [
        5000.0,
        5000.0
    ],
    "pred_keypoints_3d": [
        [
            0.09593449532985687,
            0.006407789420336485,
            0.006197702139616013
        ],
        [
            0.1152208000421524,
            0.030848253518342972,
            -0.016681674867868423
        ],
        [
            0.1280873715877533,
            0.05892951413989067,
            -0.016189757734537125
        ],
        [
            0.1321592926979065,
            0.08575813472270966,
            -0.014633187092840672
        ],
        [
            0.1361982226371765,
            0.11962830275297165,
            -0.0269324854016304
        ],
        [
            0.08760826289653778,
            0.0871349349617958,
            -0.034670934081077576
        ],
        [
            0.09287475049495697,
            0.11945028603076935,
            -0.02975284680724144
        ],
        [
            0.10799568891525269,
            0.13358020782470703,
            -0.02152138203382492
        ],
        [
            0.12527333199977875,
            0.13755598664283752,
            -0.0030694790184497833
        ],
        [
            0.07124905288219452,
            0.09504547715187073,
            -0.017220724374055862
        ],
        [
            0.08002179116010666,
            0.12401237338781357,
            -0.007612759247422218
        ],
        [
            0.10070252418518066,
            0.12616172432899475,
            0.002966916188597679
        ],
        [
            0.12146589905023575,
            0.11708338558673859,
            0.015481865033507347
        ],
        [
            0.0654294490814209,
            0.08708371967077255,
            0.007649252191185951
        ],
        [
            0.0759640485048294,
            0.11398681998252869,
            0.00843995064496994
        ],
        [
            0.09759163111448288,
            0.1163741797208786,
            0.020479999482631683
        ],
        [
            0.11666317284107208,
            0.10645700991153717,
            0.03462139889597893
        ],
        [
            0.06583689153194427,
            0.07949774712324142,
            0.02810530923306942
        ],
        [
            0.07540561258792877,
            0.09831012785434723,
            0.026439208537340164
        ],
        [
            0.09142644703388214,
            0.10434634983539581,
            0.034733302891254425
        ],
        [
            0.10738467425107956,
            0.10000459104776382,
            0.04274589568376541
        ]
    ],
    "pred_vertices": [
        [
            0.10482936352491379,
            0.05644621700048447,
            -0.014774641022086143
        ],
        [
            0.107395701110363,
            0.04668246954679489,
            -0.010362071916460991
        ],
        [
            0.11104022711515427,
            0.05408015474677086,
            -0.012083571404218674
        ],
        [
            0.10884758830070496,
            0.0621662475168705,
            -0.019346997141838074
        ],
        [
            0.1228141114115715,
            0.03980015590786934,
            0.0002219676971435547
        ],
        [
            0.13152647018432617,
            0.03335465490818024,
            -0.004858650267124176
        ],
        [
            0.1349639743566513,
            0.049548935145139694,
            -0.006028776988387108
        ],
        [
            0.1275354027748108,
            0.05253513529896736,
            -0.00012846849858760834
        ],
        [
            0.1107896938920021,
            0.06693001836538315,
            -0.022657690569758415
        ],
        [
            0.11454731971025467,
            0.060780689120292664,
            -0.012895733118057251
        ],
        [
            0.11070747673511505,
            0.06726471334695816,
            -0.0239984430372715
        ],
        [
            0.10201683640480042,
            0.06998568773269653,
            -0.03739737346768379
        ],
        [
            0.10495010018348694,
            0.07126373052597046,
            -0.03201843798160553
        ],
        [
            0.09589774161577225,
            0.07460625469684601,
            -0.04219314455986023
        ],
        [
            0.09756448864936829,
            0.061201754957437515,
            -0.0410882942378521
        ],
        [
            0.08688309788703918,
            0.07201893627643585,
            -0.04380038008093834
        ],
        [
            0.07465601712465286,
            0.05040546879172325,
            -0.026499859988689423
        ],
        [
            0.06842347234487534,
            0.04832235351204872,
            -0.014302201569080353
        ],
        [
            0.06310443580150604,
            0.06474871933460236,
            -0.017170768231153488
        ],
        [
            0.0706523135304451,
            0.06552417576313019,
            -0.028865354135632515
        ],
        [
            0.06057818979024887,
            0.05849485099315643,
            0.002753910841420293
        ],
        [
            0.06160566955804825,
            0.06269319355487823,
            -0.008317683823406696
        ],
        [
            0.06576787680387497,
            0.045914825052022934,
            -0.0059699565172195435
        ],
        [
            0.0647997185587883,
            0.04300582781434059,
            0.003845294937491417
        ],
        [
            0.09861625730991364,
            0.04927430301904678,
            -0.0022034980356693268
        ],
        [
            0.10187963396310806,
            0.039591774344444275,
            0.0011860337108373642
        ],
        [
            0.10321333259344101,
            0.04118787869811058,
            -0.004651201888918877
        ],
        [
            0.10074853152036667,
            0.05073046684265137,
            -0.007307974621653557
        ],
        [
            0.11937133967876434,
            0.06797061860561371,
            -0.024331655353307724
        ],
        [
            0.1140841394662857,
            0.05705385282635689,
            -0.03386988490819931
        ],
        [
            0.11045780032873154,
            0.06305426359176636,
            -0.030704665929079056
        ],
        [
            0.1182418167591095,
            0.06988281011581421,
            -0.019100278615951538
        ],
        [
            0.1110549122095108,
            0.018939010798931122,
            0.02034083940088749
        ],
        [
            0.11017832159996033,
            0.005444705486297607,
            0.019236404448747635
        ],
        [
            0.11226613819599152,
            0.005082748830318451,
            0.013657303526997566
        ],
        [
            0.11219510436058044,
            0.0173458531498909,
            0.015478385612368584
        ],
        [
            0.12396406382322311,
            0.012878529727458954,
            -0.0027162209153175354
        ],
        [
            0.1197793185710907,
            0.003201015293598175,
            -0.0027571842074394226
        ],
        [
            0.11849287152290344,
            -0.00476643443107605,
            -0.013008248060941696
        ],
        [
            0.12216498702764511,
            0.005176261067390442,
            -0.01592877507209778
        ],
        [
            0.12788766622543335,
            0.023328475654125214,
            -0.004044506698846817
        ],
        [
            0.1293889880180359,
            0.016952529549598694,
            -0.015535617247223854
        ],
        [
            0.1341703236103058,
            0.029462628066539764,
            -0.01496271975338459
        ],
        [
            0.13739013671875,
            0.04768272489309311,
            -0.014629221521317959
        ],
        [
            0.10290541499853134,
            0.005083911120891571,
            0.029809359461069107
        ],
        [
            0.10298222303390503,
            0.014994248747825623,
            0.032453954219818115
        ],
        [
            0.10467405617237091,
            0.11640852689743042,
            -0.028473231941461563
        ],
        [
            0.10296010971069336,
            0.1169307678937912,
            -0.022826245054602623
        ],
        [
            0.10206305980682373,
            0.11298208683729172,
            -0.024019915610551834
        ],
        [
            0.10363824665546417,
            0.11360860615968704,
            -0.02959502674639225
        ],
        [
            0.08310927450656891,
            0.00795494019985199,
            0.032972656190395355
        ],
        [
            0.0748540535569191,
            0.005648091435432434,
            0.027643481269478798
        ],
        [
            0.07750561088323593,
            -0.0006362050771713257,
            0.030255349352955818
        ],
        [
            0.08614212274551392,
            0.001026943325996399,
            0.0335976667702198
        ],
        [
            0.07916277647018433,
            0.017112694680690765,
            0.03209401294589043
        ],
        [
            0.07187508046627045,
            0.014561660587787628,
            0.023823458701372147
        ],
        [
            0.09799094498157501,
            0.12458598613739014,
            -0.035883691161870956
        ],
        [
            0.10211770236492157,
            0.12151459604501724,
            -0.03543802723288536
        ],
        [
            0.0988711416721344,
            0.11841633915901184,
            -0.03726441413164139
        ],
        [
            0.09418244659900665,
            0.12035748362541199,
            -0.03688991442322731
        ],
        [
            0.10547775030136108,
            0.06933872401714325,
            -0.02571241371333599
        ],
        [
            0.10282628983259201,
            0.06544777005910873,
            -0.018084052950143814
        ],
        [
            0.09865468740463257,
            0.08367487788200378,
            -0.02970244362950325
        ],
        [
            0.0989493578672409,
            0.076851025223732,
            -0.024856697767972946
        ],
        [
            0.10150895267724991,
            0.07563672959804535,
            -0.03120289370417595
        ],
        [
            0.09996233135461807,
            0.08132606744766235,
            -0.035182468593120575
        ],
        [
            0.08964668959379196,
            0.07014568150043488,
            -0.004118963144719601
        ],
        [
            0.093153215944767,
            0.05918683484196663,
            -0.0019400455057621002
        ],
        [
            0.09528277814388275,
            0.061301782727241516,
            -0.007910806685686111
        ],
        [
            0.09285800904035568,
            0.07353020459413528,
            -0.01141210924834013
        ],
        [
            0.090199314057827,
            0.05779165402054787,
            0.011880550533533096
        ],
        [
            0.08655381202697754,
            0.06850676238536835,
            0.008422348648309708
        ],
        [
            0.08523797988891602,
            0.06641113013029099,
            0.01667841523885727
        ],
        [
            0.0889400914311409,
            0.05952240526676178,
            0.018068168312311172
        ],
        [
            0.0811614990234375,
            0.08600744605064392,
            -0.0007344954647123814
        ],
        [
            0.079135000705719,
            0.09142099320888519,
            -0.0029406468383967876
        ],
        [
            0.07865924388170242,
            0.09191638976335526,
            0.000327311921864748
        ],
        [
            0.0801793709397316,
            0.08510889112949371,
            0.002776961773633957
        ],
        [
            0.07938945293426514,
            -0.0072777122259140015,
            0.03198365494608879
        ],
        [
            0.08901004493236542,
            -0.0056953877210617065,
            0.03322021663188934
        ],
        [
            0.06045834347605705,
            0.05431007593870163,
            0.024181319400668144
        ],
        [
            0.06644763052463531,
            0.05128846317529678,
            0.03323808312416077
        ],
        [
            0.06194448843598366,
            0.06456197798252106,
            0.03398866951465607
        ],
        [
            0.05609055981040001,
            0.06422010809183121,
            0.02384825050830841
        ],
        [
            0.07070735096931458,
            0.005065411329269409,
            0.01812390610575676
        ],
        [
            0.07155711948871613,
            -0.001604229211807251,
            0.022187966853380203
        ],
        [
            0.0935077965259552,
            0.12702488899230957,
            -0.03248957172036171
        ],
        [
            0.09001865237951279,
            0.12191249430179596,
            -0.032933201640844345
        ],
        [
            0.1278521865606308,
            0.025065116584300995,
            -0.026827247813344002
        ],
        [
            0.13466361165046692,
            0.046461112797260284,
            -0.024091610684990883
        ],
        [
            0.12004607915878296,
            0.009998656809329987,
            -0.025696203112602234
        ],
        [
            0.11307499557733536,
            0.00042907893657684326,
            -0.02317287027835846
        ],
        [
            0.10983551293611526,
            -0.008270151913166046,
            -0.020892756059765816
        ],
        [
            0.09534600377082825,
            0.08026091009378433,
            -0.020476266741752625
        ],
        [
            0.09967195987701416,
            0.059615109115839005,
            -0.011604681611061096
        ],
        [
            0.0971001461148262,
            0.04839172959327698,
            0.0027173515409231186
        ],
        [
            0.09049539268016815,
            0.05034702643752098,
            0.03293875232338905
        ],
        [
            0.09445298463106155,
            0.04068956896662712,
            0.034635189920663834
        ],
        [
            0.09762883186340332,
            0.04481417313218117,
            0.025213800370693207
        ],
        [
            0.0929521694779396,
            0.052220992743968964,
            0.025445308536291122
        ],
        [
            0.07458475977182388,
            0.053954798728227615,
            0.03823363408446312
        ],
        [
            0.08146804571151733,
            0.05774202570319176,
            0.036050960421562195
        ],
        [
            0.07751806825399399,
            0.06590758264064789,
            0.03512745350599289
        ],
        [
            0.07021263986825943,
            0.06437034159898758,
            0.037632353603839874
        ],
        [
            0.12515920400619507,
            0.06648072600364685,
            -0.028585953637957573
        ],
        [
            0.11910412460565567,
            0.05202154442667961,
            -0.035650353878736496
        ],
        [
            0.09321632236242294,
            0.010491661727428436,
            0.03497138246893883
        ],
        [
            0.09601980447769165,
            0.0034073740243911743,
            0.0331181101500988
        ],
        [
            0.09666029363870621,
            -0.005046643316745758,
            0.03210427984595299
        ],
        [
            0.10753131657838821,
            0.02913842350244522,
            0.009530894458293915
        ],
        [
            0.11308367550373077,
            0.01624584197998047,
            0.01205744780600071
        ],
        [
            0.11474762111902237,
            0.016946449875831604,
            0.007960440590977669
        ],
        [
            0.10724560916423798,
            0.029037274420261383,
            0.005497077479958534
        ],
        [
            0.11081526428461075,
            0.037649981677532196,
            -0.003267277032136917
        ],
        [
            0.11883483827114105,
            0.02804677188396454,
            0.000841829925775528
        ],
        [
            0.11422325670719147,
            0.04739291965961456,
            -0.002494595944881439
        ],
        [
            0.11551505327224731,
            0.0029981806874275208,
            0.0063769035041332245
        ],
        [
            0.11378860473632812,
            -0.005118273198604584,
            0.013782322406768799
        ],
        [
            0.11645197123289108,
            -0.006316676735877991,
            0.005361374467611313
        ],
        [
            0.10877935588359833,
            -0.0049346983432769775,
            0.02220965549349785
        ],
        [
            0.10295370221138,
            -0.004807822406291962,
            0.028941180557012558
        ],
        [
            0.07031522691249847,
            -0.009705953299999237,
            0.02457616664469242
        ],
        [
            0.11755197495222092,
            -0.006801895797252655,
            -0.0028340257704257965
        ],
        [
            0.13056303560733795,
            0.061530180275440216,
            -0.0027535464614629745
        ],
        [
            0.1329956203699112,
            0.06972608715295792,
            -0.0053037796169519424
        ],
        [
            0.12583987414836884,
            0.07081533223390579,
            -0.005278482101857662
        ],
        [
            0.12298502027988434,
            0.06377564370632172,
            -0.0035917405039072037
        ],
        [
            0.0914686843752861,
            0.08224844932556152,
            -0.04445429518818855
        ],
        [
            0.09786860644817352,
            0.08210200816392899,
            -0.040450021624565125
        ],
        [
            0.10119257867336273,
            0.07453730702400208,
            -0.03774404898285866
        ],
        [
            0.10639898478984833,
            0.029163062572479248,
            0.023652803152799606
        ],
        [
            0.09994335472583771,
            0.02536918967962265,
            0.033860668540000916
        ],
        [
            0.09505882859230042,
            0.08700022101402283,
            -0.025361664593219757
        ],
        [
            0.09107311069965363,
            0.11654321104288101,
            -0.038282644003629684
        ],
        [
            0.096567302942276,
            0.11446633189916611,
            -0.038814373314380646
        ],
        [
            0.09287978708744049,
            0.0967225506901741,
            -0.04300619661808014
        ],
        [
            0.08634963631629944,
            0.09923647344112396,
            -0.0426304005086422
        ],
        [
            0.08788494020700455,
            0.09415632486343384,
            -0.023993507027626038
        ],
        [
            0.09406666457653046,
            0.09056413173675537,
            -0.025247756391763687
        ],
        [
            0.09312207996845245,
            0.0926494300365448,
            -0.024778950959444046
        ],
        [
            0.08853693306446075,
            0.09640176594257355,
            -0.021776597946882248
        ],
        [
            0.07768851518630981,
            0.08835013955831528,
            0.008867534808814526
        ],
        [
            0.07917109876871109,
            0.0821017175912857,
            0.010980694554746151
        ],
        [
            0.06967529654502869,
            0.08159378916025162,
            -0.028815414756536484
        ],
        [
            0.07365597784519196,
            0.07898770272731781,
            -0.04158737137913704
        ],
        [
            0.07769008725881577,
            0.06706594675779343,
            -0.039208993315696716
        ],
        [
            0.08780977874994278,
            0.06834432482719421,
            0.0029158461838960648
        ],
        [
            0.08439936488866806,
            0.07810292392969131,
            0.0016961731016635895
        ],
        [
            0.08313645422458649,
            0.07741152495145798,
            0.005629474297165871
        ],
        [
            0.09238182753324509,
            0.08353227376937866,
            -0.018566235899925232
        ],
        [
            0.09072498977184296,
            0.08936642855405807,
            -0.021635832265019417
        ],
        [
            0.08852704614400864,
            0.08768290281295776,
            -0.017669254913926125
        ],
        [
            0.09029340744018555,
            0.08180829882621765,
            -0.013877494260668755
        ],
        [
            0.07012549042701721,
            0.03833780437707901,
            0.03304201364517212
        ],
        [
            0.07946766912937164,
            0.04167728126049042,
            0.03925704210996628
        ],
        [
            0.10447876155376434,
            0.11831473559141159,
            -0.03291614353656769
        ],
        [
            0.10238941013813019,
            0.11564666777849197,
            -0.03449942544102669
        ],
        [
            0.09133132547140121,
            0.05764332786202431,
            0.004903818480670452
        ],
        [
            0.08280346542596817,
            0.05356573313474655,
            -0.035067543387413025
        ],
        [
            0.09582731127738953,
            0.04763122275471687,
            0.00806702021509409
        ],
        [
            0.05965862795710564,
            0.0790259838104248,
            0.012066785246133804
        ],
        [
            0.06514924764633179,
            0.08210425078868866,
            0.0171554833650589
        ],
        [
            0.0668642669916153,
            0.08798026293516159,
            0.015921682119369507
        ],
        [
            0.0620708167552948,
            0.08811310678720474,
            0.01216550450772047
        ],
        [
            0.09113902598619461,
            0.11119203269481659,
            -0.019090134650468826
        ],
        [
            0.09671565890312195,
            0.10997071862220764,
            -0.020022112876176834
        ],
        [
            0.09805972874164581,
            0.11405135691165924,
            -0.019334400072693825
        ],
        [
            0.09281685203313828,
            0.11659441143274307,
            -0.018384218215942383
        ],
        [
            0.09778080135583878,
            0.08858848363161087,
            -0.029436226934194565
        ],
        [
            0.09948651492595673,
            0.08725938946008682,
            -0.03536902368068695
        ],
        [
            0.09955684095621109,
            0.09258706122636795,
            -0.03378768637776375
        ],
        [
            0.09685240685939789,
            0.0927676409482956,
            -0.028409961611032486
        ],
        [
            0.09695100784301758,
            0.08836214244365692,
            -0.04078199341893196
        ],
        [
            0.09757870435714722,
            0.09403403103351593,
            -0.03966178372502327
        ],
        [
            0.08593670278787613,
            0.11376778036355972,
            -0.0219174325466156
        ],
        [
            0.08389193564653397,
            0.11650400608778,
            -0.028573134914040565
        ],
        [
            0.0785655602812767,
            0.10060354322195053,
            -0.031095417216420174
        ],
        [
            0.08267029374837875,
            0.10056298971176147,
            -0.024254895746707916
        ],
        [
            0.06743320822715759,
            0.027975529432296753,
            0.004502566531300545
        ],
        [
            0.06693337857723236,
            0.0271080881357193,
            0.01563415490090847
        ],
        [
            0.06406322121620178,
            0.042050641030073166,
            0.015275842510163784
        ],
        [
            0.05980239808559418,
            0.056652653962373734,
            0.015167899429798126
        ],
        [
            0.05702672898769379,
            0.07058581709861755,
            0.014240103773772717
        ],
        [
            0.05597495287656784,
            0.07133329659700394,
            0.002145574428141117
        ],
        [
            0.06472089141607285,
            0.0401589572429657,
            0.023287909105420113
        ],
        [
            0.07866336405277252,
            0.09217841923236847,
            -0.024845587089657784
        ],
        [
            0.07509048283100128,
            0.08981448411941528,
            -0.03214774280786514
        ],
        [
            0.07327521592378616,
            0.08890032023191452,
            -0.02708294987678528
        ],
        [
            0.0952955111861229,
            0.047987230122089386,
            0.015539192594587803
        ],
        [
            0.10076745599508286,
            0.11212003231048584,
            -0.03636343032121658
        ],
        [
            0.08847039192914963,
            -0.0018614083528518677,
            -0.02065904065966606
        ],
        [
            0.07860002666711807,
            -0.00199136883020401,
            -0.010950007475912571
        ],
        [
            0.0790506973862648,
            0.0063093677163124084,
            -0.013965982012450695
        ],
        [
            0.09126455336809158,
            0.007034599781036377,
            -0.024592658504843712
        ],
        [
            0.10155250877141953,
            0.10932190716266632,
            -0.024942271411418915
        ],
        [
            0.10333137959241867,
            0.10989415645599365,
            -0.030966537073254585
        ],
        [
            0.07752188295125961,
            0.08273214846849442,
            0.01739143766462803
        ],
        [
            0.07606233656406403,
            0.0884050503373146,
            0.014438295736908913
        ],
        [
            0.07332361489534378,
            0.08942555636167526,
            0.016349196434020996
        ],
        [
            0.07537727802991867,
            0.08549302071332932,
            0.021534331142902374
        ],
        [
            0.06784967333078384,
            0.025513045489788055,
            0.02134701795876026
        ],
        [
            0.06297776103019714,
            0.07463511824607849,
            0.03422405198216438
        ],
        [
            0.05678896978497505,
            0.0732276439666748,
            0.025204777717590332
        ],
        [
            0.0693637952208519,
            0.01415618509054184,
            0.015500499866902828
        ],
        [
            0.06922786682844162,
            0.014608293771743774,
            0.005708381999284029
        ],
        [
            0.07031915336847305,
            0.0050034597516059875,
            0.007147460710257292
        ],
        [
            0.06038279831409454,
            0.07961100339889526,
            -0.009913930669426918
        ],
        [
            0.06832895427942276,
            0.03082193434238434,
            -0.003676983527839184
        ],
        [
            0.07071282714605331,
            0.016590140759944916,
            -0.0015735747292637825
        ],
        [
            0.07208654284477234,
            0.005197368562221527,
            -0.00018723122775554657
        ],
        [
            0.07225406914949417,
            -0.003030523657798767,
            0.0012667514383792877
        ],
        [
            0.07042662054300308,
            -0.002377711236476898,
            0.009202508255839348
        ],
        [
            0.08661622554063797,
            0.11723871529102325,
            -0.033851273357868195
        ],
        [
            0.08681588619947433,
            0.12247768044471741,
            -0.026938259601593018
        ],
        [
            0.06891088932752609,
            -0.011086918413639069,
            0.011358853429555893
        ],
        [
            0.07168126851320267,
            -0.01134483516216278,
            0.0024756211787462234
        ],
        [
            0.0737716406583786,
            0.0182700976729393,
            -0.010154208168387413
        ],
        [
            0.07952836155891418,
            0.020665429532527924,
            -0.020385809242725372
        ],
        [
            0.07153566926717758,
            0.03203754127025604,
            -0.011767356656491756
        ],
        [
            0.07651903480291367,
            0.0353890098631382,
            -0.021962303668260574
        ],
        [
            0.059446997940540314,
            0.07715163379907608,
            -0.02062176540493965
        ],
        [
            0.09898947924375534,
            0.13557487726211548,
            -0.01941806450486183
        ],
        [
            0.09120553731918335,
            0.12652456760406494,
            -0.020955242216587067
        ],
        [
            0.09442959725856781,
            0.1225711852312088,
            -0.018138859421014786
        ],
        [
            0.09947147220373154,
            0.13250860571861267,
            -0.016165267676115036
        ],
        [
            0.08847454190254211,
            0.11969277262687683,
            -0.02094867080450058
        ],
        [
            0.09051886945962906,
            0.1277957707643509,
            -0.026500707492232323
        ],
        [
            0.0879087895154953,
            0.03883164003491402,
            -0.03257707878947258
        ],
        [
            0.0862346664071083,
            0.0929584950208664,
            -0.02021760493516922
        ],
        [
            0.0957288146018982,
            0.02359475940465927,
            -0.03136519342660904
        ],
        [
            0.10071603208780289,
            0.048296306282281876,
            -0.0403575599193573
        ],
        [
            0.10890324413776398,
            0.03793325275182724,
            -0.03792475908994675
        ],
        [
            0.10548925399780273,
            0.008258096873760223,
            -0.029807526618242264
        ],
        [
            0.11575041711330414,
            0.023216761648654938,
            -0.03451446071267128
        ],
        [
            0.0987296774983406,
            -0.009007208049297333,
            -0.022414283826947212
        ],
        [
            0.1002994179725647,
            -0.0003325119614601135,
            -0.025539126247167587
        ],
        [
            0.12469813972711563,
            0.039727043360471725,
            -0.0337199866771698
        ],
        [
            0.10929209738969803,
            0.12274065613746643,
