{
    "pred_cam": [
        9.219657897949219,
        -0.1114715188741684,
        -0.07288166880607605
    ],
    "pred_mano_params": {
        "global_orient": [
            [
                [
                    0.21311064064502716,
                    -0.8016017079353333,
                    0.5585861802101135
                ],
                [
                    -0.9158795475959778,
                    -0.3629862666130066,
                    -0.17148062586784363
                ],
                [
                    0.34021827578544617,
                    -0.4750533401966095,
                    -0.8115268349647522
                ]
            ]
        ],
        "hand_pose": [
            [
                [
                    0.7368782162666321,
                    -0.6438407897949219,
                    -0.20610548555850983
                ],
                [
                    0.6304565668106079,
                    0.7645301222801208,
                    -0.13423193991184235
                ],
                [
                    0.24399784207344055,
                    -0.03102795220911503,
                    0.9692792296409607
                ]
            ],
            [
                [
                    0.8828956484794617,
                    -0.40296733379364014,
                    0.24106557667255402
                ],
                [
                    0.43892282247543335,
                    0.8906456828117371,
                    -0.11873110383749008
                ],
                [
                    -0.16685925424098969,
                    0.21063636243343353,
                    0.9632187485694885
                ]
            ],
            [
                [
                    0.7391830682754517,
                    -0.6731014847755432,
                    0.023297298699617386
                ],
                [
                    0.6492257714271545,
                    0.7029063701629639,
                    -0.29056575894355774
                ],
                [
                    0.17920441925525665,
                    0.22990649938583374,
                    0.9565712809562683
                ]
            ],
            [
                [
                    0.7018299698829651,
                    -0.6976481676101685,
                    -0.14395038783550262
                ],
                [
                    0.7108076214790344,
                    0.699134886264801,
                    0.07722029834985733
                ],
                [
                    0.04676813632249832,
                    -0.15651653707027435,
                    0.9865674376487732
                ]
            ],
            [
                [
                    0.6022989749908447,
                    -0.770729124546051,
                    -0.20787639915943146
                ],
                [
                    0.7947827577590942,
                    0.554661750793457,
                    0.24631427228450775
                ],
                [
                    -0.07454048097133636,
                    -0.31357142329216003,
                    0.9466344714164734
                ]
            ],
            [
                [
                    0.8096811175346375,
                    -0.49632948637008667,
                    -0.3131667673587799
                ],
                [
                    0.5492139458656311,
                    0.8288964033126831,
                    0.10627707839012146
                ],
                [
                    0.2068343609571457,
                    -0.25804612040519714,
                    0.9437328577041626
                ]
            ],
            [
                [
                    0.47599127888679504,
                    -0.6691271662712097,
                    0.5707022547721863
                ],
                [
                    0.5017922520637512,
                    0.7395691275596619,
                    0.44860002398490906
                ],
                [
                    -0.7222442626953125,
                    0.07284427434206009,
                    0.6877912878990173
                ]
            ],
            [
                [
                    0.754819393157959,
                    -0.5890529155731201,
                    -0.2885558009147644
                ],
                [
                    0.6559309959411621,
                    0.6788628101348877,
                    0.329999715089798
                ],
                [
                    0.0015025375178083777,
                    -0.43836283683776855,
                    0.8987969160079956
                ]
            ],
            [
                [
                    0.8423237204551697,
                    -0.5380004048347473,
                    0.032347798347473145
                ],
                [
                    0.5071533918380737,
                    0.8114840388298035,
                    0.2903258204460144
                ],
                [
                    -0.18244512379169464,
                    -0.22814302146434784,
                    0.9563809633255005
                ]
            ],
            [
                [
                    0.702506422996521,
                    -0.6906138062477112,
                    0.17186400294303894
                ],
                [
                    0.6811222434043884,
                    0.7224467396736145,
                    0.1189250722527504
                ],
                [
                    -0.20629389584064484,
                    0.03351476415991783,
                    0.97791588306427
                ]
            ],
            [
                [
                    0.6385253667831421,
                    -0.728564441204071,
                    -0.24794995784759521
                ],
                [
                    0.7480996251106262,
                    0.5119665861129761,
                    0.4221814274787903
                ],
                [
                    -0.18064430356025696,
                    -0.4550648033618927,
                    0.871942400932312
                ]
            ],
            [
                [
                    0.7683513760566711,
                    -0.508995771408081,
                    -0.3880198895931244
                ],
                [
                    0.6107506155967712,
                    0.7643605470657349,
                    0.20672845840454102
                ],
                [
                    0.1913631707429886,
                    -0.39582347869873047,
                    0.8981669545173645
                ]
            ],
            [
                [
                    0.970221996307373,
                    -0.19821381568908691,
                    -0.1392139345407486
                ],
                [
                    -0.07637148350477219,
                    0.2950935959815979,
                    -0.9524112343788147
                ],
                [
                    0.22986218333244324,
                    0.9346823692321777,
                    0.27116841077804565
                ]
            ],
            [
                [
                    0.954761803150177,
                    -0.25206828117370605,
                    -0.15777045488357544
                ],
                [
                    0.29409560561180115,
                    0.7218548059463501,
                    0.6264450550079346
                ],
                [
                    -0.04401956871151924,
                    -0.6445053815841675,
                    0.7633315920829773
                ]
            ],
            [
                [
                    0.9572106599807739,
                    0.28917601704597473,
                    0.01118448842316866
                ],
                [
                    -0.289014607667923,
                    0.9532732963562012,
                    0.08798131346702576
                ],
                [
                    0.014780214987695217,
                    -0.08744911849498749,
                    0.9960594773292542
                ]
            ]
        ],
        "betas": [
            -0.03619849681854248,
            -0.0581853985786438,
            -0.10063666105270386,
            0.03245052695274353,
            0.06466203927993774,
            -0.030967053025960922,
            0.03205665946006775,
            -0.025825291872024536,
            -0.03448832035064697,
            -0.0376872718334198
        ]
    },
    "pred_cam_t": [
        -0.1114715188741684,
        -0.07288166880607605,
        4.236870765686035
    ],
    "focal_length": [
        5000.0,
        5000.0
    ],
    "pred_keypoints_3d": [
        [
            0.09597435593605042,
            0.006413355004042387,
            0.006203059107065201
        ],
        [
            0.11772869527339935,
            0.02974681742489338,
            -0.01561168022453785
        ],
        [
            0.13114377856254578,
            0.057584248483181,
            -0.015596341341733932
        ],
        [
            0.1358167976140976,
            0.08436743915081024,
            -0.015399083495140076
        ],
        [
            0.14026786386966705,
            0.11715817451477051,
            -0.03030688315629959
        ],
        [
            0.09285783767700195,
            0.08570122718811035,
            -0.038136061280965805
        ],
        [
            0.09806311875581741,
            0.11815471947193146,
            -0.0340300090610981
        ],
        [
            0.11251699924468994,
            0.13300924003124237,
            -0.025840654969215393
        ],
        [
            0.12927080690860748,
            0.13712285459041595,
            -0.0068649835884571075
        ],
        [
            0.0750558152794838,
            0.09446525573730469,
            -0.022606005892157555
        ],
        [
            0.08334475010633469,
            0.12396153807640076,
            -0.014192224480211735
        ],
        [
            0.10322047024965286,
            0.12677858769893646,
            -0.0022784722968935966
        ],
        [
            0.12234759330749512,
            0.11800505220890045,
            0.0129283107817173
        ],
        [
            0.0667744129896164,
            0.0875018984079361,
            0.0018636751919984818
        ],
        [
            0.07730473577976227,
            0.1144370436668396,
            0.002277778461575508
        ],
        [
            0.09802815318107605,
            0.1173136979341507,
            0.015743400901556015
        ],
        [
            0.11450789868831635,
            0.10710747539997101,
            0.032944146543741226
        ],
        [
            0.06511226296424866,
            0.08066988736391068,
            0.02252318523824215
        ],
        [
            0.07525394856929779,
            0.09920123964548111,
            0.020977718755602837
        ],
        [
            0.0899946540594101,
            0.10595166683197021,
            0.03095305897295475
        ],
        [
            0.10458669066429138,
            0.10259485244750977,
            0.041797976940870285
        ]
    ],
    "pred_vertices": [
        [
            0.1076328456401825,
            0.055548496544361115,
            -0.015558335930109024
        ],
        [
            0.10969264060258865,
            0.045954182744026184,
            -0.010494709014892578
        ],
        [
            0.11374839395284653,
            0.053265925496816635,
            -0.01224507950246334
        ],
        [
            0.11221943795681,
            0.06105833500623703,
            -0.019958121702075005
        ],
        [
            0.12439646571874619,
            0.039330944418907166,
            0.0013626590371131897
        ],
        [
            0.1333191841840744,
            0.03254910558462143,
            -0.0027594082057476044
        ],
        [
            0.13717634975910187,
            0.04866177961230278,
            -0.004497958347201347
        ],
        [
            0.1294497549533844,
            0.052068911492824554,
            0.0007152557373046875
        ],
        [
            0.11463597416877747,
            0.0656987652182579,
            -0.023323923349380493
        ],
        [
            0.11753064393997192,
            0.059905435889959335,
            -0.013115623965859413
        ],
        [
            0.11473420262336731,
            0.06599795818328857,
            -0.024781379848718643
        ],
        [
            0.10718771070241928,
            0.06826446205377579,
            -0.03891632705926895
        ],
        [
            0.10964889079332352,
            0.06972117722034454,
            -0.033304519951343536
        ],
        [
            0.10160741209983826,
            0.07277734577655792,
            -0.04440159350633621
        ],
        [
            0.10287792980670929,
            0.059370167553424835,
            -0.042688485234975815
        ],
        [
            0.092722088098526,
            0.07022551447153091,
            -0.0467553585767746
        ],
        [
            0.07858258485794067,
            0.049442365765571594,
            -0.02990979142487049
        ],
        [
            0.0712146982550621,
            0.047900356352329254,
            -0.018297439441084862
        ],
        [
            0.0664769783616066,
            0.06425750255584717,
            -0.022220661863684654
        ],
        [
            0.07509014755487442,
            0.06450477242469788,
            -0.033172935247421265
        ],
        [
            0.06197205185890198,
            0.05878409743309021,
            -0.0024385256692767143
        ],
        [
            0.06411314010620117,
            0.06255483627319336,
            -0.013491136021912098
        ],
        [
            0.06774470210075378,
            0.04583699256181717,
            -0.010180357843637466
        ],
        [
            0.06580361723899841,
            0.043305329978466034,
            -0.0004068734124302864
        ],
        [
            0.1001206636428833,
            0.048915840685367584,
            -0.003425000235438347
        ],
        [
            0.10287979245185852,
            0.03932096064090729,
            0.000647595152258873
        ],
        [
            0.1047995314002037,
            0.040698904544115067,
            -0.005018308758735657
        ],
        [
            0.10274990648031235,
            0.05016046017408371,
            -0.00832386128604412
        ],
        [
            0.12327848374843597,
            0.06642496585845947,
            -0.024706300348043442
        ],
        [
            0.11857562512159348,
            0.05522859841585159,
            -0.03400830179452896
        ],
        [
            0.11487030982971191,
            0.061460431665182114,
            -0.031350038945674896
        ],
        [
            0.12188594043254852,
            0.06864944845438004,
            -0.01964426599442959
        ],
        [
            0.10988011956214905,
            0.019273340702056885,
            0.021259179338812828
        ],
        [
            0.10890039801597595,
            0.005759723484516144,
            0.02056088298559189
        ],
        [
            0.11150450259447098,
            0.005163833498954773,
            0.015227915719151497
        ],
        [
            0.1114434078335762,
            0.01748744398355484,
            0.016602952033281326
        ],
        [
            0.12490659952163696,
            0.012174747884273529,
            -0.00028688088059425354
        ],
        [
            0.12049348652362823,
            0.002564862370491028,
            -0.00034263357520103455
        ],
        [
            0.12004345655441284,
            -0.005780056118965149,
            -0.01040412113070488
        ],
        [
            0.12412458658218384,
            0.003977492451667786,
            -0.013392891734838486
        ],
        [
            0.12933073937892914,
            0.022550120949745178,
            -0.0017268434166908264
        ],
        [
            0.13158279657363892,
            0.015669837594032288,
            -0.012853186577558517
        ],
        [
            0.13658374547958374,
            0.028157122433185577,
            -0.01250547356903553
        ],
        [
            0.14005407691001892,
            0.046283651143312454,
            -0.012842975556850433
        ],
        [
            0.10065770149230957,
            0.005879662930965424,
            0.030405588448047638
        ],
        [
            0.10064232349395752,
            0.015883147716522217,
            0.03268427029252052
        ],
        [
            0.10947953909635544,
            0.11553323268890381,
            -0.03207302838563919
        ],
        [
            0.10738862305879593,
            0.11626745015382767,
            -0.026605553925037384
        ],
        [
            0.1064683347940445,
            0.11243409663438797,
            -0.027649082243442535
        ],
        [
            0.10842534899711609,
            0.11281811445951462,
            -0.03315213322639465
        ],
        [
            0.08070303499698639,
            0.009121052920818329,
            0.031561918556690216
        ],
        [
            0.07295072823762894,
            0.0067213475704193115,
            0.02556418441236019
        ],
        [
            0.07523955404758453,
            0.0005004703998565674,
            0.028641050681471825
        ],
        [
            0.08354998379945755,
            0.002179265022277832,
            0.032721783965826035
        ],
        [
            0.07700552046298981,
            0.01829349994659424,
            0.029988311231136322
        ],
        [
            0.07049322873353958,
            0.015529192984104156,
            0.021160081028938293
        ],
        [
            0.10354561358690262,
            0.12372859567403793,
            -0.040217623114585876
        ],
        [
            0.10754675418138504,
            0.12054530531167984,
            -0.03935925289988518
        ],
        [
            0.10435955971479416,
            0.11751841753721237,
            -0.0413237065076828
        ],
        [
            0.0997796505689621,
            0.11969579011201859,
            -0.041346266865730286
        ],
        [
            0.10952866822481155,
            0.06802161037921906,
            -0.02688455954194069
        ],
        [
            0.10608981549739838,
            0.06444622576236725,
            -0.019397281110286713
        ],
        [
            0.10330778360366821,
            0.08231588453054428,
            -0.03199266269803047
        ],
        [
            0.10305358469486237,
            0.07564681768417358,
            -0.02692093886435032
        ],
        [
            0.10618874430656433,
            0.07416683435440063,
            -0.03294486925005913
        ],
        [
            0.10511137545108795,
            0.07973885536193848,
            -0.03723884001374245
        ],
        [
            0.09172187745571136,
            0.06982772052288055,
            -0.006938227452337742
        ],
        [
            0.09482426196336746,
            0.0589044988155365,
            -0.004049433395266533
        ],
        [
            0.09754550457000732,
            0.06077396869659424,
            -0.009854516014456749
        ],
        [
            0.09566260874271393,
            0.07290086895227432,
            -0.01401157584041357
        ],
        [
            0.09055261313915253,
            0.05806047096848488,
            0.009471386671066284
        ],
        [
            0.08742772042751312,
            0.06869468092918396,
            0.005304262042045593
        ],
        [
            0.08529860526323318,
            0.06692364811897278,
            0.013467550277709961
        ],
        [
            0.08874167501926422,
            0.06003760173916817,
            0.015445775352418423
        ],
        [
            0.08321957290172577,
            0.08596465736627579,
            -0.004893830046057701
        ],
        [
            0.08150342106819153,
            0.09142857044935226,
            -0.007482792716473341
        ],
        [
            0.08067264407873154,
            0.0919768363237381,
            -0.004361131694167852
        ],
        [
            0.08188246190547943,
            0.08519276231527328,
            -0.0014905612915754318
        ],
        [
            0.07684702426195145,
            -0.006100639700889587,
            0.0307787898927927
        ],
        [
            0.08633548021316528,
            -0.004592783749103546,
            0.03286503255367279
        ],
        [
            0.05971245467662811,
            0.05541868880391121,
            0.019007902592420578
        ],
        [
            0.06476011872291565,
            0.052661120891571045,
            0.028699642047286034
        ],
        [
            0.06036094203591347,
            0.06602978706359863,
            0.02851773425936699
        ],
        [
            0.05552291497588158,
            0.06537401676177979,
            0.017891256138682365
        ],
        [
            0.0697157010436058,
            0.005836151540279388,
            0.015722833573818207
        ],
        [
            0.07006636261940002,
            -0.000693686306476593,
            0.020087700337171555
        ],
        [
            0.0989282950758934,
            0.1264399290084839,
            -0.03727007657289505
        ],
        [
            0.09540796279907227,
            0.12158173322677612,
            -0.03773406893014908
        ],
        [
            0.13107147812843323,
            0.02332882583141327,
            -0.024648724123835564
        ],
        [
            0.1379743069410324,
            0.044653356075286865,
            -0.022377267479896545
        ],
        [
            0.12293761223554611,
            0.008444592356681824,
            -0.023533372208476067
        ],
        [
            0.11563632637262344,
            -0.0009138360619544983,
            -0.02123001031577587
        ],
        [
            0.1121022179722786,
            -0.00947330892086029,
            -0.018914999440312386
        ],
        [
            0.09909869730472565,
            0.0792703703045845,
            -0.023029454052448273
        ],
        [
            0.10223612189292908,
            0.05889642983675003,
            -0.013041097670793533
        ],
        [
            0.09813287854194641,
            0.04823186993598938,
            0.001345112919807434
        ],
        [
            0.08873172104358673,
            0.0513976514339447,
            0.03071283921599388
        ],
        [
            0.09235852211713791,
            0.04175761342048645,
            0.03312119096517563
        ],
        [
            0.0964769721031189,
            0.04548902064561844,
            0.02390289306640625
        ],
        [
            0.09191939979791641,
            0.05296087637543678,
            0.023424722254276276
        ],
        [
            0.07242874801158905,
            0.055406875908374786,
            0.03434678167104721
        ],
        [
            0.07955625653266907,
            0.05902240797877312,
            0.03269297629594803
        ],
        [
            0.07580423355102539,
            0.06720457971096039,
            0.03111128695309162
        ],
        [
            0.06824487447738647,
            0.06586454808712006,
            0.03295319527387619
        ],
        [
            0.1292601227760315,
            0.06457575410604477,
            -0.028532925993204117
        ],
        [
            0.12359821796417236,
            0.05001327767968178,
            -0.035222794860601425
        ],
        [
            0.09061577916145325,
            0.011601142585277557,
            0.03442208468914032
        ],
        [
            0.09346696734428406,
            0.004414185881614685,
            0.03310082107782364
        ],
        [
            0.09407073259353638,
            -0.004080496728420258,
            0.032461170107126236
        ],
        [
            0.10755392163991928,
            0.029112376272678375,
            0.009858394041657448
        ],
        [
            0.11263395845890045,
            0.016250409185886383,
            0.013337986543774605
        ],
        [
            0.11471082270145416,
            0.01677706092596054,
            0.009418617933988571
        ],
        [
            0.10765594989061356,
            0.02887040376663208,
            0.005876801908016205
        ],
        [
            0.11249145865440369,
            0.03718576580286026,
            -0.00277690589427948
        ],
        [
            0.11996051669120789,
            0.027604803442955017,
            0.002315845340490341
        ],
        [
            0.11615979671478271,
            0.04695502296090126,
            -0.00226428359746933
        ],
        [
            0.11539645493030548,
            0.0027659162878990173,
            0.008371524512767792
        ],
        [
            0.1128549575805664,
            -0.005043394863605499,
            0.015867792069911957
        ],
        [
            0.11628277599811554,
            -0.006591387093067169,
            0.007784072309732437
        ],
        [
            0.10706984996795654,
            -0.004483804106712341,
            0.02376677840948105
        ],
        [
            0.10063832998275757,
            -0.004038304090499878,
            0.02990906871855259
        ],
        [
            0.0684741884469986,
            -0.008694298565387726,
            0.02263644151389599
        ],
        [
            0.11813266575336456,
            -0.007402077317237854,
            -0.0002576597034931183
        ],
        [
            0.13289809226989746,
            0.06092389300465584,
            -0.0022187158465385437
        ],
        [
            0.13573256134986877,
            0.06896097958087921,
            -0.00511243287473917
        ],
        [
            0.12863266468048096,
            0.07018612325191498,
            -0.0055452557280659676
        ],
        [
            0.12546637654304504,
            0.06327234208583832,
            -0.003621293231844902
        ],
        [
            0.09756452590227127,
            0.08039037138223648,
            -0.04734192043542862
        ],
        [
            0.10354861617088318,
            0.08033587783575058,
            -0.04271628335118294
        ],
        [
            0.10647836327552795,
            0.07282373309135437,
            -0.03945934399962425
        ],
        [
            0.10510129481554031,
            0.029674604535102844,
            0.023742113262414932
        ],
        [
            0.09765303134918213,
            0.026345252990722656,
            0.03342161700129509
        ],
        [
            0.09934461116790771,
            0.08585873991250992,
            -0.028148017823696136
        ],
        [
            0.09687385708093643,
            0.115550197660923,
            -0.04267022758722305
        ],
        [
            0.10231217741966248,
            0.1133529469370842,
            -0.04265512153506279
        ],
        [
            0.0990387499332428,
            0.09497257322072983,
            -0.04627477005124092
        ],
        [
            0.09254010021686554,
            0.09756637364625931,
            -0.0466638058423996
        ],
        [
            0.09213944524526596,
            0.09315889328718185,
            -0.02779783308506012
        ],
        [
            0.09835971891880035,
            0.08947121351957321,
            -0.02826765365898609
        ],
        [
            0.0974000096321106,
            0.09163116663694382,
            -0.02799644134938717
        ],
        [
            0.09260561317205429,
            0.09556736797094345,
            -0.025642763823270798
        ],
        [
            0.07884199917316437,
            0.08874993771314621,
            0.004173189401626587
        ],
        [
            0.08005714416503906,
            0.08251286298036575,
            0.006685999222099781
        ],
        [
            0.07434313744306564,
            0.08055555075407028,
            -0.03379670903086662
        ],
        [
            0.07950547337532043,
            0.07743795216083527,
            -0.046066224575042725
        ],
        [
            0.08305863291025162,
            0.06556817889213562,
            -0.042856987565755844
        ],
        [
            0.08919702470302582,
            0.06831111758947372,
            -4.9345195293426514e-05
        ],
        [
            0.08607755601406097,
            0.07807199656963348,
            -0.0019242893904447556
        ],
        [
            0.08443735539913177,
            0.0775434598326683,
            0.001891239546239376
        ],
        [
            0.09601537883281708,
            0.08265243470668793,
            -0.021530233323574066
        ],
        [
            0.09470804780721664,
            0.08840619027614594,
            -0.02495630457997322
        ],
        [
            0.09214907139539719,
            0.08687712252140045,
            -0.02113974466919899
        ],
        [
            0.09347615391016006,
            0.08112157881259918,
            -0.016998236998915672
        ],
        [
            0.06825407594442368,
            0.0396614596247673,
            0.029316145926713943
        ],
        [
            0.07702011615037918,
            0.04310944303870201,
            0.036269791424274445
        ],
        [
            0.10964058339595795,
            0.11733578145503998,
            -0.03658420965075493
        ],
        [
            0.10758401453495026,
            0.11473207175731659,
            -0.03821425884962082
        ],
        [
            0.09233899414539337,
            0.057639334350824356,
            0.0026429910212755203
        ],
        [
            0.08750062435865402,
            0.05216202139854431,
            -0.03777012974023819
        ],
        [
            0.09634663164615631,
            0.047685280442237854,
            0.006571931764483452
        ],
        [
            0.06047658622264862,
            0.07965739071369171,
            0.005998327396810055
        ],
        [
            0.06551722437143326,
            0.0828438401222229,
            0.011470834724605083
        ],
        [
            0.06738217920064926,
            0.08872783184051514,
            0.010134946554899216
        ],
        [
            0.06294328719377518,
            0.08874901384115219,
            0.005931345745921135
        ],
        [
            0.0952000841498375,
            0.11080095171928406,
            -0.023392463102936745
        ],
        [
            0.10078784078359604,
            0.10941584408283234,
            -0.02372492104768753
        ],
        [
            0.10210328549146652,
            0.11379978060722351,
            -0.02336299419403076
        ],
        [
            0.09686148166656494,
            0.11652250587940216,
            -0.022958479821681976
        ],
        [
            0.10244753211736679,
            0.08728692680597305,
            -0.03197673335671425
        ],
        [
            0.10472749918699265,
            0.08569525927305222,
            -0.03765904903411865
        ],
        [
            0.10469845682382584,
            0.09113627672195435,
            -0.03628496080636978
        ],
        [
            0.10147173702716827,
            0.09156286716461182,
            -0.031229054555296898
        ],
        [
            0.10276386886835098,
            0.08661604672670364,
            -0.04333513602614403
        ],
        [
            0.10334523022174835,
            0.09237176179885864,
            -0.04237351194024086
        ],
        [
            0.09032544493675232,
            0.11342388391494751,
            -0.026788461953401566
        ],
        [
            0.08886848390102386,
            0.11602875590324402,
            -0.03366915509104729
        ],
        [
            0.08368207514286041,
            0.09948401898145676,
            -0.03607981279492378
        ],
        [
            0.08709792792797089,
            0.09970308840274811,
            -0.028886018320918083
        ],
        [
            0.06811326742172241,
            0.0282742902636528,
            0.0010367445647716522
        ],
        [
            0.06655428558588028,
            0.027828067541122437,
            0.01209571585059166
        ],
        [
            0.0639769434928894,
            0.04278714209794998,
            0.010932903736829758
        ],
        [
            0.059976302087306976,
            0.05742669478058815,
            0.009900083765387535
        ],
        [
            0.05752381309866905,
            0.07134827971458435,
            0.008209970779716969
        ],
        [
            0.057663120329380035,
            0.07162705063819885,
            -0.00392416026443243
        ],
        [
            0.06383341550827026,
            0.041186705231666565,
            0.019032269716262817
        ],
        [
            0.08297775685787201,
            0.09113436192274094,
            -0.02946743741631508
        ],
        [
            0.0801520124077797,
            0.08858172595500946,
            -0.03697919100522995
        ],
        [
            0.07776451855897903,
            0.08780302852392197,
            -0.032037604600191116
        ],
        [
            0.09511889517307281,
            0.048327382653951645,
            0.013942589983344078
        ],
        [
            0.10627864301204681,
            0.1109747588634491,
            -0.03971119597554207
        ],
        [
            0.09092869609594345,
            -0.00277574360370636,
            -0.020916683599352837
        ],
        [
            0.08021016418933868,
            -0.002406768500804901,
            -0.012188557535409927
        ],
        [
            0.0810631513595581,
            0.005773991346359253,
            -0.01545025035738945
        ],
        [
            0.09418497234582901,
            0.005927719175815582,
            -0.024892399087548256
        ],
        [
            0.10602380335330963,
            0.10848250985145569,
            -0.028109032660722733
        ],
        [
            0.1083466112613678,
            0.10886970162391663,
            -0.0339999720454216
        ],
        [
            0.07780595123767853,
            0.08340026438236237,
            0.012883936055004597
        ],
        [
            0.07669289410114288,
            0.0890343114733696,
            0.009555865079164505
        ],
        [
            0.07379375398159027,
            0.09017205983400345,
            0.011124414391815662
        ],
        [
            0.07531408965587616,
            0.08634640276432037,
            0.016704706475138664
        ],
        [
            0.06689856201410294,
            0.02643550932407379,
            0.017920807003974915
        ],
        [
            0.06152935326099396,
            0.0761314406991005,
            0.028419530019164085
        ],
        [
            0.05623554438352585,
            0.07443783432245255,
            0.018917031586170197
        ],
        [
            0.06877371668815613,
            0.014844514429569244,
            0.012657453306019306
        ],
        [
            0.0695681944489479,
            0.01493225246667862,
            0.002885698340833187
        ],
        [
            0.07036861777305603,
            0.005369000136852264,
            0.004768872633576393
        ],
        [
            0.0632917508482933,
            0.07940347492694855,
            -0.01578475907444954
        ],
        [
            0.06982287764549255,
            0.0308053120970726,
            -0.007119365967810154
        ],
        [
            0.07176393270492554,
            0.01662355661392212,
            -0.0042898161336779594
        ],
        [
            0.07282253354787827,
            0.005267336964607239,
            -0.0023665856570005417
        ],
        [
            0.07272714376449585,
            -0.0029085204005241394,
            -0.0006013177335262299
        ],
        [
            0.07016254961490631,
            -0.0019383877515792847,
            0.0070920949801802635
        ],
        [
            0.092035673558712,
            0.1165984570980072,
            -0.03867543861269951
        ],
        [
            0.09171872586011887,
            0.12235385179519653,
            -0.032137878239154816
        ],
        [
            0.06830958276987076,
            -0.010554254055023193,
            0.009408995509147644
        ],
        [
            0.07191067188978195,
            -0.01117907464504242,
            0.0008483361452817917
        ],
        [
            0.07564417272806168,
            0.017943009734153748,
            -0.012596175074577332
        ],
        [
            0.08234928548336029,
            0.019873492419719696,
            -0.022307399660348892
        ],
        [
            0.0737995058298111,
            0.03167600929737091,
            -0.014904284849762917
        ],
        [
            0.07976146787405014,
            0.03457871079444885,
            -0.02468733675777912
        ],
        [
            0.06335437297821045,
            0.07653209567070007,
            -0.026410602033138275
        ],
        [
            0.10349780321121216,
            0.13507625460624695,
            -0.0242307186126709
        ],
        [
            0.09563803672790527,
            0.12617123126983643,
            -0.02599084936082363
        ],
        [
            0.09858652949333191,
            0.12225974351167679,
            -0.022796452045440674
        ],
        [
            0.10371850430965424,
            0.1321796178817749,
            -0.02075221948325634
        ],
        [
            0.09281032532453537,
            0.11966704577207565,
            -0.025989152491092682
        ],
        [
            0.09544509649276733,
            0.12736432254314423,
            -0.03163766488432884
        ],
        [
            0.09207983314990997,
            0.03744994103908539,
            -0.03429140895605087
        ],
        [
            0.0901302844285965,
            0.0920674130320549,
            -0.024134492501616478
        ],
        [
            0.09944656491279602,
            0.022143766283988953,
            -0.03181903809309006
        ],
        [
            0.10566188395023346,
            0.04641883447766304,
            -0.0412355437874794
        ],
        [
            0.11337234824895859,
            0.03601611778140068,
            -0.03774392232298851
        ],
        [
            0.10876131802797318,
            0.006743624806404114,
            -0.028846891596913338
        ],
        [
            0.11959273368120193,
            0.021337322890758514,
            -0.03324190527200699
        ],
        [
            0.1011824905872345,
            -0.010120078921318054,
            -0.021433454006910324
        ],
        [
            0.10313206911087036,
            -0.0015946030616760254,
            -0.024726763367652893
        ],
        [
            0.1286931037902832,
            0.03768905997276306,
            -0.03238349407911301
        ],
        [
            0.11392946541309357,
