{
    "pred_cam": [
        13.045452117919922,
        0.11981650441884995,
        -0.04030103236436844
    ],
    "pred_mano_params": {
        "global_orient": [
            [
                [
                    -0.5107828378677368,
                    0.04219960421323776,
                    -0.8586734533309937
                ],
                [
                    -0.4164273738861084,
                    -0.8859469294548035,
                    0.20417234301567078
                ],
                [
                    -0.7521230578422546,
                    0.4618628919124603,
                    0.4700995683670044
                ]
            ]
        ],
        "hand_pose": [
            [
                [
                    0.7120252251625061,
                    -0.6689732670783997,
                    -0.21329514682292938
                ],
                [
                    0.6737215518951416,
                    0.736476719379425,
                    -0.06083834171295166
                ],
                [
                    0.1977861374616623,
                    -0.10038309544324875,
                    0.9750916957855225
                ]
            ],
            [
                [
                    0.7112067937850952,
                    -0.6618950963020325,
                    0.23681165277957916
                ],
                [
                    0.7019314169883728,
                    0.6502197980880737,
                    -0.2907000482082367
                ],
                [
                    0.03843331336975098,
                    0.37297341227531433,
                    0.9270457029342651
                ]
            ],
            [
                [
                    0.9649807810783386,
                    -0.24579139053821564,
                    0.09164464473724365
                ],
                [
                    0.23427484929561615,
                    0.9646790623664856,
                    0.12045581638813019
                ],
                [
                    -0.11801467835903168,
                    -0.0947675034403801,
                    0.988479495048523
                ]
            ],
            [
                [
                    0.2260798215866089,
                    -0.9178687930107117,
                    -0.32619744539260864
                ],
                [
                    0.971005380153656,
                    0.18563960492610931,
                    0.150620236992836
                ],
                [
                    -0.07769445329904556,
                    -0.35079169273376465,
                    0.9332249164581299
                ]
            ],
            [
                [
                    0.375418096780777,
                    -0.902236819267273,
                    -0.21220262348651886
                ],
                [
                    0.922173261642456,
                    0.34061628580093384,
                    0.18324014544487
                ],
                [
                    -0.09304634481668472,
                    -0.26447927951812744,
                    0.959892213344574
                ]
            ],
            [
                [
                    0.749893307685852,
                    -0.6593249440193176,
                    0.05431971698999405
                ],
                [
                    0.6571638584136963,
                    0.7518449425697327,
                    0.05352348834276199
                ],
                [
                    -0.07612938433885574,
                    -0.004439946264028549,
                    0.9970880150794983
                ]
            ],
            [
                [
                    0.23098914325237274,
                    -0.9639936089515686,
                    -0.1317587047815323
                ],
                [
                    0.6122643351554871,
                    0.038772400468587875,
                    0.7897018194198608
                ],
                [
                    -0.7561588883399963,
                    -0.2630837559700012,
                    0.5991749167442322
                ]
            ],
            [
                [
                    0.5183234810829163,
                    -0.8363439440727234,
                    -0.17852018773555756
                ],
                [
                    0.6832284331321716,
                    0.2794295847415924,
                    0.6746242642402649
                ],
                [
                    -0.5143342018127441,
                    -0.47164368629455566,
                    0.7162488698959351
                ]
            ],
            [
                [
                    0.9101355075836182,
                    -0.41401976346969604,
                    -0.015521416440606117
                ],
                [
                    0.3104322850704193,
                    0.65665203332901,
                    0.687342643737793
                ],
                [
                    -0.27438127994537354,
                    -0.6303933262825012,
                    0.7261674404144287
                ]
            ],
            [
                [
                    0.1396290510892868,
                    -0.9898324012756348,
                    -0.02712150290608406
                ],
                [
                    0.9388497471809387,
                    0.12363175302743912,
                    0.32136645913124084
                ],
                [
                    -0.31474584341049194,
                    -0.07033509016036987,
                    0.9465664625167847
                ]
            ],
            [
                [
                    0.45912763476371765,
                    -0.8707976341247559,
                    -0.1758217066526413
                ],
                [
                    0.763744592666626,
                    0.28582075238227844,
                    0.57879239320755
                ],
                [
                    -0.45375752449035645,
                    -0.4000225067138672,
                    0.796295166015625
                ]
            ],
            [
                [
                    0.7436115145683289,
                    -0.6685965061187744,
                    0.00453401543200016
                ],
                [
                    0.6427010297775269,
                    0.716647207736969,
                    0.27083584666252136
                ],
                [
                    -0.18432921171188354,
                    -0.19848264753818512,
                    0.9626147747039795
                ]
            ],
            [
                [
                    0.9657337665557861,
                    -0.09246804565191269,
                    -0.24250350892543793
                ],
                [
                    -0.16210225224494934,
                    0.5148013234138489,
                    -0.8418446183204651
                ],
                [
                    0.20268486440181732,
                    0.8523081541061401,
                    0.4821717441082001
                ]
            ],
            [
                [
                    0.9933440685272217,
                    -0.08918101340532303,
                    -0.07289939373731613
                ],
                [
                    0.11513938009738922,
                    0.7509792447090149,
                    0.650209903717041
                ],
                [
                    -0.003240457270294428,
                    -0.6542757749557495,
                    0.7562490105628967
                ]
            ],
            [
                [
                    0.9293990135192871,
                    -0.3433483839035034,
                    -0.13538604974746704
                ],
                [
                    0.23525527119636536,
                    0.8337618708610535,
                    -0.49949589371681213
                ],
                [
                    0.28438082337379456,
                    0.43238070607185364,
                    0.8556720018386841
                ]
            ]
        ],
        "betas": [
            -0.1481539011001587,
            -0.007270336151123047,
            -0.06139281392097473,
            -0.03127637505531311,
            -0.025833725929260254,
            0.013479277491569519,
            -0.005039900541305542,
            -0.049897700548172,
            0.04820553958415985,
            -0.014536619186401367
        ]
    },
    "pred_cam_t": [
        -0.11981650441884995,
        -0.04030103236436844,
        2.9943385124206543
    ],
    "focal_length": [
        5000.0,
        5000.0
    ],
    "pred_keypoints_3d": [
        [
            0.09637431800365448,
            0.006434937007725239,
            0.006245197728276253
        ],
        [
            0.08578255027532578,
            0.03573554381728172,
            0.029439691454172134
        ],
        [
            0.09068098664283752,
            0.06239117681980133,
            0.04449872300028801
        ],
        [
            0.09941363334655762,
            0.08058874309062958,
            0.06285007297992706
        ],
        [
            0.11663695424795151,
            0.10925119370222092,
            0.07351471483707428
        ],
        [
            0.1235668733716011,
            0.05223816633224487,
            0.08041778206825256
        ],
        [
            0.1404118835926056,
            0.07950788736343384,
            0.08926782757043839
        ],
        [
            0.14151808619499207,
            0.09834340214729309,
            0.07724174112081528
        ],
        [
            0.13898588716983795,
            0.11789359897375107,
            0.06175755336880684
        ],
        [
            0.14792215824127197,
            0.04672393575310707,
            0.07571478933095932
        ],
        [
            0.15313111245632172,
            0.0763835534453392,
            0.06498745083808899
        ],
        [
            0.13656532764434814,
            0.07931419461965561,
            0.04864469915628433
        ],
        [
            0.11494038254022598,
            0.07124482840299606,
            0.037863343954086304
        ],
        [
            0.16134047508239746,
            0.038709260523319244,
            0.05368264019489288
        ],
        [
            0.15976589918136597,
            0.06697602570056915,
            0.04695688188076019
        ],
        [
            0.14047810435295105,
            0.0675673633813858,
            0.031050510704517365
        ],
        [
            0.11941936612129211,
            0.056416116654872894,
            0.022701745852828026
        ],
        [
            0.16872650384902954,
            0.0352642685174942,
            0.03322790935635567
        ],
        [
            0.16436578333377838,
            0.05547063797712326,
            0.028082486242055893
        ],
        [
            0.1475607454776764,
            0.05382821336388588,
            0.01910587213933468
        ],
        [
            0.13122199475765228,
            0.040944863110780716,
            0.017496716231107712
        ]
    ],
    "pred_vertices": [
        [
            0.10793228447437286,
            0.04544747620820999,
            0.043447576463222504
        ],
        [
            0.10353684425354004,
            0.04192047193646431,
            0.033891644328832626
        ],
        [
            0.10376452654600143,
            0.050071850419044495,
            0.03926880657672882
        ],
        [
            0.10589572042226791,
            0.05214003473520279,
            0.049103256314992905
        ],
        [
            0.09432943910360336,
            0.05285918712615967,
            0.02008029818534851
        ],
        [
            0.08271440863609314,
            0.05345413461327553,
            0.018268920481204987
        ],
        [
            0.08768622577190399,
            0.06546518206596375,
            0.029381733387708664
        ],
        [
            0.0973806083202362,
            0.06447584182024002,
            0.028993405401706696
        ],
        [
            0.10489365458488464,
            0.056592341512441635,
            0.05499143525958061
        ],
        [
            0.10432347655296326,
            0.057315416634082794,
            0.04420550912618637
        ],
        [
            0.10316614806652069,
            0.055618613958358765,
            0.05841346085071564
        ],
        [
            0.10302338004112244,
            0.04982534795999527,
            0.07098055630922318
        ],
        [
            0.10568149387836456,
            0.05397132411599159,
            0.0655369907617569
        ],
        [
            0.10689010471105576,
            0.04846877604722977,
            0.07844807952642441
        ],
        [
            0.098509281873703,
            0.039638977497816086,
            0.07119451463222504
        ],
        [
            0.10988377034664154,
            0.03978801891207695,
            0.0818370059132576
        ],
        [
            0.11506278067827225,
            0.017953921109437943,
            0.06164630502462387
        ],
        [
            0.12476862967014313,
            0.012987341731786728,
            0.05304428189992905
        ],
        [
            0.1365308165550232,
            0.01991146430373192,
            0.06582880765199661
        ],
        [
            0.12517690658569336,
            0.025159072130918503,
            0.07257648557424545
        ],
        [
            0.14647601544857025,
            0.015058998018503189,
            0.04746030271053314
        ],
        [
            0.14148837327957153,
            0.01817486807703972,
            0.05804147198796272
        ],
        [
            0.12994521856307983,
            0.009990278631448746,
            0.046054139733314514
        ],
        [
            0.1347406804561615,
            0.007892400026321411,
            0.037088796496391296
        ],
        [
            0.11477682739496231,
            0.036887507885694504,
            0.03208308294415474
        ],
        [
            0.10958950221538544,
            0.033142559230327606,
            0.02316025272011757
        ],
        [
            0.10651794821023941,
            0.03493727743625641,
            0.02772277221083641
        ],
        [
            0.11145845055580139,
            0.03907908499240875,
            0.0360155887901783
        ],
        [
            0.09571252018213272,
            0.0582025945186615,
            0.058819618076086044
        ],
        [
            0.08927898108959198,
            0.048011280596256256,
            0.05924319475889206
        ],
        [
            0.09670481085777283,
            0.05029740184545517,
            0.06138160079717636
        ],
        [
            0.10045973211526871,
            0.06071999669075012,
            0.05690344050526619
        ],
        [
            0.10328112542629242,
            0.027183406054973602,
            -0.004903972148895264
        ],
        [
            0.09532618522644043,
            0.017217967659235,
            -0.009931303560733795
        ],
        [
            0.09062886238098145,
            0.018249116837978363,
            -0.006372801959514618
        ],
        [
            0.09893912076950073,
            0.02668314427137375,
            -0.002224750816822052
        ],
        [
            0.07803134620189667,
            0.03199154883623123,
            0.006425388157367706
        ],
        [
            0.07544554769992828,
            0.02158283442258835,
            0.0034149140119552612
        ],
        [
            0.06547150015830994,
            0.014215674251317978,
            0.008740141987800598
        ],
        [
            0.06712406873703003,
            0.023301906883716583,
            0.014768950641155243
        ],
        [
            0.0800926685333252,
            0.04339314624667168,
            0.012003704905509949
        ],
        [
            0.06921020150184631,
            0.03729213401675224,
            0.018075503408908844
        ],
        [
            0.07325491309165955,
            0.049510035663843155,
            0.023592479526996613
        ],
        [
            0.0801127552986145,
            0.061812471598386765,
            0.034055233001708984
        ],
        [
            0.10554414987564087,
            0.012194022536277771,
            -0.016098015010356903
        ],
        [
            0.1128273457288742,
            0.019223330542445183,
            -0.013712234795093536
        ],
        [
            0.13013046979904175,
            0.08375377207994461,
            0.0802738294005394
        ],
        [
            0.13458724319934845,
            0.08288444578647614,
            0.07611588388681412
        ],
        [
            0.13261863589286804,
            0.07960507273674011,
            0.07618307322263718
        ],
        [
            0.1288354992866516,
            0.08110646158456802,
            0.0803876668214798
        ],
        [
            0.12058556824922562,
            -0.00040434300899505615,
            -0.010255340486764908
        ],
        [
            0.12081791460514069,
            -0.008372709155082703,
            -0.003981474786996841
        ],
        [
            0.11715899407863617,
            -0.01052478700876236,
            -0.009983599185943604
        ],
        [
            0.11514551937580109,
            -0.0028005242347717285,
            -0.015082083642482758
        ],
        [
            0.1277690827846527,
            0.0026876404881477356,
            -0.003865838050842285
        ],
        [
            0.12551966309547424,
            -0.004827264696359634,
            0.004360381513834
        ],
        [
            0.13526661694049835,
            0.08509741723537445,
            0.09216346591711044
        ],
        [
            0.13102689385414124,
            0.08576063811779022,
            0.08908949047327042
        ],
        [
            0.13037969172000885,
            0.08134330809116364,
            0.09069610387086868
        ],
        [
            0.13470464944839478,
            0.07934118807315826,
            0.09322638064622879
        ],
        [
            0.10830450057983398,
            0.05375828593969345,
            0.058626752346754074
        ],
        [
            0.1121927946805954,
            0.04974158853292465,
            0.05128799006342888
        ],
        [
            0.11788402497768402,
            0.058157723397016525,
            0.07073746621608734
        ],
        [
            0.11690948903560638,
            0.05409999564290047,
            0.06356850266456604
        ],
        [
            0.11098674684762955,
            0.05467208847403526,
            0.06731986254453659
        ],
        [
            0.11262580752372742,
            0.05708538368344307,
            0.07371167838573456
        ],
        [
            0.13060292601585388,
            0.04395836964249611,
            0.04679127782583237
        ],
        [
            0.12364558130502701,
            0.03943205624818802,
            0.03861592710018158
        ],
        [
            0.12014459073543549,
            0.04206552356481552,
            0.04370519518852234
        ],
        [
            0.12638072669506073,
            0.04820869863033295,
            0.053178444504737854
        ],
        [
            0.13255098462104797,
            0.03707343339920044,
            0.027663826942443848
        ],
        [
            0.1386491358280182,
            0.041105009615421295,
            0.036824971437454224
        ],
        [
            0.14277982711791992,
            0.039077192544937134,
            0.02944408729672432
        ],
        [
            0.1377640813589096,
            0.0376497283577919,
            0.02381138876080513
        ],
        [
            0.14597603678703308,
            0.048048246651887894,
            0.05457567051053047
        ],
        [
            0.14706334471702576,
            0.04901482164859772,
            0.059009671211242676
        ],
        [
            0.1490367203950882,
            0.049296583980321884,
            0.05598253011703491
        ],
        [
            0.14770811796188354,
            0.04711006581783295,
            0.05140803009271622
        ],
        [
            0.1132139265537262,
            -0.013510458171367645,
            -0.015184037387371063
        ],
        [
            0.10935410857200623,
            -0.005245015025138855,
            -0.018997102975845337
        ],
        [
            0.15658536553382874,
            0.01331128180027008,
            0.027409829199314117
        ],
        [
            0.15569280087947845,
            0.01608857326209545,
            0.016297999769449234
        ],
        [
            0.16548991203308105,
            0.02297881245613098,
            0.022872883826494217
        ],
        [
            0.1650010198354721,
            0.017237866297364235,
            0.03427637740969658
        ],
        [
            0.11726339161396027,
            -0.012394629418849945,
            0.004993617534637451
        ],
        [
            0.11527273058891296,
            -0.016046565026044846,
            -0.0017133578658103943
        ],
        [
            0.14146089553833008,
            0.08356013894081116,
            0.09194709360599518
        ],
        [
            0.1405649334192276,
            0.07765637338161469,
            0.09249463677406311
        ],
        [
            0.06824168562889099,
            0.03866012766957283,
            0.032346460968256
        ],
        [
            0.07586824893951416,
            0.05588337779045105,
            0.04075416550040245
        ],
        [
            0.06557449698448181,
            0.02360428124666214,
            0.025965720415115356
        ],
        [
            0.06581868976354599,
            0.012533247470855713,
            0.021405793726444244
        ],
        [
            0.0639767274260521,
            0.0047562457621097565,
            0.016493655741214752
        ],
        [
            0.12341870367527008,
            0.05404024198651314,
            0.06274618208408356
        ],
        [
            0.1145283430814743,
            0.04393807426095009,
            0.04431086406111717
        ],
        [
            0.11795460432767868,
            0.03550788760185242,
            0.02827432006597519
        ],
        [
            0.14045442640781403,
            0.033566080033779144,
            0.006817881017923355
        ],
        [
            0.13382233679294586,
            0.030248790979385376,
            -0.0004170238971710205
        ],
        [
            0.1287306249141693,
            0.03489941358566284,
            0.008004650473594666
        ],
        [
            0.13564686477184296,
            0.03630932793021202,
            0.012907460331916809
        ],
        [
            0.15494225919246674,
            0.024240843951702118,
            0.010085046291351318
        ],
        [
            0.15140460431575775,
            0.03164946660399437,
            0.010771624743938446
        ],
        [
            0.15630334615707397,
            0.03408760204911232,
            0.015998538583517075
        ],
        [
            0.1617804765701294,
            0.028342267498373985,
            0.016365807503461838
        ],
        [
            0.08851683139801025,
            0.05956193059682846,
            0.05933050811290741
        ],
        [
            0.08255313336849213,
            0.04760909825563431,
            0.056442536413669586
        ],
        [
            0.11739802360534668,
            0.008973516523838043,
            -0.014341257512569427
        ],
        [
            0.1105489581823349,
            0.006126653403043747,
            -0.017137311398983
        ],
        [
            0.104617178440094,
            0.0008242577314376831,
            -0.020515412092208862
        ],
        [
            0.10512557625770569,
            0.030987288802862167,
            0.009425044059753418
        ],
        [
            0.09585605561733246,
            0.02647196501493454,
            -0.00043210387229919434
        ],
        [
            0.09288830310106277,
            0.028227688744664192,
            0.002317763864994049
        ],
        [
            0.10310260951519012,
            0.030643709003925323,
            0.012258194386959076
        ],
        [
            0.09995114058256149,
            0.04082494229078293,
            0.02257724106311798
        ],
        [
            0.09162165969610214,
            0.04083193093538284,
            0.01209355890750885
        ],
        [
            0.10267546772956848,
            0.05086395889520645,
            0.028443317860364914
        ],
        [
            0.08325538039207458,
            0.01887887716293335,
            -0.0026654601097106934
        ],
        [
            0.08387233316898346,
            0.012468140572309494,
            -0.011779524385929108
        ],
        [
            0.07667753100395203,
            0.013121034950017929,
            -0.006447233259677887
        ],
        [
            0.09183578193187714,
            0.009345564991235733,
            -0.01673153042793274
        ],
        [
            0.09923268854618073,
            0.005483459681272507,
            -0.020047158002853394
        ],
        [
            0.11266407370567322,
            -0.02229977399110794,
            -0.007020287215709686
        ],
        [
            0.07091596722602844,
            0.013012874871492386,
            -0.00033446401357650757
        ],
        [
            0.09795498847961426,
            0.07017473131418228,
            0.03681664913892746
        ],
        [
            0.09796936810016632,
            0.07483736425638199,
            0.04366164281964302
        ],
        [
            0.10380786657333374,
            0.07064235955476761,
            0.046226438134908676
        ],
        [
            0.10391168296337128,
            0.06635890901088715,
            0.04083770886063576
        ],
        [
            0.11271035671234131,
            0.05053524672985077,
            0.0850774496793747
        ],
        [
            0.11111729592084885,
            0.055590320378541946,
            0.07929332554340363
        ],
        [
            0.1064993143081665,
            0.05298062413930893,
            0.07262275367975235
        ],
        [
            0.11378839612007141,
            0.030829796567559242,
            -0.001150570809841156
        ],
        [
            0.1214040070772171,
            0.024065248668193817,
            -0.008939877152442932
        ],
        [
            0.12424693256616592,
            0.0582161620259285,
            0.06981530040502548
        ],
        [
            0.1338907927274704,
            0.07466019690036774,
            0.09451112896203995
        ],
        [
            0.12878617644309998,
            0.07687948644161224,
            0.09199689328670502
        ],
        [
            0.12020290642976761,
            0.06169098988175392,
            0.08985962718725204
        ],
        [
            0.1260310411453247,
            0.058979835361242294,
            0.09292513132095337
        ],
        [
            0.1329648792743683,
            0.057921018451452255,
            0.0742148905992508
        ],
        [
            0.12643887102603912,
            0.06003894284367561,
            0.07166363298892975
        ],
        [
            0.128192737698555,
            0.0607515387237072,
            0.07237841188907623
        ],
        [
            0.13491705060005188,
            0.06031685695052147,
            0.0730346292257309
        ],
        [
            0.15212933719158173,
            0.0462447889149189,
            0.04751014709472656
        ],
        [
            0.1507636308670044,
            0.0447145476937294,
            0.0436025895178318
        ],
        [
            0.13510388135910034,
            0.03583771362900734,
            0.08007792383432388
        ],
        [
            0.12348751723766327,
            0.03569607436656952,
            0.08797946572303772
        ],
        [
            0.1153111681342125,
            0.03011595830321312,
            0.07914615422487259
        ],
        [
            0.1347111612558365,
            0.04171675816178322,
            0.0408506765961647
        ],
        [
            0.14135050773620605,
            0.04552987590432167,
            0.047620486468076706
        ],
        [
            0.1437579095363617,
            0.04432814195752144,
            0.04444821551442146
        ],
        [
            0.12802164256572723,
            0.05418907105922699,
            0.0636635571718216
        ],
        [
            0.1302996277809143,
            0.0568680502474308,
            0.06933701038360596
        ],
        [
            0.13303419947624207,
            0.0539095364511013,
            0.06644577533006668
        ],
        [
            0.13103537261486053,
            0.051691412925720215,
            0.05992414429783821
        ],
        [
            0.1461215317249298,
            0.010069098323583603,
            0.0088578499853611
        ],
        [
            0.1459987759590149,
            0.019710516557097435,
            0.001827433705329895
        ],
        [
            0.12901441752910614,
            0.0850374698638916,
            0.08483516424894333
        ],
        [
            0.12802699208259583,
            0.08176149427890778,
            0.08579304814338684
        ],
        [
            0.12777386605739594,
            0.03742433711886406,
            0.03293045237660408
        ],
        [
            0.10699953138828278,
            0.024861345067620277,
            0.06718853861093521
        ],
        [
            0.1213504895567894,
            0.034429557621479034,
            0.024012353271245956
        ],
        [
            0.16300618648529053,
            0.03080175630748272,
            0.048169493675231934
        ],
        [
            0.16309736669063568,
            0.03762578219175339,
            0.04237804561853409
        ],
        [
            0.1626073718070984,
            0.04123012349009514,
            0.04308624565601349
        ],
        [
            0.1641983836889267,
            0.038935910910367966,
            0.04794779419898987
        ],
        [
            0.14212565124034882,
            0.07210113853216171,
            0.07595136761665344
        ],
        [
            0.13722465932369232,
            0.07514011859893799,
            0.07429319620132446
        ],
        [
            0.1383133828639984,
            0.0777173787355423,
            0.07417969405651093
        ],
        [
            0.14373616874217987,
            0.07601212710142136,
            0.07623565196990967
        ],
        [
            0.12069713324308395,
            0.06091296300292015,
            0.07304827868938446
        ],
        [
            0.1156737357378006,
            0.060690492391586304,
            0.07682090252637863
        ],
        [
            0.11890405416488647,
            0.06441303342580795,
            0.07783228158950806
        ],
        [
            0.12377455830574036,
            0.06315790116786957,
            0.07423223555088043
        ],
        [
            0.11462924629449844,
            0.05904187634587288,
            0.08281456679105759
        ],
        [
            0.11761998385190964,
            0.06338167935609818,
            0.08418359607458115
        ],
        [
            0.14534413814544678,
            0.07018633186817169,
            0.08126019686460495
        ],
        [
            0.14425159990787506,
            0.07055948674678802,
            0.08880998939275742
        ],
        [
            0.1384674608707428,
            0.05555360019207001,
            0.08632007241249084
        ],
        [
            0.13966180384159088,
            0.05879946053028107,
            0.07904122024774551
        ],
        [
            0.12462222576141357,
            -0.0002801157534122467,
            0.028220511972904205
        ],
        [
            0.13098205626010895,
            -0.0005938373506069183,
            0.018915865570306778
        ],
        [
            0.14145779609680176,
            0.007275030016899109,
            0.02760227397084236
        ],
        [
            0.15308666229248047,
            0.014145493507385254,
            0.036615222692489624
        ],
        [
            0.16245979070663452,
            0.021932631731033325,
            0.04510331153869629
        ],
        [
            0.15684768557548523,
            0.02089286781847477,
            0.05607501417398453
        ],
        [
            0.14467336237430573,
            0.006913859397172928,
            0.019771061837673187
        ],
        [
            0.13644631206989288,
            0.04900814965367317,
            0.07731583714485168
        ],
        [
            0.13449497520923615,
            0.045388735830783844,
            0.08406644314527512
        ],
        [
            0.1375739872455597,
            0.044028110802173615,
            0.08000488579273224
        ],
        [
            0.12621667981147766,
            0.034724969416856766,
            0.0182383731007576
        ],
        [
            0.12621863186359406,
            0.07823220640420914,
            0.08743613213300705
        ],
        [
            0.0802433043718338,
            -0.00661696121096611,
            0.02691814675927162
        ],
        [
            0.09152562916278839,
            -0.013188153505325317,
            0.02255449816584587
        ],
        [
            0.09433651715517044,
            -0.0074929967522621155,
            0.02871999889612198
        ],
        [
            0.08152750134468079,
            0.000902373343706131,
            0.03323093801736832
        ],
        [
            0.13093389570713043,
            0.07782334089279175,
            0.07648088037967682
        ],
        [
            0.1265208125114441,
            0.07874986529350281,
            0.08108212053775787
        ],
        [
            0.154744952917099,
            0.04487163946032524,
            0.03847435116767883
        ],
        [
            0.1558031588792801,
            0.046027954667806625,
            0.04277424514293671
        ],
        [
            0.15793533623218536,
            0.04481733590364456,
            0.0407882034778595
        ],
        [
            0.15856865048408508,
            0.04510480910539627,
            0.0362115278840065
        ],
        [
            0.1329372525215149,
            -0.000661991536617279,
            0.013096265494823456
        ],
        [
            0.1690455824136734,
            0.03253747522830963,
            0.02326951175928116
        ],
        [
            0.16916009783744812,
            0.026814565062522888,
            0.03496503829956055
        ],
        [
            0.12181688845157623,
            -0.00740741565823555,
            0.011907462030649185
        ],
        [
            0.11639140546321869,
            -0.007810242474079132,
            0.020153801888227463
        ],
        [
            0.1109904944896698,
            -0.013386648148298264,
            0.01404355838894844
        ],
        [
            0.1509179323911667,
            0.029735084623098373,
            0.06685969978570938
        ],
        [
            0.1208859384059906,
            0.0018354728817939758,
            0.03591151162981987
        ],
        [
            0.11237823963165283,
            -0.005820844322443008,
            0.026495330035686493
        ],
        [
            0.105756014585495,
            -0.012390833348035812,
            0.019487030804157257
        ],
        [
            0.10175639390945435,
            -0.017751533538103104,
            0.01438041403889656
        ],
        [
            0.10786628723144531,
            -0.018206831067800522,
            0.008902210742235184
        ],
        [
            0.13961762189865112,
            0.07244182378053665,
            0.09272457659244537
        ],
        [
            0.14643241465091705,
            0.07624541223049164,
            0.08840231597423553
        ],
        [
            0.10494490712881088,
            -0.025084111839532852,
            0.0035895109176635742
        ],
        [
            0.09798052161931992,
            -0.023729495704174042,
            0.009686179459095001
        ],
        [
            0.10653515160083771,
            -0.0030252784490585327,
            0.03319794312119484
        ],
        [
            0.09865816682577133,
            0.0018715225160121918,
            0.0404852069914341
        ],
        [
            0.11488978564739227,
            0.004505068063735962,
            0.04191237688064575
        ],
        [
            0.10792696475982666,
            0.009589757770299911,
            0.049963079392910004
        ],
        [
            0.1446889042854309,
            0.02604478783905506,
            0.07616087049245834
        ],
        [
            0.14943739771842957,
            0.09346052259206772,
            0.08025600761175156
        ],
        [
            0.14886511862277985,
            0.08197709172964096,
            0.08193518221378326
        ],
        [
            0.1457948237657547,
            0.08116087317466736,
            0.0768793597817421
        ],
        [
            0.1487097442150116,
            0.0920465812087059,
            0.07621757686138153
        ],
        [
            0.14700201153755188,
            0.07538063079118729,
            0.08121167123317719
        ],
        [
            0.14728792011737823,
            0.08231405913829803,
            0.08765996992588043
        ],
        [
            0.09704025834798813,
            0.018715225160121918,
            0.05613764375448227
        ],
        [
            0.13474565744400024,
            0.054799988865852356,
            0.07171724736690521
        ],
        [
            0.0845513641834259,
            0.013920843601226807,
            0.044982604682445526
        ],
        [
            0.0898127555847168,
            0.0327950045466423,
            0.06311480700969696
        ],
        [
            0.08054684847593307,
            0.03162848949432373,
            0.05343130975961685
        ],
        [
            0.07094267010688782,
            0.011076744645833969,
            0.03317718580365181
        ],
        [
            0.070327028632164,
            0.027118440717458725,
            0.04127337038516998
        ],
        [
            0.06912625581026077,
            -0.004016418009996414,
            0.021314524114131927
        ],
        [
            0.07146959006786346,
            0.0024368390440940857,
            0.02738368511199951
        ],
        [
            0.0738191157579422,
            0.04325497895479202,
            0.04649616405367851
        ],
        [
            0.13367123901844025,
            0.09188304841518402,
            0.07566613703966141
        ],
        [
            0.13860537111759186,
            0.09022033959627151,
            0.07269331067800522
        ],
        [
