{
    "pred_cam": [
        7.96485710144043,
        -0.11109451204538345,
        -0.07609743624925613
    ],
    "pred_mano_params": {
        "global_orient": [
            [
                [
                    0.2047325223684311,
                    -0.7991705536842346,
                    0.5651646256446838
                ],
                [
                    -0.9275614619255066,
                    -0.3427990972995758,
                    -0.148722842335701
                ],
                [
                    0.3125928044319153,
                    -0.4937765300273895,
                    -0.8114619255065918
                ]
            ]
        ],
        "hand_pose": [
            [
                [
                    0.755949854850769,
                    -0.6218511462211609,
                    -0.20455016195774078
                ],
                [
                    0.6148291230201721,
                    0.7817298173904419,
                    -0.10432473570108414
                ],
                [
                    0.2247774302959442,
                    -0.04689910262823105,
                    0.9732807278633118
                ]
            ],
            [
                [
                    0.8491041660308838,
                    -0.4606150984764099,
                    0.2585650682449341
                ],
                [
                    0.5040764808654785,
                    0.8528860807418823,
                    -0.1359860897064209
                ],
                [
                    -0.15788929164409637,
                    0.24580292403697968,
                    0.9563743472099304
                ]
            ],
            [
                [
                    0.7453691363334656,
                    -0.6666046380996704,
                    0.007943788543343544
                ],
                [
                    0.6401136517524719,
                    0.7123177647590637,
                    -0.28785064816474915
                ],
                [
                    0.1862240731716156,
                    0.21963991224765778,
                    0.9576424360275269
                ]
            ],
            [
                [
                    0.7088102698326111,
                    -0.6926050782203674,
                    -0.13373899459838867
                ],
                [
                    0.7045302391052246,
                    0.7045047879219055,
                    0.08549932390451431
                ],
                [
                    0.035002488642930984,
                    -0.15482595562934875,
                    0.9873214364051819
                ]
            ],
            [
                [
                    0.5577889084815979,
                    -0.7989892959594727,
                    -0.22469420731067657
                ],
                [
                    0.8264267444610596,
                    0.5096255540847778,
                    0.23937538266181946
                ],
                [
                    -0.07674847543239594,
                    -0.31921425461769104,
                    0.9445695877075195
                ]
            ],
            [
                [
                    0.8207298517227173,
                    -0.47647374868392944,
                    -0.3152382969856262
                ],
                [
                    0.5255365371704102,
                    0.84605473279953,
                    0.08945813775062561
                ],
                [
                    0.22408440709114075,
                    -0.2390902042388916,
                    0.9447867274284363
                ]
            ],
            [
                [
                    0.519571840763092,
                    -0.5874047875404358,
                    0.6204842925071716
                ],
                [
                    0.4755961298942566,
                    0.802125096321106,
                    0.36111441254615784
                ],
                [
                    -0.7098264098167419,
                    0.10747504234313965,
                    0.6961290836334229
                ]
            ],
            [
                [
                    0.7154268026351929,
                    -0.6239680051803589,
                    -0.314369797706604
                ],
                [
                    0.6952149868011475,
                    0.5909363627433777,
                    0.40923136472702026
                ],
                [
                    -0.069574736058712,
                    -0.5113296508789062,
                    0.8565636277198792
                ]
            ],
            [
                [
                    0.8135930895805359,
                    -0.5799727439880371,
                    0.04120577126741409
                ],
                [
                    0.5539503693580627,
                    0.7947169542312622,
                    0.24812087416648865
                ],
                [
                    -0.176650270819664,
                    -0.1790434718132019,
                    0.9678523540496826
                ]
            ],
            [
                [
                    0.7263903021812439,
                    -0.6625807285308838,
                    0.18260298669338226
                ],
                [
                    0.6562958359718323,
                    0.7475883960723877,
                    0.10191867500543594
                ],
                [
                    -0.20404119789600372,
                    0.0458088293671608,
                    0.977889895439148
                ]
            ],
            [
                [
                    0.5946447253227234,
                    -0.760431706905365,
                    -0.26103872060775757
                ],
                [
                    0.7780801057815552,
                    0.4625454545021057,
                    0.4250212013721466
                ],
                [
                    -0.20245735347270966,
                    -0.4558456838130951,
                    0.8667269945144653
                ]
            ],
            [
                [
                    0.7717360258102417,
                    -0.5002769231796265,
                    -0.39261484146118164
                ],
                [
                    0.600027322769165,
                    0.7773534655570984,
                    0.18891483545303345
                ],
                [
                    0.21069075167179108,
                    -0.3813720643520355,
                    0.9000914692878723
                ]
            ],
            [
                [
                    0.9776326417922974,
                    -0.15583068132400513,
                    -0.14124910533428192
                ],
                [
                    -0.08284895122051239,
                    0.3319554030895233,
                    -0.9396498799324036
                ],
                [
                    0.19331467151641846,
                    0.9303346276283264,
                    0.3116200268268585
                ]
            ],
            [
                [
                    0.9479731321334839,
                    -0.24903400242328644,
                    -0.19831582903862
                ],
                [
                    0.3181767463684082,
                    0.720574676990509,
                    0.616064727306366
                ],
                [
                    -0.010519689880311489,
                    -0.6471121907234192,
                    0.7623222470283508
                ]
            ],
            [
                [
                    0.9672760963439941,
                    0.2536565959453583,
                    0.005949062295258045
                ],
                [
                    -0.2530062198638916,
                    0.9625000357627869,
                    0.09788594394922256
                ],
                [
                    0.01910344511270523,
                    -0.09618786722421646,
                    0.9951799511909485
                ]
            ]
        ],
        "betas": [
            -0.010391011834144592,
            -0.03752073645591736,
            -0.08882075548171997,
            0.03247454762458801,
            0.07285633683204651,
            -0.03263454884290695,
            0.04534870386123657,
            -0.034264177083969116,
            -0.0314384400844574,
            -0.04151824116706848
        ]
    },
    "pred_cam_t": [
        -0.11109451204538345,
        -0.07609743624925613,
        4.904356479644775
    ],
    "focal_length": [
        5000.0,
        5000.0
    ],
    "pred_keypoints_3d": [
        [
            0.09585321694612503,
            0.006400601472705603,
            0.006190645974129438
        ],
        [
            0.11790674924850464,
            0.030266767367720604,
            -0.014642691239714622
        ],
        [
            0.13198909163475037,
            0.05771595239639282,
            -0.01524316519498825
        ],
        [
            0.13632750511169434,
            0.08452069759368896,
            -0.015102379024028778
        ],
        [
            0.14020805060863495,
            0.11752363294363022,
            -0.029275573790073395
        ],
        [
            0.0936170294880867,
            0.08699870109558105,
            -0.03556642681360245
        ],
        [
            0.09865420311689377,
            0.1194239929318428,
            -0.03133372962474823
        ],
        [
            0.11388558894395828,
            0.13306131958961487,
            -0.02254844829440117
        ],
        [
            0.13051043450832367,
            0.13582254946231842,
            -0.003278154879808426
        ],
        [
            0.07572674751281738,
            0.0953485518693924,
            -0.019949031993746758
        ],
        [
            0.08410372585058212,
            0.12461244314908981,
            -0.01099047064781189
        ],
        [
            0.10399678349494934,
            0.12582170963287354,
            0.001093459315598011
        ],
        [
            0.12243087589740753,
            0.11600226908922195,
            0.016486333683133125
        ],
        [
            0.06719066202640533,
            0.08765990287065506,
            0.004183738958090544
        ],
        [
            0.07701458781957626,
            0.11479993909597397,
            0.004955824930220842
        ],
        [
            0.0975666269659996,
            0.11663505434989929,
            0.018780134618282318
        ],
        [
            0.11333563923835754,
            0.10580403357744217,
            0.03623037040233612
        ],
        [
            0.06530717015266418,
            0.08018337935209274,
            0.024579506367444992
        ],
        [
            0.07385790348052979,
            0.09943786263465881,
            0.02279374748468399
        ],
        [
            0.08835022896528244,
            0.10553355515003204,
            0.033457450568675995
        ],
        [
            0.10203171521425247,
            0.10131875425577164,
            0.04448305070400238
        ]
    ],
    "pred_vertices": [
        [
            0.10806261003017426,
            0.05610927939414978,
            -0.013980265706777573
        ],
        [
            0.11009417474269867,
            0.046495307236909866,
            -0.009237661957740784
        ],
        [
            0.11442434042692184,
            0.053921230137348175,
            -0.011127062141895294
        ],
        [
            0.11282874643802643,
            0.061757542192935944,
            -0.018353842198848724
        ],
        [
            0.1250056028366089,
            0.03974486142396927,
            0.0020154044032096863
        ],
        [
            0.1338065266609192,
            0.032856285572052,
            -0.002185080200433731
        ],
        [
            0.13799089193344116,
            0.04894360154867172,
            -0.004084624350070953
        ],
        [
            0.13036148250102997,
            0.052419766783714294,
            0.001188918948173523
        ],
        [
            0.11542567610740662,
            0.06644219160079956,
            -0.021859774366021156
        ],
        [
            0.11840267479419708,
            0.06052056699991226,
            -0.012120844796299934
        ],
        [
            0.11556056141853333,
            0.06658969074487686,
            -0.023617904633283615
        ],
        [
            0.1079624593257904,
            0.06937539577484131,
            -0.03721436858177185
        ],
        [
            0.11038701236248016,
            0.07074154168367386,
            -0.03142274543642998
        ],
        [
            0.10239387303590775,
            0.07414345443248749,
            -0.04237975552678108
        ],
        [
            0.10357344895601273,
            0.0605274923145771,
            -0.041235391050577164
        ],
        [
            0.0935036763548851,
            0.07165617495775223,
            -0.0447939895093441
        ],
        [
            0.07908008247613907,
            0.050559449940919876,
            -0.028637580573558807
        ],
        [
            0.07161471247673035,
            0.04871632158756256,
            -0.017148777842521667
        ],
        [
            0.06704796105623245,
            0.06518097966909409,
            -0.020580731332302094
        ],
        [
            0.07573247700929642,
            0.06572744250297546,
            -0.03143682703375816
        ],
        [
            0.062418658286333084,
            0.05905882269144058,
            -0.001035287044942379
        ],
        [
            0.06461688131093979,
            0.06319333612918854,
            -0.011935814283788204
        ],
        [
            0.06807451695203781,
            0.04640804976224899,
            -0.009141303598880768
        ],
        [
            0.06605584174394608,
            0.04356711357831955,
            0.0005258047021925449
        ],
        [
            0.10034675896167755,
            0.04911581054329872,
            -0.0020416341722011566
        ],
        [
            0.10298842936754227,
            0.03940100967884064,
            0.0017863735556602478
        ],
        [
            0.10498233139514923,
            0.04098997265100479,
            -0.003789149224758148
        ],
        [
            0.10303054749965668,
            0.05050388723611832,
            -0.006878027692437172
        ],
        [
            0.12392153590917587,
            0.06664197146892548,
            -0.02403954416513443
        ],
        [
            0.11924196034669876,
            0.055833566933870316,
            -0.03312487155199051
        ],
        [
            0.1156223714351654,
            0.062073808163404465,
            -0.030298158526420593
        ],
        [
            0.122622549533844,
            0.0688418298959732,
            -0.01894441992044449
        ],
        [
            0.10968232154846191,
            0.018685556948184967,
            0.02174438163638115
        ],
        [
            0.10865004360675812,
            0.005232676863670349,
            0.02061784826219082
        ],
        [
            0.11128998547792435,
            0.004795797169208527,
            0.015310868620872498
        ],
        [
            0.11126195639371872,
            0.01705344021320343,
            0.01709163375198841
        ],
        [
            0.12488899379968643,
            0.012236542999744415,
            0.00018317997455596924
        ],
        [
            0.12035828083753586,
            0.002620190382003784,
            -0.00019326061010360718
        ],
        [
            0.11993799358606339,
            -0.005461066961288452,
            -0.010555300861597061
        ],
        [
            0.12406681478023529,
            0.004288367927074432,
            -0.013262912631034851
        ],
        [
            0.1295691281557083,
            0.022787369787693024,
            -0.0010812394320964813
        ],
        [
            0.13169844448566437,
            0.01593584567308426,
            -0.01242024451494217
        ],
        [
            0.13695842027664185,
            0.02843514084815979,
            -0.012011650949716568
        ],
        [
            0.1407562643289566,
            0.04650457203388214,
            -0.01247832365334034
        ],
        [
            0.10033221542835236,
            0.005089670419692993,
            0.03037760779261589
        ],
        [
            0.10034540295600891,
            0.014991715550422668,
            0.03295634686946869
        ],
        [
            0.11017549782991409,
            0.11600031703710556,
            -0.029303453862667084
        ],
        [
            0.1081349328160286,
            0.11668618768453598,
            -0.023788809776306152
        ],
        [
            0.10723896324634552,
            0.11301017552614212,
            -0.02484748512506485
        ],
        [
            0.10917526483535767,
            0.11344584822654724,
            -0.0303476694971323
        ],
        [
            0.08041316270828247,
            0.008394531905651093,
            0.03147123008966446
        ],
        [
            0.07269695401191711,
            0.006228677928447723,
            0.025345690548419952
        ],
        [
            0.0749262124300003,
            -8.746236562728882e-05,
            0.028247753158211708
        ],
        [
            0.08320748805999756,
            0.001417212188243866,
            0.032445065677165985
        ],
        [
            0.07680609822273254,
            0.0176239013671875,
            0.03013821318745613
        ],
        [
            0.07033722847700119,
            0.015173844993114471,
            0.02119637466967106
        ],
        [
            0.10443465411663055,
            0.12446656078100204,
            -0.037241529673337936
        ],
        [
            0.1083507388830185,
            0.12118196487426758,
            -0.03646929934620857
        ],
        [
            0.10512629896402359,
            0.11832298338413239,
            -0.03843037411570549
        ],
        [
            0.10055596381425858,
            0.12052083015441895,
            -0.03840439394116402
        ],
        [
            0.1101483404636383,
            0.06888836622238159,
            -0.02490885928273201
        ],
        [
            0.10658332705497742,
            0.06510356068611145,
            -0.017484987154603004
        ],
        [
            0.10404534637928009,
            0.08346321433782578,
            -0.029508182778954506
        ],
        [
            0.10367854684591293,
            0.07655647397041321,
            -0.024607811123132706
        ],
        [
            0.10687161237001419,
            0.0752485990524292,
            -0.03069564327597618
        ],
        [
            0.10582943260669708,
            0.08099395781755447,
            -0.03484885394573212
        ],
        [
            0.0921197384595871,
            0.07017353922128677,
            -0.004939403384923935
        ],
        [
            0.09512931853532791,
            0.05914996564388275,
            -0.002385612577199936
        ],
        [
            0.0979088619351387,
            0.061178769916296005,
            -0.008102189749479294
        ],
        [
            0.09613817185163498,
            0.07343986630439758,
            -0.011866807006299496
        ],
        [
            0.09072647988796234,
            0.0579223595559597,
            0.0110555961728096
        ],
        [
            0.08772154897451401,
            0.06871724128723145,
            0.007223134860396385
        ],
        [
            0.08549600094556808,
            0.06674908101558685,
            0.015309509821236134
        ],
        [
            0.08886808156967163,
            0.05973879247903824,
            0.01707308739423752
        ],
        [
            0.08365748077630997,
            0.08632539957761765,
            -0.002431686967611313
        ],
        [
            0.0819740816950798,
            0.09192412346601486,
            -0.004868895281106234
        ],
        [
            0.08105625957250595,
            0.0924399346113205,
            -0.0017543062567710876
        ],
        [
            0.08225952833890915,
            0.08548876643180847,
            0.0009355321526527405
        ],
        [
            0.07647759467363358,
            -0.0067487433552742004,
            0.03019547462463379
        ],
        [
            0.08595088124275208,
            -0.005357466638088226,
            0.0324023999273777
        ],
        [
            0.059977538883686066,
            0.05502745509147644,
            0.02021237090229988
        ],
        [
            0.06486406922340393,
            0.05203257128596306,
            0.029907256364822388
        ],
        [
            0.060380589216947556,
            0.06537631154060364,
            0.03010900504887104
        ],
        [
            0.055870380252599716,
            0.06493420898914337,
            0.0194068793207407
        ],
        [
            0.06953658908605576,
            0.005668900907039642,
            0.015460633672773838
        ],
        [
            0.06981603801250458,
            -0.0009872019290924072,
            0.019623391330242157
        ],
        [
            0.09988810867071152,
            0.12719479203224182,
            -0.034203819930553436
        ],
        [
            0.09621591866016388,
            0.12240736186504364,
            -0.03476503863930702
        ],
        [
            0.13130389153957367,
            0.02370394766330719,
            -0.024136368185281754
        ],
        [
            0.13856080174446106,
            0.044914789497852325,
            -0.021931607276201248
        ],
        [
            0.12293188273906708,
            0.00895015150308609,
            -0.02323134057223797
        ],
        [
            0.11558853089809418,
            -0.0003402829170227051,
            -0.021213263273239136
        ],
        [
            0.11204130947589874,
            -0.00888090580701828,
            -0.019209694117307663
        ],
        [
            0.09972312301397324,
            0.08009491115808487,
            -0.020611289888620377
        ],
        [
            0.1026202142238617,
            0.05937594175338745,
            -0.01132083497941494
        ],
        [
            0.0983133539557457,
            0.04829668998718262,
            0.002683021128177643
        ],
        [
            0.08868282288312912,
            0.05062340945005417,
            0.032031767070293427
        ],
        [
            0.09223286062479019,
            0.04086603224277496,
            0.03414660692214966
        ],
        [
            0.09643363952636719,
            0.04485984146595001,
            0.025095714256167412
        ],
        [
            0.09192322194576263,
            0.05238902568817139,
            0.024831142276525497
        ],
        [
            0.07243550568819046,
            0.05461620166897774,
            0.035679057240486145
        ],
        [
            0.0795520544052124,
            0.05830829218029976,
            0.03418690338730812
        ],
        [
            0.07572992146015167,
            0.06673493981361389,
            0.032863304018974304
        ],
        [
            0.06818550825119019,
            0.06522701680660248,
            0.03460090607404709
        ],
        [
            0.12980490922927856,
            0.06481339037418365,
            -0.02802184782922268
        ],
        [
            0.12420807778835297,
            0.050577692687511444,
            -0.03451957181096077
        ],
        [
            0.09030308574438095,
            0.010723017156124115,
            0.034478165209293365
        ],
        [
            0.0931205078959465,
            0.0035819783806800842,
            0.03296109288930893
        ],
        [
            0.09368263185024261,
            -0.004874221980571747,
            0.03207796812057495
        ],
        [
            0.10749748349189758,
            0.02890203893184662,
            0.010729901492595673
        ],
        [
            0.11246320605278015,
            0.01592676341533661,
            0.013843925669789314
        ],
        [
            0.11457572877407074,
            0.01659119874238968,
            0.010013926774263382
        ],
        [
            0.10763069987297058,
            0.028822124004364014,
            0.00681641697883606
        ],
        [
            0.11288800835609436,
            0.037730053067207336,
            -0.001749381422996521
        ],
        [
            0.12020591646432877,
            0.02792990207672119,
            0.0031782202422618866
        ],
        [
            0.11687733978033066,
            0.04755062237381935,
            -0.001489393413066864
        ],
        [
            0.11522034555673599,
            0.0025896281003952026,
            0.008457835763692856
        ],
        [
            0.11259013414382935,
            -0.005416058003902435,
            0.015642637386918068
        ],
        [
            0.11607886850833893,
            -0.006739996373653412,
            0.007563795894384384
        ],
        [
            0.10674428194761276,
            -0.005074121057987213,
            0.02349638007581234
        ],
        [
            0.10026472806930542,
            -0.004788614809513092,
            0.0295884869992733
        ],
        [
            0.06816162914037704,
            -0.009043276309967041,
            0.021909616887569427
        ],
        [
            0.11797361820936203,
            -0.007326118648052216,
            -0.00048202648758888245
        ],
        [
            0.133916974067688,
            0.06120063364505768,
            -0.0018531028181314468
        ],
        [
            0.13662783801555634,
            0.06911361962556839,
            -0.004803083837032318
        ],
        [
            0.12955275177955627,
            0.07028704136610031,
            -0.005074203945696354
        ],
        [
            0.1265217810869217,
            0.06354929506778717,
            -0.0031496770679950714
        ],
        [
            0.09826764464378357,
            0.08185692876577377,
            -0.045057736337184906
        ],
        [
            0.10426311194896698,
            0.08171933144330978,
            -0.040394850075244904
        ],
        [
            0.10722896456718445,
            0.0740702748298645,
            -0.037357229739427567
        ],
        [
            0.1049557775259018,
            0.029016301035881042,
            0.024505723267793655
        ],
        [
            0.09741837531328201,
            0.025426693260669708,
            0.03399723768234253
        ],
        [
            0.10011477768421173,
            0.08695737272500992,
            -0.02559225633740425
        ],
        [
            0.09757202863693237,
            0.1166219636797905,
            -0.03985601291060448
        ],
        [
            0.10301011055707932,
            0.11437103152275085,
            -0.03991105034947395
        ],
        [
            0.09958416223526001,
            0.09646191447973251,
            -0.04378577694296837
        ],
        [
            0.09308452159166336,
            0.09904681146144867,
            -0.044039737433195114
        ],
        [
            0.09297509491443634,
            0.09433126449584961,
            -0.025156782940030098
        ],
        [
            0.0992095097899437,
            0.09070446342229843,
            -0.025762617588043213
        ],
        [
            0.09826703369617462,
            0.09288346767425537,
            -0.02549927681684494
        ],
        [
            0.0934968963265419,
            0.09676644951105118,
            -0.023023273795843124
        ],
        [
            0.07901057600975037,
            0.08899810910224915,
            0.006619019899517298
        ],
        [
            0.0802421048283577,
            0.08263950794935226,
            0.009001658298075199
        ],
        [
            0.07505613565444946,
            0.08177924156188965,
            -0.0315236821770668
        ],
        [
            0.08030527830123901,
            0.0789252296090126,
            -0.04378318414092064
        ],
        [
            0.0837986171245575,
            0.06698118150234222,
            -0.041027188301086426
        ],
        [
            0.08953098207712173,
            0.06846874207258224,
            0.0018730396404862404
        ],
        [
            0.08648025989532471,
            0.07831418514251709,
            0.00029711704701185226
        ],
        [
            0.08479208499193192,
            0.07770716398954391,
            0.00408557802438736
        ],
        [
            0.09664170444011688,
            0.08344890177249908,
            -0.019038796424865723
        ],
        [
            0.0954621210694313,
            0.0893944576382637,
            -0.022318214178085327
        ],
        [
            0.09275858104228973,
            0.08765706419944763,
            -0.01855618879199028
        ],
        [
            0.09402160346508026,
            0.0817633718252182,
            -0.014598991721868515
        ],
        [
            0.06826403737068176,
            0.03901493549346924,
            0.030091160908341408
        ],
        [
            0.07695046812295914,
            0.04221389442682266,
            0.037214457988739014
        ],
        [
            0.11037230491638184,
            0.11787749826908112,
            -0.03377323970198631
        ],
        [
            0.10834525525569916,
            0.11545790731906891,
            -0.035374145954847336
        ],
        [
            0.09257302433252335,
            0.05769706144928932,
            0.004238671623170376
        ],
        [
            0.08806948363780975,
            0.053380418568849564,
            -0.03638549521565437
        ],
        [
            0.09647056460380554,
            0.047594886273145676,
            0.007868128828704357
        ],
        [
            0.06071490794420242,
            0.07971254736185074,
            0.007954373024404049
        ],
        [
            0.06539658457040787,
            0.0828322023153305,
            0.013459816575050354
        ],
        [
            0.06730987131595612,
            0.08881299197673798,
            0.012284550815820694
        ],
        [
            0.06300917267799377,
            0.08886183798313141,
            0.008030246943235397
        ],
        [
            0.09605752676725388,
            0.11166591942310333,
            -0.020588841289281845
        ],
        [
            0.10163629055023193,
            0.11029554903507233,
            -0.0210159532725811
        ],
        [
            0.10293739289045334,
            0.11433761566877365,
            -0.02051098458468914
        ],
        [
            0.0977383628487587,
            0.11713262647390366,
            -0.020008284598588943
        ],
        [
            0.10323821008205414,
            0.08858871459960938,
            -0.029566213488578796
        ],
        [
            0.10543540120124817,
            0.08706361800432205,
            -0.03528113663196564
        ],
        [
            0.10540615767240524,
            0.09251660108566284,
            -0.033926401287317276
        ],
        [
            0.10227493941783905,
            0.09286699444055557,
            -0.028811108320951462
        ],
        [
            0.10338383913040161,
            0.08809463679790497,
            -0.04098314419388771
        ],
        [
            0.10394422709941864,
            0.09382061660289764,
            -0.03998653590679169
        ],
        [
            0.09115316718816757,
            0.11434054374694824,
            -0.023854246363043785
        ],
        [
            0.08969661593437195,
            0.11704479157924652,
            -0.030688045546412468
        ],
        [
            0.08440285176038742,
            0.10080324858427048,
            -0.03325565904378891
        ],
        [
            0.08790905028581619,
            0.10090694576501846,
            -0.02611260488629341
        ],
        [
            0.06823248416185379,
            0.028528764843940735,
            0.0014979811385273933
        ],
        [
            0.06657440215349197,
            0.027742616832256317,
            0.012512549757957458
        ],
        [
            0.06414905935525894,
            0.04269341379404068,
            0.01181627158075571
        ],
        [
            0.06030885875225067,
            0.05728641524910927,
            0.011218765750527382
        ],
        [
            0.05794450268149376,
            0.07123545557260513,
            0.009976434521377087
        ],
        [
            0.05823018401861191,
            0.07191937416791916,
            -0.0021383296698331833
        ],
        [
            0.06392698734998703,
            0.04085088521242142,
            0.01984434947371483
        ],
        [
            0.0836581215262413,
            0.09218229353427887,
            -0.026846857741475105
        ],
        [
            0.08088613301515579,
            0.08986088633537292,
            -0.034392960369586945
        ],
        [
            0.07844039052724838,
            0.08892853558063507,
            -0.029538815841078758
        ],
        [
            0.09517849236726761,
            0.04801469296216965,
            0.015233706682920456
        ],
        [
            0.10698211938142776,
            0.11197040230035782,
            -0.03704766556620598
        ],
        [
            0.09097564965486526,
            -0.0019693151116371155,
            -0.02117706649005413
        ],
        [
            0.08021436631679535,
            -0.0017655342817306519,
            -0.012570979073643684
        ],
        [
            0.08114011585712433,
            0.006497643887996674,
            -0.01556511502712965
        ],
        [
            0.09427308291196823,
            0.006774730980396271,
            -0.024844953790307045
        ],
        [
            0.10683231055736542,
            0.1094423159956932,
            -0.02550012618303299
        ],
        [
            0.10907208174467087,
            0.1098189577460289,
            -0.03139409050345421
        ],
        [
            0.07773955911397934,
            0.08344023674726486,
            0.015163780190050602
        ],
        [
            0.076667919754982,
            0.08914882689714432,
            0.011908235028386116
        ],
        [
            0.07367664575576782,
            0.0902862474322319,
            0.013384602963924408
        ],
        [
            0.07497517764568329,
            0.08643297851085663,
            0.018912464380264282
        ],
        [
            0.06686675548553467,
            0.026170052587985992,
            0.0182822085916996
        ],
        [
            0.06096084415912628,
            0.07550489902496338,
            0.029936613515019417
        ],
        [
            0.05614038556814194,
            0.0738949179649353,
            0.020588133484125137
        ],
        [
            0.06867975741624832,
            0.014759920537471771,
            0.012675217352807522
        ],
        [
            0.06956116855144501,
            0.015151068568229675,
            0.002927541732788086
        ],
        [
            0.07027505338191986,
            0.005539886653423309,
            0.0045122383162379265
        ],
        [
            0.06385868042707443,
            0.08011845499277115,
            -0.01371054071933031
        ],
        [
            0.07001365721225739,
            0.031303681433200836,
            -0.006553898099809885
        ],
        [
            0.07182648032903671,
            0.017051495611667633,
            -0.004165824502706528
        ],
        [
            0.0727916806936264,
            0.005646273493766785,
            -0.002595762722194195
        ],
        [
            0.07263042777776718,
            -0.002574644982814789,
            -0.0010903328657150269
        ],
        [
            0.07001238316297531,
            -0.0018302872776985168,
            0.006605852395296097
        ],
        [
            0.09280933439731598,
            0.11761460453271866,
            -0.03578224405646324
        ],
        [
            0.09260246902704239,
            0.1231883242726326,
            -0.029049793258309364
        ],
        [
            0.06809321790933609,
            -0.010494574904441833,
            0.008638955652713776
        ],
        [
            0.07175818830728531,
            -0.010876044631004333,
            9.90740954875946e-05
        ],
        [
            0.07579199969768524,
            0.018608458340168,
            -0.012378755956888199
        ],
        [
            0.0825558677315712,
            0.020748481154441833,
            -0.02194765955209732
        ],
        [
            0.07405911386013031,
            0.03240150958299637,
            -0.014257555827498436
        ],
        [
            0.08010957390069962,
            0.03555179759860039,
            -0.023881878703832626
        ],
        [
            0.06403226405382156,
            0.07757367193698883,
            -0.024383312091231346
        ],
        [
            0.10494818538427353,
            0.13549809157848358,
            -0.02092553675174713
        ],
        [
            0.09671890735626221,
            0.1269083470106125,
            -0.02284013107419014
        ],
        [
            0.09957046806812286,
            0.1228359043598175,
            -0.01978280581533909
        ],
        [
            0.10502588748931885,
            0.13250203430652618,
            -0.01754521019756794
        ],
        [
            0.09372548013925552,
            0.12038487941026688,
            -0.022922469303011894
        ],
        [
            0.09650229662656784,
            0.12816211581230164,
            -0.028455689549446106
        ],
        [
            0.09247598797082901,
            0.03851091489195824,
            -0.03333170339465141
        ],
        [
            0.09079372137784958,
            0.09294747561216354,
            -0.021426234394311905
        ],
        [
            0.09964866936206818,
            0.023007355630397797,
            -0.03125310689210892
        ],
        [
            0.10620860010385513,
            0.04742280766367912,
            -0.040156289935112
        ],
        [
            0.11377383768558502,
            0.036806464195251465,
            -0.03694698587059975
        ],
        [
            0.1087697297334671,
            0.007485330104827881,
            -0.028646953403949738
        ],
        [
            0.11973966658115387,
            0.021947011351585388,
            -0.03270985558629036
        ],
        [
            0.10116397589445114,
            -0.009364008903503418,
            -0.021840300410985947
        ],
        [
            0.10314807295799255,
            -0.0008248165249824524,
            -0.024836011230945587
        ],
        [
            0.12912112474441528,
            0.03809734433889389,
            -0.03181269019842148
        ],
        [
            0.11475909501314163,
            0.1220117062330246,
