{
    "pred_cam": [
        8.069981575012207,
        -0.11095396429300308,
        -0.07259277999401093
    ],
    "pred_mano_params": {
        "global_orient": [
            [
                [
                    0.1990748941898346,
                    -0.7888218760490417,
                    0.581488847732544
                ],
                [
                    -0.9292424917221069,
                    -0.34040307998657227,
                    -0.14364606142044067
                ],
                [
                    0.31125175952911377,
                    -0.5117477774620056,
                    -0.8007725477218628
                ]
            ]
        ],
        "hand_pose": [
            [
                [
                    0.7574347257614136,
                    -0.6236149072647095,
                    -0.19338302314281464
                ],
                [
                    0.6146058440208435,
                    0.7809630036354065,
                    -0.11115936189889908
                ],
                [
                    0.2203456312417984,
                    -0.03465837612748146,
                    0.9748058319091797
                ]
            ],
            [
                [
                    0.853710412979126,
                    -0.4551745355129242,
                    0.2529715299606323
                ],
                [
                    0.49785739183425903,
                    0.8558538556098938,
                    -0.14018632471561432
                ],
                [
                    -0.15269741415977478,
                    0.24562229216098785,
                    0.9572633504867554
                ]
            ],
            [
                [
                    0.749851644039154,
                    -0.6615527272224426,
                    0.008395375683903694
                ],
                [
                    0.6336420178413391,
                    0.7144497036933899,
                    -0.2967480421066284
                ],
                [
                    0.19031640887260437,
                    0.22783665359020233,
                    0.9549188613891602
                ]
            ],
            [
                [
                    0.6972551345825195,
                    -0.7045444846153259,
                    -0.13210748136043549
                ],
                [
                    0.7158582806587219,
                    0.6939477920532227,
                    0.07735174894332886
                ],
                [
                    0.037177957594394684,
                    -0.1485041379928589,
                    0.9882126450538635
                ]
            ],
            [
                [
                    0.5986369252204895,
                    -0.7712486982345581,
                    -0.21635447442531586
                ],
                [
                    0.7977389097213745,
                    0.5496019721031189,
                    0.24809345602989197
                ],
                [
                    -0.07243292033672333,
                    -0.3211122751235962,
                    0.9442671537399292
                ]
            ],
            [
                [
                    0.8386519551277161,
                    -0.43740594387054443,
                    -0.32455959916114807
                ],
                [
                    0.4908120632171631,
                    0.865257203578949,
                    0.10214406996965408
                ],
                [
                    0.2361491471529007,
                    -0.24496109783649445,
                    0.9403337836265564
                ]
            ],
            [
                [
                    0.5221009254455566,
                    -0.5785056352615356,
                    0.6266912221908569
                ],
                [
                    0.4858066737651825,
                    0.8056569695472717,
                    0.3389819264411926
                ],
                [
                    -0.7010011076927185,
                    0.12746800482273102,
                    0.7016761302947998
                ]
            ],
            [
                [
                    0.7252208590507507,
                    -0.6116510033607483,
                    -0.31612932682037354
                ],
                [
                    0.6864508390426636,
                    0.6067878603935242,
                    0.40074142813682556
                ],
                [
                    -0.05329044908285141,
                    -0.5076333284378052,
                    0.8599235415458679
                ]
            ],
            [
                [
                    0.8275554180145264,
                    -0.5613296627998352,
                    0.007812841795384884
                ],
                [
                    0.5427522659301758,
                    0.8035679459571838,
                    0.24433301389217377
                ],
                [
                    -0.14342951774597168,
                    -0.19795867800712585,
                    0.9696599245071411
                ]
            ],
            [
                [
                    0.7409983277320862,
                    -0.6473225951194763,
                    0.17859148979187012
                ],
                [
                    0.6441562175750732,
                    0.7603476643562317,
                    0.08327161520719528
                ],
                [
                    -0.18969523906707764,
                    0.05333669111132622,
                    0.9803932309150696
                ]
            ],
            [
                [
                    0.6184831857681274,
                    -0.7440158128738403,
                    -0.25282204151153564
                ],
                [
                    0.7622527480125427,
                    0.48988133668899536,
                    0.4230685830116272
                ],
                [
                    -0.19091691076755524,
                    -0.45437511801719666,
                    0.8701114654541016
                ]
            ],
            [
                [
                    0.7934351563453674,
                    -0.4644019603729248,
                    -0.39343538880348206
                ],
                [
                    0.562747597694397,
                    0.8060055375099182,
                    0.18349426984786987
                ],
                [
                    0.23189601302146912,
                    -0.366995632648468,
                    0.900854229927063
                ]
            ],
            [
                [
                    0.9780190587043762,
                    -0.14983032643795013,
                    -0.14501571655273438
                ],
                [
                    -0.08806116133928299,
                    0.3336089253425598,
                    -0.9385895133018494
                ],
                [
                    0.1890076994895935,
                    0.9307287335395813,
                    0.31308165192604065
                ]
            ],
            [
                [
                    0.9464036226272583,
                    -0.253418892621994,
                    -0.20024734735488892
                ],
                [
                    0.3227754533290863,
                    0.7196771502494812,
                    0.6147201657295227
                ],
                [
                    -0.011668279767036438,
                    -0.6464083194732666,
                    0.7629024386405945
                ]
            ],
            [
                [
                    0.9694477319717407,
                    0.24452905356884003,
                    -0.01940782740712166
                ],
                [
                    -0.24274401366710663,
                    0.9677339792251587,
                    0.06757443398237228
                ],
                [
                    0.03530552610754967,
                    -0.06079874560236931,
                    0.9975254535675049
                ]
            ]
        ],
        "betas": [
            -0.012617111206054688,
            -0.020366698503494263,
            -0.08829101920127869,
            0.033954352140426636,
            0.07289022207260132,
            -0.03078800067305565,
            0.03565859794616699,
            -0.028431713581085205,
            -0.027725860476493835,
            -0.03835579752922058
        ]
    },
    "pred_cam_t": [
        -0.11095396429300308,
        -0.07259277999401093,
        4.8404693603515625
    ],
    "focal_length": [
        5000.0,
        5000.0
    ],
    "pred_keypoints_3d": [
        [
            0.09585461765527725,
            0.006401504389941692,
            0.006187438033521175
        ],
        [
            0.11831235140562057,
            0.030412744730710983,
            -0.014062066562473774
        ],
        [
            0.13234148919582367,
            0.057901158928871155,
            -0.0144135020673275
        ],
        [
            0.13661789894104004,
            0.08471618592739105,
            -0.014085796661674976
        ],
        [
            0.14053745567798615,
            0.11829012632369995,
            -0.026810061186552048
        ],
        [
            0.09440907090902328,
            0.08724869787693024,
            -0.03516073152422905
        ],
        [
            0.09945245832204819,
            0.1196577250957489,
            -0.030797772109508514
        ],
        [
            0.11431444436311722,
            0.13337743282318115,
            -0.021519800648093224
        ],
        [
            0.13020478188991547,
            0.13647669553756714,
            -0.0016638822853565216
        ],
        [
            0.07619322836399078,
            0.09549033641815186,
            -0.019849196076393127
        ],
        [
            0.0846504494547844,
            0.12452264875173569,
            -0.010226860642433167
        ],
        [
            0.10410861670970917,
            0.12647679448127747,
            0.0024502696469426155
        ],
        [
            0.1223141998052597,
            0.1182120218873024,
            0.019087158143520355
        ],
        [
            0.0671800896525383,
            0.08764789998531342,
            0.004075541161000729
        ],
        [
            0.07629063725471497,
            0.1150195449590683,
            0.005186943802982569
        ],
        [
            0.09627988934516907,
            0.11812558025121689,
            0.019593937322497368
        ],
        [
            0.11205409467220306,
            0.10947626829147339,
            0.03828784450888634
        ],
        [
            0.06489395350217819,
            0.08004988729953766,
            0.024393737316131592
        ],
        [
            0.07323484122753143,
            0.09942610561847687,
            0.022986020892858505
        ],
        [
            0.08706717193126678,
            0.10608038306236267,
            0.03417741507291794
        ],
        [
            0.10033214092254639,
            0.10277080535888672,
            0.04625575244426727
        ]
    ],
    "pred_vertices": [
        [
            0.10842824727296829,
            0.056234490126371384,
            -0.013482321053743362
        ],
        [
            0.11036990582942963,
            0.04659917950630188,
            -0.008766788989305496
        ],
        [
            0.11471794545650482,
            0.05405918508768082,
            -0.010584617033600807
        ],
        [
            0.11327337473630905,
            0.061917439103126526,
            -0.01775932125747204
        ],
        [
            0.1250637024641037,
            0.03990564122796059,
            0.0027224235236644745
        ],
        [
            0.1339721530675888,
            0.03304555267095566,
            -0.001309812068939209
        ],
        [
            0.13816489279270172,
            0.049163416028022766,
            -0.0031228773295879364
        ],
        [
            0.13040763139724731,
            0.05260968580842018,
            0.001999959349632263
        ],
        [
            0.11592840403318405,
            0.06663070619106293,
            -0.021227553486824036
        ],
        [
            0.11870023608207703,
            0.06068122759461403,
            -0.011504141613841057
        ],
        [
            0.1160818338394165,
            0.06678687036037445,
            -0.0230175219476223
        ],
        [
            0.10878614336252213,
            0.06962514668703079,
            -0.03668941557407379
        ],
        [
            0.11109847575426102,
            0.07097791135311127,
            -0.030816951766610146
        ],
        [
            0.1033395305275917,
            0.07441675662994385,
            -0.0419062115252018
        ],
        [
            0.10448414087295532,
            0.06078077107667923,
            -0.04083975777029991
        ],
        [
            0.09450862556695938,
            0.0719258189201355,
            -0.04452521726489067
        ],
        [
            0.07975757122039795,
            0.050742365419864655,
            -0.02875335142016411
        ],
        [
            0.07205677777528763,
            0.04882911965250969,
            -0.017413338646292686
        ],
        [
            0.06754597276449203,
            0.06532315909862518,
            -0.020854109898209572
        ],
        [
            0.07644644379615784,
            0.06594332307577133,
            -0.031542979180812836
        ],
        [
            0.0625700131058693,
            0.05903995409607887,
            -0.0014122184365987778
        ],
        [
            0.06496915221214294,
            0.06325578689575195,
            -0.012253822758793831
        ],
        [
            0.06836166232824326,
            0.04646648094058037,
            -0.009486301802098751
        ],
        [
            0.06615221500396729,
            0.04356374219059944,
            0.00012657186016440392
        ],
        [
            0.1004795953631401,
            0.04917139187455177,
            -0.0017133411020040512
        ],
        [
            0.10305099189281464,
            0.03943256661295891,
            0.0021170787513256073
        ],
        [
            0.105158731341362,
            0.041049789637327194,
            -0.0034148208796977997
        ],
        [
            0.10326123237609863,
            0.05058514326810837,
            -0.006494108587503433
        ],
        [
            0.12444109469652176,
            0.06685623526573181,
            -0.02331879548728466
        ],
        [
            0.11996663361787796,
            0.056066520512104034,
            -0.03248687833547592
        ],
        [
            0.11628289520740509,
            0.06228954717516899,
            -0.029713576659560204
        ],
        [
            0.12303507328033447,
            0.06903363764286041,
            -0.018249908462166786
        ],
        [
            0.10935504734516144,
            0.018616870045661926,
            0.022091155871748924
        ],
        [
            0.10835755616426468,
            0.00516916811466217,
            0.020871616899967194
        ],
        [
            0.11111016571521759,
            0.004765182733535767,
            0.015622192993760109
        ],
        [
            0.11103251576423645,
            0.017012566328048706,
            0.017468759790062904
        ],
        [
            0.125030517578125,
            0.012325853109359741,
            0.0008265674114227295
        ],
        [
            0.12050668150186539,
            0.002689063549041748,
            0.0003039538860321045
        ],
        [
            0.12030476331710815,
            -0.005345642566680908,
            -0.010114964097738266
        ],
        [
            0.12447944283485413,
            0.00443103164434433,
            -0.012684954330325127
        ],
        [
            0.1297265589237213,
            0.022931918501853943,
            -0.00030152127146720886
        ],
        [
            0.13208946585655212,
            0.0161096453666687,
            -0.011631984263658524
        ],
        [
            0.1373303234577179,
            0.028652392327785492,
            -0.011085757985711098
        ],
        [
            0.1411159336566925,
            0.04674433171749115,
            -0.011470571160316467
        ],
        [
            0.09983659535646439,
            0.004963696002960205,
            0.030456403270363808
        ],
        [
            0.09979125112295151,
            0.014850609004497528,
            0.03308829292654991
        ],
        [
            0.11090882122516632,
            0.11628121137619019,
            -0.028382886201143265
        ],
        [
            0.10867555439472198,
            0.1169702485203743,
            -0.022939465939998627
        ],
        [
            0.10781125724315643,
            0.1132628545165062,
            -0.024041976779699326
        ],
        [
            0.10992839932441711,
            0.11369670927524567,
            -0.029473742470145226
        ],
        [
            0.0798964723944664,
            0.00823928415775299,
            0.031164225190877914
        ],
        [
            0.0723036378622055,
            0.006097964942455292,
            0.024868760257959366
        ],
        [
            0.07447914779186249,
            -0.0002319440245628357,
            0.027782611548900604
        ],
        [
            0.08267425000667572,
            0.0012603700160980225,
            0.03216034173965454
        ],
        [
            0.07631772011518478,
            0.017473801970481873,
            0.02980245277285576
        ],
        [
            0.07002485543489456,
            0.015065513551235199,
            0.020716536790132523
        ],
        [
            0.10540874302387238,
            0.12471507489681244,
            -0.0365217924118042
        ],
        [
            0.10930909961462021,
            0.12144353240728378,
            -0.035616714507341385
        ],
        [
            0.10614094138145447,
            0.1185593381524086,
            -0.03768932819366455
        ],
        [
            0.1015612781047821,
            0.12074792385101318,
            -0.037817757576704025
        ],
        [
            0.11073116213083267,
            0.06908716261386871,
            -0.024293433874845505
        ],
        [
            0.10701732337474823,
            0.06525343656539917,
            -0.01695171557366848
        ],
        [
            0.10468354821205139,
            0.08368795365095139,
            -0.02885703183710575
        ],
        [
            0.10424847900867462,
            0.07674789428710938,
            -0.024053312838077545
        ],
        [
            0.10756690055131912,
            0.0754774808883667,
            -0.03008095547556877
        ],
        [
            0.10660628229379654,
            0.0812394917011261,
            -0.0341835655272007
        ],
        [
            0.09229931235313416,
            0.0702388808131218,
            -0.004656554199755192
        ],
        [
            0.09526485204696655,
            0.059203796088695526,
            -0.0021051187068223953
        ],
        [
            0.09815685451030731,
            0.06126686930656433,
            -0.0077576544135808945
        ],
        [
            0.09645558893680573,
            0.07354751229286194,
            -0.011486059986054897
        ],
        [
            0.09059564024209976,
            0.057896848767995834,
            0.011245165020227432
        ],
        [
            0.08766275644302368,
            0.06871439516544342,
            0.007415255531668663
        ],
        [
            0.08527637273073196,
            0.0667070746421814,
            0.015450463630259037
        ],
        [
            0.08861434459686279,
            0.059682250022888184,
            0.017237188294529915
        ],
        [
            0.08374101668596268,
            0.0863686054944992,
            -0.0022374549880623817
        ],
        [
            0.082068532705307,
            0.09195122122764587,
            -0.004659547470510006
        ],
        [
            0.08110396564006805,
            0.09259682148694992,
            -0.0015312307514250278
        ],
        [
            0.08230221271514893,
            0.0855495035648346,
            0.0011168546043336391
        ],
        [
            0.07599923014640808,
            -0.0069017112255096436,
            0.029727447777986526
        ],
        [
            0.08542711287736893,
            -0.005510576069355011,
            0.03213968500494957
        ],
        [
            0.05968298390507698,
            0.054894935339689255,
            0.019758444279432297
        ],
        [
            0.06435967981815338,
            0.05186739191412926,
            0.02954474836587906
        ],
        [
            0.05979181081056595,
            0.06518122553825378,
            0.029724474996328354
        ],
        [
            0.05556314438581467,
            0.06477930396795273,
            0.018923167139291763
        ],
        [
            0.06934019178152084,
            0.0055878013372421265,
            0.014912123791873455
        ],
        [
            0.06954117864370346,
            -0.0010915398597717285,
            0.019045930355787277
        ],
        [
            0.10075120627880096,
            0.1274365782737732,
            -0.03364071622490883
        ],
        [
            0.09709923714399338,
            0.12262585759162903,
            -0.034323111176490784
        ],
        [
            0.1319262981414795,
            0.023922383785247803,
            -0.02333507314324379
        ],
        [
            0.1391119658946991,
            0.045159220695495605,
            -0.020968537777662277
        ],
        [
            0.12354447692632675,
            0.009141363203525543,
            -0.022645169869065285
        ],
        [
            0.11616885662078857,
            -0.0001760423183441162,
            -0.020826242864131927
        ],
        [
            0.11258762329816818,
            -0.008734405040740967,
            -0.01895025558769703
        ],
        [
            0.10019917786121368,
            0.08026205748319626,
            -0.020109787583351135
        ],
        [
            0.10293442755937576,
            0.05948644503951073,
            -0.01089572161436081
        ],
        [
            0.09835376590490341,
            0.04832429438829422,
            0.0029668807983398438
        ],
        [
            0.08813612163066864,
            0.05048328638076782,
            0.03213970735669136
        ],
        [
            0.0916510745882988,
            0.04071132093667984,
            0.03426455333828926
        ],
        [
            0.09602893888950348,
            0.044762253761291504,
            0.025325855240225792
        ],
        [
            0.09152019768953323,
            0.052291736006736755,
            0.025015396997332573
        ],
        [
            0.07180270552635193,
            0.054435502737760544,
            0.03548773378133774
        ],
        [
            0.07894710451364517,
            0.05815417692065239,
            0.03415859490633011
        ],
        [
            0.07510188966989517,
            0.06660038232803345,
            0.032814037054777145
        ],
        [
            0.06750210374593735,
            0.06504767388105392,
            0.03438615798950195
        ],
        [
            0.13041207194328308,
            0.06505545973777771,
            -0.027192573994398117
        ],
        [
            0.12497503310441971,
            0.05082252621650696,
            -0.03380533307790756
        ],
        [
            0.08972213417291641,
            0.010562263429164886,
            0.0343831405043602
        ],
        [
            0.09257400780916214,
            0.0034341514110565186,
            0.0328853465616703
        ],
        [
            0.09316766262054443,
            -0.005015872418880463,
            0.031972602009773254
        ],
        [
            0.10739109665155411,
            0.028891392052173615,
            0.01109946146607399
        ],
        [
            0.1123037114739418,
            0.015906281769275665,
            0.014245174825191498
        ],
        [
            0.11449926346540451,
            0.016599655151367188,
            0.010469203814864159
        ],
        [
            0.10760531574487686,
            0.02883177250623703,
            0.0071946606040000916
        ],
        [
            0.11302316188812256,
            0.03783414885401726,
            -0.0012631900608539581
        ],
        [
            0.12026452273130417,
            0.028035007417201996,
            0.003794237971305847
        ],
        [
            0.11697850376367569,
            0.04769222065806389,
            -0.0009428001940250397
        ],
        [
            0.11518870294094086,
            0.002601534128189087,
            0.008844045922160149
        ],
        [
            0.11241725087165833,
            -0.0054489076137542725,
            0.015924867242574692
        ],
        [
            0.11607624590396881,
            -0.006725572049617767,
            0.007913831621408463
        ],
        [
            0.106408029794693,
            -0.005156219005584717,
            0.023658135905861855
        ],
        [
            0.0998009666800499,
            -0.004910260438919067,
            0.02961747907102108
        ],
        [
            0.06785432249307632,
            -0.009164169430732727,
            0.02125643566250801
        ],
        [
            0.11813520640134811,
            -0.007266253232955933,
            -9.538233280181885e-05
        ],
        [
            0.134011909365654,
            0.06138565018773079,
            -0.0009669400751590729
        ],
        [
            0.13677063584327698,
            0.06929225474596024,
            -0.00383079145103693
        ],
        [
            0.12967975437641144,
            0.07044316828250885,
            -0.004245719872415066
        ],
        [
            0.12662607431411743,
            0.06371098756790161,
            -0.0024138782173395157
        ],
        [
            0.09931313991546631,
            0.08212849497795105,
            -0.04460620880126953
        ],
        [
            0.10518341511487961,
            0.0819825530052185,
            -0.03977638855576515
        ],
        [
            0.10806483775377274,
            0.07433146238327026,
            -0.03676481172442436
        ],
        [
            0.1045672595500946,
            0.0289263054728508,
            0.024814769625663757
        ],
        [
            0.09684500843286514,
            0.025276295840740204,
            0.03412867337465286
        ],
        [
            0.10064764320850372,
            0.08716990053653717,
            -0.025012902915477753
        ],
        [
            0.09860773384571075,
            0.11684256792068481,
            -0.03936101496219635
        ],
        [
            0.10404526442289352,
            0.1145922988653183,
            -0.03924497589468956
        ],
        [
            0.10066409409046173,
            0.0966869592666626,
            -0.04321334883570671
        ],
        [
            0.09418065845966339,
            0.09928987920284271,
            -0.04366547614336014
        ],
        [
            0.0935005247592926,
            0.09455618262290955,
            -0.024716205894947052
        ],
        [
            0.09972211718559265,
            0.09093406051397324,
            -0.02518259361386299
        ],
        [
            0.09877892583608627,
            0.09312090277671814,
            -0.024948537349700928
        ],
        [
            0.09394729882478714,
            0.09701940417289734,
            -0.02261955849826336
        ],
        [
            0.07886217534542084,
            0.08910855650901794,
            0.006772770546376705
        ],
        [
            0.0801117792725563,
            0.08267302066087723,
            0.009130478836596012
        ],
        [
            0.075777068734169,
            0.08201933652162552,
            -0.03155210241675377
        ],
        [
            0.08130131661891937,
            0.07921426743268967,
            -0.043754685670137405
        ],
        [
            0.0847218707203865,
            0.06723396480083466,
            -0.040974780917167664
        ],
        [
            0.08957575261592865,
            0.06849415600299835,
            0.002096060663461685
        ],
        [
            0.0865473523736,
            0.07834973931312561,
            0.0005147252231836319
        ],
        [
            0.08478842675685883,
            0.07772956043481827,
            0.004272668622434139
        ],
        [
            0.09708280861377716,
            0.08360309153795242,
            -0.01858394406735897
        ],
        [
            0.09593141078948975,
            0.08958431333303452,
            -0.021841000765562057
        ],
        [
            0.09319233894348145,
            0.0877889022231102,
            -0.01815778948366642
        ],
        [
            0.09438732266426086,
            0.08188264816999435,
            -0.014212952926754951
        ],
        [
            0.06777465343475342,
            0.03885575383901596,
            0.02970946580171585
        ],
        [
            0.07631132006645203,
            0.0420270636677742,
            0.037033822387456894
        ],
        [
            0.11124911159276962,
            0.11815150827169418,
            -0.0328478068113327
        ],
        [
            0.10926015675067902,
            0.11570025980472565,
            -0.03452704846858978
        ],
        [
            0.09257758408784866,
            0.057710349559783936,
            0.004462125711143017
        ],
        [
            0.08889833092689514,
            0.05360117554664612,
            -0.036309804767370224
        ],
        [
            0.0964086502790451,
            0.047591544687747955,
            0.008111774921417236
        ],
        [
            0.0606117807328701,
            0.07961700111627579,
            0.007628599181771278
        ],
        [
            0.06512882560491562,
            0.0827498510479927,
            0.013263755477964878
        ],
        [
            0.06694412976503372,
            0.08875223994255066,
            0.01211219560354948
        ],
        [
            0.06273142248392105,
            0.0887640118598938,
            0.007740245200693607
        ],
        [
            0.09648069739341736,
            0.1119244322180748,
            -0.020138848572969437
        ],
        [
            0.10207157582044601,
            0.11054385453462601,
            -0.020392833277583122
        ],
        [
            0.1033705398440361,
            0.11459322273731232,
            -0.019844606518745422
        ],
        [
            0.09815400838851929,
            0.11737969517707825,
            -0.01950903981924057
        ],
        [
            0.10385483503341675,
            0.08881305903196335,
            -0.028877288103103638
        ],
        [
            0.10621952265501022,
            0.08729702979326248,
            -0.03454719856381416
        ],
        [
            0.10617118328809738,
            0.09273272752761841,
            -0.0331692136824131
        ],
        [
            0.10288633406162262,
            0.09309271723031998,
            -0.028143830597400665
        ],
        [
            0.10434338450431824,
            0.08833540230989456,
            -0.040311768651008606
        ],
        [
            0.10490425676107407,
            0.09403599053621292,
            -0.03927910700440407
        ],
        [
            0.0916827991604805,
            0.11459524929523468,
            -0.023565717041492462
        ],
        [
            0.09044081717729568,
            0.11728228628635406,
            -0.03045079857110977
        ],
        [
            0.08518441766500473,
            0.10107479244470596,
            -0.03314203396439552
        ],
        [
            0.08847092092037201,
            0.10117596387863159,
            -0.02589511126279831
        ],
        [
            0.06830760836601257,
            0.028525561094284058,
            0.001054421067237854
        ],
        [
            0.06643104553222656,
            0.027676396071910858,
            0.012029494158923626
        ],
        [
            0.06402444839477539,
            0.04262392595410347,
            0.011375335976481438
        ],
        [
            0.06020586937665939,
            0.05719594284892082,
            0.010790899395942688
        ],
        [
            0.05787472426891327,
            0.07113301753997803,
            0.009580951184034348
        ],
        [
            0.05842788517475128,
            0.07186844944953918,
            -0.0025274173822253942
        ],
        [
            0.06364123523235321,
            0.04073848947882652,
            0.019388526678085327
        ],
        [
            0.0843411237001419,
            0.09235487133264542,
            -0.026545334607362747
        ],
        [
            0.0816853940486908,
            0.09013163298368454,
            -0.0342937596142292
        ],
        [
            0.07919462770223618,
            0.08915021270513535,
            -0.029399195685982704
        ],
        [
            0.09496817737817764,
            0.04797011613845825,
            0.015454702079296112
        ],
        [
            0.1079191192984581,
            0.1121879443526268,
            -0.03625929355621338
        ],
        [
            0.09155124425888062,
            -0.0018354430794715881,
            -0.021325811743736267
        ],
        [
            0.08061330020427704,
            -0.0016857683658599854,
            -0.012940630316734314
        ],
        [
            0.08159347623586655,
            0.006598807871341705,
            -0.015876982361078262
        ],
        [
            0.09491398930549622,
            0.0069305747747421265,
            -0.024878662079572678
        ],
        [
            0.10740388929843903,
            0.10967059433460236,
            -0.024715568870306015
        ],
        [
            0.10982880741357803,
            0.11003818362951279,
            -0.030540289357304573
        ],
        [
            0.07742398977279663,
            0.08343777060508728,
            0.01524233166128397
        ],
        [
            0.07634974271059036,
            0.08919501304626465,
            0.01199263520538807
        ],
        [
            0.07326443493366241,
            0.09030929207801819,
            0.013405745849013329
        ],
        [
            0.07450199872255325,
            0.08641920983791351,
            0.01896512508392334
        ],
        [
            0.06661300361156464,
            0.026073075830936432,
            0.01779663935303688
        ],
        [
            0.060233037918806076,
            0.07529524713754654,
            0.02952810935676098
        ],
        [
            0.055717211216688156,
            0.0737268328666687,
            0.020102381706237793
        ],
        [
            0.06853412836790085,
            0.014694184064865112,
            0.012159592472016811
        ],
        [
            0.06961335986852646,
            0.015140801668167114,
            0.002432943321764469
        ],
        [
            0.07030000537633896,
            0.005519390106201172,
            0.003977729007601738
        ],
        [
            0.06423108279705048,
            0.08021616190671921,
            -0.013953585177659988
        ],
        [
            0.07025260478258133,
            0.03134995698928833,
            -0.006948331370949745
        ],
        [
            0.07202574610710144,
            0.01708361506462097,
            -0.004604974761605263
        ],
        [
            0.07296861708164215,
            0.005667649209499359,
            -0.0030774790793657303
        ],
        [
            0.07278233021497726,
            -0.002564631402492523,
            -0.0016212435439229012
        ],
        [
            0.07000084966421127,
            -0.001865386962890625,
            0.00602573249489069
        ],
        [
            0.0937177911400795,
            0.11784160137176514,
            -0.03544225916266441
        ],
        [
            0.09330806881189346,
            0.12340757250785828,
            -0.028726451098918915
        ],
        [
            0.06805628538131714,
            -0.010546788573265076,
            0.007975682616233826
        ],
        [
            0.07189890742301941,
            -0.0108780637383461,
            -0.0004912316799163818
        ],
        [
            0.0761646181344986,
            0.018692299723625183,
            -0.012731035239994526
        ],
        [
            0.08312030881643295,
            0.02088465541601181,
            -0.022152196615934372
        ],
        [
            0.07445969432592392,
            0.032497286796569824,
            -0.014567287638783455
        ],
        [
            0.08070351928472519,
            0.03570528328418732,
            -0.024051973596215248
        ],
        [
            0.06459682434797287,
            0.07777958363294601,
            -0.024662557989358902
        ],
        [
            0.10532086342573166,
            0.1358005404472351,
            -0.020224731415510178
        ],
        [
            0.09719947725534439,
            0.1271592676639557,
            -0.022394787520170212
        ],
        [
            0.09995777904987335,
            0.12310245633125305,
            -0.01922987401485443
        ],
        [
            0.10528374463319778,
            0.13281777501106262,
            -0.016828475520014763
        ],
        [
            0.09423226118087769,
            0.12061922252178192,
            -0.022558918222784996
        ],
        [
            0.09717170894145966,
            0.12840516865253448,
            -0.0280141718685627
        ],
        [
            0.09325934946537018,
            0.038709867745637894,
            -0.03324366733431816
        ],
        [
            0.09129586815834045,
            0.0930609256029129,
            -0.020984578877687454
        ],
        [
            0.10040632635354996,
            0.02318950742483139,
            -0.03109245002269745
        ],
        [
            0.10710681229829788,
            0.04766359552741051,
            -0.03976728022098541
        ],
        [
            0.11462134122848511,
            0.03703198581933975,
            -0.03645486384630203
        ],
        [
            0.1094905212521553,
            0.007671341300010681,
            -0.028362564742565155
        ],
        [
            0.12052861601114273,
            0.022158928215503693,
            -0.032145265489816666
        ],
        [
            0.10176092386245728,
            -0.00921706110239029,
            -0.02181493118405342
        ],
        [
            0.10379975289106369,
            -0.0006616190075874329,
            -0.02471771463751793
        ],
        [
            0.12986886501312256,
            0.03832926228642464,
            -0.03103598579764366
        ],
        [
            0.11523972451686859,
