{
    "pred_cam": [
        8.096162796020508,
        -0.1086718812584877,
        -0.07346372306346893
    ],
    "pred_mano_params": {
        "global_orient": [
            [
                [
                    0.1854538917541504,
                    -0.7834658026695251,
                    0.593117356300354
                ],
                [
                    -0.9251222014427185,
                    -0.3427000343799591,
                    -0.16341832280158997
                ],
                [
                    0.3312940001487732,
                    -0.5183994770050049,
                    -0.7883566617965698
                ]
            ]
        ],
        "hand_pose": [
            [
                [
                    0.7582902908325195,
                    -0.6142210960388184,
                    -0.21846811473369598
                ],
                [
                    0.6079961061477661,
                    0.7872331738471985,
                    -0.10297918319702148
                ],
                [
                    0.23523733019828796,
                    -0.05473965033888817,
                    0.9703952670097351
                ]
            ],
            [
                [
                    0.8556376099586487,
                    -0.4387614130973816,
                    0.27454084157943726
                ],
                [
                    0.48801979422569275,
                    0.8606066107749939,
                    -0.1455780565738678
                ],
                [
                    -0.17239761352539062,
                    0.2585434317588806,
                    0.9504916071891785
                ]
            ],
            [
                [
                    0.7264499068260193,
                    -0.6866426467895508,
                    0.02814934402704239
                ],
                [
                    0.6653493046760559,
                    0.6924896836280823,
                    -0.27886971831321716
                ],
                [
                    0.17199072241783142,
                    0.22131404280662537,
                    0.9599162936210632
                ]
            ],
            [
                [
                    0.7168347835540771,
                    -0.6842307448387146,
                    -0.13407565653324127
                ],
                [
                    0.6958978176116943,
                    0.7140389680862427,
                    0.07664582878351212
                ],
                [
                    0.04329181835055351,
                    -0.14824534952640533,
                    0.9880026578903198
                ]
            ],
            [
                [
                    0.6278393268585205,
                    -0.7530618906021118,
                    -0.196762815117836
                ],
                [
                    0.7728828191757202,
                    0.5732944011688232,
                    0.2720031142234802
                ],
                [
                    -0.09203216433525085,
                    -0.3228488564491272,
                    0.9419653415679932
                ]
            ],
            [
                [
                    0.8278858065605164,
                    -0.46629995107650757,
                    -0.31171998381614685
                ],
                [
                    0.5151729583740234,
                    0.8519353270530701,
                    0.09382453560829163
                ],
                [
                    0.22181488573551178,
                    -0.23826570808887482,
                    0.9455302953720093
                ]
            ],
            [
                [
                    0.508327841758728,
                    -0.6172155737876892,
                    0.6005395650863647
                ],
                [
                    0.47319042682647705,
                    0.7828398942947388,
                    0.4040451943874359
                ],
                [
                    -0.7195093035697937,
                    0.07878215610980988,
                    0.6899998188018799
                ]
            ],
            [
                [
                    0.7528764605522156,
                    -0.5984753966331482,
                    -0.27386897802352905
                ],
                [
                    0.65716552734375,
                    0.6606763005256653,
                    0.3628227114677429
                ],
                [
                    -0.03620173782110214,
                    -0.45313790440559387,
                    0.8907050490379333
                ]
            ],
            [
                [
                    0.8385998010635376,
                    -0.544718861579895,
                    -0.005624206271022558
                ],
                [
                    0.5284249186515808,
                    0.8109201192855835,
                    0.2513478398323059
                ],
                [
                    -0.13235312700271606,
                    -0.21375225484371185,
                    0.9678804874420166
                ]
            ],
            [
                [
                    0.7622891664505005,
                    -0.6270355582237244,
                    0.1604420393705368
                ],
                [
                    0.6220482587814331,
                    0.7782384157180786,
                    0.08602868765592575
                ],
                [
                    -0.17880521714687347,
                    0.03422394394874573,
                    0.9832891225814819
                ]
            ],
            [
                [
                    0.6323079466819763,
                    -0.7362465262413025,
                    -0.24109698832035065
                ],
                [
                    0.7500339150428772,
                    0.5038332343101501,
                    0.4284871816635132
                ],
                [
                    -0.1939995139837265,
                    -0.4517667591571808,
                    0.8707876205444336
                ]
            ],
            [
                [
                    0.7699229121208191,
                    -0.514758825302124,
                    -0.3771500587463379
                ],
                [
                    0.6054661273956299,
                    0.7759523987770081,
                    0.1769426017999649
                ],
                [
                    0.20156773924827576,
                    -0.36458373069763184,
                    0.9090925455093384
                ]
            ],
            [
                [
                    0.9786031246185303,
                    -0.1537211537361145,
                    -0.13676860928535461
                ],
                [
                    -0.07871600985527039,
                    0.334442138671875,
                    -0.9391230344772339
                ],
                [
                    0.19010426104068756,
                    0.9297947287559509,
                    0.3151858150959015
                ]
            ],
            [
                [
                    0.9424206018447876,
                    -0.25349485874176025,
                    -0.21813668310642242
                ],
                [
                    0.3344252407550812,
                    0.7177321910858154,
                    0.6107538342475891
                ],
                [
                    0.0017407240811735392,
                    -0.6485375165939331,
                    0.7611806988716125
                ]
            ],
            [
                [
                    0.9616313576698303,
                    0.27422237396240234,
                    -0.008200780488550663
                ],
                [
                    -0.2721918225288391,
                    0.9573954939842224,
                    0.09646441787481308
                ],
                [
                    0.034304093569517136,
                    -0.09053102135658264,
                    0.9953026175498962
                ]
            ]
        ],
        "betas": [
            0.019188731908798218,
            -0.014341264963150024,
            -0.09628862142562866,
            0.031201571226119995,
            0.06552165746688843,
            -0.043308667838573456,
            0.03773999214172363,
            -0.036739885807037354,
            -0.02707238495349884,
            -0.04034474492073059
        ]
    },
    "pred_cam_t": [
        -0.1086718812584877,
        -0.07346372306346893,
        4.824816703796387
    ],
    "focal_length": [
        5000.0,
        5000.0
    ],
    "pred_keypoints_3d": [
        [
            0.09571315348148346,
            0.006387211848050356,
            0.006178069859743118
        ],
        [
            0.11866574734449387,
            0.029792582616209984,
            -0.014085270464420319
        ],
        [
            0.1331072747707367,
            0.0570141077041626,
            -0.01454632356762886
        ],
        [
            0.13739202916622162,
            0.08379685878753662,
            -0.01430371031165123
        ],
        [
            0.14095696806907654,
            0.11679582297801971,
            -0.028533346951007843
        ],
        [
            0.09567904472351074,
            0.08635115623474121,
            -0.03656711056828499
        ],
        [
            0.10037411749362946,
            0.1188017874956131,
            -0.03241618350148201
        ],
        [
            0.11518574506044388,
            0.1328757405281067,
            -0.02366875857114792
        ],
        [
            0.13135287165641785,
            0.13559219241142273,
            -0.004108350723981857
        ],
        [
            0.07732513546943665,
            0.09501781314611435,
            -0.021743524819612503
        ],
        [
            0.08513475954532623,
            0.12443527579307556,
            -0.012914402410387993
        ],
        [
            0.1045251190662384,
            0.12796002626419067,
            -0.0005323216319084167
        ],
        [
            0.12336836755275726,
            0.12089728564023972,
            0.015825971961021423
        ],
        [
            0.06787873804569244,
            0.0877060815691948,
            0.0021236203610897064
        ],
        [
            0.0763915479183197,
            0.11523676663637161,
            0.0026781486812978983
        ],
        [
            0.09637986123561859,
            0.11947518587112427,
            0.01673676259815693
        ],
        [
            0.11279293894767761,
            0.11088845878839493,
            0.03473389893770218
        ],
        [
            0.0651959776878357,
            0.08051206916570663,
            0.0224948450922966
        ],
        [
            0.07455722242593765,
            0.09937180578708649,
            0.02100555971264839
        ],
        [
            0.08896936476230621,
            0.1063157320022583,
            0.031191201880574226
        ],
        [
            0.10274385660886765,
            0.1035921722650528,
            0.04304782301187515
        ]
    ],
    "pred_vertices": [
        [
            0.10905951261520386,
            0.05567490682005882,
            -0.014133449643850327
        ],
        [
            0.11083735525608063,
            0.04613418132066727,
            -0.009211983531713486
        ],
        [
            0.11533709615468979,
            0.0534684844315052,
            -0.011032156646251678
        ],
        [
            0.11405159533023834,
            0.06121496111154556,
            -0.018390823155641556
        ],
        [
            0.12527845799922943,
            0.03935245797038078,
            0.0026205256581306458
        ],
        [
            0.13415442407131195,
            0.032348163425922394,
            -0.0011788234114646912
        ],
        [
            0.13861356675624847,
            0.04837188124656677,
            -0.0031035728752613068
        ],
        [
            0.1308297961950302,
            0.05192643776535988,
            0.0018719546496868134
        ],
        [
            0.11684031039476395,
            0.06578563153743744,
            -0.021832970902323723
        ],
        [
            0.11943741142749786,
            0.05996796488761902,
            -0.011938875541090965
        ],
        [
            0.11703553050756454,
            0.06585416942834854,
            -0.02351587451994419
        ],
        [
            0.1099533960223198,
            0.06860123574733734,
            -0.037442147731781006
        ],
        [
            0.11217210441827774,
            0.07002922892570496,
            -0.0316145233809948
        ],
        [
            0.10460885614156723,
            0.07336737960577011,
            -0.04287967085838318
        ],
        [
            0.10564088821411133,
            0.059745725244283676,
            -0.04148677736520767
        ],
        [
            0.09580685943365097,
            0.07090482115745544,
            -0.04555300995707512
        ],
        [
            0.08064638823270798,
            0.05014125630259514,
            -0.02971598505973816
        ],
        [
            0.07275349646806717,
            0.04849519580602646,
            -0.01850787363946438
        ],
        [
            0.06849315762519836,
            0.064897820353508,
            -0.02229723520576954
        ],
        [
            0.07754947245121002,
            0.06526170670986176,
            -0.032820869237184525
        ],
        [
            0.06313222646713257,
            0.05906001105904579,
            -0.0028894967399537563
        ],
        [
            0.06576112657785416,
            0.06302237510681152,
            -0.013732349500060081
        ],
        [
            0.06891947984695435,
            0.04631916061043739,
            -0.010629030875861645
        ],
        [
            0.06652407348155975,
            0.04362931102514267,
            -0.0010296902619302273
        ],
        [
            0.10084590315818787,
            0.04889332130551338,
            -0.0024119075387716293
        ],
        [
            0.10325499624013901,
            0.039234645664691925,
            0.001632118597626686
        ],
        [
            0.10546129196882248,
            0.040747012943029404,
            -0.0038801897317171097
        ],
        [
            0.10371367633342743,
            0.05020121484994888,
            -0.007159525528550148
        ],
        [
            0.12537997961044312,
            0.06590395420789719,
            -0.023554742336273193
        ],
        [
            0.12096001207828522,
            0.05503224954009056,
            -0.03276047110557556
        ],
        [
            0.11730394512414932,
            0.061290860176086426,
            -0.030116001144051552
        ],
        [
            0.12392346560955048,
            0.06811168789863586,
            -0.018523167818784714
        ],
        [
            0.10902462899684906,
            0.018749810755252838,
            0.022038942202925682
        ],
        [
            0.10792995244264603,
            0.0053161755204200745,
            0.02105758525431156
        ],
        [
            0.11075834184885025,
            0.004790030419826508,
            0.015873121097683907
        ],
        [
            0.11075786501169205,
            0.017047859728336334,
            0.017485952004790306
        ],
        [
            0.12493091821670532,
            0.011916026473045349,
            0.00116758793592453
        ],
        [
            0.12035612761974335,
            0.002342402935028076,
            0.0007725730538368225
        ],
        [
            0.12025664746761322,
            -0.00586991012096405,
            -0.009476795792579651
        ],
        [
            0.12454927712678909,
            0.0037916824221611023,
            -0.0121651291847229
        ],
        [
            0.1297510862350464,
            0.022378139197826385,
            -7.598474621772766e-05
        ],
        [
            0.13223280012607574,
            0.015365943312644958,
            -0.01121988520026207
        ],
        [
            0.13762465119361877,
            0.02780294418334961,
            -0.01082126796245575
        ],
        [
            0.14167767763137817,
            0.04586942866444588,
            -0.011360682547092438
        ],
        [
            0.09926468133926392,
            0.005363844335079193,
            0.030478820204734802
        ],
        [
            0.09926562756299973,
            0.015277564525604248,
            0.03291546553373337
        ],
        [
            0.11179423332214355,
            0.11556350439786911,
            -0.02991749532520771
        ],
        [
            0.10958784818649292,
            0.11640958487987518,
            -0.024510663002729416
        ],
        [
            0.10875730216503143,
            0.11262021213769913,
            -0.025544345378875732
        ],
        [
            0.11085659265518188,
            0.1129472404718399,
            -0.030968107283115387
        ],
        [
            0.07938492298126221,
            0.008820272982120514,
            0.030785933136940002
        ],
        [
            0.07189756631851196,
            0.006636664271354675,
            0.02441643364727497
        ],
        [
            0.07396142184734344,
            0.00035350024700164795,
            0.027476061135530472
        ],
        [
            0.08207596093416214,
            0.0018487870693206787,
            0.03195517137646675
        ],
        [
            0.07591991126537323,
            0.01804359257221222,
            0.029193807393312454
        ],
        [
            0.06977270543575287,
            0.015531301498413086,
            0.020072128623723984
        ],
        [
            0.10625016689300537,
            0.12369973957538605,
            -0.03829529508948326
        ],
        [
            0.11015196144580841,
            0.12047998607158661,
            -0.03729201853275299
        ],
        [
            0.10703040659427643,
            0.1175379827618599,
            -0.039265260100364685
        ],
        [
            0.10246650874614716,
            0.11964897811412811,
            -0.03941851109266281
        ],
        [
            0.11166295409202576,
            0.06827093660831451,
            -0.02511589787900448
        ],
        [
            0.10778695344924927,
            0.06461422145366669,
            -0.017790662124753
        ],
        [
            0.10588733851909637,
            0.08285365253686905,
            -0.03014761209487915
        ],
        [
            0.10525710135698318,
            0.07598868012428284,
            -0.02514130249619484
        ],
        [
            0.10866495966911316,
            0.07459031045436859,
            -0.031097412109375
        ],
        [
            0.10781891644001007,
            0.08031661063432693,
            -0.03538285940885544
        ],
        [
            0.09293369203805923,
            0.06994768977165222,
            -0.005862019956111908
        ],
        [
            0.095744289457798,
            0.05894536152482033,
            -0.003069905564188957
        ],
        [
            0.0987425446510315,
            0.06087541580200195,
            -0.008700301870703697
        ],
        [
            0.09722399711608887,
            0.07309125363826752,
            -0.012666496448218822
        ],
        [
            0.0908602848649025,
            0.05792089179158211,
            0.010194730013608932
        ],
        [
            0.08810009807348251,
            0.06867469847202301,
            0.006125949323177338
        ],
        [
            0.0855846107006073,
            0.066815584897995,
            0.01413170900195837
        ],
        [
            0.0888117179274559,
            0.05981910601258278,
            0.016105536371469498
        ],
        [
            0.08451579511165619,
            0.0862252414226532,
            -0.0038940105587244034
        ],
        [
            0.0828908309340477,
            0.09185775369405746,
            -0.006489207968115807
        ],
        [
            0.08180394768714905,
            0.09261883795261383,
            -0.003487478941679001
        ],
        [
            0.08301756531000137,
            0.08548744022846222,
            -0.0005838386714458466
        ],
        [
            0.07538027316331863,
            -0.006281405687332153,
            0.029564745724201202
        ],
        [
            0.08475813269615173,
            -0.004933536052703857,
            0.03210223466157913
        ],
        [
            0.0598561130464077,
            0.05539144575595856,
            0.018249385058879852
        ],
        [
            0.0643438994884491,
            0.0524701364338398,
            0.02809572033584118
        ],
        [
            0.06010790169239044,
            0.06582888960838318,
            0.028015684336423874
        ],
        [
            0.05594437196850777,
            0.06530340015888214,
            0.017209528014063835
        ],
        [
            0.06910638511180878,
            0.0059711262583732605,
            0.014448889531195164
        ],
        [
            0.06917776167392731,
            -0.000620625913143158,
            0.01869792491197586
        ],
        [
            0.10161861777305603,
            0.12647254765033722,
            -0.035486482083797455
        ],
        [
            0.09803032130002975,
            0.12151531130075455,
            -0.035966940224170685
        ],
        [
            0.13237443566322327,
            0.02297157794237137,
            -0.023040087893605232
        ],
        [
            0.13980701565742493,
            0.04421016201376915,
            -0.020836781710386276
        ],
        [
            0.12381789833307266,
            0.008315779268741608,
            -0.022216808050870895
        ],
        [
            0.11634672433137894,
            -0.0008718743920326233,
            -0.020339952781796455
        ],
        [
            0.11267202347517014,
            -0.009345456957817078,
            -0.018358726054430008
        ],
        [
            0.10119831562042236,
            0.07959945499897003,
            -0.021351970732212067
        ],
        [
            0.10354552417993546,
            0.05900053307414055,
            -0.011718304827809334
        ],
        [
            0.09864160418510437,
            0.04815136268734932,
            0.0022406820207834244
        ],
        [
            0.0879998430609703,
            0.05090189352631569,
            0.031132487580180168
        ],
        [
            0.09136827290058136,
            0.04117048531770706,
            0.033489618450403214
        ],
        [
            0.09592388570308685,
            0.04501229524612427,
            0.024571526795625687
        ],
        [
            0.09150708466768265,
            0.052550897002220154,
            0.02404872700572014
        ],
        [
            0.07172448188066483,
            0.05504767596721649,
            0.0341118648648262
        ],
        [
            0.0789089947938919,
            0.05863841995596886,
            0.0328497439622879
        ],
        [
            0.07531549036502838,
            0.06699751317501068,
            0.03128296881914139
        ],
        [
            0.06772614270448685,
            0.0656171441078186,
            0.0327657088637352
        ],
        [
            0.13137124478816986,
            0.0640747994184494,
            -0.027346303686499596
        ],
        [
            0.12593784928321838,
            0.049755439162254333,
            -0.03395747393369675
        ],
        [
            0.08915415406227112,
            0.011110767722129822,
            0.03411856293678284
        ],
        [
            0.09196081012487411,
            0.0039447396993637085,
            0.03280619904398918
        ],
        [
            0.0924878641963005,
            -0.0045109763741493225,
            0.03206315264105797
        ],
        [
            0.107331283390522,
            0.02882881462574005,
            0.010853713378310204
        ],
        [
            0.11206597089767456,
            0.015872642397880554,
            0.014310237020254135
        ],
        [
            0.11431379616260529,
            0.01647893339395523,
            0.010556463152170181
        ],
        [
            0.10760360956192017,
            0.028711780905723572,
            0.006958741694688797
        ],
        [
            0.11327062547206879,
            0.037459846585989,
            -0.0015271157026290894
        ],
        [
            0.12028808146715164,
            0.027672693133354187,
            0.0037737712264060974
        ],
        [
            0.11737807840108871,
            0.047189950942993164,
            -0.0012518465518951416
        ],
        [
            0.11491718888282776,
            0.0024662166833877563,
            0.009216032922267914
        ],
        [
            0.11196615546941757,
            -0.005409158766269684,
            0.01638561300933361
        ],
        [
            0.11573728173971176,
            -0.0068663060665130615,
            0.008476704359054565
        ],
        [
            0.10584373027086258,
            -0.004921332001686096,
            0.02399660460650921
        ],
        [
            0.09915164858102798,
            -0.004506409168243408,
            0.029826896265149117
        ],
        [
            0.06737598776817322,
            -0.008620329201221466,
            0.021021191030740738
        ],
        [
            0.11791630834341049,
            -0.007574640214443207,
            0.0005281157791614532
        ],
        [
            0.13460680842399597,
            0.0606413334608078,
            -0.0010947752743959427
        ],
        [
            0.13742567598819733,
            0.06851492822170258,
            -0.0039554983377456665
        ],
        [
            0.13038581609725952,
            0.06965726613998413,
            -0.0044544767588377
        ],
        [
            0.1272902935743332,
            0.06297091394662857,
            -0.002653149887919426
        ],
        [
            0.10058829933404922,
            0.08109988272190094,
            -0.04581033065915108
        ],
        [
            0.1064314916729927,
            0.08099261671304703,
            -0.040976632386446
        ],
        [
            0.10925508290529251,
            0.07332422584295273,
            -0.03770729899406433
        ],
        [
            0.10430160164833069,
            0.029128432273864746,
            0.024492407217621803
        ],
        [
            0.09640736132860184,
            0.025726594030857086,
            0.03371857479214668
        ],
        [
            0.10184340178966522,
            0.08640319108963013,
            -0.026422880589962006
        ],
        [
            0.09954270720481873,
            0.11582549661397934,
            -0.04092845693230629
        ],
        [
            0.10498334467411041,
            0.1136443093419075,
            -0.04077081009745598
        ],
        [
            0.1017996147274971,
            0.09580390900373459,
            -0.04464474692940712
        ],
        [
            0.09531021863222122,
            0.09833621233701706,
            -0.04511411488056183
        ],
        [
            0.0947009027004242,
            0.093797467648983,
            -0.026286426931619644
        ],
        [
            0.1009419709444046,
            0.09016392379999161,
            -0.026657406240701675
        ],
        [
            0.09996844828128815,
            0.09235488623380661,
            -0.026423759758472443
        ],
        [
            0.09511249512434006,
            0.09622480720281601,
            -0.024128863587975502
        ],
        [
            0.07952234148979187,
            0.08927293866872787,
            0.004850666970014572
        ],
        [
            0.08076763153076172,
            0.0827559158205986,
            0.007424640469253063
        ],
        [
            0.07700102031230927,
            0.08128539472818375,
            -0.03313809633255005
        ],
        [
            0.082647904753685,
            0.07823237776756287,
            -0.04509541392326355
        ],
        [
            0.08595841377973557,
            0.06634516268968582,
            -0.04207860305905342
        ],
        [
            0.09008991718292236,
            0.0683489590883255,
            0.0008588992059230804
        ],
        [
            0.0871935784816742,
            0.07820099592208862,
            -0.0009480705484747887
        ],
        [
            0.08537996560335159,
            0.07765655219554901,
            0.0027743419632315636
        ],
        [
            0.09808458387851715,
            0.08299170434474945,
            -0.019939009100198746
        ],
        [
            0.09708482027053833,
            0.08888638764619827,
            -0.023338470607995987
        ],
        [
            0.09421322494745255,
            0.08724423497915268,
            -0.01964542455971241
        ],
        [
            0.09527863562107086,
            0.08139071613550186,
            -0.015574469231069088
        ],
        [
            0.06759420782327652,
            0.03945959359407425,
            0.02856244333088398
        ],
        [
            0.07602716982364655,
            0.042670510709285736,
            0.035956382751464844
        ],
        [
            0.11211702972650528,
            0.11728847771883011,
            -0.03443356603384018
        ],
        [
            0.11016304790973663,
            0.11481216549873352,
            -0.03604981675744057
        ],
        [
            0.09294191002845764,
            0.05759719759225845,
            0.003464324399828911
        ],
        [
            0.08991905301809311,
            0.05279384180903435,
            -0.037136875092983246
        ],
        [
            0.0966092050075531,
            0.047529902309179306,
            0.00735476054251194
        ],
        [
            0.06125897169113159,
            0.0797080472111702,
            0.005774748511612415
        ],
        [
            0.06581894308328629,
            0.0828452855348587,
            0.011412084102630615
        ],
        [
            0.06753921508789062,
            0.08885868638753891,
            0.010090015828609467
        ],
        [
            0.06329753994941711,
            0.0887904018163681,
            0.005709584336727858
        ],
        [
            0.09747029840946198,
            0.11115920543670654,
            -0.021714266389608383
        ],
        [
            0.10305964201688766,
            0.10984987020492554,
            -0.021949902176856995
        ],
        [
            0.10433131456375122,
            0.11399178951978683,
            -0.021373873576521873
        ],
        [
            0.09910518676042557,
            0.11673407256603241,
            -0.021115539595484734
        ],
        [
            0.10508298873901367,
            0.08803175389766693,
            -0.030312346294522285
        ],
        [
            0.10744645446538925,
            0.08644450455904007,
            -0.03592858463525772
        ],
        [
            0.10734037309885025,
            0.09196797013282776,
            -0.03461926430463791
        ],
        [
            0.1040642112493515,
            0.09234049171209335,
            -0.0296136774122715
        ],
        [
            0.10555483400821686,
            0.08743920922279358,
            -0.04167819023132324
        ],
        [
            0.106051005423069,
            0.09322211891412735,
            -0.04070763289928436
        ],
        [
            0.09265843033790588,
            0.11371093988418579,
            -0.02516840398311615
        ],
        [
            0.09140080213546753,
            0.11625908315181732,
            -0.03207586333155632
        ],
        [
            0.08630950003862381,
            0.10011475533246994,
            -0.034660276025533676
        ],
        [
            0.08960302174091339,
            0.1002950668334961,
            -0.027411652728915215
        ],
        [
            0.06852082163095474,
            0.02861972153186798,
            0.0001980327069759369
        ],
        [
            0.06645170599222183,
            0.027992665767669678,
            0.011125090532004833
        ],
        [
            0.06419648975133896,
            0.042929209768772125,
            0.010163478553295135
        ],
        [
            0.0605587437748909,
            0.0575072206556797,
            0.009270098060369492
        ],
        [
            0.05843485891819,
            0.07138624042272568,
            0.007821114733815193
        ],
        [
            0.05916515365242958,
            0.07182127982378006,
            -0.004256586544215679
        ],
        [
            0.06365911662578583,
            0.041197873651981354,
            0.018176492303609848
        ],
        [
            0.08545687794685364,
            0.09175397455692291,
            -0.028289038687944412
        ],
        [
            0.08292879164218903,
            0.08923409879207611,
            -0.03585302084684372
        ],
        [
            0.08033298701047897,
            0.08846273273229599,
            -0.031138382852077484
        ],
        [
            0.09505313634872437,
            0.04804915189743042,
            0.014649144373834133
        ],
        [
            0.10887063294649124,
            0.11135625839233398,
            -0.037772905081510544
        ],
        [
            0.0917908102273941,
            -0.0023032426834106445,
            -0.02118965983390808
        ],
        [
            0.08074693381786346,
            -0.0019012689590454102,
            -0.01300517562776804
        ],
        [
            0.08185216784477234,
            0.006307579576969147,
            -0.01606851816177368
        ],
        [
            0.09527551382780075,
            0.006354831159114838,
            -0.02484656684100628
        ],
        [
            0.10838563740253448,
            0.10898589342832565,
            -0.02625865489244461
        ],
        [
            0.11079811304807663,
            0.10931866616010666,
            -0.03204753249883652
        ],
        [
            0.07809973508119583,
            0.0835801288485527,
            0.013468255288898945
        ],
        [
            0.07699015736579895,
            0.0893879309296608,
            0.010052965022623539
        ],
        [
            0.07386524975299835,
            0.09050529450178146,
            0.011416235938668251
        ],
        [
            0.07526388764381409,
            0.08653345704078674,
            0.017109669744968414
        ],
        [
            0.06651466339826584,
            0.026497013866901398,
            0.01690496690571308
        ],
        [
            0.06101934611797333,
            0.07588540017604828,
            0.02794823795557022
        ],
        [
            0.056392818689346313,
            0.07425595074892044,
            0.01840340718626976
        ],
        [
            0.0684298649430275,
            0.015017114579677582,
            0.01152473222464323
        ],
        [
            0.069672591984272,
            0.015275202691555023,
            0.0018350984901189804
        ],
        [
            0.07024188339710236,
            0.00569404661655426,
            0.003561859019100666
        ],
        [
            0.06515461951494217,
            0.0799194797873497,
            -0.015765897929668427
        ],
        [
            0.07062312215566635,
            0.031268879771232605,
            -0.007797903381288052
        ],
        [
            0.07221397757530212,
            0.017062239348888397,
            -0.005175633355975151
        ],
        [
            0.07302025705575943,
            0.005688533186912537,
            -0.0034283017739653587
        ],
        [
            0.07273194193840027,
            -0.002500377595424652,
            -0.0018351301550865173
        ],
        [
            0.06984773278236389,
            -0.0016359463334083557,
            0.005734866484999657
        ],
        [
            0.094663605093956,
            0.11677876114845276,
            -0.0370381698012352
        ],
        [
            0.09421563148498535,
            0.12242342531681061,
            -0.03044154867529869
        ],
        [
            0.067789725959301,
            -0.010244831442832947,
            0.007802410051226616
        ],
        [
            0.0717552900314331,
            -0.010766744613647461,
            -0.0005738455802202225
        ],
        [
            0.07650227099657059,
            0.018484100699424744,
            -0.013235524296760559
        ],
        [
            0.08360432088375092,
            0.020441554486751556,
            -0.022560134530067444
        ],
        [
            0.07495206594467163,
            0.03223741799592972,
            -0.01534220576286316
        ],
        [
            0.08136697858572006,
            0.03521500900387764,
            -0.02475404366850853
        ],
        [
            0.06573762744665146,
            0.07722607254981995,
            -0.026361430063843727
        ],
        [
            0.10620259493589401,
            0.1352900117635727,
            -0.022400030866265297
        ],
        [
            0.09808876365423203,
            0.1265319138765335,
            -0.024271827191114426
        ],
        [
            0.10087357461452484,
            0.12260384112596512,
            -0.020999202504754066
        ],
        [
            0.10617421567440033,
            0.1324179470539093,
            -0.018920941278338432
        ],
        [
            0.09516166895627975,
            0.11984214931726456,
            -0.024241594597697258
        ],
        [
            0.09804613888263702,
            0.12757785618305206,
            -0.029926199465990067
        ],
        [
            0.09406930953264236,
            0.03795534372329712,
            -0.03375805541872978
        ],
        [
            0.09238637238740921,
            0.09253821521997452,
            -0.02263472229242325
        ],
        [
            0.10100880265235901,
            0.02243729680776596,
            -0.03124210797250271
        ],
        [
            0.1081126257777214,
            0.04665480926632881,
            -0.04015281796455383
        ],
        [
            0.11545804142951965,
            0.03603791445493698,
            -0.036570850759744644
        ],
        [
            0.10986486077308655,
            0.0069008320569992065,
            -0.028106767684221268
        ],
        [
            0.12110182642936707,
            0.02119932323694229,
            -0.031955838203430176
        ],
        [
            0.10191705822944641,
            -0.009777024388313293,
            -0.021377403289079666
        ],
        [
            0.1040707603096962,
            -0.0013071075081825256,
            -0.02440457046031952
        ],
        [
            0.1306411176919937,
            0.037299320101737976,
            -0.030959226191043854
        ],
        [
            0.11610811203718185,
            0.12182610481977463,
