{
    "pred_cam": [
        4.900969982147217,
        0.018958112224936485,
        -0.05826525762677193
    ],
    "pred_mano_params": {
        "global_orient": [
            [
                [
                    0.9586579203605652,
                    0.11782889813184738,
                    0.2590201199054718
                ],
                [
                    0.08931383490562439,
                    -0.9888370633125305,
                    0.119265615940094
                ],
                [
                    0.27018165588378906,
                    -0.09120084345340729,
                    -0.9584802389144897
                ]
            ]
        ],
        "hand_pose": [
            [
                [
                    0.7476431727409363,
                    -0.6340696811676025,
                    -0.1974467784166336
                ],
                [
                    0.6471912860870361,
                    0.7623234391212463,
                    0.0025425180792808533
                ],
                [
                    0.1489061564207077,
                    -0.12968672811985016,
                    0.9803102612495422
                ]
            ],
            [
                [
                    0.998879611492157,
                    -0.020513877272605896,
                    -0.04264651983976364
                ],
                [
                    0.014007273130118847,
                    0.9889447689056396,
                    -0.14762142300605774
                ],
                [
                    0.04520334303379059,
                    0.14685866236686707,
                    0.9881241321563721
                ]
            ],
            [
                [
                    0.9340558052062988,
                    -0.35708391666412354,
                    0.005546892527490854
                ],
                [
                    0.3371710479259491,
                    0.8766359686851501,
                    -0.3432563841342926
                ],
                [
                    0.1177087277173996,
                    0.3224909007549286,
                    0.9392252564430237
                ]
            ],
            [
                [
                    0.6467921733856201,
                    -0.7457637786865234,
                    0.15967591106891632
                ],
                [
                    0.7523708939552307,
                    0.6582049131393433,
                    0.02654004655778408
                ],
                [
                    -0.12489207088947296,
                    0.10296960920095444,
                    0.9868127107620239
                ]
            ],
            [
                [
                    0.9780205488204956,
                    0.1249520555138588,
                    -0.16692101955413818
                ],
                [
                    -0.07695680111646652,
                    0.9603453874588013,
                    0.26798194646835327
                ],
                [
                    0.19378675520420074,
                    -0.24924619495868683,
                    0.9488534331321716
                ]
            ],
            [
                [
                    0.9717128872871399,
                    -0.09248563647270203,
                    0.21730229258537292
                ],
                [
                    0.10659118741750717,
                    0.9928306937217712,
                    -0.05408840626478195
                ],
                [
                    -0.21074198186397552,
                    0.07572094351053238,
                    0.9746045470237732
                ]
            ],
            [
                [
                    0.7493292689323425,
                    -0.23810166120529175,
                    0.6179103255271912
                ],
                [
                    0.34928879141807556,
                    0.9348719120025635,
                    -0.06333889067173004
                ],
                [
                    -0.5625859498977661,
                    0.2632908523082733,
                    0.7836931347846985
                ]
            ],
            [
                [
                    0.9496336579322815,
                    0.027958940714597702,
                    -0.3121125102043152
                ],
                [
                    0.03541170060634613,
                    0.9800568222999573,
                    0.19553686678409576
                ],
                [
                    0.31135499477386475,
                    -0.19674083590507507,
                    0.9297048449516296
                ]
            ],
            [
                [
                    0.9613878726959229,
                    -0.06017358973622322,
                    0.2685376703739166
                ],
                [
                    -0.03663386031985283,
                    0.9391339421272278,
                    0.34159237146377563
                ],
                [
                    -0.2727476954460144,
                    -0.3382403552532196,
                    0.9006676077842712
                ]
            ],
            [
                [
                    0.7610666155815125,
                    -0.49702709913253784,
                    0.41682323813438416
                ],
                [
                    0.5826501250267029,
                    0.806236743927002,
                    -0.10247521102428436
                ],
                [
                    -0.2851252555847168,
                    0.3208525776863098,
                    0.9031927585601807
                ]
            ],
            [
                [
                    0.9611374139785767,
                    -0.034930940717458725,
                    -0.273851603269577
                ],
                [
                    0.11260576546192169,
                    0.9552978873252869,
                    0.2733604907989502
                ],
                [
                    0.2520610988140106,
                    -0.2935742735862732,
                    0.9221059679985046
                ]
            ],
            [
                [
                    0.8828834295272827,
                    -0.16034604609012604,
                    0.4413682222366333
                ],
                [
                    0.08275718241930008,
                    0.9783145785331726,
                    0.18987302482128143
                ],
                [
                    -0.46224239468574524,
                    -0.13110937178134918,
                    0.8770075440406799
                ]
            ],
            [
                [
                    0.9571831822395325,
                    -0.021125508472323418,
                    -0.2887110710144043
                ],
                [
                    -0.20779407024383545,
                    0.6442408561706543,
                    -0.7360539436340332
                ],
                [
                    0.2015489935874939,
                    0.7645308971405029,
                    0.6122667789459229
                ]
            ],
            [
                [
                    0.8474422693252563,
                    -0.526225745677948,
                    -0.07019965350627899
                ],
                [
                    0.5189881920814514,
                    0.7933337092399597,
                    0.3182339370250702
                ],
                [
                    -0.11177115142345428,
                    -0.3061177134513855,
                    0.9454094767570496
                ]
            ],
            [
                [
                    0.9850006699562073,
                    0.1258048117160797,
                    -0.11809633672237396
                ],
                [
                    -0.1617734432220459,
                    0.9113878607749939,
                    -0.37841957807540894
                ],
                [
                    0.060024574398994446,
                    0.3918484151363373,
                    0.9180695414543152
                ]
            ]
        ],
        "betas": [
            0.01655791699886322,
            0.027181297540664673,
            0.04605439305305481,
            0.023583263158798218,
            0.049019843339920044,
            -0.16765862703323364,
            0.055203139781951904,
            -0.09946149587631226,
            -0.012944132089614868,
            0.03227567672729492
        ]
    },
    "pred_cam_t": [
        0.018958112224936485,
        -0.05826525762677193,
        7.970361232757568
    ],
    "focal_length": [
        5000.0,
        5000.0
    ],
    "pred_keypoints_3d": [
        [
            0.09558222442865372,
            0.006376722361892462,
            0.006156567484140396
        ],
        [
            0.07736991345882416,
            0.022747306153178215,
            -0.023656953126192093
        ],
        [
            0.05414632707834244,
            0.034426577389240265,
            -0.04018440097570419
        ],
        [
            0.031535554677248,
            0.04899143427610397,
            -0.04339011758565903
        ],
        [
            0.0016816076822578907,
            0.0685780793428421,
            -0.047898828983306885
        ],
        [
            0.01592656970024109,
            0.00617428170517087,
            -0.036966342478990555
        ],
        [
            -0.01328691840171814,
            0.0212201327085495,
            -0.03967982903122902
        ],
        [
            -0.030838843435049057,
            0.03469076752662659,
            -0.0382503978908062
        ],
        [
            -0.04739724099636078,
            0.053720105439424515,
            -0.03234410658478737
        ],
        [
            0.0038827508687973022,
            -0.001024498138576746,
            -0.016030536964535713
        ],
        [
            -0.02060488611459732,
            0.01886526495218277,
            -0.018746064975857735
        ],
        [
            -0.038334496319293976,
            0.03372764587402344,
            -0.016425414010882378
        ],
        [
            -0.05928400903940201,
            0.048580966889858246,
            -0.020148780196905136
        ],
        [
            0.009935371577739716,
            -0.0001916135661303997,
            0.010053388774394989
        ],
        [
            -0.01430080272257328,
            0.01211293414235115,
            0.0006929207593202591
        ],
        [
            -0.03495784103870392,
            0.025203891098499298,
            0.004494139924645424
        ],
        [
            -0.054166875779628754,
            0.039118219166994095,
            -0.0033231861889362335
        ],
        [
            0.017332233488559723,
            0.0049820770509541035,
            0.029928700998425484
        ],
        [
            -0.002935592085123062,
            0.008126629516482353,
            0.024990610778331757
        ],
        [
            -0.021396713331341743,
            0.01216304674744606,
            0.026138797402381897
        ],
        [
            -0.0400204211473465,
            0.018648533150553703,
            0.02090882882475853
        ]
    ],
    "pred_vertices": [
        [
            0.05024503543972969,
            0.02052738144993782,
            -0.02057202160358429
        ],
        [
            0.06025112047791481,
            0.02296387031674385,
            -0.01627841405570507
        ],
        [
            0.05407591536641121,
            0.026931367814540863,
            -0.022560497745871544
        ],
        [
            0.04587303474545479,
            0.02381349913775921,
            -0.027750208973884583
        ],
        [
            0.07098417729139328,
            0.03956736996769905,
            -0.019075846299529076
        ],
        [
            0.07995641976594925,
            0.042232446372509,
            -0.027553685009479523
        ],
        [
            0.06517189741134644,
            0.045912742614746094,
            -0.03497861325740814
        ],
        [
            0.06053862348198891,
            0.043650828301906586,
            -0.02539399266242981
        ],
        [
            0.042045578360557556,
            0.024540353566408157,
            -0.0336756594479084
        ],
        [
            0.048870012164115906,
            0.030054062604904175,
            -0.02748766355216503
        ],
        [
            0.04170835390686989,
            0.022465132176876068,
            -0.036728933453559875
        ],
        [
            0.03675679862499237,
            0.011813177727162838,
            -0.04367762431502342
        ],
        [
            0.0362403467297554,
            0.017587877810001373,
            -0.03940479829907417
        ],
        [
            0.03065027855336666,
            0.006546474993228912,
            -0.045773670077323914
        ],
        [
            0.04405796527862549,
            0.003662498202174902,
            -0.044478144496679306
        ],
        [
            0.03076593391597271,
            -0.0028147888369858265,
            -0.043707456439733505
        ],
        [
            0.047883354127407074,
            -0.012642209418118,
            -0.02154732123017311
        ],
        [
            0.048109397292137146,
            -0.014518218114972115,
            -0.008136522956192493
        ],
        [
            0.031084109097719193,
            -0.015881139785051346,
            -0.010675836354494095
        ],
        [
            0.032270416617393494,
            -0.012989094480872154,
            -0.023982953280210495
        ],
        [
            0.036840733140707016,
            -0.01289992406964302,
            0.009375945664942265
        ],
        [
            0.03284235671162605,
            -0.014777620323002338,
            -0.0016585895791649818
        ],
        [
            0.049775660037994385,
            -0.014760957099497318,
            0.0007539885118603706
        ],
        [
            0.05242437869310379,
            -0.013041666708886623,
            0.010581628419458866
        ],
        [
            0.055282123386859894,
            0.01723829284310341,
            -0.006222057156264782
        ],
        [
            0.0655328556895256,
            0.019119800999760628,
            -0.002569276839494705
        ],
        [
            0.06446219980716705,
            0.01929274946451187,
            -0.007975807413458824
        ],
        [
            0.05455543100833893,
            0.017896953970193863,
            -0.011552932672202587
        ],
        [
            0.04311779513955116,
            0.028210870921611786,
            -0.04356876760721207
        ],
        [
            0.05204705893993378,
            0.017489144578576088,
            -0.04635724797844887
        ],
        [
            0.045389316976070404,
            0.0178724005818367,
            -0.04241994768381119
        ],
        [
            0.04124690592288971,
            0.030192438513040543,
            -0.03872295096516609
        ],
        [
            0.08761337399482727,
            0.028028635308146477,
            0.013596255332231522
        ],
        [
            0.10030075162649155,
            0.02348468266427517,
            0.01399241853505373
        ],
        [
            0.10119301825761795,
            0.023540575057268143,
            0.0081558246165514
        ],
        [
            0.0894315168261528,
            0.027256710454821587,
            0.009020347148180008
        ],
        [
            0.09749101102352142,
            0.03189150243997574,
            -0.013586580753326416
        ],
        [
            0.10518953204154968,
            0.024642109870910645,
            -0.009768035262823105
        ],
        [
            0.11268110573291779,
            0.017353516072034836,
            -0.018468057736754417
        ],
        [
            0.10449826717376709,
            0.02160317823290825,
            -0.0242511834949255
        ],
        [
            0.08859330415725708,
            0.038350049406290054,
            -0.020443351939320564
        ],
        [
            0.09559324383735657,
            0.031181801110506058,
            -0.03013864904642105
        ],
        [
            0.0844021886587143,
            0.037237197160720825,
            -0.03714120015501976
        ],
        [
            0.06735112518072128,
            0.043266698718070984,
            -0.043789587914943695
        ],
        [
            0.09865844994783401,
            0.02023886889219284,
            0.026286229491233826
        ],
        [
            0.08923715353012085,
            0.023650823161005974,
            0.02788069099187851
        ],
        [
            -0.012832949869334698,
            0.03138967603445053,
            -0.04366903379559517
        ],
        [
            -0.013361708261072636,
            0.031841933727264404,
            -0.037840694189071655
        ],
        [
            -0.008296612650156021,
            0.02965925633907318,
            -0.03835577145218849
        ],
        [
            -0.008889613673090935,
            0.029012203216552734,
            -0.04407133907079697
        ],
        [
            0.09064166992902756,
            0.004052760079503059,
            0.03531700372695923
        ],
        [
            0.09062518179416656,
            -0.005848381668329239,
            0.033141933381557465
        ],
        [
            0.09733307361602783,
            -0.004157588817179203,
            0.0353488028049469
        ],
        [
            0.09805669635534286,
            0.005242383107542992,
            0.035600095987319946
        ],
        [
            0.0808120146393776,
            0.0025958975311368704,
            0.03480824828147888
        ],
        [
            0.08129029721021652,
            -0.00751542579382658,
            0.029647286981344223
        ],
        [
            -0.02032550796866417,
            0.021919526159763336,
            -0.04754071682691574
        ],
        [
            -0.01750657521188259,
            0.026005679741501808,
            -0.048929765820503235
        ],
        [
            -0.013887559995055199,
            0.02193518914282322,
            -0.049273356795310974
        ],
        [
            -0.016208017244935036,
            0.017705541104078293,
            -0.047047484666109085
        ],
        [
            0.03804931044578552,
            0.020415643230080605,
            -0.03285685181617737
        ],
        [
            0.04095930978655815,
            0.019859246909618378,
            -0.024099823087453842
        ],
        [
            0.022349048405885696,
            0.016911400482058525,
            -0.03575420752167702
        ],
        [
            0.028909064829349518,
            0.017076008021831512,
            -0.030343864113092422
        ],
        [
            0.03086651861667633,
            0.016733694821596146,
            -0.037163183093070984
        ],
        [
            0.02503727748990059,
            0.0153915174305439,
            -0.04105435311794281
        ],
        [
            0.03270197659730911,
            0.013831925578415394,
            -0.007223869673907757
        ],
        [
            0.04417329654097557,
            0.01494667399674654,
            -0.005334853194653988
        ],
        [
            0.042803481221199036,
            0.015387045219540596,
            -0.011754981242120266
        ],
        [
            0.030374035239219666,
            0.015198824927210808,
            -0.01541836280375719
        ],
        [
            0.04455505684018135,
            0.01652396097779274,
            0.008761033415794373
        ],
        [
            0.03322644531726837,
            0.014898527413606644,
            0.0057430574670434
        ],
        [
            0.034625094383955,
            0.01598878763616085,
            0.014169856905937195
        ],
        [
            0.042438212782144547,
            0.017885975539684296,
            0.014873873442411423
        ],
        [
            0.01465356070548296,
            0.0108766108751297,
            -0.0019952794536948204
        ],
        [
            0.008143224753439426,
            0.009202320128679276,
            -0.0032068670261651278
        ],
        [
            0.008449471555650234,
            0.01046128012239933,
            -0.00013884389773011208
        ],
        [
            0.015286166220903397,
            0.011048577725887299,
            0.0017195283435285091
        ],
        [
            0.10416530817747116,
            -0.0035542240366339684,
            0.03700387477874756
        ],
        [
            0.10522221773862839,
            0.006005058065056801,
            0.03493921458721161
        ],
        [
            0.04097890481352806,
            -0.0067839063704013824,
            0.029597768560051918
        ],
        [
            0.04495823383331299,
            0.0008882272522896528,
            0.036871738731861115
        ],
        [
            0.031564489006996155,
            -0.0002480556140653789,
            0.03794345259666443
        ],
        [
            0.03102697618305683,
            -0.008178381249308586,
            0.029823586344718933
        ],
        [
            0.09006287902593613,
            -0.012986627407371998,
            0.02554585412144661
        ],
        [
            0.09666566550731659,
            -0.012553672306239605,
            0.029727622866630554
        ],
        [
            -0.02282564528286457,
            0.01891173981130123,
            -0.04269519820809364
        ],
        [
            -0.01825319230556488,
            0.015464136376976967,
            -0.041827719658613205
        ],
        [
            0.08706530183553696,
            0.02488253079354763,
            -0.04181324690580368
        ],
        [
            0.06795087456703186,
            0.03526783734560013,
            -0.04956134408712387
        ],
        [
            0.09921907633543015,
            0.016397133469581604,
            -0.03313553333282471
        ],
        [
            0.10639771819114685,
            0.009622798301279545,
            -0.026478830724954605
        ],
        [
            0.11384447664022446,
            0.005829609930515289,
            -0.02241254784166813
        ],
        [
            0.02460758201777935,
            0.01625989004969597,
            -0.02535976655781269
        ],
        [
            0.04567881301045418,
            0.017706558108329773,
            -0.016392860561609268
        ],
        [
            0.05562366917729378,
            0.017238134518265724,
            -0.0011716634035110474
        ],
        [
            0.05174835026264191,
            0.02185146138072014,
            0.029182573780417442
        ],
        [
            0.06227336451411247,
            0.023412086069583893,
            0.03034999407827854
        ],
        [
            0.059127673506736755,
            0.024175729602575302,
            0.02012358233332634
        ],
        [
            0.050594281405210495,
            0.02201312780380249,
            0.02121107652783394
        ],
        [
            0.04417836293578148,
            0.010456371121108532,
            0.03882255405187607
        ],
        [
            0.0419287383556366,
            0.01683582179248333,
            0.03426793962717056
        ],
        [
            0.032185062766075134,
            0.014816485345363617,
            0.03409237414598465
        ],
        [
            0.03275100886821747,
            0.008579244837164879,
            0.038878947496414185
        ],
        [
            0.046243660151958466,
            0.030253035947680473,
            -0.05019364878535271
        ],
        [
            0.0585748627781868,
            0.01892465353012085,
            -0.04990251734852791
        ],
        [
            0.09092976897954941,
            0.0145100774243474,
            0.03374166414141655
        ],
        [
            0.09841658174991608,
            0.014634745195508003,
            0.03173062950372696
        ],
        [
            0.10665850341320038,
            0.012734174728393555,
            0.03138324245810509
        ],
        [
            0.07699654996395111,
            0.024447135627269745,
            0.004325579851865768
        ],
        [
            0.09074925631284714,
            0.026928303763270378,
            0.005801605060696602
        ],
        [
            0.09065622091293335,
            0.027912363409996033,
            0.0013969242572784424
        ],
        [
            0.0771217793226242,
            0.023515913635492325,
            0.0011941231787204742
        ],
        [
            0.06963793188333511,
            0.02851647138595581,
            -0.011369852349162102
        ],
        [
            0.0812910869717598,
            0.034806083887815475,
            -0.01078343577682972
        ],
        [
            0.06094273924827576,
            0.032963864505290985,
            -0.01695011928677559
        ],
        [
            0.10415108501911163,
            0.02378813549876213,
            0.000483756884932518
        ],
        [
            0.11136437207460403,
            0.0223699901252985,
            0.008694695308804512
        ],
        [
            0.11331933736801147,
            0.021770451217889786,
            1.8790364265441895e-05
        ],
        [
            0.10983871668577194,
            0.02059694565832615,
            0.01821044832468033
        ],
        [
            0.10812389850616455,
            0.017475850880146027,
            0.026379508897662163
        ],
        [
            0.10404068231582642,
            -0.014926154166460037,
            0.03312765806913376
        ],
        [
            0.11416091024875641,
            0.019777970388531685,
            -0.008075080811977386
        ],
        [
            0.05334781855344772,
            0.04596174508333206,
            -0.030573543161153793
        ],
        [
            0.047041863203048706,
            0.04888369143009186,
            -0.03434719517827034
        ],
        [
            0.04361705482006073,
            0.04267571121454239,
            -0.031009040772914886
        ],
        [
            0.04927603155374527,
            0.03912873938679695,
            -0.02694513089954853
        ],
        [
            0.022114992141723633,
            0.004052003379911184,
            -0.04690184071660042
        ],
        [
            0.02386566251516342,
            0.011477374471724033,
            -0.04544336721301079
        ],
        [
            0.031984843313694,
            0.013418331742286682,
            -0.04338444024324417
        ],
        [
            0.07655788958072662,
            0.02747134305536747,
            0.017218563705682755
        ],
        [
            0.07849814742803574,
            0.024012964218854904,
            0.02925991639494896
        ],
        [
            0.018114682286977768,
            0.01625361666083336,
            -0.03092867136001587
        ],
        [
            -0.012153287418186665,
            0.013845156878232956,
            -0.04626161605119705
        ],
        [
            -0.009343425743281841,
            0.01818239688873291,
            -0.04904073476791382
        ],
        [
            0.008458293043076992,
            0.009305248036980629,
            -0.04825645312666893
        ],
        [
            0.004338077735155821,
            0.0044370610266923904,
            -0.04549966752529144
        ],
        [
            0.009616125375032425,
            0.01263927947729826,
            -0.028093265369534492
        ],
        [
            0.014414011500775814,
            0.01661980152130127,
            -0.03155550733208656
        ],
        [
            0.011984910815954208,
            0.016666509211063385,
            -0.03135744109749794
        ],
        [
            0.007013291120529175,
            0.015014667063951492,
            -0.027338411659002304
        ],
        [
            0.01091761700809002,
            0.010733614675700665,
            0.008673048578202724
        ],
        [
            0.017238479107618332,
            0.01153971441090107,
            0.010343917645514011
        ],
        [
            0.016689741984009743,
            -0.009362800046801567,
            -0.024877198040485382
        ],
        [
            0.02028774842619896,
            -0.01096058078110218,
            -0.03772495314478874
        ],
        [
            0.032911721616983414,
            -0.010284451767802238,
            -0.035807590931653976
        ],
        [
            0.03384748101234436,
            0.014097963459789753,
            0.00016190577298402786
        ],
        [
            0.023452961817383766,
            0.013033416122198105,
            -0.0006346241571009159
        ],
        [
            0.02360280603170395,
            0.013029046356678009,
            0.003607269376516342
        ],
        [
            0.020663978531956673,
            0.015052908100187778,
            -0.022888055071234703
        ],
        [
            0.014708349481225014,
            0.014298941008746624,
            -0.0259193554520607
        ],
        [
            0.015777643769979477,
            0.012745533138513565,
            -0.020723002031445503
        ],
        [
            0.021743353456258774,
            0.014123696833848953,
            -0.01757890358567238
        ],
        [
            0.05822093412280083,
            0.0005743724759668112,
            0.03660896420478821
        ],
        [
            0.05735091120004654,
            0.011851036921143532,
            0.039277106523513794
        ],
        [
            -0.014583741314709187,
            0.02931767702102661,
            -0.04761115461587906
        ],
        [
            -0.010847138240933418,
            0.025997616350650787,
            -0.04807914420962334
        ],
        [
            0.045087799429893494,
            0.015162751078605652,
            0.0018535451963543892
        ],
        [
            0.04736192896962166,
            -0.008165795356035233,
            -0.03222997486591339
        ],
        [
            0.05595335736870766,
            0.017651254311203957,
            0.004292644560337067
        ],
        [
            0.016516242176294327,
            -0.006897644139826298,
            0.01620638370513916
        ],
        [
            0.014307734556496143,
            -0.0009372513741254807,
            0.01931927725672722
        ],
        [
            0.008020460605621338,
            0.001108501572161913,
            0.016459807753562927
        ],
        [
            0.0075816810131073,
            -0.004095751792192459,
            0.013656968250870705
        ],
        [
            -0.007712388411164284,
            0.02153109386563301,
            -0.028603216633200645
        ],
        [
            -0.005221229046583176,
            0.025821203365921974,
            -0.031796894967556
        ],
        [
            -0.009891735389828682,
            0.028014304116368294,
            -0.032442357391119
        ],
        [
            -0.012596541084349155,
            0.023937560617923737,
            -0.029445139691233635
        ],
        [
            0.017418237403035164,
            0.017530083656311035,
            -0.03658389300107956
        ],
        [
            0.019301796332001686,
            0.016207922250032425,
            -0.04233763366937637
        ],
        [
            0.014021881856024265,
            0.018179547041654587,
            -0.04220270365476608
        ],
        [
            0.012964105233550072,
            0.01827898807823658,
            -0.03622935339808464
        ],
        [
            0.017675407230854034,
            0.011917082592844963,
            -0.046588633209466934
        ],
        [
            0.012230334803462029,
            0.014249828644096851,
            -0.04688994586467743
        ],
        [
            -0.011014379560947418,
            0.015880584716796875,
            -0.029519328847527504
        ],
        [
            -0.013751046732068062,
            0.011163905262947083,
            -0.03482751175761223
        ],
        [
            0.0006719566881656647,
            0.0028933766297996044,
            -0.03233998268842697
        ],
        [
            0.0014951694756746292,
            0.00986306183040142,
            -0.027910973876714706
        ],
        [
            0.06734979152679443,
            -0.01442994549870491,
            0.011685112491250038
        ],
        [
            0.06804890930652618,
            -0.011412450112402439,
            0.022404881194233894
        ],
        [
            0.0532231330871582,
            -0.010066516697406769,
            0.021604597568511963
        ],
        [
            0.0386410616338253,
            -0.009934911504387856,
            0.021420402452349663
        ],
        [
            0.024712098762392998,
            -0.009068530052900314,
            0.020144378766417503
        ],
        [
            0.02365180477499962,
            -0.013809159398078918,
            0.008897081017494202
        ],
        [
            0.055169567465782166,
            -0.007226837798953056,
            0.029054444283246994
        ],
        [
            0.010163338854908943,
            0.0033271098509430885,
            -0.024131344631314278
        ],
        [
            0.010631623677909374,
            -0.003177427686750889,
            -0.030381355434656143
        ],
        [
            0.011841259896755219,
            -0.003368026576936245,
            -0.024861890822649002
        ],
        [
            0.05542048439383507,
            0.01973675936460495,
            0.011443914845585823
        ],
        [
            -0.006160365417599678,
            0.022477885708212852,
            -0.04832195118069649
        ],
        [
            0.10181731730699539,
            -0.01163675356656313,
            -0.015749342739582062
        ],
        [
            0.0990743413567543,
            -0.017280088737607002,
            -0.0036940444260835648
        ],
        [
            0.0912482887506485,
            -0.01575334556400776,
            -0.0073739830404520035
        ],
        [
            0.0941784456372261,
            -0.008537903428077698,
            -0.020889749750494957
        ],
        [
            -0.003143779933452606,
            0.027725623920559883,
            -0.03805304318666458
        ],
        [
            -0.0035097096115350723,
            0.026796825230121613,
            -0.04437753185629845
        ],
        [
            0.015431414358317852,
            0.01123814471065998,
            0.016798781231045723
        ],
        [
            0.009639137424528599,
            0.009932706132531166,
            0.013931481167674065
        ],
        [
            0.007385059259831905,
            0.007662893272936344,
            0.015760105103254318
        ],
        [
            0.01137993112206459,
            0.009798819199204445,
            0.020931240171194077
        ],
        [
            0.06982006132602692,
            -0.009048272855579853,
            0.027590222656726837
        ],
        [
            0.022652532905340195,
            -0.0007110461592674255,
            0.03679177910089493
        ],
        [
            0.023089513182640076,
            -0.007565751671791077,
            0.03043735772371292
        ],
        [
            0.08102425932884216,
            -0.01271984726190567,
            0.022685544565320015
        ],
        [
            0.08054988831281662,
            -0.0159556083381176,
            0.013459129258990288
        ],
        [
            0.09001269936561584,
            -0.01704421266913414,
            0.015343256294727325
        ],
        [
            0.01623259112238884,
            -0.012165449559688568,
            -0.0044437614269554615
        ],
        [
            0.06484583020210266,
            -0.015637017786502838,
            0.00344263669103384
        ],
        [
            0.0790616050362587,
            -0.016489535570144653,
            0.005934551358222961
        ],
        [
            0.09033869951963425,
            -0.017779622226953506,
            0.007830522954463959
        ],
        [
            0.09826111048460007,
            -0.019319862127304077,
            0.009884785860776901
        ],
        [
            0.09711691737174988,
            -0.018150731921195984,
            0.01791262999176979
        ],
        [
            -0.013938987627625465,
            0.011671175248920918,
            -0.040522970259189606
        ],
        [
            -0.018739797174930573,
            0.01505322940647602,
            -0.03541632369160652
        ],
        [
            0.10501568019390106,
            -0.021012920886278152,
            0.021218232810497284
        ],
        [
            0.10603742301464081,
            -0.0215429849922657,
            0.011973749846220016
        ],
        [
            0.07828446477651596,
            -0.016087237745523453,
            -0.0032729152590036392
        ],
        [
            0.0777580514550209,
            -0.013966193422675133,
            -0.014570770785212517
        ],
        [
            0.0645066350698471,
            -0.01509393285959959,
            -0.005292288959026337
        ],
        [
            0.06273310631513596,
            -0.013250174932181835,
            -0.016575008630752563
        ],
        [
            0.018142051994800568,
            -0.016766125336289406,
            -0.013986087404191494
        ],
        [
            -0.03156223148107529,
            0.02719099447131157,
            -0.03287143260240555
        ],
        [
            -0.0219022948294878,
            0.02108761854469776,
            -0.031428199261426926
        ],
        [
            -0.01843046210706234,
            0.025565573945641518,
            -0.02985072135925293
        ],
        [
            -0.029173292219638824,
            0.029584871605038643,
            -0.02999245561659336
        ],
        [
            -0.015811443328857422,
            0.018967552110552788,
            -0.030403733253479004
        ],
        [
            -0.023379959166049957,
            0.018204286694526672,
            -0.036270756274461746
        ],
        [
            0.0629740059375763,
            -0.006797182373702526,
            -0.030008476227521896
        ],
        [
            0.010914750397205353,
            0.011239553801715374,
            -0.021913010627031326
        ],
        [
            0.07993904501199722,
            -0.0037788115441799164,
            -0.029753994196653366
        ],
        [
            0.057444363832473755,
            0.002559396903961897,
            -0.043547119945287704
        ],
        [
            0.06983640044927597,
            0.007344109006226063,
            -0.043317992240190506
        ],
        [
            0.09697410464286804,
            0.0014679324813187122,
            -0.03049243800342083
        ],
        [
            0.08572156727313995,
            0.010778535157442093,
            -0.04116584733128548
        ],
        [
            0.1115107536315918,
            -0.004849616438150406,
            -0.02005213499069214
