{
    "pred_cam": [
        9.202604293823242,
        -0.10916751623153687,
        -0.07813027501106262
    ],
    "pred_mano_params": {
        "global_orient": [
            [
                [
                    0.20963044464588165,
                    -0.7437806725502014,
                    0.6347009539604187
                ],
                [
                    -0.8763973712921143,
                    -0.4307640790939331,
                    -0.21533669531345367
                ],
                [
                    0.43356966972351074,
                    -0.5111091732978821,
                    -0.7421486973762512
                ]
            ]
        ],
        "hand_pose": [
            [
                [
                    0.7042727470397949,
                    -0.6584722995758057,
                    -0.2653566002845764
                ],
                [
                    0.656516432762146,
                    0.746317982673645,
                    -0.10952471941709518
                ],
                [
                    0.27015939354896545,
                    -0.0970756858587265,
                    0.9579092860221863
                ]
            ],
            [
                [
                    0.8721187114715576,
                    -0.3845053017139435,
                    0.30259644985198975
                ],
                [
                    0.44565144181251526,
                    0.8795263767242432,
                    -0.16681750118732452
                ],
                [
                    -0.20199936628341675,
                    0.28033721446990967,
                    0.938406765460968
                ]
            ],
            [
                [
                    0.703274130821228,
                    -0.706809937953949,
                    0.07632353156805038
                ],
                [
                    0.6928166151046753,
                    0.6573326587677002,
                    -0.296511173248291
                ],
                [
                    0.15940706431865692,
                    0.2614068388938904,
                    0.9519747495651245
                ]
            ],
            [
                [
                    0.6804662346839905,
                    -0.719151496887207,
                    -0.14066578447818756
                ],
                [
                    0.7318423986434937,
                    0.6766619682312012,
                    0.08084084838628769
                ],
                [
                    0.03704637661576271,
                    -0.1579546481370926,
                    0.9867511987686157
                ]
            ],
            [
                [
                    0.7023928165435791,
                    -0.6953617334365845,
                    -0.15204088389873505
                ],
                [
                    0.7022774815559387,
                    0.6422082781791687,
                    0.30720484256744385
                ],
                [
                    -0.11597656458616257,
                    -0.3225533962249756,
                    0.9394193887710571
                ]
            ],
            [
                [
                    0.8037535548210144,
                    -0.4729311764240265,
                    -0.3609933853149414
                ],
                [
                    0.5429261326789856,
                    0.8311739563941956,
                    0.1199210062623024
                ],
                [
                    0.24333392083644867,
                    -0.2923796772956848,
                    0.9248257279396057
                ]
            ],
            [
                [
                    0.561716616153717,
                    -0.5827778577804565,
                    0.5872345566749573
                ],
                [
                    0.5038989186286926,
                    0.8039461374282837,
                    0.31584253907203674
                ],
                [
                    -0.6561710238456726,
                    0.11849285662174225,
                    0.7452509999275208
                ]
            ],
            [
                [
                    0.7919135689735413,
                    -0.5704411268234253,
                    -0.2178756445646286
                ],
                [
                    0.6053217649459839,
                    0.6863964796066284,
                    0.4030452072620392
                ],
                [
                    -0.08036448806524277,
                    -0.45106184482574463,
                    0.8888671398162842
                ]
            ],
            [
                [
                    0.816279947757721,
                    -0.5772071480751038,
                    0.02278175577521324
                ],
                [
                    0.5568090677261353,
                    0.7967078685760498,
                    0.2349894940853119
                ],
                [
                    -0.1537880301475525,
                    -0.1791321039199829,
                    0.9717308282852173
                ]
            ],
            [
                [
                    0.7638903856277466,
                    -0.6303136944770813,
                    0.13847774267196655
                ],
                [
                    0.6296862959861755,
                    0.7749759554862976,
                    0.0539199635386467
                ],
                [
                    -0.1413034349679947,
                    0.04600859805941582,
                    0.9888966083526611
                ]
            ],
            [
                [
                    0.6508292555809021,
                    -0.7349293231964111,
                    -0.19052603840827942
                ],
                [
                    0.7181897163391113,
                    0.514568567276001,
                    0.4684256911277771
                ],
                [
                    -0.24622106552124023,
                    -0.44169896841049194,
                    0.862714946269989
                ]
            ],
            [
                [
                    0.7455822229385376,
                    -0.501911997795105,
                    -0.4383964240550995
                ],
                [
                    0.6264829635620117,
                    0.752183735370636,
                    0.20430022478103638
                ],
                [
                    0.22721396386623383,
                    -0.42697054147720337,
                    0.8752541542053223
                ]
            ],
            [
                [
                    0.9780399799346924,
                    -0.1698312610387802,
                    -0.12081024050712585
                ],
                [
                    -0.049756478518247604,
                    0.3726308047771454,
                    -0.9266447424888611
                ],
                [
                    0.2023908644914627,
                    0.9123067259788513,
                    0.35599762201309204
                ]
            ],
            [
                [
                    0.9267407059669495,
                    -0.273868203163147,
                    -0.2571922242641449
                ],
                [
                    0.37488245964050293,
                    0.7192551493644714,
                    0.584923267364502
                ],
                [
                    0.024794932454824448,
                    -0.6384890675544739,
                    0.769231379032135
                ]
            ],
            [
                [
                    0.9469601511955261,
                    0.32046258449554443,
                    0.023878145962953568
                ],
                [
                    -0.32121190428733826,
                    0.9417487382888794,
                    0.09966069459915161
                ],
                [
                    0.009450308047235012,
                    -0.10204466432332993,
                    0.9947349429130554
                ]
            ]
        ],
        "betas": [
            -0.0007745921611785889,
            -0.036631494760513306,
            -0.10651274025440216,
            0.0016916096210479736,
            0.06263601779937744,
            -0.03004099801182747,
            0.05408486723899841,
            -0.04605507850646973,
            -0.022347986698150635,
            -0.03459635376930237
        ]
    },
    "pred_cam_t": [
        -0.10916751623153687,
        -0.07813027501106262,
        4.244722366333008
    ],
    "focal_length": [
        5000.0,
        5000.0
    ],
    "pred_keypoints_3d": [
        [
            0.09581798315048218,
            0.006392229814082384,
            0.006195972673594952
        ],
        [
            0.11864736676216125,
            0.02865602821111679,
            -0.015470233745872974
        ],
        [
            0.13263283669948578,
            0.05596933513879776,
            -0.018427491188049316
        ],
        [
            0.1356818675994873,
            0.08291908353567123,
            -0.01954970881342888
        ],
        [
            0.1381094604730606,
            0.11452963948249817,
            -0.03720879927277565
        ],
        [
            0.09429030865430832,
            0.0815093070268631,
            -0.044686462730169296
        ],
        [
            0.09818928688764572,
            0.1141866073012352,
            -0.04122374579310417
        ],
        [
            0.11226493120193481,
            0.12953303754329681,
            -0.03337468206882477
        ],
        [
            0.12802645564079285,
            0.13355912268161774,
            -0.013686198741197586
        ],
        [
            0.07491572201251984,
            0.09080149978399277,
            -0.0316045768558979
        ],
        [
            0.08232392370700836,
            0.12086378782987595,
            -0.02462312951683998
        ],
        [
            0.10119740664958954,
            0.12762703001499176,
            -0.012727456167340279
        ],
        [
            0.11984290182590485,
            0.1231803297996521,
            0.004849694669246674
        ],
        [
            0.06470076739788055,
            0.08554448932409286,
            -0.0074927182868123055
        ],
        [
            0.07138806581497192,
            0.11361569166183472,
            -0.00864156149327755
        ],
        [
            0.09092961996793747,
            0.12067714333534241,
            0.004975855350494385
        ],
        [
            0.10679922997951508,
            0.11404134333133698,
            0.02441011182963848
        ],
        [
            0.06140883266925812,
            0.08035894483327866,
            0.01341687049716711
        ],
        [
            0.06831756979227066,
            0.10019528865814209,
            0.01102982833981514
        ],
        [
            0.08148554712533951,
            0.11002369970083237,
            0.020556878298521042
        ],
        [
            0.09507891535758972,
            0.10996996611356735,
            0.032541826367378235
        ]
    ],
    "pred_vertices": [
        [
            0.10802098363637924,
            0.054030898958444595,
            -0.01846400462090969
        ],
        [
            0.11011756956577301,
            0.04519323632121086,
            -0.012333113700151443
        ],
        [
            0.11472330242395401,
            0.05240720510482788,
            -0.01466585323214531
        ],
        [
            0.11311689019203186,
            0.059325654059648514,
            -0.022994762286543846
        ],
        [
            0.12504872679710388,
            0.0396110974252224,
            0.00024537742137908936
        ],
        [
            0.13422510027885437,
            0.032537490129470825,
            -0.0028729811310768127
        ],
        [
            0.138410747051239,
            0.04843778908252716,
            -0.006258118897676468
        ],
        [
            0.13039502501487732,
            0.05207204818725586,
            -0.0015534646809101105
        ],
        [
            0.11605064570903778,
            0.06352594494819641,
            -0.02668856456875801
        ],
        [
            0.11881149560213089,
            0.0587463304400444,
            -0.016075892373919487
        ],
        [
            0.11640626937150955,
            0.06326895207166672,
            -0.028195293620228767
        ],
        [
            0.10944702476263046,
            0.06447798013687134,
            -0.04290153086185455
        ],
        [
            0.11134865880012512,
            0.0665702223777771,
            -0.03721443563699722
        ],
        [
            0.1040273904800415,
            0.06846373528242111,
            -0.049179524183273315
        ],
        [
            0.10556615889072418,
            0.055086106061935425,
            -0.04624488949775696
        ],
        [
            0.09536464512348175,
            0.06544733792543411,
            -0.052019670605659485
        ],
        [
            0.0804586261510849,
            0.04555671662092209,
            -0.0346776507794857
        ],
        [
            0.07218758016824722,
            0.044675275683403015,
            -0.023689590394496918
        ],
        [
            0.0673457682132721,
            0.06045783683657646,
            -0.029391087591648102
        ],
        [
            0.07680851966142654,
            0.060184456408023834,
            -0.0395265631377697
        ],
        [
            0.06149217113852501,
            0.05628669634461403,
            -0.009656408801674843
        ],
        [
            0.064369797706604,
            0.05930481106042862,
            -0.020767273381352425
        ],
        [
            0.06811095029115677,
            0.04312766343355179,
            -0.015772243961691856
        ],
        [
            0.06543019413948059,
            0.04130948334932327,
            -0.006029349751770496
        ],
        [
            0.09950018674135208,
            0.048022493720054626,
            -0.00657576322555542
        ],
        [
            0.1021147072315216,
            0.03898843005299568,
            -0.0013944990932941437
        ],
        [
            0.10452158749103546,
            0.04010561853647232,
            -0.006827488541603088
        ],
        [
            0.10252892971038818,
            0.04900925233960152,
            -0.011262437328696251
        ],
        [
            0.12471140176057816,
            0.06387096643447876,
            -0.027853691950440407
        ],
        [
            0.12089850008487701,
            0.05193492770195007,
            -0.03647858276963234
        ],
        [
            0.11696923524141312,
            0.05821341276168823,
            -0.03439329192042351
        ],
        [
            0.12312763929367065,
            0.06629276275634766,
            -0.022965556010603905
        ],
        [
            0.1078748106956482,
            0.0209316685795784,
            0.021199777722358704
        ],
        [
            0.10740246623754501,
            0.007423043251037598,
            0.021577052772045135
        ],
        [
            0.11047400534152985,
            0.006501153111457825,
            0.01657978817820549
        ],
        [
            0.10985986143350601,
            0.018859244883060455,
            0.016915857791900635
        ],
        [
            0.1250392496585846,
            0.012533135712146759,
            0.0015954114496707916
        ],
        [
            0.1207810640335083,
            0.0028965845704078674,
            0.0021096132695674896
        ],
        [
            0.12148799747228622,
            -0.006330631673336029,
            -0.007241416722536087
        ],
        [
            0.12546715140342712,
            0.003077663481235504,
            -0.01089070737361908
        ],
        [
            0.12984301149845123,
            0.022780053317546844,
            -0.0006792731583118439
        ],
        [
            0.13280534744262695,
            0.01481734961271286,
            -0.011077910661697388
        ],
        [
            0.13798627257347107,
            0.02729593962430954,
            -0.012133792042732239
        ],
        [
            0.14168429374694824,
            0.045527130365371704,
            -0.014313286170363426
        ],
        [
            0.09833922982215881,
            0.008030317723751068,
            0.03061678260564804
        ],
        [
            0.09779869765043259,
            0.018137410283088684,
            0.032001152634620667
        ],
        [
            0.10956692695617676,
            0.11158985644578934,
            -0.0381961315870285
        ],
        [
            0.107190802693367,
            0.11279353499412537,
            -0.032951463013887405
        ],
        [
            0.10650087147951126,
            0.10867682844400406,
            -0.03382531553506851
        ],
        [
            0.10874185711145401,
            0.10875611007213593,
            -0.039193201810121536
        ],
        [
            0.07832521945238113,
            0.0105728879570961,
            0.0297683272510767
        ],
        [
            0.0712171122431755,
            0.007399842143058777,
            0.02336738631129265
        ],
        [
            0.0734177902340889,
            0.00156363844871521,
            0.02714959718286991
        ],
        [
            0.08126479387283325,
            0.0038875937461853027,
            0.031762801110744476
        ],
        [
            0.07453735917806625,
            0.019421592354774475,
            0.02708590216934681
        ],
        [
            0.06890369206666946,
            0.01569560170173645,
            0.01803756318986416
        ],
        [
            0.10400623828172684,
            0.11883063614368439,
            -0.04735082760453224
        ],
        [
            0.10796850919723511,
            0.11582622677087784,
            -0.045983269810676575
        ],
        [
            0.10499700158834457,
            0.11260409653186798,
            -0.047838494181632996
        ],
        [
            0.10039805620908737,
            0.11448676884174347,
            -0.04820423945784569
        ],
        [
            0.11056539416313171,
            0.06548134237527847,
            -0.03066350519657135
        ],
        [
            0.10648075491189957,
            0.06242191046476364,
            -0.023189472034573555
        ],
        [
            0.10441325604915619,
            0.07884777337312698,
            -0.03761911019682884
        ],
        [
            0.10376742482185364,
            0.07277891784906387,
            -0.03187122568488121
        ],
        [
            0.10749831795692444,
            0.07094234973192215,
            -0.03751339018344879
        ],
        [
            0.10664326697587967,
            0.07604224234819412,
            -0.042433079332113266
        ],
        [
            0.09084898233413696,
            0.06822291016578674,
            -0.012547643855214119
        ],
        [
            0.09400511533021927,
            0.05769937485456467,
            -0.008509844541549683
        ],
        [
            0.09717270731925964,
            0.059184782207012177,
            -0.014176709577441216
        ],
        [
            0.095305435359478,
            0.07083369791507721,
            -0.01946979947388172
        ],
        [
            0.08856628835201263,
            0.057837165892124176,
            0.004592131823301315
        ],
        [
            0.08553899824619293,
            0.06800538301467896,
            -0.0006821788847446442
        ],
        [
            0.08273103088140488,
            0.06689812242984772,
            0.007373277097940445
        ],
        [
            0.08617320656776428,
            0.0602584071457386,
            0.0101891178637743
        ],
        [
            0.08162782341241837,
            0.08418651670217514,
            -0.012655562721192837
        ],
        [
            0.07994987815618515,
            0.08932383358478546,
            -0.015836702659726143
        ],
        [
            0.07867955416440964,
            0.09064724296331406,
            -0.012862395495176315
        ],
        [
            0.0800304114818573,
            0.08380075544118881,
            -0.00932726077735424
        ],
        [
            0.07502569258213043,
            -0.004752211272716522,
            0.029972326010465622
        ],
        [
            0.08422312885522842,
            -0.002713501453399658,
            0.03272179514169693
        ],
        [
            0.057470012456178665,
            0.05459428206086159,
            0.011636133305728436
        ],
        [
            0.061626724898815155,
            0.05298557132482529,
            0.021943755447864532
        ],
        [
            0.0566503182053566,
            0.06590256094932556,
            0.02029103972017765
        ],
        [
            0.0531255267560482,
            0.06405487656593323,
            0.009415033273398876
        ],
        [
            0.06890307366847992,
            0.00558442622423172,
            0.013415034860372543
        ],
        [
            0.06907156854867935,
            -0.0005287900567054749,
            0.01833496429026127
        ],
        [
            0.09924531728029251,
            0.12166498601436615,
            -0.04487932100892067
        ],
        [
            0.09586124867200851,
            0.11631293594837189,
            -0.04497577250003815
        ],
        [
            0.13303110003471375,
            0.02125866711139679,
            -0.023832004517316818
        ],
        [
            0.13994333148002625,
            0.0430765226483345,
            -0.02361595816910267
        ],
        [
            0.12488389760255814,
            0.006490372121334076,
            -0.021516330540180206
        ],
        [
            0.11776119470596313,
            -0.0026912465691566467,
            -0.018786590546369553
        ],
        [
            0.11443784087896347,
            -0.011035747826099396,
            -0.015969030559062958
        ],
        [
            0.09939882159233093,
            0.07649251073598862,
            -0.028685156255960464
        ],
        [
            0.10219621658325195,
            0.05725489556789398,
            -0.016758136451244354
        ],
        [
            0.09711863100528717,
            0.0476461760699749,
            -0.001980401575565338
        ],
        [
            0.08509589731693268,
            0.05289865657687187,
            0.02602223865687847
        ],
        [
            0.08878374099731445,
            0.043597109615802765,
            0.029519064351916313
        ],
        [
            0.09354783594608307,
            0.04670879244804382,
            0.020431797951459885
        ],
        [
            0.08883143961429596,
            0.05396927148103714,
            0.018948126584291458
        ],
        [
            0.06857399642467499,
            0.056556422263383865,
            0.027926824986934662
        ],
        [
            0.07561738789081573,
            0.06039082631468773,
            0.02655884623527527
        ],
        [
            0.07163122296333313,
            0.06845292448997498,
            0.02398030273616314
        ],
        [
            0.06406205892562866,
            0.06671245396137238,
            0.02533496730029583
        ],
        [
            0.13078930974006653,
            0.06210764870047569,
            -0.03154643997550011
        ],
        [
            0.12608176469802856,
            0.046787045896053314,
            -0.03722105175256729
        ],
        [
            0.0878387838602066,
            0.013646170496940613,
            0.03323761746287346
        ],
        [
            0.09100863337516785,
            0.006516478955745697,
            0.03279215842485428
        ],
        [
            0.09192516654729843,
            -0.0019369572401046753,
            0.032945141196250916
        ],
        [
            0.10621797293424606,
            0.02976055070757866,
            0.008995547890663147
        ],
        [
            0.11134131252765656,
            0.01742752641439438,
            0.013927552849054337
        ],
        [
            0.11372802406549454,
            0.017734400928020477,
            0.010224293917417526
        ],
        [
            0.10665711760520935,
            0.029290758073329926,
            0.005201365798711777
        ],
        [
            0.11284299194812775,
            0.03731662034988403,
            -0.003693506121635437
        ],
        [
            0.12000370025634766,
            0.028227563947439194,
            0.002577107399702072
        ],
        [
            0.11695489287376404,
            0.04698240011930466,
            -0.004283241927623749
        ],
        [
            0.11500167846679688,
            0.0036882013082504272,
            0.010341569781303406
        ],
        [
            0.11209802329540253,
            -0.003523215651512146,
            0.018208924680948257
        ],
        [
            0.11627132445573807,
            -0.005616098642349243,
            0.0106361024081707
        ],
        [
            0.1056244820356369,
            -0.0025445371866226196,
            0.025486037135124207
        ],
        [
            0.09867341816425323,
            -0.001848272979259491,
            0.03098568692803383
        ],
        [
            0.06750842928886414,
            -0.00833147019147873,
            0.021406028419733047
        ],
        [
            0.11881899833679199,
            -0.007048450410366058,
            0.0028766505420207977
        ],
        [
            0.13401228189468384,
            0.06062423065304756,
            -0.005107169970870018
        ],
        [
            0.13645616173744202,
            0.06837476044893265,
            -0.008386682718992233
        ],
        [
            0.12939096987247467,
            0.06910816580057144,
            -0.008951971307396889
        ],
        [
            0.12660887837409973,
            0.062478356063365936,
            -0.0068428609520196915
        ],
        [
            0.0998184010386467,
            0.07580729573965073,
            -0.05295915529131889
        ],
        [
            0.10549312084913254,
            0.07622615247964859,
            -0.04801300913095474
        ],
        [
            0.10845965147018433,
            0.0690823346376419,
            -0.043858081102371216
        ],
        [
            0.10260660946369171,
            0.0312856063246727,
            0.022356150671839714
        ],
        [
            0.09445872902870178,
            0.028480514883995056,
            0.031580280512571335
        ],
        [
            0.10013873875141144,
            0.0824054554104805,
            -0.0343521386384964
        ],
        [
            0.09757601469755173,
            0.1106286346912384,
            -0.04967860132455826
        ],
        [
            0.10307206958532333,
            0.10865683853626251,
            -0.04925907030701637
        ],
        [
            0.1005946546792984,
            0.09049300849437714,
            -0.052676647901535034
        ],
        [
            0.09403450787067413,
            0.09282428026199341,
            -0.05343106389045715
        ],
        [
            0.09284031391143799,
            0.08920391649007797,
            -0.03477014601230621
        ],
        [
            0.09925392270088196,
            0.08571901172399521,
            -0.03469362109899521
        ],
        [
            0.09823332726955414,
            0.08774624764919281,
            -0.03444525599479675
        ],
        [
            0.09317038953304291,
            0.0915488451719284,
            -0.03242677077651024
        ],
        [
            0.07600989192724228,
            0.08799230307340622,
            -0.004384039901196957
        ],
        [
            0.07744821161031723,
            0.08182208985090256,
            -0.0012111421674489975
        ],
        [
            0.07563992589712143,
            0.07606534659862518,
            -0.041497424244880676
        ],
        [
            0.08181115984916687,
            0.07229659706354141,
            -0.05286403000354767
        ],
        [
            0.0855371430516243,
            0.060755014419555664,
            -0.04854376241564751
        ],
        [
            0.08777619898319244,
            0.06720812618732452,
            -0.005809107795357704
        ],
        [
            0.08453123271465302,
            0.07668189704418182,
            -0.008756968192756176
        ],
        [
            0.08257705718278885,
            0.0764729231595993,
            -0.005069073289632797
        ],
        [
            0.09610699117183685,
            0.07984351366758347,
            -0.027716856449842453
        ],
        [
            0.09513460844755173,
            0.08502122759819031,
            -0.03167557716369629
        ],
        [
            0.09204737842082977,
            0.08393913507461548,
            -0.027984661981463432
        ],
        [
            0.0931486040353775,
            0.07867227494716644,
            -0.023296965286135674
        ],
        [
            0.06538455933332443,
            0.040261056274175644,
            0.023893197998404503
        ],
        [
            0.07331439107656479,
            0.04462488740682602,
            0.03122529573738575
        ],
        [
            0.10996375232934952,
            0.11294296383857727,
            -0.042833782732486725
        ],
        [
            0.10811135172843933,
            0.11024141311645508,
            -0.044392719864845276
        ],
        [
            0.09096591919660568,
            0.0569106861948967,
            -0.001982593908905983
        ],
        [
            0.08989676833152771,
            0.04790261760354042,
            -0.0419488400220871
        ],
        [
            0.0948805958032608,
            0.04745621234178543,
            0.0030843131244182587
        ],
        [
            0.058225780725479126,
            0.07758505642414093,
            -0.003382815746590495
        ],
        [
            0.0622149258852005,
            0.08161865919828415,
            0.0021087639033794403
        ],
        [
            0.06366866081953049,
            0.08743228018283844,
            0.0002640755847096443
        ],
        [
            0.05972123518586159,
            0.08667795360088348,
            -0.004299628082662821
        ],
        [
            0.09507694095373154,
            0.106781005859375,
            -0.030384443700313568
        ],
        [
            0.10073070973157883,
            0.10564739257097244,
            -0.030414097011089325
        ],
        [
            0.10193149000406265,
            0.11013098806142807,
            -0.029839802533388138
        ],
        [
            0.0966087207198143,
            0.11268765479326248,
            -0.02991367131471634
        ],
        [
            0.10360667109489441,
            0.08354221284389496,
            -0.03806456923484802
        ],
        [
            0.10620523989200592,
            0.08180703222751617,
            -0.043453291058540344
        ],
        [
            0.1059451550245285,
            0.08723077923059464,
            -0.042357251048088074
        ],
        [
            0.1024710088968277,
            0.08771953731775284,
            -0.03747563064098358
        ],
        [
            0.10451268404722214,
            0.08236873894929886,
            -0.049213770776987076
        ],
        [
            0.10479877889156342,
            0.08819766342639923,
            -0.04851238429546356
        ],
        [
            0.09030044078826904,
            0.10899406671524048,
            -0.03410527855157852
        ],
        [
            0.08917780965566635,
            0.11112411320209503,
            -0.041159387677907944
        ],
        [
            0.0845799669623375,
            0.09476147592067719,
            -0.043373506516218185
        ],
        [
            0.08764197677373886,
            0.09534455090761185,
            -0.035982996225357056
        ],
        [
            0.06800021976232529,
            0.02661159634590149,
            -0.003155473619699478
        ],
        [
            0.06547023355960846,
            0.027007266879081726,
            0.007700801827013493
        ],
        [
            0.06265738606452942,
            0.04163770750164986,
            0.005095755681395531
        ],
        [
            0.05846182629466057,
            0.05581085756421089,
            0.002519632689654827
        ],
        [
            0.05581999197602272,
            0.06934981793165207,
            -0.000503120943903923
        ],
        [
            0.05702514201402664,
            0.06866803020238876,
            -0.012577282264828682
        ],
        [
            0.06183594837784767,
            0.04071410745382309,
            0.013221697881817818
        ],
        [
            0.08368348330259323,
            0.08704539388418198,
            -0.03721601516008377
        ],
        [
            0.08148909360170364,
            0.08389315754175186,
            -0.04441245272755623
        ],
        [
            0.07878535240888596,
            0.08346452564001083,
            -0.04002366587519646
        ],
        [
            0.09298328310251236,
            0.048655323684215546,
            0.010216783732175827
        ],
        [
            0.10694599896669388,
            0.10667915642261505,
            -0.04608720913529396
        ],
        [
            0.0934484601020813,
            -0.005242116749286652,
            -0.02027023769915104
        ],
        [
            0.0820738673210144,
            -0.004512965679168701,
            -0.012605525553226471
        ],
        [
            0.08294358104467392,
            0.0033864080905914307,
            -0.01645706780254841
        ],
        [
            0.09666560590267181,
            0.0031564831733703613,
            -0.024688325822353363
        ],
        [
            0.10620459914207458,
            0.10476161539554596,
            -0.03454156965017319
        ],
        [
            0.10878104716539383,
            0.10497166216373444,
            -0.04023488610982895
        ],
        [
            0.07429555058479309,
            0.08316773921251297,
            0.00457395613193512
        ],
        [
            0.07310131937265396,
            0.08844698965549469,
            0.0006102118641138077
        ],
        [
            0.06978126615285873,
            0.08951935172080994,
            0.0017574788071215153
        ],
        [
            0.07094229012727737,
            0.086390420794487,
            0.007785414345562458
        ],
        [
            0.06533417850732803,
            0.026114851236343384,
            0.013606667518615723
        ],
        [
            0.056528229266405106,
            0.075696662068367,
            0.019009297713637352
        ],
        [
            0.0527568981051445,
            0.07298573106527328,
            0.0095823360607028
        ],
        [
            0.06796924769878387,
            0.014244124293327332,
            0.009533494710922241
        ],
        [
            0.06963299214839935,
            0.01356438547372818,
            -8.495338261127472e-05
        ],
        [
            0.07054441422224045,
            0.004244551062583923,
            0.00266110897064209
        ],
        [
            0.06315351277589798,
            0.0759468823671341,
            -0.024590030312538147
        ],
        [
            0.07032469660043716,
            0.028525739908218384,
            -0.011308493092656136
        ],
        [
            0.0724017396569252,
            0.014742009341716766,
            -0.007145095616579056
        ],
        [
            0.07362130284309387,
            0.003651723265647888,
            -0.004187539219856262
        ],
        [
            0.07362531870603561,
            -0.004337102174758911,
            -0.001749122515320778
        ],
        [
            0.07037103921175003,
            -0.002837151288986206,
            0.005574136972427368
        ],
        [
            0.0925707221031189,
            0.11151698976755142,
            -0.045984357595443726
        ],
        [
            0.09181411564350128,
            0.11747025698423386,
            -0.03970811888575554
        ],
        [
            0.06858570128679276,
            -0.011284589767456055,
            0.008447354659438133
        ],
        [
            0.07294358313083649,
            -0.012476123869419098,
            0.0003328118473291397
        ],
        [
            0.0769653171300888,
            0.015527300536632538,
            -0.015136023983359337
        ],
        [
            0.08435249328613281,
            0.016871079802513123,
            -0.024325422942638397
        ],
        [
            0.07493053376674652,
            0.028920702636241913,
            -0.018735118210315704
        ],
        [
            0.08161063492298126,
            0.03123307228088379,
            -0.028146415948867798
        ],
        [
            0.06418060511350632,
            0.07230079919099808,
            -0.0348944216966629
        ],
        [
            0.10319609940052032,
            0.13177284598350525,
            -0.032566748559474945
        ],
        [
            0.09535220265388489,
            0.12247173488140106,
            -0.03385918587446213
        ],
        [
            0.09817914664745331,
            0.11894707381725311,
            -0.030199311673641205
        ],
        [
            0.10309235006570816,
            0.12923620641231537,
            -0.02882508747279644
        ],
        [
            0.09264851361513138,
            0.11541412770748138,
            -0.033366456627845764
        ],
        [
            0.09545411169528961,
            0.12303883582353592,
            -0.039595827460289
        ],
        [
            0.09449022263288498,
            0.03366204351186752,
            -0.03686651214957237
        ],
        [
            0.0902574360370636,
            0.08861201256513596,
            -0.03148278966546059
        ],
        [
            0.10187706351280212,
            0.018790289759635925,
            -0.032522838562726974
        ],
        [
            0.10846853256225586,
            0.04230591654777527,
            -0.04355524107813835
        ],
        [
            0.11603370308876038,
            0.03239595890045166,
            -0.03875994682312012
        ],
        [
            0.11120599508285522,
            0.003984279930591583,
            -0.02758290246129036
        ],
        [
            0.12196382880210876,
            0.018267691135406494,
            -0.032646313309669495
        ],
        [
            0.10387298464775085,
            -0.012242838740348816,
            -0.019287914037704468
        ],
        [
            0.10572077333927155,
            -0.004042051732540131,
            -0.023160874843597412
        ],
        [
            0.13105200231075287,
            0.03485437110066414,
            -0.03313848003745079
        ],
        [
            0.11348532140254974,
            0.11854778975248337,
