{
    "pred_cam": [
        13.223143577575684,
        0.1192043349146843,
        -0.04351385682821274
    ],
    "pred_mano_params": {
        "global_orient": [
            [
                [
                    -0.5787371397018433,
                    0.04581306502223015,
                    -0.8142262697219849
                ],
                [
                    -0.39017823338508606,
                    -0.8922861218452454,
                    0.2271263748407364
                ],
                [
                    -0.7161175012588501,
                    0.44913986325263977,
                    0.5342743992805481
                ]
            ]
        ],
        "hand_pose": [
            [
                [
                    0.7335832715034485,
                    -0.6286555528640747,
                    -0.25816237926483154
                ],
                [
                    0.6228540539741516,
                    0.7738926410675049,
                    -0.1146431416273117
                ],
                [
                    0.2718609869480133,
                    -0.07669719308614731,
                    0.9592753648757935
                ]
            ],
            [
                [
                    0.671084463596344,
                    -0.7011008858680725,
                    0.2410460263490677
                ],
                [
                    0.740804135799408,
                    0.6213076114654541,
                    -0.2553155720233917
                ],
                [
                    0.02923824079334736,
                    0.34990620613098145,
                    0.9363282918930054
                ]
            ],
            [
                [
                    0.9482703804969788,
                    -0.30526310205459595,
                    0.08716531097888947
                ],
                [
                    0.2974247932434082,
                    0.9502741694450378,
                    0.09229053556919098
                ],
                [
                    -0.1110038310289383,
                    -0.0615912526845932,
                    0.9919096827507019
                ]
            ],
            [
                [
                    0.3519057333469391,
                    -0.8936915397644043,
                    -0.27834832668304443
                ],
                [
                    0.9337261319160461,
                    0.31428197026252747,
                    0.17141272127628326
                ],
                [
                    -0.06571024656295776,
                    -0.32022222876548767,
                    0.9450607299804688
                ]
            ],
            [
                [
                    0.31870236992836,
                    -0.923069179058075,
                    -0.21534186601638794
                ],
                [
                    0.9423826932907104,
                    0.28419968485832214,
                    0.1764804869890213
                ],
                [
                    -0.10170360654592514,
                    -0.2591792047023773,
                    0.9604595303535461
                ]
            ],
            [
                [
                    0.7751518487930298,
                    -0.6295393705368042,
                    0.05310225486755371
                ],
                [
                    0.6281246542930603,
                    0.7769683003425598,
                    0.042185693979263306
                ],
                [
                    -0.06781632453203201,
                    0.0006545206997543573,
                    0.9976975917816162
                ]
            ],
            [
                [
                    0.3407801687717438,
                    -0.939771294593811,
                    -0.026435554027557373
                ],
                [
                    0.5529741644859314,
                    0.17762073874473572,
                    0.814045786857605
                ],
                [
                    -0.760321319103241,
                    -0.2920288145542145,
                    0.5801988840103149
                ]
            ],
            [
                [
                    0.45303717255592346,
                    -0.8515045642852783,
                    -0.26400235295295715
                ],
                [
                    0.7156249284744263,
                    0.17075440287590027,
                    0.6772915124893188
                ],
                [
                    -0.5316373109817505,
                    -0.49576494097709656,
                    0.6867159605026245
                ]
            ],
            [
                [
                    0.9073615670204163,
                    -0.41812095046043396,
                    -0.04324178025126457
                ],
                [
                    0.327789306640625,
                    0.6394057273864746,
                    0.6954958438873291
                ],
                [
                    -0.2631523311138153,
                    -0.6452403664588928,
                    0.7172277569770813
                ]
            ],
            [
                [
                    0.25777924060821533,
                    -0.9661235809326172,
                    -0.012450831942260265
                ],
                [
                    0.9140873551368713,
                    0.23967942595481873,
                    0.3271056115627289
                ],
                [
                    -0.31304025650024414,
                    -0.095702163875103,
                    0.9449057579040527
                ]
            ],
            [
                [
                    0.33299586176872253,
                    -0.912975549697876,
                    -0.23577383160591125
                ],
                [
                    0.822736382484436,
                    0.15916021168231964,
                    0.5456857085227966
                ],
                [
                    -0.46067193150520325,
                    -0.3756907880306244,
                    0.8041378855705261
                ]
            ],
            [
                [
                    0.7412663698196411,
                    -0.6712062954902649,
                    -0.0025219623930752277
                ],
                [
                    0.6459101438522339,
                    0.7122979760169983,
                    0.2746482789516449
                ],
                [
                    -0.18254923820495605,
                    -0.20521649718284607,
                    0.961541473865509
                ]
            ],
            [
                [
                    0.9496393203735352,
                    -0.0832754597067833,
                    -0.30207663774490356
                ],
                [
                    -0.20735065639019012,
                    0.5557706952095032,
                    -0.8050618171691895
                ],
                [
                    0.23492726683616638,
                    0.8271541595458984,
                    0.510514497756958
                ]
            ],
            [
                [
                    0.9928560853004456,
                    -0.04876543954014778,
                    -0.1088973730802536
                ],
                [
                    0.1086503192782402,
                    0.7467057704925537,
                    0.6562206149101257
                ],
                [
                    0.049313418567180634,
                    -0.6633644700050354,
                    0.7466697692871094
                ]
            ],
            [
                [
                    0.9672546982765198,
                    -0.2510432302951813,
                    -0.03735791891813278
                ],
                [
                    0.2068985104560852,
                    0.865151047706604,
                    -0.4568442404270172
                ],
                [
                    0.14700789749622345,
                    0.4341554343700409,
                    0.8887618780136108
                ]
            ]
        ],
        "betas": [
            -0.11586254835128784,
            -0.014733165502548218,
            -0.08449754118919373,
            -0.02749672532081604,
            -0.002166569232940674,
            0.03046233579516411,
            -0.013156980276107788,
            -0.024791955947875977,
            0.012589514255523682,
            -0.020900100469589233
        ]
    },
    "pred_cam_t": [
        -0.1192043349146843,
        -0.04351385682821274,
        2.9541008472442627
    ],
    "focal_length": [
        5000.0,
        5000.0
    ],
    "pred_keypoints_3d": [
        [
            0.09626270830631256,
            0.006431073881685734,
            0.006236174143850803
        ],
        [
            0.08844445645809174,
            0.03572317585349083,
            0.03042394295334816
        ],
        [
            0.09607649594545364,
            0.06079912185668945,
            0.046919286251068115
        ],
        [
            0.10816647857427597,
            0.07587553560733795,
            0.06613536179065704
        ],
        [
            0.1251862794160843,
            0.10284806042909622,
            0.08146357536315918
        ],
        [
            0.13037005066871643,
            0.05036624148488045,
            0.07851091027259827
        ],
        [
            0.15112580358982086,
            0.07510870695114136,
            0.08629199117422104
        ],
        [
            0.1526239812374115,
            0.09358062595129013,
            0.07379663735628128
        ],
        [
            0.1494988054037094,
            0.11208955943584442,
            0.05719083547592163
        ],
        [
            0.15405265986919403,
            0.044119611382484436,
            0.07197552919387817
        ],
        [
            0.16225866973400116,
            0.07406259328126907,
            0.06453344970941544
        ],
        [
            0.14546756446361542,
            0.07919695228338242,
            0.049026258289813995
        ],
        [
            0.12322625517845154,
            0.07403440773487091,
            0.037707820534706116
        ],
        [
            0.16549353301525116,
            0.035942185670137405,
            0.049003224819898605
        ],
        [
            0.1664891391992569,
            0.06477049738168716,
            0.045471444725990295
        ],
        [
            0.14626705646514893,
            0.06543216109275818,
            0.030824333429336548
        ],
        [
            0.12495683133602142,
            0.054080307483673096,
            0.023608269169926643
        ],
        [
            0.17121872305870056,
            0.032490406185388565,
            0.028083842247724533
        ],
        [
            0.16885152459144592,
            0.05354275554418564,
            0.02625465765595436
        ],
        [
            0.15169186890125275,
            0.05300728604197502,
            0.01788938418030739
        ],
        [
            0.1352338045835495,
            0.040296316146850586,
            0.015845663845539093
        ]
    ],
    "pred_vertices": [
        [
            0.11186632513999939,
            0.04430113732814789,
            0.04266277700662613
        ],
        [
            0.10661300271749496,
            0.041019584983587265,
            0.033290643244981766
        ],
        [
            0.10770151019096375,
            0.048851046711206436,
            0.039036501199007034
        ],
        [
            0.11057156324386597,
            0.0507940873503685,
            0.048575419932603836
        ],
        [
            0.09674429893493652,
            0.0530598908662796,
            0.021472372114658356
        ],
        [
            0.08512578904628754,
            0.054215919226408005,
            0.020800545811653137
        ],
        [
            0.0918436050415039,
            0.06520692259073257,
            0.032453007996082306
        ],
        [
            0.10133981704711914,
            0.06388217955827713,
            0.031085506081581116
        ],
        [
            0.11031417548656464,
            0.05485410988330841,
            0.05475917086005211
        ],
        [
            0.10905902832746506,
            0.055740490555763245,
            0.044389236718416214
        ],
        [
            0.10901446640491486,
            0.053283385932445526,
            0.05846162885427475
        ],
        [
            0.10940179973840714,
            0.04800301790237427,
            0.07063284516334534
        ],
        [
            0.11168099194765091,
            0.05240770801901817,
            0.06504938006401062
        ],
        [
            0.11365392804145813,
            0.046846888959407806,
            0.07775100320577621
        ],
        [
            0.10455706715583801,
            0.0379742756485939,
            0.07099463790655136
        ],
        [
            0.11651219427585602,
            0.03802752494812012,
            0.08066657185554504
        ],
        [
            0.1193060651421547,
            0.01661759987473488,
            0.05997053533792496
        ],
        [
            0.12811404466629028,
            0.011516880244016647,
            0.0506766214966774
        ],
        [
            0.14083996415138245,
            0.01788104511797428,
            0.06246212124824524
        ],
        [
            0.13028067350387573,
            0.023376228287816048,
            0.07009929418563843
        ],
        [
            0.14918021857738495,
            0.012954574078321457,
            0.04345740005373955
        ],
        [
            0.14514324069023132,
            0.0160575769841671,
            0.05437568575143814
        ],
        [
            0.13262195885181427,
            0.008442237973213196,
            0.043330781161785126
        ],
        [
            0.13664193451404572,
            0.006305612623691559,
            0.034041255712509155
        ],
        [
            0.1174844354391098,
            0.0358717255294323,
            0.030889715999364853
        ],
        [
            0.11149227619171143,
            0.03237742930650711,
            0.022240083664655685
        ],
        [
            0.1088235080242157,
            0.03416914492845535,
            0.026847168803215027
        ],
        [
            0.11456284672021866,
            0.03806430846452713,
            0.034990012645721436
        ],
        [
            0.1021849736571312,
            0.05498582869768143,
            0.06006540358066559
        ],
        [
            0.09496361762285233,
            0.046163756400346756,
            0.060373902320861816
        ],
        [
            0.10261474549770355,
            0.04803897440433502,
            0.061797477304935455
        ],
        [
            0.10689787566661835,
            0.05743357539176941,
            0.05786679685115814
        ],
        [
            0.10300548374652863,
            0.027009474113583565,
            -0.005130745470523834
        ],
        [
            0.09439918398857117,
            0.017418917268514633,
            -0.009663887321949005
        ],
        [
            0.09001483023166656,
            0.018572231754660606,
            -0.005784273147583008
        ],
        [
            0.0988457202911377,
            0.02665395848453045,
            -0.0022008195519447327
        ],
        [
            0.07864487916231155,
            0.03292705863714218,
            0.008137673139572144
        ],
        [
            0.07568920403718948,
            0.02241046540439129,
            0.0051176175475120544
        ],
        [
            0.0659419521689415,
            0.015233241021633148,
            0.0111192986369133
        ],
        [
            0.06827235221862793,
            0.02422921359539032,
            0.017239980399608612
        ],
        [
            0.08144312351942062,
            0.04439818859100342,
            0.014030732214450836
        ],
        [
            0.07100836932659149,
            0.038285210728645325,
            0.02085818350315094
        ],
        [
            0.07609224319458008,
            0.05033126473426819,
            0.026842493563890457
        ],
        [
            0.08466757833957672,
            0.06143763288855553,
            0.03759809583425522
        ],
        [
            0.10393331199884415,
            0.012154430150985718,
            -0.016608990728855133
        ],
        [
            0.11157576739788055,
            0.018882140517234802,
            -0.014674346894025803
        ],
        [
            0.14044414460659027,
            0.0802614763379097,
            0.0783526599407196
        ],
        [
            0.14433804154396057,
            0.07889389246702194,
            0.07379187643527985
        ],
        [
            0.1422591507434845,
            0.07615695893764496,
            0.07401523739099503
        ],
        [
            0.1390375792980194,
            0.07801953703165054,
            0.07857342064380646
        ],
        [
            0.11887708306312561,
            -0.0009562745690345764,
            -0.012019157409667969
        ],
        [
            0.11931543052196503,
            -0.008998680859804153,
            -0.005894634872674942
        ],
        [
            0.1151643842458725,
            -0.010956265032291412,
            -0.011629153043031693
        ],
        [
            0.11303969472646713,
            -0.0031166784465312958,
            -0.01645646244287491
        ],
        [
            0.1265730857849121,
            0.0018458589911460876,
            -0.00614682212471962
        ],
        [
            0.12470921874046326,
            -0.005699343979358673,
            0.002108801156282425
        ],
        [
            0.14690914750099182,
            0.0813962072134018,
            0.0895623192191124
        ],
        [
            0.14245712757110596,
            0.08238355070352554,
            0.08692166209220886
        ],
        [
            0.14160926640033722,
            0.0781828835606575,
            0.08866997063159943
        ],
        [
            0.14597366750240326,
            0.0758339911699295,
            0.09080298244953156
        ],
        [
            0.11367214471101761,
            0.05244224891066551,
            0.05793997645378113
        ],
        [
            0.11681690067052841,
            0.04850044474005699,
            0.05028899759054184
        ],
        [
            0.12430071830749512,
            0.056846849620342255,
            0.06949605792760849
        ],
        [
            0.12254218012094498,
            0.05270060896873474,
            0.062264181673526764
        ],
        [
            0.11696439236402512,
            0.05342300981283188,
            0.0664631575345993
        ],
        [
            0.11926744878292084,
            0.05590774491429329,
            0.07284978032112122
        ],
        [
            0.13458934426307678,
            0.04232989251613617,
            0.044461578130722046
        ],
        [
            0.12689171731472015,
            0.03809673339128494,
            0.03679946810007095
        ],
        [
            0.12388040125370026,
            0.040766164660453796,
            0.04212471842765808
        ],
        [
            0.13101381063461304,
            0.046625733375549316,
            0.05117293819785118
        ],
        [
            0.13487549126148224,
            0.03560223430395126,
            0.025227319449186325
        ],
        [
            0.14177876710891724,
            0.039373353123664856,
            0.03393339738249779
        ],
        [
            0.14530035853385925,
            0.03734026849269867,
            0.02628210559487343
        ],
        [
            0.13980954885482788,
            0.03607375919818878,
            0.021024450659751892
        ],
        [
            0.15068110823631287,
            0.045965708792209625,
            0.05100874975323677
        ],
        [
            0.152493417263031,
            0.04732564091682434,
            0.055316079407930374
        ],
        [
            0.15427887439727783,
            0.04748104512691498,
            0.052591241896152496
        ],
        [
            0.1521783322095871,
            0.044948555529117584,
            0.0478261299431324
        ],
        [
            0.11075723171234131,
            -0.013744715601205826,
            -0.016553960740566254
        ],
        [
            0.10690904408693314,
            -0.005317851901054382,
            -0.019958090037107468
        ],
        [
            0.15766465663909912,
            0.011267488822340965,
            0.022827595472335815
        ],
        [
            0.15616045892238617,
            0.014247385784983635,
            0.011916149407625198
        ],
        [
            0.1666405349969864,
            0.020809993147850037,
            0.017766866832971573
        ],
        [
            0.16653038561344147,
            0.014920637011528015,
            0.028895337134599686
        ],
        [
            0.11630161106586456,
            -0.013010255992412567,
            0.0032463520765304565
        ],
        [
            0.11370857805013657,
            -0.016512781381607056,
            -0.0033311694860458374
        ],
        [
            0.15287943184375763,
            0.07927344739437103,
            0.08878626674413681
        ],
        [
            0.15162591636180878,
            0.07361855357885361,
            0.089574433863163
        ],
        [
            0.0714498907327652,
            0.03916684538125992,
            0.03538922220468521
        ],
        [
            0.08078718185424805,
            0.05526392534375191,
            0.04412391036748886
        ],
        [
            0.0676649734377861,
            0.02441244199872017,
            0.028626572340726852
        ],
        [
            0.06719513237476349,
            0.013376213610172272,
            0.023715272545814514
        ],
        [
            0.06472048163414001,
            0.0057097747921943665,
            0.018793746829032898
        ],
        [
            0.12893451750278473,
            0.05247439816594124,
            0.06100751832127571
        ],
        [
            0.11840789020061493,
            0.04275786131620407,
            0.04312461242079735
        ],
        [
            0.12032046914100647,
            0.034452348947525024,
            0.02688566967844963
        ],
        [
            0.1410597562789917,
            0.03212551772594452,
            0.003879386931657791
        ],
        [
            0.13379234075546265,
            0.0290822833776474,
            -0.0028756223618984222
        ],
        [
            0.1295296847820282,
            0.03375780209898949,
            0.005934372544288635
        ],
        [
            0.1368383765220642,
            0.03490640968084335,
            0.010322481393814087
        ],
        [
            0.15529924631118774,
            0.022479891777038574,
            0.005930203944444656
        ],
        [
            0.15217722952365875,
            0.029953554272651672,
            0.00700036808848381
        ],
        [
            0.1576402187347412,
            0.0323215052485466,
            0.011930413544178009
        ],
        [
            0.1627471148967743,
            0.02645440399646759,
            0.011723514646291733
        ],
        [
            0.09522993862628937,
            0.056586869060993195,
            0.06151292473077774
        ],
        [
            0.08806484192609787,
            0.04614180326461792,
            0.05834702402353287
        ],
        [
            0.1157204806804657,
            0.008544344455003738,
            -0.015749972313642502
        ],
        [
            0.10861662030220032,
            0.005960136651992798,
            -0.01806759461760521
        ],
        [
            0.10230210423469543,
            0.0009156316518783569,
            -0.021066103130578995
        ],
        [
            0.10595469176769257,
            0.03060067445039749,
            0.008890904486179352
        ],
        [
            0.0958668440580368,
            0.026572205126285553,
            -0.00023950636386871338
        ],
        [
            0.09308774769306183,
            0.02849680185317993,
            0.0026762858033180237
        ],
        [
            0.1040625274181366,
            0.030344437807798386,
            0.011719845235347748
        ],
        [
            0.10196520388126373,
            0.040606893599033356,
            0.022349849343299866
        ],
        [
            0.0927424281835556,
            0.04139908030629158,
            0.012780837714672089
        ],
        [
            0.1057462990283966,
            0.05019455403089523,
            0.028755728155374527
        ],
        [
            0.08294221013784409,
            0.019458908587694168,
            -0.0015751495957374573
        ],
        [
            0.08271897584199905,
            0.013099949806928635,
            -0.01073329895734787
        ],
        [
            0.0759672001004219,
            0.013932649046182632,
            -0.004899054765701294
        ],
        [
            0.09017093479633331,
            0.009782891720533371,
            -0.016276031732559204
        ],
        [
            0.09714765101671219,
            0.005733653903007507,
            -0.02017318457365036
        ],
        [
            0.11051175743341446,
            -0.02261233702301979,
            -0.008494790643453598
        ],
        [
            0.07068561017513275,
            0.013926852494478226,
            0.0016167983412742615
        ],
        [
            0.10309921205043793,
            0.06875919550657272,
            0.03933459520339966
        ],
        [
            0.10426823794841766,
            0.07246558368206024,
            0.04663842171430588
        ],
        [
            0.10998860001564026,
            0.06783175468444824,
            0.04807133600115776
        ],
        [
            0.10911998897790909,
            0.06440579891204834,
            0.04230882227420807
        ],
        [
            0.12008386850357056,
            0.04892542213201523,
            0.08405780792236328
        ],
        [
            0.11825332790613174,
            0.05428793281316757,
            0.07851624488830566
        ],
        [
            0.11292813718318939,
            0.05161653086543083,
            0.07205899059772491
        ],
        [
            0.11385437846183777,
            0.03026432730257511,
            -0.002123519778251648
        ],
        [
            0.12061154097318649,
            0.023388506844639778,
            -0.010504484176635742
        ],
        [
            0.13061785697937012,
            0.05652841553092003,
            0.06812971830368042
        ],
        [
            0.1447007954120636,
            0.07129428535699844,
            0.09206768125295639
        ],
        [
            0.13964898884296417,
            0.07402567565441132,
            0.08999919146299362
        ],
        [
            0.1292727291584015,
            0.06002051755785942,
            0.0883704125881195
        ],
        [
            0.1349472850561142,
            0.0566573441028595,
            0.0909523218870163
        ],
        [
            0.13986675441265106,
            0.055345676839351654,
            0.07185100764036179
        ],
        [
            0.1334509551525116,
            0.05800089240074158,
            0.06981722265481949
        ],
        [
            0.13550163805484772,
            0.05842425674200058,
            0.07038775831460953
        ],
        [
            0.14213210344314575,
            0.057233717292547226,
            0.07051591575145721
        ],
        [
            0.15652018785476685,
            0.0446380116045475,
            0.043864160776138306
        ],
        [
            0.1545538455247879,
            0.04261352866888046,
            0.03976716101169586
        ],
        [
            0.14100563526153564,
            0.03341837227344513,
            0.07707010209560394
        ],
        [
            0.130028635263443,
            0.03363247215747833,
            0.08568909764289856
        ],
        [
            0.12129945307970047,
            0.0283894594758749,
            0.0773552730679512
        ],
        [
            0.13816633820533752,
            0.04004243388772011,
            0.03822719305753708
        ],
        [
            0.14543788135051727,
            0.04358872398734093,
            0.044503308832645416
        ],
        [
            0.147583469748497,
            0.042350880801677704,
            0.04117530211806297
        ],
        [
            0.13361936807632446,
            0.05242571234703064,
            0.06160041317343712
        ],
        [
            0.13647840917110443,
            0.05483027547597885,
            0.06714269518852234
        ],
        [
            0.13883809745311737,
            0.05195305868983269,
            0.06390807032585144
        ],
        [
            0.1362869143486023,
            0.04988060146570206,
            0.05758069455623627
        ],
        [
            0.14593735337257385,
            0.008548617362976074,
            0.005200561136007309
        ],
        [
            0.14566360414028168,
            0.0182434543967247,
            -0.001673426479101181
        ],
        [
            0.13994242250919342,
            0.0817524641752243,
            0.08294875919818878
        ],
        [
            0.1388232558965683,
            0.07880556583404541,
            0.08401750773191452
        ],
        [
            0.13051648437976837,
            0.03603605180978775,
            0.030818775296211243
        ],
        [
            0.11203494668006897,
            0.023480387404561043,
            0.06609957665205002
        ],
        [
            0.12335418909788132,
            0.03330985829234123,
            0.022391345351934433
        ],
        [
            0.16645483672618866,
            0.027849417179822922,
            0.04322322458028793
        ],
        [
            0.1665017455816269,
            0.034803252667188644,
            0.03777402639389038
        ],
        [
            0.16645564138889313,
            0.0389917716383934,
            0.03883647918701172
        ],
        [
            0.16829508543014526,
            0.036281101405620575,
            0.04347340017557144
        ],
        [
            0.1508832573890686,
            0.06790146231651306,
            0.07285705208778381
        ],
        [
            0.14626047015190125,
            0.07146041095256805,
            0.07160244137048721
        ],
        [
            0.14752784371376038,
            0.07366816699504852,
            0.071539007127285
        ],
        [
            0.15293759107589722,
            0.07144992053508759,
            0.07309473305940628
        ],
        [
            0.12797564268112183,
            0.05939539521932602,
            0.0716647207736969
        ],
        [
            0.12320210039615631,
            0.05949029698967934,
            0.07582134753465652
        ],
        [
            0.12724244594573975,
            0.06296740472316742,
            0.07657540589570999
        ],
        [
            0.1315913200378418,
            0.06125219166278839,
            0.07261033356189728
        ],
        [
            0.12270193547010422,
            0.05783424898982048,
            0.08182147145271301
        ],
        [
            0.12644372880458832,
            0.062016602605581284,
            0.08295661211013794
        ],
        [
            0.15436647832393646,
            0.06564272195100784,
            0.07786073535680771
        ],
        [
            0.15406587719917297,
            0.06615869700908661,
            0.08548576384782791
        ],
        [
            0.1462635099887848,
            0.051945097744464874,
            0.0833662897348404
        ],
        [
            0.147149920463562,
            0.05507730320096016,
            0.07607226073741913
        ],
        [
            0.1257011890411377,
            -0.0014215968549251556,
            0.025923680514097214
        ],
        [
            0.13132382929325104,
            -0.0018089450895786285,
            0.016197137534618378
        ],
        [
            0.14258134365081787,
            0.005631100386381149,
            0.02409813180565834
        ],
        [
            0.15490634739398956,
            0.01200990192592144,
            0.032178305089473724
        ],
        [
            0.16509276628494263,
            0.019287193194031715,
            0.03990154340863228
        ],
        [
            0.16031748056411743,
            0.018183894455432892,
            0.051244016736745834
        ],
        [
            0.14519132673740387,
            0.0052734240889549255,
            0.016100965440273285
        ],
        [
            0.14298482239246368,
            0.04673727601766586,
            0.07449213415384293
        ],
        [
            0.14108914136886597,
            0.04254010319709778,
            0.08133556693792343
        ],
        [
            0.14389613270759583,
            0.04137853905558586,
            0.07696255296468735
        ],
        [
            0.12778431177139282,
            0.03352496027946472,
            0.016297634690999985
        ],
        [
            0.13685590028762817,
            0.07567440718412399,
            0.08563414961099625
        ],
        [
            0.0812862366437912,
            -0.006336495280265808,
            0.027792170643806458
        ],
        [
            0.09196240454912186,
            -0.013187941163778305,
            0.02255813404917717
        ],
        [
            0.09540408104658127,
            -0.007678698748350143,
            0.028566554188728333
        ],
        [
            0.0833052545785904,
            0.0010057128965854645,
            0.034081537276506424
        ],
        [
            0.140546053647995,
            0.07483653724193573,
            0.07430057972669601
        ],
        [
            0.13667406141757965,
            0.07618863880634308,
            0.079274982213974
        ],
        [
            0.1582360416650772,
            0.04272058978676796,
            0.03445085883140564
        ],
        [
            0.15982943773269653,
            0.04435599967837334,
            0.03891292214393616
        ],
        [
            0.16198977828025818,
            0.04326486214995384,
            0.037115853279829025
        ],
        [
            0.16196057200431824,
            0.04316996783018112,
            0.03204985707998276
        ],
        [
            0.1328309178352356,
            -0.0018642991781234741,
            0.010283537209033966
        ],
        [
            0.17062224447727203,
            0.030276089906692505,
            0.018253648653626442
        ],
        [
            0.1712387204170227,
            0.0239117369055748,
            0.02948029711842537
        ],
        [
            0.12149570882320404,
            -0.008259627968072891,
            0.00984790176153183
        ],
        [
            0.11669503152370453,
            -0.008596457540988922,
            0.01844523474574089
        ],
        [
            0.11069171130657196,
            -0.013915590941905975,
            0.012697987258434296
        ],
        [
            0.1556793600320816,
            0.026917800307273865,
            0.06273897737264633
        ],
        [
            0.12262962013483047,
            0.0007090158760547638,
            0.03386903926730156
        ],
        [
            0.11324258148670197,
            -0.006566699594259262,
            0.025068383663892746
        ],
        [
            0.10592655837535858,
            -0.012825332581996918,
            0.018502674996852875
        ],
        [
            0.1013835221529007,
            -0.017978884279727936,
            0.013641636818647385
        ],
        [
            0.10703833401203156,
            -0.018558822572231293,
            0.007740125060081482
        ],
        [
            0.15002688765525818,
            0.06851168721914291,
            0.0898139625787735
        ],
        [
            0.15689373016357422,
            0.07158415019512177,
            0.084952712059021
        ],
        [
            0.1035057082772255,
            -0.025273475795984268,
            0.0025818608701229095
        ],
        [
            0.0970652848482132,
            -0.023773539811372757,
            0.009166721254587173
        ],
        [
            0.10801383852958679,
            -0.0036567337810993195,
            0.03218666836619377
        ],
        [
            0.10089851915836334,
            0.0013381913304328918,
            0.040035538375377655
        ],
        [
            0.11720822751522064,
            0.0034898370504379272,
            0.040297411382198334
        ],
        [
            0.11107237637042999,
            0.008651673793792725,
            0.04884538799524307
        ],
        [
            0.14979174733161926,
            0.023396870121359825,
            0.07218969613313675
        ],
        [
            0.160353884100914,
            0.08810704946517944,
            0.07595398277044296
        ],
        [
            0.15902338922023773,
            0.07681751251220703,
            0.07812847197055817
        ],
        [
            0.15536658465862274,
            0.07616588473320007,
            0.07347129285335541
        ],
        [
            0.15908131003379822,
            0.08660133183002472,
            0.07208790630102158
        ],
        [
            0.15660324692726135,
            0.07056468725204468,
            0.07772436738014221
        ],
        [
            0.15810571610927582,
            0.07742542028427124,
            0.08394966274499893
        ],
        [
            0.10110613703727722,
            0.01780414953827858,
            0.05583857744932175
        ],
        [
            0.14117951691150665,
            0.0528811551630497,
            0.06894739717245102
        ],
        [
            0.08769924938678741,
            0.013568077236413956,
            0.04568152129650116
        ],
        [
            0.09505084902048111,
            0.03154201805591583,
            0.06359966844320297
        ],
        [
            0.08508898317813873,
            0.03089667670428753,
            0.054839976131916046
        ],
        [
            0.07317154109477997,
            0.011471733450889587,
            0.03504342958331108
        ],
        [
            0.07384095340967178,
            0.027183514088392258,
            0.04361236095428467
        ],
        [
            0.06991003453731537,
            -0.0033158324658870697,
            0.02307955175638199
        ],
        [
            0.07292401790618896,
            0.0029638446867465973,
            0.029050718992948532
        ],
        [
            0.07848261296749115,
            0.04266321659088135,
            0.04914359748363495
        ],
        [
            0.14406068623065948,
            0.08770948648452759,
            0.07311618328094482
        ],
        [
            0.14851117134094238,
            0.0855206698179245,
            0.06971976906061172
        ],
        [
