{
    "pred_cam": [
        7.879720687866211,
        0.0759880542755127,
        -0.07246945798397064
    ],
    "pred_mano_params": {
        "global_orient": [
            [
                [
                    0.44783827662467957,
                    -0.7630653381347656,
                    0.4660172462463379
                ],
                [
                    -0.8508090972900391,
                    -0.5239293575286865,
                    -0.04027197137475014
                ],
                [
                    0.274890273809433,
                    -0.3784564137458801,
                    -0.8838585019111633
                ]
            ]
        ],
        "hand_pose": [
            [
                [
                    0.8695250153541565,
                    -0.4128417670726776,
                    -0.2710866630077362
                ],
                [
                    0.4053820073604584,
                    0.9101170301437378,
                    -0.08574572950601578
                ],
                [
                    0.282120019197464,
                    -0.035335611552000046,
                    0.9587281346321106
                ]
            ],
            [
                [
                    0.8045364022254944,
                    -0.5375794768333435,
                    0.2524469494819641
                ],
                [
                    0.5804433226585388,
                    0.801715075969696,
                    -0.142613023519516
                ],
                [
                    -0.1257247030735016,
                    0.2612685263156891,
                    0.9570434093475342
                ]
            ],
            [
                [
                    0.6627117991447449,
                    -0.7474005222320557,
                    0.04696247726678848
                ],
                [
                    0.7446829676628113,
                    0.6510798335075378,
                    -0.14677301049232483
                ],
                [
                    0.0791219025850296,
                    0.13224036991596222,
                    0.9880546927452087
                ]
            ],
            [
                [
                    0.9575338959693909,
                    -0.22188210487365723,
                    -0.18411126732826233
                ],
                [
                    0.20852965116500854,
                    0.973938524723053,
                    -0.08921400457620621
                ],
                [
                    0.1991080492734909,
                    0.04703279212117195,
                    0.9788481593132019
                ]
            ],
            [
                [
                    0.48747706413269043,
                    -0.8496472239494324,
                    -0.20116081833839417
                ],
                [
                    0.8623084425926208,
                    0.43231117725372314,
                    0.26368770003318787
                ],
                [
                    -0.1370774656534195,
                    -0.3020043969154358,
                    0.9433997273445129
                ]
            ],
            [
                [
                    0.7147759795188904,
                    -0.6890373229980469,
                    -0.11967865377664566
                ],
                [
                    0.6982936859130859,
                    0.7125825881958008,
                    0.06791140139102936
                ],
                [
                    0.03848744556307793,
                    -0.1321122795343399,
                    0.9904873371124268
                ]
            ],
            [
                [
                    0.6139522194862366,
                    -0.5630486607551575,
                    0.5532077550888062
                ],
                [
                    0.4505329728126526,
                    0.8254345059394836,
                    0.340114563703537
                ],
                [
                    -0.6481378078460693,
                    0.04042426496744156,
                    0.7604493498802185
                ]
            ],
            [
                [
                    0.7628467082977295,
                    -0.595151960849762,
                    -0.25270333886146545
                ],
                [
                    0.6352469325065613,
                    0.6170125007629395,
                    0.4644962251186371
                ],
                [
                    -0.12052471935749054,
                    -0.514868438243866,
                    0.8487544059753418
                ]
            ],
            [
                [
                    0.8572399616241455,
                    -0.4684086740016937,
                    0.21385237574577332
                ],
                [
                    0.4045458436012268,
                    0.8696032762527466,
                    0.28307750821113586
                ],
                [
                    -0.31856265664100647,
                    -0.15615230798721313,
                    0.9349514842033386
                ]
            ],
            [
                [
                    0.9318751096725464,
                    -0.34835460782051086,
                    0.10128065943717957
                ],
                [
                    0.3529883623123169,
                    0.9350953698158264,
                    -0.031559158116579056
                ],
                [
                    -0.08371328562498093,
                    0.06516008824110031,
                    0.9943572282791138
                ]
            ],
            [
                [
                    0.6117785573005676,
                    -0.7523850798606873,
                    -0.24422062933444977
                ],
                [
                    0.7713869214057922,
                    0.4990684986114502,
                    0.3948327600955963
                ],
                [
                    -0.17518344521522522,
                    -0.42993879318237305,
                    0.885699450969696
                ]
            ],
            [
                [
                    0.6955190300941467,
                    -0.7020775675773621,
                    -0.1527749001979828
                ],
                [
                    0.7170397639274597,
                    0.6646422743797302,
                    0.21001113951206207
                ],
                [
                    -0.045903485268354416,
                    -0.25561246275901794,
                    0.9656888842582703
                ]
            ],
            [
                [
                    0.9984441995620728,
                    -0.049867115914821625,
                    -0.02495008520781994
                ],
                [
                    -0.0028384721372276545,
                    0.40141692757606506,
                    -0.915891170501709
                ],
                [
                    0.055688224732875824,
                    0.9145369529724121,
                    0.40065085887908936
                ]
            ],
            [
                [
                    0.9567866921424866,
                    -0.22335365414619446,
                    -0.18620531260967255
                ],
                [
                    0.2907574772834778,
                    0.744505763053894,
                    0.6009752154350281
                ],
                [
                    0.0044009326957166195,
                    -0.629145622253418,
                    0.7772749662399292
                ]
            ],
            [
                [
                    0.967639684677124,
                    0.24750176072120667,
                    -0.04915635660290718
                ],
                [
                    -0.23535171151161194,
                    0.9554803967475891,
                    0.1779516041278839
                ],
                [
                    0.09101127088069916,
                    -0.16062399744987488,
                    0.9828107357025146
                ]
            ]
        ],
        "betas": [
            -0.006227433681488037,
            -0.058327287435531616,
            -0.06858029961585999,
            0.04637148976325989,
            0.013404101133346558,
            -0.014984022825956345,
            0.11353681981563568,
            -0.08025434613227844,
            0.030157074332237244,
            -0.030883997678756714
        ]
    },
    "pred_cam_t": [
        -0.0759880542755127,
        -0.07246945798397064,
        4.957345962524414
    ],
    "focal_length": [
        5000.0,
        5000.0
    ],
    "pred_keypoints_3d": [
        [
            0.09580633044242859,
            0.006379025988280773,
            0.006201041862368584
        ],
        [
            0.10887926816940308,
            0.03395473212003708,
            -0.01732540689408779
        ],
        [
            0.12031823396682739,
            0.06199488788843155,
            -0.022926803678274155
        ],
        [
            0.12209205329418182,
            0.08881679177284241,
            -0.026582682505249977
        ],
        [
            0.11848029494285583,
            0.11961069703102112,
            -0.04470660164952278
        ],
        [
            0.06985822319984436,
            0.08335015922784805,
            -0.03426738083362579
        ],
        [
            0.0601842999458313,
            0.11493885517120361,
            -0.0325983501970768
        ],
        [
            0.0699535608291626,
            0.13377952575683594,
            -0.025940999388694763
        ],
        [
            0.08888441324234009,
            0.14030295610427856,
            -0.01061895489692688
        ],
        [
            0.052892446517944336,
            0.08794130384922028,
            -0.016249695792794228
        ],
        [
            0.03763508051633835,
            0.11549175530672073,
            -0.012482493184506893
        ],
        [
            0.051706843078136444,
            0.1310449242591858,
            -0.0023417407646775246
        ],
        [
            0.07493355125188828,
            0.1351991444826126,
            0.0072279321029782295
        ],
        [
            0.049722760915756226,
            0.07916202396154404,
            0.008798647671937943
        ],
        [
            0.042173806577920914,
            0.10692773014307022,
            0.006387570407241583
        ],
        [
            0.05841093882918358,
            0.12247283011674881,
            0.01689664088189602
        ],
        [
            0.0816722959280014,
            0.12408633530139923,
            0.02661377191543579
        ],
        [
            0.05239888280630112,
            0.07194282859563828,
            0.029203366488218307
        ],
        [
            0.05438844859600067,
            0.09291267395019531,
            0.027503851801156998
        ],
        [
            0.06877624988555908,
            0.10330959409475327,
            0.034196637570858
        ],
        [
            0.08647847175598145,
            0.10549764335155487,
            0.037199318408966064
        ]
    ],
    "pred_vertices": [
        [
            0.09420943260192871,
            0.057422127574682236,
            -0.015534060075879097
        ],
        [
            0.09913156926631927,
            0.04928659647703171,
            -0.011387785896658897
        ],
        [
            0.10258513689041138,
            0.05757893994450569,
            -0.01477496512234211
        ],
        [
            0.09757490456104279,
            0.06405985355377197,
            -0.021006960421800613
        ],
        [
            0.11723791062831879,
            0.04549898952245712,
            -0.003133058547973633
        ],
        [
            0.12615957856178284,
            0.039382290095090866,
            -0.008088715374469757
        ],
        [
            0.1283772587776184,
            0.055165473371744156,
            -0.011836277320981026
        ],
        [
            0.1212613582611084,
            0.05839872732758522,
            -0.005946069955825806
        ],
        [
            0.09944073110818863,
            0.06916344910860062,
            -0.02560221217572689
        ],
        [
            0.10576660931110382,
            0.0646597221493721,
            -0.0170745886862278
        ],
        [
            0.10024305433034897,
            0.069074347615242,
            -0.02834278903901577
        ],
        [
            0.08897043019533157,
            0.06941086053848267,
            -0.039167724549770355
        ],
        [
            0.09139174222946167,
            0.07159119844436646,
            -0.03349148482084274
        ],
        [
            0.08117596805095673,
            0.07265783846378326,
            -0.042830780148506165
        ],
        [
            0.08599657565355301,
            0.05938876420259476,
            -0.042349185794591904
        ],
        [
            0.0729769617319107,
            0.06777431815862656,
            -0.043561697006225586
        ],
        [
            0.06527454406023026,
            0.04461652785539627,
            -0.025461137294769287
        ],
        [
            0.060044385492801666,
            0.041475601494312286,
            -0.013050580397248268
        ],
        [
            0.052650563418865204,
            0.05597962066531181,
            -0.015504444018006325
        ],
        [
            0.05903984233736992,
            0.058259714394807816,
            -0.02748166210949421
        ],
        [
            0.05173627659678459,
            0.049683213233947754,
            0.004223628900945187
        ],
        [
            0.051544345915317535,
            0.05383162572979927,
            -0.0067435805685818195
        ],
        [
            0.05822201445698738,
            0.03865627944469452,
            -0.004677784163504839
        ],
        [
            0.058263152837753296,
            0.03570549562573433,
            0.005130397621542215
        ],
        [
            0.08951836079359055,
            0.04882030561566353,
            -0.002305286005139351
        ],
        [
            0.0946485698223114,
            0.040228381752967834,
            0.0011017024517059326
        ],
        [
            0.09551158547401428,
            0.04246349632740021,
            -0.004765531048178673
        ],
        [
            0.09121306240558624,
            0.05078925937414169,
            -0.0075330063700675964
        ],
        [
            0.10997185856103897,
            0.0692567229270935,
            -0.03132088482379913
        ],
        [
            0.10453254729509354,
            0.057694919407367706,
            -0.03783672675490379
        ],
        [
            0.10030986368656158,
            0.06380976736545563,
            -0.03481924906373024
        ],
        [
            0.10906678438186646,
            0.071979820728302,
            -0.026341348886489868
        ],
        [
            0.10859182476997375,
            0.021796800196170807,
            0.019707132130861282
        ],
        [
            0.11045446991920471,
            0.00842282921075821,
            0.018624473363161087
        ],
        [
            0.11231355369091034,
            0.008463993668556213,
            0.013004852458834648
        ],
        [
            0.10970253497362137,
            0.020488619804382324,
            0.014915857464075089
        ],
        [
            0.12113422900438309,
            0.018007278442382812,
            -0.0037693530321121216
        ],
        [
            0.11903861165046692,
            0.007734738290309906,
            -0.0035490132868289948
        ],
        [
            0.11910735070705414,
            -0.0006639361381530762,
            -0.01390579529106617
        ],
        [
            0.12033979594707489,
            0.0092562735080719,
            -0.01712450012564659
        ],
        [
            0.12350335717201233,
            0.029145359992980957,
            -0.005871832370758057
        ],
        [
            0.12537114322185516,
            0.021807625889778137,
            -0.017343783751130104
        ],
        [
            0.12858083844184875,
            0.034302718937397,
            -0.017958074808120728
        ],
        [
            0.1302875578403473,
            0.0518667995929718,
            -0.02025246061384678
        ],
        [
            0.10384757816791534,
            0.006692677736282349,
            0.029491044580936432
        ],
        [
            0.10199505090713501,
            0.016394861042499542,
            0.03209931403398514
        ],
        [
            0.07251054793596268,
            0.11639294028282166,
            -0.03207170590758324
        ],
        [
            0.0710693895816803,
            0.11656524986028671,
            -0.026279104873538017
        ],
        [
            0.07169963419437408,
            0.11312074959278107,
            -0.02710142359137535
        ],
        [
            0.07265210151672363,
            0.1138310357928276,
            -0.03282105177640915
        ],
        [
            0.08401788771152496,
            0.0055232420563697815,
            0.033456385135650635
        ],
        [
            0.0761801153421402,
            0.0015592500567436218,
            0.02847469598054886
        ],
        [
            0.08016444742679596,
            -0.003997102379798889,
            0.031002609059214592
        ],
        [
            0.08842286467552185,
            -0.0006066262722015381,
            0.03398469462990761
        ],
        [
            0.07828843593597412,
            0.013670876622200012,
            0.032696254551410675
        ],
        [
            0.07132221013307571,
            0.00962088257074356,
            0.024760708212852478
        ],
        [
            0.06285712867975235,
            0.12124121934175491,
            -0.03921743482351303
        ],
        [
            0.06785895675420761,
            0.11990030854940414,
            -0.03898089379072189
        ],
        [
            0.06597203016281128,
            0.11592797189950943,
            -0.04035409912467003
        ],
        [
            0.06085136532783508,
            0.11598360538482666,
            -0.039748042821884155
        ],
        [
            0.09195160120725632,
            0.06987591832876205,
            -0.026597287505865097
        ],
        [
            0.09009870141744614,
            0.06551143527030945,
            -0.01852649822831154
        ],
        [
            0.0814591646194458,
            0.08368159085512161,
            -0.03018331713974476
        ],
        [
            0.0836687982082367,
            0.07596440613269806,
            -0.024961305782198906
        ],
        [
            0.0863993912935257,
            0.07537918537855148,
            -0.03163239732384682
        ],
        [
            0.08302445709705353,
            0.08127793669700623,
            -0.03583327308297157
        ],
        [
            0.07650991529226303,
            0.06755302101373672,
            -0.0038301441818475723
        ],
        [
            0.08221383392810822,
            0.057434163987636566,
            -0.0018144557252526283
        ],
        [
            0.08367277681827545,
            0.059894073754549026,
            -0.007871479727327824
        ],
        [
            0.07869341224431992,
            0.07147350162267685,
            -0.01123412698507309
        ],
        [
            0.08007359504699707,
            0.055617574602365494,
            0.012094337493181229
        ],
        [
            0.07427974045276642,
            0.06552091985940933,
            0.00882335752248764
        ],
        [
            0.07369053363800049,
            0.0633283257484436,
            0.017108196392655373
        ],
        [
            0.07872112840414047,
            0.057153794914484024,
            0.018317196518182755
        ],
        [
            0.06494463980197906,
            0.08261620998382568,
            6.602425128221512e-05
        ],
        [
            0.05964303016662598,
            0.08824119716882706,
            -0.0024801630061119795
        ],
        [
            0.05868527665734291,
            0.08810105174779892,
            0.0006015878170728683
        ],
        [
            0.06388261169195175,
            0.08137639611959457,
            0.003474118188023567
        ],
        [
            0.08341671526432037,
            -0.010069161653518677,
            0.032664887607097626
        ],
        [
            0.09256340563297272,
            -0.006577439606189728,
            0.0335119254887104
        ],
        [
            0.05287203937768936,
            0.04601272940635681,
            0.02545059472322464
        ],
        [
            0.0594768151640892,
            0.04455900192260742,
            0.034302979707717896
        ],
        [
            0.05248299241065979,
            0.05641419440507889,
            0.03541204705834389
        ],
        [
            0.0470120869576931,
            0.05457032844424248,
            0.02550296112895012
        ],
        [
            0.07186027616262436,
            6.636232137680054e-05,
            0.019134772941470146
        ],
        [
            0.07421038299798965,
            -0.006214961409568787,
            0.023187847808003426
        ],
        [
            0.05796067416667938,
            0.12203070521354675,
            -0.03559291735291481
        ],
        [
            0.05649314075708389,
            0.11619330942630768,
            -0.0355849452316761
        ],
        [
            0.1221405416727066,
            0.02793000638484955,
            -0.028888363391160965
        ],
        [
            0.12696048617362976,
            0.049183230847120285,
            -0.02913650870323181
        ],
        [
            0.11674399673938751,
            0.012706413865089417,
            -0.026521775871515274
        ],
        [
            0.11208565533161163,
            0.0026970505714416504,
            -0.023597080260515213
        ],
        [
            0.1110314130783081,
            -0.005994223058223724,
            -0.021279770880937576
        ],
        [
            0.07959404587745667,
            0.07886237651109695,
            -0.020395852625370026
        ],
        [
            0.08825656771659851,
            0.059141840785741806,
            -0.011801222339272499
        ],
        [
            0.0883813425898552,
            0.04764661192893982,
            0.002666980028152466
        ],
        [
            0.08272410929203033,
            0.04857141152024269,
            0.033048391342163086
        ],
        [
            0.0886077731847763,
            0.03986947983503342,
            0.03457525745034218
        ],
        [
            0.09046275168657303,
            0.04445236921310425,
            0.025068724527955055
        ],
        [
            0.08440153300762177,
            0.05082562193274498,
            0.025492629036307335
        ],
        [
            0.06694576144218445,
            0.04896373301744461,
            0.03894120454788208
        ],
        [
            0.07265417277812958,
            0.054155874997377396,
            0.036502860486507416
        ],
        [
            0.06704162061214447,
            0.061589762568473816,
            0.0357457734644413
        ],
        [
            0.060585711151361465,
            0.058320220559835434,
            0.03860356658697128
        ],
        [
            0.11557400226593018,
            0.06740046292543411,
            -0.03590356186032295
        ],
        [
            0.11008243262767792,
            0.05282074958086014,
            -0.039678044617176056
        ],
        [
            0.09346945583820343,
            0.010051682591438293,
            0.035015933215618134
        ],
        [
            0.09757956862449646,
            0.003694668412208557,
            0.033075522631406784
        ],
        [
            0.09987284988164902,
            -0.00442071259021759,
            0.03206557780504227
        ],
        [
            0.10245585441589355,
            0.0311884842813015,
            0.009306933730840683
        ],
        [
            0.11052833497524261,
            0.019625134766101837,
            0.011591814458370209
        ],
        [
            0.11169487982988358,
            0.020725615322589874,
            0.007600083947181702
        ],
        [
            0.101895272731781,
            0.03129328414797783,
            0.005509551614522934
        ],
        [
            0.10459598898887634,
            0.04194450005888939,
            -0.0043954998254776
        ],
        [
            0.11385607719421387,
            0.03337354585528374,
            -0.0002585574984550476
        ],
        [
            0.10788007080554962,
            0.052295487374067307,
            -0.005870535969734192
        ],
        [
            0.1155155748128891,
            0.006974793970584869,
            0.0057030245661735535
        ],
        [
            0.1159401386976242,
            -0.0011743009090423584,
            0.013069408014416695
        ],
        [
            0.11844335496425629,
            -0.0019329488277435303,
            0.004576675593852997
        ],
        [
            0.1113259345293045,
            -0.0019405186176300049,
            0.021682824939489365
        ],
        [
            0.10585026443004608,
            -0.002942398190498352,
            0.02864042855799198
        ],
        [
            0.07474107295274734,
            -0.014342173933982849,
            0.025628486648201942
        ],
        [
            0.11923269927501678,
            -0.002360038459300995,
            -0.0036828890442848206
        ],
        [
            0.12345671653747559,
            0.06711224466562271,
            -0.010324059054255486
        ],
        [
            0.12503115832805634,
            0.07476070523262024,
            -0.014575476758182049
        ],
        [
            0.11787174642086029,
            0.07540784031152725,
            -0.014061752706766129
        ],
        [
            0.11572738736867905,
            0.0687837153673172,
            -0.010813901200890541
        ],
        [
            0.07392087578773499,
            0.07909677922725677,
            -0.0449243001639843
        ],
        [
            0.08033664524555206,
            0.08119253814220428,
            -0.04128725826740265
        ],
        [
            0.0863829106092453,
            0.0740450918674469,
            -0.03855450451374054
        ],
        [
            0.10213790833950043,
            0.030868258327245712,
            0.023172587156295776
        ],
        [
            0.09698504209518433,
            0.02593860775232315,
            0.03361140936613083
        ],
        [
            0.0771222934126854,
            0.08639653027057648,
            -0.02581234648823738
        ],
        [
            0.05948459357023239,
            0.11137588322162628,
            -0.04068077355623245
        ],
        [
            0.06537091732025146,
            0.11157963424921036,
            -0.04151686280965805
        ],
        [
            0.06862372159957886,
            0.09429015964269638,
            -0.044085126370191574
        ],
        [
            0.0617591068148613,
            0.0939880982041359,
            -0.04328549653291702
        ],
        [
            0.06711405515670776,
            0.09195487201213837,
            -0.024732576683163643
        ],
        [
            0.0741765946149826,
            0.09033485502004623,
            -0.02618003822863102
        ],
        [
            0.07208283990621567,
            0.092279352247715,
            -0.025869760662317276
        ],
        [
            0.06655280292034149,
            0.09422772377729416,
            -0.02280844748020172
        ],
        [
            0.05906878784298897,
            0.08450669795274734,
            0.009189479053020477
        ],
        [
            0.0636649876832962,
            0.0784638524055481,
            0.011699646711349487
        ],
        [
            0.05487668886780739,
            0.07363070547580719,
            -0.02755560353398323
        ],
        [
            0.058857571333646774,
            0.07114119827747345,
            -0.04003656655550003
        ],
        [
            0.06516323238611221,
            0.06115137040615082,
            -0.03799133747816086
        ],
        [
            0.07534819841384888,
            0.06551417708396912,
            0.003273322246968746
        ],
        [
            0.0700278952717781,
            0.07469718903303146,
            0.002265788149088621
        ],
        [
            0.06897161900997162,
            0.07384838163852692,
            0.006233811378479004
        ],
        [
            0.07592938840389252,
            0.08161554485559464,
            -0.018426230177283287
        ],
        [
            0.07249220460653305,
            0.08761067688465118,
            -0.02178099751472473
        ],
        [
            0.07104998826980591,
            0.08543740957975388,
            -0.017313668504357338
        ],
        [
            0.07435647398233414,
            0.07933416962623596,
            -0.01358372624963522
        ],
        [
            0.06545612215995789,
            0.03263188153505325,
            0.03393643721938133
        ],
        [
            0.07407289743423462,
            0.03787339851260185,
            0.03976081311702728
        ],
        [
            0.07138002663850784,
            0.11789073050022125,
            -0.0365469753742218
        ],
        [
            0.07049249112606049,
            0.11492447555065155,
            -0.03772348165512085
        ],
        [
            0.08097124099731445,
            0.055634018033742905,
            0.0050956252962350845
        ],
        [
            0.07248598337173462,
            0.04911419376730919,
            -0.03454821556806564
        ],
        [
            0.08746402710676193,
            0.04666833207011223,
            0.008053261786699295
        ],
        [
            0.04593583941459656,
            0.0691387802362442,
            0.013363590463995934
        ],
        [
            0.04985801875591278,
            0.07370573282241821,
            0.01815352588891983
        ],
        [
            0.0483422726392746,
            0.0796162560582161,
            0.015963079407811165
        ],
        [
            0.04366038367152214,
            0.07754497230052948,
            0.012417268007993698
        ],
        [
            0.06278157979249954,
            0.10820546746253967,
            -0.021177975460886955
        ],
        [
            0.0682535395026207,
            0.10928257554769516,
            -0.022461842745542526
        ],
        [
            0.06781338155269623,
            0.11289100348949432,
            -0.02221043035387993
        ],
        [
            0.06202166900038719,
            0.11333083361387253,
            -0.02096564508974552
        ],
        [
            0.07796873897314072,
            0.0894618108868599,
            -0.030623512342572212
        ],
        [
            0.07967595010995865,
            0.08797720819711685,
            -0.036641184240579605
        ],
        [
            0.0770723819732666,
            0.09384653717279434,
            -0.03545833379030228
        ],
        [
            0.07503154128789902,
            0.0934753268957138,
            -0.029889550060033798
        ],
        [
            0.07613612711429596,
            0.08791050314903259,
            -0.04193641617894173
        ],
        [
            0.07420938462018967,
            0.09394142031669617,
            -0.04111230745911598
        ],
        [
            0.056782860308885574,
            0.10820802301168442,
            -0.02362915873527527
        ],
        [
            0.05342436209321022,
            0.10939773917198181,
            -0.030261319130659103
        ],
        [
            0.05500689521431923,
            0.0931684747338295,
            -0.031239617615938187
        ],
        [
            0.05931254103779793,
            0.0953303799033165,
            -0.024921298027038574
        ],
        [
            0.06366632878780365,
            0.021649599075317383,
            0.005656101740896702
        ],
        [
            0.06374778598546982,
            0.020793728530406952,
            0.016784358769655228
        ],
        [
            0.0581669956445694,
            0.03474351018667221,
            0.01654784008860588
        ],
        [
            0.05156467482447624,
            0.04789667949080467,
            0.016605423763394356
        ],
        [
            0.04650937020778656,
            0.06078377738595009,
            0.015942705795168877
        ],
        [
            0.045378345996141434,
            0.06074651703238487,
            0.00394730968400836
        ],
        [
            0.05943324416875839,
            0.03313596919178963,
            0.02446088194847107
        ],
        [
            0.05794462561607361,
            0.08740158379077911,
            -0.0250948965549469
        ],
        [
            0.05674007534980774,
            0.08224126696586609,
            -0.03162289038300514
        ],
        [
            0.05453101173043251,
            0.08149012923240662,
            -0.026814887300133705
        ],
        [
            0.08714677393436432,
            0.04697604104876518,
            0.01551479659974575
        ],
        [
            0.07028018683195114,
            0.11133833229541779,
            -0.03923124819993973
        ],
        [
            0.08904055505990982,
            -0.003703303635120392,
            -0.020164888352155685
        ],
        [
            0.07985097169876099,
            -0.00553729385137558,
            -0.010197707451879978
        ],
        [
            0.07849247753620148,
            0.002597630023956299,
            -0.01319209299981594
        ],
        [
            0.0897134393453598,
            0.005276881158351898,
            -0.024131406098604202
        ],
        [
            0.07266144454479218,
            0.11025993525981903,
            -0.027744071558117867
        ],
        [
            0.07374314963817596,
            0.11082824319601059,
            -0.03393163904547691
        ],
        [
            0.06164266914129257,
            0.07860817760229111,
            0.018039897084236145
        ],
        [
            0.057305920869112015,
            0.0837324932217598,
            0.014644771814346313
        ],
        [
            0.05380262807011604,
            0.08372116833925247,
            0.01638146862387657
        ],
        [
            0.05817905440926552,
            0.08058807253837585,
            0.022106602787971497
        ],
        [
            0.06516565382480621,
            0.01947198063135147,
            0.022426456212997437
        ],
        [
            0.05037636309862137,
            0.06598211824893951,
            0.035572029650211334
        ],
        [
            0.04502669349312782,
            0.06316397339105606,
            0.027091510593891144
        ],
        [
            0.06862318515777588,
            0.008635491132736206,
            0.016564344987273216
        ],
        [
            0.0680268332362175,
            0.008967794477939606,
            0.0067861308343708515
        ],
        [
            0.0710594579577446,
            -0.00017389655113220215,
            0.008188680745661259
        ],
        [
            0.0465797558426857,
            0.06968779861927032,
            -0.008670422248542309
        ],
        [
            0.06363707035779953,
            0.02452707290649414,
            -0.0025400351732969284
        ],
        [
            0.0688161551952362,
            0.011140026152133942,
            -0.0005387971177697182
        ],
        [
            0.07246875762939453,
            0.00030235201120376587,
            0.0007798885926604271
        ],
        [
            0.07434971630573273,
            -0.007673569023609161,
            0.002237352542579174
        ],
        [
            0.07274674624204636,
            -0.007323600351810455,
            0.010246222838759422
        ],
        [
            0.05531837418675423,
            0.11065015196800232,
            -0.035928260535001755
        ],
        [
            0.053666114807128906,
            0.11596943438053131,
            -0.029281791299581528
        ],
        [
            0.07310976833105087,
            -0.016109056770801544,
            0.012473244220018387
        ],
        [
            0.07552074640989304,
            -0.015890300273895264,
            0.0034897271543741226
        ],
        [
            0.07112949341535568,
            0.013312585651874542,
            -0.00920490175485611
        ],
        [
            0.07583595812320709,
            0.016567856073379517,
            -0.01958417147397995
        ],
        [
            0.06620673090219498,
            0.02629023790359497,
            -0.010697387158870697
        ],
        [
            0.07003438472747803,
            0.03043278306722641,
            -0.021057676523923874
        ],
        [
            0.04780831187963486,
            0.0663263201713562,
            -0.01863696053624153
        ],
        [
            0.06108972802758217,
            0.13245506584644318,
            -0.02292945794761181
        ],
        [
            0.05670603737235069,
            0.1215067058801651,
            -0.02374882623553276
        ],
        [
            0.061319805681705475,
            0.11905466020107269,
            -0.021123677492141724
        ],
        [
            0.06284143030643463,
            0.12991105020046234,
            -0.019690759479999542
        ],
        [
            0.05668564513325691,
            0.11439265310764313,
            -0.023273099213838577
        ],
        [
            0.05528148263692856,
            0.12211059033870697,
            -0.029280589893460274
        ],
        [
            0.0801539495587349,
            0.03558856621384621,
            -0.03226618096232414
        ],
        [
            0.06578292697668076,
            0.09111973643302917,
            -0.020239556208252907
        ],
        [
            0.090535469353199,
            0.02178732305765152,
            -0.031182264909148216
        ],
        [
            0.09130805730819702,
            0.04679378867149353,
            -0.04158768057823181
        ],
        [
            0.10114595293998718,
            0.03762242570519447,
            -0.03935902193188667
        ],
        [
            0.10276678204536438,
            0.008420713245868683,
            -0.029851604253053665
        ],
        [
            0.11003099381923676,
            0.02396884560585022,
            -0.0356169268488884
        ],
        [
            0.10037504881620407,
            -0.008763812482357025,
            -0.022340981289744377
        ],
        [
            0.09985193610191345,
            -0.0003405138850212097,
            -0.02545330300927162
        ],
        [
            0.11704643815755844,
            0.04093429818749428,
            -0.0369260311126709
        ],
        [
            0.07504928112030029,
