{
    "pred_cam": [
        3.7594785690307617,
        -0.012361172586679459,
        -0.036086391657590866
    ],
    "pred_mano_params": {
        "global_orient": [
            [
                [
                    0.9756218791007996,
                    -0.21943537890911102,
                    -0.00317928334698081
                ],
                [
                    -0.16370069980621338,
                    -0.7180211544036865,
                    -0.676496684551239
                ],
                [
                    0.14616447687149048,
                    0.660525381565094,
                    -0.7364388704299927
                ]
            ]
        ],
        "hand_pose": [
            [
                [
                    0.9159647226333618,
                    -0.27336350083351135,
                    -0.2937363088130951
                ],
                [
                    0.290152370929718,
                    0.9568739533424377,
                    0.014281432144343853
                ],
                [
                    0.2771645784378052,
                    -0.09830958396196365,
                    0.9557798504829407
                ]
            ],
            [
                [
                    0.9934589266777039,
                    0.10266979038715363,
                    -0.049981147050857544
                ],
                [
                    -0.10932454466819763,
                    0.9815813302993774,
                    -0.15667228400707245
                ],
                [
                    0.03297504410147667,
                    0.16111166775226593,
                    0.9863850474357605
                ]
            ],
            [
                [
                    0.9793667793273926,
                    -0.13764412701129913,
                    0.14796912670135498
                ],
                [
                    0.1716117113828659,
                    0.9531148672103882,
                    -0.24924178421497345
                ],
                [
                    -0.10672490298748016,
                    0.26949232816696167,
                    0.9570704102516174
                ]
            ],
            [
                [
                    0.9376528263092041,
                    -0.30527985095977783,
                    0.16616672277450562
                ],
                [
                    0.3381477892398834,
                    0.91180419921875,
                    -0.23295730352401733
                ],
                [
                    -0.08039434999227524,
                    0.27462199330329895,
                    0.9581854939460754
                ]
            ],
            [
                [
                    0.9777474403381348,
                    0.2069716602563858,
                    -0.03424429893493652
                ],
                [
                    -0.1890924572944641,
                    0.9401745200157166,
                    0.2834005355834961
                ],
                [
                    0.09085150808095932,
                    -0.2706187963485718,
                    0.9583899974822998
                ]
            ],
            [
                [
                    0.9359347820281982,
                    -0.06848424673080444,
                    0.3454505503177643
                ],
                [
                    0.07800338417291641,
                    0.9968588352203369,
                    -0.01371224969625473
                ],
                [
                    -0.34342631697654724,
                    0.039780061691999435,
                    0.9383368492126465
                ]
            ],
            [
                [
                    0.7694692611694336,
                    -0.11771432310342789,
                    0.6277422308921814
                ],
                [
                    0.1982877105474472,
                    0.978330135345459,
                    -0.05959903448820114
                ],
                [
                    -0.6071235537528992,
                    0.17033320665359497,
                    0.7761362791061401
                ]
            ],
            [
                [
                    0.9759300351142883,
                    0.03416327014565468,
                    -0.21539106965065002
                ],
                [
                    -0.03880930319428444,
                    0.9990955591201782,
                    -0.017376748844981194
                ],
                [
                    0.21460260450839996,
                    0.02531767077744007,
                    0.9763731956481934
                ]
            ],
            [
                [
                    0.9568400979042053,
                    0.07907825708389282,
                    0.27964913845062256
                ],
                [
                    -0.17440779507160187,
                    0.9259696006774902,
                    0.3349062502384186
                ],
                [
                    -0.2324627935886383,
                    -0.3692246973514557,
                    0.899796724319458
                ]
            ],
            [
                [
                    0.9086738228797913,
                    -0.20574213564395905,
                    0.3632934093475342
                ],
                [
                    0.2726268768310547,
                    0.951420783996582,
                    -0.14308419823646545
                ],
                [
                    -0.3162064552307129,
                    0.22906039655208588,
                    0.9206219911575317
                ]
            ],
            [
                [
                    0.9735710024833679,
                    0.1744956076145172,
                    -0.1473456621170044
                ],
                [
                    -0.12868276238441467,
                    0.9521250128746033,
                    0.27730605006217957
                ],
                [
                    0.18868018686771393,
                    -0.2510162889957428,
                    0.9494158625602722
                ]
            ],
            [
                [
                    0.8687459230422974,
                    -0.1820971667766571,
                    0.46056607365608215
                ],
                [
                    0.10660787671804428,
                    0.9769091606140137,
                    0.1851574331521988
                ],
                [
                    -0.4836478531360626,
                    -0.11175480484962463,
                    0.8680988550186157
                ]
            ],
            [
                [
                    0.7735995054244995,
                    0.25130489468574524,
                    -0.5817127227783203
                ],
                [
                    -0.6236505508422852,
                    0.4645831882953644,
                    -0.6286671757698059
                ],
                [
                    0.11226678639650345,
                    0.8491220474243164,
                    0.5161277651786804
                ]
            ],
            [
                [
                    0.8289453387260437,
                    -0.5539999008178711,
                    -0.0770304948091507
                ],
                [
                    0.5035108327865601,
                    0.679137110710144,
                    0.534087598323822
                ],
                [
                    -0.2435702532529831,
                    -0.48151513934135437,
                    0.8419125080108643
                ]
            ],
            [
                [
                    0.9881584048271179,
                    0.14095938205718994,
                    -0.060609444975852966
                ],
                [
                    -0.15063820779323578,
                    0.8161279559135437,
                    -0.5578919053077698
                ],
                [
                    -0.029175033792853355,
                    0.5604156255722046,
                    0.8276975750923157
                ]
            ]
        ],
        "betas": [
            -0.09447896480560303,
            -0.15379005670547485,
            0.07626619935035706,
            -0.04391929507255554,
            -0.012443333864212036,
            -0.040631331503391266,
            -0.024677276611328125,
            0.08031828701496124,
            0.022075101733207703,
            0.030824393033981323
        ]
    },
    "pred_cam_t": [
        -0.012361172586679459,
        -0.036086391657590866,
        10.390403747558594
    ],
    "focal_length": [
        5000.0,
        5000.0
    ],
    "pred_keypoints_3d": [
        [
            0.09603716433048248,
            0.006422579288482666,
            0.0062386877834796906
        ],
        [
            0.07584027945995331,
            0.003981022164225578,
            -0.02671240270137787
        ],
        [
            0.048184674233198166,
            0.0029260506853461266,
            -0.04048832878470421
        ],
        [
            0.023658685386180878,
            0.009639834985136986,
            -0.050086602568626404
        ],
        [
            -0.0069605521857738495,
            0.02210385724902153,
            -0.06551183760166168
        ],
        [
            0.010959818959236145,
            0.010629481635987759,
            -0.025342028588056564
        ],
        [
            -0.01872624270617962,
            0.02483351156115532,
            -0.028378065675497055
        ],
        [
            -0.03739186376333237,
            0.036918673664331436,
            -0.029545966535806656
        ],
        [
            -0.058777060359716415,
            0.050573959946632385,
            -0.03413211181759834
        ],
        [
            0.0037288740277290344,
            0.025392359122633934,
            -0.00613023154437542
        ],
        [
            -0.02470356598496437,
            0.03749033063650131,
            -0.014021770097315311
        ],
        [
            -0.045937493443489075,
            0.04642580449581146,
            -0.01818716712296009
        ],
        [
            -0.07023005932569504,
            0.047555163502693176,
            -0.027542049065232277
        ],
        [
            0.016908176243305206,
            0.040892452001571655,
            0.011427280493080616
        ],
        [
            -0.009484730660915375,
            0.04588475823402405,
            0.00040474068373441696
        ],
        [
            -0.031901463866233826,
            0.05588182806968689,
            -0.003899086732417345
        ],
        [
            -0.05413586273789406,
            0.05589435249567032,
            -0.015463151037693024
        ],
        [
            0.030933737754821777,
            0.0543225035071373,
            0.02163923718035221
        ],
        [
            0.010894138365983963,
            0.05919177085161209,
            0.016368504613637924
        ],
        [
            -0.007108423858880997,
            0.0651678666472435,
            0.014207306317985058
        ],
        [
            -0.027382658794522285,
            0.06652384996414185,
            0.007334435358643532
        ]
    ],
    "pred_vertices": [
        [
            0.05207858979701996,
            0.014152741059660912,
            -0.022644275799393654
        ],
        [
            0.0630112737417221,
            0.013247591443359852,
            -0.020460793748497963
        ],
        [
            0.05469760298728943,
            0.011654717847704887,
            -0.025453798472881317
        ],
        [
            0.046468332409858704,
            0.011592267081141472,
            -0.028799915686249733
        ],
        [
            0.0685950219631195,
            0.020177200436592102,
            -0.03326418250799179
        ],
        [
            0.07505329698324203,
            0.015348163433372974,
            -0.042553920298814774
        ],
        [
            0.057613421231508255,
            0.014785673469305038,
            -0.04737650603055954
        ],
        [
            0.055008336901664734,
            0.01986848935484886,
            -0.03844495117664337
        ],
        [
            0.0403423011302948,
            0.007866498082876205,
            -0.031982455402612686
        ],
        [
            0.04760919511318207,
            0.011061877943575382,
            -0.029774829745292664
        ],
        [
            0.03748900815844536,
            0.002939359750598669,
            -0.031106801703572273
        ],
        [
            0.030274424701929092,
            -0.0030435596127063036,
            -0.03094162791967392
        ],
        [
            0.03244122862815857,
            0.004590840078890324,
            -0.03295033425092697
        ],
        [
            0.02270301803946495,
            -0.003314440604299307,
            -0.030051639303565025
        ],
        [
            0.03506677597761154,
            -0.011067911051213741,
            -0.025884483009576797
        ],
        [
            0.021697260439395905,
            -0.007316518574953079,
            -0.022030089050531387
        ],
        [
            0.0394827276468277,
            -0.004168981686234474,
            -0.00021832622587680817
        ],
        [
            0.042544614523649216,
            0.0039042551070451736,
            0.010290400125086308
        ],
        [
            0.026902588084340096,
            0.008663281798362732,
            0.008606059476733208
        ],
        [
            0.02512747421860695,
            0.000756165012717247,
            -0.002371145412325859
        ],
        [
            0.03813651204109192,
            0.021357739344239235,
            0.020602788776159286
        ],
        [
            0.030963417142629623,
            0.01459917426109314,
            0.01426032092422247
        ],
        [
            0.04643596336245537,
            0.009010374546051025,
            0.01663834974169731
        ],
        [
            0.05216158926486969,
            0.01552126370370388,
            0.022197319194674492
        ],
        [
            0.05926426872611046,
            0.02142447605729103,
            -0.0111793652176857
        ],
        [
            0.07073628157377243,
            0.020584437996149063,
            -0.00986617710441351
        ],
        [
            0.06888222694396973,
            0.016732551157474518,
            -0.013534042984247208
        ],
        [
            0.05764962360262871,
            0.01807381398975849,
            -0.015196632593870163
        ],
        [
            0.03655761480331421,
            -0.0021196785382926464,
            -0.037000786513090134
        ],
        [
            0.04441604018211365,
            -0.009600764140486717,
            -0.03441186249256134
        ],
        [
            0.03914458304643631,
            -0.004956357181072235,
            -0.03157492354512215
        ],
        [
            0.03548296540975571,
            0.003064698539674282,
            -0.03524896502494812
        ],
        [
            0.09749526530504227,
            0.0281432643532753,
            -0.004686360247433186
        ],
        [
            0.10773592442274094,
            0.020241107791662216,
            -0.000683927908539772
        ],
        [
            0.10691782832145691,
            0.016123220324516296,
            -0.00481409952044487
        ],
        [
            0.09766925871372223,
            0.02400609292089939,
            -0.007344121113419533
        ],
        [
            0.09827825427055359,
            0.010765464045107365,
            -0.02741970494389534
        ],
        [
            0.10543006658554077,
            0.004401087760925293,
            -0.018700087442994118
        ],
        [
            0.10773003101348877,
            -0.009413414634764194,
            -0.01899559423327446
        ],
        [
            0.09923738986253738,
            -0.00639263866469264,
            -0.026837099343538284
        ],
        [
            0.0869949534535408,
            0.014489387162029743,
            -0.036241818219423294
        ],
        [
            0.09022597968578339,
            0.0006761434487998486,
            -0.03830314800143242
        ],
        [
            0.07701081037521362,
            0.0048399390652775764,
            -0.04638589173555374
        ],
        [
            0.05855337902903557,
            0.006488600745797157,
            -0.05146763473749161
        ],
        [
            0.10889849066734314,
            0.027223646640777588,
            0.010066556744277477
        ],
        [
            0.10178463160991669,
            0.03435759246349335,
            0.008392020128667355
        ],
        [
            -0.021772261708974838,
            0.029421333223581314,
            -0.03776176646351814
        ],
        [
            -0.02046995609998703,
            0.03377752751111984,
            -0.03407502546906471
        ],
        [
            -0.015045362524688244,
            0.031040603294968605,
            -0.03463450446724892
        ],
        [
            -0.017452917993068695,
            0.026916496455669403,
            -0.03787417337298393
        ],
        [
            0.09924085438251495,
            0.02667577750980854,
            0.027854695916175842
        ],
        [
            0.09558498114347458,
            0.01915668323636055,
            0.0336344875395298
        ],
        [
            0.10287860780954361,
            0.01886926032602787,
            0.03410402685403824
        ],
        [
            0.10646910965442657,
            0.02449369989335537,
            0.02737424522638321
        ],
        [
            0.08965521305799484,
            0.029551738873124123,
            0.028272800147533417
        ],
        [
            0.08555428683757782,
            0.01967896707355976,
            0.03214747831225395
        ],
        [
            -0.027892518788576126,
            0.02052907831966877,
            -0.0313248336315155
        ],
        [
            -0.026608388870954514,
            0.02230442874133587,
            -0.035970062017440796
        ],
        [
            -0.022652603685855865,
            0.018858719617128372,
            -0.03491209074854851
        ],
        [
            -0.02332080341875553,
            0.017465120181441307,
            -0.029742984101176262
        ],
        [
            0.036897316575050354,
            0.01129995658993721,
            -0.03141244128346443
        ],
        [
            0.04194210469722748,
            0.01640263944864273,
            -0.025428196415305138
        ],
        [
            0.018476814031600952,
            0.015816720202565193,
            -0.03309930860996246
        ],
        [
            0.027885273098945618,
            0.01638823188841343,
            -0.028630301356315613
        ],
        [
            0.027579370886087418,
            0.0103793665766716,
            -0.03298131749033928
        ],
        [
            0.019275693222880363,
            0.009702240116894245,
            -0.03526460379362106
        ],
        [
            0.0370340496301651,
            0.02847451902925968,
            -0.01016092300415039
        ],
        [
            0.04842813313007355,
            0.025510447099804878,
            -0.009259765967726707
        ],
        [
            0.045572537928819656,
            0.021945621818304062,
            -0.014021781273186207
        ],
        [
            0.032944921404123306,
            0.02479095570743084,
            -0.016878768801689148
        ],
        [
            0.053272347897291183,
            0.03578492999076843,
            -0.000695651862770319
        ],
        [
            0.041512973606586456,
            0.037622347474098206,
            -0.00199010968208313
        ],
        [
            0.04551171511411667,
            0.04334365203976631,
            0.0030491878278553486
        ],
        [
            0.0534905381500721,
            0.04162168875336647,
            0.0024337510112673044
        ],
        [
            0.020458899438381195,
            0.038265127688646317,
            -0.005098685156553984
        ],
        [
            0.011804893612861633,
            0.03835547715425491,
            -0.003974170424044132
        ],
        [
            0.013819552958011627,
            0.040022049099206924,
            -0.002578292042016983
        ],
        [
            0.022040478885173798,
            0.04026259109377861,
            -0.0024589914828538895
        ],
        [
            0.1097990944981575,
            0.01746964454650879,
            0.034928686916828156
        ],
        [
            0.1130782812833786,
            0.021528463810682297,
            0.026528507471084595
        ],
        [
            0.049213673919439316,
            0.03691403940320015,
            0.030188050121068954
        ],
        [
            0.0571364127099514,
            0.04489374905824661,
            0.029645856469869614
        ],
        [
            0.045097120106220245,
            0.05067738518118858,
            0.030607949942350388
        ],
        [
            0.040167734026908875,
            0.040584541857242584,
            0.030828382819890976
        ],
        [
            0.09073153138160706,
            0.009890291839838028,
            0.03356965258717537
        ],
        [
            0.09810835868120193,
            0.010200411081314087,
            0.03635402396321297
        ],
        [
            -0.028039291501045227,
            0.021851036697626114,
            -0.025228437036275864
        ],
        [
            -0.02309243381023407,
            0.019489506259560585,
            -0.024019476026296616
        ],
        [
            0.07833470404148102,
            -0.008009955286979675,
            -0.04148183763027191
        ],
        [
            0.058639854192733765,
            -0.003036077134311199,
            -0.05024340748786926
        ],
        [
            0.09073132276535034,
            -0.01256281416863203,
            -0.029792677611112595
        ],
        [
            0.09760303050279617,
            -0.016183914616703987,
            -0.019562557339668274
        ],
        [
            0.10447563230991364,
            -0.019817408174276352,
            -0.013188611716032028
        ],
        [
            0.024889782071113586,
            0.021410217508673668,
            -0.025097377598285675
        ],
        [
            0.047781046479940414,
            0.01868155412375927,
            -0.018671588972210884
        ],
        [
            0.060841936618089676,
            0.02481694705784321,
            -0.007715890184044838
        ],
        [
            0.0673239529132843,
            0.0497279167175293,
            0.009539755992591381
        ],
        [
            0.07776053994894028,
            0.0470796674489975,
            0.009470409713685513
        ],
        [
            0.07217203080654144,
            0.041990216821432114,
            0.0018974337726831436
        ],
        [
            0.0640173926949501,
            0.04495403543114662,
            0.003975497558712959
        ],
        [
            0.05984411761164665,
            0.052424587309360504,
            0.024001453071832657
        ],
        [
            0.058336999267339706,
            0.05425062030553818,
            0.016253933310508728
        ],
        [
            0.04869779571890831,
            0.057047780603170395,
            0.017129190266132355
        ],
        [
            0.04891003295779228,
            0.056240975856781006,
            0.024777762591838837
        ],
        [
            0.03825703635811806,
            -0.006308181211352348,
            -0.04310910403728485
        ],
        [
            0.04965360462665558,
            -0.012548035010695457,
            -0.03855334594845772
        ],
        [
            0.10226278007030487,
            0.03196335583925247,
            0.019123341888189316
        ],
        [
            0.10856405645608902,
            0.027547195553779602,
            0.017864570021629333
        ],
        [
            0.11541680991649628,
            0.022687705233693123,
            0.019183818250894547
        ],
        [
            0.08451732248067856,
            0.024211984127759933,
            -0.008941976353526115
        ],
        [
            0.09792923927307129,
            0.02135416679084301,
            -0.009492369368672371
        ],
        [
            0.09689050167798996,
            0.019580096006393433,
            -0.013668948784470558
        ],
        [
            0.08386395871639252,
            0.021518366411328316,
            -0.010644635185599327
        ],
        [
            0.07220829278230667,
            0.01727636530995369,
            -0.02091420441865921
        ],
        [
            0.08351349830627441,
            0.019974984228610992,
            -0.026525113731622696
        ],
        [
            0.06038562208414078,
            0.017368528991937637,
            -0.02518903650343418
        ],
        [
            0.10747771710157394,
            0.010338425636291504,
            -0.010510015301406384
        ],
        [
            0.11601561307907104,
            0.011451483704149723,
            -0.003295600414276123
        ],
        [
            0.11510025709867477,
            0.004600202664732933,
            -0.008872087113559246
        ],
        [
            0.11681424081325531,
            0.017307836562395096,
            0.0045399717055261135
        ],
        [
            0.11674022674560547,
            0.02163054421544075,
            0.012348953634500504
        ],
        [
            0.10515834391117096,
            0.00789545476436615,
            0.040573954582214355
        ],
        [
            0.11291653662919998,
            -0.00227486714720726,
            -0.013029614463448524
        ],
        [
            0.04657510295510292,
            0.017722556367516518,
            -0.042913056910037994
        ],
        [
            0.03938869759440422,
            0.016681380569934845,
            -0.0472232922911644
        ],
        [
            0.037418559193611145,
            0.015561945736408234,
            -0.03979604318737984
        ],
        [
            0.04423380643129349,
            0.015976116061210632,
            -0.035046420991420746
        ],
        [
            0.01279542688280344,
            -0.001704891212284565,
            -0.02917422726750374
        ],
        [
            0.01588074304163456,
            0.003870684187859297,
            -0.034445956349372864
        ],
        [
            0.02604978159070015,
            0.0025597219355404377,
            -0.0339844711124897
        ],
        [
            0.08826181292533875,
            0.03476748242974281,
            -0.0020429505966603756
        ],
        [
            0.09245480597019196,
            0.03994445502758026,
            0.008768471889197826
        ],
        [
            0.015456254594027996,
            0.020331373438239098,
            -0.0291310865432024
        ],
        [
            -0.019582130014896393,
            0.014687251299619675,
            -0.027645094320178032
        ],
        [
            -0.018451351672410965,
            0.015512317419052124,
            -0.033324483782052994
        ],
        [
            -0.0024481238797307014,
            0.006489803083240986,
            -0.03123847022652626
        ],
        [
            -0.004961020313203335,
            0.005947509314864874,
            -0.025025485083460808
        ],
        [
            0.006526268552988768,
            0.022565362975001335,
            -0.022935999557375908
        ],
        [
            0.010129701346158981,
            0.021283235400915146,
            -0.02863161638379097
        ],
        [
            0.007138173095881939,
            0.022114688530564308,
            -0.0275331549346447
        ],
        [
            0.00392682570964098,
            0.024836422875523567,
            -0.02258371375501156
        ],
        [
            0.018973205238580704,
            0.045463189482688904,
            0.002788946498185396
        ],
        [
            0.02635401114821434,
            0.045596975833177567,
            0.0030470462515950203
        ],
        [
            0.011911982670426369,
            0.008850974962115288,
            -0.006168573163449764
        ],
        [
            0.0121536273509264,
            -0.0026994533836841583,
            -0.013120275922119617
        ],
        [
            0.023767780512571335,
            -0.006413638591766357,
            -0.01172782015055418
        ],
        [
            0.04026562348008156,
            0.033119503408670425,
            -0.005231485236436129
        ],
        [
            0.03011128678917885,
            0.03649675101041794,
            -0.00539558008313179
        ],
        [
            0.0313837043941021,
            0.03925088420510292,
            -0.0024357447400689125
        ],
        [
            0.02145434357225895,
            0.0239604152739048,
            -0.022545738145709038
        ],
        [
            0.013800776563584805,
            0.023845745250582695,
            -0.024119718000292778
        ],
        [
            0.016552817076444626,
            0.02631671354174614,
            -0.019397180527448654
        ],
        [
            0.023911545053124428,
            0.026436062529683113,
            -0.017922820523381233
        ],
        [
            0.06899270415306091,
            0.03898667171597481,
            0.03025655262172222
        ],
        [
            0.07238241285085678,
            0.04806622862815857,
            0.023877302184700966
        ],
        [
            -0.024203209206461906,
            0.025372501462697983,
            -0.03837675228714943
        ],
        [
            -0.020090173929929733,
            0.02228357270359993,
            -0.037885040044784546
        ],
        [
            0.051374420523643494,
            0.030095446854829788,
            -0.004455910064280033
        ],
        [
            0.038116924464702606,
            -0.009212346747517586,
            -0.010398603044450283
        ],
        [
            0.06278515607118607,
            0.02863273024559021,
            -0.0042604608461260796
        ],
        [
            0.02369658648967743,
            0.0378667488694191,
            0.021054422482848167
        ],
        [
            0.02431594580411911,
            0.044130127876996994,
            0.018931102007627487
        ],
        [
            0.017350880429148674,
            0.04503950476646423,
            0.015920016914606094
        ],
        [
            0.015126826241612434,
            0.040126100182533264,
            0.018469711765646935
        ],
        [
            -0.01029183343052864,
            0.03144305199384689,
            -0.02289729379117489
        ],
        [
            -0.009604322724044323,
            0.03190792351961136,
            -0.02871440164744854
        ],
        [
            -0.014246011152863503,
            0.034060556441545486,
            -0.029072484001517296
        ],
        [
            -0.015067564323544502,
            0.033450279384851456,
            -0.023441873490810394
        ],
        [
            0.011099578812718391,
            0.01743604801595211,
            -0.03296036645770073
        ],
        [
            0.011198388412594795,
            0.011641860008239746,
            -0.03581872209906578
        ],
        [
            0.004806041717529297,
            0.015017272904515266,
            -0.035517431795597076
        ],
        [
            0.006075781770050526,
            0.01948368176817894,
            -0.031809866428375244
        ],
        [
            0.007432382553815842,
            0.006299758795648813,
            -0.034480247646570206
        ],
        [
            0.0013827779330313206,
            0.009748043492436409,
            -0.034977156668901443
        ],
        [
            -0.012960311956703663,
            0.02721279114484787,
            -0.018527934327721596
        ],
        [
            -0.016705570742487907,
            0.02052917517721653,
            -0.01777458004653454
        ],
        [
            -0.003413971047848463,
            0.014443598687648773,
            -0.014902248047292233
        ],
        [
            -0.0011851172894239426,
            0.021988529711961746,
            -0.017673280090093613
        ],
        [
            0.06556650251150131,
            0.009157054126262665,
            0.024472516030073166
        ],
        [
            0.07021711766719818,
            0.017939092591404915,
            0.029629578813910484
        ],
        [
            0.05697089806199074,
            0.02444869838654995,
            0.027591481804847717
        ],
        [
            0.0439629964530468,
            0.030503759160637856,
            0.026822559535503387
        ],
        [
            0.031640395522117615,
            0.036188069730997086,
            0.024737976491451263
        ],
        [
            0.02641521953046322,
            0.026120470836758614,
            0.020574554800987244
        ],
        [
            0.0616888627409935,
            0.030348967760801315,
            0.03070463240146637
        ],
        [
            0.006514228880405426,
            0.01956491358578205,
            -0.014271841384470463
        ],
        [
            0.006156302988529205,
            0.009977837093174458,
            -0.01290273480117321
        ],
        [
            0.007712847553193569,
            0.013908729888498783,
            -0.009910335764288902
        ],
        [
            0.06496642529964447,
            0.03496074303984642,
            -0.000901083811186254
        ],
        [
            -0.015819398686289787,
            0.01850680448114872,
            -0.03673950210213661
        ],
        [
            0.0902230441570282,
            -0.021765025332570076,
            0.004269840195775032
        ],
        [
            0.08927715569734573,
            -0.016168223693966866,
            0.016836345195770264
        ],
        [
            0.0816168561577797,
            -0.014423571527004242,
            0.012965677306056023
        ],
        [
            0.08311032503843307,
            -0.01988716796040535,
            -0.002020685002207756
        ],
        [
            -0.010035851038992405,
            0.02862381935119629,
            -0.03472688049077988
        ],
        [
            -0.012505200691521168,
            0.023768115788698196,
            -0.03799187391996384
        ],
        [
            0.026521313935518265,
            0.05024013668298721,
            0.0077835205011069775
        ],
        [
            0.019407927989959717,
            0.04886773228645325,
            0.007131936494261026
        ],
        [
            0.017375465482473373,
            0.049211952835321426,
            0.010216697119176388
        ],
        [
            0.023905020207166672,
            0.05308554694056511,
            0.011899961158633232
        ],
        [
            0.07401960343122482,
            0.022110676392912865,
            0.031517188996076584
        ],
        [
            0.03672517091035843,
            0.05356164276599884,
            0.03019631654024124
        ],
        [
            0.03355523198843002,
            0.044721849262714386,
            0.030999137088656425
        ],
        [
            0.08173217624425888,
            0.01189977303147316,
            0.031154222786426544
        ],
        [
            0.07764466851949692,
            0.0038750171661376953,
            0.027208050712943077
        ],
        [
            0.08652286976575851,
            0.0005337931215763092,
            0.029509739950299263
        ],
        [
            0.015985488891601562,
            0.02067757211625576,
            0.010437297634780407
        ],
        [
            0.06053272262215614,
            0.003924481570720673,
            0.01963089406490326
        ],
        [
            0.07396276295185089,
            -0.0008816570043563843,
            0.02238270454108715
        ],
        [
            0.08442182838916779,
            -0.005103003233671188,
            0.024903560057282448
        ],
        [
            0.09181743860244751,
            -0.007960600778460503,
            0.0276333037763834
        ],
        [
            0.09342306107282639,
            -0.0013972260057926178,
            0.03230135142803192
        ],
        [
            -0.0188579298555851,
            0.017146730795502663,
            -0.021793462336063385
        ],
        [
            -0.02130313031375408,
            0.023466330021619797,
            -0.019305765628814697
        ],
        [
            0.10080195218324661,
            -0.004263546317815781,
            0.03685517981648445
        ],
        [
            0.09892835468053818,
            -0.011204678565263748,
            0.030886337161064148
        ],
        [
            0.07073543965816498,
            -0.006522422656416893,
            0.01578669622540474
        ],
        [
            0.06813619285821915,
            -0.012605877593159676,
            0.006221497431397438
        ],
        [
            0.057949040085077286,
            -0.0014779996126890182,
            0.01323744934052229
        ],
        [
            0.05394692346453667,
            -0.007313001900911331,
            0.004038609564304352
        ],
        [
            0.015329788438975811,
            0.0111803337931633,
            0.0063134487718343735
        ],
        [
            -0.034344375133514404,
            0.03519589826464653,
            -0.021009981632232666
        ],
        [
            -0.023849232122302055,
            0.031127477064728737,
            -0.0197188388556242
        ],
        [
            -0.021154388785362244,
            0.03524693846702576,
            -0.022910622879862785
        ],
        [
            -0.032236531376838684,
            0.03886036574840546,
            -0.021733151748776436
        ],
        [
            -0.01758064702153206,
            0.029447998851537704,
            -0.019636113196611404
        ],
        [
            -0.02620122954249382,
            0.025724701583385468,
            -0.020363440737128258
        ],
        [
            0.053380146622657776,
            -0.013076506555080414,
            -0.009803310967981815
        ],
        [
            0.00961647555232048,
            0.026584509760141373,
            -0.018822386860847473
        ],
        [
            0.07008589059114456,
            -0.017297305166721344,
            -0.012111629359424114
        ],
        [
            0.04760025441646576,
            -0.01612892746925354,
            -0.024618705734610558
        ],
        [
            0.06019812822341919,
            -0.016960328444838524,
            -0.028496235609054565
        ],
        [
            0.0862901508808136,
            -0.020347218960523605,
            -0.016774293035268784
        ],
        [
            0.07582243531942368,
            -0.01738138310611248,
            -0.0309750996530056
        ],
        [
            0.09981271624565125,
            -0.024375656619668007,
