{
    "pred_cam": [
        5.736455917358398,
        -0.13445225358009338,
        0.03434820473194122
    ],
    "pred_mano_params": {
        "global_orient": [
            [
                [
                    -0.7232686281204224,
                    0.4860552251338959,
                    -0.4905434846878052
                ],
                [
                    0.5031195878982544,
                    -0.11568629741668701,
                    -0.8564387559890747
                ],
                [
                    -0.4730256497859955,
                    -0.866237223148346,
                    -0.16087163984775543
                ]
            ]
        ],
        "hand_pose": [
            [
                [
                    0.9632397890090942,
                    0.12821878492832184,
                    -0.23606984317302704
                ],
                [
                    -0.10501070320606232,
                    0.9885412454605103,
                    0.10843844711780548
                ],
                [
                    0.2472686469554901,
                    -0.07966236770153046,
                    0.9656665921211243
                ]
            ],
            [
                [
                    0.9893522262573242,
                    0.13513870537281036,
                    -0.05403553694486618
                ],
                [
                    -0.14008580148220062,
                    0.9849017262458801,
                    -0.10170845687389374
                ],
                [
                    0.03947494179010391,
                    0.10819508880376816,
                    0.9933457374572754
                ]
            ],
            [
                [
                    0.958099901676178,
                    -0.19108781218528748,
                    0.21337749063968658
                ],
                [
                    0.23826558887958527,
                    0.9451490640640259,
                    -0.22343403100967407
                ],
                [
                    -0.15897801518440247,
                    0.2649126648902893,
                    0.951076865196228
                ]
            ],
            [
                [
                    0.9965968728065491,
                    0.0784725472331047,
                    0.025231612846255302
                ],
                [
                    -0.06754346936941147,
                    0.9528831839561462,
                    -0.29572200775146484
                ],
                [
                    -0.04724883660674095,
                    0.2930114269256592,
                    0.9549407362937927
                ]
            ],
            [
                [
                    0.998058557510376,
                    0.05176949501037598,
                    -0.03462773561477661
                ],
                [
                    -0.03594045341014862,
                    0.9327825307846069,
                    0.35864317417144775
                ],
                [
                    0.05086692422628403,
                    -0.3567023277282715,
                    0.9328321814537048
                ]
            ],
            [
                [
                    0.8276779651641846,
                    -0.4669839143753052,
                    0.311247855424881
                ],
                [
                    0.46387597918510437,
                    0.8814274668693542,
                    0.08890831470489502
                ],
                [
                    -0.31586116552352905,
                    0.07079295814037323,
                    0.9461607336997986
                ]
            ],
            [
                [
                    0.7519147992134094,
                    0.19640353322029114,
                    0.6293248534202576
                ],
                [
                    -0.044971764087677,
                    0.967649519443512,
                    -0.2482578605413437
                ],
                [
                    -0.6577246189117432,
                    0.15836690366268158,
                    0.736422598361969
                ]
            ],
            [
                [
                    0.9829068183898926,
                    -0.011336473748087883,
                    -0.1837540715932846
                ],
                [
                    0.012192890979349613,
                    0.9999194145202637,
                    0.0035315153654664755
                ],
                [
                    0.18369922041893005,
                    -0.005711646750569344,
                    0.9829658269882202
                ]
            ],
            [
                [
                    0.9090901017189026,
                    0.1341954916715622,
                    0.394394189119339
                ],
                [
                    -0.25695446133613586,
                    0.9257916808128357,
                    0.2772800922393799
                ],
                [
                    -0.32791706919670105,
                    -0.3534139096736908,
                    0.8761101961135864
                ]
            ],
            [
                [
                    0.9437997341156006,
                    0.2065911740064621,
                    0.2579963207244873
                ],
                [
                    -0.12823393940925598,
                    0.9483163356781006,
                    -0.2902623116970062
                ],
                [
                    -0.30462774634361267,
                    0.24086560308933258,
                    0.9215127229690552
                ]
            ],
            [
                [
                    0.9845235347747803,
                    0.06065676361322403,
                    -0.1644207239151001
                ],
                [
                    0.007110937032848597,
                    0.9235948920249939,
                    0.38330408930778503
                ],
                [
                    0.17510810494422913,
                    -0.37854108214378357,
                    0.9088695645332336
                ]
            ],
            [
                [
                    0.815569281578064,
                    -0.4963734447956085,
                    0.2974225878715515
                ],
                [
                    0.42215970158576965,
                    0.8619175553321838,
                    0.28085461258888245
                ],
                [
                    -0.39576253294944763,
                    -0.10349655896425247,
                    0.9125023484230042
                ]
            ],
            [
                [
                    0.6738929748535156,
                    0.6034775376319885,
                    -0.42624303698539734
                ],
                [
                    -0.6629163026809692,
                    0.23916268348693848,
                    -0.7094668745994568
                ],
                [
                    -0.32620587944984436,
                    0.760668158531189,
                    0.561225175857544
                ]
            ],
            [
                [
                    0.9010797142982483,
                    -0.29631534218788147,
                    -0.31662678718566895
                ],
                [
                    0.42586442828178406,
                    0.7424108982086182,
                    0.5171707272529602
                ],
                [
                    0.08182156831026077,
                    -0.6008521914482117,
                    0.7951615452766418
                ]
            ],
            [
                [
                    0.9911928772926331,
                    -0.12947936356067657,
                    -0.027780743315815926
                ],
                [
                    0.08619477599859238,
                    0.790062427520752,
                    -0.6069363355636597
                ],
                [
                    0.10053426027297974,
                    0.5991964340209961,
                    0.7942646741867065
                ]
            ]
        ],
        "betas": [
            -0.1963890790939331,
            -0.22239789366722107,
            -0.014122217893600464,
            -0.05397948622703552,
            -0.08253473043441772,
            -0.06344730406999588,
            -0.024206608533859253,
            -0.04346999526023865,
            0.011686369776725769,
            0.01854163408279419
        ]
    },
    "pred_cam_t": [
        -0.13445225358009338,
        0.03434820473194122,
        6.809517860412598
    ],
    "focal_length": [
        5000.0,
        5000.0
    ],
    "pred_keypoints_3d": [
        [
            0.09656263887882233,
            0.006461667828261852,
            0.0062989466823637486
        ],
        [
            0.09360666573047638,
            -0.026188917458057404,
            0.027184665203094482
        ],
        [
            0.09826505184173584,
            -0.054969266057014465,
            0.037923723459243774
        ],
        [
            0.11340160667896271,
            -0.07688862085342407,
            0.04404819756746292
        ],
        [
            0.1340583711862564,
            -0.0992647036910057,
            0.06309200823307037
        ],
        [
            0.14805808663368225,
            -0.0553165040910244,
            0.04943243786692619
        ],
        [
            0.17780767381191254,
            -0.06684042513370514,
            0.05882040411233902
        ],
        [
            0.1982688009738922,
            -0.07210022211074829,
            0.06633415818214417
        ],
        [
            0.2191784828901291,
            -0.08186489343643188,
            0.07797543704509735
        ],
        [
            0.16657772660255432,
            -0.03838438540697098,
            0.053336888551712036
        ],
        [
            0.19356779754161835,
            -0.05203276127576828,
            0.063962422311306
        ],
        [
            0.2127310335636139,
            -0.06073874235153198,
            0.07455027103424072
        ],
        [
            0.22489702701568604,
            -0.07700708508491516,
            0.09042292833328247
        ],
        [
            0.1675691306591034,
            -0.011413871310651302,
            0.05313671752810478
        ],
        [
            0.18905456364154816,
            -0.030222352594137192,
            0.059404563158750534
        ],
        [
            0.2096169888973236,
            -0.039436593651771545,
            0.07051500678062439
        ],
        [
            0.22131682932376862,
            -0.056656286120414734,
            0.08464494347572327
        ],
        [
            0.1634255200624466,
            0.010128139518201351,
            0.05488764867186546
        ],
        [
            0.17948806285858154,
            -0.002674984745681286,
            0.06098797172307968
        ],
        [
            0.19502295553684235,
            -0.011964241974055767,
            0.06750299036502838
        ],
        [
            0.20752081274986267,
            -0.02919309213757515,
            0.07011909782886505
        ]
    ],
    "pred_vertices": [
        [
            0.11556068062782288,
            -0.03191259503364563,
            0.038990892469882965
        ],
        [
            0.1085084080696106,
            -0.02711714431643486,
            0.03359631821513176
        ],
        [
            0.11071434617042542,
            -0.038374125957489014,
            0.036092810332775116
        ],
        [
            0.11536227911710739,
            -0.04187122359871864,
            0.04097078740596771
        ],
        [
            0.10002367198467255,
            -0.028617773205041885,
            0.04486507177352905
        ],
        [
            0.08816303312778473,
            -0.03004251793026924,
            0.04544637352228165
        ],
        [
            0.09486185014247894,
            -0.04576774686574936,
            0.05023103207349777
        ],
        [
            0.10423896461725235,
            -0.04254811629652977,
            0.049437232315540314
        ],
        [
            0.11649276316165924,
            -0.051100682467222214,
            0.04012279957532883
        ],
        [
            0.11233504861593246,
            -0.046882983297109604,
            0.03898321092128754
        ],
        [
            0.11607277393341064,
            -0.05592561885714531,
            0.0343438945710659
        ],
        [
            0.12357339262962341,
            -0.059553466737270355,
            0.033977121114730835
        ],
        [
            0.1230660080909729,
            -0.054895710200071335,
            0.041348185390233994
        ],
        [
            0.13184170424938202,
            -0.061644814908504486,
            0.036574698984622955
        ],
        [
            0.12114832550287247,
            -0.05739250034093857,
            0.02392180636525154
        ],
        [
            0.1363818496465683,
            -0.05841858312487602,
            0.029482515528798103
        ],
        [
            0.1371789276599884,
            -0.033105723559856415,
            0.016425885260105133
        ],
        [
            0.14193740487098694,
            -0.02015760727226734,
            0.016751375049352646
        ],
        [
            0.15334101021289825,
            -0.026326503604650497,
            0.025992676615715027
        ],
        [
            0.14761628210544586,
            -0.038827084004879,
            0.02561570145189762
        ],
        [
            0.15263068675994873,
            -0.005772875621914864,
            0.026854775846004486
        ],
        [
            0.15410703420639038,
            -0.017288681119680405,
            0.02669660747051239
        ],
        [
            0.14299330115318298,
            -0.011175155639648438,
            0.016500193625688553
        ],
        [
            0.14217795431613922,
            -0.000929543748497963,
            0.01730651780962944
        ],
        [
            0.11784915626049042,
            -0.015087651088833809,
            0.03753625974059105
        ],
        [
            0.10945575684309006,
            -0.00897601991891861,
            0.03295647352933884
        ],
        [
            0.10856722295284271,
            -0.015368439257144928,
            0.031988583505153656
        ],
        [
            0.11633779108524323,
            -0.020847667008638382,
            0.037205688655376434
        ],
        [
            0.10750012844800949,
            -0.0626351460814476,
            0.029929373413324356
        ],
        [
            0.10450369864702225,
            -0.0579804852604866,
            0.025167353451251984
        ],
        [
            0.1116567850112915,
            -0.05808025598526001,
            0.027898479253053665
        ],
        [
            0.11153703927993774,
            -0.06090567633509636,
            0.033210668712854385
        ],
        [
            0.0912652462720871,
            0.013022728264331818,
            0.02921854890882969
        ],
        [
            0.08438050001859665,
            0.016238275915384293,
            0.017891086637973785
        ],
        [
            0.08236800879240036,
            0.0108540840446949,
            0.016998291015625
        ],
        [
            0.08950045704841614,
            0.00908917561173439,
            0.02725754678249359
        ],
        [
            0.07776463776826859,
            -0.010125227272510529,
            0.02752963826060295
        ],
        [
            0.07507097721099854,
            -0.00482892245054245,
            0.01560155674815178
        ],
        [
            0.0709603875875473,
            -0.011899624019861221,
            0.0036369264125823975
        ],
        [
            0.07376540452241898,
            -0.018843628466129303,
            0.012673020362854004
        ],
        [
            0.08313716948032379,
            -0.019600242376327515,
            0.03830743953585625
        ],
        [
            0.07543971389532089,
            -0.025676850229501724,
            0.027507269755005836
        ],
        [
            0.08030052483081818,
            -0.03447231277823448,
            0.0392092689871788
        ],
        [
            0.08774024248123169,
            -0.049286916851997375,
            0.04529864713549614
        ],
        [
            0.09032201021909714,
            0.027733411639928818,
            0.01761101558804512
        ],
        [
            0.09589561074972153,
            0.02716471254825592,
            0.02619636058807373
        ],
        [
            0.17913556098937988,
            -0.07373882830142975,
            0.06675644218921661
        ],
        [
            0.18090520799160004,
            -0.0684584230184555,
            0.06862512230873108
        ],
        [
            0.17519718408584595,
            -0.06733034551143646,
            0.06738945841789246
        ],
        [
            0.1744963824748993,
            -0.07266369462013245,
            0.06541070342063904
        ],
        [
            0.1084527000784874,
            0.03360926732420921,
            0.010479185730218887
        ],
        [
            0.11406237632036209,
            0.030949240550398827,
            0.002358563244342804
        ],
        [
            0.10835617035627365,
            0.034852251410484314,
            -9.950250387191772e-05
        ],
        [
            0.10207288712263107,
            0.03575211018323898,
            0.006972696632146835
        ],
        [
            0.11679286509752274,
            0.030633553862571716,
            0.015240520238876343
        ],
        [
            0.12141580879688263,
            0.025140829384326935,
            0.006302237510681152
        ],
        [
            0.18356023728847504,
            -0.0754377469420433,
            0.055016085505485535
        ],
        [
            0.1814250648021698,
            -0.07766101509332657,
            0.05916900932788849
        ],
        [
            0.1771388202905655,
            -0.07633144408464432,
            0.0564180389046669
        ],
        [
            0.17914673686027527,
            -0.07333037257194519,
            0.05233893170952797
        ],
        [
            0.12230530381202698,
            -0.046701811254024506,
            0.045542314648628235
        ],
        [
            0.12278351187705994,
            -0.03661329299211502,
            0.045497048646211624
        ],
        [
            0.13951869308948517,
            -0.0546092763543129,
            0.05644242465496063
        ],
        [
            0.13284166157245636,
            -0.0455646850168705,
            0.051571059972047806
        ],
        [
            0.1296309232711792,
            -0.052449241280555725,
            0.049052659422159195
        ],
        [
            0.13634271919727325,
            -0.05911665037274361,
            0.05204205587506294
        ],
        [
            0.13736744225025177,
            -0.021791674196720123,
            0.049040284007787704
        ],
        [
            0.12826605141162872,
            -0.016979562118649483,
            0.04295539855957031
        ],
        [
            0.1274150311946869,
            -0.023655688390135765,
            0.043288104236125946
        ],
        [
            0.13646186888217926,
            -0.030332908034324646,
            0.05069444328546524
        ],
        [
            0.13035166263580322,
            -0.00306030735373497,
            0.045519400388002396
        ],
        [
            0.13939332962036133,
            -0.008965883404016495,
            0.051041729748249054
        ],
        [
            0.1396518051624298,
            -0.0003820229321718216,
            0.05202991142868996
        ],
        [
            0.132593035697937,
            0.0024189502000808716,
            0.048609934747219086
        ],
        [
            0.15537191927433014,
            -0.02188083715736866,
            0.05952712893486023
        ],
        [
            0.16396920382976532,
            -0.02616753801703453,
            0.06040983274579048
        ],
        [
            0.16382098197937012,
            -0.023125015199184418,
            0.059927020221948624
        ],
        [
            0.15614359080791473,
            -0.018212907016277313,
            0.059126004576683044
        ],
        [
            0.10309188812971115,
            0.03813035041093826,
            -0.0035756826400756836
        ],
        [
            0.09594709426164627,
            0.03688984736800194,
            0.003180999308824539
        ],
        [
            0.15097080171108246,
            0.014861419796943665,
            0.031444061547517776
        ],
        [
            0.14525189995765686,
            0.023412242531776428,
            0.03615516424179077
        ],
        [
            0.15602406859397888,
            0.021085485816001892,
            0.043693408370018005
        ],
        [
            0.15860703587532043,
            0.01284569688141346,
            0.0367182120680809
        ],
        [
            0.11708599328994751,
            0.022972257807850838,
            -0.003797106444835663
        ],
        [
            0.11271213740110397,
            0.02872506156563759,
            -0.006987959146499634
        ],
        [
            0.18635281920433044,
            -0.07027463614940643,
            0.0528297945857048
        ],
        [
            0.181824192404747,
            -0.06800084561109543,
            0.05092008411884308
        ],
        [
            0.07848943769931793,
            -0.037003327161073685,
            0.02568618580698967
        ],
        [
            0.08499149978160858,
            -0.05219803750514984,
            0.03698572516441345
        ],
        [
            0.07723529636859894,
            -0.026878248900175095,
            0.012212168425321579
        ],
        [
            0.07781956344842911,
            -0.02030155062675476,
            0.0015594959259033203
        ],
        [
            0.07572094351053238,
            -0.015819262713193893,
            -0.0069868303835392
        ],
        [
            0.13821397721767426,
            -0.04196722060441971,
            0.05503559857606888
        ],
        [
            0.12240740656852722,
            -0.027615204453468323,
            0.04234389588236809
        ],
        [
            0.11896713078022003,
            -0.009956002235412598,
            0.03809165954589844
        ],
        [
            0.1261894404888153,
            0.018821045756340027,
            0.04767075553536415
        ],
        [
            0.11733643710613251,
            0.02271396853029728,
            0.04262007400393486
        ],
        [
            0.11704278737306595,
            0.012053292244672775,
            0.04396975785493851
        ],
        [
            0.12521961331367493,
            0.010816793888807297,
            0.047598570585250854
        ],
        [
            0.14074602723121643,
            0.02559470757842064,
            0.0444670096039772
        ],
        [
            0.13784855604171753,
            0.0209244042634964,
            0.05045850947499275
        ],
        [
            0.14674188196659088,
            0.017958104610443115,
            0.05522030219435692
        ],
        [
            0.150548055768013,
            0.022475579753518105,
            0.050401292741298676
        ],
        [
            0.10076487064361572,
            -0.06611932814121246,
            0.029889123514294624
        ],
        [
            0.09728151559829712,
            -0.057912275195121765,
            0.024424267932772636
        ],
        [
            0.1014445349574089,
            0.03278372436761856,
            0.01851172372698784
        ],
        [
            0.09513476490974426,
            0.03267042338848114,
            0.01386280357837677
        ],
        [
            0.08989959210157394,
            0.03415314853191376,
            0.007305413484573364
        ],
        [
            0.09957049787044525,
            0.00119105726480484,
            0.0318119153380394
        ],
        [
            0.0881609171628952,
            0.006420116871595383,
            0.0262356735765934
        ],
        [
            0.08712199330329895,
            0.002311643213033676,
            0.027410605922341347
        ],
        [
            0.09944199025630951,
            -0.002008572220802307,
            0.03069530427455902
        ],
        [
            0.10400846600532532,
            -0.02082124352455139,
            0.03472832217812538
        ],
        [
            0.09326127171516418,
            -0.014291707426309586,
            0.03783772140741348
        ],
        [
            0.10922545194625854,
            -0.03305397182703018,
            0.03901837021112442
        ],
        [
            0.07834139466285706,
            0.004439186304807663,
            0.01530054584145546
        ],
        [
            0.07526007294654846,
            0.013774916529655457,
            0.00990147516131401
        ],
        [
            0.07215242832899094,
            0.005871105939149857,
            0.007569130510091782
        ],
        [
            0.07973753660917282,
            0.022524140775203705,
            0.010271325707435608
        ],
        [
            0.08476690948009491,
            0.029909543693065643,
            0.00967966765165329
        ],
        [
            0.10923206061124802,
            0.03368408605456352,
            -0.012988105416297913
        ],
        [
            0.07083342224359512,
            -0.0018272288143634796,
            0.0047530680894851685
        ],
        [
            0.10559868812561035,
            -0.05227958783507347,
            0.050236597657203674
        ],
        [
            0.1073644608259201,
            -0.06002593785524368,
            0.05022662878036499
        ],
        [
            0.11262238025665283,
            -0.05790335312485695,
            0.045396145433187485
        ],
        [
            0.11119883507490158,
            -0.051492273807525635,
            0.04461093991994858
        ],
        [
            0.1421143114566803,
            -0.06467205286026001,
            0.03937934711575508
        ],
        [
            0.13841398060321808,
            -0.06383984535932541,
            0.046706728637218475
        ],
        [
            0.12839627265930176,
            -0.059065286070108414,
            0.042943429201841354
        ],
        [
            0.10092124342918396,
            0.013733981177210808,
            0.03570018708705902
        ],
        [
            0.1042795330286026,
            0.025806643068790436,
            0.03308907151222229
        ],
        [
            0.14527195692062378,
            -0.051259201020002365,
            0.05865677818655968
        ],
        [
            0.17598854005336761,
            -0.07122369855642319,
            0.049586690962314606
        ],
        [
            0.17316937446594238,
            -0.07456802576780319,
            0.053422003984451294
        ],
        [
            0.15804828703403473,
            -0.06879207491874695,
            0.04650767147541046
        ],
        [
            0.16237083077430725,
            -0.06559717655181885,
            0.04261589050292969
        ],
        [
            0.15731801092624664,
            -0.051120057702064514,
            0.057593025267124176
        ],
        [
            0.1515723466873169,
            -0.05395694449543953,
            0.059169135987758636
        ],
        [
            0.15563157200813293,
            -0.05476261302828789,
            0.058935973793268204
        ],
        [
            0.16126054525375366,
            -0.0516374297440052,
            0.058437805622816086
        ],
        [
            0.16340038180351257,
            -0.013922994025051594,
            0.06020607799291611
        ],
        [
            0.15669681131839752,
            -0.009492244571447372,
            0.059441324323415756
        ],
        [
            0.15701967477798462,
            -0.043331582099199295,
            0.03787385672330856
        ],
        [
            0.15037481486797333,
            -0.053638603538274765,
            0.03161757439374924
        ],
        [
            0.1415545642375946,
            -0.0496528223156929,
            0.024760546162724495
        ],
        [
            0.1380552500486374,
            -0.014279376715421677,
            0.04937988892197609
        ],
        [
            0.14668942987918854,
            -0.01777094230055809,
            0.05521971732378006
        ],
        [
            0.1477542221546173,
            -0.0136455949395895,
            0.05559419095516205
        ],
        [
            0.14292633533477783,
            -0.04074567183852196,
            0.05665076896548271
        ],
        [
            0.1495020091533661,
            -0.04662276431918144,
            0.059306785464286804
        ],
        [
            0.14930932223796844,
            -0.040112655609846115,
            0.058202195912599564
        ],
        [
            0.14357158541679382,
            -0.034856732934713364,
            0.05519476532936096
        ],
        [
            0.1355297565460205,
            0.026555342599749565,
            0.027648910880088806
        ],
        [
            0.13008920848369598,
            0.029568850994110107,
            0.03740692883729935
        ],
        [
            0.17956584692001343,
            -0.07707139849662781,
            0.06336640566587448
        ],
        [
            0.1750607043504715,
            -0.07591114193201065,
            0.06125085800886154
        ],
        [
            0.1291334331035614,
            -0.009738055989146233,
            0.04336792603135109
        ],
        [
            0.1305699497461319,
            -0.043404653668403625,
            0.017741095274686813
        ],
        [
            0.11979162693023682,
            -0.004498863592743874,
            0.038853272795677185
        ],
        [
            0.16627372801303864,
            -0.0030329106375575066,
            0.04316853731870651
        ],
        [
            0.16568167507648468,
            -0.00042653363198041916,
            0.048539165407419205
        ],
        [
            0.17053447663784027,
            -0.005829689092934132,
            0.05141722783446312
        ],
        [
            0.17236977815628052,
            -0.0075603388249874115,
            0.04627053439617157
        ],
        [
            0.17570635676383972,
            -0.056021034717559814,
            0.06230681762099266
        ],
        [
            0.17314690351486206,
            -0.0598796084523201,
            0.06585296988487244
        ],
        [
            0.17769372463226318,
            -0.061431676149368286,
            0.06702134013175964
        ],
        [
            0.1802360862493515,
            -0.05778712034225464,
            0.06339334696531296
        ],
        [
            0.14796631038188934,
            -0.05846058204770088,
            0.057881832122802734
        ],
        [
            0.14496180415153503,
            -0.06318952888250351,
            0.054206483066082
        ],
        [
            0.1524796485900879,
            -0.06489724665880203,
            0.056487008929252625
        ],
        [
            0.15411989390850067,
            -0.05964701250195503,
            0.05860583484172821
        ],
        [
            0.14771224558353424,
            -0.06671315431594849,
            0.048759616911411285
        ],
        [
            0.15421193838119507,
            -0.06840208917856216,
            0.05147818475961685
        ],
        [
            0.17809462547302246,
            -0.05575980618596077,
            0.05605635046958923
        ],
        [
            0.17922574281692505,
            -0.05978719890117645,
            0.04949444904923439
        ],
        [
            0.16744861006736755,
            -0.053792838007211685,
            0.04484960436820984
        ],
        [
            0.16668303310871124,
            -0.05176069959998131,
            0.0528644397854805
        ],
        [
            0.1321205347776413,
            0.0037288907915353775,
            0.007282912731170654
        ],
        [
            0.13218848407268524,
            0.014521405100822449,
            0.010443616658449173
        ],
        [
            0.14224210381507874,
            0.0101435836404562,
            0.02044810727238655
        ],
        [
            0.15254777669906616,
            0.006453024223446846,
            0.02935820445418358
        ],
        [
            0.16148662567138672,
            0.002208402380347252,
            0.038656458258628845
        ],
        [
            0.16185946762561798,
            -0.008805697783827782,
            0.03414670750498772
        ],
        [
            0.14081186056137085,
            0.017953310161828995,
            0.02236263081431389
        ],
        [
            0.16040998697280884,
            -0.04644230380654335,
            0.05089328810572624
        ],
        [
            0.15860328078269958,
            -0.05002482980489731,
            0.04197178781032562
        ],
        [
            0.16001208126544952,
            -0.045382171869277954,
            0.043952763080596924
        ],
        [
            0.12059184908866882,
            0.0024465136229991913,
            0.0416642501950264
        ],
        [
            0.17070677876472473,
            -0.07460249215364456,
            0.05809254199266434
        ],
        [
            0.09724654257297516,
            -0.013857290148735046,
            -0.013829745352268219
        ],
        [
            0.10602498054504395,
            -0.0035431869328022003,
            -0.015725187957286835
        ],
        [
            0.11011672019958496,
            -0.00879388302564621,
            -0.010150566697120667
        ],
        [
            0.09923380613327026,
            -0.01988474652171135,
            -0.00690440833568573
        ],
        [
            0.1700742244720459,
            -0.06603272259235382,
            0.06624886393547058
        ],
        [
            0.16926616430282593,
            -0.07174026966094971,
            0.06355482339859009
        ],
        [
            0.159970223903656,
            -0.00370884221047163,
            0.060148704797029495
        ],
        [
            0.16575650870800018,
            -0.00881097000092268,
            0.05983029678463936
        ],
        [
            0.16898058354854584,
            -0.007625468075275421,
            0.058189794421195984
        ],
        [
            0.1648181676864624,
            -0.000772843137383461,
            0.05972065031528473
        ],
        [
            0.13061487674713135,
            0.02012813091278076,
            0.011788617819547653
        ],
        [
            0.16322149336338043,
            0.018326258286833763,
            0.04796530678868294
        ],
        [
            0.16455398499965668,
            0.012379935011267662,
            0.04109250381588936
        ],
        [
            0.12319231778383255,
            0.017955247312784195,
            0.001554492861032486
        ],
        [
            0.12343160808086395,
            0.008646145462989807,
            -0.0017612427473068237
        ],
        [
            0.11722609400749207,
            0.012745821848511696,
            -0.00808672234416008
        ],
        [
            0.16442757844924927,
            -0.0237899087369442,
            0.03754590451717377
        ],
        [
            0.13288266956806183,
            -0.004976090043783188,
            0.006956141442060471
        ],
        [
            0.12315130233764648,
            0.0009200833737850189,
            -0.0020638182759284973
        ],
        [
            0.11572995781898499,
            0.005448922514915466,
            -0.009682711213827133
        ],
        [
            0.11101295053958893,
            0.009317979216575623,
            -0.015426449477672577
        ],
        [
            0.11305433511734009,
            0.016933254897594452,
            -0.01297735795378685
        ],
        [
            0.17842192947864532,
            -0.0653432086110115,
            0.048531387001276016
        ],
        [
            0.18344098329544067,
            -0.061830297112464905,
            0.051916174590587616
        ],
        [
            0.10944803059101105,
            0.021930811926722527,
            -0.019690971821546555
        ],
        [
            0.10684587806463242,
            0.013134457170963287,
            -0.02168557047843933
        ],
        [
            0.12142227590084076,
            -0.008193440735340118,
            -0.0023127608001232147
        ],
        [
            0.11704745888710022,
            -0.018787220120429993,
            -0.0014101862907409668
        ],
        [
            0.1307680606842041,
            -0.013484235852956772,
            0.00660330057144165
        ],
        [
            0.1278785616159439,
            -0.024683427065610886,
            0.007788356393575668
        ],
        [
            0.16070130467414856,
            -0.031864989548921585,
            0.032433170825242996
        ],
        [
            0.19797159731388092,
            -0.06454315781593323,
            0.061068546026945114
        ],
        [
            0.18798938393592834,
            -0.060080621391534805,
            0.05827055498957634
        ],
        [
            0.1860305517911911,
            -0.059542592614889145,
            0.06383298337459564
        ],
        [
            0.1972672939300537,
            -0.06265514343976974,
            0.06487898528575897
        ],
        [
            0.18229655921459198,
            -0.05776115506887436,
            0.05763483792543411
        ],
        [
            0.18788030743598938,
            -0.06397742033004761,
            0.05372351035475731
        ],
        [
            0.11821839958429337,
            -0.03690718486905098,
            0.010347813367843628
        ],
        [
            0.15664371848106384,
            -0.04417617991566658,
            0.059285718947649
        ],
        [
            0.10276748239994049,
            -0.03095649927854538,
            0.004034865647554398
        ],
        [
            0.1106729656457901,
            -0.05178433656692505,
            0.01623925194144249
        ],
        [
            0.09811273962259293,
            -0.04666935279965401,
            0.01490011066198349
        ],
        [
            0.0872575119137764,
            -0.026195038110017776,
            -8.638948202133179e-06
        ],
        [
            0.08519209176301956,
            -0.037932343780994415,
            0.012750845402479172
        ],
        [
            0.08469399064779282,
            -0.015157405287027359,
            -0.014584075659513474
        ],
        [
            0.08774071931838989,
            -0.020016618072986603,
            -0.007845751941204071
        ],
        [
            0.08584484457969666,
            -0.04957151040434837,
            0.02399536781013012
        ],
        [
            0.19001850485801697,
