{
    "pred_cam": [
        12.190988540649414,
        -0.07999376207590103,
        -0.032615140080451965
    ],
    "pred_mano_params": {
        "global_orient": [
            [
                [
                    0.6524126529693604,
                    0.024461939930915833,
                    0.757469117641449
                ],
                [
                    -0.7425851225852966,
                    -0.17904804646968842,
                    0.6453752517700195
                ],
                [
                    0.1514105349779129,
                    -0.9835361838340759,
                    -0.09864813834428787
                ]
            ]
        ],
        "hand_pose": [
            [
                [
                    0.6028063893318176,
                    -0.7179001569747925,
                    -0.3482007682323456
                ],
                [
                    0.6846162676811218,
                    0.68951016664505,
                    -0.23638181388378143
                ],
                [
                    0.4097864627838135,
                    -0.09589140862226486,
                    0.9071272611618042
                ]
            ],
            [
                [
                    0.3245980143547058,
                    -0.8403760194778442,
                    0.43405550718307495
                ],
                [
                    0.9448444247245789,
                    0.30927029252052307,
                    -0.1078002005815506
                ],
                [
                    -0.04364776238799095,
                    0.4451066553592682,
                    0.8944131135940552
                ]
            ],
            [
                [
                    0.8907694220542908,
                    -0.4427296221256256,
                    0.10256841778755188
                ],
                [
                    0.4534817039966583,
                    0.8806935548782349,
                    -0.13686950504779816
                ],
                [
                    -0.029735151678323746,
                    0.1684320718050003,
                    0.9852646589279175
                ]
            ],
            [
                [
                    0.4757198691368103,
                    -0.8507394194602966,
                    -0.22345690429210663
                ],
                [
                    0.8753085136413574,
                    0.48292461037635803,
                    0.024875489994883537
                ],
                [
                    0.08675029128789902,
                    -0.2074275016784668,
                    0.974396288394928
                ]
            ],
            [
                [
                    0.4499067962169647,
                    -0.8532312512397766,
                    -0.26378077268600464
                ],
                [
                    0.8928952813148499,
                    0.4356810450553894,
                    0.1136663481593132
                ],
                [
                    0.017940601333975792,
                    -0.2866678833961487,
                    0.9578620195388794
                ]
            ],
            [
                [
                    0.9322330355644226,
                    -0.3617299497127533,
                    0.009646566584706306
                ],
                [
                    0.3610602021217346,
                    0.9316155314445496,
                    0.04156957194209099
                ],
                [
                    -0.02402385137975216,
                    -0.03526953607797623,
                    0.9990890622138977
                ]
            ],
            [
                [
                    0.5585318803787231,
                    -0.7560746669769287,
                    0.3411644995212555
                ],
                [
                    0.5007335543632507,
                    0.6352303624153137,
                    0.5880036354064941
                ],
                [
                    -0.6612927317619324,
                    -0.1575862169265747,
                    0.733388364315033
                ]
            ],
            [
                [
                    0.8142929673194885,
                    -0.5121098160743713,
                    -0.27325910329818726
                ],
                [
                    0.5796173810958862,
                    0.7426486611366272,
                    0.3354349136352539
                ],
                [
                    0.031156014651060104,
                    -0.4315280020236969,
                    0.9015613198280334
                ]
            ],
            [
                [
                    0.9266637563705444,
                    -0.348491370677948,
                    -0.14088334143161774
                ],
                [
                    0.33785632252693176,
                    0.6078996062278748,
                    0.7185479402542114
                ],
                [
                    -0.16476480662822723,
                    -0.7134506106376648,
                    0.6810585260391235
                ]
            ],
            [
                [
                    0.573480486869812,
                    -0.8054880499839783,
                    0.14936256408691406
                ],
                [
                    0.7996756434440613,
                    0.5900034308433533,
                    0.1114220917224884
                ],
                [
                    -0.17787356674671173,
                    0.055543202906847,
                    0.9824846386909485
                ]
            ],
            [
                [
                    0.6147624850273132,
                    -0.7422319650650024,
                    -0.266756147146225
                ],
                [
                    0.7706820368766785,
                    0.49340352416038513,
                    0.40323951840400696
                ],
                [
                    -0.1676788032054901,
                    -0.4534807503223419,
                    0.8753507733345032
                ]
            ],
            [
                [
                    0.7550237774848938,
                    -0.645514965057373,
                    -0.11510706692934036
                ],
                [
                    0.6455042958259583,
                    0.7009103298187256,
                    0.3033955991268158
                ],
                [
                    -0.11516664922237396,
                    -0.30337297916412354,
                    0.9458866715431213
                ]
            ],
            [
                [
                    0.9420372843742371,
                    -0.058726903051137924,
                    -0.33032846450805664
                ],
                [
                    -0.2673276960849762,
                    0.4635506570339203,
                    -0.8447819948196411
                ],
                [
                    0.20273542404174805,
                    0.8841220736503601,
                    0.42098268866539
                ]
            ],
            [
                [
                    0.8701874017715454,
                    -0.10127855837345123,
                    -0.48219969868659973
                ],
                [
                    0.359805166721344,
                    0.7992167472839355,
                    0.48144856095314026
                ],
                [
                    0.3366217017173767,
                    -0.5924484133720398,
                    0.731908917427063
                ]
            ],
            [
                [
                    0.8808465600013733,
                    -0.4220462739467621,
                    0.21444429457187653
                ],
                [
                    0.39835265278816223,
                    0.41604551672935486,
                    -0.8174481391906738
                ],
                [
                    0.2557823956012726,
                    0.8054707646369934,
                    0.5345955491065979
                ]
            ]
        ],
        "betas": [
            -0.03464183211326599,
            -0.07401999831199646,
            0.007139861583709717,
            -0.055918484926223755,
            0.06544885039329529,
            0.10404983907938004,
            0.0069006383419036865,
            -0.10576924681663513,
            -0.027140751481056213,
            0.0684548020362854
        ]
    },
    "pred_cam_t": [
        -0.07999376207590103,
        -0.032615140080451965,
        3.2042109966278076
    ],
    "focal_length": [
        5000.0,
        5000.0
    ],
    "pred_keypoints_3d": [
        [
            0.09585791081190109,
            0.006410533562302589,
            0.006239588372409344
        ],
        [
            0.09939290583133698,
            0.04375015199184418,
            0.015276116319000721
        ],
        [
            0.08701103180646896,
            0.07024489343166351,
            0.02472861483693123
        ],
        [
            0.06442199647426605,
            0.08504259586334229,
            0.02246701531112194
        ],
        [
            0.03717394918203354,
            0.08732349425554276,
            0.04379323124885559
        ],
        [
            0.05388609692454338,
            0.08621496707201004,
            -0.004036152735352516
        ],
        [
            0.029181724414229393,
            0.0995650589466095,
            0.013455536216497421
        ],
        [
            0.03606954962015152,
            0.09423317015171051,
            0.033935848623514175
        ],
        [
            0.04882165044546127,
            0.08220995962619781,
            0.05202745273709297
        ],
        [
            0.03140278160572052,
            0.07492000609636307,
            -0.006304889917373657
        ],
        [
            0.014322128146886826,
            0.08542204648256302,
            0.018406057730317116
        ],
        [
            0.02386278659105301,
            0.07720121741294861,
            0.03807026147842407
        ],
        [
            0.03830261528491974,
            0.06748661398887634,
            0.057143621146678925
        ],
        [
            0.02205013483762741,
            0.05073157697916031,
            0.0003657229244709015
        ],
        [
            0.009369650855660439,
            0.06869100779294968,
            0.019151976332068443
        ],
        [
            0.015174982137978077,
            0.06364079564809799,
            0.0427701361477375
        ],
        [
            0.031472884118556976,
            0.05288488417863846,
            0.05878240242600441
        ],
        [
            0.0177963525056839,
            0.03152884542942047,
            0.009890560060739517
        ],
        [
            0.009935624897480011,
            0.04601827636361122,
            0.023156464099884033
        ],
        [
            0.011477053165435791,
            0.04941684752702713,
            0.04178769886493683
        ],
        [
            0.02545033022761345,
            0.047420401126146317,
            0.058101020753383636
        ]
    ],
    "pred_vertices": [
        [
            0.07503392547369003,
            0.0562007836997509,
            0.013219716027379036
        ],
        [
            0.08113652467727661,
            0.04733804613351822,
            0.015893084928393364
        ],
        [
            0.07862480729818344,
            0.0560382679104805,
            0.018093504011631012
        ],
        [
            0.07536238431930542,
            0.06466015428304672,
            0.014554627239704132
        ],
        [
            0.08855314552783966,
            0.04530869796872139,
            0.032754719257354736
        ],
        [
            0.10013340413570404,
            0.04718582332134247,
            0.03552882373332977
        ],
        [
            0.0908132791519165,
            0.06205965578556061,
            0.03695563226938248
        ],
        [
            0.08204672485589981,
            0.05788058415055275,
            0.03538317605853081
        ],
        [
            0.07507596909999847,
            0.0710919126868248,
            0.013704469427466393
        ],
        [
            0.07625982910394669,
            0.06336387246847153,
            0.0201129037886858
        ],
        [
            0.07660804688930511,
            0.07141756266355515,
            0.01020839810371399
        ],
        [
            0.07567233592271805,
            0.08001553267240524,
            -0.0006565488874912262
        ],
        [
            0.07324621081352234,
            0.0782049149274826,
            0.006047145929187536
        ],
        [
            0.07092761248350143,
            0.08524802327156067,
            -0.005806386936455965
        ],
        [
            0.08166167140007019,
            0.07516593486070633,
            -0.008278019726276398
        ],
        [
            0.06877606362104416,
            0.08223158121109009,
            -0.014606919139623642
        ],
        [
            0.06939489394426346,
            0.052533701062202454,
            -0.01894802786409855
        ],
        [
            0.06172679364681244,
            0.041207119822502136,
            -0.017765836790204048
        ],
        [
            0.04832565784454346,
            0.052915818989276886,
            -0.020173192024230957
        ],
        [
            0.05742540955543518,
            0.0634903609752655,
            -0.020175229758024216
        ],
        [
            0.04195387661457062,
            0.03403990715742111,
            -0.012927252799272537
        ],
        [
            0.0448322594165802,
            0.04493172466754913,
            -0.017026815563440323
        ],
        [
            0.05803331732749939,
            0.03307925537228584,
            -0.016006236895918846
        ],
        [
            0.0548456609249115,
            0.024025429040193558,
            -0.012206482701003551
        ],
        [
            0.07073021680116653,
            0.04135499522089958,
            0.01373039186000824
        ],
        [
            0.07765335589647293,
            0.03309023007750511,
            0.016278475522994995
        ],
        [
            0.08005540817975998,
            0.03806665167212486,
            0.014775828458368778
        ],
        [
            0.07328268885612488,
            0.046183183789253235,
            0.013006376102566719
        ],
        [
            0.080568328499794,
            0.07376592606306076,
            0.01125942263752222
        ],
        [
            0.09065569192171097,
            0.07233501225709915,
            0.005204430781304836
        ],
        [
            0.08317218720912933,
            0.07251960039138794,
            0.005003045313060284
        ],
        [
            0.0763053447008133,
            0.07149279117584229,
            0.01386632863432169
        ],
        [
            0.0877702534198761,
            0.009080685675144196,
            0.02908981963992119
        ],
        [
            0.09744001179933548,
            0.0006701573729515076,
            0.024618009105324745
        ],
        [
            0.10146764665842056,
            0.004832804203033447,
            0.02339693158864975
        ],
        [
            0.09179798513650894,
            0.011604085564613342,
            0.027221636846661568
        ],
        [
            0.11018984019756317,
            0.025393597781658173,
            0.02720784954726696
        ],
        [
            0.11462102085351944,
            0.017130643129348755,
            0.02071579545736313
        ],
        [
            0.12469165772199631,
            0.01849953830242157,
            0.01191602274775505
        ],
        [
            0.12113285809755325,
            0.028520002961158752,
            0.015482407063245773
        ],
        [
            0.10536861419677734,
            0.036430712789297104,
            0.03229863941669464
        ],
        [
            0.11649215221405029,
            0.03959929198026657,
            0.024466803297400475
        ],
        [
            0.10940521955490112,
            0.05158258229494095,
            0.03024999611079693
        ],
        [
            0.09784844517707825,
            0.06653045117855072,
            0.032307203859090805
        ],
        [
            0.08888164162635803,
            -0.008875004947185516,
            0.024203773587942123
        ],
        [
            0.08061493933200836,
            -0.004118695855140686,
            0.028000498190522194
        ],
        [
            0.043036866933107376,
            0.09480893611907959,
            0.017599910497665405
        ],
        [
            0.03992662951350212,
            0.08957108855247498,
            0.018987394869327545
        ],
        [
            0.04063045606017113,
            0.08947613835334778,
            0.01809210516512394
        ],
        [
            0.0430854968726635,
            0.0948176234960556,
            0.0170622356235981
        ],
        [
            0.0752277597784996,
            -0.014622654765844345,
            0.010425319895148277
        ],
        [
            0.07526331394910812,
            -0.014686468988656998,
            0.00034503097413107753
        ],
        [
            0.07983014732599258,
            -0.019970618188381195,
            0.002478633541613817
        ],
        [
            0.08140052855014801,
            -0.018841486424207687,
            0.011679942719638348
        ],
        [
            0.06709267199039459,
            -0.009018734097480774,
            0.008776994422078133
        ],
        [
            0.06921032071113586,
            -0.006923951208591461,
            -0.0021128342486917973
        ],
        [
            0.034688517451286316,
            0.10481467843055725,
            0.016611462458968163
        ],
        [
            0.03965764120221138,
            0.10316557437181473,
            0.017227381467819214
        ],
        [
            0.038966331630945206,
            0.10348118841648102,
            0.01357872411608696
        ],
        [
            0.03425495699048042,
            0.10387076437473297,
            0.011620759032666683
        ],
        [
            0.07152615487575531,
            0.07279598712921143,
            0.010456792078912258
        ],
        [
            0.06913739442825317,
            0.06420803815126419,
            0.011986248195171356
        ],
        [
            0.06017191335558891,
            0.0833466500043869,
            0.006749344058334827
        ],
        [
            0.06236667186021805,
            0.07559487223625183,
            0.007932497188448906
        ],
        [
            0.06762456148862839,
            0.07990547269582748,
            0.006114041432738304
        ],
        [
            0.06480439752340317,
            0.08610069006681442,
            0.004386757500469685
        ],
        [
            0.05224490538239479,
            0.05420193448662758,
            0.01001665834337473
        ],
        [
            0.06074513494968414,
            0.04640699550509453,
            0.011610559187829494
        ],
        [
            0.06323263049125671,
            0.052472107112407684,
            0.010624508373439312
        ],
        [
            0.05502758175134659,
            0.062376417219638824,
            0.009527924470603466
        ],
        [
            0.053576499223709106,
            0.03506544232368469,
            0.01623995415866375
        ],
        [
            0.045797765254974365,
            0.0435333177447319,
            0.013763753697276115
        ],
        [
            0.042699385434389114,
            0.03603010252118111,
            0.016616443172097206
        ],
        [
            0.04875905439257622,
            0.03157108649611473,
            0.018916582688689232
        ],
        [
            0.03527866676449776,
            0.0599716454744339,
            0.008269458077847958
        ],
        [
            0.03219478577375412,
            0.06399852782487869,
            0.0066307648085057735
        ],
        [
            0.029637418687343597,
            0.06198020651936531,
            0.008942725136876106
        ],
        [
            0.03372396528720856,
            0.056651171296834946,
            0.009399591945111752
        ],
        [
            0.08468431979417801,
            -0.025098495185375214,
            0.0034616300836205482
        ],
        [
            0.08783320337533951,
            -0.02230951189994812,
            0.012335198000073433
        ],
        [
            0.034771986305713654,
            0.016174014657735825,
            -0.002243337221443653
        ],
        [
            0.03589509427547455,
            0.009558256715536118,
            0.0068123675882816315
        ],
        [
            0.0243119765073061,
            0.01667051389813423,
            0.007244231179356575
        ],
        [
            0.025740686804056168,
            0.021861709654331207,
            -0.0034609148278832436
        ],
        [
            0.07816687226295471,
            -0.009593412280082703,
            -0.00822064746171236
        ],
        [
            0.08140236139297485,
            -0.016627945005893707,
            -0.006882739719003439
        ],
        [
            0.02868390455842018,
            0.10270330309867859,
            0.016419027000665665
        ],
        [
            0.028747061267495155,
            0.10140111297369003,
            0.01111900806427002
        ],
        [
            0.11548316478729248,
            0.05238180235028267,
            0.017133397981524467
        ],
        [
            0.10233284533023834,
            0.06915560364723206,
            0.024238543584942818
        ],
        [
            0.12128515541553497,
            0.03790517896413803,
            0.009245399385690689
        ],
        [
            0.12314800918102264,
            0.02733038365840912,
            0.0030665025115013123
        ],
        [
            0.12657928466796875,
            0.018998615443706512,
            -0.00023666257038712502
        ],
        [
            0.0561823770403862,
            0.07383587956428528,
            0.008159901015460491
        ],
        [
            0.06848832219839096,
            0.05499090254306793,
            0.011761505156755447
        ],
        [
            0.06818844377994537,
            0.03706732019782066,
            0.014908690936863422
        ],
        [
            0.04894005507230759,
            0.015559792518615723,
            0.02606414631009102
        ],
        [
            0.0569659098982811,
            0.009077247232198715,
            0.028015432879328728
        ],
        [
            0.06019476056098938,
            0.019229158759117126,
            0.026537587866187096
        ],
        [
            0.05245385691523552,
            0.022695958614349365,
            0.02451411634683609
        ],
        [
            0.03586035221815109,
            0.010005522519350052,
            0.016811247915029526
        ],
        [
            0.03776423633098602,
            0.015829656273126602,
            0.022131334990262985
        ],
        [
            0.030972205102443695,
            0.020845994353294373,
            0.020572258159518242
        ],
        [
            0.027156217023730278,
            0.016207996755838394,
            0.015821319073438644
        ],
        [
            0.08565394580364227,
            0.07846811413764954,
            0.012369361706078053
        ],
        [
            0.09712458401918411,
            0.07260074466466904,
            0.00700153224170208
        ],
        [
            0.07761377096176147,
            -0.01153397187590599,
            0.0202998835593462
        ],
        [
            0.08496588468551636,
            -0.014183178544044495,
            0.019982079043984413
        ],
        [
            0.09181007742881775,
            -0.01900208741426468,
            0.01812630333006382
        ],
        [
            0.0839211642742157,
            0.022020306438207626,
            0.023200713098049164
        ],
        [
            0.09467434883117676,
            0.013392910361289978,
            0.02612214908003807
        ],
        [
            0.09707290679216385,
            0.017098084092140198,
            0.02597113326191902
        ],
        [
            0.08580903708934784,
            0.024325158447027206,
            0.02125711366534233
        ],
        [
            0.08576637506484985,
            0.03870169445872307,
            0.02195107564330101
        ],
        [
            0.09485854208469391,
            0.03255002573132515,
            0.029413003474473953
        ],
        [
            0.08011043816804886,
            0.048393961042165756,
            0.02496745064854622
        ],
        [
            0.108144611120224,
            0.009357407689094543,
            0.021923985332250595
        ],
        [
            0.10945121943950653,
            -0.0016323253512382507,
            0.022393643856048584
        ],
        [
            0.11575472354888916,
            0.004122532904148102,
            0.019851092249155045
        ],
        [
            0.10268539935350418,
            -0.008723348379135132,
            0.02279108390212059
        ],
        [
            0.09637127816677094,
            -0.014904692769050598,
            0.021639525890350342
        ],
        [
            0.08538471907377243,
            -0.024043157696723938,
            -0.00845265667885542
        ],
        [
            0.12064336985349655,
            0.009764455258846283,
            0.01617797091603279
        ],
        [
            0.07867313176393509,
            0.06564795970916748,
            0.0344819501042366
        ],
        [
            0.07512770593166351,
            0.0711035281419754,
            0.03271466866135597
        ],
        [
            0.0715588703751564,
            0.0673184022307396,
            0.02755434438586235
        ],
        [
            0.07445725053548813,
            0.06389156728982925,
            0.028360046446323395
        ],
        [
            0.06355908513069153,
            0.09101227670907974,
            -0.007442304398864508
        ],
        [
            0.06541174650192261,
            0.08976484835147858,
            1.0767020285129547e-05
        ],
        [
            0.07147232443094254,
            0.08356057107448578,
            0.0014340272173285484
        ],
        [
            0.07654906064271927,
            0.012331612408161163,
            0.0293436236679554
        ],
        [
            0.0710040032863617,
            0.0009147897362709045,
            0.028630880638957024
        ],
        [
            0.05423950403928757,
            0.08108752220869064,
            0.006829685997217894
        ],
        [
            0.035533200949430466,
            0.10379539430141449,
            0.007790826726704836
        ],
        [
            0.04067870229482651,
            0.1039804220199585,
            0.010661596432328224
        ],
        [
            0.05274480953812599,
            0.09875597804784775,
            0.0002246436197310686
        ],
        [
            0.04707510396838188,
            0.09840208292007446,
            -0.00411409605294466
        ],
        [
            0.04509245604276657,
            0.0812930315732956,
            0.003467346541583538
        ],
        [
            0.051483508199453354,
            0.08172277361154556,
            0.006953957490622997
        ],
        [
            0.04950747638940811,
            0.0813712477684021,
            0.006942227948457003
        ],
        [
            0.04308701679110527,
            0.07956166565418243,
            0.005509716458618641
        ],
        [
            0.027469079941511154,
            0.05332261323928833,
            0.011745097115635872
        ],
        [
            0.031493764370679855,
            0.048632800579071045,
            0.012221555225551128
        ],
        [
            0.04546598345041275,
            0.07404511421918869,
            -0.01696666143834591
        ],
        [
            0.05520958825945854,
            0.0823967307806015,
            -0.021370990201830864
        ],
        [
            0.06526695191860199,
            0.07327550649642944,
            -0.020333662629127502
        ],
        [
            0.04918830096721649,
            0.047609761357307434,
            0.011849507689476013
        ],
        [
            0.04117530584335327,
            0.053965721279382706,
            0.010572118684649467
        ],
        [
            0.039169348776340485,
            0.050427041947841644,
            0.01149770338088274
        ],
        [
            0.05149048566818237,
            0.0737568661570549,
            0.007567671127617359
        ],
        [
            0.04853764921426773,
            0.07878469675779343,
            0.005803678650408983
        ],
        [
            0.04610391706228256,
            0.0748148038983345,
            0.005894261412322521
        ],
        [
            0.04911677539348602,
            0.06884068995714188,
            0.008039522916078568
        ],
        [
            0.046902939677238464,
            0.001972619444131851,
            0.0066610053181648254
        ],
        [
            0.04636681079864502,
            0.0024155452847480774,
            0.018377525731921196
        ],
        [
            0.042864762246608734,
            0.09967013448476791,
            0.017278894782066345
        ],
        [
            0.042435210198163986,
            0.1000908762216568,
            0.015610596165060997
        ],
        [
            0.05761648714542389,
            0.04012734815478325,
            0.01341541949659586
        ],
        [
            0.07578657567501068,
            0.0623285248875618,
            -0.016911018639802933
        ],
        [
            0.06549561023712158,
            0.03253945708274841,
            0.016556695103645325
        ],
        [
            0.02268507145345211,
            0.040968239307403564,
            -0.00370744988322258
        ],
        [
            0.020998571068048477,
            0.040852464735507965,
            0.004523814655840397
        ],
        [
            0.01852905936539173,
            0.04550020769238472,
            0.006779796443879604
        ],
        [
            0.017685292288661003,
            0.04721594229340553,
            0.001118253916501999
        ],
        [
            0.033145006746053696,
            0.0838417336344719,
            0.013309789821505547
        ],
        [
            0.0376710370182991,
            0.08526840060949326,
            0.017034994438290596
        ],
        [
            0.03591850772500038,
            0.08532975614070892,
            0.017484791576862335
        ],
        [
            0.030201924964785576,
            0.0849287137389183,
            0.01571439765393734
        ],
        [
            0.0564674474298954,
            0.08487077802419662,
            0.007564682513475418
        ],
        [
            0.0605105385184288,
            0.08931637555360794,
            0.005802342668175697
        ],
        [
            0.05620121583342552,
            0.09025701135396957,
            0.008407533168792725
        ],
        [
            0.05271543189883232,
            0.08524996042251587,
            0.008573724888265133
        ],
        [
            0.06039395183324814,
            0.09332204610109329,
            0.0015200567431747913
        ],
        [
            0.05612781271338463,
            0.09543200582265854,
            0.004581324756145477
        ],
        [
            0.028741369023919106,
            0.08661524206399918,
            0.00928499922156334
        ],
        [
            0.027473485097289085,
            0.09399045258760452,
            0.006741895340383053
        ],
        [
            0.03753210976719856,
            0.08725564926862717,
            -0.00507911155000329
        ],
        [
            0.03741073980927467,
            0.08206997066736221,
            0.0008582306327298284
        ],
        [
            0.06666747480630875,
            0.014237400144338608,
            -0.013056079857051373
        ],
        [
            0.06165091693401337,
            0.005767222493886948,
            -0.0077376170083880424
        ],
        [
            0.04963107407093048,
            0.015206955373287201,
            -0.006946958135813475
        ],
        [
            0.03698053956031799,
            0.023925233632326126,
            -0.0072094835340976715
        ],
        [
            0.02606286108493805,
            0.03311736881732941,
            -0.006782657466828823
        ],
        [
            0.030568193644285202,
            0.04198388382792473,
            -0.014222858473658562
        ],
        [
            0.04748119041323662,
            0.008521415293216705,
            -0.002529148943722248
        ],
        [
            0.04174141213297844,
            0.07968921959400177,
            -0.0042770011350512505
        ],
        [
            0.04412561655044556,
            0.08243881911039352,
            -0.011969729326665401
        ],
        [
            0.04177043214440346,
            0.0785025805234909,
            -0.010489357635378838
        ],
        [
            0.06138470768928528,
            0.027449432760477066,
            0.02021053060889244
        ],
        [
            0.04415147751569748,
            0.10140335559844971,
            0.014230938628315926
        ],
        [
            0.11094701290130615,
            0.01725606620311737,
            -0.01612677052617073
        ],
        [
            0.10128737986087799,
            0.007947556674480438,
            -0.019008036702871323
        ],
        [
            0.09705419093370438,
            0.01567073166370392,
            -0.018385836854577065
        ],
        [
            0.10798874497413635,
            0.0264890119433403,
            -0.01408415473997593
        ],
        [
            0.042588766664266586,
            0.09040579199790955,
            0.018932273611426353
        ],
        [
            0.04529055207967758,
            0.09604444354772568,
            0.017582470551133156
        ],
        [
            0.027315828949213028,
            0.04420650005340576,
            0.014592383988201618
        ],
        [
            0.023916929960250854,
            0.049065254628658295,
            0.013380022719502449
        ],
        [
            0.020863085985183716,
            0.04744414985179901,
            0.012534108944237232
        ],
        [
            0.02247900702059269,
            0.04246997460722923,
            0.015893016010522842
        ],
        [
            0.060491204261779785,
            0.0009789690375328064,
            -0.004287738353013992
        ],
        [
            0.018106037750840187,
            0.02260347455739975,
            0.011656037531793118
        ],
        [
            0.019306857138872147,
            0.026630358770489693,
            0.0007678437978029251
        ],
        [
            0.07224299013614655,
            -0.002081342041492462,
            -0.00867459923028946
        ],
        [
            0.0765792727470398,
            0.00497918576002121,
            -0.013933161273598671
        ],
        [
            0.08331117779016495,
            -0.002138674259185791,
            -0.014429786242544651
        ],
        [
            0.032929085195064545,
            0.05709552764892578,
            -0.014741530641913414
        ],
        [
            0.06904987245798111,
            0.0220695361495018,
            -0.016081875190138817
        ],
        [
            0.07944336533546448,
            0.011754728853702545,
            -0.016188446432352066
        ],
        [
            0.08762501925230026,
            0.0035700723528862,
            -0.016877032816410065
        ],
        [
            0.0928911417722702,
            -0.002905726432800293,
            -0.017789842560887337
        ],
        [
            0.08765056729316711,
            -0.008476726710796356,
            -0.014886830933392048
        ],
        [
            0.03072131797671318,
            0.09968123584985733,
            0.006580485962331295
        ],
        [
            0.024036642163991928,
            0.09558730572462082,
            0.011960436590015888
        ],
        [
            0.09204155951738358,
            -0.016227498650550842,
            -0.01694634184241295
        ],
        [
            0.09796401858329773,
            -0.009497277438640594,
            -0.01945299468934536
        ],
        [
            0.08396817743778229,
            0.0196460522711277,
            -0.017942462116479874
        ],
        [
            0.09022869169712067,
            0.02962512895464897,
            -0.018287144601345062
        ],
        [
            0.07377651333808899,
            0.029366467148065567,
            -0.01751473918557167
        ],
        [
            0.0789121761918068,
            0.03987044095993042,
            -0.018254604190587997
        ],
        [
            0.03883984312415123,
            0.06303591281175613,
            -0.02226267009973526
        ],
        [
            0.026886261999607086,
            0.09304303675889969,
            0.03126382827758789
        ],
        [
            0.024281734600663185,
            0.09088286012411118,
            0.019683346152305603
        ],
        [
            0.02875649556517601,
            0.08681242913007736,
            0.01964392140507698
        ],
        [
            0.02828371524810791,
            0.0889301523566246,
            0.03047151118516922
        ],
        [
            0.02578078955411911,
            0.08828829228878021,
            0.0137751754373312
        ],
        [
            0.024067088961601257,
            0.09676077216863632,
            0.017884567379951477
        ],
        [
            0.08775020390748978,
            0.05198726803064346,
            -0.01463280152529478
        ],
        [
            0.04307730495929718,
            0.07888323813676834,
            0.004013919271528721
        ],
        [
            0.10205031931400299,
            0.042902734130620956,
            -0.011032149195671082
        ],
        [
            0.09228600561618805,
            0.06691226363182068,
            -0.008077461272478104
        ],
        [
            0.10247858613729477,
            0.060976531356573105,
            -0.0024576829746365547
        ],
        [
            0.11700824648141861,
            0.03467573598027229,
            -0.005395174026489258
        ],
        [
            0.11431445181369781,
            0.05108442157506943,
            0.0024284403771162033
        ],
        [
            0.12214717268943787,
            0.01648396998643875,
            -0.010335500352084637
        ],
        [
            0.11831200867891312,
            0.024743899703025818,
            -0.008884643204510212
        ],
        [
            0.10740447044372559,
            0.06532458961009979,
            0.011185715906322002
        ],
        [
            0.04298706725239754,
            0.09170035272836685,
