{
    "pred_cam": [
        13.234933853149414,
        0.12311859428882599,
        -0.04615144059062004
    ],
    "pred_mano_params": {
        "global_orient": [
            [
                [
                    -0.6085478663444519,
                    0.105258509516716,
                    -0.7865051031112671
                ],
                [
                    -0.34107595682144165,
                    -0.9296287894248962,
                    0.13949014246463776
                ],
                [
                    -0.716475248336792,
                    0.3531443774700165,
                    0.6016247868537903
                ]
            ]
        ],
        "hand_pose": [
            [
                [
                    0.6892545819282532,
                    -0.6376280188560486,
                    -0.34403279423713684
                ],
                [
                    0.6180868744850159,
                    0.7652323246002197,
                    -0.17996661365032196
                ],
                [
                    0.3780168294906616,
                    -0.08859936147928238,
                    0.921549379825592
                ]
            ],
            [
                [
                    0.6637853980064392,
                    -0.7013960480690002,
                    0.2596777081489563
                ],
                [
                    0.7465603947639465,
                    0.6004095673561096,
                    -0.2866286635398865
                ],
                [
                    0.045127250254154205,
                    0.3841250538825989,
                    0.9221776127815247
                ]
            ],
            [
                [
                    0.9375876188278198,
                    -0.3250829875469208,
                    0.1234927773475647
                ],
                [
                    0.31787556409835815,
                    0.9451838731765747,
                    0.07471670210361481
                ],
                [
                    -0.141012504696846,
                    -0.03079812042415142,
                    0.9895286560058594
                ]
            ],
            [
                [
                    0.5175791382789612,
                    -0.8314261436462402,
                    -0.20209506154060364
                ],
                [
                    0.8525007963180542,
                    0.48089367151260376,
                    0.2048991471529007
                ],
                [
                    -0.07317227870225906,
                    -0.2783377468585968,
                    0.9576919674873352
                ]
            ],
            [
                [
                    0.5756716728210449,
                    -0.7939351201057434,
                    -0.19562512636184692
                ],
                [
                    0.8174216747283936,
                    0.5527517795562744,
                    0.16213375329971313
                ],
                [
                    -0.020591547712683678,
                    -0.253244012594223,
                    0.9671833515167236
                ]
            ],
            [
                [
                    0.802629292011261,
                    -0.5940218567848206,
                    0.05407562106847763
                ],
                [
                    0.5915105938911438,
                    0.8043431639671326,
                    0.05610080435872078
                ],
                [
                    -0.07682046294212341,
                    -0.013041851110756397,
                    0.9969596266746521
                ]
            ],
            [
                [
                    0.19999465346336365,
                    -0.9648456573486328,
                    -0.17051391303539276
                ],
                [
                    0.6122485399246216,
                    -0.012805508449673653,
                    0.7905616760253906
                ],
                [
                    -0.7649534940719604,
                    -0.2625049948692322,
                    0.5881643295288086
                ]
            ],
            [
                [
                    0.49004796147346497,
                    -0.8437817692756653,
                    -0.2188272327184677
                ],
                [
                    0.7253637313842773,
                    0.2555052936077118,
                    0.6391905546188354
                ],
                [
                    -0.4834258258342743,
                    -0.4719633460044861,
                    0.7372585535049438
                ]
            ],
            [
                [
                    0.9080774188041687,
                    -0.4062460958957672,
                    -0.10178158432245255
                ],
                [
                    0.3401229679584503,
                    0.5735671520233154,
                    0.7452094554901123
                ],
                [
                    -0.2443598508834839,
                    -0.7113261818885803,
                    0.659017026424408
                ]
            ],
            [
                [
                    0.17505726218223572,
                    -0.98455810546875,
                    -0.0005187073838897049
                ],
                [
                    0.9275684356689453,
                    0.16474762558937073,
                    0.3353729248046875
                ],
                [
                    -0.3301086723804474,
                    -0.05919059365987778,
                    0.9420852661132812
                ]
            ],
            [
                [
                    0.41263842582702637,
                    -0.8841464519500732,
                    -0.21912236511707306
                ],
                [
                    0.7993796467781067,
                    0.23615573346614838,
                    0.5524696707725525
                ],
                [
                    -0.43671706318855286,
                    -0.4031321108341217,
                    0.8042156100273132
                ]
            ],
            [
                [
                    0.740481972694397,
                    -0.6720324754714966,
                    -0.007667405530810356
                ],
                [
                    0.6454459428787231,
                    0.7079153060913086,
                    0.28680211305618286
                ],
                [
                    -0.18731246888637543,
                    -0.21732071042060852,
                    0.9579591751098633
                ]
            ],
            [
                [
                    0.9558098912239075,
                    -0.05206030607223511,
                    -0.28933921456336975
                ],
                [
                    -0.20591133832931519,
                    0.5839058756828308,
                    -0.785273551940918
                ],
                [
                    0.2098284363746643,
                    0.8101504445075989,
                    0.547383189201355
                ]
            ],
            [
                [
                    0.9913150668144226,
                    -0.0728556290268898,
                    -0.10948319733142853
                ],
                [
                    0.1249203011393547,
                    0.7818759083747864,
                    0.610790491104126
                ],
                [
                    0.04110273718833923,
                    -0.6191624402999878,
                    0.7841865420341492
                ]
            ],
            [
                [
                    0.8939629793167114,
                    -0.42777398228645325,
                    -0.1335647851228714
                ],
                [
                    0.24380268156528473,
                    0.7143175601959229,
                    -0.65598064661026
                ],
                [
                    0.376019150018692,
                    0.5538589954376221,
                    0.7428659200668335
                ]
            ]
        ],
        "betas": [
            -0.10860151052474976,
            -0.0063517093658447266,
            -0.10498717427253723,
            -0.04302600026130676,
            -0.0013802945613861084,
            0.06724944710731506,
            -0.030997931957244873,
            -0.00901108980178833,
            0.02353958785533905,
            -0.04674968123435974
        ]
    },
    "pred_cam_t": [
        -0.12311859428882599,
        -0.04615144059062004,
        2.9514691829681396
    ],
    "focal_length": [
        5000.0,
        5000.0
    ],
    "pred_keypoints_3d": [
        [
            0.09624513983726501,
            0.006427651736885309,
            0.006238578353077173
        ],
        [
            0.08896452933549881,
            0.032806843519210815,
            0.03368866443634033
        ],
        [
            0.0955977588891983,
            0.05609627813100815,
            0.052967965602874756
        ],
        [
            0.10786384344100952,
            0.07042992115020752,
            0.07262738794088364
        ],
        [
            0.13000936806201935,
            0.09657277911901474,
            0.07912015169858932
        ],
        [
            0.13325081765651703,
            0.04436016455292702,
            0.08044097572565079
        ],
        [
            0.15568527579307556,
            0.06813307851552963,
            0.08636314421892166
        ],
        [
            0.15628774464130402,
            0.08679823577404022,
            0.07408663630485535
        ],
        [
            0.15093988180160522,
            0.10546869039535522,
            0.05829445272684097
        ],
        [
            0.15666981041431427,
            0.039779629558324814,
            0.07192538678646088
        ],
        [
            0.16679193079471588,
            0.0700606107711792,
            0.07209088653326035
        ],
        [
            0.1549282968044281,
            0.08533524721860886,
            0.05888531357049942
        ],
        [
            0.1346147656440735,
            0.09291642904281616,
            0.04534035176038742
        ],
        [
            0.16691043972969055,
            0.03439163789153099,
            0.04762328788638115
        ],
        [
            0.16476966440677643,
            0.06329791992902756,
            0.045469895005226135
        ],
        [
            0.14405043423175812,
            0.06465110182762146,
            0.0315881222486496
        ],
        [
            0.12280412763357162,
            0.053281866014003754,
            0.02421012707054615
        ],
        [
            0.17142437398433685,
            0.0332573838531971,
            0.026166150346398354
        ],
        [
            0.1655692607164383,
            0.05349088832736015,
            0.023293854668736458
        ],
        [
            0.14817142486572266,
            0.05132702738046646,
            0.015734877437353134
        ],
        [
            0.13327178359031677,
            0.0360410138964653,
            0.014525494538247585
        ]
    ],
    "pred_vertices": [
        [
            0.11272597312927246,
            0.04115454480051994,
            0.04542026296257973
        ],
        [
            0.10702885687351227,
            0.03875838965177536,
            0.03617136925458908
        ],
        [
            0.10790123045444489,
            0.04606650397181511,
            0.042881354689598083
        ],
        [
            0.11144141852855682,
            0.0470053032040596,
            0.052154965698719025
        ],
        [
            0.09546808153390884,
            0.05149247869849205,
            0.026673227548599243
        ],
        [
            0.08372394740581512,
            0.051977694034576416,
            0.026723764836788177
        ],
        [
            0.09027498960494995,
            0.06191463768482208,
            0.03929711505770683
        ],
        [
            0.09978950023651123,
            0.0612536184489727,
            0.03732003644108772
        ],
        [
            0.11122017353773117,
            0.05038769170641899,
            0.05890575796365738
        ],
        [
            0.10908430814743042,
            0.05233960226178169,
            0.049006856977939606
        ],
        [
            0.11000709980726242,
            0.04826980456709862,
            0.06269992887973785
        ],
        [
            0.11166103184223175,
            0.04188745096325874,
            0.0738644152879715
        ],
        [
            0.11351804435253143,
            0.04696628078818321,
            0.06857265532016754
        ],
        [
            0.11656622588634491,
            0.04028668627142906,
            0.08048897236585617
        ],
        [
            0.10722333192825317,
            0.03161054104566574,
            0.07342328131198883
        ],
        [
            0.11991801112890244,
            0.03133520856499672,
            0.08230992406606674
        ],
        [
            0.1221640408039093,
            0.012190442532300949,
            0.05923983454704285
        ],
        [
            0.13056573271751404,
            0.008409637957811356,
            0.04900035262107849
        ],
        [
            0.1435886025428772,
            0.01413876935839653,
            0.06046854332089424
        ],
        [
            0.13338513672351837,
            0.018373172730207443,
            0.06925930082798004
        ],
        [
            0.15122628211975098,
            0.011392854154109955,
            0.040874600410461426
        ],
        [
            0.14760108292102814,
            0.013289565220475197,
            0.05214664340019226
        ],
        [
            0.1347394734621048,
            0.006261307746171951,
            0.041167356073856354
        ],
        [
            0.13828618824481964,
            0.0052032433450222015,
            0.03153190761804581
        ],
        [
            0.11794200539588928,
            0.03409833833575249,
            0.032478827983140945
        ],
        [
            0.1116018146276474,
            0.031270477920770645,
            0.023870281875133514
        ],
        [
            0.10919199883937836,
            0.032564908266067505,
            0.02879345417022705
        ],
        [
            0.11520920693874359,
            0.035781607031822205,
            0.036949679255485535
        ],
        [
            0.10279259085655212,
            0.04957430064678192,
            0.06510263681411743
        ],
        [
            0.0963725596666336,
            0.04030675068497658,
            0.06454208493232727
        ],
        [
            0.10401162505149841,
            0.04239743575453758,
            0.06578382104635239
        ],
        [
            0.10719626396894455,
            0.05240407586097717,
            0.0629613995552063
        ],
        [
            0.10157869756221771,
            0.028275558724999428,
            -0.0033327117562294006
        ],
        [
            0.0930515006184578,
            0.018842270597815514,
            -0.008297532796859741
        ],
        [
            0.08888265490531921,
            0.019439037889242172,
            -0.004082724452018738
        ],
        [
            0.09765282273292542,
            0.027470100671052933,
            -0.0002271905541419983
        ],
        [
            0.07782717049121857,
            0.031815771013498306,
            0.011929519474506378
        ],
        [
            0.07515285164117813,
            0.021543506532907486,
            0.007955804467201233
        ],
        [
            0.06599608808755875,
            0.013368520885705948,
            0.013748399913311005
        ],
        [
            0.06833521276712418,
            0.021675100550055504,
            0.02064816653728485
        ],
        [
            0.08034953474998474,
            0.04278380796313286,
            0.018947578966617584
        ],
        [
            0.07059520483016968,
            0.03533089905977249,
            0.02560804784297943
        ],
        [
            0.07525114715099335,
            0.04685167223215103,
            0.03274218738079071
        ],
        [
            0.0835406631231308,
            0.05724285915493965,
            0.044354043900966644
        ],
        [
            0.10230174660682678,
            0.014680933207273483,
            -0.016295216977596283
        ],
        [
            0.10980939865112305,
            0.021489445120096207,
            -0.01413055881857872
        ],
        [
            0.14425499737262726,
            0.07368685305118561,
            0.07952617108821869
        ],
        [
            0.14765307307243347,
            0.07236282527446747,
            0.07455398887395859
        ],
        [
            0.14535947144031525,
            0.0697249248623848,
            0.07503380626440048
        ],
        [
            0.14270789921283722,
            0.07150290906429291,
            0.07993698865175247
        ],
        [
            0.11793918907642365,
            0.0017964504659175873,
            -0.013943228870630264
        ],
        [
            0.11902514100074768,
            -0.006778877228498459,
            -0.008706752210855484
        ],
        [
            0.11458727717399597,
            -0.008325189352035522,
            -0.014359947293996811
        ],
        [
            0.11190900951623917,
            -0.00014016777276992798,
            -0.018234610557556152
        ],
        [
            0.12589234113693237,
            0.004294712096452713,
            -0.008271228522062302
        ],
        [
            0.12479130178689957,
            -0.0040771327912807465,
            -0.0007361173629760742
        ],
        [
            0.15183061361312866,
            0.07419826090335846,
            0.09009470790624619
        ],
        [
            0.1471678763628006,
            0.0754213035106659,
            0.0879361629486084
        ],
        [
            0.14631396532058716,
            0.07114347815513611,
            0.08966205269098282
        ],
        [
            0.15074892342090607,
            0.06851690262556076,
            0.09123191982507706
        ],
        [
            0.11515422910451889,
            0.04778555780649185,
            0.06130646541714668
        ],
        [
            0.11800497770309448,
            0.0447339192032814,
            0.05307947099208832
        ],
        [
            0.1262647807598114,
            0.0515022948384285,
            0.07262221723794937
        ],
        [
            0.12429660558700562,
            0.04796925187110901,
            0.06506051123142242
        ],
        [
            0.11895658820867538,
            0.048098206520080566,
            0.06969055533409119
        ],
        [
            0.12162243574857712,
            0.05015577748417854,
            0.07618527114391327
        ],
        [
            0.135599747300148,
            0.03988027200102806,
            0.045595213770866394
        ],
        [
            0.12759670615196228,
            0.036093100905418396,
            0.03801460564136505
        ],
        [
            0.12483465671539307,
            0.0381166934967041,
            0.04375048726797104
        ],
        [
            0.13230903446674347,
            0.043355200439691544,
            0.05290234833955765
        ],
        [
            0.13490378856658936,
            0.035053931176662445,
            0.025791943073272705
        ],
        [
            0.14218297600746155,
            0.03821910172700882,
            0.034413892775774
        ],
        [
            0.14524397253990173,
            0.037040695548057556,
            0.026389382779598236
        ],
        [
            0.13952311873435974,
            0.03611857071518898,
            0.02137254923582077
        ],
        [
            0.15193496644496918,
            0.04376519098877907,
            0.05130542442202568
        ],
        [
            0.15444578230381012,
            0.045318394899368286,
            0.05560707673430443
        ],
        [
            0.15554176270961761,
            0.044749531894922256,
            0.05268719419836998
        ],
        [
            0.15323138236999512,
            0.0428490936756134,
            0.048090871423482895
        ],
        [
            0.10997084528207779,
            -0.010782159864902496,
            -0.019280537962913513
        ],
        [
            0.10564533621072769,
            -0.0022206082940101624,
            -0.021590448915958405
        ],
        [
            0.1586422622203827,
            0.011934705078601837,
            0.01971069723367691
        ],
        [
            0.1562286764383316,
            0.01584467478096485,
            0.009254448115825653
        ],
        [
            0.16679507493972778,
            0.022147590294480324,
            0.015132371336221695
        ],
        [
            0.16793565452098846,
            0.015224484726786613,
            0.025763792917132378
        ],
        [
            0.1167113184928894,
            -0.011781662702560425,
            0.00013006851077079773
        ],
        [
            0.11383076012134552,
            -0.014718916267156601,
            -0.006609313189983368
        ],
        [
            0.1576247215270996,
            0.07189607620239258,
            0.08866068720817566
        ],
        [
            0.15607629716396332,
            0.06610693782567978,
            0.08932511508464813
        ],
        [
            0.07176905870437622,
            0.03457680717110634,
            0.040104757994413376
        ],
        [
            0.0803966075181961,
            0.05011526495218277,
            0.05031180381774902
        ],
        [
            0.06842061877250671,
            0.020586304366588593,
            0.03191457316279411
        ],
        [
            0.06810598075389862,
            0.010229583829641342,
            0.025909118354320526
        ],
        [
            0.06558997929096222,
            0.0030792057514190674,
            0.020404890179634094
        ],
        [
            0.13053739070892334,
            0.04809459298849106,
            0.06345263868570328
        ],
        [
            0.11936837434768677,
            0.03978341072797775,
            0.04527653008699417
        ],
        [
            0.12055715918540955,
            0.03318996727466583,
            0.028190385550260544
        ],
        [
            0.1398632824420929,
            0.03392740711569786,
            0.0038913972675800323
        ],
        [
            0.132332906126976,
            0.03132028877735138,
            -0.002675604075193405
        ],
        [
            0.12845411896705627,
            0.034935567528009415,
            0.0067783743143081665
        ],
        [
            0.1359439194202423,
            0.035906001925468445,
            0.010812334716320038
        ],
        [
            0.1546223759651184,
            0.024568447843194008,
            0.004130028188228607
        ],
        [
            0.15119995176792145,
            0.03176979348063469,
            0.006075315177440643
        ],
        [
            0.15670722723007202,
            0.033690690994262695,
            0.010783601552248001
        ],
        [
            0.16221264004707336,
            0.02805749699473381,
            0.009807616472244263
        ],
        [
            0.0958174541592598,
            0.05067954957485199,
            0.06703394651412964
        ],
        [
            0.08934125304222107,
            0.04006829112768173,
            0.06284891068935394
        ],
        [
            0.1142365038394928,
            0.011485299095511436,
            -0.016498908400535583
        ],
        [
            0.10709430277347565,
            0.008860517293214798,
            -0.018655989319086075
        ],
        [
            0.10077160596847534,
            0.00390949472784996,
            -0.021788090467453003
        ],
        [
            0.1053256243467331,
            0.030609041452407837,
            0.010749444365501404
        ],
        [
            0.09483107924461365,
            0.027083871886134148,
            0.0018748193979263306
        ],
        [
            0.09219872951507568,
            0.028620198369026184,
            0.0051222145557403564
        ],
        [
            0.10367964953184128,
            0.030039992183446884,
            0.013626713305711746
        ],
        [
            0.10170091688632965,
            0.0393977090716362,
            0.02562284842133522
        ],
        [
            0.09184587001800537,
            0.040614429861307144,
            0.016700059175491333
        ],
        [
            0.10510297864675522,
            0.04845375940203667,
            0.03312249481678009
        ],
        [
            0.08206812292337418,
            0.0196206234395504,
            0.0005825981497764587
        ],
        [
            0.08147364854812622,
            0.014219574630260468,
            -0.009138524532318115
        ],
        [
            0.07507054507732391,
            0.01419147476553917,
            -0.00287608802318573
        ],
        [
            0.08867750316858292,
            0.011761121451854706,
            -0.015408456325531006
        ],
        [
            0.09552550315856934,
            0.00840577483177185,
            -0.020111508667469025
        ],
        [
            0.11050708591938019,
            -0.02040191739797592,
            -0.01217862218618393
        ],
        [
            0.07020656764507294,
            0.013291433453559875,
            0.0039045438170433044
        ],
        [
            0.10167311131954193,
            0.06521466374397278,
            0.045762937515974045
        ],
        [
            0.102950319647789,
            0.06826482713222504,
            0.053104255348443985
        ],
        [
            0.10906390100717545,
            0.0636947825551033,
            0.053889356553554535
        ],
        [
            0.10815445333719254,
            0.06082765385508537,
            0.0480305515229702
        ],
        [
            0.12365646660327911,
            0.04226383566856384,
            0.08650975674390793
        ],
        [
            0.12117642909288406,
            0.048044510185718536,
            0.08169694989919662
        ],
        [
            0.11533036828041077,
            0.04557880014181137,
            0.07533688098192215
        ],
        [
            0.11245761811733246,
            0.031649988144636154,
            -0.0006621628999710083
        ],
        [
            0.11891031265258789,
            0.025930212810635567,
            -0.010056905448436737
        ],
        [
            0.13239501416683197,
            0.05134880170226097,
            0.07073988765478134
        ],
        [
            0.14959798753261566,
            0.06411378085613251,
            0.09261681884527206
        ],
        [
            0.14443805813789368,
            0.06708370894193649,
            0.09126470237970352
        ],
        [
            0.13366703689098358,
            0.05355110764503479,
            0.0905003547668457
        ],
        [
            0.13950824737548828,
            0.04995280131697655,
            0.09223602712154388
        ],
        [
            0.14200203120708466,
            0.04970173537731171,
            0.07320380955934525
        ],
        [
            0.13541297614574432,
            0.0524306558072567,
            0.07187977433204651
        ],
        [
            0.13760526478290558,
            0.0526571124792099,
            0.07196473330259323
        ],
        [
            0.14416997134685516,
            0.05128651112318039,
            0.07124535739421844
        ],
        [
            0.15720173716545105,
            0.04256311058998108,
            0.04357993230223656
        ],
        [
            0.15513752400875092,
            0.0413186140358448,
            0.039732426404953
        ],
        [
            0.14408886432647705,
            0.027868516743183136,
            0.07653585821390152
        ],
        [
            0.13392142951488495,
            0.027041949331760406,
            0.08586791157722473
        ],
        [
            0.12479797750711441,
            0.022264473140239716,
            0.07761099189519882
        ],
        [
            0.13884541392326355,
            0.03834160417318344,
            0.03896528482437134
        ],
        [
            0.14635069668293,
            0.04158846661448479,
            0.04509827494621277
        ],
        [
            0.14829738438129425,
            0.04072035849094391,
            0.04155419021844864
        ],
        [
            0.13526588678359985,
            0.04816710576415062,
            0.06373262405395508
        ],
        [
            0.13822224736213684,
            0.04990692436695099,
            0.06918089836835861
        ],
        [
            0.14071457087993622,
            0.047807563096284866,
            0.06551428139209747
        ],
        [
            0.13786233961582184,
            0.04621361196041107,
            0.05925885960459709
        ],
        [
            0.1457485556602478,
            0.010543935000896454,
            0.002577532082796097
        ],
        [
            0.14466562867164612,
            0.020846886560320854,
            -0.0032693110406398773
        ],
        [
            0.1442444920539856,
            0.07501988112926483,
            0.08420707285404205
        ],
        [
            0.14308199286460876,
            0.0720648542046547,
            0.08537972718477249
        ],
        [
            0.13089999556541443,
            0.03477495163679123,
            0.03165126591920853
        ],
        [
            0.11504415422677994,
            0.01804976910352707,
            0.06646071374416351
        ],
        [
            0.12333768606185913,
            0.032610923051834106,
            0.023429658263921738
        ],
        [
            0.16777941584587097,
            0.027222437784075737,
            0.041103918105363846
        ],
        [
            0.16707003116607666,
            0.03468119725584984,
            0.03610863536596298
        ],
        [
            0.16684666275978088,
            0.038318734616041183,
            0.03737939894199371
        ],
        [
            0.16908080875873566,
            0.03542559593915939,
            0.04174564778804779
        ],
        [
            0.153418630361557,
            0.06136159598827362,
            0.07272761315107346
        ],
        [
            0.14882725477218628,
            0.06514265388250351,
            0.07219674438238144
        ],
        [
            0.15020227432250977,
            0.06715618073940277,
            0.07187867164611816
        ],
        [
            0.15565119683742523,
            0.06468332558870316,
            0.07273697853088379
        ],
        [
            0.13020342588424683,
            0.053788136690855026,
            0.07434426248073578
        ],
        [
            0.1259000152349472,
            0.0536433644592762,
            0.0789618194103241
        ],
        [
            0.13026642799377441,
            0.057064238935709,
            0.0792461559176445
        ],
        [
            0.13407324254512787,
            0.055460263043642044,
            0.07473452389240265
        ],
        [
            0.12615296244621277,
            0.051629919558763504,
            0.0847085565328598
        ],
        [
            0.13026075065135956,
            0.05583585798740387,
            0.08557533472776413
        ],
        [
            0.15735852718353271,
            0.058744385838508606,
            0.07716596871614456
        ],
        [
            0.157912939786911,
            0.05894126743078232,
            0.08478927612304688
        ],
        [
            0.14971524477005005,
            0.04528020694851875,
            0.08317442983388901
        ],
        [
            0.14979246258735657,
            0.04872553423047066,
            0.07595056295394897
        ],
        [
            0.12711268663406372,
            -0.0021261051297187805,
            0.023295577615499496
        ],
        [
            0.13214053213596344,
            -0.001335635781288147,
            0.013280641287565231
        ],
        [
            0.14366194605827332,
            0.005721196532249451,
            0.021261654794216156
        ],
        [
            0.15637610852718353,
            0.01176457665860653,
            0.02929013781249523
        ],
        [
            0.16681547462940216,
            0.018755635246634483,
            0.037223558872938156
        ],
        [
            0.16261735558509827,
            0.01636815071105957,
            0.048539478331804276
        ],
        [
            0.1457967460155487,
            0.006230402737855911,
            0.013125009834766388
        ],
        [
            0.14589157700538635,
            0.041452806442976,
            0.07544691860675812
        ],
        [
            0.14419996738433838,
            0.03625151515007019,
            0.08152493089437485
        ],
        [
            0.14691807329654694,
            0.03553096204996109,
            0.07717929780483246
        ],
        [
            0.1273663491010666,
            0.03359421342611313,
            0.01713874563574791
        ],
        [
            0.1412552148103714,
            0.06902174651622772,
            0.0873679667711258
        ],
        [
            0.08308789134025574,
            -0.009035471826791763,
            0.0271381214261055
        ],
        [
            0.09363400936126709,
            -0.014847103506326675,
            0.0206562839448452
        ],
        [
            0.09725542366504669,
            -0.009837277233600616,
            0.026993904262781143
        ],
        [
            0.0852532684803009,
            -0.0023294873535633087,
            0.0339905321598053
        ],
        [
            0.14359809458255768,
            0.06859127432107925,
            0.07571112364530563
        ],
        [
            0.1403828114271164,
            0.06981949508190155,
            0.08113238215446472
        ],
        [
            0.15832477807998657,
            0.04211803898215294,
            0.03416471928358078
        ],
        [
            0.16014167666435242,
            0.042993709444999695,
            0.03840792179107666
        ],
        [
            0.16201657056808472,
            0.042163752019405365,
            0.03615343198180199
        ],
        [
            0.16183096170425415,
            0.042748019099235535,
            0.031400226056575775
        ],
        [
            0.13329395651817322,
            -0.0007585510611534119,
            0.007312186062335968
        ],
        [
            0.17030581831932068,
            0.031678441911935806,
            0.01599258743226528
        ],
        [
            0.17207175493240356,
            0.024875691160559654,
            0.026900965720415115
        ],
        [
            0.12214478105306625,
            -0.007503733038902283,
            0.006875213235616684
        ],
        [
            0.11789907515048981,
            -0.008884042501449585,
            0.0156516432762146
        ],
        [
            0.11172463744878769,
            -0.013837654143571854,
            0.009740065783262253
        ],
        [
            0.15809808671474457,
            0.023665444925427437,
            0.06087199226021767
        ],
        [
            0.12445622682571411,
            -0.0009091347455978394,
            0.03157110512256622
        ],
        [
            0.11479407548904419,
            -0.007659450173377991,
            0.022628124803304672
        ],
        [
            0.10730011761188507,
            -0.013520099222660065,
            0.015885524451732635
        ],
        [
            0.10263596475124359,
            -0.018340744078159332,
            0.01078571006655693
        ],
        [
            0.10792580991983414,
            -0.018110033124685287,
            0.004548259079456329
        ],
        [
            0.1544465571641922,
            0.06121430918574333,
            0.089639812707901
        ],
        [
            0.16080185770988464,
            0.06412258744239807,
            0.0840911790728569
        ],
        [
            0.1042945384979248,
            -0.02441895753145218,
            -0.00106772780418396
        ],
        [
            0.09822966158390045,
            -0.02383365109562874,
            0.005982920527458191
        ],
        [
            0.10991579294204712,
            -0.005680017173290253,
            0.03028690442442894
        ],
        [
            0.1031445786356926,
            -0.0018267109990119934,
            0.03897208720445633
        ],
        [
            0.11933689564466476,
            0.0010038167238235474,
            0.038532599806785583
        ],
        [
            0.11356791853904724,
            0.005022481083869934,
            0.04788064956665039
        ],
        [
            0.1526038944721222,
            0.01888159289956093,
            0.06991957873106003
        ],
        [
            0.164079949259758,
            0.08118835836648941,
            0.07537215948104858
        ],
        [
            0.16264690458774567,
            0.06971732527017593,
            0.07732211798429489
        ],
        [
            0.15851083397865295,
            0.0693376213312149,
            0.07303342968225479
        ],
        [
            0.16246235370635986,
            0.07978265732526779,
            0.07160776853561401
        ],
        [
            0.1597452312707901,
            0.0634554848074913,
            0.07689202576875687
        ],
        [
            0.1623099446296692,
            0.07010994851589203,
            0.08323608338832855
        ],
        [
            0.10372593998908997,
            0.012925654649734497,
            0.05630370229482651
        ],
        [
            0.14356008172035217,
            0.048457883298397064,
            0.07044558227062225
        ],
        [
            0.0898972600698471,
            0.009080804884433746,
            0.046495284885168076
        ],
        [
            0.0975191742181778,
            0.025455942377448082,
            0.06590346992015839
        ],
        [
            0.08705766499042511,
            0.02515554428100586,
            0.0576256699860096
        ],
        [
            0.07484588772058487,
            0.007396675646305084,
            0.0365481935441494
        ],
        [
            0.07530970126390457,
            0.021993165835738182,
            0.04668682441115379
        ],
        [
            0.0713486298918724,
            -0.006067186594009399,
            0.023427538573741913
        ],
        [
            0.074521504342556,
            -0.0003585629165172577,
            0.029791470617055893
        ],
        [
            0.0793193131685257,
            0.03692606836557388,
            0.05381256714463234
        ],
        [
            0.1475529819726944,
            0.08109408617019653,
            0.07409913837909698
        ],
        [
            0.15165860950946808,
            0.07889873534440994,
            0.07024803757667542
        ],
        [
