{
    "pred_cam": [
        7.897224426269531,
        -0.10111125558614731,
        -0.07403092086315155
    ],
    "pred_mano_params": {
        "global_orient": [
            [
                [
                    0.28355059027671814,
                    -0.7426261901855469,
                    0.6067168116569519
                ],
                [
                    -0.8581355810165405,
                    -0.4788905084133148,
                    -0.1851140260696411
                ],
                [
                    0.42802149057388306,
                    -0.468156099319458,
                    -0.7730636596679688
                ]
            ]
        ],
        "hand_pose": [
            [
                [
                    0.7019742727279663,
                    -0.6684162616729736,
                    -0.24586975574493408
                ],
                [
                    0.662530779838562,
                    0.7395350337028503,
                    -0.11891534924507141
                ],
                [
                    0.2613142430782318,
                    -0.0794207751750946,
                    0.961980938911438
                ]
            ],
            [
                [
                    0.856137216091156,
                    -0.4241315722465515,
                    0.29519742727279663
                ],
                [
                    0.4804134964942932,
                    0.8637080788612366,
                    -0.1523522138595581
                ],
                [
                    -0.19034701585769653,
                    0.2722512185573578,
                    0.9432111382484436
                ]
            ],
            [
                [
                    0.7450595498085022,
                    -0.6636002063751221,
                    0.06723874807357788
                ],
                [
                    0.6511638164520264,
                    0.7018319964408875,
                    -0.2888210713863373
                ],
                [
                    0.1444714069366455,
                    0.25897231698036194,
                    0.9550191164016724
                ]
            ],
            [
                [
                    0.7495611310005188,
                    -0.6504781246185303,
                    -0.12262288480997086
                ],
                [
                    0.6595232486724854,
                    0.7497031092643738,
                    0.05453767627477646
                ],
                [
                    0.05645519122481346,
                    -0.12175197154283524,
                    0.9909537434577942
                ]
            ],
            [
                [
                    0.6101425290107727,
                    -0.7695276737213135,
                    -0.18855567276477814
                ],
                [
                    0.7841170430183411,
                    0.5523989200592041,
                    0.2828708589076996
                ],
                [
                    -0.11351900547742844,
                    -0.32044124603271484,
                    0.9404418468475342
                ]
            ],
            [
                [
                    0.8127630949020386,
                    -0.5070746541023254,
                    -0.2868649661540985
                ],
                [
                    0.5516657829284668,
                    0.8281528353691101,
                    0.09913472086191177
                ],
                [
                    0.18729934096336365,
                    -0.23882663249969482,
                    0.9528278112411499
                ]
            ],
            [
                [
                    0.6263961791992188,
                    -0.5232553482055664,
                    0.5777817368507385
                ],
                [
                    0.4678064286708832,
                    0.8452422022819519,
                    0.25830748677253723
                ],
                [
                    -0.6235262751579285,
                    0.10848721116781235,
                    0.7742387056350708
                ]
            ],
            [
                [
                    0.7461751699447632,
                    -0.614355742931366,
                    -0.25649482011795044
                ],
                [
                    0.6535981893539429,
                    0.6027305722236633,
                    0.4577392637729645
                ],
                [
                    -0.12661747634410858,
                    -0.5091982483863831,
                    0.851284384727478
                ]
            ],
            [
                [
                    0.7803702354431152,
                    -0.6215836405754089,
                    0.06823597848415375
                ],
                [
                    0.5807620286941528,
                    0.7608914375305176,
                    0.2894125282764435
                ],
                [
                    -0.23181426525115967,
                    -0.18622002005577087,
                    0.9547691941261292
                ]
            ],
            [
                [
                    0.8100892305374146,
                    -0.571686327457428,
                    0.13011570274829865
                ],
                [
                    0.57191002368927,
                    0.8193703293800354,
                    0.03938469663262367
                ],
                [
                    -0.12912863492965698,
                    0.04250936582684517,
                    0.9907162189483643
                ]
            ],
            [
                [
                    0.5558745861053467,
                    -0.79960697889328,
                    -0.22722704708576202
                ],
                [
                    0.7912333011627197,
                    0.4251460134983063,
                    0.43954601883888245
                ],
                [
                    -0.25485938787460327,
                    -0.42412206530570984,
                    0.8690035343170166
                ]
            ],
            [
                [
                    0.7581681609153748,
                    -0.5478722453117371,
                    -0.3535778224468231
                ],
                [
                    0.6347323656082153,
                    0.7442717552185059,
                    0.20778456330299377
                ],
                [
                    0.1493186056613922,
                    -0.3819628655910492,
                    0.9120354056358337
                ]
            ],
            [
                [
                    0.977767288684845,
                    -0.16833758354187012,
                    -0.12503451108932495
                ],
                [
                    -0.05645114928483963,
                    0.36295005679130554,
                    -0.9300971031188965
                ],
                [
                    0.20195156335830688,
                    0.916476845741272,
                    0.3453778326511383
                ]
            ],
            [
                [
                    0.9238671660423279,
                    -0.2911464273929596,
                    -0.24840132892131805
                ],
                [
                    0.3826945722103119,
                    0.7092109322547913,
                    0.592085063457489
                ],
                [
                    0.0037854681722819805,
                    -0.6420698165893555,
                    0.766636848449707
                ]
            ],
            [
                [
                    0.9530158638954163,
                    0.3023485243320465,
                    0.018605010583996773
                ],
                [
                    -0.30290597677230835,
                    0.9505719542503357,
                    0.06827154010534286
                ],
                [
                    0.002956398529931903,
                    -0.07069943100214005,
                    0.997493326663971
                ]
            ]
        ],
        "betas": [
            -0.025292769074440002,
            -0.05641084909439087,
            -0.08014163374900818,
            0.018414467573165894,
            0.07146710157394409,
            -0.03426019102334976,
            0.030280739068984985,
            -0.03204509615898132,
            -0.01907004415988922,
            -0.02953740954399109
        ]
    },
    "pred_cam_t": [
        -0.10111125558614731,
        -0.07403092086315155,
        4.9463582038879395
    ],
    "focal_length": [
        5000.0,
        5000.0
    ],
    "pred_keypoints_3d": [
        [
            0.09590570628643036,
            0.006406786851584911,
            0.00620143860578537
        ],
        [
            0.11627306044101715,
            0.029769960790872574,
            -0.016834884881973267
        ],
        [
            0.12829092144966125,
            0.05795128270983696,
            -0.020620150491595268
        ],
        [
            0.12998299300670624,
            0.08503375947475433,
            -0.02191036380827427
        ],
        [
            0.13058479130268097,
            0.11722558736801147,
            -0.03869868814945221
        ],
        [
            0.08727069944143295,
            0.0808531865477562,
            -0.04510514438152313
        ],
        [
            0.08984671533107758,
            0.11372417211532593,
            -0.042206041514873505
        ],
        [
            0.1038900837302208,
            0.1292051523923874,
            -0.034524448215961456
        ],
        [
            0.12068323791027069,
            0.1345118135213852,
            -0.01597415655851364
        ],
        [
            0.06807026267051697,
            0.08913827687501907,
            -0.031060878187417984
        ],
        [
            0.07122447341680527,
            0.120388463139534,
            -0.026347557082772255
        ],
        [
            0.09000129997730255,
            0.12796585261821747,
            -0.014754272066056728
        ],
        [
            0.11009356379508972,
            0.12468772381544113,
            0.001284521073102951
        ],
        [
            0.05942738801240921,
            0.08353513479232788,
            -0.006378054618835449
        ],
        [
            0.062494952231645584,
            0.11214027553796768,
            -0.00913264136761427
        ],
        [
            0.08224096894264221,
            0.11952675133943558,
            0.004041262902319431
        ],
        [
            0.10024315118789673,
            0.11324222385883331,
            0.021391941234469414
        ],
        [
            0.05753070116043091,
            0.07838008552789688,
            0.01473931036889553
        ],
        [
            0.06130073219537735,
            0.0989646315574646,
            0.011514047160744667
        ],
        [
            0.0743534043431282,
            0.10918454080820084,
            0.02084541693329811
        ],
        [
            0.08900244534015656,
            0.10800367593765259,
            0.03110640123486519
        ]
    ],
    "pred_vertices": [
        [
            0.1039840430021286,
            0.05445544421672821,
            -0.01944315806031227
        ],
        [
            0.10690119117498398,
            0.045786648988723755,
            -0.01339685171842575
        ],
        [
            0.11087383329868317,
            0.05324550345540047,
            -0.01602599397301674
        ],
        [
            0.1084853932261467,
            0.059998176991939545,
            -0.02429201453924179
        ],
        [
            0.1226857379078865,
            0.04131506010890007,
            -0.0014682337641716003
        ],
        [
            0.13216926157474518,
            0.03479837626218796,
            -0.0049864910542964935
        ],
        [
            0.1351727396249771,
            0.05093780532479286,
            -0.008665494620800018
        ],
        [
            0.12714356184005737,
            0.05409560352563858,
            -0.0035872682929039
        ],
        [
            0.11094027757644653,
            0.06435152888298035,
            -0.028156772255897522
        ],
        [
            0.11446225643157959,
            0.059828098863363266,
            -0.01766708306968212
        ],
        [
            0.11124129593372345,
            0.06417122483253479,
            -0.029631078243255615
        ],
        [
            0.10347096621990204,
            0.06475860625505447,
            -0.04400976747274399
        ],
        [
            0.1055464893579483,
            0.06699773669242859,
            -0.03844209760427475
        ],
        [
            0.09752343595027924,
            0.06832734495401382,
            -0.050022199749946594
        ],
        [
            0.1000051349401474,
            0.05512823164463043,
            -0.04709598049521446
        ],
        [
            0.08893116563558578,
            0.06477498263120651,
            -0.05239665508270264
        ],
        [
            0.0761452242732048,
            0.04419003054499626,
            -0.03411311283707619
        ],
        [
            0.06853530555963516,
            0.04293582960963249,
            -0.022662924602627754
        ],
        [
            0.0626484602689743,
            0.058261219412088394,
            -0.028130844235420227
        ],
        [
            0.07147187739610672,
            0.058492615818977356,
            -0.038818031549453735
        ],
        [
            0.058043669909238815,
            0.053959913551807404,
            -0.008102955296635628
        ],
        [
            0.06013927236199379,
            0.05703224614262581,
            -0.019370032474398613
        ],
        [
            0.06496646255254745,
            0.04122278466820717,
            -0.014519722200930119
        ],
        [
            0.06291413307189941,
            0.0393390916287899,
            -0.004619724117219448
        ],
        [
            0.09647631645202637,
            0.04809743911027908,
            -0.007037827745079994
        ],
        [
            0.09989586472511292,
            0.039255738258361816,
            -0.0019510090351104736
        ],
        [
            0.10195205360651016,
            0.0404399149119854,
            -0.007538609206676483
        ],
        [
            0.09919676929712296,
            0.04920313134789467,
            -0.011899864301085472
        ],
        [
            0.11954545974731445,
            0.06539936363697052,
            -0.029647087678313255
        ],
        [
            0.1159747987985611,
            0.0530749186873436,
            -0.03806010261178017
        ],
        [
            0.11177776753902435,
            0.05912637710571289,
            -0.03581348434090614
        ],
        [
            0.11807641386985779,
            0.06774279475212097,
            -0.024691671133041382
        ],
        [
            0.10788777470588684,
            0.02180279791355133,
            0.020478861406445503
        ],
        [
            0.1082247942686081,
            0.008275218307971954,
            0.020966961979866028
        ],
        [
            0.11108309030532837,
            0.007483422756195068,
            0.015810977667570114
        ],
        [
            0.10977102816104889,
            0.01980552077293396,
            0.016097482293844223
        ],
        [
            0.12450919300317764,
            0.014243818819522858,
            4.171207547187805e-05
        ],
        [
            0.12084676325321198,
            0.004349842667579651,
            0.000821869820356369
        ],
        [
            0.12160727381706238,
            -0.0049263909459114075,
            -0.008496910333633423
        ],
        [
            0.12484680861234665,
            0.004700317978858948,
            -0.01240239292383194
        ],
        [
            0.12852837145328522,
            0.024775326251983643,
            -0.002531580626964569
        ],
        [
            0.1314675509929657,
            0.01690058410167694,
            -0.013024084270000458
        ],
        [
            0.1358097493648529,
            0.02972313016653061,
            -0.014392327517271042
        ],
        [
            0.13825470209121704,
            0.04818190261721611,
            -0.016861453652381897
        ],
        [
            0.09961321949958801,
            0.00844544917345047,
            0.03048306703567505
        ],
        [
            0.09855812042951584,
            0.018525540828704834,
            0.03183290362358093
        ],
        [
            0.1015222892165184,
            0.11132209748029709,
            -0.03963160514831543
        ],
        [
            0.09932894259691238,
            0.11236568540334702,
            -0.03424769267439842
        ],
        [
            0.09871166199445724,
            0.10838158428668976,
            -0.03507575765252113
        ],
        [
            0.10074234008789062,
            0.10855100303888321,
            -0.040554337203502655
        ],
        [
            0.07944145798683167,
            0.009796708822250366,
            0.030683737248182297
        ],
        [
            0.07218484580516815,
            0.006138913333415985,
            0.02468559890985489
        ],
        [
            0.07492130994796753,
            0.00047694146633148193,
            0.028396297246217728
        ],
        [
            0.08286815881729126,
            0.0033112838864326477,
            0.03257220983505249
        ],
        [
            0.07501950114965439,
            0.018394917249679565,
            0.02813340350985527
        ],
        [
            0.06912299990653992,
            0.014239862561225891,
            0.019413569942116737
        ],
        [
            0.09536169469356537,
            0.11854279041290283,
            -0.048430491238832474
        ],
        [
            0.09947670996189117,
            0.11564461886882782,
            -0.04728103056550026
        ],
        [
            0.09653252363204956,
            0.11238270998001099,
            -0.049049559980630875
        ],
        [
            0.09184608608484268,
            0.11415928602218628,
            -0.04924270883202553
        ],
        [
            0.10519184172153473,
            0.06593441963195801,
            -0.03183929622173309
        ],
        [
            0.1017034500837326,
            0.06272123008966446,
            -0.02412678487598896
        ],
        [
            0.09784451127052307,
            0.07884661853313446,
            -0.03847092390060425
        ],
        [
            0.09791368991136551,
            0.0728302150964737,
            -0.0327250212430954
        ],
        [
            0.10143409669399261,
            0.07113214582204819,
            -0.03853888437151909
        ],
        [
            0.10002749413251877,
            0.07610505074262619,
            -0.04338204115629196
        ],
        [
            0.08633487671613693,
            0.06775157153606415,
            -0.012678667902946472
        ],
        [
            0.09031686931848526,
            0.05744471400976181,
            -0.008739501237869263
        ],
        [
            0.09309162944555283,
            0.05905100703239441,
            -0.014585724100470543
        ],
        [
            0.09026119858026505,
            0.07054754346609116,
            -0.019856177270412445
        ],
        [
            0.0855603963136673,
            0.05741479620337486,
            0.004645509645342827
        ],
        [
            0.08166526257991791,
            0.06737446784973145,
            -0.0005302447825670242
        ],
        [
            0.07934829592704773,
            0.06622235476970673,
            0.007681478746235371
        ],
        [
            0.08331625163555145,
            0.059769097715616226,
            0.010352503508329391
        ],
        [
            0.07617151737213135,
            0.08336642384529114,
            -0.012372982688248158
        ],
        [
            0.07371483743190765,
            0.08863512426614761,
            -0.01561439223587513
        ],
        [
            0.07237028330564499,
            0.08976830542087555,
            -0.012735250405967236
        ],
        [
            0.07467133551836014,
            0.08291050046682358,
            -0.009018586948513985
        ],
        [
            0.07705119252204895,
            -0.005708284676074982,
            0.031177934259176254
        ],
        [
            0.08626337349414825,
            -0.0030995160341262817,
            0.03341814875602722
        ],
        [
            0.05529158189892769,
            0.052292291074991226,
            0.013368875719606876
        ],
        [
            0.060051217675209045,
            0.051128968596458435,
            0.02348577044904232
        ],
        [
            0.0542660690844059,
            0.06364504992961884,
            0.02207294851541519
        ],
        [
            0.05041951313614845,
            0.06137821450829506,
            0.011423461139202118
        ],
        [
            0.06945066154003143,
            0.004083670675754547,
            0.014860107563436031
        ],
        [
            0.07023002207279205,
            -0.0019654184579849243,
            0.019817791879177094
        ],
        [
            0.09059976041316986,
            0.1211887076497078,
            -0.04571952670812607
        ],
        [
            0.08734544366598129,
            0.11589276790618896,
            -0.045837387442588806
        ],
        [
            0.13066774606704712,
            0.023262090981006622,
            -0.025819791480898857
        ],
        [
            0.1362295299768448,
            0.04555073752999306,
            -0.026074623689055443
        ],
        [
            0.12353777140378952,
            0.007984355092048645,
            -0.02301006019115448
        ],
        [
            0.11709143221378326,
            -0.0016128569841384888,
            -0.019866373389959335
        ],
        [
            0.11438862979412079,
            -0.010133206844329834,
            -0.016829300671815872
        ],
        [
            0.09348662197589874,
            0.07634900510311127,
            -0.029324471950531006
        ],
        [
            0.09808599948883057,
            0.057378895580768585,
            -0.017427053302526474
        ],
        [
            0.09435366839170456,
            0.047633104026317596,
            -0.0023132432252168655
        ],
        [
            0.0835278183221817,
            0.05250556766986847,
            0.02628832682967186
        ],
        [
            0.08794552087783813,
            0.043429791927337646,
            0.02965402416884899
        ],
        [
            0.09201831370592117,
            0.04672961309552193,
            0.020295392721891403
        ],
        [
            0.08680178225040436,
            0.05371973663568497,
            0.019010908901691437
        ],
        [
            0.06703720986843109,
            0.055215395987033844,
            0.029057761654257774
        ],
        [
            0.07370396703481674,
            0.05950399488210678,
            0.027273930609226227
        ],
        [
            0.06910048425197601,
            0.06742309033870697,
            0.02483615279197693
        ],
        [
            0.06183750182390213,
            0.06511187553405762,
            0.026655934751033783
        ],
        [
            0.12554121017456055,
            0.06395953893661499,
            -0.033633168786764145
        ],
        [
            0.12143371254205704,
            0.04824092984199524,
            -0.03902394697070122
        ],
        [
            0.08894457668066025,
            0.01346384733915329,
            0.03362436220049858
        ],
        [
            0.09249970316886902,
            0.006524614989757538,
            0.03305848687887192
        ],
        [
            0.09391950815916061,
            -0.001870863139629364,
            0.0332234762609005
        ],
        [
            0.10508092492818832,
            0.030390091240406036,
            0.008288078010082245
        ],
        [
            0.11118148267269135,
            0.018428906798362732,
            0.013037674129009247
        ],
        [
            0.11335819959640503,
            0.018834039568901062,
            0.009207826107740402
        ],
        [
            0.1053580641746521,
            0.029890187084674835,
            0.004462294280529022
        ],
        [
            0.11049594730138779,
            0.03817067667841911,
            -0.004849329590797424
        ],
        [
            0.11853398382663727,
            0.02961961179971695,
            0.0011591650545597076
        ],
        [
            0.11390107870101929,
            0.048088155686855316,
            -0.005692936480045319
        ],
        [
            0.11544550210237503,
            0.004875652492046356,
            0.00935022160410881
        ],
        [
            0.11337946355342865,
            -0.0024288594722747803,
            0.017424657940864563
        ],
        [
            0.11727239191532135,
            -0.004350334405899048,
            0.009640749543905258
        ],
        [
            0.10723967850208282,
            -0.0017552152276039124,
            0.025038057938218117
        ],
        [
            0.10054534673690796,
            -0.0014090240001678467,
            0.03090004250407219
        ],
        [
            0.0692974328994751,
            -0.009816654026508331,
            0.023028988391160965
        ],
        [
            0.11949819326400757,
            -0.005708977580070496,
            0.0017561912536621094
        ],
        [
            0.13012167811393738,
            0.06281282007694244,
            -0.007381254807114601
        ],
        [
            0.13205817341804504,
            0.07066327333450317,
            -0.01078416220843792
        ],
        [
            0.12490881979465485,
            0.07098575681447983,
            -0.011004955507814884
        ],
        [
            0.12251432985067368,
            0.06418751925230026,
            -0.008772801607847214
        ],
        [
            0.09279137849807739,
            0.07535436749458313,
            -0.05360732227563858
        ],
        [
            0.09862598776817322,
            0.07615066319704056,
            -0.0489070862531662
        ],
        [
            0.10217510163784027,
            0.06926412135362625,
            -0.044927842915058136
        ],
        [
            0.10206809639930725,
            0.0318489745259285,
            0.021834805607795715
        ],
        [
            0.09458782523870468,
            0.028658337891101837,
            0.03151331841945648
        ],
        [
            0.09350809454917908,
            0.08222437649965286,
            -0.03503027185797691
        ],
        [
            0.08915826678276062,
            0.11011610180139542,
            -0.050578899681568146
        ],
        [
            0.09474393725395203,
            0.10831724852323532,
            -0.05036399886012077
        ],
        [
            0.09292620420455933,
            0.08998402208089828,
            -0.05344228073954582
        ],
        [
            0.0862325131893158,
            0.09203208982944489,
            -0.05398425832390785
        ],
        [
            0.085818812251091,
            0.08874071389436722,
            -0.03522222861647606
        ],
        [
            0.09241320937871933,
            0.08547613024711609,
            -0.03533812239766121
        ],
        [
            0.09133119881153107,
            0.08743689954280853,
            -0.03506665676832199
        ],
        [
            0.08617684245109558,
            0.09106756746768951,
            -0.03291631117463112
        ],
        [
            0.07033795863389969,
            0.08702624589204788,
            -0.004118161275982857
        ],
        [
            0.07257555425167084,
            0.08091841638088226,
            -0.0007745828479528427
        ],
        [
            0.0692661926150322,
            0.07428702712059021,
            -0.04085901007056236
        ],
        [
            0.07502806931734085,
            0.07082691788673401,
            -0.05256205052137375
        ],
        [
            0.07960052043199539,
            0.05953426659107208,
            -0.048336103558540344
        ],
        [
            0.0836806446313858,
            0.06663846224546432,
            -0.0057684313505887985
        ],
        [
            0.07972955703735352,
            0.07593487948179245,
            -0.008596142753958702
        ],
        [
            0.07795323431491852,
            0.07567433267831802,
            -0.004812348634004593
        ],
        [
            0.09004994481801987,
            0.07954677939414978,
            -0.02821420691907406
        ],
        [
            0.08850494772195816,
            0.08466628193855286,
            -0.03215573728084564
        ],
        [
            0.08578594028949738,
            0.08350899815559387,
            -0.028267107903957367
        ],
        [
            0.08744281530380249,
            0.07825195044279099,
            -0.023621154949069023
        ],
        [
            0.06456420570611954,
            0.038646016269922256,
            0.02530279941856861
        ],
        [
            0.07257740199565887,
            0.04356921836733818,
            0.03217914700508118
        ],
        [
            0.10168531537055969,
            0.1127687618136406,
            -0.0442630760371685
        ],
        [
            0.09986912459135056,
            0.11006854474544525,
            -0.04573361575603485
        ],
        [
            0.08766712993383408,
            0.05655092000961304,
            -0.0020476356148719788
        ],
        [
            0.08504120260477066,
            0.04703044146299362,
            -0.04191737249493599
        ],
        [
            0.09239716827869415,
            0.0473717600107193,
            0.0028692688792943954
        ],
        [
            0.05357651039958,
            0.0750938206911087,
            -0.0018702009692788124
        ],
        [
            0.05730905011296272,
            0.07954759895801544,
            0.0032422379590570927
        ],
        [
            0.058115798979997635,
            0.08544345200061798,
            0.0010932506993412971
        ],
        [
            0.05401013419032097,
            0.08421213924884796,
            -0.0031835902482271194
        ],
        [
            0.08751906454563141,
            0.10627332329750061,
            -0.03111475147306919
        ],
        [
            0.09321144968271255,
            0.10534021258354187,
            -0.03134215995669365
        ],
        [
            0.09423540532588959,
            0.10967449098825455,
            -0.030909746885299683
        ],
        [
            0.08881983906030655,
            0.11207710206508636,
            -0.03075360879302025
        ],
        [
            0.09674679487943649,
            0.08343692868947983,
            -0.03884369879961014
        ],
        [
            0.09923344105482101,
            0.08176398277282715,
            -0.044333361089229584
        ],
        [
            0.09877501428127289,
            0.08711660653352737,
            -0.04324904456734657
        ],
        [
            0.09545394033193588,
            0.08753284066915512,
            -0.038244154304265976
        ],
        [
            0.09731598943471909,
            0.08214505761861801,
            -0.05003644526004791
        ],
        [
            0.09738195687532425,
            0.08792918175458908,
            -0.049391649663448334
        ],
        [
            0.08251176029443741,
            0.10831882059574127,
            -0.034652695059776306
        ],
        [
            0.08105351775884628,
            0.11042117327451706,
            -0.0416812002658844
        ],
        [
            0.07707143574953079,
            0.09373391419649124,
            -0.04354393109679222
        ],
        [
            0.08036106824874878,
            0.09457400441169739,
            -0.03628886491060257
        ],
        [
            0.06645791977643967,
            0.024860404431819916,
            -0.0018013380467891693
        ],
        [
            0.06449306011199951,
            0.025222964584827423,
            0.009188354946672916
        ],
        [
            0.060735754668712616,
            0.03962027654051781,
            0.006652640178799629
        ],
        [
            0.05569226294755936,
            0.05342775210738182,
            0.004232722334563732
        ],
        [
            0.05218353495001793,
            0.06674469262361526,
            0.0013367594219744205
        ],
        [
            0.052776921540498734,
            0.06594865024089813,
            -0.010798463597893715
        ],
        [
            0.06041145324707031,
            0.038748741149902344,
            0.014816537499427795
        ],
        [
            0.07650449872016907,
            0.08614224195480347,
            -0.03729100525379181
        ],
        [
            0.07446540892124176,
            0.08254871517419815,
            -0.04425017535686493
        ],
        [
            0.07174335420131683,
            0.08192288130521774,
            -0.039770010858774185
        ],
        [
            0.09081006050109863,
            0.04854186251759529,
            0.0100942961871624
        ],
        [
            0.09882323443889618,
            0.10647439956665039,
            -0.04730456322431564
        ],
        [
            0.09284394979476929,
            -0.005637109279632568,
            -0.02007364109158516
        ],
        [
            0.08182846009731293,
            -0.005503609776496887,
            -0.011805150657892227
        ],
        [
            0.08203893899917603,
            0.002401389181613922,
            -0.015760717913508415
        ],
        [
            0.09535198658704758,
            0.00290534645318985,
            -0.02471175044775009
        ],
        [
            0.09857313334941864,
            0.10463964194059372,
            -0.03567083925008774
        ],
        [
            0.10093315690755844,
            0.10486607253551483,
            -0.04149438440799713
        ],
        [
            0.06949121505022049,
            0.08217008411884308,
            0.005097910761833191
        ],
        [
            0.0675671324133873,
            0.0872960165143013,
            0.0009750192984938622
        ],
        [
            0.06412411481142044,
            0.08812455087900162,
            0.00218715937808156
        ],
        [
            0.0658571794629097,
            0.08524031192064285,
            0.008314331993460655
        ],
        [
            0.06473562121391296,
            0.024388223886489868,
            0.015100888907909393
        ],
        [
            0.05300091579556465,
            0.07323373109102249,
            0.020656045526266098
        ],
        [
            0.04913879930973053,
            0.070152647793293,
            0.011610343120992184
        ],
        [
            0.06781362742185593,
            0.01263909786939621,
            0.01096805464476347
        ],
        [
            0.06900366395711899,
            0.011957429349422455,
            0.0012646019458770752
        ],
        [
            0.07059486210346222,
            0.0027278661727905273,
            0.0040222108364105225
        ],
        [
            0.057628363370895386,
            0.07348809391260147,
            -0.023321092128753662
        ],
        [
            0.06824109703302383,
            0.02683018147945404,
            -0.010091018863022327
        ],
        [
            0.07133306562900543,
            0.013226285576820374,
            -0.005953153595328331
        ],
        [
            0.07334887236356735,
            0.0022456496953964233,
            -0.002987559884786606
        ],
        [
            0.07394160330295563,
            -0.005714550614356995,
            -0.0004967059940099716
        ],
        [
            0.07098120450973511,
            -0.00432981550693512,
            0.006993582472205162
        ],
        [
            0.08424937725067139,
            0.11090553551912308,
            -0.04668843373656273
        ],
        [
            0.08348321169614792,
            0.11686783283948898,
            -0.04034201055765152
        ],
        [
            0.06985396891832352,
            -0.012843057513237,
            0.010022077709436417
        ],
        [
            0.07384993135929108,
            -0.013862751424312592,
            0.0016765091568231583
        ],
        [
            0.07542048394680023,
            0.014196701347827911,
            -0.01420290395617485
        ],
        [
            0.08224955946207047,
            0.01588023453950882,
            -0.023796014487743378
        ],
        [
            0.07242606580257416,
            0.027420438826084137,
            -0.01777740567922592
        ],
        [
            0.07846248149871826,
            0.030028581619262695,
            -0.027562545612454414
        ],
        [
            0.058653607964515686,
            0.06964713335037231,
            -0.033477045595645905
        ],
        [
            0.09478774666786194,
            0.13114817440509796,
            -0.033297739923000336
        ],
        [
            0.08715390413999557,
            0.12169381231069565,
            -0.034453172236680984
        ],
        [
            0.0902513861656189,
            0.11818288266658783,
            -0.03098219633102417
        ],
        [
            0.09497971832752228,
            0.1285640150308609,
            -0.02960165962576866
        ],
        [
            0.08464014530181885,
            0.11473390460014343,
            -0.0340193547308445
        ],
        [
            0.08698596805334091,
            0.12237207591533661,
            -0.04019943252205849
        ],
        [
            0.09074325859546661,
            0.03313406556844711,
            -0.03698541224002838
        ],
        [
            0.0833602100610733,
            0.08829400688409805,
            -0.03176139295101166
        ],
        [
            0.09925086796283722,
            0.01876428723335266,
            -0.03292866423726082
        ],
        [
            0.10381647944450378,
            0.04256724566221237,
            -0.04448060691356659
        ],
        [
            0.11223122477531433,
            0.0331706665456295,
            -0.03999829664826393
        ],
        [
            0.10971272736787796,
            0.004582956433296204,
            -0.02837183140218258
        ],
        [
            0.11936601996421814,
            0.0194769948720932,
            -0.03407164663076401
        ],
        [
            0.10372274369001389,
            -0.012002140283584595,
            -0.01959548518061638
        ],
        [
            0.10490018874406815,
            -0.00373096764087677,
            -0.023615378886461258
        ],
        [
            0.12737339735031128,
            0.03665819391608238,
            -0.035128481686115265
        ],
        [
            0.10554440319538116,
