{
    "pred_cam": [
        13.43508529663086,
        0.12887072563171387,
        -0.041779421269893646
    ],
    "pred_mano_params": {
        "global_orient": [
            [
                [
                    -0.6783369183540344,
                    0.1265144795179367,
                    -0.7237768769264221
                ],
                [
                    -0.3325420320034027,
                    -0.9312625527381897,
                    0.14888198673725128
                ],
                [
                    -0.6551905870437622,
                    0.3416784107685089,
                    0.673781156539917
                ]
            ]
        ],
        "hand_pose": [
            [
                [
                    0.5921160578727722,
                    -0.7538807392120361,
                    -0.2847146689891815
                ],
                [
                    0.7403379082679749,
                    0.6484351754188538,
                    -0.1772894263267517
                ],
                [
                    0.3182741105556488,
                    -0.10580915212631226,
                    0.9420753717422485
                ]
            ],
            [
                [
                    0.6925175189971924,
                    -0.6775050759315491,
                    0.2478029727935791
                ],
                [
                    0.7197542786598206,
                    0.6256973147392273,
                    -0.3007601797580719
                ],
                [
                    0.048716913908720016,
                    0.38663890957832336,
                    0.920943558216095
                ]
            ],
            [
                [
                    0.943293571472168,
                    -0.31276413798332214,
                    0.11124686896800995
                ],
                [
                    0.2967577576637268,
                    0.9446877241134644,
                    0.13964234292507172
                ],
                [
                    -0.14876866340637207,
                    -0.09871034324169159,
                    0.9839330315589905
                ]
            ],
            [
                [
                    0.11241504549980164,
                    -0.9134727716445923,
                    -0.3910630941390991
                ],
                [
                    0.9936273097991943,
                    0.1065998300909996,
                    0.036624666303396225
                ],
                [
                    0.00823164638131857,
                    -0.3926880955696106,
                    0.9196349382400513
                ]
            ],
            [
                [
                    0.412434458732605,
                    -0.8818963766098022,
                    -0.22837811708450317
                ],
                [
                    0.9104845523834229,
                    0.3907158672809601,
                    0.13549548387527466
                ],
                [
                    -0.030262017622590065,
                    -0.2638177275657654,
                    0.9640976786613464
                ]
            ],
            [
                [
                    0.7471728920936584,
                    -0.6595486998558044,
                    0.08202509582042694
                ],
                [
                    0.657079815864563,
                    0.7515875101089478,
                    0.05798589810729027
                ],
                [
                    -0.09989355504512787,
                    0.010571537539362907,
                    0.9949419498443604
                ]
            ],
            [
                [
                    0.14262545108795166,
                    -0.9649075269699097,
                    -0.22047999501228333
                ],
                [
                    0.6599191427230835,
                    -0.07331571727991104,
                    0.7477510571479797
                ],
                [
                    -0.7376753091812134,
                    -0.25214725732803345,
                    0.6263042688369751
                ]
            ],
            [
                [
                    0.5294848084449768,
                    -0.821292519569397,
                    -0.21242505311965942
                ],
                [
                    0.7101976871490479,
                    0.292199045419693,
                    0.6404989957809448
                ],
                [
                    -0.46396663784980774,
                    -0.48999831080436707,
                    0.7379949688911438
                ]
            ],
            [
                [
                    0.929913341999054,
                    -0.3618432283401489,
                    -0.06580699980258942
                ],
                [
                    0.288561075925827,
                    0.6069038510322571,
                    0.7405403852462769
                ],
                [
                    -0.2280210256576538,
                    -0.7076278328895569,
                    0.6687818765640259
                ]
            ],
            [
                [
                    0.05040619149804115,
                    -0.9977041482925415,
                    -0.045228783041238785
                ],
                [
                    0.9591794610023499,
                    0.03574259206652641,
                    0.28053033351898193
                ],
                [
                    -0.2782696783542633,
                    -0.057522982358932495,
                    0.958778977394104
                ]
            ],
            [
                [
                    0.48890912532806396,
                    -0.8515626192092896,
                    -0.18923281133174896
                ],
                [
                    0.7521217465400696,
                    0.3016064465045929,
                    0.5859577655792236
                ],
                [
                    -0.4419058561325073,
                    -0.4288061857223511,
                    0.7879369258880615
                ]
            ],
            [
                [
                    0.7635413408279419,
                    -0.6454358100891113,
                    0.02042992040514946
                ],
                [
                    0.6154749989509583,
                    0.7369441986083984,
                    0.2794705331325531
                ],
                [
                    -0.19543597102165222,
                    -0.2008131593465805,
                    0.9599369764328003
                ]
            ],
            [
                [
                    0.9623546004295349,
                    0.022461818531155586,
                    -0.27086740732192993
                ],
                [
                    -0.23110398650169373,
                    0.5921518802642822,
                    -0.7719759941101074
                ],
                [
                    0.14305472373962402,
                    0.8055131435394287,
                    0.5750511288642883
                ]
            ],
            [
                [
                    0.9944382905960083,
                    -0.08457919955253601,
                    -0.06276103854179382
                ],
                [
                    0.1051829531788826,
                    0.7669987678527832,
                    0.6329687833786011
                ],
                [
                    -0.005398383364081383,
                    -0.636049747467041,
                    0.7716292142868042
                ]
            ],
            [
                [
                    0.7842469215393066,
                    -0.6129003167152405,
                    -0.09648837894201279
                ],
                [
                    0.32134684920310974,
                    0.5342709422111511,
                    -0.7818508744239807
                ],
                [
                    0.5307475328445435,
                    0.5821579098701477,
                    0.6159539222717285
                ]
            ]
        ],
        "betas": [
            -0.15003031492233276,
            -0.04212525486946106,
            -0.05960920453071594,
            -0.058340221643447876,
            -0.027889251708984375,
            0.007797669619321823,
            -0.027170568704605103,
            -0.04483857750892639,
            0.04259808361530304,
            -0.005872249603271484
        ]
    },
    "pred_cam_t": [
        -0.12887072563171387,
        -0.041779421269893646,
        2.907499313354492
    ],
    "focal_length": [
        5000.0,
        5000.0
    ],
    "pred_keypoints_3d": [
        [
            0.09637828171253204,
            0.006438617594540119,
            0.006256893277168274
        ],
        [
            0.0920214131474495,
            0.03296571969985962,
            0.034271273761987686
        ],
        [
            0.0991375669836998,
            0.0555909126996994,
            0.05423394590616226
        ],
        [
            0.11065653711557388,
            0.06965485960245132,
            0.07457607239484787
        ],
        [
            0.13225659728050232,
            0.09633683413267136,
            0.07300085574388504
        ],
        [
            0.14080438017845154,
            0.0438549630343914,
            0.07665321975946426
        ],
        [
            0.16007788479328156,
            0.0708954781293869,
            0.0783296599984169
        ],
        [
            0.15752482414245605,
            0.0886894166469574,
            0.0649954155087471
        ],
        [
            0.14894601702690125,
            0.10591962933540344,
            0.04907425493001938
        ],
        [
            0.16331267356872559,
            0.03898465260863304,
            0.06594114005565643
        ],
        [
            0.16585196554660797,
            0.0681677758693695,
            0.053088605403900146
        ],
        [
            0.14639025926589966,
            0.07148765027523041,
            0.04038872569799423
        ],
        [
            0.12244980782270432,
            0.06453767418861389,
            0.03515573963522911
        ],
        [
            0.17118030786514282,
            0.03348119556903839,
            0.04071167856454849
        ],
        [
            0.1676827073097229,
            0.0618157684803009,
            0.03497692570090294
        ],
        [
            0.1453736573457718,
            0.0628974437713623,
            0.0236811563372612
        ],
        [
            0.12239781767129898,
            0.05298807844519615,
            0.020089931786060333
        ],
        [
            0.17363519966602325,
            0.032327406108379364,
            0.018870774656534195
        ],
        [
            0.16733314096927643,
            0.052288077771663666,
            0.014797264710068703
        ],
        [
            0.1492215394973755,
            0.050193727016448975,
            0.008959139697253704
        ],
        [
            0.1326432079076767,
            0.03641520068049431,
            0.010254407301545143
        ]
    ],
    "pred_vertices": [
        [
            0.11687999218702316,
            0.04101401939988136,
            0.04396021366119385
        ],
        [
            0.11037985980510712,
            0.038865163922309875,
            0.03556818887591362
        ],
        [
            0.11170141398906708,
            0.04616354778409004,
            0.042831845581531525
        ],
        [
            0.1161884069442749,
            0.04688764736056328,
            0.051163990050554276
        ],
        [
            0.09831087291240692,
            0.05206240341067314,
            0.027694758027791977
        ],
        [
            0.08656218647956848,
            0.05256478115916252,
            0.028280749917030334
        ],
        [
            0.09357698261737823,
            0.06214345619082451,
            0.04096384719014168
        ],
        [
            0.1030222624540329,
            0.06163249909877777,
            0.038812361657619476
        ],
        [
            0.11636462807655334,
            0.05025601387023926,
            0.058471158146858215
        ],
        [
            0.11325031518936157,
            0.05238281190395355,
            0.04938538372516632
        ],
        [
            0.11498209834098816,
            0.04809895157814026,
            0.06290982663631439
        ],
        [
            0.11807559430599213,
            0.04147433489561081,
            0.07291439175605774
        ],
        [
            0.1197284460067749,
            0.0466010607779026,
            0.06724030524492264
        ],
        [
            0.12382949888706207,
            0.03977230191230774,
            0.07868023961782455
        ],
        [
            0.1134868636727333,
            0.031139034777879715,
            0.07274830341339111
        ],
        [
            0.12747758626937866,
            0.030805829912424088,
            0.08037959784269333
        ],
        [
            0.1274966150522232,
            0.011716946959495544,
            0.05675136297941208
        ],
        [
            0.13488972187042236,
            0.00789099931716919,
            0.04571470990777016
        ],
        [
            0.14950904250144958,
            0.013423658907413483,
            0.056217409670352936
        ],
        [
            0.14011551439762115,
            0.017781365662813187,
            0.06593117862939835
        ],
        [
            0.1548835188150406,
            0.010625351220369339,
            0.03565176948904991
        ],
        [
            0.15248259902000427,
            0.012597212567925453,
            0.04735887795686722
        ],
        [
            0.13826456665992737,
            0.005707681179046631,
            0.0374533012509346
        ],
        [
            0.14084786176681519,
            0.004616018384695053,
            0.027462773025035858
        ],
        [
            0.12086513638496399,
            0.03389965370297432,
            0.030269727110862732
        ],
        [
            0.1137455403804779,
            0.031224630773067474,
            0.022289659827947617
        ],
        [
            0.11185581982135773,
            0.0325787253677845,
            0.027547746896743774
        ],
        [
            0.11857032775878906,
            0.03561456501483917,
            0.035055603832006454
        ],
        [
            0.10694409906864166,
            0.048936840146780014,
            0.06611678004264832
        ],
        [
            0.10131916403770447,
            0.03989902138710022,
            0.0651177242398262
        ],
        [
            0.10910847783088684,
            0.04202072322368622,
            0.06612040102481842
        ],
        [
            0.11119700968265533,
            0.05196046829223633,
            0.06408204138278961
        ],
        [
            0.10106336325407028,
            0.02831219881772995,
            -0.0038737356662750244
        ],
        [
            0.0919456034898758,
            0.01894465461373329,
            -0.007966175675392151
        ],
        [
            0.08821985125541687,
            0.01960577629506588,
            -0.003367602825164795
        ],
        [
            0.09748963266611099,
            0.02756817638874054,
            -0.00041062384843826294
        ],
        [
            0.07902946323156357,
            0.032314691692590714,
            0.013562284409999847
        ],
        [
            0.07577397674322128,
            0.02195214293897152,
            0.00986122339963913
        ],
        [
            0.06701295077800751,
            0.013778511434793472,
            0.016561955213546753
        ],
        [
            0.07010328024625778,
            0.02204795368015766,
            0.02314310520887375
        ],
        [
            0.08246055245399475,
            0.04335268959403038,
            0.02051495760679245
        ],
        [
            0.07300756871700287,
            0.035766515880823135,
            0.027803927659988403
        ],
        [
            0.07833987474441528,
            0.047203294932842255,
            0.03449000045657158
        ],
        [
            0.08691878616809845,
            0.057041868567466736,
            0.045911166816949844
        ],
        [
            0.10035483539104462,
            0.014653688296675682,
            -0.016825206577777863
        ],
        [
            0.10814643651247025,
            0.02138654515147209,
            -0.015437088906764984
        ],
        [
            0.14749720692634583,
            0.07470686733722687,
            0.0723615288734436
        ],
        [
            0.15054327249526978,
            0.07342687994241714,
            0.067146435379982
        ],
        [
            0.14857342839241028,
            0.07031344622373581,
            0.06803532689809799
        ],
        [
            0.14621520042419434,
            0.07215692102909088,
            0.07308022677898407
        ],
        [
            0.11602412909269333,
            0.0015291199088096619,
            -0.015981066972017288
        ],
        [
            0.11749910563230515,
            -0.007072031497955322,
            -0.01082911342382431
        ],
        [
            0.11251568794250488,
            -0.00856824591755867,
            -0.016025565564632416
        ],
        [
            0.10956964641809464,
            -0.0003386884927749634,
            -0.019653912633657455
        ],
        [
            0.12455566972494125,
            0.003915421664714813,
            -0.01112237200140953
        ],
        [
            0.12406296283006668,
            -0.004446588456630707,
            -0.0034639574587345123
        ],
        [
            0.15593597292900085,
            0.07670632004737854,
            0.08209919929504395
        ],
        [
            0.15096919238567352,
            0.07728166878223419,
            0.08035875856876373
        ],
        [
            0.15074630081653595,
            0.07293985038995743,
            0.08241558074951172
        ],
        [
            0.15560461580753326,
            0.07096018642187119,
            0.08368430286645889
        ],
        [
            0.12087193876504898,
            0.04746482893824577,
            0.05954836308956146
        ],
        [
            0.12297461181879044,
            0.044444430619478226,
            0.050931889563798904
        ],
        [
            0.1328614354133606,
            0.05041816830635071,
            0.06911925971508026
        ],
        [
            0.1304640918970108,
            0.04742271080613136,
            0.062161434441804886
        ],
        [
            0.12555207312107086,
            0.047490645200014114,
            0.06730031222105026
        ],
        [
            0.12857136130332947,
            0.04929540678858757,
            0.0731329619884491
        ],
        [
            0.13978709280490875,
            0.03934042528271675,
            0.04163984954357147
        ],
        [
            0.13105377554893494,
            0.03573046624660492,
            0.03485136851668358
        ],
        [
            0.12885859608650208,
            0.03776536509394646,
            0.04085493087768555
        ],
        [
            0.13722267746925354,
            0.04283836856484413,
            0.04923590272665024
        ],
        [
            0.13717350363731384,
            0.034610409289598465,
            0.021966222673654556
        ],
        [
            0.14527831971645355,
            0.0376054011285305,
            0.0298557598143816
        ],
        [
            0.14755600690841675,
            0.03638748079538345,
            0.021549133583903313
        ],
        [
            0.14137253165245056,
            0.035610053688287735,
            0.017103835940361023
        ],
        [
            0.15651379525661469,
            0.042483869940042496,
            0.04634538292884827
        ],
        [
            0.1583355963230133,
            0.04242827370762825,
            0.05068974569439888
        ],
        [
            0.1596820205450058,
            0.04334999620914459,
            0.04671311378479004
        ],
        [
            0.15748590230941772,
            0.041987258940935135,
            0.0426211953163147
        ],
        [
            0.10741616040468216,
            -0.010976068675518036,
            -0.02047136425971985
        ],
        [
            0.10297985374927521,
            -0.002354886382818222,
            -0.022372521460056305
        ],
        [
            0.16014991700649261,
            0.011015480384230614,
            0.013688098639249802
        ],
        [
            0.15672914683818817,
            0.014980927109718323,
            0.0034290365874767303
        ],
        [
            0.16792304813861847,
            0.021039489656686783,
            0.008320026099681854
        ],
        [
            0.1701294481754303,
            0.014094213023781776,
            0.018923575058579445
        ],
        [
            0.11599026620388031,
            -0.012050319463014603,
            -0.001777689903974533
        ],
        [
            0.11243542283773422,
            -0.01496124267578125,
            -0.0081978440284729
        ],
        [
            0.16180305182933807,
            0.07495716214179993,
            0.08020938187837601
        ],
        [
            0.16097219288349152,
            0.06905547529459,
            0.08139672130346298
        ],
        [
            0.07517436146736145,
            0.03468294069170952,
            0.041842617094516754
        ],
        [
            0.08403235673904419,
            0.04969215765595436,
            0.05171755328774452
        ],
        [
            0.07117698341608047,
            0.02084841951727867,
            0.03406801074743271
        ],
        [
            0.07023229449987411,
            0.010550126433372498,
            0.02829957753419876
        ],
        [
            0.06711748242378235,
            0.003443058580160141,
            0.02322770655155182
        ],
        [
            0.13652828335762024,
            0.04738094285130501,
            0.059888169169425964
        ],
        [
            0.12355421483516693,
            0.03951386362314224,
            0.04294692724943161
        ],
        [
            0.12307114154100418,
            0.032956771552562714,
            0.025728877633810043
        ],
        [
            0.1400364637374878,
            0.03340040519833565,
            -0.0003828667104244232
        ],
        [
            0.13186591863632202,
            0.03090236894786358,
            -0.006210204213857651
        ],
        [
            0.1289253830909729,
            0.034590575844049454,
            0.0036032721400260925
        ],
        [
            0.13680106401443481,
            0.03546193614602089,
            0.006903909146785736
        ],
        [
            0.15472804009914398,
            0.02374088019132614,
            -0.0015494190156459808
        ],
        [
            0.15155178308486938,
            0.031021585687994957,
            0.000707235187292099
        ],
        [
            0.15749382972717285,
            0.032785892486572266,
            0.004864145070314407
        ],
        [
            0.1628858745098114,
            0.027013998478651047,
            0.0034004300832748413
        ],
        [
            0.09991105645895004,
            0.04980937018990517,
            0.06810504198074341
        ],
        [
            0.09414535760879517,
            0.0396706685423851,
            0.06369023770093918
        ],
        [
            0.112209253013134,
            0.011288600042462349,
            -0.018200933933258057
        ],
        [
            0.10484055429697037,
            0.008750323206186295,
            -0.019634943455457687
        ],
        [
            0.09817194938659668,
            0.0038358867168426514,
            -0.022112298756837845
        ],
        [
            0.10627816617488861,
            0.030657533556222916,
            0.00977497547864914
        ],
        [
            0.09492764621973038,
            0.02723652683198452,
            0.0019305720925331116
        ],
        [
            0.09270758926868439,
            0.02887844853103161,
            0.005382873117923737
        ],
        [
            0.10499203205108643,
            0.03017423115670681,
            0.012797530740499496
        ],
        [
            0.1044108122587204,
            0.039797451347112656,
            0.025704778730869293
        ],
        [
            0.09387890249490738,
            0.041143424808979034,
            0.01738341897726059
        ],
        [
            0.1082475483417511,
            0.04883396998047829,
            0.03369523212313652
        ],
        [
            0.08191054314374924,
            0.019898833706974983,
            0.0018997043371200562
        ],
        [
            0.08026123046875,
            0.01444530300796032,
            -0.007671236991882324
        ],
        [
            0.07448427379131317,
            0.014507405459880829,
            -0.0008184537291526794
        ],
        [
            0.08681119978427887,
            0.011875592172145844,
            -0.01460699737071991
        ],
        [
            0.09315413236618042,
            0.008409608155488968,
            -0.01992958039045334
        ],
        [
            0.10854630172252655,
            -0.020608853548765182,
            -0.013403430581092834
        ],
        [
            0.07026340067386627,
            0.013661984354257584,
            0.006412103772163391
        ],
        [
            0.10489819943904877,
            0.06518740206956863,
            0.04749607294797897
        ],
        [
            0.10590879619121552,
            0.06800537556409836,
            0.05482816696166992
        ],
        [
            0.11228157579898834,
            0.06353288888931274,
            0.055473558604717255
        ],
        [
            0.11157719045877457,
            0.060824401676654816,
            0.04957681521773338
        ],
        [
            0.1313541829586029,
            0.04204513505101204,
            0.08349515497684479
        ],
        [
            0.1284286379814148,
            0.04745502024888992,
            0.07868726551532745
        ],
        [
            0.12228555977344513,
            0.045052509754896164,
            0.07346567511558533
        ],
        [
            0.11220693588256836,
            0.03152454271912575,
            -0.002245388925075531
        ],
        [
            0.11769336462020874,
            0.025678955018520355,
            -0.012267712503671646
        ],
        [
            0.13865232467651367,
            0.05025099590420723,
            0.06657502800226212
        ],
        [
            0.15506167709827423,
            0.06639973074197769,
            0.08545490354299545
        ],
        [
            0.14945191144943237,
            0.06862785667181015,
            0.0844392478466034
        ],
        [
            0.1399650275707245,
            0.05364668369293213,
            0.08559292554855347
        ],
        [
            0.1464059054851532,
            0.050842102617025375,
            0.08703354001045227
        ],
        [
            0.14799734950065613,
            0.04916014149785042,
            0.06785596162080765
        ],
        [
            0.14097115397453308,
            0.05130784958600998,
            0.06702010333538055
        ],
        [
            0.14277300238609314,
            0.05168744549155235,
            0.06676879525184631
        ],
        [
            0.14944082498550415,
            0.050939250737428665,
            0.06548919528722763
        ],
        [
            0.16080345213413239,
            0.0410996675491333,
            0.037510454654693604
        ],
        [
            0.15864580869674683,
            0.04041526839137077,
            0.03416932374238968
        ],
        [
            0.15167991816997528,
            0.027901088818907738,
            0.07209006696939468
        ],
        [
            0.1425139456987381,
            0.026874050498008728,
            0.08264755457639694
        ],
        [
            0.13203002512454987,
            0.021575409919023514,
            0.07527904212474823
        ],
        [
            0.14238229393959045,
            0.03777057304978371,
            0.034715257585048676
        ],
        [
            0.15044787526130676,
            0.040816545486450195,
            0.040178120136260986
        ],
        [
            0.15203097462654114,
            0.039982572197914124,
            0.03642106056213379
        ],
        [
            0.1411849409341812,
            0.047440290451049805,
            0.05967507138848305
        ],
        [
            0.14446504414081573,
            0.04903404414653778,
            0.0646829679608345
        ],
        [
            0.14673681557178497,
            0.04710862785577774,
            0.06124803423881531
        ],
        [
            0.14333142340183258,
            0.04557870328426361,
            0.0550684817135334
        ],
        [
            0.1455383598804474,
            0.00985533557832241,
            -0.0022432804107666016
        ],
        [
            0.14401988685131073,
            0.020187528803944588,
            -0.007966175675392151
        ],
        [
            0.14777620136737823,
            0.07632207870483398,
            0.07695075869560242
        ],
        [
            0.1470409482717514,
            0.07314340025186539,
            0.07843121141195297
        ],
        [
            0.13373370468616486,
            0.034368846565485,
            0.028192415833473206
        ],
        [
            0.12092513591051102,
            0.017575182020664215,
            0.06475911289453506
        ],
        [
            0.1253851056098938,
            0.0323665514588356,
            0.020721200853586197
        ],
        [
            0.17135196924209595,
            0.02636774629354477,
            0.034293632954359055
        ],
        [
            0.1702093631029129,
            0.033752039074897766,
            0.029220543801784515
        ],
        [
            0.1698610782623291,
            0.036660321056842804,
            0.030180662870407104
        ],
        [
            0.17244307696819305,
            0.03407535329461098,
            0.034327954053878784
        ],
        [
            0.1574353575706482,
            0.0625346451997757,
            0.06547717750072479
        ],
        [
            0.15229418873786926,
            0.06568312644958496,
            0.06515497714281082
        ],
        [
            0.1533966213464737,
            0.06811219453811646,
            0.06456401944160461
        ],
        [
            0.15917503833770752,
            0.06634607911109924,
            0.06502441316843033
        ],
        [
            0.1358250081539154,
            0.05244290828704834,
            0.06982772797346115
        ],
        [
            0.1320834457874298,
            0.05251869931817055,
            0.07487308233976364
        ],
        [
            0.13538804650306702,
            0.055965982377529144,
            0.0743279978632927
        ],
        [
            0.13907013833522797,
            0.05436859652400017,
            0.06959744542837143
        ],
        [
            0.1325872242450714,
            0.05089142546057701,
            0.08061982691287994
        ],
        [
            0.13592328131198883,
            0.0552024319767952,
            0.08077941089868546
        ],
        [
            0.16205033659934998,
            0.06080450490117073,
            0.06971179693937302
        ],
        [
            0.16322913765907288,
            0.06166607141494751,
            0.07721718400716782
        ],
        [
            0.15651005506515503,
            0.046616680920124054,
            0.07733888179063797
        ],
        [
            0.15572676062583923,
            0.0494501106441021,
            0.06986816972494125
        ],
        [
            0.12875398993492126,
            -0.002550426870584488,
            0.020307399332523346
        ],
        [
            0.13281381130218506,
            -0.0018279440701007843,
            0.009817268699407578
        ],
        [
            0.14521825313568115,
            0.005043625831604004,
            0.016682609915733337
        ],
        [
            0.15884414315223694,
            0.010892912745475769,
            0.023535314947366714
        ],
        [
            0.1701345592737198,
            0.017777225002646446,
            0.030533134937286377
        ],
        [
            0.16709324717521667,
            0.015597276389598846,
            0.0423307940363884
        ],
        [
            0.14655332267284393,
            0.005541015416383743,
            0.008322641253471375
        ],
        [
            0.15238218009471893,
            0.04137662798166275,
            0.07032697647809982
        ],
        [
            0.15212352573871613,
            0.03700847178697586,
            0.07664825022220612
        ],
        [
            0.1541339010000229,
            0.03649452328681946,
            0.07234474271535873
        ],
        [
            0.12880820035934448,
            0.03330804407596588,
            0.014054294675588608
        ],
        [
            0.14566880464553833,
            0.0698603019118309,
            0.08075667917728424
        ],
        [
            0.0851060077548027,
            -0.008916590362787247,
            0.02837403491139412
        ],
        [
            0.09494814276695251,
            -0.014862094074487686,
            0.020973656326532364
        ],
        [
            0.09922957420349121,
            -0.009885106235742569,
            0.026878003031015396
        ],
        [
            0.08795617520809174,
            -0.00224265456199646,
            0.03486363962292671
        ],
        [
            0.14696694910526276,
            0.06874234229326248,
            0.06891874223947525
        ],
        [
            0.1441088169813156,
            0.07005059719085693,
            0.07456307858228683
        ],
        [
            0.16131556034088135,
            0.04108906164765358,
            0.028288746252655983
        ],
        [
            0.1633104383945465,
            0.04129530489444733,
            0.03208043798804283
        ],
        [
            0.16478100419044495,
            0.040084123611450195,
            0.029230572283267975
        ],
        [
            0.16454361379146576,
            0.041313741356134415,
            0.025161409750580788
        ],
        [
            0.13339294493198395,
            -0.001259826123714447,
            0.0037349388003349304
        ],
        [
            0.1716803014278412,
            0.03037908487021923,
            0.008805632591247559
        ],
        [
            0.1744319051504135,
            0.02386058308184147,
            0.01961894892156124
        ],
        [
            0.12211813032627106,
            -0.007838547229766846,
            0.004403349012136459
        ],
        [
            0.11871472001075745,
            -0.009162325412034988,
            0.013574495911598206
        ],
        [
            0.11192874610424042,
            -0.01404530555009842,
            0.00830032303929329
        ],
        [
            0.16380392014980316,
            0.023305095732212067,
            0.0549623966217041
        ],
        [
            0.1269221007823944,
            -0.0013028495013713837,
            0.028824124485254288
        ],
        [
            0.11630775034427643,
            -0.00789639726281166,
            0.020836859941482544
        ],
        [
            0.10810964554548264,
            -0.013672474771738052,
            0.014864660799503326
        ],
        [
            0.10292249917984009,
            -0.01845717430114746,
            0.010264448821544647
        ],
        [
            0.10760113596916199,
            -0.01828639954328537,
            0.003523111343383789
        ],
        [
            0.15996605157852173,
            0.06390049308538437,
            0.08220677077770233
        ],
        [
            0.1653757095336914,
            0.06723003834486008,
            0.07584097981452942
        ],
        [
            0.10339073836803436,
            -0.024556118994951248,
            -0.0016833879053592682
        ],
        [
            0.09803709387779236,
            -0.02390092983841896,
            0.005948394536972046
        ],
        [
            0.1122199222445488,
            -0.005880717188119888,
            0.02895192801952362
        ],
        [
            0.1063147708773613,
            -0.0019601769745349884,
            0.038186926394701004
        ],
        [
            0.12251900881528854,
            0.0006572157144546509,
            0.0362812876701355
        ],
        [
            0.11768055707216263,
            0.004720587283372879,
            0.04615345597267151
        ],
        [
            0.1599677950143814,
            0.018555430695414543,
            0.06508775055408478
        ],
        [
            0.16599597036838531,
            0.08390383422374725,
            0.0658634603023529
        ],
        [
            0.1659489870071411,
            0.07255657017230988,
            0.06855076551437378
        ],
        [
            0.16150601208209991,
            0.07145129144191742,
            0.06470127403736115
        ],
        [
            0.1641167253255844,
            0.08214722573757172,
            0.06236876919865608
        ],
        [
            0.16376200318336487,
            0.06591206789016724,
            0.06884132325649261
        ],
        [
            0.1661245971918106,
            0.07330599427223206,
            0.07445770502090454
        ],
        [
            0.10854825377464294,
            0.012639138847589493,
            0.05548641085624695
        ],
        [
            0.14947201311588287,
            0.0473722405731678,
            0.06604988127946854
        ],
        [
            0.09373600780963898,
            0.008972834795713425,
            0.046773675829172134
        ],
        [
            0.1029798686504364,
            0.0250870231539011,
            0.06586991250514984
        ],
        [
            0.09172821044921875,
            0.024893324822187424,
            0.05830524489283562
        ],
        [
            0.07784867286682129,
            0.007507137954235077,
            0.03816678375005722
        ],
        [
            0.07907849550247192,
            0.021936671808362007,
            0.04811730235815048
        ],
        [
            0.07306298613548279,
            -0.005793344229459763,
            0.02577294036746025
        ],
        [
            0.07687884569168091,
            -0.000158652663230896,
            0.03166668862104416
        ],
        [
            0.08341166377067566,
            0.0365595817565918,
            0.05501829460263252
        ],
        [
            0.14950963854789734,
            0.08224162459373474,
            0.06635645031929016
        ],
        [
            0.15338414907455444,
            0.08024120330810547,
            0.06219577416777611
        ],
        [
