{
    "pred_cam": [
        7.0084686279296875,
        0.09288719296455383,
        -0.07104876637458801
    ],
    "pred_mano_params": {
        "global_orient": [
            [
                [
                    0.2578360140323639,
                    -0.7626738548278809,
                    0.5931687951087952
                ],
                [
                    -0.9042288661003113,
                    -0.40678563714027405,
                    -0.12998327612876892
                ],
                [
                    0.3404273986816406,
                    -0.5028459429740906,
                    -0.7945156693458557
                ]
            ]
        ],
        "hand_pose": [
            [
                [
                    0.8566212058067322,
                    -0.43267661333084106,
                    -0.2810535728931427
                ],
                [
                    0.4171369671821594,
                    0.901376485824585,
                    -0.11626313626766205
                ],
                [
                    0.3036394417285919,
                    -0.017644381150603294,
                    0.9526236057281494
                ]
            ],
            [
                [
                    0.4531518220901489,
                    -0.8230993747711182,
                    0.3422877788543701
                ],
                [
                    0.8757840991020203,
                    0.48270130157470703,
                    0.0013086401158943772
                ],
                [
                    -0.16629987955093384,
                    0.2991771697998047,
                    0.9395942687988281
                ]
            ],
            [
                [
                    0.624596357345581,
                    -0.7785643935203552,
                    0.06096695736050606
                ],
                [
                    0.7721441388130188,
                    0.6039813756942749,
                    -0.19748392701148987
                ],
                [
                    0.11693102866411209,
                    0.1704230010509491,
                    0.9784085154533386
                ]
            ],
            [
                [
                    0.9069089293479919,
                    -0.3429756462574005,
                    -0.2447119951248169
                ],
                [
                    0.3340911269187927,
                    0.9392828345298767,
                    -0.07829991728067398
                ],
                [
                    0.2567087411880493,
                    -0.0107452142983675,
                    0.9664291143417358
                ]
            ],
            [
                [
                    0.1547449678182602,
                    -0.9550619125366211,
                    -0.2528057396411896
                ],
                [
                    0.9748518466949463,
                    0.10607247054576874,
                    0.19599108397960663
                ],
                [
                    -0.16036789119243622,
                    -0.2767767906188965,
                    0.947458028793335
                ]
            ],
            [
                [
                    0.801173985004425,
                    -0.5568788647651672,
                    -0.21910348534584045
                ],
                [
                    0.5840209722518921,
                    0.8074547648429871,
                    0.08328435570001602
                ],
                [
                    0.13053686916828156,
                    -0.19468627870082855,
                    0.9721406698226929
                ]
            ],
            [
                [
                    0.6595151424407959,
                    -0.41577035188674927,
                    0.6262385845184326
                ],
                [
                    0.4381502866744995,
                    0.8895726203918457,
                    0.12916985154151917
                ],
                [
                    -0.6107897162437439,
                    0.18919716775417328,
                    0.7688565254211426
                ]
            ],
            [
                [
                    0.5437054634094238,
                    -0.6667761206626892,
                    -0.5096999406814575
                ],
                [
                    0.8136110901832581,
                    0.2697080075740814,
                    0.5150675773620605
                ],
                [
                    -0.2059646099805832,
                    -0.6947425603866577,
                    0.6891381740570068
                ]
            ],
            [
                [
                    0.8143646121025085,
                    -0.5683755278587341,
                    0.11730058491230011
                ],
                [
                    0.5242403745651245,
                    0.8071487545967102,
                    0.27144598960876465
                ],
                [
                    -0.24896229803562164,
                    -0.159562349319458,
                    0.9552788138389587
                ]
            ],
            [
                [
                    0.8829352259635925,
                    -0.46003690361976624,
                    0.09376270323991776
                ],
                [
                    0.46634960174560547,
                    0.8824307918548584,
                    -0.061919454485177994
                ],
                [
                    -0.05425385758280754,
                    0.09839706122875214,
                    0.9936672449111938
                ]
            ],
            [
                [
                    0.35845208168029785,
                    -0.8739548325538635,
                    -0.3281996548175812
                ],
                [
                    0.8949850797653198,
                    0.2217080295085907,
                    0.38710111379623413
                ],
                [
                    -0.26554441452026367,
                    -0.4324909746646881,
                    0.8616482615470886
                ]
            ],
            [
                [
                    0.7729250192642212,
                    -0.5380560755729675,
                    -0.33627772331237793
                ],
                [
                    0.6163167357444763,
                    0.7626243829727173,
                    0.19636136293411255
                ],
                [
                    0.15080015361309052,
                    -0.359026163816452,
                    0.9210644364356995
                ]
            ],
            [
                [
                    0.9994955658912659,
                    -0.031517721712589264,
                    0.00390473916195333
                ],
                [
                    0.015990514308214188,
                    0.39320001006126404,
                    -0.9193138480186462
                ],
                [
                    0.027439331635832787,
                    0.9189125895500183,
                    0.39350566267967224
                ]
            ],
            [
                [
                    0.9544312953948975,
                    -0.19361914694309235,
                    -0.2270960509777069
                ],
                [
                    0.29465213418006897,
                    0.7320980429649353,
                    0.614176332950592
                ],
                [
                    0.04734028875827789,
                    -0.6531034111976624,
                    0.7557875514030457
                ]
            ],
            [
                [
                    0.9525130391120911,
                    0.2259657233953476,
                    -0.20410379767417908
                ],
                [
                    -0.18803226947784424,
                    0.9637207984924316,
                    0.18943622708320618
                ],
                [
                    0.23950517177581787,
                    -0.14206238090991974,
                    0.9604454636573792
                ]
            ]
        ],
        "betas": [
            -0.0679585337638855,
            -0.013502418994903564,
            -0.08591660857200623,
            0.015762418508529663,
            0.060789644718170166,
            -0.00579395517706871,
            0.09389564394950867,
            -0.10958525538444519,
            0.0047290027141571045,
            -0.04712584614753723
        ]
    },
    "pred_cam_t": [
        -0.09288719296455383,
        -0.07104876637458801,
        5.573614120483398
    ],
    "focal_length": [
        5000.0,
        5000.0
    ],
    "pred_keypoints_3d": [
        [
            0.09611761569976807,
            0.006410413421690464,
            0.006213521584868431
        ],
        [
            0.1171288937330246,
            0.03124946728348732,
            -0.014743922278285027
        ],
        [
            0.13439935445785522,
            0.056652676314115524,
            -0.018079379573464394
        ],
        [
            0.14046163856983185,
            0.0829077661037445,
            -0.021827980875968933
        ],
        [
            0.13970528542995453,
            0.11519327014684677,
            -0.03719957172870636
        ],
        [
            0.08956722915172577,
            0.0859079584479332,
            -0.037784598767757416
        ],
        [
            0.08486853539943695,
            0.11874315142631531,
            -0.0366702601313591
        ],
        [
            0.10228186845779419,
            0.12764956057071686,
            -0.02594219520688057
        ],
        [
            0.11845963448286057,
            0.11907318234443665,
            -0.008592486381530762
        ],
        [
            0.07069171965122223,
            0.09343748539686203,
            -0.022730832919478416
        ],
        [
            0.06190051510930061,
            0.1235177218914032,
            -0.017276156693696976
        ],
        [
            0.08080258965492249,
            0.12650685012340546,
            -0.003880860283970833
        ],
        [
            0.10097458958625793,
            0.11767778545618057,
            0.00950927659869194
        ],
        [
            0.06207428127527237,
            0.08573298901319504,
            0.001506393775343895
        ],
        [
            0.06168222054839134,
            0.11467838287353516,
            0.0006625526584684849
        ],
        [
            0.0806364044547081,
            0.11790597438812256,
            0.016480041667819023
        ],
        [
            0.09716739505529404,
            0.10769395530223846,
            0.033447638154029846
        ],
        [
            0.06023493781685829,
            0.07860809564590454,
            0.022137166932225227
        ],
        [
            0.06271682679653168,
            0.099490687251091,
            0.01950504630804062
        ],
        [
            0.07498202472925186,
            0.104137122631073,
            0.03329896926879883
        ],
        [
            0.08865338563919067,
            0.09904997050762177,
            0.04356878250837326
        ]
    ],
    "pred_vertices": [
        [
            0.10631169378757477,
            0.05694129690527916,
            -0.015391871333122253
        ],
        [
            0.10919278115034103,
            0.04830322414636612,
            -0.010593386366963387
        ],
        [
            0.11462833732366562,
            0.05588452145457268,
            -0.013329733163118362
        ],
        [
            0.11168267577886581,
            0.06289976090192795,
            -0.02023855410516262
        ],
        [
            0.12473543733358383,
            0.041742224246263504,
            0.0008591823279857635
        ],
        [
            0.13319991528987885,
            0.03402629494667053,
            -0.0023836158215999603
        ],
        [
            0.13891422748565674,
            0.04910725727677345,
            -0.005622155964374542
        ],
        [
            0.13160863518714905,
            0.053764618933200836,
            -0.0011454559862613678
        ],
        [
            0.11524713039398193,
            0.06748714298009872,
            -0.02445031888782978
        ],
        [
            0.1194041520357132,
            0.06222455948591232,
            -0.015009552240371704
        ],
        [
            0.1165841594338417,
            0.06696426123380661,
            -0.026988303288817406
        ],
        [
            0.10721377283334732,
            0.06897548586130142,
            -0.03963989019393921
        ],
        [
            0.10887422412633896,
            0.07097840309143066,
            -0.03355078399181366
        ],
        [
            0.10058452934026718,
            0.07341685891151428,
            -0.04454677551984787
        ],
        [
            0.10323327034711838,
            0.05936985835433006,
            -0.04332626610994339
        ],
        [
            0.09189408272504807,
            0.06985868513584137,
            -0.0467623732984066
        ],
        [
            0.0775287002325058,
            0.04844556748867035,
            -0.030159026384353638
        ],
        [
            0.06982717663049698,
            0.04639599099755287,
            -0.018712013959884644
        ],
        [
            0.06508366018533707,
            0.06203116476535797,
            -0.022431930527091026
        ],
        [
            0.07377436012029648,
            0.06300787627696991,
            -0.0332147590816021
        ],
        [
            0.060093119740486145,
            0.05620213970541954,
            -0.0029558646492660046
        ],
        [
            0.06228988617658615,
            0.06020091474056244,
            -0.013901441358029842
        ],
        [
            0.06622153520584106,
            0.04403674602508545,
            -0.010704180225729942
        ],
        [
            0.06419908255338669,
            0.04128054901957512,
            -0.0009695179760456085
        ],
        [
            0.09806718677282333,
            0.04932095855474472,
            -0.0030733980238437653
        ],
        [
            0.10116664320230484,
            0.04011770710349083,
            0.0010636821389198303
        ],
        [
            0.10337121784687042,
            0.04216153174638748,
            -0.004641031846404076
        ],
        [
            0.10093368589878082,
            0.050940725952386856,
            -0.007983298972249031
        ],
        [
            0.12659497559070587,
            0.06519655883312225,
            -0.02823043428361416
        ],
        [
            0.12052922695875168,
            0.05461637303233147,
            -0.03558109700679779
        ],
        [
            0.11688758432865143,
            0.06145772337913513,
            -0.033361442387104034
        ],
        [
            0.12534062564373016,
            0.06818931549787521,
            -0.023482881486415863
        ],
        [
            0.10880962014198303,
            0.020001240074634552,
            0.021804580464959145
        ],
        [
            0.10871607810258865,
            0.0064353495836257935,
            0.020971743389964104
        ],
        [
            0.11145460605621338,
            0.006080910563468933,
            0.01571575179696083
        ],
        [
            0.11045892536640167,
            0.018460199236869812,
            0.017224637791514397
        ],
        [
            0.12414795160293579,
            0.01381596177816391,
            0.000662580132484436
        ],
        [
            0.1205657571554184,
            0.003958761692047119,
            0.0004532262682914734
        ],
        [
            0.12107425183057785,
            -0.004635743796825409,
            -0.009802378714084625
        ],
        [
            0.12433299422264099,
            0.00488513708114624,
            -0.012698210775852203
        ],
        [
            0.12849101424217224,
            0.02441316843032837,
            -0.0008693225681781769
        ],
        [
            0.13119472563266754,
            0.01648448407649994,
            -0.0118916817009449
        ],
        [
            0.13647185266017914,
            0.028224699199199677,
            -0.011658698320388794
        ],
        [
            0.14160490036010742,
            0.04515611007809639,
            -0.013628929853439331
        ],
        [
            0.10018490254878998,
            0.005968533456325531,
            0.030621305108070374
        ],
        [
            0.09946626424789429,
            0.01591871678829193,
            0.03296276554465294
        ],
        [
            0.09712621569633484,
            0.11285233497619629,
            -0.034552913159132004
        ],
        [
            0.09506058692932129,
            0.11305256932973862,
            -0.028758035972714424
        ],
        [
            0.09481431543827057,
            0.11153212189674377,
            -0.029019057750701904
        ],
        [
            0.09681269526481628,
            0.11212077736854553,
            -0.03470358997583389
        ],
        [
            0.07997951656579971,
            0.00795513391494751,
            0.03125794231891632
        ],
        [
            0.07250473648309708,
            0.005128920078277588,
            0.024994980543851852
        ],
        [
            0.075119249522686,
            -0.0009489431977272034,
            0.02812228910624981
        ],
        [
            0.08323098719120026,
            0.001206807792186737,
            0.0324704647064209
        ],
        [
            0.07580137252807617,
            0.016909129917621613,
            0.029609322547912598
        ],
        [
            0.06963826715946198,
            0.013799987733364105,
            0.020556697621941566
        ],
        [
            0.09179999679327011,
            0.12244559824466705,
            -0.0416448600590229
        ],
        [
            0.0956123024225235,
            0.11889885365962982,
            -0.04111024737358093
        ],
        [
            0.0926753580570221,
            0.117129847407341,
            -0.04283718764781952
        ],
        [
            0.08790380507707596,
            0.11925122886896133,
            -0.04292456805706024
        ],
        [
            0.10788681358098984,
            0.06935936212539673,
            -0.02661820501089096
        ],
        [
            0.10397279262542725,
            0.06546912342309952,
            -0.018955212086439133
        ],
        [
            0.10027696937322617,
            0.08443179726600647,
            -0.03167393431067467
        ],
        [
            0.10034945607185364,
            0.07662032544612885,
            -0.026328181847929955
        ],
        [
            0.10408088564872742,
            0.0755159929394722,
            -0.03246238827705383
        ],
        [
            0.10242854803800583,
            0.08176669478416443,
            -0.03703954070806503
        ],
        [
            0.08850320428609848,
            0.0698147714138031,
            -0.006636282429099083
        ],
        [
            0.09217220544815063,
            0.05896538123488426,
            -0.0037403423339128494
        ],
        [
            0.09499826282262802,
            0.06106814742088318,
            -0.009494306519627571
        ],
        [
            0.09248249232769012,
            0.07320177555084229,
            -0.013586297631263733
        ],
        [
            0.08749301731586456,
            0.05780210718512535,
            0.00969935953617096
        ],
        [
            0.083915576338768,
            0.06844504177570343,
            0.0055506909266114235
        ],
        [
            0.08160562068223953,
            0.06661789119243622,
            0.013688196428120136
        ],
        [
            0.08537271618843079,
            0.059706851840019226,
            0.015661824494600296
        ],
        [
            0.07905374467372894,
            0.08630883693695068,
            -0.004687424749135971
        ],
        [
            0.07570648938417435,
            0.09238114207983017,
            -0.007781184744089842
        ],
        [
            0.0742214024066925,
            0.0929090604186058,
            -0.004448504187166691
        ],
        [
            0.07721172273159027,
            0.08544092625379562,
            -0.0013504605740308762
        ],
        [
            0.07707031071186066,
            -0.0074382200837135315,
            0.03027750737965107
        ],
        [
            0.08641957491636276,
            -0.005364015698432922,
            0.03265583515167236
        ],
        [
            0.05727118253707886,
            0.05268890783190727,
            0.01832435093820095
        ],
        [
            0.061976198107004166,
            0.05051662400364876,
            0.02834911271929741
        ],
        [
            0.056289758533239365,
            0.06330158561468124,
            0.028191201388835907
        ],
        [
            0.05265007168054581,
            0.06199241802096367,
            0.017346234992146492
        ],
        [
            0.06956382840871811,
            0.004116684198379517,
            0.015002419240772724
        ],
        [
            0.07022160291671753,
            -0.0023950859904289246,
            0.019370079040527344
        ],
        [
            0.08708972483873367,
            0.1250164657831192,
            -0.03847864642739296
        ],
        [
            0.08310550451278687,
            0.12136700004339218,
            -0.03955228626728058
        ],
        [
            0.1311073899269104,
            0.022611476480960846,
            -0.023666715249419212
        ],
        [
            0.13946084678173065,
            0.04274841770529747,
            -0.022950569167733192
        ],
        [
            0.12294357270002365,
            0.008560709655284882,
            -0.022487495094537735
        ],
        [
            0.11634738743305206,
            -0.0004896819591522217,
            -0.020512757822871208
        ],
        [
            0.11358865350484848,
            -0.008840449154376984,
            -0.018473492935299873
        ],
        [
            0.09604240208864212,
            0.08015429228544235,
            -0.022451795637607574
        ],
        [
            0.10004331916570663,
            0.05956420302391052,
            -0.012636251747608185
        ],
        [
            0.09593122452497482,
            0.04841231927275658,
            0.0016707871109247208
        ],
        [
            0.08551888912916183,
            0.050920017063617706,
            0.030886169523000717
        ],
        [
            0.0896834284067154,
            0.04135226830840111,
            0.033310674130916595
        ],
        [
            0.09377673268318176,
            0.0454162135720253,
            0.02422388643026352
        ],
        [
            0.08876416087150574,
            0.052721310406923294,
            0.023686956614255905
        ],
        [
            0.06908255815505981,
            0.05390127748250961,
            0.03417026996612549
        ],
        [
            0.07587054371833801,
            0.05821822211146355,
            0.03267930448055267
        ],
        [
            0.07125752419233322,
            0.0667157769203186,
            0.031097659841179848
        ],
        [
            0.0638960748910904,
            0.06429621577262878,
            0.03279495984315872
        ],
        [
            0.13251006603240967,
            0.062355440109968185,
            -0.031808219850063324
        ],
        [
            0.12547364830970764,
            0.048850953578948975,
            -0.03642354905605316
        ],
        [
            0.0896741971373558,
            0.011013872921466827,
            0.03440414369106293
        ],
        [
            0.0930052399635315,
            0.004037514328956604,
            0.033117953687906265
        ],
        [
            0.09413783997297287,
            -0.004379458725452423,
            0.03244511038064957
        ],
        [
            0.10598687827587128,
            0.03012014925479889,
            0.010469358414411545
        ],
        [
            0.11164382100105286,
            0.01743151992559433,
            0.014041963964700699
        ],
        [
            0.11355303227901459,
            0.0182901993393898,
            0.010261602699756622
        ],
        [
            0.10604533553123474,
            0.030280210077762604,
            0.0065635573118925095
        ],
        [
            0.11202844977378845,
            0.04037117213010788,
            -0.0027986764907836914
        ],
        [
            0.11882422864437103,
            0.030419588088989258,
            0.002920202910900116
        ],
        [
            0.1173715889453888,
            0.0500122606754303,
            -0.0036034099757671356
        ],
        [
            0.11551642417907715,
            0.003961004316806793,
            0.009007647633552551
        ],
        [
            0.11348383128643036,
            -0.004043743014335632,
            0.016340676695108414
        ],
        [
            0.11720843613147736,
            -0.005362555384635925,
            0.008351225405931473
        ],
        [
            0.10742882639169693,
            -0.003908328711986542,
            0.02409079484641552
        ],
        [
            0.1007717028260231,
            -0.003909580409526825,
            0.03005949780344963
        ],
        [
            0.06906784325838089,
            -0.01048838347196579,
            0.021838698536157608
        ],
        [
            0.11927348375320435,
            -0.006087891757488251,
            0.00031060725450515747
        ],
        [
            0.13600823283195496,
            0.061791129410266876,
            -0.0052146315574646
        ],
        [
            0.1394389271736145,
            0.06889881938695908,
            -0.009239345788955688
        ],
        [
            0.1324809193611145,
            0.07062294334173203,
            -0.009863846004009247
        ],
        [
            0.12894409894943237,
            0.06470516324043274,
            -0.007061010226607323
        ],
        [
            0.09486240893602371,
            0.08100625872612,
            -0.047683414071798325
        ],
        [
            0.10080081969499588,
            0.08207245171070099,
            -0.04289687052369118
        ],
        [
            0.10509856045246124,
            0.07406319677829742,
            -0.039360590279102325
        ],
        [
            0.10336118191480637,
            0.030072316527366638,
            0.02421008050441742
        ],
        [
            0.0958399623632431,
            0.026192493736743927,
            0.03367559611797333
        ],
        [
            0.09571602195501328,
            0.08780544251203537,
            -0.028021764010190964
        ],
        [
            0.0858459398150444,
            0.11552821099758148,
            -0.04454593360424042
        ],
        [
            0.09165255725383759,
            0.11391106247901917,
            -0.044385530054569244
        ],
        [
            0.09224843233823776,
            0.09697330743074417,
            -0.0471782349050045
        ],
        [
            0.0853131040930748,
            0.09801356494426727,
            -0.047685787081718445
        ],
        [
            0.08663305640220642,
            0.09480370581150055,
            -0.02843308262526989
        ],
        [
            0.09348694980144501,
            0.09204426407814026,
            -0.028663769364356995
        ],
        [
            0.0917060375213623,
            0.09409456700086594,
            -0.02855549193918705
        ],
        [
            0.08597303926944733,
            0.09687425941228867,
            -0.02643977850675583
        ],
        [
            0.07217011600732803,
            0.0893309935927391,
            0.003927268553525209
        ],
        [
            0.0749208852648735,
            0.0827399492263794,
            0.0067209890112280846
        ],
        [
            0.07210730761289597,
            0.07896311581134796,
            -0.03394981846213341
        ],
        [
            0.07779374718666077,
            0.07563015073537827,
            -0.0457291454076767
        ],
        [
            0.08214925229549408,
            0.06463369727134705,
            -0.042638082057237625
        ],
        [
            0.08587071299552917,
            0.06812947988510132,
            0.00020749680697917938
        ],
        [
            0.08227329701185226,
            0.07797148823738098,
            -0.0016526635736227036
        ],
        [
            0.08043389022350311,
            0.07741382718086243,
            0.002134152688086033
        ],
        [
            0.0925871953368187,
            0.08345621079206467,
            -0.02108127623796463
        ],
        [
            0.0907401368021965,
            0.08978542685508728,
            -0.024839427322149277
        ],
        [
            0.08832243829965591,
            0.08793503046035767,
            -0.02081400901079178
        ],
        [
            0.08989400416612625,
            0.08156255632638931,
            -0.01658887416124344
        ],
        [
            0.06608565896749496,
            0.037732288241386414,
            0.028851134702563286
        ],
        [
            0.07433027029037476,
            0.04175376519560814,
            0.036070048809051514
        ],
        [
            0.09747727960348129,
            0.11520721018314362,
            -0.03882194310426712
        ],
        [
            0.09609197825193405,
            0.11436442285776138,
            -0.039768800139427185
        ],
        [
            0.08952857553958893,
            0.05751563236117363,
            0.00289936363697052
        ],
        [
            0.08690790086984634,
            0.05157794803380966,
            -0.03794000670313835
        ],
        [
            0.09398477524518967,
            0.04769059270620346,
            0.006862470880150795
        ],
        [
            0.055754613131284714,
            0.07681835442781448,
            0.005079252645373344
        ],
        [
            0.05912456288933754,
            0.08086119592189789,
            0.010461149737238884
        ],
        [
            0.05950969085097313,
            0.08678604662418365,
            0.00859044212847948
        ],
        [
            0.05548559129238129,
            0.08570527285337448,
            0.0041316500864923
        ],
        [
            0.08460734784603119,
            0.11049149185419083,
            -0.024514559656381607
        ],
        [
            0.09044100344181061,
            0.11026214808225632,
            -0.024792814627289772
        ],
        [
            0.09024053812026978,
            0.11223949491977692,
            -0.024749040603637695
        ],
        [
            0.08479460328817368,
            0.11475449800491333,
            -0.024093080312013626
        ],
        [
            0.09787656366825104,
            0.09057479351758957,
            -0.03237808495759964
        ],
        [
            0.10041014105081558,
            0.08887611329555511,
            -0.03808562457561493
        ],
        [
            0.09871984273195267,
            0.09485840797424316,
            -0.037018924951553345
        ],
        [
            0.09559391438961029,
            0.09477385878562927,
            -0.03190876543521881
        ],
        [
            0.0979359820485115,
            0.08938601613044739,
            -0.043941862881183624
        ],
        [
            0.09702076762914658,
            0.0955013558268547,
            -0.04317093640565872
        ],
        [
            0.0791507214307785,
            0.11242718249559402,
            -0.02781227044761181
        ],
        [
            0.07757917791604996,
            0.1153220534324646,
            -0.034926801919937134
        ],
        [
            0.0761774331331253,
            0.09829151630401611,
            -0.0367840938270092
        ],
        [
            0.07935315370559692,
            0.09925808012485504,
            -0.029689550399780273
        ],
        [
            0.06718726456165314,
            0.02651102840900421,
            0.0003914888948202133
        ],
        [
            0.06531234830617905,
            0.025877103209495544,
            0.01143601257354021
        ],
        [
            0.06212526559829712,
            0.04055432602763176,
            0.010350538417696953
        ],
        [
            0.057672880589962006,
            0.05459219962358475,
            0.009334612637758255
        ],
        [
            0.05464278161525726,
            0.06822431087493896,
            0.007767185568809509
        ],
        [
            0.05547478795051575,
            0.06837409734725952,
            -0.00442079920321703
        ],
        [
            0.06183522567152977,
            0.038936786353588104,
            0.018427830189466476
        ],
        [
            0.07735854387283325,
            0.09226014465093613,
            -0.030390983447432518
        ],
        [
            0.07606929540634155,
            0.08720918744802475,
            -0.03743794932961464
        ],
        [
            0.0732075646519661,
            0.08722884953022003,
            -0.032863520085811615
        ],
        [
            0.09250188618898392,
            0.04821670055389404,
            0.014214633964002132
        ],
        [
            0.0960363820195198,
            0.1123376190662384,
            -0.04120567813515663
        ],
        [
            0.09229905903339386,
            -0.0031103789806365967,
            -0.021068116649985313
        ],
        [
            0.08137189596891403,
            -0.0032916441559791565,
            -0.012756984680891037
        ],
        [
            0.08181203901767731,
            0.004929870367050171,
            -0.01591634750366211
        ],
        [
            0.09503264725208282,
            0.005596131086349487,
            -0.024827586486935616
        ],
        [
            0.09604547172784805,
            0.11056064069271088,
            -0.02929377183318138
        ],
        [
            0.09820713847875595,
            0.11081531643867493,
            -0.035310182720422745
        ],
        [
            0.07155496627092361,
            0.0834902822971344,
            0.012679055333137512
        ],
        [
            0.06917421519756317,
            0.08894941210746765,
            0.008899782784283161
        ],
        [
            0.0654350072145462,
            0.08955274522304535,
            0.010042017325758934
        ],
        [
            0.0673695057630539,
            0.08632930368185043,
            0.016031155362725258
        ],
        [
            0.0655863881111145,
            0.0244697704911232,
            0.01727626845240593
        ],
        [
            0.054551199078559875,
            0.073076531291008,
            0.027083776891231537
        ],
        [
            0.05108420550823212,
            0.0707506313920021,
            0.018108418211340904
        ],
        [
            0.06817585974931717,
            0.013063415884971619,
            0.011959509924054146
        ],
        [
            0.069268599152565,
            0.013280302286148071,
            0.002172352746129036
        ],
        [
            0.07056452333927155,
            0.0037713274359703064,
            0.004018734209239483
        ],
        [
            0.060377445071935654,
            0.07683496177196503,
            -0.01651603728532791
        ],
        [
            0.06895353645086288,
            0.029205970466136932,
            -0.007736057974398136
        ],
        [
            0.07158763706684113,
            0.01516038179397583,
            -0.004955653101205826
        ],
        [
            0.07324454933404922,
            0.003870733082294464,
            -0.003095969557762146
        ],
        [
            0.07360249757766724,
            -0.004304260015487671,
            -0.0013674292713403702
        ],
        [
            0.0707501620054245,
            -0.003544442355632782,
            0.006302965804934502
        ],
        [
            0.08075179159641266,
            0.11608442664146423,
            -0.04051519185304642
        ],
        [
            0.07940338551998138,
            0.12177754938602448,
            -0.03330835700035095
        ],
        [
            0.06936480849981308,
            -0.012269340455532074,
            0.008531228639185429
        ],
        [
            0.07325088232755661,
            -0.012614414095878601,
            3.690272569656372e-05
        ],
        [
            0.07562313973903656,
            0.01677875965833664,
            -0.013155590742826462
        ],
        [
            0.082483671605587,
            0.019066952168941498,
            -0.022628124803304672
        ],
        [
            0.07310929149389267,
            0.030395671725273132,
            -0.015400832518935204
        ],
        [
            0.079234279692173,
            0.03370261192321777,
            -0.02500911056995392
        ],
        [
            0.06222883611917496,
            0.07322003692388535,
            -0.02649679034948349
        ],
        [
            0.09350407123565674,
            0.13057157397270203,
            -0.023423008620738983
        ],
        [
            0.08412566781044006,
            0.12404671311378479,
            -0.026237327605485916
        ],
        [
            0.08674434572458267,
            0.11928674578666687,
            -0.023809872567653656
        ],
        [
            0.09328679740428925,
            0.12706880271434784,
            -0.020619314163923264
        ],
        [
            0.08078579604625702,
            0.11816040426492691,
            -0.026855256408452988
        ],
        [
            0.0838039442896843,
            0.125830739736557,
            -0.03191419690847397
        ],
        [
            0.09192223846912384,
            0.03697111830115318,
            -0.034409765154123306
        ],
        [
            0.0848781019449234,
            0.09436299651861191,
            -0.024313077330589294
        ],
        [
            0.09968782961368561,
            0.021650008857250214,
            -0.03158286213874817
        ],
        [
            0.10632915049791336,
            0.046005021780729294,
            -0.04166422784328461
        ],
        [
            0.11409692466259003,
            0.03536702319979668,
            -0.03776173293590546
        ],
        [
            0.10924046486616135,
            0.0064729079604148865,
            -0.028209278360009193
        ],
        [
            0.11985915899276733,
            0.02048351615667343,
            -0.0325281135737896
        ],
        [
            0.10293886065483093,
            -0.009941987693309784,
            -0.021340282633900642
        ],
        [
            0.10426065325737,
            -0.0016025081276893616,
            -0.024443378672003746
        ],
        [
            0.12981438636779785,
            0.0360000878572464,
            -0.03243173658847809
        ],
        [
            0.10181540250778198,
            0.1162218451499939,
