{
    "pred_cam": [
        13.414112091064453,
        0.12144378572702408,
        -0.03474166989326477
    ],
    "pred_mano_params": {
        "global_orient": [
            [
                [
                    -0.6405171155929565,
                    0.1648481786251068,
                    -0.7500418424606323
                ],
                [
                    -0.3130697011947632,
                    -0.9478945136070251,
                    0.05902046710252762
                ],
                [
                    -0.7012311220169067,
                    0.27261900901794434,
                    0.6587516069412231
                ]
            ]
        ],
        "hand_pose": [
            [
                [
                    0.6438448429107666,
                    -0.6818706393241882,
                    -0.347154438495636
                ],
                [
                    0.6569471955299377,
                    0.7252271175384521,
                    -0.20607267320156097
                ],
                [
                    0.3922807574272156,
                    -0.09538330882787704,
                    0.9148867726325989
                ]
            ],
            [
                [
                    0.6824226379394531,
                    -0.685455322265625,
                    0.2538706362247467
                ],
                [
                    0.7284306287765503,
                    0.6088736057281494,
                    -0.3141046464443207
                ],
                [
                    0.06072956696152687,
                    0.39927929639816284,
                    0.9148157835006714
                ]
            ],
            [
                [
                    0.9265910983085632,
                    -0.35386922955513,
                    0.12730073928833008
                ],
                [
                    0.3349149525165558,
                    0.9304447770118713,
                    0.14867573976516724
                ],
                [
                    -0.1710580736398697,
                    -0.09512670338153839,
                    0.9806579351425171
                ]
            ],
            [
                [
                    0.31532126665115356,
                    -0.9042388200759888,
                    -0.28796637058258057
                ],
                [
                    0.9484876394271851,
                    0.2904724180698395,
                    0.12647941708564758
                ],
                [
                    -0.030721301212906837,
                    -0.3130141496658325,
                    0.9492514729499817
                ]
            ],
            [
                [
                    0.5200002193450928,
                    -0.8324214816093445,
                    -0.19150516390800476
                ],
                [
                    0.8536605834960938,
                    0.49875056743621826,
                    0.15003830194473267
                ],
                [
                    -0.02938181906938553,
                    -0.2415003925561905,
                    0.9699558019638062
                ]
            ],
            [
                [
                    0.7219244241714478,
                    -0.6856470704078674,
                    0.09334436804056168
                ],
                [
                    0.6822335124015808,
                    0.7278106212615967,
                    0.06963591277599335
                ],
                [
                    -0.1156826764345169,
                    0.01341079082340002,
                    0.993195652961731
                ]
            ],
            [
                [
                    0.17797981202602386,
                    -0.9646795988082886,
                    -0.1942072957754135
                ],
                [
                    0.6598496437072754,
                    -0.029414070770144463,
                    0.7508217692375183
                ],
                [
                    -0.7300148606300354,
                    -0.26177871227264404,
                    0.631308376789093
                ]
            ],
            [
                [
                    0.5405263304710388,
                    -0.8200315237045288,
                    -0.18809479475021362
                ],
                [
                    0.7162625789642334,
                    0.3312438428401947,
                    0.6142030954360962
                ],
                [
                    -0.44136062264442444,
                    -0.4667181968688965,
                    0.7664039134979248
                ]
            ],
            [
                [
                    0.8883029222488403,
                    -0.44923996925354004,
                    -0.09540093690156937
                ],
                [
                    0.3422267436981201,
                    0.5089722275733948,
                    0.789827823638916
                ],
                [
                    -0.30626583099365234,
                    -0.7342551350593567,
                    0.6058634519577026
                ]
            ],
            [
                [
                    0.03111955150961876,
                    -0.9994138479232788,
                    -0.014264794066548347
                ],
                [
                    0.947135329246521,
                    0.02492624521255493,
                    0.31986451148986816
                ],
                [
                    -0.31932148337364197,
                    -0.023464735597372055,
                    0.9473558664321899
                ]
            ],
            [
                [
                    0.5132366418838501,
                    -0.8431354761123657,
                    -0.16034546494483948
                ],
                [
                    0.7399002909660339,
                    0.34000247716903687,
                    0.5804703235626221
                ],
                [
                    -0.4348973035812378,
                    -0.41655832529067993,
                    0.7983378767967224
                ]
            ],
            [
                [
                    0.717300295829773,
                    -0.6967412233352661,
                    -0.0056510441936552525
                ],
                [
                    0.6598796844482422,
                    0.6767024993896484,
                    0.3265462815761566
                ],
                [
                    -0.22369419038295746,
                    -0.23796074092388153,
                    0.9451642632484436
                ]
            ],
            [
                [
                    0.9385149478912354,
                    -0.06705552339553833,
                    -0.33866381645202637
                ],
                [
                    -0.24761062860488892,
                    0.5528405904769897,
                    -0.7956482172012329
                ],
                [
                    0.2405797392129898,
                    0.8305845856666565,
                    0.5022454857826233
                ]
            ],
            [
                [
                    0.9903566837310791,
                    -0.11378176510334015,
                    -0.07904072850942612
                ],
                [
                    0.13807441294193268,
                    0.7638159394264221,
                    0.6304923892021179
                ],
                [
                    -0.011365965940058231,
                    -0.6353257894515991,
                    0.7721605896949768
                ]
            ],
            [
                [
                    0.9345029592514038,
                    -0.32543179392814636,
                    -0.14421668648719788
                ],
                [
                    0.17166252434253693,
                    0.7669525742530823,
                    -0.6183168888092041
                ],
                [
                    0.31182733178138733,
                    0.5530623197555542,
                    0.7725839018821716
                ]
            ]
        ],
        "betas": [
            -0.1197899580001831,
            -0.003421872854232788,
            -0.05324488878250122,
            -0.017136067152023315,
            0.04263308644294739,
            0.053229909390211105,
            -0.031433671712875366,
            -0.0001835078001022339,
            0.032014355063438416,
            -0.03994345664978027
        ]
    },
    "pred_cam_t": [
        -0.12144378572702408,
        -0.03474166989326477,
        2.9120452404022217
    ],
    "focal_length": [
        5000.0,
        5000.0
    ],
    "pred_keypoints_3d": [
        [
            0.0962689071893692,
            0.006436536088585854,
            0.006230044178664684
        ],
        [
            0.0897296816110611,
            0.030359499156475067,
            0.0360969714820385
        ],
        [
            0.09854616224765778,
            0.052064262330532074,
            0.05635794997215271
        ],
        [
            0.11188908666372299,
            0.06558382511138916,
            0.07588836550712585
        ],
        [
            0.13374198973178864,
            0.09115982800722122,
            0.08613891899585724
        ],
        [
            0.13655933737754822,
            0.04034431278705597,
            0.08074508607387543
        ],
        [
            0.1576531082391739,
            0.06556087732315063,
            0.08539235591888428
        ],
        [
            0.15657924115657806,
            0.08448155969381332,
            0.07356760650873184
        ],
        [
            0.14851324260234833,
            0.10276900231838226,
            0.05877578258514404
        ],
        [
            0.15955211222171783,
            0.03743461146950722,
            0.07042473554611206
        ],
        [
            0.16469337046146393,
            0.06860777735710144,
            0.0659257173538208
        ],
        [
            0.14837568998336792,
            0.07889184355735779,
            0.0526583194732666
        ],
        [
            0.1250194013118744,
            0.07718581706285477,
            0.042923975735902786
        ],
        [
            0.16840556263923645,
            0.03432454913854599,
            0.04515958949923515
        ],
        [
            0.1624087393283844,
            0.0625775009393692,
            0.04212091490626335
        ],
        [
            0.1407586932182312,
            0.06365539133548737,
            0.02976362779736519
        ],
        [
            0.11962993443012238,
            0.05109427124261856,
            0.024483652785420418
        ],
        [
            0.1715490221977234,
            0.03502020984888077,
            0.02341083437204361
        ],
        [
            0.16508512198925018,
            0.05515812337398529,
            0.021176371723413467
        ],
        [
            0.1472785621881485,
            0.054238393902778625,
            0.014342574402689934
        ],
        [
            0.1322716921567917,
            0.03902287781238556,
            0.01464326586574316
        ]
    ],
    "pred_vertices": [
        [
            0.11392873525619507,
            0.03862738981842995,
            0.04680538550019264
        ],
        [
            0.10768920183181763,
            0.036430638283491135,
            0.03766627982258797
        ],
        [
            0.10917939245700836,
            0.04292626678943634,
            0.04468744620680809
        ],
        [
            0.11304191499948502,
            0.043692633509635925,
            0.05396268889307976
        ],
        [
            0.09598278999328613,
            0.04953053221106529,
            0.029895666986703873
        ],
        [
            0.08424200117588043,
            0.049985501915216446,
            0.03093881532549858
        ],
        [
            0.09199896454811096,
            0.05902542546391487,
            0.04365002363920212
        ],
        [
            0.10136248171329498,
            0.058470647782087326,
            0.040759626775979996
        ],
        [
            0.11346538364887238,
            0.046387623995542526,
            0.06085576117038727
        ],
        [
            0.11093564331531525,
            0.048653654754161835,
            0.05107242986559868
        ],
        [
            0.11299178749322891,
            0.044020313769578934,
            0.06450779736042023
        ],
        [
            0.11509770900011063,
            0.03707929700613022,
            0.07526721060276031
        ],
        [
            0.11625164747238159,
            0.04264247789978981,
            0.07025797665119171
        ],
        [
            0.12029176950454712,
            0.03531789034605026,
            0.08151885867118835
        ],
        [
            0.11101265251636505,
            0.026752689853310585,
            0.07441189885139465
        ],
        [
            0.12414483726024628,
            0.02646256983280182,
            0.08257953822612762
        ],
        [
            0.12546737492084503,
            0.009290635585784912,
            0.057944148778915405
        ],
        [
            0.1333417296409607,
            0.00668272003531456,
            0.04691813886165619
        ],
        [
            0.14711709320545197,
            0.012108344584703445,
            0.05818268284201622
        ],
        [
            0.1372675895690918,
            0.015203570947051048,
            0.06785622984170914
        ],
        [
            0.15344928205013275,
            0.011179996654391289,
            0.03781013935804367
        ],
        [
            0.15051651000976562,
            0.012100841850042343,
            0.04948800802230835
        ],
        [
            0.137083038687706,
            0.005309257656335831,
            0.0386582687497139
        ],
        [
            0.14003588259220123,
            0.00512758269906044,
            0.028725728392601013
        ],
        [
            0.11853556334972382,
            0.03304491564631462,
            0.03312522545456886
        ],
        [
            0.11165588349103928,
            0.03054896555840969,
            0.024721994996070862
        ],
        [
            0.10943560302257538,
            0.03121156431734562,
            0.02982870489358902
        ],
        [
            0.11600825935602188,
            0.03418951854109764,
            0.03785860538482666
        ],
        [
            0.10655517131090164,
            0.04517441242933273,
            0.0675489753484726
        ],
        [
            0.09987056255340576,
            0.03567128628492355,
            0.06687407195568085
        ],
        [
            0.10748737305402756,
            0.03785505145788193,
            0.0676671490073204
        ],
        [
            0.11074843257665634,
            0.048206452280282974,
            0.065207839012146
        ],
        [
            0.1000874862074852,
            0.029233653098344803,
            -0.001967519521713257
        ],
        [
            0.09163308143615723,
            0.019811734557151794,
            -0.007101386785507202
        ],
        [
            0.08771568536758423,
            0.01990601420402527,
            -0.0025908872485160828
        ],
        [
            0.09635747224092484,
            0.02803978882730007,
            0.001318514347076416
        ],
        [
            0.07728665322065353,
            0.03084474429488182,
            0.015035219490528107
        ],
        [
            0.07468684762716293,
            0.020644742995500565,
            0.010465636849403381
        ],
        [
            0.06632145494222641,
            0.011656176298856735,
            0.016165725886821747
        ],
        [
            0.06885302811861038,
            0.019722146913409233,
            0.023561403155326843
        ],
        [
            0.08019090443849564,
            0.0413658544421196,
            0.02272120863199234
        ],
        [
            0.07114209234714508,
            0.033230409026145935,
            0.029486961662769318
        ],
        [
            0.07633841037750244,
            0.044416461139917374,
            0.03723837062716484
        ],
        [
            0.08570994436740875,
            0.05409131571650505,
            0.048941049724817276
        ],
        [
            0.1005176231265068,
            0.016662543639540672,
            -0.015952344983816147
        ],
        [
            0.10787496715784073,
            0.023640338331460953,
            -0.013757452368736267
        ],
        [
            0.1454741358757019,
            0.07065333425998688,
            0.07942280918359756
        ],
        [
            0.14860403537750244,
            0.06963302940130234,
            0.0741884708404541
        ],
        [
            0.14634940028190613,
            0.06670914590358734,
            0.0748165175318718
        ],
        [
            0.14397121965885162,
            0.06823188066482544,
            0.07993002980947495
        ],
        [
            0.11679836362600327,
            0.004317358136177063,
            -0.01561044529080391
        ],
        [
            0.11855829507112503,
            -0.004589341580867767,
            -0.011128604412078857
        ],
        [
            0.11382167041301727,
            -0.005906015634536743,
            -0.016603022813796997
        ],
        [
            0.11057691276073456,
            0.002442754805088043,
            -0.019659757614135742
        ],
        [
            0.12500885128974915,
            0.006728939712047577,
            -0.01026390865445137
        ],
        [
            0.12473368644714355,
            -0.0022404752671718597,
            -0.0033382773399353027
        ],
        [
            0.15372511744499207,
            0.07118478417396545,
            0.08951298892498016
        ],
        [
            0.14885754883289337,
            0.07225947082042694,
            0.08771225810050964
        ],
        [
            0.14827433228492737,
            0.06779918074607849,
            0.08936513960361481
        ],
        [
            0.15293511748313904,
            0.06533399224281311,
            0.09054330736398697
        ],
        [
            0.11721689999103546,
            0.0441950224339962,
            0.0630229264497757
        ],
        [
            0.11957119405269623,
            0.041992153972387314,
            0.054444294422864914
        ],
        [
            0.12864860892295837,
            0.04751996323466301,
            0.07380807399749756
        ],
        [
            0.12647970020771027,
            0.04460730776190758,
            0.0662628635764122
        ],
        [
            0.12148885428905487,
            0.044087059795856476,
            0.07120450586080551
        ],
        [
            0.12437379360198975,
            0.04578729718923569,
            0.07755105197429657
        ],
        [
            0.13679459691047668,
            0.03855934739112854,
            0.045522626489400864
        ],
        [
            0.12847605347633362,
            0.035048678517341614,
            0.03819334879517555
        ],
        [
            0.1260111927986145,
            0.03649771958589554,
            0.04423220455646515
        ],
        [
            0.1338433474302292,
            0.041332799941301346,
            0.053273189812898636
        ],
        [
            0.13500669598579407,
            0.03524680808186531,
            0.025478743016719818
        ],
        [
            0.14270222187042236,
            0.03801392763853073,
            0.03383852541446686
        ],
        [
            0.14528292417526245,
            0.03757699579000473,
            0.02555743232369423
        ],
        [
            0.1392892301082611,
            0.03683045133948326,
            0.020862430334091187
        ],
        [
            0.15322460234165192,
            0.042330604046583176,
            0.050658125430345535
        ],
        [
            0.15541093051433563,
            0.04283478483557701,
            0.05471065267920494
        ],
        [
            0.156443789601326,
            0.0429687537252903,
            0.05127890780568123
        ],
        [
            0.15435989201068878,
            0.04191030189394951,
            0.04716210067272186
        ],
        [
            0.10898713022470474,
            -0.008185569196939468,
            -0.02141236513853073
        ],
        [
            0.10418227314949036,
            0.0003468059003353119,
            -0.02277563512325287
        ],
        [
            0.15932703018188477,
            0.013589300215244293,
            0.016170591115951538
        ],
        [
            0.15603868663311005,
            0.01818852499127388,
            0.006170116364955902
        ],
        [
            0.16669683158397675,
            0.024398619309067726,
            0.011852867901325226
        ],
        [
            0.1689096838235855,
            0.016759373247623444,
            0.021935822442173958
        ],
        [
            0.11703261733055115,
            -0.010358300060033798,
            -0.0025634467601776123
        ],
        [
            0.1138298362493515,
            -0.012915987521409988,
            -0.00932406261563301
        ],
        [
            0.15952007472515106,
            0.06919088959693909,
            0.08761893957853317
        ],
        [
            0.15818704664707184,
            0.06322493404150009,
            0.08819223940372467
        ],
        [
            0.07349193096160889,
            0.03156690299510956,
            0.043931733816862106
        ],
        [
            0.08301212638616562,
            0.046549469232559204,
            0.054655734449625015
        ],
        [
            0.06974002718925476,
            0.01794270984828472,
            0.034835927188396454
        ],
        [
            0.06933198869228363,
            0.00783831998705864,
            0.02800421416759491
        ],
        [
            0.0667380690574646,
            0.0008484721183776855,
            0.022072330117225647
        ],
        [
            0.13254281878471375,
            0.045103445649147034,
            0.06426100432872772
        ],
        [
            0.12058781087398529,
            0.0377647690474987,
            0.04621782898902893
        ],
        [
            0.12091966718435287,
            0.032598547637462616,
            0.02862856164574623
        ],
        [
            0.13858690857887268,
            0.035982124507427216,
            0.0032496564090251923
        ],
        [
            0.13074423372745514,
            0.033554282039403915,
            -0.003013443201780319
        ],
        [
            0.12733840942382812,
            0.03628822788596153,
            0.006929848343133926
        ],
        [
            0.13504217565059662,
            0.03727159649133682,
            0.010547969490289688
        ],
        [
            0.15373443067073822,
            0.027223672717809677,
            0.0018264129757881165
        ],
        [
            0.1501433551311493,
            0.03412627428770065,
            0.004534699022769928
        ],
        [
            0.155854731798172,
            0.03585939109325409,
            0.009023033082485199
        ],
        [
            0.16153506934642792,
            0.030516887083649635,
            0.007269132882356644
        ],
        [
            0.09974642097949982,
            0.04605956748127937,
            0.07010297477245331
        ],
        [
            0.09275202453136444,
            0.03546839579939842,
            0.06569185853004456
        ],
        [
            0.11254890263080597,
            0.014018431305885315,
            -0.017162002623081207
        ],
        [
            0.10538532584905624,
            0.011244861409068108,
            -0.01905938982963562
        ],
        [
            0.09906083345413208,
            0.006259206682443619,
            -0.022184889763593674
        ],
        [
            0.10454247146844864,
            0.030645595863461494,
            0.012012753635644913
        ],
        [
            0.09365077316761017,
            0.027387728914618492,
            0.0035652518272399902
        ],
        [
            0.09112143516540527,
            0.028577730059623718,
            0.007092133164405823
        ],
        [
            0.10299977660179138,
            0.02974187582731247,
            0.014927409589290619
        ],
        [
            0.10174162685871124,
            0.037597429007291794,
            0.02752748131752014
        ],
        [
            0.09131594002246857,
            0.03951071947813034,
            0.019481584429740906
        ],
        [
            0.10601046681404114,
            0.04588240385055542,
            0.0352666974067688
        ],
        [
            0.08119092881679535,
            0.019466441124677658,
            0.0025156736373901367
        ],
        [
            0.08020627498626709,
            0.014726407825946808,
            -0.007568672299385071
        ],
        [
            0.07422633469104767,
            0.013955125585198402,
            -0.0009214580059051514
        ],
        [
            0.08708371222019196,
            0.013074418529868126,
            -0.014460839331150055
        ],
        [
            0.0937497690320015,
            0.010379917919635773,
            -0.019828852266073227
        ],
        [
            0.11037405580282211,
            -0.01830482855439186,
            -0.015111058950424194
        ],
        [
            0.0698542669415474,
            0.012365853413939476,
            0.006069108843803406
        ],
        [
            0.10390974581241608,
            0.06198413670063019,
            0.04937635362148285
        ],
        [
            0.10575069487094879,
            0.06473841518163681,
            0.056949540972709656
        ],
        [
            0.11189714074134827,
            0.060171592980623245,
            0.05690398067235947
        ],
        [
            0.11053639650344849,
            0.057425014674663544,
            0.05071774870157242
        ],
        [
            0.1275450885295868,
            0.037470392882823944,
            0.08713164180517197
        ],
        [
            0.12441796064376831,
            0.043348558247089386,
            0.08286178112030029
        ],
        [
            0.11844830960035324,
            0.040933579206466675,
            0.07683224976062775
        ],
        [
            0.11100925505161285,
            0.032874587923288345,
            0.0002766326069831848
        ],
        [
            0.11706119775772095,
            0.02815239503979683,
            -0.009931564331054688
        ],
        [
            0.13455650210380554,
            0.047728538513183594,
            0.07144840806722641
        ],
        [
            0.15218840539455414,
            0.060807790607213974,
            0.09194547683000565
        ],
        [
            0.14676131308078766,
            0.06350866705179214,
            0.09107751399278641
        ],
        [
            0.13679403066635132,
            0.04925325885415077,
            0.0908036082983017
        ],
        [
            0.14299987256526947,
            0.04598822072148323,
            0.09200170636177063
        ],
        [
            0.14421260356903076,
            0.04638095200061798,
            0.07283531129360199
        ],
        [
            0.13737158477306366,
            0.04874755069613457,
            0.0721503272652626
        ],
        [
            0.13945108652114868,
            0.04902633652091026,
            0.07195635885000229
        ],
        [
            0.1460399180650711,
            0.04805172607302666,
            0.0706641897559166
        ],
        [
            0.1579190343618393,
            0.04131060466170311,
            0.042031265795230865
        ],
        [
            0.1559230536222458,
            0.04101494699716568,
            0.038680169731378555
        ],
        [
            0.14801239967346191,
            0.024950210005044937,
            0.07517325133085251
        ],
        [
            0.1385984718799591,
            0.02281029149889946,
            0.0851166769862175
        ],
        [
            0.12902206182479858,
            0.017977604642510414,
            0.07699427008628845
        ],
        [
            0.13966429233551025,
            0.03765859454870224,
            0.038594089448451996
        ],
        [
            0.14739751815795898,
            0.04068051651120186,
            0.04449567198753357
        ],
        [
            0.1491464078426361,
            0.040182147175073624,
            0.040762532502412796
        ],
        [
            0.1372319906949997,
            0.04536192864179611,
            0.0642126202583313
        ],
        [
            0.14035023748874664,
            0.046720586717128754,
            0.0694694072008133
        ],
        [
            0.1427757740020752,
            0.04510711506009102,
            0.06571098417043686
        ],
        [
            0.13964447379112244,
            0.04391780123114586,
            0.059472210705280304
        ],
        [
            0.14533615112304688,
            0.012975148856639862,
            -0.00023792684078216553
        ],
        [
            0.14344757795333862,
            0.02366463840007782,
            -0.00519508495926857
        ],
        [
            0.14571022987365723,
            0.07183510810136795,
            0.08415110409259796
        ],
        [
            0.1446990668773651,
            0.0686580240726471,
            0.08535062521696091
        ],
        [
            0.13140606880187988,
            0.03434990346431732,
            0.031544122844934464
        ],
        [
            0.11861531436443329,
            0.014239486306905746,
            0.06603430956602097
        ],
        [
            0.12340771406888962,
            0.032515522092580795,
            0.02367236465215683
        ],
        [
            0.16914495825767517,
            0.027845606207847595,
            0.03825537860393524
        ],
        [
            0.16785189509391785,
            0.0354999378323555,
            0.033740509301424026
        ],
        [
            0.16731800138950348,
            0.03835616260766983,
            0.034885235130786896
        ],
        [
            0.16981655359268188,
            0.03561679646372795,
            0.03893855959177017
        ],
        [
            0.1546955406665802,
            0.05876739323139191,
            0.07174533605575562
        ],
        [
            0.14982183277606964,
            0.06228617578744888,
            0.07168983668088913
        ],
        [
            0.15108364820480347,
            0.06449491530656815,
            0.07124106585979462
        ],
        [
            0.15670353174209595,
            0.06228512525558472,
            0.0716259777545929
        ],
        [
            0.13227975368499756,
            0.04973682016134262,
            0.07503683865070343
        ],
        [
            0.12839245796203613,
            0.04925398528575897,
            0.0799785777926445
        ],
        [
            0.13235794007778168,
            0.05284366384148598,
            0.07990037649869919
        ],
        [
            0.13593678176403046,
            0.05156857520341873,
            0.07505887746810913
        ],
        [
            0.12910662591457367,
            0.047051068395376205,
            0.08551996946334839
        ],
        [
            0.13288737833499908,
            0.05144750699400902,
            0.08618799597024918
        ],
        [
            0.15908220410346985,
            0.05628448724746704,
            0.07581781595945358
        ],
        [
            0.1601540595293045,
            0.05631112679839134,
            0.08338676393032074
        ],
        [
            0.1528439223766327,
            0.042157333344221115,
            0.08202852308750153
        ],
        [
            0.1521797478199005,
            0.045734304934740067,
            0.0748780220746994
        ],
        [
            0.12858480215072632,
            -0.0020378082990646362,
            0.02062593773007393
        ],
        [
            0.13291378319263458,
            -0.00027104467153549194,
            0.010384246706962585
        ],
        [
            0.14470605552196503,
            0.006632845848798752,
            0.018177077174186707
        ],
        [
            0.15776006877422333,
            0.012603836134076118,
            0.025909462943673134
        ],
        [
            0.1684444695711136,
            0.019482256844639778,
            0.033785901963710785
        ],
        [
            0.16513721644878387,
            0.016238249838352203,
            0.045261889696121216
        ],
        [
            0.14626318216323853,
            0.007868506014347076,
            0.009948022663593292
        ],
        [
            0.14854341745376587,
            0.038671039044857025,
            0.07445303350687027
        ],
        [
            0.14799636602401733,
            0.03311989828944206,
            0.08051063865423203
        ],
        [
            0.150185227394104,
            0.033208638429641724,
            0.0760403424501419
        ],
        [
            0.12698036432266235,
            0.03414832055568695,
            0.017226826399564743
        ],
        [
            0.14318343997001648,
            0.0653429627418518,
            0.0875079482793808
        ],
        [
            0.08510304987430573,
            -0.01111895963549614,
            0.026730187237262726
        ],
        [
            0.09545626491308212,
            -0.016008537262678146,
            0.01912122219800949
        ],
        [
            0.09927959740161896,
            -0.011316310614347458,
            0.025613490492105484
        ],
        [
            0.08741865307092667,
            -0.004788953810930252,
            0.03397657722234726
        ],
        [
            0.14465835690498352,
            0.06532199680805206,
            0.07569514960050583
        ],
        [
            0.14178873598575592,
            0.06623545289039612,
            0.08137653023004532
        ],
        [
            0.15872332453727722,
            0.04233098030090332,
            0.03297450393438339
        ],
        [
            0.1605825126171112,
            0.04222046211361885,
            0.0367654412984848
        ],
        [
            0.16210460662841797,
            0.04144211858510971,
            0.03396274521946907
        ],
        [
            0.16203981637954712,
            0.04305391386151314,
            0.029992150142788887
        ],
        [
            0.1336393654346466,
            0.00082344189286232,
            0.004399355500936508
        ],
        [
            0.169928640127182,
            0.033810608088970184,
            0.01320050098001957
        ],
        [
            0.17271193861961365,
            0.02648814395070076,
            0.023519670590758324
        ],
        [
            0.12273354828357697,
            -0.006357908248901367,
            0.0041486285626888275
        ],
        [
            0.11912479996681213,
            -0.008583128452301025,
            0.013054247945547104
        ],
        [
            0.11277047544717789,
            -0.013363011181354523,
            0.007168184965848923
        ],
        [
            0.16100995242595673,
            0.022578231990337372,
            0.0582740493118763
        ],
        [
            0.12642814218997955,
            -0.001561131328344345,
            0.029143691062927246
        ],
        [
            0.11643306910991669,
            -0.008029304444789886,
            0.02030584216117859
        ],
        [
            0.10873440653085709,
            -0.013702671974897385,
            0.01359805092215538
        ],
        [
            0.10394146293401718,
            -0.0183488130569458,
            0.008432865142822266
        ],
        [
            0.10881072282791138,
            -0.017414532601833344,
            0.00189947709441185
        ],
        [
            0.15693315863609314,
            0.05825893208384514,
            0.08852400630712509
        ],
        [
            0.1626262664794922,
            0.061653994023799896,
            0.0825854167342186
        ],
        [
            0.10507126897573471,
            -0.0234430693089962,
            -0.003959335386753082
        ],
        [
            0.09945361316204071,
            -0.02366439253091812,
            0.003499917685985565
        ],
        [
            0.11198514699935913,
            -0.006857302039861679,
            0.028409000486135483
        ],
        [
            0.10560539364814758,
            -0.003944791853427887,
            0.03781284764409065
        ],
        [
            0.12168554961681366,
            -0.0003959164023399353,
            0.03656858205795288
        ],
        [
            0.1163671463727951,
            0.0026462115347385406,
            0.046569883823394775
        ],
        [
            0.15675556659698486,
            0.01682364195585251,
            0.06762123852968216
        ],
        [
            0.16472463309764862,
            0.07916314899921417,
            0.07420437783002853
        ],
        [
            0.16388912498950958,
            0.06763818860054016,
            0.07588320970535278
        ],
        [
            0.1594967395067215,
            0.067167729139328,
            0.07184609770774841
        ],
        [
            0.16286128759384155,
            0.0777936801314354,
            0.07054124772548676
        ],
        [
            0.1611330509185791,
            0.06114967167377472,
            0.0754552111029625
        ],
        [
            0.16391141712665558,
            0.06782236695289612,
            0.08182576298713684
        ],
        [
            0.10678048431873322,
            0.009472250938415527,
            0.05621228367090225
        ],
        [
            0.14558228850364685,
            0.045322269201278687,
            0.07032196968793869
        ],
        [
            0.09242210537195206,
            0.005909081548452377,
            0.04707169532775879
        ],
        [
            0.10103416442871094,
            0.020898522809147835,
            0.06712499260902405
        ],
        [
            0.0900484174489975,
            0.020964423194527626,
            0.05960000306367874
        ],
        [
            0.07681510597467422,
            0.0045144222676754,
            0.038024839013814926
        ],
        [
            0.07762536406517029,
            0.01849350519478321,
            0.049281131476163864
        ],
        [
            0.07303179800510406,
            -0.008346796035766602,
            0.0240141823887825
        ],
        [
            0.07636213302612305,
            -0.002889104187488556,
            0.030637580901384354
        ],
        [
            0.08212541043758392,
            0.0329812690615654,
            0.057273995131254196
        ],
        [
            0.14812679588794708,
            0.0784178301692009,
            0.0741712749004364
        ],
        [
            0.15202783048152924,
            0.07653875648975372,
            0.06995419412851334
        ],
