{
    "pred_cam": [
        8.898714065551758,
        -0.0921417623758316,
        -0.07249145954847336
    ],
    "pred_mano_params": {
        "global_orient": [
            [
                [
                    0.37803834676742554,
                    -0.7992827296257019,
                    0.4671553075313568
                ],
                [
                    -0.8489781618118286,
                    -0.5005439519882202,
                    -0.1693865954875946
                ],
                [
                    0.369219571352005,
                    -0.33257001638412476,
                    -0.867798388004303
                ]
            ]
        ],
        "hand_pose": [
            [
                [
                    0.7087372541427612,
                    -0.6550459265708923,
                    -0.2619280219078064
                ],
                [
                    0.6389561891555786,
                    0.753411591053009,
                    -0.15526089072227478
                ],
                [
                    0.29904264211654663,
                    -0.057321351021528244,
                    0.952516496181488
                ]
            ],
            [
                [
                    0.846718966960907,
                    -0.44871512055397034,
                    0.28587019443511963
                ],
                [
                    0.5064982175827026,
                    0.8443100452423096,
                    -0.17492888867855072
                ],
                [
                    -0.16286984086036682,
                    0.29290834069252014,
                    0.9421667456626892
                ]
            ],
            [
                [
                    0.7059327960014343,
                    -0.7082214951515198,
                    0.009011290036141872
                ],
                [
                    0.6944614052772522,
                    0.6896044015884399,
                    -0.20535144209861755
                ],
                [
                    0.13922007381916046,
                    0.1512223184108734,
                    0.9786468744277954
                ]
            ],
            [
                [
                    0.7189571857452393,
                    -0.6663256883621216,
                    -0.19776415824890137
                ],
                [
                    0.6810616850852966,
                    0.732170045375824,
                    0.009053877554833889
                ],
                [
                    0.1387641578912735,
                    -0.14119894802570343,
                    0.9802078008651733
                ]
            ],
            [
                [
                    0.5316421389579773,
                    -0.8169072270393372,
                    -0.22364968061447144
                ],
                [
                    0.842044472694397,
                    0.48135727643966675,
                    0.24342599511146545
                ],
                [
                    -0.091201052069664,
                    -0.31773853302001953,
                    0.9437820315361023
                ]
            ],
            [
                [
                    0.745971143245697,
                    -0.6105180978775024,
                    -0.26607275009155273
                ],
                [
                    0.6507852673530579,
                    0.7530995607376099,
                    0.09653784334659576
                ],
                [
                    0.14144116640090942,
                    -0.24517066776752472,
                    0.9591067433357239
                ]
            ],
            [
                [
                    0.5383217930793762,
                    -0.6569900512695312,
                    0.5278009176254272
                ],
                [
                    0.495103120803833,
                    0.7533667087554932,
                    0.4327950179576874
                ],
                [
                    -0.6819695830345154,
                    0.028332872316241264,
                    0.7308315634727478
                ]
            ],
            [
                [
                    0.727947473526001,
                    -0.6204633116722107,
                    -0.29174935817718506
                ],
                [
                    0.6801769733428955,
                    0.5999401807785034,
                    0.4212256371974945
                ],
                [
                    -0.08632290363311768,
                    -0.5050714015960693,
                    0.8587498068809509
                ]
            ],
            [
                [
                    0.7215844392776489,
                    -0.6726760864257812,
                    0.1637764722108841
                ],
                [
                    0.5865999460220337,
                    0.7196815609931946,
                    0.37142813205718994
                ],
                [
                    -0.3677177429199219,
                    -0.1719454824924469,
                    0.913902759552002
                ]
            ],
            [
                [
                    0.7186597585678101,
                    -0.6818389296531677,
                    0.13646870851516724
                ],
                [
                    0.6780316829681396,
                    0.7306634783744812,
                    0.08002381771802902
                ],
                [
                    -0.1542760729789734,
                    0.03502020984888077,
                    0.987406849861145
                ]
            ],
            [
                [
                    0.5769718289375305,
                    -0.7754901647567749,
                    -0.2563561797142029
                ],
                [
                    0.7901443839073181,
                    0.45048317313194275,
                    0.41561609506607056
                ],
                [
                    -0.20682205259799957,
                    -0.4423571825027466,
                    0.8726653456687927
                ]
            ],
            [
                [
                    0.6880925297737122,
                    -0.6427047252655029,
                    -0.33683720231056213
                ],
                [
                    0.7227864861488342,
                    0.648085355758667,
                    0.23992715775966644
                ],
                [
                    0.06409694254398346,
                    -0.40855345129966736,
                    0.9104809761047363
                ]
            ],
            [
                [
                    0.9624996781349182,
                    -0.22158531844615936,
                    -0.15650685131549835
                ],
                [
                    -0.0899599939584732,
                    0.2835671007633209,
                    -0.9547235369682312
                ],
                [
                    0.25593289732933044,
                    0.933000385761261,
                    0.2529994249343872
                ]
            ],
            [
                [
                    0.9400684237480164,
                    -0.2737456262111664,
                    -0.20330961048603058
                ],
                [
                    0.34049057960510254,
                    0.7214678525924683,
                    0.6029514074325562
                ],
                [
                    -0.018373921513557434,
                    -0.6360405087471008,
                    0.7714369297027588
                ]
            ],
            [
                [
                    0.9473317265510559,
                    0.3167065978050232,
                    0.047534406185150146
                ],
                [
                    -0.3177839517593384,
                    0.9480117559432983,
                    0.016940735280513763
                ],
                [
                    -0.03969793766736984,
                    -0.031154170632362366,
                    0.9987258911132812
                ]
            ]
        ],
        "betas": [
            -0.00909009575843811,
            -0.05283933877944946,
            -0.09594884514808655,
            0.03453686833381653,
            0.06537953019142151,
            -0.032228000462055206,
            0.0492112934589386,
            -0.04971930384635925,
            -0.020321279764175415,
            -0.013485878705978394
        ]
    },
    "pred_cam_t": [
        -0.0921417623758316,
        -0.07249145954847336,
        4.389679431915283
    ],
    "focal_length": [
        5000.0,
        5000.0
    ],
    "pred_keypoints_3d": [
        [
            0.09584236145019531,
            0.0063996585085988045,
            0.006197307724505663
        ],
        [
            0.11118516325950623,
            0.03026556223630905,
            -0.01993638090789318
        ],
        [
            0.11983122676610947,
            0.05970998480916023,
            -0.02303147315979004
        ],
        [
            0.11943430453538895,
            0.0868554338812828,
            -0.023402757942676544
        ],
        [
            0.11751215904951096,
            0.11965325474739075,
            -0.039103709161281586
        ],
        [
            0.07628253102302551,
            0.08043847978115082,
            -0.04253317415714264
        ],
        [
            0.07716850936412811,
            0.11336630582809448,
            -0.03933993726968765
        ],
        [
            0.09135372936725616,
            0.12921112775802612,
            -0.03275243565440178
        ],
        [
            0.10992269217967987,
            0.1330869197845459,
            -0.01583212986588478
        ],
        [
            0.059627778828144073,
            0.08819212019443512,
            -0.025336600840091705
        ],
        [
            0.06235218420624733,
            0.11901896446943283,
            -0.018304575234651566
        ],
        [
            0.08289866149425507,
            0.12437009811401367,
            -0.008663838729262352
        ],
        [
            0.10482299327850342,
            0.11571640521287918,
            0.0016211159527301788
        ],
        [
            0.05561380088329315,
            0.08239124715328217,
            0.00043106870725750923
        ],
        [
            0.06127319857478142,
            0.11064738035202026,
            -0.0013605034910142422
        ],
        [
            0.08297745138406754,
            0.11584997177124023,
            0.009544853121042252
        ],
        [
            0.10236281156539917,
            0.10436314344406128,
            0.021672014147043228
        ],
        [
            0.057581521570682526,
            0.0772230476140976,
            0.02150682732462883
        ],
        [
            0.06377431005239487,
            0.0971488207578659,
            0.018057692795991898
        ],
        [
            0.07961028069257736,
            0.10483958572149277,
            0.025217216461896896
        ],
        [
            0.09549644589424133,
            0.0991825982928276,
            0.0304648969322443
        ]
    ],
    "pred_vertices": [
        [
            0.09772711992263794,
            0.05436866730451584,
            -0.020179633051156998
        ],
        [
            0.10167073458433151,
            0.04544500261545181,
            -0.014763565734028816
        ],
        [
            0.10423097014427185,
            0.052932076156139374,
            -0.017339682206511497
        ],
        [
            0.10080570727586746,
            0.05992882698774338,
            -0.025417398661375046
        ],
        [
            0.11843997240066528,
            0.04174165427684784,
            -0.00458904355764389
        ],
        [
            0.12771391868591309,
            0.03607221320271492,
            -0.00964973121881485
        ],
        [
            0.12873311340808868,
            0.052518103271722794,
            -0.012632373720407486
        ],
        [
            0.12127382308244705,
            0.05489034950733185,
            -0.006425388157367706
        ],
        [
            0.10194048285484314,
            0.0643928274512291,
            -0.02917514741420746
        ],
        [
            0.10676886886358261,
            0.05980559065937996,
            -0.018968157470226288
        ],
        [
            0.10157832503318787,
            0.06446473300457001,
            -0.030289925634860992
        ],
        [
            0.09232066571712494,
            0.06486694514751434,
            -0.04378914088010788
        ],
        [
            0.09536312520503998,
            0.06705980002880096,
            -0.03881238028407097
        ],
        [
            0.08563829958438873,
            0.06827402114868164,
            -0.04893673211336136
        ],
        [
            0.08884736150503159,
            0.05530587211251259,
            -0.04634754732251167
        ],
        [
            0.07696954905986786,
            0.06449686735868454,
            -0.049859385937452316
        ],
        [
            0.06828637421131134,
            0.04356670007109642,
            -0.029901571571826935
        ],
        [
            0.06278982013463974,
            0.04210535064339638,
            -0.017332367599010468
        ],
        [
            0.05551128834486008,
            0.05728716030716896,
            -0.021683787927031517
        ],
        [
            0.06244473159313202,
            0.05770205706357956,
            -0.03369603678584099
        ],
        [
            0.05437234789133072,
            0.053027696907520294,
            -0.001169674564152956
        ],
        [
            0.0545322522521019,
            0.056068360805511475,
            -0.012638403102755547
        ],
        [
            0.060723092406988144,
            0.040331508964300156,
            -0.008707646280527115
        ],
        [
            0.06043732538819313,
            0.038434457033872604,
            0.001379149965941906
        ],
        [
            0.09290122240781784,
            0.0480174794793129,
            -0.00679163821041584
        ],
        [
            0.09745585918426514,
            0.03920898213982582,
            -0.002508765086531639
        ],
        [
            0.0984024852514267,
            0.04023795947432518,
            -0.00843716412782669
        ],
        [
            0.09465983510017395,
            0.049119558185338974,
            -0.012058321386575699
        ],
        [
            0.1094546914100647,
            0.06658229231834412,
            -0.030907977372407913
        ],
        [
            0.10568525642156601,
            0.054095394909381866,
            -0.03943111002445221
        ],
        [
            0.10149750113487244,
            0.059733275324106216,
            -0.036544520407915115
        ],
        [
            0.10841940343379974,
            0.06866013258695602,
            -0.025742284953594208
        ],
        [
            0.1096942275762558,
            0.02212955802679062,
            0.018218906596302986
        ],
        [
            0.11047400534152985,
            0.00861283391714096,
            0.018601372838020325
        ],
        [
            0.11242705583572388,
            0.007882773876190186,
            0.013018051162362099
        ],
        [
            0.1108911857008934,
            0.020144477486610413,
            0.013523176312446594
        ],
        [
            0.12272964417934418,
            0.015155509114265442,
            -0.004693303257226944
        ],
        [
            0.11964558809995651,
            0.005124546587467194,
            -0.0034474730491638184
        ],
        [
            0.1189981997013092,
            -0.004009731113910675,
            -0.01271078735589981
        ],
        [
            0.12133287638425827,
            0.005933515727519989,
            -0.01692046970129013
        ],
        [
            0.12542729079723358,
            0.025768160820007324,
            -0.0074312761425971985
        ],
        [
            0.1271343231201172,
            0.018502920866012573,
            -0.018295492976903915
        ],
        [
            0.13030043244361877,
            0.03167220950126648,
            -0.01956026442348957
        ],
        [
            0.1308882087469101,
            0.050369977951049805,
            -0.0212263111025095
        ],
        [
            0.10363882780075073,
            0.008559584617614746,
            0.02944181300699711
        ],
        [
            0.10256347060203552,
            0.01862107217311859,
            0.030996767804026604
        ],
        [
            0.08931232243776321,
            0.11143586784601212,
            -0.03833421692252159
        ],
        [
            0.08780452609062195,
            0.11218000948429108,
            -0.032652802765369415
        ],
        [
            0.08739223331212997,
            0.10821235924959183,
            -0.03353608772158623
        ],
        [
            0.08864737302064896,
            0.10863673686981201,
            -0.03922256827354431
        ],
        [
            0.08378328382968903,
            0.009357042610645294,
            0.033146344125270844
        ],
        [
            0.07573149353265762,
            0.005497977137565613,
            0.028478652238845825
        ],
        [
            0.0792178362607956,
            -8.14199447631836e-05,
            0.03162609040737152
        ],
        [
            0.0876656323671341,
            0.002968713641166687,
            0.034376636147499084
        ],
        [
            0.07871212065219879,
            0.017807364463806152,
            0.03147093206644058
        ],
        [
            0.0715540423989296,
            0.013497769832611084,
            0.02387348935008049
        ],
        [
            0.08157908916473389,
            0.11844359338283539,
            -0.04596047103404999
        ],
        [
            0.08599299192428589,
            0.11580639332532883,
            -0.04548690840601921
        ],
        [
            0.08306930214166641,
            0.11235897243022919,
            -0.046943455934524536
        ],
        [
            0.07825729250907898,
            0.11378563940525055,
            -0.04645632579922676
        ],
        [
            0.0964122787117958,
            0.06596482545137405,
            -0.03247084841132164
        ],
        [
            0.09455101191997528,
            0.06268762052059174,
            -0.024408524855971336
        ],
        [
            0.08790534734725952,
            0.07886300981044769,
            -0.03783746808767319
        ],
        [
            0.08912192285060883,
            0.07273850589990616,
            -0.03222975507378578
        ],
        [
            0.09158822894096375,
            0.0711522102355957,
            -0.03852122649550438
        ],
        [
            0.08927236497402191,
            0.07619360089302063,
            -0.04305201396346092
        ],
        [
            0.08137193322181702,
            0.06733381748199463,
            -0.010517816990613937
        ],
        [
            0.08627358824014664,
            0.05718400701880455,
            -0.007355421781539917
        ],
        [
            0.08793340623378754,
            0.05885294824838638,
            -0.013586075976490974
        ],
        [
            0.08390599489212036,
            0.07024390250444412,
            -0.018254084512591362
        ],
        [
            0.08394182473421097,
            0.05699556693434715,
            0.006632599979639053
        ],
        [
            0.0788995549082756,
            0.06675629317760468,
            0.0022333841770887375
        ],
        [
            0.07810861617326736,
            0.06546343117952347,
            0.010700363665819168
        ],
        [
            0.08267637342214584,
            0.059246890246868134,
            0.012640495784580708
        ],
        [
            0.07114068418741226,
            0.08241622149944305,
            -0.008523405529558659
        ],
        [
            0.06820645183324814,
            0.08732965588569641,
            -0.011218436993658543
        ],
        [
            0.06769288331270218,
            0.08830191940069199,
            -0.007880924269557
        ],
        [
            0.07031866908073425,
            0.08183987438678741,
            -0.004876519553363323
        ],
        [
            0.08195987343788147,
            -0.006205238401889801,
            0.03397047519683838
        ],
        [
            0.09132802486419678,
            -0.0033514052629470825,
            0.03459776192903519
        ],
        [
            0.05544126033782959,
            0.05128663405776024,
            0.020524172112345695
        ],
        [
            0.062018707394599915,
            0.050076909363269806,
            0.02955067902803421
        ],
        [
            0.0560171902179718,
            0.06263452768325806,
            0.029156116768717766
        ],
        [
            0.04996563121676445,
            0.060435544699430466,
            0.019395673647522926
        ],
        [
            0.07140437513589859,
            0.0033658817410469055,
            0.019289905205368996
        ],
        [
            0.07320080697536469,
            -0.0026493892073631287,
            0.023995358496904373
        ],
        [
            0.0770379900932312,
            0.12065465748310089,
            -0.04253270477056503
        ],
        [
            0.0741339698433876,
            0.11511638760566711,
            -0.042429368942976
        ],
        [
            0.12401314079761505,
            0.025285691022872925,
            -0.0304328054189682
        ],
        [
            0.12784752249717712,
            0.047895196825265884,
            -0.030270494520664215
        ],
        [
            0.11825841665267944,
            0.009443439543247223,
            -0.02714327536523342
        ],
        [
            0.11264412105083466,
            -0.000619247555732727,
            -0.023166662082076073
        ],
        [
            0.11060105264186859,
            -0.009381569921970367,
            -0.019764777272939682
        ],
        [
            0.08528470247983932,
            0.07613041251897812,
            -0.028133295476436615
        ],
        [
            0.0923631563782692,
            0.05728975310921669,
            -0.017242014408111572
        ],
        [
            0.09166163951158524,
            0.04752270504832268,
            -0.0017642974853515625
        ],
        [
            0.08582931756973267,
            0.05202677100896835,
            0.028282450512051582
        ],
        [
            0.09099897742271423,
            0.04316036403179169,
            0.03080904111266136
        ],
        [
            0.09333036839962006,
            0.04656151309609413,
            0.02089211344718933
        ],
        [
            0.08778585493564606,
            0.053337834775447845,
            0.020548023283481598
        ],
        [
            0.06988144665956497,
            0.05425937846302986,
            0.033852916210889816
        ],
        [
            0.0761188417673111,
            0.05860309302806854,
            0.03098193183541298
        ],
        [
            0.07120411098003387,
            0.06611469388008118,
            0.029367849230766296
        ],
        [
            0.06432696431875229,
            0.06392283737659454,
            0.03237207233905792
        ],
        [
            0.11504103243350983,
            0.06573498994112015,
            -0.035525254905223846
        ],
        [
            0.11122006177902222,
            0.04974725469946861,
            -0.04115885868668556
        ],
        [
            0.09353373944759369,
            0.013292014598846436,
            0.03440333157777786
        ],
        [
            0.09713275730609894,
            0.006447784602642059,
            0.03320275992155075
        ],
        [
            0.09878869354724884,
            -0.0019166022539138794,
            0.03308464586734772
        ],
        [
            0.10463918745517731,
            0.03051673248410225,
            0.0066039077937603
        ],
        [
            0.11183291673660278,
            0.018778741359710693,
            0.010211009532213211
        ],
        [
            0.11332952231168747,
            0.019197270274162292,
            0.0059961192309856415
        ],
        [
            0.10429184138774872,
            0.029900338500738144,
            0.0026625730097293854
        ],
        [
            0.10665139555931091,
            0.03768541291356087,
            -0.006952546536922455
        ],
        [
            0.11607035994529724,
            0.029729433357715607,
            -0.0024423450231552124
        ],
        [
            0.10870254039764404,
            0.04775623977184296,
            -0.007348049432039261
        ],
        [
            0.11570379137992859,
            0.005410276353359222,
            0.005863472819328308
        ],
        [
            0.1152004823088646,
            -0.0019668564200401306,
            0.014164797961711884
        ],
        [
            0.11773058772087097,
            -0.003765590488910675,
            0.005817200988531113
        ],
        [
            0.11047574877738953,
            -0.0014484748244285583,
            0.02272556908428669
        ],
        [
            0.10489542782306671,
            -0.0012742877006530762,
            0.029645400121808052
        ],
        [
            0.07304339855909348,
            -0.010515749454498291,
            0.02728421799838543
        ],
        [
            0.11862288415431976,
            -0.005022056400775909,
            -0.002314109355211258
        ],
        [
            0.12282165884971619,
            0.06393811851739883,
            -0.009985115379095078
        ],
        [
            0.12368042767047882,
            0.07214884459972382,
            -0.013200206682085991
        ],
        [
            0.1165156215429306,
            0.07200886309146881,
            -0.012640322558581829
        ],
        [
            0.1149965226650238,
            0.06482546031475067,
            -0.0103899035602808
        ],
        [
            0.08029678463935852,
            0.07523509114980698,
            -0.05178084224462509
        ],
        [
            0.08686244487762451,
            0.07621777057647705,
            -0.048175014555454254
        ],
        [
            0.09111781418323517,
            0.06930949538946152,
            -0.044797614216804504
        ],
        [
            0.10391518473625183,
            0.03201769292354584,
            0.020617609843611717
        ],
        [
            0.09830773621797562,
            0.028633005917072296,
            0.03142783045768738
        ],
        [
            0.08405280113220215,
            0.08205277472734451,
            -0.033676110208034515
        ],
        [
            0.07561429589986801,
            0.10969343781471252,
            -0.047560710459947586
        ],
        [
            0.08129015564918518,
            0.10824745893478394,
            -0.048196956515312195
        ],
        [
            0.07995918393135071,
            0.09010294079780579,
            -0.05140775069594383
        ],
        [
            0.07316228002309799,
            0.09175334125757217,
            -0.05090545117855072
        ],
        [
            0.07599127292633057,
            0.08827943354845047,
            -0.032428961247205734
        ],
        [
            0.08257918059825897,
            0.08527705818414688,
            -0.033623430877923965
        ],
        [
            0.0813419297337532,
            0.08715832233428955,
            -0.03309772163629532
        ],
        [
            0.07636584341526031,
            0.09042584151029587,
            -0.030112192034721375
        ],
        [
            0.06741974502801895,
            0.08554920554161072,
            0.000993981957435608
        ],
        [
            0.06991126388311386,
            0.07965987920761108,
            0.00360746867954731
        ],
        [
            0.05952094495296478,
            0.0734458863735199,
            -0.035383641719818115
        ],
        [
            0.06324546039104462,
            0.07005007565021515,
            -0.04785551503300667
        ],
        [
            0.068731889128685,
            0.058974288403987885,
            -0.044371139258146286
        ],
        [
            0.07999257743358612,
            0.06612388044595718,
            -0.003266355022788048
        ],
        [
            0.07537400722503662,
            0.07522782683372498,
            -0.005364473909139633
        ],
        [
            0.07431880384683609,
            0.07484716176986694,
            -0.0013345731422305107
        ],
        [
            0.08199416846036911,
            0.07921350002288818,
            -0.02643876150250435
        ],
        [
            0.0795508623123169,
            0.0842871218919754,
            -0.030016571283340454
        ],
        [
            0.07771256566047668,
            0.08308157324790955,
            -0.025804564356803894
        ],
        [
            0.08027328550815582,
            0.07784901559352875,
            -0.02146575227379799
        ],
        [
            0.06719927489757538,
            0.037737224251031876,
            0.030559919774532318
        ],
        [
            0.07621407508850098,
            0.04285049811005592,
            0.03594828397035599
        ],
        [
            0.0887598991394043,
            0.11301024258136749,
            -0.042885344475507736
        ],
        [
            0.08698443323373795,
            0.11020438373088837,
            -0.04418430104851723
        ],
        [
            0.08486677706241608,
            0.05620711296796799,
            -0.000319918617606163
        ],
        [
            0.07558528333902359,
            0.046711962670087814,
            -0.03905182704329491
        ],
        [
            0.09065639972686768,
            0.04721524566411972,
            0.0036764703691005707
        ],
        [
            0.05099938437342644,
            0.07414638251066208,
            0.005884579382836819
        ],
        [
            0.05604207143187523,
            0.07854579389095306,
            0.010383057408034801
        ],
        [
            0.05674894154071808,
            0.08432305604219437,
            0.008465888909995556
        ],
        [
            0.05191387981176376,
            0.08334347605705261,
            0.00491742417216301
        ],
        [
            0.07702837884426117,
            0.10544608533382416,
            -0.028154367581009865
        ],
        [
            0.08267537504434586,
            0.10490211099386215,
            -0.02924140729010105
        ],
        [
            0.08348008245229721,
            0.10909895598888397,
            -0.028752241283655167
        ],
        [
            0.0780087485909462,
            0.11112117022275925,
            -0.02774634398519993
        ],
        [
            0.08640247583389282,
            0.08352626860141754,
            -0.03780059143900871
        ],
        [
            0.08806004375219345,
            0.08200612664222717,
            -0.04367467388510704
        ],
        [
            0.08744043856859207,
            0.08741481602191925,
            -0.04230380803346634
        ],
        [
            0.08490867912769318,
            0.08755512535572052,
            -0.036856215447187424
        ],
        [
            0.0851859599351883,
            0.08239167183637619,
            -0.048918064683675766
        ],
        [
            0.08507490903139114,
            0.08824752271175385,
            -0.04812147468328476
        ],
        [
            0.0714472234249115,
            0.1072072833776474,
            -0.030857734382152557
        ],
        [
            0.06888319551944733,
            0.1093212217092514,
            -0.03755197301506996
        ],
        [
            0.06561361253261566,
            0.09273771941661835,
            -0.03914782777428627
        ],
        [
            0.06988567113876343,
            0.09360399097204208,
            -0.032481785863637924
        ],
        [
            0.0649089515209198,
            0.024029865860939026,
            0.003501277416944504
        ],
        [
            0.06486432254314423,
            0.024350479245185852,
            0.01465451531112194
        ],
        [
            0.060190536081790924,
            0.0386769101023674,
            0.012848882004618645
        ],
        [
            0.054217856377363205,
            0.05249449983239174,
            0.011378783732652664
        ],
        [
            0.04974867403507233,
            0.06577068567276001,
            0.009124668315052986
        ],
        [
            0.04824087396264076,
            0.06501207500696182,
            -0.0029459877405315638
        ],
        [
            0.061312235891819,
            0.03778247907757759,
            0.020954325795173645
        ],
        [
            0.06696795672178268,
            0.08580781519412994,
            -0.032966528087854385
        ],
        [
            0.06366243958473206,
            0.08178773522377014,
            -0.03959979489445686
        ],
        [
            0.06204792112112045,
            0.08150438219308853,
            -0.03464984521269798
        ],
        [
            0.09031923860311508,
            0.04833373799920082,
            0.011069334112107754
        ],
        [
            0.08585169911384583,
            0.10662635415792465,
            -0.04580995440483093
        ],
        [
            0.08863840252161026,
            -0.005631648004055023,
            -0.019234148785471916
        ],
        [
            0.0791952908039093,
            -0.005875386297702789,
            -0.00914270430803299
        ],
        [
            0.0785086527466774,
            0.0020277202129364014,
            -0.013038044795393944
        ],
        [
            0.09014471620321274,
            0.0030523836612701416,
            -0.024224920198321342
        ],
        [
            0.0873868316411972,
            0.10463404655456543,
            -0.03432602435350418
        ],
        [
            0.08885552734136581,
            0.10506990551948547,
            -0.04041563346982002
        ],
        [
            0.06828911602497101,
            0.08077356219291687,
            0.009960496798157692
        ],
        [
            0.06585871428251266,
            0.08588959276676178,
            0.006558644585311413
        ],
        [
            0.06291811913251877,
            0.086703360080719,
            0.008511596359312534
        ],
        [
            0.0657748281955719,
            0.0837131142616272,
            0.013888164423406124
        ],
        [
            0.06614198535680771,
            0.023524336516857147,
            0.0204391498118639
        ],
        [
            0.05559094250202179,
            0.07257619500160217,
            0.028412405401468277
        ],
        [
            0.049424510449171066,
            0.0694977343082428,
            0.019929658621549606
        ],
        [
            0.06886199116706848,
            0.01186814159154892,
            0.01578444428741932
        ],
        [
            0.06836743652820587,
            0.01120920479297638,
            0.006031332537531853
        ],
        [
            0.07068642228841782,
            0.002036847174167633,
            0.008431822061538696
        ],
        [
            0.051126278936862946,
            0.07239887863397598,
            -0.01605352573096752
        ],
        [
            0.06518139690160751,
            0.026031076908111572,
            -0.004953859373927116
        ],
        [
            0.06936091929674149,
            0.012530133128166199,
            -0.0014671683311462402
        ],
        [
            0.07218272984027863,
            0.0016231611371040344,
            0.0010578073561191559
        ],
        [
            0.07342520356178284,
            -0.00630197674036026,
            0.003370095044374466
        ],
        [
            0.0717833861708641,
            -0.00499357283115387,
            0.011253194883465767
        ],
        [
            0.07129164040088654,
            0.11006619036197662,
            -0.0429861880838871
        ],
        [
            0.07106585055589676,
            0.11574609577655792,
            -0.03635521978139877
        ],
        [
            0.07142256200313568,
            -0.013521097600460052,
            0.014386825263500214
        ],
        [
            0.07392961531877518,
            -0.014433510601520538,
            0.005481835454702377
        ],
        [
            0.07191567122936249,
            0.013600952923297882,
            -0.010290620848536491
        ],
        [
            0.07697965204715729,
            0.015527456998825073,
            -0.020944179967045784
        ],
        [
            0.06794946640729904,
            0.026719167828559875,
            -0.01324219536036253
        ],
        [
            0.07213655114173889,
            0.029498469084501266,
            -0.02391894720494747
        ],
        [
            0.0503547340631485,
            0.06856219470500946,
            -0.026315901428461075
        ],
        [
            0.08233151584863663,
            0.13053518533706665,
            -0.03025609813630581
        ],
        [
            0.0752350315451622,
            0.12077073752880096,
            -0.0308613833039999
        ],
        [
            0.07894688844680786,
            0.11732335388660431,
            -0.02797718346118927
        ],
        [
            0.08317432552576065,
            0.1277441382408142,
            -0.02683594822883606
        ],
        [
            0.07325824350118637,
            0.11356116831302643,
            -0.030291780829429626
        ],
        [
            0.07421965152025223,
            0.12154708802700043,
            -0.03646644949913025
        ],
        [
            0.0825352668762207,
            0.033093567937612534,
            -0.03528421372175217
        ],
        [
            0.07461187243461609,
            0.08797995001077652,
            -0.028770938515663147
        ],
        [
            0.09219057112932205,
            0.01919233798980713,
            -0.03289096802473068
        ],
        [
            0.09358382225036621,
            0.04311060905456543,
            -0.044491153210401535
        ],
        [
            0.10306848585605621,
            0.03425566852092743,
            -0.041520856320858
        ],
        [
            0.10385081171989441,
            0.005474403500556946,
            -0.03025955706834793
        ],
        [
            0.11186197400093079,
            0.02105019986629486,
            -0.03708238899707794
        ],
        [
            0.09963561594486237,
            -0.01163124293088913,
            -0.02067389525473118
        ],
        [
            0.09998887032270432,
            -0.003205224871635437,
            -0.024805601686239243
        ],
        [
            0.11849038302898407,
            0.03871387988328934,
            -0.03853609785437584
        ],
        [
            0.09355534613132477,
