{
    "pred_cam": [
        5.7027201652526855,
        -0.026101626455783844,
        -0.012733234092593193
    ],
    "pred_mano_params": {
        "global_orient": [
            [
                [
                    0.9271331429481506,
                    0.33659183979034424,
                    -0.16471222043037415
                ],
                [
                    0.36192187666893005,
                    -0.9182459712028503,
                    0.1607387661933899
                ],
                [
                    -0.09714296460151672,
                    -0.20863917469978333,
                    -0.973156213760376
                ]
            ]
        ],
        "hand_pose": [
            [
                [
                    0.9012506604194641,
                    -0.3898082375526428,
                    -0.1892002373933792
                ],
                [
                    0.3971804678440094,
                    0.9177398085594177,
                    0.0011448196601122618
                ],
                [
                    0.17319034039974213,
                    -0.0761784091591835,
                    0.981937825679779
                ]
            ],
            [
                [
                    0.9870880246162415,
                    -0.1590660959482193,
                    0.018846075981855392
                ],
                [
                    0.158585324883461,
                    0.9539279341697693,
                    -0.2547001540660858
                ],
                [
                    0.02253635786473751,
                    0.25440019369125366,
                    0.9668363928794861
                ]
            ],
            [
                [
                    0.8842970132827759,
                    -0.46623292565345764,
                    -0.025410115718841553
                ],
                [
                    0.4642774164676666,
                    0.8837669491767883,
                    -0.05833026394248009
                ],
                [
                    0.049652114510536194,
                    0.039783935993909836,
                    0.9979739189147949
                ]
            ],
            [
                [
                    0.7819833159446716,
                    -0.6218764781951904,
                    0.04209224134683609
                ],
                [
                    0.621308445930481,
                    0.783099353313446,
                    0.02704119123518467
                ],
                [
                    -0.049778688699007034,
                    0.005006507039070129,
                    0.998747706413269
                ]
            ],
            [
                [
                    0.9800965189933777,
                    -0.10193433612585068,
                    -0.17035336792469025
                ],
                [
                    0.14328277111053467,
                    0.9571630358695984,
                    0.2516131103038788
                ],
                [
                    0.13740789890289307,
                    -0.2710138261318207,
                    0.9527176022529602
                ]
            ],
            [
                [
                    0.7243253588676453,
                    -0.6171636581420898,
                    0.30734625458717346
                ],
                [
                    0.6149635314941406,
                    0.7798694968223572,
                    0.11671965569257736
                ],
                [
                    -0.31172508001327515,
                    0.10446373373270035,
                    0.9444124102592468
                ]
            ],
            [
                [
                    0.6075533032417297,
                    -0.27731579542160034,
                    0.7442948222160339
                ],
                [
                    0.285251259803772,
                    0.9507347941398621,
                    0.12138795107603073
                ],
                [
                    -0.7412898540496826,
                    0.1385613977909088,
                    0.6567267179489136
                ]
            ],
            [
                [
                    0.9464877843856812,
                    -0.045203130692243576,
                    -0.31955838203430176
                ],
                [
                    0.22502198815345764,
                    0.8022148609161377,
                    0.553006649017334
                ],
                [
                    0.23135685920715332,
                    -0.5953217148780823,
                    0.7694582939147949
                ]
            ],
            [
                [
                    0.8242810368537903,
                    -0.4575253427028656,
                    0.3335137367248535
                ],
                [
                    0.3630116879940033,
                    0.8791201114654541,
                    0.3088209927082062
                ],
                [
                    -0.4344920217990875,
                    -0.13348589837551117,
                    0.8907290697097778
                ]
            ],
            [
                [
                    0.7757176160812378,
                    -0.5240995287895203,
                    0.3515421748161316
                ],
                [
                    0.5635144114494324,
                    0.8260193467140198,
                    -0.011980830691754818
                ],
                [
                    -0.2841014862060547,
                    0.2073928415775299,
                    0.9360954165458679
                ]
            ],
            [
                [
                    0.9408432245254517,
                    -0.2072031944990158,
                    -0.26810601353645325
                ],
                [
                    0.28762301802635193,
                    0.9066515564918518,
                    0.30863553285598755
                ],
                [
                    0.1791284680366516,
                    -0.36749112606048584,
                    0.9126133918762207
                ]
            ],
            [
                [
                    0.5729160904884338,
                    -0.6484764814376831,
                    0.5012438893318176
                ],
                [
                    0.456792414188385,
                    0.7604053616523743,
                    0.4616539478302002
                ],
                [
                    -0.680520236492157,
                    -0.03552454710006714,
                    0.7318676114082336
                ]
            ],
            [
                [
                    0.9964630603790283,
                    -0.06552063673734665,
                    0.052614759653806686
                ],
                [
                    0.0790814757347107,
                    0.5194705724716187,
                    -0.8508209586143494
                ],
                [
                    0.02841448225080967,
                    0.8519725799560547,
                    0.5228146910667419
                ]
            ],
            [
                [
                    0.9112646579742432,
                    -0.3905682861804962,
                    0.1305881291627884
                ],
                [
                    0.26846233010292053,
                    0.8038476705551147,
                    0.5308077931404114
                ],
                [
                    -0.31228965520858765,
                    -0.4486483335494995,
                    0.8373708128929138
                ]
            ],
            [
                [
                    0.9857528805732727,
                    -0.05402478203177452,
                    -0.15928798913955688
                ],
                [
                    0.00712193176150322,
                    0.9595705270767212,
                    -0.28137820959091187
                ],
                [
                    0.16804946959018707,
                    0.2762349247932434,
                    0.9462841749191284
                ]
            ]
        ],
        "betas": [
            -0.02545173466205597,
            -0.03627908229827881,
            -0.01602533459663391,
            0.04292050004005432,
            0.06842097640037537,
            -0.021041762083768845,
            0.06962072849273682,
            -0.09568187594413757,
            0.032247304916381836,
            -0.06385684013366699
        ]
    },
    "pred_cam_t": [
        -0.026101626455783844,
        -0.012733234092593193,
        6.849801063537598
    ],
    "focal_length": [
        5000.0,
        5000.0
    ],
    "pred_keypoints_3d": [
        [
            0.09586986154317856,
            0.006393868941813707,
            0.00619610445573926
        ],
        [
            0.06402766704559326,
            0.01611105352640152,
            -0.01338929496705532
        ],
        [
            0.03771890327334404,
            0.031014898791909218,
            -0.019398026168346405
        ],
        [
            0.015406409278512001,
            0.046253953129053116,
            -0.02190733514726162
        ],
        [
            -0.013297942467033863,
            0.06716425716876984,
            -0.022412659600377083
        ],
        [
            0.008826419711112976,
            -0.017448291182518005,
            -0.0042544458992779255
        ],
        [
            -0.022886857390403748,
            -0.02089610882103443,
            0.004466129932552576
        ],
        [
            -0.042788296937942505,
            -0.016008619219064713,
            0.01308838278055191
        ],
        [
            -0.06023106351494789,
            -0.0026154406368732452,
            0.025824781507253647
        ],
        [
            0.007977955043315887,
            -0.027139052748680115,
            0.019026730209589005
        ],
        [
            -0.02132488414645195,
            -0.020511014387011528,
            0.029197070747613907
        ],
        [
            -0.03924135863780975,
            -0.009906895458698273,
            0.03963865339756012
        ],
        [
            -0.054136667400598526,
            0.01047128438949585,
            0.03949524089694023
        ],
        [
            0.022986896336078644,
            -0.023949597030878067,
            0.04098513722419739
        ],
        [
            -0.005453478544950485,
            -0.019354207441210747,
            0.042696449905633926
        ],
        [
            -0.02353963442146778,
            -0.007080105133354664,
            0.05442654341459274
        ],
        [
            -0.03630726411938667,
            0.012396013364195824,
            0.04761011525988579
        ],
        [
            0.03568869084119797,
            -0.016371067613363266,
            0.05708297714591026
        ],
        [
            0.014572566375136375,
            -0.01695121079683304,
            0.05596935749053955
        ],
        [
            -0.0019742045551538467,
            -0.008647065609693527,
            0.06016701087355614
        ],
        [
            -0.014128330163657665,
            0.003406379371881485,
            0.05513607710599899
        ]
    ],
    "pred_vertices": [
        [
            0.04050254076719284,
            0.007293270900845528,
            -0.0011823088862001896
        ],
        [
            0.0495767742395401,
            0.012451762333512306,
            -0.0008461819961667061
        ],
        [
            0.04107901081442833,
            0.016913313418626785,
            -0.004100072663277388
        ],
        [
            0.0328008309006691,
            0.010396311990916729,
            -0.006133086048066616
        ],
        [
            0.05834675207734108,
            0.03193236514925957,
            -0.0030480828136205673
        ],
        [
            0.06430000811815262,
            0.03656066581606865,
            -0.012477751821279526
        ],
        [
            0.04932791739702225,
            0.04086144268512726,
            -0.014408179558813572
        ],
        [
            0.04645601660013199,
            0.037361741065979004,
            -0.005394997075200081
        ],
        [
            0.026558909565210342,
            0.012312034144997597,
            -0.010539752431213856
        ],
        [
            0.03399508073925972,
            0.02078871615231037,
            -0.006566417403519154
        ],
        [
            0.025103991851210594,
            0.013331937603652477,
            -0.014556723646819592
        ],
        [
            0.021851101890206337,
            -0.0022910479456186295,
            -0.019082389771938324
        ],
        [
            0.021710097789764404,
            0.001829388551414013,
            -0.013930645771324635
        ],
        [
            0.01762583665549755,
            -0.010905567556619644,
            -0.018563535064458847
        ],
        [
            0.030265601351857185,
            -0.008205275982618332,
            -0.023171786218881607
        ],
        [
            0.021422075107693672,
            -0.01980772614479065,
            -0.017465826123952866
        ],
        [
            0.04789236560463905,
            -0.025791415944695473,
            -0.0035800058394670486
        ],
        [
            0.05389091372489929,
            -0.027406930923461914,
            0.008782675489783287
        ],
        [
            0.0383569672703743,
            -0.03337128832936287,
            0.012600249610841274
        ],
        [
            0.03356856852769852,
            -0.030382104218006134,
            -5.259877070784569e-05
        ],
        [
            0.04999028146266937,
            -0.02876083366572857,
            0.02942740172147751
        ],
        [
            0.042882971465587616,
            -0.03183448314666748,
            0.020468946546316147
        ],
        [
            0.05878179892897606,
            -0.027000272646546364,
            0.016427963972091675
        ],
        [
            0.06434452533721924,
            -0.02439245395362377,
            0.024705789983272552
        ],
        [
            0.05221525579690933,
            0.0050544533878564835,
            0.010429433546960354
        ],
        [
            0.06167968362569809,
            0.009517379105091095,
            0.010021453723311424
        ],
        [
            0.057779330760240555,
            0.009170381352305412,
            0.005130946636199951
        ],
        [
            0.04893898591399193,
            0.0054803267121315,
            0.005635605659335852
        ],
        [
            0.025818102061748505,
            0.023602209985256195,
            -0.02294149249792099
        ],
        [
            0.03435559943318367,
            0.011112995445728302,
            -0.02701306715607643
        ],
        [
            0.02837968058884144,
            0.009990802966058254,
            -0.021622104570269585
        ],
        [
            0.02410772629082203,
            0.025242596864700317,
            -0.017781153321266174
        ],
        [
            0.08573215454816818,
            0.025149155408143997,
            0.01778666116297245
        ],
        [
            0.0984179899096489,
            0.024335848167538643,
            0.013059914112091064
        ],
        [
            0.09697871655225754,
            0.024336829781532288,
            0.007312199100852013
        ],
        [
            0.08571866154670715,
            0.024475403130054474,
            0.012790003791451454
        ],
        [
            0.08438380062580109,
            0.028764579445123672,
            -0.009376552887260914
        ],
        [
            0.0938776507973671,
            0.025119762867689133,
            -0.010385682806372643
        ],
        [
            0.09917989373207092,
            0.020568283274769783,
            -0.0218797754496336
        ],
        [
            0.08915171772241592,
            0.022034190595149994,
            -0.02319462224841118
        ],
        [
            0.073838971555233,
            0.032702602446079254,
            -0.01055612601339817
        ],
        [
            0.07803929597139359,
            0.028673680499196053,
            -0.023020770400762558
        ],
        [
            0.06694409251213074,
            0.03352850675582886,
            -0.023228781297802925
        ],
        [
            0.050817571580410004,
            0.03888886421918869,
            -0.023390306159853935
        ],
        [
            0.10250867158174515,
            0.021168801933526993,
            0.024844691157341003
        ],
        [
            0.09377846866846085,
            0.021856041625142097,
            0.030100442469120026
        ],
        [
            -0.027818843722343445,
            -0.0106474868953228,
            0.0023786555975675583
        ],
        [
            -0.02670195885002613,
            -0.010578191839158535,
            0.008171320892870426
        ],
        [
            -0.021828429773449898,
            -0.009877444244921207,
            0.005853164009749889
        ],
        [
            -0.02382945641875267,
            -0.010558689944446087,
            0.0005284789949655533
        ],
        [
            0.10315311700105667,
            0.0035786088556051254,
            0.03493349254131317
        ],
        [
            0.10498262941837311,
            -0.00599098764359951,
            0.03212070092558861
        ],
        [
            0.11132816970348358,
            -0.0023905839771032333,
            0.0318053737282753
        ],
        [
            0.10953618586063385,
            0.006861172616481781,
            0.03252479434013367
        ],
        [
            0.0946376770734787,
            -0.0006603766232728958,
            0.038018494844436646
        ],
        [
            0.09582552313804626,
            -0.010344920679926872,
            0.0322103425860405
        ],
        [
            -0.0307477917522192,
            -0.02252127416431904,
            -0.0010716579854488373
        ],
        [
            -0.030786242336034775,
            -0.01753939688205719,
            -0.0024116644635796547
        ],
        [
            -0.026097390800714493,
            -0.01910967379808426,
            -0.0043285321444272995
        ],
        [
            -0.02505119889974594,
            -0.023966271430253983,
            -0.002381475642323494
        ],
        [
            0.025468459352850914,
            0.0037696119397878647,
            -0.007894757203757763
        ],
        [
            0.03177220746874809,
            0.0035555362701416016,
            -0.0007640046533197165
        ],
        [
            0.010618126019835472,
            -0.00537462905049324,
            -0.004446008242666721
        ],
        [
            0.01960325613617897,
            -0.0028836317360401154,
            -0.002083093160763383
        ],
        [
            0.018573269248008728,
            -0.0023867767304182053,
            -0.009268607012927532
        ],
        [
            0.01164316013455391,
            -0.006032101809978485,
            -0.01072258222848177
        ],
        [
            0.03290388733148575,
            -0.00457790307700634,
            0.017687194049358368
        ],
        [
            0.04356001317501068,
            -0.0002615228295326233,
            0.015273276716470718
        ],
        [
            0.039645493030548096,
            -0.00031685084104537964,
            0.00983455590903759
        ],
        [
            0.027311325073242188,
            -0.004125310108065605,
            0.011074362322688103
        ],
        [
            0.048884548246860504,
            0.0016923118382692337,
            0.028319744393229485
        ],
        [
            0.0380789078772068,
            -0.003125721588730812,
            0.029583154246211052
        ],
        [
            0.042306236922740936,
            -0.0015153102576732635,
            0.03693361580371857
        ],
        [
            0.04897501692175865,
            0.0025539323687553406,
            0.034865301102399826
        ],
        [
            0.019502315670251846,
            -0.012001761235296726,
            0.02875380590558052
        ],
        [
            0.013468371704220772,
            -0.01548452116549015,
            0.029569081962108612
        ],
        [
            0.014762690290808678,
            -0.014661467634141445,
            0.032328687608242035
        ],
        [
            0.021506626158952713,
            -0.011807172559201717,
            0.031958065927028656
        ],
        [
            0.11786948144435883,
            0.0001757107675075531,
            0.03083042800426483
        ],
        [
            0.1154639944434166,
            0.009616779163479805,
            0.029312677681446075
        ],
        [
            0.05959416553378105,
            -0.02138460800051689,
            0.047332581132650375
        ],
        [
            0.0639270469546318,
            -0.012692572548985481,
            0.053120020776987076
        ],
        [
            0.05223676934838295,
            -0.017385952174663544,
            0.05911053717136383
        ],
        [
            0.05095531791448593,
            -0.02560506947338581,
            0.05120934173464775
        ],
        [
            0.10352420806884766,
            -0.013198473490774632,
            0.024686284363269806
        ],
        [
            0.11085999011993408,
            -0.010787194594740868,
            0.026153888553380966
        ],
        [
            -0.029784070327878,
            -0.02635877951979637,
            0.00372305978089571
        ],
        [
            -0.02371501550078392,
            -0.026878923177719116,
            0.002702299039810896
        ],
        [
            0.0689043253660202,
            0.022289840504527092,
            -0.031292159110307693
        ],
        [
            0.05020637810230255,
            0.03179597109556198,
            -0.03060971572995186
        ],
        [
            0.08314234763383865,
            0.015775883570313454,
            -0.029765568673610687
        ],
        [
            0.09287789463996887,
            0.011159293353557587,
            -0.027510713785886765
        ],
        [
            0.10163172334432602,
            0.009839974343776703,
            -0.027001481503248215
        ],
        [
            0.017783289775252342,
            -0.004806939512491226,
            0.0041797044686973095
        ],
        [
            0.03959615156054497,
            0.002735299989581108,
            0.004550253041088581
        ],
        [
            0.05463887378573418,
            0.005280943587422371,
            0.015035921707749367
        ],
        [
            0.061524398624897,
            0.009404363110661507,
            0.04500757157802582
        ],
        [
            0.07082194089889526,
            0.013961294665932655,
            0.04234461113810539
        ],
        [
            0.06397858262062073,
            0.013537572696805,
            0.03407857194542885
        ],
        [
            0.05744904652237892,
            0.009030638262629509,
            0.038039736449718475
        ],
        [
            0.06147470697760582,
            -0.003594066947698593,
            0.05590639263391495
        ],
        [
            0.056147199124097824,
            0.0018656253814697266,
            0.05296916887164116
        ],
        [
            0.04801022261381149,
            -0.0027552712708711624,
            0.056196823716163635
        ],
        [
            0.051603320986032486,
            -0.008508633822202682,
            0.06006068363785744
        ],
        [
            0.02869614213705063,
            0.026525000110268593,
            -0.029478156939148903
        ],
        [
            0.040038950741291046,
            0.01406763307750225,
            -0.03154919296503067
        ],
        [
            0.09998314082622528,
            0.013697247952222824,
            0.034196287393569946
        ],
        [
            0.10587292909622192,
            0.015889709815382957,
            0.029563691467046738
        ],
        [
            0.11357197165489197,
            0.01638942025601864,
            0.02600257098674774
        ],
        [
            0.0732569620013237,
            0.017786342650651932,
            0.01274823397397995
        ],
        [
            0.0856749415397644,
            0.024046199396252632,
            0.00933101400732994
        ],
        [
            0.08361165970563889,
            0.02407051995396614,
            0.005580379161983728
        ],
        [
            0.07195427268743515,
            0.016179267317056656,
            0.009701428934931755
        ],
        [
            0.059165120124816895,
            0.018990153446793556,
            0.0015810895711183548
        ],
        [
            0.06985770910978317,
            0.026791026815772057,
            -0.00028527434915304184
        ],
        [
            0.04943711310625076,
            0.024348292499780655,
            5.7948753237724304e-05
        ],
        [
            0.09669885784387589,
            0.024768956005573273,
            -0.0007957853376865387
        ],
        [
            0.10655519366264343,
            0.026197221130132675,
            0.003918659873306751
        ],
        [
            0.10519985854625702,
            0.02579214610159397,
            -0.004889968782663345
        ],
        [
            0.10926935076713562,
            0.024379340931773186,
            0.013191034086048603
        ],
        [
            0.11169158667325974,
            0.021193215623497963,
            0.021182864904403687
        ],
        [
            0.11937245726585388,
            -0.010870229452848434,
            0.026343664154410362
        ],
        [
            0.10346692055463791,
            0.02385331317782402,
            -0.012853177264332771
        ],
        [
            0.038082972168922424,
            0.0405023917555809,
            -0.008856600150465965
        ],
        [
            0.031370196491479874,
            0.044435322284698486,
            -0.012767060659825802
        ],
        [
            0.02759988233447075,
            0.038198694586753845,
            -0.009800015948712826
        ],
        [
            0.033882539719343185,
            0.0336354523897171,
            -0.005796331912279129
        ],
        [
            0.010754583403468132,
            -0.017679931595921516,
            -0.01657695136964321
        ],
        [
            0.010147091001272202,
            -0.010211506858468056,
            -0.014957339502871037
        ],
        [
            0.0179004967212677,
            -0.004521084018051624,
            -0.016069620847702026
        ],
        [
            0.07746217399835587,
            0.021653279662132263,
            0.025223229080438614
        ],
        [
            0.0846325159072876,
            0.019201546907424927,
            0.03537379205226898
        ],
        [
            0.008633275516331196,
            -0.007466403767466545,
            0.0016160698141902685
        ],
        [
            -0.020221371203660965,
            -0.025868553668260574,
            -0.00338886771351099
        ],
        [
            -0.021073058247566223,
            -0.020642466843128204,
            -0.00603649765253067
        ],
        [
            -0.003665066324174404,
            -0.02059432677924633,
            -0.011754844337701797
        ],
        [
            -0.003663118928670883,
            -0.02665846049785614,
            -0.008596100844442844
        ],
        [
            0.0029569645412266254,
            -0.015014257282018661,
            0.006836796645075083
        ],
        [
            0.004086694680154324,
            -0.009641720913350582,
            0.0026041280943900347
        ],
        [
            0.0017614164389669895,
            -0.01124618761241436,
            0.003661147551611066
        ],
        [
            -5.756039172410965e-05,
            -0.014927510172128677,
            0.008732843212783337
        ],
        [
            0.020276319235563278,
            -0.013047322630882263,
            0.039561156183481216
        ],
        [
            0.026449333876371384,
            -0.010334611870348454,
            0.03916270285844803
        ],
        [
            0.01871688850224018,
            -0.031718648970127106,
            0.0050909509882330894
        ],
        [
            0.018161291256546974,
            -0.031899310648441315,
            -0.008499208837747574
        ],
        [
            0.028508450835943222,
            -0.02691306173801422,
            -0.011219717562198639
        ],
        [
            0.03668669983744621,
            -0.0038324054330587387,
            0.024119433015584946
        ],
        [
            0.02739041857421398,
            -0.007720641791820526,
            0.02712193876504898
        ],
        [
            0.02918883226811886,
            -0.007606521248817444,
            0.030964521691203117
        ],
        [
            0.015481905080378056,
            -0.007139126770198345,
            0.007820907980203629
        ],
        [
            0.008460133336484432,
            -0.010145825333893299,
            0.0072221350856125355
        ],
        [
            0.012522934004664421,
            -0.010798802599310875,
            0.011270261369645596
        ],
        [
            0.01898830011487007,
            -0.0076361773535609245,
            0.012180945836007595
        ],
        [
            0.0757526233792305,
            -0.009122813120484352,
            0.04791250824928284
        ],
        [
            0.07297324389219284,
            0.001611866056919098,
            0.051562048494815826
        ],
        [
            -0.029515929520130157,
            -0.013204299844801426,
            -0.0012880126014351845
        ],
        [
            -0.025278646498918533,
            -0.014060472138226032,
            -0.003254331648349762
        ],
        [
            0.04706033319234848,
            0.0003887861967086792,
            0.021602313965559006
        ],
        [
            0.0415819026529789,
            -0.02097368985414505,
            -0.01326471846550703
        ],
        [
            0.05697149038314819,
            0.0059013981372118,
            0.020033501088619232
        ],
        [
            0.03301090747117996,
            -0.02824028581380844,
            0.044032707810401917
        ],
        [
            0.030832478776574135,
            -0.022833967581391335,
            0.04790173098444939
        ],
        [
            0.023615211248397827,
            -0.0223696231842041,
            0.04775793477892876
        ],
        [
            0.02347370609641075,
            -0.027813592925667763,
            0.04537941887974739
        ],
        [
            -0.014514433220028877,
            -0.016764046624302864,
            0.013236853294074535
        ],
        [
            -0.01583390310406685,
            -0.01194856595247984,
            0.010238785296678543
        ],
        [
            -0.02036149613559246,
            -0.012051387690007687,
            0.011556839570403099
        ],
        [
            -0.0196064542979002,
            -0.016981007531285286,
            0.01442054845392704
        ],
        [
            0.004365406930446625,
            -0.007895597256720066,
            -0.0030469100456684828
        ],
        [
            0.0047305370680987835,
            -0.008562551811337471,
            -0.009422591887414455
        ],
        [
            -0.0011538320686668158,
            -0.009834809228777885,
            -0.006884505040943623
        ],
        [
            5.01672038808465e-05,
            -0.009807087481021881,
            -0.0010137392673641443
        ],
        [
            0.0034001213498413563,
            -0.013651625253260136,
            -0.013236996717751026
        ],
        [
            -0.0024722344242036343,
            -0.014418095350265503,
            -0.011095625348389149
        ],
        [
            -0.014543761499226093,
            -0.023244787007570267,
            0.012539791874587536
        ],
        [
            -0.016143962740898132,
            -0.028631621971726418,
            0.007504721637815237
        ],
        [
            -0.0012109791859984398,
            -0.028947629034519196,
            0.004591815173625946
        ],
        [
            -0.0021407101303339005,
            -0.022260885685682297,
            0.009206850081682205
        ],
        [
            0.07844751328229904,
            -0.02144184708595276,
            0.020095890387892723
        ],
        [
            0.08231715112924576,
            -0.018065394833683968,
            0.030046403408050537
        ],
        [
            0.06841926276683807,
            -0.02107568085193634,
            0.034924231469631195
        ],
        [
            0.05525146424770355,
            -0.02522924542427063,
            0.040262892842292786
        ],
        [
            0.042238105088472366,
            -0.02842782810330391,
            0.04438880831003189
        ],
        [
            0.03841625154018402,
            -0.033402591943740845,
            0.0339161716401577
        ],
        [
            0.07222124189138412,
            -0.017633575946092606,
            0.041364606469869614
        ],
        [
            0.00821705348789692,
            -0.022869860753417015,
            0.009059285745024681
        ],
        [
            0.009722458198666573,
            -0.02910815179347992,
            0.0024334334302693605
        ],
        [
            0.011977799236774445,
            -0.028430277481675148,
            0.007500466890633106
        ],
        [
            0.05867274850606918,
            0.007938871160149574,
            0.027040129527449608
        ],
        [
            -0.0204734206199646,
            -0.015454741194844246,
            -0.00557755259796977
        ],
        [
            0.09788444638252258,
            -0.009857319295406342,
            -0.01791309379041195
        ],
        [
            0.10158321261405945,
            -0.015632692724466324,
            -0.006150352768599987
        ],
        [
            0.0928168073296547,
            -0.016497593373060226,
            -0.00655300822108984
        ],
        [
            0.08825478702783585,
            -0.009133894927799702,
            -0.019640684127807617
        ],
        [
            -0.01736089587211609,
            -0.009449420496821404,
            0.003995330072939396
        ],
        [
            -0.01917281374335289,
            -0.010454649105668068,
            -0.0019550793804228306
        ],
        [
            0.027468476444482803,
            -0.01057032123208046,
            0.045752398669719696
        ],
        [
            0.021502990275621414,
            -0.01355417538434267,
            0.04496844857931137
        ],
        [
            0.020968109369277954,
            -0.016130834817886353,
            0.04737988859415054
        ],
        [
            0.025927390903234482,
            -0.012636958621442318,
            0.05069057643413544
        ],
        [
            0.08523724228143692,
            -0.015179432928562164,
            0.034419767558574677
        ],
        [
            0.04299018904566765,
            -0.019402453675866127,
            0.06133883446455002
        ],
        [
            0.04350768402218819,
            -0.026608316227793694,
            0.05485319346189499
        ],
        [
            0.09432760626077652,
            -0.015592393465340137,
            0.02539731189608574
        ],
        [
            0.09129168093204498,
            -0.019098319113254547,
            0.01672936975955963
        ],
        [
            0.10071084648370743,
            -0.017360959202051163,
            0.014883341267704964
        ],
        [
            0.026601748540997505,
            -0.03418273478746414,
            0.02425525337457657
        ],
        [
            0.07343080639839172,
            -0.023522790521383286,
            0.013272753916680813
        ],
        [
            0.08726732432842255,
            -0.020244427025318146,
            0.010255254805088043
        ],
        [
            0.09834616631269455,
            -0.018221233040094376,
            0.007729243487119675
        ],
        [
            0.10657325387001038,
            -0.01735219731926918,
            0.006591396406292915
        ],
        [
            0.10829157382249832,
            -0.016342194750905037,
            0.014554828405380249
        ],
        [
            -0.018403297290205956,
            -0.02839752286672592,
            0.0021212268620729446
        ],
        [
            -0.022008463740348816,
            -0.027522709220647812,
            0.00904123205691576
        ],
        [
            0.11736760288476944,
            -0.016762129962444305,
            0.01445423811674118
        ],
        [
            0.11490540951490402,
            -0.01722537726163864,
            0.005460686981678009
        ],
        [
            0.08299668878316879,
            -0.02036740444600582,
            0.0020306063815951347
        ],
        [
            0.07742583006620407,
            -0.018725896254181862,
            -0.008209362626075745
        ],
        [
            0.06969436258077621,
            -0.023312315344810486,
            0.0053221071138978004
        ],
        [
            0.06318923085927963,
            -0.022260049358010292,
            -0.0044432152062654495
        ],
        [
            0.026383239775896072,
            -0.0379205085337162,
            0.014226116240024567
        ],
        [
            -0.0383208729326725,
            -0.023249773308634758,
            0.017114579677581787
        ],
        [
            -0.027060752734541893,
            -0.024138202890753746,
            0.014754904434084892
        ],
        [
            -0.025639666244387627,
            -0.018610231578350067,
            0.01595722883939743
        ],
        [
            -0.036394424736499786,
            -0.019975736737251282,
            0.019292116165161133
        ],
        [
            -0.02007024735212326,
            -0.022840630263090134,
            0.013666193932294846
        ],
        [
            -0.02819257415831089,
            -0.027195490896701813,
            0.010066133923828602
        ],
        [
            0.05594293400645256,
            -0.01548849232494831,
            -0.016833655536174774
        ],
        [
            0.007232592906802893,
            -0.01428314484655857,
            0.011510980315506458
        ],
        [
            0.07053366303443909,
            -0.008102321065962315,
            -0.022463422268629074
        ],
        [
            0.04312876984477043,
            -0.005755018442869186,
            -0.027035944163799286
        ],
        [
            0.05394648015499115,
            0.0019647805020213127,
            -0.03039564937353134
        ],
        [
            0.0849255919456482,
            0.0011975513771176338,
            -0.028611499816179276
        ],
        [
            0.0693163275718689,
            0.0083859171718359,
            -0.033250968903303146
        ],
        [
