{
    "pred_cam": [
        5.583467483520508,
        -0.027242861688137054,
        -0.01824061945080757
    ],
    "pred_mano_params": {
        "global_orient": [
            [
                [
                    0.9281972050666809,
                    0.34954512119293213,
                    -0.127547025680542
                ],
                [
                    0.3647966682910919,
                    -0.9224033355712891,
                    0.12686799466609955
                ],
                [
                    -0.0733037143945694,
                    -0.16428722441196442,
                    -0.9836850762367249
                ]
            ]
        ],
        "hand_pose": [
            [
                [
                    0.8741792440414429,
                    -0.40150269865989685,
                    -0.2731412351131439
                ],
                [
                    0.4145904779434204,
                    0.9099453091621399,
                    -0.010687272995710373
                ],
                [
                    0.25283458828926086,
                    -0.10389916598796844,
                    0.9619144797325134
                ]
            ],
            [
                [
                    0.9934727549552917,
                    -0.11395831406116486,
                    0.005031000357121229
                ],
                [
                    0.11116495728492737,
                    0.9573466181755066,
                    -0.26670169830322266
                ],
                [
                    0.025576462969183922,
                    0.2655201852321625,
                    0.9637659788131714
                ]
            ],
            [
                [
                    0.918053388595581,
                    -0.39522749185562134,
                    -0.031195659190416336
                ],
                [
                    0.39395374059677124,
                    0.9182567596435547,
                    -0.040061403065919876
                ],
                [
                    0.044478993862867355,
                    0.02448885887861252,
                    0.9987100958824158
                ]
            ],
            [
                [
                    0.8384408354759216,
                    -0.5449851155281067,
                    -0.0028534051962196827
                ],
                [
                    0.5446335673332214,
                    0.8380670547485352,
                    -0.03190460428595543
                ],
                [
                    0.01977887935936451,
                    0.02519606426358223,
                    0.9994868040084839
                ]
            ],
            [
                [
                    0.9865171909332275,
                    -0.07381467521190643,
                    -0.14606577157974243
                ],
                [
                    0.11057945340871811,
                    0.9585979580879211,
                    0.2624155580997467
                ],
                [
                    0.12064826488494873,
                    -0.27502933144569397,
                    0.9538357257843018
                ]
            ],
            [
                [
                    0.8055733442306519,
                    -0.5104820728302002,
                    0.3007653057575226
                ],
                [
                    0.508345901966095,
                    0.8562526702880859,
                    0.0917382761836052
                ],
                [
                    -0.3043617904186249,
                    0.07899090647697449,
                    0.94927579164505
                ]
            ],
            [
                [
                    0.6160064339637756,
                    -0.24050338566303253,
                    0.7501294612884521
                ],
                [
                    0.2656911015510559,
                    0.959888219833374,
                    0.0895698219537735
                ],
                [
                    -0.7415823340415955,
                    0.14412713050842285,
                    0.6551969051361084
                ]
            ],
            [
                [
                    0.9519557356834412,
                    0.010687864385545254,
                    -0.3060488998889923
                ],
                [
                    0.10548234730958939,
                    0.9267892837524414,
                    0.3604649305343628
                ],
                [
                    0.2874954640865326,
                    -0.3754294514656067,
                    0.8811349868774414
                ]
            ],
            [
                [
                    0.8947713375091553,
                    -0.2878916561603546,
                    0.34132468700408936
                ],
                [
                    0.21033449470996857,
                    0.94603031873703,
                    0.2465481162071228
                ],
                [
                    -0.393882691860199,
                    -0.14881184697151184,
                    0.9070343375205994
                ]
            ],
            [
                [
                    0.8310554027557373,
                    -0.45503413677215576,
                    0.31982913613319397
                ],
                [
                    0.4978196322917938,
                    0.8649978637695312,
                    -0.06288404017686844
                ],
                [
                    -0.24803711473941803,
                    0.2114773541688919,
                    0.9453860521316528
                ]
            ],
            [
                [
                    0.9563896059989929,
                    -0.12875305116176605,
                    -0.26218608021736145
                ],
                [
                    0.20488610863685608,
                    0.9354578256607056,
                    0.2879936397075653
                ],
                [
                    0.20818397402763367,
                    -0.3291524350643158,
                    0.9210418462753296
                ]
            ],
            [
                [
                    0.6513245105743408,
                    -0.5316239595413208,
                    0.5414354205131531
                ],
                [
                    0.37114667892456055,
                    0.8455617427825928,
                    0.3837648928165436
                ],
                [
                    -0.6618356704711914,
                    -0.049003541469573975,
                    0.7480455636978149
                ]
            ],
            [
                [
                    0.991187334060669,
                    -0.11257655173540115,
                    0.06981588900089264
                ],
                [
                    0.11465544253587723,
                    0.46511512994766235,
                    -0.8777939081192017
                ],
                [
                    0.06634658575057983,
                    0.878062903881073,
                    0.4739237427711487
                ]
            ],
            [
                [
                    0.9146696329116821,
                    -0.38234928250312805,
                    0.13110435009002686
                ],
                [
                    0.2625339925289154,
                    0.8085926175117493,
                    0.5265490412712097
                ],
                [
                    -0.30733564496040344,
                    -0.44719916582107544,
                    0.8399748206138611
                ]
            ],
            [
                [
                    0.9974256753921509,
                    0.005388162564486265,
                    -0.07150498032569885
                ],
                [
                    -0.020007934421300888,
                    0.9784821271896362,
                    -0.20535911619663239
                ],
                [
                    0.06885983794927597,
                    0.20626112818717957,
                    0.9760710000991821
                ]
            ]
        ],
        "betas": [
            -0.025349363684654236,
            -0.05532166361808777,
            0.023892462253570557,
            0.04640278220176697,
            0.05728486180305481,
            -0.04719015210866928,
            0.05548080801963806,
            -0.1188371479511261,
            0.025732532143592834,
            -0.07047918438911438
        ]
    },
    "pred_cam_t": [
        -0.027242861688137054,
        -0.01824061945080757,
        6.996100425720215
    ],
    "focal_length": [
        5000.0,
        5000.0
    ],
    "pred_keypoints_3d": [
        [
            0.09583820402622223,
            0.0063942307606339455,
            0.006196197122335434
        ],
        [
            0.06474337726831436,
            0.015272716991603374,
            -0.014941833913326263
        ],
        [
            0.038811687380075455,
            0.031004495918750763,
            -0.020437244325876236
        ],
        [
            0.016852013766765594,
            0.04679815471172333,
            -0.022492902353405952
        ],
        [
            -0.01110591646283865,
            0.0684257447719574,
            -0.027249298989772797
        ],
        [
            0.00944501906633377,
            -0.01835848018527031,
            -0.006802009418606758
        ],
        [
            -0.02179645001888275,
            -0.021258529275655746,
            0.003547344356775284
        ],
        [
            -0.04147268086671829,
            -0.016901066526770592,
            0.012892431579530239
        ],
        [
            -0.06010992079973221,
            -0.0054032765328884125,
            0.025803904980421066
        ],
        [
            0.007724054157733917,
            -0.02727901190519333,
            0.016743186861276627
        ],
        [
            -0.021994609385728836,
            -0.023898888379335403,
            0.02725633606314659
        ],
        [
            -0.04127063974738121,
            -0.015950487926602364,
            0.03761666268110275
        ],
        [
            -0.06110289692878723,
            -0.00011637434363365173,
            0.03886084258556366
        ],
        [
            0.021829165518283844,
            -0.02326095849275589,
            0.03916601464152336
        ],
        [
            -0.006933484226465225,
            -0.02144455537199974,
            0.04036925360560417
        ],
        [
            -0.027266182005405426,
            -0.012941227294504642,
            0.0517352931201458
        ],
        [
            -0.04561133682727814,
            0.0019392650574445724,
            0.045734599232673645
        ],
        [
            0.0338432639837265,
            -0.01506063062697649,
            0.05548853799700737
        ],
        [
            0.012842196971178055,
            -0.016576610505580902,
            0.053433578461408615
        ],
        [
            -0.005473533645272255,
            -0.013113847002387047,
            0.057010430842638016
        ],
        [
            -0.022100552916526794,
            -0.006316716782748699,
            0.05257321894168854
        ]
    ],
    "pred_vertices": [
        [
            0.04081759974360466,
            0.0067951492965221405,
            -0.0031805927865207195
        ],
        [
            0.04996688291430473,
            0.011939622461795807,
            -0.0025992938317358494
        ],
        [
            0.041823841631412506,
            0.016445709392428398,
            -0.005771242082118988
        ],
        [
            0.03338529169559479,
            0.0097903311252594,
            -0.008249752223491669
        ],
        [
            0.05949261412024498,
            0.03126532956957817,
            -0.0044333552941679955
        ],
        [
            0.065583236515522,
            0.035657163709402084,
            -0.013907015323638916
        ],
        [
            0.05088569596409798,
            0.04033154994249344,
            -0.01567680388689041
        ],
        [
            0.047976743429899216,
            0.03697461634874344,
            -0.006597233936190605
        ],
        [
            0.027428381145000458,
            0.011725613847374916,
            -0.012510918080806732
        ],
        [
            0.03498327359557152,
            0.02043306827545166,
            -0.008138321340084076
        ],
        [
            0.02612883970141411,
            0.012957778759300709,
            -0.016111021861433983
        ],
        [
            0.022856997326016426,
            -0.003197811543941498,
            -0.021021295338869095
        ],
        [
            0.022607266902923584,
            0.0009182523936033249,
            -0.016198301687836647
        ],
        [
            0.01860913261771202,
            -0.012066502124071121,
            -0.02068348042666912
        ],
        [
            0.03129178285598755,
            -0.009149694815278053,
            -0.024707885459065437
        ],
        [
            0.022322045639157295,
            -0.020911259576678276,
            -0.019177664071321487
        ],
        [
            0.04845643788576126,
            -0.026352139189839363,
            -0.00431803148239851
        ],
        [
            0.05403216928243637,
            -0.02751873806118965,
            0.008296232670545578
        ],
        [
            0.03850416839122772,
            -0.033247534185647964,
            0.011637282557785511
        ],
        [
            0.03411489725112915,
            -0.03083089366555214,
            -0.0012354557402431965
        ],
        [
            0.049425072968006134,
            -0.028061432763934135,
            0.02873239666223526
        ],
        [
            0.04270176216959953,
            -0.031473077833652496,
            0.0196213461458683
        ],
        [
            0.05862491577863693,
            -0.026829075068235397,
            0.016109561547636986
        ],
        [
            0.06384607404470444,
            -0.02390037663280964,
            0.024504605680704117
        ],
        [
            0.052057620137929916,
            0.004964334890246391,
            0.008790886029601097
        ],
        [
            0.061488404870033264,
            0.009434331208467484,
            0.008539070375263691
        ],
        [
            0.057796213775873184,
            0.008856531232595444,
            0.0035147429443895817
        ],
        [
            0.0489671528339386,
            0.005206611007452011,
            0.003876515431329608
        ],
        [
            0.026845790445804596,
            0.02367217279970646,
            -0.023992126807570457
        ],
        [
            0.0353996604681015,
            0.01057467982172966,
            -0.028389086946845055
        ],
        [
            0.029389798641204834,
            0.009556705132126808,
            -0.02304210513830185
        ],
        [
            0.025221623480319977,
            0.02534644305706024,
            -0.018783269450068474
        ],
        [
            0.08516281843185425,
            0.02550586126744747,
            0.01673084683716297
        ],
        [
            0.0980362743139267,
            0.024584120139479637,
            0.012525040656328201
        ],
        [
            0.0968274399638176,
            0.024352720007300377,
            0.006709585897624493
        ],
        [
            0.08534865826368332,
            0.024631574749946594,
            0.011712910607457161
        ],
        [
            0.08497186750173569,
            0.02793741226196289,
            -0.010511858388781548
        ],
        [
            0.09443280100822449,
            0.024447930976748466,
            -0.011175816878676414
        ],
        [
            0.10012934356927872,
            0.01961481384932995,
            -0.022229507565498352
        ],
        [
            0.09013141691684723,
            0.021046094596385956,
            -0.02389763668179512
        ],
        [
            0.07473137229681015,
            0.03171812742948532,
            -0.011929227039217949
        ],
        [
            0.07909557968378067,
            0.02757476456463337,
            -0.02416982315480709
        ],
        [
            0.06822910904884338,
            0.03253906965255737,
            -0.024591827765107155
        ],
        [
            0.052204642444849014,
            0.03836268559098244,
            -0.024638080969452858
        ],
        [
            0.10166389495134354,
            0.02184360660612583,
            0.024567127227783203
        ],
        [
            0.09273876994848251,
            0.022674595937132835,
            0.02946292981505394
        ],
        [
            -0.02722635120153427,
            -0.011335055343806744,
            0.0012858761474490166
        ],
        [
            -0.02586858533322811,
            -0.010996299795806408,
            0.007006102241575718
        ],
        [
            -0.020892705768346786,
            -0.010283819399774075,
            0.00434868223965168
        ],
        [
            -0.02315395697951317,
            -0.011227216571569443,
            -0.000840391032397747
        ],
        [
            0.1020146906375885,
            0.004611125215888023,
            0.03528197109699249
        ],
        [
            0.10400056093931198,
            -0.005045559257268906,
            0.032867543399333954
        ],
        [
            0.11032751202583313,
            -0.0014178827404975891,
            0.03267848491668701
        ],
        [
            0.10846421122550964,
            0.007844112813472748,
            0.03301156684756279
        ],
        [
            0.09340493381023407,
            0.0004354119300842285,
            0.03817109018564224
        ],
        [
            0.09487462043762207,
            -0.009446278214454651,
            0.03274901211261749
        ],
        [
            -0.029746010899543762,
            -0.023396354168653488,
            -0.0015614498406648636
        ],
        [
            -0.030061472207307816,
            -0.018497541546821594,
            -0.0030961688607931137
        ],
        [
            -0.02537902444601059,
            -0.019996048882603645,
            -0.005195691250264645
        ],
        [
            -0.02407093532383442,
            -0.024735625833272934,
            -0.0030776560306549072
        ],
        [
            0.026106245815753937,
            0.002957431599497795,
            -0.010317936539649963
        ],
        [
            0.03209998458623886,
            0.0029754098504781723,
            -0.003058029105886817
        ],
        [
            0.011180371046066284,
            -0.006249519996345043,
            -0.007542775943875313
        ],
        [
            0.020033711567521095,
            -0.003632260486483574,
            -0.004740763455629349
        ],
        [
            0.019266311079263687,
            -0.003388417884707451,
            -0.011959796771407127
        ],
        [
            0.012347323819994926,
            -0.007164021022617817,
            -0.013644079677760601
        ],
        [
            0.03251499682664871,
            -0.0045427195727825165,
            0.015625683590769768
        ],
        [
            0.04324236884713173,
            -0.00023870542645454407,
            0.013480456545948982
        ],
        [
            0.03955599665641785,
            -0.0005089119076728821,
            0.007900601252913475
        ],
        [
            0.027194922789931297,
            -0.004355181008577347,
            0.008790139108896255
        ],
        [
            0.04801511764526367,
            0.002193490043282509,
            0.026647038757801056
        ],
        [
            0.03718329593539238,
            -0.0026493575423955917,
            0.027662374079227448
        ],
        [
            0.04109281301498413,
            -0.0007526539266109467,
            0.035111986100673676
        ],
        [
            0.047841574996709824,
            0.0032736994326114655,
            0.03316326066851616
        ],
        [
            0.01857079565525055,
            -0.011678776703774929,
            0.02639494650065899
        ],
        [
            0.012444743886590004,
            -0.01554766297340393,
            0.027099475264549255
        ],
        [
            0.013491656631231308,
            -0.014749795198440552,
            0.03000819683074951
        ],
        [
            0.0203980952501297,
            -0.01145126298069954,
            0.029733706265687943
        ],
        [
            0.11688174307346344,
            0.0011481363326311111,
            0.031872618943452835
        ],
        [
            0.11449050903320312,
            0.010513463988900185,
            0.029934091493487358
        ],
        [
            0.05819465592503548,
            -0.02004866488277912,
            0.04672170802950859
        ],
        [
            0.06220674142241478,
            -0.01116442121565342,
            0.05241686850786209
        ],
        [
            0.05037682503461838,
            -0.015718281269073486,
            0.05806639790534973
        ],
        [
            0.049510274082422256,
            -0.0240686796605587,
            0.05036133900284767
        ],
        [
            0.10286867618560791,
            -0.01252075843513012,
            0.025630630552768707
        ],
        [
            0.11012206226587296,
            -0.01001734472811222,
            0.02730051428079605
        ],
        [
            -0.02842780575156212,
            -0.026987159624695778,
            0.003330085426568985
        ],
        [
            -0.022415781393647194,
            -0.027391565963625908,
            0.0020499853417277336
        ],
        [
            0.07004957646131516,
            0.021206969395279884,
            -0.03250451758503914
        ],
        [
            0.05138329416513443,
            0.031230907887220383,
            -0.031866997480392456
        ],
        [
            0.08427499234676361,
            0.014609693549573421,
            -0.030604494735598564
        ],
        [
            0.09398502856492996,
            0.010016527026891708,
            -0.027895938605070114
        ],
        [
            0.10275843739509583,
            0.008721482008695602,
            -0.026942938566207886
        ],
        [
            0.01799888350069523,
            -0.0053398339077830315,
            0.0014293701387941837
        ],
        [
            0.03970189765095711,
            0.0023726187646389008,
            0.0025337187107652426
        ],
        [
            0.05429327115416527,
            0.005359429866075516,
            0.01348071452230215
        ],
        [
            0.05996884033083916,
            0.010553309693932533,
            0.043539851903915405
        ],
        [
            0.06935887783765793,
            0.015073494985699654,
            0.04108425974845886
        ],
        [
            0.06284081935882568,
            0.014314329251646996,
            0.032580647617578506
        ],
        [
            0.056166213005781174,
            0.009904149919748306,
            0.03644286468625069
        ],
        [
            0.0595710389316082,
            -0.0020157117396593094,
            0.05481953173875809
        ],
        [
            0.05430333688855171,
            0.0032805949449539185,
            0.051523104310035706
        ],
        [
            0.04602432623505592,
            -0.001284005120396614,
            0.054575324058532715
        ],
        [
            0.04956546425819397,
            -0.006846919655799866,
            0.05872843414545059
        ],
        [
            0.02972865290939808,
            0.026559319347143173,
            -0.030520252883434296
        ],
        [
            0.04112650826573372,
            0.01342596486210823,
            -0.03288200497627258
        ],
        [
            0.0988202691078186,
            0.014681797474622726,
            0.03407210111618042
        ],
        [
            0.10486717522144318,
            0.01674436777830124,
            0.02959466353058815
        ],
        [
            0.1127018854022026,
            0.017150260508060455,
            0.026320327073335648
        ],
        [
            0.072925865650177,
            0.0178239569067955,
            0.011385643854737282
        ],
        [
            0.08545033633708954,
            0.024042118340730667,
            0.008230709470808506
        ],
        [
            0.08356551826000214,
            0.023825984448194504,
            0.004376603290438652
        ],
        [
            0.07175809144973755,
            0.016027845442295074,
            0.008285583928227425
        ],
        [
            0.059732869267463684,
            0.018340595066547394,
            -6.279908120632172e-06
        ],
        [
            0.07043830305337906,
            0.026005206629633904,
            -0.0017879405058920383
        ],
        [
            0.05046018585562706,
            0.023891421034932137,
            -0.0013295235112309456
        ],
        [
            0.09686707705259323,
            0.02445038966834545,
            -0.0014487477019429207
        ],
        [
            0.10652627050876617,
            0.026134181767702103,
            0.0036332574672997
        ],
        [
            0.10551263391971588,
            0.025401776656508446,
            -0.005213772412389517
        ],
        [
            0.1088799387216568,
            0.024668874219059944,
            0.013069557957351208
        ],
        [
            0.11098797619342804,
            0.021771008148789406,
            0.021259300410747528
        ],
        [
            0.11860275268554688,
            -0.010046606883406639,
            0.02783096954226494
        ],
        [
            0.10408656299114227,
            0.023205529898405075,
            -0.013168469071388245
        ],
        [
            0.03966468572616577,
            0.04035284370183945,
            -0.009845682419836521
        ],
        [
            0.03291979432106018,
            0.044458113610744476,
            -0.013578263111412525
        ],
        [
            0.029026729986071587,
            0.03835766762495041,
            -0.010609968565404415
        ],
        [
            0.03530700132250786,
            0.03360935300588608,
            -0.006759463809430599
        ],
        [
            0.011540643870830536,
            -0.018984075635671616,
            -0.018689919263124466
        ],
        [
            0.010934041813015938,
            -0.011497924104332924,
            -0.01756882295012474
        ],
        [
            0.0188397578895092,
            -0.005669871345162392,
            -0.018511172384023666
        ],
        [
            0.07662741094827652,
            0.022203922271728516,
            0.023968294262886047
        ],
        [
            0.08341623842716217,
            0.020136235281825066,
            0.03447795286774635
        ],
        [
            0.009152853861451149,
            -0.00807250291109085,
            -0.0014690998941659927
        ],
        [
            -0.01928575150668621,
            -0.02673090249300003,
            -0.004167911596596241
        ],
        [
            -0.020362619310617447,
            -0.021654682233929634,
            -0.007057467009872198
        ],
        [
            -0.0031713233329355717,
            -0.021809760481119156,
            -0.013511238619685173
        ],
        [
            -0.003018531482666731,
            -0.027688506990671158,
            -0.010018857195973396
        ],
        [
            0.0036018569953739643,
            -0.015391306020319462,
            0.00422326335683465
        ],
        [
            0.004865565337240696,
            -0.010134789161384106,
            -0.0002677184820640832
        ],
        [
            0.0027212253771722317,
            -0.011652383953332901,
            0.001080492977052927
        ],
        [
            0.0011105546727776527,
            -0.015066769905388355,
            0.006431951187551022
        ],
        [
            0.01872944086790085,
            -0.012834733352065086,
            0.03738367184996605
        ],
        [
            0.02502058446407318,
            -0.009735439904034138,
            0.03707633167505264
        ],
        [
            0.019099460914731026,
            -0.032061994075775146,
            0.0033028866164386272
        ],
        [
            0.018948456272482872,
            -0.03282015770673752,
            -0.010065974667668343
        ],
        [
            0.02930895984172821,
            -0.027777183800935745,
            -0.01254426222294569
        ],
        [
            0.03602219372987747,
            -0.0035450775176286697,
            0.022175801917910576
        ],
        [
            0.026594609022140503,
            -0.00738152489066124,
            0.024953022599220276
        ],
        [
            0.028218962252140045,
            -0.00715060718357563,
            0.02886972576379776
        ],
        [
            0.015565980225801468,
            -0.007552610710263252,
            0.005081887822598219
        ],
        [
            0.008771650493144989,
            -0.010554109700024128,
            0.004264321643859148
        ],
        [
            0.012302542105317116,
            -0.011076224967837334,
            0.008610375225543976
        ],
        [
            0.018820971250534058,
            -0.007882446981966496,
            0.00968841090798378
        ],
        [
            0.07420351356267929,
            -0.0077467020601034164,
            0.04758404940366745
        ],
        [
            0.07121624052524567,
            0.0030651483684778214,
            0.05077080801129341
        ],
        [
            -0.02894917130470276,
            -0.014088346622884274,
            -0.002205166034400463
        ],
        [
            -0.024654194712638855,
            -0.014914926141500473,
            -0.004395070485770702
        ],
        [
            0.046475913375616074,
            0.0006475318223237991,
            0.01991317793726921
        ],
        [
            0.04235851764678955,
            -0.02178802154958248,
            -0.014324283227324486
        ],
        [
            0.05641312524676323,
            0.006168326362967491,
            0.018537582829594612
        ],
        [
            0.03207622841000557,
            -0.02738161012530327,
            0.04261840879917145
        ],
        [
            0.029775040224194527,
            -0.0219428651034832,
            0.0462191216647625
        ],
        [
            0.022500433027744293,
            -0.02210504561662674,
            0.045779336243867874
        ],
        [
            0.022665999829769135,
            -0.02766454964876175,
            0.04356035217642784
        ],
        [
            -0.013047033920884132,
            -0.016741735860705376,
            0.011715303175151348
        ],
        [
            -0.014575980603694916,
            -0.012103619053959846,
            0.008505113422870636
        ],
        [
            -0.019101519137620926,
            -0.012140853330492973,
            0.01009046845138073
        ],
        [
            -0.01805759221315384,
            -0.016890892758965492,
            0.013129299506545067
        ],
        [
            0.00503178033977747,
            -0.00866259727627039,
            -0.005977659020572901
        ],
        [
            0.005350506864488125,
            -0.009657667949795723,
            -0.012274685315787792
        ],
        [
            -0.0005450477474369109,
            -0.0108036445453763,
            -0.009399672038853168
        ],
        [
            0.0008434962946921587,
            -0.010462937876582146,
            -0.003586980514228344
        ],
        [
            0.004001624416559935,
            -0.014913192018866539,
            -0.01566137745976448
        ],
        [
            -0.0019849541131407022,
            -0.0156077416613698,
            -0.013247809372842312
        ],
        [
            -0.012977303937077522,
            -0.023260189220309258,
            0.01131119392812252
        ],
        [
            -0.014665797352790833,
            -0.028926527127623558,
            0.006604720838367939
        ],
        [
            -6.802007555961609e-05,
            -0.029332436621189117,
            0.003162512555718422
        ],
        [
            -0.0008783051744103432,
            -0.022351883351802826,
            0.007460256107151508
        ],
        [
            0.07806244492530823,
            -0.021055802702903748,
            0.020351257175207138
        ],
        [
            0.08151795715093613,
            -0.01731613464653492,
            0.030325308442115784
        ],
        [
            0.06749136000871658,
            -0.020212965086102486,
            0.03474599868059158
        ],
        [
            0.05421942099928856,
            -0.02415483072400093,
            0.03964383527636528
        ],
        [
            0.04114817827939987,
            -0.027165694162249565,
            0.04333861172199249
        ],
        [
            0.03786196932196617,
            -0.03246837854385376,
            0.03285960108041763
        ],
        [
            0.07099553197622299,
            -0.01651419699192047,
            0.04119602590799332
        ],
        [
            0.007906313985586166,
            -0.023584790527820587,
            0.0067097400315105915
        ],
        [
            0.010381724685430527,
            -0.029626552015542984,
            0.0005023481789976358
        ],
        [
            0.011999106965959072,
            -0.02908630296587944,
            0.005352013744413853
        ],
        [
            0.05782376229763031,
            0.008455906063318253,
            0.02553229220211506
        ],
        [
            -0.0198325514793396,
            -0.016475029289722443,
            -0.006894983351230621
        ],
        [
            0.0987938940525055,
            -0.010691043920814991,
            -0.017314881086349487
        ],
        [
            0.10212494432926178,
            -0.016063986346125603,
            -0.005181858316063881
        ],
        [
            0.09338533133268356,
            -0.016966257244348526,
            -0.005902545526623726
        ],
        [
            0.08917542546987534,
            -0.010035687126219273,
            -0.019480206072330475
        ],
        [
            -0.016389179974794388,
            -0.00995567999780178,
            0.0021982714533805847
        ],
        [
            -0.01846543326973915,
            -0.011285006999969482,
            -0.0035995841026306152
        ],
        [
            0.025856168940663338,
            -0.00984988547861576,
            0.043691787868738174
        ],
        [
            0.01994425430893898,
            -0.013278783299028873,
            0.042810358107089996
        ],
        [
            0.019487109035253525,
            -0.01594584807753563,
            0.04528922215104103
        ],
        [
            0.024352028965950012,
            -0.011917351745069027,
            0.04861793294548988
        ],
        [
            0.08424291014671326,
            -0.014257842674851418,
            0.034701522439718246
        ],
        [
            0.04124859720468521,
            -0.017880523577332497,
            0.05999672785401344
        ],
        [
            0.04209933802485466,
            -0.025151291862130165,
            0.053748808801174164
        ],
        [
            0.0936736986041069,
            -0.014941236935555935,
            0.026065416634082794
        ],
        [
            0.09099724143743515,
            -0.01876593753695488,
            0.017410758882761
        ],
        [
            0.10046219825744629,
            -0.01705292984843254,
            0.01587449014186859
        ],
        [
            0.026358652859926224,
            -0.03389632701873779,
            0.022757500410079956
        ],
        [
            0.07333260029554367,
            -0.023395929485559464,
            0.01341581903398037
        ],
        [
            0.08723565936088562,
            -0.0201510451734066,
            0.010826881974935532
        ],
        [
            0.09838315844535828,
            -0.018170716241002083,
            0.00866299495100975
        ],
        [
            0.10663451254367828,
            -0.017312776297330856,
            0.007812636904418468
        ],
        [
            0.10803347826004028,
            -0.016003813594579697,
            0.015806347131729126
        ],
        [
            -0.017160505056381226,
            -0.02896098420023918,
            0.0013537192717194557
        ],
        [
            -0.020384009927511215,
            -0.027709443122148514,
            0.008281669579446316
        ],
        [
            0.11708585172891617,
            -0.016377318650484085,
            0.016074275597929955
        ],
        [
            0.1149778962135315,
            -0.017180174589157104,
            0.007005196064710617
        ],
        [
            0.08328694105148315,
            -0.020585253834724426,
            0.0024452395737171173
        ],
        [
            0.07803533971309662,
            -0.019300660118460655,
            -0.008093922398984432
        ],
        [
            0.06990142911672592,
            -0.02349015139043331,
            0.005317392759025097
        ],
        [
            0.0637345239520073,
            -0.022798003628849983,
            -0.004730897024273872
        ],
        [
            0.026701968163251877,
            -0.03763781860470772,
            0.012814338319003582
        ],
        [
            -0.03645085170865059,
            -0.02379215694963932,
            0.016901057213544846
        ],
        [
            -0.025298912078142166,
            -0.02420184388756752,
            0.014102439396083355
        ],
        [
            -0.02409939654171467,
            -0.018589792773127556,
            0.015057899989187717
        ],
        [
            -0.03469199314713478,
            -0.020336389541625977,
            0.01887594163417816
        ],
        [
            -0.01837889477610588,
            -0.02278541587293148,
            0.012614666484296322
        ],
        [
            -0.026499927043914795,
            -0.0275107454508543,
            0.00958319567143917
        ],
        [
            0.05674648657441139,
            -0.016342921182513237,
            -0.017580877989530563
        ],
        [
            0.006740138866007328,
            -0.014746863394975662,
            0.008837801404297352
        ],
        [
            0.07138743996620178,
            -0.009049628861248493,
            -0.02301192656159401
        ],
        [
            0.044134870171546936,
            -0.0066893985494971275,
            -0.028261251747608185
        ],
        [
            0.054952651262283325,
            0.000990196131169796,
            -0.03154146671295166
        ],
        [
            0.08599287271499634,
            9.561702609062195e-05,
            -0.029004104435443878
        ],
        [
            0.07037728279829025,
            0.007306274957954884,
            -0.034229159355163574
        ],
        [
