{
    "pred_cam": [
        6.776714324951172,
        0.08260317146778107,
        -0.07523321360349655
    ],
    "pred_mano_params": {
        "global_orient": [
            [
                [
                    0.42840903997421265,
                    -0.6883816719055176,
                    0.5853172540664673
                ],
                [
                    -0.8485533595085144,
                    -0.529108464717865,
                    -0.0011970567284151912
                ],
                [
                    0.31052035093307495,
                    -0.496160089969635,
                    -0.8108034133911133
                ]
            ]
        ],
        "hand_pose": [
            [
                [
                    0.8836826682090759,
                    -0.3264264464378357,
                    -0.3354856073856354
                ],
                [
                    0.31295904517173767,
                    0.9449908137321472,
                    -0.09512627124786377
                ],
                [
                    0.3480825424194336,
                    -0.02093181200325489,
                    0.937230110168457
                ]
            ],
            [
                [
                    0.2102534919977188,
                    -0.9175966382026672,
                    0.3373572826385498
                ],
                [
                    0.9712846279144287,
                    0.23535820841789246,
                    0.0348232127726078
                ],
                [
                    -0.11135345697402954,
                    0.32034826278686523,
                    0.9407324194908142
                ]
            ],
            [
                [
                    0.6078596115112305,
                    -0.7902691960334778,
                    0.07733829319477081
                ],
                [
                    0.7911829352378845,
                    0.5945281386375427,
                    -0.14340795576572418
                ],
                [
                    0.06735111027956009,
                    0.14836065471172333,
                    0.9866371154785156
                ]
            ],
            [
                [
                    0.9209113717079163,
                    -0.24352626502513885,
                    -0.3043305575847626
                ],
                [
                    0.2238830029964447,
                    0.9696331024169922,
                    -0.09842806309461594
                ],
                [
                    0.31905877590179443,
                    0.02250908501446247,
                    0.947467565536499
                ]
            ],
            [
                [
                    -0.00045115870307199657,
                    -0.9628240466117859,
                    -0.27012908458709717
                ],
                [
                    0.985526442527771,
                    -0.046220824122428894,
                    0.1630992442369461
                ],
                [
                    -0.16952143609523773,
                    -0.2661457359790802,
                    0.9489094018936157
                ]
            ],
            [
                [
                    0.8031612634658813,
                    -0.584111750125885,
                    -0.11724115908145905
                ],
                [
                    0.5934628248214722,
                    0.8016883134841919,
                    0.07139850407838821
                ],
                [
                    0.05228615924715996,
                    -0.12692278623580933,
                    0.9905335903167725
                ]
            ],
            [
                [
                    0.657031774520874,
                    -0.42899090051651,
                    0.6199000477790833
                ],
                [
                    0.40316030383110046,
                    0.8947809934616089,
                    0.19190801680088043
                ],
                [
                    -0.6370015740394592,
                    0.12382940948009491,
                    0.7608516216278076
                ]
            ],
            [
                [
                    0.5036532282829285,
                    -0.7111142873764038,
                    -0.49056074023246765
                ],
                [
                    0.8087339401245117,
                    0.18842679262161255,
                    0.5571756362915039
                ],
                [
                    -0.30378076434135437,
                    -0.677356481552124,
                    0.6700040102005005
                ]
            ],
            [
                [
                    0.8331722617149353,
                    -0.5422585606575012,
                    0.10853344947099686
                ],
                [
                    0.494882196187973,
                    0.8186818361282349,
                    0.29129326343536377
                ],
                [
                    -0.24681062996387482,
                    -0.18898624181747437,
                    0.9504570960998535
                ]
            ],
            [
                [
                    0.9144697785377502,
                    -0.40121352672576904,
                    0.0526556633412838
                ],
                [
                    0.4045487642288208,
                    0.9094275236129761,
                    -0.09634245187044144
                ],
                [
                    -0.00923260860145092,
                    0.109404057264328,
                    0.9939544200897217
                ]
            ],
            [
                [
                    0.1946990191936493,
                    -0.9010658860206604,
                    -0.38752099871635437
                ],
                [
                    0.9296697974205017,
                    0.043555933982133865,
                    0.36580997705459595
                ],
                [
                    -0.3127400577068329,
                    -0.4314894378185272,
                    0.8461740612983704
                ]
            ],
            [
                [
                    0.7637446522712708,
                    -0.59196937084198,
                    -0.25742286443710327
                ],
                [
                    0.6415623426437378,
                    0.7401787042617798,
                    0.20132853090763092
                ],
                [
                    0.07135864347219467,
                    -0.31891635060310364,
                    0.9450927972793579
                ]
            ],
            [
                [
                    0.9992985129356384,
                    -0.03411336615681648,
                    -0.015454503707587719
                ],
                [
                    0.0018011449137702584,
                    0.4559606909751892,
                    -0.8899980783462524
                ],
                [
                    0.037407487630844116,
                    0.8893458843231201,
                    0.4557022750377655
                ]
            ],
            [
                [
                    0.9536188244819641,
                    -0.22466900944709778,
                    -0.2003370076417923
                ],
                [
                    0.300978422164917,
                    0.7010374665260315,
                    0.6464970111846924
                ],
                [
                    -0.004804107826203108,
                    -0.6768088936805725,
                    0.7361430525779724
                ]
            ],
            [
                [
                    0.9724246263504028,
                    0.23307496309280396,
                    -0.008156890980899334
                ],
                [
                    -0.2313939332962036,
                    0.968595564365387,
                    0.09099233150482178
                ],
                [
                    0.02910875901579857,
                    -0.08659572154283524,
                    0.9958183169364929
                ]
            ]
        ],
        "betas": [
            -0.059141725301742554,
            -0.02329084277153015,
            -0.12328989803791046,
            0.043710142374038696,
            0.04906117916107178,
            -0.017304185777902603,
            0.09490568935871124,
            -0.12131252884864807,
            -0.005000084638595581,
            -0.02029666304588318
        ]
    },
    "pred_cam_t": [
        -0.08260317146778107,
        -0.07523321360349655,
        5.764224052429199
    ],
    "focal_length": [
        5000.0,
        5000.0
    ],
    "pred_keypoints_3d": [
        [
            0.09609527885913849,
            0.006411033216863871,
            0.006212743930518627
        ],
        [
            0.11161407828330994,
            0.0351337306201458,
            -0.01451070699840784
        ],
        [
            0.12365525960922241,
            0.0632011890411377,
            -0.01922094076871872
        ],
        [
            0.1257818341255188,
            0.0899755209684372,
            -0.023586537688970566
        ],
        [
            0.12592953443527222,
            0.12093675881624222,
            -0.04223500192165375
        ],
        [
            0.07387056201696396,
            0.08426478505134583,
            -0.03546503558754921
        ],
        [
            0.059599608182907104,
            0.11421453952789307,
            -0.034145601093769073
        ],
        [
            0.07685989886522293,
            0.12296166270971298,
            -0.023011308163404465
        ],
        [
            0.09504787623882294,
            0.1127900630235672,
            -0.009068876504898071
        ],
        [
            0.0543832965195179,
            0.08785580098628998,
            -0.01980280876159668
        ],
        [
            0.03688819706439972,
            0.11369505524635315,
            -0.01368793100118637
        ],
        [
            0.05574897676706314,
            0.11887744814157486,
            -0.0009096404537558556
        ],
        [
            0.07885300368070602,
            0.1137927696108818,
            0.008991822600364685
        ],
        [
            0.048010021448135376,
            0.07817079871892929,
            0.004380389116704464
        ],
        [
            0.03994234651327133,
            0.10596829652786255,
            0.004169522784650326
        ],
        [
            0.05928349494934082,
            0.10958880931138992,
            0.019431207329034805
        ],
        [
            0.07908400893211365,
            0.0997740626335144,
            0.03237127885222435
        ],
        [
            0.048055462539196014,
            0.07038712501525879,
            0.024807997047901154
        ],
        [
            0.04707898572087288,
            0.09140528738498688,
            0.022331975400447845
        ],
        [
            0.060739241540431976,
            0.09637942165136337,
            0.03462600335478783
        ],
        [
            0.07614973187446594,
            0.09210988134145737,
            0.04297424107789993
        ]
    ],
    "pred_vertices": [
        [
            0.09623460471630096,
            0.05836217850446701,
            -0.01412864588201046
        ],
        [
            0.10092207044363022,
            0.050347041338682175,
            -0.009458992630243301
        ],
        [
            0.10494484007358551,
            0.05892574414610863,
            -0.01242467388510704
        ],
        [
            0.10033493489027023,
            0.06532933562994003,
            -0.019017750397324562
        ],
        [
            0.11862502992153168,
            0.04683009535074234,
            0.0005125962197780609
        ],
        [
            0.12808862328529358,
            0.040852125734090805,
            -0.003444727510213852
        ],
        [
            0.1307368129491806,
            0.05683835968375206,
            -0.007184632122516632
        ],
        [
            0.12315090000629425,
            0.06013106554746628,
            -0.0020590834319591522
        ],
        [
            0.10297601670026779,
            0.07065938413143158,
            -0.023382652550935745
        ],
        [
            0.10854171216487885,
            0.06616722047328949,
            -0.014418153092265129
        ],
        [
            0.10436642169952393,
            0.07062581181526184,
            -0.026132622733712196
        ],
        [
            0.09414160251617432,
            0.07090146839618683,
            -0.03825708478689194
        ],
        [
            0.09568725526332855,
            0.07305660843849182,
            -0.03213273733854294
        ],
        [
            0.08667290955781937,
            0.07415683567523956,
            -0.04283668473362923
        ],
        [
            0.09172580391168594,
            0.06075089052319527,
            -0.042033083736896515
        ],
        [
            0.07878150045871735,
            0.06895102560520172,
            -0.04474109411239624
        ],
        [
            0.06914635747671127,
            0.045016784220933914,
            -0.02846905216574669
        ],
        [
            0.06233585625886917,
            0.04136545583605766,
            -0.016953708603978157
        ],
        [
            0.054928138852119446,
            0.0558726042509079,
            -0.020082950592041016
        ],
        [
            0.06292405724525452,
            0.05863742530345917,
            -0.030995506793260574
        ],
        [
            0.05152563005685806,
            0.04884093254804611,
            -0.0007631164044141769
        ],
        [
            0.05270824208855629,
            0.05339391902089119,
            -0.011603252962231636
        ],
        [
            0.05945006385445595,
            0.03821690380573273,
            -0.008966892957687378
        ],
        [
            0.05822126567363739,
            0.03493117541074753,
            0.000706888735294342
        ],
        [
            0.08988908678293228,
            0.04909930378198624,
            -0.0019276440143585205
        ],
        [
            0.09472595155239105,
            0.0405220091342926,
            0.0020076464861631393
        ],
        [
            0.09636922180652618,
            0.04306789115071297,
            -0.0035225022584199905
        ],
        [
            0.09225469827651978,
            0.051322102546691895,
            -0.006785498932003975
        ],
        [
            0.11406998336315155,
            0.07064980268478394,
            -0.02841075137257576
        ],
        [
            0.10958835482597351,
            0.05914970114827156,
            -0.03532000631093979
        ],
        [
            0.10509157180786133,
            0.06529506295919418,
            -0.032676078379154205
        ],
        [
            0.11285807192325592,
            0.07347089052200317,
            -0.02351370081305504
        ],
        [
            0.10646405071020126,
            0.021723538637161255,
            0.021857112646102905
        ],
        [
            0.10885955393314362,
            0.008407250046730042,
            0.02067643590271473
        ],
        [
            0.11148513853549957,
            0.008682042360305786,
            0.015376221388578415
        ],
        [
            0.10825827717781067,
            0.02061309665441513,
            0.017257967963814735
        ],
        [
            0.12245690822601318,
            0.01898913085460663,
            0.00012831389904022217
        ],
        [
            0.12046757340431213,
            0.008630655705928802,
            -0.0001379735767841339
        ],
        [
            0.12220005691051483,
            0.0004758387804031372,
            -0.010695226490497589
        ],
        [
            0.12359200417995453,
            0.010477587580680847,
            -0.013569120317697525
        ],
        [
            0.12514027953147888,
            0.030332937836647034,
            -0.00154871866106987
        ],
        [
            0.12845544517040253,
            0.023168884217739105,
            -0.012924380600452423
        ],
        [
            0.13156166672706604,
            0.03578060120344162,
            -0.013102922588586807
        ],
        [
            0.13325679302215576,
            0.053310979157686234,
            -0.015442421659827232
        ],
        [
            0.10081781446933746,
            0.006166085600852966,
            0.030476419255137444
        ],
        [
            0.0983383059501648,
            0.015748918056488037,
            0.03308071196079254
        ],
        [
            0.07326041162014008,
            0.10922364890575409,
            -0.033129893243312836
        ],
        [
            0.07140494883060455,
            0.10850770771503448,
            -0.027170244604349136
        ],
        [
            0.07131548970937729,
            0.10839889943599701,
            -0.027088992297649384
        ],
        [
            0.07294543832540512,
            0.10956066101789474,
            -0.032878436148166656
        ],
        [
            0.0806351900100708,
            0.004400894045829773,
            0.03159187361598015
        ],
        [
            0.07364939898252487,
            0.0003989860415458679,
            0.025432627648115158
        ],
        [
            0.07740455865859985,
            -0.005158364772796631,
            0.028336644172668457
        ],
        [
            0.08508734405040741,
            -0.001658797264099121,
            0.03254886716604233
        ],
        [
            0.07484979927539825,
            0.01246090978384018,
            0.030293796211481094
        ],
        [
            0.06913052499294281,
            0.008486375212669373,
            0.02130124717950821
        ],
        [
            0.06612679362297058,
            0.11848901212215424,
            -0.03884794935584068
        ],
        [
            0.07050879299640656,
            0.11554960906505585,
            -0.03885685279965401
        ],
        [
            0.0677565187215805,
            0.1139901727437973,
            -0.040412478148937225
        ],
        [
            0.06258297711610794,
            0.11515037715435028,
            -0.040193282067775726
        ],
        [
            0.09522319585084915,
            0.07112547010183334,
            -0.025174608454108238
        ],
        [
            0.09230104088783264,
            0.06641311198472977,
            -0.017490852624177933
        ],
        [
            0.08475065231323242,
            0.08522921800613403,
            -0.029916582629084587
        ],
        [
            0.08655083179473877,
            0.07697691023349762,
            -0.024531055241823196
        ],
        [
            0.09026458859443665,
            0.07678939402103424,
            -0.030827596783638
        ],
        [
            0.08715113252401352,
            0.08303885161876678,
            -0.03542446345090866
        ],
        [
            0.07666485011577606,
            0.06760063022375107,
            -0.0047620609402656555
        ],
        [
            0.08233096450567245,
            0.05752841383218765,
            -0.002241929993033409
        ],
        [
            0.08455850183963776,
            0.06023889780044556,
            -0.007981203496456146
        ],
        [
            0.07975535094738007,
            0.07182247936725616,
            -0.011707303114235401
        ],
        [
            0.07831539213657379,
            0.05522848665714264,
            0.01124960370361805
        ],
        [
            0.07274655997753143,
            0.06513766944408417,
            0.007470251061022282
        ],
        [
            0.07105174660682678,
            0.06273391097784042,
            0.015591111965477467
        ],
        [
            0.07605644315481186,
            0.056578535586595535,
            0.0172980148345232
        ],
        [
            0.06441204249858856,
            0.08226653188467026,
            -0.0021972907707095146
        ],
        [
            0.05961763486266136,
            0.08766615390777588,
            -0.005191887728869915
        ],
        [
            0.057950060814619064,
            0.08790092170238495,
            -0.0017145546153187752
        ],
        [
            0.06277570128440857,
            0.08097141981124878,
            0.0011621140874922276
        ],
        [
            0.08055394887924194,
            -0.011223450303077698,
            0.030272219330072403
        ],
        [
            0.08941739052534103,
            -0.007532857358455658,
            0.032484933733940125
        ],
        [
            0.049895111471414566,
            0.04448697343468666,
            0.020423725247383118
        ],
        [
            0.05517558753490448,
            0.04299402981996536,
            0.030231546610593796
        ],
        [
            0.047438956797122955,
            0.05462733656167984,
            0.03062058612704277
        ],
        [
            0.043773919343948364,
            0.05283624306321144,
            0.019877184182405472
        ],
        [
            0.07067766785621643,
            -0.000910148024559021,
            0.015504599548876286
        ],
        [
            0.0726296603679657,
            -0.0072758495807647705,
            0.019675392657518387
        ],
        [
            0.0610167533159256,
            0.11998248845338821,
            -0.035307906568050385
        ],
        [
            0.05737443268299103,
            0.11620030552148819,
            -0.036664992570877075
        ],
        [
            0.12642225623130798,
            0.029360100626945496,
            -0.02480655536055565
        ],
        [
            0.1308472454547882,
            0.050593260675668716,
            -0.024505682289600372
        ],
        [
            0.12108539044857025,
            0.014031611382961273,
            -0.02332126535475254
        ],
        [
            0.11639507114887238,
            0.003905460238456726,
            -0.021198708564043045
        ],
        [
            0.11534835398197174,
            -0.004845030605792999,
            -0.01925428956747055
        ],
        [
            0.08182014524936676,
            0.07965496182441711,
            -0.020486440509557724
        ],
        [
            0.0896911695599556,
            0.05974769964814186,
            -0.011241275817155838
        ],
        [
            0.0880909338593483,
            0.0477115660905838,
            0.0028059184551239014
        ],
        [
            0.07821867614984512,
            0.04762004688382149,
            0.03225754201412201
        ],
        [
            0.08410577476024628,
            0.03892471641302109,
            0.03433758020401001
        ],
        [
            0.08713546395301819,
            0.04387364909052849,
            0.025280777364969254
        ],
        [
            0.08087551593780518,
            0.050147440284490585,
            0.025048531591892242
        ],
        [
            0.061698105186223984,
            0.04748815670609474,
            0.0359688363969326
        ],
        [
            0.06751683354377747,
            0.0529879592359066,
            0.0344485267996788
        ],
        [
            0.06152898818254471,
            0.06055591627955437,
            0.03318663686513901
        ],
        [
            0.054854221642017365,
            0.05685325339436531,
            0.035008449107408524
        ],
        [
            0.11995486170053482,
            0.0686865746974945,
            -0.03258185461163521
        ],
        [
            0.11535928398370743,
            0.05429474264383316,
            -0.03666484355926514
        ],
        [
            0.08966927230358124,
            0.009105868637561798,
            0.03460116684436798
        ],
        [
            0.09418535977602005,
            0.0028944164514541626,
            0.03306445851922035
        ],
        [
            0.09681046009063721,
            -0.005150273442268372,
            0.032137930393218994
        ],
        [
            0.10156743973493576,
            0.03138547018170357,
            0.011019280180335045
        ],
        [
            0.10955536365509033,
            0.019894950091838837,
            0.014073226600885391
        ],
        [
            0.11127029359340668,
            0.02118667960166931,
            0.010341629385948181
        ],
        [
            0.10154663026332855,
            0.03164980933070183,
            0.007256239652633667
        ],
        [
            0.10586079955101013,
            0.043033666908741,
            -0.0019344612956047058
        ],
        [
            0.1146954745054245,
            0.03437213972210884,
            0.0031023435294628143
        ],
        [
            0.10951735079288483,
            0.0536595918238163,
            -0.0031691603362560272
        ],
        [
            0.11571761965751648,
            0.007503211498260498,
            0.00855686329305172
        ],
        [
            0.11534541845321655,
            -0.0008997991681098938,
            0.01568007841706276
        ],
        [
            0.11903665214776993,
            -0.0013316050171852112,
            0.00758797861635685
        ],
        [
            0.10957300662994385,
            -0.002054966986179352,
            0.023544274270534515
        ],
        [
            0.10318044573068619,
            -0.0034150034189224243,
            0.029631152749061584
        ],
        [
            0.07302406430244446,
            -0.015484042465686798,
            0.021947767585515976
        ],
        [
            0.1209748312830925,
            -0.0014937743544578552,
            -0.0005221851170063019
        ],
        [
            0.12594284117221832,
            0.06886910647153854,
            -0.006627937778830528
        ],
        [
            0.12794876098632812,
            0.07638920843601227,
            -0.010998442769050598
        ],
        [
            0.12081706523895264,
            0.0770692378282547,
            -0.010883327573537827
        ],
        [
            0.1183701753616333,
            0.07054602354764938,
            -0.0077152978628873825
        ],
        [
            0.07921930402517319,
            0.08061888813972473,
            -0.04579392448067665
        ],
        [
            0.08507935702800751,
            0.08300789445638657,
            -0.04126739501953125
        ],
        [
            0.0912611111998558,
            0.07562707364559174,
            -0.037802405655384064
        ],
        [
            0.09933717548847198,
            0.030557740479707718,
            0.02463768795132637
        ],
        [
            0.09291589260101318,
            0.02515566349029541,
            0.034155428409576416
        ],
        [
            0.0796777531504631,
            0.08756996691226959,
            -0.026079902425408363
        ],
        [
            0.06152220070362091,
            0.11140003800392151,
            -0.04197211563587189
        ],
        [
            0.06756725907325745,
            0.11133404821157455,
            -0.04212808981537819
        ],
        [
            0.07229433953762054,
            0.095854252576828,
            -0.045086562633514404
        ],
        [
            0.06533985584974289,
            0.09498094767332077,
            -0.045261580497026443
        ],
        [
            0.06887272000312805,
            0.09236882627010345,
            -0.026156608015298843
        ],
        [
            0.07614270597696304,
            0.09135401993989944,
            -0.026703137904405594
        ],
        [
            0.07370488345623016,
            0.09286979585886002,
            -0.026496849954128265
        ],
        [
            0.06751108914613724,
            0.09392054378986359,
            -0.024088116362690926
        ],
        [
            0.056891679763793945,
            0.08382556587457657,
            0.006610895041376352
        ],
        [
            0.06128218024969101,
            0.07772479951381683,
            0.00919452216476202
        ],
        [
            0.05842868611216545,
            0.07400323450565338,
            -0.03135289251804352
        ],
        [
            0.06429429352283478,
            0.07173200696706772,
            -0.043119605630636215
        ],
        [
            0.07040026783943176,
            0.06193188577890396,
            -0.040419381111860275
        ],
        [
            0.07457602024078369,
            0.06530603021383286,
            0.002086726948618889
        ],
        [
            0.06920000165700912,
            0.07441940903663635,
            0.000570991076529026
        ],
        [
            0.06759371608495712,
            0.07344743609428406,
            0.0043748365715146065
        ],
        [
            0.07780882716178894,
            0.08223262429237366,
            -0.018968574702739716
        ],
        [
            0.07455869764089584,
            0.08833763003349304,
            -0.02264436148107052
        ],
        [
            0.07267578691244125,
            0.0859399139881134,
            -0.018512733280658722
        ],
        [
            0.0755791962146759,
            0.07968971878290176,
            -0.014442907646298409
        ],
        [
            0.06150257959961891,
            0.031157158315181732,
            0.030298899859189987
        ],
        [
            0.06905359029769897,
            0.03645576536655426,
            0.03743116185069084
        ],
        [
            0.07304475456476212,
            0.11201301217079163,
            -0.03711468726396561
        ],
        [
            0.07171647995710373,
            0.11189913004636765,
            -0.03772884979844093
        ],
        [
            0.08017870783805847,
            0.055471040308475494,
            0.0044087376445531845
        ],
        [
            0.07741451263427734,
            0.04993865266442299,
            -0.03633244335651398
        ],
        [
            0.08644990622997284,
            0.04652949795126915,
            0.008007797412574291
        ],
        [
            0.043603524565696716,
            0.06799104809761047,
            0.007838591001927853
        ],
        [
            0.04622110351920128,
            0.07246191799640656,
            0.013215195387601852
        ],
        [
            0.04510817304253578,
            0.07824806869029999,
            0.011352259665727615
        ],
        [
            0.04129165783524513,
            0.07636836171150208,
            0.006961156614124775
        ],
        [
            0.062439918518066406,
            0.10570215433835983,
            -0.021762296557426453
        ],
        [
            0.06816008687019348,
            0.10716728121042252,
            -0.02237832546234131
        ],
        [
            0.06689564883708954,
            0.10772740840911865,
            -0.02257888950407505
        ],
        [
            0.061159808188676834,
            0.10885908454656601,
            -0.021314144134521484
        ],
        [
            0.08050143718719482,
            0.09106512367725372,
            -0.030675821006298065
        ],
        [
            0.08307243138551712,
            0.08992872387170792,
            -0.03653297200798988
        ],
        [
            0.07968365401029587,
            0.0954853743314743,
            -0.0353282205760479
        ],
        [
            0.0770341083407402,
            0.09456092119216919,
            -0.030065378174185753
        ],
        [
            0.08004944771528244,
            0.08985525369644165,
            -0.04225672036409378
        ],
        [
            0.07747963070869446,
            0.09566480666399002,
            -0.041344959288835526
        ],
        [
            0.056409433484077454,
            0.10620637983083725,
            -0.024766622111201286
        ],
        [
            0.05377452075481415,
            0.10900363326072693,
            -0.03186357021331787
        ],
        [
            0.05702412128448486,
            0.09267693758010864,
            -0.033863455057144165
        ],
        [
            0.060224372893571854,
            0.09428201615810394,
            -0.026933470740914345
        ],
        [
            0.06386838108301163,
            0.02096310257911682,
            0.0015909159556031227
        ],
        [
            0.062447089701890945,
            0.019759267568588257,
            0.012633065693080425
        ],
        [
            0.05662248283624649,
            0.033608924597501755,
            0.012023983523249626
        ],
        [
            0.0497281551361084,
            0.04659152776002884,
            0.011505085974931717
        ],
        [
            0.04430545121431351,
            0.059424303472042084,
            0.01042308658361435
        ],
        [
            0.044885434210300446,
            0.05991929769515991,
            -0.0017647286877036095
        ],
        [
            0.0568401962518692,
            0.0317964032292366,
            0.020031407475471497
        ],
        [
            0.06028854101896286,
            0.08820652961730957,
            -0.027912311255931854
        ],
        [
            0.06017719954252243,
            0.08247382938861847,
            -0.034825317561626434
        ],
        [
            0.057454001158475876,
            0.08235696703195572,
            -0.030300477519631386
        ],
        [
            0.08509814739227295,
            0.04661169275641441,
            0.01539226621389389
        ],
        [
            0.07236194610595703,
            0.11092068254947662,
            -0.03911937400698662
        ],
        [
            0.09331613779067993,
            -0.003045603632926941,
            -0.021167218685150146
        ],
        [
            0.08288492262363434,
            -0.005388535559177399,
            -0.012637117877602577
        ],
        [
            0.08171240240335464,
            0.002829335629940033,
            -0.015567779541015625
        ],
        [
            0.09422461688518524,
            0.006060905754566193,
            -0.02474150061607361
        ],
        [
            0.07338511943817139,
            0.10916917026042938,
            -0.027156267315149307
        ],
        [
            0.0750238373875618,
            0.1099604144692421,
            -0.03332969918847084
        ],
        [
            0.058033064007759094,
            0.07762737572193146,
            0.015197562985122204
        ],
        [
            0.05416872352361679,
            0.08257332444190979,
            0.011580090969800949
        ],
        [
            0.05031969025731087,
            0.08223987370729446,
            0.012776023708283901
        ],
        [
            0.053450435400009155,
            0.0794074684381485,
            0.01865583471953869
        ],
        [
            0.06312288343906403,
            0.018296897411346436,
            0.018407445400953293
        ],
        [
            0.044136568903923035,
            0.06410487741231918,
            0.030078381299972534
        ],
        [
            0.040740832686424255,
            0.06120854616165161,
            0.021127769723534584
        ],
        [
            0.06760010123252869,
            0.0076864659786224365,
            0.012741622515022755
        ],
        [
            0.06837156414985657,
            0.008319228887557983,
            0.002959885634481907
        ],
        [
            0.07142798602581024,
            -0.0008163973689079285,
            0.004517829045653343
        ],
        [
            0.04775277525186539,
            0.06941293179988861,
            -0.013800987973809242
        ],
        [
            0.06490308791399002,
            0.024112842977046967,
            -0.006477146875113249
        ],
        [
            0.07011264562606812,
            0.01075107604265213,
            -0.004148556850850582
        ],
        [
            0.0738476812839508,
            -6.921589374542236e-05,
            -0.002632398158311844
        ],
        [
            0.07574212551116943,
            -0.00806417316198349,
            -0.0011407043784856796
        ],
        [
            0.07301078736782074,
            -0.008009374141693115,
            0.006594588980078697
        ],
        [
            0.05650818720459938,
            0.110577791929245,
            -0.0377444289624691
        ],
        [
            0.054075028747320175,
            0.11552033573389053,
            -0.029958687722682953
        ],
        [
            0.07329149544239044,
            -0.016872592270374298,
            0.008606687188148499
        ],
        [
            0.07694241404533386,
            -0.016310468316078186,
            3.292132169008255e-05
        ],
        [
            0.0735592246055603,
            0.013268046081066132,
            -0.012374709360301495
        ],
        [
            0.07954110950231552,
            0.016951680183410645,
            -0.021873928606510162
        ],
        [
            0.06854067742824554,
            0.02620919793844223,
            -0.014182904735207558
        ],
        [
            0.07364141941070557,
            0.030774571001529694,
            -0.023790616542100906
        ],
        [
            0.050253964960575104,
            0.06629378348588943,
            -0.023767933249473572
        ],
        [
            0.0679241344332695,
            0.12430023401975632,
            -0.019610097631812096
        ],
        [
            0.05918506532907486,
            0.11746328324079514,
            -0.02261281944811344
        ],
        [
            0.06254991888999939,
            0.1128120943903923,
            -0.020893175154924393
        ],
        [
            0.06834695488214493,
            0.12049482762813568,
            -0.017338808625936508
        ],
        [
            0.056574270129203796,
            0.11155223846435547,
            -0.02363472804427147
        ],
        [
            0.05811525136232376,
            0.11977942287921906,
            -0.02812877856194973
        ],
        [
            0.08503058552742004,
            0.03643842414021492,
            -0.03336794301867485
        ],
        [
            0.06753315776586533,
            0.09187330305576324,
            -0.021926192566752434
        ],
        [
            0.09543900936841965,
            0.02273400127887726,
            -0.03118044137954712
        ],
        [
            0.09705507755279541,
            0.04808776080608368,
            -0.04087444767355919
        ],
        [
            0.10668093711137772,
            0.03893238306045532,
            -0.037630438804626465
        ],
        [
            0.1077113002538681,
            0.009551450610160828,
            -0.02855687029659748
        ],
        [
            0.11523044854402542,
            0.02528226375579834,
            -0.03307781741023064
        ],
        [
            0.10500446707010269,
            -0.007811389863491058,
            -0.021868333220481873
        ],
        [
            0.10460009425878525,
            0.0006680488586425781,
            -0.024798551574349403
        ],
        [
            0.12199367582798004,
            0.042303960770368576,
            -0.03329365327954292
        ],
