{
    "pred_cam": [
        7.608542442321777,
        -0.04521565139293671,
        -0.02302231453359127
    ],
    "pred_mano_params": {
        "global_orient": [
            [
                [
                    0.9322252869606018,
                    0.3109942376613617,
                    -0.18503671884536743
                ],
                [
                    0.3415905237197876,
                    -0.9250300526618958,
                    0.16623878479003906
                ],
                [
                    -0.11946521699428558,
                    -0.21817877888679504,
                    -0.9685690999031067
                ]
            ]
        ],
        "hand_pose": [
            [
                [
                    0.8961955308914185,
                    -0.3735719621181488,
                    -0.23932699859142303
                ],
                [
                    0.3903210461139679,
                    0.9203384518623352,
                    0.025034097954630852
                ],
                [
                    0.21090978384017944,
                    -0.1158498078584671,
                    0.9706162214279175
                ]
            ],
            [
                [
                    0.9957907795906067,
                    -0.0912654846906662,
                    -0.008451654575765133
                ],
                [
                    0.08661758899688721,
                    0.9671934843063354,
                    -0.2388184517621994
                ],
                [
                    0.02997026965022087,
                    0.2370811253786087,
                    0.9710275530815125
                ]
            ],
            [
                [
                    0.908216118812561,
                    -0.41251489520072937,
                    -0.07053382694721222
                ],
                [
                    0.4088752269744873,
                    0.91057288646698,
                    -0.06064799055457115
                ],
                [
                    0.08924437314271927,
                    0.02624194510281086,
                    0.995664119720459
                ]
            ],
            [
                [
                    0.7833845615386963,
                    -0.6210978627204895,
                    0.02336748130619526
                ],
                [
                    0.6207641959190369,
                    0.7837316393852234,
                    0.020408714190125465
                ],
                [
                    -0.030989641323685646,
                    -0.0014821754302829504,
                    0.9995185732841492
                ]
            ],
            [
                [
                    0.9900568723678589,
                    0.018095215782523155,
                    -0.13949857652187347
                ],
                [
                    0.018784334883093834,
                    0.9658024311065674,
                    0.2585977017879486
                ],
                [
                    0.1394074708223343,
                    -0.2586468458175659,
                    0.9558594226837158
                ]
            ],
            [
                [
                    0.8444103002548218,
                    -0.4559558928012848,
                    0.28120359778404236
                ],
                [
                    0.45328035950660706,
                    0.887900173664093,
                    0.07855071127414703
                ],
                [
                    -0.28549638390541077,
                    0.061135027557611465,
                    0.9564279317855835
                ]
            ],
            [
                [
                    0.5623854994773865,
                    -0.2757004499435425,
                    0.7795587182044983
                ],
                [
                    0.29881608486175537,
                    0.946826159954071,
                    0.11928611993789673
                ],
                [
                    -0.7709938287734985,
                    0.16585993766784668,
                    0.6148650050163269
                ]
            ],
            [
                [
                    0.9495862722396851,
                    -0.00392368296161294,
                    -0.3134814202785492
                ],
                [
                    0.12574200332164764,
                    0.92073655128479,
                    0.36936870217323303
                ],
                [
                    0.287184476852417,
                    -0.39016520977020264,
                    0.8748121857643127
                ]
            ],
            [
                [
                    0.8551949858665466,
                    -0.369282603263855,
                    0.36369186639785767
                ],
                [
                    0.2801933288574219,
                    0.9197114706039429,
                    0.27499523758888245
                ],
                [
                    -0.43604257702827454,
                    -0.1332705318927765,
                    0.8900031447410583
                ]
            ],
            [
                [
                    0.7675677537918091,
                    -0.5144156217575073,
                    0.3823823630809784
                ],
                [
                    0.5696770548820496,
                    0.8209365606307983,
                    -0.03913147374987602
                ],
                [
                    -0.2937817871570587,
                    0.2478705197572708,
                    0.9231752157211304
                ]
            ],
            [
                [
                    0.9617500901222229,
                    -0.09609495103359222,
                    -0.2565199136734009
                ],
                [
                    0.17022444307804108,
                    0.9433448910713196,
                    0.284822940826416
                ],
                [
                    0.21461671590805054,
                    -0.3175944983959198,
                    0.9236197471618652
                ]
            ],
            [
                [
                    0.6821461915969849,
                    -0.48445895314216614,
                    0.5477007627487183
                ],
                [
                    0.33448925614356995,
                    0.8728050589561462,
                    0.35542699694633484
                ],
                [
                    -0.6502257585525513,
                    -0.05925314873456955,
                    0.7574269771575928
                ]
            ],
            [
                [
                    0.9928140640258789,
                    -0.043166384100914,
                    0.11161044985055923
                ],
                [
                    0.11761192232370377,
                    0.5240911841392517,
                    -0.8435022234916687
                ],
                [
                    -0.0220831036567688,
                    0.8505675792694092,
                    0.5254020094871521
                ]
            ],
            [
                [
                    0.9065918326377869,
                    -0.40150177478790283,
                    0.12995223701000214
                ],
                [
                    0.2907201647758484,
                    0.8174103498458862,
                    0.4973149299621582
                ],
                [
                    -0.3058971166610718,
                    -0.41308191418647766,
                    0.8577821850776672
                ]
            ],
            [
                [
                    0.9785753488540649,
                    -0.04332483187317848,
                    -0.20127913355827332
                ],
                [
                    -0.00825146771967411,
                    0.9685712456703186,
                    -0.24859942495822906
                ],
                [
                    0.20572371780872345,
                    0.2449340969324112,
                    0.9474624395370483
                ]
            ]
        ],
        "betas": [
            -0.05736750364303589,
            -0.054256588220596313,
            -0.02621561288833618,
            0.04697182774543762,
            0.03225627541542053,
            -0.055163703858852386,
            0.02326825261116028,
            -0.11653062701225281,
            0.0230586975812912,
            -0.027892112731933594
        ]
    },
    "pred_cam_t": [
        -0.04521565139293671,
        -0.02302231453359127,
        5.134031772613525
    ],
    "focal_length": [
        5000.0,
        5000.0
    ],
    "pred_keypoints_3d": [
        [
            0.09598582237958908,
            0.006411072798073292,
            0.006210428662598133
        ],
        [
            0.06386040151119232,
            0.016949057579040527,
            -0.012581861577928066
        ],
        [
            0.03872782364487648,
            0.033713869750499725,
            -0.019029583781957626
        ],
        [
            0.01774614118039608,
            0.05089336633682251,
            -0.020898032933473587
        ],
        [
            -0.01015407033264637,
            0.07290494441986084,
            -0.020149149000644684
        ],
        [
            0.008139334619045258,
            -0.015517783351242542,
            -0.002133934758603573
        ],
        [
            -0.0229953583329916,
            -0.01875128038227558,
            0.00866552721709013
        ],
        [
            -0.04265211522579193,
            -0.01519827265292406,
            0.018533198162913322
        ],
        [
            -0.060773998498916626,
            -0.004485646262764931,
            0.03304341435432434
        ],
        [
            0.007635690271854401,
            -0.02522854134440422,
            0.02118559181690216
        ],
        [
            -0.02112354151904583,
            -0.018093928694725037,
            0.03265615552663803
        ],
        [
            -0.03981715440750122,
            -0.009672283194959164,
            0.04381396248936653
        ],
        [
            -0.0600665882229805,
            0.005628056824207306,
            0.04702765867114067
        ],
        [
            0.023262441158294678,
            -0.02239708974957466,
            0.04281504824757576
        ],
        [
            -0.005067113786935806,
            -0.01703864336013794,
            0.044833265244960785
        ],
        [
            -0.02447141334414482,
            -0.007325582206249237,
            0.056980736553668976
        ],
        [
            -0.04245521500706673,
            0.008695097640156746,
            0.052489954978227615
        ],
        [
            0.036514975130558014,
            -0.015135168097913265,
            0.05862836539745331
        ],
        [
            0.015376150608062744,
            -0.014788895845413208,
            0.057013507932424545
        ],
        [
            -0.0024098753929138184,
            -0.009609019383788109,
            0.06140111759305
        ],
        [
            -0.017173215746879578,
            0.000263298861682415,
            0.05730987712740898
        ]
    ],
    "pred_vertices": [
        [
            0.04025185480713844,
            0.008784854784607887,
            3.4191180020570755e-05
        ],
        [
            0.049230899661779404,
            0.013832946307957172,
            6.947922520339489e-05
        ],
        [
            0.04089272767305374,
            0.018851345404982567,
            -0.0033328314311802387
        ],
        [
            0.03247751668095589,
            0.012280216440558434,
            -0.00493875565007329
        ],
        [
            0.05922627076506615,
            0.03297257423400879,
            -0.0023848973214626312
        ],
        [
            0.06547711044549942,
            0.037292446941137314,
            -0.011877084150910378
        ],
        [
            0.05103466287255287,
            0.04258199408650398,
            -0.013886388391256332
        ],
        [
            0.04796980321407318,
            0.03916974365711212,
            -0.004831776022911072
        ],
        [
            0.02629762329161167,
            0.014613127335906029,
            -0.009475307539105415
        ],
        [
            0.034109726548194885,
            0.02314767986536026,
            -0.005863962695002556
        ],
        [
            0.024992315098643303,
            0.016043763607740402,
            -0.013797355815768242
        ],
        [
            0.021129528060555458,
            -4.26657497882843e-05,
            -0.017798852175474167
        ],
        [
            0.021176617592573166,
            0.003894529305398464,
            -0.01248109620064497
        ],
        [
            0.016690002754330635,
            -0.008904497139155865,
            -0.016929276287555695
        ],
        [
            0.0293402262032032,
            -0.006167253479361534,
            -0.02206718549132347
        ],
        [
            0.02033080905675888,
            -0.017926596105098724,
            -0.015854893252253532
        ],
        [
            0.047038450837135315,
            -0.02470577321946621,
            -0.0024504316970705986
        ],
        [
            0.053319573402404785,
            -0.026491044089198112,
            0.009806184098124504
        ],
        [
            0.037767793983221054,
            -0.03210283815860748,
            0.014005983248353004
        ],
        [
            0.03272481635212898,
            -0.028988175094127655,
            0.001440086867660284
        ],
        [
            0.04990425705909729,
            -0.027796436101198196,
            0.03057003580033779
        ],
        [
            0.04252379387617111,
            -0.03067290224134922,
            0.021766789257526398
        ],
        [
            0.05840855836868286,
            -0.02620682120323181,
            0.01733788475394249
        ],
        [
            0.06423406302928925,
            -0.023745233193039894,
            0.02548889070749283
        ],
        [
            0.05236791446805,
            0.006077159196138382,
            0.011541208252310753
        ],
        [
            0.06182171031832695,
            0.010327789932489395,
            0.010923657566308975
        ],
        [
            0.05762087181210518,
            0.010125702247023582,
            0.0060782963410019875
        ],
        [
            0.04890848696231842,
            0.006627308204770088,
            0.006784879602491856
        ],
        [
            0.02638603001832962,
            0.027199670672416687,
            -0.022590119391679764
        ],
        [
            0.034101784229278564,
            0.013664181344211102,
            -0.026442963629961014
        ],
        [
            0.028080753982067108,
            0.012737677432596684,
            -0.020985860377550125
        ],
        [
            0.024805797263979912,
            0.028792766854166985,
            -0.0173783041536808
        ],
        [
            0.08654771000146866,
            0.025378571823239326,
            0.01811908185482025
        ],
        [
            0.09912074357271194,
            0.024285677820444107,
            0.0130536500364542
        ],
        [
            0.09752951562404633,
            0.024329690262675285,
            0.007348318584263325
        ],
        [
            0.08636705577373505,
            0.024679960682988167,
            0.013143595308065414
        ],
        [
            0.08471926301717758,
            0.02884645015001297,
            -0.008945504203438759
        ],
        [
            0.09404464811086655,
            0.02511114999651909,
            -0.010227009654045105
        ],
        [
            0.09902269393205643,
            0.020498182624578476,
            -0.02194291725754738
        ],
        [
            0.08912181854248047,
            0.02209758758544922,
            -0.023003455251455307
        ],
        [
            0.07451280951499939,
            0.03300924599170685,
            -0.009918790310621262
        ],
        [
            0.07846701890230179,
            0.028934458270668983,
            -0.022547386586666107
        ],
        [
            0.06797624379396439,
            0.03422389179468155,
            -0.022701460868120193
        ],
        [
            0.05240041762590408,
            0.04078185185790062,
            -0.022946078330278397
        ],
        [
            0.10343549400568008,
            0.020980050787329674,
            0.024738486856222153
        ],
        [
            0.09485376626253128,
            0.021858863532543182,
            0.030231859534978867
        ],
        [
            -0.028758294880390167,
            -0.009140713140368462,
            0.006697194650769234
        ],
        [
            -0.02724146842956543,
            -0.008878268301486969,
            0.012385645881295204
        ],
        [
            -0.02235475927591324,
            -0.008069304749369621,
            0.009675709530711174
        ],
        [
            -0.024724382907152176,
            -0.008954951539635658,
            0.0045166416093707085
        ],
        [
            0.10393980145454407,
            0.0033374521881341934,
            0.03476857766509056
        ],
        [
            0.10547284036874771,
            -0.006276415660977364,
            0.03188011795282364
        ],
        [
            0.11189138889312744,
            -0.00283045694231987,
            0.031413786113262177
        ],
        [
            0.11033689975738525,
            0.006462998688220978,
            0.03219958394765854
        ],
        [
            0.09540703892707825,
            -0.0007038507610559464,
            0.03808138519525528
        ],
        [
            0.09621718525886536,
            -0.01041322574019432,
            0.03219868987798691
        ],
        [
            -0.03126218914985657,
            -0.021220829337835312,
            0.0037368908524513245
        ],
        [
            -0.03165847435593605,
            -0.016284693032503128,
            0.0022884663194417953
        ],
        [
            -0.02701607346534729,
            -0.017695114016532898,
            5.299318581819534e-05
        ],
        [
            -0.025670673698186874,
            -0.022493615746498108,
            0.0020600929856300354
        ],
        [
            0.02509317733347416,
            0.005572328343987465,
            -0.0063447533175349236
        ],
        [
            0.03157007694244385,
            0.00511307455599308,
            0.0007565354462713003
        ],
        [
            0.010081451386213303,
            -0.0034820232540369034,
            -0.00258043734356761
        ],
        [
            0.019268639385700226,
            -0.0011474378407001495,
            -0.0002632810501381755
        ],
        [
            0.018037015572190285,
            -0.0005837315693497658,
            -0.007517586462199688
        ],
        [
            0.01090937852859497,
            -0.00420770701020956,
            -0.008855034597218037
        ],
        [
            0.03304515406489372,
            -0.0031720902770757675,
            0.01927446946501732
        ],
        [
            0.04374140128493309,
            0.000924261286854744,
            0.016607940196990967
        ],
        [
            0.039678264409303665,
            0.000967150554060936,
            0.011243416927754879
        ],
        [
            0.027297265827655792,
            -0.002591405063867569,
            0.012785364873707294
        ],
        [
            0.04942326620221138,
            0.002749398350715637,
            0.029538623988628387
        ],
        [
            0.0385516956448555,
            -0.0018484406173229218,
            0.031056687235832214
        ],
        [
            0.043001607060432434,
            -0.000333515927195549,
            0.03831292688846588
        ],
        [
            0.04969942197203636,
            0.0035967640578746796,
            0.036092013120651245
        ],
        [
            0.01978074386715889,
            -0.010299570858478546,
            0.03064734861254692
        ],
        [
            0.013748103752732277,
            -0.013639300130307674,
            0.03157928213477135
        ],
        [
            0.015212657861411572,
            -0.012761170044541359,
            0.03448959439992905
        ],
        [
            0.021878834813833237,
            -0.010149432346224785,
            0.03387879207730293
        ],
        [
            0.11846495419740677,
            -0.0004236195236444473,
            0.030278384685516357
        ],
        [
            0.116243377327919,
            0.009077087044715881,
            0.028835229575634003
        ],
        [
            0.060090161859989166,
            -0.020701151341199875,
            0.0482715405523777
        ],
        [
            0.06478467583656311,
            -0.012119591236114502,
            0.053978655487298965
        ],
        [
            0.05307486280798912,
            -0.01669621653854847,
            0.060242414474487305
        ],
        [
            0.05141463503241539,
            -0.02481737546622753,
            0.05235148221254349
        ],
        [
            0.10365816950798035,
            -0.013443691655993462,
            0.02446577697992325
        ],
        [
            0.1110817939043045,
            -0.011212374083697796,
            0.025751912966370583
        ],
        [
            -0.02979426458477974,
            -0.024909034371376038,
            0.008529925718903542
        ],
        [
            -0.02391945570707321,
            -0.02526800148189068,
            0.007127800956368446
        ],
        [
            0.06926172226667404,
            0.022991308942437172,
            -0.03077913075685501
        ],
        [
            0.051283370703458786,
            0.033745575696229935,
            -0.030246324837207794
        ],
        [
            0.08299978077411652,
            0.015970446169376373,
            -0.02937772497534752
        ],
        [
            0.09247299283742905,
            0.011187727563083172,
            -0.027379028499126434
        ],
        [
            0.10110381245613098,
            0.009734263643622398,
            -0.027134472504258156
        ],
        [
            0.0175730362534523,
            -0.003023814409971237,
            0.006026607472449541
        ],
        [
            0.039528414607048035,
            0.0040717776864767075,
            0.005930736660957336
        ],
        [
            0.054938070476055145,
            0.006225163117051125,
            0.016107460483908653
        ],
        [
            0.06267932057380676,
            0.010130085051059723,
            0.04595419764518738
        ],
        [
            0.07202784717082977,
            0.014483150094747543,
            0.043066903948783875
        ],
        [
            0.06495164334774017,
            0.014240838587284088,
            0.03495817631483078
        ],
        [
            0.058406587690114975,
            0.009879859164357185,
            0.03907784819602966
        ],
        [
            0.06261426210403442,
            -0.0029684528708457947,
            0.05685580521821976
        ],
        [
            0.057338640093803406,
            0.002649998292326927,
            0.05405058339238167
        ],
        [
            0.04918856918811798,
            -0.0018392186611890793,
            0.05748555064201355
        ],
        [
            0.05270807445049286,
            -0.00777413509786129,
            0.06125367432832718
        ],
        [
            0.02947496622800827,
            0.030105071142315865,
            -0.029102999716997147
        ],
        [
            0.03995369002223015,
            0.01635848544538021,
            -0.031020967289805412
        ],
        [
            0.10098563879728317,
            0.01353677548468113,
            0.03414561226963997
        ],
        [
            0.1068052127957344,
            0.01559990644454956,
            0.029359491541981697
        ],
        [
            0.11442843079566956,
            0.015908006578683853,
            0.025586310774087906
        ],
        [
            0.07367593795061111,
            0.01827397383749485,
            0.013424691744148731
        ],
        [
            0.08620079606771469,
            0.02421935647726059,
            0.009710334241390228
        ],
        [
            0.08399756252765656,
            0.024245573207736015,
            0.006057388614863157
        ],
        [
            0.07214377820491791,
            0.016670554876327515,
            0.01043563149869442
        ],
        [
            0.05902708321809769,
            0.019969331100583076,
            0.002382867503911257
        ],
        [
            0.07016506791114807,
            0.027210988104343414,
            0.00047606416046619415
        ],
        [
            0.04973389580845833,
            0.025993984192609787,
            0.000685323029756546
        ],
        [
            0.09705467522144318,
            0.024752415716648102,
            -0.000727715902030468
        ],
        [
            0.10708282142877579,
            0.02599410153925419,
            0.0037012584507465363
        ],
        [
            0.10549672693014145,
            0.02563127875328064,
            -0.005076795816421509
        ],
        [
            0.10998973995447159,
            0.024071259424090385,
            0.012901759706437588
        ],
        [
            0.11253034323453903,
            0.02077874355018139,
            0.020821578800678253
        ],
        [
            0.11958088725805283,
            -0.01150670275092125,
            0.025736486539244652
        ],
        [
            0.10353494435548782,
            0.023736465722322464,
            -0.013017058372497559
        ],
        [
            0.03989395499229431,
            0.042929764837026596,
            -0.008189070969820023
        ],
        [
            0.03354254737496376,
            0.047492217272520065,
            -0.011924910359084606
        ],
        [
            0.029288429766893387,
            0.041420016437768936,
            -0.009153005667030811
        ],
        [
            0.03518238291144371,
            0.036246418952941895,
            -0.005238967947661877
        ],
        [
            0.009666969999670982,
            -0.01587732881307602,
            -0.014514967799186707
        ],
        [
            0.009208396077156067,
            -0.008405258879065514,
            -0.013012152165174484
        ],
        [
            0.017155461013317108,
            -0.0025822771713137627,
            -0.014408818446099758
        ],
        [
            0.07840081304311752,
            0.022046664729714394,
            0.025750361382961273
        ],
        [
            0.08579002320766449,
            0.019399339333176613,
            0.03574567660689354
        ],
        [
            0.008275358006358147,
            -0.005445283837616444,
            0.0035434516612440348
        ],
        [
            -0.020820682868361473,
            -0.024273693561553955,
            0.0008379304781556129
        ],
        [
            -0.021965980529785156,
            -0.019158458337187767,
            -0.0019228095188736916
        ],
        [
            -0.004770852625370026,
            -0.018997279927134514,
            -0.008718717843294144
        ],
        [
            -0.004538572859019041,
            -0.02494942583143711,
            -0.005371960811316967
        ],
        [
            0.0027963113971054554,
            -0.01283193938434124,
            0.009132455103099346
        ],
        [
            0.0037717376835644245,
            -0.007535229437053204,
            0.0047247083857655525
        ],
        [
            0.0015224847011268139,
            -0.009113011881709099,
            0.006001724861562252
        ],
        [
            2.1364539861679077e-05,
            -0.012638702988624573,
            0.011300566606223583
        ],
        [
            0.02083902806043625,
            -0.011362118646502495,
            0.04169818386435509
        ],
        [
            0.027023183181881905,
            -0.008817927911877632,
            0.04101288691163063
        ],
        [
            0.018011722713708878,
            -0.0299854576587677,
            0.0069731371477246284
        ],
        [
            0.017154743894934654,
            -0.03016536869108677,
            -0.006521113682538271
        ],
        [
            0.027439787983894348,
            -0.02530227042734623,
            -0.00969769898802042
        ],
        [
            0.03700567036867142,
            -0.002517387270927429,
            0.025624189525842667
        ],
        [
            0.027700498700141907,
            -0.006208457052707672,
            0.028844434767961502
        ],
        [
            0.029601074755191803,
            -0.006137661635875702,
            0.032655879855155945
        ],
        [
            0.015323224477469921,
            -0.005301601253449917,
            0.009734227322041988
        ],
        [
            0.008254274725914001,
            -0.008075891062617302,
            0.009215676225721836
        ],
        [
            0.012348173186182976,
            -0.008919705636799335,
            0.013282107189297676
        ],
        [
            0.018920881673693657,
            -0.005931209772825241,
            0.01407579891383648
        ],
        [
            0.07657203078269958,
            -0.008766628801822662,
            0.04846068471670151
        ],
        [
            0.0741306021809578,
            0.002022145316004753,
            0.05221528932452202
        ],
        [
            -0.03055487759411335,
            -0.011870324611663818,
            0.003216823562979698
        ],
        [
            -0.026289988309144974,
            -0.012600746005773544,
            0.0009266072884202003
        ],
        [
            0.047410596162080765,
            0.0014877226203680038,
            0.022857725620269775
        ],
        [
            0.04057828709483147,
            -0.01960493065416813,
            -0.01209750771522522
        ],
        [
            0.057402126491069794,
            0.00679277628660202,
            0.021053655073046684
        ],
        [
            0.03330311179161072,
            -0.026974758133292198,
            0.04551782086491585
        ],
        [
            0.03145553916692734,
            -0.021400973200798035,
            0.049424611032009125
        ],
        [
            0.024101324379444122,
            -0.02092023380100727,
            0.04949484020471573
        ],
        [
            0.02374616637825966,
            -0.026372525840997696,
            0.047001324594020844
        ],
        [
            -0.014256060123443604,
            -0.014548779465258121,
            0.016798801720142365
        ],
        [
            -0.015840739011764526,
            -0.009835883043706417,
            0.013715662993490696
        ],
        [
            -0.020435744896531105,
            -0.010038863867521286,
            0.015354004688560963
        ],
        [
            -0.019302519038319588,
            -0.014840003103017807,
            0.018291760236024857
        ],
        [
            0.003763599321246147,
            -0.005957803688943386,
            -0.0009712488390505314
        ],
        [
            0.0038736448623239994,
            -0.0067944834008812904,
            -0.0073199281468987465
        ],
        [
            -0.0020170179195702076,
            -0.008065746165812016,
            -0.004404067527502775
        ],
        [
            -0.00047776196151971817,
            -0.007838266901671886,
            0.0013876509619876742
        ],
        [
            0.0023362133651971817,
            -0.011993038468062878,
            -0.010896515101194382
        ],
        [
            -0.003570055589079857,
            -0.012795111164450645,
            -0.008344955742359161
        ],
        [
            -0.014204826205968857,
            -0.021084865555167198,
            0.016245827078819275
        ],
        [
            -0.01598319411277771,
            -0.026712652295827866,
            0.01147478073835373
        ],
        [
            -0.0012781047262251377,
            -0.02688448131084442,
            0.007661790121346712
        ],
        [
            -0.001985865645110607,
            -0.019978802651166916,
            0.012133141048252583
        ],
        [
            0.07828515768051147,
            -0.02110765501856804,
            0.020514801144599915
        ],
        [
            0.08247412741184235,
            -0.017823878675699234,
            0.03037048876285553
        ],
        [
            0.06862692534923553,
            -0.02053259313106537,
            0.03560921922326088
        ],
        [
            0.055492036044597626,
            -0.024418901652097702,
            0.04129403457045555
        ],
        [
            0.0425078310072422,
            -0.02739584445953369,
            0.045726530253887177
        ],
        [
            0.038346536457538605,
            -0.03216913342475891,
            0.035299159586429596
        ],
        [
            0.07266183197498322,
            -0.017177101224660873,
            0.04196307063102722
        ],
        [
            0.007695591542869806,
            -0.02093024179339409,
            0.011198936961591244
        ],
        [
            0.009214071556925774,
            -0.027184244245290756,
            0.004713508300483227
        ],
        [
            0.011297555640339851,
            -0.02658432349562645,
            0.009531527757644653
        ],
        [
            0.05932294577360153,
            0.008790172636508942,
            0.028030380606651306
        ],
        [
            -0.021423902362585068,
            -0.013944389298558235,
            -0.0016622524708509445
        ],
        [
            0.09703308343887329,
            -0.009873146191239357,
            -0.017988458275794983
        ],
        [
            0.10087063908576965,
            -0.015755588188767433,
            -0.006336944177746773
        ],
        [
            0.09207909554243088,
            -0.016405344009399414,
            -0.006504513323307037
        ],
        [
            0.08741164207458496,
            -0.008917083032429218,
            -0.019439879804849625
        ],
        [
            -0.017763424664735794,
            -0.007540268357843161,
            0.007494634948670864
        ],
        [
            -0.019989237189292908,
            -0.00878737960010767,
            0.0017081061378121376
        ],
        [
            0.028204334899783134,
            -0.009092171676456928,
            0.047555919736623764
        ],
        [
            0.022126205265522003,
            -0.011982171796262264,
            0.0470331646502018
        ],
        [
            0.02155270054936409,
            -0.01459580659866333,
            0.049394670873880386
        ],
        [
            0.02678590640425682,
            -0.01110071036964655,
            0.05251115560531616
        ],
        [
            0.08556872606277466,
            -0.015009434893727303,
            0.034675054252147675
        ],
        [
            0.043723925948143005,
            -0.018437637016177177,
            0.06253673881292343
        ],
        [
            0.0440027229487896,
            -0.025674330070614815,
            0.05599650368094444
        ],
        [
            0.09442669153213501,
            -0.015621555037796497,
            0.02541087567806244
        ],
        [
            0.09109174460172653,
            -0.019042309373617172,
            0.016815297305583954
        ],
        [
            0.10049779713153839,
            -0.017527412623167038,
            0.014728989452123642
        ],
        [
            0.026340268552303314,
            -0.032593414187431335,
            0.02590918354690075
        ],
        [
            0.0730491429567337,
            -0.023039933294057846,
            0.013810764066874981
        ],
        [
            0.08687511086463928,
            -0.020070703700184822,
            0.01044105552136898
        ],
        [
            0.0979335606098175,
            -0.01830814592540264,
            0.00763402134180069
        ],
        [
            0.10614433139562607,
            -0.017645252868533134,
            0.006277414038777351
        ],
        [
            0.10808340460062027,
            -0.016695233061909676,
            0.014205807819962502
        ],
        [
            -0.018608197569847107,
            -0.026655003428459167,
            0.006290396209806204
        ],
        [
            -0.021717388182878494,
            -0.025672849267721176,
            0.013290363363921642
        ],
        [
            0.11712513118982315,
            -0.017332294955849648,
            0.013871699571609497
        ],
        [
            0.1144242212176323,
            -0.017720026895403862,
            0.004933059215545654
        ],
        [
            0.08238710463047028,
            -0.020080778747797012,
            0.002313559874892235
        ],
        [
            0.07660575211048126,
            -0.018283048644661903,
            -0.007762555032968521
        ],
        [
            0.06911344081163406,
            -0.022746717557311058,
            0.005937496200203896
        ],
        [
            0.06238723546266556,
            -0.021518290042877197,
            -0.003664826974272728
        ],
        [
            0.02574283257126808,
            -0.03638453036546707,
            0.015892507508397102
        ],
        [
            -0.03738677501678467,
            -0.02204001322388649,
            0.02235763892531395
        ],
        [
            -0.026358187198638916,
            -0.02225518599152565,
            0.019241269677877426
        ],
        [
            -0.02517937310039997,
            -0.01662515103816986,
            0.020280348137021065
        ],
        [
            -0.03559000790119171,
            -0.018559768795967102,
            0.024324845522642136
        ],
        [
            -0.019613690674304962,
            -0.020762624219059944,
            0.01766897924244404
        ],
        [
            -0.02767804078757763,
            -0.025528326630592346,
            0.01471656747162342
        ],
        [
            0.05499919876456261,
            -0.014438958838582039,
            -0.015969570726156235
        ],
        [
            0.006946949288249016,
            -0.012275505810976028,
            0.013627393171191216
        ],
        [
            0.06970001012086868,
            -0.007411466911435127,
            -0.02187042310833931
        ],
        [
            0.042249761521816254,
            -0.004038336221128702,
            -0.026192553341388702
        ],
        [
            0.053337160497903824,
            0.0033509768545627594,
            -0.029682230204343796
        ],
        [
            0.0842721238732338,
            0.0014220532029867172,
            -0.02827483043074608
        ],
        [
            0.06898960471153259,
            0.009145431220531464,
            -0.03269297629594803
        ],
        [
