{
    "pred_cam": [
        7.671064376831055,
        -0.05618083477020264,
        -0.019621089100837708
    ],
    "pred_mano_params": {
        "global_orient": [
            [
                [
                    0.9169237017631531,
                    0.31831106543540955,
                    -0.2406846135854721
                ],
                [
                    0.36894211173057556,
                    -0.9060463309288025,
                    0.207272008061409
                ],
                [
                    -0.15209445357322693,
                    -0.27885130047798157,
                    -0.9482136964797974
                ]
            ]
        ],
        "hand_pose": [
            [
                [
                    0.8796833157539368,
                    -0.4151626229286194,
                    -0.23194250464439392
                ],
                [
                    0.4297095835208893,
                    0.9028635025024414,
                    0.013680798932909966
                ],
                [
                    0.2037326693534851,
                    -0.11170268803834915,
                    0.9726333022117615
                ]
            ],
            [
                [
                    0.9955976009368896,
                    -0.0923895537853241,
                    -0.01579788513481617
                ],
                [
                    0.0861811563372612,
                    0.9685840010643005,
                    -0.2332761287689209
                ],
                [
                    0.0368538536131382,
                    0.23088766634464264,
                    0.9722821712493896
                ]
            ],
            [
                [
                    0.8952536582946777,
                    -0.43614569306373596,
                    -0.09109262377023697
                ],
                [
                    0.4257764518260956,
                    0.8976789712905884,
                    -0.11352086812257767
                ],
                [
                    0.13128356635570526,
                    0.06284487992525101,
                    0.9893509745597839
                ]
            ],
            [
                [
                    0.7778220772743225,
                    -0.627338171005249,
                    0.03794257342815399
                ],
                [
                    0.6276094317436218,
                    0.7785069942474365,
                    0.005763119552284479
                ],
                [
                    -0.03315398469567299,
                    0.01933043636381626,
                    0.9992632865905762
                ]
            ],
            [
                [
                    0.9888108968734741,
                    0.0478128157556057,
                    -0.1413043886423111
                ],
                [
                    -0.011303313076496124,
                    0.9685343503952026,
                    0.2486231029033661
                ],
                [
                    0.14874553680419922,
                    -0.2442440390586853,
                    0.9582377672195435
                ]
            ],
            [
                [
                    0.8658893704414368,
                    -0.4478921592235565,
                    0.22277402877807617
                ],
                [
                    0.44545093178749084,
                    0.893014132976532,
                    0.06402414292097092
                ],
                [
                    -0.2276163101196289,
                    0.04379706457257271,
                    0.9727654457092285
                ]
            ],
            [
                [
                    0.5512672066688538,
                    -0.27285996079444885,
                    0.7884491086006165
                ],
                [
                    0.31435203552246094,
                    0.9432956576347351,
                    0.10665953159332275
                ],
                [
                    -0.772843599319458,
                    0.18905268609523773,
                    0.6057820320129395
                ]
            ],
            [
                [
                    0.9455351829528809,
                    -0.011865837499499321,
                    -0.325303852558136
                ],
                [
                    0.1468992382287979,
                    0.9073455929756165,
                    0.39388397336006165
                ],
                [
                    0.2904892563819885,
                    -0.42021799087524414,
                    0.8596702814102173
                ]
            ],
            [
                [
                    0.8147855997085571,
                    -0.4426918923854828,
                    0.3743637800216675
                ],
                [
                    0.3605650067329407,
                    0.8925777077674866,
                    0.2707359194755554
                ],
                [
                    -0.4540013372898102,
                    -0.08560927957296371,
                    0.8868786692619324
                ]
            ],
            [
                [
                    0.7655225992202759,
                    -0.5191391706466675,
                    0.3800915777683258
                ],
                [
                    0.5747372508049011,
                    0.817297101020813,
                    -0.04126233980059624
                ],
                [
                    -0.28922683000564575,
                    0.25004005432128906,
                    0.9240280389785767
                ]
            ],
            [
                [
                    0.9606110453605652,
                    -0.09224990755319595,
                    -0.262138307094574
                ],
                [
                    0.1655266433954239,
                    0.9476411938667297,
                    0.27308812737464905
                ],
                [
                    0.22322069108486176,
                    -0.30572229623794556,
                    0.9255844354629517
                ]
            ],
            [
                [
                    0.7153574228286743,
                    -0.47511181235313416,
                    0.5123793482780457
                ],
                [
                    0.343654990196228,
                    0.8776758313179016,
                    0.33404549956321716
                ],
                [
                    -0.6084119081497192,
                    -0.06288020312786102,
                    0.7911264896392822
                ]
            ],
            [
                [
                    0.986810564994812,
                    -0.01341274194419384,
                    0.1613224744796753
                ],
                [
                    0.13837333023548126,
                    0.587073564529419,
                    -0.7976198196411133
                ],
                [
                    -0.08400990068912506,
                    0.809422492980957,
                    0.5811863541603088
                ]
            ],
            [
                [
                    0.9107398390769958,
                    -0.39505380392074585,
                    0.12035536766052246
                ],
                [
                    0.29956018924713135,
                    0.8325514197349548,
                    0.46596330404281616
                ],
                [
                    -0.2842825949192047,
                    -0.38831767439842224,
                    0.8765801191329956
                ]
            ],
            [
                [
                    0.9441046118736267,
                    -0.1716276854276657,
                    -0.28144344687461853
                ],
                [
                    0.07953667640686035,
                    0.9471492767333984,
                    -0.31077688932418823
                ],
                [
                    0.3199068605899811,
                    0.2710208296775818,
                    0.907858669757843
                ]
            ]
        ],
        "betas": [
            -0.0633421540260315,
            -0.04799875617027283,
            -0.023961246013641357,
            0.04440072178840637,
            0.029727429151535034,
            -0.039827995002269745,
            0.01870095729827881,
            -0.1271870732307434,
            0.04721251130104065,
            -0.01779147982597351
        ]
    },
    "pred_cam_t": [
        -0.05618083477020264,
        -0.019621089100837708,
        5.092187881469727
    ],
    "focal_length": [
        5000.0,
        5000.0
    ],
    "pred_keypoints_3d": [
        [
            0.09599994122982025,
            0.006410906091332436,
            0.006215355359017849
        ],
        [
            0.0626906156539917,
            0.01706063374876976,
            -0.010317188687622547
        ],
        [
            0.037755049765110016,
            0.03385261818766594,
            -0.017395319417119026
        ],
        [
            0.016725551337003708,
            0.05100155621767044,
            -0.01898079738020897
        ],
        [
            -0.009993274696171284,
            0.07283531874418259,
            -0.012297362089157104
        ],
        [
            0.008298359811306,
            -0.01719486713409424,
            0.001475207507610321
        ],
        [
            -0.022282486781477928,
            -0.020218729972839355,
            0.013839326798915863
        ],
        [
            -0.04122672230005264,
            -0.016694201156497,
            0.025040702894330025
        ],
        [
            -0.05748328939080238,
            -0.006189687177538872,
            0.04191222041845322
        ],
        [
            0.009265437722206116,
            -0.028008563444018364,
            0.02430647239089012
        ],
        [
            -0.018979737535119057,
            -0.021925654262304306,
            0.03755514696240425
        ],
        [
            -0.037385933101177216,
            -0.015161982737481594,
            0.05023002624511719
        ],
        [
            -0.0576845183968544,
            -0.0011221133172512054,
            0.05726919323205948
        ],
        [
            0.02598726749420166,
            -0.025826087221503258,
            0.045199938118457794
        ],
        [
            -0.0022598113864660263,
            -0.021115891635417938,
            0.04913097992539406
        ],
        [
            -0.021090904250741005,
            -0.0126683060079813,
            0.06300655007362366
        ],
        [
            -0.03984465077519417,
            0.003177143633365631,
            0.06190483272075653
        ],
        [
            0.03992261365056038,
            -0.018996767699718475,
            0.060630232095718384
        ],
        [
            0.018719226121902466,
            -0.018909644335508347,
            0.060041677206754684
        ],
        [
            0.0013131685554981232,
            -0.0138477748259902,
            0.06587465852499008
        ],
        [
            -0.012409732677042484,
            -0.0027985861524939537,
            0.0632881447672844
        ]
    ],
    "pred_vertices": [
        [
            0.03979143872857094,
            0.007965991273522377,
            0.002946237102150917
        ],
        [
            0.04839333891868591,
            0.013492756523191929,
            0.0026838532648980618
        ],
        [
            0.039756447076797485,
            0.018791841343045235,
            -0.0007926272228360176
        ],
        [
            0.03162702918052673,
            0.011702821590006351,
            -0.001807347871363163
        ],
        [
            0.058225326240062714,
            0.033022426068782806,
            -0.0004185149446129799
        ],
        [
            0.0643915981054306,
            0.037427276372909546,
            -0.009955797344446182
        ],
        [
            0.050026603043079376,
            0.04271968454122543,
            -0.012096913531422615
        ],
        [
            0.04695330932736397,
            0.03925248235464096,
            -0.003062605857849121
        ],
        [
            0.02519221603870392,
            0.014254797250032425,
            -0.006501812022179365
        ],
        [
            0.03286470100283623,
            0.023146187886595726,
            -0.003432554192841053
        ],
        [
            0.02385292574763298,
            0.015841044485569,
            -0.011415242217481136
        ],
        [
            0.020147623494267464,
            -0.00045672617852687836,
            -0.01491151750087738
        ],
        [
            0.02030046470463276,
            0.0032319677993655205,
            -0.009154574014246464
        ],
        [
            0.015923332422971725,
            -0.009580770507454872,
            -0.013812612742185593
        ],
        [
            0.028378784656524658,
            -0.006334980484098196,
            -0.019789256155490875
        ],
        [
            0.019755894318223,
            -0.018661165609955788,
            -0.013307992368936539
        ],
        [
            0.0473228357732296,
            -0.025460228323936462,
            -0.0013621319085359573
        ],
        [
            0.05428703874349594,
            -0.02765774540603161,
            0.01046119723469019
        ],
        [
            0.03908899053931236,
            -0.03384390473365784,
            0.015199556946754456
        ],
        [
            0.03328860178589821,
            -0.030287988483905792,
            0.0030695702880620956
        ],
        [
            0.05202729254961014,
            -0.030030477792024612,
            0.03130968287587166
        ],
        [
            0.044237345457077026,
            -0.03266635164618492,
            0.022768929600715637
        ],
        [
            0.0597728006541729,
            -0.027604833245277405,
            0.017725085839629173
        ],
        [
            0.06597883999347687,
            -0.025389229878783226,
            0.025673292577266693
        ],
        [
            0.05271326005458832,
            0.004802599549293518,
            0.013838617131114006
        ],
        [
            0.061938948929309845,
            0.009336285293102264,
            0.013024987652897835
        ],
        [
            0.05733170360326767,
            0.009393660351634026,
            0.0084336306899786
        ],
        [
            0.04892951250076294,
            0.005551446229219437,
            0.009293879382312298
        ],
        [
            0.025366075336933136,
            0.027237199246883392,
            -0.020831316709518433
        ],
        [
            0.03291260823607445,
            0.01384960301220417,
            -0.02443564683198929
        ],
        [
            0.026944393292069435,
            0.012722518295049667,
            -0.018859121948480606
        ],
        [
            0.02377481386065483,
            0.028742633759975433,
            -0.015630275011062622
        ],
        [
            0.08678682893514633,
            0.024570101872086525,
            0.0195302814245224
        ],
        [
            0.09909167140722275,
            0.024021225050091743,
            0.013748018071055412
        ],
        [
            0.09718059003353119,
            0.024298854172229767,
            0.008159145712852478
        ],
        [
            0.08632085472345352,
            0.024087119847536087,
            0.01459665596485138
        ],
        [
            0.08355581760406494,
            0.029126280918717384,
            -0.007367823738604784
        ],
        [
            0.09280181676149368,
            0.025677885860204697,
            -0.009129423648118973
        ],
        [
            0.09733999520540237,
            0.02171209082007408,
            -0.021399758756160736
        ],
        [
            0.08754120022058487,
            0.022924751043319702,
            -0.0219777412712574
        ],
        [
            0.07341252267360687,
            0.03318175673484802,
            -0.008031785488128662
        ],
        [
            0.07706272602081299,
            0.02942030318081379,
            -0.020953888073563576
        ],
        [
            0.06680601835250854,
            0.034453704953193665,
            -0.020916465669870377
        ],
        [
            0.051458753645420074,
            0.04097194969654083,
            -0.021247031167149544
        ],
        [
            0.10411021113395691,
            0.02026890590786934,
            0.02502187341451645
        ],
        [
            0.09582308679819107,
            0.020679302513599396,
            0.03099745512008667
        ],
        [
            -0.027937274426221848,
            -0.01045842282474041,
            0.012616791762411594
        ],
        [
            -0.02605222538113594,
            -0.01048203930258751,
            0.018211081624031067
        ],
        [
            -0.021366067230701447,
            -0.00964432768523693,
            0.015241374261677265
        ],
        [
            -0.024052899330854416,
            -0.010283304378390312,
            0.010193678550422192
        ],
        [
            0.10555358976125717,
            0.002181950956583023,
            0.03415168821811676
        ],
        [
            0.10713561624288559,
            -0.007250003516674042,
            0.030718693509697914
        ],
        [
            0.11344315111637115,
            -0.003626091405749321,
            0.030085042119026184
        ],
        [
            0.11173193156719208,
            0.005586162209510803,
            0.03140763193368912
        ],
        [
            0.09729994833469391,
            -0.0022233184427022934,
            0.03770648315548897
        ],
        [
            0.0980009138584137,
            -0.011623406782746315,
            0.03132261335849762
        ],
        [
            -0.030976256355643272,
            -0.022357922047376633,
            0.009347550570964813
        ],
        [
            -0.03131714090704918,
            -0.017348341643810272,
            0.008122074417769909
        ],
        [
            -0.026826709508895874,
            -0.018797945231199265,
            0.005533572286367416
        ],
        [
            -0.025494959205389023,
            -0.02370920591056347,
            0.007270286791026592
        ],
        [
            0.02449033595621586,
            0.004625892266631126,
            -0.0028471392579376698
        ],
        [
            0.031358905136585236,
            0.003917261958122253,
            0.004029178060591221
        ],
        [
            0.010188713669776917,
            -0.005053163506090641,
            0.0015272703021764755
        ],
        [
            0.019238773733377457,
            -0.0026669688522815704,
            0.003422175068408251
        ],
        [
            0.017622552812099457,
            -0.0017650006338953972,
            -0.0037770275957882404
        ],
        [
            0.01064062025398016,
            -0.005427396856248379,
            -0.004833529237657785
        ],
        [
            0.03407491371035576,
            -0.005287501960992813,
            0.022118836641311646
        ],
        [
            0.044518765062093735,
            -0.0008115973323583603,
            0.01908959448337555
        ],
        [
            0.04015820473432541,
            -0.0006013140082359314,
            0.013947868719696999
        ],
        [
            0.02797461487352848,
            -0.004535432904958725,
            0.01597144827246666
        ],
        [
            0.05085808038711548,
            0.0005302932113409042,
            0.03178511559963226
        ],
        [
            0.04018441587686539,
            -0.00439220666885376,
            0.03365243226289749
        ],
        [
            0.04499275982379913,
            -0.003124671056866646,
            0.040735989809036255
        ],
        [
            0.051469773054122925,
            0.001072671264410019,
            0.03835248947143555
        ],
        [
            0.021605417132377625,
            -0.013276780024170876,
            0.033849336206912994
        ],
        [
            0.01571417599916458,
            -0.016854960471391678,
            0.03499998897314072
        ],
        [
            0.01730341836810112,
            -0.016005873680114746,
            0.037821218371391296
        ],
        [
            0.02386987768113613,
            -0.01320768054574728,
            0.036950722336769104
        ],
        [
            0.1198902428150177,
            -0.0010039731860160828,
            0.028724942356348038
        ],
        [
            0.11738922446966171,
            0.008504822850227356,
            0.027871066704392433
        ],
        [
            0.06301884353160858,
            -0.023571208119392395,
            0.04879900440573692
        ],
        [
            0.06784210354089737,
            -0.015160050243139267,
            0.05466713011264801
        ],
        [
            0.056589264422655106,
            -0.02040170319378376,
            0.0613374300301075
        ],
        [
            0.05465634912252426,
            -0.028165610507130623,
            0.053135838359594345
        ],
        [
            0.10507765412330627,
            -0.014106226153671741,
            0.023065883666276932
        ],
        [
            0.11251015961170197,
            -0.011754820123314857,
            0.024068478494882584
        ],
        [
            -0.029319610446691513,
            -0.026294589042663574,
            0.013887284323573112
        ],
        [
            -0.023531965911388397,
            -0.02673032507300377,
            0.012122329324483871
        ],
        [
            0.06795554608106613,
            0.023397695273160934,
            -0.029124513268470764
        ],
        [
            0.05030201002955437,
            0.03394627198576927,
            -0.028539912775158882
        ],
        [
            0.08146083354949951,
            0.016741737723350525,
            -0.02819136716425419
        ],
        [
            0.09088867902755737,
            0.012328391894698143,
            -0.02681323140859604
        ],
        [
            0.09942157566547394,
            0.011259229853749275,
            -0.027135610580444336
        ],
        [
            0.017964785918593407,
            -0.004909639246761799,
            0.00972039345651865
        ],
        [
            0.0396222360432148,
            0.00278380885720253,
            0.008782204240560532
        ],
        [
            0.05554769188165665,
            0.00477948784828186,
            0.018259350210428238
        ],
        [
            0.0648173838853836,
            0.007443003356456757,
            0.047822657972574234
        ],
        [
            0.07389412075281143,
            0.012156911194324493,
            0.04465114325284958
        ],
        [
            0.06639711558818817,
            0.012132124975323677,
            0.03692471608519554
        ],
        [
            0.06018225848674774,
            0.007422605529427528,
            0.0411735475063324
        ],
        [
            0.0656367838382721,
            -0.006206553429365158,
            0.05809315666556358
        ],
        [
            0.06009454280138016,
            -0.0005695819854736328,
            0.05583839863538742
        ],
        [
            0.052257560193538666,
            -0.005461035296320915,
            0.05951029062271118
        ],
        [
            0.05609951913356781,
            -0.011533170938491821,
            0.06280713528394699
        ],
        [
            0.0284673310816288,
            0.030240479856729507,
            -0.027341235429048538
        ],
        [
            0.038720112293958664,
            0.016647741198539734,
            -0.029086889699101448
        ],
        [
            0.1023450642824173,
            0.012329135090112686,
            0.034178245812654495
        ],
        [
            0.1078486517071724,
            0.014758612960577011,
            0.029199346899986267
        ],
        [
            0.11524730920791626,
            0.015439718961715698,
            0.025050435215234756
        ],
        [
            0.0737435519695282,
            0.01741010509431362,
            0.01531301811337471
        ],
        [
            0.08594720810651779,
            0.023774566128849983,
            0.011212755925953388
        ],
        [
            0.08350025117397308,
            0.023930765688419342,
            0.0077374838292598724
        ],
        [
            0.07198089361190796,
            0.015957560390233994,
            0.012441875413060188
        ],
        [
            0.05805186182260513,
            0.019898373633623123,
            0.004728754051029682
        ],
        [
            0.06926130503416061,
            0.0271285492926836,
            0.0026108268648386
        ],
        [
            0.04858672246336937,
            0.026133928447961807,
            0.0027670376002788544
        ],
        [
            0.09626087546348572,
            0.025067400187253952,
            0.00017947610467672348
        ],
        [
            0.10649120062589645,
            0.026393620297312737,
            0.004088818095624447
        ],
        [
            0.10445482283830643,
            0.026400094851851463,
            -0.004604881629347801
        ],
        [
            0.10993745923042297,
            0.02409713715314865,
            0.013021682389080524
        ],
        [
            0.11298017203807831,
            0.020484454929828644,
            0.02063004858791828
        ],
        [
            0.12100175023078918,
            -0.011834070086479187,
            0.023590004071593285
        ],
        [
            0.10214103013277054,
            0.024788230657577515,
            -0.012538276612758636
        ],
        [
            0.038917578756809235,
            0.04293286055326462,
            -0.0064211441203951836
        ],
        [
            0.03271302208304405,
            0.04740622267127037,
            -0.010071287862956524
        ],
        [
            0.028392989188432693,
            0.04124181717634201,
            -0.007369554601609707
        ],
        [
            0.03412210941314697,
            0.036186493933200836,
            -0.00351701769977808
        ],
        [
            0.009144322946667671,
            -0.016720833256840706,
            -0.011130083352327347
        ],
        [
            0.008740131743252277,
            -0.009351259097456932,
            -0.009176264517009258
        ],
        [
            0.01639508083462715,
            -0.003383156843483448,
            -0.010896727442741394
        ],
        [
            0.07915203273296356,
            0.02068932354450226,
            0.027400696650147438
        ],
        [
            0.08712903410196304,
            0.017747117206454277,
            0.0368550606071949
        ],
        [
            0.008772984147071838,
            -0.007316996343433857,
            0.007637109607458115
        ],
        [
            -0.020680896937847137,
            -0.025470374152064323,
            0.005676114931702614
        ],
        [
            -0.021858591586351395,
            -0.020219972357153893,
            0.0031873704865574837
        ],
        [
            -0.00488140806555748,
            -0.019921395927667618,
            -0.004608340095728636
        ],
        [
            -0.004582068882882595,
            -0.02604888193309307,
            -0.0015428991755470634
        ],
        [
            0.0036874194629490376,
            -0.014874446205794811,
            0.013181391172111034
        ],
        [
            0.004472800530493259,
            -0.009352810680866241,
            0.008953999727964401
        ],
        [
            0.0023390038404613733,
            -0.010896388441324234,
            0.0102692237123847
        ],
        [
            0.0010640937834978104,
            -0.014660177752375603,
            0.015486417338252068
        ],
        [
            0.023293517529964447,
            -0.014793073758482933,
            0.04476321488618851
        ],
        [
            0.029372353106737137,
            -0.012091238051652908,
            0.04385752975940704
        ],
        [
            0.018884126096963882,
            -0.03185831755399704,
            0.009353049099445343
        ],
        [
            0.01716769114136696,
            -0.03150903433561325,
            -0.004116812255233526
        ],
        [
            0.027326203882694244,
            -0.026215309277176857,
            -0.007734093815088272
        ],
        [
            0.03836013749241829,
            -0.004841834306716919,
            0.02827828750014305
        ],
        [
            0.029324200004339218,
            -0.008900471031665802,
            0.031806837767362595
        ],
        [
            0.031427063047885895,
            -0.008960988372564316,
            0.03551263362169266
        ],
        [
            0.01596459187567234,
            -0.007393031381070614,
            0.013434269465506077
        ],
        [
            0.009029717184603214,
            -0.010239525698125362,
            0.013178039342164993
        ],
        [
            0.013245245441794395,
            -0.011202107183635235,
            0.016984745860099792
        ],
        [
            0.019758863374590874,
            -0.008120686747133732,
            0.017547404393553734
        ],
        [
            0.0792320966720581,
            -0.011234091594815254,
            0.04867635667324066
        ],
        [
            0.07676316797733307,
            -0.0006894618272781372,
            0.053070541471242905
        ],
        [
            -0.030028119683265686,
            -0.01300396304577589,
            0.009151086211204529
        ],
        [
            -0.02591875195503235,
            -0.013755069114267826,
            0.006557567045092583
        ],
        [
            0.04851134866476059,
            -0.00046032294631004333,
            0.02516230195760727
        ],
        [
            0.040294334292411804,
            -0.02007688581943512,
            -0.01051916740834713
        ],
        [
            0.05827057361602783,
            0.0051664020866155624,
            0.023090703412890434
        ],
        [
            0.036232560873031616,
            -0.030312277376651764,
            0.04714556410908699
        ],
        [
            0.03447346389293671,
            -0.024956123903393745,
            0.05142590031027794
        ],
        [
            0.027161553502082825,
            -0.024624371901154518,
            0.051917582750320435
        ],
        [
            0.026772165670990944,
            -0.02996935322880745,
            0.049171146005392075
        ],
        [
            -0.013014452531933784,
            -0.016552340239286423,
            0.02165299840271473
        ],
        [
            -0.014650938101112843,
            -0.011665401980280876,
            0.018854964524507523
        ],
        [
            -0.01917116530239582,
            -0.011892241425812244,
            0.02071828581392765
        ],
        [
            -0.017990775406360626,
            -0.016838371753692627,
            0.023400504142045975
        ],
        [
            0.004179950337857008,
            -0.007461884990334511,
            0.0033505491446703672
        ],
        [
            0.0038942801766097546,
            -0.00796886533498764,
            -0.003023903351277113
        ],
        [
            -0.0017278651939705014,
            -0.009241823107004166,
            0.00010657223174348474
        ],
        [
            0.00012308836448937654,
            -0.009339112788438797,
            0.005832676775753498
        ],
        [
            0.0021519376896321774,
            -0.012915560975670815,
            -0.006812264211475849
        ],
        [
            -0.0035575195215642452,
            -0.013745483011007309,
            -0.003999727312475443
        ],
        [
            -0.013156402856111526,
            -0.023074431344866753,
            0.020832374691963196
        ],
        [
            -0.015337307006120682,
            -0.028465786948800087,
            0.015941455960273743
        ],
        [
            -0.0006690705195069313,
            -0.028674092143774033,
            0.011245268397033215
        ],
        [
            -0.0010348190553486347,
            -0.021993812173604965,
            0.01610155589878559
        ],
        [
            0.0796893835067749,
            -0.022183578461408615,
            0.020093213766813278
        ],
        [
            0.08433693647384644,
            -0.01927277445793152,
            0.029865704476833344
        ],
        [
            0.07084745168685913,
            -0.02255876176059246,
            0.035697516053915024
        ],
        [
            0.058119434863328934,
            -0.027049630880355835,
            0.041886717081069946
        ],
        [
            0.04544970393180847,
            -0.030579736456274986,
            0.04684920981526375
        ],
        [
            0.04082631319761276,
            -0.0349060520529747,
            0.036421455442905426
        ],
        [
            0.07515349239110947,
            -0.019415318965911865,
            0.041991010308265686
        ],
        [
            0.008726597763597965,
            -0.02306247688829899,
            0.014622718095779419
        ],
        [
            0.009812911972403526,
            -0.02898012101650238,
            0.007730673998594284
        ],
        [
            0.012303164228796959,
            -0.028593899682164192,
            0.012430025264620781
        ],
        [
            0.06052536889910698,
            0.006877413019537926,
            0.03004622831940651
        ],
        [
            -0.02117474004626274,
            -0.015010487288236618,
            0.003629709593951702
        ],
        [
            0.09617479145526886,
            -0.008738548494875431,
            -0.018724996596574783
        ],
        [
            0.10069766640663147,
            -0.015022274106740952,
            -0.007629945874214172
        ],
        [
            0.09192442893981934,
            -0.015888575464487076,
            -0.007352951914072037
        ],
        [
            0.08652834594249725,
            -0.008030581288039684,
            -0.019569523632526398
        ],
        [
            -0.016856448724865913,
            -0.00905597023665905,
            0.01284640934318304
        ],
        [
            -0.019432561472058296,
            -0.010015325620770454,
            0.0071314116939902306
        ],
        [
            0.030918633565306664,
            -0.012651617638766766,
            0.050331588834524155
        ],
        [
            0.02488495409488678,
            -0.015626009553670883,
            0.04999447241425514
        ],
        [
            0.02449924126267433,
            -0.018353445455431938,
            0.05226626992225647
        ],
        [
            0.029800869524478912,
            -0.014931130222976208,
            0.05528520792722702
        ],
        [
            0.08760109543800354,
            -0.016590669751167297,
            0.03413614630699158
        ],
        [
            0.04734979569911957,
            -0.022530749440193176,
            0.0639631524682045
        ],
        [
            0.047425247728824615,
            -0.029401341453194618,
            0.057056546211242676
        ],
        [
            0.09595818817615509,
            -0.016549717634916306,
            0.02439136616885662
        ],
        [
            0.09223628044128418,
            -0.019638661295175552,
            0.01582377590239048
        ],
        [
            0.10148552805185318,
            -0.017799433320760727,
            0.013319168239831924
        ],
        [
            0.028316469863057137,
            -0.03516556695103645,
            0.027660349383950233
        ],
        [
            0.07413802295923233,
            -0.023922305554151535,
            0.013583322986960411
        ],
        [
            0.08770272880792618,
            -0.0204628873616457,
            0.009634073823690414
        ],
        [
            0.09855785220861435,
            -0.018303150311112404,
            0.0063339713960886
        ],
        [
            0.10667113959789276,
            -0.017377309501171112,
            0.004580534994602203
        ],
        [
            0.10901392996311188,
            -0.016759520396590233,
            0.012438155710697174
        ],
        [
            -0.018245352432131767,
            -0.028137855231761932,
            0.010907838121056557
        ],
        [
            -0.02098214253783226,
            -0.027423668652772903,
            0.01812594011425972
        ],
        [
            0.11804024130105972,
            -0.017154918983578682,
            0.0115980114787817
        ],
        [
            0.114871546626091,
            -0.017181165516376495,
            0.0028026942163705826
        ],
        [
            0.08278359472751617,
            -0.020200030878186226,
            0.0017590485513210297
        ],
        [
            0.07647113502025604,
            -0.01811794377863407,
            -0.007854396477341652
        ],
        [
            0.0697755217552185,
            -0.023350879549980164,
            0.005946369841694832
        ],
        [
            0.06252891570329666,
            -0.021848492324352264,
            -0.003208213485777378
        ],
        [
            0.027240270748734474,
            -0.03847688436508179,
            0.017504598945379257
        ],
        [
            -0.035996705293655396,
            -0.023865072056651115,
            0.02827507071197033
        ],
        [
            -0.025142855942249298,
            -0.024208251386880875,
            0.024453196674585342
        ],
        [
            -0.023729607462882996,
            -0.018648603931069374,
            0.025648359209299088
        ],
        [
            -0.033888354897499084,
            -0.02054467983543873,
            0.030285881832242012
        ],
        [
            -0.018490387126803398,
            -0.0227300263941288,
            0.022565141320228577
        ],
        [
            -0.026850678026676178,
            -0.027245279401540756,
            0.019900888204574585
        ],
        [
            0.054459620267152786,
            -0.014452595263719559,
            -0.014812837354838848
        ],
        [
            0.008001801557838917,
            -0.014617154374718666,
            0.01753189042210579
        ],
        [
            0.0688280537724495,
            -0.0069640520960092545,
            -0.021009672433137894
        ],
        [
            0.04118753597140312,
            -0.003859918098896742,
            -0.024370504543185234
        ],
        [
            0.05213014781475067,
            0.0037385420873761177,
            -0.027980327606201172
        ],
        [
            0.08294853568077087,
            0.0023187510669231415,
            -0.02767152152955532
        ],
        [
            0.06765750795602798,
            0.009692402556538582,
            -0.031268734484910965
        ],
        [
            0.10092602670192719,
