{
    "pred_cam": [
        7.096932411193848,
        0.07009697705507278,
        -0.08465404808521271
    ],
    "pred_mano_params": {
        "global_orient": [
            [
                [
                    0.5474119782447815,
                    -0.7062752842903137,
                    0.44890469312667847
                ],
                [
                    -0.8174328804016113,
                    -0.5661839246749878,
                    0.10601554065942764
                ],
                [
                    0.17928645014762878,
                    -0.4249836206436157,
                    -0.8872684836387634
                ]
            ]
        ],
        "hand_pose": [
            [
                [
                    0.9529937505722046,
                    -0.20254097878932953,
                    -0.22534410655498505
                ],
                [
                    0.193672314286232,
                    0.9791661500930786,
                    -0.06102997064590454
                ],
                [
                    0.233010396361351,
                    0.014518266543745995,
                    0.9723657965660095
                ]
            ],
            [
                [
                    0.43883758783340454,
                    -0.8491101861000061,
                    0.2939954996109009
                ],
                [
                    0.895892858505249,
                    0.4386709928512573,
                    -0.07031204551458359
                ],
                [
                    -0.06926462054252625,
                    0.29424402117729187,
                    0.9532170295715332
                ]
            ],
            [
                [
                    0.548398494720459,
                    -0.834658145904541,
                    0.05103686451911926
                ],
                [
                    0.8362059593200684,
                    0.5470545887947083,
                    -0.03861069306731224
                ],
                [
                    0.00430678203701973,
                    0.06385138630867004,
                    0.99795001745224
                ]
            ],
            [
                [
                    0.9582127928733826,
                    -0.04249923676252365,
                    -0.2828817665576935
                ],
                [
                    0.007475362624973059,
                    0.9922844767570496,
                    -0.12375610321760178
                ],
                [
                    0.28595873713493347,
                    0.11647003144025803,
                    0.951137363910675
                ]
            ],
            [
                [
                    0.259854257106781,
                    -0.942358672618866,
                    -0.21079829335212708
                ],
                [
                    0.9485843181610107,
                    0.2082497626543045,
                    0.238368958234787
                ],
                [
                    -0.18073035776615143,
                    -0.2619011700153351,
                    0.9480212330818176
                ]
            ],
            [
                [
                    0.7074577808380127,
                    -0.7066716551780701,
                    -0.010897431522607803
                ],
                [
                    0.7053362131118774,
                    0.7049762010574341,
                    0.0742252990603447
                ],
                [
                    -0.04477047920227051,
                    -0.0601976104080677,
                    0.9971820116043091
                ]
            ],
            [
                [
                    0.5055294036865234,
                    -0.7465072274208069,
                    0.43262800574302673
                ],
                [
                    0.5300920009613037,
                    0.6643454432487488,
                    0.5269227623939514
                ],
                [
                    -0.6807660460472107,
                    -0.0370422825217247,
                    0.7315636277198792
                ]
            ],
            [
                [
                    0.7386781573295593,
                    -0.6469589471817017,
                    -0.18920555710792542
                ],
                [
                    0.665350615978241,
                    0.6548494696617126,
                    0.3584422469139099
                ],
                [
                    -0.10799627006053925,
                    -0.39066147804260254,
                    0.9141775369644165
                ]
            ],
            [
                [
                    0.9359970688819885,
                    -0.3308793008327484,
                    0.12011770904064178
                ],
                [
                    0.27045974135398865,
                    0.8944010734558105,
                    0.35622790455818176
                ],
                [
                    -0.2253018617630005,
                    -0.3009413182735443,
                    0.9266462922096252
                ]
            ],
            [
                [
                    0.9795005917549133,
                    -0.19917674362659454,
                    0.030119799077510834
                ],
                [
                    0.20130093395709991,
                    0.973395049571991,
                    -0.10945350676774979
                ],
                [
                    -0.007517866790294647,
                    0.11327292025089264,
                    0.9935355186462402
                ]
            ],
            [
                [
                    0.47544458508491516,
                    -0.8180758357048035,
                    -0.3235805034637451
                ],
                [
                    0.8618030548095703,
                    0.3591933846473694,
                    0.3581558167934418
                ],
                [
                    -0.1767706722021103,
                    -0.44914594292640686,
                    0.8757967948913574
                ]
            ],
            [
                [
                    0.6858841776847839,
                    -0.7204279899597168,
                    -0.10269516706466675
                ],
                [
                    0.7199506163597107,
                    0.651225209236145,
                    0.2399516999721527
                ],
                [
                    -0.10599025338888168,
                    -0.23851454257965088,
                    0.9653376340866089
                ]
            ],
            [
                [
                    0.9931650161743164,
                    -0.11464937031269073,
                    0.021878546103835106
                ],
                [
                    0.06500120460987091,
                    0.3876074254512787,
                    -0.9195297956466675
                ],
                [
                    0.09694322943687439,
                    0.9146670699119568,
                    0.3924104869365692
                ]
            ],
            [
                [
                    0.9620752930641174,
                    -0.25017186999320984,
                    -0.10874413698911667
                ],
                [
                    0.26122191548347473,
                    0.7300936579704285,
                    0.6314479112625122
                ],
                [
                    -0.07857707887887955,
                    -0.6359066963195801,
                    0.7677554488182068
                ]
            ],
            [
                [
                    0.9773501753807068,
                    0.14877398312091827,
                    -0.15050868690013885
                ],
                [
                    -0.1659155637025833,
                    0.9801478385925293,
                    -0.10854567587375641
                ],
                [
                    0.13137198984622955,
                    0.13105887174606323,
                    0.9826315641403198
                ]
            ]
        ],
        "betas": [
            -0.05780103802680969,
            -0.041681140661239624,
            -0.11577314138412476,
            0.04143562912940979,
            0.021773308515548706,
            -0.07920705527067184,
            0.13042686879634857,
            -0.11906901001930237,
            0.01535835862159729,
            -0.0151958167552948
        ]
    },
    "pred_cam_t": [
        -0.07009697705507278,
        -0.08465404808521271,
        5.504138469696045
    ],
    "focal_length": [
        5000.0,
        5000.0
    ],
    "pred_keypoints_3d": [
        [
            0.09607817977666855,
            0.00640107411891222,
            0.006210652180016041
        ],
        [
            0.10548559576272964,
            0.037717536091804504,
            -0.014393423683941364
        ],
        [
            0.11476164311170578,
            0.06718858331441879,
            -0.015389030799269676
        ],
        [
            0.11669396609067917,
            0.09433555603027344,
            -0.015450604259967804
        ],
        [
            0.11562471836805344,
            0.12997908890247345,
            -0.020531125366687775
        ],
        [
            0.060590680688619614,
            0.08387927711009979,
            -0.025748904794454575
        ],
        [
            0.04208054021000862,
            0.11143194884061813,
            -0.025715962052345276
        ],
        [
            0.054571524262428284,
            0.1272205114364624,
            -0.016072764992713928
        ],
        [
            0.07527755945920944,
            0.12439250946044922,
            -0.002542540431022644
        ],
        [
            0.0435502752661705,
            0.08454890549182892,
            -0.007139940746128559
        ],
        [
            0.020081723108887672,
            0.10503892600536346,
            -0.0007926695980131626
        ],
        [
            0.03326644003391266,
            0.12018615752458572,
            0.011161314323544502
        ],
        [
            0.056922294199466705,
            0.12617476284503937,
            0.018178507685661316
        ],
        [
            0.04194754734635353,
            0.07285743206739426,
            0.01694398932158947
        ],
        [
            0.026494473218917847,
            0.09733957797288895,
            0.01722591556608677
        ],
        [
            0.040355995297431946,
            0.11280597746372223,
            0.03097832016646862
        ],
        [
            0.06375478208065033,
            0.11644420772790909,
            0.039682503789663315
        ],
        [
            0.045897290110588074,
            0.06392011791467667,
            0.03649912402033806
        ],
        [
            0.050308771431446075,
            0.08457261323928833,
            0.038350075483322144
        ],
        [
            0.06589813530445099,
            0.0928354561328888,
            0.045517563819885254
        ],
        [
            0.08485376834869385,
            0.09481042623519897,
            0.04937917739152908
        ]
    ],
    "pred_vertices": [
        [
            0.08833903819322586,
            0.05924169346690178,
            -0.009675860404968262
        ],
        [
            0.09436491131782532,
            0.05131413787603378,
            -0.0062548816204071045
        ],
        [
            0.09722849726676941,
            0.06014613062143326,
            -0.008235424757003784
        ],
        [
            0.09104559570550919,
            0.06680610775947571,
            -0.014121055603027344
        ],
        [
            0.11355726420879364,
            0.04767569899559021,
            0.0015842225402593613
        ],
        [
            0.12274524569511414,
            0.043077461421489716,
            -0.004409896209836006
        ],
        [
            0.12376908212900162,
            0.05924973264336586,
            -0.005739118903875351
        ],
        [
            0.11668036878108978,
            0.06118961423635483,
            0.0007572360336780548
        ],
        [
            0.09260916709899902,
            0.0726608857512474,
            -0.01772899366915226
        ],
        [
            0.09989465773105621,
            0.06776025146245956,
            -0.009392963722348213
        ],
        [
            0.09382741153240204,
            0.07336987555027008,
            -0.020055845379829407
        ],
        [
            0.08170197904109955,
            0.0732782781124115,
            -0.03146306052803993
        ],
        [
            0.08382390439510345,
            0.07498156279325485,
            -0.025808192789554596
        ],
        [
            0.07330463826656342,
            0.07576116919517517,
            -0.03501884639263153
        ],
        [
            0.07968806475400925,
            0.06343701481819153,
            -0.035748519003391266
        ],
        [
            0.06590545177459717,
            0.06977064162492752,
            -0.036071985960006714
        ],
        [
            0.06075021252036095,
            0.04408127814531326,
            -0.02095295488834381
        ],
        [
            0.056132640689611435,
            0.038996655493974686,
            -0.00892263650894165
        ],
        [
            0.047477517277002335,
            0.052692536264657974,
            -0.009719152003526688
        ],
        [
            0.05331752821803093,
            0.05694464594125748,
            -0.02138976752758026
        ],
        [
            0.047359440475702286,
            0.04434961825609207,
            0.009224015288054943
        ],
        [
            0.04667824134230614,
            0.04954079911112785,
            -0.001257486641407013
        ],
        [
            0.0547809824347496,
            0.03512575477361679,
            -0.0008791143191047013
        ],
        [
            0.055291444063186646,
            0.031201444566249847,
            0.00858237873762846
        ],
        [
            0.08478808403015137,
            0.04862629994750023,
            0.002346920780837536
        ],
        [
            0.09092484414577484,
            0.040423694998025894,
            0.00480461772531271
        ],
        [
            0.09142150729894638,
            0.04345385730266571,
            -0.0007173623889684677
        ],
        [
            0.08616425096988678,
            0.05139576643705368,
            -0.0026056645438075066
        ],
        [
            0.10412604361772537,
            0.07525782287120819,
            -0.0226314477622509
        ],
        [
            0.09871258586645126,
            0.06363539397716522,
            -0.03091857023537159
        ],
        [
            0.09413711726665497,
            0.0690142810344696,
            -0.027139082551002502
        ],
        [
            0.1032688096165657,
            0.07726757228374481,
            -0.01735631935298443
        ],
        [
            0.10732589662075043,
            0.021677717566490173,
            0.021243583410978317
        ],
        [
            0.1106979250907898,
            0.00875459611415863,
            0.018707668408751488
        ],
        [
            0.11241115629673004,
            0.009603001177310944,
            0.01307279709726572
        ],
        [
            0.10846476256847382,
            0.021024808287620544,
            0.01628105156123638
        ],
        [
            0.1196015477180481,
            0.021609604358673096,
            -0.002870192751288414
        ],
        [
            0.11877021193504333,
            0.011357419192790985,
            -0.0036907047033309937
        ],
        [
            0.11959336698055267,
            0.004222646355628967,
            -0.014869499951601028
        ],
        [
            0.11961191147565842,
            0.014491245150566101,
            -0.01703466847538948
        ],
        [
            0.12088695168495178,
            0.03272474557161331,
            -0.003672240301966667
        ],
        [
            0.1231907308101654,
            0.02724803239107132,
            -0.015925202518701553
        ],
        [
            0.12519410252571106,
            0.039589837193489075,
            -0.014967629685997963
        ],
        [
            0.1255236119031906,
            0.05722392722964287,
            -0.01462595071643591
        ],
        [
            0.104512058198452,
            0.005125738680362701,
            0.029400799423456192
        ],
        [
            0.10161444544792175,
            0.014244869351387024,
            0.03308124840259552
        ],
        [
            0.05603091046214104,
            0.1116226315498352,
            -0.024726983159780502
        ],
        [
            0.054531484842300415,
            0.1110304519534111,
            -0.01873965933918953
        ],
        [
            0.055093780159950256,
            0.1097153052687645,
            -0.019192608073353767
        ],
        [
            0.05617932230234146,
            0.11080499738454819,
            -0.02494436502456665
        ],
        [
            0.08495369553565979,
            0.0012695863842964172,
            0.03336598351597786
        ],
        [
            0.07750919461250305,
            -0.0030097290873527527,
            0.02801325172185898
        ],
        [
            0.08215445280075073,
            -0.008322089910507202,
            0.029883800074458122
        ],
        [
            0.09003971517086029,
            -0.004350043833255768,
            0.03316362947225571
        ],
        [
            0.07828108966350555,
            0.008728578686714172,
            0.03359295427799225
        ],
        [
            0.07166333496570587,
            0.004792064428329468,
            0.025251640006899834
        ],
        [
            0.04630688950419426,
            0.117343470454216,
            -0.0311411265283823
        ],
        [
            0.05139472335577011,
            0.11602052301168442,
            -0.03106069192290306
        ],
        [
            0.049514640122652054,
            0.11292766779661179,
            -0.032500721514225006
        ],
        [
            0.04417341202497482,
            0.11251404881477356,
            -0.03212408721446991
        ],
        [
            0.08449970185756683,
            0.07248659431934357,
            -0.01939472369849682
        ],
        [
            0.08320342004299164,
            0.06701242923736572,
            -0.01195149589329958
        ],
        [
            0.07161768525838852,
            0.08614896982908249,
            -0.021826256066560745
        ],
        [
            0.07544656097888947,
            0.07743170857429504,
            -0.01727810874581337
        ],
        [
            0.07819074392318726,
            0.07802621275186539,
            -0.02393837831914425
        ],
        [
            0.07355811446905136,
            0.0842897817492485,
            -0.027763541787862778
        ],
        [
            0.06965439021587372,
            0.0658215656876564,
            0.002872261218726635
        ],
        [
            0.07653583586215973,
            0.056222569197416306,
            0.0037707886658608913
        ],
        [
            0.07759436964988708,
            0.05949711799621582,
            -0.0020066015422344208
        ],
        [
            0.07122551649808884,
            0.07077652215957642,
            -0.004111245274543762
        ],
        [
            0.0749325379729271,
            0.05268009379506111,
            0.017458854243159294
        ],
        [
            0.06794966012239456,
            0.06214137375354767,
            0.015269633382558823
        ],
        [
            0.06787578016519547,
            0.05895905941724777,
            0.023268308490514755
        ],
        [
            0.0735870897769928,
            0.05336838960647583,
            0.02382669784128666
        ],
        [
            0.05640821158885956,
            0.07943213731050491,
            0.008471664972603321
        ],
        [
            0.04980253055691719,
            0.08449257165193558,
            0.0064020222052931786
        ],
        [
            0.048584312200546265,
            0.08400990813970566,
            0.009707457385957241
        ],
        [
            0.05551151931285858,
            0.07766833156347275,
            0.01177686545997858
        ],
        [
            0.08609391748905182,
            -0.01414325088262558,
            0.030851349234580994
        ],
        [
            0.09481485188007355,
            -0.009740978479385376,
            0.03199886158108711
        ],
        [
            0.048962049186229706,
            0.03873123601078987,
            0.030108598992228508
        ],
        [
            0.05595435947179794,
            0.03698157146573067,
            0.038576431572437286
        ],
        [
            0.04795251786708832,
            0.04801684990525246,
            0.04104301333427429
        ],
        [
            0.04211810231208801,
            0.04668903350830078,
            0.031155064702033997
        ],
        [
            0.07317996025085449,
            -0.003986544907093048,
            0.018589414656162262
        ],
        [
            0.07632191479206085,
            -0.010353274643421173,
            0.02191305346786976
        ],
        [
            0.04110027849674225,
            0.11749354004859924,
            -0.02751769870519638
        ],
        [
            0.03914394974708557,
            0.11230339109897614,
            -0.0282807145267725
        ],
        [
            0.11897607147693634,
            0.03433156758546829,
            -0.026635874062776566
        ],
        [
            0.12209013104438782,
            0.05562814697623253,
            -0.023795312270522118
        ],
        [
            0.11534497141838074,
            0.018537864089012146,
            -0.026135139167308807
        ],
        [
            0.11195716261863708,
            0.007844947278499603,
            -0.024226156994700432
        ],
        [
            0.11199219524860382,
            -0.0011108145117759705,
            -0.0227506160736084
        ],
        [
            0.07106989622116089,
            0.07953118532896042,
            -0.012360841035842896
        ],
        [
            0.08218849450349808,
            0.05973970144987106,
            -0.00597994402050972
        ],
        [
            0.08388986438512802,
            0.04677119478583336,
            0.007172551937401295
        ],
        [
            0.07883324474096298,
            0.04374131187796593,
            0.037611253559589386
        ],
        [
            0.08566713333129883,
            0.03567931428551674,
            0.03818560391664505
        ],
        [
            0.08683415502309799,
            0.041466426104307175,
            0.02917730063199997
        ],
        [
            0.08011916279792786,
            0.047004301100969315,
            0.030301708728075027
        ],
        [
            0.06310887634754181,
            0.04162365943193436,
            0.04361078143119812
        ],
        [
            0.06828508526086807,
            0.047571271657943726,
            0.041685234755277634
        ],
        [
            0.062253810465335846,
            0.054098062217235565,
            0.04164207726716995
        ],
        [
            0.05603841692209244,
            0.05008799210190773,
            0.044245921075344086
        ],
        [
            0.10977091640233994,
            0.07421454042196274,
            -0.02745533362030983
        ],
        [
            0.1046023964881897,
            0.059444863349199295,
            -0.033375270664691925
        ],
        [
            0.09388202428817749,
            0.00666867196559906,
            0.035359304398298264
        ],
        [
            0.09866692125797272,
            0.0010499730706214905,
            0.03269246965646744
        ],
        [
            0.1018214151263237,
            -0.006622500717639923,
            0.030746212229132652
        ],
        [
            0.09988097846508026,
            0.03145113214850426,
            0.011892822571098804
        ],
        [
            0.10927549004554749,
            0.020616017282009125,
            0.012815624475479126
        ],
        [
            0.11016833782196045,
            0.022238053381443024,
            0.00888601504266262
        ],
        [
            0.09918199479579926,
            0.03193216770887375,
            0.008100414648652077
        ],
        [
            0.10088501870632172,
            0.043524786829948425,
            -0.00018807873129844666
        ],
        [
            0.1109689325094223,
            0.03536515682935715,
            0.0025692544877529144
        ],
        [
            0.10358215123414993,
            0.05404911935329437,
            8.44467431306839e-05
        ],
        [
            0.115565225481987,
            0.009258449077606201,
            0.005549846217036247
        ],
        [
            0.11710377037525177,
            0.00045271962881088257,
            0.012061340734362602
        ],
        [
            0.11948840320110321,
            0.0008973255753517151,
            0.0034785307943820953
        ],
        [
            0.11276933550834656,
            -0.0017490088939666748,
            0.020599905401468277
        ],
        [
            0.10754798352718353,
            -0.004107221961021423,
            0.027449384331703186
        ],
        [
            0.07779169827699661,
            -0.018587976694107056,
            0.02345973253250122
        ],
        [
            0.12016633152961731,
            0.0014608576893806458,
            -0.004810096696019173
        ],
        [
            0.11832959204912186,
            0.07053747773170471,
            -0.0024230554699897766
        ],
        [
            0.11988174915313721,
            0.07878038287162781,
            -0.005574345588684082
        ],
        [
            0.11255300045013428,
            0.07926872372627258,
            -0.004841850139200687
        ],
        [
            0.11041031777858734,
            0.07200106233358383,
            -0.002452343702316284
        ],
        [
            0.06479054689407349,
            0.08099773526191711,
            -0.037039950489997864
        ],
        [
            0.07073341310024261,
            0.08408515155315399,
            -0.03328115493059158
        ],
        [
            0.07833929359912872,
            0.07740241289138794,
            -0.030825531110167503
        ],
        [
            0.09993581473827362,
            0.029561709612607956,
            0.025733549147844315
        ],
        [
            0.09556823968887329,
            0.02296794205904007,
            0.03566695749759674
        ],
        [
            0.06671319901943207,
            0.08798782527446747,
            -0.017304882407188416
        ],
        [
            0.04353627562522888,
            0.10830534994602203,
            -0.03349705785512924
        ],
        [
            0.049516163766384125,
            0.1094513013958931,
            -0.034108009189367294
        ],
        [
            0.055679358541965485,
            0.0944552794098854,
            -0.03644172102212906
        ],
        [
            0.04904327169060707,
            0.09255211800336838,
            -0.03585469350218773
        ],
        [
            0.055048804730176926,
            0.09184320271015167,
            -0.016454530879855156
        ],
        [
            0.06221409887075424,
            0.091774582862854,
            -0.017963211983442307
        ],
        [
            0.05939346179366112,
            0.09329766035079956,
            -0.01792236790060997
        ],
        [
            0.053414445370435715,
            0.09380093961954117,
            -0.015054895542562008
        ],
        [
            0.04975307732820511,
            0.07975637912750244,
            0.017968513071537018
        ],
        [
            0.05603286623954773,
            0.0739581510424614,
            0.01967528462409973
        ],
        [
            0.047494031488895416,
            0.07170998305082321,
            -0.019950032234191895
        ],
        [
            0.051920488476753235,
            0.0704079121351242,
            -0.03243101388216019
        ],
        [
            0.05893061310052872,
            0.06169199198484421,
            -0.03124382160604
        ],
        [
            0.06888213753700256,
            0.06288642436265945,
            0.009741615504026413
        ],
        [
            0.06252998113632202,
            0.07158463448286057,
            0.009758752770721912
        ],
        [
            0.061681218445301056,
            0.07016574591398239,
            0.013620946556329727
        ],
        [
            0.06703326106071472,
            0.08165039122104645,
            -0.010141389444470406
        ],
        [
            0.06214331090450287,
            0.08801771700382233,
            -0.013086454942822456
        ],
        [
            0.06155657768249512,
            0.08483119308948517,
            -0.008678939193487167
        ],
        [
            0.06590159237384796,
            0.07842367887496948,
            -0.00559627078473568
        ],
        [
            0.06326852738857269,
            0.025885924696922302,
            0.036951374262571335
        ],
        [
            0.07142088562250137,
            0.031427983194589615,
            0.04324062168598175
        ],
        [
            0.05492621287703514,
            0.11371783167123795,
            -0.02896663174033165
        ],
        [
            0.054128214716911316,
            0.11219708621501923,
            -0.029848739504814148
        ],
        [
            0.0756513923406601,
            0.053548023104667664,
            0.010476370342075825
        ],
        [
            0.06728465855121613,
            0.05052214860916138,
            -0.029396800324320793
        ],
        [
            0.08321266621351242,
            0.045127976685762405,
            0.012449396774172783
        ],
        [
            0.039764273911714554,
            0.061800144612789154,
            0.02043113298714161
        ],
        [
            0.04363642632961273,
            0.0666118711233139,
            0.02595415897667408
        ],
        [
            0.040258802473545074,
            0.0719069167971611,
            0.024022521451115608
        ],
        [
            0.03583535552024841,
            0.06908266246318817,
            0.02010626718401909
        ],
        [
            0.04677540808916092,
            0.10509632527828217,
            -0.013353955000638962
        ],
        [
            0.05200808867812157,
            0.10740350186824799,
            -0.014520256780087948
        ],
        [
            0.05110583081841469,
            0.10855373740196228,
            -0.01441766694188118
        ],
        [
            0.04522016644477844,
            0.10834335535764694,
            -0.013004105538129807
        ],
        [
            0.06605954468250275,
            0.09179756045341492,
            -0.022476548328995705
        ],
        [
            0.06812077760696411,
            0.09069400280714035,
            -0.02860834449529648
        ],
        [
            0.06390802562236786,
            0.0959211140871048,
            -0.0275181345641613
        ],
        [
            0.0619976744055748,
            0.09509258717298508,
            -0.0219619981944561
        ],
        [
            0.06445557624101639,
            0.0900244489312172,
            -0.034068673849105835
        ],
        [
            0.061155591160058975,
            0.09535082429647446,
            -0.033284567296504974
        ],
        [
            0.040715813636779785,
            0.10409839451313019,
            -0.01587008684873581
        ],
        [
            0.037253957241773605,
            0.10532108694314957,
            -0.02279643900692463
        ],
        [
            0.042451128363609314,
            0.090169258415699,
            -0.02366960048675537
        ],
        [
            0.046025246381759644,
            0.09295647591352463,
            -0.017337266355752945
        ],
        [
            0.062279343605041504,
            0.017856091260910034,
            0.007555816322565079
        ],
        [
            0.06266443431377411,
            0.01584383100271225,
            0.01855354756116867
        ],
        [
            0.05546363815665245,
            0.02906167134642601,
            0.019864100962877274
        ],
        [
            0.04742077365517616,
            0.04139804095029831,
            0.02142014540731907
        ],
        [
            0.04111025854945183,
            0.05367778241634369,
            0.022175444290041924
        ],
        [
            0.04021161422133446,
            0.054471567273139954,
            0.010173244401812553
        ],
        [
            0.057047031819820404,
            0.02677704393863678,
            0.027586348354816437
        ],
        [
            0.0473121702671051,
            0.08561016619205475,
            -0.01651913672685623
        ],
        [
            0.04734112322330475,
            0.08034645020961761,
            -0.023764345794916153
        ],
        [
            0.04541199654340744,
            0.07928697764873505,
            -0.018632814288139343
        ],
        [
            0.08303725719451904,
            0.04460606724023819,
            0.01993175595998764
        ],
        [
            0.05437307804822922,
            0.11014283448457718,
            -0.031554609537124634
        ],
        [
            0.08987189829349518,
            -0.0014680922031402588,
            -0.0211668461561203
        ],
        [
            0.08116529136896133,
            -0.0054501742124557495,
            -0.011321685276925564
        ],
        [
            0.07882574945688248,
            0.00275440514087677,
            -0.013400090858340263
        ],
        [
            0.08941640704870224,
            0.007966957986354828,
            -0.02416585013270378
        ],
        [
            0.05637500435113907,
            0.10965478420257568,
            -0.019790906459093094
        ],
        [
            0.05756068974733353,
            0.11020497977733612,
            -0.026050031185150146
        ],
        [
            0.05449928715825081,
            0.07302500307559967,
            0.025976594537496567
        ],
        [
            0.048381004482507706,
            0.07794544845819473,
            0.02331513538956642
        ],
        [
            0.04475053399801254,
            0.07698315382003784,
            0.025053903460502625
        ],
        [
            0.051181063055992126,
            0.07398586720228195,
            0.03054208867251873
        ],
        [
            0.06432923674583435,
            0.014094479382038116,
            0.024042213335633278
        ],
        [
            0.04625914990901947,
            0.05765026807785034,
            0.04295337200164795
        ],
        [
            0.04011564701795578,
            0.0553412064909935,
            0.03393931686878204
        ],
        [
            0.06892326474189758,
            0.004393301904201508,
            0.016984689980745316
        ],
        [
            0.06810964643955231,
            0.005695633590221405,
            0.007284125313162804
        ],
        [
            0.07220053672790527,
            -0.0031394734978675842,
            0.007665661629289389
        ],
        [
            0.04009411111474037,
            0.06481195241212845,
            -0.0015602707862854004
        ],
        [
            0.06179041415452957,
            0.021563716232776642,
            -0.0003037499845959246
        ],
        [
            0.0685032531619072,
            0.008714050054550171,
            0.00020709470845758915
        ],
        [
            0.0733935683965683,
            -0.0017227381467819214,
            0.00031728437170386314
        ],
        [
            0.07619677484035492,
            -0.009536199271678925,
            0.0008876763749867678
        ],
        [
            0.07472437620162964,
            -0.010224871337413788,
            0.00891648419201374
        ],
        [
            0.039205603301525116,
            0.10685400664806366,
            -0.028836797922849655
        ],
        [
            0.03633683919906616,
            0.11150559782981873,
            -0.02151210606098175
        ],
        [
            0.07609930634498596,
            -0.019093573093414307,
            0.010169396176934242
        ],
        [
            0.07828116416931152,
            -0.0176379457116127,
            0.0012216661125421524
        ],
        [
            0.07037165015935898,
            0.012051679193973541,
            -0.008216329850256443
        ],
        [
            0.0744524896144867,
            0.017008371651172638,
            -0.01822948269546032
        ],
        [
            0.06397724896669388,
            0.02446793019771576,
            -0.00826878659427166
        ],
        [
            0.06711139529943466,
            0.030158840119838715,
            -0.018153617158532143
        ],
        [
            0.04199087247252464,
            0.06257686018943787,
            -0.01170884445309639
        ],
        [
            0.04560771957039833,
            0.12575560808181763,
            -0.012788783758878708
        ],
        [
            0.040130987763404846,
            0.11599360406398773,
            -0.014969278126955032
        ],
        [
            0.04476708918809891,
            0.11296241730451584,
            -0.012856907211244106
        ],
        [
            0.047268617898225784,
            0.12259238213300705,
            -0.010179266333580017
        ],
        [
            0.039874691516160965,
            0.10933579504489899,
            -0.015208669006824493
        ],
        [
            0.0384971983730793,
            0.11717081069946289,
            -0.020506326109170914
        ],
        [
            0.07636119425296783,
            0.037848666310310364,
            -0.028756994754076004
        ],
        [
            0.054631028324365616,
            0.09032907336950302,
            -0.011206522583961487
        ],
        [
            0.08815527707338333,
            0.02534233033657074,
            -0.029352545738220215
        ],
        [
            0.08614933490753174,
            0.05153845250606537,
            -0.03649331256747246
        ],
        [
            0.09690219908952713,
            0.04326332360506058,
            -0.035458244383335114
        ],
        [
            0.10183745622634888,
            0.013256222009658813,
            -0.029739197343587875
        ],
        [
            0.10718852281570435,
            0.030169188976287842,
            -0.03370232880115509
        ],
        [
            0.10170476883649826,
            -0.0049347952008247375,
            -0.02396855130791664
        ],
        [
            0.10010138899087906,
            0.0037080347537994385,
            -0.026209257543087006
        ],
        [
            0.11249726265668869,
            0.04786128178238869,
            -0.032569773495197296
        ],
        [
