{
    "pred_cam": [
        7.863795280456543,
        -0.107046939432621,
        -0.0689927265048027
    ],
    "pred_mano_params": {
        "global_orient": [
            [
                [
                    0.31872329115867615,
                    -0.8320968151092529,
                    0.45390573143959045
                ],
                [
                    -0.9104407429695129,
                    -0.40196388959884644,
                    -0.09758464992046356
                ],
                [
                    0.26365357637405396,
                    -0.38215172290802,
                    -0.8856900930404663
                ]
            ]
        ],
        "hand_pose": [
            [
                [
                    0.7507229447364807,
                    -0.6283249855041504,
                    -0.2040168195962906
                ],
                [
                    0.6162599325180054,
                    0.7773386240005493,
                    -0.12636610865592957
                ],
                [
                    0.2379891276359558,
                    -0.030861467123031616,
                    0.9707774519920349
                ]
            ],
            [
                [
                    0.8617753386497498,
                    -0.44195809960365295,
                    0.24903066456317902
                ],
                [
                    0.4898771643638611,
                    0.8525339961051941,
                    -0.18222561478614807
                ],
                [
                    -0.1317710131406784,
                    0.27903199195861816,
                    0.9511979818344116
                ]
            ],
            [
                [
                    0.758414089679718,
                    -0.6471098065376282,
                    -0.07782629877328873
                ],
                [
                    0.6244468688964844,
                    0.7556307911872864,
                    -0.19770751893520355
                ],
                [
                    0.18674643337726593,
                    0.10134578496217728,
                    0.9771667122840881
                ]
            ],
            [
                [
                    0.7067524194717407,
                    -0.6891623735427856,
                    -0.15986326336860657
                ],
                [
                    0.7017083764076233,
                    0.7116318345069885,
                    0.03443102166056633
                ],
                [
                    0.09003522247076035,
                    -0.13651160895824432,
                    0.9865385293960571
                ]
            ],
            [
                [
                    0.5993798971176147,
                    -0.7675232887268066,
                    -0.22727009654045105
                ],
                [
                    0.7987284064292908,
                    0.5547764301300049,
                    0.23292934894561768
                ],
                [
                    -0.05269460752606392,
                    -0.32114022970199585,
                    0.9455645084381104
                ]
            ],
            [
                [
                    0.8099611401557922,
                    -0.5179864168167114,
                    -0.2750510275363922
                ],
                [
                    0.5560996532440186,
                    0.8272960782051086,
                    0.07958874106407166
                ],
                [
                    0.18632276356220245,
                    -0.2174195647239685,
                    0.9581297039985657
                ]
            ],
            [
                [
                    0.472905695438385,
                    -0.6850075721740723,
                    0.5541883707046509
                ],
                [
                    0.49955832958221436,
                    0.7265506386756897,
                    0.4717685878276825
                ],
                [
                    -0.7258110046386719,
                    0.053747374564409256,
                    0.6857911944389343
                ]
            ],
            [
                [
                    0.7669966220855713,
                    -0.5661890506744385,
                    -0.3019040524959564
                ],
                [
                    0.6416478753089905,
                    0.6782721281051636,
                    0.35809892416000366
                ],
                [
                    0.0020214193500578403,
                    -0.4683768153190613,
                    0.8835264444351196
                ]
            ],
            [
                [
                    0.8288256525993347,
                    -0.5528963208198547,
                    0.08575349301099777
                ],
                [
                    0.5102636218070984,
                    0.8098207116127014,
                    0.28951936960220337
                ],
                [
                    -0.22951914370059967,
                    -0.19620418548583984,
                    0.9533230662345886
                ]
            ],
            [
                [
                    0.6742643117904663,
                    -0.7166268229484558,
                    0.17836391925811768
                ],
                [
                    0.7085124850273132,
                    0.6958584785461426,
                    0.1174352616071701
                ],
                [
                    -0.20827330648899078,
                    0.04719065874814987,
                    0.976931631565094
                ]
            ],
            [
                [
                    0.6437839865684509,
                    -0.7190648317337036,
                    -0.2617018520832062
                ],
                [
                    0.7518401145935059,
                    0.5307500958442688,
                    0.39120426774024963
                ],
                [
                    -0.14240297675132751,
                    -0.44860902428627014,
                    0.882310152053833
                ]
            ],
            [
                [
                    0.7881373167037964,
                    -0.5450716614723206,
                    -0.28589603304862976
                ],
                [
                    0.6034600734710693,
                    0.7757251262664795,
                    0.18462523818016052
                ],
                [
                    0.12114275991916656,
                    -0.31803685426712036,
                    0.9403069019317627
                ]
            ],
            [
                [
                    0.9592581987380981,
                    -0.2139330506324768,
                    -0.18454353511333466
                ],
                [
                    -0.12146028131246567,
                    0.27748095989227295,
                    -0.9530223608016968
                ],
                [
                    0.2550903260707855,
                    0.9366092681884766,
                    0.2401915192604065
                ]
            ],
            [
                [
                    0.9588773250579834,
                    -0.23876634240150452,
                    -0.15344299376010895
                ],
                [
                    0.28164413571357727,
                    0.7336528301239014,
                    0.6184093356132507
                ],
                [
                    -0.03508145734667778,
                    -0.6361950635910034,
                    0.770730197429657
                ]
            ],
            [
                [
                    0.9674093127250671,
                    0.24900802969932556,
                    0.04598105326294899
                ],
                [
                    -0.2515031695365906,
                    0.9659803509712219,
                    0.060233477503061295
                ],
                [
                    -0.02941817231476307,
                    -0.06983480602502823,
                    0.9971246719360352
                ]
            ]
        ],
        "betas": [
            -0.02932918071746826,
            -0.05257079005241394,
            -0.08557459712028503,
            0.037327200174331665,
            0.07049953937530518,
            -0.02111169323325157,
            0.047501564025878906,
            -0.03565213084220886,
            -0.024030864238739014,
            -0.03883430361747742
        ]
    },
    "pred_cam_t": [
        -0.107046939432621,
        -0.0689927265048027,
        4.967385292053223
    ],
    "focal_length": [
        5000.0,
        5000.0
    ],
    "pred_keypoints_3d": [
        [
            0.09593715518712997,
            0.0064079943113029,
            0.006200040224939585
        ],
        [
            0.11290089040994644,
            0.03211118280887604,
            -0.017125630751252174
        ],
        [
            0.1227181926369667,
            0.06138574704527855,
            -0.01698477379977703
        ],
        [
            0.1239270567893982,
            0.08850390464067459,
            -0.015786198899149895
        ],
        [
            0.12454463541507721,
            0.12234269827604294,
            -0.028726020827889442
        ],
        [
            0.08149521052837372,
            0.086927130818367,
            -0.03338294103741646
        ],
        [
            0.08452189713716507,
            0.11959168314933777,
            -0.028895622119307518
        ],
        [
            0.09911106526851654,
            0.13453608751296997,
            -0.021161064505577087
        ],
        [
            0.1166856586933136,
            0.13915710151195526,
            -0.00321333110332489
        ],
        [
            0.06540130078792572,
            0.0937296450138092,
            -0.015227306634187698
        ],
        [
            0.07166334986686707,
            0.12333755940198898,
            -0.0056063951924443245
        ],
        [
            0.09210352599620819,
            0.12727420032024384,
            0.004923857748508453
        ],
        [
            0.11351627111434937,
            0.11960349977016449,
            0.017284315079450607
        ],
        [
            0.06099698320031166,
            0.08521195501089096,
            0.009747607633471489
        ],
        [
            0.07059111446142197,
            0.11246736347675323,
            0.010503236204385757
        ],
        [
            0.09215768426656723,
            0.11581787467002869,
            0.0224011093378067
        ],
        [
            0.11184708774089813,
            0.10666303336620331,
            0.03619144856929779
        ],
        [
            0.06261832267045975,
            0.0774606466293335,
            0.030084867030382156
        ],
        [
            0.0715099349617958,
            0.096578449010849,
            0.02821679785847664
        ],
        [
            0.08734683692455292,
            0.10348357260227203,
            0.03616691753268242
        ],
        [
            0.10379977524280548,
            0.1000533401966095,
            0.043207161128520966
        ]
    ],
    "pred_vertices": [
        [
            0.10100850462913513,
            0.056878864765167236,
            -0.014439918100833893
        ],
        [
            0.10427743196487427,
            0.04706185311079025,
            -0.010172678157687187
        ],
        [
            0.10705051571130753,
            0.054725032299757004,
            -0.011951664462685585
        ],
        [
            0.10430951416492462,
            0.06281246244907379,
            -0.019074443727731705
        ],
        [
            0.12048301100730896,
            0.04167065769433975,
            -0.00046677514910697937
        ],
        [
            0.12944626808166504,
            0.036077894270420074,
            -0.006036017090082169
        ],
        [
            0.13110515475273132,
            0.052672967314720154,
            -0.007286444306373596
        ],
        [
            0.1237516924738884,
            0.05495233088731766,
            -0.0009993407875299454
        ],
        [
            0.10551764070987701,
            0.06774231791496277,
            -0.022424671798944473
        ],
        [
            0.10979197919368744,
            0.06178687512874603,
            -0.012889126315712929
        ],
        [
            0.104946568608284,
            0.06812522560358047,
            -0.02383887767791748
        ],
        [
            0.09615354984998703,
            0.07047379016876221,
            -0.03681227192282677
        ],
        [
            0.09940919280052185,
            0.0718974620103836,
            -0.03153042495250702
        ],
        [
            0.08988737314939499,
            0.07484471797943115,
            -0.041317325085401535
        ],
        [
            0.0920962318778038,
            0.06149517744779587,
            -0.0404425784945488
        ],
        [
            0.0810304507613182,
            0.07172539085149765,
            -0.04259778559207916
        ],
        [
            0.07093104720115662,
            0.049404509365558624,
            -0.025140687823295593
        ],
        [
            0.06533141434192657,
            0.04688793048262596,
            -0.012754254043102264
        ],
        [
            0.05904224514961243,
            0.06298503279685974,
            -0.015227210707962513
        ],
        [
            0.06605605781078339,
            0.06427407264709473,
            -0.027171965688467026
        ],
        [
            0.057541873306035995,
            0.056470271199941635,
            0.0046978238970041275
        ],
        [
            0.057948268949985504,
            0.060801874846220016,
            -0.006357627920806408
        ],
        [
            0.063128262758255,
            0.04426344111561775,
            -0.004357178695499897
        ],
        [
            0.06269703060388565,
            0.041217610239982605,
            0.005455324426293373
        ],
        [
            0.09585559368133545,
            0.04941230267286301,
            -0.0017853565514087677
        ],
        [
            0.09982191771268845,
            0.0398167185485363,
            0.0013901181519031525
        ],
        [
            0.10082461684942245,
            0.04139566421508789,
            -0.004419082775712013
        ],
        [
            0.09767311811447144,
            0.05096754431724548,
            -0.006923230364918709
        ],
        [
            0.11275164783000946,
            0.06945774704217911,
            -0.024722639471292496
        ],
        [
            0.1085362583398819,
            0.058330610394477844,
            -0.03401303291320801
        ],
        [
            0.10463745146989822,
            0.06396906077861786,
            -0.030610082671046257
        ],
        [
            0.11173249781131744,
            0.07128188014030457,
            -0.01942063309252262
        ],
        [
            0.11087778210639954,
            0.01964929699897766,
            0.01990256831049919
        ],
        [
            0.11071395128965378,
            0.006140865385532379,
            0.01867452636361122
        ],
        [
            0.11261875182390213,
            0.005946584045886993,
            0.013019438832998276
        ],
        [
            0.11195476353168488,
            0.018150798976421356,
            0.014987501315772533
        ],
        [
            0.12350043654441833,
            0.014663547277450562,
            -0.003701094537973404
        ],
        [
            0.1196960061788559,
            0.004707656800746918,
            -0.00369429774582386
        ],
        [
            0.11839491873979568,
            -0.003197871148586273,
            -0.013985808938741684
        ],
        [
            0.1214379221200943,
            0.007063612341880798,
            -0.01694696582853794
        ],
        [
            0.12676985561847687,
            0.02552969753742218,
            -0.005114775151014328
        ],
        [
            0.1280360370874405,
            0.019435957074165344,
            -0.0167609341442585
        ],
        [
            0.1318303942680359,
            0.032555676996707916,
            -0.01633068174123764
        ],
        [
            0.1331539899110794,
            0.051050830632448196,
            -0.016038434579968452
        ],
        [
            0.10388754308223724,
            0.005270138382911682,
            0.02951090782880783
        ],
        [
            0.10351182520389557,
            0.015149272978305817,
            0.032264724373817444
        ],
        [
            0.09657444059848785,
            0.11719627678394318,
            -0.027974728494882584
        ],
        [
            0.09503429383039474,
            0.11763577163219452,
            -0.022262781858444214
        ],
        [
            0.09437695890665054,
            0.11369793862104416,
            -0.02338600531220436
        ],
        [
            0.09571860730648041,
            0.11438256502151489,
            -0.02901524305343628
        ],
        [
            0.08409406989812851,
            0.0069849491119384766,
            0.03346706181764603
        ],
        [
            0.07578517496585846,
            0.004258938133716583,
            0.028433283790946007
        ],
        [
            0.07888782024383545,
            -0.0018902048468589783,
            0.030871639028191566
        ],
        [
            0.08754056692123413,
            0.00023367255926132202,
            0.03389966860413551
        ],
        [
            0.07959471642971039,
            0.01590905338525772,
            0.03284794092178345
        ],
        [
            0.07215465605258942,
            0.013024941086769104,
            0.024833006784319878
        ],
        [
            0.08913668990135193,
            0.12490678578615189,
            -0.035189125686883926
        ],
        [
            0.09346501529216766,
            0.12210220843553543,
            -0.03487149998545647
        ],
        [
            0.09038698673248291,
            0.11882013082504272,
            -0.036555852741003036
        ],
        [
            0.08559225499629974,
            0.12045261263847351,
            -0.0360414944589138
        ],
        [
            0.1004885882139206,
            0.06998282670974731,
            -0.02527700737118721
        ],
        [
            0.09846118092536926,
            0.06590498983860016,
            -0.017612121999263763
        ],
        [
            0.09289951622486115,
            0.08417052030563354,
            -0.02885386347770691
        ],
        [
            0.09375792741775513,
            0.07721211761236191,
            -0.024111967533826828
        ],
        [
            0.09609470516443253,
            0.07618653774261475,
            -0.03055264800786972
        ],
        [
            0.09410499036312103,
            0.0818936824798584,
            -0.03441677242517471
        ],
        [
            0.08566173911094666,
            0.06979107856750488,
            -0.003130663186311722
        ],
        [
            0.08986227214336395,
            0.05902910605072975,
            -0.0012140031903982162
        ],
        [
            0.09163287281990051,
            0.061305880546569824,
            -0.007226752117276192
        ],
        [
            0.08839638531208038,
            0.0734274834394455,
            -0.010499692521989346
        ],
        [
            0.08752359449863434,
            0.057329751551151276,
            0.012688972987234592
        ],
        [
            0.08314361423254013,
            0.06784738600254059,
            0.009496418759226799
        ],
        [
            0.08226218074560165,
            0.06558890640735626,
            0.01776822656393051
        ],
        [
            0.08640749752521515,
            0.05892206355929375,
            0.018937982618808746
        ],
        [
            0.07646152377128601,
            0.08512365818023682,
            0.0007823845371603966
        ],
        [
            0.07395462691783905,
            0.09049471467733383,
            -0.001234641531482339
        ],
        [
            0.07366683334112167,
            0.09072697162628174,
            0.002081348327919841
        ],
        [
            0.07564543187618256,
            0.0840865895152092,
            0.004316662438213825
        ],
        [
            0.08121439814567566,
            -0.008432172238826752,
            0.03245358169078827
        ],
        [
            0.09077319502830505,
            -0.006314896047115326,
            0.0333440937101841
        ],
        [
            0.05845098942518234,
            0.052079908549785614,
            0.02608693391084671
        ],
        [
            0.06495669484138489,
            0.04929323494434357,
            0.034863341599702835
        ],
        [
            0.05975768715143204,
            0.062304869294166565,
            0.03592231497168541
        ],
        [
            0.05348534882068634,
            0.0617605596780777,
            0.02601061761379242
        ],
        [
            0.07131335139274597,
            0.0035278499126434326,
            0.019074542447924614
        ],
        [
            0.07269643247127533,
            -0.00312235951423645,
            0.02302796021103859
        ],
        [
            0.0846182107925415,
            0.1270679533481598,
            -0.03164839744567871
        ],
        [
            0.08145919442176819,
            0.12176366150379181,
            -0.03195779770612717
        ],
        [
            0.12526141107082367,
            0.027714014053344727,
            -0.0279498640447855
        ],
        [
            0.13007815182209015,
            0.04957366734743118,
            -0.0253498125821352
        ],
        [
            0.11862806975841522,
            0.011988520622253418,
            -0.026630615815520287
        ],
        [
            0.11230739951133728,
            0.0018541514873504639,
            -0.023901093751192093
        ],
        [
            0.10962693393230438,
            -0.007122933864593506,
            -0.021577507257461548
        ],
        [
            0.09016333520412445,
            0.08040928840637207,
            -0.019554246217012405
        ],
        [
            0.09593542665243149,
            0.05986810103058815,
            -0.011091024614870548
        ],
        [
            0.09459123760461807,
            0.04842398315668106,
            0.0031649647280573845
        ],
        [
            0.0890512689948082,
            0.0497136153280735,
            0.03363220393657684
        ],
        [
            0.09361530840396881,
            0.04029505327343941,
            0.035065118223428726
        ],
        [
            0.09619265794754028,
            0.04467885196208954,
            0.025577232241630554
        ],
        [
            0.09111329168081284,
            0.05179611220955849,
            0.02607125975191593
        ],
        [
            0.07314281165599823,
            0.05235634744167328,
            0.03957555443048477
        ],
        [
            0.07973278313875198,
            0.056533556431531906,
            0.03717772662639618
        ],
        [
            0.0753016322851181,
            0.06442780792713165,
            0.036492399871349335
        ],
        [
            0.06817330420017242,
            0.06249914690852165,
            0.039254166185855865
        ],
        [
            0.11838111281394958,
            0.06851595640182495,
            -0.02927611768245697
        ],
        [
            0.11380079388618469,
            0.0537855438888073,
            -0.0360780730843544
        ],
        [
            0.09411421418190002,
            0.010075964033603668,
            0.035101331770420074
        ],
        [
            0.09724107384681702,
            0.0031768232583999634,
            0.03306321054697037
        ],
        [
            0.09832791984081268,
            -0.00522073358297348,
            0.031938862055540085
        ],
        [
            0.1064353734254837,
            0.029654860496520996,
            0.009378522634506226
        ],
        [
            0.11282175034284592,
            0.017121292650699615,
            0.011530758813023567
        ],
        [
            0.11438152939081192,
            0.017929665744304657,
            0.007394641637802124
        ],
        [
            0.10607010871171951,
            0.029488369822502136,
            0.00538954883813858
        ],
        [
            0.10871370136737823,
            0.03822920098900795,
            -0.00332723930478096
        ],
        [
            0.11771240830421448,
            0.029324568808078766,
            0.00027673691511154175
        ],
        [
            0.11107021570205688,
            0.048372089862823486,
            -0.002642083913087845
        ],
        [
            0.11574248969554901,
            0.004127718508243561,
            0.005596831440925598
        ],
        [
            0.11470396816730499,
            -0.004149243235588074,
            0.01296742632985115
        ],
        [
            0.11711180210113525,
            -0.005110874772071838,
            0.004437128081917763
        ],
        [
            0.11002440750598907,
            -0.0043275728821754456,
            0.021583400666713715
        ],
        [
            0.10446956753730774,
            -0.004595555365085602,
            0.028537193313241005
        ],
        [
            0.07201208174228668,
            -0.011311270296573639,
            0.025370266288518906
        ],
        [
            0.1179235428571701,
            -0.005444884300231934,
            -0.0037983041256666183
        ],
        [
            0.12559548020362854,
            0.0642218068242073,
            -0.003752591088414192
        ],
        [
            0.12693968415260315,
            0.07261630892753601,
            -0.0064607905223965645
        ],
        [
            0.1197320967912674,
            0.07299616932868958,
            -0.00602692598477006
        ],
        [
            0.11781831085681915,
            0.06572069227695465,
            -0.004156723618507385
        ],
        [
            0.08507759124040604,
            0.08226953446865082,
            -0.04338884353637695
        ],
        [
            0.09168481081724167,
            0.08254004269838333,
            -0.0396110899746418
        ],
        [
            0.09544377028942108,
            0.07508081197738647,
            -0.03708469122648239
        ],
        [
            0.1057770699262619,
            0.02957157790660858,
            0.02350776456296444
        ],
        [
            0.09994444996118546,
            0.02532336115837097,
            0.03390765190124512
        ],
        [
            0.08926211297512054,
            0.0872914046049118,
            -0.024357572197914124
        ],
        [
            0.08271028846502304,
            0.11648228019475937,
            -0.03732166066765785
        ],
        [
            0.08831430971622467,
            0.11477411538362503,
            -0.03802173584699631
        ],
        [
            0.085683174431324,
            0.09693166613578796,
            -0.041996754705905914
        ],
        [
            0.0790182501077652,
            0.09898287057876587,
            -0.041401464492082596
        ],
        [
            0.08166030049324036,
            0.09410162270069122,
            -0.022734384983778
        ],
        [
            0.08798585087060928,
            0.09091349691152573,
            -0.024235691875219345
        ],
        [
            0.0868951603770256,
            0.09297845512628555,
            -0.023764900863170624
        ],
        [
            0.08217436820268631,
            0.09642520546913147,
            -0.020623954012989998
        ],
        [
            0.07323724776506424,
            0.08702807873487473,
            0.010621615685522556
        ],
        [
            0.07511551678180695,
            0.08092305809259415,
            0.012525496073067188
        ],
        [
            0.06421756744384766,
            0.08027313649654388,
            -0.026934213936328888
        ],
        [
            0.0678027793765068,
            0.07792472839355469,
            -0.03984960913658142
        ],
        [
            0.07245547324419022,
            0.06625482439994812,
            -0.03770912438631058
        ],
        [
            0.08419877290725708,
            0.06781665980815887,
            0.003946205601096153
        ],
        [
            0.08020585775375366,
            0.07737544924020767,
            0.002974707167595625
        ],
        [
            0.0791294127702713,
            0.07656072080135345,
            0.006942656822502613
        ],
        [
            0.08708599209785461,
            0.08350081741809845,
            -0.01750199683010578
        ],
        [
            0.08495034277439117,
            0.08935416489839554,
            -0.020446646958589554
        ],
        [
            0.083048015832901,
            0.08743526041507721,
            -0.01640920713543892
        ],
        [
            0.0852833092212677,
            0.08158644288778305,
            -0.012766007333993912
        ],
        [
            0.0693773701786995,
            0.03657783567905426,
            0.034382522106170654
        ],
        [
            0.07876892387866974,
            0.04038020968437195,
            0.04027234762907028
        ],
        [
            0.09610744565725327,
            0.11906689405441284,
            -0.03241574391722679
        ],
        [
            0.0941789299249649,
            0.11630693078041077,
            -0.033888284116983414
        ],
        [
            0.08839625120162964,
            0.057317182421684265,
            0.005674456246197224
        ],
        [
            0.07841489464044571,
            0.053040992468595505,
            -0.033952679485082626
        ],
        [
            0.09357108175754547,
            0.047545433044433594,
            0.008547020144760609
        ],
        [
            0.055863164365291595,
            0.07684929668903351,
            0.014258609153330326
        ],
        [
            0.06141047179698944,
            0.08014191687107086,
            0.019202183932065964
        ],
        [
            0.06277945637702942,
            0.08610953390598297,
            0.018011391162872314
        ],
        [
            0.0578693151473999,
            0.08605702966451645,
            0.014395799487829208
        ],
        [
            0.08379614353179932,
            0.11128859966993332,
            -0.018093585968017578
        ],
        [
            0.08940726518630981,
            0.11045429855585098,
            -0.019207270815968513
        ],
        [
            0.09047174453735352,
            0.11452803015708923,
            -0.018577568233013153
        ],
        [
            0.08510423451662064,
            0.11673589795827866,
            -0.01745997741818428
        ],
        [
            0.0916590541601181,
            0.08917766809463501,
            -0.02856473997235298
        ],
        [
            0.09322326630353928,
            0.08791851997375488,
            -0.034568995237350464
        ],
        [
            0.09295882284641266,
            0.09331705421209335,
            -0.03300926834344864
        ],
        [
            0.09045867621898651,
            0.09333610534667969,
            -0.027536634355783463
        ],
        [
            0.09037864208221436,
            0.08886024355888367,
            -0.03990356996655464
        ],
        [
            0.09067058563232422,
            0.09459370374679565,
            -0.038815245032310486
        ],
        [
            0.07833056896924973,
            0.11348257958889008,
            -0.020739365369081497
        ],
        [
            0.0758855864405632,
            0.1160331591963768,
            -0.027339793741703033
        ],
        [
            0.07159941643476486,
            0.0998658761382103,
            -0.029585424810647964
        ],
        [
            0.07594037055969238,
            0.10014274716377258,
            -0.022912928834557533
        ],
        [
            0.06620828062295914,
            0.026346340775489807,
            0.005844831466674805
        ],
        [
            0.06618639081716537,
            0.025348804891109467,
            0.016980350017547607
        ],
        [
            0.06244451925158501,
            0.040116313844919205,
            0.016899868845939636
        ],
        [
            0.05732709914445877,
            0.05447864159941673,
            0.01711707003414631
        ],
        [
            0.05370515212416649,
            0.06825823336839676,
            0.01643158681690693
        ],
        [
            0.0521947480738163,
            0.06905156373977661,
            0.004383789375424385
        ],
        [
            0.06351031363010406,
            0.03818587586283684,
            0.024863865226507187
        ],
        [
            0.07261431962251663,
            0.09152781218290329,
            -0.0231630839407444
        ],
        [
            0.06892343610525131,
            0.08883979916572571,
            -0.030449332669377327
        ],
        [
            0.06738529354333878,
            0.08784163743257523,
            -0.025266949087381363
        ],
        [
            0.09330888837575912,
            0.047801423817873,
            0.01603611931204796
        ],
        [
            0.09274650365114212,
            0.11274489760398865,
            -0.03569908067584038
        ],
        [
            0.08791936188936234,
            -0.002016007900238037,
            -0.020451009273529053
        ],
        [
            0.07845081388950348,
            -0.0028110742568969727,
            -0.010367521084845066
        ],
        [
            0.07830876857042313,
            0.005529440939426422,
            -0.013308958150446415
        ],
        [
            0.0900440663099289,
            0.007076442241668701,
            -0.024399366229772568
        ],
        [
            0.0941091999411583,
            0.11011599004268646,
            -0.02429281361401081
        ],
        [
            0.0956311970949173,
            0.1107449159026146,
            -0.0303794015198946
        ],
        [
            0.07371649891138077,
            0.08138370513916016,
            0.01900157891213894
        ],
        [
            0.07184501737356186,
            0.08697881549596786,
            0.016243593767285347
        ],
        [
            0.06915728747844696,
            0.08784278482198715,
            0.018266823142766953
        ],
        [
            0.07161787152290344,
            0.0839652419090271,
            0.023269962519407272
        ],
        [
            0.0674104318022728,
            0.023755669593811035,
            0.022638171911239624
        ],
        [
            0.06038497015833855,
            0.07243871688842773,
            0.03624521940946579
        ],
        [
            0.05384049564599991,
            0.07080963253974915,
            0.02742709219455719
        ],
        [
            0.06935211271047592,
            0.012554638087749481,
            0.016607636585831642
        ],
        [
            0.0688091367483139,
            0.013085924088954926,
            0.0068299067206680775
        ],
        [
            0.0705040767788887,
            0.003541611135005951,
            0.008119655773043633
        ],
        [
            0.05574577674269676,
            0.07759667932987213,
            -0.007750753778964281
        ],
        [
            0.06662067025899887,
            0.029313713312149048,
            -0.002334747463464737
        ],
        [
            0.06989135593175888,
            0.015213936567306519,
            -0.00048448890447616577
        ],
        [
            0.07196878641843796,
            0.003901436924934387,
            0.0007200799882411957
        ],
        [
            0.0726674497127533,
            -0.0043185800313949585,
            0.002081652171909809
        ],
        [
            0.07111222296953201,
            -0.0038438141345977783,
            0.010089044459164143
        ],
        [
            0.07836880534887314,
            0.1169012114405632,
            -0.032738782465457916
        ],
        [
            0.07842937111854553,
            0.12217146158218384,
            -0.02583262138068676
        ],
        [
            0.07017696648836136,
            -0.012654662132263184,
            0.012206729501485825
        ],
        [
            0.0726172998547554,
            -0.012674190104007721,
            0.0032223714515566826
        ],
        [
            0.07250935584306717,
            0.017138630151748657,
            -0.00915853027254343
        ],
        [
            0.07771658897399902,
            0.019942335784435272,
            -0.01957937888801098
        ],
        [
            0.06944534182548523,
            0.030778884887695312,
            -0.010525884106755257
        ],
        [
            0.07382119446992874,
            0.03448816016316414,
            -0.02086351066827774
        ],
        [
            0.054651495069265366,
            0.07511234283447266,
            -0.018412349745631218
        ],
        [
            0.09005135297775269,
            0.135985866189003,
            -0.018736550584435463
        ],
        [
            0.08278374373912811,
            0.1265186220407486,
            -0.020003214478492737
        ],
        [
            0.08633998036384583,
            0.1227690652012825,
            -0.01729862205684185
        ],
        [
            0.09084925055503845,
            0.13293616473674774,
            -0.015534872189164162
        ],
        [
            0.0804799348115921,
            0.1195358857512474,
            -0.019878726452589035
        ],
        [
            0.0818123072385788,
            0.12770313024520874,
            -0.025525281205773354
        ],
        [
            0.08444692194461823,
            0.038628287613391876,
            -0.03185439854860306
        ],
        [
            0.08030868321657181,
            0.09272580593824387,
            -0.01876200921833515
        ],
        [
            0.09319350123405457,
            0.02392156422138214,
            -0.03115023858845234
        ],
        [
            0.09602393209934235,
            0.048853687942028046,
            -0.04001813381910324
        ],
        [
            0.10492053627967834,
            0.03910934552550316,
            -0.03807471692562103
        ],
        [
            0.10398013889789581,
            0.009286224842071533,
            -0.03017718717455864
        ],
        [
            0.11295467615127563,
            0.024998292326927185,
            -0.03514694422483444
        ],
        [
            0.09849928319454193,
            -0.008527375757694244,
            -0.022682122886180878
        ],
        [
            0.09946651011705399,
            0.0002963542938232422,
            -0.02577929198741913
        ],
        [
            0.12044461071491241,
            0.04206940904259682,
            -0.03453289344906807
        ],
        [
            0.10099226981401443,
            0.12378093600273132,
