{
    "pred_cam": [
        7.048111915588379,
        0.06323324143886566,
        -0.08486757427453995
    ],
    "pred_mano_params": {
        "global_orient": [
            [
                [
                    0.620086133480072,
                    -0.695725679397583,
                    0.36257264018058777
                ],
                [
                    -0.7784658670425415,
                    -0.6030081510543823,
                    0.17427578568458557
                ],
                [
                    0.09738609939813614,
                    -0.3903164267539978,
                    -0.915515661239624
                ]
            ]
        ],
        "hand_pose": [
            [
                [
                    0.9658481478691101,
                    -0.1584625393152237,
                    -0.2050049901008606
                ],
                [
                    0.1509631872177124,
                    0.9871801733970642,
                    -0.0518210269510746
                ],
                [
                    0.21058854460716248,
                    0.0191030353307724,
                    0.9773881435394287
                ]
            ],
            [
                [
                    0.6176311373710632,
                    -0.7525215148925781,
                    0.2285677045583725
                ],
                [
                    0.7839981317520142,
                    0.6121307015419006,
                    -0.10316472500562668
                ],
                [
                    -0.06227964162826538,
                    0.24291439354419708,
                    0.9680464863777161
                ]
            ],
            [
                [
                    0.6114427447319031,
                    -0.7899274826049805,
                    0.04639337584376335
                ],
                [
                    0.7912018895149231,
                    0.6094560027122498,
                    -0.050625670701265335
                ],
                [
                    0.011715888977050781,
                    0.06766123324632645,
                    0.9976395964622498
                ]
            ],
            [
                [
                    0.9703726768493652,
                    0.04195108637213707,
                    -0.2379428595304489
                ],
                [
                    -0.07236441224813461,
                    0.9900650978088379,
                    -0.12055898457765579
                ],
                [
                    0.2305213361978531,
                    0.13420575857162476,
                    0.9637678861618042
                ]
            ],
            [
                [
                    0.26233556866645813,
                    -0.9371275901794434,
                    -0.2301563173532486
                ],
                [
                    0.9521896839141846,
                    0.21268939971923828,
                    0.21931242942810059
                ],
                [
                    -0.1565719097852707,
                    -0.2766859531402588,
                    0.9481191635131836
                ]
            ],
            [
                [
                    0.690207302570343,
                    -0.7227542400360107,
                    0.03521602228283882
                ],
                [
                    0.7200572490692139,
                    0.6908209323883057,
                    0.06545228511095047
                ],
                [
                    -0.07163388282060623,
                    -0.019818097352981567,
                    0.9972341060638428
                ]
            ],
            [
                [
                    0.5759905576705933,
                    -0.7164508104324341,
                    0.39361539483070374
                ],
                [
                    0.5521973967552185,
                    0.6960548758506775,
                    0.45889607071876526
                ],
                [
                    -0.6027543544769287,
                    -0.04696642607450485,
                    0.796543300151825
                ]
            ],
            [
                [
                    0.7958704233169556,
                    -0.5822121500968933,
                    -0.16619059443473816
                ],
                [
                    0.6022957563400269,
                    0.7332375645637512,
                    0.3155984878540039
                ],
                [
                    -0.06188809871673584,
                    -0.351271390914917,
                    0.9342259764671326
                ]
            ],
            [
                [
                    0.9330971240997314,
                    -0.30520907044410706,
                    0.19020305573940277
                ],
                [
                    0.23325061798095703,
                    0.9161865711212158,
                    0.3258778154850006
                ],
                [
                    -0.2737223505973816,
                    -0.2597106695175171,
                    0.9260812401771545
                ]
            ],
            [
                [
                    0.9874792098999023,
                    -0.14501044154167175,
                    0.06210360303521156
                ],
                [
                    0.15011107921600342,
                    0.9848026633262634,
                    -0.08735224604606628
                ],
                [
                    -0.048492804169654846,
                    0.09558095782995224,
                    0.9942398071289062
                ]
            ],
            [
                [
                    0.5315155982971191,
                    -0.7893937230110168,
                    -0.30716240406036377
                ],
                [
                    0.8348475694656372,
                    0.4268765151500702,
                    0.34757155179977417
                ],
                [
                    -0.14325039088726044,
                    -0.4411735236644745,
                    0.8859149217605591
                ]
            ],
            [
                [
                    0.6318932771682739,
                    -0.7750481367111206,
                    -0.0033622339833527803
                ],
                [
                    0.7457987666130066,
                    0.606854259967804,
                    0.27479472756385803
                ],
                [
                    -0.21093875169754028,
                    -0.17614847421646118,
                    0.9614970684051514
                ]
            ],
            [
                [
                    0.9961702227592468,
                    -0.08717000484466553,
                    0.006794285960495472
                ],
                [
                    0.04383568838238716,
                    0.43068960309028625,
                    -0.9014348983764648
                ],
                [
                    0.07565183192491531,
                    0.8982805013656616,
                    0.432861328125
                ]
            ],
            [
                [
                    0.9650994539260864,
                    -0.24978451430797577,
                    -0.0786798968911171
                ],
                [
                    0.24098768830299377,
                    0.7294665575027466,
                    0.6401587724685669
                ],
                [
                    -0.10250741988420486,
                    -0.6367778778076172,
                    0.7642027735710144
                ]
            ],
            [
                [
                    0.9790013432502747,
                    0.15656323730945587,
                    -0.13055419921875
                ],
                [
                    -0.16947725415229797,
                    0.9809982180595398,
                    -0.0944448858499527
                ],
                [
                    0.11328686028718948,
                    0.11458762735128403,
                    0.9869324564933777
                ]
            ]
        ],
        "betas": [
            -0.025279223918914795,
            -0.06655135750770569,
            -0.10589712858200073,
            0.05074396729469299,
            -0.002092897891998291,
            -0.07879763096570969,
            0.12431815266609192,
            -0.12289175391197205,
            0.021966248750686646,
            -0.006440579891204834
        ]
    },
    "pred_cam_t": [
        -0.06323324143886566,
        -0.08486757427453995,
        5.542264461517334
    ],
    "focal_length": [
        5000.0,
        5000.0
    ],
    "pred_keypoints_3d": [
        [
            0.09591186791658401,
            0.006386958062648773,
            0.006207578349858522
        ],
        [
            0.1011679396033287,
            0.03902316465973854,
            -0.013644753023982048
        ],
        [
            0.10772441327571869,
            0.06910057365894318,
            -0.015709951519966125
        ],
        [
            0.10791823267936707,
            0.09625572711229324,
            -0.016694772988557816
        ],
        [
            0.10436972975730896,
            0.1314203143119812,
            -0.023488724604249
        ],
        [
            0.05223597213625908,
            0.08186083287000656,
            -0.019183002412319183
        ],
        [
            0.030963853001594543,
            0.10722479224205017,
            -0.017707334831357002
        ],
        [
            0.038149215281009674,
            0.1264236569404602,
            -0.008955015800893307
        ],
        [
            0.058465756475925446,
            0.13255169987678528,
            0.004240669310092926
        ],
        [
            0.036872658878564835,
            0.08052347600460052,
            0.0007248981855809689
        ],
        [
            0.01120196282863617,
            0.09801483154296875,
            0.007289268542081118
        ],
        [
            0.022502316161990166,
            0.11470672488212585,
            0.019054275006055832
        ],
        [
            0.04543938860297203,
            0.12375304102897644,
            0.024676311761140823
        ],
        [
            0.038192931562662125,
            0.06787439435720444,
            0.02426251955330372
        ],
        [
            0.020363913848996162,
            0.09060180932283401,
            0.025290558114647865
        ],
        [
            0.03188546001911163,
            0.10858641564846039,
            0.03802971541881561
        ],
        [
            0.05515843629837036,
            0.11619974672794342,
            0.04282892495393753
        ],
        [
            0.04441281408071518,
            0.058542728424072266,
            0.04296483099460602
        ],
        [
            0.0458439476788044,
            0.079261414706707,
            0.047059785574674606
        ],
        [
            0.05929042771458626,
            0.09065093100070953,
            0.05419943109154701
        ],
        [
            0.0769837498664856,
            0.09797470271587372,
            0.056251831352710724
        ]
    ],
    "pred_vertices": [
        [
            0.08296993374824524,
            0.0588778555393219,
            -0.006672058254480362
        ],
        [
            0.08987824618816376,
            0.05142884701490402,
            -0.004117093048989773
        ],
        [
            0.0918489396572113,
            0.06067619100213051,
            -0.006335483863949776
        ],
        [
            0.08468742668628693,
            0.06683148443698883,
            -0.011161623522639275
        ],
        [
            0.10997918248176575,
            0.04965518042445183,
            0.001356394961476326
        ],
        [
            0.1188584566116333,
            0.04588552936911583,
            -0.005508089438080788
        ],
        [
            0.11831776797771454,
            0.062102675437927246,
            -0.0069398097693920135
        ],
        [
            0.11179041862487793,
            0.06351277232170105,
            0.00016150809824466705
        ],
        [
            0.08543258905410767,
            0.0730208307504654,
            -0.014959615655243397
        ],
        [
            0.09374654293060303,
            0.0686524510383606,
            -0.007761958986520767
        ],
        [
            0.08630499243736267,
            0.07399999350309372,
            -0.017780182883143425
        ],
        [
            0.07337283343076706,
            0.07308486849069595,
            -0.027484117075800896
        ],
        [
            0.07588952779769897,
            0.07478608191013336,
            -0.021849647164344788
        ],
        [
            0.06463036686182022,
            0.07500314712524414,
            -0.029967935755848885
        ],
        [
            0.07172787934541702,
            0.06320465356111526,
            -0.031928278505802155
        ],
        [
            0.05772770196199417,
            0.06842067092657089,
            -0.030553024262189865
        ],
        [
            0.05581581965088844,
            0.042052481323480606,
            -0.016152171418070793
        ],
        [
            0.05266721174120903,
            0.03623701259493828,
            -0.004053205717355013
        ],
        [
            0.04315541684627533,
            0.04917466267943382,
            -0.0034767845645546913
        ],
        [
            0.04757710546255112,
            0.05426742509007454,
            -0.015372974798083305
        ],
        [
            0.04524335637688637,
            0.040184881538152695,
            0.014917673543095589
        ],
        [
            0.043270278722047806,
            0.0456714928150177,
            0.004837563261389732
        ],
        [
            0.052303023636341095,
            0.03198755159974098,
            0.003860787022858858
        ],
        [
            0.053923942148685455,
            0.027771878987550735,
            0.013031477108597755
        ],
        [
            0.0812724232673645,
            0.04761989042162895,
            0.005173066630959511
        ],
        [
            0.08818690478801727,
            0.03982475772500038,
            0.006808164529502392
        ],
        [
            0.08800218999385834,
            0.04307790845632553,
            0.001459428109228611
        ],
        [
            0.08200609683990479,
            0.050645336508750916,
            0.00026978086680173874
        ],
        [
            0.09601754695177078,
            0.07640711218118668,
            -0.021932072937488556
        ],
        [
            0.09082357585430145,
            0.0646512433886528,
            -0.02928183041512966
        ],
        [
            0.08625804632902145,
            0.06968878954648972,
            -0.024977970868349075
        ],
        [
            0.09554170072078705,
            0.07848026603460312,
            -0.016617892310023308
        ],
        [
            0.10720760375261307,
            0.021887674927711487,
            0.02088393270969391
        ],
        [
            0.11129461228847504,
            0.009398706257343292,
            0.017517011612653732
        ],
        [
            0.11245967447757721,
            0.010587058961391449,
            0.011830100789666176
        ],
        [
            0.10797251760959625,
            0.021508678793907166,
            0.01587219163775444
        ],
        [
            0.11750263720750809,
            0.0237744003534317,
            -0.004075363278388977
        ],
        [
            0.11724112182855606,
            0.01345515251159668,
            -0.005226495675742626
        ],
        [
            0.11759702861309052,
            0.006795480847358704,
            -0.01677924394607544
        ],
        [
            0.11665250360965729,
            0.017067350447177887,
            -0.018534697592258453
        ],
        [
            0.11796291172504425,
            0.03520219773054123,
            -0.004699330776929855
        ],
        [
            0.11941374838352203,
            0.030095919966697693,
            -0.01729549840092659
        ],
        [
            0.12047670781612396,
            0.04262511804699898,
            -0.01628914102911949
        ],
        [
            0.11930126696825027,
            0.06003165990114212,
            -0.01592881977558136
        ],
        [
            0.10634761303663254,
            0.004915289580821991,
            0.028491366654634476
        ],
        [
            0.10310593247413635,
            0.013612516224384308,
            0.03277278691530228
        ],
        [
            0.04356470704078674,
            0.1113031655550003,
            -0.017596978694200516
        ],
        [
            0.042584776878356934,
            0.11046925187110901,
            -0.011635581031441689
        ],
        [
            0.043716367334127426,
            0.10843943059444427,
            -0.012389905750751495
        ],
        [
            0.04418523237109184,
            0.10974597930908203,
            -0.018105393275618553
        ],
        [
            0.08758656680583954,
            -0.0005865767598152161,
            0.033868178725242615
        ],
        [
            0.08006115257740021,
            -0.005222335457801819,
            0.02898368425667286
        ],
        [
            0.08522065728902817,
            -0.01020859181880951,
            0.030237913131713867
        ],
        [
            0.09302820265293121,
            -0.005769222974777222,
            0.033013686537742615
        ],
        [
            0.08044610917568207,
            0.00631587952375412,
            0.034949272871017456
        ],
        [
            0.0734582245349884,
            0.002186588943004608,
            0.027053236961364746
        ],
        [
            0.032454684376716614,
            0.11435829102993011,
            -0.023482153192162514
        ],
        [
            0.0376756377518177,
            0.11432120203971863,
            -0.02370886132121086
        ],
        [
            0.036666709929704666,
            0.11046858131885529,
            -0.02518453449010849
        ],
        [
            0.03154616802930832,
            0.10898464918136597,
            -0.0244673453271389
        ],
        [
            0.07733418047428131,
            0.07212672382593155,
            -0.015480361878871918
        ],
        [
            0.07711461186408997,
            0.0663147047162056,
            -0.008132051676511765
        ],
        [
            0.06317195296287537,
            0.08500839024782181,
            -0.016142847016453743
        ],
        [
            0.06818529963493347,
            0.0763409361243248,
            -0.01227303221821785
        ],
        [
            0.07028467208147049,
            0.07738186419010162,
            -0.0191328302025795
        ],
        [
            0.06478012353181839,
            0.08345703035593033,
            -0.022305374965071678
        ],
        [
            0.06503944098949432,
            0.06359084695577621,
            0.0077152010053396225
        ],
        [
            0.07265046238899231,
            0.05452119931578636,
            0.007604784332215786
        ],
        [
            0.07296241819858551,
            0.0580592043697834,
            0.0019237040542066097
        ],
        [
            0.06562855839729309,
            0.06889869272708893,
            0.0008674315176904202
        ],
        [
            0.07247385382652283,
            0.05038049817085266,
            0.021176336333155632
        ],
        [
            0.06466981023550034,
            0.059366606175899506,
            0.020012691617012024
        ],
        [
            0.06549407541751862,
            0.05592041090130806,
            0.027825720608234406
        ],
        [
            0.071621835231781,
            0.05073247104883194,
            0.027644382789731026
        ],
        [
            0.051188088953495026,
            0.07602640241384506,
            0.01507045142352581
        ],
        [
            0.04375264793634415,
            0.08064163476228714,
            0.013669250532984734
        ],
        [
            0.04303659498691559,
            0.07957436889410019,
            0.01674407534301281
        ],
        [
            0.05071664974093437,
            0.07397429645061493,
            0.018262770026922226
        ],
        [
            0.08963954448699951,
            -0.015723101794719696,
            0.03062322363257408
        ],
        [
            0.09805816411972046,
            -0.010711491107940674,
            0.031228408217430115
        ],
        [
            0.04908391088247299,
            0.033959660679101944,
            0.03517738729715347
        ],
        [
            0.05683131515979767,
            0.0325242318212986,
            0.04294493794441223
        ],
        [
            0.04837246239185333,
            0.042593128979206085,
            0.04655226320028305
        ],
        [
            0.041954152286052704,
            0.041212037205696106,
            0.03716931492090225
        ],
        [
            0.07504134625196457,
            -0.006178028881549835,
            0.01993621326982975
        ],
        [
            0.07890848815441132,
            -0.012386463582515717,
            0.022709891200065613
        ],
        [
            0.027661653235554695,
            0.11337053030729294,
            -0.01955432817339897
        ],
        [
            0.027079403400421143,
            0.10776100307703018,
            -0.02022572234272957
        ],
        [
            0.11357254534959793,
            0.03695841133594513,
            -0.027401622384786606
        ],
        [
            0.11513525247573853,
            0.058119967579841614,
            -0.024686556309461594
        ],
        [
            0.11126775294542313,
            0.02100345492362976,
            -0.027010347694158554
        ],
        [
            0.10891109704971313,
            0.010080993175506592,
            -0.02523805946111679
        ],
        [
            0.10977310687303543,
            0.0011625736951828003,
            -0.02418844774365425
        ],
        [
            0.0640806183218956,
            0.07797200977802277,
            -0.006910619791597128
        ],
        [
            0.07715922594070435,
            0.05878162384033203,
            -0.0024042781442403793
        ],
        [
            0.08092519640922546,
            0.045541729778051376,
            0.009953618049621582
        ],
        [
            0.07873310148715973,
            0.041044652462005615,
            0.040449030697345734
        ],
        [
            0.08616083860397339,
            0.033511288464069366,
            0.040095046162605286
        ],
        [
            0.08609712868928909,
            0.03967822343111038,
            0.031314969062805176
        ],
        [
            0.07911820709705353,
            0.04464653879404068,
            0.03323788195848465
        ],
        [
            0.06395664066076279,
            0.03754100203514099,
            0.04757291078567505
        ],
        [
            0.06839460879564285,
            0.04395507648587227,
            0.045522864907979965
        ],
        [
            0.06191173940896988,
            0.05004620924592018,
            0.04626229777932167
        ],
        [
            0.056436702609062195,
            0.04534119367599487,
            0.049162931740283966
        ],
        [
            0.10121476650238037,
            0.07561419904232025,
            -0.027290960773825645
        ],
        [
            0.09672300517559052,
            0.060879554599523544,
            -0.03236301615834236
        ],
        [
            0.09620461612939835,
            0.005398288369178772,
            0.03534139320254326
        ],
        [
            0.101137176156044,
            0.00028727948665618896,
            0.03206110745668411
        ],
        [
            0.10466659069061279,
            -0.00702415406703949,
            0.029543861746788025
        ],
        [
            0.0983402281999588,
            0.031349584460258484,
            0.012736737728118896
        ],
        [
            0.10853767395019531,
            0.021295860409736633,
            0.0123912263661623
        ],
        [
            0.10903054475784302,
            0.02314499393105507,
            0.0085428636521101
        ],
        [
            0.09733909368515015,
            0.03192513436079025,
            0.009131785482168198
        ],
        [
            0.09760678559541702,
            0.044243671000003815,
            0.0010471008718013763
        ],
        [
            0.1085236668586731,
            0.03685050830245018,
            0.0026201196014881134
        ],
        [
            0.09942640364170074,
            0.05517851188778877,
            0.0009612515568733215
        ],
        [
            0.11500200629234314,
            0.010772913694381714,
            0.004115365445613861
        ],
        [
            0.11770911514759064,
            0.001897953450679779,
            0.010035104118287563
        ],
        [
            0.11931789666414261,
            0.002840958535671234,
            0.0013364749029278755
        ],
        [
            0.11429812014102936,
            -0.0009494274854660034,
            0.018775269389152527
        ],
        [
            0.10987651348114014,
            -0.0039541348814964294,
            0.025907356292009354
        ],
        [
            0.08110269904136658,
            -0.02051207423210144,
            0.023767847567796707
        ],
        [
            0.11923302710056305,
            0.0037484541535377502,
            -0.00693933293223381
        ],
        [
            0.11235515773296356,
            0.07299051433801651,
            -0.003277393989264965
        ],
        [
            0.11302972584962845,
            0.08128127455711365,
            -0.0067940931767225266
        ],
        [
            0.10579343885183334,
            0.08132078498601913,
            -0.0053523629903793335
        ],
        [
            0.10438650846481323,
            0.07387721538543701,
            -0.002499477006494999
        ],
        [
            0.05560885742306709,
            0.079537034034729,
            -0.031037116423249245
        ],
        [
            0.06151224300265312,
            0.08310482650995255,
            -0.027639029547572136
        ],
        [
            0.06987360119819641,
            0.07697272300720215,
            -0.026121513918042183
        ],
        [
            0.09967704117298126,
            0.028976362198591232,
            0.026285037398338318
        ],
        [
            0.09668327122926712,
            0.021712858229875565,
            0.03622160851955414
        ],
        [
            0.05846474692225456,
            0.08632217347621918,
            -0.011213410645723343
        ],
        [
            0.03159773349761963,
            0.10437019169330597,
            -0.025689376518130302
        ],
        [
            0.037251006811857224,
            0.10644494742155075,
            -0.026681125164031982
        ],
        [
            0.04516071081161499,
            0.09187205880880356,
            -0.02948160469532013
        ],
        [
            0.03889811784029007,
            0.08923012018203735,
            -0.02846192941069603
        ],
        [
            0.046505726873874664,
            0.089080810546875,
            -0.009527909569442272
        ],
        [
            0.053437378257513046,
            0.08976778388023376,
            -0.01154417172074318
        ],
        [
            0.05035414546728134,
            0.09110967069864273,
            -0.011377612128853798
        ],
        [
            0.04460953176021576,
            0.09102990478277206,
            -0.00814096350222826
        ],
        [
            0.04525338113307953,
            0.07520255446434021,
            0.024694453924894333
        ],
        [
            0.05210410803556442,
            0.07005956768989563,
            0.02591266669332981
        ],
        [
            0.04086359217762947,
            0.06839834898710251,
            -0.012772985734045506
        ],
        [
            0.04436061158776283,
            0.06783242523670197,
            -0.025589879602193832
        ],
        [
            0.051882293075323105,
            0.05970761924982071,
            -0.025413701310753822
        ],
        [
            0.06507666409015656,
            0.06036793440580368,
            0.014475947245955467
        ],
        [
            0.058107782155275345,
            0.06856260448694229,
            0.015432504937052727
        ],
        [
            0.05767754837870598,
            0.06694561243057251,
            0.01927194930613041
        ],
        [
            0.06007213145494461,
            0.07969304919242859,
            -0.004293120000511408
        ],
        [
            0.05430718883872032,
            0.08580321073532104,
            -0.006634874269366264
        ],
        [
            0.05445750802755356,
            0.08236835896968842,
            -0.002234744606539607
        ],
        [
            0.05961701273918152,
            0.07617510110139847,
            0.00017702719196677208
        ],
        [
            0.06466919928789139,
            0.02210775390267372,
            0.04025585204362869
        ],
        [
            0.07284043729305267,
            0.028020121157169342,
            0.04608091339468956
        ],
        [
            0.0417557992041111,
            0.1129850521683693,
            -0.021762162446975708
        ],
        [
            0.04155035316944122,
            0.11062676459550858,
            -0.022828469052910805
        ],
        [
            0.0725354552268982,
            0.051552243530750275,
            0.014221742749214172
        ],
        [
            0.06103434041142464,
            0.04917896166443825,
            -0.02484271675348282
        ],
        [
            0.08081686496734619,
            0.04366183280944824,
            0.015173043124377728
        ],
        [
            0.03727758675813675,
            0.05650236830115318,
            0.02749352902173996
        ],
        [
            0.041015904396772385,
            0.061447471380233765,
            0.03285255283117294
        ],
        [
            0.037005700170993805,
            0.06650914996862411,
            0.03126440942287445
        ],
        [
            0.03259718045592308,
            0.06333544850349426,
            0.027697928249835968
        ],
        [
            0.03660297393798828,
            0.10187725722789764,
            -0.006115894764661789
        ],
        [
            0.041351497173309326,
            0.10478083789348602,
            -0.007555757649242878
        ],
        [
            0.0402798168361187,
            0.10668916255235672,
            -0.007414991967380047
        ],
        [
            0.03463656082749367,
            0.10537827014923096,
            -0.0057462053373456
        ],
        [
            0.05687868222594261,
            0.09020905196666718,
            -0.01633547805249691
        ],
        [
            0.05857604742050171,
            0.08937021344900131,
            -0.022622467949986458
        ],
        [
            0.05378386378288269,
            0.09420038014650345,
            -0.021211989223957062
        ],
        [
            0.05240124091506004,
            0.09316976368427277,
            -0.015570741146802902
        ],
        [
            0.05456255376338959,
            0.08842107653617859,
            -0.027821218594908714
        ],
        [
            0.05070102959871292,
            0.09338091313838959,
            -0.026743287220597267
        ],
        [
            0.030692096799612045,
            0.09999530017375946,
            -0.008273732848465443
        ],
        [
            0.026697365567088127,
            0.10044386982917786,
            -0.014822551049292088
        ],
        [
            0.03358842805027962,
            0.0861530601978302,
            -0.016048826277256012
        ],
        [
            0.037274040281772614,
            0.08944529294967651,
            -0.010005665011703968
        ],
        [
            0.06170815974473953,
            0.015101082623004913,
            0.010838393121957779
        ],
        [
            0.06317881494760513,
            0.012721188366413116,
            0.021638134494423866
        ],
        [
            0.05523372441530228,
            0.02524041384458542,
            0.02411438338458538
        ],
        [
            0.04659692943096161,
            0.036782652139663696,
            0.026853088289499283
        ],
        [
            0.03960072994232178,
            0.048501692712306976,
            0.028718197718262672
        ],
        [
            0.03755577653646469,
            0.049630530178546906,
            0.016985459253191948
        ],
        [
            0.05762689933180809,
            0.022816121578216553,
            0.03152702376246452
        ],
        [
            0.03965141624212265,
            0.08179725706577301,
            -0.009095881134271622
        ],
        [
            0.03959176689386368,
            0.07693050801753998,
            -0.016423184424638748
        ],
        [
            0.038299594074487686,
            0.07534625381231308,
            -0.011164340190589428
        ],
        [
            0.08131249248981476,
            0.042851611971855164,
            0.022590747103095055
        ],
        [
            0.042104385793209076,
            0.10773463547229767,
            -0.02448524720966816
        ],
        [
            0.08800305426120758,
            -0.0009482204914093018,
            -0.02079288847744465
        ],
        [
            0.08050787448883057,
            -0.005910322070121765,
            -0.010489329695701599
        ],
        [
            0.07740902900695801,
            0.00213652104139328,
            -0.011991152539849281
        ],
        [
            0.08657336235046387,
            0.00845269113779068,
            -0.023302102461457253
        ],
        [
            0.04498791694641113,
            0.10742492973804474,
            -0.01299257017672062
        ],
        [
            0.04567641764879227,
            0.1082393229007721,
            -0.01927230879664421
        ],
        [
            0.05106719210743904,
            0.06880452483892441,
            0.032247040420770645
        ],
        [
            0.04442637413740158,
            0.07319523394107819,
            0.03007388301193714
        ],
        [
            0.04107353091239929,
            0.0719740241765976,
            0.032018013298511505
        ],
        [
            0.04799802601337433,
            0.06933863461017609,
            0.037086039781570435
        ],
        [
            0.06542045623064041,
            0.010908298194408417,
            0.02685897797346115
        ],
        [
            0.04574616253376007,
            0.051453858613967896,
            0.04905496537685394
        ],
        [
            0.039295345544815063,
            0.04922361671924591,
            0.04057332128286362
        ],
        [
            0.07007010281085968,
            0.001879185438156128,
            0.019059928134083748
        ],
        [
            0.06833373010158539,
            0.0034725069999694824,
            0.009550062008202076
        ],
        [
            0.07306571304798126,
            -0.005008958280086517,
            0.00920482911169529
        ],
        [
            0.03553244471549988,
            0.060257963836193085,
            0.0057866317220032215
        ],
        [
            0.06027669459581375,
            0.019040405750274658,
            0.0032437420450150967
        ],
        [
            0.06790117174386978,
            0.006769627332687378,
            0.0026285219937562943
        ],
        [
            0.07351797074079514,
            -0.0032335519790649414,
            0.001875189132988453
        ],
        [
            0.07691687345504761,
            -0.010807879269123077,
            0.0018607366364449263
        ],
        [
            0.07620271295309067,
            -0.011899702250957489,
            0.009930789470672607
        ],
        [
            0.02790684625506401,
            0.10230161994695663,
            -0.020788058638572693
        ],
        [
            0.024957358837127686,
            0.10643630474805832,
            -0.013499402441084385
        ],
        [
            0.07832489162683487,
            -0.02065417170524597,
            0.010673604905605316
        ],
        [
            0.07961268723011017,
            -0.018708959221839905,
            0.0016646548174321651
        ],
        [
            0.06879245489835739,
            0.010549560189247131,
            -0.005741479806602001
        ],
        [
            0.07159337401390076,
            0.016102299094200134,
            -0.01578362099826336
        ],
        [
            0.061537966132164,
            0.02238740772008896,
            -0.004710112698376179
        ],
        [
            0.06336431205272675,
            0.02862340211868286,
            -0.014527813531458378
        ],
        [
            0.03701799735426903,
            0.058583877980709076,
            -0.004451039247214794
        ],
        [
            0.030130768194794655,
            0.12266106903553009,
            -0.0053900787606835365
        ],
        [
            0.027681635692715645,
            0.11168079078197479,
            -0.007362613454461098
        ],
        [
            0.032983869314193726,
            0.10999928414821625,
            -0.0054347338154911995
        ],
        [
            0.0327351875603199,
            0.1201956570148468,
            -0.0027854004874825478
        ],
        [
            0.029048819094896317,
            0.10518966615200043,
            -0.007611203007400036
        ],
        [
            0.02560289017856121,
            0.11241741478443146,
            -0.012705469503998756
        ],
        [
            0.07097915560007095,
            0.037237074226140976,
            -0.025508690625429153
        ],
        [
            0.046758029609918594,
            0.08719907701015472,
            -0.00415126234292984
        ],
        [
            0.08351866900920868,
            0.025668948888778687,
            -0.027606938034296036
        ],
        [
            0.07888458669185638,
            0.05179481953382492,
            -0.03368914872407913
        ],
        [
            0.09021516889333725,
            0.04429183900356293,
            -0.0339120551943779
        ],
        [
            0.09792826324701309,
            0.014764808118343353,
            -0.029638536274433136
        ],
        [
            0.10154036432504654,
            0.0320030078291893,
            -0.03348008170723915
        ],
        [
            0.09974735230207443,
            -0.0033849775791168213,
            -0.024715162813663483
        ],
        [
            0.09729567170143127,
            0.005112417042255402,
            -0.02641240693628788
        ],
        [
            0.10545824468135834,
            0.04983038455247879,
            -0.03249187022447586
        ],
