{
    "pred_cam": [
        10.574121475219727,
        0.12896300852298737,
        -0.039945755153894424
    ],
    "pred_mano_params": {
        "global_orient": [
            [
                [
                    -0.8106626272201538,
                    0.12112455815076828,
                    -0.5728480219841003
                ],
                [
                    -0.14329281449317932,
                    -0.9896591305732727,
                    -0.006476231850683689
                ],
                [
                    -0.5677087306976318,
                    0.07683496922254562,
                    0.8196359276771545
                ]
            ]
        ],
        "hand_pose": [
            [
                [
                    0.5662084221839905,
                    -0.7280235290527344,
                    -0.38650959730148315
                ],
                [
                    0.6962679624557495,
                    0.6734126806259155,
                    -0.2484477311372757
                ],
                [
                    0.4411562383174896,
                    -0.12844102084636688,
                    0.8881914019584656
                ]
            ],
            [
                [
                    0.5560923218727112,
                    -0.7838113903999329,
                    0.2764072120189667
                ],
                [
                    0.8273754715919495,
                    0.49053916335105896,
                    -0.2735344469547272
                ],
                [
                    0.07881085574626923,
                    0.3808029592037201,
                    0.9212914109230042
                ]
            ],
            [
                [
                    0.8876776695251465,
                    -0.41449299454689026,
                    0.20055881142616272
                ],
                [
                    0.3912397623062134,
                    0.9086061716079712,
                    0.14617173373699188
                ],
                [
                    -0.24281613528728485,
                    -0.05128679424524307,
                    0.9687155485153198
                ]
            ],
            [
                [
                    0.13341739773750305,
                    -0.9162263870239258,
                    -0.3777948021888733
                ],
                [
                    0.9888685941696167,
                    0.14840635657310486,
                    -0.010697642341256142
                ],
                [
                    0.06586860120296478,
                    -0.3721621632575989,
                    0.9258275032043457
                ]
            ],
            [
                [
                    0.4755108654499054,
                    -0.8503344655036926,
                    -0.225434347987175
                ],
                [
                    0.8793715238571167,
                    0.4523496925830841,
                    0.14861170947551727
                ],
                [
                    -0.024394512176513672,
                    -0.2689070403575897,
                    0.9628571271896362
                ]
            ],
            [
                [
                    0.7470349073410034,
                    -0.6460602283477783,
                    0.1566684991121292
                ],
                [
                    0.6436471343040466,
                    0.7618651986122131,
                    0.07266249507665634
                ],
                [
                    -0.16630461812019348,
                    0.04655780643224716,
                    0.98497474193573
                ]
            ],
            [
                [
                    0.17507107555866241,
                    -0.9703376889228821,
                    -0.16671831905841827
                ],
                [
                    0.7074838876724243,
                    0.006224427372217178,
                    0.7067020535469055
                ],
                [
                    -0.6847018599510193,
                    -0.24167363345623016,
                    0.6875879764556885
                ]
            ],
            [
                [
                    0.5067343711853027,
                    -0.8169094324111938,
                    -0.2754618525505066
                ],
                [
                    0.7101186513900757,
                    0.21434390544891357,
                    0.670662522315979
                ],
                [
                    -0.48882701992988586,
                    -0.5354583263397217,
                    0.6887180209159851
                ]
            ],
            [
                [
                    0.8798664808273315,
                    -0.4741930067539215,
                    -0.031240129843354225
                ],
                [
                    0.34819358587265015,
                    0.5985439419746399,
                    0.721461296081543
                ],
                [
                    -0.32341328263282776,
                    -0.6456672549247742,
                    0.6917496919631958
                ]
            ],
            [
                [
                    -0.03374519944190979,
                    -0.9986945986747742,
                    -0.03834579512476921
                ],
                [
                    0.9692222476005554,
                    -0.042062968015670776,
                    0.24256747961044312
                ],
                [
                    -0.2438637614250183,
                    -0.028980104252696037,
                    0.9693764448165894
                ]
            ],
            [
                [
                    0.4943622052669525,
                    -0.8408994674682617,
                    -0.2202140837907791
                ],
                [
                    0.7423592805862427,
                    0.2766239643096924,
                    0.6102310419082642
                ],
                [
                    -0.4522264003753662,
                    -0.46515312790870667,
                    0.7610019445419312
                ]
            ],
            [
                [
                    0.7506956458091736,
                    -0.6581175923347473,
                    0.057769373059272766
                ],
                [
                    0.6053512096405029,
                    0.7202473282814026,
                    0.3388122618198395
                ],
                [
                    -0.26458656787872314,
                    -0.21937412023544312,
                    0.9390788078308105
                ]
            ],
            [
                [
                    0.9687552452087402,
                    0.026377296075224876,
                    -0.24661196768283844
                ],
                [
                    -0.225377157330513,
                    0.5086826682090759,
                    -0.8309314250946045
                ],
                [
                    0.10352952033281326,
                    0.8605499267578125,
                    0.49873384833335876
                ]
            ],
            [
                [
                    0.9726855754852295,
                    -0.19431649148464203,
                    -0.12697984278202057
                ],
                [
                    0.23204264044761658,
                    0.8286665081977844,
                    0.509380042552948
                ],
                [
                    0.006243027746677399,
                    -0.5249313712120056,
                    0.8511216640472412
                ]
            ],
            [
                [
                    0.44737598299980164,
                    -0.8894710540771484,
                    -0.0932522639632225
                ],
                [
                    0.19489452242851257,
                    0.19872288405895233,
                    -0.9604818224906921
                ],
                [
                    0.872852087020874,
                    0.41152217984199524,
                    0.2622568905353546
                ]
            ]
        ],
        "betas": [
            -0.05425304174423218,
            -0.011606842279434204,
            0.01954522728919983,
            0.02555111050605774,
            0.028927922248840332,
            0.001530718058347702,
            0.004286825656890869,
            -0.02209332585334778,
            0.03253564238548279,
            -0.02128162980079651
        ]
    },
    "pred_cam_t": [
        -0.12896300852298737,
        -0.039945755153894424,
        3.694160223007202
    ],
    "focal_length": [
        5000.0,
        5000.0
    ],
    "pred_keypoints_3d": [
        [
            0.09591697156429291,
            0.006405620835721493,
            0.0061996374279260635
        ],
        [
            0.0987459123134613,
            0.025122027844190598,
            0.03995192050933838
        ],
        [
            0.11103125661611557,
            0.043327122926712036,
            0.061642665416002274
        ],
        [
            0.1288195252418518,
            0.05552344769239426,
            0.07813341915607452
        ],
        [
            0.14665096998214722,
            0.07075689733028412,
            0.05475696176290512
        ],
        [
            0.15502166748046875,
            0.024085890501737595,
            0.07297591120004654
        ],
        [
            0.17804297804832458,
            0.0478164367377758,
            0.07339820265769958
        ],
        [
            0.1715516746044159,
            0.06654611974954605,
            0.06331305205821991
        ],
        [
            0.15572860836982727,
            0.08300752937793732,
            0.054116390645504
        ],
        [
            0.174624502658844,
            0.021481430158019066,
            0.05721636116504669
        ],
        [
            0.17849521338939667,
            0.05230151116847992,
            0.050491709262132645
        ],
        [
            0.15860265493392944,
            0.061334747821092606,
            0.04234343767166138
        ],
        [
            0.1333850920200348,
            0.06032450124621391,
            0.0414758138358593
        ],
        [
            0.17722144722938538,
            0.022221475839614868,
            0.030486425384879112
        ],
        [
            0.17337563633918762,
            0.05086479336023331,
            0.030371027067303658
        ],
        [
            0.1495826244354248,
            0.05346573516726494,
            0.02376372180879116
        ],
        [
            0.12637893855571747,
            0.04423782229423523,
            0.02501879632472992
        ],
        [
            0.1754714995622635,
            0.026435721665620804,
            0.009053448215126991
        ],
        [
            0.17192648351192474,
            0.04726589098572731,
            0.010495680384337902
        ],
        [
            0.15315428376197815,
            0.04743985831737518,
            0.007548403926193714
        ],
        [
            0.1376260221004486,
            0.03423890471458435,
            0.010290857404470444
        ]
    ],
    "pred_vertices": [
        [
            0.12525857985019684,
            0.02986738085746765,
            0.046421222388744354
        ],
        [
            0.11725105345249176,
            0.029601607471704483,
            0.03939848765730858
        ],
        [
            0.12037323415279388,
            0.03475802019238472,
            0.04734748229384422
        ],
        [
            0.1262531280517578,
            0.0336947925388813,
            0.0547339953482151
        ],
        [
            0.10550661385059357,
            0.04414021223783493,
            0.03573012724518776
        ],
        [
            0.09388812631368637,
            0.045212432742118835,
            0.038758665323257446
        ],
        [
            0.10358371585607529,
            0.05207085981965065,
            0.05088181048631668
        ],
        [
            0.1123860627412796,
            0.05097753554582596,
            0.04633357748389244
        ],
        [
            0.12789534032344818,
            0.035127848386764526,
            0.06204036623239517
        ],
        [
            0.1233757957816124,
            0.039184682071208954,
            0.05403810366988182
        ],
        [
            0.12723012268543243,
            0.032371774315834045,
            0.06561785191297531
        ],
        [
            0.13180270791053772,
            0.023568198084831238,
            0.07355768233537674
        ],
        [
            0.13270717859268188,
            0.029621094465255737,
            0.06906463950872421
        ],
        [
            0.1385250687599182,
            0.020287800580263138,
            0.07755426317453384
        ],
        [
            0.12649577856063843,
            0.013911728747189045,
            0.07204221934080124
        ],
        [
            0.1417255848646164,
            0.011190477758646011,
            0.07628630846738815
        ],
        [
            0.1359807699918747,
            -0.0016433876007795334,
            0.04916062206029892
        ],
        [
            0.14090457558631897,
            -0.002840731292963028,
            0.03628100827336311
        ],
        [
            0.1574617624282837,
            -0.00038800761103630066,
            0.04471128433942795
        ],
        [
            0.15039099752902985,
            0.0016371086239814758,
            0.05681786686182022
        ],
        [
            0.15876106917858124,
            0.0018435250967741013,
            0.023505384102463722
        ],
        [
            0.158700093626976,
            0.0009216237813234329,
            0.03555535897612572
        ],
        [
            0.1425117403268814,
            -0.002996440976858139,
            0.02726702019572258
        ],
        [
            0.14310088753700256,
            -0.0016374178230762482,
            0.01702309399843216
        ],
        [
            0.12619425356388092,
            0.02643759734928608,
            0.030755862593650818
        ],
        [
            0.11754551529884338,
            0.025861483067274094,
            0.024125948548316956
        ],
        [
            0.11674556136131287,
            0.025716518983244896,
            0.030020613223314285
        ],
        [
            0.1249351054430008,
            0.026894303038716316,
            0.03625771403312683
        ],
        [
            0.12057184427976608,
            0.03500061482191086,
            0.07044384628534317
        ],
        [
            0.11386227607727051,
            0.02525603584945202,
            0.06934501230716705
        ],
        [
            0.12172695249319077,
            0.026554835960268974,
            0.06900925189256668
        ],
        [
            0.12438890337944031,
            0.037616878747940063,
            0.0676669329404831
        ],
        [
            0.10014934092760086,
            0.02994750440120697,
            0.0009441971778869629
        ],
        [
            0.08983265608549118,
            0.022168144583702087,
            -0.0033869072794914246
        ],
        [
            0.08709722012281418,
            0.021715015172958374,
            0.0018569305539131165
        ],
        [
            0.09724418818950653,
            0.028422631323337555,
            0.004778500646352768
        ],
        [
            0.0824812650680542,
            0.02979687601327896,
            0.022441215813159943
        ],
        [
            0.07761766761541367,
            0.020941631868481636,
            0.017325084656476974
        ],
        [
            0.0696854516863823,
            0.01166640967130661,
            0.02338007465004921
        ],
        [
            0.07456208765506744,
            0.018054954707622528,
            0.03086484596133232
        ],
        [
            0.08812690526247025,
            0.038406532257795334,
            0.03049631044268608
        ],
        [
            0.07933980226516724,
            0.030058356001973152,
            0.03768910840153694
        ],
        [
            0.08639895915985107,
            0.03952094912528992,
            0.0454731211066246
        ],
        [
            0.09751728922128677,
            0.04755038768053055,
            0.05679769814014435
        ],
        [
            0.09611744433641434,
            0.020031455904245377,
            -0.014429029077291489
        ],
        [
            0.10443244129419327,
            0.025998571887612343,
            -0.013027213513851166
        ],
        [
            0.1638936549425125,
            0.05225953832268715,
            0.07191088050603867
        ],
        [
            0.1651976853609085,
            0.05152855068445206,
            0.0658620297908783
        ],
        [
            0.16363634169101715,
            0.049282997846603394,
            0.06683101505041122
        ],
        [
            0.16293016076087952,
            0.05034186691045761,
            0.07257657498121262
        ],
        [
            0.11063819378614426,
            0.006799979135394096,
            -0.01989695429801941
        ],
        [
            0.11241289228200912,
            -0.002824924886226654,
            -0.01739509031176567
        ],
        [
            0.10648980736732483,
            -0.0028502698987722397,
            -0.02170661836862564
        ],
        [
            0.10353510826826096,
            0.006078056991100311,
            -0.022577695548534393
        ],
        [
            0.12000888586044312,
            0.0076945070177316666,
            -0.016360070556402206
        ],
        [
            0.12036439776420593,
            -0.002278881147503853,
            -0.0110585056245327
        ],
        [
            0.17501075565814972,
            0.05300818011164665,
            0.07865700870752335
        ],
        [
            0.16975873708724976,
            0.05386865884065628,
            0.07861404120922089
        ],
        [
            0.16997218132019043,
            0.04956834390759468,
            0.08006696403026581
        ],
        [
            0.17486663162708282,
            0.047284528613090515,
            0.0795404464006424
        ],
        [
            0.13250885903835297,
            0.03226613625884056,
            0.06179434806108475
        ],
        [
            0.1327957808971405,
            0.031441472470760345,
            0.05245822295546532
        ],
        [
            0.1462860256433487,
            0.03267262876033783,
            0.06934324651956558
        ],
        [
            0.14242956042289734,
            0.03141919523477554,
            0.06228077784180641
        ],
        [
            0.13860826194286346,
            0.030369766056537628,
            0.06826262176036835
        ],
        [
            0.1429421305656433,
            0.030738908797502518,
            0.0737328752875328
        ],
        [
            0.1471741795539856,
            0.028464803472161293,
            0.03898458927869797
        ],
        [
            0.13713693618774414,
            0.026877934113144875,
            0.03343944996595383
        ],
        [
            0.13624635338783264,
            0.027390120550990105,
            0.0400606244802475
        ],
        [
            0.14633548259735107,
            0.030024927109479904,
            0.047508444637060165
        ],
        [
            0.14065471291542053,
            0.028827395290136337,
            0.019769618287682533
        ],
        [
            0.15024210512638092,
            0.029568539932370186,
            0.02633407711982727
        ],
        [
            0.15087445080280304,
            0.030379794538021088,
            0.01773052290081978
        ],
        [
            0.1439383178949356,
            0.030867498368024826,
            0.014563791453838348
        ],
        [
            0.16456174850463867,
            0.029877660796046257,
            0.04089302569627762
        ],
        [
            0.16719424724578857,
            0.028733430430293083,
            0.04447155073285103
        ],
        [
            0.1676662266254425,
            0.030357928946614265,
            0.04039722681045532
        ],
        [
            0.16483834385871887,
            0.03024270012974739,
            0.03704414516687393
        ],
        [
            0.10051889717578888,
            -0.00392899289727211,
            -0.02550903707742691
        ],
        [
            0.09645114094018936,
            0.004979949444532394,
            -0.024349350482225418
        ],
        [
            0.15980371832847595,
            0.007473509758710861,
            0.0017278939485549927
        ],
        [
            0.1549001932144165,
            0.013961336575448513,
            -0.006370494142174721
        ],
        [
            0.16722556948661804,
            0.018176648765802383,
            -0.0025677401572465897
        ],
        [
            0.17071907222270966,
            0.008841034024953842,
            0.0054543837904930115
        ],
        [
            0.11226306855678558,
            -0.009865028783679008,
            -0.009729314595460892
        ],
        [
            0.10740174353122711,
            -0.010994048789143562,
            -0.0158192440867424
        ],
        [
            0.1800251603126526,
            0.05132557824254036,
            0.07493343949317932
        ],
        [
            0.1793670803308487,
            0.04557028040289879,
            0.07559484988451004
        ],
        [
            0.08354977518320084,
            0.02624095231294632,
            0.05070670321583748
        ],
        [
            0.09514857083559036,
            0.03953852131962776,
            0.06211552023887634
        ],
        [
            0.0773688554763794,
            0.014439576305449009,
            0.040764473378658295
        ],
        [
            0.07467710971832275,
            0.005700640380382538,
            0.03313387557864189
        ],
        [
            0.07023496180772781,
            2.1550804376602173e-06,
            0.027264460921287537
        ],
        [
            0.14784833788871765,
            0.03179175779223442,
            0.05894938483834267
        ],
        [
            0.13155677914619446,
            0.028645969927310944,
            0.04357554763555527
        ],
        [
            0.12745416164398193,
            0.026629844680428505,
            0.02574850618839264
        ],
        [
            0.13923734426498413,
            0.03309330716729164,
            -0.0022575221955776215
        ],
        [
            0.12999196350574493,
            0.03231706842780113,
            -0.006750121712684631
        ],
        [
            0.12919561564922333,
            0.03350713849067688,
            0.0040076300501823425
        ],
        [
            0.13757680356502533,
            0.03333493322134018,
            0.005770690739154816
        ],
        [
            0.15267732739448547,
            0.023722874000668526,
            -0.008577577769756317
        ],
        [
            0.15055403113365173,
            0.03026425838470459,
            -0.0040657781064510345
        ],
        [
            0.1573674976825714,
            0.03072507306933403,
            -0.0008839182555675507
        ],
        [
            0.16188804805278778,
            0.025352058932185173,
            -0.004763143137097359
        ],
        [
            0.11443045735359192,
            0.03644821420311928,
            0.07418760657310486
        ],
        [
            0.10655443370342255,
            0.0258333683013916,
            0.06939534842967987
        ],
        [
            0.10719519853591919,
            0.01684313639998436,
            -0.01886235550045967
        ],
        [
            0.09956957399845123,
            0.014931725338101387,
            -0.019385479390621185
        ],
        [
            0.0922480896115303,
            0.010996561497449875,
            -0.02166464924812317
        ],
        [
            0.10793150961399078,
            0.0285482220351696,
            0.013541162014007568
        ],
        [
            0.09516815096139908,
            0.027533933520317078,
            0.007436394691467285
        ],
        [
            0.09384501725435257,
            0.028160804882645607,
            0.011566095054149628
        ],
        [
            0.10722295939922333,
            0.027193531394004822,
            0.01668562740087509
        ],
        [
            0.11008593440055847,
            0.03253072127699852,
            0.031090084463357925
        ],
        [
            0.09861156344413757,
            0.036300964653491974,
            0.025211777538061142
        ],
        [
            0.1158946305513382,
            0.03920653462409973,
            0.03919143229722977
        ],
        [
            0.08194926381111145,
            0.020792674273252487,
            0.008140970021486282
        ],
        [
            0.07815810292959213,
            0.01800433360040188,
            -0.0019015148282051086
        ],
        [
            0.07378706336021423,
            0.016468137502670288,
            0.0057337284088134766
        ],
        [
            0.08308931440114975,
            0.01714080199599266,
            -0.010385312139987946
        ],
        [
            0.08806418627500534,
            0.014975173398852348,
            -0.0175086110830307
        ],
        [
            0.10224390029907227,
            -0.01504000835120678,
            -0.02135394886136055
        ],
        [
            0.07094618678092957,
            0.013944368809461594,
            0.01319558173418045
        ],
        [
            0.11608602106571198,
            0.05331457778811455,
            0.0541069358587265
        ],
        [
            0.11895301938056946,
            0.05553323030471802,
            0.06063055247068405
        ],
        [
            0.12466965615749359,
            0.050085220485925674,
            0.05938337743282318
        ],
        [
            0.12245167791843414,
            0.04777897149324417,
            0.054123830050230026
        ],
        [
            0.14739114046096802,
            0.02116115391254425,
            0.08104600012302399
        ],
        [
            0.14392675459384918,
            0.027641834691166878,
            0.0785086452960968
        ],
        [
            0.13641981780529022,
            0.02661806344985962,
            0.07416489720344543
        ],
        [
            0.11156599968671799,
            0.03241005912423134,
            0.0010373368859291077
        ],
        [
            0.11464914679527283,
            0.029125113040208817,
            -0.010906219482421875
        ],
        [
            0.15128859877586365,
            0.03279002383351326,
            0.06560566276311874
        ],
        [
            0.1742406040430069,
            0.04281123727560043,
            0.08076651394367218
        ],
        [
            0.16881784796714783,
            0.04550495371222496,
            0.08183713257312775
        ],
        [
            0.15813350677490234,
            0.031922828406095505,
            0.08310683816671371
        ],
        [
            0.1642768532037735,
            0.028335753828287125,
            0.08222765475511551
        ],
        [
            0.16047587990760803,
            0.03063584864139557,
            0.06390783190727234
        ],
        [
            0.1538051962852478,
            0.033332932740449905,
            0.0652785450220108
        ],
        [
            0.15556223690509796,
            0.033409103751182556,
            0.06431516259908676
        ],
        [
            0.16148065030574799,
            0.03222506865859032,
            0.06108516454696655
        ],
        [
            0.1670449674129486,
            0.030093448236584663,
            0.030970245599746704
        ],
        [
            0.16443422436714172,
            0.030641628429293633,
            0.028480179607868195
        ],
        [
            0.16347536444664001,
            0.009523067623376846,
            0.0627688318490982
        ],
        [
            0.1565345972776413,
            0.006232127547264099,
            0.07421843707561493
        ],
        [
            0.14450156688690186,
            0.0033635124564170837,
            0.06823745369911194
        ],
        [
            0.1483154594898224,
            0.028606729581952095,
            0.03154461830854416
        ],
        [
            0.15741406381130219,
            0.02998221479356289,
            0.035843878984451294
        ],
        [
            0.15823252499103546,
            0.030043911188840866,
            0.03177700191736221
        ],
        [
            0.15235531330108643,
            0.031745243817567825,
            0.057800326496362686
        ],
        [
            0.15640777349472046,
            0.03181292861700058,
            0.062225863337516785
        ],
        [
            0.1580827534198761,
            0.0309605710208416,
            0.05803321301937103
        ],
        [
            0.15357454121112823,
            0.031075600534677505,
            0.05246861279010773
        ],
        [
            0.14254188537597656,
            0.010712690651416779,
            -0.010705910623073578
        ],
        [
            0.14074493944644928,
            0.022167567163705826,
            -0.013349112123250961
        ],
        [
            0.16562333703041077,
            0.053347568958997726,
            0.0763251930475235
        ],
        [
            0.16528889536857605,
            0.050535570830106735,
            0.0775013417005539
        ],
        [
            0.13842591643333435,
            0.027144700288772583,
            0.026280712336301804
        ],
        [
            0.13136109709739685,
            0.0023650135844945908,
            0.059617042541503906
        ],
        [
            0.12874864041805267,
            0.02724277973175049,
            0.020398471504449844
        ],
        [
            0.17577189207077026,
            0.016970928758382797,
            0.022873397916555405
        ],
        [
            0.17444773018360138,
            0.025356825441122055,
            0.019870566204190254
        ],
        [
            0.1743357926607132,
            0.027545377612113953,
            0.02125214785337448
        ],
        [
            0.17726173996925354,
            0.02412363886833191,
            0.024212025105953217
        ],
        [
            0.17053277790546417,
            0.0422770231962204,
            0.060494884848594666
        ],
        [
            0.1659611463546753,
            0.04587075114250183,
            0.06221191957592964
        ],
        [
            0.16706545650959015,
            0.04734873026609421,
            0.06182492524385452
        ],
        [
            0.17256209254264832,
            0.045284390449523926,
            0.06018344685435295
        ],
        [
            0.14974744617938995,
            0.034267913550138474,
            0.06949242204427719
        ],
        [
            0.14736197888851166,
            0.033472247421741486,
            0.07521846890449524
        ],
        [
            0.1511077731847763,
            0.036752454936504364,
            0.07420310378074646
        ],
        [
            0.1531621664762497,
            0.035796429961919785,
            0.06846515834331512
        ],
        [
            0.14921823143959045,
            0.0306308064609766,
            0.0799734815955162
        ],
        [
            0.1532389521598816,
            0.03468828648328781,
            0.07994121313095093
        ],
        [
            0.1759330779314041,
            0.03951466083526611,
            0.06284067779779434
        ],
        [
            0.1793346405029297,
            0.03913210704922676,
            0.06976896524429321
        ],
        [
            0.17080558836460114,
            0.02509603090584278,
            0.06945501267910004
        ],
        [
            0.16842657327651978,
            0.029225140810012817,
            0.06305958330631256
        ],
        [
            0.12947018444538116,
            -0.006487777456641197,
            0.010935477912425995
        ],
        [
            0.13154859840869904,
            -0.003275630995631218,
            0.00037701427936553955
        ],
        [
            0.14540830254554749,
            0.0013234782963991165,
            0.006050758063793182
        ],
        [
            0.16037510335445404,
            0.004936663433909416,
            0.011273689568042755
        ],
        [
            0.17323343455791473,
            0.009571295231580734,
            0.017373263835906982
        ],
        [
            0.1722617745399475,
            0.004811465740203857,
            0.028726235032081604
        ],
        [
            0.14519251883029938,
            0.0038576722145080566,
            -0.001996193081140518
        ],
        [
            0.16483710706233978,
            0.023246318101882935,
            0.06397108733654022
        ],
        [
            0.1653573364019394,
            0.016809703782200813,
            0.06875216215848923
        ],
        [
            0.16649818420410156,
            0.01790591888129711,
            0.0645378977060318
        ],
        [
            0.13093331456184387,
            0.029705261811614037,
            0.013629287481307983
        ],
        [
            0.1643373966217041,
            0.04769264534115791,
            0.07960435748100281
        ],
        [
            0.08785534650087357,
            -0.013667356222867966,
            0.025665201246738434
        ],
        [
            0.09570306539535522,
            -0.017818883061408997,
            0.015269055962562561
        ],
        [
            0.10131990909576416,
            -0.014561865478754044,
            0.021266642957925797
        ],
        [
            0.09227105975151062,
            -0.008833443745970726,
            0.03293473273515701
        ],
        [
            0.16230611503124237,
            0.048730671405792236,
            0.06781074404716492
        ],
        [
            0.16125629842281342,
            0.04910379648208618,
            0.07420749962329865
        ],
        [
            0.1660999357700348,
            0.03260107710957527,
            0.022499144077301025
        ],
        [
            0.16861651837825775,
            0.031468696892261505,
            0.025421829894185066
        ],
        [
            0.1693693995475769,
            0.030877631157636642,
            0.021894708275794983
        ],
        [
            0.16881826519966125,
            0.03349531069397926,
            0.018869150429964066
        ],
        [
            0.13101628422737122,
            -0.001210235059261322,
            -0.005339488387107849
        ],
        [
            0.1718481034040451,
            0.026784319430589676,
            -0.0005915649235248566
        ],
        [
            0.17591123282909393,
            0.01773911714553833,
            0.007522784173488617
        ],
        [
            0.11968287080526352,
            -0.0074772462248802185,
            -0.004070300608873367
        ],
        [
            0.11796454340219498,
            -0.01096244715154171,
            0.0049636587500572205
        ],
        [
            0.11003495752811432,
            -0.01424098014831543,
            0.00012369081377983093
        ],
        [
            0.171869158744812,
            0.009189911186695099,
            0.04315372556447983
        ],
        [
            0.12934961915016174,
            -0.007359977811574936,
            0.019656669348478317
        ],
        [
            0.11704644560813904,
            -0.011500822380185127,
            0.012617923319339752
        ],
        [
            0.10753192007541656,
            -0.015418924391269684,
            0.007177598774433136
        ],
        [
            0.10128327459096909,
            -0.01880156621336937,
            0.0026818066835403442
        ],
        [
            0.1046161875128746,
            -0.017043093219399452,
            -0.004584453999996185
        ],
        [
            0.17782223224639893,
            0.0406205877661705,
            0.07587900012731552
        ],
        [
            0.18183694779872894,
            0.044452913105487823,
            0.06870143115520477
        ],
        [
            0.09910199046134949,
            -0.021693924441933632,
            -0.010204970836639404
        ],
        [
            0.09532532095909119,
            -0.02286522276699543,
            -0.0017623193562030792
        ],
        [
            0.11468403041362762,
            -0.011461464688181877,
            0.02159760892391205
        ],
        [
            0.11085288226604462,
            -0.009812071919441223,
            0.032539818435907364
        ],
        [
            0.1265687346458435,
            -0.007197719067335129,
            0.028063077479600906
        ],
        [
            0.1239376813173294,
            -0.005590576678514481,
            0.03938877582550049
        ],
        [
            0.16953524947166443,
            0.0021689366549253464,
            0.05230952799320221
        ],
        [
            0.1796356439590454,
            0.06179378926753998,
            0.06077880412340164
        ],
        [
            0.1803409308195114,
            0.05038148909807205,
            0.062174469232559204
        ],
        [
            0.17485445737838745,
            0.04971454292535782,
            0.05983481556177139
        ],
        [
            0.17673757672309875,
            0.06035382300615311,
            0.0579015389084816
        ],
        [
            0.1779777705669403,
            0.04415898770093918,
            0.06230974197387695
        ],
        [
            0.1823587268590927,
            0.050425730645656586,
            0.06781923025846481
        ],
        [
            0.11717428267002106,
            0.0001774188131093979,
            0.0521324947476387
        ],
        [
            0.16162073612213135,
            0.030132653191685677,
            0.06191130727529526
        ],
        [
            0.10075386613607407,
            -0.0007977131754159927,
            0.04597333446145058
        ],
        [
            0.11443109810352325,
            0.010154161602258682,
            0.06628233194351196
        ],
        [
            0.10199780762195587,
            0.012294958345592022,
            0.06119275465607643
        ],
        [
            0.08360686898231506,
            0.00031840987503528595,
            0.04037909209728241
        ],
        [
            0.08754604309797287,
            0.012339050881564617,
            0.05304821953177452
        ],
        [
            0.07584543526172638,
            -0.009724251925945282,
            0.026332825422286987
        ],
        [
            0.08099307119846344,
            -0.0057065896689891815,
            0.03254294767975807
        ],
        [
            0.09407390654087067,
            0.025361986830830574,
            0.06270166486501694
        ],
        [
            0.16399556398391724,
            0.059860099107027054,
            0.06656518578529358
        ],
        [
