{
    "pred_cam": [
        8.03923225402832,
        0.06186624616384506,
        -0.07565170526504517
    ],
    "pred_mano_params": {
        "global_orient": [
            [
                [
                    0.6557807922363281,
                    -0.7199663519859314,
                    0.22715632617473602
                ],
                [
                    -0.7549504637718201,
                    -0.6249356865882874,
                    0.19875919818878174
                ],
                [
                    -0.0011418621288612485,
                    -0.30183425545692444,
                    -0.9533597230911255
                ]
            ]
        ],
        "hand_pose": [
            [
                [
                    0.9810851216316223,
                    -0.03527626767754555,
                    -0.19033560156822205
                ],
                [
                    0.01836148276925087,
                    0.9957805275917053,
                    -0.08991086483001709
                ],
                [
                    0.1927042156457901,
                    0.0847153589129448,
                    0.977593183517456
                ]
            ],
            [
                [
                    0.8682862520217896,
                    -0.480895459651947,
                    0.12173153460025787
                ],
                [
                    0.49487003684043884,
                    0.8567240238189697,
                    -0.1453532874584198
                ],
                [
                    -0.03439059481024742,
                    0.18644952774047852,
                    0.9818624258041382
                ]
            ],
            [
                [
                    0.7672865986824036,
                    -0.6396282911300659,
                    -0.046334702521562576
                ],
                [
                    0.6392698884010315,
                    0.768604040145874,
                    -0.024121535941958427
                ],
                [
                    0.0510418564081192,
                    -0.01111224852502346,
                    0.9986346960067749
                ]
            ],
            [
                [
                    0.9604508876800537,
                    0.15211251378059387,
                    -0.23322902619838715
                ],
                [
                    -0.18913044035434723,
                    0.9711143970489502,
                    -0.14548732340335846
                ],
                [
                    0.20436161756515503,
                    0.18384414911270142,
                    0.9614768028259277
                ]
            ],
            [
                [
                    0.4414007365703583,
                    -0.8685314655303955,
                    -0.22542929649353027
                ],
                [
                    0.8938121199607849,
                    0.4034173786640167,
                    0.19584237039089203
                ],
                [
                    -0.07915318012237549,
                    -0.28793641924858093,
                    0.9543727040290833
                ]
            ],
            [
                [
                    0.7696333527565002,
                    -0.6349661350250244,
                    0.06695074588060379
                ],
                [
                    0.6350921392440796,
                    0.7721193432807922,
                    0.022129250690340996
                ],
                [
                    -0.0657452940940857,
                    0.025488480925559998,
                    0.9975107908248901
                ]
            ],
            [
                [
                    0.6615951061248779,
                    -0.7147252559661865,
                    0.22684729099273682
                ],
                [
                    0.6047133803367615,
                    0.6874199509620667,
                    0.40221327543258667
                ],
                [
                    -0.44341135025024414,
                    -0.12892474234104156,
                    0.8869975805282593
                ]
            ],
            [
                [
                    0.8932032585144043,
                    -0.42600318789482117,
                    -0.14390701055526733
                ],
                [
                    0.44115984439849854,
                    0.8921500444412231,
                    0.09719238430261612
                ],
                [
                    0.0869823694229126,
                    -0.15029855072498322,
                    0.9848068356513977
                ]
            ],
            [
                [
                    0.9702706933021545,
                    -0.08498096466064453,
                    0.22661235928535461
                ],
                [
                    0.024368394166231155,
                    0.965872049331665,
                    0.25787097215652466
                ],
                [
                    -0.2407926321029663,
                    -0.2446824312210083,
                    0.9392281770706177
                ]
            ],
            [
                [
                    0.9875720143318176,
                    -0.1536748856306076,
                    0.03294997662305832
                ],
                [
                    0.15627501904964447,
                    0.9824531078338623,
                    -0.10180392861366272
                ],
                [
                    -0.01672709733247757,
                    0.1056879460811615,
                    0.9942587614059448
                ]
            ],
            [
                [
                    0.768076479434967,
                    -0.5787922143936157,
                    -0.2739674746990204
                ],
                [
                    0.6396160125732422,
                    0.7140185832977295,
                    0.28472596406936646
                ],
                [
                    0.030820706859230995,
                    -0.393925279378891,
                    0.9186256527900696
                ]
            ],
            [
                [
                    0.7875009179115295,
                    -0.5911386609077454,
                    0.17434853315353394
                ],
                [
                    0.5612379908561707,
                    0.8047265410423279,
                    0.19346071779727936
                ],
                [
                    -0.2546650171279907,
                    -0.054499462246894836,
                    0.9654923677444458
                ]
            ],
            [
                [
                    0.9908427596092224,
                    -0.1331922858953476,
                    0.022146781906485558
                ],
                [
                    0.06993924826383591,
                    0.3659885823726654,
                    -0.9279875159263611
                ],
                [
                    0.11549531668424606,
                    0.9210386276245117,
                    0.37195250391960144
                ]
            ],
            [
                [
                    0.9770457148551941,
                    -0.20748776197433472,
                    -0.04827447235584259
                ],
                [
                    0.1934317946434021,
                    0.7691426277160645,
                    0.6091006994247437
                ],
                [
                    -0.08925099670886993,
                    -0.6044570803642273,
                    0.7916222214698792
                ]
            ],
            [
                [
                    0.9732416868209839,
                    0.04218221828341484,
                    -0.22587887942790985
                ],
                [
                    -0.06853431463241577,
                    0.9915522336959839,
                    -0.11012338101863861
                ],
                [
                    0.2193254679441452,
                    0.12265711277723312,
                    0.967910885810852
                ]
            ]
        ],
        "betas": [
            -0.036058634519577026,
            -0.04238784313201904,
            -0.10993938148021698,
            0.04368749260902405,
            -6.112456321716309e-05,
            -0.06501265615224838,
            0.1129799485206604,
            -0.1050153374671936,
            0.011075615882873535,
            -0.029417425394058228
        ]
    },
    "pred_cam_t": [
        -0.06186624616384506,
        -0.07565170526504517,
        4.858983993530273
    ],
    "focal_length": [
        5000.0,
        5000.0
    ],
    "pred_keypoints_3d": [
        [
            0.09596672654151917,
            0.00639172550290823,
            0.006205044686794281
        ],
        [
            0.09723696112632751,
            0.03947286680340767,
            -0.013648971915245056
        ],
        [
            0.10298772156238556,
            0.06981059163808823,
            -0.013621176593005657
        ],
        [
            0.10244718939065933,
            0.09696796536445618,
            -0.012441640719771385
        ],
        [
            0.09728429466485977,
            0.13217607140541077,
            -0.011123142205178738
        ],
        [
            0.04644249752163887,
            0.080468088388443,
            -0.01176963746547699
        ],
        [
            0.021762482821941376,
            0.10243560373783112,
            -0.009090276435017586
        ],
        [
            0.017981212586164474,
            0.12297644466161728,
            -0.0012977956794202328
        ],
        [
            0.02707696706056595,
            0.14183904230594635,
            0.01279991865158081
        ],
        [
            0.0339985117316246,
            0.078292615711689,
            0.010043536312878132
        ],
        [
            0.006660036742687225,
            0.09217103570699692,
            0.018350966274738312
        ],
        [
            0.01193357165902853,
            0.11101987957954407,
            0.031067607924342155
        ],
        [
            0.02866164594888687,
            0.1283053457736969,
            0.03927101939916611
        ],
        [
            0.03900696337223053,
            0.06541759520769119,
            0.03298874944448471
        ],
        [
            0.020617611706256866,
            0.08723726123571396,
            0.037712953984737396
        ],
        [
            0.02482319250702858,
            0.10716690123081207,
            0.0520021915435791
        ],
        [
            0.03843575343489647,
            0.12699516117572784,
            0.058764927089214325
        ],
        [
            0.04808538779616356,
            0.05610742047429085,
            0.050527364015579224
        ],
        [
            0.04898472875356674,
            0.07570295035839081,
            0.058489058166742325
        ],
        [
            0.058158859610557556,
            0.08984097093343735,
            0.06729429960250854
        ],
        [
            0.06965940445661545,
            0.10592811554670334,
            0.07105565816164017
        ]
    ],
    "pred_vertices": [
        [
            0.07944002747535706,
            0.0585041418671608,
            -0.0037793833762407303
        ],
        [
            0.08681206405162811,
            0.05110033601522446,
            -0.0023010671138763428
        ],
        [
            0.08817695826292038,
            0.06022431328892708,
            -0.003973073326051235
        ],
        [
            0.08026325702667236,
            0.0664813369512558,
            -0.008028566837310791
        ],
        [
            0.10737167298793793,
            0.0492229200899601,
            0.0012904796749353409
        ],
        [
            0.11544542759656906,
            0.0460452064871788,
            -0.006760726682841778
        ],
        [
            0.1144014522433281,
            0.0620385967195034,
            -0.006782906129956245
        ],
        [
            0.10861272364854813,
            0.06290119886398315,
            0.0010450230911374092
        ],
        [
            0.08026401698589325,
            0.07267719507217407,
            -0.011336825788021088
        ],
        [
            0.08958003669977188,
            0.0682099461555481,
            -0.004934883676469326
        ],
        [
            0.08070366829633713,
            0.07378087192773819,
            -0.013918736949563026
        ],
        [
            0.06680230796337128,
            0.07273218035697937,
            -0.022433781996369362
        ],
        [
            0.0698891133069992,
            0.07440626621246338,
            -0.017299002036452293
        ],
        [
            0.057776905596256256,
            0.07437114417552948,
            -0.023905392736196518
        ],
        [
            0.06501775979995728,
            0.06300028413534164,
            -0.026908699423074722
        ],
        [
            0.05132679641246796,
            0.06741777807474136,
            -0.02373715490102768
        ],
        [
            0.05197480320930481,
            0.04079087823629379,
            -0.009941954165697098
        ],
        [
            0.050673533231019974,
            0.03465255722403526,
            0.0023808926343917847
        ],
        [
            0.04103342071175575,
            0.04721756651997566,
            0.004452964290976524
        ],
        [
            0.043662916868925095,
            0.05261209234595299,
            -0.007831759750843048
        ],
        [
            0.04582156613469124,
            0.038072045892477036,
            0.022217124700546265
        ],
        [
            0.04230861738324165,
            0.04362598434090614,
            0.01260347105562687
        ],
        [
            0.05153382197022438,
            0.030293546617031097,
            0.010199601761996746
        ],
        [
            0.05454681068658829,
            0.026032008230686188,
            0.01899178884923458
        ],
        [
            0.07977229356765747,
            0.047066912055015564,
            0.007853768765926361
        ],
        [
            0.08709940314292908,
            0.03951789811253548,
            0.008312295190989971
        ],
        [
            0.08603576570749283,
            0.042797964066267014,
            0.0030452758073806763
        ],
        [
            0.07972027361392975,
            0.05018250271677971,
            0.0029447765555232763
        ],
        [
            0.09024873375892639,
            0.07683190703392029,
            -0.018576305359601974
        ],
        [
            0.08439403772354126,
            0.06517167389392853,
            -0.026201728731393814
        ],
        [
            0.08009447157382965,
            0.06982356309890747,
            -0.021261800080537796
        ],
        [
            0.0901242345571518,
            0.07856722921133041,
            -0.013147115707397461
        ],
        [
            0.108584463596344,
            0.02215442806482315,
            0.019450783729553223
        ],
        [
            0.11262071132659912,
            0.00985679030418396,
            0.015359051525592804
        ],
        [
            0.11294516921043396,
            0.011148639023303986,
            0.009564444422721863
        ],
        [
            0.10865716636180878,
            0.021857526153326035,
            0.014316458255052567
        ],
        [
            0.1150834858417511,
            0.02454245835542679,
            -0.00657773157581687
        ],
        [
            0.11520814895629883,
            0.014371953904628754,
            -0.007993125356733799
        ],
        [
            0.11428451538085938,
            0.007965385913848877,
            -0.019515275955200195
        ],
        [
            0.11277329921722412,
            0.01824907958507538,
            -0.02082054130733013
        ],
        [
            0.11493342369794846,
            0.03565328195691109,
            -0.006665665656328201
        ],
        [
            0.1150948703289032,
            0.031183913350105286,
            -0.019446726888418198
        ],
        [
            0.11594931781291962,
            0.043431174010038376,
            -0.017787523567676544
        ],
        [
            0.11452141404151917,
            0.06062648817896843,
            -0.015944696962833405
        ],
        [
            0.10938702523708344,
            0.005060665309429169,
            0.026842141523957253
        ],
        [
            0.10644999146461487,
            0.013591773808002472,
            0.03166395053267479
        ],
        [
            0.030084669589996338,
            0.1111094281077385,
            -0.009469023905694485
        ],
        [
            0.029484445229172707,
            0.11013336479663849,
            -0.0036170436069369316
        ],
        [
            0.03185570612549782,
            0.10739699006080627,
            -0.004801158793270588
        ],
        [
            0.031776320189237595,
            0.10871577262878418,
            -0.01042229775339365
        ],
        [
            0.09174428880214691,
            -0.0012297332286834717,
            0.03463531285524368
        ],
        [
            0.08378953486680984,
            -0.006109677255153656,
            0.030741244554519653
        ],
        [
            0.08926259726285934,
            -0.010903745889663696,
            0.031199641525745392
        ],
        [
            0.09721015393733978,
            -0.006186991930007935,
            0.03296688199043274
        ],
        [
            0.08457139879465103,
            0.005389072000980377,
            0.03677469491958618
        ],
        [
            0.07671003043651581,
            0.001060187816619873,
            0.02983814664185047
        ],
        [
            0.018734991550445557,
            0.10931626707315445,
            -0.015379633754491806
        ],
        [
            0.02352525293827057,
            0.11131218075752258,
            -0.015681365504860878
        ],
        [
            0.024328235536813736,
            0.10690496116876602,
            -0.017284946516156197
        ],
        [
            0.01999364234507084,
            0.10390651971101761,
            -0.01641407608985901
        ],
        [
            0.07222318649291992,
            0.071701280772686,
            -0.011444870382547379
        ],
        [
            0.07318316400051117,
            0.06577050685882568,
            -0.00437001371756196
        ],
        [
            0.05699801445007324,
            0.08445879817008972,
            -0.01005615945905447
        ],
        [
            0.06337904930114746,
            0.07562195509672165,
            -0.007106843404471874
        ],
        [
            0.06452224403619766,
            0.07692763209342957,
            -0.014093265868723392
        ],
        [
            0.05804569274187088,
            0.08303429186344147,
            -0.01642761565744877
        ],
        [
            0.06346996873617172,
            0.06239953264594078,
            0.012850215658545494
        ],
        [
            0.07132293283939362,
            0.05360656604170799,
            0.011554466560482979
        ],
        [
            0.0707271546125412,
            0.05723258852958679,
            0.005947992205619812
        ],
        [
            0.06291770935058594,
            0.06782691180706024,
            0.006077353842556477
        ],
        [
            0.07318440079689026,
            0.049318134784698486,
            0.024946993216872215
        ],
        [
            0.06496164947748184,
            0.058026716113090515,
            0.02500751242041588
        ],
        [
            0.06701534986495972,
            0.054563309997320175,
            0.032560862600803375
        ],
        [
            0.07322797179222107,
            0.04958526790142059,
            0.03146872669458389
        ],
        [
            0.05013541504740715,
            0.07432426512241364,
            0.022331299260258675
        ],
        [
            0.04206749051809311,
            0.0785946473479271,
            0.022039305418729782
        ],
        [
            0.04217362403869629,
            0.07727620005607605,
            0.02513788640499115
        ],
        [
            0.05023691803216934,
            0.07209233194589615,
            0.025437789037823677
        ],
        [
            0.09390091150999069,
            -0.016245588660240173,
            0.030887693166732788
        ],
        [
            0.10213744640350342,
            -0.0109071284532547,
            0.03043629787862301
        ],
        [
            0.05286990478634834,
            0.03183222934603691,
            0.041576601564884186
        ],
        [
            0.06166033446788788,
            0.030701041221618652,
            0.048128891736269
        ],
        [
            0.05391702428460121,
            0.04017036408185959,
            0.05290944501757622
        ],
        [
            0.04617651551961899,
            0.038703206926584244,
            0.04462925344705582
        ],
        [
            0.07761304080486298,
            -0.007166378200054169,
            0.022433461621403694
        ],
        [
            0.08206045627593994,
            -0.01325022429227829,
            0.024559518322348595
        ],
        [
            0.014722786843776703,
            0.10682280361652374,
            -0.01135772280395031
        ],
        [
            0.01659051515161991,
            0.10139398276805878,
            -0.011948704719543457
        ],
        [
            0.10795621573925018,
            0.03821723908185959,
            -0.02836596593260765
        ],
        [
            0.10942773520946503,
            0.05911507084965706,
            -0.02444266900420189
        ],
        [
            0.10622952878475189,
            0.022243201732635498,
            -0.02848637104034424
        ],
        [
            0.1044532060623169,
            0.011137209832668304,
            -0.026744810864329338
        ],
        [
            0.10572653263807297,
            0.0021844059228897095,
            -0.025944696739315987
        ],
        [
            0.05988822132349014,
            0.07710816711187363,
            -0.0011936062946915627
        ],
        [
            0.07426883280277252,
            0.0581701286137104,
            0.0011185193434357643
        ],
        [
            0.08017101883888245,
            0.04491783306002617,
            0.012599636800587177
        ],
        [
            0.08243445307016373,
            0.04006447270512581,
            0.042997702956199646
        ],
        [
            0.08999449759721756,
            0.03280322253704071,
            0.04151706025004387
        ],
        [
            0.08847372978925705,
            0.03904589265584946,
            0.032964855432510376
        ],
        [
            0.08165891468524933,
            0.04373525455594063,
            0.035884756594896317
        ],
        [
            0.06917865574359894,
            0.035968806594610214,
            0.051865629851818085
        ],
        [
            0.07296010106801987,
            0.042573265731334686,
            0.04939573258161545
        ],
        [
            0.06666672974824905,
            0.048453811556100845,
            0.050944894552230835
        ],
        [
            0.06209113448858261,
            0.04339023679494858,
            0.05442489683628082
        ],
        [
            0.09507223963737488,
            0.07651114463806152,
            -0.024298012256622314
        ],
        [
            0.0900479331612587,
            0.061717718839645386,
            -0.029962608590722084
        ],
        [
            0.1002609059214592,
            0.005078896880149841,
            0.035017624497413635
        ],
        [
            0.10488616675138474,
            0.00019505620002746582,
            0.03101552650332451
        ],
        [
            0.1083175390958786,
            -0.006937988102436066,
            0.02792188711464405
        ],
        [
            0.09827756136655807,
            0.031359173357486725,
            0.012618163600564003
        ],
        [
            0.10872011631727219,
            0.02169571816921234,
            0.010729555040597916
        ],
        [
            0.1085304543375969,
            0.023560602217912674,
            0.006822789553552866
        ],
        [
            0.09670151770114899,
            0.03190227597951889,
            0.009092343971133232
        ],
        [
            0.09522335231304169,
            0.04376285895705223,
            0.0016334876418113708
        ],
        [
            0.10643580555915833,
            0.03676480054855347,
            0.001581757329404354
        ],
        [
            0.09674534201622009,
            0.05443442985415459,
            0.0023732464760541916
        ],
        [
            0.11436720192432404,
            0.011512421071529388,
            0.0015331145841628313
        ],
        [
            0.1182183027267456,
            0.0026870667934417725,
            0.006934618577361107
        ],
        [
            0.11857977509498596,
            0.0037950724363327026,
            -0.0018983219051733613
        ],
        [
            0.11615031212568283,
            -0.00038382411003112793,
            0.016023052856326103
        ],
        [
            0.11286766082048416,
            -0.0036306604743003845,
            0.023656392470002174
        ],
        [
            0.08470037579536438,
            -0.021301977336406708,
            0.025167975574731827
        ],
        [
            0.11734679341316223,
            0.004818558692932129,
            -0.010061562061309814
        ],
        [
            0.10842130333185196,
            0.07241314649581909,
            -0.001450028270483017
        ],
        [
            0.10853390395641327,
            0.08086786419153214,
            -0.004249746445566416
        ],
        [
            0.10131621360778809,
            0.0807388424873352,
            -0.002280665095895529
        ],
        [
            0.10044021904468536,
            0.07318155467510223,
            9.494274854660034e-05
        ],
        [
            0.04836297407746315,
            0.07840185612440109,
            -0.02406100556254387
        ],
        [
            0.054195791482925415,
            0.08245421200990677,
            -0.021323205903172493
        ],
        [
            0.06328808516263962,
            0.07654763758182526,
            -0.020849380642175674
        ],
        [
            0.10161252319812775,
            0.02889736369252205,
            0.02596374601125717
        ],
        [
            0.10028508305549622,
            0.021427329629659653,
            0.03607819229364395
        ],
        [
            0.05266956984996796,
            0.08538669347763062,
            -0.004610042553395033
        ],
        [
            0.021350892260670662,
            0.09922381490468979,
            -0.01737888902425766
        ],
        [
            0.02608487196266651,
            0.10263067483901978,
            -0.018622679635882378
        ],
        [
            0.03648950904607773,
            0.08919288218021393,
            -0.0217302106320858
        ],
        [
            0.0308978408575058,
            0.08562608063220978,
            -0.020335862413048744
        ],
        [
            0.04040970653295517,
            0.08698637783527374,
            -0.0018113439437001944
        ],
        [
            0.04677280783653259,
            0.08833572268486023,
            -0.0044549982994794846
        ],
        [
            0.04316085949540138,
            0.08941450715065002,
            -0.004131600260734558
        ],
        [
            0.037747643887996674,
            0.08864904195070267,
            -0.0006003256421536207
        ],
        [
            0.045806705951690674,
            0.07277847081422806,
            0.03257391229271889
        ],
        [
            0.05282183736562729,
            0.06807112693786621,
            0.032705049961805344
        ],
        [
            0.03694012016057968,
            0.06638888269662857,
            -0.004161099903285503
        ],
        [
            0.03906959667801857,
            0.06596297770738602,
            -0.01738404855132103
        ],
        [
            0.04651051014661789,
            0.05839173495769501,
            -0.01809338480234146
        ],
        [
            0.06455859541893005,
            0.059099823236465454,
            0.01948757842183113
        ],
        [
            0.057464297860860825,
            0.06704220175743103,
            0.021540125831961632
        ],
        [
            0.05761787295341492,
            0.06534390896558762,
            0.025356922298669815
        ],
        [
            0.05613658204674721,
            0.07862015813589096,
            0.0019423025660216808
        ],
        [
            0.04931341111660004,
            0.08448486030101776,
            0.000422836747020483
        ],
        [
            0.05066625028848648,
            0.08102237433195114,
            0.004794469103217125
        ],
        [
            0.05655001848936081,
            0.07492613047361374,
            0.006345958448946476
        ],
        [
            0.06920525431632996,
            0.02056417241692543,
            0.0443570613861084
        ],
        [
            0.0778861790895462,
            0.02673264965415001,
            0.0491354838013649
        ],
        [
            0.02778460830450058,
            0.11177052557468414,
            -0.013660580851137638
        ],
        [
            0.028948692604899406,
            0.10854848474264145,
            -0.015038667246699333
        ],
        [
            0.07223807275295258,
            0.05056323856115341,
            0.01807183027267456
        ],
        [
            0.055788591504096985,
            0.04835375398397446,
            -0.019019227474927902
        ],
        [
            0.08085641264915466,
            0.04297348111867905,
            0.017753053456544876
        ],
        [
            0.039220113307237625,
            0.05385005474090576,
            0.03597857058048248
        ],
        [
            0.04357444494962692,
            0.05897661671042442,
            0.041057221591472626
        ],
        [
            0.03902904689311981,
            0.06365476548671722,
            0.04002441465854645
        ],
        [
            0.034246549010276794,
            0.06028763949871063,
            0.03698037564754486
        ],
        [
            0.02746950089931488,
            0.09845516085624695,
            0.001637482549995184
        ],
        [
            0.03138444572687149,
            0.10220792889595032,
            7.995404303073883e-06
        ],
        [
            0.02916840836405754,
            0.10493823885917664,
            0.0002981359139084816
        ],
        [
            0.024363696575164795,
            0.10198934376239777,
            0.002002392429858446
        ],
        [
            0.04962477833032608,
            0.08914266526699066,
            -0.00955619104206562
        ],
        [
            0.05085473880171776,
            0.0884731113910675,
            -0.016028080135583878
        ],
        [
            0.04524771124124527,
            0.0928119644522667,
            -0.014188716188073158
        ],
        [
            0.044489990919828415,
            0.0916714295744896,
            -0.008484882302582264
        ],
        [
            0.04645126312971115,
            0.08712328225374222,
            -0.020821010693907738
        ],
        [
            0.04190368950366974,
            0.09158024936914444,
            -0.01943056844174862
        ],
        [
            0.022246716544032097,
            0.09516622126102448,
            -0.0004161316901445389
        ],
        [
            0.018176821991801262,
            0.0941651239991188,
            -0.00670700753107667
        ],
        [
            0.027104094624519348,
            0.08196470886468887,
            -0.007910453714430332
        ],
        [
            0.030655939131975174,
            0.0860459953546524,
            -0.002211350481957197
        ],
        [
            0.06238973140716553,
            0.013691447675228119,
            0.01556585356593132
        ],
        [
            0.06541299819946289,
            0.011251308023929596,
            0.026025721803307533
        ],
        [
            0.057486407458782196,
            0.023437894880771637,
            0.029747508466243744
        ],
        [
            0.04905819892883301,
            0.03460989519953728,
            0.033775120973587036
        ],
        [
            0.0421917587518692,
            0.046074170619249344,
            0.036736808717250824
        ],
        [
            0.03817718103528023,
            0.04718384891748428,
            0.025439588353037834
        ],
        [
            0.06098338961601257,
            0.02104886993765831,
            0.03670414537191391
        ],
        [
            0.03514692932367325,
            0.07937797904014587,
            -0.00031737261451780796
        ],
        [
            0.03449452295899391,
            0.07428061962127686,
            -0.008024938404560089
        ],
        [
            0.03427260369062424,
            0.07291903346776962,
            -0.0022151819430291653
        ],
        [
            0.08239784836769104,
            0.04210558533668518,
            0.025021858513355255
        ],
        [
            0.030589275062084198,
            0.10489866137504578,
            -0.016703836619853973
        ],
        [
            0.08471956104040146,
            -0.0008678287267684937,
            -0.019673805683851242
        ],
        [
            0.0788826048374176,
            -0.006313726305961609,
            -0.008490730077028275
        ],
        [
            0.07531087100505829,
            0.0016412287950515747,
            -0.009448636323213577
        ],
        [
            0.08263485878705978,
            0.00859108567237854,
            -0.02184648998081684
        ],
        [
            0.03420903533697128,
            0.10523496568202972,
            -0.005502306390553713
        ],
        [
            0.03427031636238098,
            0.10627492517232895,
            -0.011754820123314857
        ],
        [
            0.0527401939034462,
            0.06669583171606064,
            0.039061132818460464
        ],
        [
            0.04583224654197693,
            0.0706537589430809,
            0.037992317229509354
        ],
        [
            0.042934663593769073,
            0.06928243488073349,
            0.040486592799425125
        ],
        [
            0.05054686963558197,
            0.06695055961608887,
            0.04445308446884155
        ],
        [
            0.0684211403131485,
            0.009475447237491608,
            0.03086244873702526
        ],
        [
            0.05150594562292099,
            0.047954440116882324,
            0.05610640347003937
        ],
        [
            0.04379686713218689,
            0.046041302382946014,
            0.0486537404358387
        ],
        [
            0.07226817309856415,
            0.0007032454013824463,
            0.022366560995578766
        ],
        [
            0.06919047236442566,
            0.0023346468806266785,
            0.01320030726492405
        ],
        [
            0.07414940744638443,
            -0.0059552788734436035,
            0.0120765445753932
        ],
        [
            0.03428754210472107,
            0.05793696269392967,
            0.014837689697742462
        ],
        [
            0.05979172885417938,
            0.017666317522525787,
            0.008294123224914074
        ],
        [
            0.06770344078540802,
            0.0056981369853019714,
            0.006447456777095795
        ],
        [
            0.07353688776493073,
            -0.004073910415172577,
            0.004773546010255814
        ],
        [
            0.0771903395652771,
            -0.011510401964187622,
            0.004177422262728214
        ],
        [
            0.07761883735656738,
            -0.01272910088300705,
            0.012259166687726974
        ],
        [
            0.01857082173228264,
            0.0963025763630867,
            -0.012401081621646881
        ],
        [
            0.015184838324785233,
            0.09953408688306808,
            -0.005482750944793224
        ],
        [
            0.08017216622829437,
            -0.021409787237644196,
            0.012562661431729794
        ],
        [
            0.08014911413192749,
            -0.019306570291519165,
            0.003489060327410698
        ],
        [
            0.06731242686510086,
            0.009617693722248077,
            -0.0019158292561769485
        ],
        [
            0.06852803379297256,
            0.015489466488361359,
            -0.01220597792416811
        ],
        [
            0.0598481222987175,
            0.02116488292813301,
            0.00028813211247324944
        ],
        [
            0.06010770797729492,
            0.02763761207461357,
            -0.009595915675163269
        ],
        [
            0.03482791781425476,
            0.056408919394016266,
            0.004518173635005951
        ],
        [
            0.012399794533848763,
            0.11611834168434143,
            0.00211236160248518
        ],
        [
            0.015517263673245907,
            0.10530145466327667,
            0.000366011168807745
        ],
        [
            0.020929954946041107,
            0.10603372007608414,
            0.0024735890328884125
        ],
        [
            0.015836387872695923,
            0.1153823733329773,
            0.004813930951058865
        ],
        [
            0.019174061715602875,
            0.09982487559318542,
            0.00016261311247944832
        ],
        [
            0.013291694223880768,
            0.10513389855623245,
            -0.004879711661487818
        ],
        [
            0.06592793762683868,
            0.036897316575050354,
            -0.02130911499261856
        ],
        [
            0.042200397700071335,
            0.08531413972377777,
            0.0038861222565174103
        ],
        [
            0.07848773896694183,
            0.025975756347179413,
            -0.02536590024828911
        ],
        [
            0.07229012250900269,
            0.0520436093211174,
            -0.029880216345191002
        ],
        [
            0.08377255499362946,
            0.04505757614970207,
            -0.03170214965939522
        ],
        [
            0.09293162077665329,
            0.01562904566526413,
            -0.029550857841968536
        ],
        [
            0.09549100697040558,
            0.033219944685697556,
            -0.033190738409757614
        ],
        [
            0.09591029584407806,
            -0.0027655139565467834,
            -0.02519255317747593
        ],
        [
            0.09297820925712585,
            0.005745746195316315,
            -0.02643227018415928
        ],
        [
            0.09907165169715881,
            0.05109114199876785,
            -0.03165942803025246
        ],
