{
    "pred_cam": [
        8.032093048095703,
        -0.10731532424688339,
        -0.07961009442806244
    ],
    "pred_mano_params": {
        "global_orient": [
            [
                [
                    0.265886127948761,
                    -0.79058438539505,
                    0.5516166687011719
                ],
                [
                    -0.9173688292503357,
                    -0.3833285868167877,
                    -0.10720837861299515
                ],
                [
                    0.2962076961994171,
                    -0.47753074765205383,
                    -0.8271791934967041
                ]
            ]
        ],
        "hand_pose": [
            [
                [
                    0.7653937339782715,
                    -0.6106368899345398,
                    -0.203211709856987
                ],
                [
                    0.6074915528297424,
                    0.7897586226463318,
                    -0.0850614607334137
                ],
                [
                    0.21242983639240265,
                    -0.05834386870265007,
                    0.9754330515861511
                ]
            ],
            [
                [
                    0.8570562601089478,
                    -0.4409708082675934,
                    0.2664570212364197
                ],
                [
                    0.4860892593860626,
                    0.8635045289993286,
                    -0.13445144891738892
                ],
                [
                    -0.170797660946846,
                    0.24475432932376862,
                    0.9544231295585632
                ]
            ],
            [
                [
                    0.7338382005691528,
                    -0.6788012385368347,
                    0.026654498651623726
                ],
                [
                    0.6586557030677795,
                    0.7013580203056335,
                    -0.2725243866443634
                ],
                [
                    0.16629552841186523,
                    0.21754491329193115,
                    0.9617796540260315
                ]
            ],
            [
                [
                    0.7252183556556702,
                    -0.6753491163253784,
                    -0.13402152061462402
                ],
                [
                    0.6872402429580688,
                    0.7218830585479736,
                    0.08115249127149582
                ],
                [
                    0.04194158688187599,
                    -0.15095826983451843,
                    0.9876499176025391
                ]
            ],
            [
                [
                    0.5506444573402405,
                    -0.8062280416488647,
                    -0.21630316972732544
                ],
                [
                    0.8291859030723572,
                    0.4984552264213562,
                    0.2529687285423279
                ],
                [
                    -0.0961330309510231,
                    -0.31865131855010986,
                    0.9429845213890076
                ]
            ],
            [
                [
                    0.8090407848358154,
                    -0.5084800124168396,
                    -0.29479002952575684
                ],
                [
                    0.5537567138671875,
                    0.827541708946228,
                    0.09234845638275146
                ],
                [
                    0.19699370861053467,
                    -0.23795564472675323,
                    0.9510892033576965
                ]
            ],
            [
                [
                    0.49701496958732605,
                    -0.6393357515335083,
                    0.5867077112197876
                ],
                [
                    0.47450539469718933,
                    0.7663313150405884,
                    0.4331061542034149
                ],
                [
                    -0.7265127301216125,
                    0.06313571333885193,
                    0.6842464208602905
                ]
            ],
            [
                [
                    0.7397469878196716,
                    -0.6119939088821411,
                    -0.2797103226184845
                ],
                [
                    0.6709162592887878,
                    0.6390601396560669,
                    0.3761296272277832
                ],
                [
                    -0.05143730714917183,
                    -0.4659029543399811,
                    0.8833394646644592
                ]
            ],
            [
                [
                    0.8498673439025879,
                    -0.5267316102981567,
                    0.016713999211788177
                ],
                [
                    0.5051729679107666,
                    0.823295533657074,
                    0.25881391763687134
                ],
                [
                    -0.15008604526519775,
                    -0.21151402592658997,
                    0.9657825827598572
                ]
            ],
            [
                [
                    0.7359362840652466,
                    -0.656903088092804,
                    0.1639392375946045
                ],
                [
                    0.6504974961280823,
                    0.753179132938385,
                    0.0978476032614708
                ],
                [
                    -0.18775202333927155,
                    0.03463245928287506,
                    0.9816056489944458
                ]
            ],
            [
                [
                    0.6169142127037048,
                    -0.7450247406959534,
                    -0.253682941198349
                ],
                [
                    0.7618789672851562,
                    0.48448970913887024,
                    0.4298955798149109
                ],
                [
                    -0.1973760575056076,
                    -0.45848438143730164,
                    0.8665072321891785
                ]
            ],
            [
                [
                    0.7854411602020264,
                    -0.5124108195304871,
                    -0.34715601801872253
                ],
                [
                    0.5911064147949219,
                    0.7873189449310303,
                    0.17527730762958527
                ],
                [
                    0.1835084855556488,
                    -0.3428761661052704,
                    0.9212819933891296
                ]
            ],
            [
                [
                    0.9742364883422852,
                    -0.15060502290725708,
                    -0.16787345707416534
                ],
                [
                    -0.10339237004518509,
                    0.3632701635360718,
                    -0.9259292483329773
                ],
                [
                    0.20043300092220306,
                    0.9194307923316956,
                    0.338339626789093
                ]
            ],
            [
                [
                    0.9454073309898376,
                    -0.24870726466178894,
                    -0.21059377491474152
                ],
                [
                    0.3258146345615387,
                    0.7353309988975525,
                    0.5942500829696655
                ],
                [
                    0.0070618391036987305,
                    -0.630422830581665,
                    0.7762197852134705
                ]
            ],
            [
                [
                    0.9668305516242981,
                    0.254154771566391,
                    0.0253777913749218
                ],
                [
                    -0.2553962469100952,
                    0.9606443643569946,
                    0.10924793034791946
                ],
                [
                    0.003386855125427246,
                    -0.11210562288761139,
                    0.9936904907226562
                ]
            ]
        ],
        "betas": [
            -0.01538693904876709,
            -0.0447140634059906,
            -0.10646829009056091,
            0.019283145666122437,
            0.0544620156288147,
            -0.04698245972394943,
            0.048491835594177246,
            -0.040522247552871704,
            -0.02539023756980896,
            -0.025929629802703857
        ]
    },
    "pred_cam_t": [
        -0.10731532424688339,
        -0.07961009442806244,
        4.863302707672119
    ],
    "focal_length": [
        5000.0,
        5000.0
    ],
    "pred_keypoints_3d": [
        [
            0.09587715566158295,
            0.006399831268936396,
            0.006197385489940643
        ],
        [
            0.1159704327583313,
            0.0317234992980957,
            -0.014875713735818863
        ],
        [
            0.12794461846351624,
            0.060128238052129745,
            -0.01642276532948017
        ],
        [
            0.12991179525852203,
            0.08722172677516937,
            -0.016170669347047806
        ],
        [
            0.13066205382347107,
            0.12029124796390533,
            -0.030765783041715622
        ],
        [
            0.08790604025125504,
            0.0871657058596611,
            -0.03451448678970337
        ],
        [
            0.09105709940195084,
            0.11988291889429092,
            -0.030558839440345764
        ],
        [
            0.10564134269952774,
            0.1348343938589096,
            -0.0228313859552145
        ],
        [
            0.12329723685979843,
            0.13863803446292877,
            -0.004725176841020584
        ],
        [
            0.06997951865196228,
            0.09430842101573944,
            -0.01835334300994873
        ],
        [
            0.07618141919374466,
            0.12416929751634598,
            -0.009516334161162376
        ],
        [
            0.09643978625535965,
            0.1268048733472824,
            0.0017459141090512276
        ],
        [
            0.11645308136940002,
            0.11775048822164536,
            0.015482742339372635
        ],
        [
            0.06253331154584885,
            0.08588341623544693,
            0.005897209048271179
        ],
        [
            0.07031846046447754,
            0.11368720233440399,
            0.007020308170467615
        ],
        [
            0.09110352396965027,
            0.11745591461658478,
            0.020129825919866562
        ],
        [
            0.1092057079076767,
            0.10871944576501846,
            0.03638959303498268
        ],
        [
            0.061611492186784744,
            0.07809710502624512,
            0.026240548118948936
        ],
        [
            0.07013805210590363,
            0.09740535914897919,
            0.024764681234955788
        ],
        [
            0.08519978076219559,
            0.10405910015106201,
            0.034270986914634705
        ],
        [
            0.10024818032979965,
            0.10116132348775864,
            0.0445404052734375
        ]
    ],
    "pred_vertices": [
        [
            0.10459893941879272,
            0.056859757751226425,
            -0.013621360063552856
        ],
        [
            0.10735973715782166,
            0.047307100147008896,
            -0.008965181186795235
        ],
        [
            0.11115286499261856,
            0.05503943935036659,
            -0.011073034256696701
        ],
        [
            0.10886885225772858,
            0.06281547248363495,
            -0.018108787015080452
        ],
        [
            0.12328977137804031,
            0.04164374992251396,
            0.0012839175760746002
        ],
        [
            0.13235999643802643,
            0.03538196533918381,
            -0.0033836551010608673
        ],
        [
            0.13522149622440338,
            0.05179469287395477,
            -0.005594516173005104
        ],
        [
            0.1275748312473297,
            0.05465789884328842,
            8.164346218109131e-05
        ],
        [
            0.11098340898752213,
            0.06766024231910706,
            -0.02177448943257332
        ],
        [
            0.11461055278778076,
            0.061900798231363297,
            -0.01230781152844429
        ],
        [
            0.11086583137512207,
            0.06775546073913574,
            -0.023733098059892654
        ],
        [
            0.10293526947498322,
            0.07028358429670334,
            -0.03685871139168739
        ],
        [
            0.10553058236837387,
            0.07177279889583588,
            -0.03106093779206276
        ],
        [
            0.09706894308328629,
            0.07481925189495087,
            -0.041742805391550064
        ],
        [
            0.09894031286239624,
            0.06121990084648132,
            -0.04085918515920639
        ],
        [
            0.0882771834731102,
            0.07181571424007416,
            -0.04391274228692055
        ],
        [
            0.07566028088331223,
            0.0498434454202652,
            -0.027626756578683853
        ],
        [
            0.06864219158887863,
            0.0474780835211277,
            -0.015992486849427223
        ],
        [
            0.06307452917098999,
            0.06365616619586945,
            -0.019096622243523598
        ],
        [
            0.07141146808862686,
            0.06480388343334198,
            -0.03014414943754673
        ],
        [
            0.05926388502120972,
            0.057115279138088226,
            0.0004592486657202244
        ],
        [
            0.06097358465194702,
            0.061462484300136566,
            -0.010430927388370037
        ],
        [
            0.06545108556747437,
            0.04489470645785332,
            -0.007937516085803509
        ],
        [
            0.06383992731571198,
            0.041850246489048004,
            0.0017338874749839306
        ],
        [
            0.09765978157520294,
            0.049356795847415924,
            -0.0016017351299524307
        ],
        [
            0.1009659618139267,
            0.03974682837724686,
            0.0021115727722644806
        ],
        [
            0.10271836072206497,
            0.04145941138267517,
            -0.003418765962123871
        ],
        [
            0.10011926293373108,
            0.05092356726527214,
            -0.0064604878425598145
        ],
        [
            0.11884704977273941,
            0.06835947930812836,
            -0.02472546137869358
        ],
        [
            0.11486693471670151,
            0.05738348886370659,
            -0.03355333209037781
        ],
        [
            0.11096171289682388,
            0.06331668049097061,
            -0.030505111441016197
        ],
        [
            0.11760005354881287,
            0.07041438668966293,
            -0.019555451348423958
        ],
        [
            0.10935170203447342,
            0.01928621530532837,
            0.021553650498390198
        ],
        [
            0.10907237976789474,
            0.005809597671031952,
            0.020284347236156464
        ],
        [
            0.11160829663276672,
            0.005586192011833191,
            0.014918489381670952
        ],
        [
            0.11091592907905579,
            0.01779227703809738,
            0.016870994120836258
        ],
        [
            0.12459344416856766,
            0.014012560248374939,
            -0.0004826486110687256
        ],
        [
            0.12045349925756454,
            0.004132695496082306,
            -0.0008202269673347473
        ],
        [
            0.1201874390244484,
            -0.0038534849882125854,
            -0.011317258700728416
        ],
        [
            0.12369933724403381,
            0.006150096654891968,
            -0.014086216688156128
        ],
        [
            0.12879209220409393,
            0.02494613081216812,
            -0.0019251331686973572
        ],
        [
            0.13078522682189941,
            0.018278606235980988,
            -0.013467533513903618
        ],
        [
            0.1353216916322708,
            0.031245671212673187,
            -0.013433670625090599
        ],
        [
            0.1377672553062439,
            0.049636512994766235,
            -0.01413428969681263
        ],
        [
            0.101028211414814,
            0.005074150860309601,
            0.030244063585996628
        ],
        [
            0.10052948445081711,
            0.014933153986930847,
            0.03294355794787407
        ],
        [
            0.10280465334653854,
            0.11738134175539017,
            -0.029044607654213905
        ],
        [
            0.10098343342542648,
            0.118035688996315,
            -0.02346300706267357
        ],
        [
            0.10026417672634125,
            0.11423967778682709,
            -0.02444785088300705
        ],
        [
            0.10191773623228073,
            0.11472652852535248,
            -0.030024707317352295
        ],
        [
            0.08098708093166351,
            0.007212065160274506,
            0.0318596288561821
        ],
        [
            0.07326339185237885,
            0.004678361117839813,
            0.025897908955812454
        ],
        [
            0.07592343538999557,
            -0.0015295743942260742,
            0.02866063453257084
        ],
        [
            0.08420199155807495,
            0.00039764493703842163,
            0.03266911581158638
        ],
        [
            0.0768088772892952,
            0.016228608787059784,
            0.030743855983018875
        ],
        [
            0.07028107345104218,
            0.013514585793018341,
            0.021929219365119934
        ],
        [
            0.09614468365907669,
            0.12529094517230988,
            -0.036853380501270294
        ],
        [
            0.10030348598957062,
            0.12228778004646301,
            -0.03620409592986107
        ],
        [
            0.097202830016613,
            0.11918628215789795,
            -0.037966709583997726
        ],
        [
            0.09251703321933746,
            0.1210692748427391,
            -0.03775455430150032
        ],
        [
            0.10565333068370819,
            0.0698787271976471,
            -0.024506641551852226
        ],
        [
            0.10254278779029846,
            0.06583184748888016,
            -0.01701449230313301
        ],
        [
            0.09870005398988724,
            0.08422823995351791,
            -0.028813794255256653
        ],
        [
            0.09883148223161697,
            0.07720731198787689,
            -0.023932596668601036
        ],
        [
            0.10191738605499268,
            0.07613620162010193,
            -0.03012843430042267
        ],
        [
            0.10043958574533463,
            0.08188419044017792,
            -0.03423226624727249
        ],
        [
            0.08816879242658615,
            0.06995519250631332,
            -0.00406347680836916
        ],
        [
            0.09187161922454834,
            0.059092700481414795,
            -0.00171688012778759
        ],
        [
            0.09437789022922516,
            0.061332233250141144,
            -0.007472465746104717
        ],
        [
            0.09181332588195801,
            0.07352612167596817,
            -0.011051218025386333
        ],
        [
            0.08790286630392075,
            0.05746117979288101,
            0.01181073859333992
        ],
        [
            0.08418161422014236,
            0.06809769570827484,
            0.00817833375185728
        ],
        [
            0.08230242133140564,
            0.06588922441005707,
            0.016283996403217316
        ],
        [
            0.0861140564084053,
            0.059092242270708084,
            0.017890751361846924
        ],
        [
            0.0788925364613533,
            0.08560901135206223,
            -0.0011515747755765915
        ],
        [
            0.07677264511585236,
            0.09120777994394302,
            -0.003495072480291128
        ],
        [
            0.07588072121143341,
            0.0916529968380928,
            -0.0003691953606903553
        ],
        [
            0.07764092087745667,
            0.08464925736188889,
            0.002214715350419283
        ],
        [
            0.07789956033229828,
            -0.008110590279102325,
            0.03048100695014
        ],
        [
            0.08732360601425171,
            -0.006205432116985321,
            0.032469578087329865
        ],
        [
            0.05758357420563698,
            0.05276240035891533,
            0.02171923592686653
        ],
        [
            0.06290625780820847,
            0.04989706352353096,
            0.031197167932987213
        ],
        [
            0.05785401165485382,
            0.06300172209739685,
            0.03170757740736008
        ],
        [
            0.05294535681605339,
            0.06247330829501152,
            0.0211563128978014
        ],
        [
            0.0698971152305603,
            0.00405014306306839,
            0.016096889972686768
        ],
        [
            0.07066554576158524,
            -0.0026210248470306396,
            0.020162859931588173
        ],
        [
            0.09158100932836533,
            0.12777279317378998,
            -0.03365427628159523
        ],
        [
            0.0882451981306076,
            0.12269455194473267,
            -0.033944398164749146
        ],
        [
            0.1293923407793045,
            0.026165202260017395,
            -0.025267478078603745
        ],
        [
            0.13522854447364807,
            0.04788501560688019,
            -0.023468175902962685
        ],
        [
            0.12196411192417145,
            0.010871157050132751,
            -0.02401929534971714
        ],
        [
            0.11523891985416412,
            0.0011219456791877747,
            -0.021807322278618813
        ],
        [
            0.11226196587085724,
            -0.007638454437255859,
            -0.019790662452578545
        ],
        [
            0.0948014035820961,
            0.08049185574054718,
            -0.019794924184679985
        ],
        [
            0.09908875077962875,
            0.05982455238699913,
            -0.010816605761647224
        ],
        [
            0.09580441564321518,
            0.04838388413190842,
            0.003149237483739853
        ],
        [
            0.08683162927627563,
            0.049811847507953644,
            0.03273804113268852
        ],
        [
            0.09097722172737122,
            0.04027180001139641,
            0.03465070202946663
        ],
        [
            0.09471405297517776,
            0.04460145905613899,
            0.02554960921406746
        ],
        [
            0.08978503197431564,
            0.05184737965464592,
            0.025484029203653336
        ],
        [
            0.07049557566642761,
            0.052814044058322906,
            0.03681626543402672
        ],
        [
            0.07736179977655411,
            0.05688414350152016,
            0.03520407900214195
        ],
        [
            0.07317639887332916,
            0.06499041616916656,
            0.034059394150972366
        ],
        [
            0.06578708440065384,
            0.06312820315361023,
            0.0359731987118721
        ],
        [
            0.12464923411607742,
            0.0670391172170639,
            -0.029001757502555847
        ],
        [
            0.12007143348455429,
            0.05251039192080498,
            -0.03523936867713928
        ],
        [
            0.0907941460609436,
            0.010071814060211182,
            0.034658774733543396
        ],
        [
            0.09398224204778671,
            0.0031215697526931763,
            0.03298263996839523
        ],
        [
            0.09500303864479065,
            -0.005275331437587738,
            0.031965628266334534
        ],
        [
            0.10633033514022827,
            0.029449202120304108,
            0.010808361694216728
        ],
        [
            0.1121210977435112,
            0.01676706224679947,
            0.013607662171125412
        ],
        [
            0.11416548490524292,
            0.01758858561515808,
            0.009779902175068855
        ],
        [
            0.10640975087881088,
            0.029393397271633148,
            0.0069698430597782135
        ],
        [
            0.11111504584550858,
            0.03873303905129433,
            -0.001646384596824646
        ],
        [
            0.11927686631679535,
            0.029399923980236053,
            0.002880360931158066
        ],
        [
            0.11444166302680969,
            0.04887775331735611,
            -0.0017245523631572723
        ],
        [
            0.11551406234502792,
            0.003691725432872772,
            0.007960040122270584
        ],
        [
            0.11349768936634064,
            -0.00453176349401474,
            0.015082526952028275
        ],
        [
            0.116858571767807,
            -0.005558401346206665,
            0.006909748539328575
        ],
        [
            0.10783661901950836,
            -0.004619814455509186,
            0.023073162883520126
        ],
        [
            0.10150556266307831,
            -0.004778943955898285,
            0.029319509863853455
        ],
        [
            0.06952907890081406,
            -0.0107794851064682,
            0.02238265797495842
        ],
        [
            0.11857853829860687,
            -0.00594426691532135,
            -0.001191120594739914
        ],
        [
            0.13022123277187347,
            0.06367293000221252,
            -0.003060458227992058
        ],
        [
            0.1320166140794754,
            0.07176639884710312,
            -0.006064128130674362
        ],
        [
            0.12486118078231812,
            0.07233723998069763,
            -0.006014575250446796
        ],
        [
            0.12258686870336533,
            0.06540265679359436,
            -0.0039858464151620865
        ],
        [
            0.09243711084127426,
            0.08230998367071152,
            -0.04423307254910469
        ],
        [
            0.09861509501934052,
            0.08253031224012375,
            -0.039752546697854996
        ],
        [
            0.10210033506155014,
            0.07501284033060074,
            -0.03684264421463013
        ],
        [
            0.10410799086093903,
            0.029293455183506012,
            0.02454935386776924
        ],
        [
            0.09703165292739868,
            0.0251687690615654,
            0.03418521583080292
        ],
        [
            0.09470794349908829,
            0.08748654276132584,
            -0.024764439091086388
        ],
        [
            0.08973551541566849,
            0.11700261384248734,
            -0.03903668373823166
        ],
        [
            0.09529228508472443,
            0.11512380838394165,
            -0.039307426661252975
        ],
        [
            0.09286787360906601,
            0.09702883660793304,
            -0.04301832988858223
        ],
        [
            0.08622068166732788,
            0.09918826073408127,
            -0.04299112409353256
        ],
        [
            0.08719410002231598,
            0.09450415521860123,
            -0.024120038375258446
        ],
        [
            0.09362256526947021,
            0.09125497937202454,
            -0.024970248341560364
        ],
        [
            0.09257543087005615,
            0.09341929107904434,
            -0.0247037336230278
        ],
        [
            0.08769266307353973,
            0.09701385349035263,
            -0.02203436940908432
        ],
        [
            0.07436726987361908,
            0.08795855194330215,
            0.008019058033823967
        ],
        [
            0.07609616965055466,
            0.08156122267246246,
            0.010278888046741486
        ],
        [
            0.06982284784317017,
            0.08079558610916138,
            -0.030026361346244812
        ],
        [
            0.07484478503465652,
            0.07831931114196777,
            -0.042399901896715164
        ],
        [
            0.0790366381406784,
            0.06657440960407257,
            -0.03991961479187012
        ],
        [
            0.08585851639509201,
            0.06802313029766083,
            0.002786806784570217
        ],
        [
            0.08221765607595444,
            0.07770106941461563,
            0.0014035934582352638
        ],
        [
            0.08067989349365234,
            0.0769430622458458,
            0.005215286277234554
        ],
        [
            0.0915733352303505,
            0.0836547389626503,
            -0.018109966069459915
        ],
        [
            0.09000963717699051,
            0.08961614221334457,
            -0.021320801228284836
        ],
        [
            0.08746062219142914,
            0.08764003217220306,
            -0.017485758289694786
        ],
        [
            0.08915252238512039,
            0.0817534327507019,
            -0.013632629998028278
        ],
        [
            0.06702978163957596,
            0.03709489852190018,
            0.031161727383732796
        ],
        [
            0.07570487260818481,
            0.04069603979587555,
            0.03810203820466995
        ],
        [
            0.10266922414302826,
            0.11917844414710999,
            -0.03354945406317711
        ],
        [
            0.10072975605726242,
            0.11659891158342361,
            -0.03502526879310608
        ],
        [
            0.08957578241825104,
            0.057421158999204636,
            0.004949480295181274
        ],
        [
            0.08416657894849777,
            0.05319584906101227,
            -0.03557939454913139
        ],
        [
            0.09414439648389816,
            0.047526102513074875,
            0.008365840651094913
        ],
        [
            0.05668386444449425,
            0.0774603933095932,
            0.009767938405275345
        ],
        [
            0.06149452552199364,
            0.08072106540203094,
            0.015223491936922073
        ],
        [
            0.0628676563501358,
            0.0868234932422638,
            0.014033847488462925
        ],
        [
            0.05836872383952141,
            0.08667539805173874,
            0.009918593801558018
        ],
        [
            0.08939167857170105,
            0.11212093383073807,
            -0.019724274054169655
        ],
        [
            0.09501857310533524,
            0.11111404746770859,
            -0.020382612943649292
        ],
        [
            0.09608624130487442,
            0.115340456366539,
            -0.019937319681048393
        ],
        [
            0.09074030071496964,
            0.1177905797958374,
            -0.019247394055128098
        ],
        [
            0.09761404991149902,
            0.0893871858716011,
            -0.028936024755239487
        ],
        [
            0.09966454654932022,
            0.0879807248711586,
            -0.03472049906849861
        ],
        [
            0.09934362024068832,
            0.09348073601722717,
            -0.03342597186565399
        ],
        [
            0.09642421454191208,
            0.09364642202854156,
            -0.028185252100229263
        ],
        [
            0.09731542319059372,
            0.08889589458703995,
            -0.040368109941482544
        ],
        [
            0.09754324704408646,
            0.09467978030443192,
            -0.03941620513796806
        ],
        [
            0.08418823033571243,
            0.11443615704774857,
            -0.022793633863329887
        ],
        [
            0.08225508779287338,
            0.11696405708789825,
            -0.029571708291769028
        ],
        [
            0.0779268816113472,
            0.10042605549097061,
            -0.03188084438443184
        ],
        [
            0.08174113929271698,
            0.10078755021095276,
            -0.02489071525633335
        ],
        [
            0.06691233068704605,
            0.026948191225528717,
            0.002466136123985052
        ],
        [
            0.06557916104793549,
            0.02594737708568573,
            0.013501301407814026
        ],
        [
            0.062267106026411057,
            0.04075595363974571,
            0.013049133121967316
        ],
        [
            0.05757348984479904,
            0.05513552948832512,
            0.01273622177541256
        ],
        [
            0.05441014841198921,
            0.06891711801290512,
            0.011738520115613937
        ],
        [
            0.054328277707099915,
            0.06968861073255539,
            -0.0003668558783829212
        ],
        [
            0.0623479038476944,
            0.03881145641207695,
            0.021052740514278412
        ],
        [
            0.07783772796392441,
            0.09176270663738251,
            -0.025533117353916168
        ],
        [
            0.07506392896175385,
            0.08924509584903717,
            -0.03295876458287239
        ],
        [
            0.0727536603808403,
            0.0881519764661789,
            -0.028107551857829094
        ],
        [
            0.09302546083927155,
            0.04778821021318436,
            0.01576351933181286
        ],
        [
            0.09953159093856812,
            0.11302153766155243,
            -0.03661268949508667
        ],
        [
            0.09078031033277512,
            -0.001934930682182312,
            -0.02112496644258499
        ],
        [
            0.08026498556137085,
            -0.0024353638291358948,
            -0.012260587885975838
        ],
        [
            0.08062737435102463,
            0.005889199674129486,
            -0.01515942718833685
        ],
        [
            0.09344244748353958,
            0.0070032402873039246,
            -0.02475520595908165
        ],
        [
            0.10005307197570801,
            0.11055786907672882,
            -0.025078285485506058
        ],
        [
            0.10200536996126175,
            0.11105692386627197,
            -0.031052015721797943
        ],
        [
            0.07383754849433899,
            0.08207102119922638,
            0.016510959714651108
        ],
        [
            0.072221539914608,
            0.08782973885536194,
            0.01339038647711277
        ],
        [
            0.06918071210384369,
            0.0887216180562973,
            0.015000663697719574
        ],
        [
            0.07113465666770935,
            0.084732286632061,
            0.02041686698794365
        ],
        [
            0.06609736382961273,
            0.02432861179113388,
            0.019239936023950577
        ],
        [
            0.058321185410022736,
            0.07314721494913101,
            0.031957726925611496
        ],
        [
            0.05303897336125374,
            0.07146167755126953,
            0.02258966863155365
        ],
        [
            0.06844263523817062,
            0.013105213642120361,
            0.013451192528009415
        ],
        [
            0.0690527930855751,
            0.01365506649017334,
            0.003696274012327194
        ],
        [
            0.07036767154932022,
            0.004088804125785828,
            0.005141161382198334
        ],
        [
            0.05918941646814346,
            0.07831819355487823,
            -0.01199316419661045
        ],
        [
            0.06832849979400635,
            0.029904723167419434,
            -0.0055867028422653675
        ],
        [
            0.07102291285991669,
            0.01576077938079834,
            -0.003421180881559849
        ],
        [
            0.07268693298101425,
            0.004418864846229553,
            -0.0020200880244374275
        ],
        [
            0.07304120808839798,
            -0.003807254135608673,
            -0.0006188144907355309
        ],
        [
            0.07058510929346085,
            -0.0033003464341163635,
            0.007142046466469765
        ],
        [
            0.08509984612464905,
            0.11769867688417435,
            -0.03477660194039345
        ],
        [
            0.08482161164283752,
            0.12332458794116974,
            -0.02811683900654316
        ],
        [
            0.06921636313199997,
            -0.01207655668258667,
            0.009105842560529709
        ],
        [
            0.0726759061217308,
            -0.012148812413215637,
            0.00048064906150102615
        ],
        [
            0.0746752992272377,
            0.01763332635164261,
            -0.011702935211360455
        ],
        [
            0.08102510124444962,
            0.020239263772964478,
            -0.021385325118899345
        ],
        [
            0.07209530472755432,
            0.03131306916475296,
            -0.013366999104619026
        ],
        [
            0.07768703997135162,
            0.03489285707473755,
            -0.02308592014014721
        ],
        [
            0.05927432328462601,
            0.07584751397371292,
            -0.022670364007353783
        ],
        [
            0.09664704650640488,
            0.13664931058883667,
            -0.020792637020349503
        ],
        [
            0.08894402533769608,
            0.12747180461883545,
            -0.022170603275299072
        ],
        [
            0.09220648556947708,
            0.12367077171802521,
            -0.019178111106157303
        ],
        [
            0.0971045196056366,
            0.133745938539505,
            -0.017363712191581726
        ],
        [
            0.08639001846313477,
            0.12071719765663147,
            -0.02202848717570305
        ],
        [
            0.08838949352502823,
            0.12859854102134705,
            -0.02779923379421234
        ],
        [
            0.08949204534292221,
            0.03858925774693489,
            -0.03281776234507561
        ],
        [
            0.08509562909603119,
            0.09292686730623245,
            -0.020272109657526016
        ],
        [
            0.09758509695529938,
            0.023519180715084076,
            -0.031113017350435257
        ],
        [
            0.10233387351036072,
            0.04828770458698273,
            -0.04003247618675232
        ],
        [
            0.11057767271995544,
            0.0381479375064373,
            -0.03720039501786232
        ],
        [
            0.10769286751747131,
            0.008591949939727783,
            -0.028974587097764015
        ],
        [
            0.1175679937005043,
            0.023703843355178833,
            -0.03333188593387604
        ],
        [
            0.10135573893785477,
            -0.00872328132390976,
            -0.022133279591798782
        ],
        [
            0.10273449867963791,
            -5.907565355300903e-05,
            -0.025079406797885895
        ],
        [
            0.12587308883666992,
            0.04040754958987236,
            -0.03284252807497978
        ],
        [
            0.10728853940963745,
            0.12387141585350037,
