{
    "pred_cam": [
        10.902006149291992,
        0.13014434278011322,
        -0.040540214627981186
    ],
    "pred_mano_params": {
        "global_orient": [
            [
                [
                    -0.7952905893325806,
                    0.12841780483722687,
                    -0.5924708247184753
                ],
                [
                    -0.17607270181179047,
                    -0.9841073751449585,
                    0.02304256334900856
                ],
                [
                    -0.5800958871841431,
                    0.12264347821474075,
                    0.8052622079849243
                ]
            ]
        ],
        "hand_pose": [
            [
                [
                    0.5986359119415283,
                    -0.6987568736076355,
                    -0.39162975549697876
                ],
                [
                    0.6686578989028931,
                    0.705122709274292,
                    -0.23600535094738007
                ],
                [
                    0.441057413816452,
                    -0.12058506160974503,
                    0.8893410563468933
                ]
            ],
            [
                [
                    0.5556285977363586,
                    -0.7814325094223022,
                    0.28397199511528015
                ],
                [
                    0.8285623788833618,
                    0.492068886756897,
                    -0.2671189606189728
                ],
                [
                    0.06900164484977722,
                    0.3837074339389801,
                    0.9208731055259705
                ]
            ],
            [
                [
                    0.8886440992355347,
                    -0.41143736243247986,
                    0.20256082713603973
                ],
                [
                    0.3920673429965973,
                    0.9107284545898438,
                    0.1298341602087021
                ],
                [
                    -0.23789651691913605,
                    -0.035958871245384216,
                    0.9706246256828308
                ]
            ],
            [
                [
                    0.2704702615737915,
                    -0.904883623123169,
                    -0.32868143916130066
                ],
                [
                    0.9603260159492493,
                    0.2776883542537689,
                    0.025751374661922455
                ],
                [
                    0.06796900928020477,
                    -0.32260632514953613,
                    0.9440897107124329
                ]
            ],
            [
                [
                    0.46783992648124695,
                    -0.8563476800918579,
                    -0.21861939132213593
                ],
                [
                    0.8832860589027405,
                    0.444488525390625,
                    0.1491164267063141
                ],
                [
                    -0.030521700158715248,
                    -0.2628660798072815,
                    0.9643494486808777
                ]
            ],
            [
                [
                    0.7382152676582336,
                    -0.6602219939231873,
                    0.13836635649204254
                ],
                [
                    0.6569023728370667,
                    0.7502315044403076,
                    0.07504686713218689
                ],
                [
                    -0.15335437655448914,
                    0.03549244627356529,
                    0.9875337481498718
                ]
            ],
            [
                [
                    0.22858735918998718,
                    -0.9650574922561646,
                    -0.1281086951494217
                ],
                [
                    0.6718544960021973,
                    0.06115014851093292,
                    0.7381546497344971
                ],
                [
                    -0.7045277953147888,
                    -0.25480321049690247,
                    0.6623563170433044
                ]
            ],
            [
                [
                    0.5036450028419495,
                    -0.8234255313873291,
                    -0.2613656520843506
                ],
                [
                    0.7263600826263428,
                    0.2398247867822647,
                    0.6441157460212708
                ],
                [
                    -0.46769943833351135,
                    -0.5142512321472168,
                    0.7188900113105774
                ]
            ],
            [
                [
                    0.8859422206878662,
                    -0.46026259660720825,
                    -0.05713728070259094
                ],
                [
                    0.3527534604072571,
                    0.5887130498886108,
                    0.7273115515708923
                ],
                [
                    -0.30111682415008545,
                    -0.6645113825798035,
                    0.6839249730110168
                ]
            ],
            [
                [
                    0.07704818993806839,
                    -0.9968391060829163,
                    -0.01937730982899666
                ],
                [
                    0.965474009513855,
                    0.06974498927593231,
                    0.2509891986846924
                ],
                [
                    -0.24884434044361115,
                    -0.03804655000567436,
                    0.9677959680557251
                ]
            ],
            [
                [
                    0.44486886262893677,
                    -0.8621758818626404,
                    -0.2423725128173828
                ],
                [
                    0.7805872559547424,
                    0.24059829115867615,
                    0.5768846869468689
                ],
                [
                    -0.43906164169311523,
                    -0.4458310008049011,
                    0.7800381779670715
                ]
            ],
            [
                [
                    0.7251009345054626,
                    -0.6875025033950806,
                    0.03960936889052391
                ],
                [
                    0.636260449886322,
                    0.6908401250839233,
                    0.3433840274810791
                ],
                [
                    -0.2634411156177521,
                    -0.22378621995449066,
                    0.9383594989776611
                ]
            ],
            [
                [
                    0.9655528664588928,
                    0.024605637416243553,
                    -0.259040892124176
                ],
                [
                    -0.22707431018352509,
                    0.5658038258552551,
                    -0.7926558256149292
                ],
                [
                    0.12706249952316284,
                    0.8241726756095886,
                    0.5519008040428162
                ]
            ],
            [
                [
                    0.9756157994270325,
                    -0.16393841803073883,
                    -0.14593861997127533
                ],
                [
                    0.21458326280117035,
                    0.8521773815155029,
                    0.4772292673587799
                ],
                [
                    0.04612937942147255,
                    -0.4969083368778229,
                    0.8665761351585388
                ]
            ],
            [
                [
                    0.53107750415802,
                    -0.8392171859741211,
                    -0.11692366003990173
                ],
                [
                    0.2284921109676361,
                    0.2747219502925873,
                    -0.9339802861213684
                ],
                [
                    0.815933883190155,
                    0.4692997336387634,
                    0.33765316009521484
                ]
            ]
        ],
        "betas": [
            -0.06681978702545166,
            -0.022856682538986206,
            0.009115487337112427,
            0.0040496885776519775,
            0.03569763898849487,
            0.04051537811756134,
            -0.0029937028884887695,
            -0.042270511388778687,
            0.019404619932174683,
            -0.04792129993438721
        ]
    },
    "pred_cam_t": [
        -0.13014434278011322,
        -0.040540214627981186,
        3.5830562114715576
    ],
    "focal_length": [
        5000.0,
        5000.0
    ],
    "pred_keypoints_3d": [
        [
            0.09599920362234116,
            0.006412661634385586,
            0.006213567219674587
        ],
        [
            0.0978347510099411,
            0.02659406140446663,
            0.03920285776257515
        ],
        [
            0.1092836782336235,
            0.044929612427949905,
            0.06123850494623184
        ],
        [
            0.12722793221473694,
            0.05697130039334297,
            0.07769452780485153
        ],
        [
            0.14726710319519043,
            0.0740022286772728,
            0.05722483992576599
        ],
        [
            0.15333837270736694,
            0.02757963165640831,
            0.07360384613275528
        ],
        [
            0.17702102661132812,
            0.05068401247262955,
            0.07424823194742203
        ],
        [
            0.1713050901889801,
            0.06944794207811356,
            0.06373631209135056
        ],
        [
            0.15621374547481537,
            0.08619131147861481,
            0.05373767018318176
        ],
        [
            0.17336681485176086,
            0.024503398686647415,
            0.05844210088253021
        ],
        [
            0.18089567124843597,
            0.05494967848062515,
            0.0531376451253891
        ],
        [
            0.16258859634399414,
            0.06609253585338593,
            0.04391247034072876
        ],
        [
            0.13751886785030365,
            0.06694352626800537,
            0.040894582867622375
        ],
        [
            0.17661578953266144,
            0.024115517735481262,
            0.03176930174231529
        ],
        [
            0.1750476360321045,
            0.05300556868314743,
            0.03233456239104271
        ],
        [
            0.15168383717536926,
            0.05634862557053566,
            0.024540230631828308
        ],
        [
            0.1286161243915558,
            0.04673279821872711,
            0.02453036420047283
        ],
        [
            0.17534562945365906,
            0.027394134551286697,
            0.010124447755515575
        ],
        [
            0.1723131537437439,
            0.04828958213329315,
            0.011934245936572552
        ],
        [
            0.15366266667842865,
            0.04952336102724075,
            0.008435595780611038
        ],
        [
            0.1373157501220703,
            0.036801621317863464,
            0.0097234807908535
        ]
    ],
    "pred_vertices": [
        [
            0.12420336157083511,
            0.031982142478227615,
            0.045924462378025055
        ],
        [
            0.11630503833293915,
            0.0315496101975441,
            0.03862445428967476
        ],
        [
            0.11908500641584396,
            0.03706273436546326,
            0.04661618545651436
        ],
        [
            0.12493081390857697,
            0.03617878630757332,
            0.05410157889127731
        ],
        [
            0.10371264815330505,
            0.04575285315513611,
            0.03511560335755348
        ],
        [
            0.09202814847230911,
            0.04643569886684418,
            0.03805802762508392
        ],
        [
            0.10145825147628784,
            0.05343455821275711,
            0.05037302151322365
        ],
        [
            0.11032992601394653,
            0.05260631814599037,
            0.045873310416936874
        ],
        [
            0.12634526193141937,
            0.03777696192264557,
            0.06145773082971573
        ],
        [
            0.12181738018989563,
            0.04158598929643631,
            0.05339578166604042
        ],
        [
            0.12558500468730927,
            0.034712374210357666,
            0.06518809497356415
        ],
        [
            0.13015800714492798,
            0.026572203263640404,
            0.07348041981458664
        ],
        [
            0.13108745217323303,
            0.032615747302770615,
            0.06879796832799911
        ],
        [
            0.13681043684482574,
            0.023682203143835068,
            0.07780672609806061
        ],
        [
            0.12500032782554626,
            0.016715722158551216,
            0.07223117351531982
        ],
        [
            0.14006909728050232,
            0.014548194594681263,
            0.07692611217498779
        ],
        [
            0.13506987690925598,
            0.0006288196891546249,
            0.050387293100357056
        ],
        [
            0.14028379321098328,
            -0.0010299142450094223,
            0.03773599863052368
        ],
        [
            0.15643106400966644,
            0.0019826851785182953,
            0.0463787242770195
        ],
        [
            0.14912284910678864,
            0.004427565261721611,
            0.05820892006158829
        ],
        [
            0.158304363489151,
            0.003285517916083336,
            0.02517411857843399
        ],
        [
            0.15794751048088074,
            0.002852797508239746,
            0.03723008185625076
        ],
        [
            0.1421206146478653,
            -0.0015643294900655746,
            0.028781095519661903
        ],
        [
            0.1429494470357895,
            -0.000634852796792984,
            0.018507663160562515
        ],
        [
            0.12551282346248627,
            0.0278170183300972,
            0.03059476986527443
        ],
        [
            0.11703918874263763,
            0.02690972574055195,
            0.023699309676885605
        ],
        [
            0.11611780524253845,
            0.027125034481287003,
            0.029428929090499878
        ],
        [
            0.12413738667964935,
            0.02852875366806984,
            0.03596513345837593
        ],
        [
            0.11880821734666824,
            0.03661544993519783,
            0.07000430673360825
        ],
        [
            0.112227663397789,
            0.027297958731651306,
            0.06903412938117981
        ],
        [
            0.12008287757635117,
            0.028773050755262375,
            0.06868807226419449
        ],
        [
            0.12263552844524384,
            0.0392894446849823,
            0.06720931828022003
        ],
        [
            0.10013771802186966,
            0.029774900525808334,
            6.316229701042175e-05
        ],
        [
            0.09000422060489655,
            0.021693505346775055,
            -0.004166383296251297
        ],
        [
            0.08714223653078079,
            0.021441152319312096,
            0.001032419502735138
        ],
        [
            0.09715394675731659,
            0.028398701921105385,
            0.003882892429828644
        ],
        [
            0.08163038641214371,
            0.030331909656524658,
            0.021389715373516083
        ],
        [
            0.07723274827003479,
            0.021158460527658463,
            0.016360875219106674
        ],
        [
            0.06925943493843079,
            0.01199178583920002,
            0.022629007697105408
        ],
        [
            0.07379675656557083,
            0.018598513677716255,
            0.030064888298511505
        ],
        [
            0.08665745705366135,
            0.03939910978078842,
            0.029553599655628204
        ],
        [
            0.07802755385637283,
            0.030834371224045753,
            0.03679507225751877
        ],
        [
            0.08466657996177673,
            0.040489889681339264,
            0.04483005031943321
        ],
        [
            0.09553469717502594,
            0.04869590699672699,
            0.05628740414977074
        ],
        [
            0.09657415002584457,
            0.01916494406759739,
            -0.014974921941757202
        ],
        [
            0.1048000380396843,
            0.025277351960539818,
            -0.01363348588347435
        ],
        [
            0.1630723476409912,
            0.055437639355659485,
            0.07224269211292267
        ],
        [
            0.1645500212907791,
            0.054594509303569794,
            0.06625394523143768
        ],
        [
            0.16292282938957214,
            0.05242554470896721,
            0.06719304621219635
        ],
        [
            0.1620607078075409,
            0.053599875420331955,
            0.07289587706327438
        ],
        [
            0.11135460436344147,
            0.005859803408384323,
            -0.019539877772331238
        ],
        [
            0.11316213756799698,
            -0.0036383066326379776,
            -0.016588445752859116
        ],
        [
            0.10733379423618317,
            -0.003902040421962738,
            -0.021036840975284576
        ],
        [
            0.10431673377752304,
            0.004954811185598373,
            -0.02235495299100876
        ],
        [
            0.12063519656658173,
            0.0070054177194833755,
            -0.015818603336811066
        ],
        [
            0.12095576524734497,
            -0.0027393102645874023,
            -0.010088060051202774
        ],
        [
            0.17397001385688782,
            0.0560528039932251,
            0.07935160398483276
        ],
        [
            0.16874976456165314,
            0.057021256536245346,
            0.07911300659179688
        ],
        [
            0.16883134841918945,
            0.05278046429157257,
            0.08063777536153793
        ],
        [
            0.1736670732498169,
            0.05037527531385422,
            0.08031287789344788
        ],
        [
            0.13103610277175903,
            0.03504837304353714,
            0.0614507831633091
        ],
        [
            0.13155497610569,
            0.03384242579340935,
            0.05218390002846718
        ],
        [
            0.14473572373390198,
            0.03606287017464638,
            0.06947853416204453
        ],
        [
            0.1409451812505722,
            0.034363605082035065,
            0.062297940254211426
        ],
        [
            0.1369864046573639,
            0.03353709727525711,
            0.06820904463529587
        ],
        [
            0.14126718044281006,
            0.03421284258365631,
            0.07385407388210297
        ],
        [
            0.14629162847995758,
            0.030441373586654663,
            0.03928154706954956
        ],
        [
            0.1363867223262787,
            0.028484830632805824,
            0.0335611067712307
        ],
        [
            0.1353345513343811,
            0.029283851385116577,
            0.040114037692546844
        ],
        [
            0.1452333927154541,
            0.03235992044210434,
            0.04771029204130173
        ],
        [
            0.1402275562286377,
            0.0298840943723917,
            0.0199004877358675
        ],
        [
            0.1496695578098297,
            0.0310394074767828,
            0.026668967679142952
        ],
        [
            0.15050898492336273,
            0.03149663284420967,
            0.01805848442018032
        ],
        [
            0.1436253935098648,
            0.031745124608278275,
            0.014695864170789719
        ],
        [
            0.16363713145256042,
            0.03233131021261215,
            0.04138577729463577
        ],
        [
            0.16656720638275146,
            0.031920574605464935,
            0.04492882266640663
        ],
        [
            0.16718845069408417,
            0.03317730501294136,
            0.04120058938860893
        ],
        [
            0.1640436202287674,
            0.032430682331323624,
            0.03761535510420799
        ],
        [
            0.10146039724349976,
            -0.005203213542699814,
            -0.024932529777288437
        ],
        [
            0.09728303551673889,
            0.003709902986884117,
            -0.02424851804971695
        ],
        [
            0.15987618267536163,
            0.0080760158598423,
            0.0032604876905679703
        ],
        [
            0.15515699982643127,
            0.014166793785989285,
            -0.005213931202888489
        ],
        [
            0.1673378199338913,
            0.018752790987491608,
            -0.0013002436608076096
        ],
        [
            0.17060193419456482,
            0.009790191426873207,
            0.0071424636989831924
        ],
        [
            0.1128886342048645,
            -0.010352486744523048,
            -0.008628491312265396
        ],
        [
            0.1081782802939415,
            -0.01178366132080555,
            -0.014786042273044586
        ],
        [
            0.17905093729496002,
            0.054213836789131165,
            0.0758170485496521
        ],
        [
            0.17822739481925964,
            0.04848616197705269,
            0.07653700560331345
        ],
        [
            0.08222052454948425,
            0.02719578519463539,
            0.050105322152376175
        ],
        [
            0.09336653351783752,
            0.040602874010801315,
            0.06155702844262123
        ],
        [
            0.07649383693933487,
            0.015243466943502426,
            0.04022498056292534
        ],
        [
            0.07411002367734909,
            0.0063556283712387085,
            0.032743487507104874
        ],
        [
            0.0698542445898056,
            0.000498967245221138,
            0.02695625275373459
        ],
        [
            0.14646579325199127,
            0.03468787670135498,
            0.05910395085811615
        ],
        [
            0.1305522918701172,
            0.03064962662756443,
            0.043418221175670624
        ],
        [
            0.1268841177225113,
            0.027792755514383316,
            0.025645200163125992
        ],
        [
            0.13929006457328796,
            0.03322292119264603,
            -0.0023112408816814423
        ],
        [
            0.1301468163728714,
            0.03215067461133003,
            -0.006994966417551041
        ],
        [
            0.12909144163131714,
            0.0337747298181057,
            0.0036793462932109833
        ],
        [
            0.1374422162771225,
            0.033771686255931854,
            0.005655042827129364
        ],
        [
            0.15292604267597198,
            0.02379380166530609,
            -0.007881339639425278
        ],
        [
            0.1506718099117279,
            0.030489517375826836,
            -0.003702441230416298
        ],
        [
            0.1574346125125885,
            0.031230490654706955,
            -0.00035038962960243225
        ],
        [
            0.162024587392807,
            0.025789203122258186,
            -0.0038964804261922836
        ],
        [
            0.11263637244701385,
            0.03793498873710632,
            0.07374979555606842
        ],
        [
            0.1049300879240036,
            0.027607541531324387,
            0.06903114169836044
        ],
        [
            0.10778766870498657,
            0.015911731868982315,
            -0.019013110548257828
        ],
        [
            0.10019013285636902,
            0.013897516764700413,
            -0.01963534951210022
        ],
        [
            0.09296082705259323,
            0.009795106947422028,
            -0.02191733568906784
        ],
        [
            0.10762976109981537,
            0.029061123728752136,
            0.012818913906812668
        ],
        [
            0.09501009434461594,
            0.027624672278761864,
            0.006520450115203857
        ],
        [
            0.09351945668458939,
            0.0284662377089262,
            0.010583322495222092
        ],
        [
            0.10684061795473099,
            0.027918130159378052,
            0.015920259058475494
        ],
        [
            0.10896054655313492,
            0.03433449566364288,
            0.030230119824409485
        ],
        [
            0.09736920893192291,
            0.03756428509950638,
            0.02424108237028122
        ],
        [
            0.11436913907527924,
            0.041291285306215286,
            0.038588106632232666
        ],
        [
            0.08183109015226364,
            0.020731797441840172,
            0.007241018116474152
        ],
        [
            0.07833416014909744,
            0.017485225573182106,
            -0.002782672643661499
        ],
        [
            0.0737825334072113,
            0.016219422221183777,
            0.004813529551029205
        ],
        [
            0.08348090946674347,
            0.016311515122652054,
            -0.011111833155155182
        ],
        [
            0.08864374458789825,
            0.013905337080359459,
            -0.018031205981969833
        ],
        [
            0.10318110883235931,
            -0.016118360683321953,
            -0.020271696150302887
        ],
        [
            0.07077965885400772,
            0.013951711356639862,
            0.012320071458816528
        ],
        [
            0.1140839010477066,
            0.05488968640565872,
            0.05358263850212097
        ],
        [
            0.11708202213048935,
            0.05692238360643387,
            0.060095421969890594
        ],
        [
            0.12287038564682007,
            0.051570408046245575,
            0.0588584765791893
        ],
        [
            0.12059381604194641,
            0.04952215030789375,
            0.05360737442970276
        ],
        [
            0.1456066071987152,
            0.024740876629948616,
            0.08158985525369644
        ],
        [
            0.14218750596046448,
            0.031214766204357147,
            0.07876507192850113
        ],
        [
            0.13470400869846344,
            0.02993040904402733,
            0.07416954636573792
        ],
        [
            0.11153124272823334,
            0.03235967084765434,
            0.000324007123708725
        ],
        [
            0.11493372917175293,
            0.02860928699374199,
            -0.011398252099752426
        ],
        [
            0.1498955637216568,
            0.036100029945373535,
            0.06588663160800934
        ],
        [
            0.17293526232242584,
            0.0459851510822773,
            0.0816158801317215
        ],
        [
            0.16756156086921692,
            0.04883139580488205,
            0.08245255798101425
        ],
        [
            0.15663863718509674,
            0.03556203097105026,
            0.08371875435113907
        ],
        [
            0.1627034842967987,
            0.03183182701468468,
            0.08308116346597672
        ],
        [
            0.15928848087787628,
            0.03390691801905632,
            0.0646129921078682
        ],
        [
            0.15264774858951569,
            0.036692988127470016,
            0.06573683023452759
        ],
        [
            0.15453241765499115,
            0.03673607483506203,
            0.06487317383289337
        ],
        [
            0.16050004959106445,
            0.03538860008120537,
            0.06184905767440796
        ],
        [
            0.16664162278175354,
            0.032698336988687515,
            0.03178536519408226
        ],
        [
            0.16377243399620056,
            0.032524898648262024,
            0.028983620926737785
        ],
        [
            0.16196374595165253,
            0.012514056637883186,
            0.06417964398860931
        ],
        [
            0.1547437459230423,
            0.009707018733024597,
            0.07549557834863663
        ],
        [
            0.14306361973285675,
            0.006525315344333649,
            0.06928256899118423
        ],
        [
            0.14761674404144287,
            0.03028063103556633,
            0.03186866641044617
        ],
        [
            0.15661901235580444,
            0.031979698687791824,
            0.036309413611888885
        ],
        [
            0.1575486958026886,
            0.031858980655670166,
            0.03226650506258011
        ],
        [
            0.1510332077741623,
            0.03463925048708916,
            0.05807536467909813
        ],
        [
            0.15505924820899963,
            0.03500545024871826,
            0.06262239813804626
        ],
        [
            0.15673664212226868,
            0.03393081575632095,
            0.05839075520634651
        ],
        [
            0.15236549079418182,
            0.0337199792265892,
            0.05278954282402992
        ],
        [
            0.14296971261501312,
            0.010547744110226631,
            -0.00972704030573368
        ],
        [
            0.14114251732826233,
            0.02185767889022827,
            -0.012898962944746017
        ],
        [
            0.16468052566051483,
            0.05655663087964058,
            0.07669702172279358
        ],
        [
            0.16426585614681244,
            0.05382297933101654,
            0.07789593935012817
        ],
        [
            0.13785061240196228,
            0.02845957688987255,
            0.026428425684571266
        ],
        [
            0.13024121522903442,
            0.0049271173775196075,
            0.0604407861828804
        ],
        [
            0.12830375134944916,
            0.02817869745194912,
            0.020304877310991287
        ],
        [
            0.17535658180713654,
            0.01836410164833069,
            0.02422793209552765
        ],
        [
            0.1740807145833969,
            0.02669540047645569,
            0.020963381975889206
        ],
        [
            0.1742531806230545,
            0.029478268697857857,
            0.022496040910482407
        ],
        [
            0.17716975510120392,
            0.02593238279223442,
            0.025613533332943916
        ],
        [
            0.16980606317520142,
            0.04515192285180092,
            0.06125311553478241
        ],
        [
            0.1652916669845581,
            0.04888853430747986,
            0.06274623423814774
        ],
        [
            0.16645388305187225,
            0.05031907558441162,
            0.062332652509212494
        ],
        [
            0.17194624245166779,
            0.048097509890794754,
            0.06092106178402901
        ],
        [
            0.14850443601608276,
            0.037761084735393524,
            0.06982315331697464
        ],
        [
            0.14591094851493835,
            0.037075795233249664,
            0.07548583298921585
        ],
        [
            0.14993393421173096,
            0.04033008962869644,
            0.07455743849277496
        ],
        [
            0.15209858119487762,
            0.03923303633928299,
            0.06890766322612762
        ],
        [
            0.1477002203464508,
            0.03430583328008652,
            0.0803845003247261
        ],
        [
            0.15188950300216675,
            0.038352880626916885,
            0.08038026094436646
        ],
        [
            0.17506441473960876,
            0.042290762066841125,
            0.06381011009216309
        ],
        [
            0.17824536561965942,
            0.04195377603173256,
            0.07084468752145767
        ],
        [
            0.16945089399814606,
            0.028207700699567795,
            0.07058536261320114
        ],
        [
            0.1673111468553543,
            0.032280538231134415,
            0.06406979262828827
        ],
        [
            0.12954452633857727,
            -0.005902726203203201,
            0.012309081852436066
        ],
        [
            0.13185493648052216,
            -0.0031196195632219315,
            0.0016677230596542358
        ],
        [
            0.14549803733825684,
            0.001894105225801468,
            0.0074761491268873215
        ],
        [
            0.16021934151649475,
            0.005906734615564346,
            0.012875836342573166
        ],
        [
            0.17283804714679718,
            0.010893872007727623,
            0.01901792548596859
        ],
        [
            0.1716133952140808,
            0.006476687267422676,
            0.030511949211359024
        ],
        [
            0.14546196162700653,
            0.004089294001460075,
            -0.0006662309169769287
        ],
        [
            0.16356460750102997,
            0.026500090956687927,
            0.06484180688858032
        ],
        [
            0.16372738778591156,
            0.019941607490181923,
            0.06997203081846237
        ],
        [
            0.1649920791387558,
            0.020823728293180466,
            0.06559402495622635
        ],
        [
            0.1306321918964386,
            0.030380232259631157,
            0.013490896672010422
        ],
        [
            0.16321153938770294,
            0.05108899995684624,
            0.08004068583250046
        ],
        [
            0.0876552015542984,
            -0.012953558936715126,
            0.026287227869033813
        ],
        [
            0.09578824043273926,
            -0.01743239350616932,
            0.01628447324037552
        ],
        [
            0.1012350469827652,
            -0.013871578499674797,
            0.02227015420794487
        ],
        [
            0.09188566356897354,
            -0.007833104580640793,
            0.03343546390533447
        ],
        [
            0.1615530252456665,
            0.05194472521543503,
            0.06818284839391708
        ],
        [
            0.1603299230337143,
            0.05246903374791145,
            0.07452811300754547
        ],
        [
            0.16560018062591553,
            0.03427418693900108,
            0.022994281724095345
        ],
        [
            0.16832123696804047,
            0.03388062119483948,
            0.02622392773628235
        ],
        [
            0.16947053372859955,
            0.033283088356256485,
            0.02302059344947338
        ],
        [
            0.1684417426586151,
            0.035277675837278366,
            0.019457288086414337
        ],
        [
            0.13144689798355103,
            -0.0013053975999355316,
            -0.004146486520767212
        ],
        [
            0.17181795835494995,
            0.027545079588890076,
            0.00046250224113464355
        ],
        [
            0.17571111023426056,
            0.01865449920296669,
            0.008926300331950188
        ],
        [
            0.12014851719141006,
            -0.007647708058357239,
            -0.002889588475227356
        ],
        [
            0.11823859065771103,
            -0.010771557688713074,
            0.00624953955411911
        ],
        [
            0.11045215278863907,
            -0.014332996681332588,
            0.0013552568852901459
        ],
        [
            0.1709475815296173,
            0.01131506823003292,
            0.04482816532254219
        ],
        [
            0.12921938300132751,
            -0.006410101428627968,
            0.021057121455669403
        ],
        [
            0.11713777482509613,
            -0.010996056720614433,
            0.013898171484470367
        ],
        [
            0.1077926978468895,
            -0.015246741473674774,
            0.008397907018661499
        ],
        [
            0.10167411714792252,
            -0.018870575353503227,
            0.003888700157403946
        ],
        [
            0.10516759008169174,
            -0.01738247089087963,
            -0.0033689066767692566
        ],
        [
            0.17659026384353638,
            0.04359981417655945,
            0.07687793672084808
        ],
        [
            0.18090352416038513,
            0.047182030975818634,
            0.06975017488002777
        ],
        [
            0.0998249500989914,
            -0.022329991683363914,
            -0.008930329233407974
        ],
        [
            0.09584829956293106,
            -0.023180976510047913,
            -0.0005374066531658173
        ],
        [
            0.11455535888671875,
            -0.010606678202748299,
            0.022810302674770355
        ],
        [
            0.11047336459159851,
            -0.008572420105338097,
            0.033539291471242905
        ],
        [
            0.126226007938385,
            -0.005920693278312683,
            0.029377922415733337
        ],
        [
            0.12332642823457718,
            -0.0038811340928077698,
            0.0405314639210701
        ],
        [
            0.16814759373664856,
            0.004799729213118553,
            0.05412884056568146
        ],
        [
            0.1793552190065384,
            0.06450113654136658,
            0.06152759864926338
        ],
        [
            0.17976777255535126,
            0.05305209755897522,
            0.06309989839792252
        ],
        [
            0.1743447482585907,
            0.05248429626226425,
            0.06059460714459419
        ],
        [
            0.17653295397758484,
            0.06308078020811081,
            0.0585639588534832
        ],
        [
            0.1772608757019043,
            0.04687526077032089,
            0.06324508786201477
        ],
        [
            0.18159709870815277,
            0.053138185292482376,
            0.06880629807710648
        ],
        [
            0.11629348993301392,
            0.0022024959325790405,
            0.052741698920726776
        ],
        [
            0.16037781536579132,
            0.03356187045574188,
            0.06225480139255524
        ],
        [
            0.10007473826408386,
            0.0006729606539011002,
            0.04625311866402626
        ],
        [
            0.11313779652118683,
            0.012453315779566765,
            0.06639978289604187
        ],
        [
            0.10082720220088959,
            0.014091044664382935,
            0.061032287776470184
        ],
        [
            0.08300334215164185,
            0.0012909863144159317,
            0.040354419499635696
        ],
        [
            0.08657117187976837,
            0.013523414731025696,
            0.05272597819566727
        ],
        [
            0.07558275014162064,
            -0.009152041748166084,
            0.026521682739257812
        ],
        [
            0.08057638257741928,
            -0.004910992458462715,
            0.03269783407449722
        ],
        [
            0.09264903515577316,
            0.026642052456736565,
            0.062196046113967896
        ],
        [
            0.16349095106124878,
            0.06295432150363922,
            0.06677481532096863
        ],
        [
            0.16603419184684753,
