{
    "pred_cam": [
        5.0822296142578125,
        -0.03782173991203308,
        -0.018567858263850212
    ],
    "pred_mano_params": {
        "global_orient": [
            [
                [
                    0.956321656703949,
                    0.26435038447380066,
                    -0.12477055191993713
                ],
                [
                    0.2672382891178131,
                    -0.9636071920394897,
                    0.0066991690546274185
                ],
                [
                    -0.11845886707305908,
                    -0.039750032126903534,
                    -0.9921629428863525
                ]
            ]
        ],
        "hand_pose": [
            [
                [
                    0.8939985036849976,
                    -0.36931583285331726,
                    -0.25371742248535156
                ],
                [
                    0.37831178307533264,
                    0.9255684018135071,
                    -0.014255727641284466
                ],
                [
                    0.24009771645069122,
                    -0.08323968946933746,
                    0.9671732783317566
                ]
            ],
            [
                [
                    0.9850028157234192,
                    -0.17093525826931,
                    0.02346022054553032
                ],
                [
                    0.17137566208839417,
                    0.9535297155380249,
                    -0.24781325459480286
                ],
                [
                    0.019989987835288048,
                    0.24811731278896332,
                    0.9685236215591431
                ]
            ],
            [
                [
                    0.9327787756919861,
                    -0.36044934391975403,
                    -0.000249773554969579
                ],
                [
                    0.36041900515556335,
                    0.9326908588409424,
                    0.013637484982609749
                ],
                [
                    -0.004682661034166813,
                    -0.012810779735445976,
                    0.9999070167541504
                ]
            ],
            [
                [
                    0.7640653252601624,
                    -0.645063042640686,
                    -0.00990032497793436
                ],
                [
                    0.6445410251617432,
                    0.762606680393219,
                    0.054752908647060394
                ],
                [
                    -0.027769019827246666,
                    -0.04821595922112465,
                    0.9984509348869324
                ]
            ],
            [
                [
                    0.9830613732337952,
                    -0.11700640618801117,
                    -0.14106705784797668
                ],
                [
                    0.15167522430419922,
                    0.9514577388763428,
                    0.2678111493587494
                ],
                [
                    0.1028837040066719,
                    -0.2846711277961731,
                    0.9530883431434631
                ]
            ],
            [
                [
                    0.7397915720939636,
                    -0.5603412389755249,
                    0.37245965003967285
                ],
                [
                    0.558476984500885,
                    0.8201167583465576,
                    0.12454697489738464
                ],
                [
                    -0.3752492070198059,
                    0.11587132513523102,
                    0.9196531176567078
                ]
            ],
            [
                [
                    0.5702440142631531,
                    -0.4334897994995117,
                    0.6977881789207458
                ],
                [
                    0.25382864475250244,
                    0.9008461236953735,
                    0.352203369140625
                ],
                [
                    -0.7812764048576355,
                    -0.02372322976589203,
                    0.6237342357635498
                ]
            ],
            [
                [
                    0.9468777775764465,
                    -0.07880504429340363,
                    -0.31178873777389526
                ],
                [
                    0.19326990842819214,
                    0.9143421649932861,
                    0.3558441996574402
                ],
                [
                    0.25703930854797363,
                    -0.397200345993042,
                    0.8810009360313416
                ]
            ],
            [
                [
                    0.8776458501815796,
                    -0.3581196963787079,
                    0.3185719847679138
                ],
                [
                    0.24390245974063873,
                    0.9058413505554199,
                    0.34635692834854126
                ],
                [
                    -0.4126128852367401,
                    -0.22627820074558258,
                    0.882354199886322
                ]
            ],
            [
                [
                    0.7436339259147644,
                    -0.5888767242431641,
                    0.31659579277038574
                ],
                [
                    0.5992766618728638,
                    0.7970311641693115,
                    0.07489242404699326
                ],
                [
                    -0.29643911123275757,
                    0.13403593003749847,
                    0.9455994963645935
                ]
            ],
            [
                [
                    0.9593549966812134,
                    -0.15706652402877808,
                    -0.23445279896259308
                ],
                [
                    0.23012854158878326,
                    0.9162846803665161,
                    0.327815979719162
                ],
                [
                    0.1633365899324417,
                    -0.3684461712837219,
                    0.9151877760887146
                ]
            ],
            [
                [
                    0.5545629262924194,
                    -0.6429721713066101,
                    0.5282487273216248
                ],
                [
                    0.43502894043922424,
                    0.7651604413986206,
                    0.474636048078537
                ],
                [
                    -0.7093727588653564,
                    -0.03341210260987282,
                    0.7040411233901978
                ]
            ],
            [
                [
                    0.9867838025093079,
                    -0.14348477125167847,
                    0.07529819011688232
                ],
                [
                    0.12693968415260315,
                    0.3956688642501831,
                    -0.9095781445503235
                ],
                [
                    0.10071741044521332,
                    0.9071153402328491,
                    0.40865352749824524
                ]
            ],
            [
                [
                    0.9143106341362,
                    -0.37416133284568787,
                    0.15504635870456696
                ],
                [
                    0.24178750813007355,
                    0.8113675117492676,
                    0.5321856737136841
                ],
                [
                    -0.3249228596687317,
                    -0.4490947127342224,
                    0.8323094844818115
                ]
            ],
            [
                [
                    0.986759603023529,
                    -0.04554402828216553,
                    -0.15566371381282806
                ],
                [
                    0.010407569818198681,
                    0.9755666851997375,
                    -0.2194567620754242
                ],
                [
                    0.1618552803993225,
                    0.21493098139762878,
                    0.9631237983703613
                ]
            ]
        ],
        "betas": [
            -0.017589688301086426,
            -0.024327486753463745,
            -0.0311107337474823,
            0.05827704071998596,
            0.07216867804527283,
            -0.017365504056215286,
            0.05931749939918518,
            -0.09254208207130432,
            0.00807073712348938,
            -0.06922855973243713
        ]
    },
    "pred_cam_t": [
        -0.03782173991203308,
        -0.018567858263850212,
        7.686095237731934
    ],
    "focal_length": [
        5000.0,
        5000.0
    ],
    "pred_keypoints_3d": [
        [
            0.09584848582744598,
            0.006395869888365269,
            0.006188944447785616
        ],
        [
            0.06545323878526688,
            0.015114356763660908,
            -0.015994898974895477
        ],
        [
            0.04113532230257988,
            0.03329254686832428,
            -0.02136881649494171
        ],
        [
            0.021137239411473274,
            0.051417186856269836,
            -0.02418508008122444
        ],
        [
            -0.004800459370017052,
            0.07553226500749588,
            -0.026410382241010666
        ],
        [
            0.007435411214828491,
            -0.012029564939439297,
            -0.0036537558771669865
        ],
        [
            -0.02405591681599617,
            -0.012052688747644424,
            0.006431927438825369
        ],
        [
            -0.04324290156364441,
            -0.004332563374191523,
            0.014578647911548615
        ],
        [
            -0.06151021644473076,
            0.010360639542341232,
            0.024125022813677788
        ],
        [
            0.0051758065819740295,
            -0.01755504310131073,
            0.020848864689469337
        ],
        [
            -0.023090414702892303,
            -0.0059683602303266525,
            0.029319725930690765
        ],
        [
            -0.03977329283952713,
            0.008630743250250816,
            0.0364220030605793
        ],
        [
            -0.0540829598903656,
            0.028449248522520065,
            0.030131863430142403
        ],
        [
            0.01980644464492798,
            -0.011878547258675098,
            0.04253989830613136
        ],
        [
            -0.0076833851635456085,
            -0.003157953731715679,
            0.04213876277208328
        ],
        [
            -0.02489440329372883,
            0.013209366239607334,
            0.049271319061517715
        ],
        [
            -0.03584490343928337,
            0.030406398698687553,
            0.03619137406349182
        ],
        [
            0.03265418857336044,
            -0.0027150744572281837,
            0.057642143219709396
        ],
        [
            0.012018714100122452,
            0.000749864149838686,
            0.05466686934232712
        ],
        [
            -0.0038794521242380142,
            0.011080984026193619,
            0.05538757145404816
        ],
        [
            -0.015900975093245506,
            0.022568244487047195,
            0.04691341146826744
        ]
    ],
    "pred_vertices": [
        [
            0.04099693149328232,
            0.01038698386400938,
            -0.003200999228283763
        ],
        [
            0.05069173872470856,
            0.014519579708576202,
            -0.0032250189688056707
        ],
        [
            0.043152764439582825,
            0.019329670816659927,
            -0.00635514035820961
        ],
        [
            0.03390515595674515,
            0.013360281474888325,
            -0.008360406383872032
        ],
        [
            0.062258780002593994,
            0.03240789473056793,
            -0.006373950745910406
        ],
        [
            0.06843861192464828,
            0.035256534814834595,
            -0.016318026930093765
        ],
        [
            0.05439368635416031,
            0.04137091338634491,
            -0.017863888293504715
        ],
        [
            0.051434069871902466,
            0.03913385048508644,
            -0.008475324138998985
        ],
        [
            0.02816757746040821,
            0.015402053482830524,
            -0.012399711646139622
        ],
        [
            0.036750685423612595,
            0.023741528391838074,
            -0.00869536679238081
        ],
        [
            0.026896247640252113,
            0.016610797494649887,
            -0.0156441368162632
        ],
        [
            0.021983293816447258,
            0.0001991945318877697,
            -0.0192094799131155
        ],
        [
            0.02217128314077854,
            0.004737969487905502,
            -0.015101279132068157
        ],
        [
            0.01694670505821705,
            -0.008243264630436897,
            -0.01800641044974327
        ],
        [
            0.029721161350607872,
            -0.006805729120969772,
            -0.022156232967972755
        ],
        [
            0.019884997978806496,
            -0.01709393598139286,
            -0.015440111979842186
        ],
        [
            0.04552218317985535,
            -0.023087268695235252,
            -6.937002763152122e-05
        ],
        [
            0.05110529810190201,
            -0.023169081658124924,
            0.012637932784855366
        ],
        [
            0.034979306161403656,
            -0.027295373380184174,
            0.01682264916598797
        ],
        [
            0.030811896547675133,
            -0.025971900671720505,
            0.0036141262389719486
        ],
        [
            0.04644722864031792,
            -0.020896632224321365,
            0.03319083899259567
        ],
        [
            0.039389923214912415,
            -0.02481546625494957,
            0.024517491459846497
        ],
        [
            0.05579516291618347,
            -0.021881021559238434,
            0.02031026780605316
        ],
        [
            0.061307549476623535,
            -0.018399924039840698,
            0.02827831357717514
        ],
        [
            0.05211035907268524,
            0.009167671203613281,
            0.00883665680885315
        ],
        [
            0.06188572943210602,
            0.012661869637668133,
            0.007935654371976852
        ],
        [
            0.058123063296079636,
            0.011672206223011017,
            0.0029672589153051376
        ],
        [
            0.04899920895695686,
            0.009025727398693562,
            0.003915191162377596
        ],
        [
            0.028408203274011612,
            0.026930203661322594,
            -0.024083444848656654
        ],
        [
            0.03552720323204994,
            0.012254471890628338,
            -0.02760130539536476
        ],
        [
            0.029600635170936584,
            0.012323630973696709,
            -0.022159233689308167
        ],
        [
            0.027126383036375046,
            0.029181063175201416,
            -0.019045619294047356
        ],
        [
            0.08701646327972412,
            0.027551423758268356,
            0.0140994843095541
        ],
        [
            0.0997266098856926,
            0.024952806532382965,
            0.010101260617375374
        ],
        [
            0.09845738857984543,
            0.024077393114566803,
            0.0043542832136154175
        ],
        [
            0.08708402514457703,
            0.02599966526031494,
            0.009197177365422249
        ],
        [
            0.08673163503408432,
            0.026270791888237,
            -0.01300906203687191
        ],
        [
            0.09586721658706665,
            0.022055741399526596,
            -0.013394485227763653
        ],
        [
            0.10096309334039688,
            0.01543470285832882,
            -0.023643989115953445
        ],
        [
            0.09103047102689743,
            0.01763172261416912,
            -0.02539505437016487
        ],
        [
            0.07699715346097946,
            0.030619559809565544,
            -0.0144492881372571
        ],
        [
            0.08060818910598755,
            0.024997837841510773,
            -0.026176048442721367
        ],
        [
            0.0704205334186554,
            0.03099207393825054,
            -0.026665732264518738
        ],
        [
            0.05515200272202492,
            0.03856346756219864,
            -0.026629429310560226
        ],
        [
            0.10320740193128586,
            0.02347686141729355,
            0.022392451763153076
        ],
        [
            0.09441501647233963,
            0.025744177401065826,
            0.02710665762424469
        ],
        [
            -0.028454262763261795,
            -0.0019470900297164917,
            0.0026122936978936195
        ],
        [
            -0.027133680880069733,
            -0.0008530793711543083,
            0.008248213678598404
        ],
        [
            -0.022251849994063377,
            -0.0009680436924099922,
            0.0058121271431446075
        ],
        [
            -0.02449418231844902,
            -0.002433348447084427,
            0.0007213279604911804
        ],
        [
            0.10209466516971588,
            0.00782865472137928,
            0.03525292128324509
        ],
        [
            0.1031852439045906,
            -0.002170838415622711,
            0.034111201763153076
        ],
        [
            0.1098194345831871,
            0.0008029332384467125,
            0.033457912504673004
        ],
        [
            0.1087973341345787,
            0.010142154060304165,
            0.032588593661785126
        ],
        [
            0.09318912774324417,
            0.0048382701352238655,
            0.038675710558891296
        ],
        [
            0.09369756281375885,
            -0.00572165148332715,
            0.03456509858369827
        ],
        [
            -0.03206447511911392,
            -0.014049584046006203,
            0.0014769639819860458
        ],
        [
            -0.03191716969013214,
            -0.009413773193955421,
            -0.0007456978783011436
        ],
        [
            -0.027450229972600937,
            -0.01155977975577116,
            -0.0024830587208271027
        ],
        [
            -0.026634149253368378,
            -0.01606500893831253,
            0.00026901625096797943
        ],
        [
            0.025907795876264572,
            0.007077382877469063,
            -0.00973642896860838
        ],
        [
            0.03195199742913246,
            0.007452488876879215,
            -0.0026397141627967358
        ],
        [
            0.010092172771692276,
            -0.0003597056493163109,
            -0.005873677786439657
        ],
        [
            0.019307920709252357,
            0.0018162345513701439,
            -0.0034952741116285324
        ],
        [
            0.018459025770425797,
            0.001243668608367443,
            -0.010632701218128204
        ],
        [
            0.011146623641252518,
            -0.002132127061486244,
            -0.011826238594949245
        ],
        [
            0.03193443641066551,
            0.0024020401760935783,
            0.01678786799311638
        ],
        [
            0.04295593500137329,
            0.005421441979706287,
            0.014143276959657669
        ],
        [
            0.03918050229549408,
            0.004767199978232384,
            0.008643822744488716
        ],
        [
            0.026565566658973694,
            0.002175377681851387,
            0.009980239905416965
        ],
        [
            0.048109591007232666,
            0.00913316197693348,
            0.026844730600714684
        ],
        [
            0.03696099668741226,
            0.005402049981057644,
            0.02842923253774643
        ],
        [
            0.041175369173288345,
            0.00792045146226883,
            0.035499487072229385
        ],
        [
            0.0481315553188324,
            0.01108278427273035,
            0.033118363469839096
        ],
        [
            0.017800480127334595,
            -0.001972340978682041,
            0.028168099001049995
        ],
        [
            0.011638058349490166,
            -0.004599634557962418,
            0.029086919501423836
        ],
        [
            0.012866510078310966,
            -0.003590545617043972,
            0.031646836549043655
        ],
        [
            0.01975535787642002,
            -0.0013851849362254143,
            0.03132228925824165
        ],
        [
            0.11658481508493423,
            0.002640516497194767,
            0.03233661502599716
        ],
        [
            0.11503031849861145,
            0.011846833862364292,
            0.029205866158008575
        ],
        [
            0.05614231526851654,
            -0.011244704015552998,
            0.04996207356452942
        ],
        [
            0.06113819777965546,
            -0.002088104374706745,
            0.05419052392244339
        ],
        [
            0.048790737986564636,
            -0.004147905856370926,
            0.060147326439619064
        ],
        [
            0.04693989455699921,
            -0.0137974563986063,
            0.054067641496658325
        ],
        [
            0.10132527351379395,
            -0.010366672649979591,
            0.02791760489344597
        ],
        [
            0.108795166015625,
            -0.008335642516613007,
            0.029250705614686012
        ],
        [
            -0.03111708164215088,
            -0.01697859913110733,
            0.006864268332719803
        ],
        [
            -0.02529137209057808,
            -0.01814592070877552,
            0.005767902359366417
        ],
        [
            0.07084329426288605,
            0.018890270963311195,
            -0.033558037132024765
        ],
        [
            0.05334162339568138,
            0.03096812218427658,
            -0.033240556716918945
        ],
        [
            0.08446235954761505,
            0.011112090200185776,
            -0.03129448741674423
        ],
        [
            0.09382791072130203,
            0.00590132549405098,
            -0.02809971012175083
        ],
        [
            0.10252823680639267,
            0.0038555487990379333,
            -0.026939626783132553
        ],
        [
            0.017199905589222908,
            0.0011053364723920822,
            0.002835632301867008
        ],
        [
            0.03951578587293625,
            0.006894353777170181,
            0.0029686358757317066
        ],
        [
            0.05443812534213066,
            0.00998759362846613,
            0.013435350731015205
        ],
        [
            0.0609322115778923,
            0.01854749210178852,
            0.04249870777130127
        ],
        [
            0.0705934539437294,
            0.021840564906597137,
            0.03955017402768135
        ],
        [
            0.06395740061998367,
            0.020594950765371323,
            0.03119625896215439
        ],
        [
            0.05701737105846405,
            0.017338261008262634,
            0.03553401306271553
        ],
        [
            0.059492237865924835,
            0.007625794969499111,
            0.05527446046471596
        ],
        [
            0.05485150218009949,
            0.012947446666657925,
            0.05125182867050171
        ],
        [
            0.04649408906698227,
            0.009906573221087456,
            0.05448194220662117
        ],
        [
            0.049201495945453644,
            0.004750022664666176,
            0.059418935328722
        ],
        [
            0.031387291848659515,
            0.028971418738365173,
            -0.030844245105981827
        ],
        [
            0.04137755185365677,
            0.014124851673841476,
            -0.03239057585597038
        ],
        [
            0.09980113804340363,
            0.017893575131893158,
            0.032739099115133286
        ],
        [
            0.10598552227020264,
            0.018808424472808838,
            0.02804720029234886
        ],
        [
            0.1138051301240921,
            0.018098678439855576,
            0.024759411811828613
        ],
        [
            0.07406983524560928,
            0.020288433879613876,
            0.009664450772106647
        ],
        [
            0.08709491044282913,
            0.024920977652072906,
            0.005778763443231583
        ],
        [
            0.08514248579740524,
            0.024279408156871796,
            0.0019491156563162804
        ],
        [
            0.07270810753107071,
            0.018101848661899567,
            0.006736263167113066
        ],
        [
            0.06118210032582283,
            0.01997070200741291,
            -0.0013134293258190155
        ],
        [
            0.07241145521402359,
            0.02638683095574379,
            -0.003983539063483477
        ],
        [
            0.0527159720659256,
            0.026256466284394264,
            -0.0024941153824329376
        ],
        [
            0.0984150618314743,
            0.023089122027158737,
            -0.00376336183398962
        ],
        [
            0.10825347900390625,
            0.024569742381572723,
            0.0011012367904186249
        ],
        [
            0.10708450525999069,
            0.0227799229323864,
            -0.007568802684545517
        ],
        [
            0.11054843664169312,
            0.024144314229488373,
            0.010646975599229336
        ],
        [
            0.11246813833713531,
            0.022165173664689064,
            0.019141145050525665
        ],
        [
            0.11726705729961395,
            -0.009062672033905983,
            0.02979198843240738
        ],
        [
            0.10537561774253845,
            0.019728368148207664,
            -0.015153803862631321
        ],
        [
            0.04348180070519447,
            0.04312548041343689,
            -0.011666598729789257
        ],
        [
            0.037155501544475555,
            0.04777256399393082,
            -0.015539463609457016
        ],
        [
            0.03264863044023514,
            0.04239746555685997,
            -0.011992909014225006
        ],
        [
            0.03847203403711319,
            0.037198156118392944,
            -0.007942995056509972
        ],
        [
            0.009362420067191124,
            -0.014364568516612053,
            -0.015338553115725517
        ],
        [
            0.009351549670100212,
            -0.006789997685700655,
            -0.015159841626882553
        ],
        [
            0.017775224521756172,
            -0.001751563511788845,
            -0.01672503352165222
        ],
        [
            0.07828660309314728,
            0.026032429188489914,
            0.02169664390385151
        ],
        [
            0.08494308590888977,
            0.02475184015929699,
            0.03238288313150406
        ],
        [
            0.007945364341139793,
            -0.0012435438111424446,
            0.00039254408329725266
        ],
        [
            -0.021960608661174774,
            -0.018392469733953476,
            -0.0005446700379252434
        ],
        [
            -0.02259737253189087,
            -0.013640067540109158,
            -0.004029928706586361
        ],
        [
            -0.005467391572892666,
            -0.01565043441951275,
            -0.010078957304358482
        ],
        [
            -0.005725228227674961,
            -0.021090149879455566,
            -0.005956033244729042
        ],
        [
            0.0019005817594006658,
            -0.007457789033651352,
            0.006863585207611322
        ],
        [
            0.003366788849234581,
            -0.002939231228083372,
            0.0018452482763677835
        ],
        [
            0.0010483685182407498,
            -0.00421986635774374,
            0.0033169526141136885
        ],
        [
            -0.0007857228629291058,
            -0.006884564645588398,
            0.008982744999229908
        ],
        [
            0.018345577642321587,
            -0.0008721454069018364,
            0.038622092455625534
        ],
        [
            0.024720465764403343,
            0.001113077625632286,
            0.038190703839063644
        ],
        [
            0.01585197076201439,
            -0.025361012667417526,
            0.008277111686766148
        ],
        [
            0.015623679384589195,
            -0.0276467464864254,
            -0.005057972855865955
        ],
        [
            0.026244089007377625,
            -0.023773327469825745,
            -0.008057528175413609
        ],
        [
            0.03561781346797943,
            0.00391100998967886,
            0.02313670516014099
        ],
        [
            0.02599364146590233,
            0.0013071652501821518,
            0.026314498856663704
        ],
        [
            0.02774392068386078,
            0.0019306791946291924,
            0.030100345611572266
        ],
        [
            0.014653634279966354,
            -0.0004023183137178421,
            0.006720733363181353
        ],
        [
            0.007534484378993511,
            -0.002921849489212036,
            0.006333870347589254
        ],
        [
            0.01130523718893528,
            -0.003226124681532383,
            0.010574200190603733
        ],
        [
            0.017968397587537766,
            -0.0004485035315155983,
            0.011291738599538803
        ],
        [
            0.07338221371173859,
            -0.0004265597090125084,
            0.04906386509537697
        ],
        [
            0.07146350294351578,
            0.011012651026248932,
            0.05074677988886833
        ],
        [
            -0.030400000512599945,
            -0.005028565414249897,
            -0.0004715649411082268
        ],
        [
            -0.02628917619585991,
            -0.0064482856541872025,
            -0.0023464206606149673
        ],
        [
            0.04634367302060127,
            0.0068586478009819984,
            0.020387884229421616
        ],
        [
            0.0397149957716465,
            -0.019189005717635155,
            -0.010553546249866486
        ],
        [
            0.05668720230460167,
            0.01126854494214058,
            0.018342792987823486
        ],
        [
            0.0293753482401371,
            -0.016015734523534775,
            0.04674726724624634
        ],
        [
            0.027750089764595032,
            -0.009421027265489101,
            0.049269504845142365
        ],
        [
            0.02073417603969574,
            -0.008192128501832485,
            0.04878029227256775
        ],
        [
            0.019999179989099503,
            -0.01401924341917038,
            0.047715380787849426
        ],
        [
            -0.015088830143213272,
            -0.007010146044194698,
            0.014125160872936249
        ],
        [
            -0.016240457072854042,
            -0.0026913881301879883,
            0.010400693863630295
        ],
        [
            -0.020697299391031265,
            -0.0022170841693878174,
            0.011772413738071918
        ],
        [
            -0.020116589963436127,
            -0.006620957050472498,
            0.015422340482473373
        ],
        [
            0.0036199537571519613,
            -0.0022070445120334625,
            -0.004000398330390453
        ],
        [
            0.0038733752444386482,
            -0.0039824978448450565,
            -0.010156651958823204
        ],
        [
            -0.002134408103302121,
            -0.004425599239766598,
            -0.007224267814308405
        ],
        [
            -0.0007420922629535198,
            -0.0034854598343372345,
            -0.0014857510104775429
        ],
        [
            0.002126578241586685,
            -0.00952958408743143,
            -0.012905589304864407
        ],
        [
            -0.0038734721019864082,
            -0.009552819654345512,
            -0.010504813864827156
        ],
        [
            -0.015527362003922462,
            -0.013492312282323837,
            0.014541622251272202
        ],
        [
            -0.017646126449108124,
            -0.01952829584479332,
            0.010554805397987366
        ],
        [
            -0.002947927452623844,
            -0.021332327276468277,
            0.0073470138013362885
        ],
        [
            -0.003256162628531456,
            -0.013908790424466133,
            0.010768979787826538
        ],
        [
            0.07576535642147064,
            -0.017323093488812447,
            0.023787178099155426
        ],
        [
            0.07963008433580399,
            -0.012644828297197819,
            0.03318295627832413
        ],
        [
            0.06535148620605469,
            -0.013769996352493763,
            0.03797253221273422
        ],
        [
            0.051628679037094116,
            -0.01593160629272461,
            0.043464161455631256
        ],
        [
            0.038339704275131226,
            -0.017265642061829567,
            0.047548599541187286
        ],
        [
            0.03437546640634537,
            -0.023836344480514526,
            0.038022298365831375
        ],
        [
            0.06926947087049484,
            -0.00958914402872324,
            0.043891791254282
        ],
        [
            0.006026694551110268,
            -0.015215342864394188,
            0.010258475318551064
        ],
        [
            0.00743071036413312,
            -0.022610560059547424,
            0.005022938828915358
        ],
        [
            0.009233353659510612,
            -0.02119877189397812,
            0.009893259033560753
        ],
        [
            0.05838070437312126,
            0.014318532310426235,
            0.024974986910820007
        ],
        [
            -0.021670598536729813,
            -0.008492371067404747,
            -0.004472498316317797
        ],
        [
            0.09697967022657394,
            -0.013743996620178223,
            -0.01490418054163456
        ],
        [
            0.09998220950365067,
            -0.017764100804924965,
            -0.0021446198225021362
        ],
        [
            0.0911685898900032,
            -0.01798548549413681,
            -0.0027741538360714912
        ],
        [
            0.08736903965473175,
            -0.012472526170313358,
            -0.01720229908823967
        ],
        [
            -0.017861947417259216,
            -0.0011837854981422424,
            0.003876650705933571
        ],
        [
            -0.019946955144405365,
            -0.0030472250655293465,
            -0.0017829700373113155
        ],
        [
            0.025670427829027176,
            0.002363729290664196,
            0.044517990201711655
        ],
        [
            0.019459452480077744,
            -9.773392230272293e-05,
            0.04406779631972313
        ],
        [
            0.018733737990260124,
            -0.001893430482596159,
            0.04692530632019043
        ],
        [
            0.024083677679300308,
            0.0019019227474927902,
            0.04940139502286911
        ],
        [
            0.08266814053058624,
            -0.009305036626756191,
            0.037139009684324265
        ],
        [
            0.03928029164671898,
            -0.00340105127543211,
            0.06231188401579857
        ],
        [
            0.039257049560546875,
            -0.012569410726428032,
            0.057474009692668915
        ],
        [
            0.09193788468837738,
            -0.011887076310813427,
            0.02865288034081459
        ],
        [
            0.08885510265827179,
            -0.016543414443731308,
            0.0205744206905365
        ],
        [
            0.09843547642230988,
            -0.015871552750468254,
            0.01883903704583645
        ],
        [
            0.02291778102517128,
            -0.025180470198392868,
            0.028027236461639404
        ],
        [
            0.07078081369400024,
            -0.02009664848446846,
            0.017199993133544922
        ],
        [
            0.0849253460764885,
            -0.018438825383782387,
            0.014227130450308323
        ],
        [
            0.09619935601949692,
            -0.017726492136716843,
            0.011844824999570847
        ],
        [
            0.10449482500553131,
            -0.01770542934536934,
            0.010906723327934742
        ],
        [
            0.10607939958572388,
            -0.015518970787525177,
            0.018647318705916405
        ],
        [
            -0.02010495960712433,
            -0.020068630576133728,
            0.005274681374430656
        ],
        [
            -0.02335513010621071,
            -0.01776834949851036,
            0.012080906890332699
        ],
        [
            0.11508656293153763,
            -0.016664912924170494,
            0.018977224826812744
        ],
        [
            0.1128324568271637,
            -0.018426693975925446,
            0.010098958387970924
        ],
        [
            0.0808759480714798,
            -0.01959834061563015,
            0.005965934135019779
        ],
        [
            0.07560378313064575,
            -0.019193515181541443,
            -0.004701016470789909
        ],
        [
            0.0672885924577713,
            -0.020922450348734856,
            0.009167504496872425
        ],
        [
            0.06109561771154404,
            -0.020967435091733932,
            -0.0009128237143158913
        ],
        [
            0.022593479603528976,
            -0.030665595084428787,
            0.0187497790902853
        ],
        [
            -0.03879232332110405,
            -0.010913290083408356,
            0.019647803157567978
        ],
        [
            -0.027834508568048477,
            -0.012842809781432152,
            0.0172223299741745
        ],
        [
            -0.026139192283153534,
            -0.007282087579369545,
            0.01732737012207508
        ],
        [
            -0.03686323016881943,
            -0.007323996163904667,
            0.021070953458547592
        ],
        [
            -0.020956534892320633,
            -0.012485640123486519,
            0.015739746391773224
        ],
        [
            -0.029281828552484512,
            -0.01668519526720047,
            0.013214485719799995
        ],
        [
            0.0544687882065773,
            -0.015468703582882881,
            -0.014519594609737396
        ],
        [
            0.005731476470828056,
            -0.0062196035869419575,
            0.011057323776185513
        ],
        [
            0.06956251710653305,
            -0.010189092718064785,
            -0.020889712497591972
        ],
        [
            0.04258938133716583,
            -0.005879538133740425,
            -0.026019040495157242
        ],
        [
            0.053945694118738174,
            0.0004128196742385626,
            -0.03025476075708866
        ],
        [
            0.08488742262125015,
            -0.003172227181494236,
            -0.027991216629743576
        ],
        [
            0.0698011964559555,
            0.004968144465237856,
            -0.03387196362018585
