{
    "pred_cam": [
        6.906623840332031,
        0.05816406011581421,
        -0.08548175543546677
    ],
    "pred_mano_params": {
        "global_orient": [
            [
                [
                    0.6012640595436096,
                    -0.7706575989723206,
                    0.21111221611499786
                ],
                [
                    -0.7989802360534668,
                    -0.5763469338417053,
                    0.17162419855594635
                ],
                [
                    -0.010589624755084515,
                    -0.27186593413352966,
                    -0.9622768759727478
                ]
            ]
        ],
        "hand_pose": [
            [
                [
                    0.9819101691246033,
                    -0.06127316132187843,
                    -0.17915932834148407
                ],
                [
                    0.04118423908948898,
                    0.9926526546478271,
                    -0.11377435177564621
                ],
                [
                    0.18481428921222687,
                    0.1043376475572586,
                    0.9772192239761353
                ]
            ],
            [
                [
                    0.9999803900718689,
                    -0.005702074617147446,
                    0.0026001757942140102
                ],
                [
                    0.0061155883595347404,
                    0.9785111546516418,
                    -0.20610356330871582
                ],
                [
                    -0.001369078760035336,
                    0.20611540973186493,
                    0.9785268306732178
                ]
            ],
            [
                [
                    0.9529796242713928,
                    -0.27206242084503174,
                    -0.1334611028432846
                ],
                [
                    0.26926642656326294,
                    0.9622789025306702,
                    -0.03892137110233307
                ],
                [
                    0.13901583850383759,
                    0.0011546788737177849,
                    0.9902894496917725
                ]
            ],
            [
                [
                    0.9687342643737793,
                    0.055541690438985825,
                    -0.24180375039577484
                ],
                [
                    -0.1004723310470581,
                    0.9789498448371887,
                    -0.17765840888023376
                ],
                [
                    0.22684629261493683,
                    0.19639837741851807,
                    0.953922688961029
                ]
            ],
            [
                [
                    0.9602662920951843,
                    -0.24260884523391724,
                    -0.13794773817062378
                ],
                [
                    0.27312329411506653,
                    0.9185490012168884,
                    0.2857823371887207
                ],
                [
                    0.05737842246890068,
                    -0.31210389733314514,
                    0.9483137726783752
                ]
            ],
            [
                [
                    0.9421731233596802,
                    -0.33028432726860046,
                    0.05676272138953209
                ],
                [
                    0.3316749632358551,
                    0.9432430863380432,
                    -0.016856610774993896
                ],
                [
                    -0.047973573207855225,
                    0.034708619117736816,
                    0.9982452988624573
                ]
            ],
            [
                [
                    0.6854808926582336,
                    -0.670617938041687,
                    0.283526748418808
                ],
                [
                    0.5608451962471008,
                    0.73466557264328,
                    0.38173192739486694
                ],
                [
                    -0.46429362893104553,
                    -0.10265538841485977,
                    0.8797120451927185
                ]
            ],
            [
                [
                    0.951779842376709,
                    -0.21093925833702087,
                    -0.22275495529174805
                ],
                [
                    0.22068867087364197,
                    0.9751487970352173,
                    0.019527610391378403
                ],
                [
                    0.21310009062290192,
                    -0.06774548441171646,
                    0.9746788740158081
                ]
            ],
            [
                [
                    0.9674135446548462,
                    0.014599183574318886,
                    0.25278031826019287
                ],
                [
                    -0.03992236778140068,
                    0.9946436882019043,
                    0.09534171223640442
                ],
                [
                    -0.2500344514846802,
                    -0.10232646763324738,
                    0.9628146290779114
                ]
            ],
            [
                [
                    0.9856544137001038,
                    -0.15956665575504303,
                    0.05498895049095154
                ],
                [
                    0.16649575531482697,
                    0.9726573824882507,
                    -0.16191589832305908
                ],
                [
                    -0.027649030089378357,
                    0.16874855756759644,
                    0.9852712154388428
                ]
            ],
            [
                [
                    0.955043375492096,
                    -0.10823556035757065,
                    -0.27600210905075073
                ],
                [
                    0.17435376346111298,
                    0.9580128192901611,
                    0.2276228964328766
                ],
                [
                    0.23977667093276978,
                    -0.26551178097724915,
                    0.933815062046051
                ]
            ],
            [
                [
                    0.9118543863296509,
                    -0.3263804316520691,
                    0.2489929050207138
                ],
                [
                    0.31365934014320374,
                    0.9452289342880249,
                    0.09033407270908356
                ],
                [
                    -0.2648385167121887,
                    -0.004272574558854103,
                    0.9642834067344666
                ]
            ],
            [
                [
                    0.980476975440979,
                    -0.194786936044693,
                    -0.026889560744166374
                ],
                [
                    0.039464715868234634,
                    0.32890084385871887,
                    -0.9435395002365112
                ],
                [
                    0.19263321161270142,
                    0.9240574836730957,
                    0.33016690611839294
                ]
            ],
            [
                [
                    0.9702031016349792,
                    -0.23818084597587585,
                    -0.04445097967982292
                ],
                [
                    0.2167317420244217,
                    0.7711005806922913,
                    0.5986912846565247
                ],
                [
                    -0.10832061618566513,
                    -0.5904860496520996,
                    0.799745500087738
                ]
            ],
            [
                [
                    0.9771119356155396,
                    0.1240287497639656,
                    -0.17282693088054657
                ],
                [
                    -0.1358555257320404,
                    0.9890102744102478,
                    -0.05832625925540924
                ],
                [
                    0.16369347274303436,
                    0.08047077804803848,
                    0.9832237362861633
                ]
            ]
        ],
        "betas": [
            -0.0791439414024353,
            -0.05172291398048401,
            -0.1045856773853302,
            0.04731437563896179,
            0.004329204559326172,
            -0.06608269363641739,
            0.09786917269229889,
            -0.06525227427482605,
            -0.0302688330411911,
            -0.06548511981964111
        ]
    },
    "pred_cam_t": [
        -0.05816406011581421,
        -0.08548175543546677,
        5.655802249908447
    ],
    "focal_length": [
        5000.0,
        5000.0
    ],
    "pred_keypoints_3d": [
        [
            0.0961766242980957,
            0.006415005773305893,
            0.006210658233612776
        ],
        [
            0.09914764016866684,
            0.039203934371471405,
            -0.014190532267093658
        ],
        [
            0.1057361513376236,
            0.06941372901201248,
            -0.012399296276271343
        ],
        [
            0.10668376088142395,
            0.09640776365995407,
            -0.008833385072648525
        ],
        [
            0.10267193615436554,
            0.13207730650901794,
            -0.007879294455051422
        ],
        [
            0.05130013823509216,
            0.08374892175197601,
            -0.01132022961974144
        ],
        [
            0.028923485428094864,
            0.10807327181100845,
            -0.00830789003521204
        ],
        [
            0.016656577587127686,
            0.12595517933368683,
            -0.003028969746083021
        ],
        [
            0.0048605650663375854,
            0.1457872986793518,
            0.00843750685453415
        ],
        [
            0.0393875315785408,
            0.08269259333610535,
            0.010934485122561455
        ],
        [
            0.014935851097106934,
            0.10026564449071884,
            0.021210849285125732
        ],
        [
            0.004832216538488865,
            0.11743838340044022,
            0.033434413373470306
        ],
        [
            -0.0033872630447149277,
            0.13881419599056244,
            0.04569464921951294
        ],
        [
            0.0441894456744194,
            0.0697275847196579,
            0.03394949063658714
        ],
        [
            0.02754562720656395,
            0.09304012358188629,
            0.03848014771938324
        ],
        [
            0.019773656502366066,
            0.11142922937870026,
            0.05342318117618561
        ],
        [
            0.014520357362926006,
            0.13429699838161469,
            0.06279384344816208
        ],
        [
            0.0531497560441494,
            0.05997351184487343,
            0.051378097385168076
        ],
        [
            0.05431950464844704,
            0.07996703684329987,
            0.05836784839630127
        ],
        [
            0.05936300382018089,
            0.09566642343997955,
            0.06792008876800537
        ],
        [
            0.06377024948596954,
            0.11454038321971893,
            0.07235930860042572
        ]
    ],
    "pred_vertices": [
        [
            0.08286678791046143,
            0.05929053574800491,
            -0.0037293732166290283
        ],
        [
            0.08976073563098907,
            0.051009174436330795,
            -0.0023246337659657
        ],
        [
            0.09138521552085876,
            0.05972335860133171,
            -0.0035654734820127487
        ],
        [
            0.08394543826580048,
            0.06696155667304993,
            -0.007807060610502958
        ],
        [
            0.11019396036863327,
            0.0476868711411953,
            0.000918305478990078
        ],
        [
            0.11788588762283325,
            0.04454512894153595,
            -0.007657991722226143
        ],
        [
            0.11733430624008179,
            0.06066334992647171,
            -0.00674430700019002
        ],
        [
            0.11180764436721802,
            0.061140358448028564,
            0.001482074148952961
        ],
        [
            0.08402498811483383,
            0.07293999195098877,
            -0.010662157088518143
        ],
        [
            0.09304609149694443,
            0.06746357679367065,
            -0.00412471778690815
        ],
        [
            0.08419231325387955,
            0.07403019815683365,
            -0.012587704695761204
        ],
        [
            0.07034066319465637,
            0.07425250858068466,
            -0.021625608205795288
        ],
        [
            0.07383925467729568,
            0.07572977989912033,
            -0.01686082035303116
        ],
        [
            0.06160150095820427,
            0.07659037411212921,
            -0.023273998871445656
        ],
        [
            0.06774716079235077,
            0.0648280680179596,
            -0.026040127500891685
        ],
        [
            0.054681673645973206,
            0.07016751170158386,
            -0.02294948697090149
        ],
        [
            0.05404108390212059,
            0.0437304712831974,
            -0.009101097472012043
        ],
        [
            0.05272503197193146,
            0.03781626373529434,
            0.00333204073831439
        ],
        [
            0.043960537761449814,
            0.051093101501464844,
            0.005516477394849062
        ],
        [
            0.046571411192417145,
            0.05614786967635155,
            -0.006908440496772528
        ],
        [
            0.04878069460391998,
            0.04176483303308487,
            0.023275302723050117
        ],
        [
            0.045304734259843826,
            0.04748477414250374,
            0.013688165694475174
        ],
        [
            0.05352601781487465,
            0.03347074240446091,
            0.011205382645130157
        ],
        [
            0.05652596801519394,
            0.02908138558268547,
            0.019972756505012512
        ],
        [
            0.08287841081619263,
            0.0482034757733345,
            0.00782814621925354
        ],
        [
            0.08972246944904327,
            0.040049921721220016,
            0.008100908249616623
        ],
        [
            0.0887366533279419,
            0.04315568506717682,
            0.002834395971149206
        ],
        [
            0.08287964761257172,
            0.05118705332279205,
            0.0029125416185706854
        ],
        [
            0.09340284764766693,
            0.07722867280244827,
            -0.016449838876724243
        ],
        [
            0.08685631304979324,
            0.06597468256950378,
            -0.025137703865766525
        ],
        [
            0.0830380916595459,
            0.07055046409368515,
            -0.019923463463783264
        ],
        [
            0.09355175495147705,
            0.07852164655923843,
            -0.010894560255110264
        ],
        [
            0.11031173914670944,
            0.02142026275396347,
            0.01887941174209118
        ],
        [
            0.11335363984107971,
            0.008795537054538727,
            0.014823692850768566
        ],
        [
            0.11358743906021118,
            0.01000155508518219,
            0.008967619389295578
        ],
        [
            0.11024093627929688,
            0.021053217351436615,
            0.013677963986992836
        ],
        [
            0.11636637151241302,
            0.023183628916740417,
            -0.007604217156767845
        ],
        [
            0.11563042551279068,
            0.012986056506633759,
            -0.008833985775709152
        ],
        [
            0.1138596385717392,
            0.0066157057881355286,
            -0.02017667330801487
        ],
        [
            0.11310665309429169,
            0.017158813774585724,
            -0.0215756893157959
        ],
        [
            0.11693672090768814,
            0.034204140305519104,
            -0.007748293224722147
        ],
        [
            0.1163402795791626,
            0.030069567263126373,
            -0.02045835740864277
        ],
        [
            0.1178213357925415,
            0.04253438115119934,
            -0.01877632364630699
        ],
        [
            0.1170952320098877,
            0.06006952002644539,
            -0.015929030254483223
        ],
        [
            0.1101592481136322,
            0.00435301661491394,
            0.026498859748244286
        ],
        [
            0.10796593129634857,
            0.01314738392829895,
            0.03131867200136185
        ],
        [
            0.03337694704532623,
            0.11818177998065948,
            -0.008616850711405277
        ],
        [
            0.032207515090703964,
            0.11715638637542725,
            -0.0029843728989362717
        ],
        [
            0.03633742034435272,
            0.11343967169523239,
            -0.004177899565547705
        ],
        [
            0.03645014390349388,
            0.11489196121692657,
            -0.00967264175415039
        ],
        [
            0.09232085943222046,
            -0.0005989670753479004,
            0.034925080835819244
        ],
        [
            0.08389902114868164,
            -0.004969485104084015,
            0.03133663535118103
        ],
        [
            0.08905133605003357,
            -0.010145992040634155,
            0.031687378883361816
        ],
        [
            0.09738434106111526,
            -0.005962744355201721,
            0.03314507007598877
        ],
        [
            0.08569103479385376,
            0.006554685533046722,
            0.037203092128038406
        ],
        [
            0.0772993415594101,
            0.0026928484439849854,
            0.030544038861989975
        ],
        [
            0.0241536907851696,
            0.11317626386880875,
            -0.015708256512880325
        ],
        [
            0.02818538434803486,
            0.11635971814393997,
            -0.015562079846858978
        ],
        [
            0.03035232238471508,
            0.1119035854935646,
            -0.016985435038805008
        ],
        [
            0.026628835126757622,
            0.1081298217177391,
            -0.016380852088332176
        ],
        [
            0.07631583511829376,
            0.07301457226276398,
            -0.011330805718898773
        ],
        [
            0.07715320587158203,
            0.06715995073318481,
            -0.004349949769675732
        ],
        [
            0.06218189001083374,
            0.08685136586427689,
            -0.009874770417809486
        ],
        [
            0.06797811388969421,
            0.07769958674907684,
            -0.007029648870229721
        ],
        [
            0.06897503137588501,
            0.07880666851997375,
            -0.013983289711177349
        ],
        [
            0.06296220421791077,
            0.08531812578439713,
            -0.016220590099692345
        ],
        [
            0.06780976802110672,
            0.06475970149040222,
            0.013094729743897915
        ],
        [
            0.07500562071800232,
            0.055413369089365005,
            0.011686949990689754
        ],
        [
            0.07448285073041916,
            0.05899982154369354,
            0.006061171181499958
        ],
        [
            0.06742128729820251,
            0.07013654708862305,
            0.006256238557398319
        ],
        [
            0.07699118554592133,
            0.05116652324795723,
            0.025101369246840477
        ],
        [
            0.06937747448682785,
            0.06044527143239975,
            0.02529488131403923
        ],
        [
            0.07142113149166107,
            0.05695417523384094,
            0.032859306782484055
        ],
        [
            0.07723847031593323,
            0.05150499939918518,
            0.0316392183303833
        ],
        [
            0.05564098432660103,
            0.07743649184703827,
            0.022764747962355614
        ],
        [
            0.04813941568136215,
            0.08212768286466599,
            0.022653549909591675
        ],
        [
            0.0483073964715004,
            0.08102352917194366,
            0.02587934024631977
        ],
        [
            0.05567321926355362,
            0.07537301629781723,
            0.026012657210230827
        ],
        [
            0.09331052005290985,
            -0.01581542193889618,
            0.031294096261262894
        ],
        [
            0.10190582275390625,
            -0.011052906513214111,
            0.030516289174556732
        ],
        [
            0.056048229336738586,
            0.035254813730716705,
            0.042503535747528076
        ],
        [
            0.06493968516588211,
            0.03361385688185692,
            0.04889830946922302
        ],
        [
            0.057949766516685486,
            0.043647367507219315,
            0.05372636020183563
        ],
        [
            0.04999496787786484,
            0.04258648306131363,
            0.04560982063412666
        ],
        [
            0.07738180458545685,
            -0.005686216056346893,
            0.023205958306789398
        ],
        [
            0.08147048205137253,
            -0.012065224349498749,
            0.02528405748307705
        ],
        [
            0.020313356071710587,
            0.10989120602607727,
            -0.012123038992285728
        ],
        [
            0.023484930396080017,
            0.10508468747138977,
            -0.012219605036079884
        ],
        [
            0.10913486778736115,
            0.038080908358097076,
            -0.029080156236886978
        ],
        [
            0.11160363256931305,
            0.05924561992287636,
            -0.024332493543624878
        ],
        [
            0.10656043142080307,
            0.021858327090740204,
            -0.02921535260975361
        ],
        [
            0.10405243188142776,
            0.010612450540065765,
            -0.027255374938249588
        ],
        [
            0.10467672348022461,
            0.0014048218727111816,
            -0.026307888329029083
        ],
        [
            0.06477794051170349,
            0.07947725802659988,
            -0.0010552788153290749
        ],
        [
            0.07792280614376068,
            0.05959600955247879,
            0.0011465768329799175
        ],
        [
            0.08327686041593552,
            0.04610905423760414,
            0.01257987692952156
        ],
        [
            0.08614183962345123,
            0.04147934541106224,
            0.04304416477680206
        ],
        [
            0.09315724670886993,
            0.0336516797542572,
            0.04143095389008522
        ],
        [
            0.0917927473783493,
            0.03990327939391136,
            0.03282477706670761
        ],
        [
            0.08539359271526337,
            0.04511617496609688,
            0.03589153662323952
        ],
        [
            0.07290877401828766,
            0.038418352603912354,
            0.05237152799963951
        ],
        [
            0.07703764736652374,
            0.04476018622517586,
            0.0497070848941803
        ],
        [
            0.07111527025699615,
            0.051163315773010254,
            0.05140251666307449
        ],
        [
            0.06635363399982452,
            0.04640774801373482,
            0.055046409368515015
        ],
        [
            0.09796979278326035,
            0.07716634124517441,
            -0.022353509441018105
        ],
        [
            0.09217116236686707,
            0.06245375797152519,
            -0.02919180691242218
        ],
        [
            0.10129599273204803,
            0.005113787949085236,
            0.03497384861111641
        ],
        [
            0.10545149445533752,
            -0.00014387816190719604,
            0.03087650053203106
        ],
        [
            0.1082821786403656,
            -0.007542930543422699,
            0.027753222733736038
        ],
        [
            0.10050293803215027,
            0.03119468316435814,
            0.012116038240492344
        ],
        [
            0.11021966487169266,
            0.02083546668291092,
            0.010020713321864605
        ],
        [
            0.11011150479316711,
            0.022629916667938232,
            0.006001626141369343
        ],
        [
            0.0989212691783905,
            0.03169403225183487,
            0.008534364402294159
        ],
        [
            0.0979255735874176,
            0.04285982996225357,
            0.0012771561741828918
        ],
        [
            0.10884600132703781,
            0.03546859323978424,
            0.0007020048797130585
        ],
        [
            0.09975869208574295,
            0.05314221233129501,
            0.0026414478197693825
        ],
        [
            0.11481030285358429,
            0.010203815996646881,
            0.0008203956531360745
        ],
        [
            0.11815965175628662,
            0.0011408403515815735,
            0.006294617895036936
        ],
        [
            0.11832578480243683,
            0.0021492168307304382,
            -0.0025899228639900684
        ],
        [
            0.11617469787597656,
            -0.0016841143369674683,
            0.015506875701248646
        ],
        [
            0.11292502284049988,
            -0.0046126991510391235,
            0.023301180452108383
        ],
        [
            0.08358228206634521,
            -0.020296931266784668,
            0.025912687182426453
        ],
        [
            0.11693271994590759,
            0.0032126978039741516,
            -0.010735670104622841
        ],
        [
            0.11193972826004028,
            0.07081524282693863,
            -0.00025425362400710583
        ],
        [
            0.11230334639549255,
            0.07956446707248688,
            -0.002325634704902768
        ],
        [
            0.10515759140253067,
            0.07949981093406677,
            -9.952625259757042e-05
        ],
        [
            0.10400858521461487,
            0.0716436356306076,
            0.0016656315419822931
        ],
        [
            0.05272587761282921,
            0.0813814029097557,
            -0.023459529504179955
        ],
        [
            0.058942876756191254,
            0.08498327434062958,
            -0.02092764899134636
        ],
        [
            0.06741413474082947,
            0.07839418947696686,
            -0.02050737291574478
        ],
        [
            0.10399876534938812,
            0.028732363134622574,
            0.025544527918100357
        ],
        [
            0.10248173773288727,
            0.021475326269865036,
            0.03581979498267174
        ],
        [
            0.05808252468705177,
            0.08813710510730743,
            -0.00432422012090683
        ],
        [
            0.027782436460256577,
            0.10349000245332718,
            -0.017030997201800346
        ],
        [
            0.0321173369884491,
            0.10719332844018936,
            -0.018203366547822952
        ],
        [
            0.04209047183394432,
            0.09317735582590103,
            -0.021129060536623
        ],
        [
            0.03640560433268547,
            0.08997771143913269,
            -0.019659295678138733
        ],
        [
            0.04618165269494057,
            0.09078020602464676,
            -0.0011917483061552048
        ],
        [
            0.05246493220329285,
            0.09154117107391357,
            -0.004030618816614151
        ],
        [
            0.048878055065870285,
            0.09301585704088211,
            -0.0036707427352666855
        ],
        [
            0.043515488505363464,
            0.09275878965854645,
            -0.00010424165520817041
        ],
        [
            0.05161058157682419,
            0.07640469074249268,
            0.033401064574718475
        ],
        [
            0.0580788180232048,
            0.07125960290431976,
            0.03334851562976837
        ],
        [
            0.04093940183520317,
            0.07046333700418472,
            -0.0032759993337094784
        ],
        [
            0.04261956363916397,
            0.0697350725531578,
            -0.01657794415950775
        ],
        [
            0.04945642501115799,
            0.061589233577251434,
            -0.017228752374649048
        ],
        [
            0.06888149678707123,
            0.06147582083940506,
            0.01975899189710617
        ],
        [
            0.06239542365074158,
            0.06988009810447693,
            0.021913010627031326
        ],
        [
            0.06254199892282486,
            0.0682385042309761,
            0.025780264288187027
        ],
        [
            0.061248645186424255,
            0.08127158880233765,
            0.002166008809581399
        ],
        [
            0.05483957752585411,
            0.08753589540719986,
            0.0007888616528362036
        ],
        [
            0.05613226443529129,
            0.08400359749794006,
            0.005125700030475855
        ],
        [
            0.061561111360788345,
            0.07763303816318512,
            0.006599755492061377
        ],
        [
            0.07164464890956879,
            0.02290290594100952,
            0.045048005878925323
        ],
        [
            0.08089791238307953,
            0.028517361730337143,
            0.04951808601617813
        ],
        [
            0.031721629202365875,
            0.11803948879241943,
            -0.013070765882730484
        ],
        [
            0.034259069710969925,
            0.11415471881628036,
            -0.01441673468798399
        ],
        [
            0.07592223584651947,
            0.05239415913820267,
            0.018223555758595467
        ],
        [
            0.05801901966333389,
            0.05094880610704422,
            -0.01823626086115837
        ],
        [
            0.0839897021651268,
            0.04418504610657692,
            0.01774301752448082
        ],
        [
            0.04366585984826088,
            0.05797134339809418,
            0.0368388369679451
        ],
        [
            0.04834199324250221,
            0.06265199184417725,
            0.04170989990234375
        ],
        [
            0.04415401071310043,
            0.06772049516439438,
            0.040622178465127945
        ],
        [
            0.03911576047539711,
            0.06475123763084412,
            0.03761828690767288
        ],
        [
            0.03291632980108261,
            0.10335710644721985,
            0.0019861431792378426
        ],
        [
            0.03682366758584976,
            0.10722196102142334,
            0.0002877283841371536
        ],
        [
            0.03367991745471954,
            0.11076277494430542,
            0.0008756010793149471
        ],
        [
            0.029516072943806648,
            0.10712969303131104,
            0.002300154883414507
        ],
        [
            0.055282142013311386,
            0.0920906513929367,
            -0.009184721857309341
        ],
        [
            0.056346721947193146,
            0.09132377058267593,
            -0.01567424088716507
        ],
        [
            0.051058560609817505,
            0.09623507410287857,
            -0.013783463276922703
        ],
        [
            0.05028402432799339,
            0.09516923129558563,
            -0.008061426691710949
        ],
        [
            0.05181640014052391,
            0.09035169333219528,
            -0.020359627902507782
        ],
        [
            0.047620296478271484,
            0.09526767581701279,
            -0.018944427371025085
        ],
        [
            0.02808655984699726,
            0.09968048334121704,
            -0.000508380588144064
        ],
        [
            0.024500451982021332,
            0.09796242415904999,
            -0.0070230793207883835
        ],
        [
            0.03245628625154495,
            0.08657290041446686,
            -0.007527786307036877
        ],
        [
            0.036323416978120804,
            0.09075156599283218,
            -0.0018548984080553055
        ],
        [
            0.06339335441589355,
            0.016157954931259155,
            0.016485828906297684
        ],
        [
            0.06659265607595444,
            0.013631030917167664,
            0.026907285675406456
        ],
        [
            0.05964796245098114,
            0.026401173323392868,
            0.030692456290125847
        ],
        [
            0.052162960171699524,
            0.03817693516612053,
            0.034796375781297684
        ],
        [
            0.046229735016822815,
            0.05009208619594574,
            0.03773682937026024
        ],
        [
            0.0418991856276989,
            0.05142834037542343,
            0.026507403701543808
        ],
        [
            0.06321553885936737,
            0.02386474609375,
            0.03759174793958664
        ],
        [
            0.04063038155436516,
            0.08392143994569778,
            0.0006618918851017952
        ],
        [
            0.0390588752925396,
            0.0785570740699768,
            -0.007264640182256699
        ],
        [
            0.038992349058389664,
            0.07756014168262482,
            -0.0012889895588159561
        ],
        [
            0.08569139242172241,
            0.04330040514469147,
            0.02499539591372013
        ],
        [
            0.03629427030682564,
            0.1095801293849945,
            -0.016270987689495087
        ],
        [
            0.08362938463687897,
            -0.0002438277006149292,
            -0.019327564164996147
        ],
        [
            0.07775036245584488,
            -0.005242004990577698,
            -0.007843775674700737
        ],
        [
            0.07470081746578217,
            0.002959996461868286,
            -0.008814698085188866
        ],
        [
            0.08215045928955078,
            0.009431883692741394,
            -0.02158261090517044
        ],
        [
            0.039888203144073486,
            0.11003149300813675,
            -0.005157277453690767
        ],
        [
            0.039800066500902176,
            0.11118174344301224,
            -0.01133396290242672
        ],
        [
            0.05796612799167633,
            0.06992468237876892,
            0.039703529328107834
        ],
        [
            0.0514412522315979,
            0.07429070770740509,
            0.03877457603812218
        ],
        [
            0.04847221076488495,
            0.07318900525569916,
            0.041281864047050476
        ],
        [
            0.05580466240644455,
            0.07023130357265472,
            0.045026037842035294
        ],
        [
            0.06964154541492462,
            0.011704690754413605,
            0.03168802335858345
        ],
        [
            0.055821120738983154,
            0.051527440547943115,
            0.056692566722631454
        ],
        [
            0.048010099679231644,
            0.049939628690481186,
            0.0494936928153038
        ],
        [
            0.07258668541908264,
            0.002560727298259735,
            0.02318643592298031
        ],
        [
            0.06932982802391052,
            0.004303008317947388,
            0.01406993716955185
        ],
        [
            0.07367689907550812,
            -0.0043449848890304565,
            0.012906943447887897
        ],
        [
            0.03841166943311691,
            0.06236401945352554,
            0.01587415486574173
        ],
        [
            0.060840457677841187,
            0.020242266356945038,
            0.009226325899362564
        ],
        [
            0.0678681805729866,
            0.00770038366317749,
            0.007300960831344128
        ],
        [
            0.07296983897686005,
            -0.0024975985288619995,
            0.005580440163612366
        ],
        [
            0.07609086483716965,
            -0.010197043418884277,
            0.004978189244866371
        ],
        [
            0.07667384296655655,
            -0.01136762648820877,
            0.013079100288450718
        ],
        [
            0.025096377357840538,
            0.10021312534809113,
            -0.012300832197070122
        ],
        [
            0.021949153393507004,
            0.10293117165565491,
            -0.006249608937650919
        ],
        [
            0.07865075021982193,
            -0.02022545039653778,
            0.01341970730572939
        ],
        [
            0.07849161326885223,
            -0.018213272094726562,
            0.004300598055124283
        ],
        [
            0.06748613715171814,
            0.011554919183254242,
            -0.0011220425367355347
        ],
        [
            0.06879504770040512,
            0.0172942653298378,
            -0.011563893407583237
        ],
        [
            0.06089681386947632,
            0.02365540713071823,
            0.0011478159576654434
        ],
        [
            0.061288975179195404,
            0.030019324272871017,
            -0.008839927613735199
        ],
        [
            0.038234494626522064,
            0.060773469507694244,
            0.005570271052420139
        ],
        [
            0.013200175017118454,
            0.11756283044815063,
            -0.00038844579830765724
        ],
        [
            0.02016543224453926,
            0.10864125192165375,
            -0.0006679478101432323
        ],
        [
            0.024540510028600693,
            0.11103669553995132,
            0.0023348364047706127
        ],
        [
            0.015945052728056908,
            0.1184149980545044,
            0.0028728554025292397
        ],
        [
            0.02508874610066414,
            0.10399391502141953,
            -0.00022796005941927433
        ],
        [
            0.018678702414035797,
            0.10773833841085434,
            -0.0061769140884280205
        ],
        [
            0.06732506304979324,
            0.03886667266488075,
            -0.020733986049890518
        ],
        [
            0.04826720058917999,
            0.08893999457359314,
            0.004555908963084221
        ],
        [
            0.07903983443975449,
            0.02724839746952057,
            -0.025119071826338768
        ],
        [
            0.07417133450508118,
            0.053604934364557266,
            -0.02921665459871292
        ],
        [
            0.08514468371868134,
            0.04608989134430885,
            -0.03140443190932274
        ],
        [
            0.09274831414222717,
            0.016016855835914612,
            -0.02977127954363823
        ],
        [
            0.09620708227157593,
            0.03376154601573944,
            -0.033450670540332794
        ],
        [
            0.09451872110366821,
            -0.0029317662119865417,
            -0.025176241993904114
        ],
        [
            0.09216981381177902,
            0.005906678736209869,
            -0.02647991105914116
        ],
        [
            0.10062181204557419,
            0.05171297490596771,
