{
    "pred_cam": [
        8.18559741973877,
        -0.10779370367527008,
        -0.07464516162872314
    ],
    "pred_mano_params": {
        "global_orient": [
            [
                [
                    0.24874357879161835,
                    -0.8127259016036987,
                    0.5268806219100952
                ],
                [
                    -0.9240434169769287,
                    -0.3621633052825928,
                    -0.12239886075258255
                ],
                [
                    0.29029354453086853,
                    -0.45641466975212097,
                    -0.841079831123352
                ]
            ]
        ],
        "hand_pose": [
            [
                [
                    0.7688928246498108,
                    -0.5995497703552246,
                    -0.22213491797447205
                ],
                [
                    0.5823561549186707,
                    0.8001165390014648,
                    -0.1437874734401703
                ],
                [
                    0.26394155621528625,
                    -0.018804477527737617,
                    0.9643553495407104
                ]
            ],
            [
                [
                    0.852687656879425,
                    -0.4558679759502411,
                    0.2551629841327667
                ],
                [
                    0.49792516231536865,
                    0.8569799065589905,
                    -0.13287577033042908
                ],
                [
                    -0.15809574723243713,
                    0.24035361409187317,
                    0.9577243328094482
                ]
            ],
            [
                [
                    0.7436811327934265,
                    -0.6684232950210571,
                    0.012193357571959496
                ],
                [
                    0.6442270278930664,
                    0.71164870262146,
                    -0.2802276909351349
                ],
                [
                    0.17863331735134125,
                    0.2162553369998932,
                    0.9598560333251953
                ]
            ],
            [
                [
                    0.7382000684738159,
                    -0.6606935262680054,
                    -0.1361790895462036
                ],
                [
                    0.671470046043396,
                    0.7390343546867371,
                    0.05437016859650612
                ],
                [
                    0.06471900641918182,
                    -0.13157625496387482,
                    0.9891911149024963
                ]
            ],
            [
                [
                    0.5400879979133606,
                    -0.8104110360145569,
                    -0.227021723985672
                ],
                [
                    0.8384190797805786,
                    0.4946345090866089,
                    0.2288891226053238
                ],
                [
                    -0.0732015073299408,
                    -0.31395959854125977,
                    0.9466102719306946
                ]
            ],
            [
                [
                    0.8261350393295288,
                    -0.4856719672679901,
                    -0.2856982350349426
                ],
                [
                    0.5286545753479004,
                    0.8435371518135071,
                    0.09470745176076889
                ],
                [
                    0.1950002759695053,
                    -0.2292768359184265,
                    0.9536283016204834
                ]
            ],
            [
                [
                    0.5258012413978577,
                    -0.6140579581260681,
                    0.5886135101318359
                ],
                [
                    0.4760964810848236,
                    0.7858994603157043,
                    0.39458099007606506
                ],
                [
                    -0.7048866748809814,
                    0.07276567071676254,
                    0.7055777311325073
                ]
            ],
            [
                [
                    0.7315990924835205,
                    -0.6084715127944946,
                    -0.30744972825050354
                ],
                [
                    0.681399405002594,
                    0.6385027766227722,
                    0.357783704996109
                ],
                [
                    -0.021393664181232452,
                    -0.4712502658367157,
                    0.881740152835846
                ]
            ],
            [
                [
                    0.8288177251815796,
                    -0.5585264563560486,
                    0.03330761194229126
                ],
                [
                    0.5289304256439209,
                    0.8015307784080505,
                    0.27889251708984375
                ],
                [
                    -0.18246591091156006,
                    -0.21353363990783691,
                    0.9597445726394653
                ]
            ],
            [
                [
                    0.7422296404838562,
                    -0.6468753814697266,
                    0.17506374418735504
                ],
                [
                    0.6415635943412781,
                    0.7613776922225952,
                    0.09327449649572372
                ],
                [
                    -0.19362661242485046,
                    0.043083418160676956,
                    0.9801287651062012
                ]
            ],
            [
                [
                    0.6206107139587402,
                    -0.7392642498016357,
                    -0.2614014744758606
                ],
                [
                    0.765519917011261,
                    0.49905315041542053,
                    0.40610983967781067
                ],
                [
                    -0.1697692573070526,
                    -0.45214414596557617,
                    0.8756392002105713
                ]
            ],
            [
                [
                    0.7917606234550476,
                    -0.504076361656189,
                    -0.3449958860874176
                ],
                [
                    0.5854905843734741,
                    0.7872709035873413,
                    0.19340446591377258
                ],
                [
                    0.17411461472511292,
                    -0.3551218807697296,
                    0.9184620380401611
                ]
            ],
            [
                [
                    0.971362292766571,
                    -0.1684507429599762,
                    -0.1675698459148407
                ],
                [
                    -0.10481974482536316,
                    0.32911062240600586,
                    -0.9384557008743286
                ],
                [
                    0.21323254704475403,
                    0.929145097732544,
                    0.30202868580818176
                ]
            ],
            [
                [
                    0.9485180377960205,
                    -0.2371152639389038,
                    -0.2099757045507431
                ],
                [
                    0.3164635896682739,
                    0.7363553047180176,
                    0.5980231165885925
                ],
                [
                    0.012816294096410275,
                    -0.6336854100227356,
                    0.7734846472740173
                ]
            ],
            [
                [
                    0.966077983379364,
                    0.2558746635913849,
                    -0.03494817391037941
                ],
                [
                    -0.25511616468429565,
                    0.9665937423706055,
                    0.0247426126152277
                ],
                [
                    0.04011169821023941,
                    -0.014987449161708355,
                    0.9990826845169067
                ]
            ]
        ],
        "betas": [
            -0.03372257947921753,
            -0.04316285252571106,
            -0.09572666883468628,
            0.038543492555618286,
            0.08709841966629028,
            -0.03325953334569931,
            0.03894484043121338,
            -0.031122833490371704,
            -0.02834106981754303,
            -0.026533126831054688
        ]
    },
    "pred_cam_t": [
        -0.10779370367527008,
        -0.07464516162872314,
        4.772101402282715
    ],
    "focal_length": [
        5000.0,
        5000.0
    ],
    "pred_keypoints_3d": [
        [
            0.09596278518438339,
            0.0064135086722671986,
            0.0061977701261639595
        ],
        [
            0.11620912700891495,
            0.031200718134641647,
            -0.015472455881536007
        ],
        [
            0.12859989702701569,
            0.0594920851290226,
            -0.016304628923535347
        ],
        [
            0.13079319894313812,
            0.08657816797494888,
            -0.01564227044582367
        ],
        [
            0.131464883685112,
            0.12092765420675278,
            -0.027109209448099136
        ],
        [
            0.0891135111451149,
            0.08743871748447418,
            -0.03445049375295639
        ],
        [
            0.09180876612663269,
            0.12010333687067032,
            -0.029654325917363167
        ],
        [
            0.10606926679611206,
            0.13481405377388,
            -0.02089092507958412
        ],
        [
            0.12296508252620697,
            0.13845345377922058,
            -0.001979723572731018
        ],
        [
            0.07178995013237,
            0.09506310522556305,
            -0.017808057367801666
        ],
        [
            0.07802657783031464,
            0.12493264675140381,
            -0.008986970409750938
        ],
        [
            0.0980709046125412,
            0.127256840467453,
            0.002737307921051979
        ],
        [
            0.11786823719739914,
            0.1186273992061615,
            0.01711169071495533
        ],
        [
            0.06473374366760254,
            0.08684276044368744,
            0.006661218591034412
        ],
        [
            0.07309914380311966,
            0.11450469493865967,
            0.007197626866400242
        ],
        [
            0.09384358674287796,
            0.11832425743341446,
            0.020367151126265526
        ],
        [
            0.11192002147436142,
            0.10979421436786652,
            0.03676650673151016
        ],
        [
            0.06413434445858002,
            0.07909493893384933,
            0.027056731283664703
        ],
        [
            0.07231606543064117,
            0.09856531023979187,
            0.02551962248980999
        ],
        [
            0.08701644837856293,
            0.1055922657251358,
            0.03535286337137222
        ],
        [
            0.10192129760980606,
            0.10227010399103165,
            0.04548828303813934
        ]
    ],
    "pred_vertices": [
        [
            0.10550549626350403,
            0.05665060505270958,
            -0.013931458815932274
        ],
        [
            0.10804048180580139,
            0.04692947492003441,
            -0.009380688890814781
        ],
        [
            0.1118045374751091,
            0.054526738822460175,
            -0.011354977265000343
        ],
        [
            0.1097387820482254,
            0.062466371804475784,
            -0.01844797469675541
        ],
        [
            0.12368426471948624,
            0.040790487080812454,
            0.000992361456155777
        ],
        [
            0.13259796798229218,
            0.03439616411924362,
            -0.003811165690422058
        ],
        [
            0.13571269810199738,
            0.05080077052116394,
            -0.005679372698068619
        ],
        [
            0.12815502285957336,
            0.05375702306628227,
            6.348267197608948e-05
        ],
        [
            0.11177888512611389,
            0.06725218892097473,
            -0.022006500512361526
        ],
        [
            0.11529593914747238,
            0.06131777912378311,
            -0.012450402602553368
        ],
        [
            0.1115247905254364,
            0.06737524271011353,
            -0.023794790729880333
        ],
        [
            0.10357044637203217,
            0.07018381357192993,
            -0.0369911715388298
        ],
        [
            0.10635433346033096,
            0.07158152014017105,
            -0.03130868077278137
        ],
        [
            0.09779029339551926,
            0.07491157948970795,
            -0.04183431714773178
        ],
        [
            0.09930767118930817,
            0.061256926506757736,
            -0.0409187488257885
        ],
        [
            0.08891022205352783,
            0.07211251556873322,
            -0.04382623732089996
        ],
        [
            0.07605713605880737,
            0.0504218228161335,
            -0.02721700631082058
        ],
        [
            0.0692610889673233,
            0.048231713473796844,
            -0.015375085175037384
        ],
        [
            0.06410174071788788,
            0.06453749537467957,
            -0.01835126057267189
        ],
        [
            0.07217618077993393,
            0.06547155231237411,
            -0.02964852564036846
        ],
        [
            0.06058896705508232,
            0.05810239166021347,
            0.001331280916929245
        ],
        [
            0.06213344633579254,
            0.06240205839276314,
            -0.009623300284147263
        ],
        [
            0.06619642674922943,
            0.04573001340031624,
            -0.007222623564302921
        ],
        [
            0.0647512823343277,
            0.042727649211883545,
            0.0025092745199799538
        ],
        [
            0.09871655702590942,
            0.04936330020427704,
            -0.0017243996262550354
        ],
        [
            0.10186667740345001,
            0.03963484987616539,
            0.0018530618399381638
        ],
        [
            0.10351157188415527,
            0.04126700013875961,
            -0.003782898187637329
        ],
        [
            0.10109113901853561,
            0.05085456743836403,
            -0.006668342277407646
        ],
        [
            0.11949895322322845,
            0.0679396539926529,
            -0.024602819234132767
        ],
        [
            0.1152472048997879,
            0.05705586075782776,
            -0.0336662121117115
        ],
        [
            0.11146621406078339,
            0.06301639974117279,
            -0.03057132102549076
        ],
        [
            0.1182786375284195,
            0.0699305385351181,
            -0.019413098692893982
        ],
        [
            0.11021178215742111,
            0.01895996928215027,
            0.021201536059379578
        ],
        [
            0.10952825099229813,
            0.005481407046318054,
            0.019959067925810814
        ],
        [
            0.11191673576831818,
            0.005181305110454559,
            0.014514343813061714
        ],
        [
            0.11162362992763519,
            0.017415136098861694,
            0.01644785702228546
        ],
        [
            0.12466339766979218,
            0.013254798948764801,
            -0.0012072212994098663
        ],
        [
            0.120323047041893,
            0.003484576940536499,
            -0.001479361206293106
        ],
        [
            0.11958383023738861,
            -0.004478968679904938,
            -0.011920521035790443
        ],
        [
            0.12332072854042053,
            0.005483455955982208,
            -0.014723308384418488
        ],
        [
            0.12892358005046844,
            0.02403979003429413,
            -0.0025893747806549072
        ],
        [
            0.1306600421667099,
            0.017456062138080597,
            -0.014150219038128853
        ],
        [
            0.1354282796382904,
            0.030335016548633575,
            -0.013900218531489372
        ],
        [
            0.13818347454071045,
            0.04872813820838928,
            -0.014271669089794159
        ],
        [
            0.10171428322792053,
            0.004976712167263031,
            0.030135396867990494
        ],
        [
            0.10156461596488953,
            0.014857403934001923,
            0.03283814713358879
        ],
        [
            0.10358630120754242,
            0.1176101416349411,
            -0.02792167291045189
        ],
        [
            0.10160144418478012,
            0.11802676320075989,
            -0.02235189825296402
        ],
        [
            0.10095680505037308,
            0.11431257426738739,
            -0.023480352014303207
        ],
        [
            0.10275661945343018,
            0.11499566584825516,
            -0.02901465818285942
        ],
        [
            0.08176324516534805,
            0.007654547691345215,
            0.0322788842022419
        ],
        [
            0.07380557805299759,
            0.005314849317073822,
            0.026520445942878723
        ],
        [
            0.07637131214141846,
            -0.000967368483543396,
            0.029229477047920227
        ],
        [
            0.08481436222791672,
            0.0007498264312744141,
            0.03302141651511192
        ],
        [
            0.07780693471431732,
            0.016789235174655914,
            0.03125360980629921
        ],
        [
            0.0709611251950264,
            0.014235801994800568,
            0.022605981677770615
        ],
        [
            0.09704101830720901,
            0.12577112019062042,
            -0.03559014946222305
        ],
        [
            0.10122256726026535,
            0.12278228998184204,
            -0.03495579957962036
        ],
        [
            0.09818735718727112,
            0.11971350014209747,
            -0.03692546486854553
        ],
        [
            0.09345387667417526,
            0.12156801670789719,
            -0.03677354380488396
        ],
        [
            0.10663294792175293,
            0.06967528164386749,
            -0.02482026442885399
        ],
        [
            0.10362565517425537,
            0.0657084733247757,
            -0.01727728173136711
        ],
        [
            0.09996190667152405,
            0.0843423530459404,
            -0.02894018031656742
        ],
        [
            0.10006063431501389,
            0.07720382511615753,
            -0.02413654327392578
        ],
        [
            0.10297843813896179,
            0.07607989013195038,
            -0.030392974615097046
        ],
        [
            0.10157565772533417,
            0.08198830485343933,
            -0.03440975397825241
        ],
        [
            0.08970879018306732,
            0.07023235410451889,
            -0.00395369715988636
        ],
        [
            0.09318235516548157,
            0.059263866394758224,
            -0.0016874372959136963
        ],
        [
            0.09560319781303406,
            0.061438024044036865,
            -0.007516033947467804
        ],
        [
            0.09326954185962677,
            0.07370711863040924,
            -0.011047166772186756
        ],
        [
            0.08952226489782333,
            0.057750046253204346,
            0.011958736926317215
        ],
        [
            0.08598531037569046,
            0.06849507987499237,
            0.00840875692665577
        ],
        [
            0.08426141738891602,
            0.06636060774326324,
            0.016578398644924164
        ],
        [
            0.08793217688798904,
            0.05944366380572319,
            0.018090300261974335
        ],
        [
            0.08090933412313461,
            0.08616230636835098,
            -0.0008137580007314682
        ],
        [
            0.07875928282737732,
            0.09184448421001434,
            -0.0031021391041576862
        ],
        [
            0.07798154652118683,
            0.09224846959114075,
            3.5647768527269363e-05
        ],
        [
            0.07968737185001373,
            0.08523257821798325,
            0.0026007583364844322
        ],
        [
            0.07822185754776001,
            -0.007605649530887604,
            0.031014811247587204
        ],
        [
            0.08775883913040161,
            -0.005943983793258667,
            0.03275554999709129
        ],
        [
            0.05938584730029106,
            0.0538090355694294,
            0.022654684260487556
        ],
        [
            0.06487322598695755,
            0.05084598436951637,
            0.03203057870268822
        ],
        [
            0.06014871597290039,
            0.06403161585330963,
            0.03265620023012161
        ],
        [
            0.055017050355672836,
            0.0635971948504448,
            0.022212501615285873
        ],
        [
            0.07015284150838852,
            0.004763953387737274,
            0.01679335907101631
        ],
        [
            0.07084780186414719,
            -0.0019314587116241455,
            0.02085759863257408
        ],
        [
            0.0923503115773201,
            0.12808431684970856,
            -0.03241436555981636
        ],
        [
            0.08904488384723663,
            0.1230512410402298,
            -0.033010564744472504
        ],
        [
            0.12931400537490845,
            0.02550831437110901,
            -0.025784678757190704
        ],
        [
            0.13557441532611847,
            0.04713715240359306,
            -0.023651007562875748
        ],
        [
            0.12154731899499893,
            0.010314978659152985,
            -0.024615680798888206
        ],
        [
            0.11456363648176193,
            0.0006757006049156189,
            -0.022313803434371948
        ],
        [
            0.11134392768144608,
            -0.008046075701713562,
            -0.02022150717675686
        ],
        [
            0.09621836990118027,
            0.08059456944465637,
            -0.01990998536348343
        ],
        [
            0.10018564760684967,
            0.05979771912097931,
            -0.010988090187311172
        ],
        [
            0.09695488214492798,
            0.04844072833657265,
            0.0030865296721458435
        ],
        [
            0.08880362659692764,
            0.05015435814857483,
            0.032946065068244934
        ],
        [
            0.09274627268314362,
            0.04048445448279381,
            0.03476085141301155
        ],
        [
            0.09635499119758606,
            0.044711239635944366,
            0.025553174316883087
        ],
        [
            0.09161552786827087,
            0.05210372805595398,
            0.025606341660022736
        ],
        [
            0.07267725467681885,
            0.05359020084142685,
            0.03745438903570175
        ],
        [
            0.07959593087434769,
            0.05750921368598938,
            0.0356549471616745
        ],
        [
            0.07556203752756119,
            0.0657765120267868,
            0.0346071794629097
        ],
        [
            0.06819338351488113,
            0.06403687596321106,
            0.03672495111823082
        ],
        [
            0.12530392408370972,
            0.06661012768745422,
            -0.028859784826636314
        ],
        [
            0.12035706639289856,
            0.052127107977867126,
            -0.03538539633154869
        ],
        [
            0.09173096716403961,
            0.010258518159389496,
            0.03481393679976463
        ],
        [
            0.09468421339988708,
            0.0032167211174964905,
            0.033066023141145706
        ],
        [
            0.09545591473579407,
            -0.005218349397182465,
            0.032043926417827606
        ],
        [
            0.10718776285648346,
            0.029188938438892365,
            0.01042824424803257
        ],
        [
            0.11271825432777405,
            0.016349472105503082,
            0.01312297023832798
        ],
        [
            0.11466474831104279,
            0.017100714147090912,
            0.009198186919093132
        ],
        [
            0.10715726763010025,
            0.029099315404891968,
            0.006513018161058426
        ],
        [
            0.11157743632793427,
            0.03814474120736122,
            -0.0021478943526744843
        ],
        [
            0.11962080001831055,
            0.02864258736371994,
            0.002247210592031479
        ],
        [
            0.11495206505060196,
            0.04818711057305336,
            -0.0019345209002494812
        ],
        [
            0.11558575183153152,
            0.0031749382615089417,
            0.007432274520397186
        ],
        [
            0.11353151500225067,
            -0.00499957799911499,
            0.014650411903858185
        ],
        [
            0.11664862930774689,
            -0.006122224032878876,
            0.006377555429935455
        ],
        [
            0.10807947814464569,
            -0.004922397434711456,
            0.022801456972956657
        ],
        [
            0.10190412402153015,
            -0.004902005195617676,
            0.029220806434750557
        ],
        [
            0.06955526769161224,
            -0.010066717863082886,
            0.023127801716327667
        ],
        [
            0.11815575510263443,
            -0.00655364990234375,
            -0.0017680265009403229
        ],
        [
            0.13085421919822693,
            0.06274145096540451,
            -0.0029210876673460007
        ],
        [
            0.13271763920783997,
            0.07087533175945282,
            -0.005772660486400127
        ],
        [
            0.12554730474948883,
            0.07155455648899078,
            -0.0057304296642541885
        ],
        [
            0.12325190752744675,
            0.06464073061943054,
            -0.0038312505930662155
        ],
        [
            0.09338808804750443,
            0.08265548199415207,
            -0.0442483089864254
        ],
        [
            0.09964928030967712,
            0.08273404836654663,
            -0.03985585272312164
        ],
        [
            0.10294081270694733,
            0.07496565580368042,
            -0.03706696256995201
        ],
        [
            0.10531030595302582,
            0.029126636683940887,
            0.024327602237462997
        ],
        [
            0.09837885200977325,
            0.02519878000020981,
            0.03415622189640999
        ],
        [
            0.09600769728422165,
            0.08763446658849716,
            -0.02479524165391922
        ],
        [
            0.09074075520038605,
            0.11748867481946945,
            -0.038236673921346664
        ],
        [
            0.09633295983076096,
            0.11564744263887405,
            -0.03844084590673447
        ],
        [
            0.09407113492488861,
            0.09765048325061798,
            -0.042594291269779205
        ],
        [
            0.08741133660078049,
            0.09977900236845016,
            -0.04266507551074028
        ],
        [
            0.08831210434436798,
            0.09471645206212997,
            -0.02391696348786354
        ],
        [
            0.09466144442558289,
            0.09142032265663147,
            -0.02476620487868786
        ],
        [
            0.09347228705883026,
            0.09356698393821716,
            -0.024391353130340576
        ],
        [
            0.08850474655628204,
            0.09706739336252213,
            -0.021740533411502838
        ],
        [
            0.07656455785036087,
            0.08863071352243423,
            0.008476976305246353
        ],
        [
            0.07822099328041077,
            0.08221783488988876,
            0.010727766901254654
        ],
        [
            0.07102832943201065,
            0.08148885518312454,
            -0.02957286313176155
        ],
        [
            0.07573142647743225,
            0.078885018825531,
            -0.042145293205976486
        ],
        [
            0.07961779832839966,
            0.06707838177680969,
            -0.039598312228918076
        ],
        [
            0.08752235770225525,
            0.06836696714162827,
            0.002967231906950474
        ],
        [
            0.08410068601369858,
            0.0781518965959549,
            0.001668495126068592
        ],
        [
            0.08262533694505692,
            0.07744333148002625,
            0.005529880058020353
        ],
        [
            0.09309356659650803,
            0.08384379744529724,
            -0.0181451253592968
        ],
        [
            0.09142808616161346,
            0.08981972932815552,
            -0.021291568875312805
        ],
        [
            0.08911958336830139,
            0.08798041939735413,
            -0.017392272129654884
        ],
        [
            0.09076350927352905,
            0.08202148228883743,
            -0.013570722192525864
        ],
        [
            0.06862383335828781,
            0.03792937844991684,
            0.03189978748559952
        ],
        [
            0.07758361101150513,
            0.04131825268268585,
            0.03861977905035019
        ],
        [
            0.10355059057474136,
            0.1195877343416214,
            -0.03236142545938492
        ],
        [
            0.10167957842350006,
            0.11703607439994812,
            -0.03398862108588219
        ],
        [
            0.09101493656635284,
            0.05765589699149132,
            0.005046732723712921
        ],
        [
            0.08449085056781769,
            0.05359284579753876,
            -0.0353754386305809
        ],
        [
            0.09540750086307526,
            0.04763083904981613,
            0.008355630561709404
        ],
        [
            0.058721140027046204,
            0.07855848222970963,
            0.010662650689482689
        ],
        [
            0.06366361677646637,
            0.08177149295806885,
            0.01598132774233818
        ],
        [
            0.06514296680688858,
            0.08785460144281387,
            0.01470655482262373
        ],
        [
            0.06056082993745804,
            0.0877741351723671,
            0.010691768489778042
        ],
        [
            0.0899871289730072,
            0.11204919219017029,
            -0.019032534211874008
        ],
        [
            0.09564411640167236,
            0.11110357940196991,
            -0.019586637616157532
        ],
        [
            0.09663985669612885,
            0.1152295470237732,
            -0.019033290445804596
        ],
        [
            0.09124628454446793,
            0.1176135316491127,
            -0.01838178187608719
        ],
        [
            0.09869368374347687,
            0.08963007479906082,
            -0.028730470687150955
        ],
        [
            0.10079757124185562,
            0.08828870207071304,
            -0.03458930552005768
        ],
        [
            0.10038498044013977,
            0.09387484937906265,
            -0.032982949167490005
        ],
        [
            0.09737347811460495,
            0.09390203654766083,
            -0.02779502235352993
        ],
        [
            0.09844636917114258,
            0.08936186134815216,
            -0.040149420499801636
        ],
        [
            0.0986890122294426,
            0.09522522240877151,
            -0.03895598277449608
        ],
        [
            0.08482301980257034,
            0.11441421508789062,
            -0.02215638756752014
        ],
        [
            0.08302094042301178,
            0.11713549494743347,
            -0.028914742171764374
        ],
        [
            0.07888679951429367,
            0.10069149732589722,
            -0.031671859323978424
        ],
        [
            0.08255462348461151,
            0.10086437314748764,
            -0.024625783786177635
        ],
        [
            0.06742989271879196,
            0.027743250131607056,
            0.00318507244810462
        ],
        [
            0.06636838614940643,
            0.026789918541908264,
            0.014270488172769547
        ],
        [
            0.06345660239458084,
            0.041682884097099304,
            0.013883883133530617
        ],
        [
            0.05917471647262573,
            0.05616585910320282,
            0.01367100141942501
        ],
        [
            0.056378722190856934,
            0.07003296911716461,
            0.012743882834911346
        ],
        [
            0.05598640441894531,
            0.07079516351222992,
            0.0006152749992907047
        ],
        [
            0.0637090653181076,
            0.03974979370832443,
            0.021897433325648308
        ],
        [
            0.07932377606630325,
            0.09241879731416702,
            -0.02520361728966236
        ],
        [
            0.0762212872505188,
            0.08972708880901337,
            -0.032778333872556686
        ],
        [
            0.07416483759880066,
            0.08886809647083282,
            -0.027696868404746056
        ],
        [
            0.0944918692111969,
            0.04793524369597435,
            0.015792496502399445
        ],
        [
            0.1005316972732544,
            0.11348603665828705,
            -0.035697877407073975
        ],
        [
            0.08994611352682114,
            -0.0017989873886108398,
            -0.021034643054008484
        ],
        [
            0.07961633056402206,
            -0.0020359233021736145,
            -0.011869696900248528
        ],
        [
            0.08013620227575302,
            0.006290502846240997,
            -0.014810941182076931
        ],
        [
            0.09279870986938477,
            0.0071059465408325195,
            -0.024763010442256927
        ],
        [
            0.10080181062221527,
            0.11071961373090744,
            -0.024186447262763977
        ],
        [
            0.10289254039525986,
            0.11138147115707397,
            -0.03012523055076599
        ],
        [
            0.07607192546129227,
            0.08283681422472,
            0.017008451744914055
        ],
        [
            0.07451335340738297,
            0.08861269056797028,
            0.01388755813241005
        ],
        [
            0.07151734083890915,
            0.08961952477693558,
            0.01553615927696228
        ],
        [
            0.0734524354338646,
            0.08563718944787979,
            0.020956821739673615
        ],
        [
            0.06700710952281952,
            0.025164462625980377,
            0.020004797726869583
        ],
        [
            0.06060578301548958,
            0.0740976333618164,
            0.03279929608106613
        ],
        [
            0.055191103368997574,
            0.07253396511077881,
            0.023614080622792244
        ],
        [
            0.06887634098529816,
            0.013862714171409607,
            0.014164903201162815
        ],
        [
            0.06924491375684738,
            0.014385007321834564,
            0.004380930680781603
        ],
        [
            0.07033561915159225,
            0.004775732755661011,
            0.00581002701073885
        ],
        [
            0.0607488788664341,
            0.0792895257472992,
            -0.011198700405657291
        ],
        [
            0.06871984899044037,
            0.030660443007946014,
            -0.004922204185277224
        ],
        [
            0.07108723372220993,
            0.016433119773864746,
            -0.002805560827255249
        ],
        [
            0.07248173654079437,
            0.005035467445850372,
            -0.001425369642674923
        ],
        [
            0.07265122979879379,
            -0.0032083913683891296,
            -1.073349267244339e-05
        ],
        [
            0.07040207833051682,
            -0.002626940608024597,
            0.007824775762856007
        ],
        [
            0.08598662167787552,
            0.11804400384426117,
            -0.03405584394931793
        ],
        [
            0.0854874849319458,
            0.12343905866146088,
            -0.027215560898184776
        ],
        [
            0.0688512995839119,
            -0.0113760307431221,
            0.009846595115959644
        ],
        [
            0.07208997756242752,
            -0.01155100017786026,
            0.001117628999054432
        ],
        [
            0.07457613945007324,
            0.018202215433120728,
            -0.011206301860511303
        ],
        [
            0.08078817278146744,
            0.02066141366958618,
            -0.021086446940898895
        ],
        [
            0.07233559340238571,
            0.03196535259485245,
            -0.01282322034239769
        ],
        [
            0.07778787612915039,
            0.035407017916440964,
            -0.022708388045430183
        ],
        [
            0.06060541421175003,
            0.07677162438631058,
            -0.021860608831048012
        ],
        [
            0.09698564559221268,
            0.13648490607738495,
            -0.019035950303077698
        ],
        [
            0.08942405134439468,
            0.1273181289434433,
            -0.020992029458284378
        ],
        [
            0.09264601022005081,
            0.12341756373643875,
            -0.01806306280195713
        ],
        [
            0.09738440811634064,
            0.13343819975852966,
            -0.01571625843644142
        ],
        [
            0.08693498373031616,
            0.12060872465372086,
            -0.021162642166018486
        ],
        [
            0.08900521695613861,
            0.12866860628128052,
            -0.026584314182400703
        ],
        [
            0.08952412754297256,
            0.0388532318174839,
            -0.032748252153396606
        ],
        [
            0.08672482520341873,
            0.0933951660990715,
            -0.020061001181602478
        ],
        [
            0.09731454402208328,
            0.023603133857250214,
            -0.031242474913597107
        ],
        [
            0.1024513840675354,
            0.04828135296702385,
            -0.04016374796628952
        ],
        [
            0.11055415123701096,
            0.03797762095928192,
            -0.03747596964240074
        ],
        [
            0.1071140319108963,
            0.00839550793170929,
            -0.029313644394278526
        ],
        [
            0.11734331399202347,
            0.023369036614894867,
            -0.03376410901546478
        ],
        [
            0.10032851248979568,
            -0.008860625326633453,
            -0.022303033620119095
        ],
        [
            0.10191785544157028,
            -0.00019270926713943481,
            -0.025299765169620514
        ],
        [
            0.12601731717586517,
            0.03993552550673485,
            -0.03313414007425308
        ],
        [
            0.10783454030752182,
            0.12387256324291229,
