{
    "pred_cam": [
        8.704841613769531,
        0.13115134835243225,
        -0.03518206253647804
    ],
    "pred_mano_params": {
        "global_orient": [
            [
                [
                    -0.742446780204773,
                    0.11606122553348541,
                    -0.659774661064148
                ],
                [
                    0.009875806979835033,
                    -0.9828745126724243,
                    -0.18401114642620087
                ],
                [
                    -0.6698322892189026,
                    -0.14313428103923798,
                    0.7285858392715454
                ]
            ]
        ],
        "hand_pose": [
            [
                [
                    0.49403852224349976,
                    -0.751754879951477,
                    -0.436795711517334
                ],
                [
                    0.7458910346031189,
                    0.624602198600769,
                    -0.23134097456932068
                ],
                [
                    0.4467352330684662,
                    -0.21151065826416016,
                    0.8693047761917114
                ]
            ],
            [
                [
                    0.5701629519462585,
                    -0.7777904868125916,
                    0.2644922733306885
                ],
                [
                    0.8085494041442871,
                    0.4742664098739624,
                    -0.3483090102672577
                ],
                [
                    0.14547163248062134,
                    0.412447988986969,
                    0.8992911577224731
                ]
            ],
            [
                [
                    0.8552126884460449,
                    -0.39607903361320496,
                    0.3342645466327667
                ],
                [
                    0.3387433886528015,
                    0.9153009057044983,
                    0.21789288520812988
                ],
                [
                    -0.39225539565086365,
                    -0.07311485707759857,
                    0.9169461131095886
                ]
            ],
            [
                [
                    0.3392404019832611,
                    -0.8999265432357788,
                    -0.2739492952823639
                ],
                [
                    0.9392028450965881,
                    0.34044238924980164,
                    0.04468842223286629
                ],
                [
                    0.05304766818881035,
                    -0.27245405316352844,
                    0.9607053995132446
                ]
            ],
            [
                [
                    0.784742534160614,
                    -0.5906384587287903,
                    -0.18795010447502136
                ],
                [
                    0.6179459095001221,
                    0.7691047787666321,
                    0.16315831243991852
                ],
                [
                    0.04818574711680412,
                    -0.24418029189109802,
                    0.9685318470001221
                ]
            ],
            [
                [
                    0.7759791016578674,
                    -0.6168633103370667,
                    0.1316663920879364
                ],
                [
                    0.613603413105011,
                    0.7865973711013794,
                    0.06895960122346878
                ],
                [
                    -0.14610709249973297,
                    0.027279730886220932,
                    0.9888925552368164
                ]
            ],
            [
                [
                    -0.02221198007464409,
                    -0.9213234186172485,
                    -0.3881620764732361
                ],
                [
                    0.8182162642478943,
                    -0.23985449969768524,
                    0.5224863290786743
                ],
                [
                    -0.5744813084602356,
                    -0.30599507689476013,
                    0.7591694593429565
                ]
            ],
            [
                [
                    0.6016194224357605,
                    -0.7916033864021301,
                    -0.10685558617115021
                ],
                [
                    0.6816131472587585,
                    0.43900781869888306,
                    0.5853849649429321
                ],
                [
                    -0.4164822995662689,
                    -0.4250131845474243,
                    0.8036829233169556
                ]
            ],
            [
                [
                    0.8649278283119202,
                    -0.5017685294151306,
                    0.011320479214191437
                ],
                [
                    0.3025091290473938,
                    0.5391853451728821,
                    0.7859817743301392
                ],
                [
                    -0.4004848003387451,
                    -0.6763929724693298,
                    0.6181459426879883
                ]
            ],
            [
                [
                    -0.1475902795791626,
                    -0.9858880639076233,
                    -0.0790058970451355
                ],
                [
                    0.9752914905548096,
                    -0.1583491414785385,
                    0.15405189990997314
                ],
                [
                    -0.16438843309879303,
                    -0.054317228496074677,
                    0.9848990440368652
                ]
            ],
            [
                [
                    0.6588836312294006,
                    -0.7446376085281372,
                    -0.10671023279428482
                ],
                [
                    0.6323859691619873,
                    0.47147631645202637,
                    0.614652693271637
                ],
                [
                    -0.4073822498321533,
                    -0.47246670722961426,
                    0.781546413898468
                ]
            ],
            [
                [
                    0.734002411365509,
                    -0.6684566140174866,
                    0.12002533674240112
                ],
                [
                    0.5957598090171814,
                    0.718591570854187,
                    0.35874271392822266
                ],
                [
                    -0.3260532021522522,
                    -0.19181177020072937,
                    0.9256875514984131
                ]
            ],
            [
                [
                    0.9748553037643433,
                    -0.027587782591581345,
                    -0.22112451493740082
                ],
                [
                    -0.19516359269618988,
                    0.37325024604797363,
                    -0.9069704413414001
                ],
                [
                    0.1075560599565506,
                    0.9273204207420349,
                    0.358480840921402
                ]
            ],
            [
                [
                    0.9564960598945618,
                    -0.2566385865211487,
                    -0.13875123858451843
                ],
                [
                    0.291253000497818,
                    0.812362790107727,
                    0.5052112340927124
                ],
                [
                    -0.016940364614129066,
                    -0.5236442685127258,
                    0.8517685532569885
                ]
            ],
            [
                [
                    0.5459301471710205,
                    -0.8019422292709351,
                    -0.2425880879163742
                ],
                [
                    0.018236052244901657,
                    0.300848126411438,
                    -0.9534977078437805
                ],
                [
                    0.8376321792602539,
                    0.5161193013191223,
                    0.17886632680892944
                ]
            ]
        ],
        "betas": [
            -0.018380671739578247,
            -0.017643123865127563,
            0.0003159642219543457,
            -0.0076722800731658936,
            -0.013638854026794434,
            0.0059314630925655365,
            -0.02126196026802063,
            -0.028077363967895508,
            0.009868621826171875,
            -0.09748581051826477
        ]
    },
    "pred_cam_t": [
        -0.13115134835243225,
        -0.03518206253647804,
        4.48744535446167
    ],
    "focal_length": [
        5000.0,
        5000.0
    ],
    "pred_keypoints_3d": [
        [
            0.09577612578868866,
            0.006387624889612198,
            0.006196371745318174
        ],
        [
            0.09481969475746155,
            0.01668195240199566,
            0.043399933725595474
        ],
        [
            0.1061868965625763,
            0.032178640365600586,
            0.06749378889799118
        ],
        [
            0.12326722592115402,
            0.04296006262302399,
            0.08559535443782806
        ],
        [
            0.1479245275259018,
            0.0551031157374382,
            0.06651245802640915
        ],
        [
            0.14699052274227142,
            0.00680753868073225,
            0.08109261840581894
        ],
        [
            0.16827674210071564,
            0.031096864491701126,
            0.08792427182197571
        ],
        [
            0.16181834042072296,
            0.05106904357671738,
            0.08070666342973709
        ],
        [
            0.14488287270069122,
            0.0679984837770462,
            0.07667788118124008
        ],
        [
            0.16819271445274353,
            0.007502709981054068,
            0.06744614988565445
        ],
        [
            0.17777681350708008,
            0.03719959780573845,
            0.07327252626419067
        ],
        [
            0.16868293285369873,
            0.05818270146846771,
            0.0689309686422348
        ],
        [
            0.148631751537323,
            0.07327056676149368,
            0.06542922556400299
        ],
        [
            0.17370888590812683,
            0.014365335926413536,
            0.04213930666446686
        ],
        [
            0.168782040476799,
            0.04274893179535866,
            0.04421522468328476
        ],
        [
            0.14651639759540558,
            0.05059288442134857,
            0.03656303137540817
        ],
        [
            0.12218871712684631,
            0.045404642820358276,
            0.03579716756939888
        ],
        [
            0.17431235313415527,
            0.023441657423973083,
            0.022250529378652573
        ],
        [
            0.16786828637123108,
            0.04357381910085678,
            0.021897584199905396
        ],
        [
            0.14946189522743225,
            0.04515371844172478,
            0.017611350864171982
        ],
        [
            0.133489727973938,
            0.032090045511722565,
            0.02005857601761818
        ]
    ],
    "pred_vertices": [
        [
            0.12029887735843658,
            0.0190676711499691,
            0.05373910069465637
        ],
        [
            0.11314211785793304,
            0.020101040601730347,
            0.045944392681121826
        ],
        [
            0.11570823192596436,
            0.023515921086072922,
            0.05425797775387764
        ],
        [
            0.12047649919986725,
            0.020950548350811005,
            0.06245329976081848
        ],
        [
            0.10320356488227844,
            0.03549057990312576,
            0.041832778602838516
        ],
        [
            0.09136061370372772,
            0.03682475537061691,
            0.04390086606144905
        ],
        [
            0.10007630288600922,
            0.04210327938199043,
            0.05719814822077751
        ],
        [
            0.10916595160961151,
            0.04099288955330849,
            0.05306720733642578
        ],
        [
            0.1215323805809021,
            0.021091535687446594,
            0.06943631172180176
        ],
        [
            0.11821304261684418,
            0.026859577745199203,
            0.06118452548980713
        ],
        [
            0.12088186293840408,
            0.01862167939543724,
            0.07173078507184982
        ],
        [
            0.12412308901548386,
            0.007491406053304672,
            0.07887489348649979
        ],
        [
            0.12536874413490295,
            0.013918742537498474,
            0.07602173089981079
        ],
        [
            0.130266472697258,
            0.0028364418540149927,
            0.08286599069833755
        ],
        [
            0.11903040111064911,
            -0.001172762829810381,
            0.07493163645267487
        ],
        [
            0.1336456686258316,
            -0.005721885710954666,
            0.08003829419612885
        ],
        [
            0.1307300329208374,
            -0.012111010029911995,
            0.05018952488899231
        ],
        [
            0.13707081973552704,
            -0.010480541735887527,
            0.03792835399508476
        ],
        [
            0.15235339105129242,
            -0.010279803536832333,
            0.04837438091635704
        ],
        [
            0.14408528804779053,
            -0.011003275401890278,
            0.059776417911052704
        ],
        [
            0.15626467764377594,
            -0.0034011229872703552,
            0.028739193454384804
        ],
        [
            0.154743492603302,
            -0.006964303553104401,
            0.04009012132883072
        ],
        [
            0.1396891325712204,
            -0.008594367653131485,
            0.02939273789525032
        ],
        [
            0.1414276659488678,
            -0.004949501715600491,
            0.01991904526948929
        ],
        [
            0.12299855798482895,
            0.01941145956516266,
            0.03788217902183533
        ],
        [
            0.11506844311952591,
            0.02041250839829445,
            0.03057922050356865
        ],
        [
            0.11352978646755219,
            0.018654417246580124,
            0.03630026429891586
        ],
        [
            0.12109199166297913,
            0.01854119822382927,
            0.04324411600828171
        ],
        [
            0.11468906700611115,
            0.022903814911842346,
            0.07610209286212921
        ],
        [
            0.10742375254631042,
            0.012140207923948765,
            0.0730753168463707
        ],
        [
            0.1151689887046814,
            0.012972862459719181,
            0.07362490892410278
        ],
        [
            0.11871945858001709,
            0.025491055101156235,
            0.07376857101917267
        ],
        [
            0.1004619151353836,
            0.03032691963016987,
            0.007066696882247925
        ],
        [
            0.09075485169887543,
            0.0239780992269516,
            -5.626678466796875e-05
        ],
        [
            0.08745521306991577,
            0.02235228195786476,
            0.004604615271091461
        ],
        [
            0.09712276607751846,
            0.027944939211010933,
            0.010138340294361115
        ],
        [
            0.08105675131082535,
            0.025433413684368134,
            0.025363769382238388
        ],
        [
            0.07641112059354782,
            0.018281443044543266,
            0.018263205885887146
        ],
        [
            0.06793493032455444,
            0.008291970938444138,
            0.02111349254846573
        ],
        [
            0.07210864871740341,
            0.012963381595909595,
            0.030206426978111267
        ],
        [
            0.08631269633769989,
            0.03169824555516243,
            0.03479578346014023
        ],
        [
            0.07655522227287292,
            0.023091530427336693,
            0.039471205323934555
        ],
        [
            0.08304990828037262,
            0.030969997867941856,
            0.04901271313428879
        ],
        [
            0.09341256320476532,
            0.03772884979844093,
            0.06230047717690468
        ],
        [
            0.0982075184583664,
            0.024342268705368042,
            -0.010523006319999695
        ],
        [
            0.10628525912761688,
            0.02963820844888687,
            -0.006874598562717438
        ],
        [
            0.1538541465997696,
            0.035330720245838165,
            0.08601298183202744
        ],
        [
            0.1556304693222046,
            0.03580624610185623,
            0.08005726337432861
        ],
        [
            0.15388751029968262,
            0.03309236466884613,
            0.08075530081987381
        ],
        [
            0.15278510749340057,
            0.0329832062125206,
            0.08640121668577194
        ],
        [
            0.11327290534973145,
            0.012455970048904419,
            -0.017292894423007965
        ],
        [
            0.11478914320468903,
            0.002502935938537121,
            -0.016915801912546158
        ],
        [
            0.10937415808439255,
            0.003604394383728504,
            -0.02171526849269867
        ],
        [
            0.10650984197854996,
            0.01252991333603859,
            -0.020809806883335114
        ],
        [
            0.12218592315912247,
            0.01229101698845625,
            -0.012655898928642273
        ],
        [
            0.1219782754778862,
            0.0013925042003393173,
            -0.00981992855668068
        ],
        [
            0.16447138786315918,
            0.03465769812464714,
            0.09356798976659775
        ],
        [
            0.1591947227716446,
            0.03552723303437233,
            0.09333580732345581
        ],
        [
            0.15934407711029053,
            0.030809737741947174,
            0.0939430221915245
        ],
        [
            0.16431568562984467,
            0.02863689325749874,
            0.0933157205581665
        ],
        [
            0.12585729360580444,
            0.017880484461784363,
            0.06975075602531433
        ],
        [
            0.1271391212940216,
            0.019141504541039467,
            0.06066220626235008
        ],
        [
            0.13839633762836456,
            0.015909992158412933,
            0.07880132645368576
        ],
        [
            0.13562288880348206,
            0.016636574640870094,
            0.07114977389574051
        ],
        [
            0.1311943382024765,
            0.01431440468877554,
            0.07626278698444366
        ],
        [
            0.134787917137146,
            0.013175440952181816,
            0.08215060085058212
        ],
        [
            0.14292940497398376,
            0.019092336297035217,
            0.04851657524704933
        ],
        [
            0.13358700275421143,
            0.019023805856704712,
            0.0416945219039917
        ],
        [
            0.1319587379693985,
            0.017998404800891876,
            0.048124633729457855
        ],
        [
            0.1411559134721756,
            0.018655236810445786,
            0.056998804211616516
        ],
        [
            0.1385602056980133,
            0.02399079129099846,
            0.029342204332351685
        ],
        [
            0.1473385989665985,
            0.02299501746892929,
            0.03690171241760254
        ],
        [
            0.1488640308380127,
            0.025720704346895218,
            0.028842924162745476
        ],
        [
            0.14236317574977875,
            0.027083775028586388,
            0.025144070386886597
        ],
        [
            0.1599826067686081,
            0.019993223249912262,
            0.052436113357543945
        ],
        [
            0.1628420054912567,
            0.018804367631673813,
            0.05578949674963951
        ],
        [
            0.1632746011018753,
            0.02029218152165413,
            0.0522601343691349
        ],
        [
            0.1606687605381012,
            0.02091202326118946,
            0.04909515008330345
        ],
        [
            0.10386351495981216,
            0.003558313474059105,
            -0.026274867355823517
        ],
        [
            0.09967337548732758,
            0.012019982561469078,
            -0.02353617548942566
        ],
        [
            0.15976184606552124,
            0.006958347745239735,
            0.009044177830219269
        ],
        [
            0.15564678609371185,
            0.015201685950160027,
            0.0022426098585128784
        ],
        [
            0.16724862158298492,
            0.018031667917966843,
            0.008088992908596992
        ],
        [
            0.17030690610408783,
            0.007067949511110783,
            0.014097915962338448
        ],
        [
            0.11380122601985931,
            -0.006076404824852943,
            -0.01116594672203064
        ],
        [
            0.10964624583721161,
            -0.005659939721226692,
            -0.017825573682785034
        ],
        [
            0.16981132328510284,
            0.03371323645114899,
            0.08996522426605225
        ],
        [
            0.1690312772989273,
            0.027725424617528915,
            0.08943767845630646
        ],
        [
            0.07915086299180984,
            0.01739809289574623,
            0.0519762858748436
        ],
        [
            0.09024947881698608,
            0.029292214661836624,
            0.06657809019088745
        ],
        [
            0.0736941546201706,
            0.007515182252973318,
            0.03939170390367508
        ],
        [
            0.07175367325544357,
            0.00039030658081173897,
            0.02987704426050186
        ],
        [
            0.06803258508443832,
            -0.0039400020614266396,
            0.022361956536769867
        ],
        [
            0.14133675396442413,
            0.017602231353521347,
            0.06864425539970398
        ],
        [
            0.12689374387264252,
            0.01848112978041172,
            0.05133046954870224
        ],
        [
            0.12482206523418427,
            0.02076691761612892,
            0.033189043402671814
        ],
        [
            0.1395496279001236,
            0.0332200713455677,
            0.008934218436479568
        ],
        [
            0.13091100752353668,
            0.03373334929347038,
            0.003430604934692383
        ],
        [
            0.12892434000968933,
            0.03242173045873642,
            0.013986438512802124
        ],
        [
            0.13701781630516052,
            0.03163854032754898,
            0.0165485218167305
        ],
        [
            0.1535906195640564,
            0.02523791417479515,
            0.0020920708775520325
        ],
        [
            0.1508973240852356,
            0.03058016300201416,
            0.007707469165325165
        ],
        [
            0.1570499986410141,
            0.03005906566977501,
            0.011562975123524666
        ],
        [
            0.16209228336811066,
            0.02556406706571579,
            0.007058104500174522
        ],
        [
            0.10843341052532196,
            0.02442239783704281,
            0.07965061068534851
        ],
        [
            0.1002236157655716,
            0.013214514590799809,
            0.07258491963148117
        ],
        [
            0.10970903933048248,
            0.022042689844965935,
            -0.01433735340833664
        ],
        [
            0.10219766199588776,
            0.02047215960919857,
            -0.016115251928567886
        ],
        [
            0.09519219398498535,
            0.01733069121837616,
            -0.020014487206935883
        ],
        [
            0.10670839995145798,
            0.025647150352597237,
            0.019894979894161224
        ],
        [
            0.09475018829107285,
            0.02642066776752472,
            0.012298807501792908
        ],
        [
            0.0930282399058342,
            0.02590521052479744,
            0.016263838857412338
        ],
        [
            0.10560789704322815,
            0.02335239388048649,
            0.022661153227090836
        ],
        [
            0.10734698176383972,
            0.024295520037412643,
            0.0371578149497509
        ],
        [
            0.0969683900475502,
            0.029770687222480774,
            0.030792012810707092
        ],
        [
            0.11270318925380707,
            0.029422979801893234,
            0.04566723480820656
        ],
        [
            0.08167504519224167,
            0.020068880170583725,
            0.009892061352729797
        ],
        [
            0.07901778072118759,
            0.019811145961284637,
            -0.0008593425154685974
        ],
        [
            0.07386355847120285,
            0.01665085181593895,
            0.005676746368408203
        ],
        [
            0.08484460413455963,
            0.02084159106016159,
            -0.008706428110599518
        ],
        [
            0.09056789427995682,
            0.02031845785677433,
            -0.015540264546871185
        ],
        [
            0.10513993352651596,
            -0.008205650374293327,
            -0.024659715592861176
        ],
        [
            0.07024277001619339,
            0.012611991725862026,
            0.011981077492237091
        ],
        [
            0.11221881210803986,
            0.04274970293045044,
            0.061190225183963776
        ],
        [
            0.11479998379945755,
            0.04467203468084335,
            0.06808709353208542
        ],
        [
            0.12020371854305267,
            0.03900226950645447,
            0.06670522689819336
        ],
        [
            0.11818412691354752,
            0.036800313740968704,
            0.061049897223711014
        ],
        [
            0.1387624591588974,
            0.0025358381681144238,
            0.08727908134460449
        ],
        [
            0.13536959886550903,
            0.009205028414726257,
            0.08607171475887299
        ],
        [
            0.12845692038536072,
            0.009563993662595749,
            0.08077328652143478
        ],
        [
            0.11177191883325577,
            0.03246034309267998,
            0.008945051580667496
        ],
        [
            0.11617031693458557,
            0.03196544572710991,
            -0.0029844120144844055
        ],
        [
            0.143559992313385,
            0.01682058721780777,
            0.0757339745759964
        ],
        [
            0.16400153934955597,
            0.024033114314079285,
            0.09364689141511917
        ],
        [
            0.15840698778629303,
            0.026256728917360306,
            0.09499496221542358
        ],
        [
            0.1487160623073578,
            0.012261439114809036,
            0.0926838144659996
        ],
        [
            0.15508440136909485,
            0.00927489623427391,
            0.09135738760232925
        ],
        [
            0.15244942903518677,
            0.015371829271316528,
            0.07422393560409546
        ],
        [
            0.14548875391483307,
            0.017489328980445862,
            0.075657919049263
        ],
        [
            0.14708392322063446,
            0.01792975515127182,
            0.07470669597387314
        ],
        [
            0.15319952368736267,
            0.017808064818382263,
            0.07163569331169128
        ],
        [
            0.16339655220508575,
            0.021382691338658333,
            0.04312987998127937
        ],
        [
            0.16112500429153442,
            0.023037901148200035,
            0.04108890891075134
        ],
        [
            0.15632928907871246,
            -0.00518554262816906,
            0.06858375668525696
        ],
        [
            0.1486339271068573,
            -0.010567755438387394,
            0.07811269164085388
        ],
        [
            0.1371438056230545,
            -0.011671110987663269,
            0.07076789438724518
        ],
        [
            0.144871786236763,
            0.02091839723289013,
            0.041501060128211975
        ],
        [
            0.1534183770418167,
            0.021112848073244095,
            0.046960875391960144
        ],
        [
            0.154659703373909,
            0.02204086445271969,
            0.043183013796806335
        ],
        [
            0.14592760801315308,
            0.01776312291622162,
            0.06799401342868805
        ],
        [
            0.14908555150032043,
            0.01670078933238983,
            0.07268775254487991
        ],
        [
            0.15157906711101532,
            0.01701580360531807,
            0.06847276538610458
        ],
        [
            0.14778774976730347,
            0.01839909330010414,
            0.06278670579195023
        ],
        [
            0.1439114660024643,
            0.013387631624937057,
            -0.004035651683807373
        ],
        [
            0.14235404133796692,
            0.02513677440583706,
            -0.004134330898523331
        ],
        [
            0.15523360669612885,
            0.03549607843160629,
            0.09067265689373016
        ],
        [
            0.15479691326618195,
            0.03219935670495033,
            0.09134688973426819
        ],
        [
            0.13564516603946686,
            0.020912712439894676,
            0.03499844670295715
        ],
        [
            0.12499984353780746,
            -0.010274762287735939,
            0.06090550124645233
        ],
        [
            0.12669596076011658,
            0.022572051733732224,
            0.028296079486608505
        ],
        [
            0.17300072312355042,
            0.011230623349547386,
            0.033647987991571426
        ],
        [
            0.1718187779188156,
            0.02028227597475052,
            0.03232134133577347
        ],
        [
            0.17149046063423157,
            0.020979344844818115,
            0.033634886145591736
        ],
        [
            0.17417670786380768,
            0.017119387164711952,
            0.03612133488059044
        ],
        [
            0.16146646440029144,
            0.027912309393286705,
            0.073661670088768
        ],
        [
            0.15665926039218903,
            0.030867472290992737,
            0.07592551410198212
        ],
        [
            0.1576290726661682,
            0.03232353925704956,
            0.0757053792476654
        ],
        [
            0.1632414311170578,
            0.030734902247786522,
            0.07398051023483276
        ],
        [
            0.14113569259643555,
            0.017313458025455475,
            0.07963535189628601
        ],
        [
            0.13853558897972107,
            0.015256356447935104,
            0.0847461074590683
        ],
        [
            0.1419014185667038,
            0.018694689497351646,
            0.08476030081510544
        ],
        [
            0.14431825280189514,
            0.01919078268110752,
            0.07910283654928207
        ],
        [
            0.14010722935199738,
            0.011493271216750145,
            0.08874407410621643
        ],
        [
            0.14385317265987396,
            0.01545094233006239,
            0.08995553851127625
        ],
        [
            0.1668044626712799,
            0.024841994047164917,
            0.07562506198883057
        ],
        [
            0.1697865128517151,
            0.023007281124591827,
            0.08248715102672577
        ],
        [
            0.16242775321006775,
            0.009345222264528275,
            0.07860803604125977
        ],
        [
            0.16016705334186554,
            0.014817442744970322,
            0.07317868620157242
        ],
        [
            0.12858380377292633,
            -0.007952108979225159,
            0.011427618563175201
        ],
        [
            0.13181298971176147,
            -0.0024620871990919113,
            0.0022117458283901215
        ],
        [
            0.14495059847831726,
            0.0003691036254167557,
            0.010267805308103561
        ],
        [
            0.1592578887939453,
            0.002352403476834297,
            0.01782577484846115
        ],
        [
            0.17136164009571075,
            0.0053215594962239265,
            0.026291338726878166
        ],
        [
            0.16906806826591492,
            -0.0019081011414527893,
            0.035995304584503174
        ],
        [
            0.14561739563941956,
            0.004675544798374176,
            0.0030705444514751434
        ],
        [
            0.15770308673381805,
            0.008013477548956871,
            0.07304448634386063
        ],
        [
            0.15741415321826935,
            0.0007521491497755051,
            0.0759769082069397
        ],
        [
            0.15904629230499268,
            0.0021161139011383057,
            0.0723428875207901
        ],
        [
            0.12960214912891388,
            0.026464000344276428,
            0.022561997175216675
        ],
        [
            0.15401111543178558,
            0.02868887409567833,
            0.09307585656642914
        ],
        [
            0.08569904416799545,
            -0.0173236895352602,
            0.01956401765346527
        ],
        [
            0.09465422481298447,
            -0.019190188497304916,
            0.009320288896560669
        ],
        [
            0.09953467547893524,
            -0.017513040453195572,
            0.016490638256072998
        ],
        [
            0.08921289443969727,
            -0.01427577342838049,
            0.02829892560839653
        ],
        [
            0.15259957313537598,
            0.03224971145391464,
            0.08179159462451935
        ],
        [
            0.15118691325187683,
            0.03112894296646118,
            0.08800097554922104
        ],
        [
            0.16327841579914093,
            0.026202712208032608,
            0.035933732986450195
        ],
        [
            0.1654413789510727,
            0.023719046264886856,
            0.038224734365940094
        ],
        [
            0.16637837886810303,
            0.023770540952682495,
            0.03407466039061546
        ],
        [
            0.16630886495113373,
            0.027490612119436264,
            0.032666269689798355
        ],
        [
            0.1319243460893631,
            0.0008580386638641357,
            -0.0028908587992191315
        ],
        [
            0.1716049164533615,
            0.02521604672074318,
            0.012127937749028206
        ],
        [
            0.1750761866569519,
            0.015603233128786087,
            0.018670739606022835
        ],
        [
            0.12053484469652176,
            -0.005235087126493454,
            -0.004344508051872253
        ],
        [
            0.117845818400383,
            -0.010667139664292336,
            0.0033720172941684723
        ],
        [
            0.11051540076732635,
            -0.01254793256521225,
            -0.002916596829891205
        ],
        [
            0.16686853766441345,
            -0.0008751656860113144,
            0.050779037177562714
        ],
        [
            0.12749657034873962,
            -0.010795112699270248,
            0.01961205154657364
        ],
        [
            0.116090789437294,
            -0.012921972200274467,
            0.01052122563123703
        ],
        [
            0.1072714552283287,
            -0.015258774161338806,
            0.0033349767327308655
        ],
        [
            0.1015743613243103,
            -0.017373215407133102,
            -0.0024581626057624817
        ],
        [
            0.10566065460443497,
            -0.014055001549422741,
            -0.008691679686307907
        ],
        [
            0.16783644258975983,
            0.023028386756777763,
            0.08864064514636993
        ],
        [
            0.17196442186832428,
            0.02819722890853882,
            0.08265423774719238
        ],
        [
            0.1008172258734703,
            -0.017151322215795517,
            -0.015788283199071884
        ],
        [
            0.09615450352430344,
            -0.020156357437372208,
            -0.008331194519996643
        ],
        [
            0.11275128275156021,
            -0.014885027892887592,
            0.018933460116386414
        ],
        [
            0.10769115388393402,
            -0.015660280361771584,
            0.02961612492799759
        ],
        [
            0.12380319833755493,
            -0.01251153089106083,
            0.027445316314697266
        ],
        [
            0.11990989744663239,
            -0.013466963544487953,
            0.03854001313447952
        ],
        [
            0.1631559282541275,
            -0.009853903204202652,
            0.05748073011636734
        ],
        [
            0.1701500415802002,
            0.04684777185320854,
            0.07808840274810791
        ],
        [
            0.17099489271640778,
            0.035446446388959885,
            0.07726559042930603
        ],
        [
            0.16568587720394135,
            0.03524396941065788,
            0.07445112615823746
        ],
        [
            0.16750220954418182,
            0.04613741859793663,
            0.07479044795036316
        ],
        [
            0.16854238510131836,
            0.029238665476441383,
            0.07611866295337677
        ],
        [
            0.17263181507587433,
            0.03434078395366669,
            0.08294996619224548
        ],
        [
            0.11175175756216049,
            -0.01027955673635006,
            0.05174412578344345
        ],
        [
            0.15478157997131348,
            0.015660302713513374,
            0.07220683246850967
        ],
        [
            0.09611155092716217,
            -0.009251527488231659,
            0.04396742954850197
        ],
        [
            0.10770876705646515,
            -0.0029589850455522537,
            0.06741373240947723
        ],
        [
            0.09595688432455063,
            0.00085496436804533,
            0.06166257709264755
        ],
        [
            0.07972024381160736,
            -0.006398537661880255,
            0.03682124242186546
        ],
        [
            0.08242325484752655,
            0.0031653123442083597,
            0.05219747871160507
        ],
        [
            0.07370319217443466,
            -0.013352714478969574,
            0.019843995571136475
        ],
        [
            0.07806897163391113,
            -0.010808360762894154,
            0.027432575821876526
        ],
        [
            0.08843354880809784,
            0.014626212418079376,
            0.06495211273431778
        ],
        [
            0.15426033735275269,
            0.043991755694150925,
            0.08239835500717163
        ],
        [
            0.15702031552791595,
