{
    "pred_cam": [
        6.92193078994751,
        0.05724583566188812,
        -0.08478929102420807
    ],
    "pred_mano_params": {
        "global_orient": [
            [
                [
                    0.5494639873504639,
                    -0.7953693270683289,
                    0.25588446855545044
                ],
                [
                    -0.8353210091590881,
                    -0.5162991881370544,
                    0.1888754516839981
                ],
                [
                    -0.018112797290086746,
                    -0.3175259530544281,
                    -0.9480765461921692
                ]
            ]
        ],
        "hand_pose": [
            [
                [
                    0.9533372521400452,
                    -0.229470893740654,
                    -0.1961912363767624
                ],
                [
                    0.2074146568775177,
                    0.9700155854225159,
                    -0.12668384611606598
                ],
                [
                    0.21937885880470276,
                    0.08007951080799103,
                    0.972347617149353
                ]
            ],
            [
                [
                    0.9670426845550537,
                    0.25251325964927673,
                    -0.03264310583472252
                ],
                [
                    -0.25397318601608276,
                    0.9475535154342651,
                    -0.19401046633720398
                ],
                [
                    -0.01805911958217621,
                    0.195906862616539,
                    0.9804562926292419
                ]
            ],
            [
                [
                    0.975914478302002,
                    0.07582056522369385,
                    -0.20455391705036163
                ],
                [
                    -0.06885562837123871,
                    0.9967852234840393,
                    0.04096515476703644
                ],
                [
                    0.20700232684612274,
                    -0.025893788784742355,
                    0.9779977798461914
                ]
            ],
            [
                [
                    0.9635911583900452,
                    -0.10796909779310226,
                    -0.2446117103099823
                ],
                [
                    0.06801369041204453,
                    0.9837295413017273,
                    -0.16628363728523254
                ],
                [
                    0.25858527421951294,
                    0.1435924619436264,
                    0.955256462097168
                ]
            ],
            [
                [
                    0.9890193343162537,
                    0.11426611989736557,
                    -0.0937228798866272
                ],
                [
                    -0.08530455082654953,
                    0.9592604041099548,
                    0.2693372964859009
                ],
                [
                    0.12068077176809311,
                    -0.2583848237991333,
                    0.9584745168685913
                ]
            ],
            [
                [
                    0.9911825656890869,
                    -0.1325010508298874,
                    -0.0007745103212073445
                ],
                [
                    0.132378488779068,
                    0.9904855489730835,
                    -0.037606410682201385
                ],
                [
                    0.005750030279159546,
                    0.03717229142785072,
                    0.9992923140525818
                ]
            ],
            [
                [
                    0.5805240273475647,
                    -0.685139536857605,
                    0.43997228145599365
                ],
                [
                    0.5052276253700256,
                    0.7268420457839966,
                    0.46523717045783997
                ],
                [
                    -0.6385427713394165,
                    -0.04779519885778427,
                    0.7681006789207458
                ]
            ],
            [
                [
                    0.9487589597702026,
                    -0.1897965669631958,
                    -0.25265321135520935
                ],
                [
                    0.1955094039440155,
                    0.9806985259056091,
                    -0.0025406344793736935
                ],
                [
                    0.24825884401798248,
                    -0.04698563367128372,
                    0.9675535559654236
                ]
            ],
            [
                [
                    0.9741532802581787,
                    0.03453679382801056,
                    0.2232321798801422
                ],
                [
                    -0.04825910925865173,
                    0.9972463846206665,
                    0.05630900338292122
                ],
                [
                    -0.22067275643348694,
                    -0.06562656164169312,
                    0.9731375575065613
                ]
            ],
            [
                [
                    0.980204701423645,
                    -0.1635739803314209,
                    0.1115453839302063
                ],
                [
                    0.18226748704910278,
                    0.9655393958091736,
                    -0.18577493727207184
                ],
                [
                    -0.07731351256370544,
                    0.20242854952812195,
                    0.9762404561042786
                ]
            ],
            [
                [
                    0.9521680474281311,
                    0.07636665552854538,
                    -0.2958786189556122
                ],
                [
                    -0.02755325473845005,
                    0.9857807755470276,
                    0.16576215624809265
                ],
                [
                    0.30433014035224915,
                    -0.14968101680278778,
                    0.9407331347465515
                ]
            ],
            [
                [
                    0.9769020676612854,
                    -0.08966299146413803,
                    0.19396626949310303
                ],
                [
                    0.0881330594420433,
                    0.9959716796875,
                    0.016520585864782333
                ],
                [
                    -0.19466620683670044,
                    0.0009558457531966269,
                    0.9808690547943115
                ]
            ],
            [
                [
                    0.9852380752563477,
                    -0.1564650982618332,
                    -0.06945943087339401
                ],
                [
                    -0.002207948360592127,
                    0.3940971791744232,
                    -0.9190660715103149
                ],
                [
                    0.1711755394935608,
                    0.9056522250175476,
                    0.3879340887069702
                ]
            ],
            [
                [
                    0.9662312865257263,
                    -0.2522395849227905,
                    -0.05265350267291069
                ],
                [
                    0.23371586203575134,
                    0.7718440294265747,
                    0.5912982821464539
                ],
                [
                    -0.10850855708122253,
                    -0.5836368203163147,
                    0.8047322630882263
                ]
            ],
            [
                [
                    0.9857801795005798,
                    0.13157719373703003,
                    -0.10452213883399963
                ],
                [
                    -0.13648781180381775,
                    0.9897814989089966,
                    -0.0412764810025692
                ],
                [
                    0.09802302718162537,
                    0.054955534636974335,
                    0.9936656951904297
                ]
            ]
        ],
        "betas": [
            -0.08304119110107422,
            -0.10131785273551941,
            -0.09982466697692871,
            0.05420812964439392,
            -0.01424744725227356,
            -0.12595754861831665,
            0.06311282515525818,
            -0.10429081320762634,
            -0.0469757616519928,
            -0.05708420276641846
        ]
    },
    "pred_cam_t": [
        -0.05724583566188812,
        -0.08478929102420807,
        5.6432952880859375
    ],
    "focal_length": [
        5000.0,
        5000.0
    ],
    "pred_keypoints_3d": [
        [
            0.09618137031793594,
            0.006422854028642178,
            0.006219062954187393
        ],
        [
            0.10201875865459442,
            0.03959360346198082,
            -0.012903699651360512
        ],
        [
            0.10915404558181763,
            0.06974297761917114,
            -0.011979215778410435
        ],
        [
            0.1107039675116539,
            0.0967700332403183,
            -0.00876852497458458
        ],
        [
            0.10881948471069336,
            0.1326688975095749,
            -0.010599539615213871
        ],
        [
            0.05696691572666168,
            0.0869642123579979,
            -0.010064948350191116
        ],
        [
            0.04032442718744278,
            0.11502820253372192,
            -0.004027111921459436
        ],
        [
            0.02738138660788536,
            0.13262230157852173,
            0.0006190822459757328
        ],
        [
            0.007435116916894913,
            0.14768481254577637,
            0.007637260481715202
        ],
        [
            0.04422882944345474,
            0.08598700165748596,
            0.011712229810655117
        ],
        [
            0.02446487732231617,
            0.10741529613733292,
            0.024464795365929604
        ],
        [
            0.011004994623363018,
            0.12246022373437881,
            0.03628997877240181
        ],
        [
            -0.005709387362003326,
            0.13843999803066254,
            0.04886763542890549
        ],
        [
            0.04735782742500305,
            0.07202784717082977,
            0.03441037982702255
        ],
        [
            0.03263411670923233,
            0.09677796065807343,
            0.0378178246319294
        ],
        [
            0.020348334684967995,
            0.11385159194469452,
            0.051264453679323196
        ],
        [
            0.005403649061918259,
            0.13302913308143616,
            0.05939895287156105
        ],
        [
            0.05502869933843613,
            0.06118546426296234,
            0.051775358617305756
        ],
        [
            0.05829138308763504,
            0.08187022060155869,
            0.05533808097243309
        ],
        [
            0.06407011300325394,
            0.09841535985469818,
            0.06290368735790253
        ],
        [
            0.06919693946838379,
            0.11750517785549164,
            0.0654115155339241
        ]
    ],
    "pred_vertices": [
        [
            0.08659708499908447,
            0.060249343514442444,
            -0.002328544156625867
        ],
        [
            0.09302002936601639,
            0.05161738395690918,
            -0.0009529627859592438
        ],
        [
            0.09501899778842926,
            0.060545314103364944,
            -0.002387605607509613
        ],
        [
            0.08817450702190399,
            0.06806774437427521,
            -0.006338201928883791
        ],
        [
            0.11323105543851852,
            0.048016782850027084,
            0.0019361060112714767
        ],
        [
            0.12096375226974487,
            0.04460391774773598,
            -0.006568461656570435
        ],
        [
            0.12067911028862,
            0.060942962765693665,
            -0.006019897758960724
        ],
        [
            0.11506428569555283,
            0.061571743339300156,
            0.0021572550758719444
        ],
        [
            0.08848638832569122,
            0.07422897964715958,
            -0.009413212537765503
        ],
        [
            0.09691686928272247,
            0.06837460398674011,
            -0.0031402939930558205
        ],
        [
            0.08847024291753769,
            0.07533634454011917,
            -0.011786624789237976
        ],
        [
            0.07519014179706573,
            0.07645928859710693,
            -0.02061130665242672
        ],
        [
            0.07880479097366333,
            0.07758870720863342,
            -0.015486706979572773
        ],
        [
            0.06678873300552368,
            0.07937535643577576,
            -0.022230062633752823
        ],
        [
            0.07211281359195709,
            0.06725745648145676,
            -0.025388497859239578
        ],
        [
            0.05924233794212341,
            0.07358812540769577,
            -0.02234240621328354
        ],
        [
            0.05694446340203285,
            0.04679153114557266,
            -0.009125498123466969
        ],
        [
            0.0549047477543354,
            0.04065214470028877,
            0.0030379518866539
        ],
        [
            0.046702634543180466,
            0.05440768972039223,
            0.0054087270982563496
        ],
        [
            0.04997115582227707,
            0.05968160927295685,
            -0.006767766550183296
        ],
        [
            0.05044424906373024,
            0.044213466346263885,
            0.022998860105872154
        ],
        [
            0.04766453057527542,
            0.0504276417195797,
            0.013490426354110241
        ],
        [
            0.05516207590699196,
            0.03601400926709175,
            0.010778848081827164
        ],
        [
            0.05755700543522835,
            0.031162522733211517,
            0.019486110657453537
        ],
        [
            0.08557984232902527,
            0.04886135086417198,
            0.008900933898985386
        ],
        [
            0.09193255007266998,
            0.040230751037597656,
            0.00921127200126648
        ],
        [
            0.09136408567428589,
            0.043510861694812775,
            0.004108441527932882
        ],
        [
            0.08592693507671356,
            0.051950279623270035,
            0.004116218537092209
        ],
        [
            0.09727092832326889,
            0.07797005772590637,
            -0.016074687242507935
        ],
        [
            0.0908721387386322,
            0.0672243982553482,
            -0.024509750306606293
        ],
        [
            0.08720439672470093,
            0.07193958759307861,
            -0.01925615966320038
        ],
        [
            0.09743212163448334,
            0.07929655909538269,
            -0.010510632768273354
        ],
        [
            0.1107998937368393,
            0.02004670351743698,
            0.019902318716049194
        ],
        [
            0.1131710559129715,
            0.007393509149551392,
            0.015485969372093678
        ],
        [
            0.11369991302490234,
            0.008776545524597168,
            0.009703680872917175
        ],
        [
            0.11092668771743774,
            0.019849255681037903,
            0.014744033105671406
        ],
        [
            0.11828367412090302,
            0.022488273680210114,
            -0.006334185134619474
        ],
        [
            0.11667556315660477,
            0.012246489524841309,
            -0.007852377369999886
        ],
        [
            0.11479184776544571,
            0.00632341206073761,
            -0.01956976391375065
        ],
        [
            0.11477190256118774,
            0.016948536038398743,
            -0.020741870626807213
        ],
        [
            0.11967171728610992,
            0.03391892462968826,
            -0.00642120186239481
        ],
        [
            0.11891159415245056,
            0.029831886291503906,
            -0.01932491734623909
        ],
        [
            0.12088504433631897,
            0.04258713871240616,
            -0.01774640940129757
        ],
        [
            0.12049491703510284,
            0.06025586277246475,
            -0.015203854069113731
        ],
        [
            0.10927657783031464,
            0.002787090837955475,
            0.02687791921198368
        ],
        [
            0.10747646540403366,
            0.01152617484331131,
            0.03194928541779518
        ],
        [
            0.04447270184755325,
            0.12500318884849548,
            -0.004020868334919214
        ],
        [
            0.042983945459127426,
            0.12384282052516937,
            0.0014319946058094501
        ],
        [
            0.0475633479654789,
            0.11901317536830902,
            0.00023977551609277725
        ],
        [
            0.04781981557607651,
            0.1210169643163681,
            -0.005090049467980862
        ],
        [
            0.09086668491363525,
            -0.0012712031602859497,
            0.03450988233089447
        ],
        [
            0.08231852948665619,
            -0.004946567118167877,
            0.03048267401754856
        ],
        [
            0.08709768205881119,
            -0.010459788143634796,
            0.030818438157439232
        ],
        [
            0.09562035650014877,
            -0.006895370781421661,
            0.03269617632031441
        ],
        [
            0.0846354067325592,
            0.006215885281562805,
            0.036846794188022614
        ],
        [
            0.07626760005950928,
            0.0031534507870674133,
            0.029757652431726456
        ],
        [
            0.03588525205850601,
            0.12031570076942444,
            -0.011581247672438622
        ],
        [
            0.03986534848809242,
            0.12341009080410004,
            -0.011139455251395702
        ],
        [
            0.04186451435089111,
            0.11896669119596481,
            -0.012630541808903217
        ],
        [
            0.03789032995700836,
            0.11538288742303848,
            -0.012346810661256313
        ],
        [
            0.08109406381845474,
            0.07456645369529724,
            -0.009758735075592995
        ],
        [
            0.08141037076711655,
            0.06848853826522827,
            -0.002847198862582445
        ],
        [
            0.0684875026345253,
            0.08854052424430847,
            -0.008148464374244213
        ],
        [
            0.07301753014326096,
            0.07953105121850967,
            -0.005496657453477383
        ],
        [
            0.07425787299871445,
            0.08066040277481079,
            -0.012414991855621338
        ],
        [
            0.06920679658651352,
            0.08730088174343109,
            -0.014489785768091679
        ],
        [
            0.07138845324516296,
            0.06617942452430725,
            0.014216149225831032
        ],
        [
            0.07803329825401306,
            0.05646593123674393,
            0.01273228507488966
        ],
        [
            0.07792583853006363,
            0.060228124260902405,
            0.007219625171273947
        ],
        [
            0.07157742977142334,
            0.07175779342651367,
            0.007555866613984108
        ],
        [
            0.07925662398338318,
            0.051681648939847946,
            0.026047512888908386
        ],
        [
            0.07223367691040039,
            0.06138153001666069,
            0.026299556717276573
        ],
        [
            0.07376506179571152,
            0.057493217289447784,
            0.03380624204874039
        ],
        [
            0.07927499711513519,
            0.051760897040367126,
            0.03260422497987747
        ],
        [
            0.0598394051194191,
            0.07899121940135956,
            0.023750560358166695
        ],
        [
            0.05317433550953865,
            0.08407898992300034,
            0.023527268320322037
        ],
        [
            0.052992433309555054,
            0.08313564211130142,
            0.026849176734685898
        ],
        [
            0.05963211506605148,
            0.07700399309396744,
            0.0270825307816267
        ],
        [
            0.09097565710544586,
            -0.01638219505548477,
            0.030363067984580994
        ],
        [
            0.09987116605043411,
            -0.012179926037788391,
            0.03002111054956913
        ],
        [
            0.05641191452741623,
            0.03664451837539673,
            0.04227696359157562
        ],
        [
            0.06493837386369705,
            0.03411664441227913,
            0.04894353821873665
        ],
        [
            0.05805846303701401,
            0.044741105288267136,
            0.05390521138906479
        ],
        [
            0.050449617207050323,
            0.04439619556069374,
            0.045412883162498474
        ],
        [
            0.0760640949010849,
            -0.0049538761377334595,
            0.022127173840999603
        ],
        [
            0.07964298129081726,
            -0.011652462184429169,
            0.024103563278913498
        ],
        [
            0.03176017105579376,
            0.11701051145792007,
            -0.00837946217507124
        ],
        [
            0.034183040261268616,
            0.1123613491654396,
            -0.008612606674432755
        ],
        [
            0.11207415908575058,
            0.038380928337574005,
            -0.02813040092587471
        ],
        [
            0.11507032811641693,
            0.05950770527124405,
            -0.023607369512319565
        ],
        [
            0.10868730396032333,
            0.02221520245075226,
            -0.028412483632564545
        ],
        [
            0.10546475648880005,
            0.01109287142753601,
            -0.026786286383867264
        ],
        [
            0.10549068450927734,
            0.0018786042928695679,
            -0.026147738099098206
        ],
        [
            0.06979835778474808,
            0.08118946850299835,
            0.0003919880837202072
        ],
        [
            0.08155637234449387,
            0.060736726969480515,
            0.0024431166239082813
        ],
        [
            0.08566053211688995,
            0.0466211661696434,
            0.013582924380898476
        ],
        [
            0.08704816550016403,
            0.040763869881629944,
            0.043976739048957825
        ],
        [
            0.09362003207206726,
            0.032560449093580246,
            0.042331937700510025
        ],
        [
            0.09299198538064957,
            0.03919174149632454,
            0.033871620893478394
        ],
        [
            0.08682495355606079,
            0.044704314321279526,
            0.0369146429002285
        ],
        [
            0.07306858897209167,
            0.03823916241526604,
            0.052825771272182465
        ],
        [
            0.07778656482696533,
            0.04436124116182327,
            0.05048428848385811
        ],
        [
            0.0720704197883606,
            0.051041241735219955,
            0.052281659096479416
        ],
        [
            0.06663095206022263,
            0.046672333031892776,
            0.055629026144742966
        ],
        [
            0.10182175785303116,
            0.07772372663021088,
            -0.021986357867717743
        ],
        [
            0.09602762758731842,
            0.06349202245473862,
            -0.0285671167075634
        ],
        [
            0.10018286108970642,
            0.003827705979347229,
            0.03507919982075691
        ],
        [
            0.10413026809692383,
            -0.0015446171164512634,
            0.030924910679459572
        ],
        [
            0.10654961317777634,
            -0.00901835411787033,
            0.02761412411928177
        ],
        [
            0.10199019312858582,
            0.030596718192100525,
            0.01330145075917244
        ],
        [
            0.111077219247818,
            0.01974336802959442,
            0.011138642206788063
        ],
        [
            0.1113710105419159,
            0.021680064499378204,
            0.007257204502820969
        ],
        [
            0.10069487243890762,
            0.031287845224142075,
            0.009801136329770088
        ],
        [
            0.10087072849273682,
            0.0432550385594368,
            0.002640756778419018
        ],
        [
            0.11151622235774994,
            0.0353240966796875,
            0.002135339193046093
        ],
        [
            0.10293052345514297,
            0.053824517875909805,
            0.0036114053800702095
        ],
        [
            0.1152825802564621,
            0.009170643985271454,
            0.001658610999584198
        ],
        [
            0.11776560544967651,
            -0.00027552247047424316,
            0.006857967935502529
        ],
        [
            0.11832395941019058,
            0.0010170713067054749,
            -0.001965752337127924
        ],
        [
            0.11526235938072205,
            -0.0032765716314315796,
            0.01587989740073681
        ],
        [
            0.11153144389390945,
            -0.006243415176868439,
            0.023432781919836998
        ],
        [
            0.08115793019533157,
            -0.02000364661216736,
            0.0245224442332983
        ],
        [
            0.11728884279727936,
            0.0024295970797538757,
            -0.01012474112212658
        ],
        [
            0.11543521285057068,
            0.07128515839576721,
            0.0002308371476829052
        ],
        [
            0.11594358086585999,
            0.07996782660484314,
            -0.0019980836659669876
        ],
        [
            0.1088104248046875,
            0.08005416393280029,
            0.0001851455308496952
        ],
        [
            0.10751095414161682,
            0.07224805653095245,
            0.0020971056073904037
        ],
        [
            0.058713268488645554,
            0.0850314199924469,
            -0.0221237912774086
        ],
        [
            0.06534133106470108,
            0.08765232563018799,
            -0.019262125715613365
        ],
        [
            0.07275644689798355,
            0.08062995970249176,
            -0.019097667187452316
        ],
        [
            0.10470721125602722,
            0.027513697743415833,
            0.02658669650554657
        ],
        [
            0.10235149413347244,
            0.020010627806186676,
            0.03657647967338562
        ],
        [
            0.06455505639314651,
            0.08993389457464218,
            -0.00259767915122211
        ],
        [
            0.03804466128349304,
            0.11069926619529724,
            -0.013320987112820148
        ],
        [
            0.04285694658756256,
            0.11386460810899734,
            -0.01424260064959526
        ],
        [
            0.05067354440689087,
            0.09849676489830017,
            -0.018536940217018127
        ],
        [
            0.044511325657367706,
            0.09624156355857849,
            -0.017222151160240173
        ],
        [
            0.053458087146282196,
            0.0938045084476471,
            0.0007863342761993408
        ],
        [
            0.060002945363521576,
            0.09376966208219528,
            -0.0019233718048781157
        ],
        [
            0.056979309767484665,
            0.09564248472452164,
            -0.0013099843636155128
        ],
        [
            0.051674794405698776,
            0.0960434153676033,
            0.002349497750401497
        ],
        [
            0.05546340346336365,
            0.07829219102859497,
            0.03448536619544029
        ],
        [
            0.06150441616773605,
            0.0725814551115036,
            0.034429822117090225
        ],
        [
            0.045048292726278305,
            0.0742969959974289,
            -0.002810534555464983
        ],
        [
            0.04672101140022278,
            0.07420764118432999,
            -0.01613575778901577
        ],
        [
            0.05334039032459259,
            0.06519065797328949,
            -0.01700989156961441
        ],
        [
            0.0720117837190628,
            0.06262946128845215,
            0.020795419812202454
        ],
        [
            0.06599992513656616,
            0.0712897926568985,
            0.022988665848970413
        ],
        [
            0.06591876596212387,
            0.06953462958335876,
            0.026819169521331787
        ],
        [
            0.06636156886816025,
            0.08310086280107498,
            0.003578162519261241
        ],
        [
            0.06097108870744705,
            0.08958910405635834,
            0.002342308172956109
        ],
        [
            0.06148042529821396,
            0.08606021851301193,
            0.006431621499359608
        ],
        [
            0.0662192702293396,
            0.0795082300901413,
            0.007924266159534454
        ],
        [
            0.0712888315320015,
            0.023136891424655914,
            0.044864553958177567
        ],
        [
            0.08069894462823868,
            0.027970105409622192,
            0.04982887580990791
        ],
        [
            0.04315796121954918,
            0.12497536838054657,
            -0.008499209769070148
        ],
        [
            0.045766834169626236,
            0.12069427967071533,
            -0.009868727996945381
        ],
        [
            0.07851553708314896,
            0.053192298859357834,
            0.019182628020644188
        ],
        [
            0.06152809411287308,
            0.0538860447704792,
            -0.01800493523478508
        ],
        [
            0.08606258034706116,
            0.04451071470975876,
            0.01869240216910839
        ],
        [
            0.045839473605155945,
            0.06026449054479599,
            0.03685089945793152
        ],
        [
            0.05067434534430504,
            0.06429564952850342,
            0.041821274906396866
        ],
        [
            0.04696191847324371,
            0.06996050477027893,
            0.04079057276248932
        ],
        [
            0.04186313599348068,
            0.0675237700343132,
            0.03748394921422005
        ],
        [
            0.04277774319052696,
            0.1083957627415657,
            0.005582434590905905
        ],
        [
            0.04734472185373306,
            0.11179514974355698,
            0.004057178273797035
        ],
        [
            0.044561825692653656,
            0.11622858792543411,
            0.005127185955643654
        ],
        [
            0.040136318653821945,
            0.11285320669412613,
            0.006296896375715733
        ],
        [
            0.06302781403064728,
            0.09423846751451492,
            -0.006963299587368965
        ],
        [
            0.06404195725917816,
            0.09382331371307373,
            -0.013451345264911652
        ],
        [
            0.059901781380176544,
            0.09933378547430038,
            -0.011072790250182152
        ],
        [
            0.05883793160319328,
            0.09791426360607147,
            -0.0054625943303108215
        ],
        [
            0.05963369458913803,
            0.09387572109699249,
            -0.018168367445468903
        ],
        [
            0.05644700676202774,
            0.09941437840461731,
            -0.01625576801598072
        ],
        [
            0.037459347397089005,
            0.10565074533224106,
            0.002651378745213151
        ],
        [
            0.03371149301528931,
            0.10486152768135071,
            -0.0040518902242183685
        ],
        [
            0.03977769613265991,
            0.09251479804515839,
            -0.00550397764891386
        ],
        [
            0.044302091002464294,
            0.09557905048131943,
            0.0005583481979556382
        ],
        [
            0.06374219805002213,
            0.0179513618350029,
            0.01574956625699997
        ],
        [
            0.06640692055225372,
            0.014885440468788147,
            0.026172790676355362
        ],
        [
            0.060085684061050415,
            0.027941633015871048,
            0.030195489525794983
        ],
        [
            0.0530724823474884,
            0.04006640240550041,
            0.03450863063335419
        ],
        [
            0.04760028049349785,
            0.052196502685546875,
            0.03766263276338577
        ],
        [
            0.04407013952732086,
            0.05417920649051666,
            0.026308899745345116
        ],
        [
            0.0632379949092865,
            0.02495301514863968,
            0.037129905074834824
        ],
        [
            0.046509966254234314,
            0.08786169439554214,
            0.0018838844262063503
        ],
        [
            0.04438614845275879,
            0.08320575207471848,
            -0.006169013679027557
        ],
        [
            0.04392070323228836,
            0.08184459060430527,
            -0.00048364605754613876
        ],
        [
            0.08744266629219055,
            0.04328009486198425,
            0.025964897125959396
        ],
        [
            0.04722650721669197,
            0.11548370867967606,
            -0.012213335372507572
        ],
        [
            0.08411747217178345,
            0.0014086514711380005,
            -0.019892703741788864
        ],
        [
            0.07752232253551483,
            -0.003513708710670471,
            -0.008817393332719803
        ],
        [
            0.07506594061851501,
            0.004877150058746338,
            -0.0095696235075593
        ],
        [
            0.08333490788936615,
            0.011138290166854858,
            -0.021817738190293312
        ],
        [
            0.050913698971271515,
            0.11445554345846176,
            -0.0011742496863007545
        ],
        [
            0.050913192331790924,
            0.11621562391519547,
            -0.0072139473631978035
        ],
        [
            0.06112251430749893,
            0.07106852531433105,
            0.04068730026483536
        ],
        [
            0.05486038699746132,
            0.07610073685646057,
            0.03971486538648605
        ],
        [
            0.051622115075588226,
            0.07520493865013123,
            0.041919317096471786
        ],
        [
            0.058757953345775604,
            0.07139606028795242,
            0.045720092952251434
        ],
        [
            0.06914845108985901,
            0.01260296255350113,
            0.030980823561549187
        ],
        [
            0.05653294175863266,
            0.053493015468120575,
            0.056801676750183105
        ],
        [
            0.04890916869044304,
            0.052176810801029205,
            0.049231357872486115
        ],
        [
            0.0718226432800293,
            0.0035834014415740967,
            0.02224867418408394
        ],
        [
            0.0690067857503891,
            0.005835779011249542,
            0.013106749393045902
        ],
        [
            0.07280923426151276,
            -0.0030287206172943115,
            0.011777795851230621
        ],
        [
            0.041677094995975494,
            0.0655997097492218,
            0.015920666977763176
        ],
        [
            0.06173200160264969,
            0.022424906492233276,
            0.008571924641728401
        ],
        [
            0.06800773739814758,
            0.009541541337966919,
            0.006431887857615948
        ],
        [
            0.07247697561979294,
            -0.0009028464555740356,
            0.00451794546097517
        ],
        [
            0.07508383691310883,
            -0.00876377522945404,
            0.0037287184968590736
        ],
        [
            0.07532171159982681,
            -0.010225959122180939,
            0.011793565936386585
        ],
        [
            0.034787558019161224,
            0.10742030292749405,
            -0.00895004440099001
        ],
        [
            0.032388895750045776,
            0.1097879409790039,
            -0.0030183233320713043
        ],
        [
            0.07667231559753418,
            -0.019172251224517822,
            0.011880922131240368
        ],
        [
            0.07694561779499054,
            -0.01685865968465805,
            0.0028394553810358047
        ],
        [
            0.06816311180591583,
            0.013685807585716248,
            -0.0018522990867495537
        ],
        [
            0.07017286121845245,
            0.019557029008865356,
            -0.011976814828813076
        ],
        [
            0.062258604913949966,
            0.02607889473438263,
            0.0006205784156918526
        ],
        [
            0.063367560505867,
            0.032660260796546936,
            -0.009097915142774582
        ],
        [
            0.04114660620689392,
            0.064543217420578,
            0.005547320004552603
        ],
        [
            0.024396594613790512,
            0.12381472438573837,
            0.0027984310872852802
        ],
        [
            0.031151961535215378,
            0.11533968150615692,
            0.002946283668279648
        ],
        [
            0.03517373651266098,
            0.11770175397396088,
            0.0063626086339354515
        ],
        [
            0.026650534942746162,
            0.1250731199979782,
            0.006126450374722481
        ],
        [
            0.03552941232919693,
            0.1102735698223114,
            0.003278356743976474
        ],
        [
            0.029865877702832222,
            0.11451327800750732,
            -0.002733850385993719
        ],
        [
            0.07021777331829071,
            0.04125618934631348,
            -0.020535200834274292
        ],
        [
            0.054594315588474274,
            0.09163083881139755,
            0.005966085009276867
        ],
        [
            0.08133784681558609,
            0.028972499072551727,
            -0.024879733100533485
        ],
        [
            0.07795193046331406,
            0.055645860731601715,
            -0.02869545854628086
        ],
        [
            0.0885075107216835,
            0.04750559851527214,
            -0.030787918716669083
        ],
        [
            0.09446506202220917,
            0.01714251935482025,
            -0.029468417167663574
        ],
        [
            0.09894095361232758,
            0.03464202582836151,
            -0.03275486081838608
        ],
        [
            0.09501238167285919,
            -0.00180729478597641,
            -0.025484655052423477
        ],
        [
            0.0932471826672554,
            0.007122144103050232,
            -0.026533737778663635
        ],
        [
            0.10399975627660751,
            0.05231543257832527,
            -0.030853863805532455
        ],
        [
