{
    "pred_cam": [
        8.062671661376953,
        -0.10377627611160278,
        -0.0724923387169838
    ],
    "pred_mano_params": {
        "global_orient": [
            [
                [
                    0.22244083881378174,
                    -0.7920887470245361,
                    0.5684323906898499
                ],
                [
                    -0.9302873611450195,
                    -0.3468821346759796,
                    -0.11932381242513657
                ],
                [
                    0.29169410467147827,
                    -0.5022630095481873,
                    -0.8140309453010559
                ]
            ]
        ],
        "hand_pose": [
            [
                [
                    0.775799036026001,
                    -0.588202714920044,
                    -0.22837120294570923
                ],
                [
                    0.5750632286071777,
                    0.8080717921257019,
                    -0.12775924801826477
                ],
                [
                    0.2596886456012726,
                    -0.032212354242801666,
                    0.9651550650596619
                ]
            ],
            [
                [
                    0.8214467763900757,
                    -0.4954512417316437,
                    0.28240618109703064
                ],
                [
                    0.5456536412239075,
                    0.8267956972122192,
                    -0.13664191961288452
                ],
                [
                    -0.1657927930355072,
                    0.266340047121048,
                    0.9495134353637695
                ]
            ],
            [
                [
                    0.7430979013442993,
                    -0.6691661477088928,
                    -0.004714592359960079
                ],
                [
                    0.6444414258003235,
                    0.7175040245056152,
                    -0.2643544673919678
                ],
                [
                    0.18027979135513306,
                    0.1934029757976532,
                    0.964414119720459
                ]
            ],
            [
                [
                    0.7233487963676453,
                    -0.6738026738166809,
                    -0.15085259079933167
                ],
                [
                    0.6865912675857544,
                    0.725058913230896,
                    0.05368385463953018
                ],
                [
                    0.07320469617843628,
                    -0.14240622520446777,
                    0.9870975017547607
                ]
            ],
            [
                [
                    0.5178427696228027,
                    -0.8265464901924133,
                    -0.22058935463428497
                ],
                [
                    0.8500944972038269,
                    0.46830713748931885,
                    0.24088963866233826
                ],
                [
                    -0.09580294042825699,
                    -0.3122647702693939,
                    0.9451521039009094
                ]
            ],
            [
                [
                    0.8242154717445374,
                    -0.46915003657341003,
                    -0.31712326407432556
                ],
                [
                    0.518431544303894,
                    0.8504456281661987,
                    0.08927971869707108
                ],
                [
                    0.22781053185462952,
                    -0.23799242079257965,
                    0.9441726207733154
                ]
            ],
            [
                [
                    0.6108924746513367,
                    -0.4954392611980438,
                    0.6175357103347778
                ],
                [
                    0.4287876784801483,
                    0.8627415299415588,
                    0.2679891884326935
                ],
                [
                    -0.6655460596084595,
                    0.10107910633087158,
                    0.7394805550575256
                ]
            ],
            [
                [
                    0.6908171772956848,
                    -0.6419042348861694,
                    -0.3327620327472687
                ],
                [
                    0.715279221534729,
                    0.5395264029502869,
                    0.44416990876197815
                ],
                [
                    -0.1055806428194046,
                    -0.5448579788208008,
                    0.8318548798561096
                ]
            ],
            [
                [
                    0.7939639687538147,
                    -0.6078217625617981,
                    0.013181610032916069
                ],
                [
                    0.5845018625259399,
                    0.7691088318824768,
                    0.2585134506225586
                ],
                [
                    -0.16726821660995483,
                    -0.19754573702812195,
                    0.9659176468849182
                ]
            ],
            [
                [
                    0.7792244553565979,
                    -0.6067991256713867,
                    0.15685708820819855
                ],
                [
                    0.6060227155685425,
                    0.7933057546615601,
                    0.05833074077963829
                ],
                [
                    -0.15983067452907562,
                    0.049606211483478546,
                    0.9858973026275635
                ]
            ],
            [
                [
                    0.5633970499038696,
                    -0.7846196889877319,
                    -0.2587580978870392
                ],
                [
                    0.7975409626960754,
                    0.4347441792488098,
                    0.4182414412498474
                ],
                [
                    -0.21566687524318695,
                    -0.4420061707496643,
                    0.870699942111969
                ]
            ],
            [
                [
                    0.7737405896186829,
                    -0.5026371479034424,
                    -0.38559216260910034
                ],
                [
                    0.5952135920524597,
                    0.7851993441581726,
                    0.17082971334457397
                ],
                [
                    0.21690134704113007,
                    -0.3616876006126404,
                    0.90671706199646
                ]
            ],
            [
                [
                    0.9761690497398376,
                    -0.14810483157634735,
                    -0.1586158722639084
                ],
                [
                    -0.09717714786529541,
                    0.35520505905151367,
                    -0.9297235012054443
                ],
                [
                    0.19403775036334991,
                    0.9229811429977417,
                    0.3323477804660797
                ]
            ],
            [
                [
                    0.9470352530479431,
                    -0.22498288750648499,
                    -0.22914379835128784
                ],
                [
                    0.3192972242832184,
                    0.7358229756355286,
                    0.5971714854240417
                ],
                [
                    0.034255899488925934,
                    -0.6387074589729309,
                    0.7686867117881775
                ]
            ],
            [
                [
                    0.970401406288147,
                    0.24035781621932983,
                    -0.023436471819877625
                ],
                [
                    -0.2385045289993286,
                    0.969082236289978,
                    0.06320781260728836
                ],
                [
                    0.03790435940027237,
                    -0.055747244507074356,
                    0.9977251887321472
                ]
            ]
        ],
        "betas": [
            -0.029589414596557617,
            -0.02582642436027527,
            -0.0915834903717041,
            0.044254034757614136,
            0.08739137649536133,
            -0.03099861368536949,
            0.039208292961120605,
            -0.04007306694984436,
            -0.03844209015369415,
            -0.042454928159713745
        ]
    },
    "pred_cam_t": [
        -0.10377627611160278,
        -0.0724923387169838,
        4.844858169555664
    ],
    "focal_length": [
        5000.0,
        5000.0
    ],
    "pred_keypoints_3d": [
        [
            0.09594620019197464,
            0.006411864422261715,
            0.006191500462591648
        ],
        [
            0.11758716404438019,
            0.03119882196187973,
            -0.014100129716098309
        ],
        [
            0.13092167675495148,
            0.05905759334564209,
            -0.014836814254522324
        ],
        [
            0.13337111473083496,
            0.08612281829118729,
            -0.014476353302598
        ],
        [
            0.134699746966362,
            0.12002675980329514,
            -0.026878584176301956
        ],
        [
            0.09218118339776993,
            0.08797463774681091,
            -0.03379400447010994
        ],
        [
            0.09476302564144135,
            0.12060397863388062,
            -0.02875804714858532
        ],
        [
            0.10950295627117157,
            0.13427051901817322,
            -0.019166763871908188
        ],
        [
            0.12569214403629303,
            0.1365601122379303,
            0.0004958584904670715
        ],
        [
            0.07409638166427612,
            0.09561485797166824,
            -0.0179823599755764
        ],
        [
            0.08055226504802704,
            0.12500888109207153,
            -0.007869540713727474
        ],
        [
            0.10035096853971481,
            0.12589198350906372,
            0.004423707723617554
        ],
        [
            0.11877937614917755,
            0.11575712263584137,
            0.01965387538075447
        ],
        [
            0.0656881108880043,
            0.08720158785581589,
            0.005993756465613842
        ],
        [
            0.07258909940719604,
            0.11522898823022842,
            0.007205630652606487
        ],
        [
            0.0928344875574112,
            0.11815197765827179,
            0.02132449299097061
        ],
        [
            0.10910384356975555,
            0.1083507165312767,
            0.03893067315220833
        ],
        [
            0.0639454796910286,
            0.07922785729169846,
            0.026238948106765747
        ],
        [
            0.06950211524963379,
            0.0995723307132721,
            0.024525415152311325
        ],
        [
            0.08343718200922012,
            0.10659965872764587,
            0.035389095544815063
        ],
        [
            0.09720196574926376,
            0.10262812674045563,
            0.04637245088815689
        ]
    ],
    "pred_vertices": [
        [
            0.10720247030258179,
            0.056817542761564255,
            -0.012840360403060913
        ],
        [
            0.10945719480514526,
            0.04711972549557686,
            -0.008262913674116135
        ],
        [
            0.11363794654607773,
            0.05473564192652702,
            -0.010152125731110573
        ],
        [
            0.11185064911842346,
            0.06266191601753235,
            -0.017152048647403717
        ],
        [
            0.12478919327259064,
            0.0406666100025177,
            0.002484772354364395
        ],
        [
            0.13371825218200684,
            0.03404518961906433,
            -0.0019452758133411407
        ],
        [
            0.13737696409225464,
            0.05035862699151039,
            -0.003841022029519081
        ],
        [
            0.12971867620944977,
            0.05355241522192955,
            0.0015890561044216156
        ],
        [
            0.11427764594554901,
            0.06744744628667831,
            -0.020703554153442383
        ],
        [
            0.11743180453777313,
            0.06146204099059105,
            -0.011193452402949333
        ],
        [
            0.1142079308629036,
            0.06747722625732422,
            -0.02268688753247261
        ],
        [
            0.1067226231098175,
            0.07052690535783768,
            -0.035988666117191315
        ],
        [
            0.10920631140470505,
            0.07188654690980911,
            -0.03008393757045269
        ],
        [
            0.10115759074687958,
            0.07540310174226761,
            -0.040967460721731186
        ],
        [
            0.10249495506286621,
            0.061626896262168884,
            -0.04020990431308746
        ],
        [
            0.09233210235834122,
            0.07270340621471405,
            -0.04340769350528717
        ],
        [
            0.07833079993724823,
            0.05101614072918892,
            -0.027691910043358803
        ],
        [
            0.07092074304819107,
            0.04877327010035515,
            -0.01623080112040043
        ],
        [
            0.06613104045391083,
            0.0651872456073761,
            -0.019283121451735497
        ],
        [
            0.07476066797971725,
            0.0661626011133194,
            -0.030148472636938095
        ],
        [
            0.06169585883617401,
            0.05843980610370636,
            0.0001445781672373414
        ],
        [
            0.06374970078468323,
            0.06291630864143372,
            -0.01067775022238493
        ],
        [
            0.06742573529481888,
            0.04619675502181053,
            -0.00826847180724144
        ],
        [
            0.0654769018292427,
            0.043076250702142715,
            0.0013475129380822182
        ],
        [
            0.09963679313659668,
            0.049420639872550964,
            -0.0010718423873186111
        ],
        [
            0.10246027261018753,
            0.039631206542253494,
            0.0025764387100934982
        ],
        [
            0.10443374514579773,
            0.04136491194367409,
            -0.0029089506715536118
        ],
        [
            0.10229085385799408,
            0.05095720291137695,
            -0.0058590117841959
        ],
        [
            0.12217340618371964,
            0.06761793792247772,
            -0.023463360965251923
        ],
        [
            0.11812392622232437,
            0.05697103962302208,
            -0.03250196948647499
        ],
        [
            0.11434384435415268,
            0.0630408301949501,
            -0.029515817761421204
        ],
        [
            0.12083079665899277,
            0.06969399750232697,
            -0.018317969515919685
        ],
        [
            0.10955317318439484,
            0.018613912165164948,
            0.022049229592084885
        ],
        [
            0.10878726840019226,
            0.0051627010107040405,
            0.020620126277208328
        ],
        [
            0.1114424392580986,
            0.004898838698863983,
            0.015305884182453156
        ],
        [
            0.11117619276046753,
            0.017116621136665344,
            0.017375318333506584
        ],
        [
            0.12506482005119324,
            0.012959562242031097,
            0.00032558664679527283
        ],
        [
            0.12059628963470459,
            0.003246985375881195,
            -0.0002532750368118286
        ],
        [
            0.12030556052923203,
            -0.004628457129001617,
            -0.01083717867732048
        ],
        [
            0.12426924705505371,
            0.00525452196598053,
            -0.013378461822867393
        ],
        [
            0.1296810656785965,
            0.02373868227005005,
            -0.0008198842406272888
        ],
        [
            0.13178806006908417,
            0.017087623476982117,
            -0.012377576902508736
        ],
        [
            0.136850044131279,
            0.029848285019397736,
            -0.011937415227293968
        ],
        [
            0.14006544649600983,
            0.04811079427599907,
            -0.012351768091320992
        ],
        [
            0.10045592486858368,
            0.00464148074388504,
            0.030378757044672966
        ],
        [
            0.1002754420042038,
            0.014483951032161713,
            0.033177927136421204
        ],
        [
            0.10650410503149033,
            0.11735063791275024,
            -0.026490166783332825
        ],
        [
            0.10434786975383759,
            0.11780764162540436,
            -0.020970556885004044
        ],
        [
            0.10370565950870514,
            0.11423589289188385,
            -0.0220902469009161
        ],
        [
            0.10573086142539978,
            0.1148960143327713,
            -0.027553535997867584
        ],
        [
            0.08045777678489685,
            0.007532767951488495,
            0.03153608739376068
        ],
        [
            0.07276295870542526,
            0.005350522696971893,
            0.0253528393805027
        ],
        [
            0.07511855661869049,
            -0.000987216830253601,
            0.0281221903860569
        ],
        [
            0.08338342607021332,
            0.0005884319543838501,
            0.032360419631004333
        ],
        [
            0.0766940787434578,
            0.016728714108467102,
            0.030401725322008133
        ],
        [
            0.07023955136537552,
            0.014346204698085785,
            0.021391786634922028
        ],
        [
            0.10053683072328568,
            0.12576386332511902,
            -0.03434329107403755
        ],
        [
            0.104580357670784,
            0.12263402342796326,
            -0.03356759995222092
        ],
        [
            0.1015758216381073,
            0.11974989622831345,
            -0.03562440723180771
        ],
        [
            0.09689098596572876,
            0.12169034034013748,
            -0.035648081451654434
        ],
        [
            0.10905937850475311,
            0.06992027163505554,
            -0.023535896092653275
        ],
        [
            0.10557131469249725,
            0.06589754670858383,
            -0.01616533100605011
        ],
        [
            0.10273594409227371,
            0.08473365008831024,
            -0.027822116389870644
        ],
        [
            0.10248400270938873,
            0.07750077545642853,
            -0.02305600978434086
        ],
        [
            0.10573051869869232,
            0.07642129063606262,
            -0.029190078377723694
        ],
        [
            0.10457856208086014,
            0.08240941911935806,
            -0.03324030339717865
        ],
        [
            0.09101063013076782,
            0.07043413817882538,
            -0.0035086385905742645
        ],
        [
            0.09423328191041946,
            0.05939016491174698,
            -0.0012020822614431381
        ],
        [
            0.09697319567203522,
            0.061598461121320724,
            -0.006872739642858505
        ],
        [
            0.09496849775314331,
            0.07393539696931839,
            -0.01036913227289915
        ],
        [
            0.08985060453414917,
            0.05779454484581947,
            0.012229429557919502
        ],
        [
            0.08664829283952713,
            0.06865949183702469,
            0.008647393435239792
        ],
        [
            0.08447200059890747,
            0.06652367115020752,
            0.01670980080962181
        ],
        [
            0.08795832842588425,
            0.05947112292051315,
            0.018297944217920303
        ],
        [
            0.08219681680202484,
            0.0864681825041771,
            -0.0006803125143051147
        ],
        [
            0.08023862540721893,
            0.09213817864656448,
            -0.00304211163893342
        ],
        [
            0.07916812598705292,
            0.09288366883993149,
            0.0001240987330675125
        ],
        [
            0.0807659849524498,
            0.08562896400690079,
            0.002697596326470375
        ],
        [
            0.07679863274097443,
            -0.007661283016204834,
            0.02992674708366394
        ],
        [
            0.08625911921262741,
            -0.006130382418632507,
            0.03216881304979324
        ],
        [
            0.059450987726449966,
            0.053902849555015564,
            0.021285055205225945
        ],
        [
            0.0643552616238594,
            0.0509101077914238,
            0.030978288501501083
        ],
        [
            0.05964399129152298,
            0.06401540338993073,
            0.03153719753026962
        ],
        [
            0.055333394557237625,
            0.06357225775718689,
            0.020811263471841812
        ],
        [
            0.06959480792284012,
            0.004947386682033539,
            0.015434447675943375
        ],
        [
            0.07000653445720673,
            -0.0017967596650123596,
            0.019459322094917297
        ],
        [
            0.09581578522920609,
            0.12819090485572815,
            -0.031316421926021576
        ],
        [
            0.09237635880708694,
            0.1232626885175705,
            -0.03206844627857208
        ],
        [
            0.13110527396202087,
            0.025110512971878052,
            -0.024064943194389343
        ],
        [
            0.13775750994682312,
            0.046523142606019974,
            -0.021782517433166504
        ],
        [
            0.12300701439380646,
            0.010128535330295563,
            -0.023294657468795776
        ],
        [
            0.11582811176776886,
            0.0006304904818534851,
            -0.021410247310996056
        ],
        [
            0.11245187371969223,
            -0.008020654320716858,
            -0.01957487128674984
        ],
        [
            0.09847161918878555,
            0.08089126646518707,
            -0.01898270472884178
        ],
        [
            0.10172141343355179,
            0.05994897335767746,
            -0.010123975574970245
        ],
        [
            0.09761648625135422,
            0.04846033453941345,
            0.0036265794187784195
        ],
        [
            0.08798417448997498,
            0.050006065517663956,
            0.033058688044548035
        ],
        [
            0.09171425551176071,
            0.040215324610471725,
            0.03494727611541748
        ],
        [
            0.09581203013658524,
            0.04450264573097229,
            0.025986842811107635
        ],
        [
            0.09116143733263016,
            0.05199090763926506,
            0.025895796716213226
        ],
        [
            0.07181841880083084,
            0.05359188839793205,
            0.03680843859910965
        ],
        [
            0.07878804951906204,
            0.057552337646484375,
            0.03539004549384117
        ],
        [
            0.07479207217693329,
            0.06612372398376465,
            0.03426453471183777
        ],
        [
            0.06741274893283844,
            0.0641937181353569,
            0.03600257635116577
        ],
        [
            0.12806175649166107,
            0.06612730026245117,
            -0.027547864243388176
        ],
        [
            0.12319723516702652,
            0.051909931004047394,
            -0.034063126891851425
        ],
        [
            0.09031378477811813,
            0.009986035525798798,
            0.034599509090185165
        ],
        [
            0.09326717257499695,
            0.0029348433017730713,
            0.0329245999455452
        ],
        [
            0.09399058669805527,
            -0.005488775670528412,
            0.03185392916202545
        ],
        [
            0.10718968510627747,
            0.029025301337242126,
            0.011300245299935341
        ],
        [
            0.11241427809000015,
            0.01608496904373169,
            0.01411733590066433
        ],
        [
            0.11455710232257843,
            0.016871050000190735,
            0.010329581797122955
        ],
        [
            0.10734939575195312,
            0.029014594852924347,
            0.007431956008076668
        ],
        [
            0.11260006576776505,
            0.038307301700115204,
            -0.0009557269513607025
        ],
        [
            0.12021467089653015,
            0.028569698333740234,
            0.003716297447681427
        ],
        [
            0.1163775846362114,
            0.048327986150979996,
            -0.0007601603865623474
        ],
        [
            0.11543524265289307,
            0.002920687198638916,
            0.008409615606069565
        ],
        [
            0.11293822526931763,
            -0.005297951400279999,
            0.015409214422106743
        ],
        [
            0.11646342277526855,
            -0.006375335156917572,
            0.007297428324818611
        ],
        [
            0.10707603394985199,
            -0.005245514214038849,
            0.02327248454093933
        ],
        [
            0.10057670623064041,
            -0.005220890045166016,
            0.02936793491244316
        ],
        [
            0.06851043552160263,
            -0.009937040507793427,
            0.021571815013885498
        ],
        [
            0.11837151646614075,
            -0.006747454404830933,
            -0.0007726401090621948
        ],
        [
            0.13275444507598877,
            0.062454670667648315,
            -0.0014166440814733505
        ],
        [
            0.13480785489082336,
            0.07046769559383392,
            -0.0043357377871870995
        ],
        [
            0.12768618762493134,
            0.07127567380666733,
            -0.0044858818873763084
        ],
        [
            0.1252700835466385,
            0.06452155858278275,
            -0.00258445180952549
        ],
        [
            0.09685354679822922,
            0.08323043584823608,
            -0.04349060729146004
        ],
        [
            0.10291735827922821,
            0.08322551846504211,
            -0.03880159929394722
        ],
        [
            0.10605531930923462,
            0.07536742836236954,
            -0.035921432077884674
        ],
        [
            0.10462379455566406,
            0.028801605105400085,
            0.025036834180355072
        ],
        [
            0.09715965390205383,
            0.024847321212291718,
            0.034450773149728775
        ],
        [
            0.09863970428705215,
            0.08803584426641464,
            -0.02383638173341751
        ],
        [
            0.09416742622852325,
            0.11784036457538605,
            -0.03730767220258713
        ],
        [
            0.09973903000354767,
            0.11589671671390533,
            -0.037294428795576096
        ],
        [
            0.09745949506759644,
            0.09823694825172424,
            -0.041722673922777176
        ],
        [
            0.09081624448299408,
            0.1004103571176529,
            -0.042024385184049606
        ],
        [
            0.0909983441233635,
            0.09519818425178528,
            -0.023254716768860817
        ],
        [
            0.09736548364162445,
            0.09188147634267807,
            -0.02388763800263405
        ],
        [
            0.09617827087640762,
            0.09402669221162796,
            -0.02355329506099224
        ],
        [
            0.091118223965168,
            0.09752262383699417,
            -0.021057331934571266
        ],
        [
            0.07709486782550812,
            0.0891791582107544,
            0.008374067023396492
        ],
        [
            0.07871155440807343,
            0.08263874053955078,
            0.01068731490522623
        ],
        [
            0.07379528135061264,
            0.08221479505300522,
            -0.029931500554084778
        ],
        [
            0.07910400629043579,
            0.07962031662464142,
            -0.04223722219467163
        ],
        [
            0.0827534943819046,
            0.06775222718715668,
            -0.03968355804681778
        ],
        [
            0.08845707029104233,
            0.06853872537612915,
            0.003278793767094612
        ],
        [
            0.0852101594209671,
            0.07840356230735779,
            0.00192242581397295
        ],
        [
            0.08351744711399078,
            0.07772379368543625,
            0.0057113924995064735
        ],
        [
            0.09529607743024826,
            0.08415645360946655,
            -0.017342545092105865
        ],
        [
            0.09391263127326965,
            0.0902121365070343,
            -0.02051452547311783
        ],
        [
            0.0913160890340805,
            0.08831925690174103,
            -0.016772422939538956
        ],
        [
            0.0926872193813324,
            0.08230796456336975,
            -0.012923045083880424
        ],
        [
            0.06786850094795227,
            0.03795858472585678,
            0.03083830699324608
        ],
        [
            0.07647037506103516,
            0.04120001569390297,
            0.03805074840784073
        ],
        [
            0.10670271515846252,
            0.11934840679168701,
            -0.03091515228152275
        ],
        [
            0.10489998757839203,
            0.11699219793081284,
            -0.032559338957071304
        ],
        [
            0.09170028567314148,
            0.05774395167827606,
            0.005398516543209553
        ],
        [
            0.08722265064716339,
            0.05414421111345291,
            -0.03538382053375244
        ],
        [
            0.09578138589859009,
            0.04760738089680672,
            0.008799047209322453
        ],
        [
            0.05925606191158295,
            0.07881605625152588,
            0.00949133187532425
        ],
        [
            0.06348291784524918,
            0.08208465576171875,
            0.014959653839468956
        ],
        [
            0.06501086801290512,
            0.08817996084690094,
            0.013789775781333447
        ],
        [
            0.060764361172914505,
            0.0880286917090416,
            0.009556048549711704
        ],
        [
            0.09258127212524414,
            0.11229004710912704,
            -0.018140524625778198
        ],
        [
            0.09824854135513306,
            0.11130265891551971,
            -0.018489239737391472
        ],
        [
            0.09925418347120285,
            0.11520339548587799,
            -0.01780182123184204
        ],
        [
            0.09389157593250275,
            0.11772240698337555,
            -0.01733994111418724
        ],
        [
            0.1015310287475586,
            0.09009940177202225,
            -0.02771553210914135
        ],
        [
            0.10384753346443176,
            0.08877375721931458,
            -0.033487915992736816
        ],
        [
            0.10339987277984619,
            0.09435867518186569,
            -0.03190218657255173
        ],
        [
            0.10020513832569122,
            0.09436476230621338,
            -0.02682105079293251
        ],
        [
            0.10170872509479523,
            0.08991167694330215,
            -0.03915838897228241
        ],
        [
            0.10192162543535233,
            0.09575648605823517,
            -0.03793134167790413
        ],
        [
            0.08756483346223831,
            0.11474235355854034,
            -0.021417932584881783
        ],
        [
            0.08610896021127701,
            0.1175515353679657,
            -0.02823025733232498
        ],
        [
            0.08188550919294357,
            0.10129276663064957,
            -0.03131260350346565
        ],
        [
            0.08527214825153351,
            0.10135907679796219,
            -0.024126045405864716
        ],
        [
            0.06789277493953705,
            0.02809051424264908,
            0.001972452737390995
        ],
        [
            0.06626096367835999,
            0.027025826275348663,
            0.012981107458472252
        ],
        [
            0.06363049894571304,
            0.041906047612428665,
            0.012634550221264362
        ],
        [
            0.059663575142621994,
            0.05631653219461441,
            0.01237683929502964
        ],
        [
            0.057142022997140884,
            0.07016913592815399,
            0.011515799909830093
        ],
        [
            0.057332322001457214,
            0.07114385813474655,
            -0.0006522915791720152
        ],
        [
            0.06346627324819565,
            0.0398983396589756,
            0.02061980590224266
        ],
        [
            0.08203589916229248,
            0.0929945781826973,
            -0.024982411414384842
        ],
        [
            0.0792137160897255,
            0.09040182828903198,
            -0.03270752355456352
        ],
        [
            0.07696357369422913,
            0.08958381414413452,
            -0.02777845971286297
        ],
        [
            0.094484843313694,
            0.04784880578517914,
            0.016181034967303276
        ],
        [
            0.10380386561155319,
            0.11369495838880539,
            -0.03440799564123154
        ],
        [
            0.09122832864522934,
            -0.0014697536826133728,
            -0.02139545977115631
        ],
        [
            0.08044915646314621,
            -0.0016573742032051086,
            -0.012790359556674957
        ],
        [
            0.08121812343597412,
            0.006694324314594269,
            -0.015606092289090157
        ],
        [
            0.09434279799461365,
            0.007414013147354126,
            -0.02487032487988472
        ],
        [
            0.10359135270118713,
            0.11092594265937805,
            -0.022918839007616043
        ],
        [
            0.10590431839227676,
            0.11155014485120773,
            -0.028759652748703957
        ],
        [
            0.07595045864582062,
            0.08331607282161713,
            0.01679971069097519
        ],
        [
            0.07452888041734695,
            0.08904868364334106,
            0.013564988039433956
        ],
        [
            0.07129210233688354,
            0.09002605080604553,
            0.014994509518146515
        ],
        [
            0.07274983823299408,
            0.08621671795845032,
            0.02045993134379387
        ],
        [
            0.0665988177061081,
            0.025332964956760406,
            0.018718603998422623
        ],
        [
            0.05924361199140549,
            0.07393860071897507,
            0.03140145167708397
        ],
        [
            0.05483798682689667,
            0.07231183350086212,
            0.022225741297006607
        ],
        [
            0.06857211142778397,
            0.014083579182624817,
            0.012846985831856728
        ],
        [
            0.0694504901766777,
            0.014710895717144012,
            0.00309683196246624
        ],
        [
            0.07033762335777283,
            0.005076684057712555,
            0.00446740910410881
        ],
        [
            0.06258344650268555,
            0.07990804314613342,
            -0.01214190199971199
        ],
        [
            0.06962208449840546,
            0.03108755499124527,
            -0.006027566734701395
        ],
        [
            0.07168807834386826,
            0.016817599534988403,
            -0.003963439725339413
        ],
        [
            0.07286304980516434,
            0.0053908973932266235,
            -0.002648736350238323
        ],
        [
            0.07285910844802856,
            -0.0028708577156066895,
            -0.0013222219422459602
        ],
        [
            0.07021460682153702,
            -0.0023484453558921814,
            0.006401414517313242
        ],
        [
            0.08928234130144119,
            0.11841859668493271,
            -0.0332946851849556
        ],
        [
            0.08860097825527191,
            0.12374415993690491,
            -0.02636122703552246
        ],
        [
            0.06846493482589722,
            -0.011098407208919525,
            0.008246462792158127
        ],
        [
            0.07214576005935669,
            -0.011219173669815063,
            -0.0003133956342935562
        ],
        [
            0.07563377171754837,
            0.018640808761119843,
            -0.012152740731835365
        ],
        [
            0.08235254138708115,
            0.021112442016601562,
            -0.02166668139398098
        ],
        [
            0.07365387678146362,
            0.03244567662477493,
            -0.013718148693442345
        ],
        [
            0.07963810116052628,
            0.035927679389715195,
            -0.023269172757864
        ],
        [
            0.06291527301073074,
            0.07755732536315918,
            -0.022843733429908752
        ],
        [
            0.10041742026805878,
            0.13635985553264618,
            -0.01763197034597397
        ],
        [
            0.09249052405357361,
            0.1275365948677063,
            -0.019933167845010757
        ],
        [
            0.09547178447246552,
            0.12349117547273636,
            -0.016949361190199852
        ],
        [
            0.10055629909038544,
            0.1332497000694275,
            -0.014362560585141182
        ],
        [
            0.08976663649082184,
            0.12084563076496124,
            -0.02024787850677967
        ],
        [
            0.09229815751314163,
            0.12889082729816437,
            -0.025541959330439568
        ],
        [
            0.09190203249454498,
            0.03928287699818611,
            -0.03267327696084976
        ],
        [
            0.08917470276355743,
            0.09377694875001907,
            -0.01950211636722088
        ],
        [
            0.0993552953004837,
            0.02385537326335907,
            -0.030940420925617218
        ],
        [
            0.10538134723901749,
            0.04852550849318504,
            -0.03944351524114609
        ],
        [
            0.11315486580133438,
            0.038016896694898605,
            -0.036492738872766495
        ],
        [
            0.10880354791879654,
            0.008473649621009827,
            -0.02869090810418129
        ],
        [
            0.11944038420915604,
            0.02323044091463089,
            -0.032565392553806305
        ],
        [
            0.10156805068254471,
            -0.008657939732074738,
            -0.022221317514777184
        ],
        [
            0.1033734381198883,
            -1.944601535797119e-05,
            -0.025036893784999847
        ],
        [
            0.12844467163085938,
            0.03954306244850159,
            -0.0315687395632267
        ],
        [
            0.11071918904781342,
