{
    "pred_cam": [
        6.943380355834961,
        0.05790752172470093,
        -0.0855453610420227
    ],
    "pred_mano_params": {
        "global_orient": [
            [
                [
                    0.5431272387504578,
                    -0.8046199083328247,
                    0.23999929428100586
                ],
                [
                    -0.8386073112487793,
                    -0.5055781602859497,
                    0.20280171930789948
                ],
                [
                    -0.04183989390730858,
                    -0.3114123046398163,
                    -0.9493534564971924
                ]
            ]
        ],
        "hand_pose": [
            [
                [
                    0.9564499258995056,
                    -0.23062758147716522,
                    -0.17892608046531677
                ],
                [
                    0.20728403329849243,
                    0.9682183861732483,
                    -0.1399518996477127
                ],
                [
                    0.2055162787437439,
                    0.09676845371723175,
                    0.9738578200340271
                ]
            ],
            [
                [
                    0.9666576385498047,
                    0.254194438457489,
                    -0.030954351648688316
                ],
                [
                    -0.25536781549453735,
                    0.9479693174362183,
                    -0.1901090294122696
                ],
                [
                    -0.01898088864982128,
                    0.1916750967502594,
                    0.9812748432159424
                ]
            ],
            [
                [
                    0.9745301604270935,
                    0.09288319945335388,
                    -0.20411689579486847
                ],
                [
                    -0.08533618599176407,
                    0.9953132271766663,
                    0.045489564538002014
                ],
                [
                    0.20738546550273895,
                    -0.026912393048405647,
                    0.9778890609741211
                ]
            ],
            [
                [
                    0.9675970077514648,
                    -0.09824767708778381,
                    -0.2326013743877411
                ],
                [
                    0.058267682790756226,
                    0.9832128882408142,
                    -0.17290854454040527
                ],
                [
                    0.24568451941013336,
                    0.1537526547908783,
                    0.9570785164833069
                ]
            ],
            [
                [
                    0.9897973537445068,
                    0.11343266069889069,
                    -0.08622263371944427
                ],
                [
                    -0.08473998308181763,
                    0.9551376104354858,
                    0.28378042578697205
                ],
                [
                    0.11454441398382187,
                    -0.27357858419418335,
                    0.9550049901008606
                ]
            ],
            [
                [
                    0.9921254515647888,
                    -0.12481727451086044,
                    0.010386650450527668
                ],
                [
                    0.12512513995170593,
                    0.9914149045944214,
                    -0.03794996440410614
                ],
                [
                    -0.00556067144498229,
                    0.03895074874162674,
                    0.9992257356643677
                ]
            ],
            [
                [
                    0.5995169281959534,
                    -0.666563093662262,
                    0.443027138710022
                ],
                [
                    0.5021812319755554,
                    0.7442941665649414,
                    0.44027289748191833
                ],
                [
                    -0.6232121586799622,
                    -0.04147115349769592,
                    0.7809524536132812
                ]
            ],
            [
                [
                    0.9490883350372314,
                    -0.18966087698936462,
                    -0.2515155076980591
                ],
                [
                    0.19563807547092438,
                    0.9806752800941467,
                    -0.001264088088646531
                ],
                [
                    0.24689482152462006,
                    -0.04800628125667572,
                    0.9678523540496826
                ]
            ],
            [
                [
                    0.974605143070221,
                    0.04228901490569115,
                    0.21990083158016205
                ],
                [
                    -0.053034573793411255,
                    0.9976581931114197,
                    0.04319125786423683
                ],
                [
                    -0.217559352517128,
                    -0.053756773471832275,
                    0.9745655655860901
                ]
            ],
            [
                [
                    0.978840708732605,
                    -0.16994422674179077,
                    0.113972969353199
                ],
                [
                    0.18912699818611145,
                    0.964008629322052,
                    -0.18686459958553314
                ],
                [
                    -0.07811436802148819,
                    0.2044660449028015,
                    0.9757519364356995
                ]
            ],
            [
                [
                    0.9539816379547119,
                    0.0747067853808403,
                    -0.29041004180908203
                ],
                [
                    -0.02162814326584339,
                    0.9830886721611023,
                    0.18184834718704224
                ],
                [
                    0.2990841567516327,
                    -0.16719895601272583,
                    0.9394643306732178
                ]
            ],
            [
                [
                    0.9703735709190369,
                    -0.11096582561731339,
                    0.21462006866931915
                ],
                [
                    0.10925010591745377,
                    0.9938154816627502,
                    0.019877634942531586
                ],
                [
                    -0.21549850702285767,
                    0.004158537834882736,
                    0.9764953255653381
                ]
            ],
            [
                [
                    0.9860986471176147,
                    -0.14475801587104797,
                    -0.08157547563314438
                ],
                [
                    -0.01640848070383072,
                    0.4037083387374878,
                    -0.9147405028343201
                ],
                [
                    0.16534873843193054,
                    0.9033629298210144,
                    0.3957209885120392
                ]
            ],
            [
                [
                    0.9688382148742676,
                    -0.2450370192527771,
                    -0.036183349788188934
                ],
                [
                    0.21669316291809082,
                    0.7677250504493713,
                    0.6030275821685791
                ],
                [
                    -0.11998524516820908,
                    -0.5920769572257996,
                    0.7968991994857788
                ]
            ],
            [
                [
                    0.9889881610870361,
                    0.11950673162937164,
                    -0.0872964933514595
                ],
                [
                    -0.12274564802646637,
                    0.9918990135192871,
                    -0.03270956128835678
                ],
                [
                    0.08268029242753983,
                    0.04306463524699211,
                    0.99564528465271
                ]
            ]
        ],
        "betas": [
            -0.09419891238212585,
            -0.09988442063331604,
            -0.09576013684272766,
            0.047434717416763306,
            -0.017714112997055054,
            -0.11323962360620499,
            0.056328415870666504,
            -0.10981795191764832,
            -0.058946967124938965,
            -0.0657370388507843
        ]
    },
    "pred_cam_t": [
        -0.05790752172470093,
        -0.0855453610420227,
        5.625862121582031
    ],
    "focal_length": [
        5000.0,
        5000.0
    ],
    "pred_keypoints_3d": [
        [
            0.09623192250728607,
            0.006428131368011236,
            0.0062236846424639225
        ],
        [
            0.10196485370397568,
            0.03989237919449806,
            -0.01247192919254303
        ],
        [
            0.10893388092517853,
            0.07009345293045044,
            -0.01158330962061882
        ],
        [
            0.11049948632717133,
            0.09718742221593857,
            -0.00890359003096819
        ],
        [
            0.10902786999940872,
            0.1330333650112152,
            -0.01174280233681202
        ],
        [
            0.0572785846889019,
            0.08753611892461777,
            -0.008040325716137886
        ],
        [
            0.04105667397379875,
            0.11579842865467072,
            -0.0017253849655389786
        ],
        [
            0.028356559574604034,
            0.13353794813156128,
            0.0030627152882516384
        ],
        [
            0.008361317217350006,
            0.14859846234321594,
            0.00995779037475586
        ],
        [
            0.0449177622795105,
            0.08628790825605392,
            0.013965023681521416
        ],
        [
            0.025256656110286713,
            0.10769768059253693,
            0.02694869413971901
        ],
        [
            0.011953231878578663,
            0.12284703552722931,
            0.0388336256146431
        ],
        [
            -0.004782885313034058,
            0.13897952437400818,
            0.05119461566209793
        ],
        [
            0.04836057126522064,
            0.07192869484424591,
            0.0363907516002655
        ],
        [
            0.03403303772211075,
            0.09682654589414597,
            0.0405103974044323
        ],
        [
            0.02247544378042221,
            0.11401066184043884,
            0.05447784811258316
        ],
        [
            0.00867617130279541,
            0.1338394433259964,
            0.06292764842510223
        ],
        [
            0.05627711862325668,
            0.060742251574993134,
            0.05344656482338905
        ],
        [
            0.05916285887360573,
            0.08138110488653183,
            0.05759328231215477
        ],
        [
            0.06467363983392715,
            0.09781850874423981,
            0.06559664011001587
        ],
        [
            0.06923172622919083,
            0.11696676909923553,
            0.06864078342914581
        ]
    ],
    "pred_vertices": [
        [
            0.08684027194976807,
            0.06046244502067566,
            -0.0012937728315591812
        ],
        [
            0.09323036670684814,
            0.05177881196141243,
            -0.00017978111281991005
        ],
        [
            0.09515686333179474,
            0.060807112604379654,
            -0.00160142220556736
        ],
        [
            0.08834468573331833,
            0.06836587190628052,
            -0.005254609510302544
        ],
        [
            0.1134299784898758,
            0.0483461357653141,
            0.002243736758828163
        ],
        [
            0.1210099458694458,
            0.04499560222029686,
            -0.006391807459294796
        ],
        [
            0.12063116580247879,
            0.06136970967054367,
            -0.005787896458059549
        ],
        [
            0.11516673862934113,
            0.06202781945466995,
            0.0024580582976341248
        ],
        [
            0.0885578989982605,
            0.07464874535799026,
            -0.008334660902619362
        ],
        [
            0.0969931110739708,
            0.06873954832553864,
            -0.0023683710023760796
        ],
        [
            0.08840927481651306,
            0.07585427910089493,
            -0.010848626494407654
        ],
        [
            0.07511380314826965,
            0.07704800367355347,
            -0.019240695983171463
        ],
        [
            0.07887046039104462,
            0.07809661328792572,
            -0.01409438718110323
        ],
        [
            0.06678640842437744,
            0.08003033697605133,
            -0.020582303404808044
        ],
        [
            0.0718928799033165,
            0.06789834052324295,
            -0.02410222589969635
        ],
        [
            0.05920838192105293,
            0.07427907735109329,
            -0.02066369540989399
        ],
        [
            0.056978411972522736,
            0.04731328785419464,
            -0.007774833589792252
        ],
        [
            0.055123813450336456,
            0.04100443422794342,
            0.004342078231275082
        ],
        [
            0.04707891866564751,
            0.05478214472532272,
            0.00709210429340601
        ],
        [
            0.050152890384197235,
            0.060225922614336014,
            -0.005071695428341627
        ],
        [
            0.05106106773018837,
            0.04426562413573265,
            0.024450227618217468
        ],
        [
            0.04814254865050316,
            0.05066310986876488,
            0.015094662085175514
        ],
        [
            0.055488139390945435,
            0.03623403608798981,
            0.012011819519102573
        ],
        [
            0.05801248550415039,
            0.03121766448020935,
            0.02059938758611679
        ],
        [
            0.08597885072231293,
            0.048913534730672836,
            0.009794442914426327
        ],
        [
            0.09228996932506561,
            0.04021424427628517,
            0.009856120683252811
        ],
        [
            0.09165696799755096,
            0.043563392013311386,
            0.004821042530238628
        ],
        [
            0.0862574428319931,
            0.05206551030278206,
            0.005050637759268284
        ],
        [
            0.0969461053609848,
            0.07833968102931976,
            -0.015555926598608494
        ],
        [
            0.09052438288927078,
            0.06771261990070343,
            -0.023700682446360588
        ],
        [
            0.0869704931974411,
            0.07244443893432617,
            -0.018345054239034653
        ],
        [
            0.09722399711608887,
            0.07974323630332947,
            -0.009995105676352978
        ],
        [
            0.11120876669883728,
            0.01974491775035858,
            0.019871458411216736
        ],
        [
            0.11340320110321045,
            0.007140398025512695,
            0.015198570676147938
        ],
        [
            0.11384223401546478,
            0.008617550134658813,
            0.00943121500313282
        ],
        [
            0.11124568432569504,
            0.01963076740503311,
            0.014713207259774208
        ],
        [
            0.11830608546733856,
            0.022626034915447235,
            -0.006437692325562239
        ],
        [
            0.1165517270565033,
            0.012369893491268158,
            -0.008107854053378105
        ],
        [
            0.11439689993858337,
            0.006639525294303894,
            -0.019905973225831985
        ],
        [
            0.11443665623664856,
            0.01730121672153473,
            -0.02089792676270008
        ],
        [
            0.11975295841693878,
            0.03418368101119995,
            -0.006368710659444332
        ],
        [
            0.11869969218969345,
            0.030212335288524628,
            -0.019331948831677437
        ],
        [
            0.12070389091968536,
            0.04301176965236664,
            -0.01758098229765892
        ],
        [
            0.1202288419008255,
            0.060586463660001755,
            -0.014972884207963943
        ],
        [
            0.10968457162380219,
            0.0023688003420829773,
            0.026592081412672997
        ],
        [
            0.10804133862257004,
            0.011040829122066498,
            0.03184705227613449
        ],
        [
            0.04533955454826355,
            0.12571971118450165,
            -0.0016521238721907139
        ],
        [
            0.04384254664182663,
            0.12454113364219666,
            0.0037958892062306404
        ],
        [
            0.04833657667040825,
            0.11964161694049835,
            0.0025700582191348076
        ],
        [
            0.04862011596560478,
            0.12168846279382706,
            -0.0027443557046353817
        ],
        [
            0.0913817435503006,
            -0.0016998127102851868,
            0.034504905343055725
        ],
        [
            0.08272793889045715,
            -0.005256593227386475,
            0.03057175502181053
        ],
        [
            0.08747929334640503,
            -0.010809093713760376,
            0.030727578327059746
        ],
        [
            0.09606530517339706,
            -0.007327668368816376,
            0.032509081065654755
        ],
        [
            0.08524546027183533,
            0.005794882774353027,
            0.03708118572831154
        ],
        [
            0.07671888917684555,
            0.0029001906514167786,
            0.030089542269706726
        ],
        [
            0.03668052703142166,
            0.12121150642633438,
            -0.009243530221283436
        ],
        [
            0.0407029464840889,
            0.12424573302268982,
            -0.00877909641712904
        ],
        [
            0.04262630268931389,
            0.11979622393846512,
            -0.010306531563401222
        ],
        [
            0.03859748691320419,
            0.11627568304538727,
            -0.010057726874947548
        ],
        [
            0.08128960430622101,
            0.0749586671590805,
            -0.008400671184062958
        ],
        [
            0.08171368390321732,
            0.0687619149684906,
            -0.0015727956779301167
        ],
        [
            0.06882566958665848,
            0.08898678421974182,
            -0.006222774740308523
        ],
        [
            0.07335346937179565,
            0.07991492003202438,
            -0.0038707766216248274
        ],
        [
            0.07447604835033417,
            0.08113715052604675,
            -0.010786578059196472
        ],
        [
            0.0694650262594223,
            0.08783959597349167,
            -0.012616959400475025
        ],
        [
            0.07199877500534058,
            0.0662560686469078,
            0.015652688220143318
        ],
        [
            0.0785517618060112,
            0.05651729181408882,
            0.013888879679143429
        ],
        [
            0.07836852222681046,
            0.06036824360489845,
            0.00843746680766344
        ],
        [
            0.0721053034067154,
            0.07194341719150543,
            0.0090780695900321
        ],
        [
            0.0799826979637146,
            0.05150552839040756,
            0.027112692594528198
        ],
        [
            0.07302972674369812,
            0.06125680357217789,
            0.02765362709760666
        ],
        [
            0.0746668130159378,
            0.05724220722913742,
            0.0350797139108181
        ],
        [
            0.08011674135923386,
            0.05148101598024368,
            0.0336766391992569
        ],
        [
            0.0606907457113266,
            0.07900486886501312,
            0.02564913034439087
        ],
        [
            0.053989604115486145,
            0.08415424823760986,
            0.025650767609477043
        ],
        [
            0.05394329875707626,
            0.08311610668897629,
            0.02893015369772911
        ],
        [
            0.06053512915968895,
            0.07694568485021591,
            0.028932945802807808
        ],
        [
            0.09131135046482086,
            -0.016751796007156372,
            0.03010295145213604
        ],
        [
            0.10023440420627594,
            -0.012598469853401184,
            0.029668761417269707
        ],
        [
            0.05736668407917023,
            0.0363292396068573,
            0.04348866641521454
        ],
        [
            0.06599919497966766,
            0.033654674887657166,
            0.049984633922576904
        ],
        [
            0.05926749110221863,
            0.044203437864780426,
            0.05524319037795067
        ],
        [
            0.05153491348028183,
            0.044042494148015976,
            0.046857137233018875
        ],
        [
            0.0763150006532669,
            -0.005086556077003479,
            0.02232387289404869
        ],
        [
            0.07988699525594711,
            -0.011844903230667114,
            0.024124912917613983
        ],
        [
            0.03251040726900101,
            0.11794261634349823,
            -0.006062911823391914
        ],
        [
            0.034840963780879974,
            0.11327677220106125,
            -0.0063499631360173225
        ],
        [
            0.11167731881141663,
            0.03885551542043686,
            -0.02788671851158142
        ],
        [
            0.114656463265419,
            0.059815917164087296,
            -0.02328413724899292
        ],
        [
            0.10824183374643326,
            0.022712230682373047,
            -0.02835645154118538
        ],
        [
            0.10497181117534637,
            0.011572539806365967,
            -0.026862364262342453
        ],
        [
            0.10493847727775574,
            0.0023469850420951843,
            -0.026388175785541534
        ],
        [
            0.07023894041776657,
            0.08150452375411987,
            0.0021238988265395164
        ],
        [
            0.08191404491662979,
            0.06092390418052673,
            0.0035983205307275057
        ],
        [
            0.08612856268882751,
            0.046600840985774994,
            0.014438576996326447
        ],
        [
            0.08803175389766693,
            0.04024696350097656,
            0.04473080486059189
        ],
        [
            0.09452352672815323,
            0.03201470896601677,
            0.042827848345041275
        ],
        [
            0.09378153830766678,
            0.03879198431968689,
            0.03448496013879776
        ],
        [
            0.08770273625850677,
            0.04430314898490906,
            0.03773466497659683
        ],
        [
            0.07421214878559113,
            0.03767117112874985,
            0.053796663880348206
        ],
        [
            0.0789126455783844,
            0.04381958767771721,
            0.05147190019488335
        ],
        [
            0.07324615120887756,
            0.05053997039794922,
            0.0535043403506279
        ],
        [
            0.06786967813968658,
            0.04610706865787506,
            0.05686429888010025
        ],
        [
            0.10137633979320526,
            0.0780036672949791,
            -0.021558694541454315
        ],
        [
            0.09559345245361328,
            0.06396069377660751,
            -0.027867216616868973
        ],
        [
            0.10074897110462189,
            0.0033337846398353577,
            0.034985221922397614
        ],
        [
            0.10458189994096756,
            -0.0019985809922218323,
            0.030665280297398567
        ],
        [
            0.10689234733581543,
            -0.009437166154384613,
            0.027186911553144455
        ],
        [
            0.10237070918083191,
            0.030455991625785828,
            0.013617213815450668
        ],
        [
            0.11134088784456253,
            0.019583046436309814,
            0.011111855506896973
        ],
        [
            0.11160537600517273,
            0.02158500999212265,
            0.0072711254470050335
        ],
        [
            0.1010369062423706,
            0.03120061755180359,
            0.01016613095998764
        ],
        [
            0.10113462805747986,
            0.043411485850811005,
            0.0031577162444591522
        ],
        [
            0.11178039759397507,
            0.03546472638845444,
            0.0023698476143181324
        ],
        [
            0.10313387215137482,
            0.05410902947187424,
            0.004130629822611809
        ],
        [
            0.11529526859521866,
            0.009136050939559937,
            0.001370848622173071
        ],
        [
            0.11779385060071945,
            -0.00041956454515457153,
            0.006360482890158892
        ],
        [
            0.11820533871650696,
            0.0010160654783248901,
            -0.00245238677598536
        ],
        [
            0.115431047976017,
            -0.0035557374358177185,
            0.01538113597780466
        ],
        [
            0.111817866563797,
            -0.006624117493629456,
            0.022957392036914825
        ],
        [
            0.08135667443275452,
            -0.020218394696712494,
            0.02437884546816349
        ],
        [
            0.11703135073184967,
            0.0025700926780700684,
            -0.010572065599262714
        ],
        [
            0.11543300747871399,
            0.07177658379077911,
            0.0004454064182937145
        ],
        [
            0.1158750057220459,
            0.08045059442520142,
            -0.0019457839662209153
        ],
        [
            0.10878678411245346,
            0.08058527112007141,
            0.0003922050818800926
        ],
        [
            0.10755115747451782,
            0.07276637107133865,
            0.002465231344103813
        ],
        [
            0.058865100145339966,
            0.08575992286205292,
            -0.020232779905200005
        ],
        [
            0.06554782390594482,
            0.08829151839017868,
            -0.017362715676426888
        ],
        [
            0.0728311613202095,
            0.081215038895607,
            -0.01749153435230255
        ],
        [
            0.10528780519962311,
            0.02714500203728676,
            0.026791540905833244
        ],
        [
            0.10306239873170853,
            0.019487246870994568,
            0.03670977056026459
        ],
        [
            0.06495282053947449,
            0.09033341705799103,
            -0.0005958438850939274
        ],
        [
            0.03869566321372986,
            0.11161080002784729,
            -0.01107714418321848
        ],
        [
            0.043553195893764496,
            0.11470936238765717,
            -0.011962027288973331
        ],
        [
            0.05115232989192009,
            0.0992726981639862,
            -0.016412023454904556
        ],
        [
            0.044953472912311554,
            0.09709029644727707,
            -0.015122439712285995
        ],
        [
            0.053899992257356644,
            0.09428887069225311,
            0.002927659545093775
        ],
        [
            0.06041145697236061,
            0.09421642869710922,
            0.0001775338314473629
        ],
        [
            0.057410337030887604,
            0.09613601118326187,
            0.000808333745226264
        ],
        [
            0.05211043730378151,
            0.09657980501651764,
            0.004469709936529398
        ],
        [
            0.05651727318763733,
            0.07809381932020187,
            0.03642454743385315
        ],
        [
            0.06248126178979874,
            0.072373166680336,
            0.03617658466100693
        ],
        [
            0.04541501775383949,
            0.07483003288507462,
            -0.000778889749199152
        ],
        [
            0.04685399681329727,
            0.07494786381721497,
            -0.014201661571860313
        ],
        [
            0.053353115916252136,
            0.06584611535072327,
            -0.015325827524065971
        ],
        [
            0.07271920144557953,
            0.06259528547525406,
            0.022168410941958427
        ],
        [
            0.06680334359407425,
            0.07126562297344208,
            0.02461995556950569
        ],
        [
            0.06677296757698059,
            0.06944677233695984,
            0.0284264013171196
        ],
        [
            0.06686750054359436,
            0.08339409530162811,
            0.00540073961019516
        ],
        [
            0.061437588185071945,
            0.08995144069194794,
            0.004377319011837244
        ],
        [
            0.06206770986318588,
            0.08634408563375473,
            0.008396223187446594
        ],
        [
            0.06680521368980408,
            0.07973018288612366,
            0.009676706977188587
        ],
        [
            0.07217958569526672,
            0.02268926054239273,
            0.04561370611190796
        ],
        [
            0.08171160519123077,
            0.027384676039218903,
            0.05049252510070801
        ],
        [
            0.04401868209242821,
            0.12574391067028046,
            -0.006129169370979071
        ],
        [
            0.04655785858631134,
            0.12144006043672562,
            -0.007526446133852005
        ],
        [
            0.07912978529930115,
            0.053134381771087646,
            0.020280422642827034
        ],
        [
            0.06142811477184296,
            0.05448688566684723,
            -0.01664666086435318
        ],
        [
            0.08660811185836792,
            0.044402919709682465,
            0.019508836790919304
        ],
        [
            0.04676948860287666,
            0.06012406200170517,
            0.03865630552172661
        ],
        [
            0.0516677089035511,
            0.0640290156006813,
            0.04361307993531227
        ],
        [
            0.04801884666085243,
            0.06974908709526062,
            0.042743392288684845
        ],
        [
            0.04285118356347084,
            0.06743267178535461,
            0.03948687016963959
        ],
        [
            0.04338635504245758,
            0.10904526710510254,
            0.007820975035429
        ],
        [
            0.048010800033807755,
            0.11239053308963776,
            0.006335931830108166
        ],
        [
            0.04528915137052536,
            0.11685614287853241,
            0.0074338968843221664
        ],
        [
            0.04080900549888611,
            0.1135348379611969,
            0.008571924641728401
        ],
        [
            0.06343092024326324,
            0.09470806270837784,
            -0.004869634285569191
        ],
        [
            0.06441406160593033,
            0.09437980502843857,
            -0.011380896903574467
        ],
        [
            0.060387689620256424,
            0.09989424049854279,
            -0.008918402716517448
        ],
        [
            0.05930320546030998,
            0.09842492640018463,
            -0.0033210257533937693
        ],
        [
            0.059999674558639526,
            0.09454935789108276,
            -0.016096260398626328
        ],
        [
            0.056943055242300034,
            0.10008575767278671,
            -0.014115313068032265
        ],
        [
            0.03802143409848213,
            0.10641057044267654,
            0.004855196923017502
        ],
        [
            0.03425982594490051,
            0.10574568808078766,
            -0.0018617056775838137
        ],
        [
            0.04017558693885803,
            0.09331285208463669,
            -0.0034279515966773033
        ],
        [
            0.04473279416561127,
            0.0962502583861351,
            0.002658679150044918
        ],
        [
            0.06403250992298126,
            0.01801931858062744,
            0.01653650589287281
        ],
        [
            0.06687045097351074,
            0.014762647449970245,
            0.02686711773276329
        ],
        [
            0.060724370181560516,
            0.027799323201179504,
            0.03121449612081051
        ],
        [
            0.0538882277905941,
            0.03989506885409355,
            0.03584551066160202
        ],
        [
            0.048558544367551804,
            0.052012499421834946,
            0.039294853806495667
        ],
        [
            0.04479032754898071,
            0.05423210188746452,
            0.028043551370501518
        ],
        [
            0.06399191915988922,
            0.024679336696863174,
            0.038046568632125854
        ],
        [
            0.047040630131959915,
            0.08829088509082794,
            0.00408579409122467
        ],
        [
            0.04472827911376953,
            0.08385533094406128,
            -0.004088878631591797
        ],
        [
            0.044400040060281754,
            0.08230432122945786,
            0.0016741077415645123
        ],
        [
            0.08811306953430176,
            0.04304606840014458,
            0.02674076147377491
        ],
        [
            0.047954410314559937,
            0.11624574661254883,
            -0.009913075715303421
        ],
        [
            0.08365797251462936,
            0.0019060224294662476,
            -0.019756007939577103
        ],
        [
            0.07721689343452454,
            -0.0031501203775405884,
            -0.008643359877169132
        ],
        [
            0.07480578124523163,
            0.005271203815937042,
            -0.009213637560606003
        ],
        [
            0.08291183412075043,
            0.011661596596240997,
            -0.021505821496248245
        ],
        [
            0.0516277439892292,
            0.11504960805177689,
            0.0011307895183563232
        ],
        [
            0.051655545830726624,
            0.11687183380126953,
            -0.004899992607533932
        ],
        [
            0.062151819467544556,
            0.07076538354158401,
            0.04243144020438194
        ],
        [
            0.05596362054347992,
            0.07582008093595505,
            0.041625168174505234
        ],
        [
            0.05275869742035866,
            0.07491648197174072,
            0.043869342654943466
        ],
        [
            0.05982247740030289,
            0.07101806253194809,
            0.04751091077923775
        ],
        [
            0.06969024986028671,
            0.01238376647233963,
            0.03159206360578537
        ],
        [
            0.05767378211021423,
            0.05283224582672119,
            0.05829915404319763
        ],
        [
            0.05000472441315651,
            0.05169447883963585,
            0.05083959177136421
        ],
        [
            0.07213371992111206,
            0.0034827962517738342,
            0.02266056463122368
        ],
        [
            0.06916309148073196,
            0.005904302000999451,
            0.013600077480077744
        ],
        [
            0.07288113236427307,
            -0.0029698163270950317,
            0.012057054787874222
        ],
        [
            0.04229608550667763,
            0.06585003435611725,
            0.017890390008687973
        ],
        [
            0.06191885471343994,
            0.02262786030769348,
            0.00946418009698391
        ],
        [
            0.06806811690330505,
            0.0097288116812706,
            0.00699970219284296
        ],
        [
            0.07243087887763977,
            -0.0007196813821792603,
            0.004832168109714985
        ],
        [
            0.07497349381446838,
            -0.008590564131736755,
            0.0038682222366333008
        ],
        [
            0.07534642517566681,
            -0.010189592838287354,
            0.011910485103726387
        ],
        [
            0.03537796810269356,
            0.10833901166915894,
            -0.006737235933542252
        ],
        [
            0.033008746802806854,
            0.11067119240760803,
            -0.0007744479808025062
        ],
        [
            0.07664208859205246,
            -0.019152984023094177,
            0.011828379705548286
        ],
        [
            0.07676946371793747,
            -0.016691207885742188,
            0.0028146198019385338
        ],
        [
            0.06809976696968079,
            0.014008507132530212,
            -0.001225380226969719
        ],
        [
            0.06997109949588776,
            0.02001684159040451,
            -0.011296669021248817
        ],
        [
            0.06232895702123642,
            0.02641032636165619,
            0.0015545273199677467
        ],
        [
            0.0633048340678215,
            0.03313476964831352,
            -0.008084866218268871
        ],
        [
            0.041632235050201416,
            0.06495440006256104,
            0.007512003183364868
        ],
        [
            0.025291066616773605,
            0.1247321367263794,
            0.005185328423976898
        ],
        [
            0.031906161457300186,
            0.11618388444185257,
            0.005261098500341177
        ],
        [
            0.035959117114543915,
            0.11846987158060074,
            0.00869048573076725
        ],
        [
            0.02755170874297619,
            0.12596271932125092,
            0.008513038977980614
        ],
        [
            0.036158084869384766,
            0.1110493615269661,
            0.005528697744011879
        ],
        [
            0.030594881623983383,
            0.11541805416345596,
            -0.00042818509973585606
        ],
        [
            0.06999239325523376,
            0.04182520508766174,
            -0.019532285630702972
        ],
        [
            0.05518224090337753,
            0.09194998443126678,
            0.008136888965964317
        ],
        [
            0.08096575736999512,
            0.02951551228761673,
            -0.0242591742426157
        ],
        [
            0.07759325206279755,
            0.05626269057393074,
            -0.027679715305566788
        ],
        [
            0.08806715160608292,
            0.048068493604660034,
            -0.030072476714849472
        ],
        [
            0.09395724534988403,
            0.017697878181934357,
            -0.029257601127028465
        ],
        [
            0.09844057261943817,
            0.03519030660390854,
            -0.03237537294626236
        ],
        [
            0.09443410485982895,
            -0.0012887939810752869,
            -0.025603819638490677
        ],
        [
            0.09271746873855591,
            0.0076610371470451355,
            -0.02646886557340622
        ],
        [
            0.10351550579071045,
            0.0527368001639843,
            -0.030357331037521362
        ],
        [
