{
    "pred_cam": [
        6.933413028717041,
        0.0518585741519928,
        -0.08690313994884491
    ],
    "pred_mano_params": {
        "global_orient": [
            [
                [
                    0.5255674123764038,
                    -0.8181341886520386,
                    0.23331351578235626
                ],
                [
                    -0.8494700193405151,
                    -0.48960626125335693,
                    0.19668857753276825
                ],
                [
                    -0.04668591171503067,
                    -0.301565945148468,
                    -0.952301561832428
                ]
            ]
        ],
        "hand_pose": [
            [
                [
                    0.9520925283432007,
                    -0.23651354014873505,
                    -0.19385837018489838
                ],
                [
                    0.2111082524061203,
                    0.9669591784477234,
                    -0.14291013777256012
                ],
                [
                    0.22125330567359924,
                    0.09513858705759048,
                    0.9705645442008972
                ]
            ],
            [
                [
                    0.9651427268981934,
                    0.26004642248153687,
                    -0.029586559161543846
                ],
                [
                    -0.26064813137054443,
                    0.9447734951972961,
                    -0.19865937530994415
                ],
                [
                    -0.02370806783437729,
                    0.19944633543491364,
                    0.9796218872070312
                ]
            ],
            [
                [
                    0.9737924933433533,
                    0.07023319602012634,
                    -0.216322660446167
                ],
                [
                    -0.06403299421072006,
                    0.9973145127296448,
                    0.035547658801078796
                ],
                [
                    0.21823833882808685,
                    -0.020764261484146118,
                    0.9756746292114258
                ]
            ],
            [
                [
                    0.967458963394165,
                    -0.09922200441360474,
                    -0.2327621430158615
                ],
                [
                    0.05989399552345276,
                    0.9835652112960815,
                    -0.1703297197818756
                ],
                [
                    0.24583719670772552,
                    0.1508459448814392,
                    0.9575017690658569
                ]
            ],
            [
                [
                    0.9882855415344238,
                    0.13367579877376556,
                    -0.07363773882389069
                ],
                [
                    -0.10701227188110352,
                    0.9509840607643127,
                    0.29013383388519287
                ],
                [
                    0.10881216078996658,
                    -0.2788549065589905,
                    0.9541487693786621
                ]
            ],
            [
                [
                    0.993907630443573,
                    -0.11014198511838913,
                    -0.0040586963295936584
                ],
                [
                    0.10992924124002457,
                    0.9933008551597595,
                    -0.035623062402009964
                ],
                [
                    0.007955099456012249,
                    0.034959860146045685,
                    0.9993571043014526
                ]
            ],
            [
                [
                    0.6392364501953125,
                    -0.6242584586143494,
                    0.4490859806537628
                ],
                [
                    0.48393672704696655,
                    0.7803980112075806,
                    0.39595991373062134
                ],
                [
                    -0.5976470708847046,
                    -0.03578278422355652,
                    0.8009604215621948
                ]
            ],
            [
                [
                    0.9472982287406921,
                    -0.19520503282546997,
                    -0.2540101706981659
                ],
                [
                    0.20849719643592834,
                    0.9776711463928223,
                    0.026229938492178917
                ],
                [
                    0.24321821331977844,
                    -0.07780797779560089,
                    0.9668458700180054
                ]
            ],
            [
                [
                    0.9754054546356201,
                    0.0053711747750639915,
                    0.22035279870033264
                ],
                [
                    -0.015397921204566956,
                    0.9989212155342102,
                    0.043810904026031494
                ],
                [
                    -0.21987974643707275,
                    -0.04612637683749199,
                    0.9744359254837036
                ]
            ],
            [
                [
                    0.9786707758903503,
                    -0.16937106847763062,
                    0.11626237630844116
                ],
                [
                    0.18874894082546234,
                    0.9647473096847534,
                    -0.18340225517749786
                ],
                [
                    -0.08110078424215317,
                    0.20143483579158783,
                    0.9761385917663574
                ]
            ],
            [
                [
                    0.9557778239250183,
                    0.0860639363527298,
                    -0.28121456503868103
                ],
                [
                    -0.03158074617385864,
                    0.9807276129722595,
                    0.19281093776226044
                ],
                [
                    0.2923889756202698,
                    -0.17540352046489716,
                    0.940075695514679
                ]
            ],
            [
                [
                    0.976182222366333,
                    -0.11774006485939026,
                    0.18222396075725555
                ],
                [
                    0.11356211453676224,
                    0.9929749965667725,
                    0.03323172777891159
                ],
                [
                    -0.18485653400421143,
                    -0.011746481992304325,
                    0.9826953411102295
                ]
            ],
            [
                [
                    0.9829928874969482,
                    -0.1549970805644989,
                    -0.09849286824464798
                ],
                [
                    -0.027733277529478073,
                    0.4048832952976227,
                    -0.9139477014541626
                ],
                [
                    0.18153731524944305,
                    0.9011356830596924,
                    0.3936988115310669
                ]
            ],
            [
                [
                    0.9668378233909607,
                    -0.2534744441509247,
                    -0.03123069740831852
                ],
                [
                    0.22257225215435028,
                    0.776301920413971,
                    0.5897602438926697
                ],
                [
                    -0.12524466216564178,
                    -0.5771535634994507,
                    0.8069744110107422
                ]
            ],
            [
                [
                    0.9899774193763733,
                    0.11784946918487549,
                    -0.07782210409641266
                ],
                [
                    -0.12105199694633484,
                    0.9919266700744629,
                    -0.03778785467147827
                ],
                [
                    0.07274053990840912,
                    0.04682964086532593,
                    0.9962509274482727
                ]
            ]
        ],
        "betas": [
            -0.11603105068206787,
            -0.08717724680900574,
            -0.09463918209075928,
            0.03545233607292175,
            -0.009218722581863403,
            -0.10843294113874435,
            0.08896523714065552,
            -0.11642777919769287,
            -0.05792003870010376,
            -0.06954154372215271
        ]
    },
    "pred_cam_t": [
        -0.0518585741519928,
        -0.08690313994884491,
        5.6339497566223145
    ],
    "focal_length": [
        5000.0,
        5000.0
    ],
    "pred_keypoints_3d": [
        [
            0.09634357690811157,
            0.006432507652789354,
            0.006228344980627298
        ],
        [
            0.1025400161743164,
            0.039792876690626144,
            -0.012605153024196625
        ],
        [
            0.10966220498085022,
            0.06997768580913544,
            -0.0115505401045084
        ],
        [
            0.11170174926519394,
            0.09700141847133636,
            -0.008317548781633377
        ],
        [
            0.11114780604839325,
            0.1329514980316162,
            -0.010581319220364094
        ],
        [
            0.05882960557937622,
            0.08840879052877426,
            -0.007752303499728441
        ],
        [
            0.04327845945954323,
            0.11693144589662552,
            -0.0007538683712482452
        ],
        [
            0.030939856544137,
            0.1348506510257721,
            0.004381376318633556
        ],
        [
            0.011529434472322464,
            0.15029102563858032,
            0.012197514995932579
        ],
        [
            0.04666732996702194,
            0.0874234139919281,
            0.01442626677453518
        ],
        [
            0.027627281844615936,
            0.1092931255698204,
            0.027643971145153046
        ],
        [
            0.014409182593226433,
            0.12467335909605026,
            0.03936539590358734
        ],
        [
            -0.002510417252779007,
            0.14063873887062073,
            0.05180344730615616
        ],
        [
            0.05007937550544739,
            0.0729963481426239,
            0.03687063977122307
        ],
        [
            0.03630134463310242,
            0.09823967516422272,
            0.04104484245181084
        ],
        [
            0.025174539536237717,
            0.11585673689842224,
            0.05486366152763367
        ],
        [
            0.011816546320915222,
            0.13579332828521729,
            0.06398319453001022
        ],
        [
            0.05799495428800583,
            0.06165509298443794,
            0.05388037860393524
        ],
        [
            0.060086704790592194,
            0.08232980221509933,
            0.05839361250400543
        ],
        [
            0.06538544595241547,
            0.09867803752422333,
            0.06674426794052124
        ],
        [
            0.07019989937543869,
            0.11748337000608444,
            0.07025739550590515
        ]
    ],
    "pred_vertices": [
        [
            0.0879129096865654,
            0.0606304369866848,
            -0.001217362005263567
        ],
        [
            0.0941634401679039,
            0.05172133445739746,
            -0.00013666041195392609
        ],
        [
            0.0961492508649826,
            0.060678474605083466,
            -0.0015130802057683468
        ],
        [
            0.08947858214378357,
            0.06846607476472855,
            -0.005163169000297785
        ],
        [
            0.11431652307510376,
            0.04799199849367142,
            0.0019828546792268753
        ],
        [
            0.12174464762210846,
            0.04461651295423508,
            -0.006837871856987476
        ],
        [
            0.12146982550621033,
            0.06100846081972122,
            -0.00609564408659935
        ],
        [
            0.11609140783548355,
            0.06159038096666336,
            0.002290045842528343
        ],
        [
            0.0896812379360199,
            0.07470951974391937,
            -0.008187772706151009
        ],
        [
            0.09802030026912689,
            0.06855957955121994,
            -0.0022601084783673286
        ],
        [
            0.0894002690911293,
            0.07591688632965088,
            -0.010633754543960094
        ],
        [
            0.07618249952793121,
            0.07746091485023499,
            -0.019014621153473854
        ],
        [
            0.08007989078760147,
            0.07844918966293335,
            -0.013933881185948849
        ],
        [
            0.0679599940776825,
            0.08065839856863022,
            -0.020334536209702492
        ],
        [
            0.07270314544439316,
            0.06838966906070709,
            -0.023856736719608307
        ],
        [
            0.060250118374824524,
            0.07507504522800446,
            -0.020352061837911606
        ],
        [
            0.057686690241098404,
            0.04814546927809715,
            -0.007413809187710285
        ],
        [
            0.05584607273340225,
            0.04188217967748642,
            0.004742061719298363
        ],
        [
            0.04809251427650452,
            0.05584290251135826,
            0.007560905069112778
        ],
        [
            0.0511416532099247,
            0.06121896207332611,
            -0.004658987745642662
        ],
        [
            0.05211932212114334,
            0.04523059353232384,
            0.024917159229516983
        ],
        [
            0.04916830733418465,
            0.051698312163352966,
            0.015580350533127785
        ],
        [
            0.056208446621894836,
            0.037099406123161316,
            0.01243381667882204
        ],
        [
            0.05875597894191742,
            0.032028425484895706,
            0.021012842655181885
        ],
        [
            0.08697286993265152,
            0.049163155257701874,
            0.00985859613865614
        ],
        [
            0.09313202649354935,
            0.04029961675405502,
            0.009858616627752781
        ],
        [
            0.0925193578004837,
            0.043602991849184036,
            0.004834434948861599
        ],
        [
            0.08726043999195099,
            0.052283238619565964,
            0.005111314821988344
        ],
        [
            0.09778958559036255,
            0.07840140908956528,
            -0.01528959721326828
        ],
        [
            0.09118860960006714,
            0.06790120154619217,
            -0.023574143648147583
        ],
        [
            0.08778975903987885,
            0.07262939214706421,
            -0.018144603818655014
        ],
        [
            0.09813861548900604,
            0.07970486581325531,
            -0.009704419411718845
        ],
        [
            0.11178053915500641,
            0.019467242062091827,
            0.019694702699780464
        ],
        [
            0.11366935074329376,
            0.006803922355175018,
            0.01500616129487753
        ],
        [
            0.11406715214252472,
            0.00827091932296753,
            0.009218914434313774
        ],
        [
            0.11176334321498871,
            0.019346177577972412,
            0.0145195871591568
        ],
        [
            0.1187063530087471,
            0.022218957543373108,
            -0.00678832596167922
        ],
        [
            0.11667343974113464,
            0.011979550123214722,
            -0.00840039737522602
        ],
        [
            0.11423559486865997,
            0.006295457482337952,
            -0.020161058753728867
        ],
        [
            0.11449524760246277,
            0.016991041600704193,
            -0.021183395758271217
        ],
        [
            0.12038582563400269,
            0.03378450870513916,
            -0.006779739633202553
        ],
        [
            0.11903659999370575,
            0.029876135289669037,
            -0.019735954701900482
        ],
        [
            0.12121708691120148,
            0.04275185614824295,
            -0.01806033030152321
        ],
        [
            0.12095634639263153,
            0.060409191995859146,
            -0.015291695483028889
        ],
        [
            0.10999168455600739,
            0.0021136924624443054,
            0.02647056058049202
        ],
        [
            0.10857991874217987,
            0.010832518339157104,
            0.031745463609695435
        ],
        [
            0.04775335639715195,
            0.12678588926792145,
            -0.0005739894695580006
        ],
        [
            0.04627027362585068,
            0.12554994225502014,
            0.004877793602645397
        ],
        [
            0.05071599781513214,
            0.12058550119400024,
            0.0035165995359420776
        ],
        [
            0.05097467452287674,
            0.12271237373352051,
            -0.0017791599966585636
        ],
        [
            0.09167417883872986,
            -0.001577906310558319,
            0.03462589532136917
        ],
        [
            0.08288612961769104,
            -0.004968658089637756,
            0.0307944156229496
        ],
        [
            0.08753885328769684,
            -0.010618187487125397,
            0.03089848719537258
        ],
        [
            0.09622945636510849,
            -0.007303975522518158,
            0.03257463127374649
        ],
        [
            0.08571015298366547,
            0.00604606419801712,
            0.03727313503623009
        ],
        [
            0.07702212035655975,
            0.003309808671474457,
            0.030375350266695023
        ],
        [
            0.0389457605779171,
            0.12252669781446457,
            -0.008173751644790173
        ],
        [
            0.04303523898124695,
            0.1254892647266388,
            -0.007695877458900213
        ],
        [
            0.04487299919128418,
            0.12101396918296814,
            -0.009303556755185127
        ],
        [
            0.040786098688840866,
            0.11753930151462555,
            -0.009049599058926105
        ],
        [
            0.08255673199892044,
            0.07528451085090637,
            -0.008296690881252289
        ],
        [
            0.08295866847038269,
            0.0690908133983612,
            -0.0014838487841188908
        ],
        [
            0.07045928388834,
            0.08961179852485657,
            -0.00607017008587718
        ],
        [
            0.07480420172214508,
            0.08043927699327469,
            -0.003739057807251811
        ],
        [
            0.0758667141199112,
            0.08163703233003616,
            -0.010666552931070328
        ],
        [
            0.0709872841835022,
            0.08846435695886612,
            -0.012463869526982307
        ],
        [
            0.07338381558656693,
            0.06681893020868301,
            0.015847105532884598
        ],
        [
            0.07973480969667435,
            0.056940626353025436,
            0.014023389667272568
        ],
        [
            0.07956620305776596,
            0.060787051916122437,
            0.008564252406358719
        ],
        [
            0.07353317737579346,
            0.07250026613473892,
            0.009253119118511677
        ],
        [
            0.08122085779905319,
            0.05191625654697418,
            0.027262035757303238
        ],
        [
            0.07446172088384628,
            0.06182676553726196,
            0.02787286788225174
        ],
        [
            0.07610895484685898,
            0.057809531688690186,
            0.035310257226228714
        ],
        [
            0.08143305778503418,
            0.051912132650613785,
            0.03383955359458923
        ],
        [
            0.06243827939033508,
            0.07981742918491364,
            0.02595997042953968
        ],
        [
            0.05585081875324249,
            0.08511121571063995,
            0.026019353419542313
        ],
        [
            0.05580105260014534,
            0.08405084162950516,
            0.02928152307868004
        ],
        [
            0.06225769221782684,
            0.07776162773370743,
            0.02925918810069561
        ],
        [
            0.09124818444252014,
            -0.01664193719625473,
            0.03023553267121315
        ],
        [
            0.10026286542415619,
            -0.012665055692195892,
            0.029690878465771675
        ],
        [
            0.05858821049332619,
            0.03717361390590668,
            0.043883051723241806
        ],
        [
            0.06724382936954498,
            0.034363266080617905,
            0.05034411698579788
        ],
        [
            0.060797225683927536,
            0.044996242970228195,
            0.055659934878349304
        ],
        [
            0.05302366986870766,
            0.044961053878068924,
            0.04730075225234032
        ],
        [
            0.07636123895645142,
            -0.004679791629314423,
            0.022609587758779526
        ],
        [
            0.07983112335205078,
            -0.011509254574775696,
            0.024380028247833252
        ],
        [
            0.03473661094903946,
            0.11927766352891922,
            -0.004998436663299799
        ],
        [
            0.03702125698328018,
            0.11455001682043076,
            -0.00532994931563735
        ],
        [
            0.11195704340934753,
            0.03877048194408417,
            -0.028212495148181915
        ],
        [
            0.11523083597421646,
            0.059783194214105606,
            -0.02355228364467621
        ],
        [
            0.10828045755624771,
            0.022593766450881958,
            -0.028610343113541603
        ],
        [
            0.10481017827987671,
            0.0114511176943779,
            -0.027040181681513786
        ],
        [
            0.1045924723148346,
            0.002186879515647888,
            -0.026535358279943466
        ],
        [
            0.07179567217826843,
            0.08209379017353058,
            0.0022817098069936037
        ],
        [
            0.08307086676359177,
            0.061256080865859985,
            0.003688536351546645
        ],
        [
            0.08713091164827347,
            0.04685905948281288,
            0.014504382386803627
        ],
        [
            0.08928205072879791,
            0.0405321829020977,
            0.04483265429735184
        ],
        [
            0.09559512138366699,
            0.03214103356003761,
            0.042857225984334946
        ],
        [
            0.094880610704422,
            0.03892736881971359,
            0.03450433164834976
        ],
        [
            0.08894211798906326,
            0.04458374157547951,
            0.0378258191049099
        ],
        [
            0.07556232810020447,
            0.038251716643571854,
            0.05407004803419113
        ],
        [
            0.08032403886318207,
            0.044343724846839905,
            0.05168931558728218
        ],
        [
            0.07477176189422607,
            0.05126211419701576,
            0.0538146048784256
        ],
        [
            0.0694236159324646,
            0.04685008153319359,
            0.057218026369810104
        ],
        [
            0.10215532779693604,
            0.0781053900718689,
            -0.0213485024869442
        ],
        [
            0.0961417704820633,
            0.06410938501358032,
            -0.027830421924591064
        ],
        [
            0.10116413235664368,
            0.0032715946435928345,
            0.03498676046729088
        ],
        [
            0.10484402626752853,
            -0.0021481215953826904,
            0.030618231743574142
        ],
        [
            0.10696026682853699,
            -0.009637303650379181,
            0.02711430937051773
        ],
        [
            0.10309204459190369,
            0.030348919332027435,
            0.013504273258149624
        ],
        [
            0.11182451248168945,
            0.01929314434528351,
            0.010901439003646374
        ],
        [
            0.11211186647415161,
            0.021279551088809967,
            0.007033280096948147
        ],
        [
            0.10175494849681854,
            0.031084753572940826,
            0.010055987164378166
        ],
        [
            0.10202160477638245,
            0.043174467980861664,
            0.0030773915350437164
        ],
        [
            0.11257661879062653,
            0.035110171884298325,
            0.0020918291993439198
        ],
        [
            0.10408246517181396,
            0.05382499471306801,
            0.004110921174287796
        ],
        [
            0.11544032394886017,
            0.008758880198001862,
            0.0011182737071067095
        ],
        [
            0.11779054999351501,
            -0.0008554831147193909,
            0.006111367605626583
        ],
        [
            0.11812973022460938,
            0.0005678385496139526,
            -0.0027204768266528845
        ],
        [
            0.11547631770372391,
            -0.0039375051856040955,
            0.01517854817211628
        ],
        [
            0.11189312487840652,
            -0.006928533315658569,
            0.02281379885971546
        ],
        [
            0.08114253729581833,
            -0.019920088350772858,
            0.024626918137073517
        ],
        [
            0.11689573526382446,
            0.0021486058831214905,
            -0.010835954919457436
        ],
        [
            0.1163957417011261,
            0.07132693380117416,
            0.00044853566214442253
        ],
        [
            0.11689899861812592,
            0.08002316951751709,
            -0.0017624148167669773
        ],
        [
            0.10979848355054855,
            0.08020766079425812,
            0.0006445145700126886
        ],
        [
            0.10850590467453003,
            0.07234854996204376,
            0.0025925375521183014
        ],
        [
            0.0601852610707283,
            0.08661849051713943,
            -0.01991325058043003
        ],
        [
            0.06699436157941818,
            0.08900469541549683,
            -0.017142601311206818
        ],
        [
            0.07410280406475067,
            0.08172588050365448,
            -0.017325539141893387
        ],
        [
            0.10607988387346268,
            0.027015771716833115,
            0.026687709614634514
        ],
        [
            0.10382048040628433,
            0.01940295100212097,
            0.036657530814409256
        ],
        [
            0.06669309735298157,
            0.091006800532341,
            -0.0003839285345748067
        ],
        [
            0.04072012007236481,
            0.11287440359592438,
            -0.010140431113541126
        ],
        [
            0.04563676565885544,
            0.11590798944234848,
            -0.01106077991425991
        ],
        [
            0.05283224210143089,
            0.10036980360746384,
            -0.015856241807341576
        ],
        [
            0.04660044610500336,
            0.09829054027795792,
            -0.014486023224890232
        ],
        [
            0.05576816201210022,
            0.09513479471206665,
            0.0033422033302485943
        ],
        [
            0.062257830053567886,
            0.09493938088417053,
            0.000507088378071785
        ],
        [
            0.05930933728814125,
            0.09688791632652283,
            0.0012362967245280743
        ],
        [
            0.05406699702143669,
            0.09738130867481232,
            0.004997338633984327
        ],
        [
            0.05832194909453392,
            0.07895523309707642,
            0.036757707595825195
        ],
        [
            0.06413716077804565,
            0.07315729558467865,
            0.03651375696063042
        ],
        [
            0.04675624892115593,
            0.07593001425266266,
            -0.00033940142020583153
        ],
        [
            0.0480203852057457,
            0.07604135572910309,
            -0.013799061998724937
        ],
        [
            0.054315365850925446,
            0.06676548719406128,
            -0.01495932973921299
        ],
        [
            0.07411085069179535,
            0.06315504014492035,
            0.022373517975211143
        ],
        [
            0.06838548183441162,
            0.07195447385311127,
            0.02488313429057598
        ],
        [
            0.06835649162530899,
            0.0701497346162796,
            0.028708776459097862
        ],
        [
            0.06850221008062363,
            0.08405277132987976,
            0.005604070611298084
        ],
        [
            0.06322237849235535,
            0.09068765491247177,
            0.004637996666133404
        ],
        [
            0.06378652155399323,
            0.08710850775241852,
            0.008659325540065765
        ],
        [
            0.06839773058891296,
            0.08040186762809753,
            0.009903972037136555
        ],
        [
            0.07310570031404495,
            0.02324714884161949,
            0.045925166457891464
        ],
        [
            0.08279390633106232,
            0.027773503214120865,
            0.05069492384791374
        ],
        [
            0.04640081524848938,
            0.12689532339572906,
            -0.0050482298247516155
        ],
        [
            0.04885822534561157,
            0.12255959957838058,
            -0.006546362768858671
        ],
        [
            0.08032024651765823,
            0.05355222523212433,
            0.020425356924533844
        ],
        [
            0.06215384230017662,
            0.055216025561094284,
            -0.01633942872285843
        ],
        [
            0.08762554824352264,
            0.04465407878160477,
            0.0195798147469759
        ],
        [
            0.04824086278676987,
            0.061173707246780396,
            0.03917071223258972
        ],
        [
            0.05313738435506821,
            0.06496309489011765,
            0.04406404867768288
        ],
        [
            0.04966804385185242,
            0.07078111171722412,
            0.04320880398154259
        ],
        [
            0.04444874823093414,
            0.06857915967702866,
            0.040037691593170166
        ],
        [
            0.0456409677863121,
            0.10996602475643158,
            0.008685654029250145
        ],
        [
            0.05031353235244751,
            0.11325756460428238,
            0.007163878530263901
        ],
        [
            0.047680504620075226,
            0.11777858436107635,
            0.008391579613089561
        ],
        [
            0.04314945265650749,
            0.11451105028390884,
            0.009545499458909035
        ],
        [
            0.06521712988615036,
            0.0954250693321228,
            -0.004583409521728754
        ],
        [
            0.06609734147787094,
            0.09513004869222641,
            -0.011118055321276188
        ],
        [
            0.062217697501182556,
            0.10071613639593124,
            -0.008509181439876556
        ],
        [
            0.06119057536125183,
            0.09919700771570206,
            -0.0028988895937800407
        ],
        [
            0.061602503061294556,
            0.09542607516050339,
            -0.015752822160720825
        ],
        [
            0.05868399515748024,
            0.1010400727391243,
            -0.013646403327584267
        ],
        [
            0.04017431288957596,
            0.1074603796005249,
            0.005762720946222544
        ],
        [
            0.03630615770816803,
            0.10695196688175201,
            -0.0009211204014718533
        ],
        [
            0.04191485792398453,
            0.09444361925125122,
            -0.002743128454312682
        ],
        [
            0.04663962498307228,
            0.09721215814352036,
            0.003319745184853673
        ],
        [
            0.06446404755115509,
            0.01869232952594757,
            0.016906622797250748
        ],
        [
            0.06736251711845398,
            0.015380337834358215,
            0.027230214327573776
        ],
        [
            0.06155068799853325,
            0.02855648472905159,
            0.03161735460162163
        ],
        [
            0.05504491925239563,
            0.04078483581542969,
            0.036287762224674225
        ],
        [
            0.05002303048968315,
            0.05300839990377426,
            0.03978026658296585
        ],
        [
            0.04606212303042412,
            0.05533425509929657,
            0.028576646000146866
        ],
        [
            0.06485074758529663,
            0.02537781372666359,
            0.03843073919415474
        ],
        [
            0.0487254373729229,
            0.08935260027647018,
            0.0045089819468557835
        ],
        [
            0.04623430222272873,
            0.08495350182056427,
            -0.0036175185814499855
        ],
        [
            0.04591880738735199,
            0.08342388272285461,
            0.0021309340372681618
        ],
        [
            0.08919171243906021,
            0.04327995330095291,
            0.026805520057678223
        ],
        [
            0.05008997768163681,
            0.11734142899513245,
            -0.009061446413397789
        ],
        [
            0.08335268497467041,
            0.002148672938346863,
            -0.01964208111166954
        ],
        [
            0.07692548632621765,
            -0.0027847737073898315,
            -0.008432493545114994
        ],
        [
            0.0746711939573288,
            0.005685597658157349,
            -0.008984443731606007
        ],
        [
            0.08278170228004456,
            0.01193653792142868,
            -0.021403558552265167
        ],
        [
            0.05390515550971031,
            0.11592613160610199,
            0.0019193897023797035
        ],
        [
            0.053876783698797226,
            0.11783359199762344,
            -0.0040914942510426044
        ],
        [
            0.06375675648450851,
            0.0715799480676651,
            0.04280397668480873
        ],
        [
            0.057737238705158234,
            0.0766928642988205,
            0.04197419434785843
        ],
        [
            0.05454196780920029,
            0.0758613720536232,
            0.04424843192100525
        ],
        [
            0.061371490359306335,
            0.07186321914196014,
            0.047883957624435425
        ],
        [
            0.07020145654678345,
            0.012946374714374542,
            0.03193891793489456
        ],
        [
            0.05906878411769867,
            0.05350446701049805,
            0.05869732424616814
        ],
        [
            0.051476944237947464,
            0.05248541757464409,
            0.05132118612527847
        ],
        [
            0.07234816998243332,
            0.0039797499775886536,
            0.02298165112733841
        ],
        [
            0.06931764632463455,
            0.006456971168518066,
            0.013931953348219395
        ],
        [
            0.07284832745790482,
            -0.0024992823600769043,
            0.012357953935861588
        ],
        [
            0.04364754259586334,
            0.06700986623764038,
            0.018418999388813972
        ],
        [
            0.06233935430645943,
            0.02334025502204895,
            0.009836621582508087
        ],
        [
            0.06821432709693909,
            0.010300889611244202,
            0.00732222106307745
        ],
        [
            0.07235096395015717,
            -0.0002446174621582031,
            0.005113154649734497
        ],
        [
            0.07473811507225037,
            -0.008169300854206085,
            0.004138141870498657
        ],
        [
            0.0751715749502182,
            -0.009773015975952148,
            0.012193592265248299
        ],
        [
            0.0374126061797142,
            0.10958951711654663,
            -0.005789267364889383
        ],
        [
            0.03519446402788162,
            0.11189831048250198,
            0.00023525781580246985
        ],
        [
            0.076290562748909,
            -0.01877220720052719,
            0.012111671268939972
        ],
        [
            0.07636108994483948,
            -0.016316786408424377,
            0.003079356625676155
        ],
        [
            0.06822574138641357,
            0.014569990336894989,
            -0.0009186705574393272
        ],
        [
            0.07011337578296661,
            0.020550891757011414,
            -0.011041529476642609
        ],
        [
            0.06273682415485382,
            0.027114130556583405,
            0.0019079362973570824
        ],
        [
            0.06374090909957886,
            0.03382177650928497,
            -0.007770550437271595
        ],
        [
            0.042845796793699265,
            0.06612303107976913,
            0.00803262460976839
        ],
        [
            0.02764953300356865,
            0.12608952820301056,
            0.0063943155109882355
        ],
        [
            0.034160010516643524,
            0.11737016588449478,
            0.006315460428595543
        ],
        [
            0.038290027529001236,
            0.11953486502170563,
            0.009753827005624771
        ],
        [
            0.029985809698700905,
            0.1271817833185196,
            0.009740959852933884
        ],
        [
            0.038416676223278046,
            0.11214261502027512,
            0.006518491078168154
        ],
        [
            0.032800305634737015,
            0.11670765280723572,
            0.0006205998943187296
        ],
        [
            0.07043954730033875,
            0.0423707515001297,
            -0.01931103691458702
        ],
        [
            0.057019300758838654,
            0.09285296499729156,
            0.008466046303510666
        ],
        [
            0.08112779259681702,
            0.02985997498035431,
            -0.024153877049684525
        ],
        [
            0.07813180983066559,
            0.05667050555348396,
            -0.027508484199643135
        ],
        [
            0.08842466026544571,
            0.04831138998270035,
            -0.030031569302082062
        ],
        [
            0.09386953711509705,
            0.017811909317970276,
            -0.029321685433387756
        ],
        [
            0.09857776015996933,
            0.0352921187877655,
            -0.032495349645614624
        ],
        [
            0.09401057660579681,
            -0.0012605562806129456,
            -0.02561867982149124
        ],
        [
            0.09246493875980377,
            0.007753342390060425,
            -0.026487572118639946
        ],
        [
            0.10388480126857758,
            0.052831634879112244,
            -0.030499566346406937
        ],
        [
