{
    "pred_cam": [
        6.957118034362793,
        0.056072697043418884,
        -0.08737696707248688
    ],
    "pred_mano_params": {
        "global_orient": [
            [
                [
                    0.5136569142341614,
                    -0.8234140872955322,
                    0.24113450944423676
                ],
                [
                    -0.8569421172142029,
                    -0.478424996137619,
                    0.1917283535003662
                ],
                [
                    -0.04250704497098923,
                    -0.30512088537216187,
                    -0.9513645172119141
                ]
            ]
        ],
        "hand_pose": [
            [
                [
                    0.9480814933776855,
                    -0.24990305304527283,
                    -0.196697399020195
                ],
                [
                    0.22379060089588165,
                    0.963687002658844,
                    -0.14568868279457092
                ],
                [
                    0.22596275806427002,
                    0.09410573542118073,
                    0.9695797562599182
                ]
            ],
            [
                [
                    0.9668846130371094,
                    0.2526213824748993,
                    -0.036283452063798904
                ],
                [
                    -0.2547850012779236,
                    0.9472182989120483,
                    -0.1945817768573761
                ],
                [
                    -0.014787174761295319,
                    0.1973826289176941,
                    0.9802149534225464
                ]
            ],
            [
                [
                    0.9723891615867615,
                    0.04481660947203636,
                    -0.22902128100395203
                ],
                [
                    -0.04317944124341011,
                    0.9989933967590332,
                    0.012157319113612175
                ],
                [
                    0.22933557629585266,
                    -0.001932637533172965,
                    0.9733455181121826
                ]
            ],
            [
                [
                    0.961711585521698,
                    -0.1085299700498581,
                    -0.2516587972640991
                ],
                [
                    0.06599973887205124,
                    0.9829388856887817,
                    -0.17168325185775757
                ],
                [
                    0.265997976064682,
                    0.14850033819675446,
                    0.9524666666984558
                ]
            ],
            [
                [
                    0.9883584380149841,
                    0.12726199626922607,
                    -0.08337954431772232
                ],
                [
                    -0.0980401262640953,
                    0.9518083930015564,
                    0.29060098528862
                ],
                [
                    0.11634378135204315,
                    -0.2790433466434479,
                    0.9532046318054199
                ]
            ],
            [
                [
                    0.9915173649787903,
                    -0.1297653466463089,
                    -0.007364389020949602
                ],
                [
                    0.1294599324464798,
                    0.9910430908203125,
                    -0.03276729956269264
                ],
                [
                    0.011550488881766796,
                    0.031535957008600235,
                    0.9994358420372009
                ]
            ],
            [
                [
                    0.6194380521774292,
                    -0.6354255676269531,
                    0.4610106348991394
                ],
                [
                    0.48641708493232727,
                    0.771591305732727,
                    0.40993329882621765
                ],
                [
                    -0.6161938905715942,
                    -0.029684875160455704,
                    0.7870348691940308
                ]
            ],
            [
                [
                    0.9472885131835938,
                    -0.19670768082141876,
                    -0.2528844177722931
                ],
                [
                    0.20837552845478058,
                    0.9778456091880798,
                    0.019937854260206223
                ],
                [
                    0.2433599978685379,
                    -0.07158181816339493,
                    0.967290997505188
                ]
            ],
            [
                [
                    0.9733877182006836,
                    -0.0023826865945011377,
                    0.22915226221084595
                ],
                [
                    -0.011212647892534733,
                    0.9982531070709229,
                    0.058008283376693726
                ],
                [
                    -0.22889018058776855,
                    -0.05903393775224686,
                    0.9716606140136719
                ]
            ],
            [
                [
                    0.9770383834838867,
                    -0.1810414344072342,
                    0.11233813315629959
                ],
                [
                    0.1995755434036255,
                    0.9622565507888794,
                    -0.1850186288356781
                ],
                [
                    -0.07460206001996994,
                    0.20319028198719025,
                    0.9762930274009705
                ]
            ],
            [
                [
                    0.9546788930892944,
                    0.08620844036340714,
                    -0.28487956523895264
                ],
                [
                    -0.029227670282125473,
                    0.9796624183654785,
                    0.19851239025592804
                ],
                [
                    0.2961992621421814,
                    -0.18118920922279358,
                    0.9377827048301697
                ]
            ],
            [
                [
                    0.9693050980567932,
                    -0.13792784512043,
                    0.20352773368358612
                ],
                [
                    0.13292203843593597,
                    0.9903927445411682,
                    0.03813108429312706
                ],
                [
                    -0.20683172345161438,
                    -0.00990733690559864,
                    0.9783263802528381
                ]
            ],
            [
                [
                    0.9853272438049316,
                    -0.12967662513256073,
                    -0.1109691932797432
                ],
                [
                    -0.04533561319112778,
                    0.4279633164405823,
                    -0.9026582837104797
                ],
                [
                    0.16454444825649261,
                    0.8944447040557861,
                    0.4158049523830414
                ]
            ],
            [
                [
                    0.9647066593170166,
                    -0.2601030170917511,
                    -0.04107875004410744
                ],
                [
                    0.23291358351707458,
                    0.7700612545013428,
                    0.5939334630966187
                ],
                [
                    -0.12285073101520538,
                    -0.5825393795967102,
                    0.8034647703170776
                ]
            ],
            [
                [
                    0.9851318597793579,
                    0.14968740940093994,
                    -0.08431430906057358
                ],
                [
                    -0.15375688672065735,
                    0.9871284365653992,
                    -0.04400324076414108
                ],
                [
                    0.07664231956005096,
                    0.05631289631128311,
                    0.9954671263694763
                ]
            ]
        ],
        "betas": [
            -0.11962789297103882,
            -0.08089366555213928,
            -0.10082775354385376,
            0.03319856524467468,
            -0.016248703002929688,
            -0.12358953803777695,
            0.07812671363353729,
            -0.1299571692943573,
            -0.045278340578079224,
            -0.07281556725502014
        ]
    },
    "pred_cam_t": [
        -0.056072697043418884,
        -0.08737696707248688,
        5.614753246307373
    ],
    "focal_length": [
        5000.0,
        5000.0
    ],
    "pred_keypoints_3d": [
        [
            0.09635520726442337,
            0.006432475056499243,
            0.00622914731502533
        ],
        [
            0.10314207524061203,
            0.0396769642829895,
            -0.012613857164978981
        ],
        [
            0.11020871996879578,
            0.0699041411280632,
            -0.012562097981572151
        ],
        [
            0.11212681233882904,
            0.09702453017234802,
            -0.010076053440570831
        ],
        [
            0.11066431552171707,
            0.1329403966665268,
            -0.013612338341772556
        ],
        [
            0.06008065491914749,
            0.08891527354717255,
            -0.008092625066637993
        ],
        [
            0.04524947330355644,
            0.11779047548770905,
            -0.0009370008483529091
        ],
        [
            0.033424507826566696,
            0.13596825301647186,
            0.0045233056880533695
        ],
        [
            0.014720376580953598,
            0.15189731121063232,
            0.013205153867602348
        ],
        [
            0.04778396338224411,
            0.08813799917697906,
            0.014026423916220665
        ],
        [
            0.029124651104211807,
            0.11004529893398285,
            0.027729323133826256
        ],
        [
            0.016344314441084862,
            0.12536655366420746,
            0.04001181945204735
        ],
        [
            0.00031996890902519226,
            0.14157122373580933,
            0.053278643637895584
        ],
        [
            0.05087945610284805,
            0.07369735836982727,
            0.036520637571811676
        ],
        [
            0.03766613081097603,
            0.09921587258577347,
            0.04084671288728714
        ],
        [
            0.02697070688009262,
            0.11695171147584915,
            0.05487043783068657
        ],
        [
            0.014606891199946404,
            0.13751520216464996,
            0.06387375295162201
        ],
        [
            0.058549173176288605,
            0.06227978318929672,
            0.053596772253513336
        ],
        [
            0.06131463125348091,
            0.08297643065452576,
            0.057675886899232864
        ],
        [
            0.06705693155527115,
            0.09935066848993301,
            0.06569668650627136
        ],
        [
            0.07269876450300217,
            0.11803442984819412,
            0.06867047399282455
        ]
    ],
    "pred_vertices": [
        [
            0.08870993554592133,
            0.060726672410964966,
            -0.0014151197392493486
        ],
        [
            0.0948524996638298,
            0.05179969593882561,
            -0.00029214750975370407
        ],
        [
            0.09687662124633789,
            0.06085323914885521,
            -0.0019365660846233368
        ],
        [
            0.09036129713058472,
            0.06858369708061218,
            -0.005493234843015671
        ],
        [
            0.11494803428649902,
            0.04825051501393318,
            0.001653800718486309
        ],
        [
            0.12238839268684387,
            0.04469429701566696,
            -0.007095145992934704
        ],
        [
            0.1221017837524414,
            0.0612073615193367,
            -0.006802714429795742
        ],
        [
            0.11672383546829224,
            0.06196155771613121,
            0.0015666615217924118
        ],
        [
            0.09058856964111328,
            0.07486622035503387,
            -0.008727164939045906
        ],
        [
            0.09877637028694153,
            0.06877706199884415,
            -0.002916981466114521
        ],
        [
            0.0902290791273117,
            0.0760398730635643,
            -0.011380624957382679
        ],
        [
            0.07718262821435928,
            0.07764258980751038,
            -0.01953529380261898
        ],
        [
            0.08112853765487671,
            0.07863283902406693,
            -0.014341561123728752
        ],
        [
            0.0690726637840271,
            0.08096199482679367,
            -0.020774371922016144
        ],
        [
            0.07359903305768967,
            0.06853576749563217,
            -0.02434169314801693
        ],
        [
            0.0612746998667717,
            0.07547995448112488,
            -0.020802775397896767
        ],
        [
            0.05834456533193588,
            0.04863942787051201,
            -0.007712105289101601
        ],
        [
            0.05635816603899002,
            0.04244936257600784,
            0.004460633732378483
        ],
        [
            0.0487663671374321,
            0.056533023715019226,
            0.0072066569700837135
        ],
        [
            0.05195169895887375,
            0.061836618930101395,
            -0.005016506649553776
        ],
        [
            0.052543219178915024,
            0.04589320346713066,
            0.02462514489889145
        ],
        [
            0.04974505305290222,
            0.05238404497504234,
            0.015245279297232628
        ],
        [
            0.05661197751760483,
            0.03767744451761246,
            0.012165814638137817
        ],
        [
            0.059035636484622955,
            0.032586775720119476,
            0.020771628245711327
        ],
        [
            0.08757567405700684,
            0.049284834414720535,
            0.009745997376739979
        ],
        [
            0.09362925589084625,
            0.04032524302601814,
            0.009834257885813713
        ],
        [
            0.09310103952884674,
            0.043625734746456146,
            0.004810024984180927
        ],
        [
            0.08793066442012787,
            0.05238470062613487,
            0.004986124578863382
        ],
        [
            0.09840763360261917,
            0.07831428945064545,
            -0.016366343945264816
        ],
        [
            0.09191639721393585,
            0.06778687238693237,
            -0.02425513043999672
        ],
        [
            0.0885717049241066,
            0.07262720167636871,
            -0.018873166292905807
        ],
        [
            0.09879115968942642,
            0.07974068820476532,
            -0.01080499030649662
        ],
        [
            0.11190376430749893,
            0.019268445670604706,
            0.019778013229370117
        ],
        [
            0.11363942921161652,
            0.006572514772415161,
            0.015113879926502705
        ],
        [
            0.11409859359264374,
            0.00803026556968689,
            0.009335837326943874
        ],
        [
            0.11192620545625687,
            0.019140787422657013,
            0.014627703465521336
        ],
        [
            0.11914215981960297,
            0.021980032324790955,
            -0.006669286172837019
        ],
        [
            0.11690215021371841,
            0.011693984270095825,
            -0.008244081400334835
        ],
        [
            0.11441971361637115,
            0.00599198043346405,
            -0.020055782049894333
        ],
        [
            0.11482739448547363,
            0.01668262481689453,
            -0.021130552515387535
        ],
        [
            0.12099042534828186,
            0.03370983153581619,
            -0.006792101543396711
        ],
        [
            0.11957389861345291,
            0.02960406243801117,
            -0.019765041768550873
        ],
        [
            0.12183813750743866,
            0.04261551797389984,
            -0.018302276730537415
        ],
        [
            0.1215670183300972,
            0.06036941707134247,
            -0.015993978828191757
        ],
        [
            0.1098242849111557,
            0.0019472911953926086,
            0.026564350351691246
        ],
        [
            0.10850508511066437,
            0.010690174996852875,
            0.03182143718004227
        ],
        [
            0.04997438192367554,
            0.12750771641731262,
            -0.000660543330013752
        ],
        [
            0.04848269373178482,
            0.12622272968292236,
            0.004786673933267593
        ],
        [
            0.05277158319950104,
            0.12120874226093292,
            0.0033446457237005234
        ],
        [
            0.053067971020936966,
            0.12337446212768555,
            -0.0019383663311600685
        ],
        [
            0.0914052277803421,
            -0.0014794692397117615,
            0.03461955115199089
        ],
        [
            0.08258805423974991,
            -0.0047463178634643555,
            0.03073674812912941
        ],
        [
            0.08715971559286118,
            -0.01046030968427658,
            0.03087450936436653
        ],
        [
            0.09588941931724548,
            -0.007271431386470795,
            0.032600823789834976
        ],
        [
            0.0855335220694542,
            0.0062322840094566345,
            0.03722207620739937
        ],
        [
            0.07684461772441864,
            0.003613412380218506,
            0.03027340956032276
        ],
        [
            0.040981367230415344,
            0.12362856417894363,
            -0.008270331658422947
        ],
        [
            0.0451655313372612,
            0.1264626681804657,
            -0.007775657810270786
        ],
        [
            0.04687885567545891,
            0.12193085998296738,
            -0.009463283233344555
        ],
        [
            0.04269274324178696,
            0.11857008934020996,
            -0.0092321103438735
        ],
        [
            0.0835837572813034,
            0.0754479318857193,
            -0.008577997796237469
        ],
        [
            0.08388598263263702,
            0.06925547122955322,
            -0.0016935302410274744
        ],
        [
            0.0717574954032898,
            0.08989623934030533,
            -0.00634976290166378
        ],
        [
            0.07591356337070465,
            0.08070924878120422,
            -0.003994469530880451
        ],
        [
            0.07701661437749863,
            0.08187131583690643,
            -0.010945068672299385
        ],
        [
            0.07228707522153854,
            0.08874526619911194,
            -0.012750771827995777
        ],
        [
            0.07419976592063904,
            0.0671471655368805,
            0.01562611013650894
        ],
        [
            0.0804218202829361,
            0.057177603244781494,
            0.01385507918894291
        ],
        [
            0.08033454418182373,
            0.06101445481181145,
            0.00838132668286562
        ],
        [
            0.07446698844432831,
            0.07281719893217087,
            0.009020060300827026
        ],
        [
            0.0817658081650734,
            0.05214792490005493,
            0.027114273980259895
        ],
        [
            0.07514314353466034,
            0.06214984506368637,
            0.027666745707392693
        ],
        [
            0.07669608294963837,
            0.058112118393182755,
            0.035120122134685516
        ],
        [
            0.08194445818662643,
            0.05214790627360344,
            0.03369395062327385
        ],
        [
            0.06341901421546936,
            0.08030176162719727,
            0.02562146633863449
        ],
        [
            0.05696559697389603,
            0.08566093444824219,
            0.025632336735725403
        ],
        [
            0.05687248706817627,
            0.08466469496488571,
            0.028966454789042473
        ],
        [
            0.06319355219602585,
            0.07825929671525955,
            0.02894710749387741
        ],
        [
            0.0907839983701706,
            -0.016535721719264984,
            0.030240638181567192
        ],
        [
            0.099858358502388,
            -0.012691192328929901,
            0.02974420040845871
        ],
        [
            0.058774590492248535,
            0.037774745374917984,
            0.04366322606801987
        ],
        [
            0.06735645979642868,
            0.03482835739850998,
            0.05017006769776344
        ],
        [
            0.06099424138665199,
            0.04560302197933197,
            0.05544651672244072
        ],
        [
            0.05324923247098923,
            0.0456726960837841,
            0.04704144224524498
        ],
        [
            0.07611071318387985,
            -0.004373863339424133,
            0.022511741146445274
        ],
        [
            0.07947419583797455,
            -0.01124735176563263,
            0.024310560896992683
        ],
        [
            0.0366922989487648,
            0.12045245617628098,
            -0.0051185660995543
        ],
        [
            0.03885892406105995,
            0.115650475025177,
            -0.005524771753698587
        ],
        [
            0.11254753172397614,
            0.03845539689064026,
            -0.028391141444444656
        ],
        [
            0.11584439873695374,
            0.0595516711473465,
            -0.02420751377940178
        ],
        [
            0.10870776325464249,
            0.02229241281747818,
            -0.02858000621199608
        ],
        [
            0.10509610176086426,
            0.011215977370738983,
            -0.02697163075208664
        ],
        [
            0.10474994778633118,
            0.0019801706075668335,
            -0.026469767093658447
        ],
        [
            0.07290330529212952,
            0.08240601420402527,
            0.002012849785387516
        ],
        [
            0.08386963605880737,
            0.06142308562994003,
            0.003513830713927746
        ],
        [
            0.08767461776733398,
            0.046991605311632156,
            0.014399525709450245
        ],
        [
            0.08956478536128998,
            0.040671803057193756,
            0.044757112860679626
        ],
        [
            0.09576783329248428,
            0.03219255059957504,
            0.042829807847738266
        ],
        [
            0.09520145505666733,
            0.038979459553956985,
            0.03445959836244583
        ],
        [
            0.08932778239250183,
            0.044721975922584534,
            0.037738312035799026
        ],
        [
            0.07571764290332794,
            0.038592636585235596,
            0.053933389484882355
        ],
        [
            0.0806017741560936,
            0.04460408166050911,
            0.051561351865530014
        ],
        [
            0.0751340389251709,
            0.05158308148384094,
            0.05364933982491493
        ],
        [
            0.06965497881174088,
            0.04728678613901138,
            0.05704435333609581
        ],
        [
            0.10272420197725296,
            0.0778903216123581,
            -0.02246788516640663
        ],
        [
            0.09682998806238174,
            0.06390264630317688,
            -0.02849496528506279
        ],
        [
            0.10096383094787598,
            0.003234751522541046,
            0.035032451152801514
        ],
        [
            0.10459093749523163,
            -0.0022407546639442444,
            0.03069128654897213
        ],
        [
            0.10661360621452332,
            -0.009762585163116455,
            0.02720177359879017
        ],
        [
            0.10343925654888153,
            0.03025440126657486,
            0.013574549928307533
        ],
        [
            0.11202507466077805,
            0.019083216786384583,
            0.011034528724849224
        ],
        [
            0.11240789294242859,
            0.021074466407299042,
            0.007197089493274689
        ],
        [
            0.10216832160949707,
            0.03100409358739853,
            0.010160787031054497
        ],
        [
            0.10266029089689255,
            0.04333529993891716,
            0.003011206164956093
        ],
        [
            0.11317950487136841,
            0.03515666350722313,
            0.002139058895409107
        ],
        [
            0.10471148788928986,
            0.05415365472435951,
            0.0036785053089261055
        ],
        [
            0.11554931104183197,
            0.008490748703479767,
            0.0012618390610441566
        ],
        [
            0.11770890653133392,
            -0.0011530518531799316,
            0.006255455780774355
        ],
        [
            0.11812867969274521,
            0.00025393813848495483,
            -0.002571797464042902
        ],
        [
            0.11528947204351425,
            -0.004194438457489014,
            0.015309225767850876
        ],
        [
            0.11161026358604431,
            -0.007125645875930786,
            0.02292419783771038
        ],
        [
            0.08066253364086151,
            -0.019671276211738586,
            0.024577533826231956
        ],
        [
            0.11696308106184006,
            0.0018358156085014343,
            -0.010700760409235954
        ],
        [
            0.11703936010599136,
            0.07170548290014267,
            -0.0005932515487074852
        ],
        [
            0.11750270426273346,
            0.08036856353282928,
            -0.003067784011363983
        ],
        [
            0.11042864620685577,
            0.08055365085601807,
            -0.0006243768148124218
        ],
        [
            0.10916714370250702,
            0.07272458076477051,
            0.0015566656365990639
        ],
        [
            0.06145633012056351,
            0.08708076924085617,
            -0.020299581810832024
        ],
        [
            0.06831609457731247,
            0.08935081958770752,
            -0.017475495114922523
        ],
        [
            0.07524928450584412,
            0.08196884393692017,
            -0.017685340717434883
        ],
        [
            0.10626757144927979,
            0.0269014835357666,
            0.026720276102423668
        ],
        [
            0.10384245216846466,
            0.019332729279994965,
            0.03669194504618645
        ],
        [
            0.06799793988466263,
            0.09134714305400848,
            -0.0006767332088202238
        ],
        [
            0.04257067292928696,
            0.1138891726732254,
            -0.010351038537919521
        ],
        [
            0.0475652813911438,
            0.11679648607969284,
            -0.011261804029345512
        ],
        [
            0.054472263902425766,
            0.10104378312826157,
            -0.016135182231664658
        ],
        [
            0.04817700386047363,
            0.09910935908555984,
            -0.014786332845687866
        ],
        [
            0.057146329432725906,
            0.09568189829587936,
            0.0030470453202724457
        ],
        [
            0.0636788010597229,
            0.09533168375492096,
            0.00022871093824505806
        ],
        [
            0.06079437583684921,
            0.09732021391391754,
            0.0009694641921669245
        ],
        [
            0.05554734170436859,
            0.09791634231805801,
            0.004727434832602739
        ],
        [
            0.05928279459476471,
            0.07954518496990204,
            0.036470334976911545
        ],
        [
            0.06499086320400238,
            0.07362969219684601,
            0.03621748089790344
        ],
        [
            0.04775439575314522,
            0.07666198909282684,
            -0.0007449313998222351
        ],
        [
            0.049049992114305496,
            0.07673393189907074,
            -0.014208762906491756
        ],
        [
            0.05522144213318825,
            0.06727177649736404,
            -0.015369709581136703
        ],
        [
            0.07483754307031631,
            0.06347842514514923,
            0.022162865847349167
        ],
        [
            0.06922957301139832,
            0.07236137986183167,
            0.024617118760943413
        ],
        [
            0.06915926188230515,
            0.07055789232254028,
            0.028446972370147705
        ],
        [
            0.06962564587593079,
            0.08441869169473648,
            0.00531650660559535
        ],
        [
            0.06447984278202057,
            0.09111124277114868,
            0.004324829671531916
        ],
        [
            0.0649472028017044,
            0.08757127821445465,
            0.008337694220244884
        ],
        [
            0.06944306194782257,
            0.08079281449317932,
            0.009624946862459183
        ],
        [
            0.07311183959245682,
            0.023623231798410416,
            0.045787230134010315
        ],
        [
            0.08284014463424683,
            0.02801509201526642,
            0.050603143870830536
        ],
        [
            0.048592254519462585,
            0.12772658467292786,
            -0.005127411335706711
        ],
        [
            0.05092495307326317,
            0.12333323061466217,
            -0.0067057800479233265
        ],
        [
            0.08092216402292252,
            0.053787149488925934,
            0.020267659798264503
        ],
        [
            0.062920480966568,
            0.05556315556168556,
            -0.01667679101228714
        ],
        [
            0.08811065554618835,
            0.044790059328079224,
            0.019482500851154327
        ],
        [
            0.04883672297000885,
            0.06192716956138611,
            0.0388294979929924
        ],
        [
            0.05382905527949333,
            0.06563857197761536,
            0.0437319278717041
        ],
        [
            0.05046691745519638,
            0.07151349633932114,
            0.04288671538233757
        ],
        [
            0.04520060494542122,
            0.06941527873277664,
            0.039687272161245346
        ],
        [
            0.04743620753288269,
            0.11071226000785828,
            0.008462810888886452
        ],
        [
            0.052197832614183426,
            0.11388713121414185,
            0.00696177314966917
        ],
        [
            0.04967334866523743,
            0.11843898892402649,
            0.00820319727063179
        ],
        [
            0.04505765438079834,
            0.1152883768081665,
            0.00934223085641861
        ],
        [
            0.0666789710521698,
            0.09577000886201859,
            -0.004845726303756237
        ],
        [
            0.06757684051990509,
            0.0954805463552475,
            -0.01138179749250412
        ],
        [
            0.06384391337633133,
            0.1011299341917038,
            -0.008750254288315773
        ],
        [
            0.06275343894958496,
            0.09960627555847168,
            -0.0031458507291972637
        ],
        [
            0.06311658769845963,
            0.09587959200143814,
            -0.016038132831454277
        ],
        [
            0.06033730134367943,
            0.10156078636646271,
            -0.013903409242630005
        ],
        [
            0.04189717024564743,
            0.1083754152059555,
            0.0055268192663788795
        ],
        [
            0.03800727427005768,
            0.10802482068538666,
            -0.0011576159158721566
        ],
        [
            0.04335017502307892,
            0.09531456977128983,
            -0.00305770942941308
        ],
        [
            0.04811776429414749,
            0.09793459624052048,
            0.003041154006496072
        ],
        [
            0.06458175182342529,
            0.019160374999046326,
            0.0167116429656744
        ],
        [
            0.06737223267555237,
            0.015821248292922974,
            0.02705659717321396
        ],
        [
            0.061714909970760345,
            0.02909236028790474,
            0.03139812499284744
        ],
        [
            0.05533213168382645,
            0.0414319671690464,
            0.036028292030096054
        ],
        [
            0.0504322424530983,
            0.053730763494968414,
            0.039472829550504684
        ],
        [
            0.04659867659211159,
            0.05609488487243652,
            0.0282253697514534
        ],
        [
            0.06493328511714935,
            0.025874115526676178,
            0.03823857381939888
        ],
        [
            0.04990104213356972,
            0.09013175964355469,
            0.004168578423559666
        ],
        [
            0.04741230979561806,
            0.08573661744594574,
            -0.003986869938671589
        ],
        [
            0.047008488327264786,
            0.08425652980804443,
            0.0017556841485202312
        ],
        [
            0.08961817622184753,
            0.043403033167123795,
            0.026720767840743065
        ],
        [
            0.052073266357183456,
            0.11809214949607849,
            -0.009250693023204803
        ],
        [
            0.08345581591129303,
            0.0022692158818244934,
            -0.019698306918144226
        ],
        [
            0.07688833773136139,
            -0.002527952194213867,
            -0.008526676334440708
        ],
        [
            0.07476266473531723,
            0.005966596305370331,
            -0.009097684174776077
        ],
        [
            0.08303260803222656,
            0.012020975351333618,
            -0.021464794874191284
        ],
        [
            0.055861882865428925,
            0.11649779230356216,
            0.0017324406653642654
        ],
        [
            0.055883120745420456,
            0.1184471994638443,
            -0.004273883532732725
        ],
        [
            0.0645904541015625,
            0.07206101715564728,
            0.04250967130064964
        ],
        [
            0.058656610548496246,
            0.07729212939739227,
            0.04168665036559105
        ],
        [
            0.055434755980968475,
            0.07650227844715118,
            0.04395689070224762
        ],
        [
            0.06222314387559891,
            0.07238920778036118,
            0.04758023843169212
        ],
        [
            0.07014961540699005,
            0.013350874185562134,
            0.031788069754838943
        ],
        [
            0.059468500316143036,
            0.0542537197470665,
            0.05844149738550186
        ],
        [
            0.05184809863567352,
            0.05330497398972511,
            0.05100855603814125
        ],
        [
            0.07222039997577667,
            0.004342325031757355,
            0.0228501558303833
        ],
        [
            0.06928005814552307,
            0.006852433085441589,
            0.01378025021404028
        ],
        [
            0.07268872112035751,
            -0.0021550729870796204,
            0.012237397953867912
        ],
        [
            0.04445181414484978,
            0.06779541075229645,
            0.018016155809164047
        ],
        [
            0.06257076561450958,
            0.023828908801078796,
            0.009621706791222095
        ],
        [
            0.06827396154403687,
            0.010704442858695984,
            0.007158732041716576
        ],
        [
            0.07226735353469849,
            9.734183549880981e-05,
            0.00498735997825861
        ],
        [
            0.0745387002825737,
            -0.007861576974391937,
            0.004032362252473831
        ],
        [
            0.07490474730730057,
            -0.009458713233470917,
            0.01209388766437769
        ],
        [
            0.03917330503463745,
            0.11067181825637817,
            -0.006015951745212078
        ],
        [
            0.03699030727148056,
            0.11300112307071686,
            3.0299768695840612e-05
        ],
        [
            0.0758940652012825,
            -0.018466085195541382,
            0.012029369361698627
        ],
        [
            0.07604663074016571,
            -0.016024552285671234,
            0.0029938416555523872
        ],
        [
            0.06839486956596375,
            0.014963634312152863,
            -0.0010894499719142914
        ],
        [
            0.07041948288679123,
            0.020856186747550964,
            -0.011196876876056194
        ],
        [
            0.06306342780590057,
            0.027584262192249298,
            0.001686112955212593
        ],
        [
            0.06421207636594772,
            0.03423790633678436,
            -0.007997295819222927
        ],
        [
            0.04364263638854027,
            0.06691043823957443,
            0.007606183178722858
        ],
        [
            0.02982790768146515,
            0.12731657922267914,
            0.0064249406568706036
        ],
        [
            0.036111846566200256,
            0.11838147044181824,
            0.006166711915284395
        ],
        [
            0.04033542424440384,
            0.12036532163619995,
            0.009616943076252937
        ],
        [
            0.03223675861954689,
            0.12822861969470978,
            0.00979534164071083
        ],
        [
            0.04025055468082428,
            0.11308364570140839,
            0.006308514624834061
        ],
        [
            0.034700024873018265,
            0.11786121875047684,
            0.0004764129116665572
        ],
        [
            0.07105684280395508,
            0.04257063940167427,
            -0.01955585554242134
        ],
        [
            0.05826933681964874,
            0.09346629679203033,
            0.008142631500959396
        ],
        [
            0.08160897344350815,
            0.029851526021957397,
            -0.024282731115818024
        ],
        [
            0.07888514548540115,
            0.05666866526007652,
            -0.02790888212621212
        ],
        [
            0.08908484131097794,
            0.04814216494560242,
            -0.030357176437973976
        ],
        [
            0.0942135900259018,
            0.017648547887802124,
            -0.029325470328330994
        ],
        [
            0.09911403059959412,
            0.03498852252960205,
            -0.03264781832695007
        ],
        [
            0.09410044550895691,
            -0.0013099759817123413,
            -0.025610830634832382
        ],
        [
            0.09268247336149216,
            0.00768405944108963,
            -0.026488959789276123
        ],
        [
            0.10450700670480728,
            0.05248842388391495,
            -0.030976660549640656
        ],
        [
