{
    "pred_cam": [
        8.015167236328125,
        -0.10260169953107834,
        -0.07340642809867859
    ],
    "pred_mano_params": {
        "global_orient": [
            [
                [
                    0.22262349724769592,
                    -0.7499345541000366,
                    0.6229260563850403
                ],
                [
                    -0.9352201223373413,
                    -0.3447280824184418,
                    -0.0807824581861496
                ],
                [
                    0.2753216624259949,
                    -0.5645889639854431,
                    -0.778098464012146
                ]
            ]
        ],
        "hand_pose": [
            [
                [
                    0.7996102571487427,
                    -0.5710363984107971,
                    -0.1858515590429306
                ],
                [
                    0.5669603943824768,
                    0.8198715448379517,
                    -0.0797903835773468
                ],
                [
                    0.19793763756752014,
                    -0.04156927019357681,
                    0.9793327450752258
                ]
            ],
            [
                [
                    0.8152726888656616,
                    -0.5124451518058777,
                    0.2696860134601593
                ],
                [
                    0.5535266399383545,
                    0.8264416456222534,
                    -0.10296857357025146
                ],
                [
                    -0.17011401057243347,
                    0.23322586715221405,
                    0.9574273228645325
                ]
            ],
            [
                [
                    0.7330377101898193,
                    -0.6801328063011169,
                    0.008661801926791668
                ],
                [
                    0.6609200239181519,
                    0.7092053294181824,
                    -0.24538226425647736
                ],
                [
                    0.16074955463409424,
                    0.185599222779274,
                    0.9693876504898071
                ]
            ],
            [
                [
                    0.7354848980903625,
                    -0.6673028469085693,
                    -0.11734044551849365
                ],
                [
                    0.6770387887954712,
                    0.7305012941360474,
                    0.089366115629673
                ],
                [
                    0.02608308009803295,
                    -0.14517147839069366,
                    0.9890626072883606
                ]
            ],
            [
                [
                    0.5450592637062073,
                    -0.8134591579437256,
                    -0.20296461880207062
                ],
                [
                    0.831367552280426,
                    0.49312758445739746,
                    0.25622889399528503
                ],
                [
                    -0.10834427177906036,
                    -0.3083980977535248,
                    0.945067286491394
                ]
            ],
            [
                [
                    0.8157204389572144,
                    -0.4832947552204132,
                    -0.31784650683403015
                ],
                [
                    0.5325726270675659,
                    0.8419427871704102,
                    0.08659473061561584
                ],
                [
                    0.22575782239437103,
                    -0.2399134486913681,
                    0.9441794753074646
                ]
            ],
            [
                [
                    0.7105164527893066,
                    -0.4134159982204437,
                    0.5694327354431152
                ],
                [
                    0.43057477474212646,
                    0.8954697251319885,
                    0.11286865919828415
                ],
                [
                    -0.5565714836120605,
                    0.16498829424381256,
                    0.814252495765686
                ]
            ],
            [
                [
                    0.6673296689987183,
                    -0.6574539542198181,
                    -0.3498934805393219
                ],
                [
                    0.7166187763214111,
                    0.4389069974422455,
                    0.5420500636100769
                ],
                [
                    -0.20280228555202484,
                    -0.6124662756919861,
                    0.7640395164489746
                ]
            ],
            [
                [
                    0.7860687375068665,
                    -0.611923098564148,
                    0.0874410942196846
                ],
                [
                    0.5911577343940735,
                    0.7855351567268372,
                    0.1829402893781662
                ],
                [
                    -0.18063344061374664,
                    -0.09211218357086182,
                    0.9792276620864868
                ]
            ],
            [
                [
                    0.8044716715812683,
                    -0.5701659321784973,
                    0.1665416657924652
                ],
                [
                    0.5720317363739014,
                    0.8191876411437988,
                    0.04136883094906807
                ],
                [
                    -0.16001597046852112,
                    0.061987049877643585,
                    0.9851662516593933
                ]
            ],
            [
                [
                    0.6005538105964661,
                    -0.766959011554718,
                    -0.22607304155826569
                ],
                [
                    0.7661331295967102,
                    0.4710248112678528,
                    0.4372364282608032
                ],
                [
                    -0.2288564294576645,
                    -0.43578600883483887,
                    0.8704684376716614
                ]
            ],
            [
                [
                    0.8045934438705444,
                    -0.46858346462249756,
                    -0.3647722899913788
                ],
                [
                    0.5482883453369141,
                    0.8221197128295898,
                    0.153294175863266
                ],
                [
                    0.22805534303188324,
                    -0.32333987951278687,
                    0.9183909893035889
                ]
            ],
            [
                [
                    0.9825439453125,
                    -0.0867399126291275,
                    -0.16457058489322662
                ],
                [
                    -0.10942739993333817,
                    0.4459282457828522,
                    -0.8883543610572815
                ],
                [
                    0.1504424512386322,
                    0.8908558487892151,
                    0.4286523759365082
                ]
            ],
            [
                [
                    0.9431720972061157,
                    -0.2190890610218048,
                    -0.2498524785041809
                ],
                [
                    0.3271496593952179,
                    0.744109570980072,
                    0.5824723243713379
                ],
                [
                    0.058304283767938614,
                    -0.6311108469963074,
                    0.7734982967376709
                ]
            ],
            [
                [
                    0.9760477542877197,
                    0.2133912295103073,
                    -0.04236584156751633
                ],
                [
                    -0.20811323821544647,
                    0.9725579023361206,
                    0.10401886701583862
                ],
                [
                    0.06339994817972183,
                    -0.09271049499511719,
                    0.9936724901199341
                ]
            ]
        ],
        "betas": [
            -0.008074134588241577,
            -0.008680969476699829,
            -0.07565867900848389,
            0.042621225118637085,
            0.0653967559337616,
            -0.025088291615247726,
            0.04803222417831421,
            -0.022794127464294434,
            -0.029620260000228882,
            -0.023593604564666748
        ]
    },
    "pred_cam_t": [
        -0.10260169953107834,
        -0.07340642809867859,
        4.873572826385498
    ],
    "focal_length": [
        5000.0,
        5000.0
    ],
    "pred_keypoints_3d": [
        [
            0.09581895917654037,
            0.006397665478289127,
            0.006182251498103142
        ],
        [
            0.11817280203104019,
            0.03223881497979164,
            -0.01179216057062149
        ],
        [
            0.1318318247795105,
            0.05981605499982834,
            -0.013957825489342213
        ],
        [
            0.1339910477399826,
            0.08686541020870209,
            -0.014608427882194519
        ],
        [
            0.13412238657474518,
            0.12025535851716995,
            -0.027903251349925995
        ],
        [
            0.09295506775379181,
            0.08907932043075562,
            -0.03124617226421833
        ],
        [
            0.09531120210886002,
            0.12179379910230637,
            -0.026983384042978287
        ],
        [
            0.109849713742733,
            0.13553671538829803,
            -0.017265601083636284
        ],
        [
            0.12611423432826996,
            0.13735638558864594,
            0.0022643618285655975
        ],
        [
            0.07373160123825073,
            0.09582743048667908,
            -0.016440656036138535
        ],
        [
            0.07957615703344345,
            0.1253224015235901,
            -0.006329068914055824
        ],
        [
            0.09890435636043549,
            0.12721988558769226,
            0.006532746367156506
        ],
        [
            0.11707763373851776,
            0.11779019981622696,
            0.022422663867473602
        ],
        [
            0.06396550685167313,
            0.08645032346248627,
            0.00662667490541935
        ],
        [
            0.06922192126512527,
            0.11476988345384598,
            0.008369579911231995
        ],
        [
            0.0883764773607254,
            0.11986461281776428,
            0.023303646594285965
        ],
        [
            0.10467980802059174,
            0.1136416420340538,
            0.042430244386196136
        ],
        [
            0.06106332316994667,
            0.07775326073169708,
            0.02642006427049637
        ],
        [
            0.06286118924617767,
            0.09880101680755615,
            0.02653689868748188
        ],
        [
            0.07531039416790009,
            0.10540653765201569,
            0.03924829885363579
        ],
        [
            0.0887516587972641,
            0.10209384560585022,
            0.05000894144177437
        ]
    ],
    "pred_vertices": [
        [
            0.1073170006275177,
            0.05760211870074272,
            -0.010458778589963913
        ],
        [
            0.10969825088977814,
            0.04803834855556488,
            -0.0059736259281635284
        ],
        [
            0.11430494487285614,
            0.05593710392713547,
            -0.008073395118117332
        ],
        [
            0.1123248040676117,
            0.06373664736747742,
            -0.014575423672795296
        ],
        [
            0.12555499374866486,
            0.041954416781663895,
            0.004211880266666412
        ],
        [
            0.13455650210380554,
            0.03531474620103836,
            -3.6694109439849854e-06
        ],
        [
            0.13830406963825226,
            0.051622845232486725,
            -0.002526603639125824
        ],
        [
            0.13061097264289856,
            0.05492392182350159,
            0.0027402639389038086
        ],
        [
            0.11512620747089386,
            0.06868191063404083,
            -0.018379976972937584
        ],
        [
            0.11831237375736237,
            0.06276041269302368,
            -0.00939454510807991
        ],
        [
            0.11528386175632477,
            0.06858532875776291,
            -0.02102934755384922
        ],
        [
            0.10810305178165436,
            0.07180662453174591,
            -0.03372307866811752
        ],
        [
            0.11021067947149277,
            0.07316999137401581,
            -0.027410700917243958
        ],
        [
            0.10266247391700745,
            0.07674641907215118,
            -0.038517627865076065
        ],
        [
            0.10415302962064743,
            0.06279826164245605,
            -0.038402259349823
        ],
        [
            0.09401501715183258,
            0.07388214021921158,
            -0.041497014462947845
        ],
        [
            0.07949794828891754,
            0.051643431186676025,
            -0.027260703966021538
        ],
        [
            0.07146085053682327,
            0.04892211779952049,
            -0.016397414728999138
        ],
        [
            0.06656438112258911,
            0.06529873609542847,
            -0.019203154370188713
        ],
        [
            0.07580982148647308,
            0.06679512560367584,
            -0.029439007863402367
        ],
        [
            0.06117343530058861,
            0.05773749202489853,
            -0.0003450234071351588
        ],
        [
            0.06372838467359543,
            0.06266909092664719,
            -0.01084357313811779
        ],
        [
            0.06754051148891449,
            0.046002425253391266,
            -0.008777857758104801
        ],
        [
            0.06507690250873566,
            0.04249973222613335,
            0.0005777589976787567
        ],
        [
            0.09906052052974701,
            0.049632102251052856,
            0.0006083901971578598
        ],
        [
            0.10180675983428955,
            0.03981790319085121,
            0.004250979050993919
        ],
        [
            0.10413599014282227,
            0.041844721883535385,
            -0.0008927546441555023
        ],
        [
            0.10199197381734848,
            0.051388416439294815,
            -0.003903621807694435
        ],
        [
            0.12312432378530502,
            0.06820257008075714,
            -0.022630510851740837
        ],
        [
            0.11949601769447327,
            0.05787428840994835,
            -0.030980434268712997
        ],
        [
            0.11562490463256836,
            0.06400737166404724,
            -0.027987681329250336
        ],
        [
            0.1217607855796814,
            0.07043758779764175,
            -0.017535151913762093
        ],
        [
            0.10807237774133682,
            0.018320761620998383,
            0.02325536124408245
        ],
        [
            0.10771222412586212,
            0.004937723278999329,
            0.02135736495256424
        ],
        [
            0.1107153445482254,
            0.00491255521774292,
            0.016258936375379562
        ],
        [
            0.11000187695026398,
            0.01703183352947235,
            0.018733656033873558
        ],
        [
            0.1253262311220169,
            0.01371733844280243,
            0.0023636817932128906
        ],
        [
            0.12085346132516861,
            0.003923065960407257,
            0.0013228058815002441
        ],
        [
            0.12137982249259949,
            -0.0037013590335845947,
            -0.009609129279851913
        ],
        [
            0.12523247301578522,
            0.006197109818458557,
            -0.011780748143792152
        ],
        [
            0.13030292093753815,
            0.02479410171508789,
            0.001407664269208908
        ],
        [
            0.13271231949329376,
            0.01809779554605484,
            -0.010308951139450073
        ],
        [
            0.1378094106912613,
            0.030961856245994568,
            -0.00999942421913147
        ],
        [
            0.1409909427165985,
            0.04907311871647835,
            -0.011004319414496422
        ],
        [
            0.09879149496555328,
            0.0039224401116371155,
            0.030517391860485077
        ],
        [
            0.09820613265037537,
            0.013637907803058624,
            0.033589236438274384
        ],
        [
            0.10693134367465973,
            0.11864741146564484,
            -0.024541202932596207
        ],
        [
            0.10467062145471573,
            0.11910810321569443,
            -0.01907050609588623
        ],
        [
            0.10399685055017471,
            0.11569025367498398,
            -0.020088359713554382
        ],
        [
            0.1061416044831276,
            0.1162879541516304,
            -0.025517970323562622
        ],
        [
            0.07873521745204926,
            0.00637006014585495,
            0.0304565466940403
        ],
        [
            0.07149720937013626,
            0.004243001341819763,
            0.023729650303721428
        ],
        [
            0.07380298525094986,
            -0.002122044563293457,
            0.02645098604261875
        ],
        [
            0.08174285292625427,
            -0.0005237683653831482,
            0.031262680888175964
        ],
        [
            0.07489131391048431,
            0.015517748892307281,
            0.029350237920880318
        ],
        [
            0.06906092166900635,
            0.013303592801094055,
            0.01989290863275528
        ],
        [
            0.10121674835681915,
            0.12716586887836456,
            -0.03251609206199646
        ],
        [
            0.10521343350410461,
            0.12398847937583923,
            -0.03164878860116005
        ],
        [
            0.10223966836929321,
            0.12117590010166168,
            -0.03373585641384125
        ],
        [
            0.09758944809436798,
            0.12322990596294403,
            -0.03389955312013626
        ],
        [
            0.109599769115448,
            0.07103795558214188,
            -0.02068871632218361
        ],
        [
            0.10566655546426773,
            0.06671033799648285,
            -0.013566052541136742
        ],
        [
            0.10313685983419418,
            0.08591658622026443,
            -0.024699101224541664
        ],
        [
            0.10275717824697495,
            0.07847332209348679,
            -0.020190533250570297
        ],
        [
            0.10642319917678833,
            0.07763484865427017,
            -0.02617708221077919
        ],
        [
            0.1053563579916954,
            0.08369644731283188,
            -0.03010128065943718
        ],
        [
            0.09019966423511505,
            0.0705443024635315,
            -0.0017106914892792702
        ],
        [
            0.093494713306427,
            0.05949606001377106,
            0.0004283115267753601
        ],
        [
            0.09653884172439575,
            0.061934228986501694,
            -0.004966935142874718
        ],
        [
            0.09451307356357574,
            0.07433828711509705,
            -0.00817409809678793
        ],
        [
            0.088277168571949,
            0.057394783943891525,
            0.013476253487169743
        ],
        [
            0.08511355519294739,
            0.06833681464195251,
            0.010077647864818573
        ],
        [
            0.08244328200817108,
            0.06595458090305328,
            0.01790999248623848
        ],
        [
            0.08595264703035355,
            0.058857355266809464,
            0.019457049667835236
        ],
        [
            0.08082377910614014,
            0.08635855466127396,
            0.0011118589900434017
        ],
        [
            0.07892628014087677,
            0.09217671304941177,
            -0.0011970922350883484
        ],
        [
            0.07751766592264175,
            0.09276116639375687,
            0.0018127714283764362
        ],
        [
            0.07915966212749481,
            0.08541068434715271,
            0.004327708855271339
        ],
        [
            0.07551111280918121,
            -0.008802428841590881,
            0.02815406396985054
        ],
        [
            0.08476933091878891,
            -0.007157430052757263,
            0.031056659296154976
        ],
        [
            0.05772961303591728,
            0.05239611864089966,
            0.020359335467219353
        ],
        [
            0.062010258436203,
            0.04931625351309776,
            0.030300939455628395
        ],
        [
            0.056816499680280685,
            0.06200363114476204,
            0.03098253719508648
        ],
        [
            0.05347566679120064,
            0.06178564578294754,
            0.019986771047115326
        ],
        [
            0.0689852237701416,
            0.004102863371372223,
            0.01362290233373642
        ],
        [
            0.06927650421857834,
            -0.0027504339814186096,
            0.017455190420150757
        ],
        [
            0.0964512750506401,
            0.1296553760766983,
            -0.02961537428200245
        ],
        [
            0.09298921376466751,
            0.12496058642864227,
            -0.030446982011198997
        ],
        [
            0.13226249814033508,
            0.026064656674861908,
            -0.02214684709906578
        ],
        [
            0.1387387067079544,
            0.047272395342588425,
            -0.020329123362898827
        ],
        [
            0.12427863478660583,
            0.011175476014614105,
            -0.021615436300635338
        ],
        [
            0.11729296296834946,
            0.0016494840383529663,
            -0.02023385651409626
        ],
        [
            0.11413885653018951,
            -0.0070148855447769165,
            -0.018854547291994095
        ],
        [
            0.09840869158506393,
            0.08168716728687286,
            -0.016238393262028694
        ],
        [
            0.1015271246433258,
            0.060488615185022354,
            -0.007951745763421059
        ],
        [
            0.0967676192522049,
            0.048480257391929626,
            0.005104365758597851
        ],
        [
            0.08524436503648758,
            0.048908621072769165,
            0.0338323749601841
        ],
        [
            0.08905146270990372,
            0.03910278528928757,
            0.035622213035821915
        ],
        [
            0.09359470754861832,
            0.04375944659113884,
            0.027108147740364075
        ],
        [
            0.08880539983510971,
            0.05118139833211899,
            0.026972558349370956
        ],
        [
            0.06893714517354965,
            0.05203055217862129,
            0.036671046167612076
        ],
        [
            0.07581213116645813,
            0.05627056583762169,
            0.035822346806526184
        ],
        [
            0.07157090306282043,
            0.06494487076997757,
            0.034746043384075165
        ],
        [
            0.06422287225723267,
            0.06250900030136108,
            0.03595443442463875
        ],
        [
            0.12898944318294525,
            0.06658102571964264,
            -0.026742415502667427
        ],
        [
            0.12459930777549744,
            0.052753154188394547,
            -0.0325516052544117
        ],
        [
            0.08830301463603973,
            0.008908100426197052,
            0.034219056367874146
        ],
        [
            0.09150415658950806,
            0.0019944459199905396,
            0.032525673508644104
        ],
        [
            0.09248673915863037,
            -0.006351567804813385,
            0.031263384968042374
        ],
        [
            0.10617169737815857,
            0.02905229479074478,
            0.012929849326610565
        ],
        [
            0.1114652156829834,
            0.01615334302186966,
            0.015614952892065048
        ],
        [
            0.11388757824897766,
            0.01714584231376648,
            0.012107834219932556
        ],
        [
            0.1065991148352623,
            0.029232963919639587,
            0.00926966778934002
        ],
        [
            0.11301331222057343,
            0.03941220045089722,
            0.0012749657034873962
        ],
        [
            0.12051058560609818,
            0.029573462903499603,
            0.006011940538883209
        ],
        [
            0.11716584861278534,
            0.049680691212415695,
            0.000895719975233078
        ],
        [
            0.11519914120435715,
            0.003240741789340973,
            0.009637165814638138
        ],
        [
            0.11244916170835495,
            -0.005227923393249512,
            0.016140135005116463
        ],
        [
            0.11652251332998276,
            -0.005981817841529846,
            0.008268486708402634
        ],
        [
            0.10608500242233276,
            -0.005558274686336517,
            0.023582570254802704
        ],
        [
            0.09920477867126465,
            -0.0058719441294670105,
            0.02922894060611725
        ],
        [
            0.06783626973628998,
            -0.010973513126373291,
            0.019208569079637527
        ],
        [
            0.11892183125019073,
            -0.006079234182834625,
            0.00031157955527305603
        ],
        [
            0.13367581367492676,
            0.06374335289001465,
            -0.0006145518273115158
        ],
        [
            0.13563238084316254,
            0.0715685561299324,
            -0.0038826707750558853
        ],
        [
            0.12851868569850922,
            0.07233133167028427,
            -0.0040179770439863205
        ],
        [
            0.12620025873184204,
            0.06575682759284973,
            -0.0018202196806669235
        ],
        [
            0.09828504174947739,
            0.08444421738386154,
            -0.041001059114933014
        ],
        [
            0.10404457896947861,
            0.08453831076622009,
            -0.035870447754859924
        ],
        [
            0.10725007951259613,
            0.07674598693847656,
            -0.03308629244565964
        ],
        [
            0.1027626246213913,
            0.028280682861804962,
            0.02622196078300476
        ],
        [
            0.09480702877044678,
            0.023871347308158875,
            0.03498309850692749
        ],
        [
            0.09879148006439209,
            0.08915035426616669,
            -0.020914843305945396
        ],
        [
            0.09497497975826263,
            0.11917604506015778,
            -0.0354919359087944
        ],
        [
            0.10052239149808884,
            0.11719594895839691,
            -0.035280197858810425
        ],
        [
            0.09848484396934509,
            0.09929992258548737,
            -0.039329368621110916
        ],
        [
            0.09185978770256042,
            0.10144688189029694,
            -0.03991380333900452
        ],
        [
            0.09119803458452225,
            0.09634825587272644,
            -0.02087557502090931
        ],
        [
            0.09764425456523895,
            0.09318150579929352,
            -0.021224813535809517
        ],
        [
            0.09653794765472412,
            0.0954180359840393,
            -0.02108648046851158
        ],
        [
            0.09140235185623169,
            0.09896082431077957,
            -0.0188653115183115
        ],
        [
            0.07482302933931351,
            0.08872511982917786,
            0.009725835174322128
        ],
        [
            0.07649451494216919,
            0.08220595121383667,
            0.012039820663630962
        ],
        [
            0.07444186508655548,
            0.08280430734157562,
            -0.028726499527692795
        ],
        [
            0.08063444495201111,
            0.08059617877006531,
            -0.04070824384689331
        ],
        [
            0.0843304991722107,
            0.06872660666704178,
            -0.038421787321567535
        ],
        [
            0.08726107329130173,
            0.06839539110660553,
            0.004830813035368919
        ],
        [
            0.08388839662075043,
            0.07825015485286713,
            0.0036082607693970203
        ],
        [
            0.08195625990629196,
            0.07745887339115143,
            0.007260962389409542
        ],
        [
            0.0950699970126152,
            0.08484583348035812,
            -0.014721897430717945
        ],
        [
            0.09382736682891846,
            0.09113452583551407,
            -0.017820408567786217
        ],
        [
            0.09093733131885529,
            0.08884117007255554,
            -0.01430556457489729
        ],
        [
            0.09221544861793518,
            0.08274202793836594,
            -0.010589665733277798
        ],
        [
            0.06573382019996643,
            0.036498405039310455,
            0.029918590560555458
        ],
        [
            0.07372573018074036,
            0.039692021906375885,
            0.03777151554822922
        ],
        [
            0.10723842680454254,
            0.1206669881939888,
            -0.028953036293387413
        ],
        [
            0.10545952618122101,
            0.11837977916002274,
            -0.030560199171304703
        ],
        [
            0.09057112038135529,
            0.05759540572762489,
            0.006791784428060055
        ],
        [
            0.0887017548084259,
            0.05503913760185242,
            -0.03432690352201462
        ],
        [
            0.09461528062820435,
            0.04742070287466049,
            0.010100238025188446
        ],
        [
            0.05744563415646553,
            0.07777909934520721,
            0.009351631626486778
        ],
        [
            0.060779813677072525,
            0.08120577782392502,
            0.015130434185266495
        ],
        [
            0.062239568680524826,
            0.08730679005384445,
            0.014118188992142677
        ],
        [
            0.0584220290184021,
            0.08702799677848816,
            0.009584786370396614
        ],
        [
            0.09279735386371613,
            0.11388194561004639,
            -0.01629418134689331
        ],
        [
            0.09844977408647537,
            0.1128428727388382,
            -0.01642746664583683
        ],
        [
            0.09943001717329025,
            0.11675380170345306,
            -0.015960004180669785
        ],
        [
            0.09408257901668549,
            0.11934500187635422,
            -0.01566481776535511
        ],
        [
            0.10197046399116516,
            0.0913904458284378,
            -0.024867158383131027
        ],
        [
            0.10455231368541718,
            0.09004119038581848,
            -0.03050139546394348
        ],
        [
            0.10404761135578156,
            0.0956268459558487,
            -0.02918839454650879
        ],
        [
            0.10067356377840042,
            0.09570685774087906,
            -0.02422362193465233
        ],
        [
            0.10269708931446075,
            0.09111914783716202,
            -0.036399587988853455
        ],
        [
            0.10280890762805939,
            0.09690484404563904,
            -0.03532617166638374
        ],
        [
            0.08789677917957306,
            0.1163506731390953,
            -0.019763000309467316
        ],
        [
            0.08663912117481232,
            0.11912450939416885,
            -0.02664562687277794
        ],
        [
            0.0825759619474411,
            0.10250458121299744,
            -0.02955806255340576
        ],
        [
            0.08570083975791931,
            0.10273642838001251,
            -0.02225608378648758
        ],
        [
            0.06771224737167358,
            0.027602598071098328,
            0.0008572610095143318
        ],
        [
            0.06539991497993469,
            0.026136092841625214,
            0.01168129500001669
        ],
        [
            0.06256887316703796,
            0.04089844226837158,
            0.011669003404676914
        ],
        [
            0.05843770503997803,
            0.055090099573135376,
            0.011629296466708183
        ],
        [
            0.05575958639383316,
            0.06890082359313965,
            0.011088692583143711
        ],
        [
            0.05663619935512543,
            0.07032804191112518,
            -0.000991512555629015
        ],
        [
            0.061927855014801025,
            0.038632139563560486,
            0.01953030377626419
        ],
        [
            0.08206675946712494,
            0.09344661980867386,
            -0.023078925907611847
        ],
        [
            0.07992134988307953,
            0.09126122295856476,
            -0.030972769483923912
        ],
        [
            0.07719987630844116,
            0.0899948999285698,
            -0.026230499148368835
        ],
        [
            0.09283491969108582,
            0.04739578440785408,
            0.017367856577038765
        ],
        [
            0.10449632257223129,
            0.11498000472784042,
            -0.03220465034246445
        ],
        [
            0.09301764518022537,
            -0.000758826732635498,
            -0.021802153438329697
        ],
        [
            0.08178485184907913,
            -0.0013633593916893005,
            -0.013978704810142517
        ],
        [
            0.08253537863492966,
            0.007076762616634369,
            -0.01646561175584793
        ],
        [
            0.09604480117559433,
            0.008202046155929565,
            -0.024773208424448967
        ],
        [
            0.10392121970653534,
            0.11236687004566193,
            -0.02065103128552437
        ],
        [
            0.10641263425350189,
            0.11289289593696594,
            -0.026446647942066193
        ],
        [
            0.07301922887563705,
            0.08273646980524063,
            0.01790042407810688
        ],
        [
            0.07173004746437073,
            0.08841555565595627,
            0.014635159634053707
        ],
        [
            0.06831484287977219,
            0.08932459354400635,
            0.01580345630645752
        ],
        [
            0.06911178678274155,
            0.08560173213481903,
            0.021351158618927002
        ],
        [
            0.06541026383638382,
            0.02426581084728241,
            0.017353123053908348
        ],
        [
            0.055168844759464264,
            0.07147099077701569,
            0.030760325491428375
        ],
        [
            0.05202219635248184,
            0.0702294409275055,
            0.02149650640785694
        ],
        [
            0.06794559210538864,
            0.013281285762786865,
            0.011271525174379349
        ],
        [
            0.06943760812282562,
            0.014252632856369019,
            0.0016354708932340145
        ],
        [
            0.07042521983385086,
            0.004609555006027222,
            0.002747434191405773
        ],
        [
            0.06221754848957062,
            0.07968270778656006,
            -0.011820711195468903
        ],
        [
            0.06987503170967102,
            0.030901797115802765,
            -0.006908318027853966
        ],
        [
            0.07208520919084549,
            0.016635775566101074,
            -0.005182262510061264
        ],
        [
            0.07340902090072632,
            0.005209274590015411,
            -0.004163311794400215
        ],
        [
            0.07349236309528351,
            -0.0030845701694488525,
            -0.0031069349497556686
        ],
        [
            0.07033929973840714,
            -0.002871409058570862,
            0.004432625137269497
        ],
        [
            0.0899549052119255,
            0.11992523819208145,
            -0.03163973614573479
        ],
        [
            0.08908354490995407,
            0.1254720389842987,
            -0.024847913533449173
        ],
        [
            0.0686754584312439,
            -0.011706486344337463,
            0.0058868094347417355
        ],
        [
            0.07290622591972351,
            -0.011475183069705963,
            -0.0024029547348618507
        ],
        [
            0.07651754468679428,
            0.018806152045726776,
            -0.013013998046517372
        ],
        [
            0.0836845338344574,
            0.0216330885887146,
            -0.02194712683558464
        ],
        [
            0.07435663044452667,
            0.03259813040494919,
            -0.01424940675497055
        ],
        [
            0.08082722872495651,
            0.03646979108452797,
            -0.023251233622431755
        ],
        [
            0.06328468024730682,
            0.07769479602575302,
            -0.022510889917612076
        ],
        [
            0.10076043754816055,
            0.13757187128067017,
            -0.01579657755792141
        ],
        [
            0.09285628795623779,
            0.12896618247032166,
            -0.01830095425248146
        ],
        [
            0.09573353826999664,
            0.12487587332725525,
            -0.015257608145475388
        ],
        [
            0.10088133811950684,
            0.13445967435836792,
            -0.012533916160464287
        ],
        [
            0.0900692567229271,
            0.12252773344516754,
            -0.018694879487156868
        ],
        [
            0.09280385076999664,
            0.13036492466926575,
            -0.02391377091407776
        ],
        [
            0.09340713173151016,
            0.040138792246580124,
            -0.03178488835692406
        ],
        [
            0.08885208517313004,
            0.0942905992269516,
            -0.017091866582632065
        ],
        [
            0.10088541358709335,
            0.024669229984283447,
            -0.030046697705984116
        ],
        [
            0.10707584023475647,
            0.04955799877643585,
            -0.03788440302014351
        ],
        [
            0.11471953243017197,
            0.0389648862183094,
            -0.034887321293354034
        ],
        [
            0.11039236932992935,
            0.009429268538951874,
            -0.0277144443243742
        ],
        [
            0.12083752453327179,
            0.024147987365722656,
            -0.03094463236629963
        ],
        [
            0.10349865257740021,
            -0.0077394843101501465,
            -0.02218933030962944
        ],
        [
            0.10516630113124847,
            0.0009106546640396118,
            -0.024613652378320694
        ],
        [
            0.12966765463352203,
            0.04027069732546806,
            -0.029911482706665993
        ],
        [
            0.11112412065267563,
