{
    "pred_cam": [
        11.115467071533203,
        0.12939636409282684,
        -0.021678127348423004
    ],
    "pred_mano_params": {
        "global_orient": [
            [
                [
                    -0.7408618927001953,
                    0.19859261810779572,
                    -0.6416264772415161
                ],
                [
                    0.1454344391822815,
                    -0.8851929306983948,
                    -0.4419075548648834
                ],
                [
                    -0.6557227969169617,
                    -0.420707106590271,
                    0.6269235014915466
                ]
            ]
        ],
        "hand_pose": [
            [
                [
                    0.6826695203781128,
                    -0.6239655613899231,
                    -0.3803015947341919
                ],
                [
                    0.6482006907463074,
                    0.7573566436767578,
                    -0.07903629541397095
                ],
                [
                    0.3373398780822754,
                    -0.19255609810352325,
                    0.9214792251586914
                ]
            ],
            [
                [
                    0.7213298082351685,
                    -0.6782615184783936,
                    0.14015904068946838
                ],
                [
                    0.6568042039871216,
                    0.6056939363479614,
                    -0.4491582214832306
                ],
                [
                    0.21975326538085938,
                    0.4160482883453369,
                    0.8823901414871216
                ]
            ],
            [
                [
                    0.8193199038505554,
                    -0.21986551582813263,
                    0.5295034646987915
                ],
                [
                    0.16805800795555115,
                    0.9750785231590271,
                    0.14483921229839325
                ],
                [
                    -0.5481526255607605,
                    -0.02968236804008484,
                    0.8358514308929443
                ]
            ],
            [
                [
                    0.3191991448402405,
                    -0.8933606743812561,
                    -0.31625714898109436
                ],
                [
                    0.9282128810882568,
                    0.36202293634414673,
                    -0.08579166978597641
                ],
                [
                    0.1911352276802063,
                    -0.26616933941841125,
                    0.9447863101959229
                ]
            ],
            [
                [
                    0.8489128351211548,
                    -0.49904295802116394,
                    -0.17407839000225067
                ],
                [
                    0.5229437351226807,
                    0.8408430814743042,
                    0.139688640832901
                ],
                [
                    0.07666195929050446,
                    -0.20961663126945496,
                    0.9747738838195801
                ]
            ],
            [
                [
                    0.8577491641044617,
                    -0.4872235655784607,
                    0.16394992172718048
                ],
                [
                    0.48727551102638245,
                    0.8722044229507446,
                    0.042686060070991516
                ],
                [
                    -0.16379550099372864,
                    0.04327484965324402,
                    0.985544741153717
                ]
            ],
            [
                [
                    -0.07036420702934265,
                    -0.8890339136123657,
                    -0.45240190625190735
                ],
                [
                    0.929248571395874,
                    -0.22331871092319489,
                    0.29432252049446106
                ],
                [
                    -0.36269253492355347,
                    -0.3996841013431549,
                    0.8418471217155457
                ]
            ],
            [
                [
                    0.5889681577682495,
                    -0.8049010038375854,
                    -0.072462297976017
                ],
                [
                    0.712627649307251,
                    0.47496849298477173,
                    0.5163009166717529
                ],
                [
                    -0.3811538815498352,
                    -0.35572347044944763,
                    0.8533360362052917
                ]
            ],
            [
                [
                    0.8678433895111084,
                    -0.4854811131954193,
                    0.10562162101268768
                ],
                [
                    0.2464527189731598,
                    0.6052367091178894,
                    0.7569343447685242
                ],
                [
                    -0.43140342831611633,
                    -0.6308697462081909,
                    0.6448988318443298
                ]
            ],
            [
                [
                    0.2743677496910095,
                    -0.9417073726654053,
                    -0.19470375776290894
                ],
                [
                    0.9424581527709961,
                    0.30355310440063477,
                    -0.14010033011436462
                ],
                [
                    0.19103644788265228,
                    -0.14506113529205322,
                    0.9708049297332764
                ]
            ],
            [
                [
                    0.6065670847892761,
                    -0.7835947275161743,
                    -0.1343715935945511
                ],
                [
                    0.7031826376914978,
                    0.4499111771583557,
                    0.5505580306053162
                ],
                [
                    -0.37095907330513,
                    -0.42843809723854065,
                    0.8239114880561829
                ]
            ],
            [
                [
                    0.725951611995697,
                    -0.6737378835678101,
                    0.13809967041015625
                ],
                [
                    0.5929079055786133,
                    0.7148502469062805,
                    0.37074148654937744
                ],
                [
                    -0.3485032021999359,
                    -0.1872599869966507,
                    0.9184111952781677
                ]
            ],
            [
                [
                    0.9424588084220886,
                    -0.06369539350271225,
                    -0.3281983733177185
                ],
                [
                    -0.306710809469223,
                    0.22592312097549438,
                    -0.9246010184288025
                ],
                [
                    0.1330403834581375,
                    0.97206050157547,
                    0.19338716566562653
                ]
            ],
            [
                [
                    0.9332385659217834,
                    -0.33387503027915955,
                    -0.1326395571231842
                ],
                [
                    0.3515693247318268,
                    0.7727725505828857,
                    0.528414249420166
                ],
                [
                    -0.07392410933971405,
                    -0.5397685766220093,
                    0.8385613560676575
                ]
            ],
            [
                [
                    0.871667206287384,
                    -0.3365481197834015,
                    -0.35627469420433044
                ],
                [
                    -0.08298695832490921,
                    0.6150941252708435,
                    -0.7840741872787476
                ],
                [
                    0.48302116990089417,
                    0.7130178809165955,
                    0.5082283020019531
                ]
            ]
        ],
        "betas": [
            -0.011824026703834534,
            -0.006408810615539551,
            0.011577039957046509,
            0.013245373964309692,
            -0.004174679517745972,
            -0.011636193841695786,
            -0.005935072898864746,
            -0.023117363452911377,
            0.004621595144271851,
            -0.06851202249526978
        ]
    },
    "pred_cam_t": [
        -0.12939636409282684,
        -0.021678127348423004,
        3.514247179031372
    ],
    "focal_length": [
        5000.0,
        5000.0
    ],
    "pred_keypoints_3d": [
        [
            0.0957348644733429,
            0.006386318244040012,
            0.006186194717884064
        ],
        [
            0.09391950815916061,
            0.005232558585703373,
            0.0447395034134388
        ],
        [
            0.10850867629051208,
            0.014053910039365292,
            0.07041241973638535
        ],
        [
            0.1273552030324936,
            0.02100888080894947,
            0.08862066268920898
        ],
        [
            0.1588243693113327,
            0.03617602586746216,
            0.08952197432518005
        ],
        [
            0.14674365520477295,
            -0.010979431681334972,
            0.07916469126939774
        ],
        [
            0.16837531328201294,
            0.005813675932586193,
            0.09757674485445023
        ],
        [
            0.16789086163043976,
            0.027733881026506424,
            0.10098344832658768
        ],
        [
            0.15661746263504028,
            0.04636148363351822,
            0.11158254742622375
        ],
        [
            0.16779401898384094,
            -0.0046114614233374596,
            0.06682148575782776
        ],
        [
            0.1771034300327301,
            0.023733381181955338,
            0.07760825753211975
        ],
        [
            0.1700630486011505,
            0.04590065777301788,
            0.07822276651859283
        ],
        [
            0.15419679880142212,
            0.06569454818964005,
            0.08071386814117432
        ],
        [
            0.17269566655158997,
            0.009778739884495735,
            0.044756628572940826
        ],
        [
            0.1809615194797516,
            0.03565766289830208,
            0.0544779933989048
        ],
        [
            0.162710502743721,
            0.052428971976041794,
            0.053862348198890686
        ],
        [
            0.13846486806869507,
            0.05596304312348366,
            0.05773787200450897
        ],
        [
            0.172521710395813,
            0.02428937330842018,
            0.028405359014868736
        ],
        [
            0.16638527810573578,
            0.04447881877422333,
            0.029410984367132187
        ],
        [
            0.14819683134555817,
            0.047489941120147705,
            0.02501705102622509
        ],
        [
            0.13103657960891724,
            0.0362200066447258,
            0.026454955339431763
        ]
    ],
    "pred_vertices": [
        [
            0.11887383460998535,
            0.005966964177787304,
            0.05550691485404968
        ],
        [
            0.1114644855260849,
            0.007920736446976662,
            0.04764527082443237
        ],
        [
            0.1148245632648468,
            0.008421119302511215,
            0.05555621534585953
        ],
        [
            0.11925293505191803,
            0.004837557673454285,
            0.06382925808429718
        ],
        [
            0.10338383913040161,
            0.023320114240050316,
            0.04674521088600159
        ],
        [
            0.0917375460267067,
            0.024297481402754784,
            0.04991135001182556
        ],
        [
            0.10190341621637344,
            0.026298727840185165,
            0.06337304413318634
        ],
        [
            0.11052685976028442,
            0.026013869792222977,
            0.05802493169903755
        ],
        [
            0.12101853638887405,
            0.0028088390827178955,
            0.06980782002210617
        ],
        [
            0.11802036315202713,
            0.009819218888878822,
            0.06241565942764282
        ],
        [
            0.12154725193977356,
            3.160256892442703e-05,
            0.07073332369327545
        ],
        [
            0.12448664009571075,
            -0.011933962814509869,
            0.0757850930094719
        ],
        [
            0.12489503622055054,
            -0.004969831556081772,
            0.07514994591474533
        ],
        [
            0.13053037226200104,
            -0.016866108402609825,
            0.07875347882509232
        ],
        [
            0.12003371119499207,
            -0.019097059965133667,
            0.06976142525672913
        ],
        [
            0.13428345322608948,
            -0.023649029433727264,
            0.07352955639362335
        ],
        [
            0.13194799423217773,
            -0.02118627540767193,
            0.0436679869890213
        ],
        [
            0.13814745843410492,
            -0.015529309399425983,
            0.03254731744527817
        ],
        [
            0.15313933789730072,
            -0.017098426818847656,
            0.04297184944152832
        ],
        [
            0.14502587914466858,
            -0.021770866587758064,
            0.053423937410116196
        ],
        [
            0.1559763252735138,
            -0.004464744124561548,
            0.026233665645122528
        ],
        [
            0.15501870214939117,
            -0.011360900476574898,
            0.03600699454545975
        ],
        [
            0.14054203033447266,
            -0.011030055582523346,
            0.02499588206410408
        ],
        [
            0.1419120877981186,
            -0.00462456326931715,
            0.01705312728881836
        ],
        [
            0.12163698673248291,
            0.01165897585451603,
            0.040925122797489166
        ],
        [
            0.11335323750972748,
            0.01394327450543642,
            0.03403039649128914
        ],
        [
            0.11163771152496338,
            0.010088998824357986,
            0.038766637444496155
        ],
        [
            0.11967580020427704,
            0.00894151534885168,
            0.04566279426217079
        ],
        [
            0.11722886562347412,
            0.0035796700976788998,
            0.07615701854228973
        ],
        [
            0.10905379801988602,
            -0.006655483972281218,
            0.07123671472072601
        ],
        [
            0.11649521440267563,
            -0.005792905576527119,
            0.07153567671775818
        ],
        [
            0.12105913460254669,
            0.006634516641497612,
            0.07395206391811371
        ],
        [
            0.09832332283258438,
            0.02930382452905178,
            0.014109741896390915
        ],
        [
            0.08921854943037033,
            0.024569101631641388,
            0.005200326442718506
        ],
        [
            0.08604513853788376,
            0.0214071087539196,
            0.009103387594223022
        ],
        [
            0.09508295357227325,
            0.025880005210638046,
            0.016300108283758163
        ],
        [
            0.07974901795387268,
            0.01832962967455387,
            0.029867000877857208
        ],
        [
            0.07540460675954819,
            0.013044551014900208,
            0.020934145897626877
        ],
        [
            0.0679381713271141,
            0.0020838212221860886,
            0.020558632910251617
        ],
        [
            0.07195417582988739,
            0.004653848707675934,
            0.030931971967220306
        ],
        [
            0.08567535132169724,
            0.021690642461180687,
            0.040246959775686264
        ],
        [
            0.07643722742795944,
            0.01218179240822792,
            0.04277891293168068
        ],
        [
            0.08385388553142548,
            0.017691994085907936,
            0.05406182259321213
        ],
        [
            0.09574085474014282,
            0.02134433388710022,
            0.06819308549165726
        ],
        [
            0.09662162512540817,
            0.02857070602476597,
            -0.0044940561056137085
        ],
        [
            0.10419964045286179,
            0.033190228044986725,
            0.0007436834275722504
        ],
        [
            0.15574397146701813,
            0.013459824025630951,
            0.0988953486084938
        ],
        [
            0.15789687633514404,
            0.016227591782808304,
            0.09379900246858597
        ],
        [
            0.1550024449825287,
            0.012754648923873901,
            0.0927124172449112
        ],
        [
            0.1537274867296219,
            0.010511481203138828,
            0.09771721810102463
        ],
        [
            0.11262308806180954,
            0.020461484789848328,
            -0.014048002660274506
        ],
        [
            0.11498900502920151,
            0.010993558913469315,
            -0.016574449837207794
        ],
        [
            0.10951350629329681,
            0.013020430691540241,
            -0.02097051590681076
        ],
        [
            0.1059006005525589,
            0.02101699635386467,
            -0.017559576779603958
        ],
        [
            0.12148315459489822,
            0.01967645063996315,
            -0.009416557848453522
        ],
        [
            0.12222586572170258,
            0.008437538519501686,
            -0.00993279367685318
        ],
        [
            0.16548185050487518,
            0.006910065189003944,
            0.10442813485860825
        ],
        [
            0.1605532318353653,
            0.008898517116904259,
            0.10507168620824814
        ],
        [
            0.1595958173274994,
            0.004084186628460884,
            0.10312143713235855
        ],
        [
            0.16417443752288818,
            0.001443576067686081,
            0.10120539367198944
        ],
        [
            0.12477298080921173,
            0.0008302703499794006,
            0.07069769501686096
        ],
        [
            0.1258271038532257,
            0.004952598363161087,
            0.06259876489639282
        ],
        [
            0.13785263895988464,
            -0.0020445804111659527,
            0.07991493493318558
        ],
        [
            0.13458877801895142,
            0.00046847108751535416,
            0.07228845357894897
        ],
        [
            0.13035833835601807,
            -0.0037016896530985832,
            0.07630499452352524
        ],
        [
            0.13428066670894623,
            -0.006354914978146553,
            0.08192580938339233
        ],
        [
            0.14165301620960236,
            0.009992088191211224,
            0.051580145955085754
        ],
        [
            0.132325679063797,
            0.011136156506836414,
            0.04477566480636597
        ],
        [
            0.13075630366802216,
            0.008105477318167686,
            0.050553951412439346
        ],
        [
            0.13993126153945923,
            0.006939779035747051,
            0.059514209628105164
        ],
        [
            0.13686704635620117,
            0.019905032590031624,
            0.03457944840192795
        ],
        [
            0.14574186503887177,
            0.01751594990491867,
            0.04179464280605316
        ],
        [
            0.14704377949237823,
            0.022626515477895737,
            0.034988366067409515
        ],
        [
            0.14040198922157288,
            0.02440863661468029,
            0.03159959614276886
        ],
        [
            0.15871396660804749,
            0.011025878600776196,
            0.05633542314171791
        ],
        [
            0.16203881800174713,
            0.009141739457845688,
            0.05936446413397789
        ],
        [
            0.16411063075065613,
            0.014133256860077381,
            0.0580180324614048
        ],
        [
            0.15937408804893494,
            0.013478290289640427,
            0.05367356538772583
        ],
        [
            0.10404259711503983,
            0.013868667185306549,
            -0.025478802621364594
        ],
        [
            0.09914807975292206,
            0.020774848759174347,
            -0.02048299089074135
        ],
        [
            0.15883339941501617,
            0.011501476168632507,
            0.01071571558713913
        ],
        [
            0.15422143042087555,
            0.020998643711209297,
            0.0066415295004844666
        ],
        [
            0.1654825508594513,
            0.02284417301416397,
            0.012983888387680054
        ],
        [
            0.16911229491233826,
            0.011085495352745056,
            0.015566591173410416
        ],
        [
            0.11474188417196274,
            0.0010465779341757298,
            -0.01362621784210205
        ],
        [
            0.1105782762169838,
            0.003070293925702572,
            -0.019967392086982727
        ],
        [
            0.1706322580575943,
            0.006701651960611343,
            0.10045664012432098
        ],
        [
            0.16865324974060059,
            0.0015820898115634918,
            0.09701312333345413
        ],
        [
            0.07998333126306534,
            0.0039765480905771255,
            0.05372754484415054
        ],
        [
            0.0926307886838913,
            0.012177582830190659,
            0.0707031637430191
        ],
        [
            0.07413008064031601,
            -0.0026708031073212624,
            0.03861287981271744
        ],
        [
            0.07241729646921158,
            -0.0073737092316150665,
            0.02710714191198349
        ],
        [
            0.06901009380817413,
            -0.010015275329351425,
            0.018275797367095947
        ],
        [
            0.14028692245483398,
            0.0028111180290579796,
            0.07041887193918228
        ],
        [
            0.12560775876045227,
            0.0071150269359350204,
            0.05356527119874954
        ],
        [
            0.12341253459453583,
            0.01452795509248972,
            0.036904264241456985
        ],
        [
            0.13700810074806213,
            0.03476735204458237,
            0.01783694699406624
        ],
        [
            0.12833823263645172,
            0.03612888976931572,
            0.012472029775381088
        ],
        [
            0.12651798129081726,
            0.03162297233939171,
            0.022096049040555954
        ],
        [
            0.13466288149356842,
            0.030811835080385208,
            0.02455762028694153
        ],
        [
            0.15144731104373932,
            0.030418504029512405,
            0.009400833398103714
        ],
        [
            0.14846323430538177,
            0.03361175209283829,
            0.016265805810689926
        ],
        [
            0.15465770661830902,
            0.032466694712638855,
            0.020036933943629265
        ],
        [
            0.15985141694545746,
            0.029895449057221413,
            0.014370301738381386
        ],
        [
            0.11144983768463135,
            0.004263941664248705,
            0.08064132928848267
        ],
        [
            0.10199453681707382,
            -0.005544242914766073,
            0.0715152770280838
        ],
        [
            0.10825856029987335,
            0.02841941826045513,
            -0.008507214486598969
        ],
        [
            0.10092592239379883,
            0.026841863989830017,
            -0.01085510104894638
        ],
        [
            0.09423091262578964,
            0.02443014457821846,
            -0.015684403479099274
        ],
        [
            0.10460788011550903,
            0.02147080935537815,
            0.025197859853506088
        ],
        [
            0.0927349328994751,
            0.02362843044102192,
            0.017904069274663925
        ],
        [
            0.09093291312456131,
            0.021856285631656647,
            0.02154209092259407
        ],
        [
            0.10338261723518372,
            0.018228761851787567,
            0.027142919600009918
        ],
        [
            0.10582110285758972,
            0.01362895593047142,
            0.03986811265349388
        ],
        [
            0.09549092501401901,
            0.020815832540392876,
            0.03570184111595154
        ],
        [
            0.11250293254852295,
            0.0160781592130661,
            0.048183441162109375
        ],
        [
            0.08044639974832535,
            0.017314080148935318,
            0.0134153813123703
        ],
        [
            0.0778975859284401,
            0.019863009452819824,
            0.002904847264289856
        ],
        [
            0.0730409026145935,
            0.014567127451300621,
            0.008128434419631958
        ],
        [
            0.08361050486564636,
            0.023617172613739967,
            -0.004136815667152405
        ],
        [
            0.08936521410942078,
            0.02558477781713009,
            -0.01066141203045845
        ],
        [
            0.10631947964429855,
            0.0022881929762661457,
            -0.02734733745455742
        ],
        [
            0.069791279733181,
            0.008685599081218243,
            0.012934960424900055
        ],
        [
            0.114365354180336,
            0.02612920105457306,
            0.0662430077791214
        ],
        [
            0.11793161928653717,
            0.026690032333135605,
            0.07346580177545547
        ],
        [
            0.12273514270782471,
            0.021433915942907333,
            0.07027474045753479
        ],
        [
            0.11979746073484421,
            0.020244957879185677,
            0.06394520401954651
        ],
        [
            0.13888277113437653,
            -0.018551437184214592,
            0.08303326368331909
        ],
        [
            0.13518255949020386,
            -0.011811728589236736,
            0.08420126140117645
        ],
        [
            0.12813687324523926,
            -0.009994450025260448,
            0.07890398800373077
        ],
        [
            0.1094345897436142,
            0.031703874468803406,
            0.016820568591356277
        ],
        [
            0.1138383150100708,
            0.0350826233625412,
            0.005401458591222763
        ],
        [
            0.14321909844875336,
            0.0003690808080136776,
            0.07778698951005936
        ],
        [
            0.1638103425502777,
            -0.0030358266085386276,
            0.09906306862831116
        ],
        [
            0.15840701758861542,
            -0.0010296562686562538,
            0.1014614924788475
        ],
        [
            0.1491589993238449,
            -0.01214972510933876,
            0.09242585301399231
        ],
        [
            0.15537750720977783,
            -0.014331074431538582,
            0.08996865898370743
        ],
        [
            0.15280933678150177,
            -8.793408051133156e-05,
            0.07724021375179291
        ],
        [
            0.14594043791294098,
            0.0009178146719932556,
            0.07930402457714081
        ],
        [
            0.14791539311408997,
            0.001490965485572815,
            0.07929433137178421
        ],
        [
            0.1540595442056656,
            0.0027200328186154366,
            0.07680168002843857
        ],
        [
            0.1634654849767685,
            0.018382078036665916,
            0.050046540796756744
        ],
        [
            0.15916019678115845,
            0.018145304173231125,
            0.04685084521770477
        ],
        [
            0.15681219100952148,
            -0.017792871221899986,
            0.06400453299283981
        ],
        [
            0.1490805745124817,
            -0.026531457901000977,
            0.07059035450220108
        ],
        [
            0.13813766837120056,
            -0.026062937453389168,
            0.06331203877925873
        ],
        [
            0.1434418112039566,
            0.013967633247375488,
            0.045482054352760315
        ],
        [
            0.1520078033208847,
            0.013278407976031303,
            0.0510619655251503
        ],
        [
            0.15317830443382263,
            0.015436626970767975,
            0.04781757667660713
        ],
        [
            0.1449107527732849,
            0.0034747770987451077,
            0.07002618908882141
        ],
        [
            0.14859724044799805,
            0.0016494481824338436,
            0.07490445673465729
        ],
        [
            0.15058118104934692,
            0.002858258318156004,
            0.0704897865653038
        ],
        [
            0.14661741256713867,
            0.0055074868723750114,
            0.06519323587417603
        ],
        [
            0.14284947514533997,
            0.020061809569597244,
            -0.0002261623740196228
        ],
        [
            0.14037397503852844,
            0.031137604266405106,
            0.0030701644718647003
        ],
        [
            0.15686610341072083,
            0.011071577668190002,
            0.10297701507806778
        ],
        [
            0.15541084110736847,
            0.007226204499602318,
            0.10160286724567413
        ],
        [
            0.13422371447086334,
            0.015070612542331219,
            0.0389888696372509
        ],
        [
            0.12608368694782257,
            -0.02302522212266922,
            0.05427248030900955
        ],
        [
            0.12514424324035645,
            0.01784501038491726,
            0.032810915261507034
        ],
        [
            0.17183490097522736,
            0.008588595315814018,
            0.035036850720644
        ],
        [
            0.17015276849269867,
            0.01865577884018421,
            0.036768779158592224
        ],
        [
            0.17135845124721527,
            0.018722383305430412,
            0.03905016928911209
        ],
        [
            0.17452144622802734,
            0.013225054368376732,
            0.03962192311882973
        ],
        [
            0.16257551312446594,
            0.010060643777251244,
            0.0836765393614769
        ],
        [
            0.1579267829656601,
            0.011932404711842537,
            0.08706507831811905
        ],
        [
            0.15877725183963776,
            0.013881895691156387,
            0.08782708644866943
        ],
        [
            0.1640559732913971,
            0.012398192659020424,
            0.08535262197256088
        ],
        [
            0.14156624674797058,
            -0.001158163882791996,
            0.08263983577489853
        ],
        [
            0.13872180879116058,
            -0.005426633171737194,
            0.08603296428918839
        ],
        [
            0.14266479015350342,
            -0.0026090526953339577,
            0.08836832642555237
        ],
        [
            0.14515848457813263,
            0.0004865829832851887,
            0.08371009677648544
        ],
        [
            0.14051561057567596,
            -0.01087328139692545,
            0.08827552199363708
        ],
        [
            0.14445771276950836,
            -0.007958962582051754,
            0.09148485213518143
        ],
        [
            0.16739030182361603,
            0.005825715139508247,
            0.0838729739189148
        ],
        [
            0.169743150472641,
            0.0005113286897540092,
            0.0887630358338356
        ],
        [
            0.16291728615760803,
            -0.008554473519325256,
            0.07913266867399216
        ],
        [
            0.16082783043384552,
            -0.001003980403766036,
            0.07704894244670868
        ],
        [
            0.1295393705368042,
            -0.006109937094151974,
            0.007773067802190781
        ],
        [
            0.13228417932987213,
            0.002082617487758398,
            0.0006645657122135162
        ],
        [
            0.14494891464710236,
            0.0035841665230691433,
            0.009513087570667267
        ],
        [
            0.15854713320732117,
            0.0045216819271445274,
            0.017619263380765915
        ],
        [
            0.1701047271490097,
            0.005915003828704357,
            0.026724454015493393
        ],
        [
            0.16827677190303802,
            -0.004429694265127182,
            0.033528223633766174
        ],
        [
            0.14527451992034912,
            0.009810959920287132,
            0.003961436450481415
        ],
        [
            0.1576533168554306,
            -0.005957282148301601,
            0.07275126874446869
        ],
        [
            0.1576901525259018,
            -0.014622267335653305,
            0.07292263209819794
        ],
        [
            0.1591610312461853,
            -0.011404352262616158,
            0.07029686868190765
        ],
        [
            0.1277138590812683,
            0.02347743511199951,
            0.02855873480439186
        ],
        [
            0.15440340340137482,
            0.00223737396299839,
            0.10088995844125748
        ],
        [
            0.08765624463558197,
            -0.020845357328653336,
            0.011954084038734436
        ],
        [
            0.09677287936210632,
            -0.019004512578248978,
            0.0016879662871360779
        ],
        [
            0.10145864635705948,
            -0.019089357927441597,
            0.00917784869670868
        ],
        [
            0.09082922339439392,
            -0.020057229325175285,
            0.0214478000998497
        ],
        [
            0.15374131500720978,
            0.010607338510453701,
            0.09272497892379761
        ],
        [
            0.15196621417999268,
            0.0069349948316812515,
            0.0976424589753151
        ],
        [
            0.16119566559791565,
            0.022601637989282608,
            0.042755816131830215
        ],
        [
            0.16501742601394653,
            0.021574433892965317,
            0.04553394019603729
        ],
        [
            0.1673012375831604,
            0.02259284071624279,
            0.04145978391170502
        ],
        [
            0.1643143743276596,
            0.025961171835660934,
            0.04007641226053238
        ],
        [
            0.13210779428482056,
            0.006737631745636463,
            -0.0032103583216667175
        ],
        [
            0.1696125864982605,
            0.02791319414973259,
            0.01848767139017582
        ],
        [
            0.1737672984600067,
            0.017957007512450218,
            0.021951673552393913
        ],
        [
            0.12135779857635498,
            0.00039837276563048363,
            -0.006702885031700134
        ],
        [
            0.11914364993572235,
            -0.007254220545291901,
            -0.00098477303981781
        ],
        [
            0.1120266541838646,
            -0.007811014540493488,
            -0.007722623646259308
        ],
        [
            0.1672070473432541,
            -0.008108027279376984,
            0.048361945897340775
        ],
        [
            0.12870636582374573,
            -0.011307861655950546,
            0.014732267707586288
        ],
        [
            0.11758370697498322,
            -0.011637283489108086,
            0.00515061616897583
        ],
        [
            0.10901641845703125,
            -0.012487107887864113,
            -0.0026149675250053406
        ],
        [
            0.1035299077630043,
            -0.013267758302390575,
            -0.008903473615646362
        ],
        [
            0.10732242465019226,
            -0.007940491661429405,
            -0.01379365473985672
        ],
        [
            0.16758543252944946,
            -0.0020245839841663837,
            0.0941111147403717
        ],
        [
            0.17168819904327393,
            0.004665557295084,
            0.09129340946674347
        ],
        [
            0.10276979207992554,
            -0.009200803004205227,
            -0.021592020988464355
        ],
        [
            0.09837711602449417,
            -0.014636380597949028,
            -0.015455186367034912
        ],
        [
            0.11442215740680695,
            -0.016236957162618637,
            0.012548290193080902
        ],
        [
            0.10933608561754227,
            -0.020426303148269653,
            0.022554542869329453
        ],
        [
            0.12518934905529022,
            -0.015534289181232452,
            0.02163585275411606
        ],
        [
            0.1213487759232521,
            -0.01997673325240612,
            0.03192209452390671
        ],
        [
            0.16401273012161255,
            -0.018640609458088875,
            0.052156962454319
        ],
        [
            0.17491522431373596,
            0.02308499626815319,
            0.09633853286504745
        ],
        [
            0.17273834347724915,
            0.013725394383072853,
            0.09013527631759644
        ],
        [
            0.16773642599582672,
            0.01616409793496132,
            0.08790675550699234
        ],
        [
            0.17257744073867798,
            0.025056157261133194,
            0.09337948262691498
        ],
        [
            0.1688975691795349,
            0.009174611419439316,
            0.08629578351974487
        ],
        [
            0.1737523376941681,
            0.009803930297493935,
            0.09452229738235474
        ],
        [
            0.11290082335472107,
            -0.02135077491402626,
            0.045432236045598984
        ],
        [
            0.15417137742042542,
            0.001131492666900158,
            0.07410228997468948
        ],
        [
            0.09721329808235168,
            -0.019042590633034706,
            0.03832165151834488
        ],
        [
            0.10895054042339325,
            -0.019251354038715363,
            0.06224514916539192
        ],
        [
            0.097079798579216,
            -0.01441169809550047,
            0.05806226283311844
        ],
        [
            0.08079519122838974,
            -0.015135142020881176,
            0.03218328580260277
        ],
        [
            0.08336593210697174,
            -0.009730575606226921,
            0.04998524487018585
        ],
        [
            0.07540510594844818,
            -0.018023844808340073,
            0.013157427310943604
        ],
        [
            0.07949849963188171,
            -0.01718197390437126,
            0.021498635411262512
        ],
        [
            0.0900498479604721,
            -0.0019416585564613342,
            0.06543226540088654
        ],
        [
            0.15886430442333221,
            0.023110970854759216,
            0.09996925294399261
