{
    "pred_cam": [
        11.188304901123047,
        0.13698536157608032,
        -0.03192564845085144
    ],
    "pred_mano_params": {
        "global_orient": [
            [
                [
                    -0.82652348279953,
                    0.15443211793899536,
                    -0.5413035750389099
                ],
                [
                    0.08098406344652176,
                    -0.9190026521682739,
                    -0.385843962430954
                ],
                [
                    -0.5570462346076965,
                    -0.36274605989456177,
                    0.7470707297325134
                ]
            ]
        ],
        "hand_pose": [
            [
                [
                    0.579617977142334,
                    -0.6974722743034363,
                    -0.42139697074890137
                ],
                [
                    0.698333740234375,
                    0.6916521787643433,
                    -0.18424764275550842
                ],
                [
                    0.41996777057647705,
                    -0.18748250603675842,
                    0.8879624605178833
                ]
            ],
            [
                [
                    0.6691461205482483,
                    -0.7237415313720703,
                    0.16864654421806335
                ],
                [
                    0.7131063938140869,
                    0.5615013241767883,
                    -0.41975656151771545
                ],
                [
                    0.20910002291202545,
                    0.40114137530326843,
                    0.8918311595916748
                ]
            ],
            [
                [
                    0.7437452077865601,
                    -0.3452201187610626,
                    0.5724213123321533
                ],
                [
                    0.30399972200393677,
                    0.9373263716697693,
                    0.17030397057533264
                ],
                [
                    -0.5953379273414612,
                    0.04735312610864639,
                    0.8020788431167603
                ]
            ],
            [
                [
                    0.37378087639808655,
                    -0.8651774525642395,
                    -0.3342989683151245
                ],
                [
                    0.8822037577629089,
                    0.44290322065353394,
                    -0.15985380113124847
                ],
                [
                    0.28636398911476135,
                    -0.23516951501369476,
                    0.9288115501403809
                ]
            ],
            [
                [
                    0.776914656162262,
                    -0.5997823476791382,
                    -0.19148032367229462
                ],
                [
                    0.6269939541816711,
                    0.7647168040275574,
                    0.14861629903316498
                ],
                [
                    0.05729077756404877,
                    -0.2355191856622696,
                    0.9701796174049377
                ]
            ],
            [
                [
                    0.8003039956092834,
                    -0.5794726610183716,
                    0.15402919054031372
                ],
                [
                    0.5785931348800659,
                    0.8137494325637817,
                    0.05515309423208237
                ],
                [
                    -0.15730087459087372,
                    0.044980987906455994,
                    0.98652583360672
                ]
            ],
            [
                [
                    -0.025321701541543007,
                    -0.9107958078384399,
                    -0.4120798707008362
                ],
                [
                    0.8864995837211609,
                    -0.21097631752490997,
                    0.4118344187736511
                ],
                [
                    -0.4620361626148224,
                    -0.3548802435398102,
                    0.8127623796463013
                ]
            ],
            [
                [
                    0.5601118206977844,
                    -0.8177226781845093,
                    -0.13268154859542847
                ],
                [
                    0.7349836230278015,
                    0.4166318476200104,
                    0.5349925756454468
                ],
                [
                    -0.38219621777534485,
                    -0.3971743881702423,
                    0.8343731760978699
                ]
            ],
            [
                [
                    0.886772096157074,
                    -0.45829325914382935,
                    0.06002117693424225
                ],
                [
                    0.26779618859291077,
                    0.6152738928794861,
                    0.7414332032203674
                ],
                [
                    -0.3767233192920685,
                    -0.6414088606834412,
                    0.6683369278907776
                ]
            ],
            [
                [
                    0.26048290729522705,
                    -0.9476051330566406,
                    -0.18491432070732117
                ],
                [
                    0.935052752494812,
                    0.29530665278434753,
                    -0.19613869488239288
                ],
                [
                    0.24046844244003296,
                    -0.12181387096643448,
                    0.9629831314086914
                ]
            ],
            [
                [
                    0.4807525873184204,
                    -0.8545242547988892,
                    -0.19663481414318085
                ],
                [
                    0.7727447748184204,
                    0.3068968951702118,
                    0.5555895566940308
                ],
                [
                    -0.41441813111305237,
                    -0.4190496802330017,
                    0.807870626449585
                ]
            ],
            [
                [
                    0.6850878596305847,
                    -0.7209742665290833,
                    0.104166679084301
                ],
                [
                    0.6391305923461914,
                    0.6635106205940247,
                    0.3889288604259491
                ],
                [
                    -0.3495233952999115,
                    -0.19987432658672333,
                    0.9153597950935364
                ]
            ],
            [
                [
                    0.943682849407196,
                    0.008347239345312119,
                    -0.33074629306793213
                ],
                [
                    -0.3182060718536377,
                    0.2966388165950775,
                    -0.9004167914390564
                ],
                [
                    0.09059623628854752,
                    0.9549532532691956,
                    0.2825891077518463
                ]
            ],
            [
                [
                    0.9359659552574158,
                    -0.33387595415115356,
                    -0.11177920550107956
                ],
                [
                    0.3412155210971832,
                    0.7818379402160645,
                    0.5218250751495361
                ],
                [
                    -0.08683164417743683,
                    -0.5265513062477112,
                    0.8456973433494568
                ]
            ],
            [
                [
                    0.7733169198036194,
                    -0.558707058429718,
                    -0.29971206188201904
                ],
                [
                    -0.054254043847322464,
                    0.4126700460910797,
                    -0.9092632532119751
                ],
                [
                    0.631693959236145,
                    0.7194093465805054,
                    0.2888126075267792
                ]
            ]
        ],
        "betas": [
            -0.0338706374168396,
            -0.026456564664840698,
            0.010458767414093018,
            0.02976885437965393,
            -0.0068423449993133545,
            -0.03961821645498276,
            0.00846359133720398,
            -0.0315803587436676,
            0.002210289239883423,
            -0.07420846819877625
        ]
    },
    "pred_cam_t": [
        -0.13698536157608032,
        -0.03192564845085144,
        3.4913690090179443
    ],
    "focal_length": [
        5000.0,
        5000.0
    ],
    "pred_keypoints_3d": [
        [
            0.09584422409534454,
            0.0063952794298529625,
            0.006191156804561615
        ],
        [
            0.09936200082302094,
            0.00879321526736021,
            0.04461928457021713
        ],
        [
            0.11576461046934128,
            0.018091317266225815,
            0.06905753165483475
        ],
        [
            0.1356094479560852,
            0.0257403627038002,
            0.08592606335878372
        ],
        [
            0.16368520259857178,
            0.04193698242306709,
            0.07453866302967072
        ],
        [
            0.1567956507205963,
            -0.003951369784772396,
            0.0727110505104065
        ],
        [
            0.1791660636663437,
            0.01785321533679962,
            0.08343546837568283
        ],
        [
            0.175393745303154,
            0.039698656648397446,
            0.08204960823059082
        ],
        [
            0.15940061211585999,
            0.05630417913198471,
            0.08911922574043274
        ],
        [
            0.17584604024887085,
            0.0013705994933843613,
            0.05703065171837807
        ],
        [
            0.18915989995002747,
            0.029775898903608322,
            0.061878006905317307
        ],
        [
            0.18121661245822906,
            0.051600903272628784,
            0.060142241418361664
        ],
        [
            0.16301481425762177,
            0.06922337412834167,
            0.0617104172706604
        ],
        [
            0.17741169035434723,
            0.013712574727833271,
            0.03326721861958504
        ],
        [
            0.18700383603572845,
            0.04053392633795738,
            0.03806280344724655
        ],
        [
            0.16642451286315918,
            0.0543694794178009,
            0.036902111023664474
        ],
        [
            0.14236241579055786,
            0.05361824482679367,
            0.042882584035396576
        ],
        [
            0.17473027110099792,
            0.026675157248973846,
            0.01584438979625702
        ],
        [
            0.1682490110397339,
            0.046649955213069916,
            0.01840607076883316
        ],
        [
            0.149511456489563,
            0.04824579879641533,
            0.01582922413945198
        ],
        [
            0.13293768465518951,
            0.0359947495162487,
            0.01793433167040348
        ]
    ],
    "pred_vertices": [
        [
            0.12557245790958405,
            0.010655360296368599,
            0.05179817974567413
        ],
        [
            0.11723461747169495,
            0.01206900179386139,
            0.04510393366217613
        ],
        [
            0.1214318573474884,
            0.01300822664052248,
            0.05316625162959099
        ],
        [
            0.12703227996826172,
            0.010164337232708931,
            0.06039796397089958
        ],
        [
            0.10854804515838623,
            0.027110915631055832,
            0.045597344636917114
        ],
        [
            0.0972319021821022,
            0.02803848497569561,
            0.04991304874420166
        ],
        [
            0.10854357481002808,
            0.03033572807908058,
            0.06245669722557068
        ],
        [
            0.11670682579278946,
            0.029968924820423126,
            0.056428369134664536
        ],
        [
            0.12946617603302002,
            0.008379805833101273,
            0.0667605847120285
        ],
        [
            0.1253068894147873,
            0.014613145031034946,
            0.05998882278800011
        ],
        [
            0.12984195351600647,
            0.005180106498301029,
            0.0683470293879509
        ],
        [
            0.13393265008926392,
            -0.005866392515599728,
            0.0729975551366806
        ],
        [
            0.13428747653961182,
            0.001275661401450634,
            0.07158491015434265
        ],
        [
            0.14063219726085663,
            -0.010224067606031895,
            0.07531362771987915
        ],
        [
            0.12876524031162262,
            -0.01367921568453312,
            0.06806603819131851
        ],
        [
            0.14388397336006165,
            -0.017505154013633728,
            0.07025735825300217
        ],
        [
            0.13740387558937073,
            -0.01749483495950699,
            0.04057815670967102
        ],
        [
            0.14192473888397217,
            -0.012796703726053238,
            0.028290074318647385
        ],
        [
            0.15811938047409058,
            -0.013269582763314247,
            0.03667103499174118
        ],
        [
            0.1517026573419571,
            -0.017083752900362015,
            0.04852999746799469
        ],
        [
            0.15854047238826752,
            -0.002266060560941696,
            0.01860436610877514
        ],
        [
            0.158992737531662,
            -0.008221220225095749,
            0.029021762311458588
        ],
        [
            0.14318731427192688,
            -0.008996061980724335,
            0.02009470760822296
        ],
        [
            0.14334598183631897,
            -0.0033391136676073074,
            0.011480148881673813
        ],
        [
            0.12621787190437317,
            0.015019170939922333,
            0.03638488054275513
        ],
        [
            0.11707668006420135,
            0.016713790595531464,
            0.03044498711824417
        ],
        [
            0.11617249995470047,
            0.013417422771453857,
            0.035698212683200836
        ],
        [
            0.12498778104782104,
            0.01275972556322813,
            0.041571296751499176
        ],
        [
            0.12526804208755493,
            0.008024413138628006,
            0.07443352788686752
        ],
        [
            0.11727523803710938,
            -0.0018475628457963467,
            0.0704551488161087
        ],
        [
            0.12482637166976929,
            -0.0008244081400334835,
            0.0699528157711029
        ],
        [
            0.12887999415397644,
            0.01105178240686655,
            0.07192276418209076
        ],
        [
            0.09908851236104965,
            0.030002649873495102,
            0.011558622121810913
        ],
        [
            0.08889751881361008,
            0.02441410720348358,
            0.004478935152292252
        ],
        [
            0.0863669142127037,
            0.021615685895085335,
            0.009058598428964615
        ],
        [
            0.09628705680370331,
            0.026817811653017998,
            0.014451712369918823
        ],
        [
            0.08304811269044876,
            0.020527023822069168,
            0.03092855215072632
        ],
        [
            0.07763203978538513,
            0.014328924007713795,
            0.02296038717031479
        ],
        [
            0.07029841095209122,
            0.003180883824825287,
            0.02460494264960289
        ],
        [
            0.07559552788734436,
            0.006569653749465942,
            0.03408733755350113
        ],
        [
            0.09018069505691528,
            0.024918656796216965,
            0.040725935250520706
        ],
        [
            0.08136142790317535,
            0.015152464620769024,
            0.04484086483716965
        ],
        [
            0.08983898907899857,
            0.02132849022746086,
            0.055046189576387405
        ],
        [
            0.10274409502744675,
            0.025303058326244354,
            0.06779465079307556
        ],
        [
            0.09482043236494064,
            0.027552630752325058,
            -0.006495453417301178
        ],
        [
            0.10298357903957367,
            0.0326785072684288,
            -0.002814631909132004
        ],
        [
            0.16563831269741058,
            0.023997217416763306,
            0.08492705971002579
        ],
        [
            0.16676011681556702,
            0.025722866877913475,
            0.07905749976634979
        ],
        [
            0.16439242660999298,
            0.022245675325393677,
            0.07928340882062912
        ],
        [
            0.16403214633464813,
            0.02097339928150177,
            0.08481664210557938
        ],
        [
            0.1095312237739563,
            0.018662435933947563,
            -0.017426837235689163
        ],
        [
            0.11170832067728043,
            0.00900215096771717,
            -0.019385088235139847
        ],
        [
            0.10563488304615021,
            0.010584857314825058,
            -0.023144856095314026
        ],
        [
            0.10236620903015137,
            0.01884792558848858,
            -0.020000331103801727
        ],
        [
            0.11897872388362885,
            0.01836301013827324,
            -0.014038246124982834
        ],
        [
            0.11985009163618088,
            0.007109755650162697,
            -0.01361144334077835
        ],
        [
            0.17686709761619568,
            0.020336339250206947,
            0.09029267728328705
        ],
        [
            0.17177414894104004,
            0.02176019549369812,
            0.09118206799030304
        ],
        [
            0.17134159803390503,
            0.016619447618722916,
            0.0905163437128067
        ],
        [
            0.1760052740573883,
            0.014199145138263702,
            0.08855941146612167
        ],
        [
            0.13355934619903564,
            0.006841535679996014,
            0.06647299230098724
        ],
        [
            0.13346074521541595,
            0.010294964537024498,
            0.05786003917455673
        ],
        [
            0.14766746759414673,
            0.004861625377088785,
            0.07367237657308578
        ],
        [
            0.14356309175491333,
            0.006697430275380611,
            0.06657638400793076
        ],
        [
            0.13999424874782562,
            0.0028673550114035606,
            0.07154292613267899
        ],
        [
            0.14460206031799316,
            0.000942181795835495,
            0.07668665796518326
        ],
        [
            0.14756645262241364,
            0.014409329742193222,
            0.04429113119840622
        ],
        [
            0.137352854013443,
            0.014883766882121563,
            0.038767047226428986
        ],
        [
            0.13664890825748444,
            0.01238410733640194,
            0.044957831501960754
        ],
        [
            0.14700795710086823,
            0.012081846594810486,
            0.052633728832006454
        ],
        [
            0.1402958184480667,
            0.022704120725393295,
            0.027267340570688248
        ],
        [
            0.15013547241687775,
            0.021023789420723915,
            0.0333721786737442
        ],
        [
            0.15038733184337616,
            0.025492724031209946,
            0.025997623801231384
        ],
        [
            0.14330661296844482,
            0.02693350985646248,
            0.023416614159941673
        ],
        [
            0.16505570709705353,
            0.01605265960097313,
            0.04663720726966858
        ],
        [
            0.1690000295639038,
            0.014535857364535332,
            0.04927865415811539
        ],
        [
            0.17079371213912964,
            0.019542086869478226,
            0.0468771867454052
        ],
        [
            0.1653611660003662,
            0.01825023628771305,
            0.04361659288406372
        ],
        [
            0.09957472234964371,
            0.01097879372537136,
            -0.02690868079662323
        ],
        [
            0.09527422487735748,
            0.018290430307388306,
            -0.02191872149705887
        ],
        [
            0.159033864736557,
            0.012220000848174095,
            0.0013983268290758133
        ],
        [
            0.15371546149253845,
            0.021287959069013596,
            -0.002881692722439766
        ],
        [
            0.16580462455749512,
            0.0238302294164896,
            0.0017634239047765732
        ],
        [
            0.16992099583148956,
            0.012300358153879642,
            0.0048779770731925964
        ],
        [
            0.11206327378749847,
            -0.0006434042006731033,
            -0.015534739941358566
        ],
        [
            0.10702363401651382,
            0.0007639974355697632,
            -0.021395958960056305
        ],
        [
            0.18154118955135345,
            0.019818387925624847,
            0.08576307445764542
        ],
        [
            0.179988294839859,
            0.01390870288014412,
            0.08383593708276749
        ],
        [
            0.08618278056383133,
            0.0074438368901610374,
            0.05562277510762215
        ],
        [
            0.09999909996986389,
            0.016187043860554695,
            0.07078059762716293
        ],
        [
            0.07884659618139267,
            -0.0001462223008275032,
            0.04181063547730446
        ],
        [
            0.07578014582395554,
            -0.005692772567272186,
            0.031112905591726303
        ],
        [
            0.07126602530479431,
            -0.009074145928025246,
            0.023206375539302826
        ],
        [
            0.14889252185821533,
            0.00879436545073986,
            0.06370910257101059
        ],
        [
            0.13197152316570282,
            0.0116529306396842,
            0.04874084144830704
        ],
        [
            0.12736912071704865,
            0.017502570524811745,
            0.031917184591293335
        ],
        [
            0.13786596059799194,
            0.03597565367817879,
            0.00933752954006195
        ],
        [
            0.1285061538219452,
            0.036804087460041046,
            0.005117427557706833
        ],
        [
            0.12810173630714417,
            0.033186040818691254,
            0.015301598235964775
        ],
        [
            0.13653339445590973,
            0.03264305368065834,
            0.016673123463988304
        ],
        [
            0.15115714073181152,
            0.030909422785043716,
            -0.0006231162697076797
        ],
        [
            0.14905542135238647,
            0.034715279936790466,
            0.006282884627580643
        ],
        [
            0.15575344860553741,
            0.03396395966410637,
            0.009233744814991951
        ],
        [
            0.16023385524749756,
            0.030930915847420692,
            0.0031897034496068954
        ],
        [
            0.11975662410259247,
            0.008742161095142365,
            0.07928723841905594
        ],
        [
            0.11016155779361725,
            -0.0008869124576449394,
            0.07138195633888245
        ],
        [
            0.10581694543361664,
            0.02709025889635086,
            -0.012077655643224716
        ],
        [
            0.09824424237012863,
            0.025258714333176613,
            -0.01322273537516594
        ],
        [
            0.09098974615335464,
            0.0223500058054924,
            -0.01683199778199196
        ],
        [
            0.10708560794591904,
            0.02338135614991188,
            0.02225230261683464
        ],
        [
            0.09426494687795639,
            0.024758869782090187,
            0.016534917056560516
        ],
        [
            0.09305732697248459,
            0.02342797815799713,
            0.020532619208097458
        ],
        [
            0.10628164559602737,
            0.020466525107622147,
            0.02458183839917183
        ],
        [
            0.11060693114995956,
            0.017379526048898697,
            0.038161519914865494
        ],
        [
            0.09959520399570465,
            0.024092860519886017,
            0.034832607954740524
        ],
        [
            0.11802898347377777,
            0.020098701119422913,
            0.04632242023944855
        ],
        [
            0.08150145411491394,
            0.017939675599336624,
            0.01444665715098381
        ],
        [
            0.07744887471199036,
            0.019455689936876297,
            0.004226699471473694
        ],
        [
            0.07345130294561386,
            0.014635950326919556,
            0.010536987334489822
        ],
        [
            0.08206987380981445,
            0.02256745472550392,
            -0.003869030624628067
        ],
        [
            0.08683761209249496,
            0.0239395909011364,
            -0.011297032237052917
        ],
        [
            0.10180948674678802,
            -0.0007217628881335258,
            -0.028014332056045532
        ],
        [
            0.07099427282810211,
            0.00916271097958088,
            0.016260575503110886
        ],
        [
            0.12112033367156982,
            0.030141739174723625,
            0.0642964243888855
        ],
        [
            0.1249757707118988,
            0.030856970697641373,
            0.0711192637681961
        ],
        [
            0.12974466383457184,
            0.025523468852043152,
            0.06771457940340042
        ],
        [
            0.12654449045658112,
            0.02423327974975109,
            0.06173102557659149
        ],
        [
            0.1496855616569519,
            -0.010744666680693626,
            0.07858909666538239
        ],
        [
            0.1459336280822754,
            -0.004039515275508165,
            0.07943394780158997
        ],
        [
            0.13820575177669525,
            -0.0032487832941114902,
            0.07509846240282059
        ],
        [
            0.11043206602334976,
            0.03268856555223465,
            0.012471809983253479
        ],
        [
            0.11316271871328354,
            0.03503444790840149,
            0.0002580881118774414
        ],
        [
            0.15248708426952362,
            0.006922905799001455,
            0.07038174569606781
        ],
        [
            0.17567893862724304,
            0.009390406310558319,
            0.08751727640628815
        ],
        [
            0.17039433121681213,
            0.011365258134901524,
            0.09022829681634903
        ],
        [
            0.16056011617183685,
            -0.0018947701901197433,
            0.08520321547985077
        ],
        [
            0.1666187345981598,
            -0.004247676115483046,
            0.08233432471752167
        ],
        [
            0.16169916093349457,
            0.006685055326670408,
            0.06797350943088531
        ],
        [
            0.15490207076072693,
            0.007760399486869574,
            0.07064779102802277
        ],
        [
            0.15660707652568817,
            0.008447544649243355,
            0.06987377256155014
        ],
        [
            0.16228343546390533,
            0.009384680539369583,
            0.06623098254203796
        ],
        [
            0.16899335384368896,
            0.022956034168601036,
            0.038703419268131256
        ],
        [
            0.16411177814006805,
            0.022243060171604156,
            0.03649239242076874
        ],
        [
            0.1647850126028061,
            -0.0120554119348526,
            0.05712997540831566
        ],
        [
            0.15855048596858978,
            -0.020183011889457703,
            0.06567218899726868
        ],
        [
            0.146368607878685,
            -0.02074529230594635,
            0.059670694172382355
        ],
        [
            0.14842785894870758,
            0.017821989953517914,
            0.037661075592041016
        ],
        [
            0.15769512951374054,
            0.01770319603383541,
            0.042067572474479675
        ],
        [
            0.15837383270263672,
            0.01955510675907135,
            0.0384952537715435
        ],
        [
            0.15340116620063782,
            0.00946773774921894,
            0.06260183453559875
        ],
        [
            0.15751247107982635,
            0.007948027923703194,
            0.06676759570837021
        ],
        [
            0.15913322567939758,
            0.009172394871711731,
            0.06244073808193207
        ],
        [
            0.1544446051120758,
            0.01122918352484703,
            0.05745699629187584
        ],
        [
            0.14146354794502258,
            0.019681168720126152,
            -0.00799492746591568
        ],
        [
            0.13925457000732422,
            0.03101147711277008,
            -0.005397636443376541
        ],
        [
            0.1675707846879959,
            0.022836092859506607,
            0.0892334058880806
        ],
        [
            0.16659978032112122,
            0.018857914954423904,
            0.08903603255748749
        ],
        [
            0.13836954534053802,
            0.018279671669006348,
            0.032430145889520645
        ],
        [
            0.1329837441444397,
            -0.018573932349681854,
            0.052000127732753754
        ],
        [
            0.12846343219280243,
            0.020438306033611298,
            0.027337143197655678
        ],
        [
            0.17531077563762665,
            0.011454177089035511,
            0.023997895419597626
        ],
        [
            0.17370401322841644,
            0.021451402455568314,
            0.024984266608953476
        ],
        [
            0.1753506362438202,
            0.021821212023496628,
            0.02684624493122101
        ],
        [
            0.1786222904920578,
            0.01646941527724266,
            0.027570627629756927
        ],
        [
            0.17094631493091583,
            0.018544400110840797,
            0.06995963305234909
        ],
        [
            0.16658571362495422,
            0.02078649401664734,
            0.07355187088251114
        ],
        [
            0.16739267110824585,
            0.02259248122572899,
            0.07372920215129852
        ],
        [
            0.1725301891565323,
            0.02115563675761223,
            0.07083985954523087
        ],
        [
            0.15111084282398224,
            0.006297622807323933,
            0.07492139935493469
        ],
        [
            0.14910323917865753,
            0.0027348031289875507,
            0.07951217889785767
        ],
        [
            0.15283441543579102,
            0.006228750105947256,
            0.0802764967083931
        ],
        [
            0.15448758006095886,
            0.008337673731148243,
            0.07474194467067719
        ],
        [
            0.15138165652751923,
            -0.001982281915843487,
            0.08223912864923477
        ],
        [
            0.1554284393787384,
            0.0017677579307928681,
            0.08410736173391342
        ],
        [
            0.17625227570533752,
            0.014903252013027668,
            0.07030761986970901
        ],
        [
            0.17988066375255585,
            0.01111515797674656,
            0.07586466521024704
        ],
        [
            0.17222779989242554,
            -0.0005363933742046356,
            0.06940743327140808
        ],
        [
            0.169327050447464,
            0.006219798699021339,
            0.06609732657670975
        ],
        [
            0.1298205852508545,
            -0.005731778219342232,
            0.004180118441581726
        ],
        [
            0.13141292333602905,
            0.0017975633963942528,
            -0.003966666758060455
        ],
        [
            0.14518338441848755,
            0.00415706355124712,
            0.0028633475303649902
        ],
        [
            0.15980271995067596,
            0.005884661339223385,
            0.008898934349417686
        ],
        [
            0.1724930703639984,
            0.008072584867477417,
            0.016194289550185204
        ],
        [
            0.17169690132141113,
            -0.0015162695199251175,
            0.02417534403502941
        ],
        [
            0.1446305513381958,
            0.009859858080744743,
            -0.0032332465052604675
        ],
        [
            0.16698579490184784,
            0.0009267580462619662,
            0.06457669287919998
        ],
        [
            0.16678957641124725,
            -0.007868543267250061,
            0.06543044745922089
        ],
        [
            0.16807065904140472,
            -0.004908692557364702,
            0.06248471885919571
        ],
        [
            0.1303228735923767,
            0.02567427232861519,
            0.02226966619491577
        ],
        [
            0.16595704853534698,
            0.01415663305670023,
            0.08959881216287613
        ],
        [
            0.08913369476795197,
            -0.02027927339076996,
            0.015378650277853012
        ],
        [
            0.09675072878599167,
            -0.019326036795973778,
            0.0038921907544136047
        ],
        [
            0.10242526978254318,
            -0.018689019605517387,
            0.010608106851577759
        ],
        [
            0.09353572875261307,
            -0.01863504759967327,
            0.024122025817632675
        ],
        [
            0.16333402693271637,
            0.020501473918557167,
            0.07998044788837433
        ],
        [
            0.16261713206768036,
            0.017839673906564713,
            0.08581086248159409
        ],
        [
            0.16547426581382751,
            0.026244353502988815,
            0.0317436084151268
        ],
        [
            0.16986580193042755,
            0.025511156767606735,
            0.03375881910324097
        ],
        [
            0.1716497540473938,
            0.025967663154006004,
            0.029210343956947327
        ],
        [
            0.1681942194700241,
            0.029172059148550034,
            0.028305714949965477
        ],
        [
            0.13061729073524475,
            0.006080919876694679,
            -0.008197173476219177
        ],
        [
            0.17044159770011902,
            0.029879750683903694,
            0.0063166990876197815
        ],
        [
            0.17517291009426117,
            0.019836749881505966,
            0.010103615000844002
        ],
        [
            0.11958847939968109,
            -0.0006131548434495926,
            -0.009562689810991287
        ],
        [
            0.11832310259342194,
            -0.007724912837147713,
            -0.002910308539867401
        ],
        [
            0.11035390943288803,
            -0.008942007087171078,
            -0.008518338203430176
        ],
        [
            0.1726280003786087,
            -0.003833000548183918,
            0.039311788976192474
        ],
        [
            0.13004657626152039,
            -0.010271412320435047,
            0.011637769639492035
        ],
        [
            0.11770544201135635,
            -0.011536967009305954,
            0.0037626028060913086
        ],
        [
            0.10816298425197601,
            -0.013153351843357086,
            -0.002633124589920044
        ],
        [
            0.10187944769859314,
            -0.01454695500433445,
            -0.008004821836948395
        ],
        [
            0.10486499965190887,
            -0.009665412828326225,
            -0.013843033462762833
        ],
        [
            0.1787271648645401,
            0.009624132886528969,
            0.08194566518068314
        ],
        [
            0.1819070726633072,
            0.015914343297481537,
            0.07714729011058807
        ],
        [
            0.09931445121765137,
            -0.011672121472656727,
            -0.02078590914607048
        ],
        [
            0.09591520577669144,
            -0.016556892544031143,
            -0.013622324913740158
        ],
        [
            0.11568449437618256,
            -0.0154652688652277,
            0.011911693960428238
        ],
        [
            0.11207259446382523,
            -0.01876656524837017,
            0.02275901660323143
        ],
        [
            0.12759536504745483,
            -0.013876073062419891,
            0.01931685209274292
        ],
        [
            0.125270813703537,
            -0.017402615398168564,
            0.030352693051099777
        ],
        [
            0.16995690762996674,
            -0.013933090493083,
            0.0444168895483017
        ],
        [
            0.18247058987617493,
            0.03524307906627655,
            0.07742577791213989
        ],
        [
            0.18140670657157898,
            0.02442936599254608,
            0.07389093935489655
        ],
        [
            0.1758478432893753,
            0.02554032951593399,
            0.07193852216005325
        ],
        [
            0.17956231534481049,
            0.03599055856466293,
            0.07441609352827072
        ],
        [
            0.17786112427711487,
            0.01880149357020855,
            0.07172141969203949
        ],
        [
            0.18348924815654755,
            0.02184204012155533,
            0.07885861396789551
        ],
        [
            0.11863705515861511,
            -0.017775217071175575,
            0.04483059048652649
        ],
        [
            0.16343353688716888,
            0.008114426396787167,
            0.06564732640981674
        ],
        [
            0.10202012956142426,
            -0.016248326748609543,
            0.03959227353334427
        ],
        [
            0.11664825677871704,
            -0.01463883463293314,
            0.06195507571101189
        ],
        [
            0.1041310727596283,
            -0.010341797024011612,
            0.058883219957351685
        ],
        [
            0.084873728454113,
            -0.01303969044238329,
            0.035461485385894775
        ],
        [
            0.08941026777029037,
            -0.0064628454856574535,
            0.052215419709682465
        ],
        [
            0.07708616554737091,
            -0.017454810440540314,
            0.01799921691417694
        ],
        [
            0.08224323391914368,
            -0.015893736854195595,
            0.02546122670173645
        ],
        [
            0.09739901125431061,
            0.002061641775071621,
            0.06628511846065521
        ],
        [
            0.16704843938350677,
            0.03362886235117912,
            0.08328168094158173
        ],
