{
    "pred_cam": [
        8.010995864868164,
        -0.1091327965259552,
        -0.07258205115795135
    ],
    "pred_mano_params": {
        "global_orient": [
            [
                [
                    0.22899240255355835,
                    -0.7719764709472656,
                    0.59297114610672
                ],
                [
                    -0.9124883413314819,
                    -0.38238072395324707,
                    -0.14543034136295319
                ],
                [
                    0.33900952339172363,
                    -0.5077768564224243,
                    -0.7919818162918091
                ]
            ]
        ],
        "hand_pose": [
            [
                [
                    0.7478416562080383,
                    -0.6228088140487671,
                    -0.22987394034862518
                ],
                [
                    0.6125828623771667,
                    0.7808322310447693,
                    -0.12265097349882126
                ],
                [
                    0.25588110089302063,
                    -0.04909331724047661,
                    0.9654608964920044
                ]
            ],
            [
                [
                    0.8391880393028259,
                    -0.4700431525707245,
                    0.2735375463962555
                ],
                [
                    0.5180124044418335,
                    0.8440288305282593,
                    -0.13884688913822174
                ],
                [
                    -0.16560953855514526,
                    0.2582145035266876,
                    0.9517870545387268
                ]
            ],
            [
                [
                    0.7598618865013123,
                    -0.6498098969459534,
                    0.018893683329224586
                ],
                [
                    0.6278335452079773,
                    0.7260045409202576,
                    -0.2806108593940735
                ],
                [
                    0.1686268299818039,
                    0.22508756816387177,
                    0.9596356153488159
                ]
            ],
            [
                [
                    0.6833583116531372,
                    -0.7151020169258118,
                    -0.14714109897613525
                ],
                [
                    0.7277269959449768,
                    0.6833544969558716,
                    0.05865224823355675
                ],
                [
                    0.058607183396816254,
                    -0.14715905487537384,
                    0.987375020980835
                ]
            ],
            [
                [
                    0.5311180353164673,
                    -0.8195692896842957,
                    -0.21498800814151764
                ],
                [
                    0.8418789505958557,
                    0.48180049657821655,
                    0.2431216835975647
                ],
                [
                    -0.09567373245954514,
                    -0.31012019515037537,
                    0.9458710551261902
                ]
            ],
            [
                [
                    0.8328919410705566,
                    -0.4489169418811798,
                    -0.32367366552352905
                ],
                [
                    0.5017564296722412,
                    0.8592827320098877,
                    0.09936650842428207
                ],
                [
                    0.23351988196372986,
                    -0.24516691267490387,
                    0.9409366250038147
                ]
            ],
            [
                [
                    0.6193824410438538,
                    -0.5123222470283508,
                    0.5948876738548279
                ],
                [
                    0.46241000294685364,
                    0.8504164814949036,
                    0.2509359121322632
                ],
                [
                    -0.6344623565673828,
                    0.11965672671794891,
                    0.7636359930038452
                ]
            ],
            [
                [
                    0.6768633127212524,
                    -0.6608102321624756,
                    -0.32432374358177185
                ],
                [
                    0.7222890853881836,
                    0.5112442374229431,
                    0.46575507521629333
                ],
                [
                    -0.14196710288524628,
                    -0.5495079755783081,
                    0.823338508605957
                ]
            ],
            [
                [
                    0.7909196019172668,
                    -0.6118999719619751,
                    -0.004961511120200157
                ],
                [
                    0.5916751623153687,
                    0.7626590728759766,
                    0.2612884044647217
                ],
                [
                    -0.15609844028949738,
                    -0.2095937281847,
                    0.9652479887008667
                ]
            ],
            [
                [
                    0.7541761994361877,
                    -0.6399858593940735,
                    0.14709338545799255
                ],
                [
                    0.6396008729934692,
                    0.766647458076477,
                    0.05623543635010719
                ],
                [
                    -0.148758664727211,
                    0.05166963115334511,
                    0.9875227808952332
                ]
            ],
            [
                [
                    0.5458515286445618,
                    -0.7936093807220459,
                    -0.26875704526901245
                ],
                [
                    0.8075553774833679,
                    0.41278076171875,
                    0.42126765847206116
                ],
                [
                    -0.22338418662548065,
                    -0.44698575139045715,
                    0.8662005066871643
                ]
            ],
            [
                [
                    0.7813284993171692,
                    -0.4654720425605774,
                    -0.4157662093639374
                ],
                [
                    0.5745431184768677,
                    0.7966271638870239,
                    0.1878441870212555
                ],
                [
                    0.2437743991613388,
                    -0.3856436312198639,
                    0.8898612856864929
                ]
            ],
            [
                [
                    0.978428065776825,
                    -0.14098815619945526,
                    -0.15099956095218658
                ],
                [
                    -0.08964479714632034,
                    0.3687688410282135,
                    -0.9251882433891296
                ],
                [
                    0.1861245334148407,
                    0.918766438961029,
                    0.34817492961883545
                ]
            ],
            [
                [
                    0.9355367422103882,
                    -0.23985101282596588,
                    -0.2593114674091339
                ],
                [
                    0.3491213619709015,
                    0.7394980192184448,
                    0.5755492448806763
                ],
                [
                    0.05371425300836563,
                    -0.6289786696434021,
                    0.7755646705627441
                ]
            ],
            [
                [
                    0.9648040533065796,
                    0.26141995191574097,
                    -0.028508219867944717
                ],
                [
                    -0.25728967785835266,
                    0.9608113765716553,
                    0.10316672921180725
                ],
                [
                    0.05436086282134056,
                    -0.09220080822706223,
                    0.9942553639411926
                ]
            ]
        ],
        "betas": [
            -0.03242838382720947,
            -0.041700392961502075,
            -0.07536476850509644,
            0.03990545868873596,
            0.08891582489013672,
            -0.03459789603948593,
            0.04145970940589905,
            -0.03551393747329712,
            -0.03727133572101593,
            -0.029537230730056763
        ]
    },
    "pred_cam_t": [
        -0.1091327965259552,
        -0.07258205115795135,
        4.876110553741455
    ],
    "focal_length": [
        5000.0,
        5000.0
    ],
    "pred_keypoints_3d": [
        [
            0.09594646841287613,
            0.006413119845092297,
            0.00619500782340765
        ],
        [
            0.1177579015493393,
            0.030635938048362732,
            -0.014590716920793056
        ],
        [
            0.1310364007949829,
            0.058456599712371826,
            -0.016571439802646637
        ],
        [
            0.13279813528060913,
            0.08557359874248505,
            -0.016716361045837402
        ],
        [
            0.1324779987335205,
            0.11882441490888596,
            -0.030818145722150803
        ],
        [
            0.09200665354728699,
            0.08603886514902115,
            -0.03747493773698807
        ],
        [
            0.09517127275466919,
            0.11868387460708618,
            -0.03294523432850838
        ],
        [
            0.10963739454746246,
            0.13278648257255554,
            -0.023574065417051315
        ],
        [
            0.1258271187543869,
            0.13640810549259186,
            -0.004068601876497269
        ],
        [
            0.07336443662643433,
            0.09406950324773788,
            -0.022523969411849976
        ],
        [
            0.08066938817501068,
            0.12341094762086868,
            -0.012826239690184593
        ],
        [
            0.10017507523298264,
            0.12418567389249802,
            -5.4552219808101654e-05
        ],
        [
            0.11794485151767731,
            0.11444108188152313,
            0.01624448597431183
        ],
        [
            0.06440655887126923,
            0.08659107238054276,
            0.0015642130747437477
        ],
        [
            0.07156503945589066,
            0.11456291377544403,
            0.0026937362272292376
        ],
        [
            0.09136471897363663,
            0.11686164885759354,
            0.017542153596878052
        ],
        [
            0.10630403459072113,
            0.10681907832622528,
            0.03627793490886688
        ],
        [
            0.06221583113074303,
            0.07949380576610565,
            0.022093646228313446
        ],
        [
            0.06730744242668152,
            0.09997786581516266,
            0.02050665020942688
        ],
        [
            0.08084315806627274,
            0.10681807994842529,
            0.0319860614836216
        ],
        [
            0.09389655292034149,
            0.10252084583044052,
            0.04375024512410164
        ]
    ],
    "pred_vertices": [
        [
            0.10698453336954117,
            0.05614853650331497,
            -0.014752337709069252
        ],
        [
            0.10932113230228424,
            0.04675351828336716,
            -0.00967523455619812
        ],
        [
            0.11358213424682617,
            0.054304998368024826,
            -0.01187155768275261
        ],
        [
            0.1117328479886055,
            0.06186654046177864,
            -0.0192295853048563
        ],
        [
            0.12466829270124435,
            0.04082128033041954,
            0.001516547054052353
        ],
        [
            0.13378119468688965,
            0.03407938778400421,
            -0.002483140677213669
        ],
        [
            0.1374123990535736,
            0.05031570792198181,
            -0.00508890300989151
        ],
        [
            0.1295643448829651,
            0.053571414202451706,
            0.00011812150478363037
        ],
        [
            0.1142624020576477,
            0.06644058227539062,
            -0.022964296862483025
        ],
        [
            0.11739419400691986,
            0.060907527804374695,
            -0.013167060911655426
        ],
        [
            0.11428725719451904,
            0.06624050438404083,
            -0.02493165247142315
        ],
        [
            0.10695134848356247,
            0.06872875988483429,
            -0.0385424867272377
        ],
        [
            0.10923805087804794,
            0.07039429247379303,
            -0.03263212740421295
        ],
        [
            0.1013805940747261,
            0.0733179897069931,
            -0.04388229921460152
        ],
        [
            0.10294300317764282,
            0.0595829077064991,
            -0.04249122366309166
        ],
        [
            0.09261700510978699,
            0.07044431567192078,
            -0.04647132754325867
        ],
        [
            0.07853686064481735,
            0.04919394478201866,
            -0.030120819807052612
        ],
        [
            0.07085651904344559,
            0.04733702540397644,
            -0.018778668716549873
        ],
        [
            0.06580701470375061,
            0.06359456479549408,
            -0.022733304649591446
        ],
        [
            0.07473389804363251,
            0.06421923637390137,
            -0.033382512629032135
        ],
        [
            0.060973893851041794,
            0.057592686265707016,
            -0.0031270396430045366
        ],
        [
            0.06325168162584305,
            0.0616493858397007,
            -0.014090048149228096
        ],
        [
            0.06718307733535767,
            0.04505329206585884,
            -0.010801993310451508
        ],
        [
            0.06501783430576324,
            0.04232329875230789,
            -0.0011056456714868546
        ],
        [
            0.0991629883646965,
            0.04912552237510681,
            -0.002864958718419075
        ],
        [
            0.10203245282173157,
            0.039578404277563095,
            0.0013085082173347473
        ],
        [
            0.10414357483386993,
            0.04113418236374855,
            -0.00417678989470005
        ],
        [
            0.10193174332380295,
            0.05050714313983917,
            -0.007637185975909233
        ],
        [
            0.12230072915554047,
            0.06654256582260132,
            -0.025469724088907242
        ],
        [
            0.11857689917087555,
            0.055476363748311996,
            -0.03427102416753769
        ],
        [
            0.11464011669158936,
            0.061574820429086685,
            -0.03157716989517212
        ],
        [
            0.120822474360466,
            0.06870044767856598,
            -0.02040758728981018
        ],
        [
            0.10891327261924744,
            0.019545122981071472,
            0.021863939240574837
        ],
        [
            0.10840241611003876,
            0.006032586097717285,
            0.021010154858231544
        ],
        [
            0.11120639741420746,
            0.005579546093940735,
            0.015786077827215195
        ],
        [
            0.11067865788936615,
            0.01787640154361725,
            0.01730990782380104
        ],
        [
            0.12512189149856567,
            0.013142727315425873,
            0.0007692053914070129
        ],
        [
            0.12078823149204254,
            0.0033716410398483276,
            0.0005460046231746674
        ],
        [
            0.12091603875160217,
            -0.004994548857212067,
            -0.00969347357749939
        ],
        [
            0.124779611825943,
            0.004777923226356506,
            -0.012625191360712051
        ],
        [
            0.12972110509872437,
            0.023874111473560333,
            -0.0008305087685585022
        ],
        [
            0.13216125965118408,
            0.016693316400051117,
            -0.012056197971105576
        ],
        [
            0.13717778027057648,
            0.029500968754291534,
            -0.012253854423761368
        ],
        [
            0.14035843312740326,
            0.047868382185697556,
            -0.013457352295517921
        ],
        [
            0.09981217980384827,
            0.005800977349281311,
            0.030555376783013344
        ],
        [
            0.09939756989479065,
            0.015751555562019348,
            0.03291211277246475
        ],
        [
            0.10682312399148941,
            0.11560846865177155,
            -0.030454877763986588
        ],
        [
            0.10457395017147064,
            0.11621413379907608,
            -0.02499782107770443
        ],
        [
            0.10387823730707169,
            0.11251014471054077,
            -0.026074055582284927
        ],
        [
            0.10599763691425323,
            0.11303895711898804,
            -0.031518518924713135
        ],
        [
            0.07974311709403992,
            0.008395500481128693,
            0.031040368601679802
        ],
        [
            0.07225938141345978,
            0.005809389054775238,
            0.024754321202635765
        ],
        [
            0.07463507354259491,
            -0.00035947561264038086,
            0.027867019176483154
        ],
        [
            0.08275510370731354,
            0.0015452206134796143,
            0.03225158154964447
        ],
        [
            0.07586254924535751,
            0.01746780425310135,
            0.029396897181868553
        ],
        [
            0.06970447301864624,
            0.014578334987163544,
            0.020330941304564476
        ],
        [
            0.1009911373257637,
            0.123814657330513,
            -0.03861044719815254
        ],
        [
            0.10501772165298462,
            0.12070033699274063,
            -0.03769677132368088
        ],
        [
            0.10200803726911545,
            0.11772827804088593,
            -0.03975624218583107
        ],
        [
            0.09733952581882477,
            0.11970456689596176,
            -0.03988758102059364
        ],
        [
            0.10891174525022507,
            0.0687507763504982,
            -0.02598920278251171
        ],
        [
            0.10526502132415771,
            0.06501506268978119,
            -0.01852390728890896
        ],
        [
            0.10242966562509537,
            0.08301296830177307,
            -0.031083006411790848
        ],
        [
            0.10214636474847794,
            0.07619939744472504,
            -0.026013828814029694
        ],
        [
            0.10556554794311523,
            0.07488444447517395,
            -0.032015979290008545
        ],
        [
            0.10445062816143036,
            0.08054175972938538,
            -0.036324452608823776
        ],
        [
            0.09025974571704865,
            0.06983914971351624,
            -0.006474600173532963
        ],
        [
            0.09360003471374512,
            0.0589771643280983,
            -0.0035899579524993896
        ],
        [
            0.0964638814330101,
            0.0609784759581089,
            -0.009275741875171661
        ],
        [
            0.09435363858938217,
            0.07309281826019287,
            -0.013373775407671928
        ],
        [
            0.08886019885540009,
            0.057907041162252426,
            0.00977293774485588
        ],
        [
            0.08557822555303574,
            0.06853415817022324,
            0.005622914992272854
        ],
        [
            0.08319933712482452,
            0.06672036647796631,
            0.013710008934140205
        ],
        [
            0.08676628023386002,
            0.05981595069169998,
            0.015707366168498993
        ],
        [
            0.0810786634683609,
            0.08574957400560379,
            -0.004619908519089222
        ],
        [
            0.07918310910463333,
            0.09113412350416183,
            -0.007212928496301174
        ],
        [
            0.07812531292438507,
            0.09212185442447662,
            -0.004020362626761198
        ],
        [
            0.07962101697921753,
            0.0850512832403183,
            -0.0012355353683233261
        ],
        [
            0.07637132704257965,
            -0.00691821426153183,
            0.030013151466846466
        ],
        [
            0.08574232459068298,
            -0.0051264092326164246,
            0.03243805840611458
        ],
        [
            0.058214616030454636,
            0.053899094462394714,
            0.0181574746966362
        ],
        [
            0.06291850656270981,
            0.051417287439107895,
            0.028110861778259277
        ],
        [
            0.057905178517103195,
            0.06440335512161255,
            0.0279407761991024
        ],
        [
            0.05388187617063522,
            0.06346612423658371,
            0.017105694860219955
        ],
        [
            0.0693788230419159,
            0.0049144551157951355,
            0.014782818034291267
        ],
        [
            0.06978040933609009,
            -0.0016399025917053223,
            0.01911246031522751
        ],
        [
            0.09623359143733978,
            0.12634289264678955,
            -0.035723473876714706
        ],
        [
            0.09279024600982666,
            0.12138188630342484,
            -0.03640803322196007
        ],
        [
            0.1316959410905838,
            0.02416910231113434,
            -0.0241922028362751
        ],
        [
            0.13822616636753082,
            0.04589361324906349,
            -0.022844593971967697
        ],
        [
            0.12368516623973846,
            0.009148873388767242,
            -0.022796783596277237
        ],
        [
            0.11661292612552643,
            -0.0003220662474632263,
            -0.020609958097338676
        ],
        [
            0.11335331946611404,
            -0.008912034332752228,
            -0.018458684906363487
        ],
        [
            0.097963348031044,
            0.0796615481376648,
            -0.022207768633961678
        ],
        [
            0.10133528709411621,
            0.05927545949816704,
            -0.01232147216796875
        ],
        [
            0.09702177345752716,
            0.048337262123823166,
            0.0018123555928468704
        ],
        [
            0.08652093261480331,
            0.05101389437913895,
            0.03087168000638485
        ],
        [
            0.0903601199388504,
            0.041384145617485046,
            0.03329744189977646
        ],
        [
            0.09464395046234131,
            0.045338671654462814,
            0.02426653727889061
        ],
        [
            0.08987259119749069,
            0.05273575335741043,
            0.023716244846582413
        ],
        [
            0.07017280161380768,
            0.054480236023664474,
            0.03401695564389229
        ],
        [
            0.07712189108133316,
            0.05849337950348854,
            0.03261307254433632
        ],
        [
            0.07298393547534943,
            0.06690716743469238,
            0.030997561290860176
        ],
        [
            0.06556117534637451,
            0.06491129845380783,
            0.03261624276638031
        ],
        [
            0.12827834486961365,
            0.06509524583816528,
            -0.02944004163146019
        ],
        [
            0.12375635653734207,
            0.05044789984822273,
            -0.03557229042053223
        ],
        [
            0.08947104215621948,
            0.011151164770126343,
            0.03425934165716171
        ],
        [
            0.09258262813091278,
            0.004085622727870941,
            0.03297845274209976
        ],
        [
            0.09346865117549896,
            -0.004367128014564514,
            0.03230726718902588
        ],
        [
            0.10667171329259872,
            0.029446803033351898,
            0.01062096655368805
        ],
        [
            0.11201383173465729,
            0.016726285219192505,
            0.014140147715806961
        ],
        [
            0.11424552649259567,
            0.017383582890033722,
            0.01038394682109356
        ],
        [
            0.10693535208702087,
            0.02928897738456726,
            0.006780862808227539
        ],
        [
            0.11245628446340561,
            0.038329754024744034,
            -0.0019107609987258911
        ],
        [
            0.12004981935024261,
            0.02886233478784561,
            0.003342472016811371
        ],
        [
            0.11624962091445923,
            0.04830872640013695,
            -0.0021847449243068695
        ],
        [
            0.11541256308555603,
            0.0033619701862335205,
            0.00909285806119442
        ],
        [
            0.11286673694849014,
            -0.0045769065618515015,
            0.016388345509767532
        ],
        [
            0.11663053929805756,
            -0.005956828594207764,
            0.008426498621702194
        ],
        [
            0.10678490996360779,
            -0.004276938736438751,
            0.024080686271190643
        ],
        [
            0.1001170352101326,
            -0.004095986485481262,
            0.02999141812324524
        ],
        [
            0.06835196167230606,
            -0.009701907634735107,
            0.021544719114899635
        ],
        [
            0.11875897645950317,
            -0.006663605570793152,
            0.00042551010847091675
        ],
        [
            0.1326015144586563,
            0.062355395406484604,
            -0.00312778539955616
        ],
        [
            0.13451313972473145,
            0.07028442621231079,
            -0.0061999158933758736
        ],
        [
            0.12739205360412598,
            0.0708625391125679,
            -0.0064871301874518394
        ],
        [
            0.1250986009836197,
            0.0641806572675705,
            -0.004502803087234497
        ],
        [
            0.09707706421613693,
            0.08096648007631302,
            -0.04675671085715294
        ],
        [
            0.10298658907413483,
            0.0811321809887886,
            -0.04192715883255005
        ],
        [
            0.10612501204013824,
            0.07355397194623947,
            -0.03869002312421799
        ],
        [
            0.1037382036447525,
            0.029767818748950958,
            0.024254268035292625
        ],
        [
            0.09606967866420746,
            0.026103638112545013,
            0.033636122941970825
        ],
        [
            0.09824201464653015,
            0.08637307584285736,
            -0.027322988957166672
        ],
        [
            0.09459029883146286,
            0.11575083434581757,
            -0.04148925468325615
        ],
        [
            0.10013999789953232,
            0.11375723779201508,
            -0.0413467101752758
        ],
        [
            0.09776195883750916,
            0.09580554068088531,
            -0.045423947274684906
        ],
        [
            0.0911424458026886,
            0.09806583821773529,
            -0.04590868204832077
        ],
        [
            0.09070992469787598,
            0.09335357695817947,
            -0.02707669883966446
        ],
        [
            0.0971018448472023,
            0.09000274538993835,
            -0.02747640758752823
        ],
        [
            0.09598766267299652,
            0.0920865461230278,
            -0.0271904394030571
        ],
        [
            0.09091615676879883,
            0.09570331871509552,
            -0.024867389351129532
        ],
        [
            0.07582888007164001,
            0.08871099352836609,
            0.004285585600882769
        ],
        [
            0.07737468183040619,
            0.08235751837491989,
            0.006801038980484009
        ],
        [
            0.07354430854320526,
            0.08028476685285568,
            -0.03386125713586807
        ],
        [
            0.07918445765972137,
            0.07734033465385437,
            -0.0459277369081974
        ],
        [
            0.08297654986381531,
            0.0655047744512558,
            -0.042811110615730286
        ],
        [
            0.08754383027553558,
            0.06820597499608994,
            0.00031800195574760437
        ],
        [
            0.08416673541069031,
            0.07791876792907715,
            -0.00157199427485466
        ],
        [
            0.08238504827022552,
            0.07738016545772552,
            0.002194007858633995
        ],
        [
            0.09471450001001358,
            0.08292576670646667,
            -0.02078389748930931
        ],
        [
            0.09340319037437439,
            0.08867736160755157,
            -0.024212326854467392
        ],
        [
            0.09066431224346161,
            0.08701269328594208,
            -0.020492326468229294
        ],
        [
            0.0920133888721466,
            0.08127402514219284,
            -0.016357235610485077
        ],
        [
            0.06666544824838638,
            0.038537926971912384,
            0.028652897104620934
        ],
        [
            0.07500796020030975,
            0.04224330931901932,
            0.03593859076499939
        ],
        [
            0.10709349066019058,
            0.1174854040145874,
            -0.034928299486637115
        ],
        [
            0.1052546352148056,
            0.11501652747392654,
            -0.03658384829759598
        ],
        [
            0.09090468287467957,
            0.05758391320705414,
            0.0030053090304136276
        ],
        [
            0.08759725093841553,
            0.05211547762155533,
            -0.03772604092955589
        ],
        [
            0.09505651891231537,
            0.0476861409842968,
            0.00696423277258873
        ],
        [
            0.05801529064774513,
            0.07835260033607483,
            0.0052277762442827225
        ],
        [
            0.06206203252077103,
            0.08198585361242294,
            0.010748432017862797
        ],
        [
            0.06363533437252045,
            0.08789392560720444,
            0.009472209960222244
        ],
        [
            0.05956082418560982,
            0.08755594491958618,
            0.005091636907309294
        ],
        [
            0.09260300546884537,
            0.11065132915973663,
            -0.022258639335632324
        ],
        [
            0.0982712060213089,
            0.10957004129886627,
            -0.02248835191130638
        ],
        [
            0.09936041384935379,
            0.11362211406230927,
            -0.02188064530491829
        ],
        [
            0.09401006251573563,
            0.11618059873580933,
            -0.02156812697649002
        ],
        [
            0.10135573893785477,
            0.08808238804340363,
            -0.03114139288663864
        ],
        [
            0.10380511730909348,
            0.08663715422153473,
            -0.0367911159992218
        ],
        [
            0.1034410297870636,
            0.09211210161447525,
            -0.03537160903215408
        ],
        [
            0.10011427849531174,
            0.09228818118572235,
            -0.030362382531166077
        ],
        [
            0.10186295211315155,
            0.08756523579359055,
            -0.04252588748931885
        ],
        [
            0.10211633890867233,
            0.09336648136377335,
            -0.04147256910800934
        ],
        [
            0.08768799155950546,
            0.1130913570523262,
            -0.025697140023112297
        ],
        [
            0.08637071400880814,
            0.1157490462064743,
            -0.03258959576487541
        ],
        [
            0.08196758478879929,
            0.09933630377054214,
            -0.0354173518717289
        ],
        [
            0.08520157635211945,
            0.09955911338329315,
            -0.028137054294347763
        ],
        [
            0.06767208874225616,
            0.027412302792072296,
            0.0002578217536211014
        ],
        [
            0.0657481923699379,
            0.02680504322052002,
            0.011258541606366634
        ],
        [
            0.06287004798650742,
            0.041613005101680756,
            0.010172699578106403
        ],
        [
            0.0586402602493763,
            0.05594552308320999,
            0.009142073802649975
        ],
        [
            0.055886246263980865,
            0.06974388659000397,
            0.0075457049533724785
        ],
        [
            0.056386373937129974,
            0.07025269418954849,
            -0.004661533050239086
        ],
        [
            0.0625135600566864,
            0.039950817823410034,
            0.01823727786540985
        ],
        [
            0.08177980035543442,
            0.09106335788965225,
            -0.028982194140553474
        ],
        [
            0.07911503314971924,
            0.08842387795448303,
            -0.03666672483086586
        ],
        [
            0.07679269462823868,
            0.08765961974859238,
            -0.031843483448028564
        ],
        [
            0.09355001151561737,
            0.04823191091418266,
            0.014290066435933113
        ],
        [
            0.10413041710853577,
            0.11156120896339417,
            -0.03834529221057892
        ],
        [
            0.09209989756345749,
            -0.002779759466648102,
            -0.021123899146914482
        ],
        [
            0.08110377192497253,
            -0.0027550682425498962,
            -0.012817958369851112
        ],
        [
            0.08181311935186386,
            0.005477584898471832,
            -0.015978362411260605
        ],
        [
            0.09515193849802017,
            0.005983732640743256,
            -0.024904344230890274
        ],
        [
            0.10368063300848007,
            0.10900919139385223,
            -0.02680088020861149
        ],
        [
            0.106116384267807,
            0.10950592160224915,
            -0.032613158226013184
        ],
        [
            0.07441410422325134,
            0.08326376974582672,
            0.0128220459446311
        ],
        [
            0.07311104238033295,
            0.08876798301935196,
            0.009413117542862892
        ],
        [
            0.06984177231788635,
            0.0897531807422638,
            0.010781764052808285
        ],
        [
            0.07106484472751617,
            0.08631420880556107,
            0.016355471685528755
        ],
        [
            0.06595336645841599,
            0.025372780859470367,
            0.017073223367333412
        ],
        [
            0.05726876109838486,
            0.07425032556056976,
            0.027383890002965927
        ],
        [
            0.053199708461761475,
            0.07227586209774017,
            0.018106836825609207
        ],
        [
            0.06828223168849945,
            0.013910084962844849,
            0.011764799244701862
        ],
        [
            0.06942063570022583,
            0.014120727777481079,
            0.002022271044552326
        ],
        [
            0.07042272388935089,
            0.0045710280537605286,
            0.0038439063355326653
        ],
        [
            0.061904825270175934,
            0.07861252129077911,
            -0.016316594555974007
        ],
        [
            0.06957194209098816,
            0.03008318692445755,
            -0.00782041996717453
        ],
        [
            0.0718173086643219,
            0.015951156616210938,
            -0.005063328891992569
        ],
        [
            0.07313886284828186,
            0.004612252116203308,
            -0.0032089417800307274
        ],
        [
            0.07322658598423004,
            -0.003584727644920349,
            -0.0015159901231527328
        ],
        [
            0.07036075741052628,
            -0.0027650296688079834,
            0.0061026327311992645
        ],
        [
            0.08964034914970398,
            0.11648203432559967,
            -0.037580590695142746
        ],
        [
            0.08892457187175751,
            0.12200403213500977,
            -0.030812837183475494
        ],
        [
            0.06869479268789291,
            -0.011453747749328613,
            0.00828702375292778
        ],
        [
            0.07261467725038528,
            -0.01189199835062027,
            -0.00015650317072868347
        ],
        [
            0.07595280557870865,
            0.01747448742389679,
            -0.013216739520430565
        ],
        [
            0.08287950605154037,
            0.01962912082672119,
            -0.02264149859547615
        ],
        [
            0.07379132509231567,
            0.031167827546596527,
            -0.015453124418854713
        ],
        [
            0.07997690886259079,
            0.03432207927107811,
            -0.02498571202158928
        ],
        [
            0.06244070827960968,
            0.07589372992515564,
            -0.02696225605905056
        ],
        [
            0.10054663568735123,
            0.134884312748909,
            -0.022264394909143448
        ],
        [
            0.09268864244222641,
            0.12593680620193481,
            -0.02442721650004387
        ],
        [
            0.09562429785728455,
            0.12199141830205917,
            -0.02127169445157051
        ],
        [
            0.10064571350812912,
            0.1319129467010498,
            -0.018866512924432755
        ],
        [
            0.08995596319437027,
            0.1192525327205658,
            -0.024631308391690254
        ],
        [
            0.09260383248329163,
            0.1271648406982422,
            -0.030075503513216972
        ],
        [
            0.09243427962064743,
            0.03744363412261009,
            -0.03420303389430046
        ],
        [
            0.08863760530948639,
            0.09211313724517822,
            -0.02342582494020462
        ],
        [
            0.10005153715610504,
            0.02220192551612854,
            -0.03157930076122284
        ],
        [
            0.10601595044136047,
            0.04655478894710541,
            -0.04108815640211105
        ],
        [
            0.11385151743888855,
            0.036290258169174194,
            -0.037497181445360184
        ],
        [
            0.1096375361084938,
            0.007067054510116577,
            -0.028421763330698013
        ],
        [
            0.1201842725276947,
            0.02176056057214737,
            -0.03276047110557556
        ],
        [
            0.10256381332874298,
            -0.009832985699176788,
            -0.02135114185512066
        ],
        [
            0.10428221523761749,
            -0.001315586268901825,
            -0.024510078132152557
        ],
        [
            0.1290912926197052,
            0.038284312933683395,
            -0.03245238587260246
        ],
        [
            0.11095825582742691,
