{
    "pred_cam": [
        7.972705841064453,
        -0.10430943220853806,
        -0.074644535779953
    ],
    "pred_mano_params": {
        "global_orient": [
            [
                [
                    0.2368747591972351,
                    -0.7755525708198547,
                    0.5851567387580872
                ],
                [
                    -0.9203411340713501,
                    -0.37206828594207764,
                    -0.12057095766067505
                ],
                [
                    0.31122738122940063,
                    -0.5099835991859436,
                    -0.8019065260887146
                ]
            ]
        ],
        "hand_pose": [
            [
                [
                    0.7608314156532288,
                    -0.6174100041389465,
                    -0.1998509168624878
                ],
                [
                    0.6129714846611023,
                    0.784839391708374,
                    -0.091066375374794
                ],
                [
                    0.2130761593580246,
                    -0.05321675166487694,
                    0.9755851626396179
                ]
            ],
            [
                [
                    0.8284550309181213,
                    -0.4913136661052704,
                    0.26883673667907715
                ],
                [
                    0.5378794074058533,
                    0.8317309021949768,
                    -0.13751165568828583
                ],
                [
                    -0.15603844821453094,
                    0.25852397084236145,
                    0.9533191323280334
                ]
            ],
            [
                [
                    0.764043927192688,
                    -0.6451642513275146,
                    0.00010119091894011945
                ],
                [
                    0.6233728528022766,
                    0.7381966710090637,
                    -0.2578214406967163
                ],
                [
                    0.16626247763633728,
                    0.19704996049404144,
                    0.9661925435066223
                ]
            ],
            [
                [
                    0.690152645111084,
                    -0.7068719863891602,
                    -0.15498816967010498
                ],
                [
                    0.7218236327171326,
                    0.6876880526542664,
                    0.07781929522752762
                ],
                [
                    0.05157523229718208,
                    -0.16558131575584412,
                    0.9848466515541077
                ]
            ],
            [
                [
                    0.5031362175941467,
                    -0.8320561051368713,
                    -0.23353052139282227
                ],
                [
                    0.8598753213882446,
                    0.4549678564071655,
                    0.2315569669008255
                ],
                [
                    -0.08641951531171799,
                    -0.3173118531703949,
                    0.9443753361701965
                ]
            ],
            [
                [
                    0.8385343551635742,
                    -0.45115309953689575,
                    -0.30548498034477234
                ],
                [
                    0.49739474058151245,
                    0.8627152442932129,
                    0.09121870994567871
                ],
                [
                    0.2223929613828659,
                    -0.2284366488456726,
                    0.9478175640106201
                ]
            ],
            [
                [
                    0.5536107420921326,
                    -0.5686118006706238,
                    0.6084371209144592
                ],
                [
                    0.4789086580276489,
                    0.8150940537452698,
                    0.32598790526390076
                ],
                [
                    -0.6812940835952759,
                    0.11091536283493042,
                    0.7235579490661621
                ]
            ],
            [
                [
                    0.6592525839805603,
                    -0.6809178590774536,
                    -0.3189622163772583
                ],
                [
                    0.737262487411499,
                    0.5020075440406799,
                    0.45214205980300903
                ],
                [
                    -0.14775016903877258,
                    -0.5332346558570862,
                    0.8329649567604065
                ]
            ],
            [
                [
                    0.8340988159179688,
                    -0.5515038967132568,
                    -0.011071830987930298
                ],
                [
                    0.5354358553886414,
                    0.8046456575393677,
                    0.25661998987197876
                ],
                [
                    -0.1326180100440979,
                    -0.21997469663619995,
                    0.966448962688446
                ]
            ],
            [
                [
                    0.7324478626251221,
                    -0.6633616089820862,
                    0.1532038301229477
                ],
                [
                    0.660309910774231,
                    0.7469816207885742,
                    0.07751961052417755
                ],
                [
                    -0.1658639758825302,
                    0.044382937252521515,
                    0.9851493239402771
                ]
            ],
            [
                [
                    0.532575249671936,
                    -0.801324725151062,
                    -0.2724742591381073
                ],
                [
                    0.8154217600822449,
                    0.39950287342071533,
                    0.4189090132713318
                ],
                [
                    -0.22682791948318481,
                    -0.4452820420265198,
                    0.8661829829216003
                ]
            ],
            [
                [
                    0.8025142550468445,
                    -0.4743112325668335,
                    -0.3619387447834015
                ],
                [
                    0.5557966232299805,
                    0.8148886561393738,
                    0.16445837914943695
                ],
                [
                    0.21693532168865204,
                    -0.33314454555511475,
                    0.9175803661346436
                ]
            ],
            [
                [
                    0.9791017770767212,
                    -0.1368086338043213,
                    -0.15047632157802582
                ],
                [
                    -0.09037765860557556,
                    0.3701324462890625,
                    -0.924572229385376
                ],
                [
                    0.18218563497066498,
                    0.9188500046730042,
                    0.35003289580345154
                ]
            ],
            [
                [
                    0.9375693202018738,
                    -0.23444236814975739,
                    -0.25690555572509766
                ],
                [
                    0.3436274826526642,
                    0.7384657859802246,
                    0.5801624655723572
                ],
                [
                    0.05370128154754639,
                    -0.6322224140167236,
                    0.7729237079620361
                ]
            ],
            [
                [
                    0.9691703915596008,
                    0.24611796438694,
                    -0.011606456711888313
                ],
                [
                    -0.2444310337305069,
                    0.9663222432136536,
                    0.08046642690896988
                ],
                [
                    0.03101980686187744,
                    -0.07514869421720505,
                    0.9966897964477539
                ]
            ]
        ],
        "betas": [
            0.0025107860565185547,
            -0.04040566086769104,
            -0.07272076606750488,
            0.04915103316307068,
            0.08079826831817627,
            -0.041284240782260895,
            0.03204125165939331,
            -0.041775405406951904,
            -0.031762316823005676,
            -0.041908323764801025
        ]
    },
    "pred_cam_t": [
        -0.10430943220853806,
        -0.074644535779953,
        4.899528503417969
    ],
    "focal_length": [
        5000.0,
        5000.0
    ],
    "pred_keypoints_3d": [
        [
            0.0957820862531662,
            0.006398631725460291,
            0.00618384312838316
        ],
        [
            0.11721363663673401,
            0.03125063702464104,
            -0.014109511859714985
        ],
        [
            0.13035009801387787,
            0.05911670997738838,
            -0.015554111450910568
        ],
        [
            0.13203398883342743,
            0.08619942516088486,
            -0.015290636569261551
        ],
        [
            0.13252079486846924,
            0.119761161506176,
            -0.02848917990922928
        ],
        [
            0.09100715070962906,
            0.08703814446926117,
            -0.03513726592063904
        ],
        [
            0.09473253786563873,
            0.11962416768074036,
            -0.03102077916264534
        ],
        [
            0.10978689789772034,
            0.1331903338432312,
            -0.02187463641166687
        ],
        [
            0.1265055537223816,
            0.1362820416688919,
            -0.002817761152982712
        ],
        [
            0.07252591848373413,
            0.09454978257417679,
            -0.019811291247606277
        ],
        [
            0.07978776097297668,
            0.12368711829185486,
            -0.009659040719270706
        ],
        [
            0.0995490625500679,
            0.1235860139131546,
            0.0026587573811411858
        ],
        [
            0.11777541041374207,
            0.11312128603458405,
            0.017874354496598244
        ],
        [
            0.06388448923826218,
            0.08638346195220947,
            0.004103724844753742
        ],
        [
            0.07189259678125381,
            0.11401332169771194,
            0.006078224629163742
        ],
        [
            0.0919736921787262,
            0.11480725556612015,
            0.02062608301639557
        ],
        [
            0.1076597273349762,
            0.10430322587490082,
            0.038310155272483826
        ],
        [
            0.06194201111793518,
            0.07872486859560013,
            0.02440575510263443
        ],
        [
            0.06883899867534637,
            0.09866027534008026,
            0.023209717124700546
        ],
        [
            0.08303780853748322,
            0.10378415882587433,
            0.03472161293029785
        ],
        [
            0.09617695957422256,
            0.0989711657166481,
            0.04656771197915077
        ]
    ],
    "pred_vertices": [
        [
            0.10634423792362213,
            0.05665883794426918,
            -0.013475591316819191
        ],
        [
            0.10877109318971634,
            0.04717504233121872,
            -0.008703673258423805
        ],
        [
            0.11297374218702316,
            0.05481027811765671,
            -0.010759348049759865
        ],
        [
            0.11101296544075012,
            0.06251727789640427,
            -0.017849579453468323
        ],
        [
            0.1242232471704483,
            0.04109807312488556,
            0.002151425927877426
        ],
        [
            0.13329346477985382,
            0.03450789302587509,
            -0.002077944576740265
        ],
        [
            0.1368248164653778,
            0.050794001668691635,
            -0.004333479329943657
        ],
        [
            0.12905758619308472,
            0.05391678214073181,
            0.0009963363409042358
        ],
        [
            0.11348645389080048,
            0.06721370667219162,
            -0.021502461284399033
        ],
        [
            0.11674462258815765,
            0.06148964539170265,
            -0.011931683868169785
        ],
        [
            0.11349721252918243,
            0.06707984209060669,
            -0.02350218966603279
        ],
        [
            0.10601013898849487,
            0.06985314190387726,
            -0.03687296807765961
        ],
        [
            0.10834430158138275,
            0.07136858254671097,
            -0.030951660126447678
        ],
        [
            0.10036040842533112,
            0.0745190978050232,
            -0.04198061674833298
        ],
        [
            0.10202275216579437,
            0.0608074814081192,
            -0.04100590571761131
        ],
        [
            0.09160148352384567,
            0.07166711986064911,
            -0.04451631382107735
        ],
        [
            0.07782621681690216,
            0.04999165236949921,
            -0.028672004118561745
        ],
        [
            0.07027941942214966,
            0.04779793694615364,
            -0.017334934324026108
        ],
        [
            0.06510340422391891,
            0.06410627067089081,
            -0.020777538418769836
        ],
        [
            0.07392013818025589,
            0.06505265831947327,
            -0.03146098926663399
        ],
        [
            0.06043141707777977,
            0.05763353034853935,
            -0.001354592852294445
        ],
        [
            0.06263189017772675,
            0.061945363879203796,
            -0.012194223701953888
        ],
        [
            0.0667015090584755,
            0.045295245945453644,
            -0.009410062804818153
        ],
        [
            0.06463347375392914,
            0.04231218248605728,
            0.00020250631496310234
        ],
        [
            0.09869793057441711,
            0.04928724095225334,
            -0.0017100032418966293
        ],
        [
            0.10165096074342728,
            0.03966798633337021,
            0.00216725654900074
        ],
        [
            0.10368460416793823,
            0.041384901851415634,
            -0.0032924916595220566
        ],
        [
            0.10139941424131393,
            0.05080973729491234,
            -0.006466636434197426
        ],
        [
            0.12148597091436386,
            0.06735691428184509,
            -0.024195285513997078
        ],
        [
            0.11773449182510376,
            0.05653605982661247,
            -0.03312483802437782
        ],
        [
            0.113803930580616,
            0.06255194544792175,
            -0.030245453119277954
        ],
        [
            0.1200614720582962,
            0.06942526996135712,
            -0.019085705280303955
        ],
        [
            0.10882149636745453,
            0.019147485494613647,
            0.022047191858291626
        ],
        [
            0.10836376249790192,
            0.005682744085788727,
            0.020830901339650154
        ],
        [
            0.11111220717430115,
            0.005385570228099823,
            0.015580305829644203
        ],
        [
            0.11054757982492447,
            0.017614111304283142,
            0.017445826902985573
        ],
        [
            0.12480203807353973,
            0.013433858752250671,
            0.0006750039756298065
        ],
        [
            0.12053171545267105,
            0.0036476925015449524,
            0.00022675096988677979
        ],
        [
            0.12058994174003601,
            -0.004429653286933899,
            -0.01022452861070633
        ],
        [
            0.1243649274110794,
            0.0054321736097335815,
            -0.01291092298924923
        ],
        [
            0.12931309640407562,
            0.024238936603069305,
            -0.0006687603890895844
        ],
        [
            0.13166925311088562,
            0.01736413687467575,
            -0.012076310813426971
        ],
        [
            0.1366005390882492,
            0.030169077217578888,
            -0.011961271986365318
        ],
        [
            0.13967038691043854,
            0.0485004261136055,
            -0.012768292799592018
        ],
        [
            0.09988456964492798,
            0.005148835480213165,
            0.0304279625415802
        ],
        [
            0.09945014864206314,
            0.015012502670288086,
            0.033054169267416
        ],
        [
            0.10640161484479904,
            0.11619830131530762,
            -0.028827030211687088
        ],
        [
            0.10431855916976929,
            0.11681361496448517,
            -0.023311028257012367
        ],
        [
            0.10353456437587738,
            0.11320201307535172,
            -0.024336077272892
        ],
        [
            0.10551202297210693,
            0.11369459331035614,
            -0.02981914021074772
        ],
        [
            0.079841248691082,
            0.007619015872478485,
            0.031185828149318695
        ],
        [
            0.07232853025197983,
            0.005173586308956146,
            0.024916023015975952
        ],
        [
            0.07475858926773071,
            -0.0010567083954811096,
            0.02782921865582466
        ],
        [
            0.08289428800344467,
            0.0007634088397026062,
            0.03217991068959236
        ],
        [
            0.07590128481388092,
            0.01669706404209137,
            0.029826737940311432
        ],
        [
            0.06969055533409119,
            0.014034569263458252,
            0.02076750621199608
        ],
        [
            0.10053975135087967,
            0.12455455958843231,
            -0.03675553947687149
        ],
        [
            0.10451775044202805,
            0.12136320769786835,
            -0.03597289323806763
        ],
        [
            0.1014084666967392,
            0.11848209798336029,
            -0.03793734312057495
        ],
        [
            0.09677868336439133,
            0.12054848670959473,
            -0.03795626014471054
        ],
        [
            0.10809336602687836,
            0.0695449635386467,
            -0.024356668815016747
        ],
        [
            0.10455050319433212,
            0.06559742987155914,
            -0.01696605607867241
        ],
        [
            0.10147032141685486,
            0.08390627801418304,
            -0.028935618698596954
        ],
        [
            0.1012989953160286,
            0.07696054130792618,
            -0.024069692939519882
        ],
        [
            0.10463892668485641,
            0.07580557465553284,
            -0.030128557235002518
        ],
        [
            0.10342400521039963,
            0.0815228745341301,
            -0.034270595759153366
        ],
        [
            0.08967961370944977,
            0.07000644505023956,
            -0.00464725773781538
        ],
        [
            0.09309124946594238,
            0.059106286615133286,
            -0.0021033715456724167
        ],
        [
            0.09588032215833664,
            0.061274729669094086,
            -0.007751498371362686
        ],
        [
            0.09367982298135757,
            0.07347031682729721,
            -0.011479785665869713
        ],
        [
            0.08849866688251495,
            0.057629093527793884,
            0.011241301894187927
        ],
        [
            0.08512726426124573,
            0.06831356137990952,
            0.007420210167765617
        ],
        [
            0.08283587545156479,
            0.06622573733329773,
            0.015451934188604355
        ],
        [
            0.08645547926425934,
            0.059336237609386444,
            0.017231568694114685
        ],
        [
            0.08051105588674545,
            0.08576081693172455,
            -0.002262052148580551
        ],
        [
            0.07867196947336197,
            0.09120222181081772,
            -0.004697483032941818
        ],
        [
            0.07764651626348495,
            0.09194733947515488,
            -0.0014640558511018753
        ],
        [
            0.0790947899222374,
            0.08491111546754837,
            0.0011005154810845852
        ],
        [
            0.07654385268688202,
            -0.00765373557806015,
            0.029774654656648636
        ],
        [
            0.08591033518314362,
            -0.005886822938919067,
            0.03215167671442032
        ],
        [
            0.05781093239784241,
            0.05336921662092209,
            0.01981649175286293
        ],
        [
            0.06263940036296844,
            0.05055919662117958,
            0.029588941484689713
        ],
        [
            0.057584259659051895,
            0.06364340335130692,
            0.029807183891534805
        ],
        [
            0.05334299057722092,
            0.06304951012134552,
            0.019014833495020866
        ],
        [
            0.0693657249212265,
            0.004540756344795227,
            0.014975618571043015
        ],
        [
            0.06983888894319534,
            -0.002118214964866638,
            0.019109386950731277
        ],
        [
            0.09590920805931091,
            0.12714889645576477,
            -0.03373386338353157
        ],
        [
            0.09234824776649475,
            0.1223318874835968,
            -0.034374672919511795
        ],
        [
            0.13104361295700073,
            0.02510274201631546,
            -0.02397223934531212
        ],
        [
            0.1374634951353073,
            0.046727828681468964,
            -0.02215045690536499
        ],
        [
            0.12314300239086151,
            0.010050550103187561,
            -0.022919800132513046
        ],
        [
            0.11615702509880066,
            0.0005056560039520264,
            -0.02094188891351223
        ],
        [
            0.1129685640335083,
            -0.008141830563545227,
            -0.019006235525012016
        ],
        [
            0.0971430316567421,
            0.0803164392709732,
            -0.02011210098862648
        ],
        [
            0.1007140576839447,
            0.05968070775270462,
            -0.010891908779740334
        ],
        [
            0.09661570191383362,
            0.04836341366171837,
            0.0029601454734802246
        ],
        [
            0.08637882769107819,
            0.05013296380639076,
            0.03212369605898857
        ],
        [
            0.09028369188308716,
            0.04050755873322487,
            0.034245483577251434
        ],
        [
            0.09446952491998672,
            0.04472149536013603,
            0.025297340005636215
        ],
        [
            0.08966132253408432,
            0.052069079130887985,
            0.024996384978294373
        ],
        [
            0.06996969878673553,
            0.05343640223145485,
            0.03550030663609505
        ],
        [
            0.07692579925060272,
            0.05744815245270729,
            0.03415365144610405
        ],
        [
            0.07276681065559387,
            0.06575895845890045,
            0.03281049057841301
        ],
        [
            0.06529513001441956,
            0.06386099755764008,
            0.03441692888736725
        ],
        [
            0.12741470336914062,
            0.0659947320818901,
            -0.028250614181160927
        ],
        [
            0.12290984392166138,
            0.051564451307058334,
            -0.03459934890270233
        ],
        [
            0.08956868946552277,
            0.01033259928226471,
            0.03437265753746033
        ],
        [
            0.09269686043262482,
            0.0033324062824249268,
            0.03287278860807419
        ],
        [
            0.09361565113067627,
            -0.005085788667201996,
            0.031968869268894196
        ],
        [
            0.10642051696777344,
            0.029322408139705658,
            0.011136598885059357
        ],
        [
            0.11185534298419952,
            0.016558997333049774,
            0.014246627688407898
        ],
        [
            0.11403587460517883,
            0.01733483374118805,
            0.01049799658358097
        ],
        [
            0.10664388537406921,
            0.029280729591846466,
            0.0073018260300159454
        ],
        [
            0.11201350390911102,
            0.03860590606927872,
            -0.0012111440300941467
        ],
        [
            0.11968303471803665,
            0.029059961438179016,
            0.003713700920343399
        ],
        [
            0.11576616019010544,
            0.04861634224653244,
            -0.001289132982492447
        ],
        [
            0.11525573581457138,
            0.0033753812313079834,
            0.008806347846984863
        ],
        [
            0.11282560229301453,
            -0.004760116338729858,
            0.015885258093476295
        ],
        [
            0.11650750041007996,
            -0.005902238190174103,
            0.007866475731134415
        ],
        [
            0.10683120787143707,
            -0.004701979458332062,
            0.023630447685718536
        ],
        [
            0.1002313420176506,
            -0.004715770483016968,
            0.029598228633403778
        ],
        [
            0.06847210228443146,
            -0.010236673057079315,
            0.021329108625650406
        ],
        [
            0.11855131387710571,
            -0.006380915641784668,
            -0.0001584962010383606
        ],
        [
            0.13202451169490814,
            0.06277535855770111,
            -0.0020994506776332855
        ],
        [
            0.13387292623519897,
            0.07073592394590378,
            -0.005050428211688995
        ],
        [
            0.12676642835140228,
            0.07132484763860703,
            -0.0052480511367321014
        ],
        [
            0.12452590465545654,
            0.0646219253540039,
            -0.0033545661717653275
        ],
        [
            0.09596098214387894,
            0.0820823460817337,
            -0.04463871940970421
        ],
        [
            0.10190077871084213,
            0.08219104260206223,
            -0.039868686348199844
        ],
        [
            0.10514195263385773,
            0.07464897632598877,
            -0.036847833544015884
        ],
        [
            0.10363071411848068,
            0.029248252511024475,
            0.024768803268671036
        ],
        [
            0.09608162194490433,
            0.02529984712600708,
            0.034100160002708435
        ],
        [
            0.09736276417970657,
            0.08723919838666916,
            -0.025067884474992752
        ],
        [
            0.09393541514873505,
            0.11663818359375,
            -0.039476603269577026
        ],
        [
            0.09944375604391098,
            0.11454492807388306,
            -0.0394725538790226
        ],
        [
            0.09667553007602692,
            0.09669256955385208,
            -0.043368276208639145
        ],
        [
            0.09008622914552689,
            0.09903525561094284,
            -0.043684206902980804
        ],
        [
            0.08997132629156113,
            0.09435108304023743,
            -0.0247427336871624
        ],
        [
            0.09635332971811295,
            0.09097817540168762,
            -0.02529294043779373
        ],
        [
            0.09533616155385971,
            0.09311113506555557,
            -0.025067079812288284
        ],
        [
            0.09039593487977982,
            0.0968073308467865,
            -0.02263372391462326
        ],
        [
            0.075519859790802,
            0.08831334859132767,
            0.0067926375195384026
        ],
        [
            0.07701949775218964,
            0.08193697780370712,
            0.00907824281603098
        ],
        [
            0.07261455059051514,
            0.08110867440700531,
            -0.031470887362957
        ],
        [
            0.07815641909837723,
            0.0784662514925003,
            -0.04361547529697418
        ],
        [
            0.08204998821020126,
            0.06661780178546906,
            -0.040899842977523804
        ],
        [
            0.08704191446304321,
            0.06816312670707703,
            0.00210584606975317
        ],
        [
            0.08361735194921494,
            0.077880859375,
            0.0005207965150475502
        ],
        [
            0.08188443630933762,
            0.07719925045967102,
            0.004272582940757275
        ],
        [
            0.09390272200107574,
            0.083530493080616,
            -0.018581196665763855
        ],
        [
            0.09257197380065918,
            0.08947224169969559,
            -0.021854043006896973
        ],
        [
            0.08984687924385071,
            0.08756602555513382,
            -0.018176818266510963
        ],
        [
            0.09127049893140793,
            0.08170756697654724,
            -0.014211825095117092
        ],
        [
            0.06653570383787155,
            0.03769934922456741,
            0.029750287532806396
        ],
        [
            0.07493902742862701,
            0.0412178598344326,
            0.03703805431723595
        ],
        [
            0.10659133642911911,
            0.11809596419334412,
            -0.033282067626714706
        ],
        [
            0.10468146204948425,
            0.11570033431053162,
            -0.034851204603910446
        ],
        [
            0.09047433733940125,
            0.05751406401395798,
            0.004461679607629776
        ],
        [
            0.08677465468645096,
            0.053149834275245667,
            -0.0362694188952446
        ],
        [
            0.09470953792333603,
            0.04756033420562744,
            0.008100628852844238
        ],
        [
            0.05764205753803253,
            0.07814431190490723,
            0.007663337979465723
        ],
        [
            0.0619618222117424,
            0.08153284341096878,
            0.013280780054628849
        ],
        [
            0.06359152495861053,
            0.08744692802429199,
            0.012231952510774136
        ],
        [
            0.059424832463264465,
            0.0873071476817131,
            0.007887023501098156
        ],
        [
            0.09238344430923462,
            0.11165555566549301,
            -0.02019810862839222
        ],
        [
            0.09801018983125687,
            0.110480397939682,
            -0.020578090101480484
        ],
        [
            0.09916255623102188,
            0.11439555138349533,
            -0.020039694383740425
        ],
        [
            0.09388576447963715,
            0.11705576628446579,
            -0.019573606550693512
        ],
        [
            0.10049040615558624,
            0.08901765197515488,
            -0.029059534892439842
        ],
        [
            0.10279518365859985,
            0.08757377415895462,
            -0.03474357724189758
        ],
        [
            0.10255144536495209,
            0.0929989367723465,
            -0.03343668580055237
        ],
        [
            0.09936800599098206,
            0.09323917329311371,
            -0.028350451961159706
        ],
        [
            0.1007612943649292,
            0.08851686865091324,
            -0.04049312695860863
        ],
        [
            0.10109250992536545,
            0.09422516822814941,
            -0.039520420134067535
        ],
        [
            0.08742757886648178,
            0.11416947841644287,
            -0.02349347434937954
        ],
        [
            0.08598116785287857,
            0.11683688312768936,
            -0.030343733727931976
        ],
        [
            0.08125252276659012,
            0.1004893034696579,
            -0.03294902294874191
        ],
        [
            0.08467190712690353,
            0.1007184237241745,
            -0.025776229798793793
        ],
        [
            0.06739345192909241,
            0.02738967537879944,
            0.001124924048781395
        ],
        [
            0.06557825952768326,
            0.02647417038679123,
            0.012096977792680264
        ],
        [
            0.06257130205631256,
            0.041292861104011536,
            0.011444224044680595
        ],
        [
            0.058188870549201965,
            0.055681101977825165,
            0.010851267725229263
        ],
        [
            0.05529586598277092,
            0.0695258304476738,
            0.009644543752074242
        ],
        [
            0.055763475596904755,
            0.0703246146440506,
            -0.0024823611602187157
        ],
        [
            0.06229328364133835,
            0.03940248116850853,
            0.01944737136363983
        ],
        [
            0.08078700304031372,
            0.0918286070227623,
            -0.02654344029724598
        ],
        [
            0.07816856354475021,
            0.0894436314702034,
            -0.03415432572364807
        ],
        [
            0.07575562596321106,
            0.08843483030796051,
            -0.0293536689132452
        ],
        [
            0.0932692140340805,
            0.047885868698358536,
            0.015438669361174107
        ],
        [
            0.10346472263336182,
            0.11228781938552856,
            -0.03656965494155884
        ],
        [
            0.09170226752758026,
            -0.0020510107278823853,
            -0.021276380866765976
        ],
        [
            0.0808168351650238,
            -0.0023026615381240845,
            -0.012876473367214203
        ],
        [
            0.08146073669195175,
            0.006005510687828064,
            -0.015810895711183548
        ],
        [
            0.09466364234685898,
            0.006807565689086914,
            -0.024842120707035065
        ],
        [
            0.10328266769647598,
            0.10981765389442444,
            -0.025023752823472023
        ],
        [
            0.10555843263864517,
            0.11022529751062393,
            -0.03089386783540249
        ],
        [
            0.07428237795829773,
            0.08260664343833923,
            0.015188545919954777
        ],
        [
            0.07298803329467773,
            0.08824247121810913,
            0.012004083953797817
        ],
        [
            0.06983279436826706,
            0.08918175846338272,
            0.013480078428983688
        ],
        [
            0.07119661569595337,
            0.08549829572439194,
            0.01891351491212845
        ],
        [
            0.06584005057811737,
            0.02488458901643753,
            0.017854465171694756
        ],
        [
            0.05748356878757477,
            0.07372847944498062,
            0.02968008443713188
        ],
        [
            0.05304788053035736,
            0.07198578119277954,
            0.020284170284867287
        ],
        [
            0.06819602847099304,
            0.013598233461380005,
            0.0122239263728261
        ],
        [
            0.06923174858093262,
            0.01408153772354126,
            0.00250270776450634
        ],
        [
            0.07029270380735397,
            0.004503227770328522,
            0.004046514630317688
        ],
        [
            0.06121862679719925,
            0.07890627533197403,
            -0.01389371044933796
        ],
        [
            0.06920533627271652,
            0.03028101474046707,
            -0.006870858836919069
        ],
        [
            0.07154429703950882,
            0.01611275225877762,
            -0.004533213563263416
        ],
        [
            0.07293105125427246,
            0.004751622676849365,
            -0.003007245250046253
        ],
        [
            0.07306583970785141,
            -0.0034776628017425537,
            -0.0015536267310380936
        ],
        [
            0.0702899917960167,
            -0.0028807446360588074,
            0.006098485551774502
        ],
        [
            0.08911831676959991,
            0.11748502403497696,
            -0.035439055413007736
        ],
        [
            0.08866992592811584,
            0.12301851809024811,
            -0.02865249291062355
        ],
        [
            0.06868736445903778,
            -0.011617176234722137,
            0.008053257130086422
        ],
        [
            0.07250916957855225,
            -0.011805400252342224,
            -0.00042227283120155334
        ],
        [
            0.07559140771627426,
            0.017877571284770966,
            -0.012662841938436031
        ],
        [
            0.08237973600625992,
            0.020308397710323334,
            -0.02207811363041401
        ],
        [
            0.0733330249786377,
            0.03158886730670929,
            -0.014495298266410828
        ],
        [
            0.07938746362924576,
            0.035020120441913605,
            -0.023981070145964622
        ],
        [
            0.06162828579545021,
            0.0764525830745697,
            -0.024594029411673546
        ],
        [
            0.1007847711443901,
            0.1354614496231079,
            -0.02030831202864647
        ],
        [
            0.0927049070596695,
            0.12677600979804993,
            -0.022338734939694405
        ],
        [
            0.09562813490629196,
            0.12274156510829926,
            -0.01930420845746994
        ],
        [
            0.1009332612156868,
            0.132448211312294,
            -0.016972936689853668
        ],
        [
            0.08982367068529129,
            0.12021629512310028,
            -0.02250327542424202
        ],
        [
            0.09247846901416779,
            0.12803293764591217,
            -0.027958562597632408
        ],
        [
            0.09170497953891754,
            0.03843986615538597,
            -0.03321551904082298
        ],
        [
            0.08777331560850143,
            0.0927954688668251,
            -0.021045751869678497
        ],
        [
            0.09940627962350845,
            0.02318253368139267,
            -0.03110603056848049
        ],
        [
            0.10515697300434113,
            0.04777342826128006,
            -0.039986222982406616
        ],
        [
            0.11306233704090118,
            0.03746282681822777,
            -0.036768704652786255
        ],
        [
            0.10907221585512161,
            0.008046217262744904,
            -0.0284581258893013
        ],
        [
            0.11948880553245544,
            0.022865384817123413,
            -0.03248678147792816
        ],
        [
            0.10217680782079697,
            -0.009034119546413422,
            -0.021810751408338547
        ],
        [
            0.10381904244422913,
            -0.00044527649879455566,
            -0.02474268525838852
        ],
        [
            0.12830336391925812,
            0.03935130685567856,
            -0.031833894550800323
        ],
        [
            0.11083012819290161,
            0.12221888452768326,
