{
    "pred_cam": [
        6.037825584411621,
        -0.03992179408669472,
        0.01515861228108406
    ],
    "pred_mano_params": {
        "global_orient": [
            [
                [
                    0.7681294083595276,
                    0.578449010848999,
                    0.2745431363582611
                ],
                [
                    0.44478967785835266,
                    -0.17361925542354584,
                    -0.8786457777023315
                ],
                [
                    -0.4605857729911804,
                    0.7970277070999146,
                    -0.39065021276474
                ]
            ]
        ],
        "hand_pose": [
            [
                [
                    0.8206048011779785,
                    -0.4909508228302002,
                    -0.29253220558166504
                ],
                [
                    0.48867982625961304,
                    0.8681911826133728,
                    -0.08623366802930832
                ],
                [
                    0.29631030559539795,
                    -0.0721907988190651,
                    0.9523596167564392
                ]
            ],
            [
                [
                    0.8889556527137756,
                    -0.4542580544948578,
                    0.058373574167490005
                ],
                [
                    0.44890058040618896,
                    0.8389297127723694,
                    -0.3077097535133362
                ],
                [
                    0.09080831706523895,
                    0.29974424839019775,
                    0.9496880173683167
                ]
            ],
            [
                [
                    0.9422621130943298,
                    -0.32984673976898193,
                    0.05782049521803856
                ],
                [
                    0.32983171939849854,
                    0.9439859390258789,
                    0.010077200829982758
                ],
                [
                    -0.057905666530132294,
                    0.009575673379004002,
                    0.9982761144638062
                ]
            ],
            [
                [
                    0.4887275695800781,
                    -0.8464180827140808,
                    -0.21147523820400238
                ],
                [
                    0.8693777322769165,
                    0.4927698075771332,
                    0.03688177466392517
                ],
                [
                    0.07299120724201202,
                    -0.20187699794769287,
                    0.9766871929168701
                ]
            ],
            [
                [
                    0.9782028794288635,
                    -0.16062678396701813,
                    -0.13159877061843872
                ],
                [
                    0.18167224526405334,
                    0.9689486622810364,
                    0.1677311509847641
                ],
                [
                    0.10057033598423004,
                    -0.1879829317331314,
                    0.9770097732543945
                ]
            ],
            [
                [
                    0.9552451372146606,
                    -0.28404247760772705,
                    0.08262260258197784
                ],
                [
                    0.28676870465278625,
                    0.9577237367630005,
                    -0.022998644039034843
                ],
                [
                    -0.07259703427553177,
                    0.04566292464733124,
                    0.9963154196739197
                ]
            ],
            [
                [
                    0.6189218163490295,
                    -0.755379855632782,
                    0.21526022255420685
                ],
                [
                    0.6593929529190063,
                    0.648605227470398,
                    0.38014742732048035
                ],
                [
                    -0.42677465081214905,
                    -0.0933404490351677,
                    0.8995280861854553
                ]
            ],
            [
                [
                    0.969246506690979,
                    -0.2044035643339157,
                    -0.13704150915145874
                ],
                [
                    0.2284616380929947,
                    0.9543604254722595,
                    0.19235751032829285
                ],
                [
                    0.0914684385061264,
                    -0.21775057911872864,
                    0.9717088937759399
                ]
            ],
            [
                [
                    0.9988609552383423,
                    -0.028112715110182762,
                    0.03855450451374054
                ],
                [
                    0.00608046306297183,
                    0.8764130473136902,
                    0.48152193427085876
                ],
                [
                    -0.04732656851410866,
                    -0.4807390570640564,
                    0.8755857348442078
                ]
            ],
            [
                [
                    0.49004480242729187,
                    -0.8703808784484863,
                    0.047887224704027176
                ],
                [
                    0.8682731986045837,
                    0.49224716424942017,
                    0.061598438769578934
                ],
                [
                    -0.0771864578127861,
                    0.011393199674785137,
                    0.9969515204429626
                ]
            ],
            [
                [
                    0.9803904294967651,
                    -0.18457955121994019,
                    -0.06902862340211868
                ],
                [
                    0.1970648318529129,
                    0.9184314012527466,
                    0.343000590801239
                ],
                [
                    8.715366857359186e-05,
                    -0.34987762570381165,
                    0.9367954730987549
                ]
            ],
            [
                [
                    0.9428719282150269,
                    -0.3062053620815277,
                    0.13126620650291443
                ],
                [
                    0.28416043519973755,
                    0.9448330402374268,
                    0.16292154788970947
                ],
                [
                    -0.17391210794448853,
                    -0.11631349474191666,
                    0.9778680205345154
                ]
            ],
            [
                [
                    0.9945405721664429,
                    0.006142911035567522,
                    -0.10416940599679947
                ],
                [
                    -0.0827866718173027,
                    0.6541545391082764,
                    -0.7518165707588196
                ],
                [
                    0.06352453678846359,
                    0.756335973739624,
                    0.6510917544364929
                ]
            ],
            [
                [
                    0.877009928226471,
                    -0.4352215826511383,
                    -0.20355762541294098
                ],
                [
                    0.4789377450942993,
                    0.8257092237472534,
                    0.29803165793418884
                ],
                [
                    0.03836958482861519,
                    -0.35886815190315247,
                    0.9325992465019226
                ]
            ],
            [
                [
                    0.9722926616668701,
                    -0.2234974056482315,
                    -0.06852743774652481
                ],
                [
                    0.18081168830394745,
                    0.9048045873641968,
                    -0.38553327322006226
                ],
                [
                    0.148169606924057,
                    0.36246055364608765,
                    0.9201458096504211
                ]
            ]
        ],
        "betas": [
            0.01627257466316223,
            -0.033654361963272095,
            0.0004937946796417236,
            -0.043445080518722534,
            -0.006491929292678833,
            -0.007041450589895248,
            0.020546704530715942,
            -0.0386122465133667,
            0.012623175978660583,
            -0.049061715602874756
        ]
    },
    "pred_cam_t": [
        -0.03992179408669472,
        0.01515861228108406,
        6.469630241394043
    ],
    "focal_length": [
        5000.0,
        5000.0
    ],
    "pred_keypoints_3d": [
        [
            0.09562156349420547,
            0.00636945478618145,
            0.006196506787091494
        ],
        [
            0.07525879144668579,
            -0.02427850104868412,
            -0.005136015359312296
        ],
        [
            0.05341815575957298,
            -0.04434148222208023,
            -0.013224445283412933
        ],
        [
            0.02740565501153469,
            -0.05115924030542374,
            -0.016384582966566086
        ],
        [
            -0.006083406507968903,
            -0.05275746434926987,
            -0.026729175820946693
        ],
        [
            0.030682548880577087,
            -0.049999676644802094,
            0.03452697768807411
        ],
        [
            -0.0013971216976642609,
            -0.053991831839084625,
            0.04105573147535324
        ],
        [
            -0.021509714424610138,
            -0.04862712696194649,
            0.03341040760278702
        ],
        [
            -0.04108603298664093,
            -0.040435731410980225,
            0.01994556561112404
        ],
        [
            0.02118014544248581,
            -0.03249272704124451,
            0.04991086199879646
        ],
        [
            -0.008320232853293419,
            -0.02775750309228897,
            0.039251312613487244
        ],
        [
            -0.02600325644016266,
            -0.020414143800735474,
            0.0260322205722332
        ],
        [
            -0.044488485902547836,
            -0.014366003684699535,
            0.008977044373750687
        ],
        [
            0.023253582417964935,
            -0.005870770663022995,
            0.051107268780469894
        ],
        [
            -0.0035857409238815308,
            -0.006316099315881729,
            0.04053141176700592
        ],
        [
            -0.021565284579992294,
            0.0006002099253237247,
            0.024934040382504463
        ],
        [
            -0.038139957934617996,
            0.0038511836901307106,
            0.006020527333021164
        ],
        [
            0.02519034594297409,
            0.015442131087183952,
            0.046826183795928955
        ],
        [
            0.004690507426857948,
            0.015808019787073135,
            0.04179050400853157
        ],
        [
            -0.011247368529438972,
            0.0193241648375988,
            0.03218594938516617
        ],
        [
            -0.027613595128059387,
            0.021220751106739044,
            0.017803238704800606
        ]
    ],
    "pred_vertices": [
        [
            0.05166732519865036,
            -0.027001675218343735,
            0.009120261296629906
        ],
        [
            0.058288995176553726,
            -0.021199163049459457,
            0.003148552030324936
        ],
        [
            0.05189090222120285,
            -0.028572775423526764,
            -8.043646812438965e-05
        ],
        [
            0.047022975981235504,
            -0.03485123813152313,
            0.006201278418302536
        ],
        [
            0.062182072550058365,
            -0.0190073661506176,
            -0.017305880784988403
        ],
        [
            0.0707244947552681,
            -0.024270862340927124,
            -0.02481772005558014
        ],
        [
            0.05766691640019417,
            -0.0344667062163353,
            -0.025372225791215897
        ],
        [
            0.052460238337516785,
            -0.027280718088150024,
            -0.019557315856218338
        ],
        [
            0.044175971299409866,
            -0.041674233973026276,
            0.0051670074462890625
        ],
        [
            0.04684366658329964,
            -0.03428575396537781,
            -0.0024896543473005295
        ],
        [
            0.04596078395843506,
            -0.045193515717983246,
            0.005642510950565338
        ],
        [
            0.0469069704413414,
            -0.05329213663935661,
            0.01737205684185028
        ],
        [
            0.04308484494686127,
            -0.048352908343076706,
            0.0138788390904665
        ],
        [
            0.04405338317155838,
            -0.056669894605875015,
            0.02505204640328884
        ],
        [
            0.05737246572971344,
            -0.05346611142158508,
            0.021155066788196564
        ],
        [
            0.04853351041674614,
            -0.0554966926574707,
            0.03361291065812111
        ],
        [
            0.06568007171154022,
            -0.03149572014808655,
            0.03941124305129051
        ],
        [
            0.06528729200363159,
            -0.018494177609682083,
            0.04352407157421112
        ],
        [
            0.050971582531929016,
            -0.024358700960874557,
            0.05254590883851051
        ],
        [
            0.05237394571304321,
            -0.036766380071640015,
            0.04650120809674263
        ],
        [
            0.05229552835226059,
            -0.0033462420105934143,
            0.0513269267976284
        ],
        [
            0.0508490726351738,
            -0.015162155963480473,
            0.052462685853242874
        ],
        [
            0.06582405418157578,
            -0.009536556899547577,
            0.044644828885793686
        ],
        [
            0.06623049825429916,
            0.0007007941603660583,
            0.043845877051353455
        ],
        [
            0.056479934602975845,
            -0.011860661208629608,
            0.012771472334861755
        ],
        [
            0.06386794149875641,
            -0.006379315629601479,
            0.007311072200536728
        ],
        [
            0.0630263239145279,
            -0.012190369889140129,
            0.006672270596027374
        ],
        [
            0.055908117443323135,
            -0.0173167884349823,
            0.011492792516946793
        ],
        [
            0.04707152023911476,
            -0.05085374414920807,
            -0.0025337114930152893
        ],
        [
            0.05932407081127167,
            -0.05253525450825691,
            0.003423145040869713
        ],
        [
            0.05252992361783981,
            -0.05028095841407776,
            0.006855994462966919
        ],
        [
            0.04365973919630051,
            -0.0465412363409996,
            -0.0025760605931282043
        ],
        [
            0.0775551050901413,
            0.014523632824420929,
            -0.0077353715896606445
        ],
        [
            0.09080193936824799,
            0.016669072210788727,
            -0.009340740740299225
        ],
        [
            0.09218060970306396,
            0.011132672429084778,
            -0.010815311223268509
        ],
        [
            0.07996511459350586,
            0.01027994230389595,
            -0.008520074188709259
        ],
        [
            0.08800917863845825,
            -0.009377721697092056,
            -0.01945331320166588
        ],
        [
            0.09737516194581985,
            -0.005354471504688263,
            -0.016304191201925278
        ],
        [
            0.10842365026473999,
            -0.013316482305526733,
            -0.015136655420064926
        ],
        [
            0.1003120094537735,
            -0.019709013402462006,
            -0.015978790819644928
        ],
        [
            0.07863865792751312,
            -0.016492079943418503,
            -0.022701947018504143
        ],
        [
            0.08940885961055756,
            -0.02540856972336769,
            -0.021540651097893715
        ],
        [
            0.07863984256982803,
            -0.032958999276161194,
            -0.024337518960237503
        ],
        [
            0.06264682114124298,
            -0.042532991617918015,
            -0.025668282061815262
        ],
        [
            0.08959313482046127,
            0.028089065104722977,
            -0.003617890179157257
        ],
        [
            0.07950587570667267,
            0.02832460030913353,
            -0.0021030791103839874
        ],
        [
            -0.004053106531500816,
            -0.05421571433544159,
            0.02845827117562294
        ],
        [
            -0.004645233973860741,
            -0.04837464541196823,
            0.029664650559425354
        ],
        [
            0.00013595819473266602,
            -0.04892488941550255,
            0.02889177016913891
        ],
        [
            -0.00011001899838447571,
            -0.05464400723576546,
            0.028178419917821884
        ],
        [
            0.08923031389713287,
            0.03375512361526489,
            0.015792742371559143
        ],
        [
            0.09410987794399261,
            0.03053165413439274,
            0.024008333683013916
        ],
        [
            0.09898147732019424,
            0.034060362726449966,
            0.019886869937181473
        ],
        [
            0.09514782577753067,
            0.035471655428409576,
            0.011408738791942596
        ],
        [
            0.08138935267925262,
            0.03138265013694763,
            0.02151542529463768
        ],
        [
            0.08709677308797836,
            0.025283899158239365,
            0.02908436208963394
        ],
        [
            -0.006332334131002426,
            -0.06090192124247551,
            0.03902454301714897
        ],
        [
            -0.005831543356180191,
            -0.061070095747709274,
            0.03387296572327614
        ],
        [
            -0.0008764583617448807,
            -0.06187272071838379,
            0.03541398048400879
        ],
        [
            -0.0004118923097848892,
            -0.0609397254884243,
            0.04075689986348152
        ],
        [
            0.042622022330760956,
            -0.04101449251174927,
            0.012379264459013939
        ],
        [
            0.04456552490592003,
            -0.031805459409952164,
            0.013474337756633759
        ],
        [
            0.03028274141252041,
            -0.04686376824975014,
            0.022541698068380356
        ],
        [
            0.03606017678976059,
            -0.04019626975059509,
            0.020281635224819183
        ],
        [
            0.038460392504930496,
            -0.046711377799510956,
            0.01822994276881218
        ],
        [
            0.033913351595401764,
            -0.05186076834797859,
            0.021615736186504364
        ],
        [
            0.038675643503665924,
            -0.017165206372737885,
            0.025720695033669472
        ],
        [
            0.04794670268893242,
            -0.01313386857509613,
            0.019955502822995186
        ],
        [
            0.0471203550696373,
            -0.019655179232358932,
            0.01898411102592945
        ],
        [
            0.03681880235671997,
            -0.025450095534324646,
            0.024078350514173508
        ],
        [
            0.046195268630981445,
            0.0008851084858179092,
            0.02093263901770115
        ],
        [
            0.037519361823797226,
            -0.004295526072382927,
            0.026933519169688225
        ],
        [
            0.03762154281139374,
            0.004276086576282978,
            0.026808694005012512
        ],
        [
            0.043171562254428864,
            0.006595121696591377,
            0.021734002977609634
        ],
        [
            0.024545669555664062,
            -0.01634565368294716,
            0.036718107759952545
        ],
        [
            0.021070271730422974,
            -0.019159510731697083,
            0.039543360471725464
        ],
        [
            0.019326670095324516,
            -0.015610838308930397,
            0.03909219428896904
        ],
        [
            0.024572953581809998,
            -0.012636370025575161,
            0.03686314448714256
        ],
        [
            0.10453124344348907,
            0.03694711625576019,
            0.016532965004444122
        ],
        [
            0.10115299373865128,
            0.03621508181095123,
            0.007338907569646835
        ],
        [
            0.05109801143407822,
            0.018242662772536278,
            0.04755311459302902
        ],
        [
            0.05074216425418854,
            0.026429982855916023,
            0.03989209234714508
        ],
        [
            0.03921987861394882,
            0.025019634515047073,
            0.046011894941329956
        ],
        [
            0.04261036962270737,
            0.016426077112555504,
            0.05347748100757599
        ],
        [
            0.0977783128619194,
            0.022230546921491623,
            0.029032696038484573
        ],
        [
            0.10294085741043091,
            0.027538198977708817,
            0.026432348415255547
        ],
        [
            -0.0067888293415308,
            -0.056961044669151306,
            0.04390660300850868
        ],
        [
            -0.0007006451487541199,
            -0.056565988808870316,
            0.04500357434153557
        ],
        [
            0.08684084564447403,
            -0.03875037282705307,
            -0.015351925045251846
        ],
        [
            0.0673503577709198,
            -0.04899909347295761,
            -0.01991734653711319
        ],
        [
            0.09949377179145813,
            -0.029437948018312454,
            -0.01078462228178978
        ],
        [
            0.10768207162618637,
            -0.022769764065742493,
            -0.006877969950437546
        ],
        [
            0.11526314914226532,
            -0.018093790858983994,
            -0.006371527910232544
        ],
        [
            0.03222018852829933,
            -0.036169275641441345,
            0.023797042667865753
        ],
        [
            0.048927322030067444,
            -0.023535698652267456,
            0.014774266630411148
        ],
        [
            0.05634535849094391,
            -0.006800100207328796,
            0.013504698872566223
        ],
        [
            0.04782649502158165,
            0.022633127868175507,
            0.016640175133943558
        ],
        [
            0.055914901196956635,
            0.02583203837275505,
            0.010782495141029358
        ],
        [
            0.053926724940538406,
            0.015394441783428192,
            0.009639892727136612
        ],
        [
            0.047583043575286865,
            0.014665111899375916,
            0.015548285096883774
        ],
        [
            0.045637670904397964,
            0.029322665184736252,
            0.03180158883333206
        ],
        [
            0.04150773212313652,
            0.025309523567557335,
            0.026189465075731277
        ],
        [
            0.03490753471851349,
            0.023046016693115234,
            0.03120138682425022
        ],
        [
            0.03706062212586403,
            0.027066070586442947,
            0.037419967353343964
        ],
        [
            0.050120145082473755,
            -0.05618545040488243,
            -0.007009230554103851
        ],
        [
            0.06510275602340698,
            -0.05421053245663643,
            -0.001283310353755951
        ],
        [
            0.08469324558973312,
            0.03340110182762146,
            0.0062234848737716675
        ],
        [
            0.09143414348363876,
            0.032799165695905685,
            0.00235193595290184
        ],
        [
            0.09959103167057037,
            0.033723074942827225,
            0.00015277042984962463
        ],
        [
            0.07071354985237122,
            0.003102783113718033,
            -0.0011678487062454224
        ],
        [
            0.08158119767904282,
            0.007345881313085556,
            -0.009210798889398575
        ],
        [
            0.0814693421125412,
            0.0031777359545230865,
            -0.010482605546712875
        ],
        [
            0.07134730368852615,
            -0.00013120099902153015,
            -0.0006523691117763519
        ],
        [
            0.06354328989982605,
            -0.013845283538103104,
            -0.004563461989164352
        ],
        [
            0.07167269289493561,
            -0.009522859007120132,
            -0.014370996505022049
        ],
        [
            0.05501415580511093,
            -0.020886920392513275,
            -0.007495518773794174
        ],
        [
            0.09551457315683365,
            0.004239015281200409,
            -0.013559501618146896
        ],
        [
            0.1015675961971283,
            0.013353664427995682,
            -0.014401696622371674
        ],
        [
            0.10452820360660553,
            0.0051672011613845825,
            -0.016253992915153503
        ],
        [
            0.10005496442317963,
            0.022199755534529686,
            -0.01044616848230362
        ],
        [
            0.09915843605995178,
            0.02959536574780941,
            -0.005545858293771744
        ],
        [
            0.11022914946079254,
            0.03190792724490166,
            0.025742318481206894
        ],
        [
            0.10715673863887787,
            -0.002795625478029251,
            -0.016268290579319
        ],
        [
            0.046217188239097595,
            -0.03373944014310837,
            -0.020390301942825317
        ],
        [
            0.04047411307692528,
            -0.03851009160280228,
            -0.02088778465986252
        ],
        [
            0.03941167891025543,
            -0.03681425005197525,
            -0.01340971514582634
        ],
        [
            0.04451076313853264,
            -0.032586123794317245,
            -0.012056395411491394
        ],
        [
            0.03769265115261078,
            -0.05949920788407326,
            0.03179362416267395
        ],
        [
            0.03517889231443405,
            -0.05693218857049942,
            0.024806473404169083
        ],
        [
            0.04167141765356064,
            -0.053205329924821854,
            0.019136827439069748
        ],
        [
            0.06779643148183823,
            0.016065167263150215,
            -0.0016754642128944397
        ],
        [
            0.069791279733181,
            0.02777300961315632,
            0.002655681222677231
        ],
        [
            0.026595650240778923,
            -0.04284011572599411,
            0.02614234760403633
        ],
        [
            0.0046582575887441635,
            -0.0609903447329998,
            0.04254961758852005
        ],
        [
            0.004549482837319374,
            -0.06243138015270233,
            0.03666648641228676
        ],
        [
            0.022490186616778374,
            -0.061624739319086075,
            0.035309791564941406
        ],
        [
            0.02207515761256218,
            -0.06023401767015457,
            0.04205907881259918
        ],
        [
            0.021179351955652237,
            -0.04169999063014984,
            0.034954983741045
        ],
        [
            0.023048385977745056,
            -0.04366696998476982,
            0.02856006845831871
        ],
        [
            0.021149907261133194,
            -0.043508924543857574,
            0.030365439131855965
        ],
        [
            0.01832413487136364,
            -0.0403297059237957,
            0.03539520502090454
        ],
        [
            0.021279819309711456,
            -0.006518620532006025,
            0.03853762522339821
        ],
        [
            0.025772541761398315,
            -0.004099906422197819,
            0.03639378771185875
        ],
        [
            0.03723859414458275,
            -0.04032120108604431,
            0.050321757793426514
        ],
        [
            0.0431344211101532,
            -0.05218962952494621,
            0.047302693128585815
        ],
        [
            0.05308716744184494,
            -0.04800577834248543,
            0.04110721871256828
        ],
        [
            0.038876183331012726,
            -0.009722312912344933,
            0.02633695676922798
        ],
        [
            0.03056548908352852,
            -0.012611509300768375,
            0.03168344125151634
        ],
        [
            0.030432015657424927,
            -0.008521491661667824,
            0.03228520601987839
        ],
        [
            0.02916356921195984,
            -0.034600235521793365,
            0.02709655649960041
        ],
        [
            0.02451648749411106,
            -0.03881818428635597,
            0.030221091583371162
        ],
        [
            0.025887299329042435,
            -0.034095119684934616,
            0.031720925122499466
        ],
        [
            0.030049961060285568,
            -0.029327167198061943,
            0.028439834713935852
        ],
        [
            0.062423571944236755,
            0.028782540932297707,
            0.034162893891334534
        ],
        [
            0.05619753524661064,
            0.032436080276966095,
            0.024962645024061203
        ],
        [
            -0.004754384979605675,
            -0.05869011580944061,
            0.030012596398591995
        ],
        [
            -0.000402035191655159,
            -0.05944397300481796,
            0.030652480199933052
        ],
        [
            0.04794144257903099,
            -0.005931869149208069,
            0.020629748702049255
        ],
        [
            0.06424529105424881,
            -0.041708458214998245,
            0.03342294320464134
        ],
        [
            0.05590672791004181,
            -0.0013347994536161423,
            0.013967633247375488
        ],
        [
            0.03077409416437149,
            0.0008707763627171516,
            0.05432160943746567
        ],
        [
            0.025522422045469284,
            0.004574459046125412,
            0.04856756702065468
        ],
        [
            0.021187130361795425,
            0.0024294047616422176,
            0.04784111678600311
        ],
        [
            0.02226211130619049,
            -0.0005687880329787731,
            0.05288900062441826
        ],
        [
            0.004173817113041878,
            -0.041564326733350754,
            0.038062721490859985
        ],
        [
            0.003546740859746933,
            -0.043613601475954056,
            0.03260922059416771
        ],
        [
            -0.00014732033014297485,
            -0.04377307742834091,
            0.03242601454257965
        ],
        [
            -0.00032954663038253784,
            -0.04201149195432663,
            0.03799629583954811
        ],
        [
            0.02502552606165409,
            -0.04814323037862778,
            0.025325879454612732
        ],
        [
            0.027728013694286346,
            -0.053816646337509155,
            0.024334324523806572
        ],
        [
            0.021819865331053734,
            -0.053720179945230484,
            0.026151102036237717
        ],
        [
            0.020929934456944466,
            -0.04797736927866936,
            0.027696235105395317
        ],
        [
            0.028744608163833618,
            -0.05867474898695946,
            0.028257133439183235
        ],
        [
            0.022655893117189407,
            -0.059065282344818115,
            0.029522377997636795
        ],
        [
            0.004635205492377281,
            -0.04363444447517395,
            0.04413509741425514
        ],
        [
            0.0048141684383153915,
            -0.05009255185723305,
            0.047908179461956024
        ],
        [
            0.02010594680905342,
            -0.04773871228098869,
            0.04783212020993233
        ],
        [
            0.01713881641626358,
            -0.04221940040588379,
            0.04276116192340851
        ],
        [
            0.07999299466609955,
            0.0044054798781871796,
            0.03826938197016716
        ],
        [
            0.07805871963500977,
            0.015345484018325806,
            0.03730318695306778
        ],
        [
            0.0643724650144577,
            0.01199403963983059,
            0.04301708936691284
        ],
        [
            0.05114828795194626,
            0.009139690548181534,
            0.049952827394008636
        ],
        [
            0.03851281479001045,
            0.005361477844417095,
            0.055271849036216736
        ],
        [
            0.04066787660121918,
            -0.006398720201104879,
            0.05857020244002342
        ],
        [
            0.06404459476470947,
            0.019982457160949707,
            0.04101184755563736
        ],
        [
            0.025250108912587166,
            -0.04001825302839279,
            0.04233358055353165
        ],
        [
            0.03022070974111557,
            -0.04595204442739487,
            0.04743572324514389
        ],
        [
            0.029123490676283836,
            -0.04084963724017143,
            0.047236502170562744
        ],
        [
            0.053750887513160706,
            0.005800765007734299,
            0.013670291751623154
        ],
        [
            0.004661640152335167,
            -0.06054570898413658,
            0.03174687176942825
        ],
        [
            0.1119573637843132,
            -0.015712443739175797,
            0.015258591622114182
        ],
        [
            0.11084820330142975,
            -0.0051124244928359985,
            0.02346615307033062
        ],
        [
            0.10366842150688171,
            -0.00994778424501419,
            0.025062136352062225
        ],
        [
            0.10439561307430267,
            -0.02171560749411583,
            0.015151601284742355
        ],
        [
            0.0038003381341695786,
            -0.04928228631615639,
            0.02860058657824993
        ],
        [
            0.004369646310806274,
            -0.05556131526827812,
            0.02791641466319561
        ],
        [
            0.023929089307785034,
            0.002190721221268177,
            0.037204571068286896
        ],
        [
            0.02023138478398323,
            -0.0008639986626803875,
            0.03943542018532753
        ],
        [
            0.019371794536709785,
            0.0019761021248996258,
            0.041708335280418396
        ],
        [
            0.02081405557692051,
            0.006371692754328251,
            0.038946833461523056
        ],
        [
            0.07796338200569153,
            0.02103223279118538,
            0.035425815731287
        ],
        [
            0.030695101246237755,
            0.024088401347398758,
            0.0467124879360199
        ],
        [
            0.03404486924409866,
            0.016261927783489227,
            0.054107971489429474
        ],
        [
            0.09001865983009338,
            0.017827684059739113,
            0.03241662681102753
        ],
        [
            0.09213033318519592,
            0.00837685726583004,
            0.033801235258579254
        ],
        [
            0.10074213147163391,
            0.011814411729574203,
            0.030714252963662148
        ],
        [
            0.03496447578072548,
            -0.020413866266608238,
            0.056732043623924255
        ],
        [
            0.07924876362085342,
            -0.004229556769132614,
            0.03893283009529114
        ],
        [
            0.09188739955425262,
            0.0007166061550378799,
            0.03358585387468338
        ],
        [
            0.102166548371315,
            0.004470815882086754,
            0.029883932322263718
        ],
        [
            0.1096186488866806,
            0.007757611572742462,
            0.027968769893050194
        ],
        [
            0.10723011940717697,
            0.015489593148231506,
            0.02892429195344448
        ],
        [
            0.0045798104256391525,
            -0.05592767521739006,
            0.04632587358355522
        ],
        [
            -0.0012075472623109818,
            -0.05003521218895912,
            0.04704625532031059
        ],
        [
            0.11520836502313614,
            0.019847579300403595,
            0.028417188674211502
        ],
        [
            0.11732263118028641,
            0.010980110615491867,
            0.026722315698862076
        ],
        [
            0.09203504025936127,
            -0.00834769569337368,
            0.03194940835237503
        ],
        [
            0.09178416430950165,
            -0.019272534176707268,
            0.028369098901748657
        ],
        [
            0.07968240976333618,
            -0.012737622484564781,
            0.03699114918708801
        ],
        [
            0.07849486172199249,
            -0.023926911875605583,
            0.03413756191730499
        ],
        [
            0.04010026901960373,
            -0.03014274314045906,
            0.05912965163588524
        ],
        [
            -0.01884147897362709,
            -0.045633766800165176,
            0.04195282235741615
        ],
        [
            -0.007609322667121887,
            -0.045091450214385986,
            0.04408508166670799
        ],
        [
            -0.006221290677785873,
            -0.042502835392951965,
            0.03905739635229111
        ],
        [
            -0.017509104683995247,
            -0.04241379350423813,
            0.039457689970731735
        ],
        [
            -0.000683935359120369,
            -0.04403749480843544,
            0.04350782558321953
        ],
        [
            -0.007375296205282211,
            -0.050446756184101105,
            0.04606055095791817
        ],
        [
            0.07708347588777542,
            -0.03643696755170822,
            0.025675907731056213
        ],
        [
            0.022389180958271027,
            -0.037233706563711166,
            0.03495967388153076
        ],
        [
            0.09067898243665695,
            -0.0324983075261116,
            0.015641558915376663
        ],
        [
            0.06974088400602341,
            -0.04999736696481705,
            0.016337651759386063
        ],
        [
            0.07867661863565445,
            -0.04653574898838997,
            0.006826391443610191
        ],
        [
            0.1036362498998642,
            -0.02918338030576706,
            0.0035601481795310974
        ],
        [
            0.09125112742185593,
            -0.040467746555805206,
            -0.0021167155355215073
        ],
        [
            0.11782262474298477,
            -0.01741640642285347,
            0.00427120178937912
        ],
