{
    "pred_cam": [
        7.189084053039551,
        0.08139395713806152,
        -0.08118468523025513
    ],
    "pred_mano_params": {
        "global_orient": [
            [
                [
                    0.39536744356155396,
                    -0.8528314232826233,
                    0.3411206603050232
                ],
                [
                    -0.9175440669059753,
                    -0.3838423788547516,
                    0.10381712019443512
                ],
                [
                    0.04239807650446892,
                    -0.35403910279273987,
                    -0.9342691898345947
                ]
            ]
        ],
        "hand_pose": [
            [
                [
                    0.8918634057044983,
                    -0.3535107672214508,
                    -0.2821522057056427
                ],
                [
                    0.3213315010070801,
                    0.9342291355133057,
                    -0.1547968089580536
                ],
                [
                    0.31831711530685425,
                    0.04739322140812874,
                    0.9467989206314087
                ]
            ],
            [
                [
                    0.979169487953186,
                    0.20118674635887146,
                    -0.02740314230322838
                ],
                [
                    -0.20206794142723083,
                    0.9523245692253113,
                    -0.22857481241226196
                ],
                [
                    -0.01988954283297062,
                    0.22935079038143158,
                    0.9731405377388
                ]
            ],
            [
                [
                    0.9517151713371277,
                    -0.04264041781425476,
                    -0.30400675535202026
                ],
                [
                    0.03861038014292717,
                    0.9990687370300293,
                    -0.019258171319961548
                ],
                [
                    0.3045448064804077,
                    0.006590472534298897,
                    0.9524752497673035
                ]
            ],
            [
                [
                    0.8688333034515381,
                    -0.4474172592163086,
                    -0.21200591325759888
                ],
                [
                    0.41173455119132996,
                    0.8907454013824463,
                    -0.19247658550739288
                ],
                [
                    0.27496063709259033,
                    0.07993990182876587,
                    0.958126425743103
                ]
            ],
            [
                [
                    0.9782944321632385,
                    0.17274874448776245,
                    -0.11444651335477829
                ],
                [
                    -0.1428651064634323,
                    0.9623254537582397,
                    0.2313423752784729
                ],
                [
                    0.15009887516498566,
                    -0.20997051894664764,
                    0.9661173820495605
                ]
            ],
            [
                [
                    0.989818274974823,
                    -0.05898689478635788,
                    -0.12953941524028778
                ],
                [
                    0.05854015424847603,
                    0.998258650302887,
                    -0.007256840355694294
                ],
                [
                    0.12974190711975098,
                    -0.00040030767559073865,
                    0.9915477633476257
                ]
            ],
            [
                [
                    0.43803492188453674,
                    -0.7845450639724731,
                    0.4388786256313324
                ],
                [
                    0.5488346219062805,
                    0.6200539469718933,
                    0.5606368184089661
                ],
                [
                    -0.711973249912262,
                    -0.004706703592091799,
                    0.7021907567977905
                ]
            ],
            [
                [
                    0.9284606575965881,
                    -0.24082344770431519,
                    -0.28278088569641113
                ],
                [
                    0.24987000226974487,
                    0.9682703018188477,
                    -0.004200294613838196
                ],
                [
                    0.27481985092163086,
                    -0.0667586401104927,
                    0.9591754078865051
                ]
            ],
            [
                [
                    0.9946351647377014,
                    0.09691712260246277,
                    0.03616630658507347
                ],
                [
                    -0.10144416987895966,
                    0.9822754263877869,
                    0.15762019157409668
                ],
                [
                    -0.02024916186928749,
                    -0.16044344007968903,
                    0.9868373870849609
                ]
            ],
            [
                [
                    0.9133219718933105,
                    -0.35986021161079407,
                    0.1906401813030243
                ],
                [
                    0.39086005091667175,
                    0.9060329794883728,
                    -0.16227367520332336
                ],
                [
                    -0.11433044075965881,
                    0.22272172570228577,
                    0.968154788017273
                ]
            ],
            [
                [
                    0.9529464840888977,
                    0.06831298768520355,
                    -0.2953411340713501
                ],
                [
                    -0.00600089505314827,
                    0.9783376455307007,
                    0.20692870020866394
                ],
                [
                    0.3030792474746704,
                    -0.19541962444782257,
                    0.9327133297920227
                ]
            ],
            [
                [
                    0.9947481155395508,
                    -0.018467644229531288,
                    -0.10067301988601685
                ],
                [
                    0.018147055059671402,
                    0.999826967716217,
                    -0.004099323879927397
                ],
                [
                    0.10073129087686539,
                    0.0022508755791932344,
                    0.9949111342430115
                ]
            ],
            [
                [
                    0.9895183444023132,
                    -0.07887126505374908,
                    -0.12096600979566574
                ],
                [
                    -0.07513292878866196,
                    0.43417951464653015,
                    -0.8976876735687256
                ],
                [
                    0.1233227327466011,
                    0.8973669409751892,
                    0.42370277643203735
                ]
            ],
            [
                [
                    0.967512845993042,
                    -0.2452142834663391,
                    -0.06155325099825859
                ],
                [
                    0.2324419468641281,
                    0.7669903039932251,
                    0.5980774164199829
                ],
                [
                    -0.0994463711977005,
                    -0.5929551720619202,
                    0.7990710735321045
                ]
            ],
            [
                [
                    0.9907706379890442,
                    0.12317950278520584,
                    -0.056570593267679214
                ],
                [
                    -0.12431483715772629,
                    0.9920972585678101,
                    -0.016995305195450783
                ],
                [
                    0.05403005704283714,
                    0.023871013894677162,
                    0.9982538819313049
                ]
            ]
        ],
        "betas": [
            -0.04810383915901184,
            -0.07208922505378723,
            -0.053742021322250366,
            0.056290000677108765,
            0.03245645761489868,
            -0.05565311759710312,
            0.08135055005550385,
            -0.0689445436000824,
            -0.04362305998802185,
            -0.06939232349395752
        ]
    },
    "pred_cam_t": [
        -0.08139395713806152,
        -0.08118468523025513,
        5.433585166931152
    ],
    "focal_length": [
        5000.0,
        5000.0
    ],
    "pred_keypoints_3d": [
        [
            0.09601280093193054,
            0.006409181747585535,
            0.006201829761266708
        ],
        [
            0.10860209167003632,
            0.03723791614174843,
            -0.01348450779914856
        ],
        [
            0.11920768022537231,
            0.06620676815509796,
            -0.01540751475840807
        ],
        [
            0.12346938997507095,
            0.09306089580059052,
            -0.015226838178932667
        ],
        [
            0.12661762535572052,
            0.12801887094974518,
            -0.02277052216231823
        ],
        [
            0.0725557878613472,
            0.09169279038906097,
            -0.014973146840929985
        ],
        [
            0.06348134577274323,
            0.12229898571968079,
            -0.006188088096678257
        ],
        [
            0.05638328567147255,
            0.14223167300224304,
            0.0007423330098390579
        ],
        [
            0.04268388822674751,
            0.16047103703022003,
            0.013271775096654892
        ],
        [
            0.058564864099025726,
            0.09378129243850708,
            0.00591654796153307
        ],
        [
            0.05194082856178284,
            0.12080447375774384,
            0.02122271992266178
        ],
        [
            0.046147219836711884,
            0.1389213353395462,
            0.034730199724435806
        ],
        [
            0.03566407784819603,
            0.15672144293785095,
            0.05124632641673088
        ],
        [
            0.0578291155397892,
            0.08042836934328079,
            0.02913357876241207
        ],
        [
            0.05359384045004845,
            0.10890229791402817,
            0.032019294798374176
        ],
        [
            0.048837896436452866,
            0.1294284462928772,
            0.04523782432079315
        ],
        [
            0.038503263145685196,
            0.14931055903434753,
            0.05861160159111023
        ],
        [
            0.0624377578496933,
            0.06912323832511902,
            0.04726102948188782
        ],
        [
            0.07237283885478973,
            0.08771078288555145,
            0.04929999262094498
        ],
        [
            0.08348705619573593,
            0.1013045385479927,
            0.05660497769713402
        ],
        [
            0.09462594985961914,
            0.11816990375518799,
            0.06269413232803345
        ]
    ],
    "pred_vertices": [
        [
            0.09628482162952423,
            0.06058001145720482,
            -0.004821880720555782
        ],
        [
            0.1009676605463028,
            0.05116656422615051,
            -0.0028900299221277237
        ],
        [
            0.10412201285362244,
            0.05990377813577652,
            -0.00510754156857729
        ],
        [
            0.09919427335262299,
            0.0679306834936142,
            -0.009321756660938263
        ],
        [
            0.11985664814710617,
            0.04580909013748169,
            0.0010648183524608612
        ],
        [
            0.1275353878736496,
            0.040664464235305786,
            -0.006500214338302612
        ],
        [
            0.1292552351951599,
            0.05703721195459366,
            -0.007593036629259586
        ],
        [
            0.1232912540435791,
            0.059208668768405914,
            -2.000667154788971e-05
        ],
        [
            0.1003800630569458,
            0.0739573985338211,
            -0.013132044114172459
        ],
        [
            0.10700662434101105,
            0.06750458478927612,
            -0.006583675742149353
        ],
        [
            0.10022275894880295,
            0.0749133974313736,
            -0.016191696748137474
        ],
        [
            0.08849972486495972,
            0.07765400409698486,
            -0.024936845526099205
        ],
        [
            0.09215991199016571,
            0.07845428586006165,
            -0.019325224682688713
        ],
        [
            0.0810883566737175,
            0.08201371133327484,
            -0.02679319866001606
        ],
        [
            0.08416539430618286,
            0.06872427463531494,
            -0.02953539602458477
        ],
        [
            0.07254041731357574,
            0.0778137668967247,
            -0.027256354689598083
        ],
        [
            0.06523861736059189,
            0.05228808894753456,
            -0.01298168022185564
        ],
        [
            0.06143905594944954,
            0.047175660729408264,
            -0.0007682731375098228
        ],
        [
            0.055015064775943756,
            0.06250794231891632,
            0.0006012171506881714
        ],
        [
            0.060089804232120514,
            0.06655436009168625,
            -0.011524518951773643
        ],
        [
            0.05605229735374451,
            0.05242515355348587,
            0.018826082348823547
        ],
        [
            0.05496134236454964,
            0.058665305376052856,
            0.008889693766832352
        ],
        [
            0.06042041629552841,
            0.04288138076663017,
            0.007133576087653637
        ],
        [
            0.06138197332620621,
            0.038052063435316086,
            0.016139313578605652
        ],
        [
            0.09280809015035629,
            0.050090596079826355,
            0.006911837961524725
        ],
        [
            0.09755906462669373,
            0.04048173502087593,
            0.007928632199764252
        ],
        [
            0.0978604257106781,
            0.04353165253996849,
            0.0026592519134283066
        ],
        [
            0.09393785148859024,
            0.052823569625616074,
            0.002026133704930544
        ],
        [
            0.1087041050195694,
            0.07543265074491501,
            -0.020995520055294037
        ],
        [
            0.10200527310371399,
            0.06543053686618805,
            -0.02827412448823452
        ],
        [
            0.09881336987018585,
            0.07106581330299377,
            -0.023560496047139168
        ],
        [
            0.10872820019721985,
            0.07735094428062439,
            -0.0155717134475708
        ],
        [
            0.11192572116851807,
            0.017925091087818146,
            0.020426101982593536
        ],
        [
            0.11231480538845062,
            0.004913516342639923,
            0.01655886135995388
        ],
        [
            0.11345206946134567,
            0.005946815013885498,
            0.010817437432706356
        ],
        [
            0.11235716938972473,
            0.01750008761882782,
            0.015349123626947403
        ],
        [
            0.12154241651296616,
            0.0182412788271904,
            -0.0051689427345991135
        ],
        [
            0.11811960488557816,
            0.008169092237949371,
            -0.006474900525063276
        ],
        [
            0.1158786416053772,
            0.0020805224776268005,
            -0.018162839114665985
        ],
        [
            0.117754727602005,
            0.012525439262390137,
            -0.019682835787534714
        ],
        [
            0.12480545043945312,
            0.029823318123817444,
            -0.005677726119756699
        ],
        [
            0.1240166574716568,
            0.0248800590634346,
            -0.01847677305340767
        ],
        [
            0.1277914047241211,
            0.03765068203210831,
            -0.01746431738138199
        ],
        [
            0.12947766482830048,
            0.0553102008998394,
            -0.01666419580578804
        ],
        [
            0.10699746757745743,
            0.0015064328908920288,
            0.02777555212378502
        ],
        [
            0.10646109282970428,
            0.010621152818202972,
            0.032451897859573364
        ],
        [
            0.07056141644716263,
            0.1305108219385147,
            -0.005020185373723507
        ],
        [
            0.06867460906505585,
            0.1292310208082199,
            0.0002963179722428322
        ],
        [
            0.07182066142559052,
            0.12367678433656693,
            -0.001508672721683979
        ],
        [
            0.07266981899738312,
            0.12601540982723236,
            -0.00665374007076025
        ],
        [
            0.08774890005588531,
            0.0009502172470092773,
            0.034307584166526794
        ],
        [
            0.07898004353046417,
            -0.0013821125030517578,
            0.029830606654286385
        ],
        [
            0.08270099759101868,
            -0.007620729506015778,
            0.030646223574876785
        ],
        [
            0.09157416224479675,
            -0.005473911762237549,
            0.03299494832754135
        ],
        [
            0.08274932205677032,
            0.00946490466594696,
            0.035992614924907684
        ],
        [
            0.074465811252594,
            0.007599785923957825,
            0.02846333757042885
        ],
        [
            0.06108665466308594,
            0.1293659508228302,
            -0.012985614128410816
        ],
        [
            0.06580132246017456,
            0.13110840320587158,
            -0.012250739149749279
        ],
        [
            0.06648513674736023,
            0.1263725608587265,
            -0.014297340996563435
        ],
        [
            0.06170908734202385,
            0.12398325651884079,
            -0.014281128533184528
        ],
        [
            0.09377744793891907,
            0.07532256841659546,
            -0.01304303202778101
        ],
        [
            0.09273919463157654,
            0.06957721710205078,
            -0.005777680780738592
        ],
        [
            0.08431679010391235,
            0.0906953290104866,
            -0.012427294626832008
        ],
        [
            0.08664005994796753,
            0.08166377246379852,
            -0.009258129633963108
        ],
        [
            0.08837789297103882,
            0.0822676420211792,
            -0.016199983656406403
        ],
        [
            0.08501166105270386,
            0.08936647325754166,
            -0.018636802211403847
        ],
        [
            0.08154290914535522,
            0.06966385245323181,
            0.010742057114839554
        ],
        [
            0.08648116886615753,
            0.058989956974983215,
            0.0100068598985672
        ],
        [
            0.08736220002174377,
            0.062484487891197205,
            0.004391924478113651
        ],
        [
            0.08312077820301056,
            0.07483917474746704,
            0.003959862515330315
        ],
        [
            0.08603370934724808,
            0.054560478776693344,
            0.023482907563447952
        ],
        [
            0.0807751789689064,
            0.06521893292665482,
            0.022953329607844353
        ],
        [
            0.08112166076898575,
            0.06135760247707367,
            0.03062812238931656
        ],
        [
            0.08565521985292435,
            0.05485079064965248,
            0.030001971870660782
        ],
        [
            0.0719563364982605,
            0.08384969085454941,
            0.01884305477142334
        ],
        [
            0.06731809675693512,
            0.08958379179239273,
            0.018301205709576607
        ],
        [
            0.06725960969924927,
            0.08946511894464493,
            0.021949859336018562
        ],
        [
            0.07151196897029877,
            0.0822453424334526,
            0.02237405627965927
        ],
        [
            0.08554008603096008,
            -0.014139242470264435,
            0.0306367389857769
        ],
        [
            0.09503303468227386,
            -0.01152396947145462,
            0.030791129916906357
        ],
        [
            0.059404220432043076,
            0.044576842337846756,
            0.038805972784757614
        ],
        [
            0.06701767444610596,
            0.04071609303355217,
            0.0459924191236496
        ],
        [
            0.06165842339396477,
            0.05275913327932358,
            0.05012482777237892
        ],
        [
            0.054273851215839386,
            0.053603578358888626,
            0.04122161865234375
        ],
        [
            0.07335703074932098,
            -0.0006687790155410767,
            0.0210874043405056
        ],
        [
            0.07559090852737427,
            -0.007809087634086609,
            0.0234901774674654
        ],
        [
            0.056134674698114395,
            0.12704777717590332,
            -0.010093393735587597
        ],
        [
            0.05737244710326195,
            0.12171036005020142,
            -0.010754231363534927
        ],
        [
            0.11907781660556793,
            0.03372350335121155,
            -0.028131607919931412
        ],
        [
            0.12453387677669525,
            0.054368216544389725,
            -0.02526688016951084
        ],
        [
            0.1131494790315628,
            0.018287502229213715,
            -0.02777978405356407
        ],
        [
            0.10797852277755737,
            0.007935501635074615,
            -0.026003843173384666
        ],
        [
            0.1063603013753891,
            -0.0010956302285194397,
            -0.02516784332692623
        ],
        [
            0.08350340276956558,
            0.08389076590538025,
            -0.003699555527418852
        ],
        [
            0.09126564860343933,
            0.06216220557689667,
            -0.00018740631639957428
        ],
        [
            0.09223079681396484,
            0.04808077588677406,
            0.011652771383523941
        ],
        [
            0.0906444787979126,
            0.04319275915622711,
            0.04221097379922867
        ],
        [
            0.09578970819711685,
            0.03402583301067352,
            0.04126572981476784
        ],
        [
            0.09688898921012878,
            0.04030752182006836,
            0.03257716819643974
        ],
        [
            0.09158702194690704,
            0.046831294894218445,
            0.03502226248383522
        ],
        [
            0.07562172412872314,
            0.043424688279628754,
            0.05025021359324455
        ],
        [
            0.08162614703178406,
            0.04842672124505043,
            0.04799983650445938
        ],
        [
            0.07701870054006577,
            0.055773597210645676,
            0.04917238652706146
        ],
        [
            0.0704200491309166,
            0.05286373570561409,
            0.052345603704452515
        ],
        [
            0.11344919353723526,
            0.073975570499897,
            -0.0265875943005085
        ],
        [
            0.10676495730876923,
            0.06065414845943451,
            -0.031752169132232666
        ],
        [
            0.09774899482727051,
            0.004417799413204193,
            0.03532569855451584
        ],
        [
            0.10094958543777466,
            -0.0017132684588432312,
            0.03161000460386276
        ],
        [
            0.1022910475730896,
            -0.009631559252738953,
            0.028738396242260933
        ],
        [
            0.10556970536708832,
            0.029497191309928894,
            0.01302399206906557
        ],
        [
            0.11275073885917664,
            0.01722860336303711,
            0.011828476563096046
        ],
        [
            0.1136927455663681,
            0.018963441252708435,
            0.007978502660989761
        ],
        [
            0.10468396544456482,
            0.030228391289711,
            0.009488909505307674
        ],
        [
            0.10715560615062714,
            0.04228945076465607,
            0.0015751514583826065
        ],
        [
            0.1165444552898407,
            0.032857999205589294,
            0.002303875982761383
        ],
        [
            0.11034737527370453,
            0.05298026651144028,
            0.0015011504292488098
        ],
        [
            0.11562130600214005,
            0.005739547312259674,
            0.0029495307244360447
        ],
        [
            0.11607486009597778,
            -0.003764517605304718,
            0.008527325466275215
        ],
        [
            0.11739815771579742,
            -0.0029635652899742126,
            -0.00025397446006536484
        ],
        [
            0.11254583299160004,
            -0.0059228017926216125,
            0.01744198426604271
        ],
        [
            0.10791978240013123,
            -0.007916711270809174,
            0.024816837161779404
        ],
        [
            0.07563447952270508,
            -0.016299299895763397,
            0.024258501827716827
        ],
        [
            0.11708779633045197,
            -0.001755543053150177,
            -0.008498627692461014
        ],
        [
            0.12491017580032349,
            0.06856612861156464,
            -0.003015255555510521
        ],
        [
            0.12645286321640015,
            0.07676626741886139,
            -0.006213413551449776
        ],
        [
            0.11931277066469193,
            0.07788193225860596,
            -0.0045254649594426155
        ],
        [
            0.11711753904819489,
            0.07062432169914246,
            -0.0018274784088134766
        ],
        [
            0.07453438639640808,
            0.08937346935272217,
            -0.026756051927804947
        ],
        [
            0.08153574168682098,
            0.09047951549291611,
            -0.023580873385071754
        ],
        [
            0.08710390329360962,
            0.08227981626987457,
            -0.023142952471971512
        ],
        [
            0.10684618353843689,
            0.026578545570373535,
            0.026467658579349518
        ],
        [
            0.10261693596839905,
            0.020017579197883606,
            0.03647860884666443
        ],
        [
            0.08063797652721405,
            0.09266648441553116,
            -0.007062892895191908
        ],
        [
            0.060671500861644745,
            0.11932157725095749,
            -0.015744073316454887
        ],
        [
            0.0661756694316864,
            0.12123845517635345,
            -0.01642935536801815
        ],
        [
            0.07019021362066269,
            0.10451909899711609,
            -0.022217266261577606
        ],
        [
            0.06357991695404053,
            0.10375946015119553,
            -0.02112567611038685
        ],
        [
            0.07106427848339081,
            0.09809312224388123,
            -0.003573966445401311
        ],
        [
            0.07737628370523453,
            0.09678049385547638,
            -0.006132298149168491
        ],
        [
            0.07500623166561127,
            0.09890071302652359,
            -0.005234705284237862
        ],
        [
            0.06983674317598343,
            0.10016468912363052,
            -0.0015266165137290955
        ],
        [
            0.06818418204784393,
            0.0846346765756607,
            0.02993820793926716
        ],
        [
            0.07223832607269287,
            0.07777762413024902,
            0.029985323548316956
        ],
        [
            0.05762239545583725,
            0.08201117813587189,
            -0.008271240629255772
        ],
        [
            0.059863802045583725,
            0.08141326904296875,
            -0.02156822755932808
        ],
        [
            0.06499515473842621,
            0.07081153243780136,
            -0.021980244666337967
        ],
        [
            0.08112283051013947,
            0.06630992889404297,
            0.017430778592824936
        ],
        [
            0.07658296823501587,
            0.07575414329767227,
            0.01889180578291416
        ],
        [
            0.07602767646312714,
            0.07415637373924255,
            0.022755423560738564
        ],
        [
            0.08037198334932327,
            0.08637411892414093,
            -0.0007679485715925694
        ],
        [
            0.07682982832193375,
            0.0930827185511589,
            -0.002348855137825012
        ],
        [
            0.07611682265996933,
            0.08993300795555115,
            0.0016635069623589516
        ],
        [
            0.07925239950418472,
            0.0832221731543541,
            0.003717197570949793
        ],
        [
            0.07185031473636627,
            0.028690122067928314,
            0.042639780789613724
        ],
        [
            0.08172444999217987,
            0.031998153775930405,
            0.04804476350545883
        ],
        [
            0.06936962157487869,
            0.13135379552841187,
            -0.009479809552431107
        ],
        [
            0.07065976411104202,
            0.12671515345573425,
            -0.01144030224531889
        ],
        [
            0.08599772304296494,
            0.05592729151248932,
            0.016553958877921104
        ],
        [
            0.07140081375837326,
            0.05791018158197403,
            -0.02192842587828636
        ],
        [
            0.09195011854171753,
            0.04613513872027397,
            0.016832813620567322
        ],
        [
            0.05387156829237938,
            0.06987504661083221,
            0.031855128705501556
        ],
        [
            0.059648074209690094,
            0.07293148338794708,
            0.0370827279984951
        ],
        [
            0.05774535611271858,
            0.07942630350589752,
            0.03606618940830231
        ],
        [
            0.05233943462371826,
            0.0784885436296463,
            0.032383136451244354
        ],
        [
            0.06436995416879654,
            0.11413085460662842,
            0.0028264368884265423
        ],
        [
            0.0696839988231659,
            0.1163860559463501,
            0.0015773111954331398
        ],
        [
            0.06813786923885345,
            0.12134034186601639,
            0.0031131338328123093
        ],
        [
            0.06294899433851242,
            0.11919191479682922,
            0.003996910527348518
        ],
        [
            0.08063945174217224,
            0.09683416783809662,
            -0.011012188158929348
        ],
        [
            0.08175038546323776,
            0.09654885530471802,
            -0.01743774488568306
        ],
        [
            0.07913755625486374,
            0.10255526751279831,
            -0.014624497853219509
        ],
        [
            0.07754608988761902,
            0.10100513696670532,
            -0.009142560884356499
        ],
        [
            0.07770737260580063,
            0.09773099422454834,
            -0.022162601351737976
        ],
        [
            0.07593876123428345,
            0.10382308810949326,
            -0.019807741045951843
        ],
        [
            0.058590348809957504,
            0.11313602328300476,
            -0.0002713548019528389
        ],
        [
            0.05492106452584267,
            0.1139807403087616,
            -0.006956880912184715
        ],
        [
            0.057632822543382645,
            0.1003156378865242,
            -0.009720848873257637
        ],
        [
            0.0625702366232872,
            0.10160617530345917,
            -0.0033186774235218763
        ],
        [
            0.06551431119441986,
            0.023758098483085632,
            0.013219859451055527
        ],
        [
            0.0669509693980217,
            0.02070014923810959,
            0.02388705499470234
        ],
        [
            0.06258957087993622,
            0.03485602140426636,
            0.027104873210191727
        ],
        [
            0.05721202865242958,
            0.048346322029829025,
            0.03063841722905636
        ],
        [
            0.05339498817920685,
            0.06148353964090347,
            0.032970696687698364
        ],
        [
            0.05093753710389137,
            0.06369215995073318,
            0.021301917731761932
        ],
        [
            0.06474306434392929,
            0.031606003642082214,
            0.03434991091489792
        ],
        [
            0.06364834308624268,
            0.09479914605617523,
            -0.0029064910486340523
        ],
        [
            0.05961833894252777,
            0.0906841978430748,
            -0.011254793033003807
        ],
        [
            0.05931345373392105,
            0.09016183763742447,
            -0.00560425641015172
        ],
        [
            0.09263897687196732,
            0.04496403783559799,
            0.024208949878811836
        ],
        [
            0.07078345119953156,
            0.12148617208003998,
            -0.01430096197873354
        ],
        [
            0.08489357680082321,
            0.0023271366953849792,
            -0.020397350192070007
        ],
        [
            0.07690098881721497,
            -0.0008515864610671997,
            -0.009688966907560825
        ],
        [
            0.07595968246459961,
            0.007808767259120941,
            -0.010878566652536392
        ],
        [
            0.08590022474527359,
            0.011885188519954681,
            -0.02266840822994709
        ],
        [
            0.0738767609000206,
            0.11855001002550125,
            -0.003427494317293167
        ],
        [
            0.07445424050092697,
            0.12078510224819183,
            -0.0092704389244318
        ],
        [
            0.07146775722503662,
            0.0766541063785553,
            0.03628620132803917
        ],
        [
            0.06694158166646957,
            0.08307220041751862,
            0.03524657338857651
        ],
        [
            0.06354998797178268,
            0.0831674188375473,
            0.03738603740930557
        ],
        [
            0.0692889541387558,
            0.07780370861291885,
            0.041311025619506836
        ],
        [
            0.06896179914474487,
            0.018174909055233,
            0.028949156403541565
        ],
        [
            0.062413327395915985,
            0.062153756618499756,
            0.05264562368392944
        ],
        [
            0.05460919067263603,
            0.06212806701660156,
            0.04446106404066086
        ],
        [
            0.07064343243837357,
            0.008481256663799286,
            0.020669426769018173
        ],
        [
            0.06881790608167648,
            0.010798163712024689,
            0.01129828579723835
        ],
        [
            0.07111828774213791,
            0.0013428255915641785,
            0.010497667826712132
        ],
        [
            0.05165128782391548,
            0.07489196211099625,
            0.010502748191356659
        ],
        [
            0.06473797559738159,
            0.028215795755386353,
            0.005786035675555468
        ],
        [
            0.06886543333530426,
            0.014334604144096375,
            0.004459713120013475
        ],
        [
            0.07160059362649918,
            0.003189884126186371,
            0.0031735002994537354
        ],
        [
            0.07286544144153595,
            -0.005053065717220306,
            0.0028155441395938396
        ],
        [
            0.07235031574964523,
            -0.006199300289154053,
            0.010906904935836792
        ],
        [
            0.05668369680643082,
            0.11660853028297424,
            -0.011628319509327412
        ],
        [
            0.05486561357975006,
            0.11925260722637177,
            -0.005393199156969786
        ],
        [
            0.07214127480983734,
            -0.015271149575710297,
            0.011365617625415325
        ],
        [
            0.0733746662735939,
            -0.013424992561340332,
            0.0023102853447198868
        ],
        [
            0.07023728638887405,
            0.01802907884120941,
            -0.003914140164852142
        ],
        [
            0.07382170110940933,
            0.0229276642203331,
            -0.014066512696444988
        ],
        [
            0.06640586256980896,
            0.03138582408428192,
            -0.0022221077233552933
        ],
        [
            0.06920512020587921,
            0.03720276802778244,
            -0.012062731198966503
        ],
        [
            0.050566840916872025,
            0.07404055446386337,
            -1.4210585504770279e-05
        ],
        [
            0.050576500594615936,
            0.1347370445728302,
            0.0018030893988907337
        ],
        [
            0.05474650114774704,
            0.1244829073548317,
            0.000928869005292654
        ],
        [
            0.059241749346256256,
            0.1251278519630432,
            0.004522077739238739
        ],
        [
            0.053107768297195435,
            0.1345430314540863,
            0.005259974859654903
        ],
        [
            0.05787763372063637,
            0.11826231330633163,
            0.0008394625037908554
        ],
        [
            0.05345199629664421,
            0.12469293922185898,
            -0.004735423717647791
        ],
        [
            0.07800876349210739,
            0.043730635195970535,
            -0.023403344675898552
        ],
        [
            0.07174050062894821,
            0.09612015634775162,
            0.0011542413849383593
        ],
        [
            0.08713527023792267,
            0.029393963515758514,
            -0.02651110291481018
        ],
        [
            0.08821740746498108,
            0.05597446486353874,
            -0.031990472227334976
        ],
        [
            0.0973813533782959,
            0.046024832874536514,
            -0.03303040564060211
        ],
        [
            0.09833934158086777,
            0.015424787998199463,
            -0.029658153653144836
        ],
        [
            0.10577599704265594,
            0.03159762918949127,
            -0.03346541151404381
        ],
        [
            0.09535610675811768,
            -0.0029344335198402405,
            -0.02513948082923889
        ],
        [
            0.09525015205144882,
            0.006035163998603821,
            -0.026535432785749435
        ],
        [
            0.11318371444940567,
            0.04819059744477272,
            -0.03254464268684387
        ],
        [
