{
    "pred_cam": [
        4.866057395935059,
        -0.027856644243001938,
        0.03529849648475647
    ],
    "pred_mano_params": {
        "global_orient": [
            [
                [
                    0.8599097728729248,
                    0.4116213619709015,
                    0.30186599493026733
                ],
                [
                    0.40422523021698,
                    -0.18800878524780273,
                    -0.8951283097267151
                ],
                [
                    -0.3117004930973053,
                    0.8917514085769653,
                    -0.3280583322048187
                ]
            ]
        ],
        "hand_pose": [
            [
                [
                    0.8306773900985718,
                    -0.46221181750297546,
                    -0.31037941575050354
                ],
                [
                    0.44725120067596436,
                    0.8859918713569641,
                    -0.12241274118423462
                ],
                [
                    0.3315742015838623,
                    -0.03713207319378853,
                    0.9426981806755066
                ]
            ],
            [
                [
                    0.9402161240577698,
                    -0.33168622851371765,
                    0.07731640338897705
                ],
                [
                    0.33954915404319763,
                    0.8952659964561462,
                    -0.28845298290252686
                ],
                [
                    0.026457147672772408,
                    0.2974608838558197,
                    0.9543672800064087
                ]
            ],
            [
                [
                    0.9416218400001526,
                    -0.3292359709739685,
                    0.07037054002285004
                ],
                [
                    0.33064568042755127,
                    0.9437111616134644,
                    -0.009088119491934776
                ],
                [
                    -0.06341733783483505,
                    0.031825289130210876,
                    0.9974794983863831
                ]
            ],
            [
                [
                    0.6566641926765442,
                    -0.7450127005577087,
                    -0.1172529086470604
                ],
                [
                    0.7515752911567688,
                    0.6593542695045471,
                    0.019660696387290955
                ],
                [
                    0.062663733959198,
                    -0.10103486478328705,
                    0.9929074645042419
                ]
            ],
            [
                [
                    0.9789711833000183,
                    -0.175585076212883,
                    -0.10385267436504364
                ],
                [
                    0.19365228712558746,
                    0.9599504470825195,
                    0.20246991515159607
                ],
                [
                    0.06414271146059036,
                    -0.2183234989643097,
                    0.9737662672996521
                ]
            ],
            [
                [
                    0.9487673044204712,
                    -0.3026880919933319,
                    0.09066711366176605
                ],
                [
                    0.3064831793308258,
                    0.9513704180717468,
                    -0.031022369861602783
                ],
                [
                    -0.07686790823936462,
                    0.057220954447984695,
                    0.9953979849815369
                ]
            ],
            [
                [
                    0.7617871761322021,
                    -0.6069338917732239,
                    0.22652049362659454
                ],
                [
                    0.5334746837615967,
                    0.7860973477363586,
                    0.3121791481971741
                ],
                [
                    -0.36753925681114197,
                    -0.11697112768888474,
                    0.9226227402687073
                ]
            ],
            [
                [
                    0.967216968536377,
                    -0.20531874895095825,
                    -0.14945067465305328
                ],
                [
                    0.22443073987960815,
                    0.9664779305458069,
                    0.12470465153455734
                ],
                [
                    0.11883658170700073,
                    -0.15415778756141663,
                    0.980873703956604
                ]
            ],
            [
                [
                    0.9987902641296387,
                    0.005586155224591494,
                    0.048856016248464584
                ],
                [
                    -0.030515793710947037,
                    0.8494910001754761,
                    0.526719868183136
                ],
                [
                    -0.03856037184596062,
                    -0.5275735259056091,
                    0.8486338257789612
                ]
            ],
            [
                [
                    0.6827781200408936,
                    -0.728746235370636,
                    0.052373774349689484
                ],
                [
                    0.7283058166503906,
                    0.6845670938491821,
                    0.030634518712759018
                ],
                [
                    -0.05817815661430359,
                    0.017227549105882645,
                    0.9981575012207031
                ]
            ],
            [
                [
                    0.9690026640892029,
                    -0.23588459193706512,
                    -0.07343224436044693
                ],
                [
                    0.24646919965744019,
                    0.9026573896408081,
                    0.3527926206588745
                ],
                [
                    -0.01693418249487877,
                    -0.359955757856369,
                    0.932815670967102
                ]
            ],
            [
                [
                    0.9033752083778381,
                    -0.410554975271225,
                    0.12392670661211014
                ],
                [
                    0.37986841797828674,
                    0.9001679420471191,
                    0.21306724846363068
                ],
                [
                    -0.19903066754341125,
                    -0.14540383219718933,
                    0.9691462516784668
                ]
            ],
            [
                [
                    0.9939113259315491,
                    -0.05078018829226494,
                    -0.09778374433517456
                ],
                [
                    -0.0504925400018692,
                    0.5788828730583191,
                    -0.8138459324836731
                ],
                [
                    0.0979325920343399,
                    0.8138279914855957,
                    0.5727941989898682
                ]
            ],
            [
                [
                    0.8880226612091064,
                    -0.4135812819004059,
                    -0.2009136825799942
                ],
                [
                    0.4571937620639801,
                    0.8406882882118225,
                    0.2902017831802368
                ],
                [
                    0.04888375103473663,
                    -0.34956225752830505,
                    0.9356370568275452
                ]
            ],
            [
                [
                    0.9600626230239868,
                    -0.26103782653808594,
                    -0.10069267451763153
                ],
                [
                    0.20291055738925934,
                    0.8974040746688843,
                    -0.39178207516670227
                ],
                [
                    0.19263197481632233,
                    0.3557037115097046,
                    0.9145314693450928
                ]
            ]
        ],
        "betas": [
            -0.04306444525718689,
            -0.1100294291973114,
            -0.029514282941818237,
            -0.05876263976097107,
            -0.0009498000144958496,
            -0.023851241916418076,
            0.010850697755813599,
            -0.037048131227493286,
            0.036371439695358276,
            -0.026491433382034302
        ]
    },
    "pred_cam_t": [
        -0.027856644243001938,
        0.03529849648475647,
        8.027545928955078
    ],
    "focal_length": [
        5000.0,
        5000.0
    ],
    "pred_keypoints_3d": [
        [
            0.09591209888458252,
            0.006396835669875145,
            0.006233750842511654
        ],
        [
            0.07660654932260513,
            -0.023539623245596886,
            -0.008584441617131233
        ],
        [
            0.05416727811098099,
            -0.04012226313352585,
            -0.02170129120349884
        ],
        [
            0.0283193439245224,
            -0.0434667244553566,
            -0.029325636103749275
        ],
        [
            -0.003102515824139118,
            -0.03872549906373024,
            -0.04420383274555206
        ],
        [
            0.024152979254722595,
            -0.046747252345085144,
            0.022330068051815033
        ],
        [
            -0.008806850761175156,
            -0.04866832494735718,
            0.024383828043937683
        ],
        [
            -0.0288301482796669,
            -0.04394344612956047,
            0.015867114067077637
        ],
        [
            -0.048192813992500305,
            -0.03654612600803375,
            0.0013606399297714233
        ],
        [
            0.012716107070446014,
            -0.0286004189401865,
            0.03558056056499481
        ],
        [
            -0.017106156796216965,
            -0.026126110926270485,
            0.02474130690097809
        ],
        [
            -0.03509557247161865,
            -0.020708266645669937,
            0.010843317024409771
        ],
        [
            -0.053290270268917084,
            -0.01684819906949997,
            -0.007258318364620209
        ],
        [
            0.015743568539619446,
            -0.0020359642803668976,
            0.03703637793660164
        ],
        [
            -0.01152394525706768,
            -0.003939098212867975,
            0.027434688061475754
        ],
        [
            -0.029378212988376617,
            0.0016371458768844604,
            0.011004025116562843
        ],
        [
            -0.04322877526283264,
            0.003247680142521858,
            -0.010162755846977234
        ],
        [
            0.01940041035413742,
            0.01915215142071247,
            0.03308204561471939
        ],
        [
            -0.0012411251664161682,
            0.019899412989616394,
            0.02819337323307991
        ],
        [
            -0.01763150282204151,
            0.02361658588051796,
            0.019231559708714485
        ],
        [
            -0.03516845405101776,
            0.025411169975996017,
            0.005379613488912582
        ]
    ],
    "pred_vertices": [
        [
            0.05063628405332565,
            -0.024905409663915634,
            0.0011004749685525894
        ],
        [
            0.05867431312799454,
            -0.019347820430994034,
            -0.003347620368003845
        ],
        [
            0.05243922770023346,
            -0.025706114247441292,
            -0.007738156244158745
        ],
        [
            0.04614310711622238,
            -0.03222881630063057,
            -0.0026133060455322266
        ],
        [
            0.06619080901145935,
            -0.01610323041677475,
            -0.022541530430316925
        ],
        [
            0.07544980198144913,
            -0.0219014473259449,
            -0.02870868146419525
        ],
        [
            0.06180998310446739,
            -0.030354995280504227,
            -0.032050516456365585
        ],
        [
            0.056382790207862854,
            -0.02288476750254631,
            -0.02679578959941864
        ],
        [
            0.043001413345336914,
            -0.03843732178211212,
            -0.00421220064163208
        ],
        [
            0.0473843477666378,
            -0.03057890199124813,
            -0.011149648576974869
        ],
        [
            0.04424554109573364,
            -0.0416252538561821,
            -0.003587419167160988
        ],
        [
            0.042794711887836456,
            -0.05048330873250961,
            0.008142143487930298
        ],
        [
            0.04009952023625374,
            -0.045523501932621,
            0.0041534192860126495
        ],
        [
            0.03852919489145279,
            -0.05391237512230873,
            0.015264319255948067
        ],
        [
            0.05227639153599739,
            -0.05130299925804138,
            0.013634219765663147
        ],
        [
            0.04146896302700043,
            -0.05289246886968613,
            0.02445364184677601
        ],
        [
            0.05853181704878807,
            -0.029664240777492523,
            0.03339993953704834
        ],
        [
            0.058036670088768005,
            -0.01653755083680153,
            0.03729384019970894
        ],
        [
            0.042299989610910416,
            -0.021532367914915085,
            0.04318099841475487
        ],
        [
            0.04408244043588638,
            -0.034145183861255646,
            0.037750035524368286
        ],
        [
            0.04484105110168457,
            -0.0006920089945197105,
            0.04209024831652641
        ],
        [
            0.04262641817331314,
            -0.012359092943370342,
            0.04311381280422211
        ],
        [
            0.05879367142915726,
            -0.007596558891236782,
            0.03844495117664337
        ],
        [
            0.05983671918511391,
            0.002603689208626747,
            0.037631433457136154
        ],
        [
            0.05540882796049118,
            -0.010039601475000381,
            0.005509624257683754
        ],
        [
            0.06403731554746628,
            -0.005062747746706009,
            0.0015493463724851608
        ],
        [
            0.06313532590866089,
            -0.01090133748948574,
            0.0008742082864046097
        ],
        [
            0.054847270250320435,
            -0.015510641038417816,
            0.0041783880442380905
        ],
        [
            0.04572272300720215,
            -0.04650670662522316,
            -0.012208047322928905
        ],
        [
            0.05698210000991821,
            -0.049883488565683365,
            -0.003969072364270687
        ],
        [
            0.04997389018535614,
            -0.04720937833189964,
            -0.0015364987775683403
        ],
        [
            0.042854078114032745,
            -0.04186420887708664,
            -0.012519057840108871
        ],
        [
            0.081208735704422,
            0.015156643465161324,
            -0.010914366692304611
        ],
        [
            0.09463684260845184,
            0.0166912991553545,
            -0.010005071759223938
        ],
        [
            0.09602926671504974,
            0.011048540472984314,
            -0.01113194227218628
        ],
        [
            0.08356980234384537,
            0.010742735117673874,
            -0.011171635240316391
        ],
        [
            0.09247846901416779,
            -0.009025979787111282,
            -0.0201282799243927
        ],
        [
            0.1013898178935051,
            -0.005746122449636459,
            -0.015450403094291687
        ],
        [
            0.11152156442403793,
            -0.014188148081302643,
            -0.01229926198720932
        ],
        [
            0.10325685888528824,
            -0.020077373832464218,
            -0.014757508412003517
        ],
        [
            0.0833718553185463,
            -0.015170969069004059,
            -0.024978889152407646
        ],
        [
            0.09307907521724701,
            -0.024885497987270355,
            -0.0222789254039526
        ],
        [
            0.08237124234437943,
            -0.031270869076251984,
            -0.027323443442583084
        ],
        [
            0.06584633886814117,
            -0.03888456150889397,
            -0.03202319145202637
        ],
        [
            0.09289072453975677,
            0.028277581557631493,
            -0.004698842763900757
        ],
        [
            0.08270178735256195,
            0.02897254191339016,
            -0.0051019079983234406
        ],
        [
            -0.010793633759021759,
            -0.04905043914914131,
            0.012148282490670681
        ],
        [
            -0.01152827963232994,
            -0.04327096417546272,
            0.013313684612512589
        ],
        [
            -0.006385317072272301,
            -0.04387957230210304,
            0.01308093499392271
        ],
        [
            -0.00667191855609417,
            -0.04959993064403534,
            0.012318601831793785
        ],
        [
            0.0891304761171341,
            0.034208670258522034,
            0.014291014522314072
        ],
        [
            0.09221803396940231,
            0.030901851132512093,
            0.023329060524702072
        ],
        [
            0.09793846309185028,
            0.034161388874053955,
            0.020167769864201546
        ],
        [
            0.09585005789995193,
            0.03559650480747223,
            0.011091912165284157
        ],
        [
            0.08022564649581909,
            0.032257214188575745,
            0.01843138039112091
        ],
        [
            0.08413618803024292,
            0.02603316865861416,
            0.027020223438739777
        ],
        [
            -0.013940971344709396,
            -0.055855631828308105,
            0.022408943623304367
        ],
        [
            -0.012979339808225632,
            -0.055956047028303146,
            0.017344407737255096
        ],
        [
            -0.008198285475373268,
            -0.05683242157101631,
            0.019322363659739494
        ],
        [
            -0.008263390511274338,
            -0.055911485105752945,
            0.02459610439836979
        ],
        [
            0.04038939252495766,
            -0.038390155881643295,
            0.002640608698129654
        ],
        [
            0.04258139804005623,
            -0.029384255409240723,
            0.004062889143824577
        ],
        [
            0.02589580975472927,
            -0.0437740758061409,
            0.010451937094330788
        ],
        [
            0.0325104296207428,
            -0.037365905940532684,
            0.009205344133079052
        ],
        [
            0.034916236996650696,
            -0.04397808015346527,
            0.00763275008648634
        ],
        [
            0.029413677752017975,
            -0.048942338675260544,
            0.010187513194978237
        ],
        [
            0.035093631595373154,
            -0.014355946332216263,
            0.014906441792845726
        ],
        [
            0.045546699315309525,
            -0.010811030864715576,
            0.010970005765557289
        ],
        [
            0.04462556913495064,
            -0.01731882244348526,
            0.009891897439956665
        ],
        [
            0.033203501254320145,
            -0.02259392850100994,
            0.013004695996642113
        ],
        [
            0.044223934412002563,
            0.0032928306609392166,
            0.011504074558615685
        ],
        [
            0.034223515540361404,
            -0.0014214087277650833,
            0.01577582210302353
        ],
        [
            0.03464582934975624,
            0.007130132056772709,
            0.015584653243422508
        ],
        [
            0.04130207374691963,
            0.009139040485024452,
            0.011664332821965218
        ],
        [
            0.018693212419748306,
            -0.012589571997523308,
            0.023053176701068878
        ],
        [
            0.013744888827204704,
            -0.015187215059995651,
            0.025681039318442345
        ],
        [
            0.012306947261095047,
            -0.012028519064188004,
            0.025383085012435913
        ],
        [
            0.018821749836206436,
            -0.008985977619886398,
            0.02336927130818367
        ],
        [
            0.10415644943714142,
            0.036742713302373886,
            0.017910555005073547
        ],
        [
            0.10254932194948196,
            0.03599873557686806,
            0.008237920701503754
        ],
        [
            0.045211657881736755,
            0.020695842802524567,
            0.037859272211790085
        ],
        [
            0.04643966257572174,
            0.028821416199207306,
            0.030266275629401207
        ],
        [
            0.034070998430252075,
            0.028069717809557915,
            0.033904947340488434
        ],
        [
            0.03595110774040222,
            0.019494719803333282,
            0.04163777828216553
        ],
        [
            0.0944899320602417,
            0.022504301741719246,
            0.029020659625530243
        ],
        [
            0.10028692334890366,
            0.02755761332809925,
            0.02740137092769146
        ],
        [
            -0.014906203374266624,
            -0.05196414142847061,
            0.02718331851065159
        ],
        [
            -0.008848870173096657,
            -0.05153058096766472,
            0.028696272522211075
        ],
        [
            0.08841106295585632,
            -0.03810134157538414,
            -0.01721128448843956
        ],
        [
            0.06887142360210419,
            -0.04613487422466278,
            -0.025863103568553925
        ],
        [
            0.1009104996919632,
            -0.029884908348321915,
            -0.010024704039096832
        ],
        [
            0.10871022939682007,
            -0.02366963028907776,
            -0.00443602167069912
        ],
        [
            0.11632046848535538,
            -0.01927466318011284,
            -0.0023932866752147675
        ],
        [
            0.028201323002576828,
            -0.03315475210547447,
            0.011934482492506504
        ],
        [
            0.04703417792916298,
            -0.021335389465093613,
            0.006107160821557045
        ],
        [
            0.05535891279578209,
            -0.004941185936331749,
            0.006185470148921013
        ],
        [
            0.047613225877285004,
            0.024864407256245613,
            0.007356695830821991
        ],
        [
            0.05690310522913933,
            0.02763654664158821,
            0.0031029023230075836
        ],
        [
            0.05467347428202629,
            0.01729641482234001,
            0.0017405860126018524
        ],
        [
            0.047213464975357056,
            0.016915742307901382,
            0.006349913775920868
        ],
        [
            0.042940229177474976,
            0.031790513545274734,
            0.021452030166983604
        ],
        [
            0.03958393633365631,
            0.027882618829607964,
            0.01534942165017128
        ],
        [
            0.0317075178027153,
            0.025893239304423332,
            0.0189820546656847
        ],
        [
            0.03320961818099022,
            0.02995416335761547,
            0.025132710114121437
        ],
        [
            0.04886261373758316,
            -0.05187027156352997,
            -0.016537409275770187
        ],
        [
            0.06322378665208817,
            -0.0518510602414608,
            -0.0077429404482245445
        ],
        [
            0.08646717667579651,
            0.033936209976673126,
            0.0040128715336322784
        ],
        [
            0.09379409998655319,
            0.03298770263791084,
            0.00148092582821846
        ],
        [
            0.10226559638977051,
            0.03347841650247574,
            0.0008935518562793732
        ],
        [
            0.07281263917684555,
            0.0039966292679309845,
            -0.005547240376472473
        ],
        [
            0.08519714325666428,
            0.007683198899030685,
            -0.011478886008262634
        ],
        [
            0.08518766611814499,
            0.003518529236316681,
            -0.012619184330105782
        ],
        [
            0.07328728586435318,
            0.0006590709090232849,
            -0.0047963932156562805
        ],
        [
            0.06579649448394775,
            -0.012064028531312943,
            -0.00959940254688263
        ],
        [
            0.07566553354263306,
            -0.008104708045721054,
            -0.017800793051719666
        ],
        [
            0.05740483105182648,
            -0.017656389623880386,
            -0.014147132635116577
        ],
        [
            0.09951869398355484,
            0.0039374083280563354,
            -0.013107800856232643
        ],
        [
            0.10603011399507523,
            0.012798205018043518,
            -0.012881964445114136
        ],
        [
            0.10889484733343124,
            0.004435930401086807,
            -0.014080729335546494
        ],
        [
            0.10420219600200653,
            0.021774088963866234,
            -0.00933992862701416
        ],
        [
            0.10272640734910965,
            0.029288463294506073,
            -0.004755482077598572
        ],
        [
            0.10777144134044647,
            0.031585872173309326,
            0.02808334492146969
        ],
        [
            0.11107449233531952,
            -0.003641366958618164,
            -0.01360289752483368
        ],
        [
            0.049727097153663635,
            -0.028340470045804977,
            -0.028958972543478012
        ],
        [
            0.04357575252652168,
            -0.03230975568294525,
            -0.030671443790197372
        ],
        [
            0.04144057631492615,
            -0.030911585316061974,
            -0.023332858458161354
        ],
        [
            0.04669579863548279,
            -0.027458462864160538,
            -0.02094746008515358
        ],
        [
            0.030916504561901093,
            -0.0565517283976078,
            0.020880326628684998
        ],
        [
            0.02979433722794056,
            -0.05396711826324463,
            0.013586963526904583
        ],
        [
            0.03751365467905998,
            -0.050472237169742584,
            0.009074898436665535
        ],
        [
            0.0705287903547287,
            0.017195941880345345,
            -0.006772719323635101
        ],
        [
            0.07221797108650208,
            0.0288840364664793,
            -0.002231508493423462
        ],
        [
            0.021786557510495186,
            -0.03953881561756134,
            0.013424727134406567
        ],
        [
            -0.003541242331266403,
            -0.05611869692802429,
            0.026984013617038727
        ],
        [
            -0.0030963215976953506,
            -0.05750482529401779,
            0.02118043415248394
        ],
        [
            0.014966072514653206,
            -0.05777806043624878,
            0.022084293887019157
        ],
        [
            0.013740666210651398,
            -0.056374870240688324,
            0.02869497984647751
        ],
        [
            0.014957576990127563,
            -0.03802976757287979,
            0.021472640335559845
        ],
        [
            0.017723362892866135,
            -0.040049098432064056,
            0.015484624542295933
        ],
        [
            0.015472731553018093,
            -0.03974069654941559,
            0.01711636781692505
        ],
        [
            0.012122239917516708,
            -0.03644871711730957,
            0.021700190380215645
        ],
        [
            0.014699485152959824,
            -0.0030628168024122715,
            0.024976424872875214
        ],
        [
            0.02031627669930458,
            -0.0004872400313615799,
            0.023090533912181854
        ],
        [
            0.028481438755989075,
            -0.03701053932309151,
            0.0388333797454834
        ],
        [
            0.034167833626270294,
            -0.04922185093164444,
            0.03697635978460312
        ],
        [
            0.04501987248659134,
            -0.045504130423069,
            0.032651640474796295
        ],
        [
            0.035482775419950485,
            -0.006910065189003944,
            0.015495549887418747
        ],
        [
            0.026041287928819656,
            -0.009327441453933716,
            0.01920204423367977
        ],
        [
            0.025908172130584717,
            -0.005229483358561993,
            0.019776660948991776
        ],
        [
            0.024600695818662643,
            -0.03140873461961746,
            0.014635092578828335
        ],
        [
            0.01921716332435608,
            -0.03536304831504822,
            0.01705043949186802
        ],
        [
            0.02041894942522049,
            -0.030562013387680054,
            0.018527541309595108
        ],
        [
            0.025471661239862442,
            -0.02610744908452034,
            0.01605857163667679
        ],
        [
            0.05909792333841324,
            0.03062969446182251,
            0.027084829285740852
        ],
        [
            0.05482383072376251,
            0.03441682085394859,
            0.016926651820540428
        ],
        [
            -0.011587487533688545,
            -0.05354614555835724,
            0.013602799735963345
        ],
        [
            -0.007248545065522194,
            -0.054395128041505814,
            0.014723456464707851
        ],
        [
            0.04571908712387085,
            -0.003599591553211212,
            0.011590490117669106
        ],
        [
            0.05760994553565979,
            -0.03998005762696266,
            0.02717730589210987
        ],
        [
            0.05507670342922211,
            0.0005540773272514343,
            0.00652318075299263
        ],
        [
            0.023399101570248604,
            0.004563436843454838,
            0.04177531227469444
        ],
        [
            0.019230898469686508,
            0.008230221457779408,
            0.03569876775145531
        ],
        [
            0.014188513159751892,
            0.005759870633482933,
            0.03484126925468445
        ],
        [
            0.014675075188279152,
            0.0029509428422898054,
            0.040155425667762756
        ],
        [
            -0.0026344023644924164,
            -0.03676862642168999,
            0.02260717749595642
        ],
        [
            -0.002709360793232918,
            -0.038731884211301804,
            0.017113329842686653
        ],
        [
            -0.0069265589118003845,
            -0.03870443254709244,
            0.016581954434514046
        ],
        [
            -0.007598746567964554,
            -0.037035152316093445,
            0.022109899669885635
        ],
        [
            0.019917868077754974,
            -0.0446322001516819,
            0.012561473995447159
        ],
        [
            0.022487297654151917,
            -0.05048026517033577,
            0.011971385218203068
        ],
        [
            0.016109028831124306,
            -0.04991716146469116,
            0.013003688305616379
        ],
        [
            0.015358044765889645,
            -0.04416324570775032,
            0.014440255239605904
        ],
        [
            0.022513961419463158,
            -0.055305469781160355,
            0.01601485349237919
        ],
        [
            0.0160900317132473,
            -0.05526413768529892,
            0.016396107152104378
        ],
        [
            -0.002926534041762352,
            -0.03892911970615387,
            0.02868146449327469
        ],
        [
            -0.0033594612032175064,
            -0.04538785666227341,
            0.032441481947898865
        ],
        [
            0.01177741028368473,
            -0.04392680153250694,
            0.034227482974529266
        ],
        [
            0.009803599677979946,
            -0.03828616812825203,
            0.028778158128261566
        ],
        [
            0.07449270039796829,
            0.00559527613222599,
            0.03480842337012291
        ],
        [
            0.07327484339475632,
            0.016608452424407005,
            0.03340030461549759
        ],
        [
            0.05868048965930939,
            0.01394696719944477,
            0.03630389645695686
        ],
        [
            0.04452139139175415,
            0.011787595227360725,
            0.040373433381319046
        ],
        [
            0.031143132597208023,
            0.008770362474024296,
            0.04302298650145531
        ],
        [
            0.03226331248879433,
            -0.0029828734695911407,
            0.046959683299064636
        ],
        [
            0.059069931507110596,
            0.021871458739042282,
            0.03421231359243393
        ],
        [
            0.01754775084555149,
            -0.0364278145134449,
            0.029339928179979324
        ],
        [
            0.021958395838737488,
            -0.042607761919498444,
            0.03507958725094795
        ],
        [
            0.021030735224485397,
            -0.03731917589902878,
            0.03485593572258949
        ],
        [
            0.05331706255674362,
            0.007773092016577721,
            0.005757225677371025
        ],
        [
            -0.0023669488728046417,
            -0.05563415586948395,
            0.016331199556589127
        ],
        [
            0.10915914922952652,
            -0.016440697014331818,
            0.01831960119307041
        ],
        [
            0.1070670560002327,
            -0.005567990243434906,
            0.02617443911731243
        ],
        [
            0.09950603544712067,
            -0.010054392740130424,
            0.026403477415442467
        ],
        [
            0.10143245756626129,
            -0.02217394858598709,
            0.016715334728360176
        ],
        [
            -0.002201041206717491,
            -0.04436669498682022,
            0.013133849017322063
        ],
        [
            -0.0019811931997537613,
            -0.05064966902136803,
            0.012497175484895706
        ],
        [
            0.018506057560443878,
            0.005804756656289101,
            0.023857077583670616
        ],
        [
            0.013858720660209656,
            0.0025994903407990932,
            0.025914344936609268
        ],
        [
            0.012585308402776718,
            0.0051846010610461235,
            0.02843298204243183
        ],
        [
            0.015173793770372868,
            0.009992712177336216,
            0.025504514575004578
        ],
        [
            0.07379814237356186,
            0.022251630201935768,
            0.031506866216659546
        ],
        [
            0.025767987594008446,
            0.027587473392486572,
            0.03388192132115364
        ],
        [
            0.027765881270170212,
            0.019996386021375656,
            0.04145124554634094
        ],
        [
            0.0860421359539032,
            0.018494341522455215,
            0.03090718202292919
        ],
        [
            0.08741995692253113,
            0.008962202817201614,
            0.03273067623376846
        ],
        [
            0.09660129249095917,
            0.011965636163949966,
            0.03128517419099808
        ],
        [
            0.02608412131667137,
            -0.016960810869932175,
            0.044849760830402374
        ],
        [
            0.07323624938726425,
            -0.002996062859892845,
            0.035386644303798676
        ],
        [
            0.08686207234859467,
            0.0013027545064687729,
            0.0325198695063591
        ],
        [
            0.0978168174624443,
            0.004535054787993431,
            0.0308005902916193
        ],
        [
            0.10563334077596664,
            0.0074567366391420364,
            0.030286509543657303
        ],
        [
            0.10346510261297226,
            0.015321839600801468,
            0.030728936195373535
        ],
        [
            -0.003737613558769226,
            -0.051094889640808105,
            0.030773654580116272
        ],
        [
            -0.009358929470181465,
            -0.04512989521026611,
            0.030856903642416
        ],
        [
            0.11159271746873856,
            0.019305754452943802,
            0.03171930089592934
        ],
        [
            0.11356934905052185,
            0.01030150055885315,
            0.030508341267704964
        ],
        [
            0.08688876032829285,
            -0.007805999368429184,
            0.03101683035492897
        ],
        [
            0.08674287050962448,
            -0.018874280154705048,
            0.02741197496652603
        ],
        [
            0.07362449914216995,
            -0.011559950187802315,
            0.03364050015807152
        ],
        [
            0.07242956012487411,
            -0.0227879136800766,
            0.03063582256436348
        ],
        [
            0.030529044568538666,
            -0.02669462561607361,
            0.04754035174846649
        ],
        [
            -0.02678680792450905,
            -0.0408850759267807,
            0.024541586637496948
        ],
        [
            -0.015589527785778046,
            -0.040196482092142105,
            0.02745078317821026
        ],
        [
            -0.01388896070420742,
            -0.03752841055393219,
            0.02257893979549408
        ],
        [
            -0.025375425815582275,
            -0.03760450333356857,
            0.022148754447698593
        ],
        [
            -0.008461439982056618,
            -0.03916941583156586,
            0.02754838392138481
        ],
        [
            -0.015517828986048698,
            -0.04560992866754532,
            0.029385637491941452
        ],
        [
            0.07185013592243195,
            -0.03549150377511978,
            0.021903038024902344
        ],
        [
            0.01588456705212593,
            -0.033366985619068146,
            0.021341143175959587
        ],
        [
            0.08716411143541336,
            -0.03245559334754944,
            0.014439165592193604
        ],
        [
            0.06536247581243515,
            -0.04862399399280548,
            0.011015297845005989
        ],
        [
            0.07594093680381775,
            -0.04567987099289894,
            0.0031592166051268578
        ],
        [
            0.10236020386219025,
            -0.029905589297413826,
            0.004901413805782795
        ],
        [
            0.09032569825649261,
            -0.04046270251274109,
            -0.003374120220541954
        ],
        [
            0.11687427759170532,
            -0.01856335625052452,
