{
    "pred_cam": [
        10.682353973388672,
        0.14484216272830963,
        -0.029528319835662842
    ],
    "pred_mano_params": {
        "global_orient": [
            [
                [
                    -0.8348453044891357,
                    0.25992351770401,
                    -0.48525577783584595
                ],
                [
                    0.04578814283013344,
                    -0.845663845539093,
                    -0.5317482948303223
                ],
                [
                    -0.548577070236206,
                    -0.4661464989185333,
                    0.694097101688385
                ]
            ]
        ],
        "hand_pose": [
            [
                [
                    0.46968942880630493,
                    -0.6767678260803223,
                    -0.5669013857841492
                ],
                [
                    0.7101476192474365,
                    0.6711195707321167,
                    -0.21281182765960693
                ],
                [
                    0.5244828462600708,
                    -0.30262821912765503,
                    0.7958228588104248
                ]
            ],
            [
                [
                    0.7959561347961426,
                    -0.5985717177391052,
                    0.09036435186862946
                ],
                [
                    0.5553984642028809,
                    0.6627089977264404,
                    -0.5023438334465027
                ],
                [
                    0.24080350995063782,
                    0.4500318765640259,
                    0.859933078289032
                ]
            ],
            [
                [
                    0.8073797225952148,
                    -0.24017417430877686,
                    0.5389381647109985
                ],
                [
                    0.17470809817314148,
                    0.9697569012641907,
                    0.17043659090995789
                ],
                [
                    -0.5635734796524048,
                    -0.043450187891721725,
                    0.8249224424362183
                ]
            ],
            [
                [
                    0.32403483986854553,
                    -0.8713924288749695,
                    -0.36834314465522766
                ],
                [
                    0.8814214468002319,
                    0.41950979828834534,
                    -0.21704323589801788
                ],
                [
                    0.3436533808708191,
                    -0.2543359696865082,
                    0.9039997458457947
                ]
            ],
            [
                [
                    0.8310940861701965,
                    -0.5123435258865356,
                    -0.2163023054599762
                ],
                [
                    0.5471737384796143,
                    0.8228511810302734,
                    0.1533520668745041
                ],
                [
                    0.09941566735506058,
                    -0.24580495059490204,
                    0.964207649230957
                ]
            ],
            [
                [
                    0.8421603441238403,
                    -0.5154100060462952,
                    0.15848831832408905
                ],
                [
                    0.5167748332023621,
                    0.8553756475448608,
                    0.035724882036447525
                ],
                [
                    -0.15398001670837402,
                    0.05181669071316719,
                    0.9867143630981445
                ]
            ],
            [
                [
                    -0.033126797527074814,
                    -0.9253571629524231,
                    -0.37764644622802734
                ],
                [
                    0.9340188503265381,
                    -0.16313356161117554,
                    0.31779924035072327
                ],
                [
                    -0.3556845784187317,
                    -0.3422011733055115,
                    0.8697051405906677
                ]
            ],
            [
                [
                    0.5614803433418274,
                    -0.8145143985748291,
                    -0.14596639573574066
                ],
                [
                    0.7378136515617371,
                    0.41291478276252747,
                    0.5339779853820801
                ],
                [
                    -0.37466105818748474,
                    -0.40751412510871887,
                    0.8328033685684204
                ]
            ],
            [
                [
                    0.8756057024002075,
                    -0.474092572927475,
                    0.09247060120105743
                ],
                [
                    0.27982306480407715,
                    0.6539109349250793,
                    0.7029221057891846
                ],
                [
                    -0.3937177062034607,
                    -0.5896072387695312,
                    0.705230176448822
                ]
            ],
            [
                [
                    0.21456269919872284,
                    -0.9607420563697815,
                    -0.17589065432548523
                ],
                [
                    0.931565523147583,
                    0.2554168403148651,
                    -0.2587428390979767
                ],
                [
                    0.2935105562210083,
                    -0.10833710432052612,
                    0.9497971534729004
                ]
            ],
            [
                [
                    0.5626816749572754,
                    -0.8076955676078796,
                    -0.17611724138259888
                ],
                [
                    0.7357132434844971,
                    0.3921199142932892,
                    0.5522391200065613
                ],
                [
                    -0.3769819736480713,
                    -0.44030657410621643,
                    0.8148710131645203
                ]
            ],
            [
                [
                    0.7339285612106323,
                    -0.6596466898918152,
                    0.16191059350967407
                ],
                [
                    0.5774877071380615,
                    0.7314978241920471,
                    0.36251744627952576
                ],
                [
                    -0.35757070779800415,
                    -0.17256055772304535,
                    0.917805016040802
                ]
            ],
            [
                [
                    0.8519707918167114,
                    0.07863783836364746,
                    -0.5176503658294678
                ],
                [
                    -0.49403804540634155,
                    0.4481799006462097,
                    -0.7450243234634399
                ],
                [
                    0.17341339588165283,
                    0.8904778957366943,
                    0.420686274766922
                ]
            ],
            [
                [
                    0.8121054172515869,
                    -0.5579808950424194,
                    -0.17071057856082916
                ],
                [
                    0.5766154527664185,
                    0.7225547432899475,
                    0.3813519775867462
                ],
                [
                    -0.08943938463926315,
                    -0.4081323742866516,
                    0.9085310697555542
                ]
            ],
            [
                [
                    0.8585841059684753,
                    -0.4374123811721802,
                    -0.26740193367004395
                ],
                [
                    0.03869519382715225,
                    0.5753867626190186,
                    -0.816965639591217
                ],
                [
                    0.5112103223800659,
                    0.6910865306854248,
                    0.5109437108039856
                ]
            ]
        ],
        "betas": [
            -0.0045991092920303345,
            -0.04098823666572571,
            -0.022700458765029907,
            0.0361534059047699,
            -0.0016177594661712646,
            -0.022130969911813736,
            0.024369537830352783,
            -0.048233091831207275,
            -0.010908842086791992,
            -0.07732543349266052
        ]
    },
    "pred_cam_t": [
        -0.14484216272830963,
        -0.029528319835662842,
        3.656731367111206
    ],
    "focal_length": [
        5000.0,
        5000.0
    ],
    "pred_keypoints_3d": [
        [
            0.09575103968381882,
            0.006386280991137028,
            0.006189970299601555
        ],
        [
            0.09928910434246063,
            0.004705892875790596,
            0.044574856758117676
        ],
        [
            0.11794339120388031,
            0.005880124866962433,
            0.06907876580953598
        ],
        [
            0.13899971544742584,
            0.015656784176826477,
            0.08310100436210632
        ],
        [
            0.16046170890331268,
            0.042620934545993805,
            0.0793885663151741
        ],
        [
            0.1579989492893219,
            -0.004216749221086502,
            0.0713050439953804
        ],
        [
            0.17674735188484192,
            0.02147354558110237,
            0.08016975969076157
        ],
        [
            0.1727266013622284,
            0.04330788552761078,
            0.08015065640211105
        ],
        [
            0.1606818437576294,
            0.06143525242805481,
            0.09073278307914734
        ],
        [
            0.17610988020896912,
            0.005108964629471302,
            0.05649757385253906
        ],
        [
            0.18542525172233582,
            0.03483214229345322,
            0.062418803572654724
        ],
        [
            0.17654988169670105,
            0.05633043497800827,
            0.06169040501117706
        ],
        [
            0.1591261476278305,
            0.07464298605918884,
            0.06478248536586761
        ],
        [
            0.17598620057106018,
            0.020179182291030884,
            0.03439853712916374
        ],
        [
            0.18209630250930786,
            0.047707464545965195,
            0.04052199050784111
        ],
        [
            0.16119752824306488,
            0.061046112328767776,
            0.039804358035326004
        ],
        [
            0.13724756240844727,
            0.06167403608560562,
            0.046250417828559875
        ],
        [
            0.17164301872253418,
            0.03461596742272377,
            0.01861918903887272
        ],
        [
            0.1644456535577774,
            0.05423537269234657,
            0.021690890192985535
        ],
        [
            0.14576685428619385,
            0.05527054890990257,
            0.018617672845721245
        ],
        [
            0.12973593175411224,
            0.04286811128258705,
            0.01999085769057274
        ]
    ],
    "pred_vertices": [
        [
            0.1248391717672348,
            0.008709925226867199,
            0.05111796408891678
        ],
        [
            0.11592821776866913,
            0.01025860384106636,
            0.04430165886878967
        ],
        [
            0.12045027315616608,
            0.009260550141334534,
            0.05214658007025719
        ],
        [
            0.12649133801460266,
            0.00673285499215126,
            0.05915507301688194
        ],
        [
            0.10585673153400421,
            0.021763857454061508,
            0.05060175806283951
        ],
        [
            0.09503011405467987,
            0.019733577966690063,
            0.05651509016752243
        ],
        [
            0.10811400413513184,
            0.019059015437960625,
            0.06860549747943878
        ],
        [
            0.11498373746871948,
            0.021774297580122948,
            0.06069294735789299
        ],
        [
            0.1293371021747589,
            0.003473890945315361,
            0.0645349845290184
        ],
        [
            0.12439379096031189,
            0.009055249392986298,
            0.058718785643577576
        ],
        [
            0.1306736320257187,
            -0.0006164899095892906,
            0.0645715668797493
        ],
        [
            0.13598275184631348,
            -0.010339983738958836,
            0.06908091902732849
        ],
        [
            0.13510757684707642,
            -0.0026436029002070427,
            0.069253109395504
        ],
        [
            0.14312201738357544,
            -0.013507939875125885,
            0.07182299345731735
        ],
        [
            0.13192464411258698,
            -0.018096718937158585,
            0.06314527988433838
        ],
        [
            0.14720267057418823,
            -0.019516242668032646,
            0.06592126190662384
        ],
        [
            0.14006680250167847,
            -0.01615702360868454,
            0.03742830082774162
        ],
        [
            0.1438862830400467,
            -0.009508615359663963,
            0.02612432837486267
        ],
        [
            0.1600998342037201,
            -0.009003245271742344,
            0.034526899456977844
        ],
        [
            0.1543082892894745,
            -0.014952989295125008,
            0.04560607671737671
        ],
        [
            0.15897521376609802,
            0.003944572992622852,
            0.01793791353702545
        ],
        [
            0.16026203334331512,
            -0.0030489908531308174,
            0.027576623484492302
        ],
        [
            0.14460492134094238,
            -0.004677152261137962,
            0.018478356301784515
        ],
        [
            0.14399459958076477,
            0.0019047558307647705,
            0.010606586933135986
        ],
        [
            0.12499039620161057,
            0.015030400827527046,
            0.03716845065355301
        ],
        [
            0.11542649567127228,
            0.016602089628577232,
            0.03118593990802765
        ],
        [
            0.11464988440275192,
            0.012980964034795761,
            0.03553172945976257
        ],
        [
            0.12397127598524094,
            0.012132469564676285,
            0.04172687232494354
        ],
        [
            0.12894290685653687,
            -0.000919826328754425,
            0.07042183727025986
        ],
        [
            0.12074460089206696,
            -0.01036771945655346,
            0.06659430265426636
        ],
        [
            0.12740738689899445,
            -0.0076479241251945496,
            0.06549900770187378
        ],
        [
            0.13112545013427734,
            0.003233795054256916,
            0.0680471733212471
        ],
        [
            0.09620700031518936,
            0.029375620186328888,
            0.014286112040281296
        ],
        [
            0.08671373128890991,
            0.02350871078670025,
            0.00658256933093071
        ],
        [
            0.08454614132642746,
            0.01999581977725029,
            0.010825473815202713
        ],
        [
            0.09374156594276428,
            0.025754669681191444,
            0.016797374933958054
        ],
        [
            0.08106516301631927,
            0.016180839389562607,
            0.034190721809864044
        ],
        [
            0.07679158449172974,
            0.010381663218140602,
            0.024282317608594894
        ],
        [
            0.07096944004297256,
            -0.0020256172865629196,
            0.02432483434677124
        ],
        [
            0.07593172788619995,
            0.00033266935497522354,
            0.03473295643925667
        ],
        [
            0.0876721739768982,
            0.019282454624772072,
            0.04603172466158867
        ],
        [
            0.08073688298463821,
            0.0071933455765247345,
            0.048013169318437576
        ],
        [
            0.08961174637079239,
            0.01053917221724987,
            0.060771845281124115
        ],
        [
            0.1045520231127739,
            0.012167949229478836,
            0.07398183643817902
        ],
        [
            0.09210813045501709,
            0.028579726815223694,
            -0.0039019472897052765
        ],
        [
            0.0996336042881012,
            0.03412789851427078,
            0.000378388911485672
        ],
        [
            0.16378098726272583,
            0.026929743587970734,
            0.0840216726064682
        ],
        [
            0.16386887431144714,
            0.028894975781440735,
            0.07818929851055145
        ],
        [
            0.16142334043979645,
            0.0240179430693388,
            0.07854980230331421
        ],
        [
            0.16209226846694946,
            0.022777676582336426,
            0.08397168666124344
        ],
        [
            0.10765190422534943,
            0.02285500429570675,
            -0.015686243772506714
        ],
        [
            0.11094830930233002,
            0.01384667120873928,
            -0.018754247575998306
        ],
        [
            0.10470284521579742,
            0.015127608552575111,
            -0.022331587970256805
        ],
        [
            0.1005031019449234,
            0.02249157987535,
            -0.01825723424553871
        ],
        [
            0.1170806735754013,
            0.023291166871786118,
            -0.012302622199058533
        ],
        [
            0.11929316073656082,
            0.012279453687369823,
            -0.01320262998342514
        ],
        [
            0.17579969763755798,
            0.023389538750052452,
            0.08728742599487305
        ],
        [
            0.1709088683128357,
            0.024583522230386734,
            0.08909151703119278
        ],
        [
            0.17054662108421326,
            0.018981339409947395,
            0.0882045179605484
        ],
        [
            0.17497794330120087,
            0.01688086800277233,
            0.08537199348211288
        ],
        [
            0.13353635370731354,
            0.0038849906995892525,
            0.06551899760961533
        ],
        [
            0.13292433321475983,
            0.00861357245594263,
            0.05769053474068642
        ],
        [
            0.14774733781814575,
            0.0028138989582657814,
            0.0737762600183487
        ],
        [
            0.14350099861621857,
            0.00526783149689436,
            0.06637629121541977
        ],
        [
            0.14054012298583984,
            0.00031958287581801414,
            0.07074584066867828
        ],
        [
            0.14553305506706238,
            -0.0016301507130265236,
            0.07607358694076538
        ],
        [
            0.14639294147491455,
            0.016035476699471474,
            0.04522986710071564
        ],
        [
            0.13615792989730835,
            0.015909280627965927,
            0.03974518924951553
        ],
        [
            0.1357804536819458,
            0.012658590450882912,
            0.04550284519791603
        ],
        [
            0.1461809277534485,
            0.01270291954278946,
            0.053215015679597855
        ],
        [
            0.13807225227355957,
            0.025291908532381058,
            0.029268981888890266
        ],
        [
            0.14808562397956848,
            0.02413306012749672,
            0.03520429879426956
        ],
        [
            0.14778080582618713,
            0.029415391385555267,
            0.028414232656359673
        ],
        [
            0.14053842425346375,
            0.03025999292731285,
            0.025963684543967247
        ],
        [
            0.1635316014289856,
            0.01934771053493023,
            0.04791206866502762
        ],
        [
            0.1674906611442566,
            0.017832648009061813,
            0.05028606578707695
        ],
        [
            0.16866987943649292,
            0.023704778403043747,
            0.04820338636636734
        ],
        [
            0.1635766178369522,
            0.022006871178746223,
            0.04511406272649765
        ],
        [
            0.09861716628074646,
            0.015236185863614082,
            -0.026056233793497086
        ],
        [
            0.09352577477693558,
            0.02132507413625717,
            -0.020266618579626083
        ],
        [
            0.15756402909755707,
            0.0202072374522686,
            0.002516016364097595
        ],
        [
            0.1512310951948166,
            0.02903285250067711,
            -0.0006860122084617615
        ],
        [
            0.16305972635746002,
            0.03228291869163513,
            0.0040982309728860855
        ],
        [
            0.16842922568321228,
            0.021084565669298172,
            0.005945378914475441
        ],
        [
            0.11247903853654861,
            0.003955908119678497,
            -0.01606985554099083
        ],
        [
            0.10726028680801392,
            0.005433066748082638,
            -0.02174515649676323
        ],
        [
            0.17960906028747559,
            0.02327185869216919,
            0.08203509449958801
        ],
        [
            0.17790371179580688,
            0.01694244146347046,
            0.08004932105541229
        ],
        [
            0.08788274228572845,
            -0.002826755866408348,
            0.057587262243032455
        ],
        [
            0.10340407490730286,
            0.002450607717037201,
            0.07451688498258591
        ],
        [
            0.08050167560577393,
            -0.007274903357028961,
            0.04173249751329422
        ],
        [
            0.07768654078245163,
            -0.011001978069543839,
            0.029789187014102936
        ],
        [
            0.07334649562835693,
            -0.013772323727607727,
            0.02123340219259262
        ],
        [
            0.14841745793819427,
            0.008227468468248844,
            0.06398975104093552
        ],
        [
            0.1312071532011032,
            0.010933857411146164,
            0.04895073175430298
        ],
        [
            0.1258653998374939,
            0.018085990101099014,
            0.03315030038356781
        ],
        [
            0.13394197821617126,
            0.04012827202677727,
            0.013043176382780075
        ],
        [
            0.12450836598873138,
            0.04030743986368179,
            0.008891798555850983
        ],
        [
            0.12462975084781647,
            0.03550199419260025,
            0.018547769635915756
        ],
        [
            0.13308289647102356,
            0.03582973778247833,
            0.0199006125330925
        ],
        [
            0.14762508869171143,
            0.03791429474949837,
            0.002668192610144615
        ],
        [
            0.14519834518432617,
            0.040597103536129,
            0.009961102157831192
        ],
        [
            0.15209665894508362,
            0.04029995948076248,
            0.012799587100744247
        ],
        [
            0.15677112340927124,
            0.03851113095879555,
            0.006400845944881439
        ],
        [
            0.12494479864835739,
            -0.002848387463018298,
            0.07631805539131165
        ],
        [
            0.11402201652526855,
            -0.011313988827168941,
            0.0685926154255867
        ],
        [
            0.10301133990287781,
            0.03007187321782112,
            -0.009423792362213135
        ],
        [
            0.09571100771427155,
            0.027512237429618835,
            -0.01081593707203865
        ],
        [
            0.0888432115316391,
            0.024221500381827354,
            -0.014774758368730545
        ],
        [
            0.10467717796564102,
            0.023022852838039398,
            0.024042531847953796
        ],
        [
            0.09186946600675583,
            0.02345859631896019,
            0.018705904483795166
        ],
        [
            0.09056786447763443,
            0.021897118538618088,
            0.022810209542512894
        ],
        [
            0.103886678814888,
            0.020251663401722908,
            0.02596016600728035
        ],
        [
            0.10815122723579407,
            0.01613730564713478,
            0.039504267275333405
        ],
        [
            0.09636031091213226,
            0.021726826205849648,
            0.03884652256965637
        ],
        [
            0.11615455150604248,
            0.016446001827716827,
            0.047858208417892456
        ],
        [
            0.08010739833116531,
            0.015347382053732872,
            0.015893805772066116
        ],
        [
            0.07595321536064148,
            0.017363842576742172,
            0.005712319165468216
        ],
        [
            0.07258869707584381,
            0.011451500467956066,
            0.011427368968725204
        ],
        [
            0.08009810745716095,
            0.021888867020606995,
            -0.001940414309501648
        ],
        [
            0.08459044247865677,
            0.02465841732919216,
            -0.009127050638198853
        ],
        [
            0.10221598297357559,
            0.004121135920286179,
            -0.028520986437797546
        ],
        [
            0.07086600363254547,
            0.005061741918325424,
            0.01645883545279503
        ],
        [
            0.12018133699893951,
            0.02060580998659134,
            0.06778135895729065
        ],
        [
            0.12486456334590912,
            0.020956214517354965,
            0.07340279966592789
        ],
        [
            0.12914502620697021,
            0.017533693462610245,
            0.06759582459926605
        ],
        [
            0.12511450052261353,
            0.016484951600432396,
            0.06207914650440216
        ],
        [
            0.15255475044250488,
            -0.01253917720168829,
            0.07557903975248337
        ],
        [
            0.1477956771850586,
            -0.0066579910926520824,
            0.07778042554855347
        ],
        [
            0.13968712091445923,
            -0.006676420569419861,
            0.0729333683848381
        ],
        [
            0.10714993625879288,
            0.033230070024728775,
            0.01556893065571785
        ],
        [
            0.10946689546108246,
            0.03729952871799469,
            0.00376022607088089
        ],
        [
            0.15181110799312592,
            0.005700812209397554,
            0.07063820958137512
        ],
        [
            0.1755242943763733,
            0.011896317824721336,
            0.08394497632980347
        ],
        [
            0.17051942646503448,
            0.01308664120733738,
            0.08756783604621887
        ],
        [
            0.16276024281978607,
            -0.0019219621317461133,
            0.0830325335264206
        ],
        [
            0.16864028573036194,
            -0.0029227316845208406,
            0.07924501597881317
        ],
        [
            0.16016966104507446,
            0.00715887313708663,
            0.0672730952501297
        ],
        [
            0.15349312126636505,
            0.006792520172894001,
            0.07052283734083176
        ],
        [
            0.1548144370317459,
            0.007955570705235004,
            0.06930612772703171
        ],
        [
            0.15960626304149628,
            0.010152177885174751,
            0.06500312685966492
        ],
        [
            0.16655182838439941,
            0.027600374072790146,
            0.04042064771056175
        ],
        [
            0.16190174221992493,
            0.02653997763991356,
            0.038484394550323486
        ],
        [
            0.16664983332157135,
            -0.009332315996289253,
            0.05496777221560478
        ],
        [
            0.16187626123428345,
            -0.018996722996234894,
            0.06195339933037758
        ],
        [
            0.1496971994638443,
            -0.020819073542952538,
            0.05547251179814339
        ],
        [
            0.1467934399843216,
            0.02027275040745735,
            0.03906507045030594
        ],
        [
            0.15603934228420258,
            0.02074110135436058,
            0.043485019356012344
        ],
        [
            0.15648174285888672,
            0.02307422086596489,
            0.04016592353582382
        ],
        [
            0.1527412086725235,
            0.009581023827195168,
            0.06294321268796921
        ],
        [
            0.15651169419288635,
            0.007837025448679924,
            0.06697160005569458
        ],
        [
            0.15853318572044373,
            0.010111783631145954,
            0.06276021897792816
        ],
        [
            0.15368351340293884,
            0.012193588539958,
            0.057950686663389206
        ],
        [
            0.13923195004463196,
            0.026582876220345497,
            -0.005993783473968506
        ],
        [
            0.13574063777923584,
            0.03715154528617859,
            -0.0021083056926727295
        ],
        [
            0.16641771793365479,
            0.025624964386224747,
            0.08788812160491943
        ],
        [
            0.16547897458076477,
            0.020768867805600166,
            0.08756859600543976
        ],
        [
            0.1367209106683731,
            0.02011151611804962,
            0.033863503485918045
        ],
        [
            0.13598483800888062,
            -0.01943828910589218,
            0.04782634973526001
        ],
        [
            0.12658745050430298,
            0.02161523699760437,
            0.028966108337044716
        ],
        [
            0.1741233915090561,
            0.018667008727788925,
            0.025052383542060852
        ],
        [
            0.1714816838502884,
            0.02837892435491085,
            0.026931297034025192
        ],
        [
            0.17305567860603333,
            0.02840631641447544,
            0.028639692813158035
        ],
        [
            0.17686891555786133,
            0.023440372198820114,
            0.02896568924188614
        ],
        [
            0.16694769263267517,
            0.020770730450749397,
            0.06808258593082428
        ],
        [
            0.1629311442375183,
            0.02214265987277031,
            0.07241975516080856
        ],
        [
            0.16334456205368042,
            0.02484836056828499,
            0.0726574957370758
        ],
        [
            0.16793757677078247,
            0.023927822709083557,
            0.06898226588964462
        ],
        [
            0.15059718489646912,
            0.00445899274200201,
            0.07499119639396667
        ],
        [
            0.14982052147388458,
            0.00040428200736641884,
            0.07923412322998047
        ],
        [
            0.15301525592803955,
            0.0046097515150904655,
            0.0798872783780098
        ],
        [
            0.15346412360668182,
            0.007246557157486677,
            0.0743836760520935
        ],
        [
            0.15319275856018066,
            -0.0038506740238517523,
            0.08100417256355286
        ],
        [
            0.15695881843566895,
            0.0006667122361250222,
            0.08289947360754013
        ],
        [
            0.1726178377866745,
            0.01784690096974373,
            0.06745356321334839
        ],
        [
            0.1774323433637619,
            0.014282925054430962,
            0.07206114381551743
        ],
        [
            0.17164306342601776,
            0.0021743853576481342,
            0.06604151427745819
        ],
        [
            0.1669999063014984,
            0.008478621952235699,
            0.06366089731454849
        ],
        [
            0.13083036243915558,
            -0.001217961311340332,
            0.0030065998435020447
        ],
        [
            0.13144229352474213,
            0.0073273880407214165,
            -0.00418134406208992
        ],
        [
            0.14483658969402313,
            0.010502547957003117,
            0.0029518306255340576
        ],
        [
            0.1591469943523407,
            0.013209549710154533,
            0.009222280234098434
        ],
        [
            0.17159223556518555,
            0.015972204506397247,
            0.016829028725624084
        ],
        [
            0.17202439904212952,
            0.0055825114250183105,
            0.023730501532554626
        ],
        [
            0.1435655951499939,
            0.01674273982644081,
            -0.002424154430627823
        ],
        [
            0.16718313097953796,
            0.0029720538295805454,
            0.0639132410287857
        ],
        [
            0.16782601177692413,
            -0.005759891588240862,
            0.06299491226673126
        ],
        [
            0.1690949946641922,
            -0.002358416561037302,
            0.06133794039487839
        ],
        [
            0.12777936458587646,
            0.027566269040107727,
            0.024572178721427917
        ],
        [
            0.16580823063850403,
            0.015074629336595535,
            0.08776476234197617
        ],
        [
            0.09229551255702972,
            -0.02164975181221962,
            0.012005388736724854
        ],
        [
            0.0996655523777008,
            -0.018472330644726753,
            0.0008502155542373657
        ],
        [
            0.10528328269720078,
            -0.01794762909412384,
            0.007594440132379532
        ],
        [
            0.09657853841781616,
            -0.02058384381234646,
            0.020779836922883987
        ],
        [
            0.1608159989118576,
            0.02104424312710762,
            0.07914016395807266
        ],
        [
            0.16142205893993378,
            0.01825445145368576,
            0.08480926603078842
        ],
        [
            0.16285715997219086,
            0.03112665005028248,
            0.034158773720264435
        ],
        [
            0.1671813577413559,
            0.030623363330960274,
            0.03578998148441315
        ],
        [
            0.16890022158622742,
            0.03175477683544159,
            0.031138312071561813
        ],
        [
            0.16528171300888062,
            0.03477267920970917,
            0.030905218794941902
        ],
        [
            0.1301143914461136,
            0.011926465667784214,
            -0.007880255579948425
        ],
        [
            0.16728612780570984,
            0.0379338413476944,
            0.009182695299386978
        ],
        [
            0.17306797206401825,
            0.028331562876701355,
            0.011853568255901337
        ],
        [
            0.11998233944177628,
            0.004185046069324017,
            -0.01009669154882431
        ],
        [
            0.11962972581386566,
            -0.003736180253326893,
            -0.004339937120676041
        ],
        [
            0.11182717233896255,
            -0.005225377157330513,
            -0.010097377002239227
        ],
        [
            0.1733139306306839,
            0.001758970320224762,
            0.038458745926618576
        ],
        [
            0.13166603446006775,
            -0.006522933952510357,
            0.009860336780548096
        ],
        [
            0.11953318864107132,
            -0.008332692086696625,
            0.0018162727355957031
        ],
        [
            0.11021313071250916,
            -0.010313132777810097,
            -0.004781752824783325
        ],
        [
            0.10408921539783478,
            -0.011798358522355556,
            -0.01031094416975975
        ],
        [
            0.10641472041606903,
            -0.005959035828709602,
            -0.015494395047426224
        ],
        [
            0.17743609845638275,
            0.012589579448103905,
            0.07803263515233994
        ],
        [
            0.1784202605485916,
            0.019245846197009087,
            0.0733984187245369
        ],
        [
            0.10109696537256241,
            -0.007788758724927902,
            -0.022659234702587128
        ],
        [
            0.09836210310459137,
            -0.013833131641149521,
            -0.0161631777882576
        ],
        [
            0.11806412786245346,
            -0.013372790068387985,
            0.00940878689289093
        ],
        [
            0.11493094265460968,
            -0.018310096114873886,
            0.01950916275382042
        ],
        [
            0.1297372728586197,
            -0.011244547553360462,
            0.017005998641252518
        ],
        [
            0.12793055176734924,
            -0.016289688646793365,
            0.02733508124947548
        ],
        [
            0.1719997674226761,
            -0.009138648398220539,
            0.04228850454092026
        ],
        [
            0.179151713848114,
            0.038995321840047836,
            0.0745023861527443
        ],
        [
            0.17733800411224365,
            0.02826216071844101,
            0.07073533535003662
        ],
        [
            0.1715422123670578,
            0.02930118516087532,
            0.06972867995500565
        ],
        [
            0.17580166459083557,
            0.03989274427294731,
            0.07209155708551407
        ],
        [
            0.17348098754882812,
            0.021968839690089226,
            0.06890388578176498
        ],
        [
            0.18026959896087646,
            0.02555546537041664,
            0.07514174282550812
        ],
        [
            0.12159457802772522,
            -0.01953205280005932,
            0.04077712073922157
        ],
        [
            0.16274695098400116,
            0.0092515479773283,
            0.06586089730262756
        ],
        [
            0.10495828092098236,
            -0.01945970021188259,
            0.035814035683870316
        ],
        [
            0.12013307958841324,
            -0.020092828199267387,
            0.05709003284573555
        ],
        [
            0.10736140608787537,
            -0.017424918711185455,
            0.0551874041557312
        ],
        [
            0.08778943866491318,
            -0.017961036413908005,
            0.03279145807027817
        ],
        [
            0.09237319976091385,
            -0.014477740041911602,
            0.05027370527386665
        ],
        [
            0.0800587460398674,
            -0.020683402195572853,
            0.014881037175655365
        ],
        [
            0.08513763546943665,
            -0.019499745219945908,
            0.022537123411893845
        ],
        [
            0.10105518251657486,
            -0.009618469513952732,
            0.06583016365766525
        ],
        [
            0.16506429016590118,
            0.03717777878046036,
            0.08259107917547226
        ],
        [
