{
    "pred_cam": [
        7.780674934387207,
        -0.09891221672296524,
        -0.07509003579616547
    ],
    "pred_mano_params": {
        "global_orient": [
            [
                [
                    0.26305875182151794,
                    -0.7931970357894897,
                    0.5492162704467773
                ],
                [
                    -0.9164583683013916,
                    -0.3833436071872711,
                    -0.11468097567558289
                ],
                [
                    0.30150318145751953,
                    -0.47316598892211914,
                    -0.827773928642273
                ]
            ]
        ],
        "hand_pose": [
            [
                [
                    0.7516856789588928,
                    -0.6298112869262695,
                    -0.195720374584198
                ],
                [
                    0.622580349445343,
                    0.7755420207977295,
                    -0.1045389398932457
                ],
                [
                    0.21762916445732117,
                    -0.043271228671073914,
                    0.9750719666481018
                ]
            ],
            [
                [
                    0.8642215132713318,
                    -0.439937561750412,
                    0.24408215284347534
                ],
                [
                    0.4825432002544403,
                    0.8621089458465576,
                    -0.15466159582138062
                ],
                [
                    -0.14238396286964417,
                    0.2514420747756958,
                    0.9573419690132141
                ]
            ],
            [
                [
                    0.7660935521125793,
                    -0.6422743201255798,
                    -0.024172279983758926
                ],
                [
                    0.6188822388648987,
                    0.7472971081733704,
                    -0.24193327128887177
                ],
                [
                    0.17345142364501953,
                    0.1703837364912033,
                    0.9699916839599609
                ]
            ],
            [
                [
                    0.6806979179382324,
                    -0.7141004800796509,
                    -0.16343426704406738
                ],
                [
                    0.729707658290863,
                    0.6806368827819824,
                    0.06527003645896912
                ],
                [
                    0.06463002413511276,
                    -0.16368842124938965,
                    0.9843927025794983
                ]
            ],
            [
                [
                    0.5838104486465454,
                    -0.779857337474823,
                    -0.2258051037788391
                ],
                [
                    0.8084174394607544,
                    0.5326821208000183,
                    0.25042158365249634
                ],
                [
                    -0.0750107541680336,
                    -0.32874351739883423,
                    0.9414356350898743
                ]
            ],
            [
                [
                    0.819406270980835,
                    -0.4940961003303528,
                    -0.29058995842933655
                ],
                [
                    0.5375711917877197,
                    0.838362991809845,
                    0.0903586819767952
                ],
                [
                    0.19897401332855225,
                    -0.23025326430797577,
                    0.9525717496871948
                ]
            ],
            [
                [
                    0.46169498562812805,
                    -0.6735082864761353,
                    0.5772559642791748
                ],
                [
                    0.49789756536483765,
                    0.7353491187095642,
                    0.4597387909889221
                ],
                [
                    -0.7341225147247314,
                    0.07515528798103333,
                    0.6748451590538025
                ]
            ],
            [
                [
                    0.7356001138687134,
                    -0.6110143065452576,
                    -0.29249611496925354
                ],
                [
                    0.6760204434394836,
                    0.6344266533851624,
                    0.37483224272727966
                ],
                [
                    -0.04346054419875145,
                    -0.47346001863479614,
                    0.8797425031661987
                ]
            ],
            [
                [
                    0.8515639901161194,
                    -0.5240728259086609,
                    0.013654093258082867
                ],
                [
                    0.5000613331794739,
                    0.8198168277740479,
                    0.2789964973926544
                ],
                [
                    -0.15740832686424255,
                    -0.2307554930448532,
                    0.9601950645446777
                ]
            ],
            [
                [
                    0.6919260621070862,
                    -0.7023543119430542,
                    0.16714294254779816
                ],
                [
                    0.6952488422393799,
                    0.7106161713600159,
                    0.10795219242572784
                ],
                [
                    -0.19459515810012817,
                    0.041511014103889465,
                    0.9800048470497131
                ]
            ],
            [
                [
                    0.6337820291519165,
                    -0.7285963296890259,
                    -0.2597452402114868
                ],
                [
                    0.7542794942855835,
                    0.5077226161956787,
                    0.41626930236816406
                ],
                [
                    -0.17141377925872803,
                    -0.45974457263946533,
                    0.8713507056236267
                ]
            ],
            [
                [
                    0.7833702564239502,
                    -0.5274661183357239,
                    -0.3288014829158783
                ],
                [
                    0.6011043190956116,
                    0.7774937748908997,
                    0.1848704069852829
                ],
                [
                    0.15812820196151733,
                    -0.34246599674224854,
                    0.9261276721954346
                ]
            ],
            [
                [
                    0.976235568523407,
                    -0.1661255657672882,
                    -0.13916300237178802
                ],
                [
                    -0.08646342903375626,
                    0.29025399684906006,
                    -0.9530355334281921
                ],
                [
                    0.1987161636352539,
                    0.9424197673797607,
                    0.26899248361587524
                ]
            ],
            [
                [
                    0.9507030248641968,
                    -0.2262178510427475,
                    -0.21210671961307526
                ],
                [
                    0.3099648952484131,
                    0.713622510433197,
                    0.6282234191894531
                ],
                [
                    0.009248782880604267,
                    -0.6629995107650757,
                    0.7485626935958862
                ]
            ],
            [
                [
                    0.9611402750015259,
                    0.27548691630363464,
                    -0.017783788964152336
                ],
                [
                    -0.27406200766563416,
                    0.9599380493164062,
                    0.05838646739721298
                ],
                [
                    0.03315604478120804,
                    -0.051243726164102554,
                    0.9981356263160706
                ]
            ]
        ],
        "betas": [
            0.004715725779533386,
            -0.045583873987197876,
            -0.08688205480575562,
            0.03427663445472717,
            0.037185072898864746,
            -0.03665167838335037,
            0.028537362813949585,
            -0.049229830503463745,
            -0.027674689888954163,
            -0.05829229950904846
        ]
    },
    "pred_cam_t": [
        -0.09891221672296524,
        -0.07509003579616547,
        5.020451545715332
    ],
    "focal_length": [
        5000.0,
        5000.0
    ],
    "pred_keypoints_3d": [
        [
            0.09577035903930664,
            0.006391596049070358,
            0.006190081126987934
        ],
        [
            0.11590537428855896,
            0.03147270157933235,
            -0.015073711983859539
        ],
        [
            0.12809111177921295,
            0.05979299172759056,
            -0.01482698880136013
        ],
        [
            0.13005924224853516,
            0.08685784041881561,
            -0.014529259875416756
        ],
        [
            0.13065418601036072,
            0.12047918885946274,
            -0.027889840304851532
        ],
        [
            0.08802063763141632,
            0.08683741092681885,
            -0.034979671239852905
        ],
        [
            0.09179918467998505,
            0.11940394341945648,
            -0.03075883351266384
        ],
        [
            0.10614494234323502,
            0.1340712308883667,
            -0.022192329168319702
        ],
        [
            0.12287169694900513,
            0.1387297660112381,
            -0.0034519582986831665
        ],
        [
            0.07017645239830017,
            0.09415826201438904,
            -0.018844716250896454
        ],
        [
            0.07752827554941177,
            0.12324099242687225,
            -0.008569481782615185
        ],
        [
            0.09752368927001953,
            0.1253695785999298,
            0.0031781569123268127
        ],
        [
            0.11731886863708496,
            0.11618821322917938,
            0.017114443704485893
        ],
        [
            0.06276613473892212,
            0.08593641221523285,
            0.005454330705106258
        ],
        [
            0.07219616323709488,
            0.11314933747053146,
            0.007202845066785812
        ],
        [
            0.09269838780164719,
            0.11601504683494568,
            0.02090272679924965
        ],
        [
            0.11033815145492554,
            0.10623611509799957,
            0.03694457933306694
        ],
        [
            0.06185290589928627,
            0.07828806340694427,
            0.02582743391394615
        ],
        [
            0.07135427743196487,
            0.09711730480194092,
            0.024572424590587616
        ],
        [
            0.08650039881467819,
            0.10288242250680923,
            0.034452445805072784
        ],
        [
            0.10126689076423645,
            0.09892119467258453,
            0.04486626386642456
        ]
    ],
    "pred_vertices": [
        [
            0.10466200113296509,
            0.05668849125504494,
            -0.014039972797036171
        ],
        [
            0.10722922533750534,
            0.04712691158056259,
            -0.009498536586761475
        ],
        [
            0.11088037490844727,
            0.054749805480241776,
            -0.011252963915467262
        ],
        [
            0.10889147222042084,
            0.06257685273885727,
            -0.018438702449202538
        ],
        [
            0.12219619750976562,
            0.041179537773132324,
            0.0019263774156570435
        ],
        [
            0.13137324154376984,
            0.0349247008562088,
            -0.0023514851927757263
        ],
        [
            0.13448524475097656,
            0.05129868537187576,
            -0.003847971558570862
        ],
        [
            0.12670964002609253,
            0.05423566326498985,
            0.0014354288578033447
        ],
        [
            0.11100426316261292,
            0.06739576160907745,
            -0.02182294987142086
        ],
        [
            0.11433260142803192,
            0.06159127876162529,
            -0.012064570561051369
        ],
        [
            0.11098111420869827,
            0.0675242468714714,
            -0.02338300459086895
        ],
        [
            0.10316017270088196,
            0.07002227753400803,
            -0.036981236189603806
        ],
        [
            0.10564714670181274,
            0.07147754728794098,
            -0.03131318464875221
        ],
        [
            0.09727097302675247,
            0.07451632618904114,
            -0.0420367456972599
        ],
        [
            0.09926490485668182,
            0.061021238565444946,
            -0.04092865064740181
        ],
        [
            0.08850126713514328,
            0.07159704715013504,
            -0.04424493387341499
        ],
        [
            0.07569138705730438,
            0.04970915615558624,
            -0.027888109907507896
        ],
        [
            0.06863497197628021,
            0.047421444207429886,
            -0.016214780509471893
        ],
        [
            0.06303935497999191,
            0.06366495043039322,
            -0.019448110833764076
        ],
        [
            0.07141342759132385,
            0.06469467282295227,
            -0.030514013022184372
        ],
        [
            0.05922548472881317,
            0.057277459651231766,
            0.00017251726239919662
        ],
        [
            0.060958381742239,
            0.06153516843914986,
            -0.010757537558674812
        ],
        [
            0.06544363498687744,
            0.044910453259944916,
            -0.008129994384944439
        ],
        [
            0.06382965296506882,
            0.04194376617670059,
            0.0015555722638964653
        ],
        [
            0.09772337228059769,
            0.049277979880571365,
            -0.001907147467136383
        ],
        [
            0.1010093241930008,
            0.03971368074417114,
            0.0017353612929582596
        ],
        [
            0.1027311310172081,
            0.04139304533600807,
            -0.003968147560954094
        ],
        [
            0.10018514841794968,
            0.050814900547266006,
            -0.00683627650141716
        ],
        [
            0.11921627819538116,
            0.0681285560131073,
            -0.02361981011927128
        ],
        [
            0.11528674513101578,
            0.05715327709913254,
            -0.03289422392845154
        ],
        [
            0.11127541959285736,
            0.06307978928089142,
            -0.030027827247977257
        ],
        [
            0.11777602881193161,
            0.07017191499471664,
            -0.01851239986717701
        ],
        [
            0.10933925211429596,
            0.019334182143211365,
            0.02142644301056862
        ],
        [
            0.10897870361804962,
            0.005845971405506134,
            0.020241886377334595
        ],
        [
            0.11149336397647858,
            0.0055719539523124695,
            0.014861976727843285
        ],
        [
            0.11088204383850098,
            0.017801031470298767,
            0.016702666878700256
        ],
        [
            0.124151811003685,
            0.013850018382072449,
            -0.0004688873887062073
        ],
        [
            0.12026005983352661,
            0.003986731171607971,
            -0.0008538253605365753
        ],
        [
            0.12000729143619537,
            -0.004024520516395569,
            -0.011205311864614487
        ],
        [
            0.12355053424835205,
            0.006005741655826569,
            -0.013845119625329971
        ],
        [
            0.127921000123024,
            0.02462019771337509,
            -0.0015859678387641907
        ],
        [
            0.13040658831596375,
            0.01808549463748932,
            -0.012929398566484451
        ],
        [
            0.134804368019104,
            0.03085409849882126,
            -0.012163279578089714
        ],
        [
            0.13738112151622772,
            0.049142759293317795,
            -0.01226353645324707
        ],
        [
            0.10095717012882233,
            0.005214907228946686,
            0.030211150646209717
        ],
        [
            0.10051599144935608,
            0.015094883739948273,
            0.032856669276952744
        ],
        [
            0.10353346168994904,
            0.11676253378391266,
            -0.028916124254465103
        ],
        [
            0.10154842585325241,
            0.11732631921768188,
            -0.02337975800037384
        ],
        [
            0.10080236941576004,
            0.11346898227930069,
            -0.024464506655931473
        ],
        [
            0.1026250571012497,
            0.11401999741792679,
            -0.029970582574605942
        ],
        [
            0.0809340849518776,
            0.007434554398059845,
            0.03187072277069092
        ],
        [
            0.07319986075162888,
            0.004890434443950653,
            0.025938935577869415
        ],
        [
            0.0758412554860115,
            -0.0013049617409706116,
            0.02873435989022255
        ],
        [
            0.0841270238161087,
            0.0006158500909805298,
            0.03272007033228874
        ],
        [
            0.07678472250699997,
            0.016452088952064514,
            0.030697878450155258
        ],
        [
            0.070244699716568,
            0.013706006109714508,
            0.02191852405667305
        ],
        [
            0.09708553552627563,
            0.12472797930240631,
            -0.036751195788383484
        ],
        [
            0.10123007744550705,
            0.12174087017774582,
            -0.03605378046631813
        ],
        [
            0.09815903753042221,
            0.11860590428113937,
            -0.03796372935175896
        ],
        [
            0.09344987571239471,
            0.1204908937215805,
            -0.037863388657569885
        ],
        [
            0.10573407262563705,
            0.06959512084722519,
            -0.024877529591321945
        ],
        [
            0.1026230901479721,
            0.065607450902462,
            -0.0174165740609169
        ],
        [
            0.09875313192605972,
            0.08380076289176941,
            -0.029208753257989883
        ],
        [
            0.09890943020582199,
            0.07691086083650589,
            -0.024373773485422134
        ],
        [
            0.10197840631008148,
            0.07578829675912857,
            -0.030530855059623718
        ],
        [
            0.10052299499511719,
            0.08145121484994888,
            -0.034602195024490356
        ],
        [
            0.08829440176486969,
            0.06983970105648041,
            -0.004450847394764423
        ],
        [
            0.09195981919765472,
            0.059002142399549484,
            -0.002037854865193367
        ],
        [
            0.0944613441824913,
            0.06119823828339577,
            -0.007820568978786469
        ],
        [
            0.09193320572376251,
            0.07334728538990021,
            -0.011459656059741974
        ],
        [
            0.08800763636827469,
            0.05745942145586014,
            0.011490322649478912
        ],
        [
            0.0843142420053482,
            0.06805524230003357,
            0.007792787626385689
        ],
        [
            0.08242442458868027,
            0.06587933003902435,
            0.015903450548648834
        ],
        [
            0.08622105419635773,
            0.059114981442689896,
            0.017554374411702156
        ],
        [
            0.07909524440765381,
            0.08538947254419327,
            -0.0016967146657407284
        ],
        [
            0.0771091878414154,
            0.0907260924577713,
            -0.0040326230227947235
        ],
        [
            0.07637644559144974,
            0.09125003963708878,
            -0.0007498664781451225
        ],
        [
            0.077893927693367,
            0.08445744961500168,
            0.0017355955205857754
        ],
        [
            0.07779869437217712,
            -0.007878407835960388,
            0.030591405928134918
        ],
        [
            0.08722493052482605,
            -0.005999475717544556,
            0.032555826008319855
        ],
        [
            0.05752842128276825,
            0.053021810948848724,
            0.021476905792951584
        ],
        [
            0.06288550794124603,
            0.050147853791713715,
            0.030936934053897858
        ],
        [
            0.057848114520311356,
            0.06330561637878418,
            0.031341925263404846
        ],
        [
            0.052828699350357056,
            0.0628087967634201,
            0.020796533674001694
        ],
        [
            0.069821298122406,
            0.004211790859699249,
            0.016150230541825294
        ],
        [
            0.0705699622631073,
            -0.0024318695068359375,
            0.020252563059329987
        ],
        [
            0.09241381287574768,
            0.12713773548603058,
            -0.03363454341888428
        ],
        [
            0.08906615525484085,
            0.12208008021116257,
            -0.034156523644924164
        ],
        [
            0.12946149706840515,
            0.02593204379081726,
            -0.02436680905520916
        ],
        [
            0.13531365990638733,
            0.047525983303785324,
            -0.02173002064228058
        ],
        [
            0.12200239300727844,
            0.010681182146072388,
            -0.023679060861468315
        ],
        [
            0.11518637090921402,
            0.0009483322501182556,
            -0.021687736734747887
        ],
        [
            0.11209220439195633,
            -0.0078066810965538025,
            -0.019696101546287537
        ],
        [
            0.09488648176193237,
            0.08020889759063721,
            -0.02025201916694641
        ],
        [
            0.09916197508573532,
            0.059661466628313065,
            -0.011184828355908394
        ],
        [
            0.09587264060974121,
            0.04833618924021721,
            0.0028773415833711624
        ],
        [
            0.08691807836294174,
            0.04994796961545944,
            0.03245199844241142
        ],
        [
            0.09104028344154358,
            0.04043815657496452,
            0.03442562371492386
        ],
        [
            0.09478859603404999,
            0.04468753933906555,
            0.025291811674833298
        ],
        [
            0.08987601101398468,
            0.05192346125841141,
            0.025181759148836136
        ],
        [
            0.07051781564950943,
            0.05303686484694481,
            0.036525726318359375
        ],
        [
            0.07742929458618164,
            0.05702698230743408,
            0.0348791778087616
        ],
        [
            0.07325740158557892,
            0.06504982709884644,
            0.03368572145700455
        ],
        [
            0.06580067425966263,
            0.06331959366798401,
            0.035606421530246735
        ],
        [
            0.1252000480890274,
            0.06681889295578003,
            -0.027591923251748085
        ],
        [
            0.12057369947433472,
            0.05232282355427742,
            -0.03433259576559067
        ],
        [
            0.09075462818145752,
            0.010280713438987732,
            0.034621015191078186
        ],
        [
            0.09391012042760849,
            0.0033095628023147583,
            0.032982420176267624
        ],
        [
            0.09489915519952774,
            -0.005103535950183868,
            0.03202483430504799
        ],
        [
            0.1063184142112732,
            0.029440566897392273,
            0.010482963174581528
        ],
        [
            0.11205698549747467,
            0.016748502850532532,
            0.013401968404650688
        ],
        [
            0.1140032634139061,
            0.017536170780658722,
            0.00950084999203682
        ],
        [
            0.1063406839966774,
            0.029369816184043884,
            0.006500553339719772
        ],
        [
            0.1104433462023735,
            0.038436856120824814,
            -0.0021417737007141113
        ],
        [
            0.11839307844638824,
            0.02910705655813217,
            0.0026583336293697357
        ],
        [
            0.11362892389297485,
            0.04843822121620178,
            -0.0015589557588100433
        ],
        [
            0.11534801870584488,
            0.0036179497838020325,
            0.007894391193985939
        ],
        [
            0.11333668977022171,
            -0.004557199776172638,
            0.01508873701095581
        ],
        [
            0.11666494607925415,
            -0.005645275115966797,
            0.006917627528309822
        ],
        [
            0.10770473629236221,
            -0.004566125571727753,
            0.02309364825487137
        ],
        [
            0.10139431059360504,
            -0.004650622606277466,
            0.029353337362408638
        ],
        [
            0.06941290199756622,
            -0.010565690696239471,
            0.02252604067325592
        ],
        [
            0.11838282644748688,
            -0.006079427897930145,
            -0.0011598654091358185
        ],
        [
            0.1296047568321228,
            0.0632842481136322,
            -0.001471320167183876
        ],
        [
            0.13164274394512177,
            0.07142810523509979,
            -0.004323840141296387
        ],
        [
            0.1245390772819519,
            0.0720614492893219,
            -0.004569721408188343
        ],
        [
            0.1221335232257843,
            0.06514383852481842,
            -0.0027578044682741165
        ],
        [
            0.0927095115184784,
            0.08197391033172607,
            -0.04458075016736984
        ],
        [
            0.09879139065742493,
            0.08211095631122589,
            -0.040080804377794266
        ],
        [
            0.1022050604224205,
            0.0746600478887558,
            -0.037166886031627655
        ],
        [
            0.10413773357868195,
            0.02936398983001709,
            0.02438323386013508
        ],
        [
            0.09705682843923569,
            0.02533789724111557,
            0.03404676541686058
        ],
        [
            0.09476251900196075,
            0.08706539124250412,
            -0.025172628462314606
        ],
        [
            0.09060592949390411,
            0.11645535379648209,
            -0.039276476949453354
        ],
        [
            0.09615428745746613,
            0.11451661586761475,
            -0.0394493006169796
        ],
        [
            0.09339845180511475,
            0.09649552404880524,
            -0.043306246399879456
        ],
        [
            0.08678950369358063,
            0.09878117591142654,
            -0.043396979570388794
        ],
        [
            0.08732730895280838,
            0.09407949447631836,
            -0.024496393278241158
        ],
        [
            0.09368811547756195,
            0.09073202311992645,
            -0.025291794911026955
        ],
        [
            0.0926666259765625,
            0.09285201877355576,
            -0.025004100054502487
        ],
        [
            0.08779692649841309,
            0.09651036560535431,
            -0.022398050874471664
        ],
        [
            0.074840247631073,
            0.08762791752815247,
            0.007672055624425411
        ],
        [
            0.07635840773582458,
            0.08138913661241531,
            0.009824897162616253
        ],
        [
            0.06990761309862137,
            0.08072002232074738,
            -0.0305061973631382
        ],
        [
            0.0749412253499031,
            0.07816927134990692,
            -0.04289596155285835
        ],
        [
            0.07916540652513504,
            0.06640055775642395,
            -0.04029672220349312
        ],
        [
            0.08599119633436203,
            0.06795654445886612,
            0.002408508211374283
        ],
        [
            0.08238707482814789,
            0.0775969922542572,
            0.0009546829387545586
        ],
        [
            0.08085642009973526,
            0.07684990763664246,
            0.00477308314293623
        ],
        [
            0.09168557822704315,
            0.08337903022766113,
            -0.018581386655569077
        ],
        [
            0.09010166674852371,
            0.08926120400428772,
            -0.021781448274850845
        ],
        [
            0.08763343840837479,
            0.08736684918403625,
            -0.018003715202212334
        ],
        [
            0.08930119127035141,
            0.0815400704741478,
            -0.014098093844950199
        ],
        [
            0.06702892482280731,
            0.037339307367801666,
            0.030988577753305435
        ],
        [
            0.07574407756328583,
            0.04093853756785393,
            0.03788648918271065
        ],
        [
            0.10351815819740295,
            0.11861447989940643,
            -0.03338205814361572
        ],
        [
            0.10158690065145493,
            0.11595363914966583,
            -0.03496807441115379
        ],
        [
            0.08967573195695877,
            0.057378534227609634,
            0.00463318545371294
        ],
        [
            0.08434280753135681,
            0.05305447801947594,
            -0.035838741809129715
        ],
        [
            0.09421966224908829,
            0.04751432314515114,
            0.008102411404252052
        ],
        [
            0.056934893131256104,
            0.07771909236907959,
            0.009380944073200226
        ],
        [
            0.06190315634012222,
            0.08092620223760605,
            0.014888477511703968
        ],
        [
            0.06350013613700867,
            0.08685523271560669,
            0.01382177323102951
        ],
        [
            0.05903324484825134,
            0.08684547245502472,
            0.009672671556472778
        ],
        [
            0.08974619954824448,
            0.1114962249994278,
            -0.02001575008034706
        ],
        [
            0.09537656605243683,
            0.11041144281625748,
            -0.020578715950250626
        ],
        [
            0.09652914851903915,
            0.11454574763774872,
            -0.02004397287964821
        ],
        [
            0.09119732677936554,
            0.11699800193309784,
            -0.019434526562690735
        ],
        [
            0.09771136194467545,
            0.08881338685750961,
            -0.029196299612522125
        ],
        [
            0.09983614832162857,
            0.08742406219244003,
            -0.034966614097356796
        ],
        [
            0.09961508959531784,
            0.09281639754772186,
            -0.03359418362379074
        ],
        [
            0.09659119695425034,
            0.09302045404911041,
            -0.02840830758213997
        ],
        [
            0.09762173146009445,
            0.08835451304912567,
            -0.04060966148972511
        ],
        [
            0.09796105325222015,
            0.09405505657196045,
            -0.039617009460926056
        ],
        [
            0.08465472608804703,
            0.11388285458087921,
            -0.023186570033431053
        ],
        [
            0.08291171491146088,
            0.11645433306694031,
            -0.029984740540385246
        ],
        [
            0.07830630987882614,
            0.10013757646083832,
            -0.032416634261608124
        ],
        [
            0.08197333663702011,
            0.10039988905191422,
            -0.025359701365232468
        ],
        [
            0.06687378138303757,
            0.02702326327562332,
            0.002381619531661272
        ],
        [
            0.06555428355932236,
            0.02609971910715103,
            0.0134178651496768
        ],
        [
            0.06224413961172104,
            0.040924374014139175,
            0.012868140824139118
        ],
        [
            0.05752646178007126,
            0.05537325516343117,
            0.012458565644919872
        ],
        [
            0.05436167120933533,
            0.06920725107192993,
            0.01132475957274437
        ],
        [
            0.05430378392338753,
            0.06994685530662537,
            -0.0007749091600999236
        ],
        [
            0.06233881786465645,
            0.03902466595172882,
            0.020884037017822266
        ],
        [
            0.07821943610906601,
            0.09155820310115814,
            -0.02590123750269413
        ],
        [
            0.07527289539575577,
            0.08912806957960129,
            -0.03345533460378647
        ],
        [
            0.07312097400426865,
            0.08812503516674042,
            -0.028508398681879044
        ],
        [
            0.09310353547334671,
            0.04781855642795563,
            0.01549676712602377
        ],
        [
            0.10028070956468582,
            0.11232936382293701,
            -0.03669074550271034
        ],
        [
            0.09063021093606949,
            -0.002053000032901764,
            -0.021076081320643425
        ],
        [
            0.08009341359138489,
            -0.0024900808930397034,
            -0.012182903476059437
        ],
        [
            0.08050812780857086,
            0.005816593766212463,
            -0.015136822126805782
        ],
        [
            0.09340237826108932,
            0.006882466375827789,
            -0.024762660264968872
        ],
        [
            0.10049782693386078,
            0.10980115085840225,
            -0.02517249435186386
        ],
        [
            0.10259530693292618,
            0.11029255390167236,
            -0.031100604683160782
        ],
        [
            0.07419049739837646,
            0.08192561566829681,
            0.01609279215335846
        ],
        [
            0.07276520133018494,
            0.08758760243654251,
            0.013081165961921215
        ],
        [
            0.06983774900436401,
            0.08850140124559402,
            0.014774972572922707
        ],
        [
            0.07163475453853607,
            0.08460411429405212,
            0.02007449045777321
        ],
        [
            0.0660775825381279,
            0.024515576660633087,
            0.01916651427745819
        ],
        [
            0.058629076927900314,
            0.07351158559322357,
            0.03158820420503616
        ],
        [
            0.053203750401735306,
            0.07188832014799118,
            0.022143758833408356
        ],
        [
            0.06839512288570404,
            0.01325179636478424,
            0.01345010008662939
        ],
        [
            0.06898406893014908,
            0.013735160231590271,
            0.003695642575621605
        ],
        [
            0.07026080787181854,
            0.00417647510766983,
            0.005197858437895775
        ],
        [
            0.059333235025405884,
            0.07840321958065033,
            -0.012408086098730564
        ],
        [
            0.06829404830932617,
            0.02992057055234909,
            -0.005682099144905806
        ],
        [
            0.0709519162774086,
            0.015785470604896545,
            -0.003429615870118141
        ],
        [
            0.07257015258073807,
            0.004453718662261963,
            -0.001961217261850834
        ],
        [
            0.07288393378257751,
            -0.003761984407901764,
            -0.0005172742530703545
        ],
        [
            0.07045167684555054,
            -0.00319555401802063,
            0.007243687286973
        ],
        [
            0.08589117974042892,
            0.11717338114976883,
            -0.035117246210575104
        ],
        [
            0.08554050326347351,
            0.12265252321958542,
            -0.028374304994940758
        ],
        [
            0.06905901432037354,
            -0.011944547295570374,
            0.009265675209462643
        ],
        [
            0.07249397039413452,
            -0.012086428701877594,
            0.0006357626989483833
        ],
        [
            0.07460027188062668,
            0.017588645219802856,
            -0.011728544719517231
        ],
        [
            0.08099911361932755,
            0.020145677030086517,
            -0.02146676927804947
        ],
        [
            0.07205643504858017,
            0.03125995397567749,
            -0.013482230715453625
        ],
        [
            0.07767002284526825,
            0.03477128595113754,
            -0.023249341174960136
        ],
        [
            0.05924877151846886,
            0.07596142590045929,
            -0.023142676800489426
        ],
        [
            0.09706692397594452,
            0.1358492523431778,
            -0.020474858582019806
        ],
        [
            0.08952531218528748,
            0.12669552862644196,
            -0.022241758182644844
        ],
        [
            0.09269082546234131,
            0.12285309284925461,
            -0.019221901893615723
        ],
        [
            0.09747322648763657,
            0.13287782669067383,
            -0.01713140681385994
        ],
        [
            0.08694126456975937,
            0.11996981501579285,
            -0.022275570780038834
        ],
        [
            0.08910106867551804,
            0.127901092171669,
            -0.02783261612057686
        ],
        [
            0.08967761695384979,
            0.03848014771938324,
            -0.03298265114426613
        ],
        [
            0.08538646996021271,
            0.09257321059703827,
            -0.020738789811730385
        ],
        [
            0.09781619906425476,
            0.023442693054676056,
            -0.031176486983895302
        ],
        [
            0.10273842513561249,
            0.04815542697906494,
            -0.03994055092334747
        ],
        [
            0.1110229566693306,
            0.03804664686322212,
            -0.03692479804158211
        ],
        [
            0.10785667598247528,
            0.008454672992229462,
            -0.028859447687864304
        ],
        [
            0.11797334998846054,
            0.023580476641654968,
            -0.03289071097970009
        ],
        [
            0.10118655860424042,
            -0.008870810270309448,
            -0.022062748670578003
        ],
        [
            0.10268843919038773,
            -0.00020416826009750366,
            -0.025027744472026825
        ],
        [
            0.12636594474315643,
            0.04023468866944313,
            -0.031764715909957886
        ],
        [
