{
    "pred_cam": [
        6.70465087890625,
        0.1074465662240982,
        -0.0769207775592804
    ],
    "pred_mano_params": {
        "global_orient": [
            [
                [
                    0.19252930581569672,
                    -0.9004287719726562,
                    0.3900775611400604
                ],
                [
                    -0.9623355865478516,
                    -0.2510068714618683,
                    -0.10443031787872314
                ],
                [
                    0.1919441819190979,
                    -0.3552796542644501,
                    -0.914840817451477
                ]
            ]
        ],
        "hand_pose": [
            [
                [
                    0.8472326397895813,
                    -0.4202238619327545,
                    -0.32497507333755493
                ],
                [
                    0.39668282866477966,
                    0.9073531627655029,
                    -0.13911478221416473
                ],
                [
                    0.3533265292644501,
                    -0.011049456894397736,
                    0.9354348182678223
                ]
            ],
            [
                [
                    0.9734671115875244,
                    0.22879910469055176,
                    0.003564168931916356
                ],
                [
                    -0.22371317446231842,
                    0.954871654510498,
                    -0.1953778862953186
                ],
                [
                    -0.04810561239719391,
                    0.18939660489559174,
                    0.9807215332984924
                ]
            ],
            [
                [
                    0.9436968564987183,
                    -0.15789568424224854,
                    -0.2906979024410248
                ],
                [
                    0.07952795177698135,
                    0.9612541794776917,
                    -0.26394277811050415
                ],
                [
                    0.32110998034477234,
                    0.22596333920955658,
                    0.9196896553039551
                ]
            ],
            [
                [
                    0.7797095775604248,
                    -0.6023367643356323,
                    -0.17100627720355988
                ],
                [
                    0.579208493232727,
                    0.7975890636444092,
                    -0.1684316098690033
                ],
                [
                    0.23784533143043518,
                    0.03227949142456055,
                    0.9707663655281067
                ]
            ],
            [
                [
                    0.9731806516647339,
                    0.20808695256710052,
                    -0.09807810932397842
                ],
                [
                    -0.17890527844429016,
                    0.9526286125183105,
                    0.24595052003860474
                ],
                [
                    0.14461107552051544,
                    -0.2218075841665268,
                    0.9643076062202454
                ]
            ],
            [
                [
                    0.9839158654212952,
                    0.012027861550450325,
                    -0.17822673916816711
                ],
                [
                    -0.008327930234372616,
                    0.9997342824935913,
                    0.02149304933845997
                ],
                [
                    0.17843790352344513,
                    -0.019663086161017418,
                    0.983754575252533
                ]
            ],
            [
                [
                    0.4166248142719269,
                    -0.7237427830696106,
                    0.5501090288162231
                ],
                [
                    0.5181971192359924,
                    0.6862596869468689,
                    0.5104109048843384
                ],
                [
                    -0.7469239234924316,
                    0.07241501659154892,
                    0.6609542369842529
                ]
            ],
            [
                [
                    0.9064247012138367,
                    -0.25951701402664185,
                    -0.33323442935943604
                ],
                [
                    0.30361542105674744,
                    0.9488204121589661,
                    0.08693426847457886
                ],
                [
                    0.29361867904663086,
                    -0.1799744814634323,
                    0.938827633857727
                ]
            ],
            [
                [
                    0.9900109767913818,
                    -0.12790286540985107,
                    0.05932082608342171
                ],
                [
                    0.11973334848880768,
                    0.9848721027374268,
                    0.125263512134552
                ],
                [
                    -0.07444499433040619,
                    -0.11690959334373474,
                    0.9903484582901001
                ]
            ],
            [
                [
                    0.7998932003974915,
                    -0.526177704334259,
                    0.28863096237182617
                ],
                [
                    0.5756608247756958,
                    0.8086649179458618,
                    -0.1211434006690979
                ],
                [
                    -0.16966277360916138,
                    0.26305532455444336,
                    0.9497454762458801
                ]
            ],
            [
                [
                    0.9552510380744934,
                    0.05291728675365448,
                    -0.2910245954990387
                ],
                [
                    0.02269008196890354,
                    0.9678600430488586,
                    0.2504640519618988
                ],
                [
                    0.29492488503456116,
                    -0.24585938453674316,
                    0.923348605632782
                ]
            ],
            [
                [
                    0.9479348659515381,
                    -0.02206428535282612,
                    -0.31769928336143494
                ],
                [
                    0.047544777393341064,
                    0.9962218999862671,
                    0.07267390936613083
                ],
                [
                    0.3148954510688782,
                    -0.08399506658315659,
                    0.9454025030136108
                ]
            ],
            [
                [
                    0.9906818866729736,
                    -0.073749840259552,
                    -0.11450067907571793
                ],
                [
                    -0.07366497814655304,
                    0.4169667065143585,
                    -0.9059317111968994
                ],
                [
                    0.11455529928207397,
                    0.9059247970581055,
                    0.40764859318733215
                ]
            ],
            [
                [
                    0.9529591202735901,
                    -0.26099711656570435,
                    -0.1541082113981247
                ],
                [
                    0.2993971109390259,
                    0.7313487529754639,
                    0.6127726435661316
                ],
                [
                    -0.04722505062818527,
                    -0.6300868988037109,
                    0.7750872373580933
                ]
            ],
            [
                [
                    0.9753260016441345,
                    0.2150927633047104,
                    0.04974230378866196
                ],
                [
                    -0.2197268307209015,
                    0.9676313400268555,
                    0.12413567304611206
                ],
                [
                    -0.02143152803182602,
                    -0.13200247287750244,
                    0.9910176396369934
                ]
            ]
        ],
        "betas": [
            -0.06154531240463257,
            -0.048257976770401,
            -0.05211570858955383,
            0.09836670756340027,
            0.06129777431488037,
            -0.03002076968550682,
            0.07963140308856964,
            -0.038761794567108154,
            -0.007254838943481445,
            -0.059984683990478516
        ]
    },
    "pred_cam_t": [
        -0.1074465662240982,
        -0.0769207775592804,
        5.826179504394531
    ],
    "focal_length": [
        5000.0,
        5000.0
    ],
    "pred_keypoints_3d": [
        [
            0.09606646746397018,
            0.006416333839297295,
            0.006195113528519869
        ],
        [
            0.11557281017303467,
            0.030888604000210762,
            -0.01662478968501091
        ],
        [
            0.13226871192455292,
            0.05648171156644821,
            -0.021452123299241066
        ],
        [
            0.1406964808702469,
            0.08227281272411346,
            -0.02336927130818367
        ],
        [
            0.14740592241287231,
            0.1134892925620079,
            -0.04020344465970993
        ],
        [
            0.09180062264204025,
            0.0907675102353096,
            -0.027856919914484024
        ],
        [
            0.09097757935523987,
            0.12326326966285706,
            -0.02146301046013832
        ],
        [
            0.08915597200393677,
            0.1449970006942749,
            -0.016915367916226387
        ],
        [
            0.0813244953751564,
            0.16760432720184326,
            -0.005809297785162926
        ],
        [
            0.07777295261621475,
            0.09863059967756271,
            -0.008383285254240036
        ],
        [
            0.082208052277565,
            0.12745355069637299,
            0.004179144278168678
        ],
        [
            0.08342050015926361,
            0.14790794253349304,
            0.015328403562307358
        ],
        [
            0.07815872132778168,
            0.16940823197364807,
            0.030035672709345818
        ],
        [
            0.07337869703769684,
            0.08919232338666916,
            0.01634073443710804
        ],
        [
            0.08135635405778885,
            0.11698833107948303,
            0.01596183143556118
        ],
        [
            0.08584635704755783,
            0.13887806236743927,
            0.02685164101421833
        ],
        [
            0.0830964595079422,
            0.1598621904850006,
            0.04269920289516449
        ],
        [
            0.07483339309692383,
            0.07993996888399124,
            0.03611249104142189
        ],
        [
            0.08758248388767242,
            0.09679616987705231,
            0.03467641398310661
        ],
        [
            0.10097052156925201,
            0.10875945538282394,
            0.04097055271267891
        ],
        [
            0.11642929166555405,
            0.1199687272310257,
            0.04616585746407509
        ]
    ],
    "pred_vertices": [
        [
            0.10810023546218872,
            0.05730779096484184,
            -0.0121094835922122
        ],
        [
            0.11058706045150757,
            0.04751897603273392,
            -0.008677739650011063
        ],
        [
            0.11557840555906296,
            0.054957687854766846,
            -0.011804560199379921
        ],
        [
            0.11266880482435226,
            0.06315191835165024,
            -0.017383061349391937
        ],
        [
            0.12762632966041565,
            0.03896529600024223,
            -0.002515878528356552
        ],
        [
            0.13446754217147827,
            0.03138294070959091,
            -0.008782977238297462
        ],
        [
            0.13985604047775269,
            0.04688052833080292,
            -0.011797076091170311
        ],
        [
            0.13410428166389465,
            0.05106925219297409,
            -0.004906065762042999
        ],
        [
            0.11527880281209946,
            0.06806184351444244,
            -0.021764637902379036
        ],
        [
            0.12012716382741928,
            0.06134561076760292,
            -0.013971656560897827
        ],
        [
            0.1154405027627945,
            0.06834062933921814,
            -0.024523921310901642
        ],
        [
            0.10483591258525848,
            0.07243841886520386,
            -0.03471839055418968
        ],
        [
            0.10837547481060028,
            0.07329744100570679,
            -0.029087025672197342
        ],
        [
            0.09849976003170013,
            0.07801713794469833,
            -0.03776346147060394
        ],
        [
            0.09888451546430588,
            0.06399563699960709,
            -0.038352131843566895
        ],
        [
            0.08919723331928253,
            0.07577679306268692,
            -0.038302186876535416
        ],
        [
            0.07621126621961594,
            0.05443482846021652,
            -0.02115224301815033
        ],
        [
            0.07092611491680145,
            0.052021656185388565,
            -0.008591738529503345
        ],
        [
            0.06745973974466324,
            0.06865645945072174,
            -0.009792972356081009
        ],
        [
            0.07387217879295349,
            0.06970786303281784,
            -0.022016527131199837
        ],
        [
            0.06577352434396744,
            0.061225954443216324,
            0.009775560349225998
        ],
        [
            0.06635439395904541,
            0.0660952478647232,
            -0.001026270678266883
        ],
        [
            0.06873296201229095,
            0.04920179396867752,
            -0.00023363193031400442
        ],
        [
            0.06832725554704666,
            0.04561722278594971,
            0.009411229752004147
        ],
        [
            0.10204706341028214,
            0.04953308030962944,
            0.000772964209318161
        ],
        [
            0.10464063286781311,
            0.039416857063770294,
            0.0033541619777679443
        ],
        [
            0.10577527433633804,
            0.04156486317515373,
            -0.0023229196667671204
        ],
        [
            0.10392071306705475,
            0.051256272941827774,
            -0.004391024820506573
        ],
        [
            0.1237652450799942,
            0.06681263446807861,
            -0.028241531923413277
        ],
        [
            0.11566725373268127,
            0.05733254924416542,
            -0.03523389995098114
        ],
        [
            0.11352542042732239,
            0.06397673487663269,
            -0.03140193596482277
        ],
        [
            0.12401047348976135,
            0.06918291747570038,
            -0.022985335439443588
        ],
        [
            0.11351422965526581,
            0.016455069184303284,
            0.01979404129087925
        ],
        [
            0.11133342981338501,
            0.0031955018639564514,
            0.017762696370482445
        ],
        [
            0.1128811240196228,
            0.0031325966119766235,
            0.012017347849905491
        ],
        [
            0.11403807997703552,
            0.015219107270240784,
            0.01484748162329197
        ],
        [
            0.12387712299823761,
            0.011116184294223785,
            -0.004932492971420288
        ],
        [
            0.118543840944767,
            0.0018324479460716248,
            -0.005091538652777672
        ],
        [
            0.11555413156747818,
            -0.0053525567054748535,
            -0.01596464402973652
        ],
        [
            0.11962065100669861,
            0.00418669730424881,
            -0.01875867322087288
        ],
        [
            0.12942782044410706,
            0.021586738526821136,
            -0.006743583828210831
        ],
        [
            0.1282859891653061,
            0.015093095600605011,
            -0.018818827345967293
        ],
        [
            0.1347135305404663,
            0.02692563086748123,
            -0.019260089844465256
        ],
        [
            0.14019711315631866,
            0.04413095489144325,
            -0.0206157136708498
        ],
        [
            0.10498073697090149,
            0.0026019886136054993,
            0.028959952294826508
        ],
        [
            0.10618729889392853,
            0.012236148118972778,
            0.03231243044137955
        ],
        [
            0.09967509657144547,
            0.12951542437076569,
            -0.021192967891693115
        ],
        [
            0.09756910055875778,
            0.12923723459243774,
            -0.015790466219186783
        ],
        [
            0.0992409810423851,
            0.1230606809258461,
            -0.017055362462997437
        ],
        [
            0.10052108019590378,
            0.12460578233003616,
            -0.022444047033786774
        ],
        [
            0.08577930182218552,
            0.006901316344738007,
            0.0342094823718071
        ],
        [
            0.07687884569168091,
            0.005749106407165527,
            0.02950523979961872
        ],
        [
            0.07918072491884232,
            -0.0009319037199020386,
            0.03141458332538605
        ],
        [
            0.08823192119598389,
            -0.00029337406158447266,
            0.03405367210507393
        ],
        [
            0.08260347694158554,
            0.01640981435775757,
            0.03437387943267822
        ],
        [
            0.07439073920249939,
            0.015173055231571198,
            0.026620090007781982
        ],
        [
            0.0900198444724083,
            0.13039334118366241,
            -0.029082581400871277
        ],
        [
            0.09507732093334198,
            0.13081324100494385,
            -0.028471030294895172
        ],
        [
            0.09442280232906342,
            0.1258799433708191,
            -0.03008689545094967
        ],
        [
            0.08922123908996582,
            0.12490768730640411,
            -0.029786130413413048
        ],
        [
            0.10905290395021439,
            0.07088520377874374,
            -0.022368643432855606
        ],
        [
            0.10653917491436005,
            0.06659142673015594,
            -0.014454489573836327
        ],
        [
            0.10308829694986343,
            0.0873604267835617,
            -0.024559427052736282
        ],
        [
            0.10319249331951141,
            0.07894320040941238,
            -0.01995813474059105
        ],
        [
            0.10526615381240845,
            0.07817713916301727,
            -0.02683553658425808
        ],
        [
            0.10363741219043732,
            0.08519823104143143,
            -0.030434072017669678
        ],
        [
            0.0949375182390213,
            0.07125872373580933,
            0.001169431023299694
        ],
        [
            0.0975855141878128,
            0.05985202640295029,
            0.002221556380391121
        ],
        [
            0.09939828515052795,
            0.062259625643491745,
            -0.0037566395476460457
        ],
        [
            0.09782986342906952,
            0.07496532797813416,
            -0.006143422797322273
        ],
        [
            0.09569898992776871,
            0.05759671702980995,
            0.016135970130562782
        ],
        [
            0.09278078377246857,
            0.06887268275022507,
            0.013817286118865013
        ],
        [
            0.09199101477861404,
            0.06620152294635773,
            0.021983467042446136
        ],
        [
            0.09512242674827576,
            0.05890984088182449,
            0.02253270149230957
        ],
        [
            0.08816716820001602,
            0.08766843378543854,
            0.00659516267478466
        ],
        [
            0.08543869853019714,
            0.09369789063930511,
            0.005205570254474878
        ],
        [
            0.08574020862579346,
            0.09382951259613037,
            0.009123286232352257
        ],
        [
            0.08739940077066422,
            0.08662168681621552,
            0.010371919721364975
        ],
        [
            0.08060799539089203,
            -0.007828548550605774,
            0.032483600080013275
        ],
        [
            0.09044873714447021,
            -0.007183775305747986,
            0.03293626755475998
        ],
        [
            0.06677820533514023,
            0.05563904345035553,
            0.03085578978061676
        ],
        [
            0.07315942645072937,
            0.051381196826696396,
            0.03908601403236389
        ],
        [
            0.07000014930963516,
            0.06488300859928131,
            0.041127026081085205
        ],
        [
            0.06333063542842865,
            0.06587672233581543,
            0.031573351472616196
        ],
        [
            0.07184445858001709,
            0.0062993913888931274,
            0.0203668475151062
        ],
        [
            0.07244424521923065,
            -0.0007263123989105225,
            0.023868532851338387
        ],
        [
            0.08464197814464569,
            0.12980088591575623,
            -0.026038849726319313
        ],
        [
            0.08454062044620514,
            0.12421372532844543,
            -0.0260313767939806
        ],
        [
            0.12590807676315308,
            0.02330651879310608,
            -0.02991184964776039
        ],
        [
            0.13560883700847626,
            0.04309692978858948,
            -0.029307762160897255
        ],
        [
            0.11669521033763885,
            0.009510673582553864,
            -0.02785792201757431
        ],
        [
            0.10937263071537018,
            0.000760890543460846,
            -0.02504577487707138
        ],
        [
            0.10584881901741028,
            -0.007555082440376282,
            -0.023111887276172638
        ],
        [
            0.10040158778429031,
            0.08241809159517288,
            -0.01499453280121088
        ],
        [
            0.10333223640918732,
            0.0605149045586586,
            -0.00800306349992752
        ],
        [
            0.10088236629962921,
            0.0483759380877018,
            0.005707797594368458
        ],
        [
            0.09710083156824112,
            0.048425253480672836,
            0.03653116524219513
        ],
        [
            0.10027562826871872,
            0.03836282342672348,
            0.03716375306248665
        ],
        [
            0.10300715267658234,
            0.04295428842306137,
            0.027788450941443443
        ],
        [
            0.09907558560371399,
            0.0506996288895607,
            0.028979185968637466
        ],
        [
            0.0819980725646019,
            0.052902065217494965,
            0.04350872337818146
        ],
        [
            0.08905048668384552,
            0.05622381344437599,
            0.04099273681640625
        ],
        [
            0.08580771088600159,
            0.06459751725196838,
            0.040944285690784454
        ],
        [
            0.07853623479604721,
            0.06358867883682251,
            0.04400661587715149
        ],
        [
            0.12826935946941376,
            0.06407958269119263,
            -0.03350859880447388
        ],
        [
            0.1195744201540947,
            0.051406942307949066,
            -0.037909507751464844
        ],
        [
            0.09625408053398132,
            0.008396662771701813,
            0.035414695739746094
        ],
        [
            0.09824391454458237,
            0.0012619346380233765,
            0.032791636884212494
        ],
        [
            0.09803134948015213,
            -0.0071083009243011475,
            0.031120948493480682
        ],
        [
            0.10998120158910751,
            0.027889005839824677,
            0.010430585592985153
        ],
        [
            0.11449237167835236,
            0.01437126100063324,
            0.011415059678256512
        ],
        [
            0.11589152365922928,
            0.015320219099521637,
            0.0074097830802202225
        ],
        [
            0.10937285423278809,
            0.02827441692352295,
            0.006727350875735283
        ],
        [
            0.11445499211549759,
            0.0383092537522316,
            -0.0026251114904880524
        ],
        [
            0.12160907685756683,
            0.027392350137233734,
            9.11913812160492e-05
        ],
        [
            0.11981543898582458,
            0.047897372394800186,
            -0.0037882234901189804
        ],
        [
            0.11525057256221771,
            0.0013502910733222961,
            0.0043965112417936325
        ],
        [
            0.11351672559976578,
            -0.007148712873458862,
            0.011244963854551315
        ],
        [
            0.11531202495098114,
            -0.007921800017356873,
            0.0025322847068309784
        ],
        [
            0.10927440971136093,
            -0.007226213812828064,
            0.02012314461171627
        ],
        [
            0.10404256731271744,
            -0.007152989506721497,
            0.027377353981137276
        ],
        [
            0.0707029178738594,
            -0.008866839110851288,
            0.025783583521842957
        ],
        [
            0.11557168513536453,
            -0.007894381880760193,
            -0.0058091189712285995
        ],
        [
            0.13793416321277618,
            0.05948791280388832,
            -0.008941331878304482
        ],
        [
            0.14100059866905212,
            0.06691761314868927,
            -0.012821778655052185
        ],
        [
            0.134245365858078,
            0.06921057403087616,
            -0.011472165584564209
        ],
        [
            0.13072623312473297,
            0.06288380920886993,
            -0.008448215201497078
        ],
        [
            0.09367336332798004,
            0.08660010248422623,
            -0.03894365206360817
        ],
        [
            0.10068715363740921,
            0.08642396330833435,
            -0.03562101721763611
        ],
        [
            0.10428932309150696,
            0.07748888432979584,
            -0.03377620875835419
        ],
        [
            0.11012574285268784,
            0.026751108467578888,
            0.02426717057824135
        ],
        [
            0.10424055904150009,
            0.022709399461746216,
            0.03476019948720932
        ],
        [
            0.09990706294775009,
            0.09062231332063675,
            -0.01965974271297455
        ],
        [
            0.08717558532953262,
            0.12047727406024933,
            -0.030803361907601357
        ],
        [
            0.09297426789999008,
            0.12080207467079163,
            -0.031659770756959915
        ],
        [
            0.09304498136043549,
            0.10275255143642426,
            -0.03603701293468475
        ],
        [
            0.08640825003385544,
            0.10377151519060135,
            -0.03499641641974449
        ],
        [
            0.09208057820796967,
            0.09800569713115692,
            -0.016980167478322983
        ],
        [
            0.09795715659856796,
            0.09508579224348068,
            -0.019231073558330536
        ],
        [
            0.09626160562038422,
            0.09761165082454681,
            -0.01849384233355522
        ],
        [
            0.09152475744485855,
            0.1003812924027443,
            -0.014957220293581486
        ],
        [
            0.08500158041715622,
            0.09019055962562561,
            0.01775224134325981
        ],
        [
            0.08671173453330994,
            0.08321667462587357,
            0.018607117235660553
        ],
        [
            0.07463662326335907,
            0.08562526851892471,
            -0.02090347185730934
        ],
        [
            0.07709312438964844,
            0.08291775733232498,
            -0.033891621977090836
        ],
        [
            0.08008620142936707,
            0.0712878555059433,
            -0.03272813931107521
        ],
        [
            0.09355799108743668,
            0.06905853748321533,
            0.0082150399684906
        ],
        [
            0.09099319577217102,
            0.07922166585922241,
            0.008060388267040253
        ],
        [
            0.08998014032840729,
            0.0783224105834961,
            0.012086387723684311
        ],
        [
            0.09780336916446686,
            0.08581007272005081,
            -0.01259789988398552
        ],
        [
            0.09612968564033508,
            0.09246312081813812,
            -0.015215457417070866
        ],
        [
            0.09431669861078262,
            0.09028921276330948,
            -0.010924828238785267
        ],
        [
            0.0958237275481224,
            0.08373653888702393,
            -0.007774440571665764
        ],
        [
            0.07562979310750961,
            0.03823100030422211,
            0.037651579827070236
        ],
        [
            0.08581741899251938,
            0.040232397615909576,
            0.04322412610054016
        ],
        [
            0.09865515679121017,
            0.13028620183467865,
            -0.02574092149734497
        ],
        [
            0.09863317757844925,
            0.12537048757076263,
            -0.027295807376503944
        ],
        [
            0.09622073173522949,
            0.057923175394535065,
            0.009085730649530888
        ],
        [
            0.08382707834243774,
            0.05731738731265068,
            -0.0303704421967268
        ],
        [
            0.1000024601817131,
            0.04729216545820236,
            0.011082631535828114
        ],
        [
            0.06698533892631531,
            0.08075591176748276,
            0.02007986791431904
        ],
        [
            0.07297762483358383,
            0.08302363008260727,
            0.025206977501511574
        ],
        [
            0.07365278154611588,
            0.08956636488437653,
            0.02368406020104885
        ],
        [
            0.06862656027078629,
            0.08983241021633148,
            0.019676297903060913
        ],
        [
            0.08976399153470993,
            0.11598112434148788,
            -0.011822331696748734
        ],
        [
            0.09549308568239212,
            0.11666689813137054,
            -0.013234236277639866
        ],
        [
            0.09513253718614578,
            0.12218964844942093,
            -0.012222262099385262
        ],
        [
            0.089541494846344,
            0.12158827483654022,
            -0.011145967990159988
        ],
        [
            0.10120894759893417,
            0.09388952702283859,
            -0.023980189114809036
        ],
        [
            0.1022924929857254,
            0.09274887293577194,
            -0.030254844576120377
        ],
        [
            0.10127667337656021,
            0.09932151436805725,
            -0.028106162324547768
        ],
        [
            0.09930620342493057,
            0.09869123995304108,
            -0.02251637727022171
        ],
        [
            0.09873529523611069,
            0.0942942202091217,
            -0.03518606722354889
        ],
        [
            0.0984613448381424,
            0.10086657851934433,
            -0.03345366194844246
        ],
        [
            0.08385159820318222,
            0.11631625145673752,
            -0.014876087196171284
        ],
        [
            0.0803724005818367,
            0.11757291853427887,
            -0.021617421880364418
        ],
        [
            0.07967640459537506,
            0.10288507491350174,
            -0.023435387760400772
        ],
        [
            0.08479533344507217,
            0.10343965142965317,
            -0.0169775802642107
        ],
        [
            0.069545216858387,
            0.030443742871284485,
            0.008742887526750565
        ],
        [
            0.0699223130941391,
            0.0287361741065979,
            0.019813857972621918
        ],
        [
            0.06843733787536621,
            0.04384176433086395,
            0.020790932700037956
        ],
        [
            0.06566504389047623,
            0.05863729864358902,
            0.02210015244781971
        ],
        [
            0.06427829712629318,
            0.07263346016407013,
            0.022280137985944748
        ],
        [
            0.06277140974998474,
            0.0739022046327591,
            0.010243436321616173
        ],
        [
            0.06960255652666092,
            0.0412866547703743,
            0.02856607735157013
        ],
        [
            0.08419150114059448,
            0.09665124118328094,
            -0.01648523099720478
        ],
        [
            0.07902148365974426,
            0.09305758029222488,
            -0.02441113255918026
        ],
        [
            0.07880014926195145,
            0.09326672554016113,
            -0.018971288576722145
        ],
        [
            0.10014238953590393,
            0.04709118977189064,
            0.018590595573186874
        ],
        [
            0.09758515655994415,
            0.12004782259464264,
            -0.029530486091971397
        ],
        [
            0.08537077903747559,
            0.0007975846529006958,
            -0.020336585119366646
        ],
        [
            0.07648058235645294,
            0.0008984357118606567,
            -0.009835280478000641
        ],
        [
            0.07740600407123566,
            0.009329922497272491,
            -0.01227044127881527
        ],
        [
            0.08845542371273041,
            0.009547136723995209,
            -0.023820769041776657
        ],
        [
            0.10005399584770203,
            0.11726957559585571,
            -0.01838405430316925
        ],
        [
            0.10107560455799103,
            0.11884230375289917,
            -0.024414019659161568
        ],
        [
            0.08544546365737915,
            0.08337929099798203,
            0.024997152388095856
        ],
        [
            0.08326895534992218,
            0.09007634967565536,
            0.02308821864426136
        ],
        [
            0.0801750123500824,
            0.09142200648784637,
            0.02496212162077427
        ],
        [
            0.08341505378484726,
            0.08588848263025284,
            0.02957845851778984
        ],
        [
            0.07118538022041321,
            0.026611924171447754,
            0.025307629257440567
        ],
        [
            0.07230391353368759,
            0.07460522651672363,
            0.04191551357507706
        ],
        [
            0.06510951370000839,
            0.07462852448225021,
            0.03333096578717232
        ],
        [
            0.07111845165491104,
            0.015662454068660736,
            0.018531175330281258
        ],
        [
            0.07017621397972107,
            0.016912244260311127,
            0.008817099034786224
        ],
        [
            0.07048299163579941,
            0.007154621183872223,
            0.009462133049964905
        ],
        [
            0.06669038534164429,
            0.08279648423194885,
            -0.0017290487885475159
        ],
        [
            0.07000245153903961,
            0.033853478729724884,
            0.0007188685704022646
        ],
        [
            0.07122166454792023,
            0.019337981939315796,
            0.001563789090141654
        ],
        [
            0.07163165509700775,
            0.007777854800224304,
            0.0019898968748748302
        ],
        [
            0.07115994393825531,
            -0.0005293041467666626,
            0.0028452486731112003
        ],
        [
            0.07008529454469681,
            -0.0003535449504852295,
            0.010974133387207985
        ],
        [
            0.08265736699104309,
            0.11928200721740723,
            -0.026459533721208572
        ],
        [
            0.08152608573436737,
            0.12295860797166824,
            -0.020546024665236473
        ],
        [
            0.06798308342695236,
            -0.009055525064468384,
            0.012647982686758041
        ],
        [
            0.06993226706981659,
            -0.008837588131427765,
            0.003517796751111746
        ],
        [
            0.07365619391202927,
            0.021422728896141052,
            -0.0071439119055867195
        ],
        [
            0.07859287410974503,
            0.02397146075963974,
            -0.017630042508244514
        ],
        [
            0.0726201981306076,
            0.03542695939540863,
            -0.007541270460933447
        ],
        [
            0.07695833593606949,
            0.039068352431058884,
            -0.017894446849822998
        ],
        [
            0.06531602889299393,
            0.08104273676872253,
            -0.012250318191945553
        ],
        [
            0.08141908049583435,
            0.13987626135349274,
            -0.01514530275017023
        ],
        [
            0.08269592374563217,
            0.12846863269805908,
            -0.01490102056413889
        ],
        [
            0.08729720115661621,
            0.12821641564369202,
            -0.011297285556793213
        ],
        [
            0.08367649465799332,
            0.13908284902572632,
            -0.011452477425336838
        ],
        [
            0.08432301133871078,
            0.12175767123699188,
            -0.014240006916224957
        ],
        [
            0.08143922686576843,
            0.1286212056875229,
            -0.020604785531759262
        ],
        [
            0.08745376765727997,
            0.04195338487625122,
            -0.029434463009238243
        ],
        [
            0.09195126593112946,
            0.09654536098241806,
            -0.012326186522841454
        ],
        [
            0.09354756772518158,
            0.025725476443767548,
            -0.029934002086520195
        ],
        [
            0.10038191825151443,
            0.05044132098555565,
            -0.03880579397082329
        ],
        [
            0.10738810896873474,
            0.03882501646876335,
            -0.03794082999229431
        ],
        [
            0.10168955475091934,
            0.009439051151275635,
            -0.030356209725141525
        ],
        [
            0.11260858178138733,
            0.023092098534107208,
            -0.035806283354759216
        ],
        [
            0.09468463063240051,
            -0.007113054394721985,
            -0.023597730323672295
        ],
        [
            0.09653253108263016,
            0.0014028176665306091,
            -0.02619984932243824
        ],
        [
            0.12345661222934723,
            0.03802535682916641,
            -0.036642886698246
        ],
        [
            0.09719551354646683,
