{
    "pred_cam": [
        5.1654767990112305,
        -0.03742246329784393,
        0.008690331131219864
    ],
    "pred_mano_params": {
        "global_orient": [
            [
                [
                    0.9508009552955627,
                    0.12682341039180756,
                    0.28265419602394104
                ],
                [
                    0.30111998319625854,
                    -0.16383232176303864,
                    -0.9394071102142334
                ],
                [
                    -0.0728309229016304,
                    0.9783019423484802,
                    -0.1939609944820404
                ]
            ]
        ],
        "hand_pose": [
            [
                [
                    0.9206395149230957,
                    -0.2904699444770813,
                    -0.26086392998695374
                ],
                [
                    0.2746991515159607,
                    0.9567403197288513,
                    -0.09585610032081604
                ],
                [
                    0.27742236852645874,
                    0.01658981293439865,
                    0.9606047868728638
                ]
            ],
            [
                [
                    0.9560841917991638,
                    -0.2793532609939575,
                    0.08868300914764404
                ],
                [
                    0.29275667667388916,
                    0.9246937036514282,
                    -0.24338263273239136
                ],
                [
                    -0.0140148950740695,
                    0.2586568593978882,
                    0.9658675789833069
                ]
            ],
            [
                [
                    0.9505548477172852,
                    -0.30556681752204895,
                    0.05544667690992355
                ],
                [
                    0.30626019835472107,
                    0.951938271522522,
                    -0.004262997303158045
                ],
                [
                    -0.05147918313741684,
                    0.02103332430124283,
                    0.9984524846076965
                ]
            ],
            [
                [
                    0.8121795058250427,
                    -0.580053448677063,
                    -0.06246993690729141
                ],
                [
                    0.5826504230499268,
                    0.8119157552719116,
                    0.03621229901909828
                ],
                [
                    0.02971525490283966,
                    -0.06580901890993118,
                    0.9973897337913513
                ]
            ],
            [
                [
                    0.9455276131629944,
                    -0.3002152442932129,
                    -0.1258903294801712
                ],
                [
                    0.321071058511734,
                    0.9238618016242981,
                    0.208309143781662
                ],
                [
                    0.05376768857240677,
                    -0.23738177120685577,
                    0.9699272513389587
                ]
            ],
            [
                [
                    0.9416549801826477,
                    -0.3316602110862732,
                    0.05733587592840195
                ],
                [
                    0.3332211971282959,
                    0.94263756275177,
                    -0.019953884184360504
                ],
                [
                    -0.04742903634905815,
                    0.03789520636200905,
                    0.9981555938720703
                ]
            ],
            [
                [
                    0.8322917819023132,
                    -0.46486592292785645,
                    0.3019770085811615
                ],
                [
                    0.3897542953491211,
                    0.8781022429466248,
                    0.27753937244415283
                ],
                [
                    -0.39418527483940125,
                    -0.11329688876867294,
                    0.912020742893219
                ]
            ],
            [
                [
                    0.9770649671554565,
                    -0.17609082162380219,
                    -0.1197337955236435
                ],
                [
                    0.18401387333869934,
                    0.981174647808075,
                    0.058610234409570694
                ],
                [
                    0.10715904086828232,
                    -0.07929867506027222,
                    0.9910745024681091
                ]
            ],
            [
                [
                    0.9942262172698975,
                    0.09559978544712067,
                    0.04873273894190788
                ],
                [
                    -0.10703417658805847,
                    0.851345419883728,
                    0.5135705471038818
                ],
                [
                    0.007608872372657061,
                    -0.5158213973045349,
                    0.856662392616272
                ]
            ],
            [
                [
                    0.7616362571716309,
                    -0.6444882154464722,
                    0.06741688400506973
                ],
                [
                    0.6431869268417358,
                    0.7645341753959656,
                    0.042403869330883026
                ],
                [
                    -0.07887130230665207,
                    0.011065328493714333,
                    0.9968233704566956
                ]
            ],
            [
                [
                    0.9714180827140808,
                    -0.22305889427661896,
                    -0.08118810504674911
                ],
                [
                    0.2372359037399292,
                    0.9006017446517944,
                    0.3641916513442993
                ],
                [
                    -0.008118043653666973,
                    -0.37304314970970154,
                    0.927778422832489
                ]
            ],
            [
                [
                    0.9207780957221985,
                    -0.371427983045578,
                    0.11920200288295746
                ],
                [
                    0.34921690821647644,
                    0.9210454821586609,
                    0.17240306735038757
                ],
                [
                    -0.17382577061653137,
                    -0.11711759120225906,
                    0.977787435054779
                ]
            ],
            [
                [
                    0.9930973052978516,
                    -0.06130645051598549,
                    -0.09999639540910721
                ],
                [
                    -0.04473508149385452,
                    0.5901210904121399,
                    -0.806074321269989
                ],
                [
                    0.10842754691839218,
                    0.8049836158752441,
                    0.5833051204681396
                ]
            ],
            [
                [
                    0.9215401411056519,
                    -0.3694096803665161,
                    -0.11958280950784683
                ],
                [
                    0.3868032991886139,
                    0.8465457558631897,
                    0.3657095730304718
                ],
                [
                    -0.03386436775326729,
                    -0.38327115774154663,
                    0.923014760017395
                ]
            ],
            [
                [
                    0.9446008205413818,
                    -0.3217695653438568,
                    -0.06475767493247986
                ],
                [
                    0.2631251811981201,
                    0.86031174659729,
                    -0.4366106390953064
                ],
                [
                    0.19619981944561005,
                    0.39538341760635376,
                    0.8973168730735779
                ]
            ]
        ],
        "betas": [
            -0.001991942524909973,
            -0.16386330127716064,
            -0.06416332721710205,
            -0.04248109459877014,
            -0.021485209465026855,
            0.013297747820615768,
            0.009485393762588501,
            -0.05983200669288635,
            0.010927170515060425,
            -0.04325714707374573
        ]
    },
    "pred_cam_t": [
        -0.03742246329784393,
        0.008690331131219864,
        7.562225341796875
    ],
    "focal_length": [
        5000.0,
        5000.0
    ],
    "pred_keypoints_3d": [
        [
            0.09576617926359177,
            0.006385727785527706,
            0.006239685229957104
        ],
        [
            0.0782499611377716,
            -0.022501997649669647,
            -0.01214172039180994
        ],
        [
            0.05864979326725006,
            -0.037787292152643204,
            -0.030259650200605392
        ],
        [
            0.03660193085670471,
            -0.042305927723646164,
            -0.04538794979453087
        ],
        [
            0.013510501012206078,
            -0.037794940173625946,
            -0.07119845598936081
        ],
        [
            0.017205186188220978,
            -0.03853499889373779,
            0.0036045145243406296
        ],
        [
            -0.015722014009952545,
            -0.04078993946313858,
            0.002033496741205454
        ],
        [
            -0.03520865738391876,
            -0.038077905774116516,
            -0.008345015347003937
        ],
        [
            -0.0542430505156517,
            -0.03337567672133446,
            -0.02436719462275505
        ],
        [
            0.004586055874824524,
            -0.018632810562849045,
            0.012306859716773033
        ],
        [
            -0.024224039167165756,
            -0.017538277432322502,
            -0.0010499143972992897
        ],
        [
            -0.03872052580118179,
            -0.01318155787885189,
            -0.018814265727996826
        ],
        [
            -0.051919229328632355,
            -0.009934064000844955,
            -0.040885020047426224
        ],
        [
            0.009904183447360992,
            0.007459557615220547,
            0.013491812162101269
        ],
        [
            -0.015213081613183022,
            0.0058022476732730865,
            -0.0007787896320223808
        ],
        [
            -0.029517561197280884,
            0.010476951487362385,
            -0.02057718113064766
        ],
        [
            -0.040497712790966034,
            0.010949663817882538,
            -0.04344802722334862
        ],
        [
            0.016743354499340057,
            0.027818746864795685,
            0.009939376264810562
        ],
        [
            -0.0030172858387231827,
            0.02843674272298813,
            0.002333882264792919
        ],
        [
            -0.01875440590083599,
            0.030956078320741653,
            -0.008040291257202625
        ],
        [
            -0.03681928291916847,
            0.031736500561237335,
            -0.022060254588723183
        ]
    ],
    "pred_vertices": [
        [
            0.050711289048194885,
            -0.02073652669787407,
            -0.01016644574701786
        ],
        [
            0.06020200252532959,
            -0.016220610588788986,
            -0.012412910349667072
        ],
        [
            0.05469750240445137,
            -0.02222856692969799,
            -0.018183264881372452
        ],
        [
            0.046632587909698486,
            -0.027777835726737976,
            -0.014720667153596878
        ],
        [
            0.07281593978404999,
            -0.015157684683799744,
            -0.0290005411952734
        ],
        [
            0.08264551311731339,
            -0.022021852433681488,
            -0.03194952756166458
        ],
        [
            0.06967848539352417,
            -0.029485348612070084,
            -0.038484811782836914
        ],
        [
            0.06363069266080856,
            -0.02153836190700531,
            -0.03559352830052376
        ],
        [
            0.0432211309671402,
            -0.03381264954805374,
            -0.017014361917972565
        ],
        [
            0.05004718527197838,
            -0.026921290904283524,
            -0.02277650684118271
        ],
        [
            0.04360419511795044,
            -0.03730387985706329,
            -0.01611538976430893
        ],
        [
            0.038447871804237366,
            -0.044844672083854675,
            -0.004740920849144459
        ],
        [
            0.037527263164520264,
            -0.039991606026887894,
            -0.009479307569563389
        ],
        [
            0.03218729794025421,
            -0.04728396609425545,
            0.0010018592001870275
        ],
        [
            0.04591250419616699,
            -0.04609071835875511,
            0.003200693055987358
        ],
        [
            0.03291631489992142,
            -0.04568769410252571,
            0.010450501926243305
        ],
        [
            0.048923052847385406,
            -0.023899205029010773,
            0.023003768175840378
        ],
        [
            0.04878934100270271,
            -0.010639248415827751,
            0.026037972420454025
        ],
        [
            0.032009951770305634,
            -0.01365155354142189,
            0.027148913592100143
        ],
        [
            0.03380981460213661,
            -0.026630328968167305,
            0.023039497435092926
        ],
        [
            0.03679157793521881,
            0.006506018340587616,
            0.026112359017133713
        ],
        [
            0.03318575769662857,
            -0.0046795085072517395,
            0.026945214718580246
        ],
        [
            0.05014148727059364,
            -0.001816190779209137,
            0.02700789086520672
        ],
        [
            0.05245792865753174,
            0.008096619509160519,
            0.026101458817720413
        ],
        [
            0.05563035607337952,
            -0.006247805431485176,
            -0.00518198823556304
        ],
        [
            0.06551036983728409,
            -0.0023689158260822296,
            -0.006720255129039288
        ],
        [
            0.0642092376947403,
            -0.008049802854657173,
            -0.007408861070871353
        ],
        [
            0.05487523227930069,
            -0.01166130043566227,
            -0.006396823562681675
        ],
        [
            0.04736246541142464,
            -0.0433921292424202,
            -0.02339382842183113
        ],
        [
            0.055376119911670685,
            -0.0463644415140152,
            -0.012172761373221874
        ],
        [
            0.04812724515795708,
            -0.04307826608419418,
            -0.012102339416742325
        ],
        [
            0.04485076293349266,
            -0.03876781836152077,
            -0.02499813213944435
        ],
        [
            0.08745123445987701,
            0.015188849531114101,
            -0.0146168302744627
        ],
        [
            0.1001586765050888,
            0.015551041811704636,
            -0.010030269622802734
        ],
        [
            0.1011999100446701,
            0.009760364890098572,
            -0.01047946885228157
        ],
        [
            0.08931275457143784,
            0.010591302067041397,
            -0.014016901142895222
        ],
        [
            0.09815142303705215,
            -0.010374430567026138,
            -0.019282132387161255
        ],
        [
            0.10570645332336426,
            -0.007642801851034164,
            -0.012402961030602455
        ],
        [
            0.11355142295360565,
            -0.0167236328125,
            -0.00619753310456872
        ],
        [
            0.10568824410438538,
            -0.021940937265753746,
            -0.01064679678529501
        ],
        [
            0.09009100496768951,
            -0.015941139310598373,
            -0.026326065883040428
        ],
        [
            0.09747699648141861,
            -0.026186415925621986,
            -0.02053295262157917
        ],
        [
            0.08795365691184998,
            -0.03162688761949539,
            -0.028055457398295403
        ],
        [
            0.07301168143749237,
            -0.037989042699337006,
            -0.03640523552894592
        ],
        [
            0.0982704907655716,
            0.02755734696984291,
            -0.005951115861535072
        ],
        [
            0.08874572813510895,
            0.02912534400820732,
            -0.00921360868960619
        ],
        [
            -0.016706999391317368,
            -0.04253048449754715,
            -0.00977826863527298
        ],
        [
            -0.017716344445943832,
            -0.03677120804786682,
            -0.00928523950278759
        ],
        [
            -0.012658276595175266,
            -0.03715270012617111,
            -0.00880055408924818
        ],
        [
            -0.01271025650203228,
            -0.04287874326109886,
            -0.009075992740690708
        ],
        [
            0.09006769955158234,
            0.03507470339536667,
            0.010877015069127083
        ],
        [
            0.09015241265296936,
            0.032165318727493286,
            0.020517472177743912
        ],
        [
            0.09682083129882812,
            0.03466189280152321,
            0.01896708831191063
        ],
        [
            0.09750272333621979,
            0.03562412038445473,
            0.009655265137553215
        ],
        [
            0.08022964000701904,
            0.034227143973112106,
            0.01238548569381237
        ],
        [
            0.08091866225004196,
            0.028326641768217087,
            0.02195868454873562
        ],
        [
            -0.02081603743135929,
            -0.0484805591404438,
            0.0006223819218575954
        ],
        [
            -0.019290750846266747,
            -0.048976972699165344,
            -0.004238144960254431
        ],
        [
            -0.014893856830894947,
            -0.04950995743274689,
            -0.0017481588292866945
        ],
        [
            -0.015651827678084373,
            -0.048173632472753525,
            0.003296984825283289
        ],
        [
            0.03903421759605408,
            -0.03307659178972244,
            -0.011074085719883442
        ],
        [
            0.041714176535606384,
            -0.024283405393362045,
            -0.009444879367947578
        ],
        [
            0.021483376622200012,
            -0.036744073033332825,
            -0.0074220141395926476
        ],
        [
            0.029665865004062653,
            -0.030923161655664444,
            -0.007150084245949984
        ],
        [
            0.03166017681360245,
            -0.03779740259051323,
            -0.007775827310979366
        ],
        [
            0.024682234972715378,
            -0.04222830384969711,
            -0.006461896002292633
        ],
        [
            0.033104974776506424,
            -0.008019575849175453,
            -0.0018384852446615696
        ],
        [
            0.04459477216005325,
            -0.005738717503845692,
            -0.0027480660937726498
        ],
        [
            0.04331953823566437,
            -0.01215451117604971,
            -0.0037792809307575226
        ],
        [
            0.030924813821911812,
            -0.016130223870277405,
            -0.0038454271852970123
        ],
        [
            0.04466216266155243,
            0.00837457925081253,
            -0.0031789401546120644
        ],
        [
            0.03337474539875984,
            0.004920722916722298,
            -0.0017943903803825378
        ],
        [
            0.034691207110881805,
            0.013329613022506237,
            -0.002205418422818184
        ],
        [
            0.042429834604263306,
            0.014438425190746784,
            -0.004084820859134197
        ],
        [
            0.015018527396023273,
            -0.0040927971713244915,
            0.001070491038262844
        ],
        [
            0.00853101909160614,
            -0.0061717163771390915,
            0.002524389885365963
        ],
        [
            0.00810038298368454,
            -0.003095809603109956,
            0.002287771087139845
        ],
        [
            0.015499151311814785,
            -0.0005794060416519642,
            0.0015450217761099339
        ],
        [
            0.10364320874214172,
            0.03649720922112465,
            0.018465576693415642
        ],
        [
            0.10471303015947342,
            0.03521347790956497,
            0.008811167441308498
        ],
        [
            0.040510136634111404,
            0.02718425914645195,
            0.021260136738419533
        ],
        [
            0.04447649046778679,
            0.03465232625603676,
            0.014048327691853046
        ],
        [
            0.031645216047763824,
            0.035268694162368774,
            0.013975256122648716
        ],
        [
            0.030746467411518097,
            0.027126401662826538,
            0.022054152563214302
        ],
        [
            0.08984965831041336,
            0.02404194138944149,
            0.026930494233965874
        ],
        [
            0.0963544249534607,
            0.028416365385055542,
            0.02680320292711258
        ],
        [
            -0.022445864975452423,
            -0.04425277188420296,
            0.004814077168703079
        ],
        [
            -0.016810812056064606,
            -0.0434887558221817,
            0.006855865009129047
        ],
        [
            0.09023179858922958,
            -0.03830147534608841,
            -0.016274724155664444
        ],
        [
            0.07358460128307343,
            -0.04488752782344818,
            -0.02927517518401146
        ],
        [
            0.10106320679187775,
            -0.0310805756598711,
            -0.006346504203975201
        ],
        [
            0.10764142870903015,
            -0.025310469791293144,
            0.0009150636615231633
        ],
        [
            0.11481928825378418,
            -0.02151678316295147,
            0.004818805027753115
        ],
        [
            0.025039318948984146,
            -0.02616436593234539,
            -0.005977138411253691
        ],
        [
            0.046255163848400116,
            -0.016589749604463577,
            -0.006545013748109341
        ],
        [
            0.05593567341566086,
            -0.0011616814881563187,
            -0.004751555155962706
        ],
        [
            0.05135352537035942,
            0.02909046784043312,
            -0.007075262255966663
        ],
        [
            0.06173299252986908,
            0.0307028666138649,
            -0.008620095439255238
        ],
        [
            0.05886835604906082,
            0.020586149767041206,
            -0.010084040462970734
        ],
        [
            0.05039677768945694,
            0.02120930701494217,
            -0.007778933271765709
        ],
        [
            0.04378136619925499,
            0.037286706268787384,
            0.004583833739161491
        ],
        [
            0.04172246903181076,
            0.0333167240023613,
            -0.001957310363650322
        ],
        [
            0.03269939124584198,
            0.032301172614097595,
            -0.0006846832111477852
        ],
        [
            0.033124856650829315,
            0.03658250719308853,
            0.005293115973472595
        ],
        [
            0.05152911692857742,
            -0.04911958798766136,
            -0.02609599009156227
        ],
        [
            0.06229328364133835,
            -0.04894324392080307,
            -0.013819480314850807
        ],
        [
            0.09034896641969681,
            0.034326132386922836,
            0.0003261975944042206
        ],
        [
            0.09793008863925934,
            0.032558031380176544,
            7.0193782448768616e-06
        ],
        [
            0.10620684176683426,
            0.03224034979939461,
            0.0018251379951834679
        ],
        [
            0.07680605351924896,
            0.005303148180246353,
            -0.01138912420719862
        ],
        [
            0.09063512086868286,
            0.00740240141749382,
            -0.01373814232647419
        ],
        [
            0.0905187651515007,
            0.0032211821526288986,
            -0.014673672616481781
        ],
        [
            0.07670961320400238,
            0.0020285286009311676,
            -0.010426647961139679
        ],
        [
            0.06952255964279175,
            -0.010136451572179794,
            -0.016781723126769066
        ],
        [
            0.08162019401788712,
            -0.007745649665594101,
            -0.021972622722387314
        ],
        [
            0.06202464550733566,
            -0.015292100608348846,
            -0.023384790867567062
        ],
        [
            0.10431733727455139,
            0.0022750329226255417,
            -0.011095758527517319
        ],
        [
            0.11138874292373657,
            0.010464955121278763,
            -0.009402558207511902
        ],
        [
            0.11355416476726532,
            0.001841183751821518,
            -0.009390190243721008
        ],
        [
            0.1096278578042984,
            0.01976625807583332,
            -0.006908933632075787
        ],
        [
            0.10775645077228546,
            0.027664199471473694,
            -0.003269593231379986
        ],
        [
            0.10372054576873779,
            0.03177435323596001,
            0.029415389522910118
        ],
        [
            0.11463211476802826,
            -0.0063243284821510315,
            -0.007988524623215199
        ],
        [
            0.05724959447979927,
            -0.02682461217045784,
            -0.039255667477846146
        ],
        [
            0.051756180822849274,
            -0.031108714640140533,
            -0.04260648787021637
        ],
        [
            0.04736579209566116,
            -0.02903897687792778,
            -0.03650614991784096
        ],
        [
            0.05191130191087723,
            -0.02512514218688011,
            -0.03274373337626457
        ],
        [
            0.023278282955288887,
            -0.049130313098430634,
            0.004927974659949541
        ],
        [
            0.023856189101934433,
            -0.04704587161540985,
            -0.0026006565894931555
        ],
        [
            0.03314053639769554,
            -0.04434674605727196,
            -0.0053787450306117535
        ],
        [
            0.07635023444890976,
            0.018464775756001472,
            -0.013747596181929111
        ],
        [
            0.07795064896345139,
            0.03019166737794876,
            -0.009420663118362427
        ],
        [
            0.016885090619325638,
            -0.03209454566240311,
            -0.005682671908289194
        ],
        [
            -0.01139117032289505,
            -0.04804551601409912,
            0.006094804964959621
        ],
        [
            -0.010273382999002934,
            -0.04983038082718849,
            0.0005982104339636862
        ],
        [
            0.007123942486941814,
            -0.049840498715639114,
            0.00389193557202816
        ],
        [
            0.005066695623099804,
            -0.04794306680560112,
            0.010042618960142136
        ],
        [
            0.008070341311395168,
            -0.030114632099866867,
            0.0010126682464033365
        ],
        [
            0.01166608091443777,
            -0.03264055401086807,
            -0.004054542630910873
        ],
        [
            0.008762914687395096,
            -0.03245098888874054,
            -0.0026258244179189205
        ],
        [
            0.0047983587719500065,
            -0.02891625091433525,
            0.0010535316541790962
        ],
        [
            0.011515581980347633,
            0.005525249522179365,
            0.0021246951073408127
        ],
        [
            0.01783357933163643,
            0.0076930830255150795,
            0.0014119939878582954
        ],
        [
            0.018448852002620697,
            -0.02799627184867859,
            0.020048825070261955
        ],
        [
            0.023611171171069145,
            -0.04057135805487633,
            0.02010883204638958
        ],
        [
            0.03483172506093979,
            -0.03806228190660477,
            0.01886775903403759
        ],
        [
            0.0340983048081398,
            -0.0006431536749005318,
            -0.0014816364273428917
        ],
        [
            0.02371043711900711,
            -0.001887347549200058,
            -0.0005571106448769569
        ],
        [
            0.02383042685687542,
            0.002215924672782421,
            -0.00016398169100284576
        ],
        [
            0.020958270877599716,
            -0.02396690472960472,
            -0.004389552399516106
        ],
        [
            0.014098769053816795,
            -0.027437347918748856,
            -0.003100934438407421
        ],
        [
            0.01595499739050865,
            -0.022472819313406944,
            -0.0017913104966282845
        ],
        [
            0.022212864831089973,
            -0.018696295097470284,
            -0.0029566241428256035
        ],
        [
            0.057580336928367615,
            0.03507981821894646,
            0.014625776559114456
        ],
        [
            0.05667541176080704,
            0.038523174822330475,
            0.0036073802039027214
        ],
        [
            -0.01754898391664028,
            -0.04687383770942688,
            -0.00800576712936163
        ],
        [
            -0.013471017591655254,
            -0.04743388295173645,
            -0.006366406567394733
        ],
        [
            0.04534248262643814,
            0.0014220774173736572,
            -0.00240399781614542
        ],
        [
            0.04861419275403023,
            -0.034372035413980484,
            0.017222024500370026
        ],
        [
            0.05616107955574989,
            0.004328916780650616,
            -0.004709427244961262
        ],
        [
            0.0169137604534626,
            0.01368609257042408,
            0.020009998232126236
        ],
        [
            0.014939280226826668,
            0.017096783965826035,
            0.01340424083173275
        ],
        [
            0.009597016498446465,
            0.014851600863039494,
            0.011354654096066952
        ],
        [
            0.00850742869079113,
            0.0125497467815876,
            0.01670362800359726
        ],
        [
            -0.010035967454314232,
            -0.029250022023916245,
            0.0002630222588777542
        ],
        [
            -0.009441463276743889,
            -0.031573858112096786,
            -0.00495325168594718
        ],
        [
            -0.01372141670435667,
            -0.031755730509757996,
            -0.0058496808633208275
        ],
        [
            -0.015059069730341434,
            -0.02971065044403076,
            -0.0006286082789301872
        ],
        [
            0.014155600219964981,
            -0.03752683848142624,
            -0.006054192781448364
        ],
        [
            0.016701851040124893,
            -0.04349265992641449,
            -0.005651338491588831
        ],
        [
            0.009770296514034271,
            -0.042860403656959534,
            -0.005488287191838026
        ],
        [
            0.008951515890657902,
            -0.037080440670251846,
            -0.004759649280458689
        ],
        [
            0.01563156023621559,
            -0.04802633076906204,
            -0.0011663514887914062
        ],
        [
            0.009095129556953907,
            -0.04785328358411789,
            -0.0017233977559953928
        ],
        [
            -0.01103128306567669,
            -0.03093048185110092,
            0.006394379772245884
        ],
        [
            -0.011857281439006329,
            -0.037009820342063904,
            0.010646315291523933
        ],
        [
            0.002595418132841587,
            -0.03530058637261391,
            0.01398906484246254
        ],
        [
            0.001515236683189869,
            -0.030287789180874825,
            0.007828230038285255
        ],
        [
            0.06743644177913666,
            0.009514665231108665,
            0.02746621146798134
        ],
        [
            0.06783939898014069,
            0.02042360231280327,
            0.025316648185253143
        ],
        [
            0.05293571949005127,
            0.019310880452394485,
            0.024009007960557938
        ],
        [
            0.03828681260347366,
            0.018724489957094193,
            0.02387867495417595
        ],
        [
            0.024632245302200317,
            0.0172033179551363,
            0.022671587765216827
        ],
        [
            0.023397790268063545,
            0.0058181267231702805,
            0.02727571688592434
        ],
        [
            0.05470073223114014,
            0.026928089559078217,
            0.021800175309181213
        ],
        [
            0.009524143300950527,
            -0.0276226457208395,
            0.009057203307747841
        ],
        [
            0.012637071311473846,
            -0.033724095672369,
            0.015813633799552917
        ],
        [
            0.012002723291516304,
            -0.028071843087673187,
            0.015256217680871487
        ],
        [
            0.055458489805459976,
            0.011576775461435318,
            -0.006223635748028755
        ],
        [
            -0.008977893739938736,
            -0.048328813165426254,
            -0.004246741533279419
        ],
        [
            0.10258574038743973,
            -0.016586223617196083,
            0.022447863593697548
        ],
        [
            0.09959729015827179,
            -0.0050833504647016525,
            0.028917867690324783
        ],
        [
            0.0918615311384201,
            -0.008809678256511688,
            0.02718011848628521
        ],
        [
            0.09504854679107666,
            -0.021661516278982162,
            0.01898544281721115
        ],
        [
            -0.008404155261814594,
            -0.03742656484246254,
            -0.00833581481128931
        ],
        [
            -0.008144663646817207,
            -0.043696820735931396,
            -0.00839353445917368
        ],
        [
            0.016454316675662994,
            0.014096156693994999,
            0.0015644682571291924
        ],
        [
            0.01105189323425293,
            0.01122893113642931,
            0.0026576612144708633
        ],
        [
            0.009377337992191315,
            0.013869306072592735,
            0.004729483742266893
        ],
        [
            0.01322865393012762,
            0.01844169944524765,
            0.0024260058999061584
        ],
        [
            0.06945675611495972,
            0.02580966055393219,
            0.02344457060098648
        ],
        [
            0.023515621200203896,
            0.03543100878596306,
            0.012219416908919811
        ],
        [
            0.02314656414091587,
            0.02844110317528248,
            0.020073292776942253
        ],
        [
            0.08086276799440384,
            0.020966405048966408,
            0.026510998606681824
        ],
        [
            0.08065173774957657,
            0.011529497802257538,
            0.029041610658168793
        ],
        [
            0.09010893106460571,
            0.013572821393609047,
            0.03012489713728428
        ],
        [
            0.016500895842909813,
            -0.0075998432002961636,
            0.024456147104501724
        ],
        [
            0.0651642382144928,
            0.0011839978396892548,
            0.028018470853567123
        ],
        [
            0.07935800403356552,
            0.003997979685664177,
            0.028994658961892128
        ],
        [
            0.09059838950634003,
            0.006081782281398773,
            0.030321964994072914
        ],
        [
            0.09849867224693298,
            0.008222825825214386,
            0.03190089017152786
        ],
        [
            0.09715654700994492,
            0.01623658835887909,
            0.03137146309018135
        ],
        [
            -0.012056495063006878,
            -0.04276283085346222,
            0.009428305551409721
        ],
        [
            -0.01763029955327511,
            -0.03704138845205307,
            0.008466380648314953
        ],
        [
            0.10504522919654846,
            0.01951168105006218,
            0.034462422132492065
        ],
        [
            0.1063024252653122,
            0.010328937321901321,
            0.03423602506518364
        ],
        [
            0.07882318645715714,
            -0.0051200855523347855,
            0.0279304850846529
        ],
        [
            0.07848222553730011,
            -0.01629573106765747,
            0.024902036413550377
        ],
        [
            0.06509770452976227,
            -0.007426464930176735,
            0.026825789362192154
        ],
        [
            0.06357629597187042,
            -0.018617965281009674,
            0.02408052608370781
        ],
        [
            0.019583631306886673,
            -0.017240121960639954,
            0.02814355120062828
        ],
        [
            -0.03400640934705734,
            -0.03402150422334671,
            1.6442500054836273e-05
        ],
        [
            -0.023290453478693962,
            -0.03264573588967323,
            0.0039150770753622055
        ],
        [
            -0.021197881549596786,
            -0.030379952862858772,
            -0.0009667882695794106
        ],
        [
            -0.032526109367609024,
            -0.030988210812211037,
            -0.002621319144964218
        ],
        [
            -0.0164794921875,
            -0.031423456966876984,
            0.004834075924009085
        ],
        [
            -0.02333315834403038,
            -0.03784026578068733,
            0.006361356470733881
        ],
        [
            0.06401843577623367,
            -0.03167745843529701,
            0.016118310391902924
        ],
        [
            0.009976181201636791,
            -0.024901505559682846,
            0.0002876543439924717
        ],
        [
            0.0809493362903595,
            -0.030639059841632843,
            0.013245983980596066
        ],
        [
            0.05935255438089371,
            -0.04477986320853233,
            0.004450559616088867
        ],
        [
            0.07192234694957733,
            -0.04335559904575348,
            -0.00010865693911910057
        ],
        [
            0.09833577275276184,
            -0.030227087438106537,
            0.008322281762957573
        ],
        [
            0.08799690753221512,
            -0.04003717377781868,
            -0.0024603605270385742
