{
    "pred_cam": [
        5.2595109939575195,
        -0.04217631369829178,
        0.004061605781316757
    ],
    "pred_mano_params": {
        "global_orient": [
            [
                [
                    0.9503218531608582,
                    0.11119620501995087,
                    0.29072949290275574
                ],
                [
                    0.30531933903694153,
                    -0.15125912427902222,
                    -0.9401599168777466
                ],
                [
                    -0.06056671589612961,
                    0.9822199940681458,
                    -0.17769519984722137
                ]
            ]
        ],
        "hand_pose": [
            [
                [
                    0.9383363127708435,
                    -0.2502012550830841,
                    -0.23858805000782013
                ],
                [
                    0.23793290555477142,
                    0.9680315256118774,
                    -0.07939042150974274
                ],
                [
                    0.25082436203956604,
                    0.01772695779800415,
                    0.9678702354431152
                ]
            ],
            [
                [
                    0.9419460892677307,
                    -0.3210724890232086,
                    0.09823427349328995
                ],
                [
                    0.3349612355232239,
                    0.9187971353530884,
                    -0.20883670449256897
                ],
                [
                    -0.023205643519759178,
                    0.22961761057376862,
                    0.9730042219161987
                ]
            ],
            [
                [
                    0.9573423862457275,
                    -0.28449392318725586,
                    0.050584133714437485
                ],
                [
                    0.28415149450302124,
                    0.958677351474762,
                    0.01398796122521162
                ],
                [
                    -0.05247335135936737,
                    0.0009822905994951725,
                    0.9986218214035034
                ]
            ],
            [
                [
                    0.8124971985816956,
                    -0.5733222365379333,
                    -0.10559293627738953
                ],
                [
                    0.5798298716545105,
                    0.8135204315185547,
                    0.04451762139797211
                ],
                [
                    0.06037906929850578,
                    -0.0973963811993599,
                    0.993412435054779
                ]
            ],
            [
                [
                    0.8971102833747864,
                    -0.42101579904556274,
                    -0.13393598794937134
                ],
                [
                    0.4408620297908783,
                    0.8728787899017334,
                    0.20910117030143738
                ],
                [
                    0.028874997049570084,
                    -0.2466341108083725,
                    0.9686784148216248
                ]
            ],
            [
                [
                    0.9394605159759521,
                    -0.338371604681015,
                    0.05402441695332527
                ],
                [
                    0.33961883187294006,
                    0.940433919429779,
                    -0.015592209994792938
                ],
                [
                    -0.04553043469786644,
                    0.03299597650766373,
                    0.9984179139137268
                ]
            ],
            [
                [
                    0.8282119631767273,
                    -0.4988972842693329,
                    0.2552773952484131
                ],
                [
                    0.4264035224914551,
                    0.8565733432769775,
                    0.2906237542629242
                ],
                [
                    -0.3636552095413208,
                    -0.13184688985347748,
                    0.9221558570861816
                ]
            ],
            [
                [
                    0.9614953994750977,
                    -0.25268587470054626,
                    -0.10805764049291611
                ],
                [
                    0.26567837595939636,
                    0.9552172422409058,
                    0.13028842210769653
                ],
                [
                    0.07029647380113602,
                    -0.1539802998304367,
                    0.9855701327323914
                ]
            ],
            [
                [
                    0.9985364675521851,
                    0.012156871147453785,
                    0.05269891023635864
                ],
                [
                    -0.036364782601594925,
                    0.872175395488739,
                    0.48783984780311584
                ],
                [
                    -0.04003208130598068,
                    -0.4890422523021698,
                    0.8713410496711731
                ]
            ],
            [
                [
                    0.7601350545883179,
                    -0.6491199135780334,
                    0.028949448838829994
                ],
                [
                    0.6477190852165222,
                    0.7605218887329102,
                    0.045458052307367325
                ],
                [
                    -0.05152441933751106,
                    -0.015803148970007896,
                    0.9985467195510864
                ]
            ],
            [
                [
                    0.9442772269248962,
                    -0.3172246813774109,
                    -0.0878015086054802
                ],
                [
                    0.3264814615249634,
                    0.8687723875045776,
                    0.37234973907470703
                ],
                [
                    -0.04183902218937874,
                    -0.3802669048309326,
                    0.9239299893379211
                ]
            ],
            [
                [
                    0.9064725041389465,
                    -0.4025578200817108,
                    0.127494677901268
                ],
                [
                    0.37804871797561646,
                    0.9081849455833435,
                    0.17966412007808685
                ],
                [
                    -0.1881139576435089,
                    -0.11466137319803238,
                    0.9754311442375183
                ]
            ],
            [
                [
                    0.9912744164466858,
                    -0.11622955650091171,
                    -0.06217449903488159
                ],
                [
                    0.011308299377560616,
                    0.544930636882782,
                    -0.8384048342704773
                ],
                [
                    0.13132819533348083,
                    0.830386221408844,
                    0.5414901375770569
                ]
            ],
            [
                [
                    0.9395923018455505,
                    -0.3378109931945801,
                    -0.05522758886218071
                ],
                [
                    0.3315589725971222,
                    0.8581026792526245,
                    0.3920822739601135
                ],
                [
                    -0.08505874872207642,
                    -0.38670867681503296,
                    0.9182709455490112
                ]
            ],
            [
                [
                    0.9384763836860657,
                    -0.3366643488407135,
                    -0.0769367516040802
                ],
                [
                    0.2666041851043701,
                    0.8478996157646179,
                    -0.4582449495792389
                ],
                [
                    0.21950939297676086,
                    0.4095403552055359,
                    0.8854898810386658
                ]
            ]
        ],
        "betas": [
            0.0013744235038757324,
            -0.1574704647064209,
            -0.10670514404773712,
            -0.02462884783744812,
            -0.02468663454055786,
            0.02897726371884346,
            0.04944857954978943,
            -0.0963049829006195,
            0.016158387064933777,
            -0.0797734260559082
        ]
    },
    "pred_cam_t": [
        -0.04217631369829178,
        0.004061605781316757,
        7.427021503448486
    ],
    "focal_length": [
        5000.0,
        5000.0
    ],
    "pred_keypoints_3d": [
        [
            0.09580568969249725,
            0.006380298174917698,
            0.006240467540919781
        ],
        [
            0.07873556017875671,
            -0.02279742807149887,
            -0.012067007832229137
        ],
        [
            0.05971626937389374,
            -0.036476485431194305,
            -0.03199237585067749
        ],
        [
            0.03908912092447281,
            -0.04126777499914169,
            -0.048949260264635086
        ],
        [
            0.01783820055425167,
            -0.035591840744018555,
            -0.07604581117630005
        ],
        [
            0.017466574907302856,
            -0.0389903262257576,
            0.002850309945642948
        ],
        [
            -0.01539936289191246,
            -0.04258224740624428,
            0.0019023844506591558
        ],
        [
            -0.0346541702747345,
            -0.04092468321323395,
            -0.009134707972407341
        ],
        [
            -0.05369199439883232,
            -0.03781864419579506,
            -0.02552643232047558
        ],
        [
            0.004615768790245056,
            -0.01905651018023491,
            0.01110134832561016
        ],
        [
            -0.024010369554162025,
            -0.017272865399718285,
            -0.002536955289542675
        ],
        [
            -0.0356648713350296,
            -0.012747365050017834,
            -0.022235363721847534
        ],
        [
            -0.04531435668468475,
            -0.00943400152027607,
            -0.04604709893465042
        ],
        [
            0.009804606437683105,
            0.007055939175188541,
            0.012043041177093983
        ],
        [
            -0.01511094905436039,
            0.0059636798687279224,
            -0.002639404498040676
        ],
        [
            -0.026849521324038506,
            0.010745739564299583,
            -0.02403987944126129
        ],
        [
            -0.03428569436073303,
            0.010807955637574196,
            -0.04825645685195923
        ],
        [
            0.016612105071544647,
            0.02738940343260765,
            0.00834989920258522
        ],
        [
            -0.0026634782552719116,
            0.028723087161779404,
            -0.00030114222317934036
        ],
        [
            -0.016361359506845474,
            0.031626347452402115,
            -0.013155398890376091
        ],
        [
            -0.030503472313284874,
            0.03219367936253548,
            -0.03027036413550377
        ]
    ],
    "pred_vertices": [
        [
            0.051082782447338104,
            -0.02107137069106102,
            -0.01072821393609047
        ],
        [
            0.06062156707048416,
            -0.01642216183245182,
            -0.012810330837965012
        ],
        [
            0.05535788834095001,
            -0.021951686590909958,
            -0.018943920731544495
        ],
        [
            0.04713059961795807,
            -0.027923205867409706,
            -0.015461754985153675
        ],
        [
            0.07403242588043213,
            -0.014419473707675934,
            -0.029003754258155823
        ],
        [
            0.08387288451194763,
            -0.021199937909841537,
            -0.03168162330985069
        ],
        [
            0.0713445246219635,
            -0.028009623289108276,
            -0.03901830315589905
        ],
        [
            0.06512891501188278,
            -0.020263072103261948,
            -0.03626379743218422
        ],
        [
            0.04372197762131691,
            -0.03368643671274185,
            -0.01813609153032303
        ],
        [
            0.05078910291194916,
            -0.0263203252106905,
            -0.023930929601192474
        ],
        [
            0.04394801706075668,
            -0.03703987970948219,
            -0.017766403034329414
        ],
        [
            0.038731224834918976,
            -0.044946081936359406,
            -0.005824417341500521
        ],
        [
            0.037924446165561676,
            -0.040208760648965836,
            -0.010364719666540623
        ],
        [
            0.03246445953845978,
            -0.0475003644824028,
            0.00015736382920295
        ],
        [
            0.04598919302225113,
            -0.046171870082616806,
            0.0022256397642195225
        ],
        [
            0.033061880618333817,
            -0.04583195596933365,
            0.009608478285372257
        ],
        [
            0.04876607656478882,
            -0.02397307939827442,
            0.022515248507261276
        ],
        [
            0.04855908453464508,
            -0.010666136629879475,
            0.025456665083765984
        ],
        [
            0.031768281012773514,
            -0.013752125203609467,
            0.026328841224312782
        ],
        [
            0.033708952367305756,
            -0.026757225394248962,
            0.022341687232255936
        ],
        [
            0.0364539660513401,
            0.006409146822988987,
            0.02513834834098816
        ],
        [
            0.03289279341697693,
            -0.0047832150012254715,
            0.026047974824905396
        ],
        [
            0.04984995350241661,
            -0.001819775439798832,
            0.026347048580646515
        ],
        [
            0.052129052579402924,
            0.008085813373327255,
            0.025359459221363068
        ],
        [
            0.0559023842215538,
            -0.00662347674369812,
            -0.005677707027643919
        ],
        [
            0.06576115638017654,
            -0.0027813296765089035,
            -0.007062442600727081
        ],
        [
            0.06445398926734924,
            -0.008499229326844215,
            -0.007695818319916725
        ],
        [
            0.055161911994218826,
            -0.012055914849042892,
            -0.006872368045151234
        ],
        [
            0.04820065572857857,
            -0.0427926629781723,
            -0.025799164548516273
        ],
        [
            0.05573626607656479,
            -0.04598117247223854,
            -0.013613268733024597
        ],
        [
            0.0484137125313282,
            -0.042827654629945755,
            -0.013729860074818134
        ],
        [
            0.04561813920736313,
            -0.038201551884412766,
            -0.027429085224866867
        ],
        [
            0.087836854159832,
            0.01487746462225914,
            -0.014848794788122177
        ],
        [
            0.10047691315412521,
            0.015365131199359894,
            -0.01005310658365488
        ],
        [
            0.10155196487903595,
            0.009556008502840996,
            -0.010379273444414139
        ],
        [
            0.08971451222896576,
            0.010253449901938438,
            -0.014120628125965595
        ],
        [
            0.09871853142976761,
            -0.010457281023263931,
            -0.018619410693645477
        ],
        [
            0.10616756230592728,
            -0.007853236049413681,
            -0.011878804303705692
        ],
        [
            0.11387216299772263,
            -0.016790632158517838,
            -0.005557496566325426
        ],
        [
            0.1060698851943016,
            -0.021949592977762222,
            -0.010111423209309578
        ],
        [
            0.0909704864025116,
            -0.01566457748413086,
            -0.02569338120520115
        ],
        [
            0.09808394312858582,
            -0.025953112170100212,
            -0.01999695599079132
        ],
        [
            0.08901522308588028,
            -0.030835647135972977,
            -0.027806121855974197
        ],
        [
            0.07465916126966476,
            -0.03647886589169502,
            -0.036936741322278976
        ],
        [
            0.098455049097538,
            0.027416136115789413,
            -0.006164629012346268
        ],
        [
            0.0889618992805481,
            0.028893284499645233,
            -0.009601648896932602
        ],
        [
            -0.016061225906014442,
            -0.044925201684236526,
            -0.00983409397304058
        ],
        [
            -0.01722029224038124,
            -0.03917950391769409,
            -0.009672896936535835
        ],
        [
            -0.012428858317434788,
            -0.039300013333559036,
            -0.009070159867405891
        ],
        [
            -0.012262863107025623,
            -0.04504154622554779,
            -0.009087718091905117
        ],
        [
            0.0898936465382576,
            0.035103537142276764,
            0.01043657585978508
        ],
        [
            0.08982016891241074,
            0.03230290114879608,
            0.02010534517467022
        ],
        [
            0.09650490432977676,
            0.034807413816452026,
            0.018626810982823372
        ],
        [
            0.09735499322414398,
            0.035666078329086304,
            0.009324392303824425
        ],
        [
            0.08003226667642593,
            0.03424690663814545,
            0.011810715310275555
        ],
        [
            0.08058115839958191,
            0.02845069207251072,
            0.021456759423017502
        ],
        [
            -0.020341936498880386,
            -0.050498854368925095,
            0.0007355827838182449
        ],
        [
            -0.018674137070775032,
            -0.05116664618253708,
            -0.0040542688220739365
        ],
        [
            -0.014425378292798996,
            -0.05146629735827446,
            -0.0014930865727365017
        ],
        [
            -0.015384793281555176,
            -0.049984320998191833,
            0.0034667092841118574
        ],
        [
            0.039487794041633606,
            -0.03343980014324188,
            -0.011744135059416294
        ],
        [
            0.0421270877122879,
            -0.024715296924114227,
            -0.010044222697615623
        ],
        [
            0.02171889878809452,
            -0.037372294813394547,
            -0.008112972602248192
        ],
        [
            0.03005119040608406,
            -0.031428974121809006,
            -0.007830868475139141
        ],
        [
            0.032064106315374374,
            -0.03825787827372551,
            -0.008433198556303978
        ],
        [
            0.02500372752547264,
            -0.04280191659927368,
            -0.007069310639053583
        ],
        [
            0.03333648666739464,
            -0.008474952541291714,
            -0.002675517462193966
        ],
        [
            0.04484281316399574,
            -0.006135947071015835,
            -0.0034203017130494118
        ],
        [
            0.04360012337565422,
            -0.012568471021950245,
            -0.00441158888861537
        ],
        [
            0.03121911734342575,
            -0.016617922112345695,
            -0.004622437059879303
        ],
        [
            0.04486699029803276,
            0.007970296777784824,
            -0.004009316675364971
        ],
        [
            0.03355877101421356,
            0.004464210942387581,
            -0.0027775727212429047
        ],
        [
            0.03486216813325882,
            0.012868045829236507,
            -0.003260320983827114
        ],
        [
            0.042626552283763885,
            0.014004465192556381,
            -0.005025750026106834
        ],
        [
            0.015202805399894714,
            -0.004714164417237043,
            -0.00016249949112534523
        ],
        [
            0.008782729506492615,
            -0.006876964122056961,
            0.0011461027897894382
        ],
        [
            0.008117482997477055,
            -0.003718278370797634,
            0.0008921939879655838
        ],
        [
            0.015622807666659355,
            -0.0011750059202313423,
            0.00028417352586984634
        ],
        [
            0.10332650691270828,
            0.03666779771447182,
            0.01822727546095848
        ],
        [
            0.10458308458328247,
            0.03527979925274849,
            0.008616047911345959
        ],
        [
            0.04015147313475609,
            0.0270698145031929,
            0.020114457234740257
        ],
        [
            0.04423432797193527,
            0.03443678840994835,
            0.012883703224360943
        ],
        [
            0.03143640607595444,
            0.03500517085194588,
            0.012541650794446468
        ],
        [
            0.030355829745531082,
            0.02698410674929619,
            0.020759541541337967
        ],
        [
            0.08943995088338852,
            0.024255448952317238,
            0.026608120650053024
        ],
        [
            0.09592200815677643,
            0.028653867542743683,
            0.026518812403082848
        ],
        [
            -0.022185422480106354,
            -0.046130843460559845,
            0.0046727778390049934
        ],
        [
            -0.016827527433633804,
            -0.04519464448094368,
            0.006832773797214031
        ],
        [
            0.09078431129455566,
            -0.03795722872018814,
            -0.016120564192533493
        ],
        [
            0.07488837838172913,
            -0.04369645565748215,
            -0.029981400817632675
        ],
        [
            0.10137379169464111,
            -0.031156042590737343,
            -0.005868910346180201
        ],
        [
            0.1078125536441803,
            -0.025430193170905113,
            0.0015103602781891823
        ],
        [
            0.1149061769247055,
            -0.0215301476418972,
            0.005502841901034117
        ],
        [
            0.02533632516860962,
            -0.026692098006606102,
            -0.0067682890221476555
        ],
        [
            0.04658852145075798,
            -0.01700318232178688,
            -0.00710661755874753
        ],
        [
            0.05620061978697777,
            -0.0015248935669660568,
            -0.005299719516187906
        ],
        [
            0.05152308568358421,
            0.02865864709019661,
            -0.008065735921263695
        ],
        [
            0.06190939620137215,
            0.03031848557293415,
            -0.009464072994887829
        ],
        [
            0.05912564694881439,
            0.020171571522951126,
            -0.01085224561393261
        ],
        [
            0.050620269030332565,
            0.02076733484864235,
            -0.008684994652867317
        ],
        [
            0.043712809681892395,
            0.03694017603993416,
            0.003369692713022232
        ],
        [
            0.04180886596441269,
            0.032881058752536774,
            -0.0031514111906290054
        ],
        [
            0.03284408152103424,
            0.03181324899196625,
            -0.0020424965769052505
        ],
        [
            0.033117953687906265,
            0.03618662804365158,
            0.003876497969031334
        ],
        [
            0.052738454192876816,
            -0.04824640974402428,
            -0.028473926708102226
        ],
        [
            0.06276828050613403,
            -0.04836626350879669,
            -0.015087084844708443
        ],
        [
            0.09036815166473389,
            0.03422388806939125,
            -9.853672236204147e-05
        ],
        [
            0.09797905385494232,
            0.032493237406015396,
            -0.0002748556435108185
        ],
        [
            0.10622124373912811,
            0.03222394362092018,
            0.0017026560381054878
        ],
        [
            0.07713791728019714,
            0.004875820130109787,
            -0.01158326119184494
        ],
        [
            0.0910402312874794,
            0.007037753239274025,
            -0.013720198534429073
        ],
        [
            0.0909443274140358,
            0.002835778519511223,
            -0.014463761821389198
        ],
        [
            0.07700440287590027,
            0.001548847183585167,
            -0.010477286763489246
        ],
        [
            0.07019000500440598,
            -0.010170329362154007,
            -0.01673068478703499
        ],
        [
            0.08239469677209854,
            -0.007732763886451721,
            -0.021478954702615738
        ],
        [
            0.06306887418031693,
            -0.01465611532330513,
            -0.02386956848204136
        ],
        [
            0.10470423102378845,
            0.002055579796433449,
            -0.010770720429718494
        ],
        [
            0.11171417683362961,
            0.01032266765832901,
            -0.009123507887125015
        ],
        [
            0.11390809714794159,
            0.0017046742141246796,
            -0.008943481370806694
        ],
        [
            0.10986538976430893,
            0.01965205930173397,
            -0.006800230126827955
        ],
        [
            0.1078854650259018,
            0.027585789561271667,
            -0.0033013448119163513
        ],
        [
            0.10322573781013489,
            0.03207559138536453,
            0.02921939827501774
        ],
        [
            0.11498653143644333,
            -0.006434295326471329,
            -0.0074508232064545155
        ],
        [
            0.05885887145996094,
            -0.025308575481176376,
            -0.040436141192913055
        ],
        [
            0.053662605583667755,
            -0.029646776616573334,
            -0.04443256929516792
        ],
        [
            0.04867454618215561,
            -0.027971414849162102,
            -0.03861425071954727
        ],
        [
            0.05297528952360153,
            -0.023925548419356346,
            -0.03428249806165695
        ],
        [
            0.023627854883670807,
            -0.04949478432536125,
            0.004320883192121983
        ],
        [
            0.02420436590909958,
            -0.047552689909935,
            -0.003182609099894762
        ],
        [
            0.03352858126163483,
            -0.04468054696917534,
            -0.00610645255073905
        ],
        [
            0.07669070363044739,
            0.018122248351573944,
            -0.014220794662833214
        ],
        [
            0.07815025001764297,
            0.02989700436592102,
            -0.010009720921516418
        ],
        [
            0.016988098621368408,
            -0.032771654427051544,
            -0.006474190391600132
        ],
        [
            -0.011052640154957771,
            -0.049599163234233856,
            0.00611497787758708
        ],
        [
            -0.0098184859380126,
            -0.051504965871572495,
            0.0006901005981490016
        ],
        [
            0.007596130017191172,
            -0.05074714869260788,
            0.0037678400985896587
        ],
        [
            0.005516595672816038,
            -0.0487515851855278,
            0.009882917627692223
        ],
        [
            0.007944303564727306,
            -0.03095860965549946,
            0.00019522709771990776
        ],
        [
            0.011610373854637146,
            -0.03353417292237282,
            -0.004793229512870312
        ],
        [
            0.00863022729754448,
            -0.03349410742521286,
            -0.0033115078695118427
        ],
        [
            0.004568957723677158,
            -0.030005954205989838,
            0.00029214960522949696
        ],
        [
            0.01158246397972107,
            0.004879974760115147,
            0.0006831628270447254
        ],
        [
            0.017964623868465424,
            0.007070156745612621,
            5.9235841035842896e-05
        ],
        [
            0.018394820392131805,
            -0.02826099842786789,
            0.01917940005660057
        ],
        [
            0.023780185729265213,
            -0.040718402713537216,
            0.0193711519241333
        ],
        [
            0.03480544313788414,
            -0.038185518234968185,
            0.018105607479810715
        ],
        [
            0.03429677337408066,
            -0.0010922225192189217,
            -0.0023907567374408245
        ],
        [
            0.023889388889074326,
            -0.002401774749159813,
            -0.0016328152269124985
        ],
        [
            0.023991869762539864,
            0.001703423447906971,
            -0.0012879176065325737
        ],
        [
            0.021202927455306053,
            -0.02451331540942192,
            -0.00525896018370986
        ],
        [
            0.01416783407330513,
            -0.02809165045619011,
            -0.004012594930827618
        ],
        [
            0.016167104244232178,
            -0.023087598383426666,
            -0.0027260510250926018
        ],
        [
            0.022481052204966545,
            -0.019232938066124916,
            -0.0038451249711215496
        ],
        [
            0.057319700717926025,
            0.03496544063091278,
            0.013680783100426197
        ],
        [
            0.056601498275995255,
            0.038255173712968826,
            0.0025919536128640175
        ],
        [
            -0.016866322606801987,
            -0.04919162020087242,
            -0.00786972139030695
        ],
        [
            -0.012959107756614685,
            -0.0495167002081871,
            -0.0061989109963178635
        ],
        [
            0.04555799812078476,
            0.0010289018973708153,
            -0.003149526659399271
        ],
        [
            0.04849725589156151,
            -0.03451359644532204,
            0.01663343794643879
        ],
        [
            0.056414391845464706,
            0.003975924104452133,
            -0.00530663039535284
        ],
        [
            0.01665629632771015,
            0.013440988957881927,
            0.01853640377521515
        ],
        [
            0.014735335484147072,
            0.016788441687822342,
            0.011723635718226433
        ],
        [
            0.009589111432433128,
            0.014535725116729736,
            0.009680962190032005
        ],
        [
            0.008415870368480682,
            0.012347028590738773,
            0.015085851773619652
        ],
        [
            -0.01025669276714325,
            -0.03093622624874115,
            -0.00037452043034136295
        ],
        [
            -0.009569009765982628,
            -0.03336705267429352,
            -0.005503450054675341
        ],
        [
            -0.013720151968300343,
            -0.033849045634269714,
            -0.006324642803519964
        ],
        [
            -0.015234327875077724,
            -0.031666889786720276,
            -0.0011942312121391296
        ],
        [
            0.014227170497179031,
            -0.038421630859375,
            -0.006649969611316919
        ],
        [
            0.01694299466907978,
            -0.044313885271549225,
            -0.006107839290052652
        ],
        [
            0.009960692375898361,
            -0.04394931718707085,
            -0.005845777690410614
        ],
        [
            0.008962737396359444,
            -0.03818289563059807,
            -0.005292036570608616
        ],
        [
            0.015979431569576263,
            -0.04879191890358925,
            -0.0014870641753077507
        ],
        [
            0.009469151496887207,
            -0.04885594919323921,
            -0.0019212882034480572
        ],
        [
            -0.011268163099884987,
            -0.03242902830243111,
            0.0058094896376132965
        ],
        [
            -0.011985018849372864,
            -0.03837999328970909,
            0.01026199385523796
        ],
        [
            0.0026385225355625153,
            -0.03608191758394241,
            0.013419227674603462
        ],
        [
            0.0013825725764036179,
            -0.03131382539868355,
            0.0071473256684839725
        ],
        [
            0.06708510965108871,
            0.009606731124222279,
            0.026947177946567535
        ],
        [
            0.06747137755155563,
            0.020498694851994514,
            0.024685248732566833
        ],
        [
            0.05258253961801529,
            0.019282853230834007,
            0.023155013099312782
        ],
        [
            0.03791775181889534,
            0.018610121682286263,
            0.02279157191514969
        ],
        [
            0.024284904822707176,
            0.016988277435302734,
            0.02135426178574562
        ],
        [
            0.023029286414384842,
            0.005674703512340784,
            0.026095431298017502
        ],
        [
            0.054351165890693665,
            0.026881827041506767,
            0.020890982821583748
        ],
        [
            0.009380241855978966,
            -0.028198985382914543,
            0.008183877915143967
        ],
        [
            0.012625688686966896,
            -0.03413323312997818,
            0.015050658024847507
        ],
        [
            0.01181100681424141,
            -0.028450142592191696,
            0.014367707073688507
        ],
        [
            0.055708300322294235,
            0.01120167039334774,
            -0.006909294985234737
        ],
        [
            -0.008532128296792507,
            -0.050090208649635315,
            -0.004243333823978901
        ],
        [
            0.1023600623011589,
            -0.016437413170933723,
            0.022820591926574707
        ],
        [
            0.09925266355276108,
            -0.004822874441742897,
            0.029111383482813835
        ],
        [
            0.09156998246908188,
            -0.008603783324360847,
            0.027283379808068275
        ],
        [
            0.09487000852823257,
            -0.021641109138727188,
            0.019255174323916435
        ],
        [
            -0.008340040221810341,
            -0.03927459195256233,
            -0.008702421560883522
        ],
        [
            -0.007836892269551754,
            -0.04555145651102066,
            -0.008549844846129417
        ],
        [
            0.016607537865638733,
            0.013485582545399666,
            5.812011659145355e-05
        ],
        [
            0.011189345270395279,
            0.010629436001181602,
            0.0010954835452139378
        ],
        [
            0.009534036740660667,
            0.013394443318247795,
            0.003092520870268345
        ],
        [
            0.013378201052546501,
            0.017909971997141838,
            0.0007271249778568745
        ],
        [
            0.06909731030464172,
            0.025883717462420464,
            0.022788487374782562
        ],
        [
            0.02341359481215477,
            0.03520512208342552,
            0.01047845371067524
        ],
        [
            0.02277303859591484,
            0.02827501855790615,
            0.01848977990448475
        ],
        [
            0.08047479391098022,
            0.021131005138158798,
            0.02608346939086914
        ],
        [
            0.08026589453220367,
            0.011714228428900242,
            0.028714757412672043
        ],
        [
            0.08969271183013916,
            0.013818956911563873,
            0.029916983097791672
        ],
        [
            0.016243552789092064,
            -0.007807836402207613,
            0.023296905681490898
        ],
        [
            0.06484495103359222,
            0.0012731291353702545,
            0.027561161667108536
        ],
        [
            0.07900676131248474,
            0.004176085814833641,
            0.028737638145685196
        ],
        [
            0.09020737558603287,
            0.006327204406261444,
            0.03022460825741291
        ],
        [
            0.09805984050035477,
            0.008525075390934944,
            0.03189238905906677
        ],
        [
            0.09669538587331772,
            0.016526468098163605,
            0.031239088624715805
        ],
        [
            -0.011991534382104874,
            -0.044220153242349625,
            0.00927676074206829
        ],
        [
            -0.01785942167043686,
            -0.03867527097463608,
            0.008166559040546417
        ],
        [
            0.10450379550457001,
            0.019874332472682,
            0.034430209547281265
        ],
        [
            0.10579811036586761,
            0.010693732649087906,
            0.03434029966592789
        ],
        [
            0.07852868735790253,
            -0.004952732473611832,
            0.02777910977602005
        ],
        [
            0.07822605222463608,
            -0.01622661203145981,
            0.024825921282172203
        ],
        [
            0.06483586877584457,
            -0.00734648946672678,
            0.026471542194485664
        ],
        [
            0.06337983161211014,
            -0.018605465069413185,
            0.023798907175660133
        ],
        [
            0.01935267448425293,
            -0.01737414114177227,
            0.02720928192138672
        ],
        [
            -0.03367605060338974,
            -0.036351487040519714,
            -0.0010021021589636803
        ],
        [
            -0.023245278745889664,
            -0.03456227853894234,
            0.003161405213177204
        ],
        [
            -0.021063555032014847,
            -0.032511793076992035,
            -0.0017761019989848137
        ],
        [
            -0.032222967594861984,
            -0.03348067030310631,
            -0.003818514756858349
        ],
        [
            -0.016748305410146713,
            -0.03317931294441223,
            0.004317129962146282
        ],
        [
            -0.023252330720424652,
            -0.039630185812711716,
            0.005871403031051159
        ],
        [
            0.06386299431324005,
            -0.03181340545415878,
            0.01578562892973423
        ],
        [
            0.010010173544287682,
            -0.025657961145043373,
            -0.0006892960518598557
        ],
        [
            0.0807686448097229,
            -0.030810754746198654,
            0.013198125176131725
        ],
        [
            0.0593113973736763,
            -0.04480664059519768,
            0.0036913836374878883
        ],
        [
            0.07195895910263062,
            -0.04334171116352081,
            -0.0006127483211457729
        ],
        [
            0.0983281135559082,
            -0.03037312440574169,
            0.008640429005026817
        ],
        [
            0.08812940865755081,
            -0.040082138031721115,
