{
    "pred_cam": [
        8.734196662902832,
        -0.10212276130914688,
        -0.07238470017910004
    ],
    "pred_mano_params": {
        "global_orient": [
            [
                [
                    0.24436388909816742,
                    -0.8028690814971924,
                    0.5437716245651245
                ],
                [
                    -0.9221026301383972,
                    -0.36590197682380676,
                    -0.12586678564548492
                ],
                [
                    0.3000216484069824,
                    -0.4706559479236603,
                    -0.8297409415245056
                ]
            ]
        ],
        "hand_pose": [
            [
                [
                    0.7613651156425476,
                    -0.6137874126434326,
                    -0.20877839624881744
                ],
                [
                    0.6039438247680664,
                    0.7885618805885315,
                    -0.11585300415754318
                ],
                [
                    0.23574380576610565,
                    -0.037884026765823364,
                    0.9710766077041626
                ]
            ],
            [
                [
                    0.8565667271614075,
                    -0.4418216049671173,
                    0.26662155985832214
                ],
                [
                    0.494701623916626,
                    0.8500847220420837,
                    -0.18062759935855865
                ],
                [
                    -0.1468457132577896,
                    0.2866177260875702,
                    0.9467241764068604
                ]
            ],
            [
                [
                    0.7399269342422485,
                    -0.6724380850791931,
                    -0.01830773986876011
                ],
                [
                    0.6387410759925842,
                    0.7108637094497681,
                    -0.29441913962364197
                ],
                [
                    0.2109929472208023,
                    0.2061547338962555,
                    0.9555010199546814
                ]
            ],
            [
                [
                    0.7055251002311707,
                    -0.6942805647850037,
                    -0.14215798676013947
                ],
                [
                    0.706013023853302,
                    0.7059813737869263,
                    0.05599897354841232
                ],
                [
                    0.06148189678788185,
                    -0.13987405598163605,
                    0.9882587194442749
                ]
            ],
            [
                [
                    0.6304399967193604,
                    -0.7427794337272644,
                    -0.2254420667886734
                ],
                [
                    0.7750518321990967,
                    0.5862947702407837,
                    0.23569710552692413
                ],
                [
                    -0.04289546236395836,
                    -0.3233221769332886,
                    0.9453161954879761
                ]
            ],
            [
                [
                    0.8306992053985596,
                    -0.4317161440849304,
                    -0.3515109121799469
                ],
                [
                    0.49567297101020813,
                    0.8610050678253174,
                    0.11392349749803543
                ],
                [
                    0.2534700632095337,
                    -0.26887062191963196,
                    0.9292262196540833
                ]
            ],
            [
                [
                    0.4730839431285858,
                    -0.6412226557731628,
                    0.6041731238365173
                ],
                [
                    0.499064564704895,
                    0.7601768374443054,
                    0.416011780500412
                ],
                [
                    -0.7260345220565796,
                    0.10471293330192566,
                    0.6796389818191528
                ]
            ],
            [
                [
                    0.7203212976455688,
                    -0.6097779273986816,
                    -0.33061763644218445
                ],
                [
                    0.6936279535293579,
                    0.6303508281707764,
                    0.3486230671405792
                ],
                [
                    -0.004177558701485395,
                    -0.4804462790489197,
                    0.87701416015625
                ]
            ],
            [
                [
                    0.8352894186973572,
                    -0.549750804901123,
                    -0.008099191822111607
                ],
                [
                    0.5320152044296265,
                    0.804449200630188,
                    0.2642373740673065
                ],
                [
                    -0.13874931633472443,
                    -0.22502358257770538,
                    0.9644237160682678
                ]
            ],
            [
                [
                    0.690569281578064,
                    -0.6983695030212402,
                    0.1881333291530609
                ],
                [
                    0.695231556892395,
                    0.7126706838607788,
                    0.09356055408716202
                ],
                [
                    -0.19941693544387817,
                    0.06618618965148926,
                    0.9776769876480103
                ]
            ],
            [
                [
                    0.6599464416503906,
                    -0.7058623433113098,
                    -0.2573498785495758
                ],
                [
                    0.7362298369407654,
                    0.5392860770225525,
                    0.4088228642940521
                ],
                [
                    -0.14978747069835663,
                    -0.4592698812484741,
                    0.8755768537521362
                ]
            ],
            [
                [
                    0.790289044380188,
                    -0.4640912711620331,
                    -0.4000779688358307
                ],
                [
                    0.5705849528312683,
                    0.7953812479972839,
                    0.20445406436920166
                ],
                [
                    0.22332917153835297,
                    -0.3898563086986542,
                    0.893384575843811
                ]
            ],
            [
                [
                    0.9725684523582458,
                    -0.17658738791942596,
                    -0.15141859650611877
                ],
                [
                    -0.09901613742113113,
                    0.27474987506866455,
                    -0.956403911113739
                ],
                [
                    0.2104910910129547,
                    0.9451611042022705,
                    0.24972805380821228
                ]
            ],
            [
                [
                    0.9503270983695984,
                    -0.19835208356380463,
                    -0.2398642748594284
                ],
                [
                    0.3079402446746826,
                    0.7113052010536194,
                    0.6318367719650269
                ],
                [
                    0.04529056325554848,
                    -0.6743154525756836,
                    0.7370532155036926
                ]
            ],
            [
                [
                    0.9541652798652649,
                    0.2976324260234833,
                    0.031360968947410583
                ],
                [
                    -0.2991780638694763,
                    0.9458523392677307,
                    0.12591972947120667
                ],
                [
                    0.007814948447048664,
                    -0.12953074276447296,
                    0.9915445446968079
                ]
            ]
        ],
        "betas": [
            0.009027093648910522,
            -0.02637326717376709,
            -0.09573826193809509,
            0.027226775884628296,
            0.04552805423736572,
            -0.018120598047971725,
            0.03141745924949646,
            -0.038582831621170044,
            -0.030785948038101196,
            -0.0527365505695343
        ]
    },
    "pred_cam_t": [
        -0.10212276130914688,
        -0.07238470017910004,
        4.472362995147705
    ],
    "focal_length": [
        5000.0,
        5000.0
    ],
    "pred_keypoints_3d": [
        [
            0.09575741738080978,
            0.006390054244548082,
            0.006187207996845245
        ],
        [
            0.11632950603961945,
            0.031052490696310997,
            -0.015136776491999626
        ],
        [
            0.12855735421180725,
            0.059337206184864044,
            -0.014485417865216732
        ],
        [
            0.12957775592803955,
            0.0864488035440445,
            -0.014234772883355618
        ],
        [
            0.12912076711654663,
            0.11889684200286865,
            -0.030251506716012955
        ],
        [
            0.08960244059562683,
            0.0870107114315033,
            -0.03492119535803795
        ],
        [
            0.09319497644901276,
            0.11958763003349304,
            -0.030591178685426712
        ],
        [
            0.10762638598680496,
            0.13407699763774872,
            -0.0218716599047184
        ],
        [
            0.12325337529182434,
            0.13808199763298035,
            -0.0019921213388442993
        ],
        [
            0.07197361439466476,
            0.09469152241945267,
            -0.018716372549533844
        ],
        [
            0.07916123420000076,
            0.12406858801841736,
            -0.009185492992401123
        ],
        [
            0.09843319654464722,
            0.12789566814899445,
            0.003307722508907318
        ],
        [
            0.11708737909793854,
            0.12105552107095718,
            0.02010730840265751
        ],
        [
            0.06447866559028625,
            0.08660639077425003,
            0.005601361393928528
        ],
        [
            0.07452528923749924,
            0.1136074811220169,
            0.007128491066396236
        ],
        [
            0.09460823237895966,
            0.11710817366838455,
            0.021282069385051727
        ],
        [
            0.11084780097007751,
            0.10833296179771423,
            0.03949669748544693
        ],
        [
            0.06347651779651642,
            0.07896105200052261,
            0.0259721577167511
        ],
        [
            0.07270850986242294,
            0.09789176285266876,
            0.024463381618261337
        ],
        [
            0.0869889035820961,
            0.10427019000053406,
            0.03520034998655319
        ],
        [
            0.10065963864326477,
            0.10064839571714401,
            0.046978287398815155
        ]
    ],
    "pred_vertices": [
        [
            0.10557685792446136,
            0.05643247440457344,
            -0.0140636395663023
        ],
        [
            0.10788672417402267,
            0.04672558605670929,
            -0.00955972820520401
        ],
        [
            0.11148565262556076,
            0.054270315915346146,
            -0.011217154562473297
        ],
        [
            0.10981351137161255,
            0.062202759087085724,
            -0.018426809459924698
        ],
        [
            0.12249494343996048,
            0.04061676561832428,
            0.0020195096731185913
        ],
        [
            0.13161922991275787,
            0.034327432513237,
            -0.002229299396276474
        ],
        [
            0.13477379083633423,
            0.050767991691827774,
            -0.0035656876862049103
        ],
        [
            0.12702476978302002,
            0.05371399596333504,
            0.0016866307705640793
        ],
        [
            0.11185731738805771,
            0.06694689393043518,
            -0.02173808589577675
        ],
        [
            0.11492561548948288,
            0.06107066571712494,
            -0.011937709525227547
        ],
        [
            0.11162092536687851,
            0.06698152422904968,
            -0.02321540378034115
        ],
        [
            0.10416046530008316,
            0.06979810446500778,
            -0.03689087554812431
        ],
        [
            0.10675636678934097,
            0.07122606784105301,
            -0.03126417100429535
        ],
        [
            0.09848903119564056,
            0.07449434697628021,
            -0.041966021060943604
        ],
        [
            0.10012339055538177,
            0.060893286019563675,
            -0.040821924805641174
        ],
        [
            0.08969926089048386,
            0.07172807306051254,
            -0.044142406433820724
        ],
        [
            0.07653208822011948,
            0.05012798309326172,
            -0.02779993787407875
        ],
        [
            0.06945972144603729,
            0.047979891300201416,
            -0.016104133799672127
        ],
        [
            0.0642624944448471,
            0.06430206447839737,
            -0.019298937171697617
        ],
        [
            0.07260521501302719,
            0.06516633927822113,
            -0.03039352037012577
        ],
        [
            0.06036343798041344,
            0.058004479855298996,
            0.0003146752715110779
        ],
        [
            0.062149133533239365,
            0.062226973474025726,
            -0.010612964630126953
        ],
        [
            0.06624561548233032,
            0.045532017946243286,
            -0.008014649152755737
        ],
        [
            0.0646083876490593,
            0.042592454701662064,
            0.001673269085586071
        ],
        [
            0.09858833253383636,
            0.04921746253967285,
            -0.0019222982227802277
        ],
        [
            0.1016886979341507,
            0.03955235704779625,
            0.0016777608543634415
        ],
        [
            0.10341422259807587,
            0.04114537686109543,
            -0.004049941897392273
        ],
        [
            0.10105650126934052,
            0.05068376660346985,
            -0.006863797083497047
        ],
        [
            0.11941845715045929,
            0.06747204065322876,
            -0.02334596775472164
        ],
        [
            0.11584413051605225,
            0.056672029197216034,
            -0.03273576498031616
        ],
        [
            0.11187726259231567,
            0.0625649020075798,
            -0.029861167073249817
        ],
        [
            0.11796083301305771,
            0.06948381662368774,
            -0.018213927745819092
        ],
        [
            0.10964395105838776,
            0.019030146300792694,
            0.021360788494348526
        ],
        [
            0.10899243503808975,
            0.0055611878633499146,
            0.020185692235827446
        ],
        [
            0.1114879921078682,
            0.005232580006122589,
            0.014800945296883583
        ],
        [
            0.11115004122257233,
            0.017457224428653717,
            0.016627155244350433
        ],
        [
            0.12428386509418488,
            0.013278692960739136,
            -0.0005395933985710144
        ],
        [
            0.12019628286361694,
            0.003487333655357361,
            -0.0009308569133281708
        ],
        [
            0.11973585188388824,
            -0.004492126405239105,
            -0.011256959289312363
        ],
        [
            0.12350635975599289,
            0.00550311803817749,
            -0.01387537270784378
        ],
        [
            0.1281398981809616,
            0.023996800184249878,
            -0.0016002021729946136
        ],
        [
            0.13056138157844543,
            0.01750846952199936,
            -0.012925306335091591
        ],
        [
            0.1350795477628708,
            0.030316144227981567,
            -0.012022504583001137
        ],
        [
            0.13766299188137054,
            0.0486704520881176,
            -0.011991443112492561
        ],
        [
            0.10099790245294571,
            0.005097486078739166,
            0.03017847053706646
        ],
        [
            0.10077819228172302,
            0.014981843531131744,
            0.03281719237565994
        ],
        [
            0.10492996126413345,
            0.11669674515724182,
            -0.02836868166923523
        ],
        [
            0.10282827913761139,
            0.11738967895507812,
            -0.022881127893924713
        ],
        [
            0.10219652950763702,
            0.11347474157810211,
            -0.023998741060495377
        ],
        [
            0.10410574078559875,
            0.11396393179893494,
            -0.029459156095981598
        ],
        [
            0.08104907721281052,
            0.0077422261238098145,
            0.03190793842077255
        ],
        [
            0.07323963195085526,
            0.005360826849937439,
            0.02601046673953533
        ],
        [
            0.07575871050357819,
            -0.0008897483348846436,
            0.028796570375561714
        ],
        [
            0.08409623801708221,
            0.0008585527539253235,
            0.03275076299905777
        ],
        [
            0.07709956169128418,
            0.016846202313899994,
            0.03074423223733902
        ],
        [
            0.07046205550432205,
            0.014238402247428894,
            0.02199782244861126
        ],
        [
            0.09869448840618134,
            0.12452520430088043,
            -0.03649383783340454
        ],
        [
            0.10280217975378036,
            0.1215313971042633,
            -0.035650454461574554
        ],
        [
            0.09975423663854599,
            0.11838587373495102,
            -0.03756766766309738
        ],
        [
            0.09503921121358871,
            0.1201903447508812,
            -0.03755975514650345
        ],
        [
            0.10690087080001831,
            0.069359689950943,
            -0.024869417771697044
        ],
        [
            0.10376603156328201,
            0.06543882191181183,
            -0.017422432079911232
        ],
        [
            0.10031812638044357,
            0.08385028690099716,
            -0.029205985367298126
        ],
        [
            0.10032051801681519,
            0.07685548067092896,
            -0.02435855194926262
        ],
        [
            0.1033438891172409,
            0.07568776607513428,
            -0.03052307292819023
        ],
        [
            0.10201167315244675,
            0.08146455138921738,
            -0.034606851637363434
        ],
        [
            0.08960983902215958,
            0.06999022513628006,
            -0.004411312751471996
        ],
        [
            0.09304358065128326,
            0.059071652591228485,
            -0.002020791172981262
        ],
        [
            0.09557044506072998,
            0.061214689165353775,
            -0.007810366339981556
        ],
        [
            0.09329873323440552,
            0.07342486828565598,
            -0.011430279351770878
        ],
        [
            0.08911264687776566,
            0.057611387223005295,
            0.011523870751261711
        ],
        [
            0.08564382046461105,
            0.06829574704170227,
            0.007851194590330124
        ],
        [
            0.0837329551577568,
            0.06617668271064758,
            0.015972934663295746
        ],
        [
            0.0873846709728241,
            0.05931289494037628,
            0.017595946788787842
        ],
        [
            0.08074488490819931,
            0.08576974272727966,
            -0.001555054448544979
        ],
        [
            0.07876657694578171,
            0.09126526117324829,
            -0.0038329060189425945
        ],
        [
            0.07810923457145691,
            0.09160231798887253,
            -0.0005308166146278381
        ],
        [
            0.07951299101114273,
            0.08482832461595535,
            0.0018706945702433586
        ],
        [
            0.07758436352014542,
            -0.007503315806388855,
            0.030649205669760704
        ],
        [
            0.08705411851406097,
            -0.0058202072978019714,
            0.03258245438337326
        ],
        [
            0.05864708125591278,
            0.05377241224050522,
            0.021608637645840645
        ],
        [
            0.0639478862285614,
            0.05081859230995178,
            0.03107420727610588
        ],
        [
            0.05908068269491196,
            0.06405113637447357,
            0.03148389607667923
        ],
        [
            0.05412384122610092,
            0.06362102925777435,
            0.020939279347658157
        ],
        [
            0.06980980187654495,
            0.004751250147819519,
            0.016235603019595146
        ],
        [
            0.07043378800153732,
            -0.0019080936908721924,
            0.02033739537000656
        ],
        [
            0.09397988021373749,
            0.12699687480926514,
            -0.03350495547056198
        ],
        [
            0.09061506390571594,
            0.12173030525445938,
            -0.033950865268707275
        ],
        [
            0.1297626942396164,
            0.025486722588539124,
            -0.02427542954683304
        ],
        [
            0.13564857840538025,
            0.04708854481577873,
            -0.021451514214277267
        ],
        [
            0.12207279354333878,
            0.01028287410736084,
            -0.02369306981563568
        ],
        [
            0.11503211408853531,
            0.0006217882037162781,
            -0.02172090671956539
        ],
        [
            0.1117238998413086,
            -0.008105255663394928,
            -0.019729172810912132
        ],
        [
            0.09639444947242737,
            0.08024314790964127,
            -0.020231332629919052
        ],
        [
            0.1002129465341568,
            0.0595705509185791,
            -0.011192206293344498
        ],
        [
            0.09674019366502762,
            0.04831841215491295,
            0.0028702449053525925
        ],
        [
            0.08794625103473663,
            0.05013159289956093,
            0.03247837722301483
        ],
        [
            0.09187280386686325,
            0.040524374693632126,
            0.034423649311065674
        ],
        [
            0.09566918015480042,
            0.044695667922496796,
            0.025284545496106148
        ],
        [
            0.09091350436210632,
            0.05204126238822937,
            0.025200627744197845
        ],
        [
            0.07163794338703156,
            0.05356696620583534,
            0.036632053554058075
        ],
        [
            0.07861676812171936,
            0.05743812397122383,
            0.03495423495769501
        ],
        [
            0.07452917844057083,
            0.06561393290758133,
            0.03379935026168823
        ],
        [
            0.06703624874353409,
            0.06397909671068192,
            0.03574133664369583
        ],
        [
            0.12536898255348206,
            0.0662737637758255,
            -0.0273213479667902
        ],
        [
            0.12109079957008362,
            0.05188746377825737,
            -0.03418403118848801
        ],
        [
            0.09093304723501205,
            0.010378241539001465,
            0.03461868688464165
        ],
        [
            0.0939292311668396,
            0.0033433139324188232,
            0.032972779124975204
        ],
        [
            0.09474366158246994,
            -0.005083128809928894,
            0.03202219307422638
        ],
        [
            0.10682433843612671,
            0.029172241687774658,
            0.010401096194982529
        ],
        [
            0.11230596899986267,
            0.0163753479719162,
            0.013313814997673035
        ],
        [
            0.11426958441734314,
            0.017114579677581787,
            0.009390858933329582
        ],
        [
            0.10684327036142349,
            0.029069311916828156,
            0.006391262635588646
        ],
        [
            0.11088521778583527,
            0.03793138265609741,
            -0.0022269301116466522
        ],
        [
            0.11872417479753494,
            0.028535135090351105,
            0.0025733597576618195
        ],
        [
            0.1140117347240448,
            0.04790991172194481,
            -0.00149478018283844
        ],
        [
            0.11528952419757843,
            0.00320279598236084,
            0.00781935453414917
        ],
        [
            0.11311345547437668,
            -0.0049267783761024475,
            0.015024270862340927
        ],
        [
            0.11639361083507538,
            -0.006081759929656982,
            0.006847139447927475
        ],
        [
            0.10751469433307648,
            -0.004816502332687378,
            0.023046893998980522
        ],
        [
            0.10123384743928909,
            -0.004768870770931244,
            0.029332052916288376
        ],
        [
            0.06911807507276535,
            -0.010023504495620728,
            0.022615736350417137
        ],
        [
            0.11807669699192047,
            -0.006543159484863281,
            -0.0012254826724529266
        ],
        [
            0.1298270970582962,
            0.06280277669429779,
            -0.0011586137115955353
        ],
        [
            0.13159996271133423,
            0.07097947597503662,
            -0.0040029501542449
        ],
        [
            0.12456230819225311,
            0.07148206233978271,
            -0.004200821742415428
        ],
        [
            0.12243171781301498,
            0.06461265683174133,
            -0.002448868006467819
        ],
        [
            0.09409452974796295,
            0.08210810273885727,
            -0.04454090818762779
        ],
        [
            0.1002265214920044,
            0.08216480165719986,
            -0.04007353261113167
        ],
        [
            0.10346555709838867,
            0.07454277575016022,
            -0.03713471069931984
        ],
        [
            0.10467664897441864,
            0.029172293841838837,
            0.024341357871890068
        ],
        [
            0.09755832701921463,
            0.025297217071056366,
            0.03401954472064972
        ],
        [
            0.09636454284191132,
            0.08717808127403259,
            -0.025161324068903923
        ],
        [
            0.09215129166841507,
            0.11639091372489929,
            -0.0390763096511364
        ],
        [
            0.09770874679088593,
            0.11448047310113907,
            -0.03917258232831955
        ],
        [
            0.09490176290273666,
            0.09679987281560898,
            -0.04319565370678902
        ],
        [
            0.0883030965924263,
            0.0990665853023529,
            -0.043298330157995224
        ],
        [
            0.08892162144184113,
            0.09429559856653214,
            -0.0244402177631855
        ],
        [
            0.09523378312587738,
            0.09092133492231369,
            -0.02524971030652523
        ],
        [
            0.09417008608579636,
            0.09306258708238602,
            -0.024927591904997826
        ],
        [
            0.08928945660591125,
            0.09669753164052963,
            -0.022325847297906876
        ],
        [
            0.07646022737026215,
            0.08801589906215668,
            0.007888996973633766
        ],
        [
            0.07786986976861954,
            0.08180709928274155,
            0.00997336208820343
        ],
        [
            0.0714428573846817,
            0.08117184787988663,
            -0.03038545697927475
        ],
        [
            0.07637745887041092,
            0.07851250469684601,
            -0.04278033226728439
        ],
        [
            0.0803305059671402,
            0.0667247399687767,
            -0.040164485573768616
        ],
        [
            0.08729339390993118,
            0.06815533339977264,
            0.0024561285972595215
        ],
        [
            0.08389383554458618,
            0.0778808668255806,
            0.001032787375152111
        ],
        [
            0.08235401660203934,
            0.07717004418373108,
            0.004860610235482454
        ],
        [
            0.09325473755598068,
            0.08348091691732407,
            -0.018548540771007538
        ],
        [
            0.09174410253763199,
            0.08941184729337692,
            -0.02174413949251175
        ],
        [
            0.08927634358406067,
            0.08756288886070251,
            -0.017918437719345093
        ],
        [
            0.09083875268697739,
            0.08168429136276245,
            -0.014044278301298618
        ],
        [
            0.06782539933919907,
            0.03793180733919144,
            0.031083060428500175
        ],
        [
            0.07663194090127945,
            0.041351061314344406,
            0.037953853607177734
        ],
        [
            0.10502463579177856,
            0.1184520572423935,
            -0.03287489712238312
        ],
        [
            0.10314256697893143,
            0.1158180981874466,
            -0.0344889834523201
        ],
        [
            0.0907529965043068,
            0.05749537795782089,
            0.004660140722990036
        ],
        [
            0.08520330488681793,
            0.05329105630517006,
            -0.0357498824596405
        ],
        [
            0.09508771449327469,
            0.0475277416408062,
            0.00810235645622015
        ],
        [
            0.05844637379050255,
            0.07852394878864288,
            0.009472843259572983
        ],
        [
            0.06337828934192657,
            0.08165743947029114,
            0.014966705814003944
        ],
        [
            0.06509017944335938,
            0.08759104460477829,
            0.013893360272049904
        ],
        [
            0.06068502739071846,
            0.0876491516828537,
            0.009696094319224358
        ],
        [
            0.09112442284822464,
            0.11152788251638412,
            -0.019819503650069237
        ],
        [
            0.0967644602060318,
            0.11049821972846985,
            -0.020345352590084076
        ],
        [
            0.09788194298744202,
            0.1145593523979187,
            -0.019637128338217735
        ],
        [
            0.09253693372011185,
            0.1169998049736023,
            -0.01912887766957283
        ],
        [
            0.09924540668725967,
            0.08900847285985947,
            -0.029163792729377747
        ],
        [
            0.10135649144649506,
            0.08759574592113495,
            -0.034949641674757004
        ],
        [
            0.10110487788915634,
            0.09307850897312164,
            -0.033512093126773834
        ],
        [
            0.09808743000030518,
            0.09325549751520157,
            -0.028330784291028976
        ],
        [
            0.09910261631011963,
            0.08859090507030487,
            -0.04056616127490997
        ],
        [
            0.0994519293308258,
            0.09435015916824341,
            -0.03951513022184372
        ],
        [
            0.08604727685451508,
            0.11384473741054535,
            -0.023026656359434128
        ],
        [
            0.08438566327095032,
            0.1163414865732193,
            -0.02986222133040428
        ],
        [
            0.07979996502399445,
            0.1003495454788208,
            -0.03234224021434784
        ],
        [
            0.0834529772400856,
            0.10057072341442108,
            -0.02527899108827114
        ],
        [
            0.06731553375720978,
            0.02761951833963394,
            0.002484392374753952
        ],
        [
            0.06602078676223755,
            0.026722006499767303,
            0.013522027060389519
        ],
        [
            0.06305713206529617,
            0.041602231562137604,
            0.012993169017136097
        ],
        [
            0.05866366997361183,
            0.05611992999911308,
            0.012605334632098675
        ],
        [
            0.05577075481414795,
            0.07001557946205139,
            0.011470254510641098
        ],
        [
            0.055724963545799255,
            0.0707719475030899,
            -0.0006343525601550937
        ],
        [
            0.06313489377498627,
            0.039702337235212326,
            0.021005189046263695
        ],
        [
            0.07986044883728027,
            0.0919329971075058,
            -0.025799570605158806
        ],
        [
            0.07684514671564102,
            0.08941009640693665,
            -0.03339473158121109
        ],
        [
            0.07471790909767151,
            0.08850681781768799,
            -0.028414828702807426
        ],
        [
            0.09400660544633865,
            0.04785642400383949,
            0.015499427914619446
        ],
        [
            0.10179968178272247,
            0.11237165331840515,
            -0.036396805197000504
        ],
        [
            0.0903751403093338,
            -0.0019356831908226013,
            -0.021057453006505966
        ],
        [
            0.07985278218984604,
            -0.0021668970584869385,
            -0.012126115150749683
        ],
        [
            0.08043251186609268,
            0.006135024130344391,
            -0.015093222260475159
        ],
        [
            0.09333726763725281,
            0.00696205347776413,
            -0.024763789027929306
        ],
        [
            0.10192651301622391,
            0.10992246866226196,
            -0.024922983720898628
        ],
        [
            0.10405658930540085,
            0.11038881540298462,
            -0.030799396336078644
        ],
        [
            0.07564742863178253,
            0.08242709934711456,
            0.016237974166870117
        ],
        [
            0.07433571666479111,
            0.088077612221241,
            0.013256567530333996
        ],
        [
            0.0714198648929596,
            0.08909967541694641,
            0.014912402257323265
        ],
        [
            0.07305677980184555,
            0.08523356169462204,
            0.02020711451768875
        ],
        [
            0.066533662378788,
            0.02512878179550171,
            0.019265659153461456
        ],
        [
            0.05978818237781525,
            0.07424736022949219,
            0.03151801973581314
        ],
        [
            0.05449386313557625,
            0.0726572796702385,
            0.022172126919031143
        ],
        [
            0.06856828182935715,
            0.013819515705108643,
            0.013540235348045826
        ],
        [
            0.06913144886493683,
            0.014290496706962585,
            0.003785315901041031
        ],
        [
            0.07021091878414154,
            0.0047049447894096375,
            0.005284223705530167
        ],
        [
            0.06088843196630478,
            0.07910216599702835,
            -0.012273512780666351
        ],
        [
            0.06876229494810104,
            0.030488893389701843,
            -0.005587345454841852
        ],
        [
            0.07111527025699615,
            0.016298912465572357,
            -0.0033480748534202576
        ],
        [
            0.07250164449214935,
            0.004933834075927734,
            -0.0018830439075827599
        ],
        [
            0.07265499234199524,
            -0.0032891184091567993,
            -0.0004332223907113075
        ],
        [
            0.07025818526744843,
            -0.0026739463210105896,
            0.007333539426326752
        ],
        [
            0.08741676807403564,
            0.1170177087187767,
            -0.034969914704561234
        ],
        [
            0.08699299395084381,
            0.12242775410413742,
            -0.028224818408489227
        ],
        [
            0.06869377940893173,
            -0.011402435600757599,
            0.009365702047944069
        ],
        [
            0.0721011832356453,
            -0.011617191135883331,
            0.0007291994988918304
        ],
        [
            0.074778713285923,
            0.018026992678642273,
            -0.01165802963078022
        ],
        [
            0.0812162235379219,
            0.020462483167648315,
            -0.021428091451525688
        ],
        [
            0.07253272831439972,
            0.031751856207847595,
            -0.013395457528531551
        ],
        [
            0.07819601148366928,
            0.03515338525176048,
            -0.023179957643151283
        ],
        [
            0.060799404978752136,
            0.07659812271595001,
            -0.02296251431107521
        ],
        [
            0.09854792803525925,
            0.13612902164459229,
            -0.020470168441534042
        ],
        [
            0.0908636599779129,
            0.12688197195529938,
            -0.02217455767095089
        ],
        [
            0.0939382016658783,
            0.12308117002248764,
            -0.019023872911930084
        ],
        [
            0.09869780391454697,
            0.13319924473762512,
            -0.017041832208633423
        ],
        [
            0.08831647783517838,
            0.11989421397447586,
            -0.022063732147216797
        ],
        [
            0.09056688845157623,
            0.1279284656047821,
            -0.027790768072009087
        ],
        [
            0.09024760872125626,
            0.03862851485610008,
            -0.03293830156326294
        ],
        [
            0.08705951273441315,
            0.09285374730825424,
            -0.020601162686944008
        ],
        [
            0.09810714423656464,
            0.023466438055038452,
            -0.031172845512628555
        ],
        [
            0.10339184105396271,
            0.04801040142774582,
            -0.03985077887773514
        ],
        [
            0.11151615530252457,
            0.0378289632499218,
            -0.03686246648430824
        ],
        [
            0.10787573456764221,
            0.008303940296173096,
            -0.02887023612856865
        ],
        [
            0.11826548725366592,
            0.02331072837114334,
            -0.03285070136189461
        ],
        [
            0.1007818654179573,
            -0.008962593972682953,
            -0.022071199491620064
        ],
        [
            0.10248979926109314,
            -0.0002985447645187378,
            -0.02503780648112297
        ],
        [
            0.12681719660758972,
            0.03985052555799484,
            -0.03159141540527344
        ],
        [
            0.1089852824807167,
