{
    "pred_cam": [
        7.790232181549072,
        -0.10545269399881363,
        -0.07330124080181122
    ],
    "pred_mano_params": {
        "global_orient": [
            [
                [
                    0.27557680010795593,
                    -0.786393404006958,
                    0.5528495907783508
                ],
                [
                    -0.8936249613761902,
                    -0.421516090631485,
                    -0.15413816273212433
                ],
                [
                    0.3542483150959015,
                    -0.45156329870224,
                    -0.8189008235931396
                ]
            ]
        ],
        "hand_pose": [
            [
                [
                    0.7337576746940613,
                    -0.6412814855575562,
                    -0.22440515458583832
                ],
                [
                    0.6266617774963379,
                    0.7664089798927307,
                    -0.1411108374595642
                ],
                [
                    0.26247790455818176,
                    -0.037084970623254776,
                    0.9642250537872314
                ]
            ],
            [
                [
                    0.8818321228027344,
                    -0.3976059556007385,
                    0.2535383105278015
                ],
                [
                    0.4482420086860657,
                    0.8737479448318481,
                    -0.1887950450181961
                ],
                [
                    -0.1464625597000122,
                    0.2801320254802704,
                    0.9487227201461792
                ]
            ],
            [
                [
                    0.7292321920394897,
                    -0.684237003326416,
                    -0.006337684113532305
                ],
                [
                    0.65418940782547,
                    0.6998646855354309,
                    -0.2867498993873596
                ],
                [
                    0.20064041018486023,
                    0.20496121048927307,
                    0.957984447479248
                ]
            ],
            [
                [
                    0.710632860660553,
                    -0.6860805153846741,
                    -0.15586674213409424
                ],
                [
                    0.6973322629928589,
                    0.7162562012672424,
                    0.02654692344367504
                ],
                [
                    0.09342720359563828,
                    -0.12755602598190308,
                    0.9874212741851807
                ]
            ],
            [
                [
                    0.5656203627586365,
                    -0.789638102054596,
                    -0.2377924621105194
                ],
                [
                    0.8231432437896729,
                    0.5230821371078491,
                    0.2209530472755432
                ],
                [
                    -0.05008794739842415,
                    -0.3207128047943115,
                    0.9458511471748352
                ]
            ],
            [
                [
                    0.811597466468811,
                    -0.47544974088668823,
                    -0.3394954800605774
                ],
                [
                    0.5358541011810303,
                    0.8373270034790039,
                    0.10836947709321976
                ],
                [
                    0.2327444702386856,
                    -0.26987242698669434,
                    0.9343441724777222
                ]
            ],
            [
                [
                    0.4662996828556061,
                    -0.6533783674240112,
                    0.596373438835144
                ],
                [
                    0.5093498229980469,
                    0.7494921088218689,
                    0.4228762984275818
                ],
                [
                    -0.723275363445282,
                    0.10657565295696259,
                    0.6822860836982727
                ]
            ],
            [
                [
                    0.7271667718887329,
                    -0.5898492336273193,
                    -0.35114994645118713
                ],
                [
                    0.6863387823104858,
                    0.6343581080436707,
                    0.3557088375091553
                ],
                [
                    0.012940246611833572,
                    -0.49966752529144287,
                    0.8661205768585205
                ]
            ],
            [
                [
                    0.7765201330184937,
                    -0.6278926730155945,
                    0.052605852484703064
                ],
                [
                    0.5974648594856262,
                    0.7602574229240417,
                    0.25503814220428467
                ],
                [
                    -0.20013052225112915,
                    -0.16661208868026733,
                    0.9654989838600159
                ]
            ],
            [
                [
                    0.6902554035186768,
                    -0.6986572742462158,
                    0.1882169246673584
                ],
                [
                    0.6984948515892029,
                    0.7112808227539062,
                    0.07864172756671906
                ],
                [
                    -0.18881870806217194,
                    0.07718569040298462,
                    0.978973925113678
                ]
            ],
            [
                [
                    0.6305955648422241,
                    -0.7269575595855713,
                    -0.2718123197555542
                ],
                [
                    0.7614417672157288,
                    0.5117214322090149,
                    0.39792919158935547
                ],
                [
                    -0.1501854658126831,
                    -0.45790162682533264,
                    0.8762251734733582
                ]
            ],
            [
                [
                    0.7687584161758423,
                    -0.4760473668575287,
                    -0.4270705282688141
                ],
                [
                    0.6018052101135254,
                    0.7644543647766113,
                    0.23117095232009888
                ],
                [
                    0.21642760932445526,
                    -0.43472790718078613,
                    0.8741685152053833
                ]
            ],
            [
                [
                    0.9676647186279297,
                    -0.20461341738700867,
                    -0.1475071758031845
                ],
                [
                    -0.0928039625287056,
                    0.2549702525138855,
                    -0.9624851942062378
                ],
                [
                    0.23454728722572327,
                    0.9450522065162659,
                    0.22773678600788116
                ]
            ],
            [
                [
                    0.9467970132827759,
                    -0.2116236835718155,
                    -0.24246838688850403
                ],
                [
                    0.31931084394454956,
                    0.711808979511261,
                    0.6255946159362793
                ],
                [
                    0.040200550109148026,
                    -0.6697338223457336,
                    0.7415123581886292
                ]
            ],
            [
                [
                    0.9502415060997009,
                    0.3095788061618805,
                    0.03467000648379326
                ],
                [
                    -0.31145918369293213,
                    0.9420821666717529,
                    0.12439633160829544
                ],
                [
                    0.005848470609635115,
                    -0.1290048509836197,
                    0.9916267395019531
                ]
            ]
        ],
        "betas": [
            -0.006221503019332886,
            -0.03846815228462219,
            -0.10037052631378174,
            0.01774778962135315,
            0.04002371430397034,
            0.0026793740689754486,
            0.043835073709487915,
            -0.02835547924041748,
            -0.02341592311859131,
            -0.02568143606185913
        ]
    },
    "pred_cam_t": [
        -0.10545269399881363,
        -0.07330124080181122,
        5.014292240142822
    ],
    "focal_length": [
        5000.0,
        5000.0
    ],
    "pred_keypoints_3d": [
        [
            0.09582387655973434,
            0.006394416093826294,
            0.006198689341545105
        ],
        [
            0.11562171578407288,
            0.03050629049539566,
            -0.016465436667203903
        ],
        [
            0.12655310332775116,
            0.059330105781555176,
            -0.016425112262368202
        ],
        [
            0.12643568217754364,
            0.08647266030311584,
            -0.01648954302072525
        ],
        [
            0.12480182945728302,
            0.1185879185795784,
            -0.033236611634492874
        ],
        [
            0.08700500428676605,
            0.08425571024417877,
            -0.03959342837333679
        ],
        [
            0.08982893824577332,
            0.1169983446598053,
            -0.03575769066810608
        ],
        [
            0.10308853536844254,
            0.13280794024467468,
            -0.027422629296779633
        ],
        [
            0.11822088062763214,
            0.13819396495819092,
            -0.007483810186386108
        ],
        [
            0.06901108473539352,
            0.09223723411560059,
            -0.023916268721222878
        ],
        [
            0.07418958842754364,
            0.12240957468748093,
            -0.015511931851506233
        ],
        [
            0.09325980395078659,
            0.1261107474565506,
            -0.0026265447959303856
        ],
        [
            0.11173103004693985,
            0.11823949217796326,
            0.013837775215506554
        ],
        [
            0.06165717542171478,
            0.08530782908201218,
            0.0008177943527698517
        ],
        [
            0.07059676945209503,
            0.11277655512094498,
            0.0010527074337005615
        ],
        [
            0.09019822627305984,
            0.11697527021169662,
            0.01572108268737793
        ],
        [
            0.10562065243721008,
            0.10776419937610626,
            0.03445319086313248
        ],
        [
            0.06080330163240433,
            0.07881816476583481,
            0.02160855196416378
        ],
        [
            0.06958174705505371,
            0.09790346026420593,
            0.019288305193185806
        ],
        [
            0.08347873389720917,
            0.10522739589214325,
            0.029956810176372528
        ],
        [
            0.09681141376495361,
            0.1012970581650734,
            0.041197653859853745
        ]
    ],
    "pred_vertices": [
        [
            0.10392037779092789,
            0.05549979582428932,
            -0.016835704445838928
        ],
        [
            0.1065232902765274,
            0.046060170978307724,
            -0.011732732877135277
        ],
        [
            0.10975845158100128,
            0.05352863296866417,
            -0.0135426614433527
        ],
        [
            0.10792078077793121,
            0.061117060482501984,
            -0.02137836627662182
        ],
        [
            0.1211409643292427,
            0.04082169011235237,
            0.0004909373819828033
        ],
        [
            0.1305840015411377,
            0.03475898504257202,
            -0.0034691505134105682
        ],
        [
            0.13306184113025665,
            0.051255837082862854,
            -0.005254719406366348
        ],
        [
            0.12509149312973022,
            0.053988322615623474,
            -0.00013099610805511475
        ],
        [
            0.10974244028329849,
            0.06569083780050278,
            -0.024728083983063698
        ],
        [
            0.11288165301084518,
            0.060337625443935394,
            -0.014397099614143372
        ],
        [
            0.10945789515972137,
            0.06565749645233154,
            -0.025927498936653137
        ],
        [
            0.10209319740533829,
            0.06754659861326218,
            -0.0401795320212841
        ],
        [
            0.10461771488189697,
            0.06932608038187027,
            -0.034732427448034286
        ],
        [
            0.09633367508649826,
            0.0717523843050003,
            -0.045720890164375305
        ],
        [
            0.09841738641262054,
            0.05836574360728264,
            -0.043655961751937866
        ],
        [
            0.08764955401420593,
            0.06862233579158783,
            -0.047848641872406006
        ],
        [
            0.07521502673625946,
            0.047421324998140335,
            -0.03036322072148323
        ],
        [
            0.06815392524003983,
            0.045677702873945236,
            -0.01859060488641262
        ],
        [
            0.06241226941347122,
            0.061588238924741745,
            -0.022756198421120644
        ],
        [
            0.07076563686132431,
            0.062137529253959656,
            -0.03386162221431732
        ],
        [
            0.05859838053584099,
            0.056310612708330154,
            -0.0028145541436970234
        ],
        [
            0.06031189113855362,
            0.059955231845378876,
            -0.013968130573630333
        ],
        [
            0.0649811327457428,
            0.04358851537108421,
            -0.010379036888480186
        ],
        [
            0.06339525431394577,
            0.041158054023981094,
            -0.0005366690456867218
        ],
        [
            0.09714529663324356,
            0.04877431318163872,
            -0.004388581961393356
        ],
        [
            0.10058365017175674,
            0.0394439697265625,
            -0.0002444423735141754
        ],
        [
            0.10228220373392105,
            0.04073665291070938,
            -0.0060547105967998505
        ],
        [
            0.09958921372890472,
            0.05003855749964714,
            -0.009390916675329208
        ],
        [
            0.11721085011959076,
            0.06677861511707306,
            -0.02556663192808628
        ],
        [
            0.11418000608682632,
            0.055303920060396194,
            -0.03491956368088722
        ],
        [
            0.10994435101747513,
            0.061083823442459106,
            -0.03234446793794632
        ],
        [
            0.11560562252998352,
            0.06880543380975723,
            -0.020504212006926537
        ],
        [
            0.10916849225759506,
            0.0203910693526268,
            0.020663946866989136
        ],
        [
            0.10900001227855682,
            0.006849572062492371,
            0.02027195878326893
        ],
        [
            0.11154303699731827,
            0.006294429302215576,
            0.014915261417627335
        ],
        [
            0.11076091229915619,
            0.018590033054351807,
            0.016008615493774414
        ],
        [
            0.12411815673112869,
            0.013840913772583008,
            -0.0008844621479511261
        ],
        [
            0.12041036784648895,
            0.003954760730266571,
            -0.0007087290287017822
        ],
        [
            0.12029939144849777,
            -0.004585102200508118,
            -0.010525427758693695
        ],
        [
            0.12373705208301544,
            0.00539795309305191,
            -0.013699345290660858
        ],
        [
            0.12752699851989746,
            0.02445065975189209,
            -0.0024664662778377533
        ],
        [
            0.13031435012817383,
            0.01763349026441574,
            -0.01340113952755928
        ],
        [
            0.13431823253631592,
            0.030596241354942322,
            -0.013073787093162537
        ],
        [
            0.1361774355173111,
            0.049155864864587784,
            -0.013581501320004463
        ],
        [
            0.10097075998783112,
            0.006678491830825806,
            0.030254200100898743
        ],
        [
            0.10038340836763382,
            0.016698747873306274,
            0.03231450915336609
        ],
        [
            0.10153882205486298,
            0.11498995870351791,
            -0.03329061344265938
        ],
        [
            0.09927704930305481,
            0.11575639247894287,
            -0.027886338531970978
        ],
        [
            0.09880498051643372,
            0.11161918193101883,
            -0.028954030945897102
        ],
        [
            0.10080741345882416,
            0.11204561591148376,
            -0.03438842296600342
        ],
        [
            0.08092255890369415,
            0.008708328008651733,
            0.03175157308578491
        ],
        [
            0.07323724031448364,
            0.005708150565624237,
            0.025974176824092865
        ],
        [
            0.0759621411561966,
            -0.0002796649932861328,
            0.02912907488644123
        ],
        [
            0.08421266824007034,
            0.001993924379348755,
            0.0330035537481308
        ],
        [
            0.07664234936237335,
            0.017585262656211853,
            0.030054323375225067
        ],
        [
            0.07015874236822128,
            0.014236651360988617,
            0.021444519981741905
        ],
        [
            0.09507869184017181,
            0.12220606207847595,
            -0.04181845486164093
        ],
        [
            0.09932207316160202,
            0.11945151537656784,
            -0.04079068452119827
        ],
        [
            0.09644126147031784,
            0.11602000147104263,
            -0.042696401476860046
        ],
        [
            0.09164691716432571,
            0.11761589348316193,
            -0.042821869254112244
        ],
        [
            0.10482596606016159,
            0.06783001869916916,
            -0.02835439331829548
        ],
        [
            0.10181503742933273,
            0.06424327194690704,
            -0.020761936902999878
        ],
        [
            0.09779523313045502,
            0.08167461305856705,
            -0.0336369052529335
        ],
        [
            0.09800317883491516,
            0.07509560883045197,
            -0.028408100828528404
        ],
        [
            0.10109208524227142,
            0.07368341088294983,
            -0.034459181129932404
        ],
        [
            0.099625363945961,
            0.07912209630012512,
            -0.03885258361697197
        ],
        [
            0.08743184059858322,
            0.069036565721035,
            -0.008121402934193611
        ],
        [
            0.09124433249235153,
            0.05840121582150459,
            -0.005083626136183739
        ],
        [
            0.09372981637716293,
            0.060296472162008286,
            -0.010978356003761292
        ],
        [
            0.09103809297084808,
            0.07218674570322037,
            -0.01532063353806734
        ],
        [
            0.08728669583797455,
            0.05758839100599289,
            0.008515010587871075
        ],
        [
            0.08345410227775574,
            0.06791577488183975,
            0.004211409017443657
        ],
        [
            0.08156705647706985,
            0.06619859486818314,
            0.012438840232789516
        ],
        [
            0.08546603471040726,
            0.05957837775349617,
            0.014473538845777512
        ],
        [
            0.07802129536867142,
            0.0846429094672203,
            -0.006231748498976231
        ],
        [
            0.07578283548355103,
            0.08991988748311996,
            -0.00881931371986866
        ],
        [
            0.07513337582349777,
            0.09046168625354767,
            -0.005452413111925125
        ],
        [
            0.07679306715726852,
            0.08386556804180145,
            -0.002735280431807041
        ],
        [
            0.07801540940999985,
            -0.006709836423397064,
            0.03136972337961197
        ],
        [
            0.0874113067984581,
            -0.004579067230224609,
            0.033240266144275665
        ],
        [
            0.05686766654253006,
            0.05325835570693016,
            0.01870891824364662
        ],
        [
            0.062228161841630936,
            0.051040880382061005,
            0.028349701315164566
        ],
        [
            0.056866440922021866,
            0.06409599632024765,
            0.027966905385255814
        ],
        [
            0.051957160234451294,
            0.0628964975476265,
            0.017435256391763687
        ],
        [
            0.06989023834466934,
            0.004409298300743103,
            0.016238253563642502
        ],
        [
            0.07072779536247253,
            -0.001977376639842987,
            0.020723551511764526
        ],
        [
            0.09017689526081085,
            0.12455068528652191,
            -0.03901522234082222
        ],
        [
            0.08709677308797836,
            0.11903594434261322,
            -0.0393269881606102
        ],
        [
            0.12932465970516205,
            0.025129064917564392,
            -0.025131268426775932
        ],
        [
            0.13433611392974854,
            0.04721482843160629,
            -0.023029502481222153
        ],
        [
            0.12221620976924896,
            0.009634949266910553,
            -0.023821279406547546
        ],
        [
            0.11550189554691315,
            -0.00019316375255584717,
            -0.021318716928362846
        ],
        [
            0.112474724650383,
            -0.00894765555858612,
            -0.01881151832640171
        ],
        [
            0.09392713755369186,
            0.07854675501585007,
            -0.02452869713306427
        ],
        [
            0.09844719618558884,
            0.058626532554626465,
            -0.01423097774386406
        ],
        [
            0.09530189633369446,
            0.04808608442544937,
            0.00044167786836624146
        ],
        [
            0.0862717479467392,
            0.051299385726451874,
            0.029872486367821693
        ],
        [
            0.09053771942853928,
            0.04197145625948906,
            0.032389961183071136
        ],
        [
            0.09424003213644028,
            0.0457393154501915,
            0.02303457260131836
        ],
        [
            0.08921964466571808,
            0.05289232358336449,
            0.022504236549139023
        ],
        [
            0.069795623421669,
            0.05437818169593811,
            0.03376821428537369
        ],
        [
            0.0766555517911911,
            0.058390453457832336,
            0.03189244866371155
        ],
        [
            0.07227553427219391,
            0.06631195545196533,
            0.030250336974859238
        ],
        [
            0.06481410562992096,
            0.06453778594732285,
            0.03225807100534439
        ],
        [
            0.12326379120349884,
            0.06579901278018951,
            -0.02943442389369011
        ],
        [
            0.11964162439107895,
            0.050740137696266174,
            -0.03611310198903084
        ],
        [
            0.09069471061229706,
            0.011852100491523743,
            0.034343454986810684
        ],
        [
            0.09395301342010498,
            0.004837885499000549,
            0.03312072157859802
        ],
        [
            0.0950787216424942,
            -0.0036011114716529846,
            0.032663486897945404
        ],
        [
            0.10605546832084656,
            0.029764726758003235,
            0.009067455306649208
        ],
        [
            0.11198015511035919,
            0.017351701855659485,
            0.012739444151520729
        ],
        [
            0.11394354701042175,
            0.017913170158863068,
            0.008749490603804588
        ],
        [
            0.10610374808311462,
            0.029408276081085205,
            0.005028005689382553
        ],
        [
            0.10975542664527893,
            0.037625327706336975,
            -0.003912884742021561
        ],
        [
            0.11792723834514618,
            0.02880435809493065,
            0.0013628341257572174
        ],
        [
            0.11238410323858261,
            0.047611646354198456,
            -0.003366410732269287
        ],
        [
            0.11545661091804504,
            0.004000253975391388,
            0.008047115057706833
        ],
        [
            0.11352577805519104,
            -0.0037753209471702576,
            0.015737993642687798
        ],
        [
            0.11689075827598572,
            -0.005281358957290649,
            0.007641948759555817
        ],
        [
            0.10788039863109589,
            -0.0033983513712882996,
            0.023725437000393867
        ],
        [
            0.1015695258975029,
            -0.003210820257663727,
            0.02998100221157074
        ],
        [
            0.06969033926725388,
            -0.009998053312301636,
            0.023463374003767967
        ],
        [
            0.11864124238491058,
            -0.0061410292983055115,
            -0.0003859177231788635
        ],
        [
            0.12754200398921967,
            0.06308590620756149,
            -0.0031159743666648865
        ],
        [
            0.1290058195590973,
            0.0712994784116745,
            -0.006034130230545998
        ],
        [
            0.12193962186574936,
            0.07145509868860245,
            -0.00633782334625721
        ],
        [
            0.12006855010986328,
            0.06450171768665314,
            -0.0045461636036634445
        ],
        [
            0.09180788695812225,
            0.07911786437034607,
            -0.04874948039650917
        ],
        [
            0.09788931906223297,
            0.07952186465263367,
            -0.044284284114837646
        ],
        [
            0.10127867013216019,
            0.0721966102719307,
            -0.040908269584178925
        ],
        [
            0.10381939262151718,
            0.030516214668750763,
            0.023033153265714645
        ],
        [
            0.09678158164024353,
            0.026952795684337616,
            0.032901063561439514
        ],
        [
            0.09368512779474258,
            0.08500058948993683,
            -0.02978438325226307
        ],
        [
            0.08889572322368622,
            0.11361078917980194,
            -0.04426482319831848
        ],
        [
            0.09452106803655624,
            0.1119132936000824,
            -0.04421962797641754
        ],
        [
            0.09232419729232788,
            0.09384923428297043,
            -0.04786901921033859
        ],
        [
            0.08566258102655411,
            0.09594052284955978,
            -0.04815097153186798
        ],
        [
            0.08601567894220352,
            0.0918220654129982,
            -0.02930808812379837
        ],
        [
            0.09243035316467285,
            0.08850235491991043,
            -0.029888853430747986
        ],
        [
            0.09130286425352097,
            0.09055852144956589,
            -0.029558490961790085
        ],
        [
            0.08627293258905411,
            0.09413697570562363,
            -0.02713596448302269
        ],
        [
            0.07355017215013504,
            0.08731969445943832,
            0.003161367494612932
        ],
        [
            0.0752004012465477,
            0.08125616610050201,
            0.00553489662706852
        ],
        [
            0.06908046454191208,
            0.07809034734964371,
            -0.03482617437839508
        ],
        [
            0.07410746067762375,
            0.07502967119216919,
            -0.04704859107732773
        ],
        [
            0.07844582200050354,
            0.06347695738077164,
            -0.04368124157190323
        ],
        [
            0.08514055609703064,
            0.06752140074968338,
            -0.0011634975671768188
        ],
        [
            0.08140885829925537,
            0.07702548801898956,
            -0.0031651845201849937
        ],
        [
            0.07987445592880249,
            0.07648426294326782,
            0.0006971238180994987
        ],
        [
            0.09067276865243912,
            0.08176232874393463,
            -0.023035243153572083
        ],
        [
            0.08896096795797348,
            0.08731427788734436,
            -0.02653932385146618
        ],
        [
            0.08659131079912186,
            0.08579637855291367,
            -0.022635726258158684
        ],
        [
            0.08831344544887543,
            0.08019526302814484,
            -0.01841869205236435
        ],
        [
            0.06658481806516647,
            0.038320571184158325,
            0.029129207134246826
        ],
        [
            0.07523417472839355,
            0.04244786873459816,
            0.03582113981246948
        ],
        [
            0.1016388013958931,
            0.11658857762813568,
            -0.0378587581217289
        ],
        [
            0.09986099600791931,
            0.11369356513023376,
            -0.03948723524808884
        ],
        [
            0.08897285908460617,
            0.057134635746479034,
            0.0016734432429075241
        ],
        [
            0.08380816876888275,
            0.050490424036979675,
            -0.03842362388968468
        ],
        [
            0.09364962577819824,
            0.047541286796331406,
            0.00570777989923954
        ],
        [
            0.055870261043310165,
            0.07725223898887634,
            0.005096817389130592
        ],
        [
            0.06067154183983803,
            0.08088117837905884,
            0.010465482249855995
        ],
        [
            0.06210584193468094,
            0.08680573105812073,
            0.009061537683010101
        ],
        [
            0.057746026664972305,
            0.08645985275506973,
            0.004804657306522131
        ],
        [
            0.08767061680555344,
            0.10920549929141998,
            -0.024937549605965614
        ],
        [
            0.09336166828870773,
            0.108335480093956,
            -0.025335676968097687
        ],
        [
            0.0943593978881836,
            0.11265156418085098,
            -0.024699034169316292
        ],
        [
            0.08890648186206818,
            0.11485966295003891,
            -0.02436593547463417
        ],
        [
            0.0965840294957161,
            0.08657775074243546,
            -0.03365276753902435
        ],
        [
            0.09884396195411682,
            0.08507592976093292,
            -0.039353735744953156
        ],
        [
            0.09843919426202774,
            0.09053123742341995,
            -0.037988364696502686
        ],
        [
            0.09529846161603928,
            0.09076448529958725,
            -0.03287176787853241
        ],
        [
            0.09668107330799103,
            0.08580337464809418,
            -0.044964373111724854
        ],
        [
            0.09687306731939316,
            0.09161236882209778,
            -0.04404155910015106
        ],
        [
            0.08258141577243805,
            0.11126120388507843,
            -0.02832026593387127
        ],
        [
            0.08093851059675217,
            0.11349400132894516,
            -0.03525131568312645
        ],
        [
            0.0768849328160286,
            0.09728097915649414,
            -0.037410736083984375
        ],
        [
            0.08040248602628708,
            0.09779872745275497,
            -0.030275488272309303
        ],
        [
            0.06663846969604492,
            0.026351258158683777,
            0.0011615501716732979
        ],
        [
            0.06531282514333725,
            0.026048243045806885,
            0.012235663831233978
        ],
        [
            0.06181277707219124,
            0.04077057167887688,
            0.010827578604221344
        ],
        [
            0.056874945759773254,
            0.05508602410554886,
            0.009570219554007053
        ],
        [
            0.053472671657800674,
            0.0687876045703888,
            0.007589001674205065
        ],
        [
            0.053508106619119644,
            0.06882941722869873,
            -0.004553962964564562
        ],
        [
            0.06189851090312004,
            0.03933672979474068,
            0.018942590802907944
        ],
        [
            0.07709333300590515,
            0.08950144052505493,
            -0.030745403841137886
        ],
        [
            0.07426047325134277,
            0.08634286373853683,
            -0.03818638622760773
        ],
        [
            0.07211336493492126,
            0.08572710305452347,
            -0.03324957564473152
        ],
        [
            0.09251853078603745,
            0.0482608824968338,
            0.01307219173759222
        ],
        [
            0.09862405806779861,
            0.11000753939151764,
            -0.04132498428225517
        ],
        [
            0.09090615808963776,
            -0.003656730055809021,
            -0.020572109147906303
        ],
        [
            0.08034015446901321,
            -0.0037758424878120422,
            -0.011660326272249222
        ],
        [
            0.08063124120235443,
            0.004362158477306366,
            -0.015104014426469803
        ],
        [
            0.09358331561088562,
            0.005154803395271301,
            -0.024787703529000282
        ],
        [
            0.09861946105957031,
            0.10778842866420746,
            -0.029791872948408127
        ],
        [
            0.10085240751504898,
            0.10822698473930359,
            -0.03564070165157318
        ],
        [
            0.07290341705083847,
            0.08214365690946579,
            0.011747902259230614
        ],
        [
            0.0713556557893753,
            0.08759931474924088,
            0.008492162451148033
        ],
        [
            0.06835193186998367,
            0.08860423415899277,
            0.010074872523546219
        ],
        [
            0.07015825808048248,
            0.08507705479860306,
            0.015567603521049023
        ],
        [
            0.0658448114991188,
            0.024808943271636963,
            0.01806723140180111
        ],
        [
            0.05725933983922005,
            0.0743015706539154,
            0.027437439188361168
        ],
        [
            0.05204078555107117,
            0.07202828675508499,
            0.018141526728868484
        ],
        [
            0.06833299249410629,
            0.01326073706150055,
            0.013015670701861382
        ],
        [
            0.06893248856067657,
            0.01318332552909851,
            0.0032448740676045418
        ],
        [
            0.07036027312278748,
            0.0037417858839035034,
            0.005305737257003784
        ],
        [
            0.05848461762070656,
            0.07663141191005707,
            -0.016658643260598183
        ],
        [
            0.06802136451005936,
            0.028799034655094147,
            -0.007067959755659103
        ],
        [
            0.07087989896535873,
            0.014844924211502075,
            -0.003992810845375061
        ],
        [
            0.07267962396144867,
            0.0036360472440719604,
            -0.0018625352531671524
        ],
        [
            0.07313240319490433,
            -0.0044787004590034485,
            7.164850831031799e-05
        ],
        [
            0.07066266238689423,
            -0.003502294421195984,
            0.007781481370329857
        ],
        [
            0.08405075967311859,
            0.11415794491767883,
            -0.04027771204710007
        ],
        [
            0.08332724124193192,
            0.11972925066947937,
            -0.03373465687036514
        ],
        [
            0.06939975172281265,
            -0.012159906327724457,
            0.010313024744391441
        ],
        [
            0.0728728249669075,
            -0.012750737369060516,
            0.0017165448516607285
        ],
        [
            0.07451681047677994,
            0.016215868294239044,
            -0.01238186378031969
        ],
        [
            0.08094480633735657,
            0.018353350460529327,
            -0.022269822657108307
        ],
        [
            0.07179007679224014,
            0.02974054217338562,
            -0.014924611896276474
        ],
        [
            0.07739652693271637,
            0.032792627811431885,
            -0.024877063930034637
        ],
        [
            0.05858032405376434,
            0.07349442690610886,
            -0.027186261489987373
        ],
        [
            0.09387674927711487,
            0.13436812162399292,
            -0.026273131370544434
        ],
        [
            0.08680689334869385,
            0.12462397664785385,
            -0.027799010276794434
        ],
        [
            0.08999525010585785,
            0.12110895663499832,
            -0.02442728728055954
        ],
        [
            0.09411939978599548,
            0.13158109784126282,
            -0.022724468261003494
        ],
        [
            0.08461727946996689,
            0.11746452748775482,
            -0.027488533407449722
        ],
        [
            0.08658917248249054,
            0.12547752261161804,
            -0.03345153480768204
        ],
        [
            0.08938293159008026,
            0.036220721900463104,
            -0.03475038334727287
        ],
        [
            0.08420268446207047,
            0.09091783314943314,
            -0.025561964139342308
        ],
        [
            0.09780637174844742,
            0.021535418927669525,
            -0.03210548684000969
        ],
        [
            0.10218483209609985,
            0.045762401074171066,
            -0.041961558163166046
        ],
        [
            0.11068432033061981,
            0.03612714260816574,
            -0.038384221494197845
        ],
        [
            0.10813599079847336,
            0.006875947117805481,
            -0.02893264964222908
        ],
        [
            0.11798915266990662,
            0.022124670445919037,
            -0.03363863378763199
        ],
        [
            0.10157474875450134,
            -0.010345548391342163,
            -0.02113107033073902
        ],
        [
            0.10300291329622269,
            -0.0017609074711799622,
            -0.024606958031654358
        ],
        [
            0.12587149441242218,
            0.03915580362081528,
            -0.033026326447725296
        ],
        [
