{
    "pred_cam": [
        6.110751628875732,
        -0.056193262338638306,
        0.007118910551071167
    ],
    "pred_mano_params": {
        "global_orient": [
            [
                [
                    0.9383203983306885,
                    -0.11450641602277756,
                    0.32625612616539
                ],
                [
                    0.3010532855987549,
                    -0.19353529810905457,
                    -0.933761715888977
                ],
                [
                    0.17006376385688782,
                    0.9743882417678833,
                    -0.14712558686733246
                ]
            ]
        ],
        "hand_pose": [
            [
                [
                    0.9582729339599609,
                    -0.20443174242973328,
                    -0.19980154931545258
                ],
                [
                    0.1961590051651001,
                    0.9786991477012634,
                    -0.060576677322387695
                ],
                [
                    0.20792941749095917,
                    0.018856113776564598,
                    0.9779620170593262
                ]
            ],
            [
                [
                    0.8786764144897461,
                    -0.45961228013038635,
                    0.1291678100824356
                ],
                [
                    0.47655656933784485,
                    0.8606233596801758,
                    -0.1795026957988739
                ],
                [
                    -0.028663193807005882,
                    0.21928055584430695,
                    0.9752407073974609
                ]
            ],
            [
                [
                    0.8891274333000183,
                    -0.4518176317214966,
                    0.07289253175258636
                ],
                [
                    0.45035520195961,
                    0.8921102285385132,
                    0.036325544118881226
                ],
                [
                    -0.08144068717956543,
                    0.0005295010632835329,
                    0.9966781139373779
                ]
            ],
            [
                [
                    0.8642507195472717,
                    -0.4945567846298218,
                    -0.0921100527048111
                ],
                [
                    0.49894437193870544,
                    0.8660638332366943,
                    0.03143313527107239
                ],
                [
                    0.06422770023345947,
                    -0.07312390208244324,
                    0.9952526092529297
                ]
            ],
            [
                [
                    0.7752781510353088,
                    -0.6156460046768188,
                    -0.1411515474319458
                ],
                [
                    0.6307057738304138,
                    0.7425578236579895,
                    0.2254287600517273
                ],
                [
                    -0.033971142023801804,
                    -0.26379507780075073,
                    0.9639803171157837
                ]
            ],
            [
                [
                    0.8609746694564819,
                    -0.5066424012184143,
                    0.04512396827340126
                ],
                [
                    0.5065290927886963,
                    0.8620966076850891,
                    0.014758496545255184
                ],
                [
                    -0.046378497034311295,
                    0.010149911046028137,
                    0.9988724589347839
                ]
            ],
            [
                [
                    0.8202575445175171,
                    -0.5354117155075073,
                    0.2012753039598465
                ],
                [
                    0.4765169322490692,
                    0.8342815637588501,
                    0.2773191034793854
                ],
                [
                    -0.3164001703262329,
                    -0.1315620094537735,
                    0.9394584894180298
                ]
            ],
            [
                [
                    0.9354844689369202,
                    -0.3456675708293915,
                    -0.07336735725402832
                ],
                [
                    0.3522214889526367,
                    0.8954203128814697,
                    0.2723280191421509
                ],
                [
                    -0.028440341353416443,
                    -0.2806001901626587,
                    0.9594033360481262
                ]
            ],
            [
                [
                    0.9835987687110901,
                    -0.1698630452156067,
                    0.06066356971859932
                ],
                [
                    0.12838394939899445,
                    0.8955579996109009,
                    0.42602044343948364
                ],
                [
                    -0.12669287621974945,
                    -0.4112449288368225,
                    0.9026774168014526
                ]
            ],
            [
                [
                    0.8057202100753784,
                    -0.5920495390892029,
                    -0.017093349248170853
                ],
                [
                    0.5922954082489014,
                    0.8053353428840637,
                    0.024924159049987793
                ],
                [
                    -0.000990461790934205,
                    -0.030206214636564255,
                    0.9995431900024414
                ]
            ],
            [
                [
                    0.8759768009185791,
                    -0.47423872351646423,
                    -0.08810308575630188
                ],
                [
                    0.4660458564758301,
                    0.7850322127342224,
                    0.4080754220485687
                ],
                [
                    -0.12436141073703766,
                    -0.3985247313976288,
                    0.9086869955062866
                ]
            ],
            [
                [
                    0.8453052639961243,
                    -0.5263164639472961,
                    0.09192442893981934
                ],
                [
                    0.4995717704296112,
                    0.839603841304779,
                    0.2132919281721115
                ],
                [
                    -0.18943916261196136,
                    -0.13437391817569733,
                    0.972654402256012
                ]
            ],
            [
                [
                    0.995042085647583,
                    -0.09099245071411133,
                    0.04014565050601959
                ],
                [
                    0.08661879599094391,
                    0.5945200324058533,
                    -0.7994017601013184
                ],
                [
                    0.048872143030166626,
                    0.7989157438278198,
                    0.5994541049003601
                ]
            ],
            [
                [
                    0.9130311012268066,
                    -0.4077487885951996,
                    0.010724550113081932
                ],
                [
                    0.3732556998729706,
                    0.8458188772201538,
                    0.381143718957901
                ],
                [
                    -0.16448193788528442,
                    -0.34399309754371643,
                    0.9244534969329834
                ]
            ],
            [
                [
                    0.9445900917053223,
                    -0.2924809157848358,
                    -0.14901134371757507
                ],
                [
                    0.20388749241828918,
                    0.8785437941551208,
                    -0.4319614768028259
                ],
                [
                    0.2572534680366516,
                    0.37764501571655273,
                    0.8894969820976257
                ]
            ]
        ],
        "betas": [
            0.014899730682373047,
            -0.09567692875862122,
            -0.12405523657798767,
            -0.025471478700637817,
            -0.03290903568267822,
            0.008952248841524124,
            0.03792664408683777,
            -0.10863682627677917,
            0.001828506588935852,
            -0.07453534007072449
        ]
    },
    "pred_cam_t": [
        -0.056193262338638306,
        0.007118910551071167,
        6.392421722412109
    ],
    "focal_length": [
        5000.0,
        5000.0
    ],
    "pred_keypoints_3d": [
        [
            0.09574030339717865,
            0.006374274380505085,
            0.006223513279110193
        ],
        [
            0.08334367722272873,
            -0.021851468831300735,
            -0.016735797747969627
        ],
        [
            0.07262130081653595,
            -0.03648531436920166,
            -0.04157086834311485
        ],
        [
            0.06112750619649887,
            -0.0416555181145668,
            -0.06558886170387268
        ],
        [
            0.04975522309541702,
            -0.03666939586400986,
            -0.09825414419174194
        ],
        [
            0.020393885672092438,
            -0.038297273218631744,
            -0.016814356669783592
        ],
        [
            -0.01144382357597351,
            -0.043353620916604996,
            -0.024197403341531754
        ],
        [
            -0.025812983512878418,
            -0.04151495173573494,
            -0.041079722344875336
        ],
        [
            -0.033896878361701965,
            -0.036849845200777054,
            -0.06438697874546051
        ],
        [
            0.005968034267425537,
            -0.018634457141160965,
            -0.01082628220319748
        ],
        [
            -0.020600508898496628,
            -0.01697009801864624,
            -0.028114337474107742
        ],
        [
            -0.024393703788518906,
            -0.012038464657962322,
            -0.050578586757183075
        ],
        [
            -0.019894149154424667,
            -0.008368603885173798,
            -0.07555448263883591
        ],
        [
            0.010762959718704224,
            0.007385852746665478,
            -0.007635592948645353
        ],
        [
            -0.01170649379491806,
            0.00786774605512619,
            -0.025808820500969887
        ],
        [
            -0.01578100398182869,
            0.013235867023468018,
            -0.04973603039979935
        ],
        [
            -0.011470658704638481,
            0.013587219640612602,
            -0.07456105947494507
        ],
        [
            0.018179088830947876,
            0.027799803763628006,
            -0.008828623220324516
        ],
        [
            0.0018977634608745575,
            0.030964933335781097,
            -0.021931899711489677
        ],
        [
            -0.005102837458252907,
            0.034603334963321686,
            -0.03919750452041626
        ],
        [
            -0.008075199089944363,
            0.03495131433010101,
            -0.05975450575351715
        ]
    ],
    "pred_vertices": [
        [
            0.056133709847927094,
            -0.02033991739153862,
            -0.022136474028229713
        ],
        [
            0.0657731145620346,
            -0.015858812257647514,
            -0.022206395864486694
        ],
        [
            0.06286773830652237,
            -0.021688902750611305,
            -0.030072003602981567
        ],
        [
            0.0537051260471344,
            -0.027309486642479897,
            -0.028310246765613556
        ],
        [
            0.08404061198234558,
            -0.013685625046491623,
            -0.03395577520132065
        ],
        [
            0.09447689354419708,
            -0.02019815891981125,
            -0.03366667032241821
        ],
        [
            0.08552908897399902,
            -0.027344949543476105,
            -0.04452647268772125
        ],
        [
            0.07846534997224808,
            -0.01975354179739952,
            -0.043722182512283325
        ],
        [
            0.05160287022590637,
            -0.033394936472177505,
            -0.03240225464105606
        ],
        [
            0.06036718189716339,
            -0.02623831294476986,
            -0.03638200834393501
        ],
        [
            0.05239367485046387,
            -0.03726278990507126,
            -0.03284059837460518
        ],
        [
            0.04374465346336365,
            -0.04474751651287079,
            -0.02166394516825676
        ],
        [
            0.04373279958963394,
            -0.039653461426496506,
            -0.025842610746622086
        ],
        [
            0.035996027290821075,
            -0.04711589962244034,
            -0.016891147941350937
        ],
        [
            0.04887116327881813,
            -0.046185608953237534,
            -0.012032871134579182
        ],
        [
            0.03445524722337723,
            -0.04571039229631424,
            -0.007427451200783253
        ],
        [
            0.04643784463405609,
            -0.02434719167649746,
            0.009995665401220322
        ],
        [
            0.045532435178756714,
            -0.011152856983244419,
            0.01344197429716587
        ],
        [
            0.029173782095313072,
            -0.014154963195323944,
            0.01025264710187912
        ],
        [
            0.031960517168045044,
            -0.027002496644854546,
            0.006226679310202599
        ],
        [
            0.03387872129678726,
            0.005980801768600941,
            0.011051208712160587
        ],
        [
            0.030279628932476044,
            -0.005208436865359545,
            0.010638921521604061
        ],
        [
            0.0465632788836956,
            -0.0023744236677885056,
            0.01497887447476387
        ],
        [
            0.04896073788404465,
            0.00754445418715477,
            0.01496970746666193
        ],
        [
            0.05959915742278099,
            -0.005885474383831024,
            -0.015045774169266224
        ],
        [
            0.06932039558887482,
            -0.0020255688577890396,
            -0.014083769172430038
        ],
        [
            0.0680425688624382,
            -0.007782088592648506,
            -0.01552177406847477
        ],
        [
            0.05911324918270111,
            -0.011315656825900078,
            -0.016755439341068268
        ],
        [
            0.060306861996650696,
            -0.043404728174209595,
            -0.040495336055755615
        ],
        [
            0.06291796267032623,
            -0.046094633638858795,
            -0.02563553862273693
        ],
        [
            0.055805400013923645,
            -0.04310755804181099,
            -0.02791103906929493
        ],
        [
            0.05815529450774193,
            -0.03888026997447014,
            -0.042803481221199036
        ],
        [
            0.09268822520971298,
            0.01581323891878128,
            -0.015708519145846367
        ],
        [
            0.10392381995916367,
            0.016020439565181732,
            -0.008189085870981216
        ],
        [
            0.10504100471735,
            0.010241096839308739,
            -0.008517117239534855
        ],
        [
            0.0942825898528099,
            0.011190567165613174,
            -0.014767104759812355
        ],
        [
            0.104259192943573,
            -0.009463313966989517,
            -0.017458027228713036
        ],
        [
            0.10987433046102524,
            -0.007058922201395035,
            -0.009397318586707115
        ],
        [
            0.11612351983785629,
            -0.016339626163244247,
            -0.0018548518419265747
        ],
        [
            0.10967840999364853,
            -0.021285420283675194,
            -0.007892681285738945
        ],
        [
            0.09897971898317337,
            -0.014552023261785507,
            -0.026066521182656288
        ],
        [
            0.10462439805269241,
            -0.02493974380195141,
            -0.019037172198295593
        ],
        [
            0.09860379248857498,
            -0.02979729138314724,
            -0.028567135334014893
        ],
        [
            0.08855485916137695,
            -0.03576987609267235,
            -0.04173411428928375
        ],
        [
            0.10103187710046768,
            0.02789583057165146,
            -0.004321507178246975
        ],
        [
            0.09257064014673233,
            0.029575765132904053,
            -0.009733755141496658
        ],
        [
            -0.0081131337210536,
            -0.04523356631398201,
            -0.035849083214998245
        ],
        [
            -0.009398161433637142,
            -0.039460767060518265,
            -0.035912662744522095
        ],
        [
            -0.0055192941799759865,
            -0.03949997201561928,
            -0.0343603752553463
        ],
        [
            -0.005114516243338585,
            -0.0452512688934803,
            -0.03439069166779518
        ],
        [
            0.0889396220445633,
            0.03491473197937012,
            0.010226519778370857
        ],
        [
            0.0866919532418251,
            0.031698621809482574,
            0.019500361755490303
        ],
        [
            0.09352291375398636,
            0.034218303859233856,
            0.019682351499795914
        ],
        [
            0.09644345194101334,
            0.035479478538036346,
            0.010860403999686241
        ],
        [
            0.07904298603534698,
            0.03405613824725151,
            0.009283493272960186
        ],
        [
            0.07740797847509384,
            0.027847453951835632,
            0.018550381064414978
        ],
        [
            -0.015449495986104012,
            -0.05125788599252701,
            -0.02730153128504753
        ],
        [
            -0.012336679734289646,
            -0.051722511649131775,
            -0.03136918321251869
        ],
        [
            -0.009158095344901085,
            -0.05198242515325546,
            -0.027773723006248474
        ],
        [
            -0.011555549688637257,
            -0.05069984495639801,
            -0.02323867566883564
        ],
        [
            0.045274123549461365,
            -0.032584622502326965,
            -0.026205576956272125
        ],
        [
            0.04730371758341789,
            -0.02379448339343071,
            -0.02338213101029396
        ],
        [
            0.026783432811498642,
            -0.03631797805428505,
            -0.026515908539295197
        ],
        [
            0.03502659499645233,
            -0.030405063182115555,
            -0.024139663204550743
        ],
        [
            0.03719000518321991,
            -0.03728808835148811,
            -0.024674586951732635
        ],
        [
            0.029902108013629913,
            -0.041834115982055664,
            -0.025008389726281166
        ],
        [
            0.037002645432949066,
            -0.0076957810670137405,
            -0.017287522554397583
        ],
        [
            0.04837280511856079,
            -0.0054046232253313065,
            -0.015287762507796288
        ],
        [
            0.047394655644893646,
            -0.011801756918430328,
            -0.01683908700942993
        ],
        [
            0.03539906442165375,
            -0.01573687046766281,
            -0.02001858502626419
        ],
        [
            0.04849656671285629,
            0.008728966116905212,
            -0.015246578492224216
        ],
        [
            0.03721897676587105,
            0.005241875536739826,
            -0.016783680766820908
        ],
        [
            0.03858127444982529,
            0.013652968220412731,
            -0.016600698232650757
        ],
        [
            0.0465308353304863,
            0.014814934693276882,
            -0.016491154208779335
        ],
        [
            0.018565785139799118,
            -0.0039050462655723095,
            -0.018927348777651787
        ],
        [
            0.01161467656493187,
            -0.006098093464970589,
            -0.019070390611886978
        ],
        [
            0.010893663391470909,
            -0.0029064263217151165,
            -0.01923779956996441
        ],
        [
            0.018848741427063942,
            -0.00043051503598690033,
            -0.0182013101875782
        ],
        [
            0.10024181008338928,
            0.03605698421597481,
            0.020915107801556587
        ],
        [
            0.10363657772541046,
            0.035081248730421066,
            0.011784437112510204
        ],
        [
            0.03841966390609741,
            0.026838937774300575,
            0.007962477393448353
        ],
        [
            0.04398959502577782,
            0.0344676747918129,
            0.002185421995818615
        ],
        [
            0.031644172966480255,
            0.03521022945642471,
            -0.0009867819026112556
        ],
        [
            0.028741491958498955,
            0.02684403955936432,
            0.006387818604707718
        ],
        [
            0.08487791568040848,
            0.02338714525103569,
            0.0254034586250782
        ],
        [
            0.09119358658790588,
            0.027738679200410843,
            0.026968926191329956
        ],
        [
            -0.018496274948120117,
            -0.047043636441230774,
            -0.02396303042769432
        ],
        [
            -0.014150545001029968,
            -0.04606389254331589,
            -0.02027103118598461
        ],
        [
            0.09707922488451004,
            -0.03710058331489563,
            -0.017245322465896606
        ],
        [
            0.08676095306873322,
            -0.04318895936012268,
            -0.03521882742643356
        ],
        [
            0.10425396263599396,
            -0.03042646497488022,
            -0.004897274076938629
        ],
        [
            0.10866183042526245,
            -0.025064369663596153,
            0.003539789468050003
        ],
        [
            0.11466208845376968,
            -0.021471887826919556,
            0.008913492783904076
        ],
        [
            0.030097434297204018,
            -0.025645345449447632,
            -0.02394026890397072
        ],
        [
            0.050913989543914795,
            -0.0161808542907238,
            -0.019069403409957886
        ],
        [
            0.05982328951358795,
            -0.0007876567542552948,
            -0.01434408687055111
        ],
        [
            0.055832404643297195,
            0.029535826295614243,
            -0.016786988824605942
        ],
        [
            0.06624746322631836,
            0.031179770827293396,
            -0.015704641118645668
        ],
        [
            0.06387938559055328,
            0.021122250705957413,
            -0.018138352781534195
        ],
        [
            0.05511867254972458,
            0.021684136241674423,
            -0.017941134050488472
        ],
        [
            0.04562368616461754,
            0.03738943859934807,
            -0.0070633357390761375
        ],
        [
            0.04527118429541588,
            0.03361263871192932,
            -0.014011986553668976
        ],
        [
            0.03635738417506218,
            0.03258008509874344,
            -0.01500697247684002
        ],
        [
            0.035257864743471146,
            0.036721840500831604,
            -0.00896180048584938
        ],
        [
            0.06592342257499695,
            -0.04859704151749611,
            -0.041487425565719604
        ],
        [
            0.07032235711812973,
            -0.04827963560819626,
            -0.024902014061808586
        ],
        [
            0.0917777493596077,
            0.03448377922177315,
            5.544256418943405e-05
        ],
        [
            0.09922303259372711,
            0.03271368891000748,
            0.0015276232734322548
        ],
        [
            0.10679963231086731,
            0.03231799975037575,
            0.0052885813638567924
        ],
        [
            0.08136487752199173,
            0.005805043503642082,
            -0.01546911709010601
        ],
        [
            0.09540325403213501,
            0.00798233412206173,
            -0.014194243587553501
        ],
        [
            0.09536537528038025,
            0.0038269292563199997,
            -0.015080897137522697
        ],
        [
            0.08078689873218536,
            0.0024558119475841522,
            -0.014652779325842857
        ],
        [
            0.07597985863685608,
            -0.009492374956607819,
            -0.023444436490535736
        ],
        [
            0.08903269469738007,
            -0.006721843034029007,
            -0.02429429069161415
        ],
        [
            0.07191848009824753,
            -0.01434318721294403,
            -0.03264499083161354
        ],
        [
            0.10818322002887726,
            0.0027792267501354218,
            -0.008452052250504494
        ],
        [
            0.114683598279953,
            0.010891631245613098,
            -0.005002639256417751
        ],
        [
            0.11681713908910751,
            0.0022724568843841553,
            -0.004682933911681175
        ],
        [
            0.11232201755046844,
            0.020117472857236862,
            -0.0027412669733166695
        ],
        [
            0.1095692366361618,
            0.027896761894226074,
            0.0005837436765432358
        ],
        [
            0.09767898917198181,
            0.030998270958662033,
            0.03139065206050873
        ],
        [
            0.11756923794746399,
            -0.005935266613960266,
            -0.0032675210386514664
        ],
        [
            0.07439519464969635,
            -0.02506018616259098,
            -0.049953706562519073
        ],
        [
            0.07165059447288513,
            -0.02953135222196579,
            -0.0558953657746315
        ],
        [
            0.06470564007759094,
            -0.028438527137041092,
            -0.05220218002796173
        ],
        [
            0.0666065365076065,
            -0.024058664217591286,
            -0.04605705291032791
        ],
        [
            0.026394326239824295,
            -0.049106188118457794,
            -0.014514094218611717
        ],
        [
            0.028429070487618446,
            -0.04684559255838394,
            -0.021611914038658142
        ],
        [
            0.038310497999191284,
            -0.04399199038743973,
            -0.022548647597432137
        ],
        [
            0.08172488957643509,
            0.019101472571492195,
            -0.017497308552265167
        ],
        [
            0.08215880393981934,
            0.03067151829600334,
            -0.012558633461594582
        ],
        [
            0.02165953442454338,
            -0.031835444271564484,
            -0.025768939405679703
        ],
        [
            -0.007960163056850433,
            -0.05029726400971413,
            -0.01970433071255684
        ],
        [
            -0.005274821072816849,
            -0.05198098346590996,
            -0.02471046708524227
        ],
        [
            0.010823468677699566,
            -0.05065029859542847,
            -0.017977274954319
        ],
        [
            0.007408096455037594,
            -0.048886414617300034,
            -0.012393389828503132
        ],
        [
            0.01115539949387312,
            -0.030569976195693016,
            -0.021135371178388596
        ],
        [
            0.015878377482295036,
            -0.03294168412685394,
            -0.025294004008173943
        ],
        [
            0.012602624483406544,
            -0.03314170241355896,
            -0.02447759546339512
        ],
        [
            0.007720014080405235,
            -0.029913796111941338,
            -0.021725114434957504
        ],
        [
            0.014481894671916962,
            0.005617150571197271,
            -0.018351789563894272
        ],
        [
            0.021198831498622894,
            0.007767815608531237,
            -0.017575787380337715
        ],
        [
            0.017758164554834366,
            -0.028241289779543877,
            -0.0003433115780353546
        ],
        [
            0.02317183092236519,
            -0.04067123681306839,
            0.0004543326795101166
        ],
        [
            0.03406790643930435,
            -0.038289424031972885,
            0.0016817562282085419
        ],
        [
            0.03785819187760353,
            -0.00033459626138210297,
            -0.01647336035966873
        ],
        [
            0.02752096951007843,
            -0.0016075726598501205,
            -0.01820351928472519
        ],
        [
            0.027528932318091393,
            0.002475101500749588,
            -0.017667649313807487
        ],
        [
            0.02568364329636097,
            -0.023526035249233246,
            -0.02330140769481659
        ],
        [
            0.01832975074648857,
            -0.02722480334341526,
            -0.023822151124477386
        ],
        [
            0.02015511691570282,
            -0.02217564731836319,
            -0.021928148344159126
        ],
        [
            0.026681439951062202,
            -0.018317852169275284,
            -0.021378090605139732
        ],
        [
            0.05653147026896477,
            0.034845538437366486,
            0.005961441434919834
        ],
        [
            0.05832517892122269,
            0.038624923676252365,
            -0.004843627568334341
        ],
        [
            -0.009434699080884457,
            -0.04958748444914818,
            -0.034365832805633545
        ],
        [
            -0.006480855867266655,
            -0.04985874518752098,
            -0.031910717487335205
        ],
        [
            0.048989757895469666,
            0.0017490200698375702,
            -0.014548694714903831
        ],
        [
            0.04758714884519577,
            -0.0346900150179863,
            0.003600647673010826
        ],
        [
            0.060026347637176514,
            0.004717080853879452,
            -0.01405317522585392
        ],
        [
            0.01602625846862793,
            0.013489728793501854,
            0.0005142921581864357
        ],
        [
            0.015487073920667171,
            0.01725977659225464,
            -0.00651822704821825
        ],
        [
            0.010880377143621445,
            0.015076575800776482,
            -0.009369121864438057
        ],
        [
            0.008680928498506546,
            0.012681114487349987,
            -0.00427376851439476
        ],
        [
            -0.006285607814788818,
            -0.031344324350357056,
            -0.02551785111427307
        ],
        [
            -0.004326358437538147,
            -0.033579934388399124,
            -0.030374675989151
        ],
        [
            -0.007690852507948875,
            -0.03419327363371849,
            -0.031914375722408295
        ],
        [
            -0.010709933936595917,
            -0.0321957990527153,
            -0.02732774242758751
        ],
        [
            0.018997469916939735,
            -0.037722088396549225,
            -0.026641415432095528
        ],
        [
            0.02174225263297558,
            -0.043571293354034424,
            -0.02567858248949051
        ],
        [
            0.014875081367790699,
            -0.04349210113286972,
            -0.02679503709077835
        ],
        [
            0.013552463613450527,
            -0.03777649253606796,
            -0.026389911770820618
        ],
        [
            0.019981415942311287,
            -0.04827600717544556,
            -0.021442679688334465
        ],
        [
            0.013785164803266525,
            -0.04853547737002373,
            -0.023122387006878853
        ],
        [
            -0.008785857819020748,
            -0.03296145796775818,
            -0.01979708857834339
        ],
        [
            -0.010461551137268543,
            -0.03908531367778778,
            -0.015832489356398582
        ],
        [
            0.0033072801306843758,
            -0.036330848932266235,
            -0.009442250244319439
        ],
        [
            0.00322851724922657,
            -0.03147135302424431,
            -0.015682486817240715
        ],
        [
            0.06311548501253128,
            0.008895587176084518,
            0.019999966025352478
        ],
        [
            0.06396088004112244,
            0.019859831780195236,
            0.018362712115049362
        ],
        [
            0.04984742030501366,
            0.018815886229276657,
            0.01341097243130207
        ],
        [
            0.03572256490588188,
            0.018269628286361694,
            0.009645411744713783
        ],
        [
            0.02282848209142685,
            0.0168239027261734,
            0.004998060874640942
        ],
        [
            0.02074550837278366,
            0.005332933273166418,
            0.008850201033055782
        ],
        [
            0.052041660994291306,
            0.02649347111582756,
            0.011948712170124054
        ],
        [
            0.01090971753001213,
            -0.027837270870804787,
            -0.012711502611637115
        ],
        [
            0.012953090481460094,
            -0.03403216600418091,
            -0.005759024992585182
        ],
        [
            0.01219042669981718,
            -0.028229618445038795,
            -0.006134042516350746
        ],
        [
            0.05968394875526428,
            0.012013595551252365,
            -0.015459781512618065
        ],
        [
            -0.0028813211247324944,
            -0.05036028474569321,
            -0.02921689674258232
        ],
        [
            0.09847820550203323,
            -0.017080210149288177,
            0.02293100580573082
        ],
        [
            0.09399524331092834,
            -0.005797179415822029,
            0.028770316392183304
        ],
        [
            0.08691904693841934,
            -0.00944683700799942,
            0.025095108896493912
        ],
        [
            0.09196920692920685,
            -0.022023076191544533,
            0.017641011625528336
        ],
        [
            -0.0022016335278749466,
            -0.039395786821842194,
            -0.03333544358611107
        ],
        [
            -0.0013809362426400185,
            -0.045652277767658234,
            -0.033139392733573914
        ],
        [
            0.019891012459993362,
            0.014234795235097408,
            -0.01755215972661972
        ],
        [
            0.014146534726023674,
            0.011384840123355389,
            -0.017705773934721947
        ],
        [
            0.012117208912968636,
            0.014157051220536232,
            -0.01587316393852234
        ],
        [
            0.01654944010078907,
            0.018834371119737625,
            -0.017419669777154922
        ],
        [
            0.06595229357481003,
            0.025307733565568924,
            0.017112355679273605
        ],
        [
            0.024356422945857048,
            0.03570178151130676,
            -0.0047749970108270645
        ],
        [
            0.02180863916873932,
            0.028387390077114105,
            0.002457253634929657
        ],
        [
            0.07628398388624191,
            0.02034638822078705,
            0.022720683366060257
        ],
        [
            0.0755208358168602,
            0.010835869237780571,
            0.024815868586301804
        ],
        [
            0.08441019058227539,
            0.012826480902731419,
            0.028228657320141792
        ],
        [
            0.014633304439485073,
            -0.007992510683834553,
            0.004123043268918991
        ],
        [
            0.060833338648080826,
            0.0005587264895439148,
            0.0197182334959507
        ],
        [
            0.07432156056165695,
            0.003314528614282608,
            0.024217668920755386
        ],
        [
            0.0848766565322876,
            0.005332222208380699,
            0.028304142877459526
        ],
        [
            0.09213598072528839,
            0.007401878014206886,
            0.03181073069572449
        ],
        [
            0.09092368185520172,
            0.015427028760313988,
            0.03121691755950451
        ],
        [
            -0.009954187087714672,
            -0.04501693695783615,
            -0.01681283302605152
        ],
        [
            -0.015790309756994247,
            -0.03950671851634979,
            -0.019202258437871933
        ],
        [
            0.0977935940027237,
            0.018585696816444397,
            0.03622392192482948
        ],
        [
            0.09911169856786728,
            0.009417646564543247,
            0.03603102266788483
        ],
        [
            0.07410970330238342,
            -0.005758814513683319,
            0.022756196558475494
        ],
        [
            0.07447788864374161,
            -0.016837242990732193,
            0.019375182688236237
        ],
        [
            0.06109657511115074,
            -0.008001867681741714,
            0.018272459506988525
        ],
        [
            0.0603061318397522,
            -0.019105225801467896,
            0.014841552823781967
        ],
        [
            0.017137490212917328,
            -0.017674420028924942,
            0.008084502071142197
        ],
        [
            -0.027766242623329163,
            -0.03702651709318161,
            -0.03308175504207611
        ],
        [
            -0.019473589956760406,
            -0.03534262627363205,
            -0.025482064113020897
        ],
        [
            -0.01578211598098278,
            -0.0331428162753582,
            -0.029382776468992233
        ],
        [
            -0.02536865696310997,
            -0.03402943164110184,
            -0.03504659980535507
        ],
        [
            -0.013724534772336483,
            -0.03384383022785187,
            -0.02252405509352684
        ],
        [
            -0.020166892558336258,
            -0.04049130901694298,
            -0.023072831332683563
        ],
        [
            0.06266693770885468,
            -0.03199366480112076,
            0.006546689197421074
        ],
        [
            0.013405115343630314,
            -0.024882998317480087,
            -0.02131717838346958
        ],
        [
            0.07966776192188263,
            -0.030827214941382408,
            0.00821017473936081
        ],
        [
            0.061410993337631226,
            -0.044800128787755966,
            -0.007149377837777138
        ],
        [
            0.07478763163089752,
            -0.04306430369615555,
            -0.007886702194809914
        ],
        [
            0.09777380526065826,
            -0.03016129694879055,
            0.008179109543561935
        ],
        [
            0.09086984395980835,
            -0.03952770680189133,
