{
    "pred_cam": [
        7.7115678787231445,
        -0.09844938665628433,
        -0.07040809839963913
    ],
    "pred_mano_params": {
        "global_orient": [
            [
                [
                    0.2775130569934845,
                    -0.8080894351005554,
                    0.5195940732955933
                ],
                [
                    -0.9132255911827087,
                    -0.38983267545700073,
                    -0.11853022873401642
                ],
                [
                    0.29833775758743286,
                    -0.44161295890808105,
                    -0.8461516499519348
                ]
            ]
        ],
        "hand_pose": [
            [
                [
                    0.773554801940918,
                    -0.5977439880371094,
                    -0.21051140129566193
                ],
                [
                    0.5808682441711426,
                    0.801585853099823,
                    -0.14160597324371338
                ],
                [
                    0.25338706374168396,
                    -0.0127393938601017,
                    0.9672811031341553
                ]
            ],
            [
                [
                    0.8707183003425598,
                    -0.42027023434638977,
                    0.2553870379924774
                ],
                [
                    0.4690580666065216,
                    0.8657556772232056,
                    -0.17450390756130219
                ],
                [
                    -0.14776396751403809,
                    0.2717350721359253,
                    0.9509604573249817
                ]
            ],
            [
                [
                    0.7259809374809265,
                    -0.6872314214706421,
                    -0.025781022384762764
                ],
                [
                    0.6566943526268005,
                    0.703879177570343,
                    -0.27075180411338806
                ],
                [
                    0.2042158544063568,
                    0.17963039875030518,
                    0.9623038172721863
                ]
            ],
            [
                [
                    0.7634069919586182,
                    -0.6275994777679443,
                    -0.15273743867874146
                ],
                [
                    0.6354500651359558,
                    0.77213454246521,
                    0.003376507665961981
                ],
                [
                    0.11581477522850037,
                    -0.09963466227054596,
                    0.9882610440254211
                ]
            ],
            [
                [
                    0.5302228331565857,
                    -0.8117284178733826,
                    -0.24486859142780304
                ],
                [
                    0.8462064266204834,
                    0.4886198937892914,
                    0.21256829798221588
                ],
                [
                    -0.052900075912475586,
                    -0.3199179470539093,
                    0.9459672570228577
                ]
            ],
            [
                [
                    0.8100395798683167,
                    -0.49619653820991516,
                    -0.3124498426914215
                ],
                [
                    0.5456098318099976,
                    0.8330163359642029,
                    0.09161725640296936
                ],
                [
                    0.2148156464099884,
                    -0.24468931555747986,
                    0.9455059170722961
                ]
            ],
            [
                [
                    0.49205783009529114,
                    -0.6191402077674866,
                    0.6120004653930664
                ],
                [
                    0.47725898027420044,
                    0.7797874212265015,
                    0.4051610827445984
                ],
                [
                    -0.7280817627906799,
                    0.09272002428770065,
                    0.6791907548904419
                ]
            ],
            [
                [
                    0.7057545781135559,
                    -0.6096919775009155,
                    -0.3608132302761078
                ],
                [
                    0.7084563374519348,
                    0.6075775623321533,
                    0.359080970287323
                ],
                [
                    0.0002932325005531311,
                    -0.5090434551239014,
                    0.8607407808303833
                ]
            ],
            [
                [
                    0.7901605367660522,
                    -0.6089826822280884,
                    0.06918295472860336
                ],
                [
                    0.5713717937469482,
                    0.7727570533752441,
                    0.2763708233833313
                ],
                [
                    -0.2217666655778885,
                    -0.17884817719459534,
                    0.958557665348053
                ]
            ],
            [
                [
                    0.7363942861557007,
                    -0.6502156257629395,
                    0.18693071603775024
                ],
                [
                    0.6498717665672302,
                    0.7566453218460083,
                    0.07179563492536545
                ],
                [
                    -0.18812289834022522,
                    0.06861108541488647,
                    0.9797461032867432
                ]
            ],
            [
                [
                    0.5971129536628723,
                    -0.7486460208892822,
                    -0.2880714535713196
                ],
                [
                    0.7900300025939941,
                    0.48664554953575134,
                    0.3728654384613037
                ],
                [
                    -0.13895554840564728,
                    -0.45022791624069214,
                    0.8820351958274841
                ]
            ],
            [
                [
                    0.7752565145492554,
                    -0.5121811032295227,
                    -0.36965906620025635
                ],
                [
                    0.6056265830993652,
                    0.7689753770828247,
                    0.20467859506607056
                ],
                [
                    0.17942620813846588,
                    -0.3825537860393524,
                    0.9063436985015869
                ]
            ],
            [
                [
                    0.9704073667526245,
                    -0.19004946947097778,
                    -0.14896586537361145
                ],
                [
                    -0.09472255408763885,
                    0.26786383986473083,
                    -0.9587892293930054
                ],
                [
                    0.22211995720863342,
                    0.9445264339447021,
                    0.24193507432937622
                ]
            ],
            [
                [
                    0.9506422281265259,
                    -0.20557208359241486,
                    -0.23242104053497314
                ],
                [
                    0.3077133893966675,
                    0.720904529094696,
                    0.6209744215011597
                ],
                [
                    0.03989838808774948,
                    -0.6618435382843018,
                    0.7485795617103577
                ]
            ],
            [
                [
                    0.954400360584259,
                    0.2984190285205841,
                    -0.008130009286105633
                ],
                [
                    -0.29684993624687195,
                    0.9515628814697266,
                    0.08005085587501526
                ],
                [
                    0.03162491321563721,
                    -0.07398716360330582,
                    0.9967576265335083
                ]
            ]
        ],
        "betas": [
            0.012158006429672241,
            -0.024765342473983765,
            -0.09141907095909119,
            0.030952483415603638,
            0.060359835624694824,
            -0.024985376745462418,
            0.04517045617103577,
            -0.044824033975601196,
            -0.02883659303188324,
            -0.03474798798561096
        ]
    },
    "pred_cam_t": [
        -0.09844938665628433,
        -0.07040809839963913,
        5.065442085266113
    ],
    "focal_length": [
        5000.0,
        5000.0
    ],
    "pred_keypoints_3d": [
        [
            0.09574349224567413,
            0.006389438174664974,
            0.006184935569763184
        ],
        [
            0.11497128009796143,
            0.031390562653541565,
            -0.01597198285162449
        ],
        [
            0.1264072060585022,
            0.059999532997608185,
            -0.015480153262615204
        ],
        [
            0.1268741935491562,
            0.08711263537406921,
            -0.014795146882534027
        ],
        [
            0.12505993247032166,
            0.1204715445637703,
            -0.02871762216091156
        ],
        [
            0.08620142191648483,
            0.08649905771017075,
            -0.035256918519735336
        ],
        [
            0.08814996480941772,
            0.1192622184753418,
            -0.03129550442099571
        ],
        [
            0.10149247199296951,
            0.13502420485019684,
            -0.023063454777002335
        ],
        [
            0.11712834239006042,
            0.14002622663974762,
            -0.003474760800600052
        ],
        [
            0.06891527771949768,
            0.09384825080633163,
            -0.01853933185338974
        ],
        [
            0.07225068658590317,
            0.12411897629499435,
            -0.009728549048304558
        ],
        [
            0.09142959862947464,
            0.12788251042366028,
            0.002924082800745964
        ],
        [
            0.11070367693901062,
            0.11998505890369415,
            0.018289439380168915
        ],
        [
            0.062420785427093506,
            0.08576562255620956,
            0.006062053143978119
        ],
        [
            0.07010387629270554,
            0.11355957388877869,
            0.006327429320663214
        ],
        [
            0.09002654999494553,
            0.11751054227352142,
            0.020572330802679062
        ],
        [
            0.10685686767101288,
            0.1083192452788353,
            0.037843115627765656
        ],
        [
            0.062282368540763855,
            0.07826221734285355,
            0.026505490764975548
        ],
        [
            0.07045846432447433,
            0.0975862517952919,
            0.02417251095175743
        ],
        [
            0.08482389152050018,
            0.10442031174898148,
            0.034503184258937836
        ],
        [
            0.09902344644069672,
            0.1001020222902298,
            0.04455539211630821
        ]
    ],
    "pred_vertices": [
        [
            0.10362105071544647,
            0.05648620054125786,
            -0.01467762142419815
        ],
        [
            0.10630802065134048,
            0.04682856798171997,
            -0.010168630629777908
        ],
        [
            0.10962570458650589,
            0.05439576879143715,
            -0.011865135282278061
        ],
        [
            0.10754771530628204,
            0.06230427324771881,
            -0.019147204235196114
        ],
        [
            0.1213955506682396,
            0.04100121557712555,
            0.0010400302708148956
        ],
        [
            0.1305564045906067,
            0.03495599329471588,
            -0.0035324618220329285
        ],
        [
            0.13320714235305786,
            0.05144372954964638,
            -0.004854751750826836
        ],
        [
            0.1255117803812027,
            0.054134007543325424,
            0.000660330057144165
        ],
        [
            0.10932700335979462,
            0.06704705953598022,
            -0.022464552894234657
        ],
        [
            0.1128271222114563,
            0.06124211102724075,
            -0.012638028711080551
        ],
        [
            0.1090158224105835,
            0.06709659844636917,
            -0.023854155093431473
        ],
        [
            0.10111052542924881,
            0.0696772113442421,
            -0.037423983216285706
        ],
        [
            0.10385636985301971,
            0.07118570059537888,
            -0.0319460891187191
        ],
        [
            0.09520068019628525,
            0.07418845593929291,
            -0.04240541160106659
        ],
        [
            0.09719165414571762,
            0.0606766976416111,
            -0.04118312895298004
        ],
        [
            0.08645457029342651,
            0.07114360481500626,
            -0.0442654974758625
        ],
        [
            0.0743638426065445,
            0.049326639622449875,
            -0.02740725502371788
        ],
        [
            0.06773968040943146,
            0.04707350581884384,
            -0.015486587770283222
        ],
        [
            0.06220773607492447,
            0.0631098598241806,
            -0.01858772523701191
        ],
        [
            0.07009336352348328,
            0.06415468454360962,
            -0.029959404841065407
        ],
        [
            0.05903401970863342,
            0.05692045018076897,
            0.0011497740633785725
        ],
        [
            0.06036669760942459,
            0.06107453256845474,
            -0.009847600944340229
        ],
        [
            0.0648508295416832,
            0.04460715875029564,
            -0.007291134912520647
        ],
        [
            0.06360872834920883,
            0.04170709103345871,
            0.002464910037815571
        ],
        [
            0.09722722321748734,
            0.04920414462685585,
            -0.0023139286786317825
        ],
        [
            0.10068563371896744,
            0.03964254632592201,
            0.0012360680848360062
        ],
        [
            0.1021781861782074,
            0.041223496198654175,
            -0.004547715187072754
        ],
        [
            0.09949159622192383,
            0.05069214105606079,
            -0.007334541529417038
        ],
        [
            0.11689011752605438,
            0.0679534450173378,
            -0.02404652163386345
        ],
        [
            0.11324550211429596,
            0.056985583156347275,
            -0.03348030149936676
        ],
        [
            0.10920839756727219,
            0.06274844706058502,
            -0.030497552827000618
        ],
        [
            0.1154920905828476,
            0.06986010819673538,
            -0.0188758485019207
        ],
        [
            0.10979735851287842,
            0.01948276162147522,
            0.020797843113541603
        ],
        [
            0.10945485532283783,
            0.005999252200126648,
            0.019744353368878365
        ],
        [
            0.11177653074264526,
            0.005687907338142395,
            0.014279471710324287
        ],
        [
            0.11119090020656586,
            0.017908334732055664,
            0.016020536422729492
        ],
        [
            0.12384763360023499,
            0.013892337679862976,
            -0.001563243567943573
        ],
        [
            0.12000435590744019,
            0.004031427204608917,
            -0.0017400570213794708
        ],
        [
            0.11940056085586548,
            -0.004019387066364288,
            -0.011970628052949905
        ],
        [
            0.12283793091773987,
            0.006046608090400696,
            -0.014782538637518883
        ],
        [
            0.12737852334976196,
            0.02461118996143341,
            -0.002795666456222534
        ],
        [
            0.12960073351860046,
            0.018194466829299927,
            -0.01415121927857399
        ],
        [
            0.13381372392177582,
            0.031081125140190125,
            -0.01343664713203907
        ],
        [
            0.13594363629817963,
            0.04952702671289444,
            -0.013362767174839973
        ],
        [
            0.10180460661649704,
            0.005419634282588959,
            0.029992692172527313
        ],
        [
            0.10142181813716888,
            0.015307813882827759,
            0.03256310895085335
        ],
        [
            0.09995953738689423,
            0.11735829710960388,
            -0.029246807098388672
        ],
        [
            0.09786966443061829,
            0.11797618865966797,
            -0.023756898939609528
        ],
        [
            0.09743916988372803,
            0.11399166285991669,
            -0.024839971214532852
        ],
        [
            0.09926198422908783,
            0.11452513933181763,
            -0.030324403196573257
        ],
        [
            0.08186916261911392,
            0.007574126124382019,
            0.032357677817344666
        ],
        [
            0.07393176853656769,
            0.004949487745761871,
            0.026742182672023773
        ],
        [
            0.07669690251350403,
            -0.0012089014053344727,
            0.029490185901522636
        ],
        [
            0.08511162549257278,
            0.0007806867361068726,
            0.033150382339954376
        ],
        [
            0.07766134291887283,
            0.01656370609998703,
            0.03126021474599838
        ],
        [
            0.0708012655377388,
            0.013719014823436737,
            0.022761661559343338
        ],
        [
            0.09314440190792084,
            0.12467806041240692,
            -0.03740353509783745
        ],
        [
            0.09744910150766373,
            0.12196297943592072,
            -0.0365680567920208
        ],
        [
            0.09458567947149277,
            0.11858736723661423,
            -0.03842385485768318
        ],
        [
            0.08977518230676651,
            0.12012706696987152,
            -0.03838273882865906
        ],
        [
            0.10426700115203857,
            0.06936930119991302,
            -0.025602426379919052
        ],
        [
            0.10148561000823975,
            0.06543033570051193,
            -0.018060315400362015
        ],
        [
            0.09717175364494324,
            0.08380232751369476,
            -0.029827799648046494
        ],
        [
            0.09754370152950287,
            0.07673083245754242,
            -0.02497001178562641
        ],
        [
            0.10040351748466492,
            0.0756024420261383,
            -0.031206268817186356
        ],
        [
            0.09878627210855484,
            0.08140082657337189,
            -0.03526942804455757
        ],
        [
            0.08765685558319092,
            0.06975016742944717,
            -0.004644644446671009
        ],
        [
            0.09144037961959839,
            0.0589258149266243,
            -0.002296673133969307
        ],
        [
            0.09372158348560333,
            0.06108275055885315,
            -0.008177665993571281
        ],
        [
            0.09102462232112885,
            0.0732250064611435,
            -0.011803553439676762
        ],
        [
            0.08799410611391068,
            0.0574844591319561,
            0.011378706432878971
        ],
        [
            0.08414268493652344,
            0.06806714832782745,
            0.007754198741167784
        ],
        [
            0.08256068080663681,
            0.06597984582185745,
            0.015949640423059464
        ],
        [
            0.08642907440662384,
            0.05919918790459633,
            0.017493553459644318
        ],
        [
            0.07850704342126846,
            0.08547815680503845,
            -0.0015983469784259796
        ],
        [
            0.07598497718572617,
            0.09109710156917572,
            -0.003898615948855877
        ],
        [
            0.07536747306585312,
            0.09141577780246735,
            -0.000628368929028511
        ],
        [
            0.0773368701338768,
            0.08453348278999329,
            0.0018684961833059788
        ],
        [
            0.07874437421560287,
            -0.007755443453788757,
            0.031332191079854965
        ],
        [
            0.0882258489727974,
            -0.005819059908390045,
            0.03293304890394211
        ],
        [
            0.05810084939002991,
            0.05289057269692421,
            0.022488262504339218
        ],
        [
            0.06375051289796829,
            0.05018584430217743,
            0.03180600702762604
        ],
        [
            0.058598630130290985,
            0.06328712403774261,
            0.03230588883161545
        ],
        [
            0.05338893085718155,
            0.06257347762584686,
            0.021942922845482826
        ],
        [
            0.07019279152154922,
            0.004174478352069855,
            0.01709497720003128
        ],
        [
            0.0711204782128334,
            -0.002429470419883728,
            0.021222218871116638
        ],
        [
            0.08831112086772919,
            0.1268884390592575,
            -0.03440065681934357
        ],
        [
            0.085303895175457,
            0.1214437335729599,
            -0.03473372757434845
        ],
        [
            0.12823863327503204,
            0.026159219443798065,
            -0.025499820709228516
        ],
        [
            0.13368432223796844,
            0.04794714227318764,
            -0.02279093861579895
        ],
        [
            0.120969258248806,
            0.010752744972705841,
            -0.024606572464108467
        ],
        [
            0.1142382025718689,
            0.0009183958172798157,
            -0.02233218401670456
        ],
        [
            0.11121048033237457,
            -0.007886029779911041,
            -0.02015599049627781
        ],
        [
            0.09365822374820709,
            0.08008028566837311,
            -0.020750636234879494
        ],
        [
            0.09828895330429077,
            0.05952411890029907,
            -0.011691709980368614
        ],
        [
            0.0955580398440361,
            0.04829850420355797,
            0.0025414079427719116
        ],
        [
            0.087715744972229,
            0.05014011263847351,
            0.03241097927093506
        ],
        [
            0.09194041043519974,
            0.040635768324136734,
            0.03428762033581734
        ],
        [
            0.09532147645950317,
            0.04483189806342125,
            0.02500130794942379
        ],
        [
            0.09038498997688293,
            0.05206820368766785,
            0.025027863681316376
        ],
        [
            0.07152581214904785,
            0.05319475382566452,
            0.037080131471157074
        ],
        [
            0.07832083851099014,
            0.05725223571062088,
            0.035145390778779984
        ],
        [
            0.07400259375572205,
            0.06536811590194702,
            0.03406889736652374
        ],
        [
            0.06666651368141174,
            0.06351140141487122,
            0.03627805411815643
        ],
        [
            0.12279872596263885,
            0.06695559620857239,
            -0.02814672887325287
        ],
        [
            0.11857133358716965,
            0.052344683557748795,
            -0.03506872057914734
        ],
        [
            0.09176363050937653,
            0.010477401316165924,
            0.03471800684928894
        ],
        [
            0.09487923234701157,
            0.0035123229026794434,
            0.03302691876888275
        ],
        [
            0.0958685427904129,
            -0.004895567893981934,
            0.03211532533168793
        ],
        [
            0.10636575520038605,
            0.029459074139595032,
            0.009844839572906494
        ],
        [
            0.11226649582386017,
            0.016827017068862915,
            0.012667380273342133
        ],
        [
            0.11407963931560516,
            0.017575010657310486,
            0.00865694135427475
        ],
        [
            0.1062593013048172,
            0.029316939413547516,
            0.00582096166908741
        ],
        [
            0.10975821316242218,
            0.03808075189590454,
            -0.002895265817642212
        ],
        [
            0.11799539625644684,
            0.02891799807548523,
            0.0016475804150104523
        ],
        [
            0.11260811239480972,
            0.04806913435459137,
            -0.0021657347679138184
        ],
        [
            0.11539317667484283,
            0.003696233034133911,
            0.007179331034421921
        ],
        [
            0.11365742236375809,
            -0.004422537982463837,
            0.014523489400744438
        ],
        [
            0.11669254302978516,
            -0.005561605095863342,
            0.0062482524663209915
        ],
        [
            0.10832883417606354,
            -0.004384920001029968,
            0.02272699773311615
        ],
        [
            0.10225611180067062,
            -0.004441581666469574,
            0.02921193651854992
        ],
        [
            0.07007995247840881,
            -0.010549582540988922,
            0.02360285259783268
        ],
        [
            0.11812187731266022,
            -0.006042905151844025,
            -0.0018708668649196625
        ],
        [
            0.12795251607894897,
            0.06327246874570847,
            -0.002125285565853119
        ],
        [
            0.1294585019350052,
            0.07153556495904922,
            -0.004866132512688637
        ],
        [
            0.12237009406089783,
            0.07186934351921082,
            -0.004936582408845425
        ],
        [
            0.12044045329093933,
            0.0648992508649826,
            -0.0032176896929740906
        ],
        [
            0.09055418521165848,
            0.0816979855298996,
            -0.04496043175458908
        ],
        [
            0.09680290520191193,
            0.08200722932815552,
            -0.040666691958904266
        ],
        [
            0.1003321185708046,
            0.07441139221191406,
            -0.03776807710528374
        ],
        [
            0.1046764999628067,
            0.029526740312576294,
            0.023867087438702583
        ],
        [
            0.0979820042848587,
            0.02554754912853241,
            0.03379969298839569
        ],
        [
            0.09316487610340118,
            0.0870676040649414,
            -0.02570982649922371
        ],
        [
            0.08710408210754395,
            0.11611117422580719,
            -0.039781320840120316
        ],
        [
            0.09275080263614655,
            0.11451821029186249,
            -0.03992103785276413
        ],
        [
            0.09082049876451492,
            0.09661635011434555,
            -0.04368296265602112
        ],
        [
            0.08412954956293106,
            0.09855207800865173,
            -0.04373804107308388
        ],
        [
            0.08533059060573578,
            0.0940871387720108,
            -0.024882575497031212
        ],
        [
            0.09172606468200684,
            0.09085425734519958,
            -0.025750016793608665
        ],
        [
            0.09050295501947403,
            0.09300309419631958,
            -0.025422830134630203
        ],
        [
            0.08549799770116806,
            0.09644961357116699,
            -0.022817667573690414
        ],
        [
            0.07415903359651566,
            0.08788951486349106,
            0.007871508598327637
        ],
        [
            0.07603093981742859,
            0.08156899362802505,
            0.010052982717752457
        ],
        [
            0.06854213774204254,
            0.08012959361076355,
            -0.030115881934762
        ],
        [
            0.07312200963497162,
            0.07747622579336166,
            -0.04260927811264992
        ],
        [
            0.0773865208029747,
            0.06590653955936432,
            -0.03992356359958649
        ],
        [
            0.08561540395021439,
            0.06791642308235168,
            0.0023088790476322174
        ],
        [
            0.0819360688328743,
            0.07758403569459915,
            0.000938907265663147
        ],
        [
            0.08052404224872589,
            0.07687549293041229,
            0.004821795038878918
        ],
        [
            0.09046787023544312,
            0.0832776203751564,
            -0.019000910222530365
        ],
        [
            0.08858078718185425,
            0.08921235799789429,
            -0.022201208397746086
        ],
        [
            0.08643530309200287,
            0.08737403899431229,
            -0.018252477049827576
        ],
        [
            0.08827236294746399,
            0.08144333958625793,
            -0.014391413889825344
        ],
        [
            0.0679120346903801,
            0.03740226477384567,
            0.031764671206474304
        ],
        [
            0.076835036277771,
            0.04110805690288544,
            0.038312844932079315
        ],
        [
            0.09989318251609802,
            0.11906491219997406,
            -0.03377455472946167
        ],
        [
            0.09814181178808212,
            0.1162559911608696,
            -0.03535804897546768
        ],
        [
            0.08940701186656952,
            0.057349033653736115,
            0.00446733646094799
        ],
        [
            0.08267615735530853,
            0.05268647521734238,
            -0.03563704341650009
        ],
        [
            0.09409787505865097,
            0.04751060530543327,
            0.007830283604562283
        ],
        [
            0.05667273700237274,
            0.07744943350553513,
            0.010178592056035995
        ],
        [
            0.061559583991765976,
            0.08083091676235199,
            0.01542644388973713
        ],
        [
            0.062823086977005,
            0.08693559467792511,
            0.014103558845818043
        ],
        [
            0.05826525017619133,
            0.0866834819316864,
            0.010056845843791962
        ],
        [
            0.08655153959989548,
            0.11141335219144821,
            -0.020490754395723343
        ],
        [
            0.09222414344549179,
            0.11067552119493484,
            -0.021053705364465714
        ],
        [
            0.09310279041528702,
            0.11488377302885056,
            -0.020449943840503693
        ],
        [
            0.08763088285923004,
            0.11700502038002014,
            -0.019920263439416885
        ],
        [
            0.09575612097978592,
            0.08907261490821838,
            -0.02970723621547222
        ],
        [
            0.0978347435593605,
            0.08765926212072372,
            -0.035545237362384796
        ],
        [
            0.09729805588722229,
            0.09326490759849548,
            -0.03406921401619911
        ],
        [
            0.09434498846530914,
            0.09334763139486313,
            -0.028867587447166443
        ],
        [
            0.09541711211204529,
            0.0885542780160904,
            -0.04109004884958267
        ],
        [
            0.09552506357431412,
            0.09441754221916199,
            -0.04004187136888504
        ],
        [
            0.08132108300924301,
            0.11340867727994919,
            -0.023679234087467194
        ],
        [
            0.07942938804626465,
            0.11572233587503433,
            -0.030519792810082436
        ],
        [
            0.07572852075099945,
            0.0995287373661995,
            -0.032723408192396164
        ],
        [
            0.07945820689201355,
            0.10000408440828323,
            -0.025734327733516693
        ],
        [
            0.0666910856962204,
            0.02684371918439865,
            0.0032818084582686424
        ],
        [
            0.06578242033720016,
            0.026005819439888,
            0.014359844848513603
        ],
        [
            0.06246266886591911,
            0.04077873378992081,
            0.013832070864737034
        ],
        [
            0.057765986770391464,
            0.055121734738349915,
            0.013494889251887798
        ],
        [
            0.05452996864914894,
            0.06889139115810394,
            0.012402454391121864
        ],
        [
            0.05411744490265846,
            0.06944818049669266,
            0.0002956304815597832
        ],
        [
            0.0628470703959465,
            0.03895731642842293,
            0.02184208482503891
        ],
        [
            0.07639896124601364,
            0.09169125556945801,
            -0.025951329618692398
        ],
        [
            0.07342907786369324,
            0.08851967006921768,
            -0.03349452465772629
        ],
        [
            0.07139775902032852,
            0.08778741955757141,
            -0.02839784510433674
        ],
        [
            0.09325715154409409,
            0.04787531867623329,
            0.01525518111884594
        ],
        [
            0.09697627276182175,
            0.11265277117490768,
            -0.03716174140572548
        ],
        [
            0.08967818319797516,
            -0.002278842031955719,
            -0.020818457007408142
        ],
        [
            0.07946167886257172,
            -0.002715587615966797,
            -0.01153696607798338
        ],
        [
            0.07973597943782806,
            0.0055728480219841,
            -0.014581229537725449
        ],
        [
            0.09229428321123123,
            0.006674669682979584,
            -0.02469170093536377
        ],
        [
            0.09735528379678726,
            0.11030735075473785,
            -0.025662263855338097
        ],
        [
            0.09940000623464584,
            0.110848069190979,
            -0.03157069906592369
        ],
        [
            0.07392566651105881,
            0.08218695223331451,
            0.01635013148188591
        ],
        [
            0.07213696092367172,
            0.08789145201444626,
            0.013264534063637257
        ],
        [
            0.06911070644855499,
            0.0888434574007988,
            0.014916950836777687
        ],
        [
            0.07125258445739746,
            0.08497961610555649,
            0.02030968852341175
        ],
        [
            0.06652583926916122,
            0.02447611838579178,
            0.02008849009871483
        ],
        [
            0.058896202594041824,
            0.07348329573869705,
            0.032203301787376404
        ],
        [
            0.05341716483235359,
            0.07159586995840073,
            0.0231410413980484
        ],
        [
            0.06863661855459213,
            0.01318071037530899,
            0.014379965141415596
        ],
        [
            0.06886763125658035,
            0.013586319983005524,
            0.004610797390341759
        ],
        [
            0.0702313631772995,
            0.004048988223075867,
            0.006139389239251614
        ],
        [
            0.05854057893157005,
            0.077826127409935,
            -0.011694569140672684
        ],
        [
            0.0677952840924263,
            0.029679030179977417,
            -0.004853107966482639
        ],
        [
            0.07056169211864471,
            0.015584409236907959,
            -0.002599908970296383
        ],
        [
            0.07227694988250732,
            0.00427459180355072,
            -0.0011036181822419167
        ],
        [
            0.07268635928630829,
            -0.00392487645149231,
            0.00040003564208745956
        ],
        [
            0.07053520530462265,
            -0.0033053383231163025,
            0.008239613845944405
        ],
        [
            0.08236834406852722,
            0.11652661114931107,
            -0.03564317896962166
        ],
        [
            0.08169861137866974,
            0.12197308242321014,
            -0.029011236503720284
        ],
        [
            0.06925304234027863,
            -0.01204729825258255,
            0.01038362830877304
        ],
        [
            0.07237741351127625,
            -0.01224777102470398,
            0.0016391333192586899
        ],
        [
            0.07390417158603668,
            0.017337948083877563,
            -0.011038323864340782
        ],
        [
            0.07996214926242828,
            0.01987578719854355,
            -0.02103383094072342
        ],
        [
            0.07127172499895096,
            0.030977778136730194,
            -0.012786375358700752
        ],
        [
            0.07652852684259415,
            0.034456729888916016,
            -0.022768786177039146
        ],
        [
            0.0584917776286602,
            0.07506884634494781,
            -0.02224520966410637
        ],
        [
            0.09229498356580734,
            0.1364031583070755,
            -0.02153651788830757
        ],
        [
            0.08530712127685547,
            0.12667742371559143,
            -0.023071231320500374
        ],
        [
            0.08864577114582062,
            0.123126320540905,
            -0.019893724471330643
        ],
        [
            0.0927249863743782,
            0.13351820409297943,
            -0.018088150769472122
        ],
        [
            0.08321650326251984,
            0.11959891766309738,
            -0.02285289764404297
        ],
        [
            0.08489707857370377,
            0.12765167653560638,
            -0.028690729290246964
        ],
        [
            0.0881531685590744,
            0.03820345923304558,
            -0.032928843051195145
        ],
        [
            0.08379441499710083,
            0.09290748834609985,
            -0.020878145471215248
        ],
        [
            0.09643984586000443,
            0.023290611803531647,
            -0.03135573863983154
        ],
        [
            0.10080769658088684,
            0.04792550951242447,
            -0.04026741534471512
        ],
        [
            0.10927896201610565,
            0.0379970446228981,
            -0.037495583295822144
        ],
        [
            0.10666126012802124,
            0.008396729826927185,
            -0.02929786592721939
        ],
        [
            0.11653172224760056,
            0.023684442043304443,
            -0.0336775965988636
        ],
        [
            0.10022284835577011,
            -0.009041935205459595,
            -0.022123362869024277
        ],
        [
            0.10161904245615005,
            -0.0003439709544181824,
            -0.025217510759830475
        ],
        [
            0.12469375133514404,
            0.04048959165811539,
            -0.03269441798329353
        ],
        [
            0.10365431755781174,
            0.12416797131299973,
