{
    "pred_cam": [
        8.944351196289062,
        0.14061297476291656,
        -0.030729319900274277
    ],
    "pred_mano_params": {
        "global_orient": [
            [
                [
                    -0.8899341821670532,
                    0.24743692576885223,
                    -0.38313475251197815
                ],
                [
                    0.03083244524896145,
                    -0.8054834008216858,
                    -0.5918157696723938
                ],
                [
                    -0.4550457298755646,
                    -0.5384899973869324,
                    0.7091981172561646
                ]
            ]
        ],
        "hand_pose": [
            [
                [
                    0.5625939965248108,
                    -0.6348901391029358,
                    -0.5295305252075195
                ],
                [
                    0.6721785068511963,
                    0.7241726517677307,
                    -0.1541108787059784
                ],
                [
                    0.48131489753723145,
                    -0.26923713088035583,
                    0.8341746926307678
                ]
            ],
            [
                [
                    0.8485330939292908,
                    -0.5273884534835815,
                    0.04304684326052666
                ],
                [
                    0.48025140166282654,
                    0.7334251403808594,
                    -0.4810886085033417
                ],
                [
                    0.22214889526367188,
                    0.42889291048049927,
                    0.8756145238876343
                ]
            ],
            [
                [
                    0.721935510635376,
                    -0.26794329285621643,
                    0.6379777193069458
                ],
                [
                    0.1945439726114273,
                    0.9633920788764954,
                    0.18446768820285797
                ],
                [
                    -0.6640495657920837,
                    -0.009059073403477669,
                    0.747633695602417
                ]
            ],
            [
                [
                    0.49639657139778137,
                    -0.7804794907569885,
                    -0.38005542755126953
                ],
                [
                    0.7824084162712097,
                    0.5919041037559509,
                    -0.19361425936222076
                ],
                [
                    0.3760683536529541,
                    -0.2012491226196289,
                    0.9044728875160217
                ]
            ],
            [
                [
                    0.7777585983276367,
                    -0.5892139673233032,
                    -0.21890293061733246
                ],
                [
                    0.6234648823738098,
                    0.767422080039978,
                    0.14951570332050323
                ],
                [
                    0.07989419996738434,
                    -0.252765417098999,
                    0.964223325252533
                ]
            ],
            [
                [
                    0.752169132232666,
                    -0.6260530948638916,
                    0.20566745102405548
                ],
                [
                    0.6258280277252197,
                    0.776390016078949,
                    0.07455137372016907
                ],
                [
                    -0.20635125041007996,
                    0.07263720780611038,
                    0.9757781624794006
                ]
            ],
            [
                [
                    0.03310230001807213,
                    -0.9378018975257874,
                    -0.345589280128479
                ],
                [
                    0.9528835415840149,
                    -0.07470492273569107,
                    0.29399365186691284
                ],
                [
                    -0.3015249967575073,
                    -0.3390381634235382,
                    0.8911431431770325
                ]
            ],
            [
                [
                    0.4905072748661041,
                    -0.8487815260887146,
                    -0.1974145770072937
                ],
                [
                    0.7510738968849182,
                    0.2968864440917969,
                    0.5897004008293152
                ],
                [
                    -0.4419171214103699,
                    -0.43752521276474,
                    0.7831225991249084
                ]
            ],
            [
                [
                    0.8190926909446716,
                    -0.5567272305488586,
                    0.13835424184799194
                ],
                [
                    0.3468504548072815,
                    0.672726035118103,
                    0.6535553336143494
                ],
                [
                    -0.45692649483680725,
                    -0.4873342216014862,
                    0.7441260814666748
                ]
            ],
            [
                [
                    0.33373644948005676,
                    -0.9118961691856384,
                    -0.23888373374938965
                ],
                [
                    0.8604673147201538,
                    0.39818599820137024,
                    -0.31787413358688354
                ],
                [
                    0.38498833775520325,
                    -0.09946545213460922,
                    0.9175459742546082
                ]
            ],
            [
                [
                    0.4883672297000885,
                    -0.8615812659263611,
                    -0.13847430050373077
                ],
                [
                    0.7544292211532593,
                    0.3371129035949707,
                    0.5631974935531616
                ],
                [
                    -0.4385589361190796,
                    -0.3795163035392761,
                    0.8146369457244873
                ]
            ],
            [
                [
                    0.7040296196937561,
                    -0.6725814342498779,
                    0.22798359394073486
                ],
                [
                    0.5634806156158447,
                    0.7244317531585693,
                    0.3970997631549835
                ],
                [
                    -0.43224045634269714,
                    -0.15110565721988678,
                    0.8890079855918884
                ]
            ],
            [
                [
                    0.7270352840423584,
                    0.17396004498004913,
                    -0.6641968488693237
                ],
                [
                    -0.6351118683815002,
                    0.5379370450973511,
                    -0.5543072819709778
                ],
                [
                    0.26086875796318054,
                    0.8248403072357178,
                    0.5015832781791687
                ]
            ],
            [
                [
                    0.8228952884674072,
                    -0.55268394947052,
                    -0.1318475604057312
                ],
                [
                    0.555913507938385,
                    0.73515385389328,
                    0.3879547715187073
                ],
                [
                    -0.11748810857534409,
                    -0.3925420045852661,
                    0.9121991395950317
                ]
            ],
            [
                [
                    0.8811722993850708,
                    -0.42981043457984924,
                    -0.19697305560112
                ],
                [
                    0.18841922283172607,
                    0.7013405561447144,
                    -0.6874734163284302
                ],
                [
                    0.4336284399032593,
                    0.5686690211296082,
                    0.6989864110946655
                ]
            ]
        ],
        "betas": [
            0.02745366096496582,
            -0.01954793930053711,
            -0.000843048095703125,
            0.08026537299156189,
            0.0011269748210906982,
            -0.03353077918291092,
            0.040054529905319214,
            -0.021546214818954468,
            -0.013373911380767822,
            -0.06464588642120361
        ]
    },
    "pred_cam_t": [
        -0.14061297476291656,
        -0.030729319900274277,
        4.367281436920166
    ],
    "focal_length": [
        5000.0,
        5000.0
    ],
    "pred_keypoints_3d": [
        [
            0.0955854207277298,
            0.0063737528398633,
            0.006164996884763241
        ],
        [
            0.10327636450529099,
            0.0028761327266693115,
            0.04377226531505585
        ],
        [
            0.1269465684890747,
            -0.002318203914910555,
            0.0627603530883789
        ],
        [
            0.1508144587278366,
            0.0032480028457939625,
            0.07427935302257538
        ],
        [
            0.17329104244709015,
            0.028840847313404083,
            0.07997989654541016
        ],
        [
            0.16477376222610474,
            -0.004326627589762211,
            0.063652902841568
        ],
        [
            0.18536171317100525,
            0.01943385973572731,
            0.07353045046329498
        ],
        [
            0.18434764444828033,
            0.0413227304816246,
            0.0768074244260788
        ],
        [
            0.17528970539569855,
            0.05653078109025955,
            0.09300285577774048
        ],
        [
            0.18070542812347412,
            0.006669071037322283,
            0.04760678485035896
        ],
        [
            0.19491706788539886,
            0.03416888043284416,
            0.05413452535867691
        ],
        [
            0.18706253170967102,
            0.055811941623687744,
            0.05711102858185768
        ],
        [
            0.1691044569015503,
            0.07104005664587021,
            0.06604431569576263
        ],
        [
            0.17751118540763855,
            0.022819727659225464,
            0.026569578796625137
        ],
        [
            0.18712154030799866,
            0.04943346232175827,
            0.03181543946266174
        ],
        [
            0.16678862273693085,
            0.06275643408298492,
            0.03637828677892685
        ],
        [
            0.1456427425146103,
            0.062173571437597275,
            0.04893800616264343
        ],
        [
            0.1708482801914215,
            0.037773679941892624,
            0.012190272100269794
        ],
        [
            0.16495569050312042,
            0.05742817744612694,
            0.016967840492725372
        ],
        [
            0.1460726112127304,
            0.056841783225536346,
            0.016216179355978966
        ],
        [
            0.1329086869955063,
            0.04294493421912193,
            0.019177120178937912
        ]
    ],
    "pred_vertices": [
        [
            0.12866869568824768,
            0.007941771298646927,
            0.04698941856622696
        ],
        [
            0.1186857745051384,
            0.009684698656201363,
            0.04114243760704994
        ],
        [
            0.1246548667550087,
            0.007211416959762573,
            0.04764411225914955
        ],
        [
            0.13135890662670135,
            0.005110788159072399,
            0.05407538264989853
        ],
        [
            0.11111489683389664,
            0.01788233406841755,
            0.051795054227113724
        ],
        [
            0.10182654112577438,
            0.014275770634412766,
            0.05922332778573036
        ],
        [
            0.11762475967407227,
            0.010801142081618309,
            0.06780112534761429
        ],
        [
            0.12281256914138794,
            0.015280554071068764,
            0.05938868224620819
        ],
        [
            0.13532108068466187,
            0.0007069818675518036,
            0.0581536628305912
        ],
        [
            0.13005399703979492,
            0.0055016689002513885,
            0.05318553000688553
        ],
        [
            0.13736771047115326,
            -0.004660431295633316,
            0.05684919282793999
        ],
        [
            0.14285095036029816,
            -0.012636899948120117,
            0.06120578944683075
        ],
        [
            0.1416301727294922,
            -0.004551321268081665,
            0.06269492954015732
        ],
        [
            0.1502397060394287,
            -0.014922788366675377,
            0.06383097171783447
        ],
        [
            0.13843241333961487,
            -0.02017904818058014,
            0.05514338240027428
        ],
        [
            0.1537012904882431,
            -0.02018885314464569,
            0.05716143548488617
        ],
        [
            0.1436779946088791,
            -0.01531950756907463,
            0.030959028750658035
        ],
        [
            0.14604246616363525,
            -0.007931247353553772,
            0.01997685804963112
        ],
        [
            0.16265058517456055,
            -0.006955986842513084,
            0.02670159377157688
        ],
        [
            0.15842321515083313,
            -0.01376460213214159,
            0.03777686506509781
        ],
        [
            0.15924006700515747,
            0.006677620112895966,
            0.011153975501656532
        ],
        [
            0.16187503933906555,
            -0.0007128715515136719,
            0.02014198526740074
        ],
        [
            0.14571812748908997,
            -0.0027068648487329483,
            0.012618981301784515
        ],
        [
            0.14395873248577118,
            0.004222283139824867,
            0.005260113626718521
        ],
        [
            0.12736326456069946,
            0.014989428222179413,
            0.03425939008593559
        ],
        [
            0.11689973622560501,
            0.016675256192684174,
            0.029349831864237785
        ],
        [
            0.11637432873249054,
            0.013162166811525822,
            0.033270206302404404
        ],
        [
            0.12679237127304077,
            0.011927265673875809,
            0.03848786652088165
        ],
        [
            0.13736854493618011,
            -0.008769584819674492,
            0.06084950268268585
        ],
        [
            0.12826338410377502,
            -0.01565154455602169,
            0.05875568836927414
        ],
        [
            0.13447138667106628,
            -0.012224959209561348,
            0.05713915824890137
        ],
        [
            0.1392916738986969,
            -0.004103998187929392,
            0.059108953922986984
        ],
        [
            0.09584016352891922,
            0.02888156846165657,
            0.015485972166061401
        ],
        [
            0.08586782217025757,
            0.022975273430347443,
            0.008507948368787766
        ],
        [
            0.08431649953126907,
            0.019205909222364426,
            0.012803081423044205
        ],
        [
            0.093759685754776,
            0.025178980082273483,
            0.018130291253328323
        ],
        [
            0.08370082825422287,
            0.013896667398512363,
            0.03780581057071686
        ],
        [
            0.07858479768037796,
            0.008638466708362103,
            0.02698386088013649
        ],
        [
            0.07344143092632294,
            -0.004281309433281422,
            0.02661219984292984
        ],
        [
            0.07958529889583588,
            -0.0026012156158685684,
            0.03692923113703728
        ],
        [
            0.09210237860679626,
            0.015752281993627548,
            0.04986339062452316
        ],
        [
            0.0860789567232132,
            0.0028578564524650574,
            0.05082068592309952
        ],
        [
            0.09751234948635101,
            0.004082037135958672,
            0.06262553483247757
        ],
        [
            0.11506243050098419,
            0.002725467085838318,
            0.07205189019441605
        ],
        [
            0.08987005800008774,
            0.02883428893983364,
            -0.0021654441952705383
        ],
        [
            0.09753802418708801,
            0.0344930998980999,
            0.0016045868396759033
        ],
        [
            0.17429032921791077,
            0.02538400888442993,
            0.0799272432923317
        ],
        [
            0.17377372086048126,
            0.02805684320628643,
            0.0744546502828598
        ],
        [
            0.17089559137821198,
            0.023158643394708633,
            0.0742831826210022
        ],
        [
            0.17218634486198425,
            0.021247275173664093,
            0.07943813502788544
        ],
        [
            0.10428514331579208,
            0.02455022558569908,
            -0.015807267278432846
        ],
        [
            0.1076444536447525,
            0.015912283211946487,
            -0.019733991473913193
        ],
        [
            0.1010146364569664,
            0.01706773415207863,
            -0.02255959063768387
        ],
        [
            0.096944659948349,
            0.023972056806087494,
            -0.01764041930437088
        ],
        [
            0.11396023631095886,
            0.025281710550189018,
            -0.013378430157899857
        ],
        [
            0.11657745391130447,
            0.01447832677513361,
            -0.015168879181146622
        ],
        [
            0.18616841733455658,
            0.02070676162838936,
            0.08102677762508392
        ],
        [
            0.1817263811826706,
            0.02194686233997345,
            0.08362334966659546
        ],
        [
            0.18080390989780426,
            0.01651025004684925,
            0.08210189640522003
        ],
        [
            0.18468034267425537,
            0.014586424455046654,
            0.07846415042877197
        ],
        [
            0.13932284712791443,
            0.002551206387579441,
            0.060208529233932495
        ],
        [
            0.13766013085842133,
            0.00786134134978056,
            0.05313609540462494
        ],
        [
            0.15474601089954376,
            0.0022351047955453396,
            0.06763698905706406
        ],
        [
            0.149390310049057,
            0.004686318337917328,
            0.06076832115650177
        ],
        [
            0.14708825945854187,
            -0.0007197940722107887,
            0.0649164617061615
        ],
        [
            0.15284937620162964,
            -0.0026626326143741608,
            0.0697263553738594
        ],
        [
            0.14953625202178955,
            0.01664092391729355,
            0.04022565484046936
        ],
        [
            0.1387878954410553,
            0.01624552719295025,
            0.03582719713449478
        ],
        [
            0.13913525640964508,
            0.012709728442132473,
            0.04131552577018738
        ],
        [
            0.15034431219100952,
            0.012896259315311909,
            0.04797116667032242
        ],
        [
            0.13914871215820312,
            0.02623402327299118,
            0.02577880024909973
        ],
        [
            0.1497860699892044,
            0.025332622230052948,
            0.03059135004878044
        ],
        [
            0.14854203164577484,
            0.030938755720853806,
            0.02420434169471264
        ],
        [
            0.14102649688720703,
            0.03148471936583519,
            0.022531358525156975
        ],
        [
            0.16675740480422974,
            0.021004732698202133,
            0.041405390948057175
        ],
        [
            0.17157217860221863,
            0.020030740648508072,
            0.043438754975795746
        ],
        [
            0.17282940447330475,
            0.02593524195253849,
            0.04142172262072563
        ],
        [
            0.1665673404932022,
            0.023715298622846603,
            0.03874886408448219
        ],
        [
            0.09457681328058243,
            0.017074113711714745,
            -0.02560887113213539
        ],
        [
            0.08986508846282959,
            0.02257232554256916,
            -0.018967874348163605
        ],
        [
            0.1555890291929245,
            0.02357737347483635,
            -0.0030322279781103134
        ],
        [
            0.14867958426475525,
            0.03223378583788872,
            -0.005019219592213631
        ],
        [
            0.16077040135860443,
            0.03584297373890877,
            -0.0014496836811304092
        ],
        [
            0.1665308177471161,
            0.024880437180399895,
            -0.0007483474910259247
        ],
        [
            0.10990865528583527,
            0.00599035806953907,
            -0.01781715452671051
        ],
        [
            0.10406314581632614,
            0.0075028883293271065,
            -0.022821929305791855
        ],
        [
            0.18919602036476135,
            0.021083703264594078,
            0.07536899298429489
        ],
        [
            0.18687772750854492,
            0.015207470394670963,
            0.07284212857484818
        ],
        [
            0.09523946046829224,
            -0.008335672318935394,
            0.05752261355519295
        ],
        [
            0.1136065199971199,
            -0.006683129817247391,
            0.07077991217374802
        ],
        [
            0.08558347076177597,
            -0.010607097297906876,
            0.042754292488098145
        ],
        [
            0.08126095682382584,
            -0.013232906349003315,
            0.03076201304793358
        ],
        [
            0.07595733553171158,
            -0.015649504959583282,
            0.022411681711673737
        ],
        [
            0.15397042036056519,
            0.008114779368042946,
            0.058170512318611145
        ],
        [
            0.13494975864887238,
            0.010599733330309391,
            0.04494932293891907
        ],
        [
            0.12774480879306793,
            0.018223486840724945,
            0.030440954491496086
        ],
        [
            0.13263005018234253,
            0.041630007326602936,
            0.010972348973155022
        ],
        [
            0.12280833721160889,
            0.04151483625173569,
            0.007828818634152412
        ],
        [
            0.12419591844081879,
            0.03622772917151451,
            0.017102500423789024
        ],
        [
            0.13272054493427277,
            0.03693980351090431,
            0.01759514957666397
        ],
        [
            0.1451234072446823,
            0.04071946442127228,
            -0.0007980428636074066
        ],
        [
            0.1434507668018341,
            0.042882323265075684,
            0.006828581914305687
        ],
        [
            0.1507069170475006,
            0.042825326323509216,
            0.008924771100282669
        ],
        [
            0.1546015739440918,
            0.04161926731467247,
            0.001946689561009407
        ],
        [
            0.1344814896583557,
            -0.012221962213516235,
            0.06665103882551193
        ],
        [
            0.12213604152202606,
            -0.017474448308348656,
            0.061537180095911026
        ],
        [
            0.10002434253692627,
            0.031151145696640015,
            -0.008690707385540009
        ],
        [
            0.09275919944047928,
            0.028311746194958687,
            -0.009456072002649307
        ],
        [
            0.08567345887422562,
            0.024924974888563156,
            -0.012856632471084595
        ],
        [
            0.10526871681213379,
            0.022907616570591927,
            0.024013478308916092
        ],
        [
            0.09213030338287354,
            0.022873064503073692,
            0.02025819569826126
        ],
        [
            0.09119885414838791,
            0.021289441734552383,
            0.024802833795547485
        ],
        [
            0.10451015084981918,
            0.02041660249233246,
            0.02599644847214222
        ],
        [
            0.11034233868122101,
            0.015590403228998184,
            0.03901775926351547
        ],
        [
            0.09883487224578857,
            0.020256798714399338,
            0.041490815579891205
        ],
        [
            0.1204378679394722,
            0.013816948980093002,
            0.04575582221150398
        ],
        [
            0.08062951266765594,
            0.014210252091288567,
            0.018256254494190216
        ],
        [
            0.07538560032844543,
            0.016397271305322647,
            0.008441343903541565
        ],
        [
            0.07291574031114578,
            0.010067869909107685,
            0.014178168028593063
        ],
        [
            0.07846935838460922,
            0.021501459181308746,
            0.00066419318318367
        ],
        [
            0.08203469961881638,
            0.024846617132425308,
            -0.006786685436964035
        ],
        [
            0.09839225560426712,
            0.006308980286121368,
            -0.029085177928209305
        ],
        [
            0.07206041365861893,
            0.0033184709027409554,
            0.01899268850684166
        ],
        [
            0.12956252694129944,
            0.012332284823060036,
            0.06467371433973312
        ],
        [
            0.13536278903484344,
            0.010988102294504642,
            0.06913739442825317
        ],
        [
            0.1382438838481903,
            0.009114808402955532,
            0.06195339560508728
        ],
        [
            0.1329803764820099,
            0.009820686653256416,
            0.057210586965084076
        ],
        [
            0.15998825430870056,
            -0.013715406879782677,
            0.06720773130655289
        ],
        [
            0.15542727708816528,
            -0.00797036848962307,
            0.07055428624153137
        ],
        [
            0.14675217866897583,
            -0.008179616183042526,
            0.06621161848306656
        ],
        [
            0.10665903985500336,
            0.033193282783031464,
            0.015821106731891632
        ],
        [
            0.10749741643667221,
            0.03798568621277809,
            0.004114873707294464
        ],
        [
            0.15855437517166138,
            0.0056061227805912495,
            0.0643899068236351
        ],
        [
            0.18468336760997772,
            0.009706860408186913,
            0.07622287422418594
        ],
        [
            0.18024398386478424,
            0.010690358467400074,
            0.08052823692560196
        ],
        [
            0.1713307499885559,
            -0.003544987179338932,
            0.07499140501022339
        ],
        [
            0.1766917109489441,
            -0.004201123025268316,
            0.07051736116409302
        ],
        [
            0.16714881360530853,
            0.007593197748064995,
            0.06074449419975281
        ],
        [
            0.1607811003923416,
            0.0068139927461743355,
            0.06456908583641052
        ],
        [
            0.16225415468215942,
            0.00806878786534071,
            0.06357505917549133
        ],
        [
            0.16665449738502502,
            0.01070921216160059,
            0.059187885373830795
        ],
        [
            0.16949546337127686,
            0.03008328191936016,
            0.03424091637134552
        ],
        [
            0.16395850479602814,
            0.02853030525147915,
            0.03265585005283356
        ],
        [
            0.17157156765460968,
            -0.008185221813619137,
            0.04617416486144066
        ],
        [
            0.16772358119487762,
            -0.01841893047094345,
            0.052799709141254425
        ],
        [
            0.15508417785167694,
            -0.020402584224939346,
            0.04698207974433899
        ],
        [
            0.14908179640769958,
            0.021211832761764526,
            0.03432314470410347
        ],
        [
            0.1587408483028412,
            0.02199520356953144,
            0.0378086119890213
        ],
        [
            0.15876270830631256,
            0.024513229727745056,
            0.03460768610239029
        ],
        [
            0.15816906094551086,
            0.009725973010063171,
            0.056784939020872116
        ],
        [
            0.16276051104068756,
            0.00816764310002327,
            0.06041545048356056
        ],
        [
            0.16393527388572693,
            0.010580133646726608,
            0.05606358125805855
        ],
        [
            0.15837927162647247,
            0.012551357969641685,
            0.05187750235199928
        ],
        [
            0.13637734949588776,
            0.029402900487184525,
            -0.009191017597913742
        ],
        [
            0.1328759342432022,
            0.03955703228712082,
            -0.004372652620077133
        ],
        [
            0.1772669106721878,
            0.023424629122018814,
            0.08319680392742157
        ],
        [
            0.1758541613817215,
            0.018620431423187256,
            0.08230699598789215
        ],
        [
            0.13853146135807037,
            0.02076886221766472,
            0.030175551772117615
        ],
        [
            0.14072364568710327,
            -0.0194845050573349,
            0.0407586544752121
        ],
        [
            0.12787532806396484,
            0.021971285343170166,
            0.026430534198880196
        ],
        [
            0.1745789349079132,
            0.021499358117580414,
            0.01722448505461216
        ],
        [
            0.17203299701213837,
            0.031206345185637474,
            0.019914701581001282
        ],
        [
            0.17426766455173492,
            0.0310385599732399,
            0.021510908380150795
        ],
        [
            0.1781885176897049,
            0.025869160890579224,
            0.020925290882587433
        ],
        [
            0.17487592995166779,
            0.0207354836165905,
            0.06277469545602798
        ],
        [
            0.17143099009990692,
            0.02169586345553398,
            0.06760851293802261
        ],
        [
            0.17214877903461456,
            0.024626562371850014,
            0.06834616512060165
        ],
        [
            0.17615832388401031,
            0.023910831660032272,
            0.06408171355724335
        ],
        [
            0.15833324193954468,
            0.0039502279832959175,
            0.0690031349658966
        ],
        [
            0.15785695612430573,
            -0.0006592986173927784,
            0.07277943938970566
        ],
        [
            0.16154344379901886,
            0.0034597960766404867,
            0.07372700423002243
        ],
        [
            0.1614702194929123,
            0.006737294141203165,
            0.06860362738370895
        ],
        [
            0.1614835560321808,
            -0.0051969136111438274,
            0.07374019920825958
        ],
        [
            0.16565580666065216,
            -0.0008709251997061074,
            0.07581361383199692
        ],
        [
            0.18026426434516907,
            0.017666660249233246,
            0.061168648302555084
        ],
        [
            0.18534918129444122,
            0.013334863819181919,
            0.0646197497844696
        ],
        [
            0.17842522263526917,
            0.0023681733291596174,
            0.057939257472753525
        ],
        [
            0.1737876683473587,
            0.009043838828802109,
            0.056961238384246826
        ],
        [
            0.13032905757427216,
            0.0008041393011808395,
            -0.0010944418609142303
        ],
        [
            0.12977704405784607,
            0.00972228404134512,
            -0.007782045751810074
        ],
        [
            0.1435830295085907,
            0.013232783414423466,
            -0.0019056089222431183
        ],
        [
            0.15810856223106384,
            0.016359593719244003,
            0.003009205684065819
        ],
        [
            0.17100314795970917,
            0.019362401217222214,
            0.009414700791239738
        ],
        [
            0.1724957823753357,
            0.00862092338502407,
            0.015591340139508247
        ],
        [
            0.1414884328842163,
            0.019641149789094925,
            -0.006730459630489349
        ],
        [
            0.17385262250900269,
            0.0036315165925771,
            0.055889349430799484
        ],
        [
            0.1738479882478714,
            -0.005166415125131607,
            0.05432279407978058
        ],
        [
            0.17512445151805878,
            -0.0017183367162942886,
            0.05237961560487747
        ],
        [
            0.1283297836780548,
            0.02817653864622116,
            0.02229442074894905
        ],
        [
            0.17568746209144592,
            0.012771939858794212,
            0.08147051185369492
        ],
        [
            0.0939975157380104,
            -0.021981079131364822,
            0.010606322437524796
        ],
        [
            0.10000494867563248,
            -0.017878808081150055,
            -0.0010164417326450348
        ],
        [
            0.10626304149627686,
            -0.01741994358599186,
            0.005115929991006851
        ],
        [
            0.0991211086511612,
            -0.02117171511054039,
            0.018833402544260025
        ],
        [
            0.17000186443328857,
            0.019815269857645035,
            0.07426377385854721
        ],
        [
            0.1711338609457016,
            0.016418684273958206,
            0.07945533096790314
        ],
        [
            0.16429837048053741,
            0.03330254554748535,
            0.02842017076909542
        ],
        [
            0.1693250834941864,
            0.03317724168300629,
            0.02964719384908676
        ],
        [
            0.17070375382900238,
            0.034430038183927536,
            0.024850178509950638
        ],
        [
            0.16631048917770386,
            0.03747861832380295,
            0.02508728951215744
        ],
        [
            0.1278531849384308,
            0.014419250190258026,
            -0.011025723069906235
        ],
        [
            0.16534334421157837,
            0.04135039821267128,
            0.0032487623393535614
        ],
        [
            0.1716800332069397,
            0.031850289553403854,
            0.004680899903178215
        ],
        [
            0.11796467751264572,
            0.006291789002716541,
            -0.01265675202012062
        ],
        [
            0.11859516054391861,
            -0.0019157733768224716,
            -0.007372051477432251
        ],
        [
            0.11033034324645996,
            -0.003509076312184334,
            -0.01237194612622261
        ],
        [
            0.17593584954738617,
            0.0039751650765538216,
            0.02971157431602478
        ],
        [
            0.13213320076465607,
            -0.004791967570781708,
            0.005308076739311218
        ],
        [
            0.11936338245868683,
            -0.006819523870944977,
            -0.0015194416046142578
        ],
        [
            0.10951856523752213,
            -0.008931465446949005,
            -0.0072203464806079865
        ],
        [
            0.10292908549308777,
            -0.010440980084240437,
            -0.012162044644355774
        ],
        [
            0.10441769659519196,
            -0.004230039194226265,
            -0.017207350581884384
        ],
        [
            0.18595728278160095,
            0.011029929853975773,
            0.07025358080863953
        ],
        [
            0.18666517734527588,
            0.018177848309278488,
            0.06658521294593811
        ],
        [
            0.09845487028360367,
            -0.005936609581112862,
            -0.023862294852733612
        ],
        [
            0.0967104509472847,
            -0.012447063811123371,
            -0.01748773455619812
        ],
        [
            0.11893871426582336,
            -0.01230066828429699,
            0.0058790892362594604
        ],
        [
            0.11703428626060486,
            -0.0178629532456398,
            0.01576339453458786
        ],
        [
            0.13119836151599884,
            -0.009951961226761341,
            0.012313798069953918
        ],
        [
            0.13067401945590973,
            -0.01558283343911171,
            0.022313758730888367
        ],
        [
            0.1749221533536911,
            -0.007009710185229778,
            0.03301559388637543
        ],
        [
            0.1892261952161789,
            0.03727218508720398,
            0.06978738307952881
        ],
        [
            0.18594107031822205,
            0.02740577422082424,
            0.06524285674095154
        ],
        [
            0.18024201691150665,
            0.02900056354701519,
            0.0651635229587555
        ],
        [
            0.18577544391155243,
            0.03886862099170685,
            0.06804607808589935
        ],
        [
            0.18147926032543182,
            0.021651264280080795,
            0.0631253570318222
        ],
        [
            0.1891292780637741,
            0.02402736060321331,
            0.0688697025179863
        ],
        [
            0.12578149139881134,
            -0.020000429823994637,
            0.03533244878053665
        ],
        [
            0.16922727227210999,
            0.010014718398451805,
            0.05885159224271774
        ],
        [
            0.10883904248476028,
            -0.020585596561431885,
            0.03228655457496643
        ],
        [
            0.12624730169773102,
            -0.022594589740037918,
            0.05020969361066818
        ],
        [
            0.11357525736093521,
            -0.020795166492462158,
            0.05017082020640373
        ],
        [
            0.09183858335018158,
            -0.019936902448534966,
            0.031805410981178284
        ],
        [
            0.09853311628103256,
            -0.018285071477293968,
            0.04815815016627312
        ],
        [
            0.08217368274927139,
            -0.021841369569301605,
            0.014822065830230713
        ],
        [
            0.08802162855863571,
            -0.02083827555179596,
            0.021968957036733627
        ],
        [
            0.10931892693042755,
            -0.016103055328130722,
            0.0613313764333725
        ],
        [
            0.17651882767677307,
            0.03574013710021973,
            0.0796574279665947
        ],
        [
