{
    "pred_cam": [
        6.190478324890137,
        0.12303641438484192,
        -0.0881761685013771
    ],
    "pred_mano_params": {
        "global_orient": [
            [
                [
                    -0.049652040004730225,
                    -0.9005448222160339,
                    0.43191850185394287
                ],
                [
                    -0.9667578935623169,
                    -0.06526993960142136,
                    -0.2472226470708847
                ],
                [
                    0.2508264183998108,
                    -0.429835706949234,
                    -0.8673680424690247
                ]
            ]
        ],
        "hand_pose": [
            [
                [
                    0.8296656012535095,
                    -0.46139100193977356,
                    -0.31428229808807373
                ],
                [
                    0.4375479519367218,
                    0.8870635628700256,
                    -0.14720743894577026
                ],
                [
                    0.3467085659503937,
                    -0.015380620025098324,
                    0.937846839427948
                ]
            ],
            [
                [
                    0.9649895429611206,
                    0.25812438130378723,
                    0.0465518981218338
                ],
                [
                    -0.25000929832458496,
                    0.9588788747787476,
                    -0.1343376785516739
                ],
                [
                    -0.07931346446275711,
                    0.11799602955579758,
                    0.9898415803909302
                ]
            ],
            [
                [
                    0.9428226351737976,
                    -0.30412235856056213,
                    -0.13636384904384613
                ],
                [
                    0.15816256403923035,
                    0.7683858871459961,
                    -0.6201352477073669
                ],
                [
                    0.29337701201438904,
                    0.5631098747253418,
                    0.7725523710250854
                ]
            ],
            [
                [
                    0.8399757742881775,
                    -0.5078774094581604,
                    -0.19105298817157745
                ],
                [
                    0.4885113835334778,
                    0.8610588312149048,
                    -0.14118915796279907
                ],
                [
                    0.23621463775634766,
                    0.025263914838433266,
                    0.9713724851608276
                ]
            ],
            [
                [
                    0.9586418867111206,
                    0.2803070545196533,
                    -0.049331095069646835
                ],
                [
                    -0.25404107570648193,
                    0.9208634495735168,
                    0.29575955867767334
                ],
                [
                    0.12833070755004883,
                    -0.2709954082965851,
                    0.9539877772331238
                ]
            ],
            [
                [
                    0.9889276027679443,
                    -0.056256651878356934,
                    -0.13732168078422546
                ],
                [
                    0.06005515903234482,
                    0.9979143738746643,
                    0.023673148825764656
                ],
                [
                    0.13570348918437958,
                    -0.03165790066123009,
                    0.9902435541152954
                ]
            ],
            [
                [
                    0.5111890435218811,
                    -0.24951374530792236,
                    0.8224528431892395
                ],
                [
                    0.4440828263759613,
                    0.8959758877754211,
                    -0.00419715465977788
                ],
                [
                    -0.7358506917953491,
                    0.3673827052116394,
                    0.5688177943229675
                ]
            ],
            [
                [
                    0.9062801599502563,
                    0.04956253618001938,
                    -0.4197615385055542
                ],
                [
                    0.05274136736989021,
                    0.9720796942710876,
                    0.2286468893289566
                ],
                [
                    0.4193739891052246,
                    -0.22935694456100464,
                    0.8783625364303589
                ]
            ],
            [
                [
                    0.9808109402656555,
                    -0.06916163861751556,
                    0.18228141963481903
                ],
                [
                    0.10947035253047943,
                    0.9690279364585876,
                    -0.22136186063289642
                ],
                [
                    -0.16132603585720062,
                    0.2370685487985611,
                    0.958004355430603
                ]
            ],
            [
                [
                    0.8420377373695374,
                    -0.46865999698638916,
                    0.26707711815834045
                ],
                [
                    0.5252107977867126,
                    0.8252016305923462,
                    -0.20783627033233643
                ],
                [
                    -0.12298790365457535,
                    0.3152777850627899,
                    0.9409962296485901
                ]
            ],
            [
                [
                    0.9679139256477356,
                    0.13226929306983948,
                    -0.21365287899971008
                ],
                [
                    -0.06650360673666,
                    0.9547728896141052,
                    0.28980347514152527
                ],
                [
                    0.24232205748558044,
                    -0.2662960886955261,
                    0.9329343438148499
                ]
            ],
            [
                [
                    0.9795368313789368,
                    -0.07956252247095108,
                    -0.18487145006656647
                ],
                [
                    0.09682246297597885,
                    0.9915549755096436,
                    0.08627922087907791
                ],
                [
                    0.1764456182718277,
                    -0.10241337865591049,
                    0.97896808385849
                ]
            ],
            [
                [
                    0.9944009780883789,
                    -0.020741797983646393,
                    -0.10361701250076294
                ],
                [
                    -0.07800930738449097,
                    0.5173530578613281,
                    -0.8522091507911682
                ],
                [
                    0.07128293067216873,
                    0.8555206656455994,
                    0.5128383040428162
                ]
            ],
            [
                [
                    0.9175940752029419,
                    -0.29928818345069885,
                    -0.261625200510025
                ],
                [
                    0.3973258435726166,
                    0.7110146284103394,
                    0.5801641941070557
                ],
                [
                    0.012383057735860348,
                    -0.6363056302070618,
                    0.7713377475738525
                ]
            ],
            [
                [
                    0.9517607688903809,
                    0.2636250853538513,
                    0.1570136398077011
                ],
                [
                    -0.28529372811317444,
                    0.9486632943153381,
                    0.1365482062101364
                ],
                [
                    -0.11295554786920547,
                    -0.1747562289237976,
                    0.9781110882759094
                ]
            ]
        ],
        "betas": [
            -0.0594523549079895,
            -0.0023408234119415283,
            -0.07382524013519287,
            0.08521583676338196,
            0.07029113173484802,
            0.008367467671632767,
            0.04807373881340027,
            -0.06732261180877686,
            -0.0036824792623519897,
            -0.027922719717025757
        ]
    },
    "pred_cam_t": [
        -0.12303641438484192,
        -0.0881761685013771,
        6.310093879699707
    ],
    "focal_length": [
        5000.0,
        5000.0
    ],
    "pred_keypoints_3d": [
        [
            0.09604997932910919,
            0.006418770644813776,
            0.0061966609209775925
        ],
        [
            0.12249104678630829,
            0.024402054026722908,
            -0.015641584992408752
        ],
        [
            0.14504186809062958,
            0.044095829129219055,
            -0.02334650605916977
        ],
        [
            0.15861789882183075,
            0.06754188984632492,
            -0.025694776326417923
        ],
        [
            0.17142875492572784,
            0.09413104504346848,
            -0.046782996505498886
        ],
        [
            0.11410399526357651,
            0.08722170442342758,
            -0.03175569325685501
        ],
        [
            0.12154393643140793,
            0.11906474828720093,
            -0.02629506029188633
        ],
        [
            0.1252235472202301,
            0.14087069034576416,
            -0.02347123995423317
        ],
        [
            0.12576764822006226,
            0.1658737063407898,
            -0.0140699353069067
        ],
        [
            0.1006333976984024,
            0.09924245625734329,
            -0.014067288488149643
        ],
        [
            0.1080072820186615,
            0.12845008075237274,
            -0.003979809582233429
        ],
        [
            0.11030318588018417,
            0.15023887157440186,
            0.004037516191601753
        ],
        [
            0.10829631984233856,
            0.17429110407829285,
            0.014923302456736565
        ],
        [
            0.09213514626026154,
            0.09260737150907516,
            0.010511834174394608
        ],
        [
            0.10405033081769943,
            0.11892732977867126,
            0.009701376780867577
        ],
        [
            0.11035240441560745,
            0.14163844287395477,
            0.017594121396541595
        ],
        [
            0.11235228925943375,
            0.16561803221702576,
            0.027895675972104073
        ],
        [
            0.08977837860584259,
            0.08455301821231842,
            0.03071417845785618
        ],
        [
            0.09983758628368378,
            0.10207749158143997,
            0.02439842000603676
        ],
        [
            0.10658733546733856,
            0.11978887021541595,
            0.025995779782533646
        ],
        [
            0.11344587802886963,
            0.13652978837490082,
            0.022951524704694748
        ]
    ],
    "pred_vertices": [
        [
            0.12109223008155823,
            0.05203668400645256,
            -0.013140054419636726
        ],
        [
            0.12131723016500473,
            0.042272672057151794,
            -0.009026922285556793
        ],
        [
            0.12854216992855072,
            0.04798565059900284,
            -0.012794988229870796
        ],
        [
            0.12752340734004974,
            0.056261852383613586,
            -0.018538527190685272
        ],
        [
            0.13627180457115173,
            0.029979605227708817,
            -0.0026448890566825867
        ],
        [
            0.14123250544071198,
            0.02048201858997345,
            -0.00824030488729477
        ],
        [
            0.15052743256092072,
            0.033979833126068115,
            -0.01275065541267395
        ],
        [
            0.14581044018268585,
            0.03978767246007919,
            -0.006124220788478851
        ],
        [
            0.13169404864311218,
            0.059847280383110046,
            -0.023362701758742332
        ],
        [
            0.13475090265274048,
            0.052622679620981216,
            -0.015511734411120415
        ],
        [
            0.13198070228099823,
            0.05944701284170151,
            -0.02635728195309639
        ],
        [
            0.1230921819806099,
            0.06567375361919403,
            -0.037039369344711304
        ],
        [
            0.12641268968582153,
            0.06621450930833817,
            -0.03101503849029541
        ],
        [
            0.11845479160547256,
            0.07251093536615372,
            -0.04068842902779579
        ],
        [
            0.11541558057069778,
            0.058516740798950195,
            -0.040720295161008835
        ],
        [
            0.10889121145009995,
            0.07241589576005936,
            -0.0419682152569294
        ],
        [
            0.0900813415646553,
            0.0556689091026783,
            -0.024982918053865433
        ],
        [
            0.08343371748924255,
            0.05529003590345383,
            -0.012876946479082108
        ],
        [
            0.08415334671735764,
            0.0720120519399643,
            -0.015089566819369793
        ],
        [
            0.0914660096168518,
            0.07096602767705917,
            -0.026743149384856224
        ],
        [
            0.07935290038585663,
            0.06618280708789825,
            0.004475071094930172
        ],
        [
            0.08178894221782684,
            0.07028010487556458,
            -0.0063868360593914986
        ],
        [
            0.07998958975076675,
            0.05352134630084038,
            -0.004659896716475487
        ],
        [
            0.07803620398044586,
            0.05065933242440224,
            0.005054832901805639
        ],
        [
            0.11219903826713562,
            0.04664381965994835,
            -0.0005188286304473877
        ],
        [
            0.11216814815998077,
            0.03643004223704338,
            0.002869134768843651
        ],
        [
            0.1143665760755539,
            0.03797534853219986,
            -0.002600589767098427
        ],
        [
            0.11487570405006409,
            0.04758870601654053,
            -0.005500098690390587
        ],
        [
            0.13931943476200104,
            0.05588606745004654,
            -0.030004173517227173
        ],
        [
            0.12976323068141937,
            0.04815404862165451,
            -0.03670002892613411
        ],
        [
            0.129220649600029,
            0.055253904312849045,
            -0.03313545510172844
        ],
        [
            0.1401258409023285,
            0.058221545070409775,
            -0.02478022873401642
        ],
        [
            0.1141260489821434,
            0.013182252645492554,
            0.020905528217554092
        ],
        [
            0.10918877273797989,
            0.0006530508399009705,
            0.019284848123788834
        ],
        [
            0.11116503179073334,
            -0.00011812150478363037,
            0.013759717345237732
        ],
        [
            0.11475764960050583,
            0.011573605239391327,
            0.016174890100955963
        ],
        [
            0.12524288892745972,
            0.0038803741335868835,
            -0.0027136988937854767
        ],
        [
            0.11770740896463394,
            -0.0038002654910087585,
            -0.0026602409780025482
        ],
        [
            0.11397184431552887,
            -0.01094786822795868,
            -0.013524193316698074
        ],
        [
            0.12016543000936508,
            -0.002909429371356964,
            -0.016640013083815575
        ],
        [
            0.1336314082145691,
            0.012445211410522461,
            -0.0051606930792331696
        ],
        [
            0.1312817931175232,
            0.005485549569129944,
            -0.01699916645884514
        ],
        [
            0.14055325090885162,
            0.015376448631286621,
            -0.01854744367301464
        ],
        [
            0.15029872953891754,
            0.030760370194911957,
            -0.021481988951563835
        ],
        [
            0.10196869820356369,
            0.002219662070274353,
            0.029837051406502724
        ],
        [
            0.10502830892801285,
            0.011512473225593567,
            0.032818183302879333
        ],
        [
            0.13117392361164093,
            0.12290819734334946,
            -0.025859158486127853
        ],
        [
            0.12865054607391357,
            0.12351768463850021,
            -0.020638074725866318
        ],
        [
            0.1287592351436615,
            0.11733749508857727,
            -0.02154233679175377
        ],
        [
            0.13069140911102295,
            0.1181020736694336,
            -0.026913875713944435
        ],
        [
            0.08393581956624985,
            0.010975897312164307,
            0.033039890229701996
        ],
        [
            0.07538200914859772,
            0.011534683406352997,
            0.027590008452534676
        ],
        [
            0.07594607025384903,
            0.004661969840526581,
            0.030026450753211975
        ],
        [
            0.08467444777488708,
            0.003446042537689209,
            0.033472418785095215
        ],
        [
            0.08309707045555115,
            0.020926184952259064,
            0.03242744505405426
        ],
        [
            0.0753902941942215,
            0.021051369607448578,
            0.024034615606069565
        ],
        [
            0.12271732091903687,
            0.12636040151119232,
            -0.03458317741751671
        ],
        [
            0.12764419615268707,
            0.125243678689003,
            -0.033541638404130936
        ],
        [
            0.12565122544765472,
            0.12063425779342651,
            -0.03501828759908676
        ],
        [
            0.1204729825258255,
            0.12128780782222748,
            -0.03500882536172867
        ],
        [
            0.1259419173002243,
            0.0642949789762497,
            -0.023964982479810715
        ],
        [
            0.12180996686220169,
            0.0612475611269474,
            -0.016012761741876602
        ],
        [
            0.12396489083766937,
            0.08138548582792282,
            -0.027190936729311943
        ],
        [
            0.12179603427648544,
            0.07364032417535782,
            -0.02231064811348915
        ],
        [
            0.12420304864645004,
            0.0719531998038292,
            -0.028963860124349594
        ],
        [
            0.12453579157590866,
            0.07880210876464844,
            -0.032895393669605255
        ],
        [
            0.11030417680740356,
            0.06942903250455856,
            -0.0017280075699090958
        ],
        [
            0.11015306413173676,
            0.05778470262885094,
            4.049483686685562e-05
        ],
        [
            0.11294680088758469,
            0.0593273900449276,
            -0.0058360714465379715
        ],
        [
            0.11454501748085022,
            0.07189737260341644,
            -0.008897300809621811
        ],
        [
            0.1066780537366867,
            0.056999288499355316,
            0.013842074200510979
        ],
        [
            0.10671506822109222,
            0.06854325532913208,
            0.010825119912624359
        ],
        [
            0.10467170178890228,
            0.0668698102235794,
            0.019070368260145187
        ],
        [
            0.10589245706796646,
            0.058927811682224274,
            0.020126882940530777
        ],
        [
            0.10711046308279037,
            0.08747224509716034,
            0.0023996178060770035
        ],
        [
            0.10594462603330612,
            0.09409380704164505,
            0.00038887886330485344
        ],
        [
            0.1055782362818718,
            0.09442900866270065,
            0.004477852489799261
        ],
        [
            0.10557613521814346,
            0.08700570464134216,
            0.006142307538539171
        ],
        [
            0.07567404210567474,
            -0.002275116741657257,
            0.031551115214824677
        ],
        [
            0.08534498512744904,
            -0.0037969574332237244,
            0.0328935869038105
        ],
        [
            0.07734246551990509,
            0.061809562146663666,
            0.025596097111701965
        ],
        [
            0.08175039291381836,
            0.05722176656126976,
            0.0349525585770607
        ],
        [
            0.08041778951883316,
            0.07133588194847107,
            0.03585140407085419
        ],
        [
            0.07596321403980255,
            0.07225210964679718,
            0.025469591841101646
        ],
        [
            0.07132770121097565,
            0.012594170868396759,
            0.017982691526412964
        ],
        [
            0.07003409415483475,
            0.005863271653652191,
            0.021862147375941277
        ],
        [
            0.1171741709113121,
            0.12760044634342194,
            -0.03201813995838165
        ],
        [
            0.11560742557048798,
            0.12220271676778793,
            -0.031571995466947556
        ],
        [
            0.13130390644073486,
            0.013186074793338776,
            -0.029014678671956062
        ],
        [
            0.14565223455429077,
            0.030315928161144257,
            -0.03001111000776291
        ],
        [
            0.11897802352905273,
            0.0022573918104171753,
            -0.02620827965438366
        ],
        [
            0.10986962169408798,
            -0.004307657480239868,
            -0.02336128056049347
        ],
        [
            0.10459067672491074,
            -0.011458568274974823,
            -0.021345261484384537
        ],
        [
            0.11942636966705322,
            0.07797499001026154,
            -0.017781930044293404
        ],
        [
            0.11673648655414581,
            0.05647573247551918,
            -0.009607644751667976
        ],
        [
            0.11038569360971451,
            0.04609566554427147,
            0.004306118935346603
        ],
        [
            0.10428900271654129,
            0.049184735864400864,
            0.03464445471763611
        ],
        [
            0.10499538481235504,
            0.03856705129146576,
            0.03594107925891876
        ],
        [
            0.10940348356962204,
            0.041841886937618256,
            0.026688851416110992
        ],
        [
            0.10729552060365677,
            0.05045260861515999,
            0.027226362377405167
        ],
        [
            0.09012410044670105,
            0.05737512558698654,
            0.04009299725294113
        ],
        [
            0.09792245924472809,
            0.05921722576022148,
            0.038066912442445755
        ],
        [
            0.09611177444458008,
            0.06911742687225342,
            0.037586893886327744
        ],
        [
            0.08830182999372482,
            0.06931477785110474,
            0.03983677923679352
        ],
        [
            0.1429906040430069,
            0.05216161906719208,
            -0.035336997359991074
        ],
        [
            0.13219207525253296,
            0.041350360959768295,
            -0.039191506803035736
        ],
        [
            0.0943257138133049,
            0.01017315685749054,
            0.03514633700251579
        ],
        [
            0.09483269602060318,
            0.0026526525616645813,
            0.03306276351213455
        ],
        [
            0.09286711364984512,
            -0.0055200159549713135,
            0.03178791701793671
        ],
        [
            0.11412052065134048,
            0.024513378739356995,
            0.010943740606307983
        ],
        [
            0.11530786752700806,
            0.010447442531585693,
            0.01291380263864994
        ],
        [
            0.11730027943849564,
            0.010805994272232056,
            0.00909099355340004
        ],
        [
            0.11400632560253143,
            0.024834737181663513,
            0.007355524227023125
        ],
        [
            0.12300682067871094,
            0.032856494188308716,
            -0.002336110919713974
        ],
        [
            0.12709017097949982,
            0.02063007652759552,
            0.001290883868932724
        ],
        [
            0.13096685707569122,
            0.04062808305025101,
            -0.004616633057594299
        ],
        [
            0.11369805037975311,
            -0.0028889700770378113,
            0.006533842533826828
        ],
        [
            0.10953401774168015,
            -0.010303273797035217,
            0.013531140983104706
        ],
        [
            0.11182285100221634,
            -0.012054204940795898,
            0.005090033635497093
        ],
        [
            0.10465408116579056,
            -0.008851349353790283,
            0.021942660212516785
        ],
        [
            0.09899056702852249,
            -0.0071373432874679565,
            0.02864815667271614
        ],
        [
            0.0663432776927948,
            -0.0015366673469543457,
            0.023982996121048927
        ],
        [
            0.1127108708024025,
            -0.012658998370170593,
            -0.0032031256705522537
        ],
        [
            0.15176349878311157,
            0.04662073403596878,
            -0.010816801339387894
        ],
        [
            0.1561959832906723,
            0.05289901793003082,
            -0.014864484779536724
        ],
        [
            0.15014402568340302,
            0.05644913762807846,
            -0.0134586775675416
        ],
        [
            0.14548160135746002,
            0.05136488750576973,
            -0.010484198108315468
        ],
        [
            0.11601442843675613,
            0.08191107958555222,
            -0.04247158020734787
        ],
        [
            0.1224716454744339,
            0.0803135558962822,
            -0.038433872163295746
        ],
        [
            0.12368167191743851,
            0.07099198549985886,
            -0.036066934466362
        ],
        [
            0.11283856630325317,
            0.024219326674938202,
            0.02454698458313942
        ],
        [
            0.10537172853946686,
            0.022264234721660614,
            0.03459148854017258
        ],
        [
            0.12121040374040604,
            0.08559373766183853,
            -0.022768735885620117
        ],
        [
            0.11768019199371338,
            0.11742885410785675,
            -0.03593890741467476
        ],
        [
            0.12331540137529373,
            0.1160387247800827,
            -0.036349739879369736
        ],
        [
            0.11936066299676895,
            0.09785044193267822,
            -0.04003887623548508
        ],
        [
            0.11313866823911667,
            0.10064081847667694,
            -0.03968268260359764
        ],
        [
            0.11524148285388947,
            0.09487710893154144,
            -0.021203503012657166
        ],
        [
            0.12045972794294357,
            0.09026265144348145,
            -0.02263958565890789
        ],
        [
            0.11948985606431961,
            0.09312506765127182,
            -0.02210884541273117
        ],
        [
            0.11534927040338516,
            0.09726974368095398,
            -0.019162259995937347
        ],
        [
            0.10272421687841415,
            0.09159544855356216,
            0.012899648398160934
        ],
        [
            0.10297338664531708,
            0.08469150215387344,
            0.014378510415554047
        ],
        [
            0.09571138024330139,
            0.08641286194324493,
            -0.026252392679452896
        ],
        [
            0.09857960790395737,
            0.08258283883333206,
            -0.03887269273400307
        ],
        [
            0.09861195087432861,
            0.07046255469322205,
            -0.036947183310985565
        ],
        [
            0.10791400820016861,
            0.06809656322002411,
            0.005272924900054932
        ],
        [
            0.10778269916772842,
            0.07862052321434021,
            0.004473979584872723
        ],
        [
            0.10623680055141449,
            0.0783681720495224,
            0.00846787542104721
        ],
        [
            0.11749452352523804,
            0.08204047381877899,
            -0.015786590054631233
        ],
        [
            0.11758964508771896,
            0.08867765963077545,
            -0.018842900171875954
        ],
        [
            0.11506926268339157,
            0.0874248594045639,
            -0.014643308706581593
        ],
        [
            0.11476163566112518,
            0.08080803602933884,
            -0.011069383472204208
        ],
        [
            0.08132795989513397,
            0.043782830238342285,
            0.03413485735654831
        ],
        [
            0.09111323952674866,
            0.04396612197160721,
            0.040573205798864365
        ],
        [
            0.13073128461837769,
            0.12376327812671661,
            -0.030539438128471375
        ],
        [
            0.12938730418682098,
            0.11909985542297363,
            -0.03192633017897606
        ],
        [
            0.10782678425312042,
            0.056691914796829224,
            0.006846577860414982
        ],
        [
            0.09872331470251083,
            0.056115105748176575,
            -0.033571913838386536
        ],
        [
            0.10881906002759933,
            0.045590803027153015,
            0.009615073911845684
        ],
        [
            0.08331044018268585,
            0.08585356175899506,
            0.01365966908633709
        ],
        [
            0.08813662827014923,
            0.0873098149895668,
            0.0189096387475729
        ],
        [
            0.09057720005512238,
            0.09355683624744415,
            0.017099279910326004
        ],
        [
            0.08643059432506561,
            0.09441547095775604,
            0.012560050934553146
        ],
        [
            0.1175796240568161,
            0.11331199109554291,
            -0.01669955626130104
        ],
        [
            0.12336571514606476,
            0.11229663342237473,
            -0.01760665327310562
        ],
        [
            0.12420725077390671,
            0.11797025799751282,
            -0.01701582409441471
        ],
        [
            0.11857801675796509,
            0.11908678710460663,
            -0.016368525102734566
        ],
        [
            0.12375450134277344,
            0.08796697854995728,
            -0.026959696784615517
        ],
        [
            0.12511886656284332,
            0.08624060451984406,
            -0.03303638845682144
        ],
        [
            0.1256645917892456,
            0.09287139028310776,
            -0.031199125573039055
        ],
        [
            0.12308075278997421,
            0.0931149274110794,
            -0.025816353037953377
        ],
        [
            0.12257301062345505,
            0.08826304972171783,
            -0.03835500776767731
        ],
        [
            0.12385551631450653,
            0.0947648137807846,
            -0.03685888275504112
        ],
        [
            0.1122165322303772,
            0.11516483128070831,
            -0.02027222141623497
        ],
        [
            0.10967766493558884,
            0.11704866588115692,
            -0.027301523834466934
        ],
        [
            0.1053905263543129,
            0.10224805772304535,
            -0.028826579451560974
        ],
        [
            0.10989197343587875,
            0.1018819510936737,
            -0.02189439907670021
        ],
        [
            0.0756947249174118,
            0.035734906792640686,
            0.00514874467626214
        ],
        [
            0.0747990757226944,
            0.03469446301460266,
            0.016265958547592163
        ],
        [
            0.07692014425992966,
            0.049569714814424515,
            0.01645878702402115
        ],
        [
            0.07759010046720505,
            0.06429840624332428,
            0.016810383647680283
        ],
        [
            0.07929292321205139,
            0.0781812071800232,
            0.01625208742916584
        ],
        [
            0.07937856018543243,
            0.07915891706943512,
            0.004080782178789377
        ],
        [
            0.07685815542936325,
            0.047372620552778244,
            0.024393675848841667
        ],
        [
            0.10662676393985748,
            0.09576650708913803,
            -0.021832812577486038
        ],
        [
            0.1020323783159256,
            0.09263591468334198,
            -0.029635177925229073
        ],
        [
            0.10075920820236206,
            0.09321668744087219,
            -0.024499818682670593
        ],
        [
            0.10830453783273697,
            0.04588133469223976,
            0.017100010067224503
        ],
        [
            0.12746474146842957,
            0.11415886133909225,
            -0.03379109501838684
        ],
        [
            0.08651091158390045,
            0.001473449170589447,
            -0.02087552845478058
        ],
        [
            0.07712092250585556,
            0.0042907074093818665,
            -0.0113454544916749
        ],
        [
            0.08013647794723511,
            0.012140452861785889,
            -0.014063628390431404
        ],
        [
            0.09164415299892426,
            0.00905659794807434,
            -0.024411575868725777
        ],
        [
            0.1283198446035385,
            0.11133816838264465,
            -0.022334057837724686
        ],
        [
            0.13014739751815796,
            0.11230774223804474,
            -0.0283359307795763
        ],
        [
            0.10047121345996857,
            0.0860501378774643,
            0.02059682086110115
        ],
        [
            0.10003618896007538,
            0.092255599796772,
            0.01776144467294216
        ],
        [
            0.0970403403043747,
            0.09425947070121765,
            0.019027642905712128
        ],
        [
            0.09775786846876144,
            0.08971156924962997,
            0.024339210242033005
        ],
        [
            0.07512091845273972,
            0.0327095091342926,
            0.021921657025814056
        ],
        [
            0.08182734996080399,
            0.08096495270729065,
            0.03405969962477684
        ],
        [
            0.07729732990264893,
            0.08041467517614365,
            0.025838036090135574
        ],
        [
            0.07293489575386047,
            0.021714098751544952,
            0.015666913241147995
        ],
        [
            0.07310345768928528,
            0.02250973880290985,
            0.005859855096787214
        ],
        [
            0.07108718901872635,
            0.013012662529945374,
            0.006967426277697086
        ],
        [
            0.08595119416713715,
            0.08648909628391266,
            -0.00776710594072938
        ],
        [
            0.07755378633737564,
            0.03844985365867615,
            -0.0029472606256604195
        ],
        [
            0.0752774029970169,
            0.02416442334651947,
            -0.0013635065406560898
        ],
        [
            0.07297409325838089,
            0.012869611382484436,
            -0.00038607604801654816
        ],
        [
            0.07055489718914032,
            0.0049422308802604675,
            0.000797533430159092
        ],
        [
            0.06887494772672653,
            0.005891062319278717,
            0.008783804252743721
        ],
        [
            0.1126694530248642,
            0.11783964186906815,
            -0.03194485604763031
        ],
        [
            0.11190253496170044,
            0.1221461147069931,
            -0.02642102912068367
        ],
        [
            0.0647248923778534,
            -0.0020041465759277344,
            0.010656514205038548
        ],
        [
            0.06742682307958603,
            -0.002841450273990631,
            0.0017486987635493279
        ],
        [
            0.07886410504579544,
            0.02508533000946045,
            -0.009888185188174248
        ],
        [
            0.08499673008918762,
            0.025753334164619446,
            -0.019890427589416504
        ],
        [
            0.08113940060138702,
            0.03888281062245369,
            -0.010983455926179886
        ],
        [
            0.08699195832014084,
            0.040792226791381836,
            -0.020986679941415787
        ],
        [
            0.0851447731256485,
            0.08413313329219818,
            -0.018194757401943207
        ],
        [
            0.11629161238670349,
            0.13874763250350952,
            -0.022082075476646423
        ],
        [
            0.11390938609838486,
            0.12715277075767517,
            -0.021084679290652275
        ],
        [
            0.1180296242237091,
            0.12581725418567657,
            -0.01704598031938076
        ],
        [
            0.11755657196044922,
            0.13746292889118195,
            -0.01789083704352379
        ],
        [
            0.11383053660392761,
            0.12054337561130524,
            -0.019888462498784065
        ],
        [
            0.11324124783277512,
            0.12751512229442596,
            -0.026955939829349518
        ],
        [
            0.0985165685415268,
            0.04038690775632858,
            -0.031590551137924194
        ],
        [
            0.11414841562509537,
            0.09427738189697266,
            -0.01681157760322094
        ],
        [
            0.1005014106631279,
            0.02314266562461853,
            -0.030732061713933945
        ],
        [
            0.11354062706232071,
            0.04489243030548096,
            -0.04045390710234642
        ],
        [
            0.11739488691091537,
            0.03200140222907066,
            -0.03861866518855095
        ],
        [
            0.1045612320303917,
            0.00548621267080307,
            -0.029719308018684387
        ],
        [
            0.1184314638376236,
            0.015706419944763184,
            -0.03528619930148125
        ],
        [
            0.09394954890012741,
            -0.008546881377696991,
            -0.022876616567373276
        ],
        [
            0.0977291464805603,
            -0.0008675605058670044,
            -0.02567107230424881
        ],
        [
            0.1325969249010086,
            0.02755504846572876,
            -0.03702951967716217
        ],
        [
            0.13165763020515442,
