{
    "pred_cam": [
        6.895866870880127,
        -0.07179873436689377,
        0.009315114468336105
    ],
    "pred_mano_params": {
        "global_orient": [
            [
                [
                    0.7657848000526428,
                    -0.5752778649330139,
                    0.2874527871608734
                ],
                [
                    0.30208587646484375,
                    -0.07281669229269028,
                    -0.9504956007003784
                ],
                [
                    0.5677304863929749,
                    0.8147104382514954,
                    0.1180213987827301
                ]
            ]
        ],
        "hand_pose": [
            [
                [
                    0.9917587637901306,
                    0.0036565016489475965,
                    -0.1280667781829834
                ],
                [
                    -0.011174914427101612,
                    0.9982518553733826,
                    -0.05803777277469635
                ],
                [
                    0.12763068079948425,
                    0.058990608900785446,
                    0.99006587266922
                ]
            ],
            [
                [
                    0.7188577055931091,
                    -0.6818844676017761,
                    0.13519299030303955
                ],
                [
                    0.6951454877853394,
                    0.7039883732795715,
                    -0.14551006257534027
                ],
                [
                    0.00404677540063858,
                    0.1985798329114914,
                    0.9800763726234436
                ]
            ],
            [
                [
                    0.8166462182998657,
                    -0.5729490518569946,
                    0.06941428780555725
                ],
                [
                    0.5741457939147949,
                    0.8187466859817505,
                    0.0032572245690971613
                ],
                [
                    -0.05869893357157707,
                    0.03719392046332359,
                    0.9975826740264893
                ]
            ],
            [
                [
                    0.9504866600036621,
                    -0.3014155626296997,
                    -0.07565498352050781
                ],
                [
                    0.30423471331596375,
                    0.9521635174751282,
                    0.028737714514136314
                ],
                [
                    0.06337392330169678,
                    -0.05033168941736221,
                    0.9967197775840759
                ]
            ],
            [
                [
                    0.4258744716644287,
                    -0.8786046504974365,
                    -0.2160666286945343
                ],
                [
                    0.9035232663154602,
                    0.4003838896751404,
                    0.1527692973613739
                ],
                [
                    -0.0477142259478569,
                    -0.2602817714214325,
                    0.9643530249595642
                ]
            ],
            [
                [
                    0.8062962293624878,
                    -0.5910966396331787,
                    0.02216368541121483
                ],
                [
                    0.5913198590278625,
                    0.8064232468605042,
                    -0.004736018367111683
                ],
                [
                    -0.01507386565208435,
                    0.016924461349844933,
                    0.9997432231903076
                ]
            ],
            [
                [
                    0.8712724447250366,
                    -0.48597854375839233,
                    0.06862332671880722
                ],
                [
                    0.46890559792518616,
                    0.8655239343643188,
                    0.17605619132518768
                ],
                [
                    -0.14495468139648438,
                    -0.12121504545211792,
                    0.9819852113723755
                ]
            ],
            [
                [
                    0.8065345287322998,
                    -0.5886517763137817,
                    -0.05469231680035591
                ],
                [
                    0.5572247505187988,
                    0.7260361909866333,
                    0.40295422077178955
                ],
                [
                    -0.1974910944700241,
                    -0.3554723560810089,
                    0.9135845899581909
                ]
            ],
            [
                [
                    0.9465621113777161,
                    -0.3177827000617981,
                    0.05508336052298546
                ],
                [
                    0.2603330910205841,
                    0.8536391258239746,
                    0.4511395990848541
                ],
                [
                    -0.19038568437099457,
                    -0.4126916825771332,
                    0.8907517790794373
                ]
            ],
            [
                [
                    0.8768072724342346,
                    -0.4663340449333191,
                    -0.11722470074892044
                ],
                [
                    0.4645397663116455,
                    0.8844643831253052,
                    -0.04388143867254257
                ],
                [
                    0.12414447218179703,
                    -0.01597996987402439,
                    0.9921355247497559
                ]
            ],
            [
                [
                    0.5829355120658875,
                    -0.7900739908218384,
                    -0.18965573608875275
                ],
                [
                    0.7727754712104797,
                    0.4669989347457886,
                    0.42980241775512695
                ],
                [
                    -0.25100669264793396,
                    -0.3971083462238312,
                    0.8827800750732422
                ]
            ],
            [
                [
                    0.7616947889328003,
                    -0.6476635932922363,
                    0.018785931169986725
                ],
                [
                    0.6275604963302612,
                    0.7446456551551819,
                    0.22731180489063263
                ],
                [
                    -0.16121043264865875,
                    -0.16135291755199432,
                    0.9736407995223999
                ]
            ],
            [
                [
                    0.9928420186042786,
                    -0.08672483265399933,
                    0.08211914449930191
                ],
                [
                    0.11805896461009979,
                    0.6085464954376221,
                    -0.7846866250038147
                ],
                [
                    0.018078504130244255,
                    0.7887647747993469,
                    0.6144291758537292
                ]
            ],
            [
                [
                    0.907203733921051,
                    -0.41899237036705017,
                    0.0377742238342762
                ],
                [
                    0.37286821007728577,
                    0.8424059152603149,
                    0.3890007436275482
                ],
                [
                    -0.19480955600738525,
                    -0.33881810307502747,
                    0.9204627275466919
                ]
            ],
            [
                [
                    0.9326174259185791,
                    -0.2650911211967468,
                    -0.24484996497631073
                ],
                [
                    0.10682333260774612,
                    0.8508975505828857,
                    -0.5143561363220215
                ],
                [
                    0.34469345211982727,
                    0.45354175567626953,
                    0.8218798041343689
                ]
            ]
        ],
        "betas": [
            -0.01822282373905182,
            -0.06498950719833374,
            -0.06194937229156494,
            0.01827123761177063,
            0.03225216269493103,
            0.01734325662255287,
            0.05419158935546875,
            -0.06266352534294128,
            -0.015531584620475769,
            -0.07281830906867981
        ]
    },
    "pred_cam_t": [
        -0.07179873436689377,
        0.009315114468336105,
        5.66462516784668
    ],
    "focal_length": [
        5000.0,
        5000.0
    ],
    "pred_keypoints_3d": [
        [
            0.09587142616510391,
            0.006394858472049236,
            0.006207932718098164
        ],
        [
            0.09375996887683868,
            -0.024306021630764008,
            -0.017070986330509186
        ],
        [
            0.09624738991260529,
            -0.042293108999729156,
            -0.041973575949668884
        ],
        [
            0.09900807589292526,
            -0.050950609147548676,
            -0.0675489604473114
        ],
        [
            0.10335008800029755,
            -0.04790407046675682,
            -0.10215023159980774
        ],
        [
            0.03719980642199516,
            -0.03949669376015663,
            -0.04571659117937088
        ],
        [
            0.009159838780760765,
            -0.04802881181240082,
            -0.06104828789830208
        ],
        [
            0.006018090061843395,
            -0.04817768186330795,
            -0.08306512981653214
        ],
        [
            0.014700427651405334,
            -0.04434928670525551,
            -0.10621929168701172
        ],
        [
            0.023119933903217316,
            -0.018908876925706863,
            -0.049256592988967896
        ],
        [
            0.0026603396981954575,
            -0.02007240429520607,
            -0.07349848747253418
        ],
        [
            0.015025993809103966,
            -0.01688399910926819,
            -0.0929928869009018
        ],
        [
            0.036501605063676834,
            -0.014510122127830982,
            -0.10647711157798767
        ],
        [
            0.027732007205486298,
            0.007301884703338146,
            -0.04667764902114868
        ],
        [
            0.012291637249290943,
            0.008644302375614643,
            -0.0710761547088623
        ],
        [
            0.026842648163437843,
            0.01177732739597559,
            -0.0909607857465744
        ],
        [
            0.049210406839847565,
            0.009260974824428558,
            -0.10202166438102722
        ],
        [
            0.036345697939395905,
            0.027349580079317093,
            -0.046161361038684845
        ],
        [
            0.027298657223582268,
            0.03264235705137253,
            -0.0645260214805603
        ],
        [
            0.03391718864440918,
            0.03518044203519821,
            -0.08213969320058823
        ],
        [
            0.047001346945762634,
            0.032811686396598816,
            -0.09712351858615875
        ]
    ],
    "pred_vertices": [
        [
            0.0726175308227539,
            -0.023068955168128014,
            -0.03522162511944771
        ],
        [
            0.08152595162391663,
            -0.01890515349805355,
            -0.031216800212860107
        ],
        [
            0.0826435536146164,
            -0.025809364393353462,
            -0.03888075798749924
        ],
        [
            0.07310520112514496,
            -0.03085833415389061,
            -0.041144419461488724
        ],
        [
            0.1036779135465622,
            -0.01854230836033821,
            -0.032319214195013046
        ],
        [
            0.11210513114929199,
            -0.025016650557518005,
            -0.026080481708049774
        ],
        [
            0.10949502885341644,
            -0.03353250026702881,
            -0.03902210295200348
        ],
        [
            0.10351799428462982,
            -0.025912467390298843,
            -0.042834918946027756
        ],
        [
            0.07305856794118881,
            -0.037556443363428116,
            -0.04514668136835098
        ],
        [
            0.083425372838974,
            -0.03120463714003563,
            -0.04504813253879547
        ],
        [
            0.07401575148105621,
            -0.04174038767814636,
            -0.0448397621512413
        ],
        [
            0.06006713956594467,
            -0.04723918437957764,
            -0.03838140517473221
        ],
        [
            0.06227389723062515,
            -0.04264555871486664,
            -0.04255551099777222
        ],
        [
            0.05069904774427414,
            -0.04866538941860199,
            -0.03766084462404251
        ],
        [
            0.05984001234173775,
            -0.04754159227013588,
            -0.027295036241412163
        ],
        [
            0.04528820514678955,
            -0.04588591307401657,
            -0.030112218111753464
        ],
        [
            0.04856603592634201,
            -0.022861288860440254,
            -0.011108215898275375
        ],
        [
            0.0470903255045414,
            -0.009280871599912643,
            -0.00978412851691246
        ],
        [
            0.034440670162439346,
            -0.012380816042423248,
            -0.02016100287437439
        ],
        [
            0.03780928626656532,
            -0.025655250996351242,
            -0.021099388599395752
        ],
        [
            0.0395318865776062,
            0.007619173265993595,
            -0.019094977527856827
        ],
        [
            0.03574715554714203,
            -0.003481736406683922,
            -0.020122889429330826
        ],
        [
            0.0478987880051136,
            -0.0003680475056171417,
            -0.008775997906923294
        ],
        [
            0.050744786858558655,
            0.009478781372308731,
            -0.008590232580900192
        ],
        [
            0.07325250655412674,
            -0.007761714980006218,
            -0.028620466589927673
        ],
        [
            0.08158872276544571,
            -0.004002362489700317,
            -0.023531267419457436
        ],
        [
            0.08074009418487549,
            -0.00994761474430561,
            -0.02497844211757183
        ],
        [
            0.07325512170791626,
            -0.013401228934526443,
            -0.029887346550822258
        ],
        [
            0.08487644791603088,
            -0.04924464970827103,
            -0.04677898809313774
        ],
        [
            0.07898455113172531,
            -0.04968705400824547,
            -0.03229839727282524
        ],
        [
            0.07417241483926773,
            -0.04698338359594345,
            -0.03822458162903786
        ],
        [
            0.08446168899536133,
            -0.04506848007440567,
            -0.050392553210258484
        ],
        [
            0.10428877919912338,
            0.013191651552915573,
            -0.015411525964736938
        ],
        [
            0.110643170773983,
            0.01409943401813507,
            -0.0034867897629737854
        ],
        [
            0.11133581399917603,
            0.008283529430627823,
            -0.0026720501482486725
        ],
        [
            0.10486634820699692,
            0.00866781547665596,
            -0.013394668698310852
        ],
        [
            0.11329691112041473,
            -0.01243777945637703,
            -0.00866885855793953
        ],
        [
            0.11461701989173889,
            -0.0091368667781353,
            0.0007004737854003906
        ],
        [
            0.11591561138629913,
            -0.017552074044942856,
            0.01124478131532669
        ],
        [
            0.11269427835941315,
            -0.02308414876461029,
            0.003516409546136856
        ],
        [
            0.11253228038549423,
            -0.018485568463802338,
            -0.018005911260843277
        ],
        [
            0.113334059715271,
            -0.027997802942991257,
            -0.008053071796894073
        ],
        [
            0.11248205602169037,
            -0.03389183431863785,
            -0.018521107733249664
        ],
        [
            0.11015219986438751,
            -0.0415005087852478,
            -0.034038856625556946
        ],
        [
            0.10712625086307526,
            0.026443954557180405,
            -0.0026418641209602356
        ],
        [
            0.10238535702228546,
            0.02761739119887352,
            -0.011590991169214249
        ],
        [
            0.018410298973321915,
            -0.051075130701065063,
            -0.06966662406921387
        ],
        [
            0.017473537474870682,
            -0.04524289444088936,
            -0.07096800208091736
        ],
        [
            0.019677747040987015,
            -0.045084916055202484,
            -0.06885135173797607
        ],
        [
            0.020044121891260147,
            -0.050804249942302704,
            -0.06787517666816711
        ],
        [
            0.09011015295982361,
            0.03544696792960167,
            0.003633439540863037
        ],
        [
            0.08349475264549255,
            0.03343101963400841,
            0.011018559336662292
        ],
        [
            0.0896141305565834,
            0.03584279119968414,
            0.014194414019584656
        ],
        [
            0.09645647555589676,
            0.035960227251052856,
            0.007714681327342987
        ],
        [
            0.08179987967014313,
            0.034637950360774994,
            -0.0018487758934497833
        ],
        [
            0.07549086213111877,
            0.02962924726307392,
            0.006118789315223694
        ],
        [
            0.007597440853714943,
            -0.05624488741159439,
            -0.06502708792686462
        ],
        [
            0.012292401865124702,
            -0.05712644383311272,
            -0.0671057254076004
        ],
        [
            0.013298554345965385,
            -0.056796636432409286,
            -0.06273447722196579
        ],
        [
            0.009059188887476921,
            -0.055046446621418,
            -0.05974961072206497
        ],
        [
            0.06413812935352325,
            -0.0355679914355278,
            -0.04279598966240883
        ],
        [
            0.0651375949382782,
            -0.02642667293548584,
            -0.040140680968761444
        ],
        [
            0.04663216322660446,
            -0.03910529613494873,
            -0.051936451345682144
        ],
        [
            0.054096780717372894,
            -0.03283235430717468,
            -0.04616696760058403
        ],
        [
            0.05578500032424927,
            -0.03985538333654404,
            -0.045060865581035614
        ],
        [
            0.04862083122134209,
            -0.044465869665145874,
            -0.04846887290477753
        ],
        [
            0.054292239248752594,
            -0.009402882307767868,
            -0.04123518615961075
        ],
        [
            0.06352943181991577,
            -0.007091996259987354,
            -0.0342385470867157
        ],
        [
            0.06293848156929016,
            -0.013636194169521332,
            -0.035469844937324524
        ],
        [
            0.053575512021780014,
            -0.01771184429526329,
            -0.04363960772752762
        ],
        [
            0.06464813649654388,
            0.006994612514972687,
            -0.0355125367641449
        ],
        [
            0.055181313306093216,
            0.0035476693883538246,
            -0.04195931553840637
        ],
        [
            0.05690531060099602,
            0.011913545429706573,
            -0.04200899973511696
        ],
        [
            0.06394574046134949,
            0.01293983869254589,
            -0.038155145943164825
        ],
        [
            0.038836732506752014,
            -0.0054804300889372826,
            -0.05234523490071297
        ],
        [
            0.031783223152160645,
            -0.007607161067426205,
            -0.05565163865685463
        ],
        [
            0.03111579641699791,
            -0.0040602413937449455,
            -0.05635739117860794
        ],
        [
            0.038851264864206314,
            -0.0019257012754678726,
            -0.05178910121321678
        ],
        [
            0.09509903937578201,
            0.03770776838064194,
            0.01829162985086441
        ],
        [
            0.10234382003545761,
            0.03555408865213394,
            0.011986173689365387
        ],
        [
            0.04645955562591553,
            0.02794930525124073,
            -0.0217038132250309
        ],
        [
            0.05459063872694969,
            0.034768328070640564,
            -0.024963099509477615
        ],
        [
            0.04555458948016167,
            0.03541252389550209,
            -0.033556610345840454
        ],
        [
            0.03898843005299568,
            0.02798449620604515,
            -0.02766525372862816
        ],
        [
            0.07846616953611374,
            0.02590792253613472,
            0.016164783388376236
        ],
        [
            0.08361171185970306,
            0.030324935913085938,
            0.020132392644882202
        ],
        [
            0.0034144651144742966,
            -0.051693953573703766,
            -0.06383730471134186
        ],
        [
            0.005156615749001503,
            -0.050204627215862274,
            -0.058733511716127396
        ],
        [
            0.1050422415137291,
            -0.03971300274133682,
            -0.008798372000455856
        ],
        [
            0.10479003936052322,
            -0.04802928864955902,
            -0.02855376899242401
        ],
        [
            0.10577811300754547,
            -0.03165222704410553,
            0.004548549652099609
        ],
        [
            0.10608251392841339,
            -0.025383152067661285,
            0.013355210423469543
        ],
        [
            0.1091512069106102,
            -0.02129507064819336,
            0.02048415318131447
        ],
        [
            0.049841996282339096,
            -0.027955690398812294,
            -0.048984188586473465
        ],
        [
            0.06679277867078781,
            -0.018360797315835953,
            -0.03534486144781113
        ],
        [
            0.0734906867146492,
            -0.0025935042649507523,
            -0.028359638527035713
        ],
        [
            0.07339315116405487,
            0.027385970577597618,
            -0.035411536693573
        ],
        [
            0.08217612653970718,
            0.02896200120449066,
            -0.029605377465486526
        ],
        [
            0.08048243820667267,
            0.018712561577558517,
            -0.03188860043883324
        ],
        [
            0.07271027565002441,
            0.019454751163721085,
            -0.03598222881555557
        ],
        [
            0.06055048853158951,
            0.03653665632009506,
            -0.03259905427694321
        ],
        [
            0.06314132362604141,
            0.03194587677717209,
            -0.03850843012332916
        ],
        [
            0.055679574608802795,
            0.030922990292310715,
            -0.043621644377708435
        ],
        [
            0.05241800844669342,
            0.035821907222270966,
            -0.0391353964805603
        ],
        [
            0.08995650708675385,
            -0.05444690212607384,
            -0.04404648765921593
        ],
        [
            0.08493722230195999,
            -0.051750559359788895,
            -0.02762782946228981
        ],
        [
            0.09739315509796143,
            0.03370465338230133,
            -0.003880087286233902
        ],
        [
            0.10311189293861389,
            0.03198491036891937,
            0.0011389032006263733
        ],
        [
            0.10800289362668991,
            0.031939998269081116,
            0.008073247969150543
        ],
        [
            0.0933941900730133,
            0.003432825207710266,
            -0.0197133868932724
        ],
        [
            0.10529383271932602,
            0.00551789253950119,
            -0.012052059173583984
        ],
        [
            0.10530067980289459,
            0.0012507513165473938,
            -0.01243344321846962
        ],
        [
            0.09219252318143845,
            0.00018450431525707245,
            -0.018999960273504257
        ],
        [
            0.09153875708580017,
            -0.012900691479444504,
            -0.027921481058001518
        ],
        [
            0.10346654802560806,
            -0.010352350771427155,
            -0.022362161427736282
        ],
        [
            0.09249143302440643,
            -0.018998324871063232,
            -0.037339143455028534
        ],
        [
            0.11347442865371704,
            0.0008012950420379639,
            -0.0003522634506225586
        ],
        [
            0.11824201047420502,
            0.009191229939460754,
            0.004945375025272369
        ],
        [
            0.11932369321584702,
            0.0006040334701538086,
            0.0071135275065898895
        ],
        [
            0.11577676236629486,
            0.01870385929942131,
            0.004879914224147797
        ],
        [
            0.11234715580940247,
            0.026912327855825424,
            0.005722545087337494
        ],
        [
            0.08750010281801224,
            0.03399529680609703,
            0.026773788034915924
        ],
        [
            0.1186901107430458,
            -0.0074125900864601135,
            0.009556092321872711
        ],
        [
            0.10288736969232559,
            -0.03207370638847351,
            -0.04957874119281769
        ],
        [
            0.10351893305778503,
            -0.0374152697622776,
            -0.05553822219371796
        ],
        [
            0.09566551446914673,
            -0.0359681211411953,
            -0.05619250237941742
        ],
        [
            0.09423324465751648,
            -0.030617333948612213,
            -0.05045778676867485
        ],
        [
            0.04078764468431473,
            -0.050295617431402206,
            -0.03936397656798363
        ],
        [
            0.04554407298564911,
            -0.049061890691518784,
            -0.045306459069252014
        ],
        [
            0.05547203868627548,
            -0.04636501148343086,
            -0.04193443804979324
        ],
        [
            0.09573206305503845,
            0.01645456999540329,
            -0.022560961544513702
        ],
        [
            0.0946425274014473,
            0.028555504977703094,
            -0.019160930067300797
        ],
        [
            0.041702210903167725,
            -0.034615471959114075,
            -0.0540444478392601
        ],
        [
            0.010946612805128098,
            -0.054094620048999786,
            -0.0552409403026104
        ],
        [
            0.01553182490170002,
            -0.056339312344789505,
            -0.05856959521770477
        ],
        [
            0.027396226301789284,
            -0.05295432731509209,
            -0.047192953526973724
        ],
        [
            0.02224992960691452,
            -0.0504954494535923,
            -0.04350373521447182
        ],
        [
            0.029684603214263916,
            -0.03325197473168373,
            -0.054077643901109695
        ],
        [
            0.035397063940763474,
            -0.036163631826639175,
            -0.05563963204622269
        ],
        [
            0.03170864284038544,
            -0.036621127277612686,
            -0.05597540736198425
        ],
        [
            0.02615329623222351,
            -0.033300843089818954,
            -0.0556509830057621
        ],
        [
            0.03464643284678459,
            0.004399022087454796,
            -0.054452620446681976
        ],
        [
            0.041144825518131256,
            0.006237307097762823,
            -0.05088641121983528
        ],
        [
            0.028335124254226685,
            -0.027403073385357857,
            -0.033421244472265244
        ],
        [
            0.03253127634525299,
            -0.039572760462760925,
            -0.028829047456383705
        ],
        [
            0.04111567884683609,
            -0.03730963170528412,
            -0.02308490127325058
        ],
        [
            0.055199261754751205,
            -0.0019835755228996277,
            -0.04083125293254852
        ],
        [
            0.04678726568818092,
            -0.003263046033680439,
            -0.047286808490753174
        ],
        [
            0.04678187891840935,
            0.000868537463247776,
            -0.04721185937523842
        ],
        [
            0.045697130262851715,
            -0.025733809918165207,
            -0.05070916563272476
        ],
        [
            0.0383635014295578,
            -0.02965725213289261,
            -0.05430649593472481
        ],
        [
            0.040189534425735474,
            -0.024149741977453232,
            -0.05225391313433647
        ],
        [
            0.04627743363380432,
            -0.02029280550777912,
            -0.04884086921811104
        ],
        [
            0.06371486932039261,
            0.03540504723787308,
            -0.015637557953596115
        ],
        [
            0.07066836208105087,
            0.0378338098526001,
            -0.024640269577503204
        ],
        [
            0.016367172822356224,
            -0.055289126932621,
            -0.06856493651866913
        ],
        [
            0.017637863755226135,
            -0.055165257304906845,
            -0.06567386537790298
        ],
        [
            0.06424340605735779,
            0.00012013595551252365,
            -0.033983148634433746
        ],
        [
            0.05192858725786209,
            -0.03394659236073494,
            -0.015246357768774033
        ],
        [
            0.07393678277730942,
            0.0029262425377964973,
            -0.02853815257549286
        ],
        [
            0.029047053307294846,
            0.014222169294953346,
            -0.0373254157602787
        ],
        [
            0.03162989392876625,
            0.01754271797835827,
            -0.04428508132696152
        ],
        [
            0.028257038444280624,
            0.015115035697817802,
            -0.048081811517477036
        ],
        [
            0.024040542542934418,
            0.013288265094161034,
            -0.04402252659201622
        ],
        [
            0.014843327924609184,
            -0.035888347774744034,
            -0.06315929442644119
        ],
        [
            0.018442276865243912,
            -0.03876297175884247,
            -0.06654880195856094
        ],
        [
            0.0167277492582798,
            -0.03957748785614967,
            -0.06818267703056335
        ],
        [
            0.01196929533034563,
            -0.03699196130037308,
            -0.06564966589212418
        ],
        [
            0.038607098162174225,
            -0.041047602891922,
            -0.0548282153904438
        ],
        [
            0.04065610468387604,
            -0.04662781208753586,
            -0.051920127123594284
        ],
        [
            0.03445199877023697,
            -0.047115929424762726,
            -0.055262163281440735
        ],
        [
            0.03319906070828438,
            -0.041492022573947906,
            -0.05644698441028595
        ],
        [
            0.03716358169913292,
            -0.05072973296046257,
            -0.04784654453396797
        ],
        [
            0.03204227238893509,
            -0.051551662385463715,
            -0.05130533128976822
        ],
        [
            0.010221567004919052,
            -0.03664451837539673,
            -0.058615542948246
        ],
        [
            0.006936965510249138,
            -0.042315952479839325,
            -0.054732467979192734
        ],
        [
            0.017536606639623642,
            -0.03771232068538666,
            -0.04469513148069382
        ],
        [
            0.019788473844528198,
            -0.034037165343761444,
            -0.051197201013565063
        ],
        [
            0.060830019414424896,
            0.011194487102329731,
            0.0024474337697029114
        ],
        [
            0.06316224485635757,
            0.021901706233620644,
            0.00033273547887802124
        ],
        [
            0.05310638248920441,
            0.020510496571660042,
            -0.010645460337400436
        ],
        [
            0.042691584676504135,
            0.019697435200214386,
            -0.02063487470149994
        ],
        [
            0.03368901461362839,
            0.017873287200927734,
            -0.030845437198877335
        ],
        [
            0.02929765358567238,
            0.006901783403009176,
            -0.027222996577620506
        ],
        [
            0.05629250407218933,
            0.027928365394473076,
            -0.011653997004032135
        ],
        [
            0.026564626023173332,
            -0.028697017580270767,
            -0.046921707689762115
        ],
        [
            0.025717344135046005,
            -0.03406159207224846,
            -0.03896603733301163
        ],
        [
            0.025252997875213623,
            -0.027973104268312454,
            -0.040395911782979965
        ],
        [
            0.07483893632888794,
            0.010029440745711327,
            -0.030659260228276253
        ],
        [
            0.019491028040647507,
            -0.055245958268642426,
            -0.0621153861284256
        ],
        [
            0.08863050490617752,
            -0.014942890033125877,
            0.02454262226819992
        ],
        [
            0.08276306092739105,
            -0.00293097086250782,
            0.026386495679616928
        ],
        [
            0.07797817140817642,
            -0.006913827732205391,
            0.02014302834868431
        ],
        [
            0.08499472588300705,
            -0.020392542704939842,
            0.017291851341724396
        ],
        [
            0.021444253623485565,
            -0.044968731701374054,
            -0.06760731339454651
        ],
        [
            0.02230270579457283,
            -0.0510559007525444,
            -0.06591689586639404
        ],
        [
            0.040235720574855804,
            0.012821008451282978,
            -0.05191793292760849
        ],
        [
            0.03450440615415573,
            0.010287255980074406,
            -0.05415172502398491
        ],
        [
            0.031971920281648636,
            0.01346928346902132,
            -0.05334886163473129
        ],
        [
            0.03723659738898277,
            0.01790124550461769,
            -0.05357978865504265
        ],
        [
            0.06593367457389832,
            0.02712494134902954,
            -0.0003723949193954468
        ],
        [
            0.04076800495386124,
            0.03595681115984917,
            -0.03980828449130058
        ],
        [
            0.03463900834321976,
            0.029486296698451042,
            -0.034227728843688965
        ],
        [
            0.07195217907428741,
            0.02269764058291912,
            0.010001234710216522
        ],
        [
            0.06958824396133423,
            0.013490868732333183,
            0.012411639094352722
        ],
        [
            0.07592722773551941,
            0.015737656503915787,
            0.019473567605018616
        ],
        [
            0.024717852473258972,
            -0.006727457977831364,
            -0.03301539272069931
        ],
        [
            0.05833462253212929,
            0.0028844596818089485,
            0.0019247345626354218
        ],
        [
            0.0682607889175415,
            0.005930742248892784,
            0.012058842927217484
        ],
        [
            0.07576676458120346,
            0.0082550048828125,
            0.020500313490629196
        ],
        [
            0.0806540995836258,
            0.010634716600179672,
            0.02684774622321129
        ],
        [
            0.08044105023145676,
            0.018590524792671204,
            0.0249648354947567
        ],
        [
            0.007838739082217216,
            -0.04850759729743004,
            -0.054276809096336365
        ],
        [
            0.0033409483730793,
            -0.04342072457075119,
            -0.059607379138469696
        ],
        [
            0.08438028395175934,
            0.022235069423913956,
            0.03232181817293167
        ],
        [
            0.08496493846178055,
            0.013046825304627419,
            0.03369024395942688
        ],
        [
            0.06809602677822113,
            -0.003289792686700821,
            0.01157538965344429
        ],
        [
            0.06918872892856598,
            -0.014752868562936783,
            0.009870804846286774
        ],
        [
            0.05863884091377258,
            -0.005837896838784218,
            0.001604124903678894
        ],
        [
            0.05875169858336449,
            -0.0173026230186224,
            -0.0007097795605659485
        ],
        [
            0.025185352191329002,
            -0.015775056555867195,
            -0.02736486867070198
        ],
        [
            0.0004059057682752609,
            -0.04270900413393974,
            -0.07778631150722504
        ],
        [
            0.003489408642053604,
            -0.04004755988717079,
            -0.06729219108819962
        ],
        [
            0.008791041560471058,
            -0.03824935480952263,
            -0.06904132664203644
        ],
        [
            0.003629879094660282,
            -0.039823465049266815,
            -0.07836873829364777
        ],
        [
            0.007060030475258827,
            -0.03803660720586777,
            -0.0625380203127861
        ],
        [
            0.001582324504852295,
            -0.0449049174785614,
            -0.0649067759513855
        ],
        [
            0.06385211646556854,
            -0.031215224415063858,
            -0.005627736449241638
        ],
        [
            0.03289764001965523,
            -0.02691410854458809,
            -0.054365284740924835
        ],
        [
            0.07799537479877472,
            -0.03011920675635338,
            0.0039756037294864655
        ],
        [
            0.06849247962236404,
            -0.0457916185259819,
            -0.016986221075057983
        ],
        [
            0.08063920587301254,
            -0.044311873614788055,
            -0.01119624450802803
        ],
        [
            0.09390944987535477,
            -0.029706483706831932,
            0.012706205248832703
        ],
        [
            0.09356676042079926,
            -0.04057375341653824,
            -0.0011961311101913452
        ],
        [
            0.10040102899074554,
            -0.018971573561429977,
            0.026351619511842728
